node_id	error
0	0.002246640342
1	0.001615450798
2	0.003675912029
3	0.001298237637
4	0.001823302638
5	0.001061128303
6	0.002539830055
7	0.002265569564
8	0.0005216452996
9	0.0005458870337
10	0.001261453055
11	0.0001587910167
12	0.0001449613357
13	0.001638951747
14	0.00241182977
15	0.0005274234309
16	2.156219985e-05
17	0.0008905099656
18	0.0006620229933
19	0.0001621107
20	0.0009388396347
21	0.001304174923
22	0.002069582914
23	0.002012824306
24	0.003319602902
25	0.001572310981
26	0.003388353059
27	0.00325066373
28	0.01465526016
29	0.001823747785
30	0.004451526984
31	0.01018891495
32	0.0008131393517
33	0.001200664777
34	0.0005798031411
35	0.0003671404547
36	0.001362817198
37	0.001284466651
38	0.001059141912
39	0.0008095845728
40	0.001831296255
41	0.0008673575043
42	0.0006457238938
43	0.001175493328
44	0.0004375451781
45	0.000378693969
46	0.0009185318988
47	2.580472015e-05
48	0.0006472517332
49	0.001238500998
50	0.0001842022622
51	0.0004023474989
52	0.001849360885
53	0.001297187473
54	0.0002698038739
55	0.001164761606
56	0.001430294351
57	0.001200455144
58	0.002611517734
59	0.001874134477
60	0.002315983353
61	0.0003050931739
62	0.0005954602175
63	0.001957962287
64	0.0003423173083
65	0.004764994791
66	0.003390988252
67	0.0001589118506
68	0.0002111825858
69	0.0004539465069
70	0.0007744901909
71	0.002544583622
72	0.001307939042
73	0.0003232959694
74	0.0004650268184
75	0.005060160471
76	0.01169334548
77	0.008676889743
78	0.0009767375228
79	0.005275674673
80	0.003443820946
81	0.00161553824
82	0.0009880678077
83	0.002106256746
84	0.008632486894
85	0.01051220157
86	0.002105357169
87	0.003265996234
88	0.006479804208
89	0.01775517053
90	4.233922503e-05
91	0.0002492494658
92	0.002529389878
93	8.397838338e-05
94	0.0008614392893
95	0.001905656534
96	0.0009966405228
97	0.000340518549
98	0.0009919265055
99	0.001090693329
100	0.00171901775
101	4.365753556e-05
102	0.001452775911
103	0.001125762576
104	0.003757971461
105	0.001094971118
106	0.001408791906
107	0.002964316068
108	0.002101454761
109	0.003267733674
110	0.0008955590289
111	0.0008110871608
112	0.003291204975
113	0.001093259206
114	0.003748378245
115	0.00231484833
116	0.0005826943736
117	0.006734321102
118	0.004693204256
119	0.0002224758255
120	0.001263492988
121	0.0006502417749
122	0.0026741546
123	0.0001593988081
124	0.0002215729746
125	0.001617098955
126	0.001383287598
127	0.0004090024869
128	0.0007162709507
129	0.001329899069
130	0.001462643729
131	0.002206310078
132	0.0004535123232
133	0.0003416192395
134	0.0001485720098
135	0.0008027626177
136	0.0002812191053
137	0.0009978526439
138	0.0002058625185
139	0.001139842399
140	0.0003960610539
141	0.001389461864
142	0.00074712679
143	0.001788945021
144	0.001243304192
145	0.001242044404
146	0.001082915612
147	0.001619265282
148	0.003931207342
149	0.001121427954
150	0.002647223883
151	0.0007131788815
152	0.002348920977
153	0.0005639852961
154	0.000752240213
155	0.0003787771353
156	0.0009006476959
157	0.0006932218102
158	0.0007763221812
159	0.0007078206741
160	0.0002955373107
161	0.001208165091
162	0.001745207165
163	0.002149720208
164	0.0005310780507
165	0.00301016067
166	0.003416920474
167	0.001811928847
168	0.0007862767595
169	0.001315948021
170	0.000669383496
171	0.0009666142164
172	0.0001202470295
173	0.002873590572
174	0.0001476570281
175	0.002033835852
176	0.0002731636327
177	0.0006283644239
178	0.0004613787018
179	0.004183697246
180	0.00323100787
181	0.001370797452
182	0.003823692254
183	0.001139394759
184	0.001307635204
185	0.0003451312084
186	0.0009729234114
187	0.001623229517
188	0.00822624874
189	0.0007850925084
190	0.0008547667124
191	0.001395711878
192	0.001301005089
193	0.001338941744
194	0.003425967708
195	0.0004795349109
196	0.004146515661
197	0.000717689218
198	0.003188867056
199	0.0005490188158
200	0.004499417815
201	0.0001301401326
202	3.565027365e-05
203	0.0008275757134
204	0.0007226959949
205	0.0004340692989
206	0.001607573683
207	0.001105083099
208	0.001146858685
209	0.001002638506
210	0.000386686432
211	0.009436397678
212	0.0003834833748
213	0.0009649637906
214	0.001103030848
215	0.0008738314387
216	0.0001835935164
217	0.001990375853
218	0.0009450202331
219	0.0005692966106
220	0.0007984489869
221	0.001259223929
222	0.0008648906128
223	0.007934805991
224	0.001258109889
225	0.001827921274
226	0.00148397885
227	0.002278604149
228	0.0004219293427
229	0.0002826069559
230	0.002853660258
231	0.0003139119853
232	0.0003242992051
233	0.0005237290665
234	0.001139436982
235	0.001055056139
236	0.002326978907
237	0.006057847549
238	0.003981640068
239	0.007404355562
240	0.001745073126
241	0.001687211236
242	0.0008148020994
243	0.001345150332
244	0.0009021757948
245	0.0002119821493
246	0.0009851487928
247	0.001685126016
248	0.003806954336
249	0.0004493965111
250	0.00703526277
251	0.004294592408
252	0.006221050269
253	0.003102807787
254	0.0003936563484
255	0.002290632492
256	0.003747078216
257	0.01242580288
258	0.000933481946
259	0.001291415386
260	0.0007746402087
261	0.002726682924
262	0.001074785468
263	0.002637629241
264	0.000262968335
265	0.002130221199
266	0.006501334153
267	0.002503985897
268	0.003215330142
269	0.00187341314
270	0.006125662878
271	0.002690739025
272	0.003886272901
273	7.059256039e-05
274	0.0002954424099
275	0.009383382365
276	0.002984980088
277	0.005077443157
278	0.001797177356
279	0.003240254637
280	0.005171268856
281	0.000317191081
282	0.003632214137
283	0.0006932974289
284	0.01062620487
285	0.005997432426
286	0.001081854295
287	0.001170622172
288	0.001568364201
289	0.00262471565
290	0.000527936434
291	0.00526027535
292	0.0004958158599
293	0.002169205058
294	0.001430421871
295	0.0006587027715
296	0.003014911743
297	0.005437490033
298	0.01613436619
299	0.008871115211
300	0.005736753425
301	0.005172015906
302	0.004032822609
303	0.0009743647214
304	0.004765020273
305	0.002232458678
306	0.002889895026
307	0.003251133297
308	0.008220942796
309	0.0007761665074
310	0.003922410428
311	5.009227313e-05
312	0.00916480731
313	0.002747662958
314	0.002152133168
315	0.001245816925
316	0.0008696719463
317	0.002966683146
318	0.008282903041
319	0.001645975702
320	0.008444933375
321	0.001181506002
322	0.001217528442
323	0.003026283581
324	0.002277658313
325	0.004977379308
326	0.00135721965
327	0.001630873342
328	0.00195599621
329	0.005453147101
330	0.002090099376
331	0.001048429877
332	0.001252034375
333	0.008621940392
334	0.0007732626597
335	0.001293704976
336	0.004125643734
337	0.0005323089312
338	0.0008909520588
339	0.004257849704
340	0.0003027327812
341	0.01348653307
342	0.0002638328026
343	0.005884783112
344	0.0005631048293
345	0.002531130316
346	0.001091393228
347	0.0007251568092
348	0.01405756674
349	0.00413478226
350	0.002260643969
351	0.002324031157
352	0.001609271141
353	0.008512737394
354	0.004951895185
355	0.001018073087
356	0.0006156005981
357	0.00438502107
358	0.002480827163
359	0.006009053628
360	0.003530946874
361	0.0007670138672
362	0.004056244381
363	0.002124186846
364	0.002931719077
365	0.006677259088
366	0.00584154134
367	0.001538259771
368	0.002558372748
369	0.007137962019
370	0.006126905246
371	0.003288270437
372	0.0002802210304
373	0.005276121559
374	0.004366057036
375	0.002668614801
376	0.003108158233
377	0.002186727567
378	0.00744890906
379	0.0007980040785
380	0.0004308791498
381	0.005946112733
382	0.005689630275
383	0.001346910685
384	5.368177785e-05
385	0.01094515785
386	0.006115908124
387	0.00391877813
388	0.005163088035
389	0.002553499834
390	0.0007720531321
391	0.000740075284
392	0.002343906093
393	0.001647888598
394	0.001583982046
395	0.003245081939
396	0.005216205803
397	8.551470255e-05
398	0.003479379954
399	0.0001263916681
400	0.007429450706
401	0.005496047338
402	0.0006290877004
403	0.004626094211
404	0.006256811828
405	0.002369010919
406	0.002133913262
407	0.00265600348
408	0.001475872627
409	0.001432444966
410	0.005431204706
411	0.00619530169
412	0.01360884678
413	0.00224535925
414	0.01349326187
415	0.002232925524
416	0.008540125903
417	0.002964372296
418	0.01486099799
419	0.002869803438
420	0.006143426819
421	0.0007937124553
422	0.002077484036
423	0.001991691983
424	0.00765584602
425	0.001008036729
426	0.008762987799
427	0.0002905149538
428	0.0005858367546
429	0.002121783203
430	0.003585976838
431	0.001320532587
432	0.0005431885246
433	0.001307210634
434	0.01554165809
435	0.0004065275814
436	0.003074519557
437	0.004004183349
438	0.01111940724
439	0.003515279926
440	0.01996558741
441	0.00347750927
442	0.008319353715
443	0.01784600618
444	0.002061527008
445	0.005289084993
446	0.006745335772
447	0.00536245782
448	0.002768033165
449	0.001548539238
450	0.00362565601
451	0.01380826972
452	0.008985933669
453	0.003091011147
454	0.00966370502
455	0.002098840539
456	0.003284731604
457	0.002236114107
458	0.009201162053
459	0.008191102292
460	0.003089442869
461	0.008769391201
462	7.154251081e-05
463	0.001015947598
464	0.0007725639065
465	0.003649347971
466	0.006885818715
467	0.01568353932
468	0.001331552471
469	0.00687918406
470	0.001289409557
471	0.006514786203
472	0.00451925797
473	0.002154308232
474	0.005144791972
475	0.005531846933
476	0.005636642883
477	0.009018450742
478	0.003399284875
479	0.01118540806
480	0.003257433196
481	0.006961935176
482	0.001906055683
483	0.00529992047
484	0.001942680327
485	0.003184397067
486	0.01307454378
487	0.00411680637
488	0.009445731648
489	0.0004063451396
490	0.0009801587113
491	0.001379402621
492	0.002786256227
493	0.002880223257
494	0.004165380149
495	0.003544033164
496	0.004933153607
497	0.00472059478
498	0.002067305905
499	0.01997732491
500	0.008777070972
501	0.005082038706
502	0.008241325234
503	0.00162371946
504	0.0005673677102
505	0.002726892746
506	0.002706708422
507	0.001907548723
508	0.00425646093
509	0.005204623361
510	0.004707029995
511	0.01227837431
512	0.004463249842
513	0.0007783940644
514	0.001473802038
515	0.0002668405578
516	0.001734452946
517	0.0006813963537
518	0.001715778492
519	0.001925876264
520	0.005108098731
521	7.622808404e-05
522	0.001562420165
523	0.001819854346
524	4.980357064e-05
525	0.001842005894
526	0.01580683385
527	0.00710047567
528	0.001950264843
529	0.007508983466
530	0.009036363812
531	0.001975771363
532	0.001909169951
533	0.007457633267
534	0.002390352869
535	0.001793890304
536	0.01813123082
537	0.0108111589
538	0.008321036021
539	0.004135573172
540	0.0146707191
541	0.001317323607
542	0.0004251738609
543	0.01044294342
544	0.0003378712129
545	0.0006690180444
546	0.002232014347
547	0.001038451574
548	0.0008405816604
549	0.006458310992
550	0.002052289722
551	0.001628358988
552	0.001673777627
553	0.002212054896
554	0.001295621913
555	0.001029626008
556	0.0008372785916
557	0.0005984414785
558	0.003500667382
559	0.005250173567
560	0.002985406996
561	0.006273813746
562	0.01194406486
563	0.01020101237
564	0.00699660384
565	0.003844388085
566	0.01019570576
567	0.002959039456
568	0.002950931314
569	1.791218215e-05
570	0.0124020215
571	0.008809134914
572	0.004038537621
573	0.004559985589
574	0.001073687815
575	0.002597496032
576	0.0002891159986
577	0.007212874689
578	0.005032750658
579	0.000403168701
580	0.008530918929
581	0.00243374
582	0.01738169414
583	0.001934246976
584	0.002684750683
585	0.004213453105
586	0.0009820505937
587	0.0005661482786
588	0.002455868241
589	5.180806489e-05
590	0.0004311430853
591	0.0006950807627
592	0.007935704675
593	0.005698289894
594	0.001217093954
595	0.001334286831
596	0.001159054007
597	0.005561394872
598	0.0005544624993
599	0.007708082505
600	0.0003086941505
601	0.003966342401
602	0.001643067182
603	0.002413595909
604	0.0007420650655
605	0.002005351325
606	0.00196436541
607	0.001575846561
608	0.001990723286
609	0.001625789339
610	0.0002274149747
611	0.001594624393
612	0.0009124520805
613	0.002335692399
614	0.001122980872
615	0.0004552797544
616	0.005515170945
617	0.001105223592
618	0.0004695926636
619	0.001742052421
620	0.002309795502
621	2.423414462e-05
622	0.00204652331
623	0.003283278185
624	0.0006852769743
625	0.001607833215
626	0.004241001435
627	0.0003243546295
628	0.004084033443
629	0.008939168957
630	0.0003167337729
631	0.02091521903
632	0.002582163348
633	0.009943707942
634	0.003976445579
635	0.00348757398
636	0.001636967945
637	0.01489300234
638	0.0007074147489
639	0.0003269433052
640	0.0009881703749
641	0.003198851661
642	0.01126335583
643	0.004511193493
644	0.002995212835
645	0.001477603614
646	0.01176417155
647	0.0003838660713
648	0.002108869431
649	0.002877582354
650	0.002923791855
651	0.005177369691
652	0.0003887450564
653	0.0001900959989
654	0.0007529404964
655	0.002583669438
656	0.007940549479
657	0.007953874157
658	0.006870428445
659	0.001226906035
660	0.001118727418
661	0.001308099578
662	0.00184553169
663	0.001374337684
664	2.739671456e-05
665	0.003580675301
666	0.003374054226
667	0.004953624047
668	0.0007565531035
669	0.009388966247
670	0.001688057727
671	0.0003315668291
672	0.0004173878017
673	0.001874578689
674	0.0002675748366
675	7.464574239e-05
676	0.001549342418
677	0.0003346254881
678	0.0004502460129
679	0.00163600881
680	0.0007064038269
681	0.0007023533801
682	0.002399549592
683	7.498875874e-05
684	0.01033778283
685	0.00106431742
686	0.009102192689
687	0.0007185347795
688	0.0002497112864
689	0.0004645552313
690	0.004869939735
691	0.001079258951
692	0.001819280596
693	0.008932986052
694	0.001118864877
695	0.001078942503
696	0.001465617501
697	0.0008142560436
698	0.001221026189
699	0.001976923545
700	0.0005370683626
701	0.002247466544
702	0.006789644704
703	0.0003587224095
704	0.003570896047
705	0.005676136208
706	0.0007026412823
707	0.0009140664158
708	0.002425829842
709	0.001772840545
710	0.005470393365
711	0.002261960908
712	0.001076021464
713	0.001633239878
714	0.001117604104
715	0.0003746287795
716	0.001906977253
717	0.006372171179
718	0.009543278943
719	0.0003774278271
720	0.01507132383
721	0.0005180058902
722	0.0009449462784
723	0.0006349764406
724	0.002057336936
725	0.001015952328
726	0.0008964909472
727	0.001746892306
728	0.004183895948
729	0.01231763691
730	0.0004540459191
731	0.0009095281482
732	0.003535741303
733	0.008251991285
734	0.006396683951
735	0.001450075002
736	0.003328279482
737	0.001380567922
738	0.005828522942
739	0.0006459532147
740	2.00655831e-05
741	0.001132309427
742	0.001750955084
743	0.002016228079
744	0.002446322516
745	0.007250152614
746	0.0007057455525
747	0.0141313351
748	8.926890534e-05
749	0.00153653963
750	0.0006707547983
751	0.0008966451617
752	0.001384324754
753	0.00155356833
754	0.003728887093
755	0.0009618529684
756	2.618376337e-05
757	0.005542406555
758	0.0004435908091
759	0.00352007517
760	0.007579895865
761	0.001436424922
762	0.000474952378
763	0.007245253186
764	0.002936800849
765	0.001242786129
766	0.0002840324221
767	0.0007942765942
768	0.001808168651
769	0.009642099259
770	0.002538702223
771	0.0006174488009
772	0.004750725366
773	0.002044338186
774	0.001727935563
775	0.00799001631
776	0.0002267150128
777	0.0008612526847
778	0.02188302476
779	0.000480622492
780	0.0007948697764
781	0.0006932575148
782	0.002687420673
783	0.001295072345
784	0.01448215695
785	0.003343971161
786	0.0002103765785
787	0.001506978147
788	0.008644638248
789	0.006527192456
790	0.001854481254
791	0.001732502574
792	0.01470409167
793	0.0006237642313
794	0.0007735317098
795	0.001282561964
796	0.002040016005
797	0.0001919395812
798	0.002863289079
799	0.0006990698362
800	0.0009882129958
801	0.005937741747
802	5.428201878e-05
803	0.0008777102572
804	0.00153345272
805	0.003327197855
806	0.00183940462
807	0.002667462799
808	0.0004314692627
809	0.001930762011
810	0.001618418162
811	0.002005634969
812	0.003633519028
813	0.005970094384
814	0.003747820487
815	0.01141500983
816	0.001420425395
817	0.023951202
818	0.007224554222
819	0.001683149411
820	0.0008082294621
821	0.004820175745
822	0.001042732764
823	0.003431695198
824	0.002745353257
825	0.001662252434
826	0.0007706061737
827	0.01804578747
828	0.0213580618
829	0.002265667691
830	0.000466275007
831	0.002351826911
832	1.247894564e-05
833	0.000357257614
834	0.00144826036
835	0.0005795417245
836	0.0003343606246
837	2.326206656e-06
838	0.0009243440463
839	0.00358410387
840	0.0002654134528
841	0.001321426485
842	0.001282078098
843	0.0004636445128
844	0.0001509197664
845	2.342256198e-05
846	0.0002248208844
847	0.0006465423006
848	0.0009609207678
849	0.001525111308
850	0.0005480758983
851	0.0001270915543
852	0.006461014381
853	8.632667727e-05
854	0.00506690077
855	0.002487130308
856	0.001517052013
857	0.008055204013
858	0.003001639654
859	0.001188968667
860	0.006490951011
861	0.01357627421
862	0.0007756579731
863	0.0001256244525
864	0.003754167495
865	0.00204224614
866	0.002605350475
867	0.004600390927
868	0.004905934649
869	0.002903950908
870	0.001911689347
871	0.002790656606
872	0.0004155544788
873	0.0004147688186
874	0.0004774152918
875	0.001779927904
876	0.00457283268
877	0.01927598238
878	0.001072695358
879	0.003503559369
880	0.001693956477
881	0.006471443137
882	0.006445686333
883	0.005692167833
884	0.01308536221
885	0.008449287049
886	0.004960836841
887	0.0008889088621
888	0.001802813338
889	0.006050621556
890	0.001902317073
891	0.01753302067
892	0.004479156432
893	0.01029479213
894	0.008670077292
895	0.009186774007
896	0.009168034536
897	0.008657957563
898	0.001690729487
899	0.0002795118657
900	0.003473775684
901	0.0005717889048
902	0.002161973813
903	0.0003435190216
904	0.000468552556
905	0.0009018987942
906	0.001124615819
907	0.0004772052241
908	0.002092106814
909	0.003651895349
910	0.0006157679863
911	0.000708305356
912	0.00114697081
913	3.009014316e-05
914	0.0004155269593
915	0.002655819559
916	0.003147657365
917	0.009401311357
918	0.002132718385
919	0.003166627617
920	0.002776598308
921	0.001266441814
922	0.0002195645529
923	0.001602339067
924	0.002082653679
925	0.01238459441
926	0.003861396596
927	0.002030060781
928	0.003461586133
929	0.00240862526
930	0.001542023454
931	0.001361229311
932	0.00209793133
933	0.002177089922
934	0.001331889667
935	0.00170517678
936	0.002370417501
937	0.00117295831
938	0.0003085397901
939	0.00172346287
940	0.005149740589
941	0.001749738861
942	0.001990870914
943	0.00273511475
944	0.005040917097
945	0.01015550252
946	0.002945089492
947	0.001636156141
948	0.01676179648
949	0.006044012158
950	0.0004712214688
951	0.0098184539
952	0.002240103269
953	0.003044675749
954	0.0002326883456
955	0.003569233895
956	0.0006509558961
957	0.001121497493
958	0.0001081988522
959	1.490753068e-05
960	0.0006639473786
961	0.003059609936
962	0.002067852022
963	0.002234532985
964	0.004830984081
965	0.0006563335788
966	0.001311201787
967	0.0007448145032
968	0.001246532665
969	0.001936768045
970	0.000224003039
971	0.00103285611
972	0.003079609348
973	0.01709696077
974	0.0181304768
975	0.009068167215
976	0.003716385932
977	0.001862612854
978	0.004893807755
979	0.0005752977631
980	0.0002696678848
981	0.000830448524
982	0.0004904158896
983	0.0002226260349
984	0.003632699869
985	0.0006532877695
986	0.001344022431
987	0.0006975204749
988	0.0008106750444
989	0.00245668848
990	0.0008644765576
991	0.001525996805
992	0.001483445142
993	0.0006835035535
994	0.001295840297
995	0.001980836739
996	0.001430318191
997	0.002536349669
998	0.0006408293327
999	0.0009941222215
1000	0.0009704212663
1001	0.0006719701805
1002	0.0002097878817
1003	0.001035525656
1004	0.002181040412
1005	0.001576675777
1006	0.0008128513473
1007	0.001476676554
1008	0.0003976699895
1009	0.007567533871
1010	0.001709694537
1011	0.003784973449
1012	0.003265615039
1013	0.003484005418
1014	0.002174234972
1015	0.001550876544
1016	0.0007583938714
1017	0.0009027971939
1018	0.001436859488
1019	0.003336679972
1020	0.003605467647
1021	0.003994022884
1022	0.0007762486141
1023	0.003160152677
1024	0.004252319977
1025	0.007610496302
1026	0.001510930928
1027	0.003702523719
1028	0.002111694166
1029	0.001071924554
1030	0.003203088891
1031	0.002643861164
1032	0.001015999807
1033	0.006783683536
1034	0.001820803509
1035	0.007638018262
1036	0.0004298883647
1037	0.002138586923
1038	0.0003446634845
1039	0.009101572458
1040	0.006960070175
1041	0.006142329545
1042	0.01039338453
1043	0.0002189692569
1044	0.002751122944
1045	0.004139962026
1046	0.00303530163
1047	0.007525393202
1048	0.008195245621
1049	0.0007447577419
1050	0.0009538032759
1051	0.003653183878
1052	0.000319609272
1053	0.0003554263247
1054	0.0003359061968
1055	0.0003343663462
1056	0.001899170183
1057	0.0007821731355
1058	0.000355884092
1059	0.003043183832
1060	0.007643328773
1061	0.0003848433696
1062	0.000960996312
1063	0.00505374713
1064	0.0004266112259
1065	0.008924146116
1066	0.001419941896
1067	0.01426851715
1068	0.006520240447
1069	0.005102139451
1070	0.005310413255
1071	0.001534314301
1072	0.0006356123142
1073	0.01652575518
1074	0.006243136862
1075	0.009692544964
1076	0.001807459921
1077	0.00653483299
1078	0.006354071948
1079	0.00532374734
1080	0.002476979153
1081	0.004138377901
1082	0.01106438479
1083	0.004236774636
1084	0.003687316493
1085	0.000274808206
1086	0.001058860666
1087	0.005178031477
1088	0.0135272581
1089	0.002804713206
1090	0.004765007785
1091	0.002454396462
1092	0.0007195588088
1093	0.002246238576
1094	0.00052807095
1095	0.001685805276
1096	0.0009526360096
1097	0.001550667996
1098	0.0009267811783
1099	0.0008494902212
1100	2.569981895e-05
1101	0.0008897505037
1102	0.001355122299
1103	0.0002164071718
1104	9.400817194e-05
1105	0.001897175361
1106	0.0002527011938
1107	0.0006515354032
1108	0.001622530443
1109	0.0009777177303
1110	0.001109207934
1111	0.002718902594
1112	0.001108925465
1113	0.01139315342
1114	0.001963785011
1115	0.004108224644
1116	0.02011508367
1117	0.003575107462
1118	0.009212771661
1119	0.002082379762
1120	0.001333768053
1121	0.0004659893253
1122	0.001337048614
1123	0.0008203804001
1124	0.0002085209167
1125	0.008352278436
1126	0.007772125025
1127	0.003285748587
1128	0.007518525144
1129	0.005978321096
1130	0.0005539614336
1131	0.005295905053
1132	0.0009104029226
1133	0.00160668223
1134	0.0002056662733
1135	0.0009024503496
1136	1.088872821e-05
1137	0.00268308055
1138	0.007496302426
1139	0.004494581021
1140	0.0001367633412
1141	0.0003815271539
1142	0.0008360580412
1143	0.00220526797
1144	0.0009759206675
1145	0.001232831184
1146	0.004718285629
1147	0.0009274808541
1148	0.0004794489115
1149	0.0004300614053
1150	0.000100629907
1151	0.002546766427
1152	0.002422703725
1153	0.0007129982144
1154	0.002348267262
1155	0.000303323014
1156	0.000937333986
1157	0.0008170241712
1158	0.00473749133
1159	0.001915325682
1160	0.001903598949
1161	0.0007969420508
1162	0.006221583944
1163	0.003292011376
1164	0.0008866466042
1165	0.001973201338
1166	0.002368070425
1167	0.004160405681
1168	0.0003702813361
1169	0.002830686362
1170	0.00105151945
1171	0.0007659696772
1172	0.001125681341
1173	0.0001731684305
1174	0.0004221644052
1175	0.000383745929
1176	0.000337541906
1177	0.0008816440083
1178	0.001423682761
1179	0.002239157735
1180	0.001763532291
1181	0.007024473519
1182	0.001174581173
1183	0.0003704379939
1184	0.003644949755
1185	0.0004791379909
1186	0.003219033711
1187	0.0005813802559
1188	5.965802218e-05
1189	0.001358551574
1190	0.0001862415104
1191	0.001156350933
1192	0.001203389923
1193	0.001234508637
1194	0.01939478959
1195	0.0003462563619
1196	0.009554650501
1197	0.006809975172
1198	0.01567535326
1199	0.004414695527
1200	0.01006979938
1201	0.003987825719
1202	0.002922450261
1203	0.0124243736
1204	4.549308098e-05
1205	0.002608024482
1206	0.0004510866818
1207	0.003888919088
1208	0.002468687601
1209	0.00875823729
1210	0.003847076952
1211	0.0003737339531
1212	0.0001331509143
1213	0.003968445597
1214	0.0007601964802
1215	0.006122527918
1216	5.29390759e-05
1217	0.008140247444
1218	0.0006016250803
1219	0.0008190325496
1220	0.00759140106
1221	0.002490557253
1222	0.01318491158
1223	0.003320364411
1224	0.0008982168716
1225	0.001256868906
1226	0.001347598052
1227	0.00995764869
1228	0.004394305292
1229	0.001967782945
1230	0.004897021666
1231	0.0006236430316
1232	0.000552010212
1233	0.001070678714
1234	0.005117501153
1235	0.001684806178
1236	0.003440730766
1237	0.001190685861
1238	0.0009843431101
1239	0.001040662227
1240	0.0004809564785
1241	0.0007920833939
1242	0.007762267382
1243	0.001675980583
1244	0.007310367134
1245	0.004385536665
1246	0.002058407269
1247	0.001319703531
1248	0.008894531056
1249	0.001278540517
1250	0.001552940321
1251	0.001223132264
1252	0.006254282997
1253	0.002222936038
1254	0.001228489133
1255	0.0008884358322
1256	0.002046350884
1257	0.001774966483
1258	0.0005986599557
1259	0.003016670539
1260	0.001042835167
1261	0
1262	0.004860372375
1263	0.002481240141
1264	0.007034855252
1265	0.003636994791
1266	0.01331641125
1267	0.002297733467
1268	0.001016109207
1269	0.0004433412767
1270	0.0004257084835
1271	0.0003673131318
1272	0.001610296948
1273	0.0002051305016
1274	0.0008493183371
1275	0.0007345191056
1276	0.0002768492765
1277	0.0001232534107
1278	0.002333695728
1279	0.0007666536928
1280	0.001156909639
1281	0.0008924626433
1282	0.002560348909
1283	0.0001054547731
1284	0.001560827176
1285	0.001743749787
1286	0.001729621245
1287	0.009144844673
1288	0.01274081546
1289	0.002022387783
1290	0.001237380611
1291	0.001094670056
1292	0.008064302696
1293	0.002467433664
1294	0.001200565683
1295	0.007476231729
1296	0.0007521095283
1297	0.001363809965
1298	0.001212965031
1299	0.00365808689
1300	0.0002067689083
1301	0.0005393172119
1302	0.006574194869
1303	0.000438827028
1304	0.001315711721
1305	0.0006989215011
1306	0.0009990576091
1307	0.002777057434
1308	0.01601710259
1309	0.005943629663
1310	0.002165254145
1311	0.006254384783
1312	0.002385086749
1313	0.002482956016
1314	0.002059702907
1315	0.0004316540238
1316	0.005321779257
1317	0.002623566066
1318	0.008939981006
1319	0.005800073172
1320	0.002450059384
1321	0.003137792197
1322	0.0007808050786
1323	0.001049811622
1324	4.039236344e-05
1325	0.003548297643
1326	0.003245914626
1327	0.001601429848
1328	0.002398548004
1329	0.004348493061
1330	0.0002130574621
1331	0.002664370092
1332	0.002989903271
1333	0.002023911429
1334	0.002773421563
1335	0.02140222014
1336	0.000224394982
1337	6.093289757e-05
1338	0.004614951768
1339	0.0003138878079
1340	0.005869916975
1341	0.001680270049
1342	0.001888670511
1343	0.0001279600609
1344	0.000894858119
1345	0.001421467237
1346	0.0009182575812
1347	0.008987960544
1348	0.008675768561
1349	0.006184902008
1350	0.001138837738
1351	0.002430830461
1352	0.006331606907
1353	0.003787514541
1354	0.00688448291
1355	0.004347789827
1356	0.003408938728
1357	0.006446969778
1358	0.0004397840461
1359	0.002056503666
1360	0.001969572923
1361	0.01786892379
1362	0.002354415122
1363	0.005988895303
1364	0.01316983717
1365	0.002663679166
1366	0.007294638064
1367	0.0001815662788
1368	0.007259258238
1369	0.001073208298
1370	0.0005399928245
1371	0.0007618782562
1372	0.00234772478
1373	0.0006244218559
1374	0.01457780352
1375	0.007666097776
1376	0.006454877648
1377	0.01032483206
1378	0.002789476859
1379	0.0003334633003
1380	0.009251497912
1381	0.01411278987
1382	0.00334164386
1383	0.01253278367
1384	0.002356330235
1385	0.002857216591
1386	0.0009458646614
1387	0.006076904778
1388	0.008052503704
1389	0.0002021260568
1390	0.002140556609
1391	0.006814073145
1392	0.0009132039734
1393	0.001262382441
1394	0.005880249307
1395	0.0003134068587
1396	0.01048847477
1397	0.003992112632
1398	0.001809359507
1399	0.002412145544
1400	0.0003020131326
1401	0.0009584891755
1402	0.003346871897
1403	0.0001433248596
1404	0.002834481923
1405	0.000233129062
1406	0.004491610657
1407	0.001014470316
1408	0.01130723968
1409	0.005686274662
1410	0.000557164574
1411	0.003435426762
1412	0.00299790196
1413	0.004880531134
1414	0.005233660179
1415	0.001339722397
1416	0.0126917928
1417	0.007919746795
1418	0.007980247596
1419	0.0009068220049
1420	0.001379491164
1421	0.002539370885
1422	0.007236623127
1423	0.01088325968
1424	0.001788125606
1425	0.002119744957
1426	0.001032982019
1427	0.01191117143
1428	0.003185869443
1429	0.001277221138
1430	0.0005727618903
1431	0.0005518904018
1432	0.01514143774
1433	0.0003554165528
1434	0.0003025072982
1435	0.0006402539445
1436	0.0004975064015
1437	0.000173063483
1438	0.0005465822461
1439	0.0003487439995
1440	0.0001026894576
1441	0.0005082926704
1442	0.001625843771
1443	0.0004740916002
1444	0.0006195737619
1445	0.0001800436367
1446	0.0008497394092
1447	0.006854096939
1448	0.001767953736
1449	0.005151058717
1450	0.009405037203
1451	0.008603378959
1452	0.003351690602
1453	0.008343699514
1454	0.004987553748
1455	4.492027119e-06
1456	0.002406216772
1457	0.0092917014
1458	0.0013182101
1459	0.0004716790646
1460	0.004134938071
1461	0.000123043744
1462	0.000711982458
1463	0.001686294976
1464	0.0003417381437
1465	0.003134209719
1466	0.00223826238
1467	0.01250848635
1468	0.00340103247
1469	0.0006451994353
1470	0.001521929785
1471	0.0006290895364
1472	0.001654286455
1473	0.001004842408
1474	0.0004726606003
1475	0.0006980782908
1476	0.0005266053609
1477	0.0003325601856
1478	0.0004423041305
1479	0.0001643278879
1480	0.002726137177
1481	0.0004660409029
1482	0.003347896222
1483	0.003758763266
1484	0.002033058887
1485	0.01063746957
1486	0.001098547626
1487	0.007783199884
1488	0.009193135823
1489	0.004026502575
1490	0.002835961075
1491	0.002993739579
1492	0.007368232452
1493	0.0009054349
1494	0.005359575984
1495	0.005587036047
1496	0.001529515875
1497	0.004883841075
1498	0.001274642996
1499	0.004808524035
1500	0.0006001056898
1501	0.002521437187
1502	0.001528071053
1503	0.003850086658
1504	0.0003521512864
1505	0.001626687846
1506	0.003349661871
1507	0.002499410197
1508	0.002514798551
1509	1.596682009e-05
1510	0.000738799245
1511	0.003611854715
1512	0.001295281852
1513	0.008039319254
1514	0.003653003697
1515	0.002613404838
1516	0.001179959255
1517	0.003774162693
1518	0.0008262957575
1519	0.008082568023
1520	0.004389527122
1521	0.006914520734
1522	0.004490537695
1523	0.01979500918
1524	0.00213832921
1525	0.001771482375
1526	0.0005839165445
1527	0.0007518113664
1528	0.001231562321
1529	0.001440714213
1530	0.001863239496
1531	0.01383114873
1532	0.01233258233
1533	0.0003571907909
1534	0.004859925232
1535	0.000990523179
1536	0.004558070935
1537	0.01250116998
1538	0.0007920109268
1539	0.0004615548698
1540	0.01193925079
1541	0.01721830987
1542	0.001188404892
1543	0.01268345212
1544	0.002883149025
1545	0.002404402497
1546	0.004351988687
1547	0.002418179869
1548	0.006229519886
1549	0.006121904509
1550	0.00246900768
1551	0.00331419426
1552	0.01617382652
1553	0.00407167427
1554	0.002470132005
1555	0.006108726935
1556	0.001667048554
1557	0.002169306156
1558	0.002843919461
1559	0.003102209239
1560	0.004503252862
1561	0.009330929095
1562	0.002840037371
1563	0.01047186054
1564	0.0007453178604
1565	0.002730082059
1566	0.003944996264
1567	0.0002385745883
1568	0.00181381759
1569	0.007644934168
1570	0.003700227382
1571	0.01184145727
1572	0.001373353114
1573	0.001121085418
1574	0.005556283757
1575	0.00067769117
1576	0.003998272338
1577	0.004048143826
1578	0.006158046851
1579	0.0009503299401
1580	0.004545057521
1581	0.001027734605
1582	0.001592428914
1583	0.0002633873666
1584	0.006766814619
1585	0.02212679723
1586	0.02396824498
1587	0.009633450922
1588	0.005067046832
1589	0.004422166028
1590	0.003210433795
1591	0.02381781443
1592	0.009196385491
1593	0.0133199517
1594	0.001875402062
1595	0.001183913647
1596	0.0115187237
1597	0.008868785211
1598	0.02182054213
1599	0.005260541272
1600	0.01411485823
1601	0.001862585879
1602	0.007376809776
1603	0.004748645562
1604	0.01725379053
1605	0.007910699566
1606	0.002232274991
1607	0.01033937968
1608	0.01546799131
1609	0.003518668096
1610	0.002448717158
1611	0.008203951342
1612	0.001773356402
1613	0.02236223555
1614	0.01169563724
1615	0.0004497040688
1616	0.007659450168
1617	0.006935522846
1618	0.0002370634379
1619	0.001113766034
1620	0.001228737279
1621	2.9313846e-05
1622	0.00276522693
1623	0.02838806116
1624	0.01960726726
1625	0.00160402277
1626	0.0005283593905
1627	0.003049530959
1628	0.01395592361
1629	0.003951024868
1630	0.0008874729506
1631	0.001443501811
1632	0.003534269603
1633	0.0009610912447
1634	0.0005288585305
1635	0.001017886134
1636	0.001440932683
1637	0.0006867959822
1638	0.008357153242
1639	0.01040498323
1640	0.001085539771
1641	0.0006174177879
1642	0.0007515132435
1643	0.0004998491392
1644	0.001574796461
1645	0.001700575017
1646	0.0020126004
1647	0.006782882822
1648	0.01802411734
1649	0.010551421
1650	0.009024451628
1651	0.0134974062
1652	0.01398602197
1653	0.002781707766
1654	0.002006626679
1655	0.009501552925
1656	0.004317244627
1657	0.007605460359
1658	0.007444341174
1659	0.002274162859
1660	0.001211174869
1661	0.001311360316
1662	0.001480293471
1663	3.747742004e-05
1664	0.0009290016518
1665	0.002414045456
1666	0.001507351728
1667	0.001796815282
1668	1.386811113e-06
1669	0.0006065175134
1670	0.0001781089483
1671	0.0005705962342
1672	5.77099444e-05
1673	0.002139225043
1674	0.00168715034
1675	0.00042318389
1676	0.0006735480643
1677	0.0008826526973
1678	1.089436649e-05
1679	0.0009357238122
1680	0.002398469389
1681	0.0003763415308
1682	0.00222804618
1683	0.001554980212
1684	0.0002821789065
1685	0.0001693208702
1686	0.0009253480595
1687	0.0009676361586
1688	0.003705008734
1689	1.584513132e-06
1690	0.001580810996
1691	0.0004319795813
1692	0.001296645186
1693	0.001815152237
1694	0.002220820176
1695	0.0005945203584
1696	0.002024618809
1697	0.00124882843
1698	7.85555995e-05
1699	7.269575766e-05
1700	0.001072420108
1701	0.00204286654
1702	0.001179049563
1703	0.001003008427
1704	0.003720988373
1705	0.0001694624255
1706	0.002591726455
1707	0.0008753824195
1708	0.0009624463385
1709	0.0002690909043
1710	0.001127028557
1711	0.001432337466
1712	0.0002130570208
1713	0.001098902672
1714	0.0003554492538
1715	0.007215335448
1716	0.002870774925
1717	0.004624969216
1718	0.0008098168687
1719	0.001257001339
1720	0.00228469816
1721	0.0003941413862
1722	0.003350613556
1723	0.0003403786217
1724	0.001526674928
1725	0.0003112825747
1726	0.0009587798893
1727	0.0022809596
1728	0.003346189604
1729	0.0004964120373
1730	0.00190087525
1731	0.00789423916
1732	0.01940885451
1733	0.01068326659
1734	0.002445201012
1735	0.001666082129
1736	0.001663348249
1737	0.001856540755
1738	0.007822356722
1739	0.004151447669
1740	0.008364304523
1741	0.009691075159
1742	0.001251582188
1743	0.001044275772
1744	0.009156646076
1745	0.001827089732
1746	0.02133662253
1747	0.004919002502
1748	0.0005044732326
1749	0.001057917305
1750	0.003274721842
1751	0.002347324222
1752	0.003665497726
1753	0.0008867024881
1754	0.0007406719555
1755	0.007534704788
1756	0.0002735510832
1757	0.0001581085441
1758	0.000871957802
1759	0.003662529482
1760	0.0002361519958
1761	0.001750113203
1762	0.001395546259
1763	0.0002943307183
1764	0.004332216015
1765	0.005281871693
1766	0.009283709817
1767	0.001839792471
1768	0.0004684644786
1769	0.002284936475
1770	0.0001082972641
1771	0.0002347348814
1772	0.001118560048
1773	0.009150332019
1774	0.002485500861
1775	0.008619808837
1776	0.01012980421
1777	0.0007214505709
1778	0.003946960059
1779	0.001234455398
1780	6.664687593e-06
1781	0.000844938209
1782	0.0004811794836
1783	0.0004296918261
1784	0.001669719675
1785	0.0009071795956
1786	0.000394900665
1787	3.268307907e-05
1788	0.0004692434017
1789	0.0007929638528
1790	0.0003936329389
1791	0.0001742989163
1792	0.001079835528
1793	0.000536962926
1794	0.001649025968
1795	0.0004190025052
1796	0.000598244017
1797	0.0002637272894
1798	0.0001280231325
1799	1.521496325e-05
1800	0.0005494232272
1801	0.0007458058658
1802	0.001228296451
1803	0.0009546341793
1804	0.001981750198
1805	0.0003535574718
1806	0.0006039108101
1807	0.0007547161646
1808	0.0004500757328
1809	0.0001288954525
1810	0.0005219841944
1811	0.0009493912734
1812	0.0006159764273
1813	0.0003597840495
1814	0.0008383489633
1815	0.0005900770519
1816	0.0008593311587
1817	0.0009977062881
1818	0.002209559302
1819	0.002017370169
1820	0.0003152584513
1821	0.001022569563
1822	0.002961482198
1823	1.845609642e-06
1824	0.002262317225
1825	0.0005282923841
1826	0.0004911852805
1827	1.735887749e-06
1828	0.0009846720869
1829	0.002413724835
1830	0.0001898526194
1831	0.002854732975
1832	0.006376733001
1833	0.0004054559158
1834	0.0002539082847
1835	0.002034669066
1836	0.001542911407
1837	0.0008789193437
1838	0.00385194915
1839	0.000894144361
1840	0.002710641462
1841	9.555370413e-05
1842	0.0006019381518
1843	0.0006950299413
1844	5.665513214e-06
1845	0.00287848997
1846	0.004452555978
1847	0.0006398369557
1848	0.004120223649
1849	0.001434538139
1850	8.419539451e-05
1851	0.002855999151
1852	0.000677405053
1853	0.003183534219
1854	0.0004140123664
1855	0.004794978414
1856	0.005204039218
1857	0.00211002444
1858	0.01226974836
1859	0.01452954187
1860	0.01477858706
1861	0.005538203265
1862	0.008754274489
1863	0.0121152879
1864	0.00028990739
1865	0.008537495063
1866	0.006985473925
1867	0.009086441096
1868	0.005288224619
1869	0.004337584099
1870	0.001749336648
1871	0.00015272568
1872	0.000579378971
1873	0.001069720588
1874	0.002591600298
1875	7.964395543e-05
1876	0.001679703973
1877	8.987220994e-05
1878	0.001689510299
1879	0.0007198348911
1880	0.0007804739227
1881	0.001414224813
1882	0.000401020173
1883	0.001051242061
1884	0.003573455246
1885	0.0006302057456
1886	0.004245073539
1887	0.002013501956
1888	0.007706459684
1889	0.001275448979
1890	0.001411391945
1891	0.0008300865991
1892	0.0008749555782
1893	0.0005604693256
1894	0.001139050649
1895	0.003204631221
1896	0.001254549843
1897	0.0003609792486
1898	0.001295563092
1899	0.001528058979
1900	0.01831341091
1901	0.0006352395707
1902	0.0003024049313
1903	0.0009533713333
1904	0.0008823025366
1905	0.0001690466156
1906	0.001000449544
1907	0.003794128986
1908	0.002189655838
1909	0.001747711457
1910	0.002445103456
1911	0.001667682695
1912	0.00243770223
1913	0.0005445608908
1914	0.001986358181
1915	0.0006339967039
1916	0.006880605178
1917	0.0004201381428
1918	0.000140157505
1919	0.003132489859
1920	0.01211396093
1921	0.00966159878
1922	0.006597047904
1923	0.002545449173
1924	0.007216441842
1925	0.01208367002
1926	0.002950908146
1927	0.006587295219
1928	0.0007559693395
1929	0.003256484795
1930	0.005500216615
1931	2.047410823e-05
1932	0.00494055348
1933	0.004378933881
1934	0.009316512668
1935	0.001090187584
1936	0.001741796134
1937	0.0009238757269
1938	0.002197050472
1939	4.403819553e-05
1940	0.0009679815682
1941	0.001553939879
1942	0.002086360832
1943	0.0002250503546
1944	0.001242732549
1945	0.0002681966747
1946	0.0007667141449
1947	0.00638670234
1948	0.0007073923733
1949	0.002549929941
1950	0.0005906626616
1951	0.0006152076287
1952	0.00010834056
1953	0.001431794508
1954	0.001020854457
1955	0.0008017977325
1956	8.374195026e-06
1957	0.0009215099011
1958	0.001071203737
1959	0.001440567733
1960	0.000408137921
1961	0.002101536261
1962	0.00397855163
1963	0.0007407223537
1964	0.01024947098
1965	0.0007032697179
1966	0.00224677127
1967	0.0003269581087
1968	0.0009446024241
1969	0.002666143128
1970	0.001811607156
1971	0.0001221769999
1972	0.001195357324
1973	0.0002372915314
1974	0.001085314505
1975	0.0003882034938
1976	0.0004777137168
1977	0.0003177676228
1978	0.001007163026
1979	0.0003489092025
1980	0.003102192194
1981	2.752072928e-05
1982	0.0007517471444
1983	0.01004832581
1984	0.0006502265137
1985	7.509177853e-05
1986	0.001839652983
1987	0.003495765074
1988	0.0004747730999
1989	0.003566393459
1990	0.000970804145
1991	0.01262243006
1992	0.0005045816659
1993	0.003930566844
1994	0.00658022349
1995	0.001298932516
1996	0.004093607255
1997	0.001454946568
1998	0.007182960565
1999	0.0145478517
2000	0.0005914532911
2001	0.002130229204
2002	0.0004701972533
2003	0.004258556629
2004	0.003094273248
2005	0.0006551230914
2006	0.002614967567
2007	0.002854970762
2008	0.004366520753
2009	7.409003181e-05
2010	0.0006590309727
2011	0.0008859190472
2012	0.001488184592
2013	0.001187038287
2014	0.0004675058577
2015	0.0007516802731
2016	0.001847808876
2017	0.001715085949
2018	0.005265607453
2019	0.001725319666
2020	0.004941354413
2021	0.005011374761
2022	0.004807549661
2023	0.01129098819
2024	0.002244462559
2025	0.0007276654852
2026	0.004005921371
2027	0.008153146588
2028	0.004298817087
2029	0.02387037731
2030	0.004435527359
2031	0.01247564859
2032	0.01222476561
2033	0.004402608485
2034	0.001663029716
2035	0.000340024581
2036	0.007127983854
2037	0.00226841375
2038	0.01268413834
2039	0.001887806731
2040	0.01168366689
2041	0.01160345549
2042	0.008988547206
2043	0.00200571865
2044	0.009550608643
2045	0.009499206785
2046	0.01084146808
2047	0.01600162953
2048	0.003781387728
2049	0.001842911804
2050	0.004646616101
2051	0.004370281077
2052	0.001627989521
2053	0.003852656498
2054	0.005566095851
2055	0.01146531265
2056	0.01891451978
2057	0.002991411995
2058	0.006690133169
2059	0.0039494114
2060	0.007129918024
2061	0.002464387764
2062	0.0006763855657
2063	0.01296550326
2064	0.00678357451
2065	0.0003481199733
2066	0.004297038133
2067	0.01085704954
2068	0.001722144885
2069	0.0158242852
2070	0.005632010167
2071	0.00146478107
2072	0.002499206648
2073	0.01515375605
2074	0.005700446249
2075	0.001411996074
2076	0.005100655983
2077	0.00484168925
2078	0.002217734528
2079	0.003604259907
2080	0.004155694411
2081	0.002241836387
2082	0.004105436586
2083	0.007143644698
2084	0.000773591585
2085	0.007447564179
2086	0.004212072718
2087	0.008185285524
2088	0.01363761441
2089	0.0007142740418
2090	0.01030811989
2091	0.001665187423
2092	0.000324927143
2093	0.01006522378
2094	0.003657606191
2095	0.002508033029
2096	0.0009231846866
2097	0.00380143623
2098	0.0008279859433
2099	0.008997544201
2100	0.001543747146
2101	0.008578631817
2102	0.009387635992
2103	0.007881179366
2104	0.003940860806
2105	0.007498975945
2106	0.004463469863
2107	0.002233243132
2108	0.000202524731
2109	0.001550065
2110	0.007611126206
2111	0.001742419755
2112	0.001614019023
2113	0.01718236265
2114	0.009050257091
2115	0.005332649149
2116	0.002959819788
2117	0.002266270705
2118	0.008246211674
2119	0.0003951067411
2120	0.002832425106
2121	0.004183033615
2122	0.0196432038
2123	0.002212721843
2124	0.0001982916689
2125	0.01313533223
2126	0.006034219092
2127	0.009045318523
2128	0.005010584867
2129	0.001187312676
2130	0.01042032347
2131	0.004299222292
2132	0.002792747242
2133	0.001402106103
2134	0.01255425577
2135	0.007420243857
2136	0.01843363977
2137	0.002558152876
2138	0.002885812908
2139	0.0009631528174
2140	0.004276395039
2141	0.002978056669
2142	0.009679417575
2143	0.008923738902
2144	0.009389382231
2145	0.004584591215
2146	0.001361454484
2147	0.001655131504
2148	0.0009187403467
2149	0.001222288852
2150	0.0012842088
2151	0.00368777045
2152	1.868578336e-06
2153	0.0001802062037
2154	0.0008843679256
2155	0.0120491802
2156	0.008682537581
2157	0.005923302988
2158	0.0003052979516
2159	0.0174726017
2160	0.008089996659
2161	0.004227699254
2162	0.005662268403
2163	0.007900968875
2164	0.002667035668
2165	0.001101851764
2166	0.006116749872
2167	0.00713878945
2168	0.00464601889
2169	0.002607687512
2170	0.0005705799605
2171	0.001331646212
2172	0.002568773988
2173	0.003884885288
2174	0.0002568940687
2175	0.004651346368
2176	0.001177460176
2177	0.003579952654
2178	0.005991295698
2179	0.001974679502
2180	0.001365868024
2181	0.002120733079
2182	0.00148611637
2183	0.004273224818
2184	0.005001770113
2185	0.0008280715074
2186	0.00278004677
2187	0.01228001065
2188	0.004223830477
2189	0.002271318092
2190	0.002308724105
2191	0.004791265585
2192	0.008098977486
2193	0.01173718332
2194	0.008991438892
2195	0.008020531775
2196	0.001900037899
2197	0.003466947183
2198	0.0003035517908
2199	0.0009316102698
2200	0.002669178482
2201	0.0006263285072
2202	0.002213439204
2203	0.001521529771
2204	0.01462180844
2205	0.004330433748
2206	0.00431771033
2207	0.01399426938
2208	0.00133800705
2209	0.006008125942
2210	0.0003017371411
2211	0.003103806603
2212	0.001610809097
2213	0.00179659233
2214	0.005691975536
2215	0.0005013426248
2216	0.003293227931
2217	0.01045372154
2218	0.002318134437
2219	0.001890110854
2220	0.004532354494
2221	0.001301688479
2222	0.0007609502409
2223	0.0005756532909
2224	0.001036856063
2225	0.003145947605
2226	0.005214637282
2227	0.008594478397
2228	0.0004473240853
2229	0.001391393017
2230	0.008074657373
2231	0.006265779034
2232	0.001468229053
2233	0.004788524617
2234	0.001106122537
2235	0.001306442155
2236	0.001709161722
2237	0.001869677871
2238	0.002013141294
2239	0.004114663394
2240	0.002450121065
2241	0.004450405689
2242	0.00938080952
2243	0.01007214909
2244	0.004007952254
2245	0.001437161686
2246	0.002980711033
2247	0.005503224981
2248	0.0004835511481
2249	0.001170836282
2250	0.0008217156705
2251	0.0003771849381
2252	0.001654474685
2253	0.01608817222
2254	0.003407020202
2255	0.01292718008
2256	0.004272485876
2257	0.00369074609
2258	0.003141707457
2259	0.008783225494
2260	0.006281726048
2261	0.0116434387
2262	0.005803887976
2263	0.005564377784
2264	0.005739869474
2265	0.002890805911
2266	0.009420459483
2267	0.000449143292
2268	0.00599622673
2269	0.0004596438698
2270	0.002950802775
2271	0.006725290312
2272	0.01626475649
2273	0.006354266048
2274	0.00411213916
2275	0.002085492011
2276	0.005145162676
2277	0.02070361736
2278	0.00627152011
2279	0.008722098516
2280	0.002161792426
2281	0.002865863911
2282	0.0004314926519
2283	0.001596619936
2284	0.007040970207
2285	0.007058458398
2286	0.009871284231
2287	0.002912534229
2288	0.004822893688
2289	0.01442257917
2290	0.002805877617
2291	0.005985646213
2292	0.006025947234
2293	0.004108751524
2294	0.0002209052608
2295	0.01618670805
2296	0.008342739329
2297	0.002311252888
2298	0.009011853886
2299	0.009515087421
2300	0.005694376096
2301	0.007107683752
2302	4.527910859e-05
2303	0.001910333529
2304	0.01397402636
2305	0.00148611153
2306	0.001101552825
2307	0.01332119016
2308	0.01995784434
2309	0.005918879487
2310	0.0003768582213
2311	0.0005217336074
2312	0.001008631711
2313	0.00165482955
2314	0.001407773392
2315	0.002345871638
2316	0.00188102113
2317	0.001987305747
2318	0.0004065522725
2319	0.001901168161
2320	0.008100497355
2321	0.003185718133
2322	0.01066803669
2323	0.01220895451
2324	0.00556659186
2325	0.003507825953
2326	0.002792018781
2327	0.000889937125
2328	0.0005867651948
2329	0.002995564193
2330	0.002878316828
2331	0.001445707289
2332	0.00187275496
2333	0.002063658076
2334	0.000288605654
2335	0.002720115016
2336	0.001270707239
2337	0.00206586571
2338	0.001665340544
2339	1.339674061e-05
2340	3.988481322e-06
2341	0.008297776878
2342	0.01389719917
2343	0.002495274947
2344	0.003475740893
2345	0.01342624309
2346	0.008359584286
2347	0.006669315934
2348	0.0007002986042
2349	0.008698835947
2350	0.005027656649
2351	0.004326821499
2352	0.00269858605
2353	0.003246574811
2354	0.003198556956
2355	0.01912600318
2356	0.01358911948
2357	0.0003513801168
2358	0.006652099906
2359	0.00851516527
2360	0.009204643238
2361	0.003233424352
2362	0.004021806907
2363	0.008375490659
2364	0.004174526883
2365	0.02056044636
2366	0.0009160574005
2367	0.002026722369
2368	0.0004357074273
2369	0.007545960482
2370	0.007473808647
2371	0.006370005957
2372	0.0005194382616
2373	0.009916187956
2374	0.01396377233
2375	0.01838826226
2376	0.007934390274
2377	0.002836425718
2378	0.005787369678
2379	0.008883860472
2380	0.008789767576
2381	0.00623538686
2382	0.01693438229
2383	0.006015372988
2384	0.009603677209
2385	0.01580180986
2386	0.009799955466
2387	0.0008540834045
2388	0.008391726877
2389	0.002227886573
2390	0.0104527045
2391	0.005039573631
2392	0.0002293982536
2393	0.00113493138
2394	0.006637622648
2395	0.0146630575
2396	0.01314997165
2397	0.003666071522
2398	0.003720355427
2399	0.003885404999
2400	0.006945931814
2401	0.005665946299
2402	0.006916411009
2403	0.006026828457
2404	0.001749720886
2405	0.0128995618
2406	0.0001817963102
2407	0.002845544801
2408	0.004547288285
2409	0.01766877666
2410	0.01031539168
2411	0.01258026919
2412	0.001643523864
2413	0.0006087380374
2414	0.0003223845321
2415	0.001311452023
2416	0.005885065413
2417	0.002957158604
2418	0.00891275352
2419	0.01130775759
2420	0.008819980335
2421	0.001903967391
2422	0.004044693885
2423	0.006716745498
2424	0.002146626863
2425	0.001553763027
2426	0.0005478743872
2427	0.002767837187
2428	0.0191588986
2429	0.0004471302048
2430	0.01509042792
2431	0.008376049299
2432	0.0008767170276
2433	0.01208006336
2434	0.0003308395154
2435	0.001761197355
2436	0.008681321099
2437	0.005486877707
2438	0.002698182856
2439	0.008080426565
2440	0.003831359805
2441	0.000703859844
2442	0.00819386297
2443	0.01341906754
2444	0.01086114035
2445	0.008884077305
2446	0.002930309786
2447	0.00327920993
2448	0.003245711101
2449	0.02575276156
2450	0.007509424971
2451	0.01289840734
2452	0.003317737059
2453	0.004735708011
2454	0.01770183784
2455	0.009457293044
2456	0.0005732134259
2457	0.0005425540524
2458	0.0004552123221
2459	0.002369945237
2460	0.0008311122883
2461	9.913449383e-05
2462	0.001013148406
2463	0.0006308885305
2464	5.981368023e-05
2465	0.0005120910344
2466	0.0003596257932
2467	0.0003149807621
2468	0.001729547895
2469	0.0002529474309
2470	0.003627847668
2471	0.005697677436
2472	0.00639276465
2473	0.001620854044
2474	0.01227284031
2475	0.01901709109
2476	0.005572725367
2477	0.008312385927
2478	0.009974038793
2479	0.005443821305
2480	0.01525760036
2481	0.01357947796
2482	0.006642220237
2483	0.006879314016
2484	0.005079728226
2485	0.007277545879
2486	0.0004884803989
2487	0.005565449679
2488	0.004409548633
2489	0.0007945266873
2490	0.0001029439398
2491	0.001064530358
2492	0.002490723911
2493	0.002225366825
2494	0.0001939921998
2495	0.0009628055952
2496	0.007967312171
2497	0.008082996922
2498	0.002209712825
2499	0.004011432547
2500	0.01619625582
2501	0.009147639975
2502	0.003031290364
2503	0.02047038978
2504	0.0151880217
2505	0.01177233408
2506	0.006899457342
2507	0.008923118012
2508	0.004261988478
2509	0.006401870596
2510	0.004558171614
2511	0.006775249752
2512	0.004754491944
2513	0.009219687012
2514	0.004398374312
2515	0.0007357086245
2516	0.004926994898
2517	0.01369666951
2518	0.001907280606
2519	0.0009235368838
2520	0.002852975568
2521	0.003432851528
2522	0.00458924144
2523	0.0002295781054
2524	0.008542756015
2525	0.01728958185
2526	0.003822334454
2527	0.01189621145
2528	0.01105602967
2529	0.004907124264
2530	0.0002432031689
2531	0.00371943048
2532	0.01167016978
2533	0.001294589124
2534	0.0034861523
2535	0.003246905752
2536	0.004255308681
2537	0.001016080271
2538	0.004212891467
2539	0.0007117962466
2540	0.001555069671
2541	0.01518554853
2542	0.005085233499
2543	0.006301106186
2544	0.003714103387
2545	0.009266014564
2546	0.00903108094
2547	0.002725793625
2548	0.004436456123
2549	0.009451055523
2550	0
2551	0.007435054899
2552	0.007289045709
2553	0.006599261136
2554	0.01302814002
2555	0.007989039256
2556	0.0002824731651
2557	0.01116203232
2558	0.005241028004
2559	0.002474521147
2560	0.009174653402
2561	0.001230103322
2562	0.005654882748
2563	0.002232833618
2564	0.0005938033498
2565	0.01545279617
2566	0.002049882821
2567	0.007528778438
2568	0.00124100523
2569	0.005985732719
2570	0.01553646602
2571	0.003002571059
2572	0.006540889106
2573	0.00485891337
2574	0.004153878443
2575	0.005899325211
2576	0.003680032605
2577	0.01785750892
2578	0.003020273775
2579	0.004974051856
2580	0.005643058768
2581	0.0002097538499
2582	0.008646274036
2583	0.01358457453
2584	0.0008895510263
2585	0.004800056779
2586	0.001695818114
2587	0.002776876523
2588	0.01145740617
2589	0.004805886631
2590	0.0004066548774
2591	0.001603427071
2592	0.01226056157
2593	4.096565233e-05
2594	6.731186584e-05
2595	0.0007418357924
2596	0.002141629152
2597	0.006639040791
2598	0.006569179109
2599	0.004890017154
2600	0.005681865939
2601	9.27483258e-05
2602	0.008769917653
2603	0.004062353506
2604	0.007569906836
2605	0.006111608524
2606	0.02147974843
2607	0.003353229083
2608	0.004552587297
2609	0.007729547231
2610	0.001495063027
2611	0.01100446946
2612	0.003246027713
2613	0.002272486624
2614	0.002943989033
2615	0.009526876208
2616	0.000592273103
2617	0.001214732269
2618	0.006913496213
2619	0.007073300846
2620	0.002625568686
2621	0.003661607631
2622	0.002997003845
2623	0.01034717512
2624	0.002800546914
2625	0.0003687424257
2626	0.004232041161
2627	0.004639290903
2628	0.002158567567
2629	0.005010177457
2630	0.0001501568641
2631	0.0006206248675
2632	0.004664101454
2633	0.00345574815
2634	0.002108584724
2635	0.003657593936
2636	0.005334867134
2637	0.000428759851
2638	0.01809169146
2639	0.01101073931
2640	0.003596193438
2641	0.001894333156
2642	0.001193927061
2643	0.008630681736
2644	0.003508043705
2645	0.01187480759
2646	0.006122974041
2647	0.006273060367
2648	0.003543526442
2649	0.009731759001
2650	0.0003568440542
2651	0.002068639198
2652	0.01394815172
2653	0.001050298515
2654	0.002978764665
2655	0.006860996064
2656	0.004382619705
2657	0.001667654207
2658	0.01169162846
2659	0.0001217970328
2660	0.002190942466
2661	0.006858115294
2662	0.006260165595
2663	0.008978169234
2664	0.003433673576
2665	0.001300116828
2666	0.01213992271
2667	0.02003226369
2668	0.004043208668
2669	0.008920155706
2670	0.009511705223
2671	0.0009713377517
2672	0.006022420556
2673	0.01365282561
2674	0.005985108832
2675	0.002649548045
2676	0.00380829435
2677	0.0006934292437
2678	0.002268547691
2679	0.002664742643
2680	0.002253323364
2681	0.008957241016
2682	0.005657855155
2683	0.006804151054
2684	0.002877687898
2685	0.0009103045922
2686	0.006774125415
2687	0.003228383027
2688	0.009170953646
2689	0.00498666792
2690	0.007241358358
2691	0.003897782276
2692	0.01893999811
2693	0.003115253609
2694	0.009546547365
2695	0.01691335503
2696	0.001707885764
2697	6.68002837e-05
2698	0.0008647633891
2699	0.004092548651
2700	0.001589669436
2701	0.0009218051368
2702	0.009424942108
2703	0.003760394859
2704	0.001111930197
2705	0.0102248941
2706	0.003116145749
2707	0.0005820619639
2708	0.0006145651313
2709	3.083714637e-05
2710	0.003437120312
2711	0.002740581785
2712	0.003837677831
2713	0.00295693458
2714	0.003111262377
2715	0.003668378042
2716	0.001330638172
2717	0.004284960179
2718	0.003847595032
2719	0.003648191715
2720	0.001788201738
2721	0.01342357473
2722	0.008238809532
2723	0.003939976024
2724	0.009416329696
2725	0.009232905042
2726	0.007104015529
2727	0.01401012015
2728	0.009515359206
2729	0.005969786544
2730	0.0002794873291
2731	0.001089412548
2732	0.001715940189
2733	0.00524815773
2734	0.00665545779
2735	0.003652146132
2736	0.0002737167357
2737	0.004594186436
2738	0.008217126754
2739	0.008797938381
2740	0.001690799921
2741	0.002493803788
2742	9.513480141e-05
2743	0.005660361195
2744	0.02106359465
2745	0.01126660805
2746	0.005047887492
2747	0.005789792694
2748	0.01741432569
2749	0.005532618936
2750	0.007223138987
2751	0.002772622547
2752	0.03730262341
2753	0.005851568939
2754	0.01247385393
2755	0.004988218343
2756	0.001688826649
2757	0.0003626170692
2758	0.007796375589
2759	0.002970439605
2760	0.00214671195
2761	0.001739992964
2762	0.007022089616
2763	0.007812883209
2764	0.001459489786
2765	0.0008103438753
2766	0.001728873154
2767	0.0005482461485
2768	4.671000731e-05
2769	0.0007400833046
2770	0.01172821514
2771	0.004223652051
2772	0.009387795972
2773	0.0005872666499
2774	0.008917400579
2775	0.0004802576803
2776	0.0005044748229
2777	0.0009016874989
2778	0.005526582941
2779	0.005916866189
2780	0.002293206669
2781	0.003108026511
2782	0.002917964377
2783	0.001096476553
2784	0.01258158202
2785	0.01077427746
2786	0.009059935318
2787	0.0005825020365
2788	0.0009399852986
2789	0.002723014175
2790	0.0004997678474
2791	0.0007670143719
2792	0.0098570933
2793	0.00314666187
2794	0.0008725721102
2795	0.0007259156826
2796	0.001005823816
2797	0.0008705504841
2798	0.001223277368
2799	0.0002047057231
2800	0.003354024941
2801	0.001265178659
2802	0.001625901886
2803	9.130906431e-05
2804	0.0007819139038
2805	0.002896517139
2806	0.006092362172
2807	0.00534381798
2808	0.001880992704
2809	0.0009129208856
2810	0.001567086316
2811	0.002718136417
2812	0.003253871209
2813	0.005869815654
2814	0.001684759484
2815	0.002695666447
2816	0.0008105710999
2817	0.002052517219
2818	0.001970172929
2819	0.005777074977
2820	0.003111151585
2821	0.004469755368
2822	0.002488358948
2823	0.006807293558
2824	0.00509496902
2825	0.0184161687
2826	0.007395959415
2827	0.005988695213
2828	0.002247885265
2829	0.0003512004202
2830	0.008818030696
2831	0.01083038547
2832	0.001135105576
2833	0.0005730326328
2834	0.003306118879
2835	0.0007868694346
2836	0.002421728892
2837	0.007150253471
2838	0.005632832489
2839	0.00249427843
2840	0.0006231613506
2841	0.001709034522
2842	0.000902832567
2843	0.002186073421
2844	0.0004277006048
2845	0.00211219737
2846	0.0001971373699
2847	0.001933427049
2848	0.01251263269
2849	0.0006396591264
2850	0.003532198963
2851	0.001240020346
2852	0.01250494843
2853	0.01554208844
2854	0.01806363566
2855	0.0001097269584
2856	0.004258732355
2857	0.001839008349
2858	5.056548166e-05
2859	0.0004106871951
2860	0.0006526700978
2861	0.0005362963696
2862	0.002866684569
2863	0.002678096496
2864	0.002227588508
2865	0.003625215702
2866	6.98955661e-05
2867	0.00393397343
2868	0.003816566773
2869	0.001057874574
2870	0.00257669853
2871	0.00297803928
2872	0.002765005684
2873	0.0003764862942
2874	0.001616364603
2875	0.001835450857
2876	0.0001156324333
2877	0.0008796871221
2878	0.01232648781
2879	0.001324967238
2880	0.001936979468
2881	0.01011898338
2882	0.004541658204
2883	0.005198031861
2884	0.00814326056
2885	0.0009405253619
2886	0.002092825364
2887	0.000585095408
2888	0.001346990154
2889	0.002853488886
2890	0.01054423594
2891	0.003462790779
2892	0.003574673832
2893	0.0007408651937
2894	2.753981068e-05
2895	0.0007882451255
2896	0.0003233274488
2897	0.001999484349
2898	0.0005638048272
2899	6.961559505e-05
2900	0.0003605843263
2901	7.236976964e-05
2902	0.0002620588426
2903	0.001163722058
2904	0.0001777431934
2905	0.001217974344
2906	0.001046064049
2907	0.001723962165
2908	0.00724118726
2909	0.005936703818
2910	2.899015674e-05
2911	0.002354815405
2912	0.005483545886
2913	0.001806136234
2914	0.00215627936
2915	0.000284574051
2916	0.00280834849
2917	0.008183967747
2918	0.0003433381242
2919	7.606716226e-06
2920	0.002435943256
2921	0.001901078913
2922	0.001300089009
2923	0.001788755711
2924	0.003190135786
2925	0.006320707407
2926	0.002870536408
2927	0.0009292452362
2928	0.003460970861
2929	0.001213023516
2930	0.004972020691
2931	0.00494237187
2932	0.007771541428
2933	0.008437199173
2934	0.01767621005
2935	0.00878871807
2936	0.001294443051
2937	0.0003775093063
2938	0.001294982147
2939	0.001163924116
2940	0.0131693622
2941	0.00251623417
2942	0.0002882333615
2943	0.001155318009
2944	0.002423974442
2945	0.0003587579577
2946	0.001485804074
2947	0.000752178348
2948	0.002851133139
2949	0.003941171459
2950	0.0009613002395
2951	0.0100964796
2952	0.003622135612
2953	0.0003548223936
2954	0.003221682456
2955	0.00259650104
2956	0.0007853619024
2957	0.004132654491
2958	0.003440449323
2959	0.005255279559
2960	0.003621384258
2961	0.006838764714
2962	0.0003147130971
2963	0.005864889304
2964	0.001148473171
2965	0.01180736583
2966	0.002323127873
2967	0.001552148316
2968	0.0108162278
2969	0.01107348962
2970	0.005101576389
2971	0.007838825303
2972	0.002858771815
2973	0.01332041797
2974	0.002727556637
2975	0.01386922376
2976	0.009795619008
2977	0.01662401888
2978	0.002279111
2979	0.001145174974
2980	0.003116051688
2981	0.000150077628
2982	0.000630037656
2983	0.0003957912372
2984	0.002242551017
2985	0.01761399518
2986	0.001762273316
2987	0.005619988406
2988	0.0143909773
2989	0.0009273671715
2990	0.007339307579
2991	0.01582995551
2992	0.001697381468
2993	0.004072531075
2994	0.0003047153319
2995	0.001322765667
2996	0.001826664625
2997	0.003823399521
2998	7.902457506e-05
2999	0.007964644537
3000	0.0004626256132
3001	0.0003976754109
3002	5.651874732e-05
3003	0.01189253545
3004	0.0005263471995
3005	0.0001161365647
3006	0.01156117594
3007	0.001204921577
3008	0.0007900024591
3009	0.005589488129
3010	0.0003610683676
3011	0.002133375776
3012	0.002173282926
3013	0.001719848615
3014	0.001504904529
3015	0.002946930782
3016	0.02270016359
3017	0.006535687129
3018	0.01843415428
3019	0.01077741347
3020	0.00252098594
3021	0.009141553448
3022	0.004660949295
3023	0.008459621556
3024	0.007256918625
3025	0.0004809783724
3026	0.0001748916143
3027	0.0005918611453
3028	0.001319670137
3029	8.864250045e-05
3030	0.003329436906
3031	0.001426068642
3032	0.009119283397
3033	0.00155566779
3034	0.001256093274
3035	0.004576976029
3036	0.003145546066
3037	0.00163216217
3038	0.002392559181
3039	0.01804795951
3040	0.01386608482
3041	0.006795775156
3042	0.001054831008
3043	0.005460134152
3044	0.002629628882
3045	0.001683704767
3046	0.0006129705325
3047	0.009113338393
3048	0.006268476555
3049	0.005452755421
3050	0.004675231482
3051	0.007049921951
3052	0.004567347405
3053	0.007304384566
3054	0.009847797329
3055	0.00138012314
3056	0.004759611141
3057	0.003214399132
3058	0.0002695354166
3059	0.006358920638
3060	0.005970257095
3061	0.009322704422
3062	0.0004473970409
3063	0.0009865191183
3064	0.0003183646423
3065	0.00840234172
3066	0.004232213812
3067	0.002473414786
3068	0.009514107868
3069	0.0007144344921
3070	0.00157361307
3071	0.001275962466
3072	0.0004385635132
3073	0.002157702164
3074	0.0004928221383
3075	0.004539337641
3076	0.01959847336
3077	0.001542539795
3078	0.004118332264
3079	0.0003639008159
3080	0.002034239199
3081	0.0002022476202
3082	0.003960371613
3083	0.0002273828993
3084	0.00533488013
3085	0.001407382156
3086	0.000634319771
3087	0.0008106633763
3088	0.001160568132
3089	0.008924052378
3090	0.004120550839
3091	0.001046773253
3092	0.01241727779
3093	0.001633925363
3094	0.008754279608
3095	0.004181344698
3096	0.003681124721
3097	0.01680781509
3098	0.004971891604
3099	0.01719874886
3100	0.001959077417
3101	0.002869617194
3102	0.002501839301
3103	0.004408517259
3104	0.0005045029583
3105	0.0004856554064
3106	6.403418793e-05
3107	0.001074447239
3108	0.0001674163091
3109	0.007107704708
3110	0.002388558983
3111	0.0005322217415
3112	0.005903898212
3113	0.003162420799
3114	0.0002233938358
3115	0.005934065895
3116	0.0214705103
3117	0.01408833236
3118	0.01833086076
3119	4.554861327e-05
3120	0.0001410496987
3121	0.001589900515
3122	0.003740422659
3123	0.0009581282739
3124	0.0002095260878
3125	0.000167481263
3126	0.000264182776
3127	0.001930423564
3128	6.021374739e-05
3129	9.811100957e-05
3130	0.0006353778988
3131	0.0003161590707
3132	0.0003390090622
3133	0.0002939665743
3134	0.001442064732
3135	0.004244785386
3136	0.001138434562
3137	0.0009007406995
3138	0.00194720091
3139	0.003176806349
3140	0.0005480501639
3141	0.001977442621
3142	0.0003510754765
3143	0.001127207013
3144	0.00487830772
3145	0.0005405331266
3146	0.009045842259
3147	0.001045449909
3148	0.0103703915
3149	0.007027879398
3150	0.006934438141
3151	0.005067347754
3152	0.001502968608
3153	0.01486272886
3154	0.001098363612
3155	0.002628353674
3156	0.0004529816509
3157	0.0004272211908
3158	0.000572296422
3159	0.001407683518
3160	0.00151928324
3161	0.002087097187
3162	0.001865069048
3163	0.001534464125
3164	0.0002320041331
3165	0.001074201111
3166	0.003859971693
3167	0.002682658364
3168	0.001848148339
3169	0.002172225091
3170	0.002957895416
3171	0.001583310994
3172	0.002424727505
3173	0.0008331484216
3174	0.02124946829
3175	0.007454167655
3176	0.0007729531761
3177	0.000822223029
3178	0.005232629666
3179	0.001080951265
3180	0.004896295854
3181	0.004619381306
3182	0.005104559889
3183	0.000233421768
3184	0.0007923961299
3185	0.002749240776
3186	0.004779157045
3187	0.009828189076
3188	0.006238397698
3189	0.003901533054
3190	0.003734707176
3191	0.001333023145
3192	0.002352481441
3193	0.00436345656
3194	0.003433638015
3195	0.009127008977
3196	0.0002921900238
3197	0.002368618476
3198	0.0006056014899
3199	0.006551617654
3200	0.0004884643001
3201	7.072610087e-05
3202	0.01502724794
3203	0.006455762502
3204	0.0006612727417
3205	0.0004312702176
3206	0.001034221653
3207	0.006917315624
3208	0.0002766618353
3209	0.002556043997
3210	0.0007335447244
3211	0.002337651911
3212	0.01307010269
3213	0.003007264254
3214	0.001827029901
3215	0.01270204435
3216	0.006168270504
3217	0.004067789928
3218	0.002125108445
3219	0.0003409026644
3220	0.0004678351882
3221	0.004257630791
3222	0.0022784933
3223	0.001380778189
3224	0.000223434411
3225	0.01062619614
3226	0.005608099684
3227	0.003641434879
3228	0.001154848752
3229	0.008687030296
3230	0.002842757541
3231	0.0008183950831
3232	0.0003873825692
3233	0.0004021154482
3234	0.008757920313
3235	0.006059084856
3236	0.004174894967
3237	0.001595918514
3238	0.006274405963
3239	8.185701626e-05
3240	0.0001883856081
3241	0.004850071337
3242	0.004406745242
3243	0.0007382092264
3244	0.00126450186
3245	0.0007169630141
3246	0.001969085283
3247	0.01117695861
3248	0.01461680946
3249	0.0002964597073
3250	0.0006832485315
3251	0.000723948071
3252	0.001778867791
3253	0.008911165743
3254	0.00592026836
3255	0.0002880276477
3256	0.004859635261
3257	0.0138291319
3258	0.01117822584
3259	0.008950002111
3260	0.006234120503
3261	0.0009388120482
3262	0.01094021225
3263	0.002863249977
3264	0.001979696387
3265	0.003676389285
3266	0.0001533563858
3267	0.007785315964
3268	0.0004327535408
3269	0.0008871324505
3270	0.0006975358126
3271	0.001208034619
3272	0.005519428689
3273	0.000902903117
3274	0.0016794992
3275	0.007165171249
3276	0.0002200500852
3277	0.006594348047
3278	0.002450326527
3279	0.005701294167
3280	0.001195603115
3281	0.006508784279
3282	0.001685582518
3283	0.008308503955
3284	0.002959537028
3285	0.008039681457
3286	0.0001860906888
3287	0.006406120184
3288	0.007118125387
3289	0.01008267426
3290	0.002780079719
3291	0.004541877874
3292	0.006442395918
3293	0.006930714659
3294	0.002500587362
3295	0.003992328339
3296	0.010491314
3297	0.01398892019
3298	0.001519440678
3299	0.002995180436
3300	0.002830593913
3301	0.0002754351648
3302	0.000888197072
3303	0.0002314828552
3304	0.006813693911
3305	0.004888707222
3306	0.0001118023975
3307	0.0119250116
3308	0.01809063348
3309	0.008432066135
3310	0.005786210574
3311	0.008082467287
3312	0.00679442877
3313	0.01791897076
3314	0.009632552172
3315	0.0007694777899
3316	0.001630726624
3317	0.002042430189
3318	0.0005463684657
3319	0.008516749442
3320	0.006056149566
3321	0.002291635871
3322	0.001451201086
3323	0.0004281867542
3324	0.001957271194
3325	0.009717887858
3326	0.0001432576421
3327	0.001956070533
3328	0.005290448534
3329	0.00948343637
3330	0.0003320947153
3331	0.02040512237
3332	0.005897799571
3333	0.008021542075
3334	0.0008831382051
3335	0.0002170080681
3336	0.001430334528
3337	0.014192327
3338	0.001871535505
3339	0.0005426856234
3340	0.0001739958218
3341	0.001010451347
3342	0.002191400002
3343	0.002001769547
3344	0.0004397437681
3345	0.0004069228621
3346	0.0002671988487
3347	0.001046623969
3348	0.004149954563
3349	0.007431055206
3350	0.003116132224
3351	0.0006514794499
3352	0.01511739358
3353	0.0005879410753
3354	0.001247155057
3355	0.0003774021737
3356	7.832987863e-05
3357	0.009556130844
3358	0.008374619523
3359	0.0005443778393
3360	0.01303379425
3361	0.005878282159
3362	0.005892049285
3363	0.000883475678
3364	0.004712221961
3365	0.002746960735
3366	0.001516756045
3367	0.001072847943
3368	0.0008447311763
3369	0.009687360215
3370	0.003226471965
3371	0.0007114124465
3372	0.0008470467086
3373	0.0058589114
3374	0.0003670301739
3375	0.001179446864
3376	0.001291239048
3377	0.0001675996544
3378	0.004340652607
3379	0.0005872204312
3380	0.00106925037
3381	0.0004289376851
3382	0.0006385183934
3383	0.005151495341
3384	0.002839330724
3385	0.01653066636
3386	0.01365751092
3387	0.0002554454174
3388	0.01262744299
3389	0.002135715245
3390	0.0002760568654
3391	0.003896247489
3392	0.00170396793
3393	0.003290614617
3394	6.553195522e-05
3395	0.001254404614
3396	0.001147317365
3397	0.007231208734
3398	0.008079501704
3399	0.0001195666709
3400	0.00157609504
3401	0.007285233537
3402	0.005981685691
3403	0.007617704654
3404	0.003793294971
3405	0.001519888025
3406	0.003925635039
3407	0.004081034004
3408	0.002984414252
3409	9.977556512e-05
3410	0.003994819599
3411	0.0002466991827
3412	0.002400185805
3413	0.02099553613
3414	0.01229374594
3415	0.01151088999
3416	0.001742879818
3417	0.005984388711
3418	0.003114625143
3419	0.006107522188
3420	0.004087650744
3421	0.005063076331
3422	0.001620653711
3423	0.001220685679
3424	0.002919366118
3425	0.002490444139
3426	0.001671139617
3427	0.002197793499
3428	0.002210345258
3429	0.007209658166
3430	0.004026916044
3431	0.002171448242
3432	0.003112716245
3433	0.00141174096
3434	0.003690667581
3435	0.002813947421
3436	0.008882850441
3437	0.003403777385
3438	0.002115124534
3439	0.001753450178
3440	0.0007924073311
3441	0.002057211844
3442	0.005195651434
3443	0.005646095953
3444	0.001647124144
3445	0.0007001658662
3446	0.009799775297
3447	0.0007897607045
3448	0.007014965426
3449	0.002135109696
3450	0.002685748243
3451	7.659783584e-06
3452	0.001715046668
3453	0.002397069871
3454	0.0002467919344
3455	0.0002666666555
3456	0.002942938906
3457	0.0001545285207
3458	9.468566683e-05
3459	0.0004219798302
3460	0.002755255048
3461	0.001779113464
3462	0.001588936299
3463	0.0005988255092
3464	0.0001050570323
3465	0.002487926391
3466	0.002159348984
3467	0.002079670177
3468	0.0001578238143
3469	0.002085888196
3470	0.002400609528
3471	0.0003312180741
3472	0.0002334838061
3473	0.001799658107
3474	0.0005886593295
3475	0.0009566298675
3476	0.003012766353
3477	0.0007213142901
3478	0.0008431863537
3479	0.001296639124
3480	0.0003442990324
3481	0.0008686701955
3482	0.0007717962881
3483	0.0003700869103
3484	2.021586355e-05
3485	0.004071693832
3486	0.01387888516
3487	0.004548989562
3488	0.0003817603192
3489	0.01609744225
3490	0.0004253723308
3491	0.002024157054
3492	0.008205988295
3493	0.002844902817
3494	0.0005213050698
3495	0.004194686551
3496	0.001967664834
3497	0.0007799986353
3498	0.007112097817
3499	0.006664240425
3500	0.01749872827
3501	0.005455276967
3502	0.01389849962
3503	0.01031880269
3504	0.002817577059
3505	0.01136738037
3506	0.0006907535159
3507	0.001975792262
3508	0.002086734791
3509	0.002766545094
3510	0.007941550545
3511	0.003345953046
3512	0.01362617077
3513	0.003314182346
3514	0.003340335293
3515	0.001044723333
3516	0.001208985004
3517	0.002263607837
3518	0.005073334344
3519	0.005952242862
3520	0.002850614062
3521	0.006916367919
3522	0.005326010773
3523	0.01047990015
3524	0.01074134665
3525	0.003198690999
3526	0.001916087452
3527	0.004345699383
3528	0.005113991774
3529	0.005173564723
3530	0.008120682923
3531	0.007098955558
3532	0.006522013653
3533	0.0003742764049
3534	0.0004489941436
3535	0.002442468386
3536	0.0005608084165
3537	0.004062374048
3538	0.01161558397
3539	0.004538828117
3540	0.006033647505
3541	0.01322664954
3542	0.01976452446
3543	0.00876281748
3544	0.01328801622
3545	0.002305950072
3546	0.0047922562
3547	0.01390665443
3548	0.004128265104
3549	0.00614395418
3550	0.000407685294
3551	0.01007152149
3552	8.931307689e-05
3553	0.001516983757
3554	0.0005285121077
3555	0.00384560118
3556	0.004806563208
3557	0.0135208774
3558	0.01313040997
3559	0.001310658184
3560	0.004637640636
3561	0.0167405954
3562	0.015618341
3563	0.001755726
3564	0.01028570568
3565	0.002135303962
3566	0.004392350662
3567	0.0001339367379
3568	0.009458447062
3569	0.0004825363492
3570	0.01191844281
3571	0.002611956362
3572	0.01017793421
3573	0.003511025001
3574	0.005092010004
3575	0.007156389065
3576	0.02523368151
3577	0.0009089924777
3578	0.002374109403
3579	0.01310617484
3580	0.01456716683
3581	0.005992261014
3582	0.003359197608
3583	0.01024270721
3584	0.003584797038
3585	0.001892882062
3586	0.006512897469
3587	0.003668073526
3588	0.02135335197
3589	0.005939917011
3590	0.001878697223
3591	0.004707913541
3592	0.002260973276
3593	0.01205030372
3594	0.004356664963
3595	0.03677465957
3596	0.003642863652
3597	0.004157413464
3598	0.0008598616673
3599	0.0008693271628
3600	0.004688073092
3601	0.0002927086802
3602	0.00173204103
3603	0.0003860199403
3604	0.00487918891
3605	0.004280389346
3606	9.420040375e-05
3607	0.0009636497859
3608	0.0003883552558
3609	0.0006759932594
3610	0.00108426096
3611	0.002137994759
3612	0.002366533213
3613	0.001530036728
3614	0.001411124142
3615	0.00230707413
3616	0.0008613852579
3617	0.001694194255
3618	0.002535051737
3619	0.0003410338001
3620	0.00168591269
3621	0.004099137646
3622	6.85164557e-05
3623	0.000899000243
3624	7.825276213e-06
3625	0.001243634745
3626	0.0004873941732
3627	0.001616574103
3628	0.003197752
3629	0.0004543204499
3630	0.01093207953
3631	0.004828264884
3632	0.007406536654
3633	0.001149478075
3634	0.002031728385
3635	0.006931537245
3636	0.001158975745
3637	0.007457191856
3638	0.009557837149
3639	0.00613537871
3640	0.0002666685915
3641	0.01477272507
3642	0.001879565471
3643	0.0005111544029
3644	0.0001618448944
3645	0.004365912219
3646	0.007126129809
3647	0.001471029877
3648	6.356116241e-05
3649	0.006847721639
3650	0.001230760928
3651	0.0005995216202
3652	0.003662363101
3653	0.01403583532
3654	0.002728564634
3655	0.0001723023772
3656	0.0006111165194
3657	0.001813669008
3658	0.001295883215
3659	0.000586731151
3660	0.0007500811562
3661	0.001053104449
3662	0.002609536034
3663	0.009094016805
3664	0.0008276245054
3665	0.001162183747
3666	0.001655741532
3667	0.005367840594
3668	0.0146292754
3669	0.006875533241
3670	0.007450028515
3671	0.003189740406
3672	0.0004930595112
3673	0.0156886337
3674	0.0008574983758
3675	0.01434047202
3676	0.0007771303726
3677	0.0006090215847
3678	0.0004850935706
3679	0.00473275334
3680	0.0001567503937
3681	0.001743225029
3682	0.0001442409023
3683	0.004262133066
3684	0.0007130200692
3685	0.01314401215
3686	0.01484249198
3687	0.002945507509
3688	0.008082393497
3689	0.004860865426
3690	0.0002703217464
3691	0.006670509554
3692	0.01706764935
3693	0.01098544913
3694	0.01321086142
3695	0.0004843693891
3696	0.001603801579
3697	0.00243295276
3698	0.01074072107
3699	0.00213711167
3700	0.0007447851186
3701	0.001205349054
3702	0.003384928285
3703	0.00251200927
3704	0.0002957730692
3705	0.02027906413
3706	0.003533794075
3707	0.001914134744
3708	0.002429520125
3709	0.004979952464
3710	0.000945276725
3711	0.0009181756308
3712	0.005835709623
3713	0.001743116519
3714	0.001248091273
3715	0.000627170434
3716	0.003401505112
3717	0.004260080942
3718	0.002386861926
3719	0.006463087239
3720	0.00333518114
3721	0.001742787903
3722	0.002233149679
3723	0.0005289810481
3724	0.0009018418337
3725	0.0008519923791
3726	0.001449301785
3727	0.001339382555
3728	0.001156586226
3729	0.00598756
3730	0.001412071904
3731	0.001995160694
3732	0.0007201570067
3733	0.004967780816
3734	0.007419948149
3735	0.004388488091
3736	0.001688395973
3737	0.0003006132857
3738	0.002522694266
3739	0.008472264901
3740	0.0002709133663
3741	0.0005960197551
3742	0.01676184637
3743	0.002074065434
3744	0.0045964368
3745	0.0009625777908
3746	0.0004420959555
3747	0.001610344468
3748	0.001369786057
3749	0.000494137634
3750	0.001337179879
3751	0.001619920027
3752	0.0002510201119
3753	0.002796442362
3754	0.003074059463
3755	0.0003774419536
3756	0.001329909884
3757	0.003976410977
3758	0.0008758106219
3759	0.001698105803
3760	0.001559100684
3761	0.001515681505
3762	0.003002008719
3763	0.001036043632
3764	0.000858753584
3765	0.002866946942
3766	0.00388163795
3767	0.0006637892691
3768	0.001093385389
3769	0.005128314785
3770	0.0003466387537
3771	0.0006715955443
3772	0.0009385689045
3773	0.001864618815
3774	0.0004269607426
3775	0.0040086796
3776	0.008824235352
3777	0.0006085534174
3778	0.004874135579
3779	0.001633356118
3780	0.003334126728
3781	0.0007117962086
3782	0.002225941417
3783	0.0007321606175
3784	0.001177684297
3785	0.0003886757858
3786	0.001795340896
3787	0.0008952605643
3788	0.006376780437
3789	0.008897391368
3790	0.007098036703
3791	0.000893882936
3792	0.001454560718
3793	0.002776217113
3794	0.0007876656487
3795	0.0006545764363
3796	0.002420277645
3797	0.001434443153
3798	0.003342177551
3799	0.001050668345
3800	0.00285417324
3801	0.000123759749
3802	0.004396056786
3803	0.002236828998
3804	0.001015348751
3805	0.0007789856485
3806	0.0003512096186
3807	0.003777624844
3808	0.002748921172
3809	0.008724388039
3810	0.001032793005
3811	0.0006925840662
3812	0.002433141649
3813	0.0006048877997
3814	0.001365429797
3815	0.002939830204
3816	0.0008507363169
3817	0.0006362532718
3818	0.0007534838304
3819	0.002799383499
3820	0.003060668851
3821	0.002444009784
3822	0.000934616966
3823	0.002794523105
3824	0.01842328776
3825	0.005143899101
3826	0.004184995084
3827	0.001754743861
3828	0.0006546623695
3829	0.01591965102
3830	0.006973018735
3831	0.002348841977
3832	0.008516492705
3833	0.004242990343
3834	0.001232961582
3835	0.007712000851
3836	4.85625787e-05
3837	0.005177064758
3838	0.005870242114
3839	0.001354749683
3840	0.001118103103
3841	0.01221639875
3842	0.001109797188
3843	0.006161194705
3844	0.007888891282
3845	0.0003995495247
3846	0.004156488904
3847	0.005826294866
3848	0.004021339185
3849	0.004489014488
3850	0.000902884933
3851	0.000579548325
3852	0.0005120585127
3853	0.0007802452053
3854	0.0008824585319
3855	0.006473451388
3856	0.01104542425
3857	0.002382858549
3858	0.004325470839
3859	0.01705295427
3860	6.143721961e-05
3861	0.002271362771
3862	0.005674077781
3863	0.001014474888
3864	0.006385541775
3865	0.007634100605
3866	0.0002253301542
3867	0.003500208638
3868	0.00383407009
3869	0.004898870017
3870	0.001034388191
3871	0.001781671579
3872	0.001682244871
3873	0.001046149442
3874	0.003711961842
3875	0.0006362271115
3876	0.001622250365
3877	0.001361029476
3878	0.001054530271
3879	0.001173260985
3880	0.001170198836
3881	0.002236267429
3882	0.000156568019
3883	0.0005301806906
3884	0.0008087978812
3885	0.0005311710313
3886	0.006325636169
3887	0.01123498455
3888	0.0004491050379
3889	0.003276266226
3890	0.000800423198
3891	0.001320008778
3892	0.0003583572393
3893	0.002625006817
3894	0.002826764195
3895	0.004077107802
3896	0.0001576106437
3897	0.001411737516
3898	2.857721106e-05
3899	0.0003420579507
3900	0.005750006368
3901	7.446016487e-05
3902	0.000369321285
3903	0.007457501558
3904	0.003314872757
3905	0.001709681497
3906	0.001689873899
3907	0.01270990638
3908	0.001508841604
3909	0.002549937965
3910	0.014512961
3911	0.005663759755
3912	0.0001767132297
3913	0.001868503318
3914	0.01358975156
3915	0.01523291223
3916	0.000541288948
3917	0.0006603024578
3918	0.01399016656
3919	0.001773267722
3920	0.002971220918
3921	0.001471310203
3922	0.0006701261582
3923	0.004266453113
3924	0.009987119256
3925	0.01714239397
3926	9.665368161e-05
3927	0.004000901854
3928	0.002848038293
3929	0.008329216745
3930	0.0009636718137
3931	0.0001531476088
3932	0.0006532193767
3933	5.872260509e-05
3934	0.0002066321989
3935	0.001325277383
3936	0.0009939361148
3937	0.001777625999
3938	0.000189969678
3939	0.001715209099
3940	0.002039034816
3941	0.002092883449
3942	0.001688449205
3943	0.006486605138
3944	9.863858278e-05
3945	0.0008791369192
3946	0.002084473657
3947	0.001186537178
3948	0.003237368923
3949	0.0004476582166
3950	0.001105693289
3951	0.001558383898
3952	0.002027451813
3953	0.001306748813
3954	0.003028580394
3955	0.006331725025
3956	0.01820985562
3957	0.00671456801
3958	0.004550639299
3959	0.001308051489
3960	0.002060542908
3961	0.009759291188
3962	0.003008573266
3963	0.003424127994
3964	0.001735303744
3965	0.008172599613
3966	0.00832170206
3967	0.007063276294
3968	0.00392359516
3969	0.0003507653505
3970	0.002376958212
3971	0.0001869354501
3972	0.004839933643
3973	0.00283790121
3974	0.0007226098573
3975	0.005273133042
3976	0.00435930764
3977	9.443974588e-05
3978	0.001940721702
3979	0.001965575139
3980	0.0005224588368
3981	0.002626044561
3982	0.001500546089
3983	0.001490163973
3984	0.001279844724
3985	0.001674186617
3986	0.009446058334
3987	0.00133116624
3988	0.003227337078
3989	0.001549935787
3990	0.000320901481
3991	0.003721287238
3992	0.007398679526
3993	0.00695689483
3994	0.008966600368
3995	0.001600224368
3996	0.0008974353327
3997	0.002937100293
3998	0.001856595471
3999	0.002561702549
4000	0.005162025959
4001	0.004351535185
4002	0.002602278242
4003	0.001890948472
4004	0.00108845111
4005	0.002567716634
4006	0.002446788603
4007	0.003230921954
4008	0.003477607498
4009	0.003403546364
4010	0.006178041775
4011	0.001640313637
4012	0.000573636435
4013	0.008093184858
4014	0.002276630511
4015	0.004254900984
4016	0.001683238511
4017	0.002948265734
4018	0.003789723386
4019	0.001045901767
4020	0.005683804696
4021	0.00122471349
4022	0.0003793271595
4023	0.00165471202
4024	0.0002042786605
4025	0.006287743618
4026	0.0005424553342
4027	0.0009637395215
4028	0.01191660806
4029	0.01259070118
4030	0.0003624624623
4031	0.002411894964
4032	0.00331565511
4033	0.001500075711
4034	0.001053555707
4035	0.0008901319597
4036	0.003485713862
4037	0.001241015963
4038	0.009376015431
4039	0.00104935031
4040	0.003692865205
4041	0.0009008672923
4042	0.001326399504
4043	0.005306581134
4044	0.006037783515
4045	0.01037490949
4046	0.005870682322
4047	0.001681274003
4048	0.001908943735
4049	0.004672509551
4050	0.0001049965104
4051	0.001120656649
4052	0.002289682233
4053	0.0007484886692
4054	0.01152014521
4055	0.001648383373
4056	0.009923058444
4057	0.007689523962
4058	0.001880053093
4059	0.003168577127
4060	0.00136321968
4061	0.002416479656
4062	0.004440198819
4063	0.007138720393
4064	0.004883569717
4065	0.002847531741
4066	0.003775318116
4067	0.002402762876
4068	0.006969837436
4069	0.004526113019
4070	0.006706112299
4071	0.02065347731
4072	0.001577009572
4073	0.003461654531
4074	0.00422066481
4075	0.002739206489
4076	0.005160051672
4077	0.005820685596
4078	0.01304800603
4079	0.01010663464
4080	0.008036494761
4081	0.004931120783
4082	0.0001408974198
4083	0.01183691854
4084	0.005281990359
4085	0.01177135777
4086	6.466087208e-05
4087	0.0002955468446
4088	0.007431559626
4089	0.007549582494
4090	0.004101646843
4091	0.003572089781
4092	0.003069573797
4093	0.001047251073
4094	0.008194646415
4095	0.002295168799
4096	0.0242995162
4097	0.001141494201
4098	0.003720755068
4099	0.004357924227
4100	0.001734691088
4101	0.01305413584
4102	0.004565054023
4103	0.004876553667
4104	0.009181459724
4105	0.00303065577
4106	0.007850766237
4107	0.0003493009687
4108	0.001585433563
4109	0.0001444630753
4110	0.0001917323268
4111	0.0009882925508
4112	0.0005880468997
4113	0.00132294432
4114	0.0002580539621
4115	0.001987044581
4116	0.0003227021037
4117	0.0003477223449
4118	0.001662466208
4119	0.0006984593132
4120	0.0001753615112
4121	0.0001353965278
4122	0.000534022009
4123	0.003022384114
4124	0.0001516798052
4125	0.002737250078
4126	0.003274015075
4127	0.003684888339
4128	0.001712289244
4129	0.00049160105
4130	0.00190230622
4131	0.001382680905
4132	0.003295857559
4133	0.009412701808
4134	0.001588360479
4135	7.727309152e-05
4136	0.0002064999693
4137	0.003242699819
4138	0.004041551832
4139	0.001411912138
4140	0.002323603837
4141	0.003309346533
4142	0.000754843473
4143	0.002466481467
4144	0.0003601361489
4145	0.009488032306
4146	0.01718945119
4147	0.008319467557
4148	0.001956606767
4149	0.002263943507
4150	0.0006764777887
4151	0.001325758435
4152	0.000817244709
4153	0.001784085076
4154	0.0007834640885
4155	0.001772322406
4156	0.001049138345
4157	0.003742319111
4158	0.01281836657
4159	0.002600168154
4160	0.001964233315
4161	0.003263797883
4162	0.001961219195
4163	0.0005225928455
4164	0.0003627381521
4165	0.002192162797
4166	0.004626853217
4167	0.01332798041
4168	0.0003512664814
4169	0.002753984836
4170	0.002184132013
4171	0.01840670727
4172	0.007892751447
4173	0.000980988542
4174	0.01467477928
4175	0.002983078649
4176	0.004561518032
4177	0.01316412725
4178	0.004855385757
4179	0.01945521237
4180	0.01094932217
4181	0.002589663707
4182	0.005767847656
4183	0.005536834178
4184	0.007247527184
4185	0.002916026265
4186	0.005835002819
4187	0.0001774353387
4188	0.01564798423
4189	6.847793735e-05
4190	0.0002420716283
4191	0.006125783595
4192	1.798560459e-05
4193	0.004508177544
4194	0.005329223559
4195	0.008634353481
4196	0.001742319514
4197	0.001938147956
4198	8.492319115e-05
4199	0.02068679796
4200	0.003638771349
4201	9.42455476e-05
4202	0.00860116361
4203	0.009499365855
4204	0.002335365017
4205	0.01096496811
4206	0.007527627403
4207	0.000669408396
4208	0.002748591353
4209	0.001365561206
4210	0.01022573707
4211	0.006316799173
4212	0.0001678942583
4213	0.005011214493
4214	0.0006138486415
4215	0.005935747622
4216	0.007879383728
4217	0.005411948905
4218	0.01229679888
4219	0.0094660983
4220	0.001466760658
4221	0.005736440138
4222	0.01089465721
4223	0.009589116627
4224	0.003383719206
4225	0.002103029356
4226	0.004621489222
4227	0.0005554065756
4228	0.0005326352761
4229	0.001894117795
4230	0.001509100922
4231	0.001017870613
4232	0.004979097418
4233	0.003318514039
4234	0.008715356101
4235	0.006428964247
4236	0.00233023158
4237	0.003933128025
4238	0.002566591715
4239	0.002259045717
4240	0.003357317377
4241	0.003638342401
4242	0.004225653524
4243	0.0007734710067
4244	0.00331098969
4245	0.0003702737247
4246	0.00922632592
4247	0.007615120402
4248	0.0006894719928
4249	0.000297776861
4250	0.0006103546517
4251	0.006947650314
4252	0.001066037561
4253	0.01184804239
4254	0.01085268923
4255	0.0002665058138
4256	0.003406671577
4257	0.01941011461
4258	0.002630968754
4259	0.001822514087
4260	0.005852442191
4261	0.0001692818907
4262	0.004292280759
4263	0.006934463408
4264	0.001797390841
4265	0.0002194314961
4266	0.002571927139
4267	0.001443788599
4268	0.004247168312
4269	0.0006983568205
4270	0.01231023218
4271	0.002571437502
4272	0.0002973698787
4273	0.001732224193
4274	0.005504161746
4275	0.008289344798
4276	0.001753408727
4277	0.004427453669
4278	0.004597416598
4279	0.0007610850633
4280	0.009423268902
4281	0.007442277328
4282	0.002769277764
4283	0.005863804384
4284	0.01605751347
4285	0.003037331021
4286	0.009861482856
4287	0.008833563938
4288	0.0005952653254
4289	0.003454385405
4290	0.006610035112
4291	0.007092184072
4292	0.0008448566174
4293	0.01136179382
4294	0.006530645372
4295	0.01725835278
4296	0.0129801167
4297	0.002896404641
4298	0.001058937198
4299	0.007132343948
4300	0.005900764671
4301	0.001342387984
4302	0.007331792178
4303	0.01066923973
4304	0.001752744026
4305	0.002267866488
4306	0.002246246579
4307	0.001992993994
4308	0.001259456022
4309	0.002227106195
4310	0.0008153678329
4311	0.0003272870903
4312	0.0004204723076
4313	0.0004694200003
4314	0.002892088444
4315	0.000534134791
4316	0.005640878863
4317	0.0005248572896
4318	0.006714713009
4319	0.0002744890952
4320	0.0004771924798
4321	0.001414787852
4322	0.002896553907
4323	0.001132012911
4324	0.0007535818398
4325	0.00726118746
4326	0.01502699082
4327	0.006783907253
4328	0.0004309051503
4329	0.0008879110335
4330	0.003157779095
4331	0.004708118718
4332	0.01170535256
4333	0.0006416464424
4334	0.01138360566
4335	0.01882573175
4336	0.002705186417
4337	0.0005862856065
4338	0.004430344109
4339	0.007986292595
4340	0.002231507091
4341	0.003223390755
4342	0.01180537559
4343	0.02032042074
4344	0.0002712386764
4345	2.767321308e-05
4346	0.001893573182
4347	0.00212369163
4348	0.005733283262
4349	0.0009748315289
4350	0.005035159854
4351	0.0009281727751
4352	7.245449242e-05
4353	0.0001524738819
4354	0.001757115339
4355	0.001564248237
4356	0.001451575822
4357	0.0008435617846
4358	0.001149353382
4359	0.00302232851
4360	0.001751798557
4361	0.0008451184989
4362	0.002093033933
4363	0.005242773105
4364	0.002757207538
4365	0.002830537359
4366	0.002720959973
4367	0.001436828731
4368	0.002592137796
4369	0.0003843956417
4370	0.001718885532
4371	0.001464182387
4372	0.0003775245023
4373	0.001675729116
4374	0.002212664773
4375	0.001674230866
4376	0.00482265075
4377	0.0002255999728
4378	0.002838405598
4379	0.0009471126898
4380	0.00162863486
4381	0.00290921093
4382	0.006919100528
4383	6.282586892e-05
4384	0.002260750009
4385	0.02132916907
4386	0.005515141919
4387	0.005428538181
4388	0.001033350365
4389	0.0001654911196
4390	0.0001320019333
4391	0.001725225578
4392	0.003398621936
4393	0.001566791292
4394	0.001664377091
4395	0.007095350724
4396	0.00113159698
4397	0.0007282516664
4398	0.0008937759474
4399	0.001143414921
4400	0.004498188818
4401	0.0005290989105
4402	0.001217424658
4403	0.005047173408
4404	0.006235773042
4405	0.007947711867
4406	0.003127700899
4407	0.002384289878
4408	0.004672335069
4409	0.002851759504
4410	0.00134160471
4411	0.01401076305
4412	0.005967643431
4413	0.008562470107
4414	0.0009683861137
4415	0.000413626507
4416	0.002738937822
4417	0.01045783794
4418	0.003138057092
4419	0.008448217103
4420	0.00893662867
4421	0.01128393805
4422	0.0006033139413
4423	0.01020257369
4424	0.008092707254
4425	0.009224926174
4426	0.00084886124
4427	0.01314411313
4428	0.0002801873486
4429	0.001732684148
4430	0.006012174365
4431	0.003395070226
4432	0.00258702122
4433	0.002378872377
4434	0.001250393203
4435	0.008823840304
4436	0.006058211579
4437	0.003925865959
4438	0.009922083495
4439	0.003667739249
4440	0.004663472425
4441	0.0109234286
4442	0.01602794313
4443	0.0001692535371
4444	0.006013397889
4445	0.003417335712
4446	0.002510652207
4447	0.001225952895
4448	0.001462986628
4449	0.00659099347
4450	0.01963837128
4451	0.01919915569
4452	0.007544877457
4453	0.008475420431
4454	0.006250212671
4455	0.0009935013368
4456	0.002192667015
4457	0.007903843269
4458	0.001049481803
4459	0.007235505209
4460	0.01563756109
4461	0.009080275618
4462	0.01162927215
4463	0.006734931115
4464	0.004730007313
4465	0.004430742281
4466	0.0005046561014
4467	0.0009106119754
4468	0.006335635577
4469	0.0006989354874
4470	0.005727405923
4471	0.003636008443
4472	0.00320089786
4473	0.009507210779
4474	0.01074360023
4475	0.009659667432
4476	0.001046054081
4477	0.002648701547
4478	0.005725001921
4479	0.0004527074502
4480	0.004470714769
4481	0.002932089184
4482	0.0002126933717
4483	0.001886463303
4484	0.001926782681
4485	0.001967376352
4486	0.0001366851949
4487	0.004759309834
4488	0.002905587215
4489	0.004060124699
4490	0.0007885647005
4491	0.002864908071
4492	0.01137907432
4493	0.004538457989
4494	0.009007984598
4495	0.01751934761
4496	0.005000950067
4497	0.005776945898
4498	0.006101296333
4499	0.0007789355066
4500	0.01105888877
4501	0.006498672259
4502	0.002705843794
4503	0.001253343523
4504	0.001268509089
4505	0.02809907478
4506	0.003476216981
4507	0.01980573774
4508	0.0004682829616
4509	0.00514813186
4510	0.01262761597
4511	0.008375169848
4512	0.02481723902
4513	0.002082800705
4514	0.0008643071892
4515	8.90486028e-05
4516	0.004587432537
4517	0.0002543063635
4518	0.0001565541208
4519	0.001123439655
4520	0.0005351218877
4521	0.0005188738509
4522	0.0005976613594
4523	0.001023097529
4524	0.0004283490741
4525	0.0008660410089
4526	0.0004845231395
4527	0.001609791144
4528	0.005719702288
4529	0.001801525352
4530	0.01982411175
4531	0.002029306804
4532	0.003328558501
4533	0.004030627747
4534	0.01246569787
4535	0.002504958414
4536	0.006272689487
4537	0.006443117864
4538	0.0002808022297
4539	0.0002006128185
4540	0.005243174678
4541	0.0007868734564
4542	0.00495475137
4543	0.003335633316
4544	0.000997667956
4545	0.003191586133
4546	0.002618468675
4547	0.00181671969
4548	0.007221357706
4549	0.007115484314
4550	0.002277502857
4551	0.006991678416
4552	0.002355430146
4553	0.02113506033
4554	0.004766142282
4555	0.00710820199
4556	0.0004271083268
4557	0.00667666269
4558	0.002102063714
4559	0.0171214213
4560	0.002045189867
4561	0.002717810931
4562	0.002233059661
4563	0.009310652828
4564	6.623130423e-05
4565	0.004114639921
4566	0.006788429468
4567	0.004504557356
4568	0.003319717664
4569	0.000749508962
4570	0.01527160302
4571	0.01404872933
4572	0.0009791574759
4573	0.009280387903
4574	0.005665387601
4575	0.002268225839
4576	0.003972119355
4577	0.01138292449
4578	0.009592476189
4579	0
4580	0.01172703007
4581	0.003273330829
4582	0.006210157055
4583	0.001394195268
4584	0.004567368635
4585	0.0001535012478
4586	0.01572271274
4587	0.0004850411244
4588	0.001831106654
4589	0.004184609546
4590	0.00350967152
4591	0.005422713625
4592	0.004228664228
4593	0.01412916881
4594	0.01729740826
4595	0.00107394968
4596	0.003399249801
4597	0.01073590126
4598	0.001372143546
4599	0.003989782863
4600	0.001494314357
4601	0.006356803447
4602	0.006101469736
4603	0.003662163049
4604	0.00530913541
4605	0.001188152788
4606	0.005851572432
4607	0.006492761408
4608	0.0123436653
4609	0.002562899915
4610	0.001682874105
4611	0.01405568096
4612	0.003908693545
4613	0.006434415813
4614	0.003363854387
4615	0.002611369397
4616	0.0006295123754
4617	0.008077015536
4618	0.00324362633
4619	0.002150627034
4620	0.01260353278
4621	0.007917558925
4622	0.001036246841
4623	0.008888454282
4624	0.002202663494
4625	0.002288086798
4626	0.0005770889375
4627	0.007646797795
4628	0.001834434368
4629	0.01223197687
4630	0.01115649378
4631	0.003843729045
4632	0.004700672994
4633	0.01146674401
4634	0.00489342773
4635	0.006653329022
4636	0.002467138689
4637	0.007110903125
4638	0.008464154848
4639	0.001256615057
4640	0.001980830841
4641	0.00598977312
4642	0.001576765344
4643	0.002300746965
4644	0.01088167578
4645	8.900446786e-05
4646	0.00046325913
4647	0.001464750389
4648	0.006130471608
4649	0.002034798465
4650	0.003471574376
4651	0.004759238266
4652	0.002628999081
4653	0.008145153119
4654	0.01142467029
4655	0.008423296781
4656	0.001764854479
4657	0.0003085591956
4658	0.000242804537
4659	0.002623111725
4660	0.0006996171084
4661	0.002915391838
4662	0.006477703674
4663	0.01126762575
4664	0.001103971824
4665	0.002615804921
4666	0.01421825768
4667	0.005802719879
4668	0.01035806439
4669	0.002944044661
4670	0.005231567723
4671	0.005757274553
4672	0.001332206833
4673	0.008253455774
4674	0.006914135852
4675	0.01489380312
4676	0.001774018351
4677	0.005891324398
4678	0.005903461966
4679	0.004235306139
4680	0.00365235157
4681	0.02107567791
4682	0.0107042542
4683	0.008360415325
4684	0.006485605825
4685	0.002125326093
4686	0.009165877703
4687	0.008709575178
4688	0.0003197307433
4689	0.001219364845
4690	0.0005433289967
4691	0.004998325523
4692	0.009708136771
4693	0.005599697334
4694	0.003347511509
4695	0.008536860261
4696	0.001788911565
4697	0.0001078383499
4698	0.002685074063
4699	0.00591112382
4700	0.009385610621
4701	0.01830294264
4702	0.02162632475
4703	0.001523106101
4704	0.008056735014
4705	0.004928128543
4706	0.002313609546
4707	0.001492317518
4708	0.003299069059
4709	0.002532525711
4710	0.004005293184
4711	0.0097101526
4712	0.00263702608
4713	0.006836289702
4714	0.00634851318
4715	0.01296386276
4716	0.006834178719
4717	0.008591496382
4718	0.004224956262
4719	0.01575729558
4720	0.001451669944
4721	0.004785389604
4722	0.01274227196
4723	0.003517818336
4724	0.005260200764
4725	0.01323131111
4726	0.004435067812
4727	0.002437246349
4728	0.003025818472
4729	0.005664428914
4730	0.003412497791
4731	0.001166002563
4732	0.001742557524
4733	0.01229144185
4734	0.002802456737
4735	0.004553441115
4736	0.009607636704
4737	0.002973250704
4738	0.009152733399
4739	0.0008832190517
4740	0.006337740466
4741	0.005798090005
4742	0.0140779844
4743	0.003046639706
4744	0.01756127683
4745	0.005783012847
4746	0.01686867729
4747	0.002730796824
4748	0.003279461476
4749	0.009612597244
4750	0.01834825919
4751	0.002468730916
4752	0.001383695776
4753	0.005504213655
4754	0.0004429814891
4755	0.001857312897
4756	0.0005441288158
4757	0.00167381228
4758	0.003155675068
4759	0.002784505214
4760	0.006916566921
4761	0.003756045318
4762	0.004583242357
4763	0.00401100194
4764	0.007032758303
4765	0.005529602598
4766	0.01409747616
4767	0.008175700468
4768	0.005174221559
4769	0.001560297645
4770	0.01335512574
4771	0.008993961744
4772	0.003282014859
4773	0.00308736395
4774	0.002368089596
4775	0.0003219975059
4776	0.001784237
4777	0.001907998862
4778	0.005312848559
4779	0.002614662025
4780	0.00201602276
4781	6.031224796e-06
4782	0.002545256828
4783	0.004976666537
4784	0.004297456649
4785	0.0009652711649
4786	0.01223549783
4787	0.0148072546
4788	0.01744626366
4789	0.002172916582
4790	0.0009369696915
4791	0.0004225068992
4792	0.0003955156825
4793	0.005116955234
4794	0.001190373705
4795	0.002783789442
4796	0.008301471971
4797	0.002997284753
4798	0.001388642851
4799	0.002234714939
4800	0.003505051083
4801	0.003968015603
4802	0.001598878094
4803	0.0005114930025
4804	0.01661858784
4805	0.0007893025702
4806	0.002538573139
4807	0.0004669767463
4808	0.00803568301
4809	0.004713219143
4810	0.003814800952
4811	0.006226265827
4812	0.002261511781
4813	0.01312896569
4814	0.0008819157904
4815	0.00237956344
4816	0.003535285911
4817	0.01051615656
4818	0.005911886149
4819	0.002562610253
4820	0.005179846471
4821	0.001966639589
4822	0.01278178682
4823	0.001656317109
4824	0.004946091049
4825	0.003590423465
4826	4.62517528e-05
4827	0.01174075185
4828	0.002008136165
4829	0.001847458763
4830	0.001546513769
4831	0.0002452461408
4832	0.003454586105
4833	0.003525780626
4834	0.001662077097
4835	0.01254047365
4836	0.002953179257
4837	0.0004909990022
4838	0.002396882875
4839	0.002239143782
4840	0.001993636274
4841	0.00394381737
4842	0.007319922004
4843	0.001768745037
4844	0.003615444181
4845	0.002187785257
4846	1.564714241e-05
4847	0.00841372572
4848	0.0007770367463
4849	0.003919305273
4850	0.0001071423539
4851	0.00399251914
4852	0.001923283132
4853	0.006832579815
4854	0.006558717293
4855	0.008193674078
4856	0.003355635264
4857	0.01034540528
4858	0.009315539022
4859	0.001866972749
4860	0.004151122811
4861	0.008992382365
4862	0.004490547217
4863	0.006206004597
4864	0.002337995135
4865	0.006846874842
4866	0.001061712128
4867	0.001586086858
4868	0.001741776902
4869	0.00229476695
4870	0.003125028147
4871	0.002733396321
4872	0.00168861775
4873	0.0003460898596
4874	0.000543812945
4875	0.001180667602
4876	0.002830041275
4877	0.009766123304
4878	0.005228887716
4879	0.001210203116
4880	0.01171623497
4881	0.01247570593
4882	0.002601022109
4883	0.002107166339
4884	0.002982387684
4885	0.0007664128793
4886	0.007231456427
4887	0.01113219767
4888	0.0012611825
4889	0.008714132947
4890	0.01436170393
4891	0.001244158695
4892	0.002018222796
4893	0.0003903069814
4894	0.01562247474
4895	0.007348299434
4896	0.003675221067
4897	0.003201550538
4898	0.001501882556
4899	0.01870621865
4900	0.002057581467
4901	0.006764023833
4902	0.01159325748
4903	0.01088505426
4904	0.006336448721
4905	0.001811035924
4906	0.007338636209
4907	0.006601089222
4908	0.00771402137
4909	0.005041081005
4910	0.0001291037226
4911	0.008473913183
4912	0.009687627311
4913	0.001539005857
4914	0.001313318432
4915	0.002083131785
4916	0.008798070891
4917	0.001613756852
4918	0.004729440286
4919	0.01116129049
4920	0.004299747577
4921	0.002715490662
4922	0.01972625448
4923	0.01500005957
4924	0.003952605043
4925	0.0007675059976
4926	0.001904570334
4927	0.00200617054
4928	0.009939329165
4929	0.0004901832269
4930	0.01278799616
4931	0.001236641693
4932	0.0009172972458
4933	0.002163044027
4934	0.00613792569
4935	0.005597395629
4936	0.00596788547
4937	0.001518743413
4938	0.0006271873895
4939	0.002315787557
4940	0.002947705065
4941	0.003324686066
4942	0.0001390124292
4943	0.000365413688
4944	0.00190359809
4945	0.00382633222
4946	0.0001685445273
4947	0.002705005089
4948	0.000702565854
4949	0.002634538322
4950	0.005850112779
4951	0.01387110181
4952	0.007366758308
4953	0.001495196139
4954	0.009984268142
4955	0.02404507945
4956	0.002895651613
4957	0.004702434588
4958	0.0047983188
4959	0.002123346954
4960	0.003341408092
4961	0.001516180085
4962	0.005663928913
4963	0.001093175198
4964	0.003290881626
4965	0.0002603208089
4966	0.001622624103
4967	0.004760167434
4968	0.008161780117
4969	0.008332361271
4970	0.009533872386
4971	0.0001853170564
4972	0.005066848487
4973	0.01050937478
4974	0.002055195821
4975	0.004367512211
4976	0.0005923761331
4977	0.003730227904
4978	0.0006623539057
4979	0.009371786072
4980	0.008029645491
4981	0.004935366171
4982	0.00291791602
4983	0.0002619551352
4984	0.00445990403
4985	0.001750860431
4986	0.006102535405
4987	0.0004839524003
4988	0.001221990083
4989	0.004011643037
4990	0.002132794978
4991	0.003377548935
4992	0.0005078390473
4993	0.003675401541
4994	0.005826775728
4995	0.002967319142
4996	0.0002532836687
4997	0.0004749319262
4998	0.006009485864
4999	0.005663334833
5000	0.004454287175
5001	0.003011146348
5002	0.005294184753
5003	0.002382834502
5004	0.0006004349728
5005	0.008403816146
5006	0.007766723454
5007	0.002969764772
5008	0.005934928473
5009	0.002928896303
5010	0.0001011160685
5011	0.005152411316
5012	0.00391108195
5013	0.006536085402
5014	0.0001024547496
5015	0.00479426818
5016	0.0005326898844
5017	0.00201532837
5018	0.006884501222
5019	0.002415147972
5020	0.003222694364
5021	0.0001177375992
5022	0.008322465027
5023	0.00103821215
5024	0.01504862163
5025	0.005179049951
5026	0.001052034102
5027	0.00342798415
5028	0.01363283051
5029	0.001771925574
5030	0.002391075362
5031	0.002184042136
5032	0.007742349567
5033	0.0004840008149
5034	0.002067166371
5035	0.002169471716
5036	0.001651114779
5037	0.002117167583
5038	0.004832051066
5039	0.001157831
5040	0.0008288967998
5041	0.003013627244
5042	0.001356673538
5043	0.0003151309123
5044	0.006193864931
5045	0.0009214540011
5046	0.00111305716
5047	0.001665181172
5048	0.0006939514374
5049	0.002383053897
5050	0.0007640592543
5051	0.003163362072
5052	0.002622862781
5053	0.0006324842865
5054	0.00047370633
5055	0.0004176171264
5056	0.01745257627
5057	0.000711327052
5058	0.0006567480838
5059	0.0001535744817
5060	0.0005902598794
5061	0.001239897168
5062	0.01148079227
5063	0.003230394208
5064	0.0008342171865
5065	0.002741238688
5066	0.002947847258
5067	0.01137464528
5068	0.006373320339
5069	0.001611863316
5070	0.01096799804
5071	0.0004691286211
5072	0.006787291861
5073	0.00256173204
5074	0.001833059103
5075	0.0008573899535
5076	0.001395968525
5077	0.001688115535
5078	0.0009867713108
5079	0.001583121446
5080	0.001454933862
5081	0.01100160012
5082	0.001448327377
5083	0.01036405797
5084	0.0007914885319
5085	0.0005374299576
5086	0.0003770239244
5087	0.0007065176021
5088	0.001915034882
5089	0.0006110698185
5090	0.003261974695
5091	0.01200487945
5092	0.006345467205
5093	0.004336780775
5094	0.0003407172566
5095	0.0002356663787
5096	0.001116859806
5097	0.005955639634
5098	0.0008032887992
5099	0.002373333275
5100	0.002399136344
5101	0.002619562482
5102	0.01332343732
5103	0.007027731467
5104	0.001200722341
5105	0.009636233233
5106	0.007460501954
5107	0.004207840303
5108	0.0004922638554
5109	0.005673136654
5110	0.0006377140985
5111	0.001079905691
5112	0.000297550191
5113	0.0005562072999
5114	0.0002229220079
5115	0.001326844868
5116	0.001254850646
5117	0.0006266893047
5118	0.001094067244
5119	7.774929061e-06
5120	0.01157001141
5121	0.001184407836
5122	0.0001878443803
5123	0.0005113294319
5124	0.008990537798
5125	0.0008375857723
5126	0.001238803564
5127	0.006909646968
5128	0.001030760796
5129	0.0004246887598
5130	0.001744527077
5131	0.00107189287
5132	0.0008110849106
5133	0.0004530698731
5134	0.0004332880163
5135	2.142209082e-05
5136	9.731488836e-05
5137	0.0009059275533
5138	0.0002607593205
5139	0.00116245818
5140	0.00213884525
5141	0.00180990531
5142	0.002636588114
5143	0.0006384751176
5144	0.00126188182
5145	0.0006334892746
5146	0.0005969775373
5147	0.007312436747
5148	0.0009183454608
5149	0.00183612076
5150	0.001228619824
5151	0.000726843508
5152	0.004062164191
5153	0.003098833932
5154	0.003052299685
5155	0.001728432672
5156	0.001290217336
5157	0.002843381417
5158	0.0001480231581
5159	0.0194443338
5160	0.0001323690964
5161	0.0001005170354
5162	0.000888713592
5163	0.0007637284944
5164	5.818111705e-05
5165	0.002919899448
5166	0.001002001299
5167	0.0005419877436
5168	0.0003839057876
5169	0.01478052447
5170	0.0001699171312
5171	0.0005472014471
5172	0.003788487156
5173	0.01480342624
5174	0.000923782456
5175	0.001638246334
5176	0.0008644984639
5177	0.002529626426
5178	0.001268403302
5179	0.001349206265
5180	0.002004366667
5181	0.002786932655
5182	0.001405647674
5183	0.0007222154975
5184	0.003945624388
5185	0.002447059666
5186	0.0003503364541
5187	0.002443323571
5188	0.0002784663717
5189	0.001008064395
5190	0.0003772502063
5191	0.000162920971
5192	0.002567383714
5193	0.005489266544
5194	0.006868830579
5195	0.006855913357
5196	0.0004559877643
5197	0.0002903872858
5198	0.001637031872
5199	0.004556516388
5200	0.001734337239
5201	0.003994669219
5202	0.006240659007
5203	0.0008778760874
5204	0.008299431732
5205	0.002251903051
5206	0.001304917248
5207	0.003991308161
5208	0.001319617784
5209	0.0002440619712
5210	0.009196397033
5211	0.001756869775
5212	0.00106148619
5213	0.0008701759906
5214	0.001826904667
5215	0.0004661661745
5216	0.0001822977466
5217	0.003519864987
5218	0.01169520262
5219	0.0009325915084
5220	0.001347330553
5221	0.008443664987
5222	0.001230384005
5223	0.001751461612
5224	0.001122810582
5225	0.002817018905
5226	0.0006691958293
5227	8.756439765e-05
5228	0.01083626063
5229	0.0002374630624
5230	0.0003356412434
5231	0.005019913855
5232	0.004030822322
5233	0.003565645646
5234	0.002984855084
5235	0.004280226623
5236	0.0007087353664
5237	0.004572226011
5238	0.000338530293
5239	0.0006686898206
5240	0.003381715804
5241	0.001283311848
5242	0.0009449310102
5243	0.0003025952525
5244	0.0001257469397
5245	0.003311988157
5246	0.001732078449
5247	0.0006244751747
5248	0.0002420281723
5249	0.003138631913
5250	5.922362611e-05
5251	7.264807184e-05
5252	6.888369616e-05
5253	0.008577097147
5254	0.001337555773
5255	0.0009378366998
5256	0.0006828076689
5257	0.001039137579
5258	0.002062174149
5259	0.01483885451
5260	0.002526721373
5261	0.003323960332
5262	0.0004051485997
5263	0.00284877189
5264	0.0002818947597
5265	0.0007738550664
5266	0.001290276643
5267	0.0002421300679
5268	0.0003971883205
5269	0.01110521397
5270	0.004256031333
5271	0.001686856379
5272	8.65294947e-05
5273	0.000775189577
5274	0.003761001667
5275	0.00031701414
5276	0.005489031955
5277	0.003000124817
5278	0.001193126559
5279	0.0002280491328
5280	0.0003710712106
5281	0.0003954211128
5282	0.0008812353256
5283	0.003078751902
5284	0.002276209781
5285	0.001012271928
5286	0.002494587931
5287	0.01381276803
5288	0.002198177305
5289	0.0009529198155
5290	0.002700837383
5291	0.002743152347
5292	0.00598074198
5293	0.000828677755
5294	0.006179243754
5295	0.001835714183
5296	0.0001992542152
5297	0.001529838151
5298	0.000869916441
5299	0.0008153240236
5300	0.0006482518951
5301	0.001834393638
5302	0.006978654261
5303	0.006106743811
5304	0.0008164847198
5305	0.001015876686
5306	0.002554309082
5307	0.01271596928
5308	8.779279368e-05
5309	0.002528930569
5310	0.00571566273
5311	0.0009543488032
5312	0.000455996825
5313	0.003582222015
5314	0.005737330766
5315	0.002814436635
5316	0.006574746193
5317	0.000647221338
5318	0.00402883911
5319	0.001951353948
5320	0.002218151127
5321	0.0002570056445
5322	0.003268896165
5323	0.001493095716
5324	0.0007102546056
5325	0.009184792138
5326	0.0009436530799
5327	0.001539118833
5328	0.0007238221626
5329	3.392471304e-05
5330	0.0003048722183
5331	0.0029566854
5332	0.003750124046
5333	0.002390173797
5334	0.001780589807
5335	0.0008840109215
5336	0.001809625276
5337	0.01174702486
5338	0.001550562377
5339	0.004619804133
5340	0.001196990253
5341	0.00454332609
5342	0.001100162672
5343	0.005476063838
5344	0.004452535656
5345	0.0007302093253
5346	0.00309905878
5347	0.0001924466642
5348	0.000409931076
5349	0.00118281905
5350	0.001341273759
5351	0.003090199974
5352	0.0001720861268
5353	0.002049886344
5354	0.00371332041
5355	0.001072023653
5356	0.000262366808
5357	0.001401227345
5358	0.008828026962
5359	0.003714675039
5360	0.0005710151627
5361	0.003674330154
5362	0.0005609931286
5363	0.0006515818925
5364	5.54836809e-05
5365	0.003313892464
5366	0.008425046147
5367	0.004291908786
5368	0.009447195662
5369	0.004124939036
5370	0.02183016616
5371	0.0005113631864
5372	0.0004987245464
5373	0.01197039206
5374	0.00218722549
5375	0.005109854915
5376	0.0009254866339
5377	0.001000387516
5378	0.002425293051
5379	0.0001560772177
5380	0.001426171322
5381	0.000143609356
5382	0.001076692515
5383	0.001365650597
5384	0.002047868699
5385	2.539141964e-05
5386	0.0007825015217
5387	0.006744218929
5388	0.00142204479
5389	0.0009565146639
5390	0.006023166495
5391	0.0005730487104
5392	0.002492092037
5393	0.001786964483
5394	0.0001299517247
5395	0.003492071624
5396	0.001846277162
5397	0.003499531686
5398	0.0003571499263
5399	0.009400671992
5400	0.001260271733
5401	0.00224118502
5402	9.317907218e-05
5403	0.01143377473
5404	0.00205122998
5405	0.0001100883456
5406	0.004124832984
5407	0.0141749486
5408	0.0001087713965
5409	0.002757277018
5410	0.001939185027
5411	0.000296099023
5412	0.002517879877
5413	0.0001522410692
5414	0.0008694325982
5415	0.002745881792
5416	0.002962620809
5417	0.003950991313
5418	0.0001982870019
5419	0.001333161892
5420	0.003607353574
5421	0.002202696475
5422	0.0002586118962
5423	0.001191772044
5424	0.001189043553
5425	0.002836388744
5426	5.062086143e-05
5427	0.004705056361
5428	0.001743272564
5429	0.002566945757
5430	0.001473444532
5431	0.004005138965
5432	0.0005317657751
5433	2.545312553e-05
5434	0.0009877431019
5435	0.00137316442
5436	0.003457427652
5437	0.006619697292
5438	0.0006852761851
5439	7.337287324e-05
5440	0.001260479149
5441	0.000307796727
5442	0.003396358107
5443	0.006190829786
5444	0.002312507397
5445	0.002382863372
5446	9.538660945e-05
5447	0.007472722337
5448	0.0004359751482
5449	0.0003023028345
5450	0.0008991048931
5451	0.009931784273
5452	0.002499120482
5453	5.026903125e-05
5454	0.004930170277
5455	0.000602813964
5456	0.008217535685
5457	0.002182102666
5458	0.01248466381
5459	0.0006442418647
5460	0.001064985804
5461	0.000663989021
5462	0.004349948077
5463	0.002255791154
5464	0.005569231073
5465	0.0009114678109
5466	0.01928581961
5467	0.00249934584
5468	0.0007370145822
5469	0.0003864544221
5470	0.001900354416
5471	0.001424005481
5472	0.000661922917
5473	0.004694825878
5474	0.0003009302625
5475	0.006716894977
5476	0.0006673483351
5477	0.0005622949055
5478	0.001932381169
5479	0.002815400617
5480	0.001494979592
5481	0.01561528708
5482	0.001157525198
5483	0.0002545313845
5484	0.0002417278672
5485	0.002539290638
5486	0.003064650778
5487	0.001246552196
5488	0.002608513363
5489	0.002375538288
5490	0.001749625734
5491	0.003328221552
5492	0.001142238958
5493	0.003504657804
5494	0.0004156867597
5495	0.001904378957
5496	0.002966384898
5497	0.007478309072
5498	0.0004877320748
5499	0.00648335359
5500	0.00119777204
5501	0.0004872513698
5502	0.002108571654
5503	2.037809343e-06
5504	0.003516639475
5505	0.00106864403
5506	3.810464581e-05
5507	0.002879107543
5508	0.002892110674
5509	0.0007778613506
5510	0.0009478336756
5511	0.0009335342773
5512	0.01061006367
5513	0.004798623418
5514	0.0008596269161
5515	0.005428124998
5516	0.00112380844
5517	0.006679449876
5518	0.001862576062
5519	0.005853816203
5520	0.001379671309
5521	0.002654356151
5522	0.009011296071
5523	0.001173962078
5524	0.007827166181
5525	0.001418701926
5526	0.0007409673911
5527	0.001342135871
5528	0.0003979057722
5529	0.0009023857013
5530	0.02078926409
5531	0.00104095043
5532	0.0009932297313
5533	0.001195072265
5534	0.000395500898
5535	9.721721159e-05
5536	0.006800202656
5537	0.003306861599
5538	0.001123114045
5539	0.002609852534
5540	0.001685299179
5541	0.01229371694
5542	0.002378399535
5543	0.001369054911
5544	0.003074087966
5545	0.01061173339
5546	0.0082605865
5547	0.002347041339
5548	0.003820535599
5549	0.002060917412
5550	0.001786856532
5551	0.02574930868
5552	0.0004507250473
5553	0.000568908239
5554	0.004408215171
5555	0.005937355416
5556	0.008704622455
5557	0.0007205637235
5558	0.007433168259
5559	0.002020920562
5560	0.002117630859
5561	4.105277422e-05
5562	0.001154962959
5563	0.001368448217
5564	0.002220195422
5565	0.01246802317
5566	0.000615076545
5567	0.002946970959
5568	0.002684661591
5569	0.0003600619414
5570	0.002881124626
5571	0.007258550536
5572	0.002570201187
5573	0.0009021596739
5574	0.001630459906
5575	0.0003887917351
5576	0.006583582134
5577	0.000701889804
5578	0.01542673799
5579	0.002738433913
5580	0.002153356768
5581	0.000974563551
5582	0.001010878926
5583	0.004200445125
5584	0.003888612247
5585	0.008492586258
5586	0.005422100468
5587	0.0007591791318
5588	0.002736723412
5589	0.004956550535
5590	0.0001194115868
5591	0.0112213525
5592	0.007641186009
5593	0.0008922655403
5594	0.00229094143
5595	0.0006888534883
5596	0.004472813433
5597	0.002904597595
5598	0.008976706909
5599	0.002310761911
5600	0.001512217867
5601	0.0007425274702
5602	0.003713786852
5603	0.0004907961467
5604	0.0004676061729
5605	0.0006479470194
5606	0.002644771933
5607	0.00160932947
5608	0.003019049471
5609	0.006014438339
5610	0.001611255874
5611	0.001956943415
5612	0.001630297045
5613	0.0003184960176
5614	0.0004727923311
5615	0.0003124255953
5616	0.0003040839304
5617	0.003073245872
5618	0.001088933522
5619	0.0006013922051
5620	0.009066053468
5621	0.006325287823
5622	0.0008355049185
5623	0.002056267775
5624	0.002179592505
5625	0.005049462313
5626	0.005790243301
5627	0.005421122023
5628	0.00555204655
5629	0.007794716272
5630	0.00246069659
5631	0.01005540944
5632	0.007834928421
5633	0.002173385873
5634	0.003762552876
5635	0.0006894689004
5636	0.003089798549
5637	0.004193591628
5638	0.004841458843
5639	0.001394019764
5640	0.001519848343
5641	0.00434741768
5642	0.000758234291
5643	0.002288280883
5644	0.00572122922
5645	0.006863605048
5646	0.008162927753
5647	0.002406240168
5648	0.002429601399
5649	0.001656178277
5650	0.002854759734
5651	0.0005442634572
5652	0.003064639448
5653	0.0008972586172
5654	0.0007144732776
5655	0.0006574752619
5656	0.001178757545
5657	0.003870391954
5658	0.002578088041
5659	0.001825543091
5660	0.0002924972799
5661	0.002204665167
5662	0.0009334229279
5663	0.002769174934
5664	0.001315182976
5665	0.001546036995
5666	0.0001567900344
5667	0.0006968199996
5668	0.001101861385
5669	0.00175416785
5670	0.00310467456
5671	0.005516132304
5672	0.004568369233
5673	0.006818137654
5674	0.003321233466
5675	0.002551931545
5676	0.0004063736592
5677	0.002943838462
5678	0.00128800828
5679	0.005664601929
5680	0.0009444617157
5681	0.003552242031
5682	0.0001068099069
5683	0.00101955603
5684	0.001014654015
5685	0.00533652718
5686	0.001226867416
5687	0.001544553703
5688	0.001362375103
5689	0.00274191794
5690	0.003230887092
5691	0.003473466012
5692	0.0008944915936
5693	0.00252258949
5694	0.00136600988
5695	0.0017804631
5696	0.02130972909
5697	0.006688772968
5698	0.0005486495422
5699	0.002018194826
5700	0.001176660692
5701	0.007340771427
5702	0.0007236796044
5703	0.01852167944
5704	0.001864304166
5705	0.001931139772
5706	0.007587055784
5707	0.005972800937
5708	0.009996230326
5709	0.01393649682
5710	0.000663955079
5711	0.003074949635
5712	0.005059088935
5713	0.01031043747
5714	0.002376670971
5715	0.003818370317
5716	0.005563858128
5717	0.008000890855
5718	0.0007674248976
5719	0.01127742542
5720	0.0002268661899
5721	0.0002240207117
5722	0.0007776879573
5723	0.01277319783
5724	0.00311949142
5725	0.004435602049
5726	0.0008121726214
5727	0.006648961831
5728	0.005181162122
5729	0.01194740065
5730	0.002676039406
5731	0.01505027196
5732	0.0001990981431
5733	0.002047069019
5734	0.01783857022
5735	0.002805834287
5736	0.000672635292
5737	0.007836049502
5738	0.002027137445
5739	0.0002047731133
5740	0.003296632535
5741	0.007912519902
5742	0.0005414620084
5743	0.008329886807
5744	1.785293199e-05
5745	0.002437661117
5746	0.003177524006
5747	0.00208329296
5748	0.002206140441
5749	0.005087694612
5750	0.00982968831
5751	0.0005466494254
5752	0.001505830492
5753	0.004323040406
5754	0.002554488953
5755	0.0003765571988
5756	0.001590192415
5757	0.001543558184
5758	0.003647883861
5759	0.0003562120485
5760	0.003861307589
5761	0.002130611795
5762	0.004564685208
5763	0.002120127547
5764	0.001680626688
5765	0.004239667807
5766	0.0005258890584
5767	0.004298035
5768	0.003961477107
5769	0.0004119015952
5770	0.004798428361
5771	0.00166883319
5772	0.001911627967
5773	0.0003298940171
5774	0.003844928385
5775	0.006933679697
5776	0.0007291723044
5777	0.01187197272
5778	0.00289716453
5779	0.01266647928
5780	0.002326410432
5781	0.000850262676
5782	0.001165430757
5783	0.000800676807
5784	0.003466040885
5785	0.009122465856
5786	0.001555754609
5787	0.0006668543396
5788	0.004206606046
5789	0.0002315119954
5790	0.0007859629005
5791	0.002533651467
5792	0.001933929515
5793	0.004085397228
5794	0.002248809235
5795	0.0008613124906
5796	0.01438727375
5797	0.002017832418
5798	0.001435984249
5799	0.002050759748
5800	2.863777212e-05
5801	0.01265143068
5802	0.0006959736483
5803	0.0007273222039
5804	0.001596760582
5805	0.0004005897414
5806	0.001728986048
5807	0.001411592057
5808	0.0007321511063
5809	0.002587274231
5810	0.007979360385
5811	0.005309180166
5812	0.01037977838
5813	0.001947008933
5814	0.0004860938289
5815	0.001831256065
5816	0.002252216663
5817	0.0002556311586
5818	0.000654645062
5819	0.002177497107
5820	0.0105194426
5821	0.0008415247229
5822	0.00284795438
5823	0.002064057567
5824	0.002156236573
5825	0.002710106876
5826	0.00078942182
5827	0.0001298887044
5828	0.002842736018
5829	0.007559983524
5830	0.001001900366
5831	0.01327335032
5832	0.0008200995405
5833	0.007777679254
5834	0.001457906632
5835	0.0002096484271
5836	0.0006309625382
5837	0.004930749193
5838	0.001528057443
5839	0.002621144903
5840	0.0004756382931
5841	0.001188948526
5842	0.0003837712161
5843	0.01249658871
5844	0.003719415101
5845	0.001408090655
5846	0.001688199176
5847	0.0009503513104
5848	0.0004382705018
5849	0.005930273842
5850	0.0007453204633
5851	0.0006950552145
5852	0.002687635716
5853	0.0007199025016
5854	6.073284649e-05
5855	7.947500652e-05
5856	0.004316129368
5857	0.003668581911
5858	0.005116879112
5859	0.007803816442
5860	0.001401281836
5861	0.003252403333
5862	0.001590989806
5863	0.001278781619
5864	0.002603535137
5865	0.005171736118
5866	0.01247899279
5867	0.001977760962
5868	0.02639500182
5869	0.008965244673
5870	0.004605941317
5871	0.007213239981
5872	0.0001001647633
5873	0.0009827501145
5874	0.0003136632328
5875	0.001081524776
5876	0.002342663486
5877	0.0006739155575
5878	0.005138824931
5879	0.004758022136
5880	0.006818812461
5881	0.0003419475724
5882	0.0003039331035
5883	0.001443827926
5884	0.00122097195
5885	0.000622475871
5886	0.004741835163
5887	0.0009659709574
5888	0.0005923905609
5889	0.007195688392
5890	0.0002128200709
5891	4.151297639e-05
5892	0.001641271836
5893	0.0162034028
5894	0.003802301557
5895	0.00509749134
5896	0.007741336606
5897	0.007855438241
5898	5.847871721e-05
5899	0.0008189305674
5900	0.001226017326
5901	0.008488309117
5902	0.0002961534813
5903	0.001174178919
5904	0.0003805617603
5905	0.0001258125787
5906	0.001083958591
5907	0.0005124111389
5908	0.003503636979
5909	0.002147287674
5910	0.0001569977673
5911	0.01545516177
5912	0.0004703218326
5913	0.0005164828394
5914	0.01378947098
5915	0.0004156987791
5916	0.004916067345
5917	0.004419821276
5918	0.001412957632
5919	0.002874979662
5920	0.001642307512
5921	0.0007631829232
5922	0.006180211736
5923	0.0001138557031
5924	0.02311474608
5925	0.0012610443
5926	0.001547586977
5927	0.0002019577022
5928	0.0007637315807
5929	0.005932417207
5930	0.001805007603
5931	0.002502688467
5932	0.009062038019
5933	0.002188152549
5934	0.0002264096076
5935	0.003392770433
5936	0.004536768212
5937	0.0008596340461
5938	0.00587385336
5939	0.006945895447
5940	0.0009083951105
5941	0.002632487626
5942	0.005978387343
5943	0.003807033708
5944	0.001104109053
5945	0.0002056004648
5946	0.003496298896
5947	0.003006719102
5948	0.004328422814
5949	0.005364236583
5950	0.01364960034
5951	0.005869048484
5952	0.003583487971
5953	0.006194087394
5954	0.006078704507
5955	0.001225272629
5956	0.005103153481
5957	0.006593453755
5958	0.00236782828
5959	0.002275725498
5960	0.001378730909
5961	0.004813282943
5962	0.0009694017982
5963	0.0005349520283
5964	0.009666557653
5965	4.531120953e-05
5966	0.005605438142
5967	0.001176113406
5968	0.004210797556
5969	0.00195346941
5970	0.002940293392
5971	0.003587229092
5972	0.0196541182
5973	0.01421576685
5974	0.004643878115
5975	0.005347377976
5976	0.003747950559
5977	0.00315902866
5978	0.004654974034
5979	0.001817191409
5980	0.0005989343326
5981	0.002188080092
5982	0.008683921701
5983	0.003034961732
5984	0.001343404826
5985	0.00105249043
5986	0.007529231314
5987	0.009436841522
5988	6.316044406e-05
5989	0.0004837944231
5990	0.002230982568
5991	1.426558434e-05
5992	0.00445253714
5993	0.0002262026306
5994	0.0007476519118
5995	0.001251493662
5996	0.001718654568
5997	0.004886098364
5998	0.006099517376
5999	0.002875342563
6000	0.001621976969
6001	0.002165223249
6002	0.006444069984
6003	0.009576597938
6004	9.569184378e-05
6005	0.002347559324
6006	0.001429317782
6007	0.001980300278
6008	0.00178750313
6009	0.0005980943535
6010	0.0001302659402
6011	0.0008725865828
6012	0.0007311790402
6013	0.008966669596
6014	0.01795382819
6015	0.001775200868
6016	0.001634577761
6017	0.0003249044969
6018	0.002879547754
6019	0.004192999394
6020	0.003041121338
6021	0.01722783525
6022	0.0007390326541
6023	0.009952345312
6024	0.0008505716775
6025	0.01016126147
6026	0.002669167682
6027	6.483113147e-05
6028	0.0001603628893
6029	0.002429476468
6030	0.00286491209
6031	0.001344371279
6032	0.001181877777
6033	0.0008595141567
6034	0.007248380485
6035	0.002231108638
6036	0.0003316615506
6037	0.0122048882
6038	0.003314914878
6039	0.001837898022
6040	0.002972374342
6041	0.01017545465
6042	0.0005160528149
6043	0.0003019092929
6044	0.005087355121
6045	0.0004892260904
6046	0.000689697569
6047	0.009362259704
6048	0.002585665982
6049	0.00428478657
6050	0.01150371713
6051	0.001134500791
6052	0.0002416129618
6053	0.006465289842
6054	0.0006359963068
6055	0.00376176859
6056	0.003118782209
6057	0.000564739374
6058	0.00285972577
6059	0.001590240592
6060	0.001260436576
6061	0.0007515784963
6062	0.001982090991
6063	0.01905495637
6064	0.002263597741
6065	0.002343732309
6066	0.0008273968717
6067	0.0005330917171
6068	0.0009215525819
6069	0.001358036624
6070	0.0009276648746
6071	0.0002502557534
6072	0.002256397072
6073	0.0007639992508
6074	0.003691380366
6075	0.003164196376
6076	0.0009428114456
6077	0.002015365809
6078	0.008156059254
6079	0.006032438874
6080	0.0003986422084
6081	0.002394195623
6082	0.007327560268
6083	0.000832644585
6084	0.001397641565
6085	0.003947644161
6086	0.001582792766
6087	0.008150397172
6088	0.001633240117
6089	0.001154511641
6090	0.004603589604
6091	0.003107330242
6092	0.002010068629
6093	0.000934538962
6094	0.01253754666
6095	0.001431205681
6096	0.003198125465
6097	0.003321301731
6098	0.008978742495
6099	0.003865640622
6100	0.009919681931
6101	0.001641803516
6102	0.002672216724
6103	0.00212973354
6104	0.003594041119
6105	0.01108873681
6106	0.001904112226
6107	0.002147831013
6108	0.001765455737
6109	0.0001322313592
6110	0.001628696842
6111	0.0009657901253
6112	0.0009972000011
6113	0.00021855606
6114	0.001326627333
6115	0.002161260357
6116	0.002238175481
6117	0.003415528409
6118	0.003613056878
6119	0.007510297029
6120	0.0001758996573
6121	0.0007287871752
6122	0.001278498995
6123	0.001653484404
6124	1.167357508e-05
6125	0.003909939538
6126	0.001830779781
6127	0.007601572348
6128	0.00172904728
6129	0.002220069059
6130	0.0003319867404
6131	0.003531798626
6132	0.002121758293
6133	0.003254208152
6134	0.0006606240639
6135	0.002601925109
6136	0.002747651692
6137	0.005247716065
6138	0.0002302144525
6139	0.001136615223
6140	0.001093965335
6141	0.005405418374
6142	0.0003108383847
6143	0.001856178622
6144	0.002322416306
6145	0.0002131964292
6146	0.009891660944
6147	0.000836533864
6148	0.009204677761
6149	0.002806074494
6150	0.005867682076
6151	0.001686991477
6152	0.000415906753
6153	0.0044734468
6154	0.001262380376
6155	0.00170890739
6156	0.002797267838
6157	0.0002476141595
6158	0.004986455516
6159	0.00651011565
6160	0.006623563883
6161	0.001877728745
6162	0.01021427235
6163	0.004584331011
6164	0.005555678485
6165	0.001770695624
6166	0.0002933191994
6167	0.0004871607035
6168	0.008390036862
6169	0.006716781143
6170	0.003079633399
6171	0.0004604087885
6172	4.695789631e-05
6173	0.007407969713
6174	0.0004198477343
6175	0.001148871134
6176	0.001592484635
6177	0.001816846477
6178	0.004205940671
6179	0.0008352768205
6180	0.0002928322846
6181	0.00526070088
6182	0.0001578090517
6183	0.0009259881543
6184	0.00178580092
6185	0.001086803404
6186	0.00833137083
6187	4.516271117e-05
6188	0.003066342493
6189	0.0008967223865
6190	0.005577950904
6191	0.008897399341
6192	0.001285094391
6193	0.002203880399
6194	0.004370158355
6195	0.009307327351
6196	0.001397555728
6197	0.00407026179
6198	0.001470655831
6199	0.0063331117
6200	0.00357277221
6201	0.00506292551
6202	0.001503371452
6203	0.008860667828
6204	0.003296873397
6205	0.001912682522
6206	0.0009942405184
6207	0.002837282103
6208	0.002754116297
6209	0.003094149061
6210	0.002191625237
6211	0.001507794802
6212	0.0007088064786
6213	0.002247687322
6214	0.003953323824
6215	0.004662628885
6216	0.009668171925
6217	0.0008188311896
6218	0.0007573230144
6219	0.004253654723
6220	0.0001425921348
6221	9.37658096e-05
6222	0.003291955697
6223	0.003225601863
6224	0.002793599055
6225	0.005361018777
6226	0.000982810666
6227	0.006337251405
6228	0.0004448671045
6229	0.002580111863
6230	0.0187256743
6231	0.005093559772
6232	0.01722422563
6233	0.001565127198
6234	0.001612468815
6235	0.003919690913
6236	0.006124985928
6237	0.003914230648
6238	0.0127424316
6239	0.001917227957
6240	0.001830631973
6241	0.002368711424
6242	0.001203922682
6243	0.001970395817
6244	0.005647289426
6245	0.002930172718
6246	0.004419556165
6247	0.002708161677
6248	0.001621003443
6249	0.0004156544519
6250	0.000530823222
6251	0.0004031604358
6252	0.0045325073
6253	0.00547405557
6254	0.000167163795
6255	0.006893141361
6256	0.01293510926
6257	3.808268547e-05
6258	0.001986895997
6259	0.001400160729
6260	0.006783854417
6261	0.0001765825103
6262	0.0004118401232
6263	0.001626751273
6264	0.000512775769
6265	0.0008907590946
6266	0.002732705243
6267	0.000483650197
6268	0.006450279088
6269	0.001227774943
6270	0.0007008206937
6271	0.0008320403343
6272	0.002743772913
6273	0.005355101943
6274	0.0002416003478
6275	0.0004090959453
6276	0.001374785594
6277	0.0009068363642
6278	0.001626728451
6279	0.002631493815
6280	0.004425227041
6281	0.008491164732
6282	0.003401143882
6283	0.009348487666
6284	0.003469905058
6285	0.001336932741
6286	0.007398535089
6287	0.002591524974
6288	0.00288790295
6289	0.002548089713
6290	0.0046088929
6291	0.001444967765
6292	0.002161051181
6293	0.001380258694
6294	0.001965154856
6295	0.004776986824
6296	0.002182352807
6297	0.00153599408
6298	0.008478156412
6299	0.001308008613
6300	1.148253989e-05
6301	0.001621127326
6302	0.005847192207
6303	0.0007371015547
6304	0.0005258087111
6305	0.01017742477
6306	0.001483543199
6307	0.006585675262
6308	0.004853177999
6309	0.001648100762
6310	0.003775045727
6311	0.0004402103061
6312	0.005711564084
6313	0.003832175908
6314	0.001495248676
6315	0.001322007628
6316	0.005274211228
6317	0.001034962539
6318	0.0001144297476
6319	0.001313497577
6320	0.007767053402
6321	0.0005035325943
6322	0.01435775062
6323	0.005043061586
6324	3.43309468e-05
6325	0.0004605235869
6326	0.002229412787
6327	0.004212245604
6328	0.0007606231353
6329	0.02127580004
6330	0.004566442976
6331	0.0009054069586
6332	0.001387787619
6333	0.0008074618561
6334	0.0001882372409
6335	0.001584843376
6336	0.003254472635
6337	0.000668837106
6338	0.004186234678
6339	0.001604101315
6340	0.004841851062
6341	0.004216086031
6342	0.0007258294664
6343	0.002997333991
6344	0.01016625681
6345	0.002658503411
6346	0.01840966808
6347	0.005718374136
6348	2.354264039e-05
6349	0.002247344966
6350	0.002006969161
6351	0.005374029126
6352	0.003490150179
6353	0.0007002447973
6354	0.01888936085
6355	0.003531111925
6356	0.0004728266164
6357	0.006385321089
6358	3.271628292e-05
6359	0.001313581839
6360	0.001807405712
6361	0.0009621170833
6362	0.0002264364696
6363	0.001798214083
6364	0.001273686943
6365	0.002487026994
6366	0.0004707803534
6367	0.004638654226
6368	0.003879848672
6369	0.003917957524
6370	0.001399592989
6371	0.003052849194
6372	0.0006243744718
6373	0.003481736748
6374	0.009083900182
6375	0.001548197827
6376	0.01072640486
6377	0.0001525028752
6378	0.01646510388
6379	0.001714101798
6380	0.001110705391
6381	0.00513594546
6382	0.01565398031
6383	0.009601342871
6384	0.01661727508
6385	0.000682626022
6386	0.007364041293
6387	0.0003040734874
6388	0.004633444379
6389	0.004482460634
6390	0.001365094373
6391	0.008962109154
6392	0.001404605845
6393	0.007112399844
6394	0.0005554279728
6395	0.0003815022262
6396	0.001099558433
6397	0.003434336773
6398	0.002384768306
6399	0.0009547912613
6400	0.00527437862
6401	0.0007990965507
6402	0.0001455299697
6403	0.001946952861
6404	0.0003311905027
6405	0.003430729178
6406	0.003068509435
6407	0.0008263674345
6408	0.0001707464534
6409	0.0008510387401
6410	0.003103359753
6411	0.001897734588
6412	0.004951939618
6413	0.003228459091
6414	0.006815917876
6415	0.0008135905285
6416	0.003304237854
6417	0.0005863895666
6418	0.0007512460245
6419	0.01071163832
6420	0.004287484527
6421	0.001923136842
6422	0.0005871541009
6423	0.004090513766
6424	0.001136977399
6425	0.001014558173
6426	0.002413878588
6427	0.0014919919
6428	0.002979440203
6429	0.001653467518
6430	0.008169952527
6431	0.01335478526
6432	0.00221435071
6433	0.005922335592
6434	0.00340865073
6435	0.004781723295
6436	0.001020669065
6437	0.006464992625
6438	0.0002561195723
6439	0.001001443988
6440	0.006762769246
6441	0.006012622633
6442	0.001698503102
6443	0.0009318987589
6444	0.003133672119
6445	0.003970373079
6446	0.002485993211
6447	0.0002452673339
6448	0.009295149193
6449	0.001396688412
6450	0.01780457126
6451	0.01584105597
6452	0.00162850798
6453	0.003142547394
6454	0.002072582306
6455	0.0009163710639
6456	0.001668340757
6457	0.0004824632815
6458	0.001995291698
6459	0.001656310787
6460	0.005658328166
6461	0.006630483217
6462	0.00186950233
6463	0.001081934865
6464	0.01363011226
6465	0.001895133219
6466	0.003675659825
6467	0.001721699755
6468	0.000229707454
6469	0.001562536192
6470	0.003161391913
6471	0.0007602123266
6472	0.002882341519
6473	0.001120826728
6474	0.003625152558
6475	0.0002283902846
6476	0.006973850757
6477	0.001194708007
6478	0.001227612274
6479	0.002294928915
6480	0.01191446352
6481	0.003360635402
6482	0.007861757942
6483	0.001205164996
6484	0.001161462676
6485	0.0008510156418
6486	0.005648988851
6487	0.001182147979
6488	0.002495991713
6489	0.003680696632
6490	0.01317317264
6491	0.005513923954
6492	0.0003916884335
6493	0.000842163101
6494	7.597452582e-05
6495	0.001032063867
6496	0.001325571996
6497	0.006541401896
6498	0.009388477845
6499	0.01662141816
6500	0.001775801175
6501	0.001007125346
6502	0.001580748525
6503	0.001886109821
6504	0.001777477835
6505	0.00502300792
6506	0.01038120172
6507	0.0004757853462
6508	0.0002829640328
6509	0.00862336862
6510	0.006952673661
6511	0.002067103918
6512	0.009894345273
6513	0.0002077561959
6514	0.004351757049
6515	0.002935278335
6516	0.002189171936
6517	0.001348724195
6518	0.0003436425882
6519	0.004566895475
6520	0.001156997369
6521	0.006440413232
6522	0.0006476769783
6523	0.00272868576
6524	0.001252166499
6525	0.001192346994
6526	0.001526220736
6527	0.0009794350001
6528	0.001598827069
6529	0.0003472022311
6530	0.0003841871242
6531	0.001220805039
6532	0.003150034263
6533	0.006835758363
6534	0.0001709066614
6535	0.006504719907
6536	0.003336400788
6537	9.497478321e-05
6538	0.0008560067741
6539	0.002160781437
6540	0.0007603388471
6541	0.006660164258
6542	0.0003359407275
6543	0.003011533998
6544	0.001979195936
6545	0.0005197570373
6546	0.004332454844
6547	0.00382023709
6548	0.001187441858
6549	0.00252814383
6550	0.001811842222
6551	0.004036069487
6552	0.002129950594
6553	0.006305936123
6554	0.001624401901
6555	0.003085764545
6556	0.003643907998
6557	0.001569220662
6558	0.001916879654
6559	0.003271198641
6560	0.001530405567
6561	0.01215550871
6562	0.004148481206
6563	0.004734507657
6564	0.006782547945
6565	0.002778292991
6566	0.004304755501
6567	0.001665803089
6568	0.005535304095
6569	0.006666970886
6570	0.005961134835
6571	0.001304884354
6572	0.008657863314
6573	0.001837674944
6574	0.0009103540803
6575	0.0110171721
6576	0.000617525483
6577	0.001460875105
6578	0.007307609067
6579	0.002227158198
6580	0.0005664463025
6581	0.001479668069
6582	0.002598158514
6583	0.002833676895
6584	0.0006773204254
6585	0.0005903904657
6586	0.003385903179
6587	0.01162967561
6588	0.001315656766
6589	0.01018034736
6590	0.01190547095
6591	0.001561293465
6592	0.001067973051
6593	0.004638959634
6594	0.00017011078
6595	0.0007368555024
6596	0.001029614089
6597	0.001892818934
6598	0.01211589865
6599	0.002242154545
6600	0.002822217665
6601	0.003325962159
6602	0.002207498885
6603	0.002099317053
6604	0.001528652976
6605	0.0004713462138
6606	0.01131704451
6607	0.003338789206
6608	0.004234161971
6609	0.001580719826
6610	0.001389545275
6611	0.0128561213
6612	0.005427690589
6613	0.00278570001
6614	0.0003752597421
6615	0.005074359446
6616	0.001335039581
6617	0.002212313615
6618	0.01269538892
6619	0.0006268736718
6620	0.008584111326
6621	0.003856589358
6622	0.003785741225
6623	0.005877036501
6624	0.001002144068
6625	0.001536070028
6626	0.001671892838
6627	0.01089713601
6628	0.007720131654
6629	0.001636783201
6630	0.007047252
6631	0.001611146569
6632	0.001311127744
6633	0.005036637789
6634	0.000201148266
6635	0.002385465703
6636	0.00463966964
6637	0.0009070218208
6638	0.002530759324
6639	0.004780882088
6640	9.079746182e-05
6641	0.001992219667
6642	0.0001857748139
6643	0.00790284186
6644	0.003377677177
6645	0.001715421684
6646	0.002888588363
6647	0.0004999934911
6648	0.002246142552
6649	0.007346088781
6650	0.002568281544
6651	0.001938887284
6652	0.001276403912
6653	0.001344884871
6654	0.01258863177
6655	0.001747466185
6656	0.001535419608
6657	0.006362543329
6658	0.001361959152
6659	0.006334366114
6660	0.002511063342
6661	0.002034101745
6662	0.004143792293
6663	0.00489649015
6664	0.00166057313
6665	0.0007837557347
6666	0.001505344116
6667	0.001241630746
6668	0.001433589111
6669	0.001193364998
6670	0.0006754928716
6671	0.008257773678
6672	0.001028762443
6673	0.0004179177598
6674	0.004025380885
6675	0.005340063236
6676	0.002565086333
6677	0.009487692225
6678	0.003801093377
6679	0.0001923805325
6680	0.0008469024685
6681	0.0008324979192
6682	0.0002533964694
6683	0.002799056612
6684	0.0004702086957
6685	0.0001365272502
6686	0.00766132223
6687	0.0008805351467
6688	0.001901472338
6689	0.0002743901442
6690	0.002678581318
6691	0.0006594245584
6692	0.01868900688
6693	0.001191338298
6694	0.01319302398
6695	0.008111148317
6696	0.00630747357
6697	0.002575294833
6698	0.00125658364
6699	0.009164598308
6700	0.005253347968
6701	0.005339968246
6702	0.002535941465
6703	0.0120334327
6704	0.007524620065
6705	0.004640384569
6706	0.01547037794
6707	0.001776379433
6708	0.01173473693
6709	0.005196103054
6710	0.001293342098
6711	0.007315945136
6712	0.004109748602
6713	0.01026219282
6714	0.002803367477
6715	0.005910835781
6716	0.0002500215016
6717	0.004574434457
6718	0.002673311988
6719	0.00842952528
6720	0.008911214542
6721	0.007171315416
6722	0.00535826169
6723	0.002839344118
6724	7.160366863e-05
6725	0.001151673229
6726	0.0003396546916
6727	0.007441653198
6728	0.002634895301
6729	0.005298001905
6730	0.005624988287
6731	0.001972619572
6732	0.004402776217
6733	0.002593182267
6734	0.003134849889
6735	0.003536011349
6736	9.78197506e-05
6737	0.001720780595
6738	0.004623267921
6739	0.00139580563
6740	0.007445809198
6741	0.00090440488
6742	0.0006791228017
6743	0.006713788838
6744	6.141713936e-05
6745	0.01668656545
6746	0.003197384499
6747	0.002812802898
6748	0.00240593623
6749	0.007212423174
6750	0.003082814488
6751	0.003962148194
6752	0.001622613288
6753	0.005544889888
6754	0.003035638843
6755	0.01200552966
6756	0.00852516996
6757	0.006845469135
6758	0.002314540128
6759	0.00125651658
6760	0.006483972524
6761	0.0003275578736
6762	0.003622513762
6763	0.004810537516
6764	0.005536420045
6765	0.01058032038
6766	0.002792703567
6767	0.004930151956
6768	0.0142517792
6769	0.0004599248538
6770	0.00487050002
6771	0.0002196312865
6772	0.002446623214
6773	0.004922636051
6774	0.006738797862
6775	0.003492436928
6776	0.006454683445
6777	0.008812628966
6778	0.005060848484
6779	0.01228404428
6780	0.002331694117
6781	0.00744155516
6782	0.009909787601
6783	0.001776880309
6784	0.01176426203
6785	0.005162669661
6786	0.001699538475
6787	0.005883825746
6788	0.003738630845
6789	0.009245038085
6790	0.0007697161702
6791	0.0004929912837
6792	0.002813327873
6793	0.006306249696
6794	0.004197122516
6795	0.00717819249
6796	0.00562396272
6797	0.00353746042
6798	0.001157891497
6799	0.0005990274774
6800	0.001775910926
6801	0.007252202252
6802	0.008548978322
6803	0.003581697052
6804	0.00825772132
6805	0.007340580757
6806	0.001872731557
6807	0.01273106711
6808	0.01021213059
6809	0.001203509349
6810	0.005969448355
6811	0.001624302201
6812	0.0004685613151
6813	0.004658507561
6814	0.006907205139
6815	0.001340041463
6816	0.0008296328645
6817	0.004609401902
6818	0.0008962123235
6819	0.004676940864
6820	0.002497193708
6821	0.01341116216
6822	0.00191082141
6823	0.006701907808
6824	0.004106987095
6825	0.008559998669
6826	0.006600409367
6827	0.00857884456
6828	0.0131104379
6829	0.005144280802
6830	0.009411070059
6831	0.002186730628
6832	0.006535404974
6833	0.002980933209
6834	0.001068322528
6835	0.003052065126
6836	0.004286463858
6837	0.0008018282336
6838	0.0005304853762
6839	0.004875908164
6840	0.008563353102
6841	0.002998476031
6842	0.001318353384
6843	0.003081819057
6844	0.006713773509
6845	0.006327866272
6846	0.006101639759
6847	0.01091574693
6848	0.002256289927
6849	0.008612694094
6850	0.0002615065079
6851	0.01275701869
6852	0.01094484771
6853	0.001953586259
6854	0.004030774091
6855	0.006041843913
6856	0.0005260926775
6857	0.002147384765
6858	0.0008399059174
6859	0.001007026992
6860	0.005412467917
6861	0.0006645417364
6862	0.007466969372
6863	0.001089915686
6864	0.002494656937
6865	0.0008664235647
6866	0.009886262907
6867	0.01652812542
6868	0.005226540395
6869	0.003438660082
6870	0.001782360607
6871	0.0007687597786
6872	0.008830501024
6873	0.0008033975521
6874	0.009807653256
6875	0.02135245769
6876	0.0102258547
6877	0.009004582892
6878	0.003329318452
6879	0.01357570069
6880	0.003884674108
6881	0.003400118313
6882	0.00142512057
6883	0.004958347859
6884	0.01066358795
6885	0.001202242681
6886	0.0004000651437
6887	0.001888778107
6888	0.004848032401
6889	0.006763183521
6890	0.01129241348
6891	0.0005674964617
6892	0.003274555676
6893	0.01203822076
6894	0.001861963558
6895	0.002519915545
6896	0.00701041646
6897	0.006540309915
6898	0.01457568106
6899	0.009193112236
6900	0.008546306217
6901	0.005500095599
6902	0.003129509662
6903	0.003215529004
6904	0.002950254228
6905	0.002326983058
6906	0.005456796498
6907	0.001017848602
6908	0.0006245299657
6909	0.001459064099
6910	0.005040724669
6911	0.01161363405
6912	0.0005867024327
6913	0.013622644
6914	0.01392111193
6915	0.004589313783
6916	0.01700734497
6917	0.01318806722
6918	0.004981928832
6919	0.0005236909546
6920	0.01414264386
6921	0.01416376317
6922	0.008701554628
6923	0.004147617363
6924	0.001465496142
6925	0.0135600506
6926	0.002946996459
6927	0.0004058216035
6928	0.001336738383
6929	0.001191787158
6930	0.0002139850265
6931	0.005292186625
6932	0.009169124548
6933	0.008402166136
6934	0.001611934027
6935	0.0005869443728
6936	0.001235152106
6937	0.00248064102
6938	0.009225101124
6939	0.01866390534
6940	0.003172280743
6941	0.004365636418
6942	0.005478474378
6943	0.013134997
6944	0.0008790789752
6945	0.008147822723
6946	0.009490350539
6947	0.01076323193
6948	0.004615772054
6949	0.001852401912
6950	0.01135516142
6951	0.005109128947
6952	0.004919553773
6953	0.006082667259
6954	0.006635399649
6955	0.003497280499
6956	0.003660828126
6957	0.0004742781544
6958	0.000277203538
6959	0.01067769014
6960	0.0005012009624
6961	0.007565106131
6962	0.002180172377
6963	0.01023769469
6964	0.001975382702
6965	0.007520885655
6966	0.02142694578
6967	0.00555017887
6968	0.004370401486
6969	0.006787748571
6970	0.001922256127
6971	0.006460958426
6972	0.002933912396
6973	0.0006200831384
6974	0.01024869151
6975	0.001884831556
6976	0.003017831156
6977	0.0007771310997
6978	0.002708522495
6979	0.00580732752
6980	0.005386240071
6981	0.006875242232
6982	0.007411015526
6983	0.0108301146
6984	0.005150635527
6985	0.006756949587
6986	0.0008499622728
6987	0.0002624317773
6988	0.002762012839
6989	0.005699599764
6990	0.007470345485
6991	0.007024130308
6992	0.0004374149631
6993	0.0156320147
6994	0.009496736593
6995	0.01130913973
6996	0.003211797021
6997	0.0004242287355
6998	0.0007069203812
6999	0.01016640485
7000	0.01319170865
7001	0.002337270538
7002	0.001317721772
7003	0.007333517067
7004	0.00323830875
7005	0.0002955796086
7006	0.003992717925
7007	0.002698417788
7008	0.001489481175
7009	0.004512159065
7010	0.01033546789
7011	0.001665834988
7012	0.001244488281
7013	0.0005697038007
7014	0.0002523689728
7015	0.0006821165346
7016	0.008566658822
7017	0.001902164081
7018	0.0003485693554
7019	0.0005571294746
7020	0.001038550529
7021	0.0005916608098
7022	0.004305723603
7023	0.004797288659
7024	3.919137753e-05
7025	0.003891305032
7026	0.0006207676941
7027	0.005933005012
7028	0.005548808376
7029	0.0001010135791
7030	0.001131823612
7031	0.0008124451814
7032	0.001729910118
7033	0.0001162691665
7034	0.0009039281353
7035	0.0111634307
7036	0.006101954387
7037	0.0003599080764
7038	0.0005235797159
7039	0.006611554583
7040	0.0006057650682
7041	0.000817495125
7042	0.0004383708015
7043	0.001261080156
7044	0.0002644900695
7045	0.0002191252935
7046	0.001271715118
7047	0.0004337845575
7048	0.000832082808
7049	0.001130703273
7050	0.0006422956007
7051	0.001271652055
7052	0.001441296343
7053	0.009804649943
7054	0.005674163747
7055	0.001405960331
7056	0.007371316878
7057	0.0001337251304
7058	0.001140912367
7059	0.0002817674667
7060	0.001128932686
7061	0.001310934308
7062	0.004532845036
7063	0.01081902712
7064	0.00412376754
7065	0.01010196258
7066	0.005007232941
7067	0.004483500693
7068	0.01044363608
7069	0.004106155704
7070	0.00151533161
7071	0.005159001204
7072	0.002822142974
7073	0.001392318325
7074	0.0009400404989
7075	0.001205627564
7076	0.002213291738
7077	3.13253367e-05
7078	0.0009782786804
7079	0.0007936337908
7080	0.0005890401885
7081	0.001752340118
7082	0.001144627483
7083	0.0003181973254
7084	0.002850463379
7085	0.001585284734
7086	6.905026385e-05
7087	0.0006831970415
7088	0.0006496646836
7089	0.0005903862305
7090	0.002463329415
7091	0.002417594767
7092	0.003350849694
7093	0.006363798324
7094	0.0003866081546
7095	0.008675922268
7096	0.00456434479
7097	0.004391809683
7098	0.003382641181
7099	0.006998773992
7100	0.01676691121
7101	0.004145854393
7102	0.00119748979
7103	0.004563591174
7104	0.001134062019
7105	0.0002800438377
7106	0.001912640323
7107	0.0005215032942
7108	0.005519698798
7109	0.000703815115
7110	0.001461829434
7111	0.002361378536
7112	0.001195351413
7113	0.001239437512
7114	0.0009518224071
7115	0.0008179389815
7116	0.000168229793
7117	0.001206886686
7118	0.01379200922
7119	0.001212551012
7120	0.001690037907
7121	0.0105781741
7122	0.0008013133333
7123	0.001817140031
7124	0.001657587182
7125	0.000749215018
7126	0.002356650496
7127	8.91370283e-05
7128	0.0001628241034
7129	0.0001767555332
7130	0.002048996516
7131	0.004269631128
7132	0.002442173987
7133	0.003011958312
7134	6.591058307e-05
7135	0.0006324281612
7136	0.0009439542674
7137	0.001243378065
7138	0.001192866977
7139	0.002451715377
7140	0.0001107683955
7141	0.0005083075859
7142	0.002590570643
7143	0.001608186567
7144	0.00100933235
7145	0.00093044012
7146	2.062259075e-05
7147	0.001488840641
7148	0.001870910058
7149	0.0005255211267
7150	0.001877640249
7151	0.0008396450721
7152	0.0006040911841
7153	0.00346491443
7154	0.0006629024916
7155	0.01160614541
7156	0.0001487209345
7157	0.001594734407
7158	0.001415169405
7159	0.006254780953
7160	0.005185114342
7161	0.002928361042
7162	0.003932430048
7163	0.001001532378
7164	0.0007779593215
7165	0.008042269763
7166	0.001762615061
7167	0.002871726554
7168	0.009457721902
7169	0.01202546895
7170	0.0004735503372
7171	0.003105630804
7172	0.003595724303
7173	0.003163456198
7174	0.0006890346388
7175	0.00459207865
7176	0.001902551416
7177	0.003773263124
7178	0.0008440350881
7179	0.0004139771792
7180	0.00308541605
7181	0.003276198113
7182	0.002636271639
7183	0.0006643063766
7184	0.009152683989
7185	0.01376516298
7186	0.009856144285
7187	0.001743754781
7188	0.004371858534
7189	0.004687197079
7190	0.0002811698226
7191	0.01210406451
7192	0.003846312831
7193	0.01206082604
7194	0.002032289041
7195	0.004658384517
7196	0.0007082540824
7197	0.005242065903
7198	0.002213591683
7199	0.002056202517
7200	0.00187589945
7201	0.0008553573002
7202	0.008596121271
7203	0.005880729356
7204	0.00383953452
7205	0.008819169714
7206	0.006288889958
7207	6.82778518e-06
7208	0.005970643276
7209	0.001294314172
7210	2.839988034e-05
7211	0.011341968
7212	0.00618975893
7213	0.005419498233
7214	0.005596336158
7215	0.0009221474103
7216	0.006599017144
7217	0.000896132919
7218	0.002673160318
7219	0.001435369319
7220	0.008866494481
7221	0.00136390851
7222	0.01435863978
7223	0.001131611619
7224	0.002076267763
7225	0.007478389899
7226	0.004151156745
7227	0.0004920190215
7228	0.003519873092
7229	0.007721122898
7230	0.01058422358
7231	0.0007116668379
7232	0.0001714244481
7233	0.004057453155
7234	0.01670329491
7235	0.008136413135
7236	0.01277656451
7237	0.007470734246
7238	0.001437102849
7239	0.002714067572
7240	0.003305095194
7241	0.00914781979
7242	0.0008474619077
7243	0.001293217074
7244	0.001904758386
7245	0.007765942284
7246	0.000841471335
7247	0.01390459272
7248	0.01185809376
7249	0.008319303642
7250	0.001121819125
7251	0.005286240139
7252	0.003871979679
7253	0.0006060513164
7254	0.002305750962
7255	0.002575311172
7256	0.0005196228203
7257	0.004917023472
7258	0.008085527957
7259	0.007131525034
7260	0.007655881882
7261	0.001972586478
7262	0.0119945476
7263	0.002243295286
7264	0.001109826
7265	0.01541921115
7266	0.00321834028
7267	0.001021064175
7268	0.01142381776
7269	0
7270	0.02058956945
7271	0.004363237829
7272	0.003331739208
7273	0.00152760173
7274	0.001818165582
7275	0.003074453725
7276	0.0007541302189
7277	0.01508115539
7278	0.00663417818
7279	0.01428148202
7280	0.0047897468
7281	0.001061005555
7282	5.071342768e-05
7283	0.007510314919
7284	0.003143077238
7285	0.001982213355
7286	0.000332149076
7287	0.009672698503
7288	0.001175941328
7289	0.01112275116
7290	0.01710016791
7291	0.004464262332
7292	0.001432787821
7293	0.007976547276
7294	0.01927083397
7295	0.01163021183
7296	0.006906785153
7297	0.001165424139
7298	0.004973018111
7299	0.001342309955
7300	0.01389425866
7301	0.006811144373
7302	0.01130067636
7303	0.01251462357
7304	0.001085576462
7305	0.00224467882
7306	0.002266446344
7307	0.000670812299
7308	0.000365321154
7309	0.0009760488676
7310	0.0006301675203
7311	0.00223494704
7312	0.0005678637775
7313	0.00225867525
7314	0.0007231630718
7315	0.0003708801709
7316	0.002239496112
7317	0.001578823088
7318	0.002632478465
7319	0.001724436472
7320	0.002077908614
7321	0.004762467764
7322	0.0003978323947
7323	0.0009027615853
7324	0.004788836077
7325	0.0006572371785
7326	0.000635237039
7327	0.000627030331
7328	0.001045603248
7329	0.0008640578585
7330	0.001948642114
7331	0.0109111145
7332	0.004632716945
7333	0.0006433419459
7334	0.0002283089096
7335	0.007066202777
7336	0.001509929304
7337	0.00189010388
7338	0.004332676968
7339	0.002710319101
7340	0.001308942125
7341	0.0002285638867
7342	0.0005375489552
7343	0.0001999948231
7344	0.003721000352
7345	0.001338171873
7346	3.065452386e-05
7347	0.0007959957393
7348	0.0004383929051
7349	0.001246132371
7350	0.004001088865
7351	0.00190081009
7352	0.0002021047416
7353	0.001661941305
7354	0.001313996993
7355	0.001871842659
7356	0.002772273334
7357	0.0003524103025
7358	0.003934186691
7359	0.002190208106
7360	0.0007800466293
7361	0.00220499004
7362	0.001083389462
7363	0.001430797501
7364	0.000278839557
7365	0.001144994102
7366	0.003395513123
7367	0.0004545821454
7368	0.0001316063936
7369	0.001115636131
7370	0.003468181399
7371	0.0006060294143
7372	0.001250175075
7373	0.0006700581947
7374	0.002463091006
7375	0.001628754254
7376	0.0107375752
7377	0.006694115805
7378	0.005129078666
7379	0.001135309473
7380	0.008700643
7381	0.001908096864
7382	0.00134043568
7383	0.002753407272
7384	0.00129338411
7385	0.002118069962
7386	0.006002690414
7387	0.001760763168
7388	0.003947644684
7389	0.003805024192
7390	0.00247752542
7391	0.01508856359
7392	0.001074326068
7393	0.004642499931
7394	0.003895113716
7395	0.001154315616
7396	0.002520707816
7397	0.0016896496
7398	0.003387040274
7399	0.002403344953
7400	0.005229426313
7401	0.0007963269058
7402	0.001068340126
7403	0.00913903855
7404	0.001392439011
7405	0.0007039889339
7406	0.00113127819
7407	0.002850655225
7408	0.001015599455
7409	0.006232287034
7410	0.002077829634
7411	0.01020360029
7412	0.006007222685
7413	0.01016171987
7414	0.001996479683
7415	0.002979828448
7416	0.0001571392188
7417	0.004207098641
7418	0.006553711182
7419	0.0001866337831
7420	0.001235070022
7421	0.006007605036
7422	0.003378758489
7423	0.00482487203
7424	0.003934474885
7425	0.002784898751
7426	0.01061247666
7427	0.001114799357
7428	0.001378855489
7429	0.00178918529
7430	0.01042701931
7431	0.0002602570998
7432	0.001968000364
7433	0.004937351273
7434	0.006135177437
7435	0.01080417905
7436	0.0001553361365
7437	0.002209362786
7438	0.02650711698
7439	0.004037827516
7440	0.001242701281
7441	0.001457612926
7442	0.0009643693898
7443	0.002047150812
7444	0.009302474665
7445	0.0001635164903
7446	0.0006828023971
7447	0.01043169294
7448	0.004297919336
7449	0.004359851356
7450	0.001736969482
7451	0.002976433292
7452	0.0008917919723
7453	0.003295928727
7454	0.008890645013
7455	0.008287601317
7456	0.002713967636
7457	0.0007323105891
7458	0.002859204605
7459	0.005255418761
7460	0.00343507851
7461	0.007982315417
7462	0.006885564044
7463	0.00310750885
7464	0.001069222791
7465	0.003728849089
7466	0.007351692859
7467	0.004810258674
7468	0.008692201842
7469	0.001752981663
7470	0.008813221076
7471	0.008663417638
7472	0.007354566973
7473	0.0005212775781
7474	0.007949697515
7475	0.001749776762
7476	0.0148926697
7477	0.006185243225
7478	0.007600086575
7479	0.00152082101
7480	0.01495486215
7481	0.008009085254
7482	0.006207819649
7483	0.005610174431
7484	0.002942000452
7485	0.00195035532
7486	0.004990336612
7487	0.009934150136
7488	0.00799857061
7489	0.005498836425
7490	0.002717339879
7491	0.0004899124821
7492	0.0005016568895
7493	0.002602809553
7494	0.0001378389231
7495	0.001354135269
7496	0.005019871871
7497	0.004592173151
7498	0.009594951033
7499	0.0004770510915
7500	0.001197120334
7501	0.008351679498
7502	4.487861328e-06
7503	0.002157117527
7504	0.006489938324
7505	0.006572175714
7506	0.00392241078
7507	0.001702162245
7508	0.006435291556
7509	0.0003414850211
7510	0.001719976798
7511	0.002793415751
7512	0.004358273003
7513	0.003157924707
7514	0.003335180811
7515	0.003635888006
7516	0.001278247755
7517	0.0002437278771
7518	0.005426549723
7519	0.002846185655
7520	0.005654362001
7521	0.008163495372
7522	0.0088177176
7523	0.0003332705055
7524	0.0006651935682
7525	0.003835577522
7526	0.0004883781476
7527	0.0005804684781
7528	6.503308793e-05
7529	0.001290770615
7530	4.866259516e-05
7531	0.0007353009118
7532	0.01392984046
7533	0.009935461622
7534	0.007288540148
7535	0.01185827453
7536	0.0003802452779
7537	0.001706229101
7538	0.001700108649
7539	0.002041192254
7540	0.002338026371
7541	0.009112012868
7542	0.02363137256
7543	0.01190432348
7544	0.002170240306
7545	0.002971502641
7546	0.004727409778
7547	0.008833533443
7548	0.008342195573
7549	0.00461139009
7550	0.0032435832
7551	0.01034558325
7552	0.003493166509
7553	0.01811610147
7554	0.00339409263
7555	0.003603590938
7556	0.001451769281
7557	0.00163797147
7558	0.0003137374936
7559	0.0006896137023
7560	0.003666639831
7561	0.0006264947916
7562	0.01286013639
7563	0.005571430936
7564	0.007665896084
7565	0.001761764527
7566	0.001810120858
7567	0
7568	0.003360031044
7569	0.02151169492
7570	0.01334582566
7571	0.005488319398
7572	0.0008163505704
7573	0.002782868482
7574	0.005467771956
7575	0.003839752481
7576	0.01041167298
7577	0.006864395938
7578	0.004126966819
7579	0.0003159092969
7580	0.0007128299457
7581	0.002586644102
7582	0.002697369122
7583	0.001358542073
7584	0.004456770784
7585	0.007862832113
7586	0.004222128098
7587	0.008250582438
7588	0.00104461794
7589	0.00283617498
7590	0.00644229811
7591	0.007169305049
7592	0.01228391993
7593	0.009130069939
7594	0.0037761022
7595	0.003448094479
7596	0.002977564175
7597	0.004641896087
7598	0.01118704075
7599	0.0008250650872
7600	0.007298880899
7601	0.003623327734
7602	0.005593091722
7603	0.0007173097942
7604	0.002125860967
7605	0.0007865120249
7606	0.001205245502
7607	0.001664692829
7608	0.002755625753
7609	0.0003740370625
7610	9.167754566e-05
7611	0.000835487284
7612	0.0005614524473
7613	0.001815336893
7614	0.003473688632
7615	0.00135460699
7616	0.01185767438
7617	0.000444819191
7618	0.001046094034
7619	0.002835846677
7620	0.0001165467928
7621	0.006236354861
7622	0.002688738148
7623	0.00268816332
7624	0.005097969838
7625	4.056805299e-05
7626	0.002292998301
7627	0.002916623979
7628	0.002925780579
7629	0.001274906972
7630	0.0001506250643
7631	0.001095732569
7632	0.001070312408
7633	0.001653904794
7634	0.001039335103
7635	0.0001607106576
7636	0.003322955747
7637	0.002823939563
7638	0.001245274741
7639	0.01718665537
7640	0.0003550194294
7641	0.007859155729
7642	0.000252152201
7643	0.0003335889423
7644	0.001993080185
7645	0.001255148714
7646	0.0004798495665
7647	0.001843984346
7648	0.0004332991977
7649	0.0009084439751
7650	9.605499132e-05
7651	0.00101485286
7652	0.001589680759
7653	0.01381130325
7654	0.0007816344984
7655	0.0008467679673
7656	0.001144931809
7657	0.0006439600648
7658	0.001487493391
7659	0.0004843385029
7660	0.001139414863
7661	0.002740174149
7662	0.002818494774
7663	0.0009142564977
7664	0.001702258426
7665	0.001350723432
7666	0.0007926951249
7667	0.0001808925227
7668	0.003164972057
7669	0.001268251692
7670	0.0001822206728
7671	0.00114204535
7672	0.0002821383834
7673	0.002936253527
7674	0.001998343187
7675	0.001451069066
7676	0.0008593247644
7677	0.007151474948
7678	0.002616348796
7679	0.004236515685
7680	0.0008211481822
7681	0.0008781415392
7682	0.0008951658202
7683	0.0001962918068
7684	1.558839703e-05
7685	0.002110251151
7686	0.0003950503035
7687	0.0004679081844
7688	0.0002383550352
7689	0.0001553122163
7690	0.001400180415
7691	0.0001446412331
7692	0.002961698569
7693	0.0008054308382
7694	0.002361603635
7695	0.001849904759
7696	0.004705363569
7697	0.0002983435873
7698	0.004934504754
7699	0.0007653929708
7700	0.001513595511
7701	0.001300579635
7702	0.0003488749991
7703	0.001307673293
7704	0.0004011893099
7705	0.001444001401
7706	0.0005461895868
7707	0.002482036919
7708	0.000771166836
7709	0.001212113304
7710	0.001944617113
7711	0.0008105427695
7712	0.0016087576
7713	0.01277777067
7714	0.001367227452
7715	0.006785996104
7716	0.001945152343
7717	0.0009308861601
7718	0.006417146212
7719	0.0008130882461
7720	0.001154767886
7721	0.0147493925
7722	0.0005458453866
7723	0.0006827257306
7724	0.0002212840387
7725	0.002093961536
7726	4.925550144e-05
7727	0.0007963050868
7728	0.001533142937
7729	0.0001897482172
7730	0.0009294045674
7731	0.004210886986
7732	0.002473378911
7733	5.657669471e-06
7734	0.0009453488807
7735	0.002935560295
7736	0.001211311961
7737	0.0006179134544
7738	0.0003346156929
7739	0.0009135513801
7740	0.001127745462
7741	0.0002102870083
7742	0.0003801616269
7743	0.001821775749
7744	6.781516765e-05
7745	0.001108331768
7746	0.0004305883123
7747	0.0009724742304
7748	0.0018796861
7749	0.0003448866631
7750	0.001553594597
7751	0.0006247563777
7752	0.000247658996
7753	0.002011734017
7754	0.002620657851
7755	0.0001910579932
7756	0.001633490121
7757	0.002446253272
7758	0.002970911069
7759	0.0001785777977
7760	0.001063404021
7761	0.0001243953859
7762	0.001632981232
7763	0.001199308963
7764	0.0008305805347
7765	0.002076989192
7766	0.001964075548
7767	0.0003991169968
7768	0.001389997216
7769	0.001517731637
7770	0.001121100788
7771	9.412932873e-07
7772	0.0007780707797
7773	7.155548119e-05
7774	0.002073070821
7775	0.00133714395
7776	0.005162417558
7777	0.0008939178199
7778	7.704112866e-05
7779	0.001653736407
7780	0.003676216903
7781	0.02357321151
7782	0.0012573103
7783	0.001607485406
7784	0.0003383890691
7785	0.004127195517
7786	0.0007899164538
7787	0.002611165043
7788	0.0005725513062
7789	0.001163615355
7790	0.002886326423
7791	0.0006453259922
7792	0.0006091028301
7793	0.001242714578
7794	0.001106242398
7795	0.001463973879
7796	0.0007566162665
7797	0.001457149309
7798	0.0002592289477
7799	0.0007468295489
7800	1.725552989e-05
7801	0.001479764243
7802	0.01419553201
7803	0.0002847263579
7804	0.00803219962
7805	0.004213153809
7806	0.00161170466
7807	0.00781747301
7808	0.001376491409
7809	0.003055537029
7810	0.000204084298
7811	0.000806765961
7812	0.0006014785965
7813	0.009165058791
7814	0.008767991836
7815	0.01248625645
7816	0.03370968049
7817	0.007686620147
7818	0.005358647055
7819	0.01305559399
7820	0.006389515228
7821	0.0003410792958
7822	0.00281264209
7823	0.002166102725
7824	0.0002866692763
7825	0.0001323639228
7826	0.005709918824
7827	0.001698037082
7828	0.0007338294344
7829	0.01192578446
7830	0.0009043935237
7831	0.0009398778874
7832	0.0003884503895
7833	0.00179226997
7834	0.0004356012742
7835	0.0002285160126
7836	0.0007391126517
7837	0.002594179702
7838	0.0007213244784
7839	0.0009512250221
7840	0.0009178934573
7841	0.004572821599
7842	0.006940129866
7843	0.001397025702
7844	0.004216455951
7845	0.01037308021
7846	7.076188334e-05
7847	0.005732124034
7848	0.02461640142
7849	0.008237530957
7850	0.003382779648
7851	0.006490872499
7852	0.009799883512
7853	0.001204074494
7854	0.01133783451
7855	0.004963584012
7856	0.003291487295
7857	0.0002378512575
7858	0.004936391678
7859	0.006434522794
7860	0.02184979886
7861	0.002615990402
7862	0.0004653324668
7863	0.0006307653641
7864	0.001115425625
7865	7.100685554e-05
7866	0.003992936971
7867	0.001663146892
7868	0.007409594377
7869	0.002469488109
7870	0.0005193100002
7871	0.001910684277
7872	0.001646341831
7873	0.00672780479
7874	0.001653257955
7875	0.005199957357
7876	0.003817516877
7877	0.009026679689
7878	0.01177980673
7879	0.02221831521
7880	3.156646739e-06
7881	0.0103463612
7882	0.0195578524
7883	0.001521512977
7884	0.0002936091493
7885	0.000233066327
7886	0.001739802183
7887	0.0008131870994
7888	0.0002475900909
7889	0.001399691802
7890	0.002511840445
7891	0.01147139502
7892	0.0001729148351
7893	0.009069583255
7894	0.0003417144221
7895	0.001728097628
7896	7.062741414e-05
7897	0.0006747038723
7898	0.001011967734
7899	0.0002350815023
7900	0.0002529659062
7901	0.002115898646
7902	0.0005268024453
7903	0.005937464743
7904	0.00491735381
7905	0.002125526386
7906	0.002208738463
7907	0.008817879359
7908	0.006047287118
7909	0.0006212462551
7910	0.001800877196
7911	0.00274700151
7912	0.008238365627
7913	0.001585078315
7914	0.0001396873466
7915	0.001713944945
7916	0.002365624401
7917	0.001530457873
7918	0.004199443977
7919	0.0005042711527
7920	0.001379458612
7921	0.004387719377
7922	0.0005575558094
7923	0.0003957407908
7924	0.00080512857
7925	0.0004966850426
7926	3.98623364e-05
7927	0.01002733088
7928	0.0002286033822
7929	0.0001250422658
7930	0.0006609551378
7931	0.000443741126
7932	0.001239757002
7933	2.101817682e-05
7934	0.001583606326
7935	0.008523358438
7936	0.0003435744641
7937	0.0007827265527
7938	0.001340608181
7939	0.001633172656
7940	0.001347464391
7941	0.001712074057
7942	0.005825856905
7943	0.0003144890932
7944	0.00160085205
7945	0.00087773123
7946	0.002473240762
7947	0.001442947659
7948	7.8788452e-05
7949	0.0009106301392
7950	0.001403490494
7951	0.0004129060783
7952	0.0002873846642
7953	0.0006013133633
7954	0.001998798722
7955	0.001529308099
7956	0.0005652098271
7957	0.0006365022931
7958	0.0006820449216
7959	0.001220142482
7960	0.0004230688377
7961	0.0120156176
7962	0.0005774252715
7963	0.00105624236
7964	0.0003289013294
7965	0.003947870198
7966	0.0001058812426
7967	6.028213238e-05
7968	0.004416363282
7969	0.007455987594
7970	0.002743240807
7971	0.002140177176
7972	0.001011439126
7973	0.001606696108
7974	0.003690362607
7975	0.0007129653878
7976	0.0006304610447
7977	0.0006567295691
7978	3.958101405e-05
7979	0.0005597300885
7980	0.001140309899
7981	0.001305352112
7982	0.0002927839402
7983	2.722072658e-05
7984	0.000643421882
7985	0.0002306467019
7986	0.0005744669281
7987	0.000711708126
7988	0.0002761312618
7989	0.0004879822724
7990	0.0002447368659
7991	0.0008164870666
7992	0.001143805789
7993	0.0003101940475
7994	0.0002120505551
7995	0.0005630070492
7996	0.002011221795
7997	0.0009802227293
7998	0.0002732512681
7999	0.0006451046956
8000	0.000789587621
8001	1.072870062e-05
8002	0.0006199803936
8003	0.000584813434
8004	0.0006873269974
8005	0.0007418461624
8006	4.599561763e-05
8007	0.001360526806
8008	0.0008094581531
8009	0.001184182183
8010	0.0003697886918
8011	0.001832314199
8012	0.0001619638101
8013	0.0005422935139
8014	0.0004536119352
8015	0.0002679381035
8016	0.0006158660162
8017	0.001506283276
8018	0.0008706332364
8019	0.0008299331781
8020	6.904644602e-05
8021	0.00122063334
8022	0.001623990416
8023	0.0007926441592
8024	0.000107057463
8025	9.018718117e-05
8026	0.0008187390303
8027	2.082406333e-05
8028	0.0003492533559
8029	0.0009026072185
8030	6.577633366e-05
8031	0.0008250376698
8032	0.0005927006285
8033	0.0006048959857
8034	0.0001120100199
8035	0.001263620818
8036	0.003884214576
8037	0.0008558335537
8038	0.0006603783342
8039	0.0001862118711
8040	0.006136392176
8041	0.0006191909345
8042	0.0002928080155
8043	0.0007371582071
8044	0.0004367687959
8045	0.0001821181562
8046	0.003039662872
8047	0.0002845567546
8048	0.0008104814515
8049	0.0004048053835
8050	0.0004952730429
8051	0.001895128832
8052	0.0008692362831
8053	8.215018581e-05
8054	0.0008751223497
8055	0.003123997536
8056	0.003818778923
8057	0.00168777036
8058	0.001915596076
8059	0.0005460627776
8060	0.00135409163
8061	0.002078075738
8062	0.000623643537
8063	0.001194213448
8064	0.002083462831
8065	0.002137717424
8066	0.006187223582
8067	0.0005735423439
8068	0.0009364972915
8069	0.003593301309
8070	0.00644165554
8071	0.004433510288
8072	0.0005446470233
8073	0.0001362016743
8074	0.006223282238
8075	0.001627354686
8076	0.0006179110795
8077	0.003386637986
8078	0.000909034072
8079	0.0003378522035
8080	0.0008794264363
8081	0.005153574769
8082	0.001555290381
8083	0.001207189996
8084	0.0005686382923
8085	0.001735346684
8086	0.0003810106627
8087	0.001690176163
8088	0.001347966625
8089	0.001262769984
8090	0.002558475804
8091	0.0005005984017
8092	0.001874689449
8093	0.0008198236272
8094	0.001832906163
8095	7.079148485e-05
8096	0.0009165571443
8097	0.000901440526
8098	0.0005136533701
8099	0.000480510089
8100	0.002809522168
8101	0.002331388507
8102	0.0002188258
8103	0.002281056605
8104	0.009452750028
8105	0.004099161617
8106	0.002663664023
8107	0.003604871543
8108	4.675895486e-05
8109	0.0009724214575
8110	0.001835007571
8111	0.001361764515
8112	0.0001625199926
8113	0.001292670581
8114	0.0005995993704
8115	0.0002033085355
8116	0.001151153852
8117	0.004131508556
8118	0.001472883157
8119	0.0003949480079
8120	0.0006000768221
8121	0.001296420964
8122	0.002768560016
8123	0.001438367616
8124	0.00025153529
8125	0.001404070616
8126	0.0003185428904
8127	0.0009814065801
8128	0.0002530498019
8129	3.915108088e-07
8130	0.001856653973
8131	0.00170223662
8132	0.0005151524607
8133	0.001292507874
8134	0.003654749014
8135	0.003241704092
8136	0.0009286178362
8137	0.002017232193
8138	0.000857716314
8139	0.0001994280344
8140	0.001219549609
8141	0.001493232793
8142	0.00277612228
8143	0.0008668636685
8144	0.000479203169
8145	0.002012256136
8146	0.001587485772
8147	0.001495595153
8148	0.001098165359
8149	4.557028865e-05
8150	0.0005069564257
8151	0.001015386515
8152	0.000914461425
8153	0.0008640634657
8154	0.00113980833
8155	5.100438686e-05
8156	0.0006555728297
8157	0.0005586880898
8158	0.002818329458
8159	0.0001984124986
8160	0.004647520375
8161	0.001568562696
8162	0.0004379988984
8163	0.000868742011
8164	0.0005055560213
8165	0.0003389603773
8166	0.0004348084911
8167	0.0009335131635
8168	0.0003231924675
8169	0.0004607762506
8170	0.003637678477
8171	1.2004064e-05
8172	0.001588694425
8173	0.0005805464702
8174	0.0009083349205
8175	0.001848335997
8176	0.000268320988
8177	0.002148429972
8178	0.00285920371
8179	0.001995408828
8180	0.0002879076383
8181	0.0009403652275
8182	0.002408626444
8183	0.003071466917
8184	0.003195665857
8185	0.003903693138
8186	0.0008284901987
8187	0.002313132118
8188	0.001119476322
8189	0.001413909481
8190	0.0001684902737
8191	0.005795824016
8192	0.00239423385
8193	0.01390023149
8194	0.003138382782
8195	0.005371867944
8196	0.004381230599
8197	0.01094821474
8198	0.009094371977
8199	0.001864699009
8200	0.006147108397
8201	0.001434011926
8202	0.002052948439
8203	0.001044817467
8204	0.0004927445588
8205	0.003261249229
8206	0.004046400052
8207	0.002164194902
8208	0.001732863568
8209	0.002271942272
8210	0.0005411799537
8211	0.001726468956
8212	0.003644241816
8213	0.003590803536
8214	0.01223096487
8215	0.001912749798
8216	0.003417883731
8217	0.0001859793964
8218	0.001067086392
8219	0.0005240742056
8220	0.004069327672
8221	0.00136840233
8222	0.01047246463
8223	0.005202968773
8224	0.0017539485
8225	0.01035538394
8226	0.002476934277
8227	0.005185146317
8228	0.005457947959
8229	0.00214491235
8230	0.0008580884788
8231	0.02042655932
8232	0.004564350648
8233	0.007467330204
8234	0.005485777311
8235	0.003133070568
8236	0.005007808799
8237	0.002362770756
8238	0.008201364655
8239	0.003220929527
8240	0.001510999795
8241	3.28314835e-05
8242	0.001914997912
8243	0.004718891031
8244	0.00670156967
8245	0.00704104569
8246	0.01538785069
8247	0.00106667283
8248	0.002183626752
8249	0.007449793468
8250	0.001883885682
8251	0.00323443361
8252	0.01252181326
8253	0.002829153171
8254	0.02063394747
8255	0.004325486341
8256	0.001471518877
8257	0.001623761553
8258	0.002339189252
8259	0.001654502776
8260	0.005690281573
8261	0.001744974199
8262	0.002258738792
8263	0.001633251539
8264	0.006714926649
8265	0.006183253848
8266	0.00162569941
8267	0.002886951643
8268	0.000292182296
8269	0.008659841915
8270	0.003801209723
8271	0.004416235437
8272	0.001935412944
8273	0.009515632998
8274	0.000125205948
8275	0.00285260012
8276	0.003686554608
8277	0.0111877951
8278	4.434306763e-05
8279	0.01382089123
8280	0.001457222963
8281	0.008085628302
8282	0.0006965020059
8283	2.466303041e-05
8284	0.002453187408
8285	0.003914001921
8286	0.002574860594
8287	0.0033050045
8288	0.01027688913
8289	0.01397313762
8290	0.001128221988
8291	0.000635697502
8292	0.0006008765547
8293	0.0004944582042
8294	0.00445582147
8295	0.004003793685
8296	0.001256775813
8297	0.0009468380337
8298	0.009882013691
8299	0.0006252780343
8300	0.006168426171
8301	0.0003403288989
8302	0.00137473737
8303	0.0007018236042
8304	0.002097012245
8305	0.0008332590388
8306	0.0006595585529
8307	0.008141432831
8308	0.007113718772
8309	0.0002217881761
8310	0.0003543442828
8311	0.008352232769
8312	0.0007640259092
8313	0.007389154888
8314	0.004071693054
8315	0.004621880638
8316	0.013503155
8317	0.004254001168
8318	0.004620052282
8319	0.001644305787
8320	0.0007185831277
8321	0.005840528418
8322	0.006943936944
8323	0.001498662506
8324	0.01192263514
8325	0.008789139583
8326	0.000493370154
8327	0.003365574671
8328	0.001696862364
8329	0.01071386642
8330	0.002840297176
8331	0.001599822118
8332	0.009747761307
8333	0.003287804005
8334	0.005558648271
8335	0.001610055261
8336	0.001846812898
8337	0.004001548543
8338	0.01009530089
8339	0.002563933744
8340	0.01319381937
8341	0.001411196226
8342	0.001044208051
8343	0.002869910454
8344	0.001257395855
8345	0.0003852888324
8346	0.002166615859
8347	0.001290729771
8348	0.01336196724
8349	0.006347256272
8350	0.002388621115
8351	0.0005208166169
8352	0.01419509229
8353	0.001314830079
8354	0.002107163
8355	0.002757754305
8356	0.005698633247
8357	0.0007087904719
8358	0.01901810897
8359	0.0001429090445
8360	0.006944927994
8361	0.009146140719
8362	0.0008057567041
8363	0.01421750549
8364	0.001726760716
8365	0.001028718719
8366	0.005632164832
8367	0.003448767202
8368	0.008978863437
8369	0.0057881386
8370	0.003888935234
8371	0.001150016649
8372	0.003676244378
8373	0.005291252453
8374	0.007893602766
8375	0.007711422725
8376	0.0008870711615
8377	4.30078171e-05
8378	0.00577282042
8379	0.00101866861
8380	0.0105678387
8381	0.003470415043
8382	0.002078929468
8383	0.001122000039
8384	0.006299758606
8385	0.004012984044
8386	0.0005628799561
8387	0.007761302839
8388	0.006550246141
8389	0.002549753984
8390	0.01272155139
8391	0.002620422115
8392	0.003584276828
8393	0.002491502014
8394	0.0007365664619
8395	0.001104200461
8396	0.004024686583
8397	0.005479017749
8398	0.003897568717
8399	0.003162149857
8400	0.008664975249
8401	0.008451031723
8402	0.008776212644
8403	0.004867040999
8404	0.001391623757
8405	0.002789391895
8406	0.001638236289
8407	0.003833705698
8408	0.005966932683
8409	0.004585406285
8410	0.001661170149
8411	0.02056572649
8412	0.00319001036
8413	0.002096224175
8414	0.001797678534
8415	0.01510009758
8416	0.007664378836
8417	0.001270051806
8418	0.0004228880297
8419	0.001695953326
8420	0.0006278312888
8421	0.001065799197
8422	5.728703229e-05
8423	0.004516029529
8424	0.004466489005
8425	0.003405465061
8426	0.003047670094
8427	0.002760418039
8428	0.0003459745787
8429	0.005507197997
8430	0.0004520306728
8431	0.005648804672
8432	0.001190620874
8433	0.0009867834765
8434	0.004389953035
8435	0.002494682319
8436	0.0003506625541
8437	0.008824618113
8438	0.007406113494
8439	0.0003747022257
8440	0.002709937643
8441	0.007244214837
8442	0.002180020858
8443	0.01137893309
8444	2.779460757e-05
8445	0.0008698798764
8446	0.005235757626
8447	0.001113835855
8448	0.003300659877
8449	0.003751610388
8450	0.0007583483109
8451	0.001512515911
8452	0.00648183612
8453	0.001148129144
8454	0.005539020241
8455	0.01544572583
8456	0.001018728846
8457	0.000177472494
8458	0.008622141454
8459	0.002875855452
8460	0.006554444529
8461	0.0002353983551
8462	0.0003341410985
8463	0.001787214064
8464	0.002991816705
8465	0.004011355896
8466	0.0004217037511
8467	0.004183458865
8468	0.0006005846977
8469	0.002021898157
8470	0.00363625567
8471	0.0006242243727
8472	0.006267769671
8473	0.002222122858
8474	0.009766813971
8475	0.002256912322
8476	0.004175335366
8477	0.01068535167
8478	0.004730297661
8479	0.002940349392
8480	0.01938638838
8481	0.0005769744463
8482	0.004663976365
8483	0.01245395116
8484	0.002242473185
8485	0.000725690789
8486	0.006759801154
8487	0.000661732855
8488	0.00530101031
8489	0.0003957430397
8490	0.003956525333
8491	0.01183753836
8492	0.004428170333
8493	0.0008462425922
8494	0.0004195996261
8495	0.01300244268
8496	0.0004977859684
8497	0.005154822092
8498	0.005570820071
8499	0.015644592
8500	0.0130725136
8501	0.002957250165
8502	0.002674732692
8503	0.009629458496
8504	0.001246473811
8505	0.004061989161
8506	0.00166619341
8507	0.006424097976
8508	0.004054084635
8509	0.002320221653
8510	4.403336045e-05
8511	0.001410523979
8512	0.004921018745
8513	0.001165799717
8514	0.007990369995
8515	0.009157834442
8516	0.0002241968481
8517	0.0001570831476
8518	0.0006736237176
8519	0.007208194915
8520	0.001211084073
8521	0.002085211201
8522	0.0003437479588
8523	8.893907371e-05
8524	9.865932646e-06
8525	0.0008097613389
8526	0.000132455087
8527	7.243413173e-05
8528	0.0005057110191
8529	0.003487924868
8530	0.0001326021875
8531	1.108018307e-05
8532	0.0004383019671
8533	0.0001357082463
8534	0.000114831866
8535	6.638721793e-05
8536	0.0002285060404
8537	4.76284452e-05
8538	0.0004962795241
8539	0.0001260972694
8540	0.0002830367734
8541	2.30385843e-05
8542	0.003529100531
8543	9.000834263e-05
8544	0.0001646500199
8545	0.0003852162243
8546	0.0008255644258
8547	0.002270996223
8548	0.001448947268
8549	0.001479006798
8550	0.002162381676
8551	0.001527254515
8552	0.001284260565
8553	0.00359592491
8554	0.004547429263
8555	0.004262265681
8556	0.004652392304
8557	0.00990107553
8558	0.0002443164932
8559	0.0156031481
8560	0.004516830754
8561	0.004467001086
8562	0.01390183568
8563	0.001249562411
8564	0.0003767692372
8565	0.005941779362
8566	0.005249482533
8567	0.005381978435
8568	0.009004910008
8569	0.002248215164
8570	0.002049678526
8571	0.008682389721
8572	0.002113733574
8573	0.01368059839
8574	0.005871691496
8575	0.0008689926159
8576	0.01086464462
8577	0.002589855174
8578	0.001190428061
8579	0.002508382252
8580	0.006066575346
8581	0.0011341952
8582	0.005004728233
8583	0.0009634429604
8584	0.001519503964
8585	0.01136327375
8586	0.003072803617
8587	0.002277279815
8588	0.009057496819
8589	0.01490098467
8590	0.0005654401571
8591	0.004103552631
8592	0.0002570306992
8593	0.004072457452
8594	0.004660485115
8595	0.003023944374
8596	0.0002691615197
8597	0.0002979086372
8598	0.001211544454
8599	0.001411245077
8600	0.004264668724
8601	0.003836344674
8602	0.006013869706
8603	0.004737657017
8604	0.01490479023
8605	0.001669736213
8606	0.0007528155385
8607	0.0002651790148
8608	0.006486146897
8609	0.001531504967
8610	0.002847231145
8611	0.01120990749
8612	0.007391237093
8613	0.00397790318
8614	0.00384685792
8615	0.003268977294
8616	0.007709741641
8617	0.003550554202
8618	0.001576111084
8619	0.0006124992739
8620	0.003147265802
8621	0.002698589906
8622	0.002736161253
8623	0.003306621351
8624	0.004934117458
8625	0.01843364302
8626	0.005866660097
8627	0.0122583842
8628	0.008617642801
8629	0.00723351077
8630	0.002328484423
8631	0.001286260063
8632	0.005369167964
8633	0.005806825466
8634	0.0009184935156
8635	0.01137222477
8636	0.004522886615
8637	0.0004495491027
8638	0.0006119894613
8639	0.0002439765888
8640	0.0006918197834
8641	0.0006405968433
8642	0.0002409387426
8643	0.001080987915
8644	3.991233944e-05
8645	0.0003923127161
8646	6.117113184e-05
8647	0.0004224106378
8648	0.0003393901465
8649	0.002013498445
8650	0.0002243100268
8651	0.0003348961107
8652	0.0001122507013
8653	0.001033655085
8654	0.0006155850613
8655	0.006320819787
8656	0.0008127952695
8657	0.007474869686
8658	0.0003413983235
8659	0.002213452176
8660	0.001328801034
8661	0.0001225439432
8662	0.0009662076031
8663	0.0006388057697
8664	0.004496887308
8665	0.0006381501185
8666	0.00753449226
8667	0.001809216405
8668	0.001595122383
8669	0.001447120692
8670	0.0004154273535
8671	0.000205101354
8672	0.002419011657
8673	0.005708120491
8674	0.003353671014
8675	0.004755130138
8676	0.004138223477
8677	0.01293103974
8678	0.001588181099
8679	0.001122029279
8680	0.001111520375
8681	0.009367651437
8682	0.001579475095
8683	0.009668621472
8684	0.003334373121
8685	0.002997429007
8686	0.0002842417845
8687	0.002974159565
8688	0.0007764664857
8689	0.002253521759
8690	0.0002524631206
8691	0.0002009225366
8692	0.001460106503
8693	0.004119688862
8694	0.001369665852
8695	0.002688015958
8696	0.001195666354
8697	0.001349428576
8698	0.001427596059
8699	0.0004097242428
8700	0.0008263372455
8701	0.0001312625581
8702	7.034284577e-05
8703	0.001917549165
8704	0.0009011938183
8705	0.0002949030838
8706	0.0004019588463
8707	0.000762288317
8708	0.0008773507865
8709	0.01518792224
8710	0.008330497038
8711	0.0007806924584
8712	0.002479343175
8713	0.002667921442
8714	0.001451580256
8715	0.005803081004
8716	0.001019368069
8717	0.0007829540078
8718	0.0003002458524
8719	0.001322800661
8720	0.002319183814
8721	0.004508270451
8722	0.001278556612
8723	0.004341897489
8724	0.007817614316
8725	0.000460542228
8726	0.002079112015
8727	0.002969152254
8728	0.0007714653276
8729	0.0005351440462
8730	0.0007990402549
8731	0.003972048921
8732	0.003446622808
8733	0.006656440892
8734	0.006844075859
8735	0.002960562105
8736	0.0002410490856
8737	0.002355344137
8738	0.0009565715733
8739	0.0001173971223
8740	0.0004593157586
8741	0.0007651531065
8742	0.004180271417
8743	0.001487074671
8744	0.0002489648876
8745	0.0001046343741
8746	0.0008186720417
8747	0.00305385724
8748	0.0004475850123
8749	0.003524545819
8750	0.001605841166
8751	0.001448509223
8752	0.0028498148
8753	0.001795547607
8754	0.0009861710676
8755	0.001854228186
8756	0.000717343768
8757	0.00420640661
8758	0.00292903311
8759	0.004275673474
8760	0.003736637126
8761	0.01428253135
8762	0.005268906806
8763	0.001198095355
8764	0.008517710691
8765	0.001547457567
8766	0.007522787694
8767	0.008191064734
8768	0.0005979637353
8769	0.004009089972
8770	0.01089318281
8771	0.00519297697
8772	0.003430067273
8773	0.000681885107
8774	0.0006723344321
8775	0.002372573197
8776	0.0005138448358
8777	0.0004449734426
8778	4.209040406e-05
8779	0.005392868363
8780	0.0008086144142
8781	0.008591242556
8782	9.31763296e-05
8783	0.001998043873
8784	0.006068967907
8785	0.001062820983
8786	0.001500713653
8787	0.003689187236
8788	0.001429579073
8789	0.001725400225
8790	0.001523056449
8791	0.001701044215
8792	0.002489889379
8793	0.003185343805
8794	0.001184902692
8795	7.636878332e-05
8796	0.00289797185
8797	0.001138959193
8798	0.001044331285
8799	0.0002670118924
8800	0.001293284398
8801	0.00494868949
8802	0.0001901085527
8803	0.004899383061
8804	0.0005701272272
8805	0.0003001014331
8806	0.001419796516
8807	0.001905552785
8808	0.0002296827659
8809	0.001448390399
8810	0.002996599507
8811	0.002945314912
8812	0.004060797079
8813	0.002563739062
8814	0.006078304322
8815	0.003164951738
8816	0.001724513446
8817	0.004138281458
8818	0.002110380864
8819	0.003970424986
8820	0.002446601964
8821	0.002805242436
8822	0.0005544130615
8823	0.0008087271341
8824	0.008509612634
8825	0.001209287506
8826	7.024232189e-05
8827	0.0008354989542
8828	0.00187980577
8829	0.0009134291835
8830	0.006127789174
8831	0.0004830836888
8832	0.0003089108174
8833	1.290886021e-05
8834	0.007881334514
8835	0.00429395352
8836	0.001367277661
8837	0.000303675445
8838	0.0015869671
8839	0.01632684127
8840	0.005739955723
8841	0.002672387054
8842	0.006789063839
8843	0.001887019059
8844	0.0001022393533
8845	0.006433651037
8846	0.0006271227567
8847	0.0008971617894
8848	0.0009304073217
8849	0.0008734296409
8850	0.007058424673
8851	0.0002260061803
8852	0.0003747478593
8853	0.004517081548
8854	0.001683427573
8855	0.000196740349
8856	0.003624133513
8857	0.008131657259
8858	0.0004104126469
8859	0.0005558377337
8860	0.001643920084
8861	0.005014944424
8862	0.001011808818
8863	0.002004845714
8864	0.003687055331
8865	0.0001994792302
8866	0.002210445709
8867	0.006773697685
8868	0.0005866784897
8869	0.001111701511
8870	0.001575940471
8871	0.002240721695
8872	0.0009297299159
8873	0.001731986462
8874	0.002018222024
8875	0.0008111848952
8876	0.002470623183
8877	0.009796066705
8878	0.01629327953
8879	0.0005440900494
8880	3.592161312e-05
8881	0.0001880260319
8882	0.001442505281
8883	0.0002351589877
8884	0.001311825483
8885	0.002882582938
8886	0.01131607859
8887	0.001318430033
8888	0.0008226243637
8889	0.001052586279
8890	0.00143853425
8891	0.0003681284276
8892	0.003525825283
8893	0.006258626943
8894	0.005351846241
8895	0.007809633249
8896	0.009946002021
8897	0.001870580754
8898	0.003143109506
8899	0.005321532847
8900	0.001325066015
8901	0.0005775084737
8902	0.003080834592
8903	0.002996885939
8904	0.000859046011
8905	0.002944302156
8906	0.0003599462347
8907	0.0002868458329
8908	0.003529874868
8909	0.001898304903
8910	0.001333832755
8911	0.0001010987001
8912	0.0001661957897
8913	0.004202343089
8914	0.0001296225447
8915	0.003497659591
8916	0.002326295442
8917	0.00209073802
8918	0.006120371307
8919	0.001129767534
8920	0.002162393462
8921	0.003523682478
8922	0.007725188366
8923	0.0009395031229
8924	0.00321375053
8925	0.00129830106
8926	0.002082005849
8927	0.005371977036
8928	7.088401763e-05
8929	0.002005393301
8930	0.0002995338594
8931	0.0004558332897
8932	0.001104383006
8933	0.002782137177
8934	0.0004357967721
8935	0.002767843643
8936	0.000311719311
8937	0.001978622204
8938	0.0003110907544
8939	0.001458795663
8940	0.001620089412
8941	0.000406446266
8942	0.01764284452
8943	0.0001840336385
8944	0.001488045374
8945	0.0004633806347
8946	0.001483145559
8947	0.0005663070977
8948	0.0007711018615
8949	0.0008322710563
8950	0.0002108848225
8951	9.38462677e-05
8952	0.0005133739887
8953	0.001014854654
8954	6.014166013e-05
8955	0.002494194107
8956	0.001177493255
8957	0.0002429498034
8958	0.002309361616
8959	0.003182859519
8960	0.01153131301
8961	0.0002013763223
8962	0.0002150913346
8963	0.0002374396141
8964	0.001935326458
8965	0.002954036949
8966	0.001137064731
8967	0.004344732379
8968	0.001044529416
8969	0.002647442647
8970	0.003600600547
8971	0.001297387487
8972	0.0006040049797
8973	0.00080914454
8974	0.009831373182
8975	0.001690395798
8976	0.002994801075
8977	0.008146060979
8978	0.01315579312
8979	0.002202744028
8980	0.01157498235
8981	0.000442725918
8982	0.0008859094273
8983	0.002199462266
8984	0.0006394719619
8985	0.004808629248
8986	0.001722636494
8987	0.001192612429
8988	0.0005253450818
8989	0.000854714683
8990	0.0002791343126
8991	0.0005400542093
8992	0.005085439417
8993	0.0009163985055
8994	0.009105107069
8995	0.0002349040166
8996	0.001685885886
8997	0.007597045002
8998	0.0002440724611
8999	0.005205677774
9000	0.001533580737
9001	0.001008979282
9002	0.0006482603211
9003	0.004696753404
9004	0.004032742426
9005	0.005589081136
9006	0.001159080682
9007	0.0009473307367
9008	0.007326327441
9009	0.01170477265
9010	0.002738683843
9011	0.001913829818
9012	0.0004406799041
9013	0.001424806403
9014	0.0005822028476
9015	0.0003563442014
9016	0.0005932929447
9017	0.0001461532272
9018	0.0003591560351
9019	0.0001109030198
9020	0.002020680207
9021	3.02981059e-06
9022	0.0005141325328
9023	0.000216172873
9024	0.001789704755
9025	0.001468635215
9026	0.001352357343
9027	0.0007000121372
9028	0.001234436735
9029	0.004371825355
9030	0.001191650198
9031	0.001070584811
9032	0.0006299780299
9033	0.002721172282
9034	0.0008317336472
9035	0.002899715704
9036	0.004810609635
9037	0.006616984132
9038	0.004409163876
9039	0.000634709001
9040	0.002046657183
9041	0.00588113948
9042	0.0001962261286
9043	0.002295958496
9044	0.006155268371
9045	0.003858851587
9046	0.0006147958637
9047	0.0003068754997
9048	0.0005408383801
9049	0.0002630573524
9050	0.003822531964
9051	0.002541711152
9052	0.0005344565939
9053	0.002709188972
9054	0.002107383584
9055	0.001190395616
9056	0.001495484292
9057	0.009088934555
9058	0.00166935754
9059	0.004159464426
9060	0.004184797675
9061	0.002692812253
9062	0.0006415898732
9063	0.001198815527
9064	1.741967932e-05
9065	0.0004645925489
9066	0.001833623804
9067	0.00186225142
9068	0.001634250767
9069	0.002263186377
9070	0.003949284601
9071	0.001972401333
9072	0.002690105649
9073	0.001057347653
9074	0.0004474200105
9075	0.003085904993
9076	0.00270857949
9077	0.0005604958322
9078	2.764890918e-05
9079	0.006185066995
9080	2.331086429e-05
9081	0.0002950486596
9082	0.003310391928
9083	0.001915979816
9084	0.001396121141
9085	0.001351457973
9086	0.003201119508
9087	0.0007092154889
9088	0.002137607874
9089	0.004045320736
9090	0.000612185237
9091	0.009783374903
9092	0.0007071121113
9093	0.003960758908
9094	0.002209856989
9095	0.00475721693
9096	0.000301689421
9097	0.0003944332757
9098	0.0006254184902
9099	0.001079370313
9100	0.009946865566
9101	0.001969843444
9102	0.001243057906
9103	0.0008560470013
9104	0.002512496552
9105	0.0004246943702
9106	0.002631482794
9107	0.008895038736
9108	0.0004576191489
9109	0.0007252272218
9110	0.0008619877853
9111	0.004620370467
9112	0.002916295781
9113	0.0001779811271
9114	0.0007841439516
9115	0.001388321977
9116	0.0003440976527
9117	0.0006383175402
9118	0.002818940582
9119	0.000621325297
9120	0.006007419478
9121	0.0006228253516
9122	0.001462115111
9123	0.001720819611
9124	0.002047552666
9125	0.001360381002
9126	0.002191059285
9127	0.001869696642
9128	0.00022041157
9129	0.0001154717124
9130	0.006315519456
9131	1.735236581e-07
9132	0.001332849853
9133	0.000266095452
9134	0.0008549602688
9135	0.002310386638
9136	0.0002480814594
9137	9.797366316e-05
9138	0.0006062640751
9139	0.001679297654
9140	0.000402303625
9141	0.0002371914537
9142	0.001111836229
9143	0.003197618632
9144	0.003036802551
9145	0.00498464005
9146	0.004186976467
9147	0.001034905295
9148	0.004843823553
9149	0.002456934815
9150	0.0003737051793
9151	0.01120876533
9152	1.668473011e-05
9153	0.0004130676191
9154	3.461967742e-07
9155	0.002788906292
9156	0.001685751579
9157	0.005710809022
9158	0.004968674062
9159	0.0002933686396
9160	0.003115739663
9161	0.002186223762
9162	0.006370420785
9163	0.0004870108901
9164	0.001656693294
9165	0.002134928187
9166	0.000271519321
9167	6.081061639e-05
9168	0.00365969597
9169	0.0001139913447
9170	0.00186178633
9171	0.009147745619
9172	0.00708795607
9173	0.004370485054
9174	0.002159375737
9175	0.001317672407
9176	0.004092649144
9177	0.002905181703
9178	0.0001680397154
9179	0.001577591869
9180	0.001638010933
9181	0.0067032749
9182	8.83031966e-05
9183	0.003042206923
9184	0.0016098531
9185	0.002315316422
9186	0.001669309424
9187	0.0005828001628
9188	0.0005299169335
9189	0.000162908554
9190	0.002086076605
9191	0.005710950819
9192	0.0003060608893
9193	0.000815709025
9194	0.0008398117261
9195	0.0008652413225
9196	0.01050022597
9197	0.0008762531791
9198	0.0007784156531
9199	0.001310760976
9200	0.0005452482508
9201	0.0007199763099
9202	0.003274742943
9203	0.003126730762
9204	0.0003658316195
9205	0.00053539312
9206	0.01201104478
9207	0.003234248144
9208	0.0005545210409
9209	0.0008366195482
9210	0.0001373012428
9211	0.0008151867815
9212	0.007091155909
9213	0.0002060294689
9214	0.0004453224055
9215	0.0005887672299
9216	0.005658486399
9217	0.004135943562
9218	0.002840484594
9219	0.005294798908
9220	0.001147379007
9221	3.65448128e-05
9222	0.0002647641209
9223	0.005280804315
9224	0.0005174183781
9225	0.0002776341509
9226	0.001407930811
9227	0.008493008486
9228	0.002745773936
9229	0.003999975399
9230	0.001642047939
9231	0.001662012794
9232	0.002132602928
9233	0.004642567429
9234	0.00020714216
9235	0.01234271618
9236	0.004149996152
9237	0.001171845651
9238	0.003273023022
9239	0.01285376359
9240	0.008911325869
9241	0.01174405408
9242	0.001574183252
9243	0.002762946935
9244	0.00229754551
9245	0.001598400583
9246	0.004531708196
9247	0.00364711737
9248	0.003206413859
9249	0.01057393206
9250	0.0007502879373
9251	0.006124868651
9252	0.003278486457
9253	0.0005878035079
9254	0.00708670522
9255	0.0004292687976
9256	0.003658706928
9257	0.002716960549
9258	0.0100375944
9259	0.0004489957455
9260	0.00205229474
9261	0.002489251058
9262	0.0005840770755
9263	0.002354506764
9264	0.002148184177
9265	0.0005391679588
9266	0.0008479437625
9267	0.0002929778359
9268	0.0006599297059
9269	0.0002350077446
9270	0.001281903488
9271	0.0001724998364
9272	0.0004636037991
9273	0.0003950756614
9274	0.0007630353015
9275	0.0004259192714
9276	0.0008824268936
9277	0.001917224071
9278	0.0008134520332
9279	0.0003427298125
9280	0.001063534574
9281	0.0004273774062
9282	0.0004799764179
9283	0.0002094696359
9284	0.0001739470375
9285	0.0005330118723
9286	0.00083585192
9287	7.569489237e-05
9288	0.0005579239636
9289	0.0001336453194
9290	0.001590810094
9291	0.0009083920146
9292	0.0002884381138
9293	0.000481365958
9294	0.001324078881
9295	0.0003292139172
9296	0.001577883931
9297	0.001134245615
9298	0.0005223295778
9299	0.001692674611
9300	0.001453280808
9301	0.0001567086096
9302	0.0001835060973
9303	0.0009283268252
9304	0.001426415966
9305	0.000365311442
9306	0.0005350136375
9307	0.0009838244194
9308	0.0003358055191
9309	0.0005792201032
9310	0.0006765516746
9311	1.168700569e-05
9312	0.001241856122
9313	0.001048213307
9314	0.001295449403
9315	1.733631767e-05
9316	0.0006843666148
9317	0.0007512915673
9318	0.0001692648177
9319	0.001483074119
9320	0.001176577734
9321	0.000905081654
9322	0.001308562035
9323	0.0003150392607
9324	0.001309111136
9325	0.002041690013
9326	3.051869941e-05
9327	6.407119189e-05
9328	8.030036689e-05
9329	8.382211297e-05
9330	0.002188216783
9331	0.0004349688031
9332	0.0008102666587
9333	0.0006851394996
9334	0.0002637106272
9335	0.000229222241
9336	0.0002039851569
9337	0.0002092338985
9338	0.0007158203013
9339	6.404440318e-05
9340	0.000628199304
9341	0.0006589439616
9342	6.571985782e-05
9343	0.0002882648442
9344	0.000973228909
9345	0.0008972629
9346	0.0012666886
9347	0.001243367146
9348	0.0006970925653
9349	0.001254879363
9350	0.001632852521
9351	0.001150169516
9352	0.0001441037408
9353	0.001851255063
9354	0.001307243856
9355	0.0001328994926
9356	0.000723286284
9357	7.067080849e-05
9358	0.001732076503
9359	0.0004593811695
9360	0.0001752614649
9361	0.0003259878544
9362	7.736140556e-05
9363	0.001583152051
9364	0.001106012593
9365	0.0004203822316
9366	0.0002340068549
9367	0.0002077531861
9368	0.0007230549774
9369	0.0002877559084
9370	0.0002577720708
9371	0.0008785275444
9372	0.002635956071
9373	0.0008481938773
9374	0.007824451304
9375	0.001404417858
9376	0.001515898063
9377	0.0004946448966
9378	0.0005576515006
9379	0.0002183840915
9380	0.001081706267
9381	0.002796814323
9382	0.0009402160321
9383	5.072003582e-05
9384	0.000346104825
9385	0.0005301777001
9386	0.0006111558907
9387	0.001766558353
9388	0.0002190782734
9389	0.0009973651632
9390	0.0002767112094
9391	0.001404709689
9392	0.0008776515739
9393	0.0006244263915
9394	0.00166961454
9395	0.002073365565
9396	0.001272632369
9397	0.0005158562791
9398	0.001923177131
9399	0.0008050775897
9400	0.00032811425
9401	0.0004590881903
9402	0.0002211136495
9403	2.5162779e-05
9404	3.467189661e-05
9405	0.0003492119953
9406	0.0004181530823
9407	0.0004247977237
9408	0.001658125528
9409	0.001184537154
9410	0.001380784465
9411	0.00129721699
9412	0.0007125402136
9413	0.0004698603467
9414	0.000220235233
9415	0.0007572774814
9416	0.0004426675076
9417	0.0005542844108
9418	0.0007383551339
9419	2.314936359e-05
9420	3.006056525e-05
9421	0.001721430799
9422	0.0006728843729
9423	5.441756459e-06
9424	0.001029331978
9425	0.0009277636409
9426	0.001441158629
9427	0.002303070422
9428	0.0006281030234
9429	3.426016965e-05
9430	0.001038610343
9431	0.00065682186
9432	0.0006446794307
9433	0.001226890556
9434	0.0003266172844
9435	0.001076182539
9436	0.001530141046
9437	0.001770115747
9438	7.582652356e-05
9439	0.0004718827617
9440	0.0003585699319
9441	8.626223729e-05
9442	0.0005111307339
9443	0.000700712659
9444	0.0007125651944
9445	0.001080150355
9446	0.0001386062891
9447	0.001364412115
9448	0.0002818398446
9449	0.0003040009989
9450	0.0001621376758
9451	0.001133058814
9452	0.001055011432
9453	0.0006738247912
9454	5.161224836e-05
9455	0.000258284792
9456	0.0006628308919
9457	0.00157486507
9458	0.001296597793
9459	0.001667246526
9460	0.001074352584
9461	0.0002954285487
9462	0.001334539243
9463	0.001030566863
9464	0.002132905856
9465	0.002038440604
9466	0.0003016661216
9467	0.0006683861257
9468	0.0009361201253
9469	0.0006766406502
9470	0.0007478856079
9471	0.000222143078
9472	0.000363985068
9473	0.001496011702
9474	0.00214209527
9475	0.0003467877171
9476	0.0001004114569
9477	0.0005219342675
9478	0.0001496790558
9479	0.002225516537
9480	0.00107463665
9481	0.000279843997
9482	0.0007689435064
9483	0.00135994746
9484	0.0003330047837
9485	0.0003394215159
9486	0.0001345744763
9487	0.0007737506493
9488	0.0003201627574
9489	0.0004634071024
9490	0.0003530233667
9491	0.0004390584632
9492	0.0003598030028
9493	9.28514305e-05
9494	0.002022817631
9495	0.0003398024473
9496	0.0001813752419
9497	0.001899882947
9498	0.0005805596898
9499	0.000267502878
9500	0.0007907608494
9501	0.0003084951743
9502	0.001098962426
9503	0.001095355735
9504	0.0009871968161
9505	9.48205764e-05
9506	0.0003420957828
9507	0.001158403384
9508	0.0004144087091
9509	6.216106922e-05
9510	0.002035675016
9511	0.001217347913
9512	0.0003462866629
9513	0.00135202903
9514	0.0008799785371
9515	0.0006335396645
9516	7.039623518e-05
9517	0.0006332494644
9518	0.0004284452489
9519	0.001185945932
9520	0.0006577133714
9521	0.0002208058437
9522	0.001029952555
9523	0.00090029794
9524	0.004389218876
9525	0.0008559965204
9526	0.003094661581
9527	0.0004636756061
9528	0.001364404731
9529	0.0008640228952
9530	0.001174914721
9531	5.715625198e-05
9532	6.447172996e-05
9533	0.0003030437757
9534	0.001027525407
9535	0.001074237518
9536	0.0009090777326
9537	0.0006030715392
9538	0.000280067217
9539	0.0002218819968
9540	0.0003728322259
9541	0.0007636784083
9542	0.0005437356786
9543	0.0006024759868
9544	0.0002562614105
9545	0.0008829710505
9546	0.001634462739
9547	0.000114327273
9548	0.0005266741035
9549	0.0004128786238
9550	0.0007353762632
9551	0.00014761807
9552	0.0003658259746
9553	0.0007911579048
9554	0.0006628555762
9555	0.0004986083682
9556	0.0001269332059
9557	0.0001540048951
9558	0.0009867747431
9559	0.0007726912202
9560	7.399214128e-05
9561	0.0003539427943
9562	0.001330163831
9563	0.001995399906
9564	5.899529525e-05
9565	0.001208100681
9566	0.0005176796633
9567	0.0006221499715
9568	0.00186043749
9569	0.001144605936
9570	0.002833900273
9571	0.0003244038512
9572	0.0001671644636
9573	0.0007051032284
9574	0.0003086942305
9575	0.001115748534
9576	0.0002704582497
9577	0.001374536423
9578	0.001192089635
9579	0.00102581529
9580	0.001100485706
9581	0.0001953364917
9582	7.177198401e-05
9583	0.001346753036
9584	0.001112841705
9585	0.0002091078125
9586	0.0002132100825
9587	0.002470358443
9588	0.001044173659
9589	0.002209361773
9590	0.000435100827
9591	0.0004172395535
9592	0.0001572551679
9593	0.0006207195431
9594	0.001022650168
9595	0.0004960337118
9596	0.0003104005221
9597	0.0004322098549
9598	0.0001678372943
9599	0.0001873873116
9600	0.0002901468517
9601	0.00221122038
9602	0.0005646823184
9603	0.000552984331
9604	0.002292948172
9605	0.001776265932
9606	0.0005100042917
9607	0.0009319230067
9608	0.0007849009155
9609	0.00102544969
9610	0.0006488136571
9611	0.0004605931437
9612	0.001946840293
9613	0.0006733151209
9614	0.0003669210442
9615	8.506134732e-06
9616	0.001610249503
9617	0.0008353623903
9618	0.001033514726
9619	0.0005189693685
9620	0.001036024822
9621	0.001425037936
9622	0.0002214064765
9623	0.0005891371069
9624	0.0008345285386
9625	0.0001051469003
9626	0.0003976827679
9627	0.0008032565653
9628	7.973257358e-05
9629	0.001433446686
9630	0.0002371409302
9631	0.00227962308
9632	0.0003945882166
9633	0.0006760714151
9634	0.001554807101
9635	0.001262002232
9636	0.0009177348654
9637	0.0003003602078
9638	0.0004389198433
9639	0.00102832751
9640	0.0003454119305
9641	0.00072500165
9642	0.0002770197981
9643	0.0001159263175
9644	0.003106631992
9645	0.0002585250734
9646	0.0004675482223
9647	0.001139967649
9648	0.0009461859335
9649	0.0005949949936
9650	0.0003697879017
9651	0.0004827839317
9652	0.001639586577
9653	0.000808009812
9654	0.0001210120675
9655	0.001182950503
9656	0.0001857460067
9657	0.002412839788
9658	0.0005746821502
9659	0.0009113209336
9660	0.0007052880955
9661	0.0008324843999
9662	0.0008909101642
9663	0.0007523786535
9664	0.000396923906
9665	0.0004603982164
9666	0.001027951183
9667	1.12083004e-05
9668	0.00146465012
9669	0.002336838283
9670	0.0007660595755
9671	0.0006561699556
9672	0.0002117861251
9673	0.0002932153105
9674	0.0006297004881
9675	0.004244166353
9676	0.0009619050922
9677	0.001339820643
9678	0.0007173100841
9679	0.000262100847
9680	0.001085905718
9681	0.0004945404313
9682	0.0003793556153
9683	7.036961233e-05
9684	0.00074383765
9685	0.0001578344802
9686	0.00280525412
9687	0.003421468458
9688	6.183764385e-06
9689	0.001135977926
9690	0.0002466106133
9691	0.0006706089845
9692	0.0007800268258
9693	0.0005409958577
9694	0.002384951788
9695	0.002361781376
9696	0.001218115439
9697	0.001453041844
9698	0.0002416296632
9699	0.001527676519
9700	0.0004733559664
9701	0.0009595799443
9702	6.737748965e-05
9703	3.572916144e-05
9704	0.0008820335422
9705	0.001396101484
9706	2.599246233e-05
9707	0.001049399575
9708	0.0003003266965
9709	0.000129989172
9710	0.0009700728434
9711	0.0008292903498
9712	0.0009371498886
9713	6.030256828e-05
9714	0.001140544588
9715	0.0002729141348
9716	0.0006131208921
9717	0.0001174183741
9718	0.001674104888
9719	0.0002912796798
9720	0.0001277127211
9721	0.0001856055136
9722	0.0001251124136
9723	0.001611790554
9724	0.0009841267159
9725	0.0006356701872
9726	0.0005537600022
9727	0.000202894681
9728	0.000269557279
9729	0.0007958127269
9730	0.0009776100405
9731	0.001484274958
9732	0.001390492726
9733	0.0001156263468
9734	0.0004819749587
9735	0.0004566960412
9736	0.0004993173369
9737	0.0004169718882
9738	8.964319807e-05
9739	0.001890068738
9740	0.00021293609
9741	0.0001563342917
9742	0.0006595435805
9743	0.0003149620786
9744	0.0003475904323
9745	0.0001790715652
9746	0.0009250402157
9747	0.00101255998
9748	1.211173773e-05
9749	0.001427023621
9750	0.0001943463754
9751	0.002201729901
9752	0.002023374027
9753	0.0008592598784
9754	0.00112685866
9755	0.0007291204011
9756	0.0006204200213
9757	0.0002472763632
9758	0.0008878131184
9759	0.0008664276456
9760	0.0002653092377
9761	3.205903821e-05
9762	1.361912134e-05
9763	0.0002559325554
9764	8.138757507e-05
9765	0.0008950713267
9766	0.000305727929
9767	0.0006908266767
9768	0.0001268951629
9769	0.0005737662268
9770	3.224425255e-05
9771	0.0008898678361
9772	0.0008298900281
9773	0.00217712252
9774	0.0002156866938
9775	0.0003960522305
9776	0.0006055245883
9777	0.000741766571
9778	0.002772784718
9779	0.0003473356063
9780	0.001908528475
9781	0.002340498997
9782	0.0001409568345
9783	0.0002666829742
9784	0.001056648534
9785	0.001012124534
9786	0.0002017110872
9787	0.002432624133
9788	0.001288796932
9789	0.000291644489
9790	0.0005850257785
9791	0.0003341980552
9792	0.001073356198
9793	0.0004684273265
9794	0.001808573709
9795	0.0002269701308
9796	0.0002683379495
9797	0.006270069411
9798	0.00273287765
9799	0.004610198225
9800	0.0006180037083
9801	0.009890451063
9802	0.006027075364
9803	0.006036751105
9804	0.001749527825
9805	0.01147109679
9806	0.003578453181
9807	0.002715640489
9808	0.0001153432306
9809	0.001901906771
9810	0.00467311106
9811	0.004875900005
9812	0.0007416388949
9813	0.002731273362
9814	0.005011274743
9815	0.0029651149
9816	0.001455582148
9817	0.004013136867
9818	0.004334754307
9819	0.003870699959
9820	0.005277923146
9821	0.006048611709
9822	0.006848536257
9823	0.008880555039
9824	0.005167615119
9825	0.007842520914
9826	0.009286908829
9827	0.00533393183
9828	0.007409804818
9829	0.0006124382885
9830	0.002784251517
9831	0.00252279293
9832	0.0004804082074
9833	0.0008979277239
9834	0.002982451197
9835	0.0007053490874
9836	0.000830231863
9837	0.005962111617
9838	0.006343089379
9839	0.007868089375
9840	0.0004618933812
9841	0.002906369559
9842	0.01248503086
9843	0.0184290652
9844	0.006073557599
9845	0.001502917299
9846	0.004122170257
9847	0.001659752493
9848	0.00930982404
9849	0.0009853669806
9850	0.00431642224
9851	0.001916726745
9852	0.01294343041
9853	0.004721148951
9854	0.005912232029
9855	0.006574376983
9856	0.0004251404344
9857	0.00935071451
9858	0.0179513318
9859	0.003281153877
9860	6.020028278e-05
9861	0.001061510383
9862	0.005959807396
9863	0.007588319866
9864	0.00510661864
9865	0.02173669236
9866	0.007750518908
9867	0.002098736086
9868	0.01020400153
9869	0.0002184713094
9870	0.004104549093
9871	0.0001320899415
9872	0.01094211595
9873	0.005838421988
9874	0.004524254811
9875	0.0002066332876
9876	0.001088806159
9877	0.003045729615
9878	0.01660572411
9879	0.01852763441
9880	0.007417563666
9881	0.01365793021
9882	0.008563071817
9883	0.003948004047
9884	0.0001505116813
9885	0.005174692495
9886	0.0007135164656
9887	0.001939495709
9888	0.002473061338
9889	0.001091082397
9890	0.0115736736
9891	0.002535599496
9892	0.0005842361631
9893	0.001554358021
9894	0.0127079339
9895	0.001522847599
9896	0.008725778405
9897	0.0003104189139
9898	0.001356871936
9899	0.007132131296
9900	0.00330873709
9901	0.0007590078801
9902	0.008293261952
9903	0.01260072599
9904	0.0100095709
9905	0.001699851947
9906	0.006925602414
9907	0.0009330967482
9908	0.0002496217665
9909	0.0001563206832
9910	0.001091609342
9911	4.901164747e-05
9912	0.002464758173
9913	7.49091551e-05
9914	0.0005284929953
9915	0.002405667586
9916	0.005276355621
9917	0.005389147741
9918	0.000766255843
9919	0.0008948536049
9920	0.0007680167271
9921	0.005806266726
9922	0.01678898804
9923	0.0007299211081
9924	0.00341127519
9925	0.02183349784
9926	0.01735788215
9927	0.008059796302
9928	0.0008501469638
9929	0.002863902696
9930	0.006434478268
9931	0.004670491246
9932	0.001694051792
9933	0.0008637879702
9934	0.0004099503661
9935	0.003436834094
9936	0.0004576725678
9937	0.004463411844
9938	0.007893873372
9939	0.007504747381
9940	0.0008848525174
9941	0.0006820293373
9942	0.001246327011
9943	0.001101231653
9944	0.003493715564
9945	0.002229241961
9946	0.0003853936265
9947	0.002347169099
9948	0.0003881585453
9949	0.002660457963
9950	0.0009913578713
9951	0.0005859767892
9952	0.0008907307439
9953	0.003059715614
9954	0.007585677048
9955	0.00176484262
9956	0.002565092348
9957	0.0034302715
9958	0.007010345098
9959	0.001463044658
9960	0.003475521271
9961	0.000226516252
9962	0.0003048581502
9963	0.001091319325
9964	0.0004923341072
9965	0.005947151769
9966	0.008673804349
9967	0.001106201709
9968	0.001008157672
9969	0.005229602066
9970	0.001850551332
9971	0.004172364693
9972	0.005919604559
9973	0.003920234774
9974	0.006898192135
9975	0.007842944742
9976	0.00119410338
9977	0.0007937041148
9978	0.003632244271
9979	0.001110274416
9980	0.0006217745161
9981	0.001328828163
9982	0.005064798179
9983	0.0001281244812
9984	0.01015758518
9985	0.002643187415
9986	0.007439578855
9987	0.003885561886
9988	0.01039149232
9989	0.01327085233
9990	0.001047937809
9991	0.0007075676965
9992	0.01405930324
9993	0.02025422168
9994	0.003070663181
9995	0.005928700925
9996	0.004169385166
9997	0.001711281233
9998	0.003096999239
9999	0.008520286918
10000	0.001656219098
10001	0.01419402629
10002	0.001317215579
10003	0.007030260165
10004	0.005189681132
10005	0.000424301437
10006	0.004742366299
10007	0.006076968311
10008	0.004200871725
10009	0.005596065238
10010	0.002277570557
10011	0.01103395118
10012	0.002964472394
10013	0.002461313888
10014	0.0001011064267
10015	0.01458388409
10016	0.0001966670715
10017	0.002418393233
10018	0.001205975968
10019	0.001348217843
10020	0.0001716118002
10021	0.003670526778
10022	0.003550087047
10023	0.00219821997
10024	0.0007487705471
10025	0.0004302169814
10026	0.0003880352462
10027	0.0001111884925
10028	0.008840377432
10029	0.002487173825
10030	0.01334210682
10031	0.003825738266
10032	3.589405506e-05
10033	0.007723945697
10034	0.01028763644
10035	9.891368625e-06
10036	0.0001260509604
10037	0.000922417882
10038	0.001831607526
10039	0.001633889955
10040	0.002039621271
10041	0.0008109883651
10042	2.721707145e-05
10043	0.001297407279
10044	0.001777037069
10045	0.001935344592
10046	0.0005476039478
10047	0.0002710961781
10048	0.001101350462
10049	0.001125652307
10050	0.00184056829
10051	0.005267065029
10052	0.008460206845
10053	0.003732804951
10054	0.009269511555
10055	0.001573063042
10056	0.01060822592
10057	0.01012808958
10058	0.003607088958
10059	0.001609534941
10060	0.003641008375
10061	0.01268346792
10062	0.0002286953892
10063	0.001764127701
10064	0.0005431224225
10065	0.0003550797798
10066	0.0001181360374
10067	8.553154415e-05
10068	0.001447901515
10069	6.954522112e-05
10070	0.001602595902
10071	0.001043627806
10072	0.0007165149586
10073	0.00210622758
10074	0.000445944502
10075	0.002346114702
10076	0.0008774810462
10077	0.002912660131
10078	0.000502564381
10079	1.617423586e-06
10080	4.821072886e-05
10081	0.01058607643
10082	0.00270445069
10083	0.0194979937
10084	0.0008075036891
10085	0.0005942719852
10086	0.001639181603
10087	0.0005985860785
10088	0.0004986474166
10089	0.001243007046
10090	0.0005319990511
10091	0.007751371
10092	0.004683687477
10093	0.007017592139
10094	0.0009747426108
10095	0.00104768363
10096	0.002489035172
10097	0.00285512776
10098	0.003508109217
10099	0.0004250257048
10100	0.0005933105615
10101	0.003612448975
10102	0.0009300122754
10103	0.006094638273
10104	0.005594185051
10105	0.001299667838
10106	0.001481456187
10107	0.002914495765
10108	0.006877869476
10109	0.003952707126
10110	0.004947303619
10111	0.003243249315
10112	0.002076707776
10113	0.01723503403
10114	0.003376802549
10115	0.009789378339
10116	0.003443536211
10117	0.001650184962
10118	0.002591118614
10119	0.0139173086
10120	0.002259677542
10121	0.0008284582762
10122	0.003120444233
10123	0.0007197643133
10124	0.002997550459
10125	0.002991520995
10126	0.01723274891
10127	0.002215803167
10128	0.0001562386419
10129	0.002597689966
10130	0.000938441889
10131	0.002237617422
10132	0.001035575
10133	0.007168951258
10134	0.008953029353
10135	0.001143109897
10136	0.009357949519
10137	0.003861728386
10138	0.006674857181
10139	0.0004476991401
10140	0.005030453349
10141	0.003558418853
10142	0.0006843922155
10143	0.001558947662
10144	0.001650386489
10145	0.001329776326
10146	0.0009869704914
10147	0.002338893665
10148	3.74290479e-05
10149	4.672106552e-05
10150	0.001493089044
10151	0.004777584994
10152	0.002702244171
10153	0.006362122567
10154	0.001572341241
10155	0.01339607541
10156	0.008708048732
10157	0.007069426593
10158	0.002864673614
10159	0.004197367403
10160	0.008818223615
10161	0.01025086922
10162	0.01934663317
10163	0.007748857729
10164	0.005762558915
10165	0.004286875226
10166	0.0001123004062
10167	0.003646413855
10168	0.000578334148
10169	0.003087292797
10170	0.0002768874287
10171	0.0006106081902
10172	0.007921731051
10173	0.005166128554
10174	0.02450891617
10175	0.0002235293103
10176	0.001119450628
10177	0.001038510104
10178	0.001387773905
10179	0.0003944129856
10180	0.001029940527
10181	5.563854276e-05
10182	0.0009411153403
10183	0.0005421096438
10184	0.003884703992
10185	0.00783970515
10186	0.0002998754009
10187	0.001231785488
10188	0.00117053345
10189	4.842224646e-05
10190	0.002126485871
10191	0.001910315829
10192	0.001977435821
10193	0.001513020581
10194	0.0005835435763
10195	0.00479504416
10196	0.003009300537
10197	0.005690714807
10198	0.00347869066
10199	0.00498288057
10200	0.001732647105
10201	0.003118620982
10202	0.001653624206
10203	0.0003732391847
10204	0.001642777532
10205	0.01041784812
10206	0.0001290299626
10207	0.00037838717
10208	0.002351116241
10209	0.005295381633
10210	0.000379041551
10211	0.0009755662256
10212	0.0002970708799
10213	0.004974121712
10214	0.006004404531
10215	0.0005214273925
10216	0.009798192666
10217	0.004342492881
10218	0.001637027296
10219	0.002009914317
10220	0.003144250783
10221	0.01049595051
10222	0.001972259312
10223	0.002431705355
10224	0.002315276157
10225	0.0039572921
10226	0.00147206129
10227	0.01586970526
10228	0.0003720687834
10229	0.002488498004
10230	0.004056174248
10231	0.01532577493
10232	1.097234005e-05
10233	0.002759497246
10234	0.009432603703
10235	0.001521835018
10236	0.002266208665
10237	0.0003269880798
10238	0.0003334106923
10239	0.0004774492316
10240	0.0008338229413
10241	0.001513164906
10242	0.001736349327
10243	0.001588974884
10244	0.0002530009899
10245	1.977716326e-06
10246	0.0005410880723
10247	1.378457662e-05
10248	0.0004447334204
10249	0.0129907168
10250	0.001904863131
10251	7.266739262e-05
10252	0.004723054037
10253	0.007940382355
10254	0.0009439791936
10255	0.002195948297
10256	0.0006554698583
10257	0.001306049601
10258	0.0008600773048
10259	0.002168095313
10260	0.004860131443
10261	0.01074508579
10262	0.001144982022
10263	0.00156692219
10264	0.005730770906
10265	0.0006804615878
10266	0.01592190371
10267	0.001707592616
10268	0.001196647308
10269	0.002904720562
10270	4.637522037e-05
10271	0.00591619156
10272	0.001332968053
10273	0.007527788818
10274	0.0005947250571
10275	0.0002607604929
10276	0.001343676814
10277	0.00188109002
10278	0.002915212825
10279	0.009037917144
10280	0.001905581812
10281	0.0101644896
10282	0.001139157574
10283	0.006683469963
10284	0.009161094661
10285	0.005746577737
10286	0.002629491274
10287	0.02114060584
10288	0.005567036655
10289	0.002713735307
10290	0.005098178922
10291	0.004347857145
10292	0.005773526533
10293	0.0168642672
10294	0.01660858354
10295	0.0004913058682
10296	0.0003330152907
10297	0.001151276144
10298	0.002010946556
10299	0.0007214326307
10300	0.0007635616975
10301	0.0005369513402
10302	3.896676022e-05
10303	0.0001162887715
10304	0.0004589936674
10305	0.001203213652
10306	0.0001972817728
10307	0.00219184592
10308	0.0001143781884
10309	0.001002832897
10310	0.004259668503
10311	0.0008271105178
10312	0.0008251007987
10313	0.001874139255
10314	0.0005012200107
10315	0.001793809287
10316	0.002500190527
10317	0.003433474379
10318	0.0005426888154
10319	0.0009846055901
10320	0.005728207482
10321	0.002082382398
10322	0.00697630479
10323	0.001008744032
10324	0.01032227331
10325	0.001479230911
10326	0.008412645191
10327	0.005480074468
10328	0.004703603039
10329	0.0002571891592
10330	0.0007662177021
10331	0.01354820506
10332	0.002163316963
10333	0.001317612254
10334	0.0001680050632
10335	0.0008771930398
10336	0.002641221378
10337	7.79506166e-05
10338	0.00496395223
10339	0.002151758795
10340	0.01341647163
10341	0.01485053985
10342	0.001188691708
10343	0.006220964486
10344	0.001554255044
10345	4.650411173e-05
10346	0.0007266839631
10347	0.0003642670354
10348	0.002074908843
10349	0.001085413344
10350	0.001303557892
10351	0.000324991172
10352	0.0008706341617
10353	0.00128986065
10354	0.0007654182053
10355	0.0003653901077
10356	0.0008034980637
10357	0.001905009984
10358	0.001378453042
10359	0.003278033876
10360	0.0007525149487
10361	0.003044674951
10362	0.001875231209
10363	0.004758867962
10364	0.003732738554
10365	0.001015060477
10366	0.001385155659
10367	0.0006560250724
10368	0.001640768497
10369	0.005272232146
10370	0.001276103782
10371	0.003424278165
10372	0.003447028098
10373	0.003679438968
10374	0.005979489701
10375	0.002953244554
10376	0.00221552813
10377	0.0004716765854
10378	0.001394794973
10379	0.001555918354
10380	0.0008107266527
10381	0.0003842907258
10382	0.001390276539
10383	0.0005380177972
10384	3.93138891e-05
10385	0.0004532006258
10386	0.0008851590889
10387	0.000266604104
10388	0.0100639426
10389	0.0009323109366
10390	0.0002630637932
10391	0.001549782054
10392	0.0003518852376
10393	0.003411069403
10394	0.002047683513
10395	0.001731808747
10396	0.001747828177
10397	0.0008152357145
10398	0.006236019466
10399	0.008524365931
10400	0.01352359248
10401	0.008562000099
10402	1.189894076e-05
10403	0.0001591868301
10404	0.001372336124
10405	0.01258097627
10406	0.005651386177
10407	0.009393662638
10408	0.003689156108
10409	0.005110752486
10410	0.00337276723
10411	0.003148364677
10412	0.008176519636
10413	0.01480727799
10414	0.01937063616
10415	0.002731561067
10416	0.003403930184
10417	0.001330759715
10418	0.004813511762
10419	0.007987201487
10420	0.003548576342
10421	0.003247166825
10422	0.01365434642
10423	0.004127962983
10424	0.001577371538
10425	0.01419733875
10426	0.01321569874
10427	0.002761950744
10428	0.004268898486
10429	0.003720267682
10430	0.008169978471
10431	0.0003683122346
10432	0.0030240542
10433	0.0005273138805
10434	0.006729076211
10435	0.008178593919
10436	0.002952399174
10437	0.001875450497
10438	0.003237057917
10439	0.0006400068042
10440	0.001481011484
10441	0.01614458646
10442	0.008822283847
10443	0.009401924199
10444	0.004213038155
10445	0.006758618687
10446	0.01609857548
10447	0.001004136125
10448	0.007217588723
10449	0.002757119734
10450	0.0009015677357
10451	0.001016671208
10452	0.004012574793
10453	0.004628892802
10454	0.008061672862
10455	0.009992557238
10456	0.003766992653
10457	0.002216627287
10458	9.84088715e-05
10459	0.001215964057
10460	0.001790084111
10461	0.01409868266
10462	0.002180772469
10463	0.003042767469
10464	0.002091156453
10465	0.01310362873
10466	0.0005243510445
10467	0.003468057529
10468	0.007589041998
10469	0.004892219574
10470	0.0007161061482
10471	0.0005237036801
10472	0.004321699151
10473	0.009546974141
10474	0.008254874911
10475	0.004220937125
10476	0.007338819016
10477	0.002564441313
10478	0.008288493195
10479	0.006958458018
10480	0.01271350698
10481	0.004558041915
10482	0.008066918128
10483	0.009057738153
10484	0.003304741549
10485	0.008049048042
10486	0.001578560798
10487	0.002624339744
10488	0.0116085373
10489	0.003785992716
10490	0.001181882655
10491	0.002154458685
10492	0.006471425471
10493	0.001008464319
10494	0.00298949543
10495	0.0005555318673
10496	0.003320288778
10497	0.009396691848
10498	0.0002206479673
10499	0.007427801821
10500	0.003980643555
10501	0.004421492478
10502	0.002148459784
10503	0.00443969709
10504	0.001168153865
10505	0.007729148576
10506	0.008923477014
10507	0.0010647422
10508	0.000338552185
10509	0.0003328429968
10510	0.001509095494
10511	0.001248685897
10512	0.0001431895195
10513	0.002447702307
10514	0.01482459987
10515	0.009988061988
10516	0.005539116432
10517	0.000237147726
10518	0.002965754017
10519	0.0002726297798
10520	0.00177547825
10521	0.001375604229
10522	0.002717163437
10523	0.0002088796188
10524	0.0005781937008
10525	0.0001668787566
10526	0.0009080421225
10527	0.001016967849
10528	0.004922833414
10529	0.001263339714
10530	0.01449642455
10531	0.008713255758
10532	0.002867233986
10533	0.0004983083706
10534	0.001464870898
10535	0.002920772783
10536	0.00358434375
10537	0.002682671007
10538	0.006200416111
10539	0.003134342532
10540	0.003653059553
10541	0.0003236911534
10542	0.002607844869
10543	0.0009980764981
10544	0.002112925682
10545	0.005175847566
10546	0.0003228466733
10547	0.0002624079427
10548	0.003586124409
10549	0.003143427893
10550	0.004265599706
10551	0.00232732033
10552	0.00853102513
10553	0.006916460091
10554	0.004824317914
10555	0.002179122727
10556	0.004172878555
10557	0.009364860628
10558	0.0004963927925
10559	0.001734797367
10560	0.005636809279
10561	0.002135706299
10562	0.001945572861
10563	0.001004293155
10564	0.004282482605
10565	0.004106628538
10566	0.007425329238
10567	0.004400594113
10568	0.0008256141676
10569	0.01052275567
10570	0.001000769183
10571	0.002893152205
10572	0.005327675475
10573	0.001547956363
10574	0.007987109068
10575	0.0001163968081
10576	0.005889065569
10577	0.01369983797
10578	0.006511223199
10579	0.0007300257188
10580	0.007250224634
10581	0.01577856428
10582	0.001432981995
10583	0.003166506764
10584	0.001883816017
10585	0.008746401003
10586	0.00315713009
10587	0.01069009948
10588	0.008385162261
10589	0.001537574832
10590	0.003668651105
10591	0.008635575644
10592	0.002916164821
10593	0.009641738929
10594	0.001466941319
10595	0.00847712422
10596	0.003815937492
10597	0.004415881349
10598	0.02328466199
10599	0.004714498805
10600	0.004165355204
10601	0.00172940636
10602	0.006700245007
10603	0.001779671515
10604	0.007665703074
10605	0.003003366147
10606	0.008049308511
10607	0.002233775513
10608	0.0009500143827
10609	0.005238693681
10610	0.001001017234
10611	0.00869716871
10612	0.008457815947
10613	0.01022536849
10614	0.008504303576
10615	0.002580449665
10616	0.005452504589
10617	0.006208694538
10618	0.02013180216
10619	0.0009227518315
10620	0.003685245992
10621	0.001356870439
10622	0.0003829077509
10623	0.008476617609
10624	0.006924726808
10625	0.005801161775
10626	0.001039619284
10627	0.003968252058
10628	0.000853210643
10629	0.0007558645528
10630	0.002639406943
10631	0.001069158492
10632	0.01050535191
10633	0.008845990686
10634	0.0004061781979
10635	0.007234382304
10636	0.001643569477
10637	0.01260571032
10638	0.00502404013
10639	0.0008950786623
10640	0.001072683227
10641	0.005576193877
10642	0.0006628738575
10643	0.000154081261
10644	0.000716659689
10645	0.003566397657
10646	0.00128858705
10647	0.002730738314
10648	0.001085875251
10649	0.00322600878
10650	0.008296392781
10651	6.648742297e-05
10652	0.0006388430214
10653	0.006015127481
10654	0.004337451448
10655	0.001077079429
10656	0.0004656303138
10657	0.009702932799
10658	9.609524688e-05
10659	8.018391464e-05
10660	0.004750356902
10661	0.002201076046
10662	0.009201877775
10663	0.0006252140332
10664	0.004091986588
10665	0.001587571221
10666	0.001339724505
10667	0.001057343188
10668	0.01136434251
10669	0.002817472144
10670	0.006918418818
10671	0.01520800823
10672	0.01270908551
10673	0.01611172219
10674	0.0142889267
10675	0.007310236001
10676	0.00254119915
10677	0.005503448738
10678	0.003260704341
10679	6.463145191e-05
10680	0.003176465518
10681	0.0009017529082
10682	0.0004909712136
10683	0.002213800954
10684	0.001986510138
10685	0.008534175239
10686	0.008682658295
10687	0.002193578951
10688	0.0008140749222
10689	0.001856322884
10690	0.0001882072116
10691	0.009936519923
10692	0.0002674112857
10693	0.001680345281
10694	0.002850482146
10695	8.178904124e-05
10696	0.007489124302
10697	0.001268523394
10698	0.007834860554
10699	0.02409882078
10700	0.005607717553
10701	0.006168906379
10702	0.004199185112
10703	0.0005856463279
10704	0.004788896355
10705	0.0001826800142
10706	0.01067358351
10707	0.01543548119
10708	0.000173414281
10709	0.00510430992
10710	0.002350043157
10711	0.0008064396779
10712	0.004678900128
10713	0.003817569812
10714	0.001901406614
10715	0.00195302339
10716	0.00762574597
10717	0.001427908724
10718	0.01878508164
10719	0.01662139173
10720	0.003818548016
10721	0.003934211014
10722	0.005966070421
10723	0.01527716323
10724	0.006771802044
10725	0.003552855665
10726	0.004547405757
10727	0.002938340191
10728	0.006901477195
10729	0.01342431459
10730	0.003536769343
10731	0.01662223553
10732	0.005266092834
10733	0.0008439212897
10734	0.01389870091
10735	0.0111172017
10736	0.001494967106
10737	0.001012254221
10738	0.003835204927
10739	0.000803276546
10740	0.001105148908
10741	0.006662620588
10742	0.009054501845
10743	0.0004598114441
10744	0.0004364095695
10745	0.001793056668
10746	0.003348945951
10747	0.001978776909
10748	0.002718930468
10749	0.000971955163
10750	0.0003215994492
10751	0.007467628675
10752	0.007174752939
10753	0.006571781759
10754	0.008694758318
10755	0.0008071362245
10756	0.001205692225
10757	0.008020674825
10758	0.002854672821
10759	0.007706301932
10760	0.003089685394
10761	0.001687045704
10762	0.005457687428
10763	0.0002842511531
10764	0.00104242166
10765	0.01183569984
10766	0.007503869981
10767	0.0009605271348
10768	0.0001929691781
10769	0.004522576704
10770	0.008831591592
10771	0.0007867831205
10772	0.001802485619
10773	0.004048508945
10774	0.0006674058444
10775	0.008212525485
10776	0.007952937785
10777	0.005431649544
10778	0.0006969194196
10779	4.768917281e-05
10780	0.01368773132
10781	0.002626959585
10782	0.001184217183
10783	0.0008931640101
10784	0.0007101870643
10785	0.005122310773
10786	0.005037156662
10787	0.01015908256
10788	0.006932576354
10789	0.004513841038
10790	0.01493436827
10791	0.005526177054
10792	0.001985846862
10793	0.001020749161
10794	0.001233673848
10795	0.002904619832
10796	0.002440378602
10797	0.0003796453884
10798	0.0006277066038
10799	0.0003591728895
10800	0.001878229355
10801	0.003077572995
10802	0.002062318358
10803	0.0001830932686
10804	0.002542229303
10805	0.003009807133
10806	0.000431753832
10807	0.01245287801
10808	0.008894790456
10809	0.001656809461
10810	0.006587857994
10811	2.121498075e-05
10812	0.002254486157
10813	0.004259270751
10814	0.0004944886317
10815	0.003672194157
10816	0.006944032901
10817	0.0009792268153
10818	0.0002526991488
10819	0.006393051461
10820	0.0004499445711
10821	2.86981541e-07
10822	0.00708834232
10823	0.004635416093
10824	0.00394588176
10825	0.007096618827
10826	0.0006795191009
10827	0.001171413812
10828	6.095948491e-06
10829	0.01260053845
10830	0.002245215169
10831	0.007843648657
10832	0.007028998781
10833	0.005071746644
10834	0.0005288616554
10835	0.01134419419
10836	0.009839313224
10837	0.004145010828
10838	0.002147983978
10839	0.00239613839
10840	0.01133528315
10841	0.007882818854
10842	0.002630875067
10843	0.001246625574
10844	0.001348374271
10845	0.004731193668
10846	0.01793458187
10847	0.01052841738
10848	0.0007709160075
10849	0.001404058339
10850	0.0003293114762
10851	0.005207816905
10852	0.00423403411
10853	0.003756392853
10854	0.00227716634
10855	0.0009822425621
10856	0.002108661364
10857	0.00805429458
10858	0.001000496043
10859	0.0079694296
10860	0.00184035896
10861	0.005845033212
10862	0.001209884056
10863	0.00079442356
10864	0.002418632076
10865	0.00667102418
10866	0.004543617131
10867	0.006494599072
10868	0.00986146962
10869	3.241725554e-05
10870	0.004081090388
10871	0.008226049494
10872	0.00363036827
10873	0.004583936222
10874	0.001317771249
10875	0.004284187291
10876	0.001998576565
10877	0.01237281579
10878	0.01159214825
10879	0.003088540341
10880	4.177342996e-05
10881	0.01267868276
10882	0.003563465819
10883	0.006897531211
10884	0.006490702746
10885	0.01750815273
10886	0.006148105178
10887	0.01828465115
10888	0.01306066667
10889	0.007265981703
10890	0.00659913943
10891	0.0008133229765
10892	0.001450322953
10893	0.001711547227
10894	0.001860933555
10895	0.001570723675
10896	0.004729383108
10897	0.009333120624
10898	0.0005765584789
10899	0.001562922272
10900	0.004098592256
10901	0.0008340154595
10902	0.0002955616091
10903	0.01235582751
10904	0.005049215191
10905	0.006274825303
10906	0.002551714444
10907	0.002464210387
10908	0.0001426439517
10909	0.01251255566
10910	0.003356371535
10911	0.01612802113
10912	0.003611811553
10913	0.01167100612
10914	0.006292400806
10915	0.001230970202
10916	0.001870239198
10917	0.001254091432
10918	0.00725845089
10919	0.001666456551
10920	0.00410313542
10921	0.009919318473
10922	0.005908488782
10923	0.02224860847
10924	0.002082112424
10925	0.002217769336
10926	0.003059115188
10927	0.008949816781
10928	0.006234931729
10929	0.003714578866
10930	0.00196464416
10931	0.0001415552378
10932	0.0005657284014
10933	0.0004284629728
10934	0.002425074102
10935	0.001049632376
10936	0.0003956262968
10937	0.001011527437
10938	0.0137729068
10939	0.001280060436
10940	0.000993086851
10941	0.0008284444774
10942	0.00256441757
10943	0.003352149507
10944	0.002861865156
10945	0.0002800315913
10946	9.481681877e-05
10947	0.001254502885
10948	0.002087015175
10949	0.0007757281497
10950	0.0004401295833
10951	0.01030280407
10952	0.007627109913
10953	0.004751511492
10954	0.000444845952
10955	0.003263518989
10956	0.003327571995
10957	0.002044002108
10958	0.002097337052
10959	0.003764037745
10960	0.004116847547
10961	0.004147381843
10962	0.02165532281
10963	8.72946326e-05
10964	0.0164940797
10965	0.0006482888199
10966	0.005964564116
10967	0.02055071301
10968	0.001905988457
10969	0.0006737370741
10970	0.00261657247
10971	0.002688379499
10972	0.006585557307
10973	0.005590983725
10974	0.0005258883918
10975	0.008418841274
10976	0.00301433721
10977	0.01002622169
10978	0.004436284881
10979	0.008273485252
10980	0.00800910396
10981	0.005400849685
10982	0.003233973815
10983	0.009087116672
10984	0.006142199281
10985	0.009445930486
10986	0.008513533394
10987	0.004923301052
10988	0.0008218623142
10989	0.003688322865
10990	0.02810786926
10991	0.005293575292
10992	0.002266594362
10993	0.003234136877
10994	0.01799918278
10995	0.006591808161
10996	0.00617743253
10997	0.005243426716
10998	0.006473040954
10999	0.002285624089
11000	0.00814457099
11001	0.001808132878
11002	0.013429117
11003	0.0002119581476
11004	0.0008674290145
11005	0.0004210502956
11006	0.005301406363
11007	0.001974462523
11008	0.006201285035
11009	0.01384227343
11010	0.001048051457
11011	0.0007898432005
11012	0.0004390447328
11013	0.005779089741
11014	0.00151851679
11015	0.001975904869
11016	0.002152919756
11017	0.00463804879
11018	0.0003218113809
11019	0.005130374301
11020	0.00403231031
11021	0.001297948449
11022	0.0002818971426
11023	0.001106224198
11024	0.006407856419
11025	0.0003534975119
11026	0.004665155515
11027	2.884510206e-05
11028	0.009318326419
11029	0.008403861288
11030	0.004250424444
11031	0.006635163063
11032	0.004524016832
11033	0.0002062357253
11034	0.01197616974
11035	0.001273622454
11036	0.0009434228556
11037	0.0008019932668
11038	0.002367642361
11039	0.0004807142923
11040	7.91700864e-05
11041	0.002676376571
11042	0.002022290909
11043	0.01102790219
11044	0.002572908913
11045	0.01331085669
11046	0.002375978798
11047	0.004186905076
11048	0.006275753379
11049	0.009110793281
11050	0.001401985008
11051	0.00776821226
11052	0.004964393828
11053	0.002756131477
11054	0.004385291164
11055	0.0004506830766
11056	0.0002730291113
11057	0.0006245335279
11058	0.002628623882
11059	0.0001588724312
11060	0.002610879939
11061	0.02182478731
11062	0.0002562322424
11063	0.002853150013
11064	0.002552174264
11065	0.001417137655
11066	0.001397208727
11067	0.004960419495
11068	0.000880383638
11069	0.0001286276486
11070	0.004619002902
11071	0.00265156471
11072	0.007025489681
11073	0.0006968327195
11074	0.003843977383
11075	0.00229643271
11076	0.004736322473
11077	0.003597002267
11078	0.001410178754
11079	0.0168101297
11080	0.0008828686847
11081	0.0004629060683
11082	0.003938739527
11083	0.0008149556747
11084	0.001121162088
11085	4.48466645e-06
11086	0.002698418061
11087	0.008932120408
11088	0.002268697882
11089	0.008998063017
11090	0.007486479778
11091	0.001498375822
11092	0.01461702268
11093	0.006551303151
11094	0.01167610627
11095	0.0001511189959
11096	0.0006318324497
11097	0.004110896658
11098	0.00197081741
11099	0.003664429972
11100	0.0003429021848
11101	0.001981521313
11102	0.00549120416
11103	0.001760901817
11104	0.007340386165
11105	0.0009624567373
11106	0.005535311292
11107	0.00151460005
11108	0.006821764359
11109	0.004376731515
11110	0.00184123608
11111	0.01586389381
11112	0.002191735866
11113	0.006790846822
11114	0.004622118792
11115	0.004489855509
11116	0.0108502371
11117	0.001347602215
11118	0.002850617099
11119	0.0005197733587
11120	0.003523319243
11121	0.0009097710029
11122	0.0008300725574
11123	1.734844125e-05
11124	0.0005005831784
11125	0.005658348096
11126	2.749785259e-05
11127	0.003143059723
11128	0.00408316689
11129	0.00487124923
11130	0.003144657803
11131	0.002261526066
11132	2.953599649e-05
11133	0.002695968945
11134	0.01447851629
11135	0.0051813534
11136	0.0003077362786
11137	0.004219415819
11138	0.0003140596802
11139	0.006910552502
11140	0.003216239227
11141	0.004903782313
11142	0.003487233546
11143	0.003876762074
11144	0.004031916247
11145	0.01468305743
11146	0.00144923407
11147	0.004616969089
11148	0.01944912004
11149	0.003439556931
11150	0.00168732183
11151	0.000176066576
11152	0.002608870463
11153	0.0005077335801
11154	0.006981107252
11155	0.0008269867703
11156	0.005977846801
11157	0.01587234709
11158	0.008706057166
11159	0.00595848701
11160	0.006196400055
11161	0.001021460654
11162	0.0004427546717
11163	0.00193494622
11164	0.008122809671
11165	0.0007669721116
11166	0.004439837093
11167	0.008179638891
11168	0.0009907515229
11169	0.01287683032
11170	0.003587979212
11171	0.001200743998
11172	0.00258800497
11173	0.004176895018
11174	0.0003770987834
11175	0.007223296952
11176	0.005369764446
11177	0.01238094206
11178	0.00353875219
11179	0.002632493377
11180	0.004498837526
11181	0.004155431975
11182	0.0006048059233
11183	0.001299469392
11184	0.002652754299
11185	0.01602522218
11186	0.009920488736
11187	0.01010771196
11188	0.01717377058
11189	0.007518831548
11190	0.0007581086648
11191	0.002258884942
11192	0.002724470466
11193	9.637599376e-05
11194	0.003535536049
11195	0.00119473734
11196	0.001583157676
11197	0.01393096046
11198	0.0004212366823
11199	0.007402522982
11200	0.01517987937
11201	0.0005750610142
11202	0.002471190537
11203	0.001600769438
11204	0.00205373611
11205	0.0003115925998
11206	2.326209985e-05
11207	0.004836209446
11208	0.0002912790236
11209	0.008689939128
11210	0.007272530437
11211	0.004013953116
11212	0.01418239633
11213	0.005593109818
11214	0.003293759151
11215	0.0005608635978
11216	0.0009003646863
11217	0.003387608466
11218	0.007687026197
11219	0.001731674071
11220	0.01259601564
11221	0.00502208356
11222	0.008917589384
11223	0.0009574687277
11224	0.006698101105
11225	0.01163414323
11226	0.006409055979
11227	0.01064318994
11228	0.003694467326
11229	0.008700164483
11230	0.008383334619
11231	0.001667190228
11232	0.01566040822
11233	0.0008850510106
11234	0.01045477312
11235	0.001459326023
11236	0.007568582547
11237	0.009890148921
11238	0.001584803272
11239	0.008387199658
11240	0.001474846789
11241	0.002823869021
11242	0.001796561788
11243	0.007207594136
11244	0.01335065807
11245	0.001155280426
11246	0.0009630168553
11247	0.001521307495
11248	0.003116960082
11249	0.001679450581
11250	0.0003911066496
11251	0.0006620348436
11252	0.0001070712761
11253	0.001097140352
11254	0.0008315746957
11255	0.002593722297
11256	0.0003804534241
11257	0.0003298637041
11258	0.001263069096
11259	0.002004100333
11260	6.183988463e-05
11261	0.002211766433
11262	0.001296063038
11263	0.003425323724
11264	0.004858865044
11265	0.0001023889404
11266	0.0003971626417
11267	0.008243855257
11268	0.003540048914
11269	0.001322089861
11270	0.005555065447
11271	0.01244531348
11272	0.001713563161
11273	0.003115733614
11274	0.008549827016
11275	0.003531006137
11276	0.0008507970462
11277	0.0008946061768
11278	0.004180036501
11279	0.0007761061111
11280	0.002715188079
11281	0.002313250614
11282	0.003582777099
11283	0.005857225133
11284	0.01420101538
11285	0.01142415736
11286	0.0007188408204
11287	1.874123474e-05
11288	0.002530737968
11289	0.001879439094
11290	0.01071008795
11291	0.01183495173
11292	0.0006057808075
11293	0.002895177346
11294	0.001787099609
11295	0.003711480447
11296	0.001050376617
11297	0.001373418393
11298	0.002983898323
11299	0.001949902126
11300	0.0112143718
11301	0.001572140169
11302	0.0004157965811
11303	0.001132744092
11304	0.0006440056456
11305	8.09505854e-05
11306	1.949667681e-05
11307	0.006375619895
11308	6.500076248e-05
11309	4.710845644e-05
11310	0.0006917593872
11311	0.009987788732
11312	0.003484127706
11313	0.007313196339
11314	0.03168073233
11315	0.001669625703
11316	0.004437606892
11317	0.005340166646
11318	0.004254145871
11319	0.003720455919
11320	0.005319574694
11321	0.002518838364
11322	0.01178978864
11323	0.01155837958
11324	0.004166716029
11325	0.001493003597
11326	0.01163943932
11327	0.0005322422426
11328	0.003205823702
11329	0.01104546055
11330	0.006879463537
11331	0.006337353141
11332	0.0001433370308
11333	0.00404394869
11334	0.0007212465963
11335	0.00067763756
11336	0.001493894889
11337	0.001879679877
11338	0.005774669672
11339	0.005079087617
11340	0.008027527719
11341	0.003187245989
11342	0.005412874947
11343	0.009668642181
11344	0.007773046003
11345	0.004481906374
11346	0.01120351399
11347	0.0002610943802
11348	0.0005633087238
11349	0.003394240535
11350	0.0003721630554
11351	0.001734715287
11352	0.001637554014
11353	0.008888887713
11354	0.02084655065
11355	0.001623943327
11356	0.01200975449
11357	0.007072611999
11358	0.001873311447
11359	0.001294901409
11360	0.01039864562
11361	0.003574258621
11362	0.0004830855688
11363	0.01103896975
11364	0.002750809573
11365	0.002689047467
11366	0.006748651947
11367	0.002390919756
11368	0.0007381242536
11369	0.0005421928957
11370	0.01174643422
11371	0.001697654747
11372	0.00617969104
11373	0.005838388237
11374	0.0008992758843
11375	0.006730399351
11376	0.0004768502327
11377	0.00314710098
11378	0.01017585443
11379	0.002344806784
11380	0.006443430546
11381	0.003659413308
11382	0.00523414293
11383	0.01129114737
11384	0.001093263299
11385	0.001572950623
11386	0.0004616747982
11387	0.002028008908
11388	0.0009106424859
11389	0.01226599182
11390	0.000290744269
11391	7.50702427e-06
11392	0.002291200865
11393	0.002025612242
11394	0.002164304217
11395	0.003265885852
11396	0.003056974681
11397	0.007250729937
11398	0.003713059799
11399	0.006585486641
11400	0.00319950122
11401	0.003137691823
11402	0.002181870967
11403	6.440624159e-05
11404	0.005643220729
11405	0.007092538141
11406	0.001354622707
11407	0.00120503952
11408	0.001882769612
11409	0.002458575324
11410	0.0008982536257
11411	0.003235761886
11412	0.002337650751
11413	0.003818170417
11414	0.01160809943
11415	0.002569621225
11416	0.004401855275
11417	0.001579993354
11418	0.01130805413
11419	0.001671251866
11420	0.01043756839
11421	0.00419071529
11422	0.003857828377
11423	0.002496459131
11424	0.000914359197
11425	0.007250335652
11426	0.004533340137
11427	0.001312120411
11428	0.000923782642
11429	0.005548801092
11430	0.0006105211731
11431	0.001047580552
11432	0.0007903327795
11433	0.0002365937807
11434	0.001788033389
11435	0.01015564155
11436	0.001927719429
11437	0.001172227944
11438	0.006093593016
11439	0.007338407977
11440	0.001214508973
11441	0.0004105919289
11442	0.006298293867
11443	0.0003715253647
11444	0.008446021558
11445	0.0157808874
11446	0.0002324862546
11447	0.002285143826
11448	0.007248700189
11449	0.007274008392
11450	0.001742580625
11451	0.000488253372
11452	0.001057340758
11453	0.001920628517
11454	0.0007672749592
11455	0.001460401845
11456	0.004221787237
11457	0.0001664603659
11458	0.0004480269284
11459	0.006027699974
11460	0.002913797868
11461	0.01517575222
11462	0.004987102582
11463	0.004258684449
11464	0.001936620221
11465	0.001472564684
11466	0.00180624115
11467	0.001077370964
11468	0.004040947103
11469	0.008953116864
11470	0.004852957456
11471	0.0009010523734
11472	0.001815834089
11473	0.007486539058
11474	0.0009196718226
11475	0.003426034109
11476	0.00364035483
11477	0.004910903974
11478	0.005601918658
11479	0.006935454733
11480	0.007529294874
11481	0.009059976099
11482	0.0008851627486
11483	1.552565525e-05
11484	0.007249999973
11485	0.001679820685
11486	0.003112143388
11487	0.0002065245147
11488	0.0008714212573
11489	1.123488816e-05
11490	0.001407460579
11491	0.007365155568
11492	0.004812213232
11493	0.007442931457
11494	0.005966339207
11495	0.00277083558
11496	0.005024315107
11497	0.0004222815588
11498	0.0006963932254
11499	0.0003348101535
11500	0.002191095112
11501	0.001405032063
11502	0.005089029265
11503	0.000856552414
11504	0.0001894425577
11505	0.0003390699911
11506	0.0004848391979
11507	0.00092492216
11508	0.002182127651
11509	0.007582194893
11510	0.003623623481
11511	0.007317112437
11512	0.005424286181
11513	0.005838649283
11514	0.00134225512
11515	0.002835472596
11516	0.007675590226
11517	0.01077087888
11518	0.002025150427
11519	0.007211563277
11520	0.002730661774
11521	0.001883640772
11522	0.003190830478
11523	0.003672114683
11524	0.00343691872
11525	0.004208883745
11526	0.01200908887
11527	0.003841891974
11528	0.008935746203
11529	0.001751105101
11530	0.003106034972
11531	0.01042207142
11532	0.0007769411862
11533	0.007518408259
11534	0.001670732344
11535	0.008808844339
11536	0.002705572944
11537	0.002411921944
11538	0.001753663442
11539	0.006517445883
11540	0.004962456566
11541	0.01025585252
11542	0.009590113132
11543	0.01063077956
11544	0.0116296436
11545	0.01180949144
11546	0.00145208475
11547	0.001673153742
11548	0.008053254477
11549	5.819157144e-05
11550	0.0005726339589
11551	0.002595497729
11552	0.001279204888
11553	0.001577280253
11554	0.005508693774
11555	0.002667469313
11556	0.005146098993
11557	0.00342915804
11558	8.500870911e-05
11559	0.004035353462
11560	0.01107921734
11561	0.0005702035504
11562	0.001063705928
11563	0.002607893615
11564	0.0008848993274
11565	0.002938980933
11566	0.008186493375
11567	0.002776576435
11568	0.0001376461161
11569	0.005325672705
11570	0.006975421428
11571	0.002991402415
11572	0.00680446572
11573	0.007002466013
11574	0.01873570692
11575	0.0005063823214
11576	0.01307512839
11577	0.003669748238
11578	0.00322912277
11579	0.002414637594
11580	0.009310472374
11581	0.008762740466
11582	0.00368744489
11583	0.005647430093
11584	0.006099096015
11585	0.0009647374663
11586	0.003132043722
11587	0.01494855773
11588	0.007900205409
11589	0.002808696294
11590	0.005422051355
11591	0.002631944886
11592	0.003617057736
11593	0.004121041907
11594	0.001804435246
11595	0.01551989462
11596	0.004147227162
11597	0.004477565592
11598	0.0006645468882
11599	0.00627544107
11600	0.0002419070947
11601	0.007381493488
11602	0.008345708033
11603	0.003147212511
11604	0.004051271339
11605	0.01157134829
11606	0.003100328652
11607	0.001723342659
11608	0.0008835453432
11609	0.009002155467
11610	0.00350399485
11611	0.003715516674
11612	0.001548608984
11613	0.006071709991
11614	0.003945562001
11615	0.001194729251
11616	0.004398900984
11617	0.008068881852
11618	0.001132684726
11619	0.007697067975
11620	0.01186921791
11621	0.002927704236
11622	0.001266143968
11623	0.001200255444
11624	0.004459205287
11625	0.000654735828
11626	4.698700547e-05
11627	0.0007710300427
11628	0.003877168613
11629	0.0007338530152
11630	0.007628546519
11631	0.008533162282
11632	0.00623682619
11633	0.001940045615
11634	0.006195817777
11635	0.01521485112
11636	0.002634330166
11637	0.0005990244018
11638	0.005648813175
11639	0.001996300535
11640	0.00441173476
11641	0.0004395556412
11642	0.000471945931
11643	0.0005630655944
11644	0.001575965625
11645	0.001576679508
11646	0.001160954662
11647	0.01320749338
11648	0.000918936992
11649	0.008877061408
11650	0.0002781419124
11651	0.0008128057073
11652	0.001493458508
11653	0.0003676711117
11654	0.001449361149
11655	0.0001126346216
11656	0.000568757919
11657	0.00697302448
11658	0.001557780616
11659	0.002729552824
11660	0.0003131054277
11661	0.0010240873
11662	0.001512282126
11663	0.004759826343
11664	0.001505777591
11665	0.001914887934
11666	0.003950439256
11667	0.005532124577
11668	0.007223360856
11669	0.0003943545049
11670	0.0003771246542
11671	0.0156338666
11672	0
11673	0.007519995133
11674	0.001994375947
11675	0.004761247676
11676	1.437405738e-05
11677	0.005301396311
11678	0.00448115414
11679	0.001652379567
11680	0.003737166403
11681	0.0007869104016
11682	0.007777001315
11683	0.00520061974
11684	0.001818443693
11685	0.002212886762
11686	0.002253343396
11687	0.003570300634
11688	0.000680342654
11689	0.00252038679
11690	0.000262140307
11691	0.001412599008
11692	0.007703211158
11693	0.005913473695
11694	0.003720561566
11695	0.0004852190019
11696	0.006169919154
11697	0.007118970285
11698	0.002846308648
11699	0.005953617278
11700	0.001726780614
11701	0.001256564167
11702	0.005903216178
11703	0.00375469805
11704	0.000523363825
11705	0.003176150306
11706	0.002660522718
11707	0.000860423874
11708	0.0007822415625
11709	0.002247271705
11710	0.01400337157
11711	0.01480976882
11712	0.006311743834
11713	0.001440436114
11714	0.006029366296
11715	0.007138974553
11716	0.004855468346
11717	0.005967512916
11718	0.0006915667324
11719	0.01522124269
11720	0.0007015380385
11721	0.001706801516
11722	0.001873402691
11723	0.009936321693
11724	0.0007044322744
11725	0.002284212542
11726	0.0003931748274
11727	0.002136139005
11728	0.001046635751
11729	0.0008205043678
11730	0.0005199041574
11731	0.0118846942
11732	0.002317363375
11733	0.009415196763
11734	0.0005372515481
11735	0.007131845813
11736	0.0007417784523
11737	0.001336660399
11738	0.0006338753145
11739	0.001206919549
11740	0.0002925137615
11741	0.0013127053
11742	0.002189568831
11743	0.0003523183268
11744	0.001189716123
11745	0.005515317964
11746	0.003421879109
11747	0.001113573781
11748	0.009659467923
11749	0.001373958986
11750	0.001666425186
11751	0.0001550050179
11752	0.003330680561
11753	0.006863234053
11754	0.004399316852
11755	0.002749686924
11756	0.0006209393822
11757	0.002862266942
11758	0.009511499862
11759	0.004203929735
11760	0.003817330161
11761	0.0003776388331
11762	0.001440682649
11763	0.005045787514
11764	0.001246777452
11765	0.0006564233567
11766	0.0008800219465
11767	0.007596592803
11768	0.001315408009
11769	0.01327429926
11770	0.0001740398931
11771	0.005971433058
11772	0.0001829892755
11773	0.003323514821
11774	0.001599278639
11775	0.005136847008
11776	0.001639546459
11777	0.009706897875
11778	0.007660574158
11779	0.000589888794
11780	0.009559222785
11781	0.005240381303
11782	0.0003061723346
11783	0.01846701436
11784	0.006477079618
11785	0.001186953219
11786	0.002664481393
11787	0.0002711712395
11788	0.005571361926
11789	0.01195378585
11790	0.007175977959
11791	0.003171735539
11792	0.004948162671
11793	3.988579541e-05
11794	0.008439936273
11795	0.007872603533
11796	0.006763572005
11797	6.726825887e-05
11798	0.0008371750237
11799	0.004095934572
11800	0.002365092849
11801	0.0003055646309
11802	0.002244877125
11803	0.0002448523527
11804	0.01272894949
11805	0.004011970093
11806	0.002881647218
11807	0.003551035979
11808	0.006030311482
11809	0.001206031346
11810	7.869872174e-05
11811	0.002346628888
11812	0.001441672789
11813	0.0005443644832
11814	0.002009070989
11815	0.002599546107
11816	0.002789862029
11817	0.001252544596
11818	0.001791958835
11819	0.0030184617
11820	0.008008694443
11821	0.007787172497
11822	0.001942395057
11823	0.00339329318
11824	0.008433105891
11825	0.01213019565
11826	0.0008139772955
11827	0.01110503335
11828	0.0004246518124
11829	0.0008994630905
11830	0.001673187296
11831	0.006186876611
11832	0.0033237971
11833	0.0004924956369
11834	0.001759464103
11835	0.002512762312
11836	0.001019373698
11837	0.001489114604
11838	0.0007298457221
11839	0.003744217679
11840	0.0004368804283
11841	0.009286611137
11842	0.01016575379
11843	0.008716919704
11844	0.003456289099
11845	0.0001540406128
11846	0.0009653691169
11847	0.006242930793
11848	0.005988975679
11849	0.0103697625
11850	0.00203732775
11851	0.009252266254
11852	0.007966865878
11853	0.0007830052838
11854	0.01409222363
11855	0.006855949034
11856	0.01394135944
11857	0.0009060987111
11858	0.0004015988969
11859	0.0013915608
11860	0.004605597317
11861	0.001696932148
11862	0.008630217438
11863	0.0007110537192
11864	0.0006229140173
11865	0.001768708032
11866	0.006779374149
11867	0.0002829064384
11868	0.00102870219
11869	0.0005451017539
11870	0.0004591655158
11871	0.0006369464873
11872	0.001115250519
11873	0.0001792718058
11874	0.0004339820171
11875	0.0004002959041
11876	0.001550749397
11877	0.002151309101
11878	0.001378874778
11879	0.001798706389
11880	0.002243539059
11881	0.002873152969
11882	0.001841259991
11883	0.0005114302142
11884	0.0003338653182
11885	0.0007990631676
11886	0.003426219981
11887	0.0004242396467
11888	0.001646116091
11889	0.002053720194
11890	0.002625415785
11891	0.008496729219
11892	0.00253853253
11893	0.001306137734
11894	0.007911228725
11895	0.0007569141166
11896	0.005774641811
11897	0.001841298888
11898	0.001442939724
11899	0.005102908071
11900	0.002321892285
11901	0.001158571555
11902	0.0005283008078
11903	0.004183523263
11904	0.01492055596
11905	0.002570691779
11906	0.0007443128139
11907	0.008091393522
11908	0.001822463053
11909	0.008362889963
11910	0.007035947184
11911	0.00591596464
11912	0.003991108101
11913	0.002729770856
11914	0.001131943497
11915	0.002031006476
11916	0.001852841001
11917	0.0008940099918
11918	0.002466906746
11919	0.003586684283
11920	0.0009793241638
11921	0.005561629624
11922	0.002754468909
11923	0.002830620867
11924	0.001616871163
11925	0.0005084873588
11926	0.004445665035
11927	0.009782372952
11928	0.008446801933
11929	0.001193134062
11930	0.002169599453
11931	0.002433303066
11932	0.01353566219
11933	0.004502384887
11934	0.001652785061
11935	0.001734045271
11936	0.002005557855
11937	0.0005117795521
11938	0.0006610363471
11939	0.007132816812
11940	0.001601764396
11941	0.01074777296
11942	0.0006999879465
11943	0.002975854853
11944	0.005979286682
11945	0.001108788007
11946	0.006686791681
11947	0.004920004147
11948	0.002033633097
11949	0.006763587784
11950	0.01209634435
11951	0.0006821156235
11952	0.0008822384048
11953	0.008931774452
11954	0.003915699024
11955	0.01136395459
11956	0.002677155011
11957	0.001603750027
11958	0.001466607613
11959	0.002002360762
11960	0.0002432646858
11961	0.006666689302
11962	0.001346674281
11963	0.0003221163325
11964	0.0001524694336
11965	0.008635328147
11966	0.005477136722
11967	0.008314331773
11968	0.002258657157
11969	0.00953044719
11970	0.01106159761
11971	0.01416887447
11972	0.007753559736
11973	0.0002342777021
11974	0.006993290877
11975	0.003472882123
11976	0.0001571986044
11977	0.003377193773
11978	0.001810728792
11979	0.001528879388
11980	0.002275706448
11981	0.001691618196
11982	0.002362010052
11983	0.00358278181
11984	0.00874854422
11985	0.0050515154
11986	0.0002575069962
11987	0.002879008995
11988	0.002112763427
11989	0.002309810217
11990	0.0008504855664
11991	0.0005384419819
11992	0.0004215293949
11993	0.009481887779
11994	0.008906685287
11995	0.0008996664511
11996	0.0007480327779
11997	0.002280320972
11998	0.0005818567634
11999	0.0004579077267
12000	0.000238468937
12001	6.442300792e-06
12002	0.0001202647654
12003	0.0001321908422
12004	0.0006923484435
12005	1.845135661e-05
12006	0.0008528299055
12007	0.001879869106
12008	0.000473797529
12009	0.0006516066754
12010	0.004881497688
12011	0.00020850305
12012	0.0007343668243
12013	0.00055596257
12014	0.0005191457265
12015	0.001324116172
12016	0.003364458756
12017	0.002012825672
12018	4.654872344e-05
12019	0.0007016359011
12020	0.004013148841
12021	0.001150252257
12022	0.001986159268
12023	0.003815254813
12024	0.0007563734751
12025	0.007526655529
12026	0
12027	0.001431606816
12028	0.001040355667
12029	0.0112935667
12030	0.008301126327
12031	0.004601392905
12032	0.005054656496
12033	0.001303188321
12034	0.01527716895
12035	0.002136474309
12036	4.624522606e-05
12037	0.003568916677
12038	0.002800208705
12039	0.00263721449
12040	0.004891268695
12041	0.0183716126
12042	0.00186316108
12043	0.003549423719
12044	0.007045401302
12045	0.0001842031978
12046	0.001807352367
12047	0.01274676164
12048	0.005539083074
12049	0.0003760455899
12050	0.01156754487
12051	0.0001582381614
12052	0.01400075885
12053	0.02195502806
12054	4.236970703e-05
12055	0.002015948183
12056	0.002731396098
12057	0.0007045224915
12058	0.001447275247
12059	0.009244945986
12060	0.00141290318
12061	0.002967751961
12062	0.007664746291
12063	0.00576963391
12064	0.001170762985
12065	0.006249601851
12066	0.005401515643
12067	0.0003272747363
12068	0.0004597972161
12069	0.005838384214
12070	0.00188495666
12071	0.000342310739
12072	0.00679966731
12073	0.003353138098
12074	0.001859628793
12075	0.001489906755
12076	0.0004407802679
12077	0.0007707059781
12078	0.004612581649
12079	0.002002463162
12080	0.002602084992
12081	0.003346889662
12082	0.003240457444
12083	0.0006049384675
12084	0.0008978936042
12085	0.0006748241813
12086	0.001051777542
12087	0.002385693929
12088	0.0128793233
12089	0.002243440797
12090	0.002576897238
12091	0.0004644218879
12092	0.0001073605267
12093	0.0003462855651
12094	0.001820885745
12095	0.0003567188429
12096	0.0009931207513
12097	0.001132307743
12098	0.002022685768
12099	0.0006842214127
12100	0.002568714776
12101	0.001654205395
12102	0.001708131491
12103	2.484157535e-06
12104	0.0007131619677
12105	0.0005619478131
12106	0.0001030522449
12107	0.002584449032
12108	0.006061287825
12109	0.001403343598
12110	0.002984216343
12111	0.009908027391
12112	0.002742948319
12113	0.001408191408
12114	0.0005526878179
12115	0.0009465107019
12116	0.0008963222703
12117	0.00048668725
12118	0.007431381342
12119	0.00188072615
12120	0.001291684834
12121	0.000853604739
12122	0.002613319281
12123	0.001123081239
12124	0.005512481527
12125	0.000920149343
12126	0.0008927629604
12127	0.001947716512
12128	0.003449769204
12129	0.001480308374
12130	0.0003424009126
12131	0.0003679169215
12132	0.002335337736
12133	0.0003287403788
12134	0.001167493495
12135	0.00167641497
12136	0.00199422159
12137	0.0004977917572
12138	0.0004182223719
12139	0.00445795138
12140	0.008461596775
12141	1.550022701e-05
12142	0.0007132179083
12143	0.0009816869473
12144	0.0008652291357
12145	0.001049287936
12146	0.001012434235
12147	0.002132787615
12148	0.003187135977
12149	0.00123217133
12150	0.0001570697627
12151	0.001277512121
12152	0.0003066345012
12153	0.003041300934
12154	0.002862404769
12155	0.007079680217
12156	0.01171569123
12157	0.01127393987
12158	0.007550552238
12159	0.0004461942638
12160	0.01988872241
12161	0.002376500632
12162	0.005045373837
12163	0.01085389122
12164	0.005658012348
12165	0.00613915975
12166	0.002514151264
12167	0.0004748235129
12168	0.01107872106
12169	0.002043733007
12170	0.003560644942
12171	0.00286470255
12172	0.01466176372
12173	0.005210605464
12174	0.002350459019
12175	0.008526526427
12176	0.003381911375
12177	0.0005781088882
12178	0.001780740477
12179	0.004613299399
12180	0.0006647090611
12181	0.002422900683
12182	0.002191222952
12183	0.0005972902515
12184	0.0006456049379
12185	0.004249964329
12186	0.005719052285
12187	0.007564485046
12188	0.002371280778
12189	0.006324337633
12190	0.003333137615
12191	0.002878259952
12192	0.002935354941
12193	0.004287887763
12194	0.011441438
12195	0.001712128078
12196	0.001058617416
12197	0.02005681297
12198	0.002541414802
12199	0.001596481174
12200	0.004741387655
12201	0.01206846462
12202	0.001964110206
12203	0.007324549215
12204	0.004865542137
12205	0.003741111134
12206	0.005926742087
12207	9.000691801e-05
12208	0.008347361592
12209	0.001512612945
12210	0.005959160017
12211	0.00439659729
12212	0.0103696923
12213	0.002111527845
12214	0.006284192831
12215	0.003663126287
12216	0.01016144108
12217	0.007403009801
12218	0.003180777865
12219	0.003556599217
12220	0.01457066483
12221	0.003886762607
12222	0.001171282549
12223	0.002306572376
12224	0.00364929943
12225	0.004536158743
12226	0.004295234772
12227	0.01253790529
12228	0.00635995212
12229	0.004062830292
12230	0.005853723487
12231	0.008042345445
12232	0.005966364684
12233	0.01835257491
12234	0.01183649486
12235	0.003998666188
12236	0.002460223273
12237	0.002178786562
12238	0.001943605658
12239	0.0004469733712
12240	0.002673816841
12241	0.0009496913473
12242	3.457185298e-05
12243	0.0008820417037
12244	0.00190970929
12245	0.001094374514
12246	0.01120636127
12247	0.004739852109
12248	0.003300585939
12249	0.003547738827
12250	0.006122414478
12251	0.01014271913
12252	0.01140486041
12253	0.01211755422
12254	0.001843977689
12255	0.0139669644
12256	0.002054538555
12257	0.004651610229
12258	0.00437293
12259	0.005396125939
12260	0.0001817238893
12261	0.002760658697
12262	0.0001084889022
12263	0.01939084837
12264	0.001909714382
12265	0.01498308088
12266	0.006060994984
12267	0.0002700673367
12268	0.007849540255
12269	0.006482256894
12270	0.003966018765
12271	0.000971739884
12272	0.003668406966
12273	0.01002597429
12274	0.002921786003
12275	0.001202046569
12276	0.0006855382849
12277	0.001192406442
12278	0.0001406189074
12279	0.00213089658
12280	1.367008184e-06
12281	0.0004367021626
12282	0.00253455698
12283	0.001958711645
12284	0.00197797783
12285	0.01688134963
12286	0.0006117387618
12287	0.001539395858
12288	0.003865838114
12289	0.00238737162
12290	0.01074880415
12291	0.004020569008
12292	0.004799166546
12293	0.004757154908
12294	0.009309792423
12295	0.008028321456
12296	0.0001028990572
12297	0.008195731806
12298	0.01374392976
12299	0.006088162479
12300	0.003422092407
12301	0.004990778328
12302	0.001426916862
12303	0.005965749761
12304	0.01256735954
12305	0.0004367671449
12306	0.001781688327
12307	0.0113798133
12308	0.003603742134
12309	0.002683994882
12310	0.009550136313
12311	0.003588203573
12312	0.003116786451
12313	0.0007643793688
12314	0.002236719131
12315	0.002758405392
12316	0.0009956095991
12317	0.00680203556
12318	0.005408968945
12319	0.008080934476
12320	0.009177141265
12321	0.006736143186
12322	0.004465136718
12323	0.0003654444739
12324	0.0004420893474
12325	0.002376112927
12326	0.006286162251
12327	0.006265162456
12328	0.008108068575
12329	0.001927258503
12330	0.002264269366
12331	0.008680353322
12332	0.01035480413
12333	0.01139582769
12334	0.002606438375
12335	0.009047932667
12336	0.004621799419
12337	0.007995654138
12338	0.006462797768
12339	0.009964354398
12340	0.003204147141
12341	0.008849600083
12342	0.001349809558
12343	0.0006239755675
12344	0.002425764686
12345	0.008768678025
12346	0.004545731365
12347	0.001983006077
12348	0.002912536198
12349	0.002654515571
12350	0.0008534529324
12351	0.007260062501
12352	0.005439672128
12353	0.0008115798371
12354	0.001129946016
12355	0.002487780277
12356	0.002200707533
12357	0.001228230923
12358	0.001997484652
12359	0.001265294165
12360	0.0008687724869
12361	0.003125801465
12362	0.002312619304
12363	0.004053827289
12364	0.01235763474
12365	0.001738374282
12366	0.01813820766
12367	0.01656379525
12368	0.01108477731
12369	3.415401581e-05
12370	0.005941432579
12371	0.004605470546
12372	0.001476419099
12373	0.0008928601382
12374	0.0001947898569
12375	0.006219545213
12376	0.007557773995
12377	0.005800709538
12378	0.005826924698
12379	0.002438720124
12380	0.0005170347359
12381	0.0003713003383
12382	0.009292875289
12383	0.01528057923
12384	0.00148303398
12385	0.003794628807
12386	0.001603315445
12387	0.001146860569
12388	0.003818847017
12389	0.003882971234
12390	0.003171186337
12391	0.0005043101013
12392	0.00406664568
12393	0.009721377742
12394	0.0002574408445
12395	0.004959392079
12396	0.0005322867795
12397	0.002431009259
12398	0.002541195846
12399	0.006697190084
12400	0.0004754545961
12401	0.002402912509
12402	0.005032662574
12403	0.002988359871
12404	0.006472332847
12405	0.0001536093576
12406	0.003804674862
12407	0.0001617589433
12408	0.005511770356
12409	0.0002945529622
12410	0.00159841933
12411	0.004042547479
12412	0.0002878654284
12413	0.01307176511
12414	0.00368294542
12415	0.000549139228
12416	0.005892945151
12417	0.004354734724
12418	0.01254736722
12419	0.01244185231
12420	0.0001872288432
12421	0.01111040572
12422	0.0007180342635
12423	0.0002892110275
12424	0.0008457174158
12425	0.0006887867667
12426	0.0003194889743
12427	0.0005165704106
12428	0.001157329619
12429	0.001023516261
12430	0.0005257051838
12431	0.001863042639
12432	0.0001664827356
12433	0.0007930037697
12434	9.442035154e-07
12435	0.0007652683619
12436	0.001704956722
12437	0.0008977816017
12438	0.000801921264
12439	0.0007055612035
12440	0.003021068116
12441	0.005446229055
12442	0.00138445941
12443	0.003976293809
12444	0.001062786889
12445	0.0008748655319
12446	0.0008502302143
12447	0.006287665558
12448	0.003448901507
12449	0.001981716461
12450	0.001395590026
12451	0.007326820652
12452	0.001309016936
12453	0.0026877022
12454	0.0003044853571
12455	0.00542630701
12456	0.001609312015
12457	0.004597345079
12458	0.008426385102
12459	0.002427467926
12460	0.002672995115
12461	0.001335598163
12462	0.002506077619
12463	0.001722526015
12464	0.007820593241
12465	0.003723011733
12466	0.001315889096
12467	0.002203634098
12468	0.00695405074
12469	0.002160759468
12470	0.006454096247
12471	0.003410563055
12472	2.446467323e-05
12473	0.00429760872
12474	0.009084005473
12475	0.01590561127
12476	0.01375577764
12477	0.002797761572
12478	0.0002561672597
12479	0.01173879541
12480	0.002389057457
12481	0.003724331756
12482	0.002534148627
12483	0.003056469193
12484	0.017858773
12485	0.003742302522
12486	0.003487149401
12487	0.005044977149
12488	0.009180700505
12489	0.001914479023
12490	0.003008494653
12491	0.006307280145
12492	0.0004477831246
12493	0.008223921576
12494	0.0005895437656
12495	0.002199095005
12496	0.005750392146
12497	0.005685255115
12498	0.01187929127
12499	0.006244849494
12500	0.004658792887
12501	0.003804638965
12502	0.002020593812
12503	0.0006901247684
12504	0.003596011195
12505	0.004690353284
12506	0.001906866412
12507	0.0005548325889
12508	0.01574703423
12509	0.001382026985
12510	0.006974044686
12511	0.004076913441
12512	0.002340680139
12513	0.002678538595
12514	0.003017941683
12515	0.0006246067184
12516	0.005603401796
12517	0.001007714315
12518	0.005037683232
12519	0.01314618546
12520	0.0009289276784
12521	0.005831298656
12522	0.006209465056
12523	0.001786439066
12524	0.0002416287744
12525	0.002725290861
12526	0.002515201539
12527	0.003315966848
12528	0.001602258408
12529	0.005758397328
12530	0.0001441122346
12531	0.001248442818
12532	0.007105983516
12533	0.001709677725
12534	0.008283894547
12535	0.003191969849
12536	0.007400717427
12537	0.0009629773725
12538	0.001697568844
12539	0.009183464511
12540	0.001427962264
12541	0.0009083692356
12542	0.007177335705
12543	0.008891643861
12544	0.005884966394
12545	0.006972768063
12546	0.0002096468138
12547	0.007697912277
12548	0.01759013135
12549	0.007411650657
12550	0.001102686802
12551	0.001352556008
12552	0.003674562122
12553	0.0008628379517
12554	0.001931014768
12555	0.002880068688
12556	0.01520276691
12557	0.0007150366845
12558	0.001017591688
12559	0.004078860828
12560	0.0005919380826
12561	0.01650532741
12562	0.003503166738
12563	0.002017276535
12564	0.000311136871
12565	0.001784323405
12566	0.008384478307
12567	0.00400045524
12568	0
12569	0.001778243582
12570	0.003724485411
12571	0.0002628695409
12572	0.006140525017
12573	0.01049499219
12574	0.004623322562
12575	0.0007300698931
12576	0.002173455869
12577	9.123619446e-05
12578	0.001398226528
12579	0.001138399129
12580	0.002402644521
12581	0.00212641999
12582	0.001830885003
12583	0.0006933436624
12584	0.0008019749315
12585	0.0007489738021
12586	0.008417640269
12587	0.001379188217
12588	0.003872918476
12589	0.006087866692
12590	0.005151187141
12591	0.009363440398
12592	0.00379451534
12593	0.002795165903
12594	0.001344537449
12595	0.004412322214
12596	0.0004074953547
12597	0.001962304989
12598	4.932864571e-05
12599	0.0003692117494
12600	0.0005919807146
12601	0.0002778114375
12602	0.001952936609
12603	0.001230716924
12604	0.001568399032
12605	0.0005423615076
12606	0.0007131197941
12607	0.0002045895147
12608	0.0002796824374
12609	0.001820777709
12610	0.0002929671067
12611	0.0008606737118
12612	0.000119485497
12613	1.141963259e-06
12614	0.0002347271934
12615	0.00173038028
12616	0.006330525186
12617	0.001251286936
12618	0.002130473969
12619	0.0005300623967
12620	0.000723146516
12621	0.002372990873
12622	0.0006965300408
12623	0.00284897762
12624	0.001318554844
12625	0.001186322804
12626	0.002918414979
12627	0.0006103384271
12628	0.0008811827508
12629	0.0004841911298
12630	0.005772591694
12631	0.001876512424
12632	0.0009192403206
12633	0.0008789806951
12634	0.0006946357726
12635	0.000955604536
12636	0.000319460112
12637	0.002112489135
12638	0.003006001349
12639	0.001652328566
12640	0.001915415019
12641	0.001242939918
12642	0.0009975275929
12643	0.0009216156181
12644	0.000217445742
12645	0.00153322446
12646	0.0008333431054
12647	0.0008558494259
12648	6.395610279e-06
12649	0.004187458508
12650	0.0007230866405
12651	0.0002180177262
12652	0.0003685123667
12653	0.0004155969322
12654	0.009132918491
12655	0.0006442206741
12656	0.0005264385601
12657	0.001921798675
12658	0.0007357286864
12659	0.0002099951793
12660	0.0002294650106
12661	0.004856882125
12662	0.001230391927
12663	0.0006418749031
12664	0.001096543745
12665	0.0001930225822
12666	0.00100718941
12667	0.005073356583
12668	0.001251155298
12669	0.0009443254771
12670	0.004041676019
12671	0.0007568196458
12672	0.0007253046756
12673	0.0009898365549
12674	0.001199115716
12675	0.0001692087374
12676	0.001127836291
12677	0.0008695312173
12678	0.001018625444
12679	0.0007754022662
12680	0.0003477411055
12681	8.333457763e-05
12682	0.0005157435061
12683	0.001412758814
12684	0.0005025709044
12685	7.271996066e-05
12686	0.0006290961543
12687	0.002540342053
12688	0.0008404773823
12689	0.0004718270105
12690	0.003805583424
12691	0.004428917842
12692	0.001074700422
12693	0.01023374499
12694	0.004830233375
12695	0.0004103463748
12696	0.008761425392
12697	0.006643309288
12698	0.01990430389
12699	0.0006081922182
12700	0.003739268235
12701	0.01015142966
12702	0.0006365804262
12703	0.00722831503
12704	0.001789429389
12705	0.001872798368
12706	0.001408312861
12707	0.0001100516478
12708	0.0002862462082
12709	0.002152973704
12710	0.0007948461693
12711	0.0005413329782
12712	2.304564966e-05
12713	0.001899511484
12714	0.0007934369871
12715	0.001279739931
12716	0.0007734977961
12717	0.001140022865
12718	0.004493621
12719	0.002367772119
12720	0.0001419427351
12721	0.000341499031
12722	0.0006023900739
12723	0.0008783848616
12724	0.003061834465
12725	0.003645697135
12726	0.00654677269
12727	0.01812157171
12728	0.003753105614
12729	0.00114210449
12730	0.004743957129
12731	0.0004636198693
12732	0.004890066776
12733	0.003221139971
12734	0.002462322966
12735	0.003197066799
12736	0.001948542655
12737	0.01227444023
12738	0.01794379146
12739	0.001426244883
12740	0.002039913058
12741	0.008231660292
12742	0.0002984876886
12743	0.0130591461
12744	0.004485461446
12745	0.01522997972
12746	0.00784519742
12747	0.003380573599
12748	0.0002490997412
12749	0.001476295318
12750	0.003708988395
12751	0.007519581273
12752	0.0008713681424
12753	0.001080051688
12754	0.001530384842
12755	0.007246212166
12756	0.005594254386
12757	0.005086123297
12758	0.006714979619
12759	0.009960500723
12760	0.002258177956
12761	0.0008206825136
12762	0.007461603583
12763	8.366159412e-05
12764	0.003895674648
12765	0.0002121322534
12766	0.01561715955
12767	0.003693312278
12768	0.01351785973
12769	6.486498814e-05
12770	0.002228304291
12771	0.01067294115
12772	0.01275897751
12773	0.002214176116
12774	0.01010002285
12775	0.0002347587008
12776	0.002725774611
12777	0.003143944365
12778	0.003122485288
12779	0.00281078918
12780	0.001209582377
12781	0.004640663749
12782	0.007835665025
12783	0.002160685023
12784	0.001853303492
12785	0.0127027432
12786	0.009063142913
12787	0.003577802814
12788	0.01801146416
12789	0.003695177707
12790	0.006657737933
12791	0.00837665512
12792	0.0007191439867
12793	0.008000678276
12794	0.01360619633
12795	0.003016559736
12796	0.004290570317
12797	0.01031157699
12798	0.006217643426
12799	0.0114743961
12800	0.004374505776
12801	0.003748819492
12802	0.002848686436
12803	0.002322916384
12804	0.008367274006
12805	0.005030612453
12806	0.003140262149
12807	0.003032527743
12808	0.0121268624
12809	0.008755101995
12810	0.0009810498119
12811	0.004014424223
12812	0.0005082887662
12813	0.004010972432
12814	0.0247842429
12815	0.007481562007
12816	0.0001090860883
12817	0.01222298702
12818	0.007204177391
12819	0.0009580075358
12820	0.006680121632
12821	0.0100992863
12822	0.009395921832
12823	0.002505082506
12824	0.01421792335
12825	0.0008635169865
12826	0.01251560812
12827	0.003968708742
12828	0.001127339693
12829	0.003149890193
12830	0.0005307866386
12831	0.001588348168
12832	0.0003216189731
12833	0.0004613666832
12834	0.0004796882839
12835	0.00208438809
12836	0.01227372409
12837	0.001658515465
12838	0.0003793678902
12839	0.003345626471
12840	0.001524999115
12841	0.001973970939
12842	0.002847877679
12843	0.01063224912
12844	0.0001704925167
12845	0.006471138639
12846	0.001485687806
12847	0.006233535212
12848	0.007449995752
12849	0.02065456538
12850	0.007885617447
12851	0.0009433304955
12852	0.005410953532
12853	0.0009532868728
12854	0.0002350536497
12855	0.00282111402
12856	0.002991772731
12857	0.00047953046
12858	0.001910914248
12859	0.006657135835
12860	0.01393796959
12861	0.003494800852
12862	0.001897304386
12863	0.0009994719312
12864	0.001348258617
12865	0.0004672858659
12866	0.00194804735
12867	0.002702419638
12868	0.002835870739
12869	0.002416847167
12870	0.0009608557637
12871	0.0007713397188
12872	0.001144260191
12873	0.00130315884
12874	0.0005090500542
12875	0.003684418117
12876	0.004547430824
12877	0.003204604086
12878	0.001426948624
12879	0.001676041257
12880	0.01147126607
12881	0.004397981202
12882	0.002135116303
12883	0.009197302613
12884	0.01193882044
12885	0.009811632554
12886	0.00250424612
12887	0.005848824751
12888	0.005966255159
12889	0.001279273814
12890	0.007211940856
12891	0.0005911398439
12892	6.026103642e-05
12893	0.002120015929
12894	0.009326322246
12895	0.0005054448658
12896	0.001474048936
12897	0.004793979917
12898	0.0006567388912
12899	0.0004496168031
12900	0.006745371997
12901	0.01709043801
12902	6.573518173e-05
12903	0.003872526672
12904	0.001597557794
12905	0.002875939008
12906	0.00892934938
12907	0.0003288778772
12908	0.008447912969
12909	0.003906518955
12910	0.007418507501
12911	0.001061660305
12912	0.0003223285654
12913	0.01490972799
12914	0.001927116352
12915	0.003501594146
12916	0.005587516688
12917	0.006868451345
12918	0.01328502682
12919	0.02358703159
12920	0.007410269238
12921	0.0009328353126
12922	0.00213078765
12923	3.416223649e-05
12924	0.004685873247
12925	0.0009489176212
12926	0.001775897463
12927	0.003823456058
12928	0.003675726969
12929	0.002246992869
12930	0.001761970861
12931	0.0008053146361
12932	0.0003156024147
12933	0.001315381663
12934	0.001717633495
12935	0.0002945744498
12936	0.001202451253
12937	0.002237709431
12938	0.0002773094198
12939	0.000163923701
12940	0.0006381382384
12941	0.001578366109
12942	0.001394354328
12943	0.0006941605781
12944	0.001150745148
12945	0.00209200819
12946	0.0005891205898
12947	0.002270996621
12948	0.0002522969764
12949	0.006747500333
12950	0.00157567564
12951	0.002541575936
12952	0.00173533476
12953	0.004078672793
12954	1.391185037e-05
12955	0.001577973298
12956	0.0009158537585
12957	0.0002898031994
12958	0.008089861103
12959	0.001038797211
12960	0.01319409378
12961	0.01307237548
12962	0.005269808317
12963	0.01047537134
12964	0.002153016816
12965	0.0002055380377
12966	0.0007061962953
12967	0.001801414219
12968	0.002937796984
12969	0.002068378628
12970	0.001245989124
12971	0.004324079412
12972	0.000775137139
12973	0.002265961514
12974	0.003034902724
12975	0.001499969322
12976	0.008165061575
12977	0.0003557569094
12978	0.004342007176
12979	0.0002792054079
12980	0.001840346462
12981	0.002700033147
12982	0.006570509413
12983	0.003583580185
12984	0.0009748503668
12985	0.007152297443
12986	0.002359931401
12987	0.001343467658
12988	0.005788771167
12989	0.004172395717
12990	0.00106248877
12991	0.00768644271
12992	0.001982020555
12993	0.0002809123203
12994	0.0005209026283
12995	0.001185248807
12996	0.0003095230099
12997	0.002268379345
12998	0.00187508604
12999	0.0009235454696
13000	0.008017871708
13001	0.006661706849
13002	0.0008384701742
13003	0.008775945558
13004	0.002905013846
13005	0.01708910643
13006	0.009918431443
13007	0.004132449462
13008	0.002541767066
13009	0.01466476584
13010	0.002751205062
13011	0.0006078420446
13012	6.12640071e-05
13013	0.0008132194109
13014	0.0007446481769
13015	0.0004608555473
13016	0.001329023352
13017	0.0003348069896
13018	0.003637041695
13019	0.000447049581
13020	0.0006092974164
13021	0.001133884757
13022	0.003588900567
13023	0.0006578113043
13024	0.002768500733
13025	0.004885938556
13026	0.005625383678
13027	0.000945630907
13028	0.0009618365684
13029	0.002183805102
13030	0.0004078442342
13031	0.0005473330297
13032	0.002961493144
13033	1.971293421e-05
13034	0.001738616341
13035	0.0002244543328
13036	0.001921965865
13037	0.00610074183
13038	0.0009351977699
13039	0.000977024118
13040	0.002060144438
13041	0.001323573357
13042	0.003660962766
13043	0.001317491437
13044	0.0006021015767
13045	0.0006322178921
13046	0.007897653083
13047	0.0006942760134
13048	0.00161467129
13049	0.0006663297028
13050	0.0002310987381
13051	0.01010349402
13052	0.0003420542254
13053	0.01818548161
13054	0.004822434046
13055	0.008385235174
13056	0.005577217343
13057	0.003096079792
13058	0.01006270422
13059	0.002132448991
13060	0.003772063799
13061	0.0007583504901
13062	0.0039793027
13063	0.002563856102
13064	0.0001651470131
13065	0.0003959486887
13066	0.003367368349
13067	0.008004735118
13068	0.001340830084
13069	0.003062985548
13070	0.0003392507479
13071	0.002512080383
13072	0.001274798546
13073	0.0002409630009
13074	0.0001985291606
13075	0.001093222638
13076	0.003948599795
13077	0.008411252238
13078	0.00214245819
13079	0.0009268077871
13080	0.001220843549
13081	0.002003183457
13082	0.0006716027165
13083	0.00134131306
13084	0.002457691261
13085	0.001137393958
13086	0.002679831765
13087	0.008986147078
13088	0.0006044372699
13089	0.003652279448
13090	0.008064191464
13091	0.01815055529
13092	0.01018345292
13093	0.001499940627
13094	0.005719040569
13095	0.00190400735
13096	0.007795722331
13097	0.00208766924
13098	0.000389601739
13099	0.001884985777
13100	0.001590952592
13101	0.001342492038
13102	0.002007139981
13103	0.001067913403
13104	0.0007603026874
13105	0.001146706094
13106	0.0001833278494
13107	0.001883551595
13108	0.001204592996
13109	0.009161587806
13110	0.01218368581
13111	0.0009374195677
13112	0.008601975196
13113	0.001869993303
13114	0.004730829262
13115	0.0002724316965
13116	0.0009290813503
13117	0.0003265225682
13118	4.916711363e-05
13119	0.002740032566
13120	0.001491139776
13121	0.0007881014491
13122	0.001717721112
13123	0.02465422485
13124	0.01074660902
13125	0.01075808226
13126	0.003840574752
13127	0.0074413243
13128	0.0008127097442
13129	0.002464026462
13130	0.002629146707
13131	0.003261519829
13132	0.002917984265
13133	0.001522416503
13134	0.0006844667379
13135	0.0002562236491
13136	0.001218653352
13137	0.001024625719
13138	0.003558845143
13139	0.001213142887
13140	0.00189783276
13141	0.0002535528204
13142	0.001418368205
13143	0.0002827300428
13144	0.001706442413
13145	0.004448788422
13146	0.0003195444093
13147	0.002351095456
13148	0.00183617394
13149	0.00139680069
13150	0.001658975621
13151	0.002979857681
13152	0.002380171293
13153	0.001326390179
13154	0.001723697734
13155	0.00158692769
13156	0.001395056305
13157	0.0002567188746
13158	0.001098743968
13159	0.00239812996
13160	0.0004596627279
13161	0.001376030548
13162	0.002380765812
13163	0.003496659447
13164	0.001016634883
13165	5.874836946e-05
13166	0.006054265788
13167	0.001610818308
13168	0.001190818689
13169	0.006307837418
13170	0.0006834154055
13171	0.0008023211966
13172	0.0009457515848
13173	0.001809397067
13174	0.007427695194
13175	0.001299361327
13176	0.001414298978
13177	0.008281005803
13178	0.00592784829
13179	0.001289284567
13180	0.001573325095
13181	0.002661775641
13182	0.002246888708
13183	0.002333895462
13184	0.003965961225
13185	0.0005389987904
13186	0.0006511337795
13187	0.001921474154
13188	0.001660586684
13189	0.001161062557
13190	0.003877517162
13191	0.003077699753
13192	0.006040064789
13193	0.004453235487
13194	0.009992981302
13195	0.001575627454
13196	0.002449519989
13197	0.00333559016
13198	0.002008181179
13199	0.002580300264
13200	0.00207975566
13201	0.000309488316
13202	0.00409207456
13203	0.009236327568
13204	0.004329730183
13205	0.001624258897
13206	0.002189929321
13207	0.0001521704852
13208	0.009364649417
13209	0.01968199696
13210	0.004558765214
13211	0.001933079301
13212	0.003497088802
13213	0.001443705535
13214	0.0007768785001
13215	0.000783704205
13216	0.002995086859
13217	0.006120030669
13218	0.001484360896
13219	0.0009704539207
13220	0.001798786368
13221	0.0004692279775
13222	0.003457414581
13223	0.001151362503
13224	0.003526218926
13225	0.001025338761
13226	0.001688236964
13227	0.002118423184
13228	0.001879139302
13229	0.001829826495
13230	0.005844085937
13231	0.001777609928
13232	3.047093084e-05
13233	0.0009475364955
13234	0.00442874434
13235	0.005453744466
13236	0.0001498792333
13237	0.006555559067
13238	0.01376618083
13239	0.0009171468557
13240	0.001400852252
13241	0.0001490027227
13242	0.002465329285
13243	0.002126972536
13244	0.001517038236
13245	0.001416039427
13246	0.004197147785
13247	0.001229056696
13248	0.002948241257
13249	0.004549612642
13250	0.001755520628
13251	0.0009012548973
13252	0.004556131861
13253	0.0009763452886
13254	0.001955704454
13255	0.002434179174
13256	0.002937811904
13257	0.01518012736
13258	0.00126927274
13259	0.0005364232455
13260	0.001277077787
13261	0.004179279506
13262	0.001061655992
13263	0.001517961819
13264	0.003417667444
13265	0.001254444073
13266	0.0006121554213
13267	0.002319953466
13268	0.00245262308
13269	0.0009312672217
13270	0.002475698624
13271	0.0008489111476
13272	0.0008877451836
13273	0.00667383369
13274	0.003129710621
13275	0.002181941643
13276	0.001633666756
13277	0.001344404883
13278	0.001922700584
13279	0.01887091874
13280	0.005969276461
13281	0.006052081961
13282	0.001185709543
13283	0.005407796868
13284	0.005296564193
13285	0.006111140886
13286	0.001466428418
13287	0.001423272936
13288	0.002003857117
13289	0.001678760596
13290	0.001426617962
13291	0.0015558124
13292	0.0008764464997
13293	0.001079849682
13294	0.0008870594668
13295	0.0005901455668
13296	0.002274034992
13297	0.005145564284
13298	0.003864825037
13299	0.00211766655
13300	0.002327686025
13301	0.002892506088
13302	0.001959059751
13303	0.0007104907617
13304	0.009573634418
13305	0.001736198842
13306	0.00235895302
13307	0.001057480469
13308	0.001905045401
13309	0.002309782992
13310	0.001758757136
13311	0.002253593583
13312	0.002220392609
13313	0.00103677944
13314	0.002186600674
13315	0.002450177074
13316	0.002966167833
13317	0.001635568827
13318	8.490582094e-05
13319	0.001251863618
13320	0.003935468028
13321	0.001876860844
13322	0.003674368256
13323	0.001672313354
13324	0.002177127646
13325	0.005770045888
13326	0.002083821842
13327	0.003905027238
13328	0.006011651048
13329	0.0008944844063
13330	0.002189645494
13331	0.002540636914
13332	0.002608460706
13333	0.001502057494
13334	0.005179548079
13335	0.005460421576
13336	0.0006661638785
13337	0.002633435301
13338	0.004410480571
13339	0.0006824875685
13340	0.003245118412
13341	0.003205126261
13342	0.001464156345
13343	0.001029251352
13344	0.007531146704
13345	0.003320936856
13346	0.00603259937
13347	0.002378349133
13348	0.00317242063
13349	0.003149153867
13350	0.003982486744
13351	0.003023826914
13352	0.002661945254
13353	0.01840424173
13354	0.0004804951982
13355	0.002208719282
13356	0.001571869195
13357	0.009999909978
13358	0.002963257552
13359	0.0007039488177
13360	0.003699040483
13361	0.00143552886
13362	0.009651877323
13363	0.001018767863
13364	0.002493872171
13365	0.001679308407
13366	0.008986606775
13367	0.0002294811925
13368	0.0005837351272
13369	0.005051967785
13370	0.002746610967
13371	0.0003759396978
13372	0.007358141076
13373	0.004908898586
13374	0.003055601609
13375	0.008388801747
13376	0.002065680125
13377	0.0008890538871
13378	0.0005361159964
13379	0.002019997027
13380	0.0006488659506
13381	0.0006166500337
13382	0.0040105555
13383	0.00490228892
13384	0.001695317464
13385	0.002275065219
13386	0.0001323657532
13387	0.0009902038143
13388	0.000697396959
13389	0.0001914218479
13390	0.002118634124
13391	0.001010292834
13392	0.001194554874
13393	0.0001156697625
13394	0.002111463114
13395	0.01110367438
13396	0.00151882497
13397	0.00344626278
13398	0.0007820396414
13399	0.009910470791
13400	0.003524320638
13401	0.005548614833
13402	0.003386498208
13403	0.01270841983
13404	0.007936316583
13405	0.004381484001
13406	0.001234909918
13407	0.002315100413
13408	0.0002661724319
13409	0.0001554896279
13410	0.002276828144
13411	0.0007103748839
13412	0.001636577499
13413	0.005428251228
13414	0.002986107887
13415	0.004269494947
13416	0.001817002183
13417	0.001056461433
13418	0.009303421586
13419	0.004891614319
13420	0.0136253327
13421	0.004662289094
13422	0.0002096965715
13423	0.01202009878
13424	0.0002940877692
13425	0.0008150428204
13426	0.001852514906
13427	0.005028590286
13428	0.01258118279
13429	0.003075177136
13430	0.0008803897921
13431	0.006823376089
13432	0.001191901369
13433	0.00101076172
13434	0.001369455113
13435	0.001060158316
13436	0.001334382373
13437	0.001804313742
13438	0.00173538033
13439	0.002166936549
13440	0.0003930469784
13441	0.002854602638
13442	0.001000221788
13443	0.002364110273
13444	0.003025791846
13445	0.001715456546
13446	0.004634405237
13447	0.00252177801
13448	0.003084721342
13449	0.01958572638
13450	0.003183780292
13451	0.003488889314
13452	0.01550691674
13453	0.002049562001
13454	0.001287071839
13455	0.002436811846
13456	0.002639985607
13457	0.004948332297
13458	0.001271743801
13459	0.002385173482
13460	0.008057561654
13461	0.001193238695
13462	0.000872576363
13463	0.0002471288376
13464	0.0007363155118
13465	0.0006064010142
13466	0.003752021195
13467	0.0005454698966
13468	0.0002359813512
13469	0.001322076249
13470	0.003961180138
13471	0.0008536717884
13472	0.004999391621
13473	0.006200498781
13474	0.0005542938004
13475	0.001663873315
13476	0.003078601489
13477	0.003054094131
13478	0.001119655419
13479	0.0006399293987
13480	0.002892894826
13481	0.0002237470391
13482	0.001837510661
13483	0.002878204029
13484	0.002443190263
13485	0.005291501984
13486	1.627898275e-05
13487	0.0001156479954
13488	0.0005581406548
13489	0.006309163772
13490	0.0006503693614
13491	0.003203755879
13492	6.171410204e-05
13493	0.001137070966
13494	0.0003774379313
13495	0.00025519137
13496	0.003512763125
13497	0.002700682957
13498	0.0005778833028
13499	0.0007374646587
13500	0.0008475956113
13501	0.0004418358321
13502	0.002513245541
13503	0.001701548113
13504	0.0006931196872
13505	0.0005401410453
13506	0.0009195783062
13507	0.001757867832
13508	0.0004651549194
13509	0.00212310424
13510	0.002012241603
13511	0.0008874855886
13512	0.002362627278
13513	0.001825453064
13514	0.001565770806
13515	0.0005059005173
13516	0.0002496354075
13517	0.0004927719557
13518	0.004295328234
13519	0.0006311730952
13520	0.006828406408
13521	0.001959716026
13522	0.0005165952526
13523	0.001272031416
13524	0.005618205252
13525	0.002118701246
13526	0.001164657101
13527	0.0009704040485
13528	0.01725731522
13529	0.002089319609
13530	0.001087053961
13531	0.001534095013
13532	0.004620407567
13533	0.006538612487
13534	0.002864474957
13535	0.000895874564
13536	0.0001076836757
13537	0.001554125162
13538	0.0006666683519
13539	0.003921083089
13540	0.001489738071
13541	0.001504814358
13542	0.001302259375
13543	5.906681522e-05
13544	0.0007682902403
13545	0.0009119162909
13546	4.747832985e-05
13547	0.001044493632
13548	0.0005407235597
13549	0.001736428992
13550	0.001718074186
13551	0.006325054014
13552	1.167313244e-05
13553	0.001126541036
13554	0.004673323246
13555	0.003087397048
13556	0.001339513444
13557	0.000797345243
13558	0.0011079185
13559	0.002272895432
13560	0.001562995689
13561	0.001135822104
13562	0.001631539401
13563	0.00277581861
13564	0.001216488816
13565	0.007897655425
13566	0.00455143998
13567	0.007111155058
13568	0.001665516463
13569	0.002080277944
13570	0.001639710601
13571	0.002435053776
13572	0.01529163193
13573	0.001970603121
13574	0.007842039118
13575	0.003137117599
13576	6.685296624e-05
13577	0.002534625623
13578	0.00166418602
13579	0.001149053789
13580	0.003265577356
13581	0.0009258679764
13582	0.002258493975
13583	0.00098051535
13584	0.0001369751547
13585	0.006413076954
13586	0.008844180666
13587	0.001490450234
13588	0.0007350167914
13589	0.003508021044
13590	0.00127491808
13591	0.0005721868423
13592	0.00339217015
13593	0.003887288135
13594	0.005005560929
13595	0.0006165357847
13596	0.002626322324
13597	0.005089513715
13598	0.006526425001
13599	0.01708283609
13600	0.00524821662
13601	0.004737682811
13602	0.00112106119
13603	0.01583394162
13604	0.0002632292268
13605	0.0005047437269
13606	0.002415462282
13607	0.003204680341
13608	8.290815541e-05
13609	0.01731972618
13610	0.003868778939
13611	0.002047309113
13612	0.009691203932
13613	0.008409237592
13614	0.0004497872745
13615	0.001025304062
13616	0.004573535614
13617	0.003485669094
13618	0.007796742155
13619	0.001921297773
13620	0.001139917842
13621	0.00438828692
13622	0.0008164332209
13623	0.005255261071
13624	0.001069912371
13625	0.0004365256406
13626	0.0004867292413
13627	0.004634262424
13628	0.00240680055
13629	0.0003613919633
13630	0.002949368335
13631	0.0006280885262
13632	0.002117602184
13633	0.002040534338
13634	0.006922902251
13635	0.007579271851
13636	0.00546063639
13637	0.0006186648601
13638	0.001814936552
13639	0.0008018644234
13640	0.001661392686
13641	0.00318492043
13642	0.001182632443
13643	0.005383526133
13644	0.002479997556
13645	0.002740302927
13646	0.0008222894396
13647	0.003558195642
13648	0.004238581928
13649	0.002830622183
13650	0.008788587252
13651	0.001730844586
13652	0.004094737224
13653	0.01171586123
13654	0.002030608909
13655	0.001918354716
13656	0.001792840887
13657	0.0009475683201
13658	0.001992357353
13659	0.001506918719
13660	0.00388598418
13661	0.0006233242593
13662	5.826827381e-05
13663	0.001461259928
13664	0.0005578951641
13665	0.002917660015
13666	7.749551425e-05
13667	0.0009535956908
13668	0.001516721454
13669	0.0006801051436
13670	0.001057397826
13671	0.006633422311
13672	0.007184444592
13673	0.002279434957
13674	0.002100306929
13675	0.004821965823
13676	0.001405434458
13677	0.01576825432
13678	0.01309406746
13679	0.005076019981
13680	0.006322821884
13681	0.001785241535
13682	0.00276235709
13683	0.003419601694
13684	0.003394962159
13685	0.00111858911
13686	0.0001827219917
13687	0.000771106882
13688	0.0082286105
13689	0.0006520004984
13690	0.001197067846
13691	0.001526889843
13692	0.0009165912476
13693	0.008419205704
13694	0.003712189207
13695	0.003476596052
13696	0.0009634288674
13697	0.00135024056
13698	0.002153115364
13699	0.003070122406
13700	0.00278328225
13701	0.008879062457
13702	0.0002208414344
13703	0.0007522132253
13704	0.001439135405
13705	0.007684079584
13706	0.004698114162
13707	0.008161705379
13708	0.001952406566
13709	0.01045319391
13710	6.77419744e-05
13711	0.0001926569424
13712	0.004316321329
13713	0.00479610756
13714	1.563064675e-05
13715	0.001246716994
13716	0.001221934494
13717	0.005118726198
13718	0.0004381683546
13719	0.01230718598
13720	0.005272265084
13721	0.004873116852
13722	0.009995631144
13723	0.003401393926
13724	0.002614822756
13725	0.005893722519
13726	0.007166074513
13727	0.006601438549
13728	0.002715751093
13729	0.00327789643
13730	0.0001918753582
13731	0.0208258582
13732	0.006540194468
13733	0.003580750704
13734	0.01752600048
13735	0.001525065074
13736	3.683238153e-05
13737	0.01352451853
13738	0.004090979754
13739	0.007085423692
13740	0.006825725108
13741	0.006969324823
13742	0.0005423160537
13743	0.0001576287311
13744	0.003075324206
13745	0.0005531687939
13746	0.002748019094
13747	0.003172731395
13748	0.003928816911
13749	0.005310477622
13750	0.004741392891
13751	0.005092064832
13752	0.001099022664
13753	0.003616286421
13754	0.004590268759
13755	0.01389204458
13756	0.0009592384621
13757	0.001683514417
13758	0.0009956520483
13759	0.0005553705984
13760	0.002772356748
13761	0.01030657955
13762	0.008310125421
13763	0.01257779207
13764	0.004585301355
13765	0.001753425218
13766	0.0007659928911
13767	0.008769496139
13768	0.001348855944
13769	0.002223679153
13770	0.005783593902
13771	0.001731749868
13772	0.007980586979
13773	0.001513792312
13774	0.001039751337
13775	0.001049182884
13776	0.002371514011
13777	0.003859376379
13778	0.0009997186982
13779	0.001338356191
13780	0.002339923434
13781	0.001642098926
13782	0.001778669808
13783	0.00711124268
13784	0.003401434308
13785	0.004241349557
13786	0.001888125595
13787	0.002397487287
13788	0.002918721177
13789	0.01578746368
13790	0.005482364298
13791	0.001764694002
13792	0.002575253793
13793	0.0002672953306
13794	0.007025647317
13795	0.002523516148
13796	0.0008982369332
13797	0.004703776131
13798	0.01085089264
13799	0.001271892832
13800	0.01954624044
13801	0.004407811346
13802	0.001879712214
13803	0.0006055534874
13804	0.009258290612
13805	0.00344569881
13806	0.002863594177
13807	0.002615862203
13808	0.01511222998
13809	0.01958978749
13810	0.0011599553
13811	0.003356147805
13812	0.01437913448
13813	0.003013495476
13814	0.0166226067
13815	4.853128382e-05
13816	0.003629589832
13817	0.01599872809
13818	7.928568161e-05
13819	0.001904234145
13820	0.00599965433
13821	0.001425409615
13822	0.004672518646
13823	0.01111625041
13824	0.01701504725
13825	0.003626260612
13826	0.000104698122
13827	0.001288260081
13828	0.003076504961
13829	0.0006319076814
13830	0.0005991382335
13831	0.0004439262274
13832	0.001969188561
13833	0.003260577946
13834	0.002239072971
13835	0.01308800171
13836	0.0002086970845
13837	0.005058610316
13838	0.002176746127
13839	0.0001600241673
13840	0.009671469514
13841	0.00709610823
13842	0.008781135304
13843	0.01541047037
13844	0.004340500551
13845	0.0008153809673
13846	0.0004517044561
13847	0.003752715554
13848	0.003042805659
13849	0.005507581123
13850	0.0002898385258
13851	0.002649912875
13852	0.017694618
13853	0.008436826638
13854	0.006041083073
13855	0.0008522332405
13856	0.01464533191
13857	0.008928064225
13858	0.009877223214
13859	0.002841791273
13860	0.008110695347
13861	0.01192185951
13862	0.007085591995
13863	0.002379871849
13864	0.005899311266
13865	4.969831155e-05
13866	0.002289294098
13867	0.003337048134
13868	0.001245903103
13869	0.0003030804258
13870	0.00264069189
13871	0.00700336895
13872	0.01246911147
13873	0.005178058544
13874	0.0068123679
13875	0.003419619969
13876	0.0008278496617
13877	0.00259004949
13878	0.009657799641
13879	0.01887519456
13880	0.01676979069
13881	0.01067047352
13882	0.003092152137
13883	3.104379295e-05
13884	0.006413573741
13885	0.0148373868
13886	0.001689959405
13887	0.0001594195542
13888	0.007166949945
13889	0.003828718261
13890	0.002321177538
13891	0.001446903229
13892	0.0001340657856
13893	0.001108907191
13894	0.002380724926
13895	0.00244953011
13896	0.003046635548
13897	0.00282148855
13898	0.0005868144495
13899	0.006675138502
13900	0.004624636397
13901	0.0002528833439
13902	0.01176153945
13903	0.003600712037
13904	0.0001781474556
13905	0.003946896876
13906	0.0001237695556
13907	0.0008708524475
13908	0.003930786118
13909	0.00344494068
13910	0.002763370142
13911	0.005662866769
13912	0.001202253508
13913	0.004116376787
13914	0.01531619091
13915	0.009163316989
13916	0.005013185926
13917	0.01189228493
13918	0.001849421001
13919	0.007973203209
13920	0.00346189615
13921	0.002612775342
13922	0.001654950245
13923	0.006028435568
13924	0.004913885894
13925	0.001832184128
13926	0.001309874828
13927	7.272810397e-05
13928	0.001051654435
13929	0.003404609574
13930	0.00229438164
13931	0.00109892967
13932	0.0004211327783
13933	0.009411745711
13934	0.0008766640921
13935	0.005659897177
13936	0.002173587908
13937	0.0002933650723
13938	0.001342962288
13939	0.001291290718
13940	0.003384168967
13941	0.008523230773
13942	0.001896932442
13943	0.004873052339
13944	0.001138439539
13945	0.001840305749
13946	0.001289485794
13947	0.00153874475
13948	0.0005803010259
13949	0.003214269326
13950	0.006220934762
13951	0.001666474738
13952	0.004359700253
13953	0.007107867335
13954	0.001028475265
13955	0.0004074600522
13956	9.853171163e-05
13957	0.004568945129
13958	0.0008011966653
13959	0.0006640035906
13960	0.002818984048
13961	0.009959543703
13962	0.001220354562
13963	0.002661429221
13964	0.0001423935022
13965	0.001276526366
13966	0.002741427499
13967	0.0007991715742
13968	0.0004231360634
13969	0.0009127518115
13970	0.01190894695
13971	0.002218761455
13972	0.003512306526
13973	0.001132592398
13974	0.00017521611
13975	0.001009863245
13976	0.00147205957
13977	0.001112723334
13978	0.003519264651
13979	0.00221588944
13980	0.006315709189
13981	0.001330728744
13982	0.007529140211
13983	0.0001776861999
13984	0.0003503398574
13985	0.01844081926
13986	0.001024776881
13987	0.0007569039276
13988	0.003496131279
13989	0.001139965205
13990	0.001923566493
13991	0.002703286208
13992	0.01024297427
13993	0.00158808737
13994	0.001060726044
13995	0.006869144603
13996	0.00153501731
13997	0.005840998957
13998	0.003102489747
13999	0.008793760426
14000	0.002976730934
14001	0.001020583912
14002	0.001337108761
14003	0.002321425111
14004	0.0003165570164
14005	0.003329493508
14006	0.0002300575555
14007	0.02098514609
14008	0.0007562598187
14009	0.0127151045
14010	0.004678710475
14011	0.003654700949
14012	0.005855448353
14013	0.005278228381
14014	0.0009207071732
14015	0.003461235977
14016	0.002605483153
14017	0.002475575569
14018	0.001851460858
14019	0.003469869274
14020	0.0013111323
14021	0.003309257054
14022	0.00380757521
14023	0.0003913511518
14024	0.002526738309
14025	0.00141546795
14026	0.008595645004
14027	0.0005146186477
14028	0.004279346973
14029	0.001305756
14030	0.006705357645
14031	0.002287117138
14032	0.001737276496
14033	0.0005189467595
14034	0.003142851422
14035	0.01605687393
14036	0.001191619905
14037	0.001029190544
14038	0.002351154283
14039	0.006545888646
14040	0.009631713893
14041	0.001019072264
14042	0.007895707679
14043	0.005274357407
14044	0.003516664971
14045	0.01291900522
14046	0.01379611358
14047	0.003496809514
14048	0.004144864893
14049	0.001657478414
14050	0.0005252479139
14051	0.002353335266
14052	0.001290465144
14053	0.01266351102
14054	0.00248148554
14055	0.004590364292
14056	0.01394885234
14057	0.005538310816
14058	0.004946504671
14059	0.001214175407
14060	0.001963642811
14061	0.01074102374
14062	0.009961516452
14063	0.0004137802624
14064	0.009321645783
14065	0.0003247760231
14066	0.001377655603
14067	0.000729298184
14068	0.0002927343742
14069	0.0007535646386
14070	0.0008878100348
14071	0.003034190438
14072	0.0002870716116
14073	0.0002706351662
14074	0.0005291713868
14075	0.001793435702
14076	0.0009521264299
14077	0.0008932237031
14078	3.135232596e-05
14079	0.000757787177
14080	0.0002076130199
14081	0.001061523126
14082	0.008742130991
14083	0.0003110303735
14084	0.001618158492
14085	0.007238592027
14086	0.0042644627
14087	0.003894987575
14088	0.000755025041
14089	0.008035258895
14090	0.009273491465
14091	0.0003102130977
14092	0.001609453671
14093	0.005842931724
14094	0.01612851709
14095	0.01588332085
14096	0.002470373083
14097	0.00498238011
14098	0.005558300773
14099	0.0002857784265
14100	0.0004475284757
14101	0.005882551214
14102	0.002288292588
14103	0.01401631719
14104	0.003220276663
14105	0.0006223484359
14106	0.002524134993
14107	0.0002837137644
14108	0.002915427437
14109	0.001144659699
14110	0.0006531192326
14111	0.001884034141
14112	0.007755790422
14113	0.001497602431
14114	0.001766581284
14115	0.01059232554
14116	0.0003687053865
14117	0.003424440371
14118	0.001564822267
14119	0.003242621303
14120	0.004000169591
14121	0.001044642029
14122	0.006662824037
14123	0.002815078
14124	0.002523834649
14125	0.0004654419563
14126	0.0009853111103
14127	0.001564055753
14128	0.003779475196
14129	0.0007419269278
14130	0.001343033101
14131	0.001188097441
14132	0.001192679526
14133	0.004357983313
14134	0.001663798142
14135	0.006521304022
14136	0.001871137779
14137	4.420094645e-05
14138	0.01122466181
14139	0.001767963181
14140	0.001657010296
14141	0.006871177787
14142	0.0001527495105
14143	0.0009530064733
14144	0.000577991551
14145	0.003778658817
14146	0.0008687564471
14147	0.001948041231
14148	0.008523062167
14149	0.0005783514045
14150	0.0052023983
14151	0.000378777124
14152	0.0009960714796
14153	0.003520396493
14154	0.00582899379
14155	0.002933579374
14156	0.00144961614
14157	0.004422716513
14158	0.0009905948587
14159	0.002960246151
14160	0.00142356228
14161	0.006064819952
14162	0.01141802386
14163	0.006524971838
14164	0.00179883879
14165	0.00903612849
14166	0.005955357189
14167	0.002738164577
14168	0.01125197895
14169	0.00766802736
14170	0.001394787621
14171	0.011950689
14172	0.00284062604
14173	0.007426655048
14174	0.0003309051298
14175	0.004150047049
14176	0.004096227955
14177	0.002362720386
14178	0.002464442761
14179	0.0005339077087
14180	0.007169925508
14181	0.000654421097
14182	0.00162527308
14183	0.003823430837
14184	0.004252743244
14185	0.003739322617
14186	0.002135155117
14187	0.001191292342
14188	0.009210213506
14189	3.097168498e-05
14190	0.00386084608
14191	0.005508256702
14192	0.001557303101
14193	0.006435805546
14194	0.0005293295361
14195	0.006303952951
14196	0.007267982128
14197	0.003924795048
14198	0.01385645216
14199	0.001039185938
14200	0.01176807173
14201	0.000884852508
14202	0.003926198216
14203	0.01000386331
14204	0.003262516735
14205	0.0009945609049
14206	0.002639588707
14207	0.01167416965
14208	0.003454584366
14209	0.001244364149
14210	0.006909163567
14211	0.008867515917
14212	0.009062601471
14213	0.00119473789
14214	0.008448928798
14215	0.00333023585
14216	1.720817157e-05
14217	0.01342162054
14218	0.00291193569
14219	0.001153300048
14220	0.00751400408
14221	0.01072478761
14222	0.007193795509
14223	0.005504674544
14224	0.001258084876
14225	0.001035557408
14226	0.0007846955165
14227	0.008369366251
14228	0.000486156325
14229	0.007175021901
14230	0.003216229215
14231	0.01494003085
14232	0.001107561883
14233	0.007416517689
14234	0.002944029235
14235	0.008018819238
14236	0.01605351873
14237	0.008586061119
14238	0.0004222505949
14239	0.004608204451
14240	0.004478511444
14241	0.002720477087
14242	0.007334248393
14243	0.005284062776
14244	0.002520384548
14245	0.004186700218
14246	0.004955306051
14247	0.02171656903
14248	0.02537459075
14249	0.002019072948
14250	0.0007798909745
14251	0.004655889592
14252	0.001435863438
14253	0.004995903869
14254	0.0007455697202
14255	0.002419787658
14256	0.009056001828
14257	0.002937379639
14258	0.003682205209
14259	0.001705855101
14260	0.003217369932
14261	0.001334557411
14262	0.003537624468
14263	0.004814648112
14264	0.00128643217
14265	0.008349069731
14266	0.01219775144
14267	0.007977616054
14268	0.005962861975
14269	0.005114296102
14270	0.007373377739
14271	0.003501184388
14272	0.002399005834
14273	0.000659038179
14274	0.001892277801
14275	0.003310618469
14276	0.009398573017
14277	0.006058183134
14278	0.002626241728
14279	0.0166973749
14280	0.0005049736529
14281	0.01350302504
14282	0.00947462889
14283	0.01357327895
14284	0.003457465611
14285	0.009789761329
14286	0.01266657039
14287	0.005531694876
14288	0.01048711075
14289	0.0001621600228
14290	0.01014469446
14291	0.002782440381
14292	0.007857382659
14293	0.00832644398
14294	0.005959458753
14295	0.01283938243
14296	0.0001605616778
14297	0.0009845121286
14298	0.006355260337
14299	0.004552908009
14300	0.008685574692
14301	0.009159292802
14302	0.004485724302
14303	0.0006242091751
14304	0.0040240707
14305	0.007330024905
14306	0.0001062752124
14307	0.005281678866
14308	0.004473814006
14309	0.002212432676
14310	0.0009988090108
14311	0.0004959016739
14312	0.0008913277449
14313	0.007514735191
14314	0.01367847273
14315	0.000969584088
14316	0.001379582839
14317	0.004691969467
14318	0.01245679082
14319	0.0006647710767
14320	0.002128198602
14321	0.006583066156
14322	0.0004113660071
14323	0.00896267853
14324	0.004855158764
14325	0.002146288832
14326	0.003980540619
14327	0.01681508826
14328	0.02435638353
14329	0.0008710813498
14330	0.02167969055
14331	0.001463097989
14332	0.005152386904
14333	0.000813275307
14334	0.002609336355
14335	0.001961883001
14336	0.00406655009
14337	0.0001224738181
14338	0.00697845278
14339	0.002694072741
14340	0.002397668889
14341	0.00559821196
14342	0.009538102839
14343	0.008721400088
14344	0.002877111839
14345	0.003858350802
14346	0.002902798818
14347	0.002465624949
14348	0.000930521343
14349	0.006909762417
14350	0.004942384624
14351	8.647260713e-06
14352	0.00148315501
14353	0.006374591069
14354	0.002102718712
14355	0.003309981805
14356	0.01002049453
14357	0.00974766342
14358	0.001456595358
14359	0.007669962277
14360	0.0001113079812
14361	0.0102454931
14362	0.001642253616
14363	0.00347825648
14364	0.001952735229
14365	0.001933930963
14366	0.0006019842579
14367	0.008544720267
14368	0.002643729044
14369	0.001564050129
14370	0.002122489592
14371	0.01249555521
14372	0.005933750417
14373	6.529500148e-05
14374	0.005552486299
14375	0.000528332644
14376	0.0005363458313
14377	0.004703763342
14378	0.009247501703
14379	0.005964656201
14380	0.0004229782831
14381	0.001264866963
14382	0.009509438321
14383	0.001474027291
14384	0.003035341397
14385	0.002926245938
14386	0.005507328225
14387	0.01330841594
14388	0.0126462175
14389	0.0008950298317
14390	0.01375834117
14391	0.004148900826
14392	0.00583363665
14393	0.005228903541
14394	0.002333849399
14395	0.0001606296793
14396	0.008595800471
14397	0.007384107153
14398	0.009861645461
14399	0.002772120219
14400	0.004104142344
14401	0.01560442513
14402	0.005197677729
14403	0.007090266744
14404	0.002116557745
14405	0.0008144065168
14406	0.003105000415
14407	0.008237666842
14408	0.002555000598
14409	0.01192805895
14410	0.006836156698
14411	0.008415609032
14412	0.004049676687
14413	0.0007745557404
14414	0.002733284384
14415	0.001438239026
14416	0.01055643089
14417	0.003197532382
14418	0.002975996941
14419	0.0004921720657
14420	0.00951827522
14421	0.007644340113
14422	0.006945150839
14423	0.003586090215
14424	0.0007710469868
14425	0.01363505085
14426	0.003424041698
14427	0.002467518509
14428	0.0002642711393
14429	0.00161635484
14430	0.00369701181
14431	0.002487415905
14432	0.009701690315
14433	0.004358526302
14434	0.00120281027
14435	0.000201860858
14436	0.01764727393
14437	0.001801308274
14438	0.01114141833
14439	0.003403424751
14440	0.006794220878
14441	0.01389281327
14442	0.004889050709
14443	0.00568836003
14444	0.009605558417
14445	0.01476287344
14446	0.002296121781
14447	0.003630191501
14448	0.002692983301
14449	0.004752160222
14450	0.01112748405
14451	0.01408614954
14452	0.005988948263
14453	0.01111358431
14454	0.0008619726911
14455	0.0089617463
14456	0.003049762825
14457	0.0006945721452
14458	0.001173982863
14459	0.008182982843
14460	0.00642267372
14461	0.0108142082
14462	0.002236922252
14463	0.0012765394
14464	0.001405881531
14465	0.008152053015
14466	0.007987502509
14467	0.002949284312
14468	0.002663138844
14469	0.003486099631
14470	0.005920901461
14471	0.011380362
14472	0.00494686122
14473	0.01712382735
14474	0.00411684394
14475	0.01474783742
14476	0.002809062811
14477	0.008970490145
14478	0.001921012075
14479	0.005559679923
14480	0.004398615477
14481	0.00351241994
14482	0.001851588329
14483	0.009506370627
14484	0.0002315446802
14485	0.0009071052701
14486	0.0006478605126
14487	0.0008626850835
14488	0.0007161089725
14489	0.0003856955711
14490	0.00070238262
14491	0.007192175606
14492	0.001839177232
14493	0.002321281273
14494	0.005201992429
14495	0.00874684188
14496	0.008279147877
14497	0.006043708799
14498	0.006011595199
14499	0.006801950999
14500	0.01618201137
14501	0.001327003705
14502	0.005885610628
14503	0.000507202245
14504	0.002830039516
14505	0.0005664908029
14506	0.001078512467
14507	0.001721622043
14508	0.00389475593
14509	0.001217945911
14510	0.002218135923
14511	0.007813849985
14512	0.009011243187
14513	8.595536654e-05
14514	0.003120919342
14515	0.008916746455
14516	0.001060665315
14517	0.001062022796
14518	0.0002234815029
14519	0.013663868
14520	0.004585827635
14521	0.0110825918
14522	0.0166180267
14523	0.0008672167655
14524	0.001176632945
14525	0.0007744551982
14526	0.001777940707
14527	0.00394785563
14528	0.002235887414
14529	0.0206296826
14530	0.003311213885
14531	0.001349952476
14532	0.0004165157335
14533	0.0003906212173
14534	0.0003463536705
14535	0.0003344342918
14536	0.001186202749
14537	0.001384381436
14538	0.0005833227665
14539	0.006283376604
14540	0.001795432914
14541	0.003740436592
14542	0.001040484144
14543	0.002278180329
14544	0.0025403923
14545	0.0007053924696
14546	0.000882065898
14547	0.009333798832
14548	0.0005448912252
14549	0.001088302898
14550	0.01229061525
14551	0.007891585039
14552	0.002387091408
14553	0.002719308491
14554	0.002111881567
14555	0.007473898851
14556	0.01171184423
14557	0.001256575264
14558	0.001146352682
14559	0.001602774238
14560	0.004152628656
14561	0.003235930353
14562	0.004607891258
14563	0.003414853691
14564	0.004755257539
14565	0.01349471069
14566	0.002131834412
14567	0.006925646232
14568	0.005421837482
14569	0.01690846308
14570	0.006544155746
14571	0.0003227184376
14572	0.006012438516
14573	0.006602284022
14574	0.005012760216
14575	0.0004346515275
14576	0.0004329042525
14577	0.006217671936
14578	0.003477078019
14579	0.007620233141
14580	0.006188322677
14581	0.01049789434
14582	0.002908666859
14583	0.005850399367
14584	0.004831821949
14585	0.007199585577
14586	0.01606254564
14587	6.243326454e-05
14588	0.003205266717
14589	0.00633210157
14590	0.01181989009
14591	0.01020412754
14592	0.006246936761
14593	0.003956181369
14594	0.009248988934
14595	0.002349952625
14596	0.00441470208
14597	0.0114135592
14598	3.707603811e-06
14599	0.01821009447
14600	0.001222658538
14601	0.002003793137
14602	0.004017444787
14603	0.002662177077
14604	0.005844373895
14605	0.001576331259
14606	0.00686589705
14607	0.008647899225
14608	0.008869107779
14609	0.002075918607
14610	0.001607735131
14611	0.01385460787
14612	0.002200425438
14613	0.005467977681
14614	0.002746837056
14615	0.006527692694
14616	0.003710105192
14617	0.003280247057
14618	0.004433143113
14619	0.01194304437
14620	0.0001946117448
14621	0.01202704971
14622	0.001381953508
14623	0.01056523322
14624	0.009083630615
14625	0.01864539406
14626	0.001769534025
14627	0.001735890921
14628	0.01850964167
14629	0.0058421311
14630	0.003546057189
14631	0.0001167358538
14632	0.006463742512
14633	0.001996674172
14634	0.003924880279
14635	0.0162027718
14636	0.00350420662
14637	0.0009622697477
14638	0.0002400392358
14639	0.005187318095
14640	0.02568889002
14641	0.005019367943
14642	0.02005936565
14643	0.009114603784
14644	0.004218382466
14645	0.005707111119
14646	0.004237776319
14647	0.004321077963
14648	0.005043527818
14649	0.002574359825
14650	0.006549970173
14651	0.003011107963
14652	0.007165600792
14653	0.004747803335
14654	0.006919514291
14655	0.003544053163
14656	0.00257825623
14657	0.0009785882585
14658	0.007162619301
14659	0.0083417491
14660	0.001575952855
14661	0.006273871841
14662	0.0006960894979
14663	0.01804166043
14664	0.01251122181
14665	0.002234784306
14666	0.00424483129
14667	0.002359510976
14668	0.003771910668
14669	0.00238843769
14670	0.00135142028
14671	0.008278463385
14672	0.01124717063
14673	0.0002119967485
14674	0.002150132904
14675	0.0001659272809
14676	0.0001284427914
14677	0.0005710324081
14678	0.01862114654
14679	0.003955203893
14680	0.008711377339
14681	0.001540613236
14682	0.005367065687
14683	0.009881375644
14684	0.004955786446
14685	0.006222230325
14686	0.001255936014
14687	0.00723141532
14688	0.005638099801
14689	0.003523452442
14690	1.485763115e-06
14691	0.005844951323
14692	0.002161839754
14693	0.01464378709
14694	0.003359209856
14695	0.001953466735
14696	0.005243225697
14697	0.004745573998
14698	0.004049832335
14699	0.01549471548
14700	0.005051095504
14701	0.001099552794
14702	0.007572540102
14703	0.001074566953
14704	0.004116191998
14705	0.006933340236
14706	0.007288756981
14707	0.002420922535
14708	0.003047642177
14709	0.003547501907
14710	0.01428598172
14711	0.0113544571
14712	0.0002635422857
14713	0.0005783326021
14714	0.002628976278
14715	0.00134011008
14716	0.002691746878
14717	0.004321310486
14718	0.005927168162
14719	0.002272701335
14720	0.003225588059
14721	0.001149147886
14722	0.002212753216
14723	0.002625540661
14724	0.009735324838
14725	0.005566657696
14726	0.008375804112
14727	0.004804531785
14728	0.004106390799
14729	0.006807219116
14730	0.0009150901244
14731	0.006637267465
14732	0.004785831516
14733	0.009738368306
14734	0.007413383949
14735	0.0008476645676
14736	0.0013061577
14737	0.003512393776
14738	0.006398091347
14739	0.006392311138
14740	0.00932370539
14741	0.004147260066
14742	0.008021270284
14743	0.003875115413
14744	0.006185289564
14745	0.002003355109
14746	0.004138079158
14747	0.001423197714
14748	0.003522201247
14749	0.001292441425
14750	0.003177498607
14751	0.003074868455
14752	0.01678668486
14753	0.006939692387
14754	0.003777303732
14755	0.001976271905
14756	0.009536192036
14757	0.002952343366
14758	0.002103088716
14759	0.001617126962
14760	0.0126611125
14761	0.0008309647278
14762	0.01360562328
14763	0.003354498078
14764	0.001234910237
14765	0.003633065553
14766	0.0109668584
14767	0.005884424626
14768	0.004002601203
14769	0.001402957541
14770	0.006407858443
14771	0.003492039359
14772	0.002446911486
14773	0.003969704495
14774	0.004116037906
14775	0.004798927694
14776	0.01362587601
14777	0.004842149542
14778	0.0177226817
14779	0.0006991022742
14780	0.00149944941
14781	0.009024110146
14782	0.002130572711
14783	0.007017481167
14784	0.003810654079
14785	0.007670696945
14786	0.001515306473
14787	0.01023661079
14788	0.003688989412
14789	0.002957979409
14790	0.02341454082
14791	0.01645892293
14792	0.009978037523
14793	0.007964888142
14794	0.001915104159
14795	0.001460769829
14796	0.008095842012
14797	0.008821462367
14798	1.360029367e-05
14799	0.008862986773
14800	0.002398270186
14801	0.005537233867
14802	0.001451990326
14803	0.002809332055
14804	0.005189375124
14805	0.001951928028
14806	0.0006340843471
14807	0.0003906924816
14808	0.004026718521
14809	0.007780752335
14810	0.001926606825
14811	0.009511270642
14812	0.00509623453
14813	0.01167022481
14814	0.003332162811
14815	0.005262879578
14816	0.002566635658
14817	0.02550567995
14818	0.001291083679
14819	0.005437262209
14820	0.006314922109
14821	0.009044860118
14822	0.006363166743
14823	0.003585731972
14824	0.008325150879
14825	0.0002288488078
14826	0.004967660625
14827	0.006383391543
14828	0.01126479114
14829	0.007151682277
14830	0.001740371852
14831	0.000221576395
14832	0.001227628245
14833	0.001863499736
14834	0.000215640224
14835	0.0005664042766
14836	0.004025761648
14837	0.009077956948
14838	0.003394979285
14839	0.007463008075
14840	0.001065780631
14841	0.0003328355419
14842	0.00932085298
14843	0.0005501190968
14844	0.005541930899
14845	0.002746041951
14846	0.01320071357
14847	0.001385774628
14848	0.003814083218
14849	0.006001104199
14850	0.003929994977
14851	0.00556621835
14852	0.003195565785
14853	0.001145393352
14854	0.0006455353622
14855	0.003703035168
14856	0.01057430635
14857	0.007977500053
14858	0.004279058107
14859	0.004511970782
14860	0.01616338577
14861	0.006030402355
14862	0.0008281793298
14863	0.003265939349
14864	0.001639363226
14865	0.004883717177
14866	0.007568929686
14867	0.0008574184379
14868	0.001068672864
14869	0.00906020888
14870	0.009798542067
14871	0.003634090626
14872	0.001434730391
14873	0.001786176293
14874	0.002688465793
14875	0.00430865482
14876	0.004941671292
14877	0.008210830326
14878	0.002407411767
14879	0.01094725196
14880	0.006828412105
14881	0.006466205055
14882	0.0006605587716
14883	0.001284939132
14884	0.002475030944
14885	0.004897248476
14886	0.007350995032
14887	0.005284201038
14888	0.006686484911
14889	0.004955810353
14890	0.00726091069
14891	0.002549577277
14892	0.006589178543
14893	0.01355410466
14894	0.007670925346
14895	0.004568615504
14896	0.002914952088
14897	0.002573903899
14898	0.01596937628
14899	0.01472252991
14900	0.01239474123
14901	0.01154555383
14902	0.006878854062
14903	0.001001987226
14904	0.002791704846
14905	0.00219853719
14906	0.006869837275
14907	0.01312262194
14908	0.002041991262
14909	0.007086737632
14910	0.002173985275
14911	0.004348936021
14912	0.00692709102
14913	0.0006849033303
14914	0.01750349105
14915	0.01236443448
14916	0.005797939798
14917	0.01130944938
14918	0.0001670444963
14919	0.001952128468
14920	0.004262254311
14921	0.003956116613
14922	0.009026185225
14923	0.01117131349
14924	0.007212721347
14925	0.001834606949
14926	0.001549671089
14927	0.005359385464
14928	0.008169574662
14929	0.01070731298
14930	0.0017664801
14931	0.005596406482
14932	0.001574156783
14933	0.007972879594
14934	0.00316248565
14935	0.00256777937
14936	0.001723541786
14937	0.001429400064
14938	0.002515117285
14939	0.01462317356
14940	0.004426146482
14941	0.01103782836
14942	0.001930618891
14943	0.0007432342129
14944	0.00364950788
14945	1.381594931e-05
14946	0.004595377797
14947	0.001306263347
14948	0.00138261086
14949	0.003953792116
14950	5.415398904e-05
14951	0.01252971643
14952	0.0120498999
14953	0.003989592387
14954	0.00686002113
14955	0.009858854039
14956	0.001528797542
14957	0.0002605577783
14958	0.003154109874
14959	0.0002839637273
14960	0.008626177597
14961	0.001090322675
14962	1.128028188e-05
14963	0.004069885877
14964	0.0005546710734
14965	0.001780383301
14966	0.001214708032
14967	0.0003219494238
14968	5.973266402e-05
14969	0.001338806011
14970	0.003596482789
14971	0.0001208569787
14972	0.01184709347
14973	0.002085876159
14974	0.0007161914082
14975	0.001787744929
14976	0.01699372363
14977	0.006126654634
14978	0.00426303092
14979	0.002811267034
14980	0.0005610644665
14981	0.006117819996
14982	0.006656510178
14983	0.01406364723
14984	0.006033484936
14985	0.0020918481
14986	0.007856801676
14987	0.001395080208
14988	0.005552260589
14989	0.0172955168
14990	0.001867068543
14991	0.008979369919
14992	0.01230299353
14993	0.004045070095
14994	0.009344349132
14995	0.005346050483
14996	0.002667270952
14997	0.004825411685
14998	0.006597791155
14999	0.005382412337
15000	0.002734452934
15001	0.003357751188
15002	0.007820248304
15003	0.003408837401
15004	0.0002374991333
15005	0.0006382182263
15006	0.003215255646
15007	0.01575596817
15008	0.02081914971
15009	0.0007504935737
15010	0.001084496762
15011	0.003538894257
15012	0.00577421147
15013	0.001187810574
15014	0.001236884193
15015	0.00281135384
15016	0.002632235487
15017	0.0009706309005
15018	0.0040596388
15019	0.001002068012
15020	0.001637114077
15021	0.001452429422
15022	0.0006092210834
15023	0.009041047058
15024	0.002619230829
15025	0.001878002766
15026	0.0002333338588
15027	0.0006767738928
15028	0.004514978705
15029	0.003421461864
15030	0.0004580111534
15031	0.008188307272
15032	0.006514767446
15033	0.0004415260525
15034	0.01307200833
15035	0.0002210697949
15036	0.0004883642583
15037	0.002228179287
15038	0.0060056642
15039	6.201590548e-05
15040	0.001647806003
15041	0.0004598310444
15042	0.00604519947
15043	0.009793284074
15044	0.004365818649
15045	0.004181589798
15046	0.003215482145
15047	0.005622896383
15048	0.003733315192
15049	0.00660753519
15050	0.002986325234
15051	0.005470587195
15052	0.004151199287
15053	0.002131799372
15054	0.006972860978
15055	0.004560449549
15056	0.002079919653
15057	0.005282139569
15058	0.004074468973
15059	0.002873397868
15060	0.005453631217
15061	0.001903717324
15062	0.008112921604
15063	0.008232174724
15064	0.001960321104
15065	0.00198963058
15066	0.005213659947
15067	0.0008409080459
15068	0.006653873331
15069	0.01037424379
15070	0.007133758851
15071	0.002207454504
15072	0.001859317897
15073	0.008590704613
15074	0.003355024573
15075	0.002958180728
15076	0.005311178649
15077	0.00274985175
15078	0.0006073967964
15079	0.009443150025
15080	0.005768445006
15081	0.00330398432
15082	0.005635308856
15083	0.00404748692
15084	0.005595149433
15085	0.002724883269
15086	0.01066955744
15087	0.005539220423
15088	0.006455837179
15089	0.01284061135
15090	0.004318331291
15091	0.002306533129
15092	0.004320843648
15093	0.007897246338
15094	6.59840275e-05
15095	0.001010902526
15096	0.009129533186
15097	0.01112630867
15098	0.001015825892
15099	0.00137155091
15100	0.009667529945
15101	0
15102	0.003522416166
15103	0.002715977535
15104	0.00196294563
15105	0.004929337718
15106	0.001282165329
15107	0.002260426482
15108	0.002589482247
15109	0.001710672611
15110	0.001054466468
15111	0.002149476001
15112	0.00386661275
15113	0.0004332742255
15114	0.001918930309
15115	0.009487335856
15116	0.01374776193
15117	0.001848353817
15118	0.01199840175
15119	0.002438927564
15120	0.00291022983
15121	0.005593942204
15122	0.000100672428
15123	0.00820756963
15124	0.008919590798
15125	0.002655886231
15126	0.00218701249
15127	0.001514956136
15128	0.003092309369
15129	0.00203209478
15130	0.003415917397
15131	0.01046040138
15132	0.01176276313
15133	0.0006335072895
15134	0.002129279431
15135	0.003656167415
15136	0.003385732494
15137	0.003884706361
15138	0.0007625311414
15139	0.006437491412
15140	0.001698291077
15141	0.003077770336
15142	0.007898673034
15143	0.002700045647
15144	0.005511810138
15145	0.0007169432353
15146	0.002674750524
15147	0.00577750408
15148	0.006491130262
15149	0.005242478858
15150	0.005424334686
15151	0.0003341220668
15152	0.00158830706
15153	0.003902503015
15154	0.001962610988
15155	0.00193852584
15156	8.198771553e-05
15157	0.001183237745
15158	0.0008393244012
15159	0.003184881896
15160	0.001726196321
15161	0.000707579813
15162	0.004964636484
15163	0.001725180596
15164	0.008899801959
15165	0.009264390658
15166	0.001043176359
15167	0.0002158866165
15168	0.003276160561
15169	0.0003024976335
15170	0
15171	0.00430189844
15172	0.008152796769
15173	0.003397604395
15174	0.006195460409
15175	0.0008711024903
15176	0.004507792333
15177	0.002926257695
15178	0.003843118473
15179	0.00366945009
15180	0.003625252938
15181	0.004145094662
15182	0.006811619654
15183	6.993275067e-06
15184	0.003237588175
15185	0.001731973512
15186	0.002765528922
15187	0.004030666856
15188	0.0006748730165
15189	0.01510449975
15190	0.008748361281
15191	0.0005064225849
15192	0.01084452412
15193	0.002957470228
15194	0.006382061436
15195	2.353368026e-05
15196	0.00417104018
15197	0.006626963184
15198	0.002419410582
15199	0.004339784574
15200	0.005103165564
15201	0.004157607175
15202	0.003854005467
15203	0.01224554435
15204	0.006182923704
15205	0.0004230396235
15206	0.007026393083
15207	0.007206503492
15208	0.001400564726
15209	0.001836219505
15210	0.001839034147
15211	0.001328051827
15212	0.005725150769
15213	0.00625613753
15214	0.0004387408752
15215	0.00383623024
15216	0.003339938687
15217	0.008541075668
15218	0.003870356178
15219	0.003955561597
15220	0.001900981845
15221	0.005034271847
15222	0.001529788187
15223	0.003293294473
15224	0.0003117574744
15225	0.0005723083982
15226	0.002368058802
15227	0.003748776258
15228	0.002066039144
15229	0.009289482346
15230	0.003842342941
15231	0.005758284145
15232	0.005998516213
15233	0.001194145246
15234	0.0006133585971
15235	0.002577042894
15236	0.006236099442
15237	0.006821598514
15238	0.002477969914
15239	0.001835026721
15240	0.004158396947
15241	0.003223188617
15242	0.0001186687954
15243	0.003747007056
15244	0.002021141536
15245	0.004393594675
15246	0.00296090577
15247	0.001938174265
15248	0.003828874896
15249	0.002336375025
15250	0.004130570406
15251	0.00162529635
15252	0.001684183365
15253	0.008660190556
15254	0.006867214799
15255	0.00147867097
15256	0.004703175156
15257	0.004985973967
15258	0.007120480518
15259	0.004225710905
15260	0.00185906679
15261	0.002257238017
15262	0.005104849789
15263	0.002606211866
15264	0.001937159412
15265	0.004621734283
15266	0.00894501874
15267	0.005442194694
15268	0.005029887214
15269	0.002642215659
15270	0.0004062540391
15271	0.005565475931
15272	0.007929395522
15273	0.0009419495028
15274	0.01135473825
15275	0.002976533419
15276	0.003223139087
15277	0.003418306927
15278	0.003076124388
15279	0.004071517934
15280	0.001748286791
15281	0.003818500305
15282	0.002813788513
15283	0.009125177683
15284	0.006183597569
15285	0.003205640158
15286	0.0001171496169
15287	0.001824547474
15288	0.002529298019
15289	0.004157103462
15290	0.005965656573
15291	0.0001265789454
15292	0.00910654875
15293	0.004705990869
15294	0.0005909399958
15295	0.0003158201205
15296	0.005773686911
15297	0.006228326916
15298	0.006396599733
15299	0.0004955068827
15300	0.008651123926
15301	0.002750025537
15302	0.0118343663
15303	0.007272433002
15304	0.0008250751188
15305	0.01011885965
15306	0.004171163817
15307	0.001989331715
15308	0.006435040464
15309	0.008647263777
15310	0.0006605381967
15311	0.003362104063
15312	0.001037821658
15313	0.006742470374
15314	0.001293418856
15315	0.002109256702
15316	0.01412829641
15317	0.003841488038
15318	0.003775337992
15319	0.002972482252
15320	0.003640114486
15321	0.003911756998
15322	7.36590782e-05
15323	0.005626986954
15324	0.001180775848
15325	0.004303721422
15326	0.005870215619
15327	0.001675576419
15328	0.0009050305348
15329	0.001945264251
15330	0.0003299562709
15331	0.001627543108
15332	0.000825340282
15333	0.004987264716
15334	0.006283821345
15335	0.005029862983
15336	0.0017954271
15337	0.0001583597654
15338	0.00354448777
15339	0.009232108425
15340	0.01705199923
15341	0.004496053882
15342	0.001049020393
15343	0.01240503197
15344	0.009474536024
15345	0.01705603042
15346	0.000401567958
15347	0.0008578400155
15348	0.006248916877
15349	0.004342932366
15350	0.002594566442
15351	0.001418844203
15352	0.001049316739
15353	0.007072649102
15354	0.009159455737
15355	0.0001535855797
15356	0.006767309805
15357	0.00516091249
15358	0.001144017848
15359	0.004009032317
15360	0.0009031430243
15361	0.001774789829
15362	0.002116641929
15363	9.535309876e-05
15364	0.001371868496
15365	0.001233049356
15366	0.002524378057
15367	0.002443696412
15368	0.01173254996
15369	0.01591800475
15370	0.002132571784
15371	0.001706407836
15372	0.003442733035
15373	0.000130549099
15374	0.01353946871
15375	0.001384342009
15376	0.0002785635876
15377	0.0003338019863
15378	0.0004276208494
15379	0.004914844465
15380	0.0005605606198
15381	0.00690757283
15382	0.004349258482
15383	0.001199705525
15384	0.002140636411
15385	0.0002585029389
15386	0.00624832426
15387	0.0004175992031
15388	0.0004419884148
15389	0.00433208822
15390	8.138387969e-05
15391	0.01991100117
15392	0.00217529331
15393	0.001593454987
15394	0.001179998842
15395	0.006541070088
15396	0.01352002758
15397	0.004137029691
15398	0.01639739661
15399	0.02878461942
15400	0.0117285709
15401	0.001772594286
15402	0.000115975637
15403	0.01705227015
15404	0.001445105775
15405	0.001399777661
15406	0.001192042414
15407	0.008549352027
15408	0.004522858997
15409	0.00331494889
15410	0.00125338035
15411	0.003020502559
15412	0.01330777322
15413	0.001022109401
15414	0.001539686792
15415	0.000669443992
15416	0.0008203774998
15417	0.003596655352
15418	0.001466674782
15419	0.0006272430881
15420	0.001432400268
15421	0.001501847976
15422	0.001117478857
15423	0.0008546913624
15424	0.0009615638412
15425	0.0009470456237
15426	0.0001092716534
15427	0.0001467776053
15428	0.001248566917
15429	0.0006208425481
15430	0.001445124635
15431	0.00192855856
15432	0.0127753308
15433	0.001950902271
15434	0.0001676055724
15435	0.004225769325
15436	0.00206373106
15437	0.001408326519
15438	0.001584411276
15439	0.01204177071
15440	0.01304690951
15441	0.005165195074
15442	0.001812562805
15443	0.01502181233
15444	0.01221292121
15445	0.004807679936
15446	0.0008578688426
15447	0.00159554745
15448	0.004495676253
15449	0.001472227946
15450	0.0001296646475
15451	0.007946895268
15452	0.0119671589
15453	0.001176983744
15454	0.01666225585
15455	0.009535657514
15456	6.062974879e-06
15457	0.0006126049323
15458	0.0009774387871
15459	0.0005516976015
15460	0.003181845066
15461	0.002303944932
15462	0.001000675641
15463	0.002656659613
15464	0.008064304568
15465	0.001474536756
15466	0.0006496235201
15467	0.0029947519
15468	6.702040407e-05
15469	0.00770330491
15470	0.0007088538826
15471	0.007296921419
15472	0.003649053056
15473	0.00441518832
15474	0.0007279838072
15475	0.003915956783
15476	0.0005135930364
15477	0.000388000164
15478	0.002534882597
15479	0.000460290014
15480	0.00556130062
15481	0.002787764478
15482	0.01030794281
15483	0.0181763081
15484	0.000962301404
15485	0.0009248213819
15486	0.01308376908
15487	0.007064501797
15488	0.002857677688
15489	0.001055214189
15490	0.0006481077771
15491	0.006162440926
15492	0.001853001644
15493	0.001444653785
15494	0.0005189710592
15495	0.004211929979
15496	0.0002082977038
15497	0.00135890584
15498	0.005738883636
15499	0.001997110843
15500	0.001105806675
15501	0.002818684825
15502	0.01019138257
15503	0.000928640523
15504	0.0002088426159
15505	0.01851719574
15506	0.0005554688936
15507	0.004092269457
15508	0.0004189304997
15509	0.0001516099678
15510	0.0009486181875
15511	0.002254666859
15512	0.008281066874
15513	0.008189364982
15514	0.00199239352
15515	0.002046141432
15516	0.001061418965
15517	0.001421639902
15518	0.006883684643
15519	0.00579959835
15520	0.001881239332
15521	0.0009314699394
15522	0.004410377104
15523	0.004118852301
15524	0.002328293479
15525	0.00168827532
15526	0.005053194008
15527	0.001897488074
15528	0.007792082191
15529	3.312827344e-05
15530	0.0006933038799
15531	0.001233312038
15532	0.001795527475
15533	0.005241854694
15534	0.004111896808
15535	0.001544455894
15536	0.002112669708
15537	0.01417755198
15538	0.005626919424
15539	0.00876108136
15540	0.001144410113
15541	0.01310065497
15542	0.02293083911
15543	0.004777965669
15544	0.007435708989
15545	0.002411877863
15546	0.001300463335
15547	0.006452548025
15548	0.001141307024
15549	0.001791464491
15550	0.009656465917
15551	0.003183284547
15552	0.01276988325
15553	0.0004485308597
15554	0.001459309008
15555	0.001197572584
15556	0.002653392955
15557	0.007253311363
15558	0.01809602496
15559	0.01040124089
15560	0.002297008951
15561	0.0002858756644
15562	0.008822888982
15563	0.006987388506
15564	0.005881510181
15565	0.01019785389
15566	0.005879872289
15567	0.0001358528936
15568	0.004286160659
15569	0.001689663904
15570	0.004073613157
15571	0.009513880467
15572	0.009747034022
15573	0.000404852152
15574	0.004282284571
15575	0.0009650739164
15576	0.01099209585
15577	9.717339819e-05
15578	0.001856078486
15579	0.005191654502
15580	0.00905317663
15581	0.005390401049
15582	0.003260264002
15583	0.003117890532
15584	0.006328336184
15585	0.003584352036
15586	0.001949033024
15587	0.0003457189342
15588	0.001687437229
15589	0.004152791931
15590	0.003636024132
15591	0.0005667623044
15592	0.003301138925
15593	0.001157367392
15594	0.001763047342
15595	0.001213022661
15596	0.01142551183
15597	0.00763470116
15598	0.001094586276
15599	0.001819123853
15600	0.001352401164
15601	0.001516026066
15602	0.002145629745
15603	0.002506486594
15604	0.0006727728338
15605	0.001320188567
15606	0.00217577575
15607	0.003071378615
15608	0.0001227587826
15609	0.00303671846
15610	0.002343403477
15611	0.003428011829
15612	0.003028282057
15613	0.004413753623
15614	0.001462506712
15615	0.005664479286
15616	0.001918434822
15617	0.001710960463
15618	0.000607294165
15619	0.007007330154
15620	4.101912964e-05
15621	0.001188297675
15622	0.0002410874982
15623	0.00109491362
15624	0.001116313851
15625	0.0005514829149
15626	0.001822431804
15627	0.009376533165
15628	0.001986208911
15629	0.0002996215526
15630	0.001601203822
15631	0.001891621529
15632	0.0009972424649
15633	0.005882377778
15634	0.0002939749223
15635	0.00311922143
15636	0.00352585105
15637	0.001493410652
15638	0.002781975146
15639	0.001934881452
15640	0.002733243641
15641	0.00127273998
15642	0.001805635227
15643	0.001800011844
15644	0.0008791724537
15645	0.0003471980174
15646	0.001540759452
15647	0.001989342531
15648	0.001657598643
15649	0.008731453147
15650	0.002968360713
15651	0.0008480798974
15652	0.003276485563
15653	0.007095808944
15654	0.001105150645
15655	0.001020249431
15656	0.001268227573
15657	0.004567930424
15658	0.002818673161
15659	0.001874791634
15660	0.002307403089
15661	0.00300918323
15662	0.0004441791752
15663	0.001459825311
15664	0.002137199572
15665	0.001981424454
15666	0.001468729967
15667	0.002488620339
15668	0.006814634732
15669	0.0007414295057
15670	0.0006115230364
15671	0.0061205674
15672	0.002727496533
15673	0.0001277889963
15674	0.002400316024
15675	0.0008691431734
15676	0.0008647045969
15677	0.000988313698
15678	0.00800915913
15679	0.002542584918
15680	0.004303236929
15681	0.002074892854
15682	0.0007970388005
15683	0.002631045413
15684	7.262707564e-05
15685	0.001288433116
15686	0.002230384809
15687	0.0007710692625
15688	0.001508864406
15689	0.003416960711
15690	0.001064179725
15691	0.001808434233
15692	0.001021445562
15693	0.001287296398
15694	0.001280462128
15695	0.001977697875
15696	0.001462032907
15697	0.0003399861158
15698	0.004115795483
15699	0.0009165845674
15700	0.001128853458
15701	0.0006789578329
15702	0.00234825677
15703	0.00287605425
15704	0.0009996432614
15705	0.001127912165
15706	0.00152470485
15707	0.0003113463316
15708	0.002246268471
15709	0.0007645597475
15710	0.001977640318
15711	0.006153938564
15712	0.004723089947
15713	0.001251542798
15714	0.00157631635
15715	0.001626380312
15716	0.004213981117
15717	6.882539723e-05
15718	0.002501426292
15719	0.001618161219
15720	0.002973741631
15721	0.0009520998255
15722	3.049051276e-05
15723	0.00539867757
15724	0.006414743645
15725	0.004767699816
15726	0.002086149101
15727	0.00171240101
15728	0.0001845816934
15729	0.001429395833
15730	0.0008546268983
15731	0.002831772682
15732	0.003870340495
15733	0.0004594466518
15734	0.002789605913
15735	0.001584425759
15736	0.001130023484
15737	0.001586087483
15738	0.004701632049
15739	0.001912298164
15740	0.00899491281
15741	0.003257415508
15742	0.0007179396549
15743	0.00167134469
15744	0.0008999020801
15745	0.001241546784
15746	0.002987800564
15747	0.007492616655
15748	0.007931540819
15749	0.001797546783
15750	0.001590674244
15751	0.001308139363
15752	0.001340808474
15753	0.009796783591
15754	0.006255065533
15755	0.0004588967023
15756	0.001110676297
15757	0.003717322324
15758	0.002543753829
15759	0.001471600666
15760	0.001184789539
15761	0.004042501877
15762	0.008977223106
15763	0.01158015469
15764	0.001208491495
15765	0.001815585338
15766	0.0126870296
15767	0.002336399846
15768	0.006353874283
15769	0.001465462598
15770	0.002960511361
15771	0.0006270911331
15772	0.00634732672
15773	0.001832552211
15774	0.0009967119673
15775	0.001071888987
15776	0.001550134757
15777	0.0002393300477
15778	0.0006150416294
15779	0.004928976277
15780	0.001878136371
15781	0.0008945219016
15782	0.001333489296
15783	0.0001191463568
15784	0.002509450373
15785	0.001632854044
15786	0.003875517624
15787	0.005076803933
15788	0.0008392710248
15789	0.00175263786
15790	0.0003011346761
15791	0.0005970206118
15792	0.002031265164
15793	0.003331151485
15794	0.01059174851
15795	0.002618788744
15796	0.005868854605
15797	0.004478084708
15798	0.005496740387
15799	0.001388667973
15800	0.0005823815615
15801	0.002681916877
15802	0.00127576091
15803	0.002616871827
15804	0.007307230142
15805	0.006506250986
15806	0.004054419677
15807	7.030920452e-05
15808	0.002017322253
15809	0.0007303606834
15810	0.0008791526184
15811	0.0004274778034
15812	0.005113973055
15813	0.001688075813
15814	0.0008034530996
15815	0.0009516176167
15816	0.001915766407
15817	0.002621682426
15818	0.002142226593
15819	0.001793363059
15820	0.003841984838
15821	0.002563579569
15822	0.0009638914735
15823	0.001745622072
15824	0.003067338547
15825	0.005814138704
15826	0.0016495435
15827	0.002154761185
15828	0.001111452754
15829	0.001552617494
15830	0.003205394063
15831	0.005328689158
15832	0.01855700655
15833	0.002587401849
15834	0.001942059323
15835	0.002296081494
15836	0.001747193507
15837	0.00153227661
15838	0.005292376785
15839	0.01396991755
15840	0.003766575441
15841	0.01399934786
15842	0.003570123672
15843	0.001064313673
15844	0.002123586545
15845	0.004640651962
15846	0.0009177734617
15847	0.002280118558
15848	0.001497741605
15849	0.0003226315558
15850	0.0009200836149
15851	0.0007715001583
15852	0.006473343568
15853	0.005574689583
15854	0.00959101859
15855	0.003377703952
15856	0.009751686583
15857	0.001670799212
15858	0.0001470091281
15859	0.003804040392
15860	0.001427303453
15861	0.003081216524
15862	0.001132739605
15863	0.0003683479333
15864	0.003082382002
15865	0.001501892399
15866	0.01109745606
15867	0.001354028708
15868	0.002363081952
15869	0.002314349327
15870	0.001236896565
15871	0.0004406023584
15872	0.001555056389
15873	0.004251302017
15874	0.0005631541545
15875	0.00266641088
15876	0.003233217961
15877	0.001946045477
15878	0.009537274114
15879	0.001483245788
15880	0.0008161295546
15881	0.004769630793
15882	0.002117210421
15883	0.004641417953
15884	0.005420839525
15885	0.001764662598
15886	0.008556437396
15887	0.005962178164
15888	0.0006456656332
15889	0.0002082628094
15890	0.0006913462785
15891	0.0002810530488
15892	0.003498639811
15893	0.001096883936
15894	0.002779999852
15895	0.002544610925
15896	0.003459528527
15897	0.00186138025
15898	0.002590978925
15899	0.002004326263
15900	0.004893534353
15901	0.0008196459297
15902	0.0006352825004
15903	0.001784324371
15904	0.002061717375
15905	0.001049175794
15906	0.001024110844
15907	0.0004398611605
15908	0.0095860931
15909	0.004751997599
15910	0.004098467195
15911	0.0003656000565
15912	0.001400687077
15913	0.0002994858308
15914	0.004665256939
15915	0.0001094224216
15916	0.0005708297827
15917	0.003429642749
15918	0.0007347020412
15919	0.002094541768
15920	0.01173384814
15921	0.001199100379
15922	0.003480632991
15923	0.0007532823248
15924	0.002706972187
15925	0.0002255755817
15926	0.001025873942
15927	0.01162027885
15928	0.0013478506
15929	0.002184783273
15930	0.004308788182
15931	0.001556474213
15932	0.001603999377
15933	0.0006615841881
15934	0.001013422095
15935	0.001347077108
15936	0.0113542261
15937	0.002114210629
15938	0.001234560446
15939	0.001693618034
15940	0.003107153227
15941	0.00188699928
15942	0.000478085377
15943	0.002850668303
15944	0.004452468516
15945	0.003443845398
15946	0.006910720565
15947	0.002294722699
15948	0.006122233885
15949	0.002390101744
15950	0.007258782815
15951	0.001548693331
15952	0.0002202761877
15953	4.216049716e-05
15954	0.001592857145
15955	0.00139948205
15956	0.000936802111
15957	0.003112218803
15958	0.002936880299
15959	0.0003874749287
15960	0.008706674575
15961	0.005507737535
15962	0.001022979322
15963	0.001780224961
15964	0.001267296305
15965	0.001515662394
15966	0.00223583207
15967	0.005037993658
15968	0.001271392852
15969	0.002485748829
15970	0.002943258879
15971	0.001409340438
15972	0.0001405192086
15973	0.001483750817
15974	0.002246523926
15975	0.002272438481
15976	0.001651713081
15977	0.0008397150156
15978	0.001551518783
15979	0.002125467041
15980	0.0002583844523
15981	0.001189417938
15982	0.0007687994295
15983	0.00260188911
15984	0.0001236017681
15985	0.008332530007
15986	0.01347479703
15987	0.001384487975
15988	0.001674519319
15989	0.0006560375756
15990	0.0006974384297
15991	0.001248559784
15992	0.00106112398
15993	0.001998197674
15994	1.91628709e-05
15995	0.002374898332
15996	0.001661857814
15997	0.00599163612
15998	0.004640123198
15999	0.00052154391
16000	0.001421959775
16001	0.002944069922
16002	0.006140342731
16003	0.001079784094
16004	0.001694148772
16005	0.0006827964777
16006	0.001077221272
16007	0.003381069908
16008	0.00145592987
16009	0.0002561220694
16010	0.004200747762
16011	0.002050739965
16012	0.002221456567
16013	0.00264893166
16014	0.001141778365
16015	0.001049762423
16016	0.0006979503139
16017	4.615072385e-05
16018	0.006953666134
16019	0.001927071911
16020	0.0009559427245
16021	0.002669443853
16022	0.0008909270526
16023	0.0003211966408
16024	0.005297367658
16025	0.0002607061591
16026	0.001694651111
16027	0.01186819216
16028	0.002113521794
16029	0.001715592312
16030	0.0009003860129
16031	0.001619862449
16032	0.00144361651
16033	0.006283076316
16034	0.001635281713
16035	0.00175982814
16036	0.00141417847
16037	0.001408427857
16038	0.01292358571
16039	0.008543451341
16040	0.001319000412
16041	0.001371873696
16042	0.0008743739707
16043	0.00134943782
16044	0.001634667518
16045	0.0004532163772
16046	0.002028977905
16047	0.003083256549
16048	0.002052122003
16049	0.00245849216
16050	0.001320945518
16051	0.004560647913
16052	0.0007171479054
16053	0.004887067222
16054	0.00128466046
16055	0.002339484398
16056	9.329628429e-05
16057	0.0003506292004
16058	0.001835521834
16059	0.0003348972205
16060	0.0004767701514
16061	0.005679788784
16062	0.003252484535
16063	0.001668850947
16064	0.005730246781
16065	0.001489623212
16066	0.00202440846
16067	0.0001933335873
16068	0.008494839071
16069	0.003287402228
16070	0.001611754209
16071	0.001767723607
16072	0.0004625479001
16073	0.001504079043
16074	0.001319595593
16075	0.003338406003
16076	0.004009662804
16077	0.003676044413
16078	0.001647767192
16079	0.002318475438
16080	0.002986457283
16081	0.003432190602
16082	0.0001332542861
16083	0.00600344859
16084	0.001921457413
16085	0.0009358884858
16086	4.780745737e-05
16087	0.0008348530087
16088	0.0008761434322
16089	0.006049219745
16090	0.001619969574
16091	0.005493003825
16092	0.005535421056
16093	0.0008209044083
16094	0.002144975941
16095	0.00146618929
16096	0.002273469123
16097	0.00253761661
16098	0.001300558875
16099	0.002403388112
16100	0.0001781276343
16101	0.003053495818
16102	0.001594028236
16103	0.001749163678
16104	0.005943088671
16105	0.002465010138
16106	0.001306773021
16107	0.004091935293
16108	0.00302965928
16109	0.0002810044252
16110	0.0008021050729
16111	0.001534122647
16112	0.0028848539
16113	0.002399366287
16114	0.0003818276691
16115	0.01305080562
16116	0.007067950076
16117	0.002183815218
16118	0.006614108647
16119	0.000355785551
16120	0.001448577068
16121	0.0002030615739
16122	0.001442420181
16123	0.003162884406
16124	0.002916911352
16125	0.0007863345354
16126	0.0008953758427
16127	0.0007482736399
16128	0.001113370548
16129	0.004148531549
16130	0.01297577613
16131	0.001583733474
16132	0.01013418712
16133	0.001140853772
16134	0.002513092858
16135	0.002159131983
16136	0.0002998279804
16137	0.007598734098
16138	0.006937258801
16139	0.006808907712
16140	0.001346336049
16141	0.001425205098
16142	0.001792243944
16143	0.001178175088
16144	0.001920257674
16145	0.002309469851
16146	0.005187227713
16147	0.0005091476759
16148	0.001216114926
16149	0.0008515767711
16150	0.001325030636
16151	0.000817211646
16152	0.003866336346
16153	0.005448699917
16154	0.007733096154
16155	0.0003086698835
16156	0.0002573915866
16157	0.002707073953
16158	0.002534570062
16159	0.001930466547
16160	0.006532710497
16161	0.001276738563
16162	0.002398356498
16163	0.00139319459
16164	0.002724739721
16165	0.004746868514
16166	0.00287690419
16167	0.0008160730127
16168	0.002500524166
16169	0.001287673583
16170	0.005694327453
16171	0.00317290946
16172	0.001563571917
16173	0.001451946154
16174	0.008055414961
16175	0.003319522737
16176	0.001922304782
16177	0.001757346942
16178	0.001895755347
16179	0.001652925236
16180	0.0009887194805
16181	0.001650714712
16182	0.001553832056
16183	0.001248265761
16184	0.0002374497279
16185	0.002318137562
16186	0.000146047435
16187	0.001070465089
16188	0.0065845968
16189	0.0004423900089
16190	0.00123172357
16191	0.0001706920878
16192	0.0008664971669
16193	0.001552804341
16194	0.00214871782
16195	0.003787338537
16196	0.0008377612514
16197	0.00135202794
16198	0.0009192286972
16199	0.002263211666
16200	0.006694534671
16201	0.000922512545
16202	0.002810690225
16203	0.001519581328
16204	0.004082008217
16205	0.001030850012
16206	0.004352090043
16207	0.004740245612
16208	0.002137024701
16209	0.001559223798
16210	0.00919110002
16211	0.001194238116
16212	0.001671998786
16213	0.004769885482
16214	0.001437919155
16215	0.002546253033
16216	0.0003426662976
16217	0.002159836061
16218	0.001633431691
16219	0.001296660606
16220	0.01044451403
16221	0.004948248727
16222	0.01514590485
16223	0.003014920377
16224	0.0007709756689
16225	0.002116263119
16226	0.005100380195
16227	0.004733147844
16228	0.001084902033
16229	0.0009826003482
16230	0.001708324127
16231	0.00323089149
16232	0.0002392644391
16233	0.0009001671465
16234	0.003391016259
16235	0.006666629368
16236	0.0007768707346
16237	7.043247746e-05
16238	0.003624786044
16239	0.0004187226254
16240	0.002712696338
16241	0.001224836766
16242	0.01232634395
16243	0.001115017962
16244	0.001325073931
16245	0.006503005942
16246	0.004672774866
16247	0.005106147847
16248	0.0003242757547
16249	0.009915444386
16250	0.00101168871
16251	0.004776571114
16252	0.001792617931
16253	7.114912733e-05
16254	0.001238454154
16255	0.001935253008
16256	0.0005039203386
16257	0.0002750352901
16258	0.0004719593569
16259	0.004204918943
16260	0.001031278207
16261	0.007857751053
16262	0.008769212545
16263	0.001693522964
16264	0.003412325339
16265	0.003690909155
16266	8.662806619e-05
16267	0.003817517689
16268	0.009562773521
16269	0.002530010214
16270	0.005923173923
16271	0.0004528233492
16272	0.0002213488062
16273	0.001498409423
16274	0.005489276261
16275	0.01252602888
16276	0.001119732842
16277	0.00451987431
16278	0.004084618754
16279	0.0003216983244
16280	0.0005578717097
16281	0.004578313275
16282	0.001356952459
16283	0.0005675244611
16284	0.003441463161
16285	0.005742456412
16286	0.004182003208
16287	0.0002784208488
16288	0.002737436126
16289	0.0008907194637
16290	0.002344734949
16291	0.0004485900208
16292	0.0006380572363
16293	0.004741091115
16294	0.005499089801
16295	5.098563458e-06
16296	0.001260797879
16297	0.01282000057
16298	0.01294317209
16299	0.004612670216
16300	0.001839462477
16301	0.001716432775
16302	0.003649234315
16303	0.0002144805534
16304	0.0004334928118
16305	0.002822852127
16306	0.01001157805
16307	0.0002178720159
16308	0.01102854117
16309	0.0002851877089
16310	0.0005462074457
16311	0.003363222538
16312	0.01077621462
16313	0.0005392882269
16314	0.006377152151
16315	0.0008963051148
16316	0.005580331526
16317	0.004397093455
16318	0.00331098167
16319	0.006003904307
16320	0.01590315024
16321	0.002880177042
16322	0.001562975284
16323	0.001326537347
16324	0.001092141745
16325	0.006949670449
16326	0.0001931669612
16327	0.00708592329
16328	0.004047018957
16329	0.007313744787
16330	0.0008286122989
16331	0.0005535537855
16332	0.01285460531
16333	0.002968319037
16334	0.002306517769
16335	0.007323236188
16336	0.0008826622045
16337	0.0002354191199
16338	0.01106798075
16339	0.01493738971
16340	0.009592537326
16341	0.003173757708
16342	0.002232131044
16343	0.0006366447607
16344	0.001521837901
16345	0.0004883997135
16346	0.002134756475
16347	0.00507038979
16348	0.004440477048
16349	0.006898469241
16350	0.007592041342
16351	0.004783903186
16352	0.006884122639
16353	0.006290632739
16354	0.0001548900642
16355	0.004417576323
16356	0.006201739727
16357	0.0007385953144
16358	0.006611648508
16359	0.001032984344
16360	0.002861945168
16361	0.004393771721
16362	0.003346712263
16363	0.001836796592
16364	0.008510665805
16365	0.003565621619
16366	0.01041427149
16367	0.0007215474851
16368	0.0001824855734
16369	0.003212450762
16370	0.003136722267
16371	0.00441779973
16372	0.001485706967
16373	0.003356581266
16374	0.002012594881
16375	0.01172203751
16376	0.001408517315
16377	0.005379348134
16378	0.0004041176043
16379	0.004964052908
16380	0.0007919635342
16381	0.001794461311
16382	0.002794756415
16383	0.001407857171
16384	0.001340329799
16385	0.0006440359734
16386	0.009850990119
16387	0.00105923914
16388	0.00390937678
16389	0.0127524428
16390	0.0005672471263
16391	0.0003172868743
16392	0.002679602991
16393	0.001057913954
16394	0.00871271159
16395	0.009465861207
16396	0.002065953326
16397	0.005316867969
16398	0.0003357034378
16399	0.004330059607
16400	0.0004837244056
16401	0.004682593976
16402	0.0001069224873
16403	0.004082736807
16404	0.005545842763
16405	0.001093669175
16406	0.006174086171
16407	0.00427027485
16408	0.002256332309
16409	0.00123722073
16410	0.0005915696714
16411	0.005925299551
16412	0.001969185894
16413	0.01018665748
16414	0.007804301262
16415	0.01067802476
16416	0.0003426911688
16417	0.01102694018
16418	0.01300828065
16419	0.01739421914
16420	0.001454561902
16421	0.005690858946
16422	0.01018908199
16423	0.01006385649
16424	0.0004440955049
16425	0.0005989029735
16426	0.0005013746749
16427	0.008292068913
16428	0.001760400212
16429	0.002070627872
16430	0.000395657039
16431	0.005348230043
16432	0.006587952298
16433	0.002391176147
16434	0.000709699469
16435	0.006966013024
16436	0.004298687034
16437	0.001101363231
16438	0.003563443494
16439	0.01261262602
16440	0.009510261965
16441	0.001650884157
16442	0.01150575915
16443	0.0005946485432
16444	0.0005985041137
16445	0.004673190517
16446	0.01805411765
16447	0.0006771243245
16448	0.00203097729
16449	0.001028465145
16450	0.004918245756
16451	0.002800213089
16452	0.0006249204339
16453	0.01041648722
16454	0.001421871015
16455	0.0009545826064
16456	0.0001038077298
16457	0.001392087004
16458	0.000324400818
16459	0.01580132349
16460	0.0007726918115
16461	0.002014928242
16462	0.003202732478
16463	0.004298822929
16464	0.004448992605
16465	0.0009890496365
16466	0.00717310187
16467	0.01095495946
16468	0.001680337656
16469	0.0003289194843
16470	0.0007080876854
16471	0.0008741661061
16472	0.001063277841
16473	0.001810798439
16474	0.001083567353
16475	9.976670981e-05
16476	0.00135640223
16477	0.009688628121
16478	0.002607767739
16479	0.001444774628
16480	0.0006562602385
16481	0.006184689946
16482	0.001068809933
16483	0.00138920448
16484	0.006164981251
16485	0.002440499676
16486	0.001771072593
16487	0.002350819056
16488	0.001251318146
16489	0.0008366533773
16490	0.005861044033
16491	0.002183108419
16492	0.002269765707
16493	0.002074896875
16494	0.01454163728
16495	0.0001453435926
16496	0.009904748575
16497	0.0003156363889
16498	0.002746410095
16499	0.0009736672788
16500	0.003058909479
16501	0.009225289841
16502	0.0005190085164
16503	0.00126755965
16504	0.00227060532
16505	0.007379424232
16506	0.001056977102
16507	0.006260613014
16508	0.008839487277
16509	0.008819000684
16510	0.006803460251
16511	0.001285942295
16512	0.001678427836
16513	0.0006598507476
16514	0.003210339222
16515	0.00392916736
16516	0.0009560882357
16517	0.00256973033
16518	0.001494695302
16519	0.001089054772
16520	0.001004225327
16521	0.001682777155
16522	0.0004113852813
16523	0.004703338645
16524	0.005552044793
16525	0.0008643522563
16526	0.005173727133
16527	0.002694123466
16528	0.00188955
16529	0.001157432662
16530	0.006054016694
16531	0.006197515001
16532	0.0009516405982
16533	0.005421369238
16534	0.008561590398
16535	0.00200052818
16536	0.0008801649605
16537	0.002145441942
16538	0.004152908039
16539	2.832551496e-05
16540	0.001468373968
16541	0.01581784936
16542	0.005497165307
16543	0.0003536474693
16544	0.001641377689
16545	0.001267633311
16546	0.0014945726
16547	0.01280847963
16548	6.892641727e-05
16549	0.001174290261
16550	0.0007203414827
16551	0.002082577403
16552	0.007169310449
16553	0.0004962704782
16554	0.008789561519
16555	0.002148011532
16556	0.001633002572
16557	0.0005795737605
16558	0.001055980714
16559	0.0001169178625
16560	0.003109632528
16561	0.002280691453
16562	0.003594643644
16563	0.005660912945
16564	0.004144843791
16565	0.003118882572
16566	0.001590941506
16567	0.006356136465
16568	0.008465996742
16569	0.001274144712
16570	0.006340018283
16571	0.0002020958569
16572	0.0006151133634
16573	0.01214387832
16574	0.002757724615
16575	0.0002415034473
16576	0.009676062359
16577	0.01010777076
16578	0.002271287912
16579	0.0001143525807
16580	0.0002713325055
16581	0.001720599328
16582	0.001785330157
16583	0.000738051138
16584	0.001198878326
16585	0.0006343596158
16586	0.005197434528
16587	0.01764582808
16588	0.0003546386846
16589	0.002581478799
16590	0.001705141109
16591	0.002737907343
16592	0.006585373838
16593	0.003265160567
16594	0.01137509899
16595	0.003703037599
16596	0.01461416447
16597	0.01552905493
16598	0.007012608936
16599	0.001194340089
16600	0.009601464359
16601	0.01319980073
16602	0.02641766857
16603	0.007933894171
16604	0.0008408277124
16605	0.006547843707
16606	0.004375254271
16607	0.01019679601
16608	0.001028926182
16609	0.006780319844
16610	0.01638682806
16611	0.01304752532
16612	0.01015619873
16613	0.0005899021755
16614	0.01609815029
16615	0.007939284394
16616	0.002001995496
16617	0.007885837872
16618	0.002764397671
16619	0.005602231022
16620	0.008710273848
16621	0.001211936614
16622	0.0005958157317
16623	0.01094464467
16624	0.00485101953
16625	0.0008835555759
16626	0.006993961045
16627	0.008170614241
16628	0.001927728211
16629	0.007214692816
16630	0.01314574801
16631	0.006777421472
16632	1.276445716e-05
16633	0.006192944018
16634	0.0005513962571
16635	0.0004930390423
16636	0.004796132447
16637	0.003146543722
16638	0.003868781554
16639	0.005478699174
16640	0.02820549644
16641	0.001457399085
16642	0.007010662808
16643	0.008410245458
16644	0.01830323591
16645	0.0002494058811
16646	0.0008446946202
16647	0.004944634288
16648	0.0004376262118
16649	0.0004639981242
16650	0.0002654767517
16651	0.008481983803
16652	0.002826932511
16653	0.00645875537
16654	0.004443959824
16655	0.007970744761
16656	0.003184642749
16657	0.01755311774
16658	0.002464547373
16659	0.001670495003
16660	0.01033639805
16661	0.0008854363491
16662	0.001838685779
16663	0.0005919634787
16664	0.002582170766
16665	0.002296391729
16666	0.00188370674
16667	0.003145921128
16668	0.006294537996
16669	0.003657256789
16670	0.005114275124
16671	0.0001084620944
16672	0.0006781853818
16673	0.004749236259
16674	0.004367820329
16675	0.005313892658
16676	0.001808424044
16677	0.007207595975
16678	0.0003043711198
16679	0.00215677142
16680	0.007676496325
16681	0.009339999309
16682	0.003355030349
16683	0.001019165441
16684	0.000960389494
16685	0.0002659557697
16686	0.0002746398811
16687	0.003534512256
16688	0.00362070134
16689	0.01151063035
16690	0.0008886534039
16691	0.003562824614
16692	0.001540584134
16693	0.001458176934
16694	0.004239977629
16695	0.01651056009
16696	0.00680370707
16697	0.007755590014
16698	0.005154445438
16699	0.01210991218
16700	0.0003328452225
16701	0.001355847052
16702	0.001888597371
16703	0.01199280779
16704	0.002097808412
16705	0.0005997390848
16706	0.001703911311
16707	0.01498906923
16708	0.003049355818
16709	0.007635297891
16710	0.008112970699
16711	0.006354347505
16712	0.0009103128712
16713	0.0008793003905
16714	0.000134421717
16715	0.003246651107
16716	0.0002623728401
16717	0.001422447627
16718	0.01082518488
16719	0.01002171175
16720	0.01282229967
16721	0.002756655347
16722	0.002038704013
16723	0.004346220103
16724	0.004985884683
16725	0.001203024589
16726	0.002617575895
16727	0.004385096383
16728	0.0001133616611
16729	0.001286885483
16730	0.004013084077
16731	0.006490186052
16732	0.00133850578
16733	0.0009982251349
16734	0.0006911305005
16735	0.01083189702
16736	0.005810846222
16737	0.01180579763
16738	0.003443609242
16739	0.002304190375
16740	0.0100777365
16741	0.002547991817
16742	0.0006969688431
16743	0.01420459174
16744	0.009768308025
16745	0.01369437454
16746	0.0009873971314
16747	0.003619582256
16748	0.001136695111
16749	0.002131901985
16750	0.0005269457182
16751	0.009061302225
16752	0.0005482767405
16753	0.004494887485
16754	0.001741009354
16755	0.004448270757
16756	0.001454841154
16757	0.001344489989
16758	0.003035884978
16759	0.0009755773673
16760	0.005598149061
16761	0.01680942647
16762	0.02117592617
16763	0.009920540624
16764	0.004710207839
16765	0.0122440765
16766	0.00550885664
16767	0.003016864405
16768	0.0005976637022
16769	0.007182545329
16770	0.005169739265
16771	0.01196149486
16772	0.01168114568
16773	0.008230609613
16774	0.004319899502
16775	0.001073838448
16776	0.0003695567101
16777	0.00186563714
16778	0.000787039162
16779	0.01382909696
16780	0.01126236118
16781	0.006435206015
16782	0.01070425112
16783	0.009023475993
16784	0.002550545749
16785	0.01745993307
16786	0.009241443136
16787	0.008569985902
16788	0.008911764816
16789	0.004011509418
16790	0.01120606564
16791	0.000315334721
16792	0.001160818695
16793	0.001444851374
16794	0.001385973035
16795	0.004527127756
16796	0.010922054
16797	0.0008698616073
16798	0.0007516210616
16799	0.001271659438
16800	0.002114030737
16801	0.00793439294
16802	0.003433388421
16803	0.01292996282
16804	0.01056855835
16805	0.007719060925
16806	0.0002833386297
16807	1.074516779e-05
16808	0.0007137306628
16809	0.00438936582
16810	0.001146629138
16811	0.008411153008
16812	0.005628060741
16813	0.006633669411
16814	0.001599537437
16815	0.005230510586
16816	0.003899276004
16817	6.002613547e-05
16818	0.01612455836
16819	0.004648116613
16820	0.009188676085
16821	0.0009383019761
16822	0.009235050307
16823	0.0009915838708
16824	0.003431703825
16825	0.004006015228
16826	0.0001336524843
16827	0.001736311533
16828	0.007555512089
16829	0.003182088453
16830	0.0004773069306
16831	0.004347468886
16832	0.007549643569
16833	0.003105188026
16834	0.008770732291
16835	0.00379168662
16836	0.02128812611
16837	0.005090210706
16838	0.01350342799
16839	0.002832807966
16840	0.004522196493
16841	0.001257370743
16842	0.003344793317
16843	0.0005756873646
16844	0.001334011199
16845	0.001336774519
16846	0.007523934179
16847	0.002008060575
16848	0.000896103221
16849	0.003926253192
16850	0.007777805561
16851	0.005987679859
16852	0.003716609453
16853	0.005215629522
16854	0.0001274887676
16855	0.001304385683
16856	0.006729637457
16857	0.0011085169
16858	0.002991121446
16859	0.006285455859
16860	0.004798121715
16861	0.0004094327582
16862	0.003295982312
16863	0.000758025364
16864	0.01562979819
16865	0.001364239798
16866	0.004172285564
16867	0.01638601074
16868	0.00648125825
16869	0.009993199971
16870	0.00467025269
16871	0.01735180822
16872	0.004351164013
16873	0.001555956606
16874	0.005103067487
16875	0.003941872819
16876	0.007886475142
16877	0.0004659120912
16878	0.01364192508
16879	0.001470632051
16880	0.01031731918
16881	0.003021053216
16882	0.01014712131
16883	0.002696239383
16884	0.008757242291
16885	0.001323532187
16886	0.003951047985
16887	0.003230224497
16888	0.0003785524857
16889	0.00309987631
16890	0.009699083117
16891	0.0007926778485
16892	0.008697623662
16893	0.0008726231879
16894	0.0001593490675
16895	0.003089286978
16896	0.004701357583
16897	0.01425441577
16898	0.0009230461946
16899	0.007281996535
16900	0.001971453851
16901	0.02002020551
16902	0.002426715906
16903	0.00455733315
16904	0.006587845952
16905	0.00167842542
16906	0.0005263470521
16907	0.002432914636
16908	0.001989450858
16909	0.007708136077
16910	0.005784491437
16911	0.007159372871
16912	0.01153555499
16913	0.01734578875
16914	0.009201944343
16915	0.00540273402
16916	0.005157726411
16917	0.0007027180746
16918	0.0006590584842
16919	0.0002205788094
16920	0.0103218391
16921	0.005272633382
16922	0.001598434116
16923	0.002492043929
16924	0.002448159275
16925	0.0005382816614
16926	0.003063759024
16927	0.003449836841
16928	0.004021610945
16929	0.005173469512
16930	0.0006582916366
16931	0.002191464742
16932	0.003382215207
16933	0.001456571081
16934	0.002004254235
16935	0.006813038122
16936	0.0005401171532
16937	0.0006475769515
16938	0.01664167134
16939	0.001514387874
16940	0.0004877624663
16941	0.002218413446
16942	0.000120572951
16943	0.001551202332
16944	0.00873956779
16945	0.002540659821
16946	0.002272857703
16947	0.001395702727
16948	0.005775992094
16949	0.0001659605455
16950	0.003937949605
16951	0.0008003553942
16952	0.001777860905
16953	0.005488601548
16954	0.004243461605
16955	0.001760293679
16956	0.004876601249
16957	0.002692721286
16958	0.01539946126
16959	0.005565667433
16960	0.001618579829
16961	0.0003844020201
16962	0.0005587827973
16963	0.007245307603
16964	0.0006076833776
16965	0.00184098816
16966	0.003890023471
16967	0.0004014938374
16968	0.001093507004
16969	0.004068797718
16970	0.002132887768
16971	0.002188523787
16972	0.0007236644242
16973	1.144997306e-05
16974	0.0001574401493
16975	0.01262401114
16976	0.0005583727059
16977	0.007639747219
16978	0.008731590656
16979	0.006622738309
16980	0.003107497549
16981	0.005935941308
16982	0.004706111444
16983	0.001020667014
16984	0.003175037744
16985	0.006206974231
16986	0.001298666462
16987	0.01659061535
16988	0.0005447567135
16989	0.00921798711
16990	0.001569367153
16991	0.001554517112
16992	0.005196815452
16993	0.0002978261108
16994	0.002441373927
16995	0.002476202251
16996	0.01262360119
16997	0.009055154459
16998	0.002358133876
16999	0.003455067667
17000	0.008332847719
17001	0.007203670508
17002	0.005357100782
17003	0.004354289308
17004	0.0100561043
17005	0.002030386128
17006	0.01020146976
17007	0.007461427255
17008	0.002624472457
17009	0.0002193917999
17010	0.00862512582
17011	0.005850548752
17012	0.006422031922
17013	0.0008015953675
17014	0.0007092622374
17015	0.0028852435
17016	0.01195484606
17017	0.005839233243
17018	0.003732265189
17019	0.00909391985
17020	0.003767598488
17021	0.0004934218424
17022	0.007499990719
17023	0.0007624215246
17024	0.003308640573
17025	0.005654805895
17026	0.0004446406315
17027	0.01079069759
17028	0.004774132713
17029	0.0009087788486
17030	2.972331031e-05
17031	0.0008628978081
17032	0.003506846907
17033	0.004620154612
17034	0.0002610749108
17035	0.004656596359
17036	0.01213970096
17037	0.01328103532
17038	0.003172366243
17039	0.003899719317
17040	0.0002731330966
17041	0.009167894956
17042	0.0016213871
17043	0.001949631714
17044	0.02317184609
17045	0.006019713278
17046	0.001078656653
17047	0.00162429523
17048	0.001391995219
17049	0.001437356537
17050	0.008874454576
17051	0.004401963127
17052	0.01507403923
17053	0.0008703816855
17054	0.00866376707
17055	0.0006645304742
17056	0.008413453684
17057	0.001639177793
17058	0.008827766344
17059	0.004798051599
17060	0.006614102612
17061	0.004007567907
17062	0.001171989203
17063	0.00054043035
17064	0.0006496322042
17065	0.0003618433157
17066	0.0003650819573
17067	0.003647680141
17068	0.001936780977
17069	0.006813146128
17070	0.001466663269
17071	0.007495618534
17072	0.0005505891466
17073	0.01112917099
17074	0.004217643713
17075	0.002476570341
17076	0.000911645201
17077	0.00399375385
17078	0.00034456454
17079	0.0127040652
17080	0.01026235721
17081	0.01144227241
17082	0.002740562464
17083	0.0004866259823
17084	4.083967955e-05
17085	5.162824464e-05
17086	0.001093241358
17087	0.003498529883
17088	0.0006132964725
17089	0.0005368459528
17090	0.002049642674
17091	0.002690098304
17092	0.00518746138
17093	0.004310455103
17094	0.004269054054
17095	0.003329893373
17096	0.00321911804
17097	0.0009413648413
17098	0.0007624502164
17099	0.00306329682
17100	0.0009414571369
17101	0.007548926911
17102	0.001906633722
17103	0.004382372262
17104	0.0005369956888
17105	0.001161886948
17106	0.0001651320264
17107	0.003020660783
17108	0.003138613074
17109	0.0001058892826
17110	0.004122414795
17111	0.0009115981219
17112	0.01276968853
17113	0.002470818551
17114	0.001236916887
17115	0.003183330578
17116	0.008443569815
17117	0.0008569973967
17118	0.001835718535
17119	0.001167758247
17120	0.006504820946
17121	0.0003502540889
17122	0.0003888983666
17123	0.003558605549
17124	0.003577694074
17125	0.001326419414
17126	0.005348427344
17127	0.008755306972
17128	0.002976707592
17129	0.01215373646
17130	0.008461039147
17131	0.01563969734
17132	0.0108699926
17133	0.001443742426
17134	0.007446926928
17135	0.003320917543
17136	0.0102643315
17137	0.0125207033
17138	0.003038348525
17139	0.001246323448
17140	0.002627073371
17141	0.007157049932
17142	0.006750431888
17143	0.01048827299
17144	0.0003169138266
17145	0.003394495936
17146	0.00745880615
17147	0.001904737005
17148	0.001013854596
17149	0.008145006043
17150	0.002734746469
17151	0.004501111072
17152	0.008783549322
17153	0.002898397661
17154	0.007618933652
17155	0.01614510718
17156	0.00200171079
17157	0.006847177062
17158	0.001635261541
17159	0.01014127103
17160	0.00646843346
17161	0.005493906846
17162	4.457806009e-06
17163	0.003022997121
17164	0.002293226475
17165	0.01066930343
17166	0.0007965004184
17167	0.003143778161
17168	0.001585682379
17169	0.001445283264
17170	0.008276483405
17171	0.004232434015
17172	0.00163533032
17173	0.002456997611
17174	0.001668310728
17175	0.0007944324206
17176	0.007734205163
17177	0.001962682223
17178	0.01236213996
17179	0.02005486485
17180	0.000263442249
17181	0.001202217506
17182	0.00150170906
17183	0.000450709028
17184	0.003074542459
17185	0.00218146268
17186	0.01416909761
17187	0.001726071532
17188	0.0003676083997
17189	0.01271843482
17190	0.002171571032
17191	0.001764991218
17192	0.0009343597891
17193	0.0003662042539
17194	0.005898696163
17195	0.00122719165
17196	0.006918067591
17197	0.0006999535294
17198	0.0006458142523
17199	0.0009829305012
17200	0.00605495403
17201	0.006339177735
17202	0.0024386326
17203	0.007316768292
17204	0.001127183482
17205	0.002381154607
17206	0.006893196342
17207	0.01372988162
17208	0.0007922670355
17209	0.002427588303
17210	0.0001073834605
17211	0.004609413465
17212	0.004050676691
17213	0.002170216526
17214	0.0001888608546
17215	0.008755242197
17216	0.001562547442
17217	0.001190593308
17218	0.001789073683
17219	0.003177710941
17220	0.002322275694
17221	0.001136165622
17222	0.001165018378
17223	0.0004364345028
17224	0.008426589784
17225	0.0003269140063
17226	0.01075755026
17227	0.002005180319
17228	0.002811552976
17229	0.002412532482
17230	0.005486117364
17231	0.002949595168
17232	0.006680459568
17233	0.0003520800664
17234	0.005263354633
17235	0.001732189275
17236	0.001167912464
17237	0.002517154703
17238	0.001354772721
17239	0.002342754713
17240	0.001563605166
17241	0.002261585398
17242	0.005627859046
17243	0.001340105719
17244	0.002826949147
17245	0.003728825075
17246	0.002987974805
17247	0.004850828887
17248	0.004848173562
17249	0.01400596951
17250	0.005602758323
17251	0.01056687503
17252	0.006043914006
17253	0.006851081655
17254	0.003682754486
17255	0.001892480649
17256	0.001454977048
17257	0.008581097906
17258	0.003127861158
17259	0.001003376667
17260	0.004888662688
17261	0.007528636341
17262	0.0009090599663
17263	0.001011999747
17264	2.970191501e-07
17265	0.004676465494
17266	0.006746144488
17267	9.479597414e-05
17268	0.01924519985
17269	0.0005340742719
17270	0.0001542660518
17271	0.006984788967
17272	0.00280122283
17273	0.0008963632915
17274	0.001014181731
17275	0.005171643477
17276	0.002302307844
17277	0.00367923614
17278	0.0001134239099
17279	0.0222664731
17280	0.004783347324
17281	0.0006467216501
17282	0.01008570501
17283	0.001631852064
17284	0.01337537779
17285	0.001261324922
17286	0.003028315858
17287	0.007239447254
17288	0.01369742165
17289	0.000731588562
17290	0.0007158670167
17291	0.007365029913
17292	0.003924111353
17293	0.002590550859
17294	0.006713946156
17295	9.795003339e-06
17296	0.002735077648
17297	0.0008505270604
17298	0.0007646650899
17299	0.00185425663
17300	1.166885557e-05
17301	0.001146777686
17302	0.001082036267
17303	0.0001519252717
17304	0.003497375023
17305	0.008161898641
17306	0.0003356709245
17307	0.002503902899
17308	0.0004450993654
17309	0.007406028211
17310	0.0003431744638
17311	0.005443397015
17312	0.007920969275
17313	5.620899251e-06
17314	0.0005776398762
17315	0.01548912049
17316	0.002543543495
17317	0.0004486200768
17318	0.000730995027
17319	0.00148096987
17320	0.0003375550514
17321	0.001526802839
17322	0.005026336904
17323	0.002052049863
17324	0.001305649042
17325	0.000638280232
17326	0.006724731583
17327	0.001246581651
17328	0.006986802066
17329	0.0005810693694
17330	0.003460521478
17331	0.003108795546
17332	0.0082187665
17333	0.0004283040465
17334	0.0002626803669
17335	0.007894701186
17336	0.007232452025
17337	0.002401218248
17338	0.0006328751945
17339	0.006611181315
17340	0.007723251935
17341	0.002120762952
17342	0.005713760073
17343	0.01282172169
17344	0.004892317871
17345	0.006846439085
17346	0.009757743612
17347	0.005664797844
17348	0.00907042301
17349	0.006315418795
17350	0.0001455748097
17351	0.003544314544
17352	0.006289114452
17353	0.01007026574
17354	0.004322119493
17355	0.0009526696705
17356	0.002412292708
17357	2.550024952e-05
17358	0.0006439783806
17359	0.001441102405
17360	0.001565199203
17361	0.007976459879
17362	0.0001578158246
17363	0.0129307798
17364	0.002400701105
17365	0.002846243533
17366	0.004903333626
17367	0.0004506780998
17368	0.0008054881275
17369	0.0005569392853
17370	0.003202036592
17371	0.0004551586929
17372	0.0007084176459
17373	0.005787316994
17374	0.001053821911
17375	0.001753219797
17376	0.00205178536
17377	0.0007464576785
17378	0.002200859513
17379	0.0008134700749
17380	0.001516459931
17381	0.001056822138
17382	0.0003713604906
17383	0.0004383326614
17384	0.0006487745019
17385	0.0004743878783
17386	0.0004625981759
17387	0.002254825928
17388	0.0006572879436
17389	0.004398545303
17390	0.003428075784
17391	0.002037349493
17392	0.005106775387
17393	0.00238386621
17394	0.0002430914749
17395	0.001705150317
17396	0.004177018848
17397	0.009359533941
17398	0.001338396846
17399	0.0008626734306
17400	0.0008465653195
17401	0.002125395622
17402	0.001457582085
17403	6.255161691e-05
17404	0.001219844011
17405	0.0006971077599
17406	0.00242954493
17407	0.002354163104
17408	0.00209409505
17409	0.001042897565
17410	0.001874509533
17411	0.003357230635
17412	0.01135035675
17413	0.01435811797
17414	0.001108515977
17415	0.007039312184
17416	0.0005726720217
17417	0.002725680443
17418	0.0115436434
17419	0.01151526483
17420	0.002658673409
17421	0.006248493634
17422	0.0008455521499
17423	0.0009578806855
17424	0.00286139542
17425	0.008658721316
17426	0.01142505903
17427	0.00412066416
17428	0.003320810243
17429	0.01294948804
17430	0.00294051283
17431	0.007766066737
17432	0.007809390091
17433	0.00604532311
17434	0.002842212363
17435	0.002449730832
17436	1.843685445e-05
17437	0.00606870706
17438	0.002662220491
17439	0.01076023951
17440	0.01235140773
17441	0.01503907789
17442	0.006657637385
17443	0.009664436793
17444	0.00510214924
17445	0.004786572608
17446	0.005483621893
17447	0.0009063053797
17448	0.001955683185
17449	0.01402521289
17450	0.002368471997
17451	0.01091434279
17452	0.007857433819
17453	0.004204460147
17454	0.006407102016
17455	0.007670496029
17456	0.01316073795
17457	0.006963522078
17458	0.005328687296
17459	0.00381096936
17460	0.0005767445041
17461	0.004843869786
17462	0.006400106131
17463	0.009119820773
17464	0.005435401987
17465	0.01304742828
17466	0.003597912237
17467	0.005591669428
17468	0.003993674109
17469	0.01196051842
17470	0.01037955136
17471	0.004480931049
17472	0.00675145514
17473	0.004646981915
17474	0.01097156044
17475	0.001189594948
17476	0.01329473651
17477	0.005262787512
17478	0.000523367773
17479	0.002309501012
17480	0.01314833743
17481	0.00889773031
17482	0.004320008452
17483	0.002078478236
17484	0.002130485048
17485	0.005081590295
17486	7.730576421e-05
17487	0.01227720495
17488	0.02356068955
17489	0.01061673736
17490	0.01500751167
17491	0.009445715709
17492	0.01723808688
17493	0.01485660816
17494	0.0117027997
17495	0.006865503837
17496	0.002893067554
17497	0.006792721298
17498	0.01387191381
17499	0.003752952281
17500	0
17501	0.01189471824
17502	7.317617627e-05
17503	0.01278290478
17504	0.00342131283
17505	0.0007308187751
17506	0.008514337389
17507	0.004105616037
17508	0.009849469323
17509	0.005428942672
17510	0.0009464737827
17511	0.000194975203
17512	0.003535956694
17513	0.006326313345
17514	0.002790707321
17515	0.001696734552
17516	0.002106133135
17517	0.003289825815
17518	0.001912304598
17519	0.003175715562
17520	5.985678128e-05
17521	0.0009527923051
17522	0.005137662904
17523	0.007277045687
17524	0.00246303354
17525	0.001176711091
17526	0.006632208391
17527	0.005066666123
17528	0.0007106058883
17529	0.006963250178
17530	0.006508303392
17531	0.006742407635
17532	0.001813398877
17533	0.002233683616
17534	0.0008584121137
17535	0.0003229600289
17536	0.00110422826
17537	8.079338397e-05
17538	0.0007693331634
17539	0.001283107812
17540	0.004695151239
17541	0.000289283562
17542	0.001839977726
17543	0.001116321806
17544	0.008949632594
17545	0.005621299271
17546	0.00346082937
17547	0.001469940243
17548	0.01041273275
17549	0.0007322767797
17550	0.004058993326
17551	0.002533678208
17552	0.001201628962
17553	0.008270306186
17554	0.0009178422643
17555	0.006077752273
17556	0.00141416657
17557	0.000276714087
17558	0.003433383107
17559	0.001009249365
17560	0.002993901263
17561	0.006842980563
17562	0.002201039034
17563	0.008685588189
17564	0.002117788251
17565	0.001212667143
17566	0.002129030118
17567	0.001482571503
17568	0.0008918223736
17569	0.003704604289
17570	0.001352916728
17571	0.008122684385
17572	0.001712163235
17573	0.007502935062
17574	0.0138036199
17575	0.002234654889
17576	0.009639187691
17577	0.0105494484
17578	0.008882701545
17579	0.001582542117
17580	0.02169420352
17581	0.003086951183
17582	0.001678628201
17583	0.00515359185
17584	0.01233103516
17585	0.008816644208
17586	0.0004216371061
17587	0.001799544057
17588	0.006665778185
17589	0.001320889709
17590	0.001001304543
17591	0.0004976041807
17592	0.002720338464
17593	0.004999679777
17594	0.003551237227
17595	0.006056991211
17596	0.01206327284
17597	0.008205613263
17598	0
17599	0.001334364051
17600	0.0004723234243
17601	0.008648858009
17602	0.002459341318
17603	0.02629807998
17604	0.01203990546
17605	0.003025110883
17606	1.548187416e-05
17607	0.001981969457
17608	0.003327327711
17609	0.004681070937
17610	0.007433625996
17611	0.007032040897
17612	0.007817644328
17613	0.002029873234
17614	0.003144179291
17615	0.0005250308976
17616	0.002984261571
17617	0.004730148822
17618	0.0085275773
17619	0.001584235506
17620	0.01838152454
17621	0.001979791369
17622	0.001344192159
17623	0.003653921445
17624	6.615176878e-05
17625	0.0002193227025
17626	0.0009166591494
17627	0.01008347549
17628	0.02075478561
17629	0.01408228011
17630	0.005120962707
17631	0.003886499569
17632	0.003554756803
17633	0.001774055592
17634	0.005379112166
17635	0.008854486318
17636	0.001766431788
17637	0.001551849912
17638	0.004520477531
17639	0.002690812387
17640	0.01102157979
17641	0.0008546906895
17642	0.0006449410492
17643	0.001970802645
17644	0.002817750818
17645	0.008646635285
17646	0.002063912071
17647	0.01205917432
17648	0.001323932921
17649	0.0007108566741
17650	0.009359859232
17651	0.01393521611
17652	0.02042604401
17653	0.007351484892
17654	0.02005826917
17655	0.001541162474
17656	0.001251767231
17657	0.001488776109
17658	0.004437239006
17659	0.005044960485
17660	7.803488039e-05
17661	0.00161706958
17662	0.01153184
17663	0.005915443891
17664	0.0002868838807
17665	0.01282161629
17666	0.008954018101
17667	0.00364035165
17668	0.006273253824
17669	0.0016583133
17670	0.004915250387
17671	0.001026041528
17672	0.003714418502
17673	0.00473882855
17674	0.009420394562
17675	0.003580379184
17676	0.004411626789
17677	0.01106237398
17678	0.001088020239
17679	0.0004373406731
17680	0.001179236387
17681	0.007043780732
17682	0.0003401664253
17683	0.003955992686
17684	0.004709032568
17685	0.001590137468
17686	0.0002609831923
17687	0.006174001466
17688	5.97131939e-05
17689	0.001273671475
17690	0.005259341439
17691	0.002934612826
17692	0.001567302419
17693	0.01848279487
17694	0.008298674121
17695	0.001181170231
17696	0.02220977628
17697	0.004339818019
17698	0.007490801499
17699	0.0009649055044
17700	0.00399532992
17701	0.00470240982
17702	0.006585399919
17703	0.004067903856
17704	0.003826911011
17705	0.007300090712
17706	0.00332364808
17707	8.409213873e-05
17708	0.008104429764
17709	0.005625115574
17710	0.003819795004
17711	0.002065600349
17712	0.002244478882
17713	0.002002641266
17714	0.01700697378
17715	0.001968338081
17716	0.007565709059
17717	0.005653928502
17718	0.005717003262
17719	0.0002365254034
17720	0.004807731564
17721	0.006779636912
17722	9.404388841e-05
17723	0.009158550206
17724	0.0007989008997
17725	0.01709339596
17726	0.002082516693
17727	0.004982237907
17728	0.01226058681
17729	0.001206862801
17730	0.008074827635
17731	0.0005707578141
17732	0.001962860672
17733	0.00174758221
17734	0.002962074408
17735	0.002321076911
17736	0.004310772741
17737	0.005654084992
17738	0.0007210468273
17739	0.002168862061
17740	0.009948231463
17741	0.005780956679
17742	0.01228401799
17743	0.00624969676
17744	0.01451635679
17745	0.006535701451
17746	0.004764628685
17747	0.0008705063274
17748	0.002852794831
17749	0.0003329066435
17750	7.641047955e-05
17751	0.001818572383
17752	0.002421720511
17753	0.003381799275
17754	0.005211246745
17755	0.002331032544
17756	1.123636899e-06
17757	0.01457419783
17758	0.002973372747
17759	0.001113520616
17760	0.01244281992
17761	0.008718507701
17762	0.003457935978
17763	0.01309501889
17764	0.001979568459
17765	0.003100123771
17766	0.0009306020408
17767	0.01086299531
17768	0.0009638668716
17769	0.003224495177
17770	0.002185946886
17771	0.003448305446
17772	0.00807505308
17773	0.002217839958
17774	0.000945813712
17775	0.001504201459
17776	0.0001873641463
17777	0.0005358655863
17778	0.0007514597144
17779	0.004414347958
17780	0.01554467848
17781	0.01257910021
17782	0.005886308884
17783	0.004392028886
17784	0.006314448995
17785	0.002454923383
17786	0.004572677321
17787	0.0003452432581
17788	0.008093671525
17789	0.001180410163
17790	0.003655182728
17791	0.01166714829
17792	0.002497940555
17793	0.01713878316
17794	0.01420285753
17795	0.007110664743
17796	0.0004354310353
17797	0.000158340528
17798	0.00046414293
17799	0.001619375022
17800	0.0009228112985
17801	5.662184496e-05
17802	0.006089006029
17803	0.006609092484
17804	0.003670830473
17805	0.003570436953
17806	0.008883104108
17807	0.0002542723574
17808	6.603958615e-05
17809	0.004405021894
17810	0.01127392023
17811	0.01045412302
17812	0.007256380284
17813	0.002860833332
17814	0.01381814528
17815	0.003660274996
17816	0.01100829667
17817	0.01656550657
17818	0.008310105675
17819	0.005069587003
17820	0.01841879511
17821	0.0004296870822
17822	0.0001026031205
17823	0.001855615858
17824	0.002471717407
17825	0.007521095361
17826	0.002257497695
17827	0.01730839408
17828	0.001752422151
17829	0.002287432406
17830	0.001980677197
17831	0.004522828018
17832	0.0001941950642
17833	0.008844482792
17834	0.0001987902367
17835	0.007077637287
17836	0.01123420644
17837	0.001086997239
17838	0.001313425741
17839	0.01698852051
17840	0.01343919739
17841	0.004365416513
17842	0.004965589136
17843	0.001515229546
17844	0.0001211789796
17845	0.0002784788316
17846	0.001946753149
17847	0.007460962572
17848	0.01426249925
17849	0.01006943453
17850	0.003727134787
17851	0.008399641263
17852	0.00692350398
17853	0.02046667639
17854	0.00428057424
17855	0.008653627036
17856	0.0009196048144
17857	0.008064056151
17858	0.003782548817
17859	0.001346377202
17860	0.001115314068
17861	0.01873722442
17862	0.01017033734
17863	0.003758103339
17864	0.00473659724
17865	0.005664966792
17866	0.00401312418
17867	0.004066030361
17868	0.01269602695
17869	0.007228161958
17870	0.01203495739
17871	0.001591151817
17872	0.00067172239
17873	0.01809980007
17874	0.007019160732
17875	0.00188112239
17876	0.001628217848
17877	0.001570820025
17878	0.00123862638
17879	0.002082708224
17880	0.0001867855814
17881	0.0008559156736
17882	0.00112558375
17883	0.001209814469
17884	0.001466154441
17885	0.001107635871
17886	0.00910810225
17887	0.002417605541
17888	0.0003071708582
17889	0.0001817220403
17890	0.0001007313645
17891	0.001278855122
17892	0.01786775805
17893	0.01096470516
17894	0.00600877883
17895	0.003918750336
17896	0.01876272824
17897	0.008837310594
17898	0.01020896819
17899	0.00440104653
17900	0.001429726341
17901	0.005024641353
17902	0.006412740889
17903	0.0009872261412
17904	0.004795790765
17905	0.003738530991
17906	3.229832162e-05
17907	0.01122951339
17908	0.005522951515
17909	0.001455355248
17910	0.01095379175
17911	0.003932721308
17912	0.007518656694
17913	0.001714969273
17914	0.001744205289
17915	0.00110308098
17916	0.005968399572
17917	0.0009265130631
17918	0.000477436377
17919	0.0007962535095
17920	0.0001962122276
17921	0.01230301793
17922	0.004696735138
17923	0.008646776812
17924	0.0176942907
17925	0.002375628258
17926	0.001287503588
17927	0.0004304994985
17928	0.008440483877
17929	0.003938536701
17930	0.003638618111
17931	0.001237293549
17932	0.007701029757
17933	0.002502433849
17934	0.001016126998
17935	0.00169054504
17936	0.009065870063
17937	0.01230241429
17938	0.018144693
17939	0.001197779276
17940	0.01865124838
17941	0.01123980316
17942	0.006359788643
17943	0.0002840649494
17944	0.0004162927406
17945	0.003110496359
17946	0.001375875186
17947	0.01160566031
17948	0.00808225266
17949	0.0009765179532
17950	0.01316555954
17951	0.01765297346
17952	0.005417967531
17953	0.004322610952
17954	0.001036825613
17955	0.001910744929
17956	0.02423809617
17957	0.004451877546
17958	0.0157307627
17959	0.002933295381
17960	0.0003942554401
17961	0.003464726322
17962	0.001161427287
17963	0.001042189209
17964	0.006022819183
17965	0.00468743615
17966	0.0002145486687
17967	0.00482225218
17968	0.00189619069
17969	0.0003269669889
17970	0.001262860709
17971	0.006652905925
17972	0.001487255643
17973	0.004917082979
17974	0.02143872105
17975	0.01814199113
17976	0.001843649614
17977	0.0130663361
17978	0.006208685932
17979	0.00213131617
17980	0.0005649496941
17981	0.001356959432
17982	0.0003138417699
17983	0.002767815984
17984	0.0006279744883
17985	0.005821739731
17986	0.002421728376
17987	0.001186586426
17988	0.0004723566455
17989	0.006799877695
17990	0.001901871234
17991	0.01587659714
17992	0.005058547081
17993	0.004930864766
17994	0.005646584606
17995	0.01182001118
17996	0.004796435499
17997	0.00127625565
17998	0.00434648716
17999	0.001495484896
18000	0.001837069657
18001	0.0003567652729
18002	0.002253482602
18003	0.001039681854
18004	0.005427569097
18005	0.003524246083
18006	0.01271265611
18007	0.01602393304
18008	0.00497639979
18009	0.008632499678
18010	0.01841843912
18011	0.0009807887864
18012	0.001500674153
18013	0.002219707716
18014	0.008911256988
18015	0.0009068040402
18016	0.001524147414
18017	0.001066949253
18018	0.009608264708
18019	0.003452327257
18020	0.002348191024
18021	0.006092887977
18022	0.007992323684
18023	0.001321170272
18024	0.003096552331
18025	0.006287269081
18026	0.0008603590641
18027	0.01053149478
18028	0.01909350086
18029	0.0005173104379
18030	0.008250669575
18031	0.01201377639
18032	0.006193980177
18033	0.002827762649
18034	0.001957072733
18035	0.0115580377
18036	0.0004225975111
18037	0.001552951375
18038	0.002988280869
18039	0.01139734561
18040	0.01217430232
18041	0.0007067672489
18042	0.003709766089
18043	0.007526613514
18044	0.0006611716509
18045	0.003923527477
18046	0.0007007694666
18047	0.006410485051
18048	0.006569575645
18049	0.004164166631
18050	0.008226224725
18051	0.008845993852
18052	0.01506130512
18053	0.003805221896
18054	0.009429228026
18055	0.003708522523
18056	0.001920903957
18057	0.005588904991
18058	0.006524917307
18059	0.009933325397
18060	0.006989925119
18061	0.002703343428
18062	0.01047706587
18063	0.0005498566024
18064	0.01366413294
18065	0.005574812841
18066	0.01543206516
18067	0.002471669956
18068	0.001841874579
18069	0.006028574682
18070	0.01074165352
18071	0.004052231187
18072	0.01763164588
18073	0.001409785559
18074	0.002169090706
18075	0.01219484344
18076	0.003845878827
18077	0.01121937592
18078	0.00133677953
18079	0.007556623878
18080	0.001287623392
18081	0.01054422528
18082	0.00128832822
18083	0.007814333716
18084	0.00200448462
18085	0.001953034172
18086	0.001970297452
18087	0.005325565434
18088	0.000994247529
18089	0.002239398251
18090	0.001916818178
18091	0.0009447279297
18092	0.006301683756
18093	0.003929596666
18094	0.001884119765
18095	0.004824677175
18096	0.006611632265
18097	0.001320365518
18098	0.001340899546
18099	0.01149817251
18100	9.861817247e-06
18101	0.001654225526
18102	0.007866003306
18103	0.0109695607
18104	0.01049176148
18105	0.009382392125
18106	0.004511813024
18107	0.001043726855
18108	0.005411814629
18109	0.002977919565
18110	0.007046709367
18111	0.001671060439
18112	0.01163278005
18113	0.004119709867
18114	0.007093642568
18115	0.00257083398
18116	0.00289186107
18117	0.0007843766255
18118	0.004377766124
18119	0.00252713897
18120	0.001074032609
18121	0.0009562636473
18122	0.0004698195381
18123	0.003556493794
18124	0.004364389061
18125	0.02255203852
18126	0.007132585349
18127	0.0005750484944
18128	0.01356304477
18129	3.0288494e-05
18130	0.006668145626
18131	0.001037729904
18132	0.007990576714
18133	0.003576546001
18134	0.004443215411
18135	0.005642278937
18136	0.0009060010362
18137	0.01179396117
18138	0.001125727937
18139	0.00614627593
18140	0.000698890424
18141	2.178015446e-05
18142	0.0008187986066
18143	0.002960730821
18144	0.0002735774182
18145	0.005625868154
18146	0.001423277048
18147	0.005545722523
18148	0.002980162421
18149	0.007867812728
18150	0.001315201911
18151	0.0004221339607
18152	0.0006450436481
18153	0.004337386733
18154	0.004628994287
18155	0.001312890499
18156	0.0003659275759
18157	1.90810637e-05
18158	0.01476678974
18159	0.007603679059
18160	0.01104374147
18161	0.0003374933323
18162	0.004471241424
18163	0.00739452509
18164	2.617657817e-05
18165	0.005949312375
18166	0.000703615367
18167	0.001347902288
18168	6.633380516e-05
18169	0.002663312804
18170	0.000703455008
18171	0.01093021099
18172	0.003985834846
18173	0.0009441615372
18174	0.008859752959
18175	0.001581744069
18176	0.008771517237
18177	0.003083468503
18178	0.005734729178
18179	0.003352197364
18180	0.002009749525
18181	0.0003027068223
18182	0.003445277716
18183	0.01194100799
18184	0.003187286117
18185	0.004152411787
18186	0.001896958458
18187	0.004734495981
18188	0.007969985263
18189	0.005317412316
18190	0.0005896477597
18191	0.0001780819631
18192	0.003600455257
18193	0.002960668093
18194	0.01197111653
18195	3.811689736e-05
18196	0.007245748072
18197	0.002120828326
18198	0.002353415655
18199	0.002816109007
18200	0.0004261670194
18201	0.0009062150265
18202	0.005671531075
18203	0.007871669429
18204	0.00177098262
18205	0.001410599589
18206	0.0009723193197
18207	0.004053681949
18208	0.0008183247221
18209	0.0002835716515
18210	0.0007722754319
18211	0.001428793638
18212	0.005903127088
18213	0.001089257876
18214	0.002060014247
18215	0.003394824803
18216	0.001511742452
18217	0.0008605077006
18218	0.007783403059
18219	0.003515583369
18220	0.002540371592
18221	0.001373966487
18222	0.005331125277
18223	0.001489903577
18224	0.001571787839
18225	0.002567533962
18226	0.01456957257
18227	0.002717674412
18228	0.00740794106
18229	0.0003498922837
18230	0.001818795034
18231	9.650498394e-05
18232	0.003865917016
18233	0.004894979089
18234	0.001156698249
18235	0.002773883744
18236	0.0006062512502
18237	0.009232230486
18238	0.01539429154
18239	0.00613017688
18240	0.0039359724
18241	0.001399101861
18242	0.00331080338
18243	0.001229104295
18244	0.001879337449
18245	0.0001265878893
18246	0.000217139341
18247	0.004958506994
18248	0.0009508658559
18249	0.002128735643
18250	0.0013153216
18251	0.005167343055
18252	0.01163511146
18253	0.0004050892398
18254	0.0004272381521
18255	0.009090445296
18256	0.007767265291
18257	0.0007619280585
18258	0.0009774705018
18259	0.00340952542
18260	0.008624002831
18261	0.0007489589712
18262	0.0007389414616
18263	0.001174062689
18264	0.0005207326706
18265	0.00308534983
18266	0.002553427612
18267	0.0003423702212
18268	0.001243173514
18269	0.0008825160211
18270	0.001430274401
18271	0.003361554872
18272	0.00826484842
18273	0.006267230772
18274	0.003197342766
18275	0.007116452169
18276	0.00824156935
18277	0.0002854326692
18278	0.002766288686
18279	0.0001857666968
18280	0.0001756060355
18281	0.00273146252
18282	0.01296283059
18283	0.003233194661
18284	0.001935648922
18285	4.794354213e-05
18286	0.01219411632
18287	0.0006743584018
18288	0.002116174797
18289	0.01558410305
18290	0.002469214541
18291	0.003509005813
18292	0.002506899613
18293	0.01177036287
18294	0.01193916969
18295	0.01078424821
18296	2.51250404e-05
18297	0.01938800054
18298	0.00102817238
18299	0.000239376171
18300	0.003710599558
18301	0.005097075694
18302	0.0006253738958
18303	0.005893036333
18304	0.007266582961
18305	0.00672416863
18306	0.003753547677
18307	0.000558154027
18308	0.01045941881
18309	0.005869815957
18310	0.0004394663579
18311	0.01564173284
18312	0.0006550950631
18313	0.0005392252313
18314	0.002234429387
18315	0.01150135739
18316	0.007763997363
18317	0.007394334779
18318	0.006727052807
18319	0.001151164224
18320	0.003283901303
18321	0.01084170602
18322	0.004623133906
18323	0.01323753202
18324	0.001743934102
18325	0.003780271119
18326	0.004388633032
18327	0.0005375838326
18328	0.005170761773
18329	0.000994062496
18330	0.009864479226
18331	0.00148840559
18332	0.00201593716
18333	0.01074118884
18334	0.002687423779
18335	0.0002103715916
18336	0.004735221844
18337	0.002315545732
18338	0.009606892551
18339	0.001167922068
18340	0.003237607405
18341	0.0196032482
18342	0.001243977667
18343	0.00744514088
18344	0.002173670886
18345	0.0192776154
18346	0.01376770717
18347	0.001040042385
18348	0.006707964247
18349	0.01532071993
18350	0.006614134906
18351	0.002750557256
18352	0.007466362757
18353	0.001130585078
18354	0.005865553561
18355	0.006379553009
18356	0.003093661428
18357	0.003831367309
18358	0.001991499399
18359	0.001885437705
18360	0.003752779529
18361	7.710227598e-05
18362	0.002601287623
18363	0.00973682649
18364	0.0006173511079
18365	0.0002076377363
18366	0.0001425105
18367	0.01341250759
18368	0.01194672159
18369	0.0001191482749
18370	0.0005970952908
18371	0.00414118895
18372	0.001156268749
18373	0.001286010934
18374	0.006006763862
18375	0.007056379175
18376	0.003454831623
18377	0.002842564771
18378	0.009047529415
18379	0.0001857903842
18380	0.0005407558265
18381	0.0004516885896
18382	0.0005495146612
18383	0.0001064959433
18384	0.01026014469
18385	0.008317285972
18386	0.001563150977
18387	0.003122454387
18388	0.009766657016
18389	0.001116931209
18390	0.00610623988
18391	0.006711125145
18392	0.008618693164
18393	0.007890113547
18394	0.0005793470536
18395	0.006654721496
18396	0.009753285212
18397	0.001906595362
18398	0.0007913577263
18399	0.01565794376
18400	5.212212576e-05
18401	0.000112589795
18402	0.003017413631
18403	0.003049609202
18404	0.003898240913
18405	0.003212746293
18406	0.001508420789
18407	0.001284785945
18408	0.000159025423
18409	0.002400287991
18410	0.01741220422
18411	0.005280539855
18412	0.003135523082
18413	0.0004963559643
18414	0.003660987115
18415	0.002135069291
18416	0.001729298534
18417	0.001899326338
18418	1.472727397e-05
18419	0.001060077653
18420	0.0007288224555
18421	0.00612514678
18422	0.0008061795246
18423	0.005064916651
18424	0.01529273742
18425	0.0001856684048
18426	0.005995482634
18427	0.004298059309
18428	0.008953122657
18429	0.004751341304
18430	0.0001664912081
18431	0.003243043488
18432	0.007834291388
18433	0.002189433946
18434	0.01186581985
18435	0.005175316423
18436	0.01463902999
18437	0.001042415401
18438	0.0003045729024
18439	0.003143101578
18440	6.893848211e-05
18441	0.0008577200786
18442	0.0009477248032
18443	0.01212979896
18444	0.002679845286
18445	0.006250630008
18446	0.0006556207732
18447	1.950250336e-05
18448	0.002178308648
18449	0.01705151095
18450	0.007533298587
18451	0.006954724847
18452	0.004814546206
18453	0.005023799572
18454	0.004325999007
18455	0.007051555917
18456	0.0015467987
18457	0.007964678569
18458	0.004988881832
18459	0.000756695909
18460	0.001252656949
18461	0.0009426894249
18462	0.002858977961
18463	0.01618771015
18464	0.007545752889
18465	0.001152420003
18466	0.00649598864
18467	0.01810101586
18468	0.00635749715
18469	0.003137171603
18470	0.008618735113
18471	0.002369005602
18472	0.001081167292
18473	0.0004731402095
18474	0.0005213790031
18475	0.002667861483
18476	0.0002495059997
18477	0.003619871568
18478	0.005745923137
18479	0.004767728367
18480	0.001665424408
18481	0.001389449002
18482	0.00438823813
18483	0.01197262197
18484	0.00731194946
18485	0.0004776419629
18486	0.0006342859122
18487	0.006083704982
18488	0.001003720607
18489	0.007701068174
18490	0.00272489049
18491	0.002669330504
18492	0.003008020173
18493	0.008921091727
18494	0.008176361289
18495	0.01383961489
18496	0.0005044182346
18497	0.0003514003667
18498	0.001759695135
18499	0.0002870585913
18500	0.006556536525
18501	0.0006568778664
18502	0.001747634154
18503	0.001267544979
18504	0.003030769109
18505	0.0001046663568
18506	0.00741257746
18507	0.006461729434
18508	0.00150851302
18509	0.0006097655763
18510	0.01334522924
18511	0.005381573892
18512	0.002981855159
18513	0.01033066449
18514	0.008321749668
18515	0.002814634119
18516	0.003230741732
18517	0.001719245409
18518	0.007693840975
18519	0.006265331469
18520	0.01193286183
18521	0.007645748451
18522	0.009353147805
18523	0.0008476565738
18524	0.006264624952
18525	0.01060107091
18526	0.02488090502
18527	0.01632262058
18528	0.01863884796
18529	0.002239948733
18530	0.001548186644
18531	0.01133325914
18532	0.009051941348
18533	0.0004611793434
18534	0.004872824844
18535	0.01907413177
18536	0.005640305169
18537	0.00165295923
18538	0.001135913569
18539	0.0009524129624
18540	0.004166327148
18541	0.005105435232
18542	0.001975911719
18543	0.002344966161
18544	0.01784930599
18545	0.004474784722
18546	0.005972492367
18547	0.002918129943
18548	0.004001187058
18549	0.0008183887348
18550	0.001473213494
18551	0.00174565586
18552	0.01631728867
18553	0.0009712472825
18554	0.02020891621
18555	0.006999087019
18556	0.0006072889276
18557	0.01134485009
18558	0.001406197071
18559	0.005285266714
18560	0.002643670055
18561	0.009633758002
18562	0.00393893451
18563	0.002411313833
18564	0.0005363882861
18565	0.001374844646
18566	4.641352265e-05
18567	6.406783309e-05
18568	0.002797186507
18569	0.001320668961
18570	0.004324450576
18571	0.001413916191
18572	0.004074735517
18573	0.007963803633
18574	0.01369647477
18575	0.006341860058
18576	0.00316503544
18577	0.000331812302
18578	0.0006494297307
18579	0.005564457691
18580	0.002878954953
18581	0.002470105237
18582	0.0202409122
18583	0.01663275412
18584	0.002588811313
18585	0.01199759122
18586	0.002474147487
18587	0.01606753973
18588	0.01243224094
18589	0.02613272989
18590	0.0144265676
18591	0.009000185811
18592	0.007613893875
18593	0.002128721012
18594	0.001936418915
18595	0.01746977805
18596	0.01313635614
18597	0.001224741491
18598	0.006717615045
18599	0.002289597837
18600	0.008539658543
18601	0.01097324344
18602	0.01100822495
18603	0.01255769672
18604	0.004287627406
18605	0.0005894757908
18606	0.004118918176
18607	0.01023432912
18608	0.0003378671576
18609	0.001910378521
18610	0.01204528213
18611	0.002554212679
18612	0.02438716748
18613	0.007764481164
18614	0.007648797274
18615	0.004434617191
18616	0.001939566666
18617	0.0007651270571
18618	0.0009561161941
18619	0.002924224282
18620	0.008210782438
18621	0.0003128270199
18622	0.003356867849
18623	0.005868621528
18624	0.01477703461
18625	0.01143791783
18626	0.0004434553492
18627	0.004040371902
18628	0.002658263789
18629	0.02598392951
18630	0.008802035415
18631	0.003750841341
18632	0.0135761188
18633	0.00202103901
18634	0.0003676314697
18635	0.005831188065
18636	0.007598824823
18637	0.00665422885
18638	0.007738479964
18639	0.0005920624918
18640	0.005151277631
18641	0.01138260098
18642	0.007873327185
18643	0.007311180014
18644	0.001893028646
18645	0.006391750248
18646	0.0005854649476
18647	0.004070773361
18648	0.008095248469
18649	0.006194343815
18650	0.004499491247
18651	0.009348246735
18652	0.006770285834
18653	0.002978874505
18654	0.001819801098
18655	0.001622174002
18656	0.003076891281
18657	0.00409478076
18658	0.003457215389
18659	0.009402999271
18660	0.009174021271
18661	0.008912024334
18662	0.0007140088258
18663	0.003001665374
18664	0.002053263566
18665	1.493124312e-05
18666	0.01790311019
18667	0.003248029869
18668	0.00483784373
18669	0.007996923609
18670	0.003522540772
18671	0.01666359406
18672	0.001863079127
18673	0.004269683863
18674	0.001018268207
18675	0.01099062339
18676	0.008983754075
18677	0.005751773114
18678	2.479942962e-05
18679	0.006548038161
18680	0.001199776594
18681	0.008882488989
18682	0.0005833441528
18683	0.01473273909
18684	0.0003976642726
18685	0.0006773592632
18686	0.003480954941
18687	0.0004294419991
18688	0.006555575292
18689	0.008462291186
18690	0.001515917566
18691	0.001898669301
18692	0.003748031534
18693	0.003180219348
18694	0.002043685996
18695	0.002045166015
18696	0.002304735556
18697	0.01044153259
18698	0.003911544058
18699	0.01456371322
18700	0.00648267911
18701	0.008526961377
18702	0.003001822045
18703	0.00507954757
18704	1.326958434e-05
18705	0.003829708679
18706	0.003372039115
18707	0.002303031554
18708	0.003816969767
18709	0.0004162249918
18710	0.001503393174
18711	0.002850060112
18712	0.01323770633
18713	0.002223039696
18714	0.01584074425
18715	0.002831600064
18716	0.01106144376
18717	0.004904478463
18718	0.001722452626
18719	0.005440776758
18720	0.0001256412282
18721	0.0006919109119
18722	0.0015226219
18723	0.0005907860711
18724	0.002552805119
18725	0.002937814915
18726	0.002744069036
18727	0.006225980809
18728	0.003237936766
18729	0.004116450251
18730	0.0005188084164
18731	0.00338331579
18732	0.003217200476
18733	0.01418730148
18734	0.00975577561
18735	0.0004856126324
18736	0.006397530727
18737	0.0004266363235
18738	0.0210622053
18739	0.006466415524
18740	0.01610339521
18741	0.02312866134
18742	0.02124328744
18743	0.01047159164
18744	0.01897375467
18745	0.01024807441
18746	0.002936265478
18747	0.001039211356
18748	0.01551428852
18749	0.007883989324
18750	0.02397592791
18751	0.001905736404
18752	0.01298225067
18753	0.0003141023625
18754	0.005427874853
18755	0.001980995848
18756	0.0007194738995
18757	0.007257516398
18758	0.006083537578
18759	0.001126022638
18760	0.01407494331
18761	0.0008528061918
18762	0.001916585916
18763	0.0003791277789
18764	0.001025331954
18765	0.0001608934728
18766	0.0009551788066
18767	0.000513760751
18768	0.0005348308006
18769	5.298432041e-05
18770	0.009287936025
18771	0.003177935055
18772	0.003102968188
18773	0.001578187973
18774	0.004383976865
18775	0.0001409208965
18776	0.0007041591453
18777	0.0009449801252
18778	0.00881081328
18779	0.009344323728
18780	0.0006247512393
18781	0.001476657641
18782	0.003912837392
18783	0.001335237502
18784	0.001595978287
18785	0.0125353356
18786	0.006493305333
18787	0.003260803211
18788	0.002790632193
18789	0.003747571325
18790	0.0006299334358
18791	0.007043776764
18792	0.01058274588
18793	0.001833803713
18794	0.002645285412
18795	0.002156048204
18796	0.002122092919
18797	0.008420474931
18798	0.0008433446168
18799	0.002468662509
18800	0.006048748612
18801	0.0007788084486
18802	0.004327541762
18803	0.001161820626
18804	0.0008755130869
18805	5.843800913e-05
18806	0.001802740283
18807	0.002698476292
18808	0.00797381887
18809	0.0007735630802
18810	0.003771765538
18811	0.001932181623
18812	4.024233172e-05
18813	0.004056966334
18814	0.002430635754
18815	0.0006987188088
18816	0.001092564198
18817	5.558881135e-06
18818	0.0001758557741
18819	0.0007740641786
18820	0.0002393057575
18821	0.01380697527
18822	0.0005996511485
18823	0.003431450624
18824	0.007638254503
18825	0.01691331764
18826	0.002312821262
18827	0.004562272041
18828	0.003831930095
18829	0.001133372753
18830	0.001355638147
18831	0.008784196056
18832	0.004498416015
18833	0.00381289745
18834	0.004220987749
18835	0.001817621858
18836	0.008618435492
18837	0.005880435124
18838	0.005712263251
18839	0.001435698448
18840	0.01446570176
18841	0.006117548662
18842	0.01811890024
18843	0.00432970007
18844	0.01199755515
18845	0.003310372748
18846	0.001092591916
18847	0.00272995923
18848	0.01427699583
18849	0.002455293299
18850	0.01125994734
18851	0.003104613981
18852	0.01886737568
18853	0.007623431875
18854	0.008159074473
18855	0.004046091825
18856	0.01358406844
18857	0.02012746736
18858	0.01006619743
18859	0.001622925271
18860	0.006314250248
18861	0.004572600864
18862	0.0005727382214
18863	0.009684027696
18864	0.003074343455
18865	0.007342682371
18866	0.01054838321
18867	0.007194261455
18868	0.0002072767292
18869	0.004113664197
18870	0.006544929275
18871	0.01111515601
18872	0.001463783307
18873	0.002980212952
18874	0.01259450813
18875	0.01088277161
18876	0.005743888569
18877	0.0002069617794
18878	0.001620782256
18879	0.007283295618
18880	0.003435225389
18881	0.01297229691
18882	0.004863348101
18883	0.01519106734
18884	0.01219044312
18885	0.01135100564
18886	0.004406288305
18887	0.003098171935
18888	0.01602441306
18889	0.007133718202
18890	0.01132310309
18891	0.003886615166
18892	0.001456936822
18893	0.005035293893
18894	0.005000011962
18895	0.01220501389
18896	0.003902586875
18897	0.01111814374
18898	0.006531699163
18899	0.004750399307
18900	0.01511230212
18901	0.01340582455
18902	0.006526537067
18903	0.001230517395
18904	0.01298858689
18905	0.002172454126
18906	0.005417373816
18907	0.002618219209
18908	0.01069118869
18909	0.01561814918
18910	0.009534580294
18911	0.002657139808
18912	0.01129028856
18913	0.008820708337
18914	0.0009552567757
18915	0.01236317994
18916	0.002488388951
18917	0.002873755925
18918	0.001689219808
18919	0.003146494948
18920	0.0009342322496
18921	0.001582037705
18922	0.008691307089
18923	0.01035198665
18924	0.0002864027965
18925	0.005058402825
18926	0.008041264896
18927	0.002576828412
18928	0.006465532932
18929	0.01130088062
18930	0.009439236457
18931	0.008834227278
18932	0.0177629077
18933	0.001133638867
18934	0.007903592767
18935	0.00318185
18936	0.0009839441885
18937	0.004972291976
18938	0.0002859818068
18939	0.007347922289
18940	0.01663486902
18941	0.002432417716
18942	0.01136056723
18943	0.001078653725
18944	0.002980551829
18945	0.008295394826
18946	0.0150688285
18947	0.001150713122
18948	0.001648016776
18949	0.002686694021
18950	0.002023584812
18951	0.002051418426
18952	0.01208293936
18953	0.0005930807024
18954	0.00158466396
18955	0.002585222624
18956	0.003309583486
18957	0.0007152239987
18958	0.0006330053178
18959	0.0153340701
18960	0.003970495575
18961	0.008240312378
18962	0.006562359754
18963	0.0003085959818
18964	0.0001602398449
18965	0.0001597085223
18966	2.37904213e-07
18967	9.392976829e-07
18968	0.008379420648
18969	0.0006403961647
18970	0.004518878739
18971	9.42828678e-05
18972	0.006820593705
18973	0.001801869725
18974	0.01481297132
18975	0.0009868756375
18976	0.0005258990177
18977	0.002427004053
18978	0.0002306679142
18979	0.002105097792
18980	0.001417540111
18981	0.00196020693
18982	0.006434174648
18983	0.003149173814
18984	0.001747052797
18985	0.0004162795104
18986	0.009052067252
18987	0.005311667799
18988	0.0003335407589
18989	0.007304401644
18990	0.001124528323
18991	0.001607168847
18992	0.0006674184557
18993	0.0009317098048
18994	0.003083933935
18995	0.002040455905
18996	0.002536783973
18997	0.006474421419
18998	0.002831998622
18999	0.001086243562
19000	0.001772457485
19001	0.006846842521
19002	0.0004492729677
19003	0.003044919193
19004	0.0124424408
19005	0.01807360918
19006	0.00811932548
19007	0.008495662231
19008	0.008959744181
19009	0.002184772239
19010	0.0004888139588
19011	0.0005652487977
19012	0.0009149556294
19013	0.001058144568
19014	0.0003643905055
19015	0.002456374777
19016	0.01452853142
19017	0.0006014075806
19018	0.001589366913
19019	0.0007862748909
19020	0.002284018784
19021	0.007564043285
19022	0.0177678279
19023	0.01129231705
19024	0.004161878077
19025	0.001153838282
19026	0.0037407788
19027	0.001670061982
19028	0.0009353443378
19029	0.007944644796
19030	0.001288913469
19031	0.01225172649
19032	0.004108451177
19033	0.006020896842
19034	0.0007296156229
19035	0.002039971759
19036	0.001618527777
19037	0.001771732015
19038	0.00533544806
19039	0.002964236658
19040	0.003873019708
19041	0.01254095651
19042	0.0001863992938
19043	0.01093807702
19044	0.005205881383
19045	0.002881795243
19046	0.002137171664
19047	0.008381674572
19048	0.006417863746
19049	0.0007662106313
19050	0.003512500974
19051	0.0007260873577
19052	0.009932678
19053	0.007636197439
19054	0.00242212532
19055	0.002391168201
19056	0.001473553176
19057	0.000493750757
19058	0.003027192534
19059	0.001939670953
19060	0.003998410489
19061	0.00357611875
19062	0.001199056578
19063	0.00147009668
19064	0.005395071048
19065	0.001841617046
19066	0.0063802897
19067	0.003770931364
19068	0.01329315766
19069	0.0005638809205
19070	0.008078912172
19071	0.01193760376
19072	0.004607362156
19073	0.0001131487672
19074	0.001529548895
19075	0.0008590997111
19076	0.006827619592
19077	0.001282705014
19078	0.009298458504
19079	0.004339194649
19080	0.001018326297
19081	0.001776612835
19082	0.0002776007115
19083	0.01048115834
19084	0.009166007389
19085	0.002872182782
19086	0.0003827391488
19087	0.003566396526
19088	0.007815832074
19089	0.01359688273
19090	6.384896193e-05
19091	0.01642578524
19092	0.001059674459
19093	0.001648305697
19094	0.001457987921
19095	0.001734505502
19096	0
19097	0.0001402720057
19098	0.002882290751
19099	0.0150793737
19100	0.002177794251
19101	0.002999397169
19102	0.003957615749
19103	0.000612640904
19104	0.009928097095
19105	0.001762528692
19106	0.0004776490497
19107	0.0004259811407
19108	0.0100141753
19109	0.001637114101
19110	0.003894042553
19111	0.0001495250273
19112	0.004850550044
19113	0.02022840765
19114	0.004711840347
19115	0.006950952677
19116	0.00393363198
19117	0.000361258473
19118	0.0006322407949
19119	0.001320229537
19120	0.0007377823827
19121	0.0004939518218
19122	0.003678790868
19123	0.002189273068
19124	0.0008977667786
19125	5.394132171e-06
19126	0.001629421611
19127	0.001284910819
19128	0.000716303336
19129	0.001404332328
19130	0.002877299727
19131	0.0002113081573
19132	0.007186357651
19133	0.006255518189
19134	0.006681862956
19135	0.003289364233
19136	0.006198179672
19137	0.0003319187451
19138	0.001264029513
19139	0.004683834144
19140	0.002018446446
19141	0.003858027882
19142	0.0008157634975
19143	0.001117090929
19144	0.0006204724531
19145	3.500285268e-05
19146	0.0008818772849
19147	0.003547641039
19148	0.002239869634
19149	0.006494132236
19150	0.002006939136
19151	0.005334523975
19152	0.00176090278
19153	0.0009201173008
19154	0.000486745454
19155	0.006072190061
19156	0.002668199491
19157	0.01123243608
19158	0.01364352295
19159	0.0033634406
19160	0.001848029623
19161	0.0007478339887
19162	0.001798918663
19163	0.006384395899
19164	0.005931405893
19165	0.007483936171
19166	0.006935954235
19167	0.0100290448
19168	0.01163442492
19169	0.009122004185
19170	0.002224833312
19171	0.009423690141
19172	0.001937292255
19173	0.006831137219
19174	0.004668391889
19175	0.001748240265
19176	0.00070907143
19177	0.004053561622
19178	0.0112192295
19179	0.0006943419854
19180	0.002323521664
19181	0.0009040683507
19182	0.0005977876362
19183	0.002527402478
19184	0.0002489848426
19185	0.01156439242
19186	0.005672117094
19187	0.005275296731
19188	0.002622973992
19189	0.001489952464
19190	0.001287568604
19191	0.006936733851
19192	0.0009149207875
19193	0.004327222746
19194	0.003826352245
19195	0.01143308313
19196	0.004327141933
19197	4.011358291e-05
19198	0.002442690709
19199	0.001767484899
19200	0.003373373573
19201	0.002166146708
19202	0.002020123414
19203	0.001905303641
19204	0.0007038317404
19205	0.001518915223
19206	0.001469203267
19207	0.0016744821
19208	0.004475812678
19209	0.0001703522429
19210	0.0128745045
19211	0.000715028737
19212	0.004615411754
19213	0.0009274491606
19214	0.01333788981
19215	0.005290206814
19216	0.00732337714
19217	0.002780073533
19218	0.00251069155
19219	0.001989264864
19220	0.003888808107
19221	0.003240935642
19222	0.01429949323
19223	0.006722952899
19224	0.01700976553
19225	0.002639193012
19226	0.002151735073
19227	0.002325820573
19228	0.006665329652
19229	0.006687307371
19230	0.002652925553
19231	0.0007411099955
19232	0.003399356144
19233	0.002262227205
19234	0.005219581799
19235	0.005709404179
19236	0.004868102741
19237	0.006046567542
19238	0.003162578752
19239	0.001719802238
19240	0.01370486204
19241	0.01681815105
19242	0.00325620914
19243	0.01199755624
19244	0.003100605029
19245	0.0006756578946
19246	0.002905874692
19247	0.001049365586
19248	0.008924615692
19249	0.009252989768
19250	0.0016027569
19251	0.001493313338
19252	0.002166364786
19253	0.01413085678
19254	0.002979359298
19255	0.0009175472811
19256	0.0006862685821
19257	0.0006732532681
19258	0.009892628231
19259	0.0006212999982
19260	0.0006751114234
19261	0.00613147844
19262	0.001273805917
19263	0.01013593438
19264	0.00525743151
19265	0.002691839483
19266	0.005730501566
19267	0.0007779694581
19268	0.0007396199739
19269	0.0009302260251
19270	0.0005596175275
19271	0.002034967633
19272	0.003118641735
19273	0.01860860491
19274	0.00525176993
19275	0.001293968667
19276	0.01014188006
19277	0.003307702459
19278	0.01663127966
19279	0.01412093694
19280	0.004848764308
19281	0.003580480532
19282	0.002320131827
19283	0.001037524022
19284	0.001096986926
19285	0.008384571385
19286	0.01081801658
19287	0.005367334085
19288	0.004326356671
19289	0.004044688052
19290	0.01663630574
19291	0.001574739118
19292	0.003974917104
19293	0.003743537455
19294	5.008211827e-05
19295	0.01518022127
19296	0.01619068
19297	0.007822999445
19298	0.02622564273
19299	0.0006873647769
19300	0.002105098229
19301	0.006075839286
19302	0.01392258104
19303	0.01330041033
19304	0.004409353137
19305	0.01207582165
19306	0.01582179667
19307	0.006783007114
19308	0.00235808396
19309	0.007763551123
19310	0.002321639276
19311	4.220700204e-05
19312	0.007817329072
19313	0.01233330159
19314	0.002678808952
19315	0.001505622091
19316	0.008233825853
19317	0.001509242228
19318	0.009991721806
19319	0.007977426103
19320	9.156175021e-05
19321	0.0002680719802
19322	0.01012464998
19323	0.00672861327
19324	0.003918375753
19325	0.009484913964
19326	0.004164623483
19327	0.008420207361
19328	0.0001527301287
19329	0.001141264343
19330	0.01214942052
19331	0.01373695749
19332	0.005762963587
19333	0.003850308514
19334	0.004339224644
19335	0.01274363674
19336	0.0001428064404
19337	0.0001276353976
19338	0.01692246192
19339	0.0006984766683
19340	0.001682280953
19341	0.002102870818
19342	0.0151436723
19343	0.001290354471
19344	0.01814556567
19345	0.003591847779
19346	0.002908114388
19347	0.00290918943
19348	0.004127081152
19349	0.003729279784
19350	0.001212318456
19351	0.008319749426
19352	0.001388332344
19353	0.005933449516
19354	0.002881891539
19355	0.01191269096
19356	0.004868361464
19357	0.0006843416174
19358	0.001677666315
19359	0.001540033647
19360	0.002727244591
19361	0.001100846687
19362	0.01022216812
19363	0.009710326223
19364	0.000429548806
19365	0.0120304111
19366	0.009493279688
19367	0.0003733208546
19368	0.004736495485
19369	0.002531135598
19370	0.01580296878
19371	0.004120571218
19372	0.001872687246
19373	0.004066822088
19374	0.002497543373
19375	0.002628257607
19376	0.0013650816
19377	0.004184694472
19378	0.005123339618
19379	0.00148793199
19380	0.000319198257
19381	0.007811793816
19382	0.002195843533
19383	0.01331160959
19384	0.003419043058
19385	0.0008599855182
19386	0.005556979126
19387	0.0009402399864
19388	0.0002535508085
19389	0.007623674106
19390	0.006216243538
19391	0.0009487225572
19392	0.007745693387
19393	0.0007150295538
19394	0.008407884429
19395	0.0005675408741
19396	0.02079070144
19397	0.001671452265
19398	0.005734404856
19399	0.001353433412
19400	0.00855952082
19401	0.004364883276
19402	0.001818930917
19403	0.004240134862
19404	0.001879087191
19405	0.001900087347
19406	0.0006797407747
19407	0.01051877873
19408	0.002172773647
19409	0.003466290936
19410	0.002933285564
19411	0.007206024686
19412	0.0008797232107
19413	0.006869005166
19414	0.004494534056
19415	0.002362976097
19416	8.513579571e-07
19417	0.009901693503
19418	0.002152103411
19419	0.01234330207
19420	0.0070376817
19421	0.002491246525
19422	0.01814763359
19423	0.002821685599
19424	0.004341374737
19425	0.001887160587
19426	0.001773242238
19427	0.004439666466
19428	0.006750642113
19429	0.02144524893
19430	0.0012295261
19431	0.001157617091
19432	0.007860818222
19433	0.00493671452
19434	0.002724406342
19435	0.00374480104
19436	0.01600250412
19437	0.002419863266
19438	0.003237856341
19439	0.001723666231
19440	0.001996561169
19441	0.00297046953
19442	0.002435465734
19443	0.0116589093
19444	0.004518291168
19445	0.008522103148
19446	0.003953318529
19447	0.001665717617
19448	0.007443079837
19449	0.003152237797
19450	0.005200067484
19451	0.0001173331431
19452	0.01065680384
19453	0.002480603452
19454	0.0009999087735
19455	0.0007736457309
19456	0.001257252048
19457	0.0001555327557
19458	0.003807793527
19459	0.0008738986213
19460	0.01632386061
19461	0.00548977059
19462	0.0005157009627
19463	0.001320288216
19464	0.002754989007
19465	0.006981807609
19466	0.01464155838
19467	0.01333087735
19468	0.0008168163824
19469	0.002252961687
19470	0.006503270692
19471	0.00409127972
19472	0.002178526639
19473	0.008147410746
19474	0.0006389210679
19475	0.003736131901
19476	0.009051896261
19477	0.0112025055
19478	0.005432721558
19479	0.005699630161
19480	0.0001905627718
19481	0.0001318905762
19482	0.01334905635
19483	0.005775481597
19484	0.01416250812
19485	0.001229683671
19486	0.00293843953
19487	0
19488	0.009949466824
19489	0.01510384155
19490	0.0002980269058
19491	0.001889422659
19492	0.001267735773
19493	0.004856743098
19494	0.003861314241
19495	0.003147742671
19496	0.02440639128
19497	0.002802909131
19498	0.01384836203
19499	0.002479621928
19500	0.01342482442
19501	0.003112449827
19502	0.001294384903
19503	0.007178819405
19504	0.01119699949
19505	0.002342866036
19506	0.0008587391903
19507	0.003757541254
19508	0.000635932809
19509	0.0008287682291
19510	0.0002244947836
19511	0.002309229439
19512	0.002916771037
19513	0.001917989973
19514	0.006648470053
19515	0.006370055831
19516	0.0007298599076
19517	0.01294477342
19518	0.006026637416
19519	0.002622269125
19520	0.01089779413
19521	0.01333267005
19522	0.02535140635
19523	0.01674975822
19524	0.006584381956
19525	0.01750822834
19526	0.002486770322
19527	0.009254566244
19528	0.009287509405
19529	0.001637750012
19530	0.001314803043
19531	0.001559457882
19532	0.001755240712
19533	0.001166550762
19534	0.0007304586229
19535	0.002163566026
19536	0.002814733601
19537	0.0006902073726
19538	0.002622717887
19539	0.01609566444
19540	0.004530557874
19541	0.003488864138
19542	0.003779916743
19543	0.0008743084134
19544	0.0004160423386
19545	0.001323346868
19546	0.003913883997
19547	0.002301674098
19548	0.005412035799
19549	0.005653589868
19550	0.005753484307
19551	0.0006806242477
19552	0.005810081572
19553	0.003370058921
19554	0.001617029047
19555	0.001922993563
19556	0.0124211169
19557	0.0005155580376
19558	0.00892958336
19559	0.0001752891975
19560	0.00103346041
19561	0.003910694341
19562	0.007911148035
19563	0.005975853171
19564	0.007246074377
19565	0.01927667787
19566	0.01418099438
19567	0.005638488738
19568	0.002938160952
19569	0.003191994118
19570	0.001422433431
19571	0.007871130789
19572	0.004140420963
19573	0.0001159942903
19574	0.004795477825
19575	0.01502757254
19576	0.008993868899
19577	0.01489956913
19578	0.0005056012536
19579	0.001885411588
19580	0.005089421795
19581	0.01132324598
19582	0.0003463527533
19583	0.00312119767
19584	0.006498216713
19585	0.006782982836
19586	0.001854989586
19587	0.01110498519
19588	0.01001383907
19589	0.003375367407
19590	0.005351069901
19591	0.001753487406
19592	0.001058971583
19593	0.005916299314
19594	0.01668899645
19595	0.001441675589
19596	0.01168118722
19597	0.01583215027
19598	0.0009008556579
19599	0.002308400372
19600	0.01072314238
19601	0.00668648603
19602	0.005168607362
19603	0.005367466092
19604	0.001420595532
19605	0.001516682989
19606	0.0002023977583
19607	0.005033166021
19608	0.009086598597
19609	0.003867719464
19610	0.001831233369
19611	0.005338225703
19612	0.004336857619
19613	0.001107369388
19614	0.001217451966
19615	0.006563432644
19616	0.0009121983119
19617	0.01666293871
19618	0.002754720435
19619	0.0004170274602
19620	0.009664708159
19621	0.001192512018
19622	0.006234881623
19623	0.01405007161
19624	0.003485856083
19625	0.002411605915
19626	0.00977271175
19627	0.0008182022669
19628	0.02136046094
19629	0.01207815945
19630	0.0005794072848
19631	0.004057940901
19632	0.001264743124
19633	0.008816501955
19634	0.005327734433
19635	0.003712971243
19636	0.003460780166
19637	0.004559649796
19638	0.002909538176
19639	0.01142902941
19640	0.001043943203
19641	0.001625248525
19642	0.005119881083
19643	0.009254078871
19644	0.002462542382
19645	0.00759609916
19646	0.003811824226
19647	0.01033012173
19648	0.00629487497
19649	0.005858400053
19650	0.003524292295
19651	0.0008791703682
19652	0.01013762516
19653	0.006322848881
19654	0.001715495719
19655	0.007115552932
19656	0.002509271585
19657	0.00681612079
19658	0.00242907938
19659	0.000320746206
19660	0.001475577415
19661	0.003042122239
19662	0.002705456065
19663	0.002432659994
19664	0.001848404878
19665	0.002708817804
19666	0.01571238127
19667	0.003879566221
19668	0.009137444174
19669	0.003122311078
19670	0.009715754194
19671	0.008815113573
19672	0.0001392352644
19673	0.00447462805
19674	0.01589794584
19675	0.01784772617
19676	0.0002293186632
19677	0.001259722607
19678	0.0005964874721
19679	0.001456120728
19680	0.006292556163
19681	0.001191122286
19682	0.01919374507
19683	0.007501961055
19684	0.003273514861
19685	0.0009010951301
19686	0.002274041425
19687	0.008847543055
19688	0.003477926555
19689	0.0055078625
19690	0.0001319153431
19691	0.01366827821
19692	0.007640698264
19693	0.008967056487
19694	0.004672389455
19695	0.01254746028
19696	0.001424220858
19697	0.007771748209
19698	0.008824625981
19699	0.004932799819
19700	0.005412626856
19701	0.006312975385
19702	0.001851227315
19703	0.006678777563
19704	0.01214148893
19705	0.006946627406
19706	0.002763395167
19707	0.008549202543
19708	0.00757734358
19709	0.003200087584
19710	0.003993735673
19711	0.003562556302
19712	0.002125336438
19713	0.009638034756
19714	0.002002049946
19715	0.009165770561
19716	0.006292690908
19717	0.005682791489
19718	0.001092235541
19719	0.001619767121
19720	0.001021890743
19721	0.002577777322
19722	0.009259865981
19723	0.007644398283
19724	0.0004332197869
19725	0.001364255654
19726	0.006254330401
19727	0.01150985742
19728	0.002080465233
19729	0.006400696265
19730	0.01256397666
19731	0.002990432309
19732	0.01638202213
19733	0.001173217862
19734	0.001181587417
19735	0.0008266250937
19736	0.008516595601
19737	0.0119720607
19738	0.003710991179
19739	0.001204827163
19740	0.001262451611
19741	0.003759925618
19742	0.002211885255
19743	0.004001134246
19744	0.004793044188
19745	0.00536249253
19746	0.006012431614
19747	0.002607188338
19748	0.01347697599
19749	0.0002848674468
19750	0.004610249942
19751	0.000171754437
19752	0.002972469133
19753	0.007894917944
19754	0.001753532387
19755	0.009629350748
19756	0.004636228521
19757	0.007961679047
19758	0.01017536486
19759	0.004961811216
19760	0.001107686087
19761	0.001823229971
19762	0.007922064144
19763	0.006135147022
19764	0.007988227847
19765	0.005929256981
19766	0.003761350515
19767	0.001064564572
19768	0.002586869835
19769	0.004026899886
19770	0.001456744861
19771	0.0009393587069
19772	0.000692461546
19773	0.005549130988
19774	0.003113042931
19775	0.00134437618
19776	0.008479962673
19777	0.01026743353
19778	0.002538667764
19779	0.0007848555008
19780	0.009455034494
19781	0.006811228147
19782	0.003482881048
19783	0.004593478186
19784	0.0008661148698
19785	0.01060142925
19786	0.009661351454
19787	0.005488342668
19788	0.007473154211
19789	0.01246304708
19790	0.002736233612
19791	0.005885392489
19792	0.001025154588
19793	0.008123324802
19794	0.007854886687
19795	0.001103901234
19796	0.001080265268
19797	0.0004463449251
19798	0.01813790237
19799	0.009506468074
19800	0.002905094964
19801	0.001492554102
19802	0.009832429209
19803	0.001233521709
19804	0.006220859369
19805	0.007492104296
19806	0.007834707932
19807	0.003821418683
19808	0.005725514174
19809	0.003352114565
19810	0.004218554974
19811	0.0008231357049
19812	0.01031178843
19813	0.0006156283327
19814	0.0003417779061
19815	0.005371653348
19816	0.003859354511
19817	0.008341374701
19818	5.267823969e-05
19819	0.004040207333
19820	0.00128534817
19821	1.879065143e-05
19822	0.001641078926
19823	0.006786735077
19824	0.01038371811
19825	0.008013497866
19826	0.003131077154
19827	0.002806759539
19828	0.006340903322
19829	0.0011711328
19830	0.003438331992
19831	0.003524811994
19832	0.01758654013
19833	0.01027523142
19834	0.002923306284
19835	0.002731019675
19836	0.01177927801
19837	0.01478208728
19838	0.0006966025191
19839	0.002749841204
19840	0.004077947914
19841	0.003067400334
19842	0.001906420482
19843	0.00451945194
19844	0.00115793322
19845	0.005026126997
19846	0.001871072117
19847	0.0005909903681
19848	0.001691689331
19849	4.732485762e-05
19850	0.0009177431171
19851	0.00387537997
19852	0.00133385707
19853	0.001682174988
19854	0.00216844856
19855	0.003667390561
19856	0.004002437029
19857	0.008857834186
19858	8.486963419e-05
19859	0.002701534469
19860	0.00434051842
19861	0.006162386023
19862	0.006983381259
19863	0.007117242669
19864	0.002108714669
19865	0.008401466075
19866	0.001367340901
19867	0.007272002312
19868	0.002373973298
19869	0.009509981363
19870	0.009654079845
19871	0.01225611496
19872	0.00376088042
19873	0.01251255678
19874	0.002438307769
19875	0.001103009109
19876	0.001674291145
19877	0.00135789345
19878	0.001936814299
19879	0.0001785866091
19880	0.001036674519
19881	0.000840699594
19882	0.001552103888
19883	0.001477766496
19884	0.001014077718
19885	0.0008886822306
19886	0.005565101604
19887	0.002287766903
19888	0.01428545154
19889	0.004966157229
19890	0.008025738165
19891	0.0007551494507
19892	0.003761682984
19893	0.02237793945
19894	0.008781202984
19895	0.007178742713
19896	0.01072434048
19897	0.002993834207
19898	0.005382999625
19899	0.01042628705
19900	0.002192291462
19901	0.01038531028
19902	0.0043112693
19903	0.001479452007
19904	0.002173005254
19905	0.003192784214
19906	0.0005173362778
19907	0.0163891604
19908	0.003857391868
19909	0.001648250501
19910	0.00180439719
19911	0.002983411689
19912	0.0001525468258
19913	0.009072827474
19914	0.004156227418
19915	0.008704669072
19916	0.003206705395
19917	0.0003191668286
19918	0.007146346345
19919	4.617363041e-05
19920	0.007395303714
19921	0.00603618954
19922	0.01143789643
19923	0.004927431762
19924	0.003668109069
19925	0.001014530666
19926	0.01123511069
19927	2.303558779e-05
19928	0.008702633282
19929	0.008235066082
19930	0.001379616077
19931	0.005442528419
19932	0.007220617363
19933	0.001335904299
19934	0.01238266038
19935	0.00105688399
19936	0.002570829187
19937	0.001682399574
19938	0.002681456229
19939	0.0007538254179
19940	0.001016718595
19941	0.007402561293
19942	0.002284219206
19943	0.0001106367011
19944	0.0003842343619
19945	0.002070630256
19946	0.0009036569904
19947	0.005031531083
19948	0.0007228606542
19949	0.01193092904
19950	0.004304312146
19951	0.007570249842
19952	0.00863193556
19953	0.006064781287
19954	0.008212241604
19955	0.001251756487
19956	0.005501597313
19957	0.0007540741332
19958	0.0009598462881
19959	0.005884668945
19960	0.006422575948
19961	0.0004231571762
19962	0.004198412178
19963	0.01256526627
19964	0.0001095573886
19965	0.007346280212
19966	0.006460661785
19967	0.008262562598
19968	0.0005321706241
19969	0.01173689124
19970	0.0005783907442
19971	0.001251582384
19972	0.00105328146
19973	0.002381297451
19974	0.004099963329
19975	0.0004245224079
19976	0.0006871963545
19977	0.0001720692022
19978	0.002072223085
19979	0.002805916727
19980	0.0009151197709
19981	0.009504303292
19982	0.008596614574
19983	0.003373720207
19984	0.006871673415
19985	0.01075736581
19986	0.007029495769
19987	0.006749697849
19988	0.006263234737
19989	0.0176963664
19990	0.001415212451
19991	0.006945956375
19992	0.001864670419
19993	0.0008537801931
19994	0.0004848970574
19995	0.002771373905
19996	0.00348379609
19997	0.0004660992291
19998	0.008793661165
19999	0.004703575516
20000	0.0008632804335
20001	0.0007271472128
20002	0.00225826393
20003	0.0121608939
20004	0.0005446161714
20005	5.758524525e-05
20006	0.0005150813361
20007	0.006484293559
20008	0.0004716821459
20009	0.002400417142
20010	0.001086758159
20011	0.01040437591
20012	0.001190712334
20013	0.001465615189
20014	0.0001813117646
20015	0.0008629685664
20016	0.00585728264
20017	0.00119620408
20018	0.008479282267
20019	0.001186660978
20020	0.009750942973
20021	0.004673805969
20022	0.0008914780942
20023	0.002784963255
20024	0.0006704561471
20025	0.009535011165
20026	0.0002176760025
20027	0.001836455356
20028	0.01119834898
20029	0.00111970136
20030	0.01650411651
20031	0.002308344299
20032	0.0006353088172
20033	0.008471938405
20034	0.005908424536
20035	0.008787193167
20036	0.002534150852
20037	0.01168623662
20038	0.001174929173
20039	0.008286651307
20040	0.01374098657
20041	6.816870482e-05
20042	0.006046625461
20043	0.01098474059
20044	0.007558878276
20045	0.006383158898
20046	0.002406707482
20047	0.001274397134
20048	0.008315529022
20049	0.005655860892
20050	0.003340586948
20051	0.006376901775
20052	0.008326618837
20053	0.008890318704
20054	0.003556001317
20055	0.001601374348
20056	0.004722174094
20057	0.004352118638
20058	0.01359847162
20059	0.01094774111
20060	0.0005270265418
20061	0.007433635627
20062	0.0005280596764
20063	0.004126848237
20064	0.00376318279
20065	0.004128632851
20066	0.0004291513794
20067	0.0002948166794
20068	0.0001458913244
20069	0.0004526288794
20070	0.0008951261408
20071	0.01384757637
20072	5.583392472e-05
20073	0.004724768278
20074	0.01023043318
20075	0.001792221884
20076	0.001836124859
20077	0.008863877145
20078	0.002256255676
20079	0.003490427553
20080	0.003188150982
20081	0.002015452373
20082	0.001934886311
20083	0.0007189197139
20084	0.009227255454
20085	0.0001885486245
20086	0.00446790764
20087	0.003323326913
20088	0.003811887496
20089	0.005729880886
20090	0.001510873515
20091	0.00273272377
20092	0.0002677819995
20093	0.01690027419
20094	0.003026356944
20095	0.01048562974
20096	6.686166997e-05
20097	0.008425118433
20098	0.004626043715
20099	0.008059299908
20100	0.007013893477
20101	0.0001263937563
20102	0.001886512662
20103	0.001739263962
20104	0.00120269535
20105	0.001088734266
20106	0.004722090875
20107	0.001319797618
20108	0.001477042336
20109	1.701698626e-05
20110	0.003843778677
20111	0.007549301249
20112	0.0009879952966
20113	0.0007038075855
20114	0.005688525629
20115	7.325657638e-05
20116	0.002256656739
20117	0.0004635061493
20118	0.009255155546
20119	0.004181239162
20120	0.005098455972
20121	0.000277990496
20122	0.005198275853
20123	0.0001500546531
20124	0.0005341463261
20125	0.0004449825914
20126	0.0009146200144
20127	0.006987662557
20128	0.002478531497
20129	0.008261938459
20130	0.005982506082
20131	0.006336340616
20132	0.00934719049
20133	0.001850444788
20134	0.0039179843
20135	0.002335554382
20136	0.0002264729245
20137	0.01279836126
20138	0.003581020551
20139	0.001240323756
20140	0.002708001641
20141	0.00401937222
20142	0.0006168390181
20143	0.004851609991
20144	0.006088196642
20145	0.0005029981173
20146	0.005498606622
20147	0.01262285215
20148	0.009246768363
20149	0.01204131434
20150	0.007825651969
20151	0.011380349
20152	0.008445045752
20153	0.01248851563
20154	0.003075577117
20155	0.01191293567
20156	0.004632087276
20157	0.00416606933
20158	0.001120272945
20159	0.004135366477
20160	0.001410568239
20161	0.003096235043
20162	0.002303438953
20163	0.008830091511
20164	0.004941731113
20165	0.01162493902
20166	0.001984194698
20167	0.002331449519
20168	0.01375375048
20169	0.01403822917
20170	0.004334457919
20171	0.01315850428
20172	0.003361292884
20173	0.001536049698
20174	0.001563728542
20175	0.0004654169997
20176	0.004325162331
20177	0.001888344224
20178	0.00868807681
20179	0.007516445266
20180	0.01256244455
20181	0.004238939397
20182	0.005172692371
20183	0.005169331839
20184	0.005573598181
20185	0.0001682011334
20186	0.00362487224
20187	0.001050628959
20188	0.0008961702896
20189	0.003294181933
20190	0.00296691623
20191	0.004076818286
20192	0.005877357385
20193	0.009951883931
20194	0.003724036132
20195	0.006013364859
20196	0.001220020701
20197	0.007011284601
20198	0.008078187738
20199	0.005910389235
20200	0.004381447732
20201	0.002983404917
20202	0.003073240191
20203	0.002695309695
20204	0.0003562005181
20205	0.0005352272171
20206	0.0007798596488
20207	0.0001512022894
20208	0.004790303135
20209	0.004908548972
20210	0.001100562677
20211	0.0009346895955
20212	0.00101278496
20213	0.006006528973
20214	0.0009911585843
20215	0.001109912338
20216	0.001474687708
20217	0.01647526227
20218	0.006844317803
20219	0.002133159261
20220	0.00726020345
20221	0.001240064891
20222	0.01430219804
20223	0.0007745780831
20224	0.008610780873
20225	0.004419334941
20226	0.001737609408
20227	0.0003818451674
20228	0.001942367226
20229	0.0006376186369
20230	0.005404648672
20231	0.01507771535
20232	0.001390117401
20233	0.001512169508
20234	0.006667025597
20235	0.002381165032
20236	0.006459405589
20237	0.004591027038
20238	0.001127393972
20239	0.008806445169
20240	0.00211931724
20241	0.01577808936
20242	0.001599425462
20243	0.005506033023
20244	0.006510233056
20245	0.0004105537708
20246	0.005848108783
20247	0.001647208569
20248	0.003259464994
20249	0.004674092081
20250	0.0006237802215
20251	0.002119937755
20252	0.002109891815
20253	0.001951221356
20254	0.001239924526
20255	0.0006024357192
20256	0.002419069811
20257	0.002892689141
20258	0.001250727946
20259	0.0007728220997
20260	0.001402881908
20261	0.0003021708572
20262	0.00247737299
20263	0.0009271381955
20264	0.001813520076
20265	0.002205627711
20266	0.001493950538
20267	0.00106036469
20268	5.468209594e-05
20269	0.001685474153
20270	0.0005312275565
20271	0.002031975146
20272	0.01049464779
20273	0.01558911906
20274	0.0036345746
20275	0.004133181467
20276	0.006464632882
20277	0.0004515125293
20278	0.0004693327743
20279	0.001225374305
20280	9.595472364e-05
20281	0.01109659566
20282	0.0003794329626
20283	0.006260428563
20284	0.0089560435
20285	0.0006979946729
20286	0.01842011179
20287	0.004524468509
20288	0.00238447616
20289	0.0008237910323
20290	0.002580352497
20291	0.01243214962
20292	0.0004915821838
20293	0.003409764315
20294	0.0126775247
20295	0.003805847383
20296	0.004533310767
20297	0.0003533261392
20298	0.0009406870295
20299	0.003262471048
20300	0.001060295753
20301	0.006376655872
20302	0.006926768924
20303	0.002368309117
20304	0.0005147686899
20305	0.006027758113
20306	0.003889071284
20307	0.005761543053
20308	0.002501711561
20309	0.002753233275
20310	0.01479110276
20311	0.01232237885
20312	0.005404579353
20313	0.006472503951
20314	0.01066484213
20315	0.004054487592
20316	0.01061897206
20317	0.003390809673
20318	0.008674592229
20319	0.001765916907
20320	0.008803405642
20321	0.0006807286786
20322	0.001207072791
20323	0.0005015013456
20324	0.0008392981885
20325	0.004143594276
20326	0.01212744655
20327	0.002039316901
20328	0.01045960128
20329	0.001095361007
20330	0.004681636884
20331	0.001260498847
20332	0.000679758793
20333	0.002456854518
20334	0.01246214866
20335	0.003177996076
20336	0.001312456112
20337	0.003965104412
20338	0.02317566696
20339	5.94683556e-05
20340	0.0008122938642
20341	0.0002302344163
20342	0.001162520078
20343	0.0001825950127
20344	0.001371778084
20345	0.007264772576
20346	0.002512031014
20347	0.009818489639
20348	0.004153524428
20349	0.005774688864
20350	0.00748736802
20351	0.001931139478
20352	0.0005784628858
20353	0.01276019144
20354	0.007281594871
20355	0.005560136482
20356	0.001709210888
20357	0.005732112
20358	0.005788469266
20359	0.003963612035
20360	0.005452067084
20361	0.006770251623
20362	0.001711793275
20363	0.01987698049
20364	0.01358876978
20365	0.00148632848
20366	0.002766802634
20367	0.007597269968
20368	0.003598657831
20369	0.003187760531
20370	0.0006915012488
20371	0.0007842005257
20372	0.0003992142734
20373	0.004819808703
20374	0.001888249487
20375	0.01164263398
20376	0.0004456800757
20377	0.006123925055
20378	0.002492754361
20379	0.001600297741
20380	0.0002736155248
20381	0.000481910662
20382	0.0002329965789
20383	0.0009871073307
20384	0.0003681423753
20385	0.0006616431912
20386	0.0001390164742
20387	0.0002983298779
20388	0.0005699958694
20389	0.0003437223962
20390	0.0003411516069
20391	0.0004955032478
20392	0.0009687840278
20393	0.0004366243255
20394	0.001131304605
20395	9.84891312e-05
20396	0.0001862250197
20397	0.01764809336
20398	0.001497994299
20399	0.002080346473
20400	0.006329137715
20401	0.007198075654
20402	0.003090992816
20403	0.0008641392565
20404	0.006353628322
20405	0.008381438637
20406	0.005947175551
20407	0.0004194886777
20408	0.006056682204
20409	0.003783138629
20410	0.0007423698331
20411	0
20412	0.0002707961505
20413	0.01380640095
20414	0.01920134388
20415	0.00683877327
20416	0.002091200853
20417	0.00284407606
20418	0.0004584947846
20419	0.004987774402
20420	0.01168151313
20421	0.004308780787
20422	0.007257247164
20423	0.009395216002
20424	0.001977332889
20425	0.001761559037
20426	0.00815633261
20427	0.001253043403
20428	0.002030750417
20429	0.001828185941
20430	0.01445554009
20431	0.0004342448119
20432	0.004678366692
20433	0.004134778261
20434	0.007559895279
20435	0.0006481759683
20436	0.008435834962
20437	0.001390999116
20438	0.006488342387
20439	0.004940098068
20440	0.002532531339
20441	0.001745803474
20442	0.0002585105719
20443	0.001382325178
20444	0.001345622189
20445	0.002003843936
20446	0.001491018782
20447	0.001280977974
20448	0.002742056055
20449	0.02230159482
20450	0.003677324694
20451	0.002857229414
20452	0.0114839953
20453	0.0002174193683
20454	0.001843884875
20455	0.0006383749652
20456	0.008189299556
20457	0.003656666962
20458	0.01543269964
20459	0.003208202417
20460	0.0002090420183
20461	0.004498526975
20462	0.008484253969
20463	0.005300806684
20464	0.0007122874936
20465	0.001483405148
20466	0.01040565813
20467	0.001036415991
20468	0.001972189512
20469	0.0005682868952
20470	0.0007156114629
20471	0.01526705803
20472	0.0001332085344
20473	0.004793289812
20474	0.001079169662
20475	0.009984954852
20476	0.004203957779
20477	0.0009220139337
20478	0.003581135445
20479	0.001840031839
20480	0.002629059252
20481	0.002438825111
20482	0.005441611103
20483	0.002921817868
20484	0.01439339697
20485	0.001321092438
20486	0.002091148694
20487	0.001017321451
20488	0.001322705712
20489	0.002007816291
20490	0.001030035638
20491	0.002359106164
20492	0.0004840576517
20493	0.003486927584
20494	0.01231749135
20495	0.0001805491397
20496	0.005975749437
20497	0.001385494194
20498	0.01073056509
20499	0.002795995147
20500	0.004661369165
20501	0.003578604012
20502	0.005652434304
20503	0.001793911071
20504	0.01416382664
20505	0.006655694879
20506	0.003133199843
20507	0.01182460643
20508	0.003441685899
20509	0.0114522219
20510	0.01702591497
20511	0.008273711259
20512	0.001512967975
20513	0.001418656468
20514	0.0001730396528
20515	0.003384013789
20516	0.0004918119286
20517	0.0005590684056
20518	0.0007717025314
20519	0.009595238151
20520	0.008076972856
20521	0.01287862449
20522	0.002244510968
20523	0.001333765983
20524	0.009148234483
20525	0.003724037663
20526	0.005269000106
20527	0.003291770061
20528	0.006544868477
20529	0.01576262841
20530	0.002080731694
20531	0.004324424551
20532	0.008636004284
20533	0.004619711428
20534	0.002260389993
20535	0.0002161405163
20536	0.0001209723967
20537	0.001879931263
20538	0.0048675285
20539	0.003585398751
20540	0.001609538582
20541	0.002704966934
20542	0.004783608892
20543	0.0003321462383
20544	0.002077403488
20545	0.0009750782693
20546	0.003762049207
20547	0.002825045109
20548	0.0009192575989
20549	0.01333644123
20550	0.008610231004
20551	0.01310414184
20552	0.008644233635
20553	0.01313451168
20554	0.002262976624
20555	0.00423718166
20556	0.0009635621799
20557	0.009098675121
20558	0.000864970887
20559	0.001149260469
20560	0.00168024229
20561	0.001260578756
20562	0.00938559445
20563	0.01823163331
20564	0.00546554282
20565	0.001519979407
20566	0.004302141231
20567	0.00109771299
20568	0.002198001554
20569	0.003758039633
20570	0.006705027654
20571	0.008815931445
20572	0.02082607794
20573	0.0003637815184
20574	0.0006407889256
20575	0.001402675279
20576	0.001898898897
20577	0.01185926761
20578	0.004007008906
20579	0.0006402323307
20580	0.003705791065
20581	0.001897592473
20582	0.005853368829
20583	0.01318893291
20584	0.004740495056
20585	0.001651308333
20586	0.005941545842
20587	0.004871593961
20588	0.01222952494
20589	0.01602755604
20590	0.00222861591
20591	0.004962561931
20592	0.01604624531
20593	0.001580314942
20594	0.002699196133
20595	0.004214683266
20596	0.0008508266947
20597	0.001074921794
20598	0.002959019926
20599	0.003097075697
20600	0.00275717977
20601	0.002886812533
20602	0.004417694728
20603	0.004991100786
20604	0.01101055105
20605	0.004139510255
20606	0.001799317082
20607	0.00550136783
20608	0.004236951332
20609	0.005369946227
20610	0.0002702801509
20611	0.006288268331
20612	0.0001814009931
20613	0.008434222231
20614	0.002068739803
20615	0.007232443763
20616	0.00631642298
20617	0.01855436861
20618	0.001345891092
20619	0.007711888946
20620	0.003570346796
20621	0.005730006575
20622	0.0001179500656
20623	0.005090674761
20624	0.003968884573
20625	0.003848455152
20626	0.000950225493
20627	0.00518773437
20628	0.005828167511
20629	0.0002820039388
20630	0.001780301158
20631	0.003906205338
20632	0.00556985996
20633	0.004911831536
20634	0.002024147639
20635	0.003774207313
20636	0.006175255864
20637	0.005088852271
20638	0.007441352245
20639	0.0007837121633
20640	0.001587535717
20641	8.184317807e-05
20642	0.003147911103
20643	0.003163894641
20644	0.01150710067
20645	0.003084647183
20646	0.001617935942
20647	0.001048447856
20648	0.01049973112
20649	0.006662990847
20650	0.001566322037
20651	0.0008937236813
20652	0.007913710235
20653	0.002618273651
20654	0.002603532206
20655	0.001443867258
20656	0.009832952796
20657	0.004111231685
20658	0.01173118264
20659	0.005957602436
20660	7.531068697e-05
20661	0.003776971025
20662	0.003341271947
20663	5.186987245e-05
20664	0.02026006415
20665	0.001331275402
20666	0.00264612155
20667	0.0002177151591
20668	0.001788024936
20669	0.001425654853
20670	0.001832607991
20671	0.009331976529
20672	0.01312100311
20673	0.0003807411005
20674	0.00123511481
20675	0.01181012097
20676	0.003651906699
20677	0.004839108248
20678	0.005802695162
20679	0.006043870397
20680	0.004722972406
20681	0.008220789179
20682	0.006309111021
20683	0.003872845151
20684	0.01593346289
20685	0.005959245035
20686	0.0005121628019
20687	0.009997891771
20688	0.003899653969
20689	0.0005170087433
20690	0.002727408789
20691	0.003134718221
20692	0.005620521212
20693	0.002294139438
20694	0.001342092303
20695	0.003766015688
20696	0.0001088972689
20697	0.01144731425
20698	0.00238886425
20699	0.0005393081569
20700	0.008334196047
20701	0.005579714118
20702	0.004398936963
20703	0.0002405783209
20704	0.00218026584
20705	0.0004006123683
20706	0.001363422362
20707	0.007862848739
20708	0.003629023272
20709	0.0002396503429
20710	0.01037201572
20711	0.004538853419
20712	0.009936297756
20713	0.0002995795069
20714	0.004009379559
20715	0.0006815139607
20716	0.0003367163999
20717	0.0005854614269
20718	0.0008352340169
20719	0.00045939635
20720	0.0002156572687
20721	0.001710762923
20722	0.005455553935
20723	0.00286235279
20724	0.0004748063825
20725	0.0007805545056
20726	0.001593345109
20727	0.004823699556
20728	0.004788242121
20729	0.0005528776078
20730	0.0004228716079
20731	0.006493521084
20732	0.001555580023
20733	0.004651436779
20734	0.001595534104
20735	0.008243761327
20736	0.001686143814
20737	0.004375429662
20738	0.0008067386825
20739	0.0005929585948
20740	0.007532279967
20741	0.006744287689
20742	0.004561053125
20743	0.004613827858
20744	0.001020286243
20745	0.0004437184484
20746	0.00206501588
20747	0.01352932162
20748	0.003622949884
20749	0.0004039705841
20750	0.002552578181
20751	0.01429793682
20752	0.008706527532
20753	0.000556742383
20754	0.01153985385
20755	0.00127074461
20756	0.01433130036
20757	0.01183297635
20758	0.005058395861
20759	0.001958667585
20760	0.0002687085625
20761	0.003306051881
20762	2.247622492e-05
20763	0.01748148985
20764	0.006816790176
20765	0.0001502611053
20766	0.005220335818
20767	0.002629239713
20768	0.0008854834284
20769	0.006146716273
20770	0.0008652250273
20771	0.0005837931494
20772	0.0007184715283
20773	0.0007733893938
20774	0.004413130569
20775	0.009175828907
20776	0.003893500667
20777	0.00396333839
20778	0.0003262137802
20779	0.001455882257
20780	0.0002171421125
20781	0.005229590195
20782	0.002613843111
20783	0.007864510649
20784	0.00102843341
20785	0.0003376933442
20786	0.0009294952945
20787	0.0007286762308
20788	0.007846880842
20789	0.0008241413602
20790	0.001714786196
20791	0.005938762539
20792	0.0002902195689
20793	0.001935676036
20794	0.002849833675
20795	0.007406466499
20796	0.008631850913
20797	0.002095856868
20798	0.01049236012
20799	0.002476503404
20800	0.006091568754
20801	0.01111832621
20802	0.009259715582
20803	0.005745934796
20804	0.004009550457
20805	0.0006354558596
20806	0.0050263701
20807	0.01209529642
20808	0.002863034183
20809	0.0009695514788
20810	7.926958864e-05
20811	0.005163129578
20812	0.008083076336
20813	0.001163712532
20814	0.009908803879
20815	0.00887740719
20816	0.003560560966
20817	0.007508326555
20818	0.01191250466
20819	0.006058212257
20820	0.01608596183
20821	0.0001108513861
20822	0.00600808187
20823	0.0125103258
20824	0.005321838381
20825	0.01547240393
20826	0.005435155778
20827	0.00970299038
20828	0.004650371358
20829	0.005188501546
20830	0.006096624107
20831	0.0002010302681
20832	0.007458232535
20833	0.004751743784
20834	0.001516096519
20835	0.0001710655464
20836	0.001476395682
20837	0.001834354738
20838	0.001841431456
20839	0.00757016682
20840	0.007580156552
20841	0.01443629462
20842	0.01194376473
20843	0.002619102332
20844	0.002792886807
20845	0.007287278994
20846	0.003236686983
20847	0.007923444968
20848	0.0007383253595
20849	0.009938730519
20850	0.006992224503
20851	0.004807514116
20852	0.00113189759
20853	0.001244729162
20854	0.008274885289
20855	0.0009701038452
20856	0.005193827206
20857	0.0025512739
20858	0.002520903075
20859	0.003942364096
20860	0.006628062639
20861	2.542490071e-05
20862	0.004624694073
20863	0.005393231525
20864	0.001979480101
20865	9.942837258e-05
20866	0.007485478531
20867	0.002269469419
20868	0.001044982978
20869	0.001222199055
20870	0.0005240035192
20871	0.0002825600968
20872	0.005215015026
20873	0.008651847907
20874	0.0039897815
20875	0.00967880466
20876	0.0007551887522
20877	0.01003451861
20878	0.005957047336
20879	0.005724692496
20880	0.008066414111
20881	0.003391151658
20882	0.005467850533
20883	0.002648715935
20884	0.00865295874
20885	0.002582938258
20886	0.00037614376
20887	0.01097430327
20888	0.003287420915
20889	0.006645534772
20890	0.001787728928
20891	0.01265900941
20892	0.0205985654
20893	0.006418121079
20894	0.007118519147
20895	0.001243584828
20896	0.002002848989
20897	0.001851307053
20898	0.005392085263
20899	0.001412008608
20900	0.001295329962
20901	0.002739392059
20902	0.00290980199
20903	0.000365427446
20904	0.0003194264692
20905	0.000374122341
20906	0.004717972992
20907	0.01213875716
20908	0.002674927631
20909	0.0001224568004
20910	0.01200916194
20911	0.001955447212
20912	0.002974316499
20913	0.007169272104
20914	0.003404910293
20915	0.007652557606
20916	0.003288430488
20917	0.0007928932834
20918	0.001752233886
20919	0.0008924092594
20920	0.004531236116
20921	0.0001741569614
20922	0.009025145388
20923	0.0007551858371
20924	0.00587576745
20925	6.36861876e-05
20926	0.005124883009
20927	0.002869143462
20928	0.007723737014
20929	0.001067966285
20930	0.001134596132
20931	0.0154130271
20932	0.002211808698
20933	0.008052984968
20934	0.00850313147
20935	0.02406568323
20936	0.008203733308
20937	0.003175933788
20938	0.01096313033
20939	0.002956327586
20940	0.0148110277
20941	8.188881211e-05
20942	0.008462096381
20943	0.01155584353
20944	0.001178958147
20945	0.00506980366
20946	0.01447678731
20947	0.003279223771
20948	0.0007274568863
20949	0.003300438525
20950	0.0004263908551
20951	0.0005633108603
20952	0.002112495986
20953	0.02184119106
20954	0.003139146456
20955	0.001205535806
20956	0.002146314628
20957	0.0007732097602
20958	0.0004856971824
20959	0.006017669214
20960	0.009223268946
20961	0.003405534726
20962	0.0002281878616
20963	0.00263854693
20964	0.001100649623
20965	0.0008267089192
20966	0.002685288853
20967	0.0005643943567
20968	0.0001014358337
20969	0.001071582509
20970	0.01310272917
20971	0.02704731338
20972	0.008153762014
20973	0.00640826862
20974	0.003850751908
20975	0.002091978233
20976	0.008674985408
20977	0.01143933868
20978	0.002063833614
20979	0.0003596429561
20980	0.005564507404
20981	0.0007194747549
20982	0.004441978615
20983	0.004014823266
20984	0.003759529845
20985	0.00505824695
20986	0.001715269946
20987	0.0003206420056
20988	7.982863758e-05
20989	0.00420176232
20990	0.005043112988
20991	0.0151201797
20992	0.005324487368
20993	0.01503785382
20994	0.004013257135
20995	0.008321405287
20996	0.002918927399
20997	0.006747387308
20998	0.02270868665
20999	0.006885020795
21000	0.0169195043
21001	0.002971742537
21002	0.01267038922
21003	0.00758622863
21004	0.00559596745
21005	0.005297827625
21006	0.004939274665
21007	0.008464855834
21008	0.001426659224
21009	0.01012452995
21010	0.003015307339
21011	0.006520971115
21012	0.0009891506457
21013	0.003207329099
21014	0.007701396657
21015	0.0008663664839
21016	0.004890337432
21017	0.001413404198
21018	0.001991543113
21019	0.005580192946
21020	0.01983654044
21021	0.001245650616
21022	0.009078762026
21023	0.001785518822
21024	0.0001464519291
21025	0.009342088817
21026	0.003661833047
21027	0.002985026504
21028	0.001324561213
21029	0.0001325828943
21030	0.001665571518
21031	0.01530091896
21032	0.01237957362
21033	0.01800609401
21034	0.001345285086
21035	0.001687838194
21036	0.01207425305
21037	0.001312568181
21038	0.002052683716
21039	0.008687658627
21040	0.001240360916
21041	0.009767574639
21042	0.001369510974
21043	0.0003315236336
21044	0.000897405508
21045	0.006469518035
21046	0.001036782311
21047	0.007389804257
21048	0.002576438239
21049	0.003116250664
21050	0.006087299182
21051	0.004030245183
21052	0.001115603366
21053	0.002149976577
21054	0.0001698005424
21055	0.003070980262
21056	0.01664528712
21057	0.004188246587
21058	0.0003157717142
21059	0.006792383178
21060	0.01160091314
21061	0.007101570579
21062	0.004943252697
21063	0.0006090851829
21064	0.007735172237
21065	0.0009362069755
21066	0.005696541312
21067	0.003254510907
21068	0.01735497962
21069	0.001589423502
21070	0.009796911915
21071	0.002792818312
21072	0.00293103819
21073	0.004184262564
21074	0.00577793174
21075	0.001905325713
21076	0.01624452413
21077	0.01230450914
21078	0.00448283202
21079	0.009252356904
21080	0.0001888995381
21081	0.01271850133
21082	0.01790985125
21083	0.004721721497
21084	0.01492566366
21085	0.01024283127
21086	0.002051076256
21087	0.0009600950589
21088	0.006466222575
21089	0.00153786535
21090	0.006645333441
21091	0.009209580957
21092	0.001056547834
21093	0.002059064037
21094	0.01157021357
21095	0.008890569208
21096	0.00244948358
21097	0.0120996229
21098	0.02444003128
21099	0.009116984403
21100	0.008476659679
21101	0.004463096126
21102	0.0004426414171
21103	0.004420011553
21104	0.004320556045
21105	0.002011460926
21106	0.01353695225
21107	0.003731500372
21108	0.01633083941
21109	0.004020261093
21110	0.005840668281
21111	0.009050158628
21112	0.01499010195
21113	0.01619135668
21114	0.00481300234
21115	0.009768179505
21116	0.004821193574
21117	0.01355988767
21118	0.001891948457
21119	0.02018041372
21120	0.00582011944
21121	0.0009945831005
21122	0.001686239573
21123	0.01362626301
21124	0.001379818361
21125	0.01856519002
21126	0.007989352297
21127	0.007090706235
21128	0.00205758291
21129	0.009810217047
21130	0.00136826741
21131	0.003721999656
21132	0.002799294728
21133	0.00302925833
21134	0.000187149104
21135	0.0144398804
21136	0.002353802501
21137	0.009123388887
21138	0.005645463822
21139	0.004790475887
21140	0.009080054387
21141	0.005446927259
21142	0.005120362585
21143	0.007037735249
21144	0.003599926951
21145	0.0003146346782
21146	0.005707943734
21147	0.003741855462
21148	0.003178423729
21149	0.0009877974619
21150	0.0007447536072
21151	0.0002955193884
21152	0.002038856335
21153	0.004732718446
21154	0.00216557877
21155	0.001094321883
21156	0.0001121157253
21157	0.00306803482
21158	0.0009249004527
21159	0.004355917387
21160	0.006241617926
21161	0.007991860419
21162	0.001656753398
21163	0.001986697262
21164	0.0001081552852
21165	0.01147235209
21166	0.0001516419086
21167	0.004412000173
21168	0.0002790868087
21169	0.004834680231
21170	0.006833758914
21171	0.001354301899
21172	0.005543918547
21173	0.0005554824639
21174	0.006623667936
21175	0.01221094865
21176	0.01032600354
21177	0.00891380761
21178	0.00254773668
21179	0.001167558066
21180	0.000118991867
21181	0.01070319935
21182	0.008212561731
21183	0.001748550822
21184	0.004996986807
21185	0.00141009053
21186	0.002184639141
21187	0.0008766267017
21188	0.003825067625
21189	0.000784146712
21190	0.009860932136
21191	0.005363267157
21192	0.001096352747
21193	0.002768587331
21194	0.01633856321
21195	0.008832376696
21196	0.002601070943
21197	0.003086570616
21198	0.008766237771
21199	0.008296151014
21200	0.006534963337
21201	0.001265289281
21202	0.001558104809
21203	0.003396234733
21204	0.003358027497
21205	0.002775290356
21206	0.003745464984
21207	0.00146644445
21208	0.001257616474
21209	0.007164646294
21210	0.006341243784
21211	0.0005242254507
21212	0.003899407661
21213	0.01006855123
21214	0.00659753197
21215	0.006010247425
21216	0.0009076471555
21217	0.004689055693
21218	0.003197999786
21219	0.01689510472
21220	0.001456684155
21221	0.003050884191
21222	0.005568637153
21223	0.01214855239
21224	0.0006188010226
21225	0.003931293194
21226	0.0001004505522
21227	0.001434720073
21228	0.0003683306046
21229	0.009439561495
21230	0.001955183962
21231	0.01081597878
21232	0.008483666054
21233	0.008669049468
21234	0.009404484766
21235	0.001486890958
21236	0.002691212398
21237	0.001387924925
21238	0.002608657253
21239	0.001294279156
21240	0.0146784241
21241	0.01147936599
21242	0.002608731233
21243	0.003499494226
21244	0.002616097525
21245	0.0001937119096
21246	0.0009737972799
21247	0.01616944989
21248	0.00102727316
21249	0.0009977968761
21250	0.002332745167
21251	0.002686762992
21252	0.008456176653
21253	0.007282910975
21254	0.002029569375
21255	0.001006591459
21256	0.005690060142
21257	0.00499013677
21258	0.01395952096
21259	0.002145543809
21260	0.001083047698
21261	0.003395275129
21262	0.004618974222
21263	0.003673367915
21264	0.004854270992
21265	0.004197895598
21266	0.009037449021
21267	0.01554345375
21268	0.01709283761
21269	0.01104957779
21270	0.01297007287
21271	0.004373502785
21272	0.0004522249188
21273	0.001538379171
21274	0.01660577997
21275	0.005007470606
21276	0.00537009565
21277	0.000946086154
21278	4.898798643e-06
21279	0.0004933737833
21280	0.0009600143984
21281	0.001485646628
21282	0.0003135651848
21283	0.0005916753994
21284	0.0005303709039
21285	3.46488177e-05
21286	0.002032470615
21287	0.007149991215
21288	0.00286512691
21289	0.002745696431
21290	0.007472579721
21291	0.01109469569
21292	0.0009902704841
21293	0.0005264459697
21294	0.01599005527
21295	0.001831170232
21296	0.01834291734
21297	0.01392012375
21298	0.01908348062
21299	0.001478163371
21300	0.009701377094
21301	0.006200042564
21302	0.002954292605
21303	0.003243342416
21304	0.01314008099
21305	0.01259144819
21306	0.002689037235
21307	0.0004973592487
21308	0.001049822109
21309	0.001006571587
21310	0.00957540446
21311	0.005709588408
21312	0.01636266301
21313	0.008855183749
21314	0.01767525735
21315	0.00111958789
21316	0.0003676110492
21317	0.00549853215
21318	0.003135402621
21319	0.01065846655
21320	0.001162197186
21321	0.01051650356
21322	0.007522101647
21323	0.00855712467
21324	0.006458274495
21325	0.01466850731
21326	0.003354971478
21327	0.01114640019
21328	0.002370196135
21329	0.01485214327
21330	0.001601682473
21331	0.008865821596
21332	0.0003694116054
21333	0.0008855255395
21334	0.007254501687
21335	0.008431312269
21336	4.257755683e-05
21337	0.008863067595
21338	0.0005810953235
21339	0.001550883597
21340	0.002273171852
21341	0.01238267905
21342	0.003445969333
21343	0.002784954181
21344	0.002211231262
21345	0.000944842118
21346	0.003087429053
21347	0.006790013337
21348	0.002794485422
21349	0.0003165089211
21350	0.001579702707
21351	0.001043514805
21352	0.002897332413
21353	2.826790734e-05
21354	0.002262477198
21355	0.009289191078
21356	0.0005814627751
21357	0.002159701823
21358	0.004728618062
21359	0.003338799124
21360	9.745613616e-05
21361	0.00157872479
21362	0.0005494746025
21363	0.006196253896
21364	0.002339286756
21365	0.004295146038
21366	0.004233287264
21367	0.001623314153
21368	0.008533209321
21369	0.001969409895
21370	0.0004779552764
21371	0.001924427172
21372	0.003330637969
21373	0.007705633589
21374	0.004057299247
21375	0.006412958864
21376	0.007690061479
21377	0.002983082006
21378	0.004229016594
21379	0.002805007095
21380	0.001004574259
21381	0.02262218292
21382	0.002016051352
21383	0.001738716726
21384	0.006875816652
21385	0.002988070524
21386	0.002796804068
21387	0.01105016217
21388	0.004450290009
21389	0.003813736954
21390	0.0005879034715
21391	0.001156394802
21392	0.002716790462
21393	0.003171719428
21394	0.001245332688
21395	0.004238007003
21396	0.005717302527
21397	0.005198558929
21398	0.01270837472
21399	0.008534576975
21400	0.01012226875
21401	0.01116137228
21402	0.002154847476
21403	0.001412466794
21404	0.001547153746
21405	0.01085252793
21406	0.0004070672898
21407	0.009306046977
21408	0.009169847291
21409	0.0039893909
21410	0.003040541489
21411	0.002279504497
21412	0.01570109975
21413	0.008821987329
21414	0.006448733742
21415	0.004293827674
21416	0.009406691981
21417	0.002316527369
21418	0.003327203716
21419	0.004788017177
21420	0.0009263385005
21421	0.008374614201
21422	0.003249237059
21423	0.0009336599408
21424	0.0005103376188
21425	0.004517941488
21426	0.005666424413
21427	0.01138916808
21428	0.005476412339
21429	0.006126024127
21430	0.008178599051
21431	0.01196718366
21432	0.01531944846
21433	0.002358014318
21434	0.01320226035
21435	0.00141026147
21436	0.006458315702
21437	0.01204746377
21438	0.00406362374
21439	0.001472026615
21440	0.0003732172988
21441	0.003735320125
21442	0.01273147478
21443	0.006760018202
21444	0.001298381149
21445	0.002848232289
21446	0.002992147516
21447	0.00184840134
21448	0.01253164876
21449	0.0007540882908
21450	0.002570606949
21451	0.003184556477
21452	0.001518009555
21453	0.006420536124
21454	0.00271499169
21455	0.0002631160708
21456	0.01751918377
21457	0.008250108823
21458	0.0002763060012
21459	0.007675383841
21460	0.00586459042
21461	0.01094078953
21462	0.001089642578
21463	0.01197057046
21464	0.005008170452
21465	0.001679203978
21466	0.004889695194
21467	0.00687118412
21468	0.007074191525
21469	0.01768223797
21470	0.0007470714548
21471	0.01975965606
21472	0.002374431576
21473	0.004414365838
21474	0.0007103319896
21475	0.01036401954
21476	0.001342445382
21477	6.014482282e-05
21478	0.01801714013
21479	0.01020339211
21480	0.0111697917
21481	0.002823324254
21482	0.000698997175
21483	0.001773692952
21484	0.006667452882
21485	0.0001123518525
21486	0.01210313502
21487	0.003922240318
21488	0.004541393134
21489	0.009183318014
21490	0.005747352071
21491	0.003198904495
21492	0.0008876514501
21493	0.003621847351
21494	3.430062114e-05
21495	0.003653348138
21496	0.003225790867
21497	0.005394315091
21498	0.01116115673
21499	0.002422426796
21500	0.02050552997
21501	0.005057387183
21502	0.004022887269
21503	0.003709335985
21504	0.0002264806801
21505	0.003941772722
21506	0.002828891801
21507	0.01392692458
21508	0.002852907562
21509	0.006842213983
21510	0.0006195738343
21511	0.001160098175
21512	0.004834707455
21513	0.0005856574471
21514	0.01106094883
21515	0.0006102522379
21516	0.001009955161
21517	0.0006129311373
21518	0.001629410772
21519	0.003375186543
21520	0.009584998541
21521	0.008144920987
21522	0.0005018016028
21523	0.0005232650612
21524	0.00531606068
21525	0.009379739948
21526	0.006672319494
21527	0.007500382906
21528	0.002888790348
21529	0.002040403581
21530	0.005616932962
21531	0.002018612788
21532	0.005132865547
21533	0.009424313797
21534	0.005393214137
21535	0.002425635266
21536	0.01192571728
21537	0.01161565212
21538	0.0004360655777
21539	0.007966457506
21540	0.01268637875
21541	0.0002091988957
21542	0.0002037373903
21543	0.006376633446
21544	0.001011712363
21545	0.01586283422
21546	0.01025344344
21547	0.001686439724
21548	0.001092662787
21549	0.001616719476
21550	0.00122505697
21551	0.000587101304
21552	0.01755010848
21553	0.004675333729
21554	0.001886860685
21555	0.004996012961
21556	0.002549577329
21557	0.0261731696
21558	0.01134946244
21559	0.002075231722
21560	0.004317234537
21561	0.01256919921
21562	0.008725455404
21563	0.01078663959
21564	0.00138958189
21565	0.006035363167
21566	0.004334692635
21567	0.01090596832
21568	0.0105821275
21569	0.006457844033
21570	0.001884617142
21571	0.0007571113041
21572	0.003113491448
21573	0.001602142411
21574	0.0002946853439
21575	0.01087478816
21576	0.004792355882
21577	0.0009939503682
21578	0.002496401632
21579	0.01338396304
21580	0.00860821388
21581	0.002380309668
21582	0.005216564781
21583	0.0001824984982
21584	0.002630992024
21585	0.001277758672
21586	0.01490318905
21587	0.002288494166
21588	0.006587643582
21589	0.01361584601
21590	0.01702660472
21591	0.003163230732
21592	0.01179542063
21593	0.004541235418
21594	0.002023350051
21595	0.001634904045
21596	0.005195102411
21597	0.001856261973
21598	0.002269164979
21599	0.001860756643
21600	0.002052203413
21601	0.01381876381
21602	0.005159188369
21603	0.003473506834
21604	0.005132676165
21605	0.0003727964155
21606	0.006268160243
21607	0.001171143342
21608	0.005557690825
21609	0.008261459374
21610	0.0004235935601
21611	0.01085276606
21612	0.004033590343
21613	0.0009265449097
21614	0.009858923533
21615	0.001674943861
21616	0.006093669234
21617	0.007769679737
21618	0.002922458845
21619	0.0006651106951
21620	0.0008234450947
21621	0.001179596371
21622	0.0009642275852
21623	0.001523169145
21624	0.004750907493
21625	0.005375777774
21626	0.001021708776
21627	0.002478214088
21628	0.01840968273
21629	0.0169439564
21630	0.01804659084
21631	0.02342506853
21632	0.01045993016
21633	0.003989305914
21634	0.008475810019
21635	0.009696416705
21636	0.003123287138
21637	0.001624879836
21638	0.01111842024
21639	0.001891429136
21640	0.009470431377
21641	0.01361644247
21642	0.00586333489
21643	0.003803779871
21644	0.003354100328
21645	0.0008091366512
21646	0.0006678577844
21647	0.00477139899
21648	0.001965146443
21649	0.0002667230724
21650	0.004250492055
21651	0.003569130847
21652	0.008266241616
21653	0.001686560476
21654	0.005769757597
21655	0.001228265239
21656	0.000632492735
21657	0.01005572013
21658	0.0008821363009
21659	0.009142194925
21660	0.002323632097
21661	0.01120632112
21662	0.003691447783
21663	0.001932199948
21664	0.000271028421
21665	0.001973468181
21666	0.001377184462
21667	0.00571874859
21668	0.008038877515
21669	0.00136864293
21670	0.004714400487
21671	0.003405139451
21672	0.004868471631
21673	0.0006927130088
21674	0.0003188639532
21675	0.01764377992
21676	0.003976849495
21677	0.006629008352
21678	0.001354224011
21679	0.00991491978
21680	0.00796353227
21681	0.002655890597
21682	0.002032454594
21683	0.00735037322
21684	0.01295063431
21685	0.001635219432
21686	0.01027048178
21687	0.0005542681795
21688	0.005919444068
21689	0.0007824493228
21690	0.01008683269
21691	0.003555885501
21692	0.002548693579
21693	0.0093193392
21694	0.002451134496
21695	6.493447905e-05
21696	0.003489515089
21697	0.002992418257
21698	0.001198153966
21699	0.002854303547
21700	0.0009937064357
21701	0.002289383396
21702	0.001549629819
21703	0.01523393418
21704	0.001816947937
21705	0.01363860281
21706	0.001844158547
21707	0.005681437412
21708	0.001060293285
21709	0.006707732683
21710	0.004698344722
21711	0.003797966598
21712	0.005677379006
21713	0.01690743184
21714	0.01115186734
21715	0.00339082525
21716	0.002201043516
21717	0.002545751882
21718	0.001981977541
21719	0.001389115401
21720	0.004323114105
21721	0.02286589239
21722	0.005867763851
21723	0.01639867256
21724	0.02253218138
21725	0.0004005830395
21726	0.004057264482
21727	0.003914493442
21728	0.0001806737738
21729	0.001392823311
21730	0.00186059313
21731	0.004655902555
21732	0.005475823531
21733	0.004669651739
21734	0.0006101762564
21735	0.006430098973
21736	0.005949115072
21737	0.01507589363
21738	0.002831314263
21739	0.01660076006
21740	0.01574213477
21741	0.001631284197
21742	1.17047896e-05
21743	0.002578491585
21744	0.002252893261
21745	0.002123393874
21746	0.003352919689
21747	0.0008850826724
21748	0.003924723369
21749	0.00704352331
21750	0.0006255863338
21751	0.0001271473099
21752	0.0003919673379
21753	0.003304526343
21754	0.004341802931
21755	0.000865021133
21756	0.000311990402
21757	0.008418025966
21758	0.01339896034
21759	0.01438677925
21760	0.009584847651
21761	0.004365099133
21762	0.008150025218
21763	0.007722498209
21764	0.002748452883
21765	0.002269732566
21766	0.01064170092
21767	0.003333789387
21768	0.00422127238
21769	0.0001986897031
21770	0.002307292183
21771	0.004716122419
21772	0.00550401824
21773	0.00151872439
21774	0.0004790445258
21775	0.0002735992065
21776	0.0001625508394
21777	0.004050059925
21778	0.001259593071
21779	0.004665505552
21780	0.001591798428
21781	0.01861525484
21782	0.001187352269
21783	0.002014269043
21784	0.0001693382298
21785	0.01513502509
21786	0.001837174772
21787	0.007437653654
21788	0.003414102082
21789	0.004486833107
21790	0.004732594113
21791	0.01154906376
21792	0.002404842563
21793	0.006446985482
21794	0.0015559486
21795	0.0005264572506
21796	0.01128843525
21797	0.001411332477
21798	0.0006923126774
21799	0.0008384849937
21800	0.005956648045
21801	0.01129018515
21802	0.004853018295
21803	0.001391836912
21804	0.0007037800898
21805	0.001826753457
21806	0.003719123741
21807	0.002857941103
21808	0.002747236768
21809	0.006478535029
21810	0.001484995979
21811	0.0005403253468
21812	0.00151863113
21813	0.0002660763099
21814	0.008938408221
21815	0.003900472916
21816	0.001072293225
21817	0.001011620067
21818	0.0001317016027
21819	0.0005810507793
21820	0.004539981408
21821	0.0003235048393
21822	0.002014033637
21823	7.871126566e-05
21824	0.002279719755
21825	0.003226113026
21826	0.000670931547
21827	0.008546545244
21828	0.0004848953395
21829	0.000376988101
21830	0.001544705603
21831	0.0001839728745
21832	0.0007179416168
21833	0.01318101419
21834	0.004730057382
21835	0.005464853168
21836	0.0005934569401
21837	0.003071963677
21838	0.0003975906448
21839	0.006660154393
21840	0.001839454792
21841	0.002098516956
21842	0.0008847758351
21843	0.01177778337
21844	0.002912851197
21845	0.008240204426
21846	0.004601220337
21847	0.009221704117
21848	0.0001399318587
21849	0.007895092032
21850	0.009828681668
21851	0.0004741020871
21852	0.01527437103
21853	0.00758715094
21854	0.000238717903
21855	0.001520983251
21856	0.000636870574
21857	0.002039607293
21858	0.0005421704804
21859	0.007935657383
21860	0.0001448339916
21861	0.008420707007
21862	0.001316245543
21863	0.007202010159
21864	0.00266717005
21865	0.0005094132673
21866	0.01025945945
21867	0.0008143695154
21868	2.81457795e-05
21869	0.001381194364
21870	0.001027309522
21871	0.003378985234
21872	0.005136199027
21873	0.001228773802
21874	0.002447261393
21875	0.001321249334
21876	0.001210950194
21877	0.007943406138
21878	0.002452461675
21879	0.01144628186
21880	0.001928121435
21881	0.01781325164
21882	0.01153087347
21883	0.0024854817
21884	0.0007257713681
21885	0.001364996681
21886	0.0006541184831
21887	0.0072446928
21888	0.004798103972
21889	0.0009752260717
21890	0.00542057614
21891	0.001473422128
21892	0.004785527089
21893	0.02099206428
21894	0.003819411238
21895	0.01095262102
21896	0.01180457797
21897	0.0004770980524
21898	0.007936309485
21899	0.005085984568
21900	0.005415625876
21901	0.003459368783
21902	0.00187865454
21903	0.006690956499
21904	0.01220096524
21905	0.0004384828688
21906	0.002720878065
21907	0.0002401207489
21908	0.006221988461
21909	0.00358109655
21910	0.003533450205
21911	0.001853511521
21912	0.01036995287
21913	0.003152249257
21914	0.006703853495
21915	0.01401808437
21916	0.004063386106
21917	0.01226952647
21918	0.001035045039
21919	0.003662251029
21920	6.282072503e-05
21921	0.0008998597261
21922	0.001399070032
21923	0.0006391058869
21924	0.00576616325
21925	0.004638933235
21926	0.01453893334
21927	0.001429873041
21928	0.00289599404
21929	0.005691551748
21930	0.001084669422
21931	0.005150459424
21932	0.002492657813
21933	0.00555020471
21934	0.003536556004
21935	0.004594067851
21936	0.01721751686
21937	0.007000089797
21938	0.0009562059994
21939	0.006859882234
21940	0.01672573637
21941	0.0009774391964
21942	0.0007792157022
21943	0.007761998374
21944	0.00366645821
21945	0.000229658135
21946	0.00455831263
21947	0.008568888626
21948	0.007588745154
21949	0.002084470919
21950	0.003449295443
21951	0.005297966195
21952	0.004572334033
21953	0.007093311442
21954	0.002394575642
21955	0.001541420196
21956	0.00225850817
21957	0.00178170174
21958	0.001630917649
21959	0.002045768113
21960	0.0003345624503
21961	0.0005587611801
21962	0.001608910785
21963	0.004619477408
21964	0.003120355414
21965	0.004829844735
21966	0.002850213148
21967	0.003603095371
21968	0.0007624516492
21969	0.004009672402
21970	0.004593098464
21971	0.001983424666
21972	0.004721208829
21973	0.002584980116
21974	0.006880374377
21975	9.725297828e-05
21976	0.0002022218224
21977	0.001301078345
21978	0.01496380422
21979	0.0008771846241
21980	0.0002750484345
21981	0.004363544362
21982	0.005526578659
21983	0.003902866483
21984	0.017141367
21985	0.006364353579
21986	0.001330247285
21987	0.006272473163
21988	0.007174747826
21989	0.008777246759
21990	0.02198706045
21991	0.001645794209
21992	0.001902675263
21993	0
21994	0.01010986525
21995	0.00547592304
21996	0.001112359108
21997	0.003832830612
21998	0.0001453894173
21999	0.001701370361
22000	0.01183401753
22001	0.001067759698
22002	0.005706609704
22003	0.0182936201
22004	0.005188890032
22005	0.0007955280639
22006	0.001206661578
22007	0.003408903947
22008	0.01167415435
22009	0.0004950966055
22010	0.0002549411211
22011	0.00831208559
22012	0.001058985271
22013	0.005614282694
22014	0.004617137451
22015	0.002417763847
22016	0.01060555048
22017	0.003483806137
22018	0.009344106609
22019	0.002671337278
22020	0.002533817948
22021	0.002792170959
22022	0.008387439732
22023	0.0006049414014
22024	0.001982439335
22025	0.003800628163
22026	0.008237315456
22027	0.001825832391
22028	0.0007717595765
22029	0.004650044542
22030	0.0003622940571
22031	0.005992507209
22032	0.003295542299
22033	7.905767378e-05
22034	0.003397845331
22035	0.005753125413
22036	0.002620841476
22037	0.001617474313
22038	0.008299694012
22039	0.0005603258246
22040	0.007601944328
22041	0.003944410144
22042	0.0009289483566
22043	0.00817551916
22044	0.0005164217426
22045	0.01039882865
22046	0.0079284342
22047	0.002203295949
22048	0.009538544884
22049	0.003234926091
22050	0.009284627583
22051	0.00550794505
22052	0.001861271603
22053	0.001166578377
22054	0.004708905347
22055	0.009400196116
22056	0.004384130634
22057	0.008867564082
22058	0.01348545562
22059	0.002918397081
22060	0.005086538757
22061	0.001714636246
22062	0.002626855481
22063	0.004118402261
22064	9.60067909e-05
22065	0.002001257951
22066	0.01171023592
22067	0.003686157291
22068	0.004164019194
22069	0.01327311328
22070	0.02196193928
22071	0.006735382073
22072	0.007804617919
22073	0.007361211083
22074	0.00304766403
22075	0.005146492428
22076	0.0002630045328
22077	0.004087772338
22078	0.007455546775
22079	0.003266912341
22080	0.008654848987
22081	0.002848596688
22082	0.003619354747
22083	0.005746495321
22084	0.01726506763
22085	0.000829320489
22086	0.003982120169
22087	0.0004586506351
22088	0.002129457125
22089	0.004545501872
22090	0.0009732985489
22091	0.002418676756
22092	0.0002907543212
22093	0.0012896343
22094	0.01178236339
22095	0.007718277759
22096	0.005147363542
22097	0.0005915365158
22098	0.01215280111
22099	0.003906972036
22100	0.001441135207
22101	0.007681754267
22102	0.01016307597
22103	0.01506044875
22104	3.09923559e-05
22105	0.006695305521
22106	0.001620064484
22107	0.006830057576
22108	0.001197753014
22109	0.001783695895
22110	0.004310660308
22111	0.003797209114
22112	0.0004662407189
22113	0.01611240487
22114	0.01544236718
22115	0.01180355279
22116	0.002979601472
22117	0.003763732712
22118	0.00233228488
22119	0.003597301217
22120	0.001055330362
22121	0.0004068573127
22122	0.005084058979
22123	0.002464639692
22124	0.006903316035
22125	0.001860320838
22126	0.006805555574
22127	0.01171218592
22128	0.007401860245
22129	0.001870116473
22130	0.001366589231
22131	0.003123320685
22132	0.003466834463
22133	0.01069448193
22134	0.002446202854
22135	0.004523670943
22136	0.01996002453
22137	0.001181867265
22138	0.001023068605
22139	0.001844253589
22140	0.0002856789908
22141	0.001554439312
22142	0.001407563423
22143	0.0006763496047
22144	0.01157747323
22145	0.006042912251
22146	0.002176772227
22147	0.0005080202515
22148	0.004122014422
22149	0.002902534536
22150	0.007992864665
22151	0.0008348487161
22152	0.005770037786
22153	0.01237427652
22154	0.002865121619
22155	0.001762365617
22156	0.00208361819
22157	0.0008369468052
22158	0.0009657390195
22159	0.002152691033
22160	0.0008027775755
22161	0.002855823992
22162	0.001303153858
22163	0.001620055868
22164	0.001723878669
22165	0.002903410247
22166	0.01868245275
22167	0.007860175536
22168	0.002868156107
22169	0.007547985636
22170	0.002707277465
22171	0.00968984538
22172	0.004877756869
22173	0.02037109391
22174	0.004450347147
22175	0.002283158492
22176	0.0005935200726
22177	0.001340437262
22178	0.003468604145
22179	0.0004350745665
22180	0.007689150506
22181	0.003593968837
22182	0.008037458555
22183	0.009927219151
22184	0.001077295563
22185	0.002557220899
22186	0.00851235128
22187	0.001597685481
22188	0.007301554833
22189	0.007460116395
22190	0.01798043729
22191	0.0007817925495
22192	0.0009001797217
22193	0.01369848344
22194	0.002820970106
22195	0.004931232083
22196	0.003441961849
22197	0.007083502031
22198	0.00314419546
22199	1.537636888e-05
22200	0.0005362139466
22201	0.0006150738228
22202	0.01119978165
22203	0.003579198119
22204	0.02241169346
22205	0.01160388265
22206	0.00274256765
22207	0.01315742425
22208	0.008757429828
22209	0.001114340032
22210	5.054784564e-05
22211	0.00200722716
22212	0.00293718835
22213	0.004515806197
22214	0.005108421611
22215	0.001257787426
22216	0.00168430074
22217	0.003726424832
22218	0.001781895938
22219	0.003130688897
22220	0.0003130325894
22221	0.0002711063443
22222	0.003125435045
22223	0.005169432452
22224	0.00201071965
22225	0.003707401293
22226	0.008073289991
22227	0.001476980196
22228	0.004785214745
22229	0.001372908382
22230	0.0007045956758
22231	0.001411498366
22232	0.0002728600637
22233	0.001126735024
22234	0.002577440216
22235	0.001350063217
22236	0.003986273418
22237	0.005522264369
22238	0.003819825787
22239	0.001779668579
22240	0.00273191734
22241	0.01415650365
22242	0.00542222876
22243	0.0009867124569
22244	0.003630695488
22245	0.008197307412
22246	0.002845497366
22247	0.002629876097
22248	0.008100758371
22249	0.003526707396
22250	0.01560262327
22251	0.001690110472
22252	0.0002928739971
22253	0.0003014193153
22254	0.006344305662
22255	0.003699218868
22256	0.003662036763
22257	0.0005203262422
22258	0.003392818436
22259	0.004635049361
22260	0.004512784402
22261	0.0001732889046
22262	0.0006145389306
22263	0.01514949895
22264	0.004882041889
22265	8.35922101e-05
22266	0.003698281685
22267	0.002246261535
22268	0.001186067976
22269	0.004916375202
22270	0.001537292446
22271	0.004823936599
22272	0.004065221987
22273	0.004763142961
22274	0.007485628363
22275	0.000293018674
22276	0.002252685676
22277	0.001925091098
22278	0.02349967657
22279	0.00701539621
22280	0.002924186966
22281	0.003295691145
22282	0.003451755682
22283	0.002614099532
22284	0.003946896825
22285	0.007790076497
22286	0.01212328511
22287	0.002833901752
22288	0.009811157975
22289	0.0001672245861
22290	0.002761880194
22291	0.008302342324
22292	6.006258477e-05
22293	0.005092860253
22294	0.003277238829
22295	0.006340979478
22296	0.002560490032
22297	0.001394986463
22298	0.0006475784283
22299	0.0004161729187
22300	0.002773362527
22301	0.01234853092
22302	0.004288830108
22303	0.003102334173
22304	0.01131592795
22305	0.001540669778
22306	0.0005559150019
22307	0.00220308446
22308	0.006377588155
22309	0.002956643929
22310	0.002272262302
22311	0.001655122113
22312	0.001028918598
22313	0.01208157483
22314	0.006581658657
22315	0.003337263848
22316	0.002547067488
22317	0.0001151635809
22318	0.003363940331
22319	0.00703525201
22320	0.0002335312426
22321	0.009664506683
22322	0.0001098124419
22323	0.008158483559
22324	0.003312776104
22325	0.002594367884
22326	0.006521778003
22327	0.001874026078
22328	0.004471091957
22329	0.0002456322842
22330	0.00927425459
22331	0.000377348797
22332	0.0003531142211
22333	0.004579846538
22334	0.002223008787
22335	0.01353657914
22336	0.001786245383
22337	0.008747629632
22338	0.008610713996
22339	0.001684151836
22340	0.009411033707
22341	0.0001569450925
22342	0.008709455657
22343	0.01328863208
22344	0.004122355218
22345	0.01515438937
22346	0.004950373102
22347	0.006990135098
22348	0.01399272169
22349	0.003575843322
22350	0.002295383949
22351	0.003724958472
22352	0.003145319878
22353	0.001167165754
22354	0.00679040433
22355	0.001198595957
22356	0.004931452558
22357	0.001371712757
22358	0.0008149542327
22359	0.005323725318
22360	0.009425582538
22361	0.001028295562
22362	0.006297644089
22363	0.006731253568
22364	0.0007252199073
22365	0.005280074989
22366	0.000618814835
22367	0.00444092507
22368	0.003672948931
22369	0.007892548478
22370	0.002579612227
22371	0.001814342644
22372	0.002942712743
22373	0.003065008328
22374	3.397978572e-05
22375	0.0001816253073
22376	0.0148094443
22377	0.0005385246856
22378	9.339064998e-05
22379	0.006594532392
22380	0.01472182993
22381	0.001370327722
22382	0.0005753021565
22383	0.00269756839
22384	0.0008485576796
22385	0.0002985299519
22386	0.008481475352
22387	0.0006334819282
22388	0.004809062608
22389	0.000172438051
22390	0.001044609774
22391	0.002112789974
22392	0.005064934252
22393	0.003176304583
22394	0.01489578452
22395	0.003179646474
22396	0.02196445585
22397	0.003195830098
22398	0.003258738907
22399	0.004040081715
22400	0.004208511491
22401	0.01019162546
22402	0.003491066494
22403	0.004705488117
22404	0.0008189301704
22405	0.00144212683
22406	0.002717550111
22407	0.0002540344866
22408	0.004745031203
22409	0.002614255831
22410	0.001620820748
22411	0.007954096496
22412	0.005223986709
22413	0.0003501773851
22414	0.001375690996
22415	0.001450528555
22416	0.001617263363
22417	0.0006327278578
22418	0.006433603842
22419	0.01696755293
22420	0.006024380974
22421	0.009356273909
22422	0.00192005107
22423	0.002128486304
22424	0.0006425006108
22425	0.00272594508
22426	0.006712927598
22427	0.009814732851
22428	0.01122667195
22429	0.0007630959233
22430	0.002367341207
22431	0.003649905606
22432	0.002602556343
22433	0.002784832694
22434	0.001067889501
22435	0.01388947679
22436	0.0006601905218
22437	0.003001917677
22438	0.00589778266
22439	0.002727935347
22440	0.002282494934
22441	0.002694761756
22442	0.003920517773
22443	0.003671559063
22444	0.00089711877
22445	0.009773888636
22446	0.001109724751
22447	0.000308285193
22448	0.001669461254
22449	0.003157934811
22450	0.000103364164
22451	0.001886433732
22452	0.003507031357
22453	0.00765765532
22454	0.005481387642
22455	0.002169840863
22456	0.0001236004434
22457	0.005166702258
22458	0.001397824108
22459	0.007708390041
22460	0.004327452127
22461	0.001816944777
22462	0.005502489487
22463	0.004772901696
22464	0.002737086444
22465	0.002047476571
22466	0.0005068786979
22467	0.004281930795
22468	0.01126500969
22469	0.02480161677
22470	0.0005641973556
22471	0.001946547944
22472	0.0009739911512
22473	0.00098548012
22474	0.0008771202146
22475	0.01768757778
22476	0.007182774379
22477	0.0002023119657
22478	0.007378530791
22479	0.001417994287
22480	0.006404440736
22481	0.009397951207
22482	0.009219128679
22483	0.0001500735722
22484	0.003350496965
22485	0.006674521864
22486	0.01265916823
22487	0.004139588264
22488	0.01065979626
22489	0.0003476071681
22490	0.006463354972
22491	1.873408045e-05
22492	0.01649428466
22493	0.002380815914
22494	0.002002034322
22495	7.036043286e-05
22496	0.000567269601
22497	0.007106560383
22498	0.009631838202
22499	0.004009964656
22500	0.008024933834
22501	0.002131367501
22502	0.005525627596
22503	0.00350907602
22504	0.006963976454
22505	0.01891273926
22506	0.001479236168
22507	0.006366950204
22508	0.004652954871
22509	0.0006030948029
22510	0.00538196591
22511	0.01236278793
22512	0.007309883548
22513	0.0002038424151
22514	0.01028473303
22515	0.0008824292292
22516	0.003919669691
22517	0.002391370781
22518	0.002264118558
22519	0.002821484257
22520	0.01658118048
22521	0.0007075320743
22522	0.003035786712
22523	0.00171730184
22524	0.0008546495153
22525	0.0007529597829
22526	0.002822267175
22527	0.005081746614
22528	0.01066826954
22529	0.008275032344
22530	0.002034418595
22531	0.01157532342
22532	0.0164867644
22533	0.00992801591
22534	0.0007111751361
22535	0.003546045108
22536	0.006234235656
22537	0.005112148023
22538	0.007806513337
22539	0.01267131765
22540	0.01461113337
22541	0.01164145065
22542	0.0006284546242
22543	0.007935583553
22544	0.01073587208
22545	0.005034264195
22546	0.001207001059
22547	0.00530628691
22548	0.007249871061
22549	0.01090516822
22550	0.002625531959
22551	0.00119870712
22552	0.003734411132
22553	0.00551081862
22554	0.005102443329
22555	0.005971001082
22556	0.01677053667
22557	0.0006835523263
22558	0.001043672505
22559	0.004975242962
22560	0.0002055867321
22561	0.005788740161
22562	0.01617758704
22563	0.001911150974
22564	0.01383258006
22565	0.01036400818
22566	0.004436840285
22567	0.01219126866
22568	0.001860786316
22569	0.001612751009
22570	0.0002975516086
22571	0.004450724691
22572	0.008552653291
22573	0.001559468708
22574	0.001953129932
22575	0.00543301965
22576	0.0004329062024
22577	0.001017024738
22578	0.0006737030832
22579	0.0007456575252
22580	0.0006886174157
22581	0.0005321940047
22582	0.0008358083136
22583	0.001463221807
22584	0.0001560071118
22585	0.01757039516
22586	0.0001766385502
22587	0.01080911699
22588	0.0006845311844
22589	0.008194209811
22590	0.01332932166
22591	0.002163407024
22592	0.009230636261
22593	0.0005955267433
22594	0.002410016244
22595	0.001335904012
22596	0.003241494667
22597	0.0001252308434
22598	3.586333734e-05
22599	0.000770811682
22600	9.892496011e-05
22601	0.004641874711
22602	0.00189655741
22603	0.004826579115
22604	0.001667248278
22605	0.01070285035
22606	0.003040511076
22607	0.006261825224
22608	0.003928598073
22609	0.005356888299
22610	0.003611373758
22611	0.0009214577801
22612	0.0001719650255
22613	0.006116135398
22614	0.002514466515
22615	0.005800058584
22616	0.0008351132024
22617	0.005119647869
22618	0.007941585263
22619	0.006340485063
22620	0.009368179282
22621	0.002009477693
22622	0.005676575432
22623	0.004743371352
22624	0.01562232924
22625	0.00171928407
22626	0.003672751098
22627	0.0142328521
22628	0.001617752773
22629	0.001739357714
22630	0.002118103737
22631	0.0002470792496
22632	0.003434961967
22633	0.001463097555
22634	0.01294019227
22635	0.009237033575
22636	0.004563371746
22637	0.01679293907
22638	0.003053817681
22639	0.003042367242
22640	0.0004596527883
22641	0.007110530031
22642	0.001001540858
22643	0.004240039274
22644	0.0007698719494
22645	0.002576753805
22646	0.001658198368
22647	0.001257570376
22648	0.01040816073
22649	0.009549456353
22650	0.007694380825
22651	0.005057526844
22652	0.006140072163
22653	0.002873040006
22654	0.00295599097
22655	0.001380279743
22656	0.003061592699
22657	0.0002699779371
22658	0.01068875443
22659	0.003099385824
22660	0.001965239622
22661	0.003621297478
22662	0.008415164329
22663	0.0003256043049
22664	0.01881246767
22665	0.01394662187
22666	0.009965020688
22667	0.005273453178
22668	0.005670598024
22669	0.01161649556
22670	0.005103133171
22671	0.00102888766
22672	0.001912380224
22673	0.01787886824
22674	0.01087303592
22675	0.01656830872
22676	0.001735673531
22677	0.005205005417
22678	0.004146130533
22679	0.0007442997747
22680	0.004543964102
22681	0.01325286956
22682	0.005076110681
22683	0.006738172275
22684	0.01564409733
22685	0.005414203271
22686	0.00783062528
22687	0.007723504751
22688	0.006545325716
22689	0.0006331000663
22690	0.000931527807
22691	0.003901557482
22692	0.0009870577874
22693	0.008092128261
22694	0.002794223237
22695	0.005526978192
22696	0.001014515936
22697	0.004586652222
22698	0.004544566889
22699	0.004049593936
22700	0.009982287763
22701	0.008207716737
22702	0.003408074613
22703	0.006840422445
22704	0.00410467679
22705	0.008678258275
22706	0.002665099276
22707	0.0002991962153
22708	0.001831354073
22709	0.003902399489
22710	0.001558218089
22711	0.01784395473
22712	0.005889959951
22713	0.003561101647
22714	0.002021858145
22715	0.002774891883
22716	0.01232483932
22717	0.00259242832
22718	0.001703853055
22719	0.001119924437
22720	0.004235031295
22721	0.007012281202
22722	0.001600688462
22723	0.0004010297073
22724	0.01451628175
22725	0.001770028738
22726	0.01886647791
22727	0.01121950673
22728	0.002284045825
22729	0.002530020571
22730	0.008532006136
22731	0.003604684054
22732	0.002967195486
22733	0.001101260814
22734	0.002572591159
22735	0.00101135438
22736	0.01780650168
22737	0.01691324185
22738	0.001225778695
22739	0.008318433711
22740	0.005479296355
22741	0.006446175243
22742	0.01274759563
22743	0.001235550827
22744	0.006448384114
22745	0.007106501672
22746	0.0121725631
22747	0.004642128943
22748	0.0006729875552
22749	9.606599026e-05
22750	0.002719059156
22751	0.005004436233
22752	0.006932404952
22753	0.001169360474
22754	0.006921874883
22755	0.009975160935
22756	0.0008776679691
22757	0.008467702262
22758	0.0007942820403
22759	0.001479380782
22760	0.00214578169
22761	0.002524052661
22762	0.003380332049
22763	0.005822546848
22764	0.002860333241
22765	0.02157060756
22766	0.0009261774023
22767	0.009500713761
22768	0.002370390892
22769	0.002194544031
22770	0.01547391358
22771	0.00169171067
22772	0.001432509013
22773	0.00462301456
22774	0.005927644878
22775	0.00505809787
22776	0.007366053628
22777	0.002910719275
22778	0.001439718664
22779	0.0007734793951
22780	0.0006236115255
22781	0.0003409197203
22782	0.0004241952451
22783	4.559916207e-05
22784	0.001485657363
22785	0.0004640490406
22786	0.000951512968
22787	0.001999897344
22788	0.0007167875223
22789	0.004482160103
22790	0.00127328211
22791	0.0009137785611
22792	0.002179445264
22793	0.01099594619
22794	0.01397391262
22795	0.003454911719
22796	0.01237791994
22797	0.0007561680024
22798	0.0009707341679
22799	0.0003877867921
22800	0.006764439583
22801	0.002060154385
22802	0.008379568031
22803	0.003214414022
22804	0.007175863869
22805	0.0007716928397
22806	3.334990214e-05
22807	0.01545801346
22808	0.003543561272
22809	0.002379140712
22810	0.001287820325
22811	0.001060304564
22812	0.002247669092
22813	0.003987530685
22814	0.009727065882
22815	0.002336057757
22816	0.002107423465
22817	0.001155291401
22818	0.002092827076
22819	0.00363684102
22820	0.001608681326
22821	0.001321765787
22822	0.00100980999
22823	0.00161060845
22824	0.001091317009
22825	0.001549103981
22826	0.002642673335
22827	0.005593173657
22828	0.003202500053
22829	0.002818721876
22830	0.002079945433
22831	0.00626846181
22832	0.01099319266
22833	0.000859790447
22834	0.0007143516111
22835	0.0006487063411
22836	0.003692225472
22837	0.002266928416
22838	0.005563229089
22839	0.009482076759
22840	0.009518350955
22841	0.007299658585
22842	0.0001935048117
22843	0.002668185033
22844	0.0003727916096
22845	0.0002988822201
22846	0.001036395682
22847	0.005998874227
22848	0.005179486524
22849	0.009150915699
22850	0.002602158342
22851	0.01015147167
22852	0.0003746952125
22853	0.004256466702
22854	0.001679122956
22855	0.004418136122
22856	0.002046526609
22857	0.005453210294
22858	0.0001710541651
22859	0.002329008491
22860	0.01566356325
22861	0.001900102174
22862	0.0002454509508
22863	0.01179437917
22864	0.00066577249
22865	0.006490698701
22866	0.01723429888
22867	0.00647419127
22868	0.00173666248
22869	0.004213729834
22870	0.006987621508
22871	0.003435264294
22872	0.003817742193
22873	0.006299622917
22874	0.002416395673
22875	0.003507030124
22876	0.002520996078
22877	0.007369633778
22878	0.00220924749
22879	0.00354827631
22880	0.005035721574
22881	0.004242041952
22882	0.004784061504
22883	0.0008049136455
22884	0.001463694991
22885	0.00366623501
22886	0.003151148051
22887	0.0009159087847
22888	0.003359198508
22889	0.004049726518
22890	0.001945842882
22891	0.001773098824
22892	0.002714881654
22893	0.003289282873
22894	0.00330038973
22895	0.009195229016
22896	0.002145877364
22897	0.01206759538
22898	0.009361230534
22899	0.004338462599
22900	0.00192460309
22901	0.005145653272
22902	0.003992454665
22903	0.00603297789
22904	0.01068437299
22905	0.001431774756
22906	0.0101874064
22907	0.007075692345
22908	0.01275276594
22909	0.004642340149
22910	0.004330723693
22911	0.00166950146
22912	0.002450744708
22913	0.004340010306
22914	0.005906695568
22915	0.00204050696
22916	0.000510517333
22917	0.002007907559
22918	0.001986744236
22919	0.0006406783792
22920	0.00957316392
22921	0.0005059507009
22922	0.00259101806
22923	0.006961487342
22924	0.0002393274195
22925	0.003329002756
22926	0.002740540289
22927	0.004214567572
22928	0.002583384907
22929	0.0009185220017
22930	0.01594606651
22931	0.01332550177
22932	0.005429655389
22933	0.002856199722
22934	0.002439299118
22935	0.002986897609
22936	0.001128942995
22937	5.411294064e-05
22938	0.0006491721621
22939	0.004508461157
22940	0.0008697934102
22941	0.001771433002
22942	0.0004402783485
22943	0.001712486225
22944	0.0006212882368
22945	0.002101960625
22946	0.0008739552191
22947	0.000876449643
22948	0.00938292565
22949	0.0002689174191
22950	0.003961721982
22951	0.0003093289878
22952	0.002209321468
22953	0.00690227661
22954	0.0001913210541
22955	0.002789600868
22956	0.002374935185
22957	0.001217768475
22958	0.00728700644
22959	0.003942573926
22960	0.00237671052
22961	0.005427062227
22962	0.007897067769
22963	0.002864181452
22964	0.01058960188
22965	0.00346555803
22966	0.01163924762
22967	0.006253774872
22968	0.006899252469
22969	0.01000849851
22970	0.0150345169
22971	0.002675096509
22972	0.00958684338
22973	0.004396238452
22974	0.001812865531
22975	0.002568191935
22976	0.01596570155
22977	0.0009873954147
22978	0.01175826553
22979	0.001642517107
22980	0.01372447213
22981	0.006212616215
22982	0.0007161088299
22983	0.004598329283
22984	0.003942240756
22985	0.002434983153
22986	0.002313949397
22987	0.01029131343
22988	0.0006607090656
22989	0.009958916386
22990	0.007562533767
22991	0.002824949495
22992	0.0114201885
22993	0.005434096558
22994	0.001985186325
22995	0.00439920378
22996	0.004407584136
22997	0.02961624813
22998	0.003092781669
22999	0.008199600312
23000	0.00818248399
23001	0.009583873634
23002	0.01828093487
23003	0.002746518433
23004	0.0139592686
23005	0.009753962687
23006	0.01382513179
23007	0.0129743377
23008	0.003301286169
23009	9.516174459e-05
23010	0.001234420637
23011	0.007181012962
23012	0.007903986109
23013	0.008787600141
23014	0.01323461418
23015	0.002835377818
23016	0.0003306384044
23017	0.0004463066029
23018	0.005396872031
23019	0.002226458185
23020	0.003977666151
23021	0.003382742555
23022	0.003724910659
23023	0.001198102176
23024	0.002501488708
23025	0.005308514798
23026	0.006154156065
23027	0.002185005621
23028	0.002051944417
23029	0.007618118447
23030	0.02614908318
23031	0.001109762893
23032	0.001346552426
23033	0.002915530622
23034	0.003190305251
23035	0.00722815108
23036	0.02213690214
23037	0.001080594221
23038	0.00135367083
23039	0.003185953185
23040	0.0005751961748
23041	0.001332119463
23042	0.003013554996
23043	0.007534943291
23044	0.003449761514
23045	0.003385706326
23046	0.001973809065
23047	0.009786035939
23048	0.00130891851
23049	0.0005299960294
23050	0.001751990378
23051	0.01458708362
23052	0.001487299847
23053	0.0009531036579
23054	0.002032651639
23055	0.00176167364
23056	0.007584838397
23057	0.01051355462
23058	0.001926729489
23059	0.004356214021
23060	0.001591636742
23061	0.0004012538633
23062	0.009549655726
23063	0.01294099324
23064	0.00541258384
23065	0.003623705331
23066	0.01009669894
23067	0.02012584553
23068	0.003938304667
23069	0.005326347985
23070	0.002403006061
23071	0.00296018532
23072	0.0003578520452
23073	0.01104293869
23074	0.00842451411
23075	0.002321457542
23076	0.004043777898
23077	0.0002268078758
23078	0.001107542542
23079	0.000469552621
23080	0.003105520189
23081	0.002593201681
23082	0.0008012952429
23083	0.004472746974
23084	0.001941765263
23085	0.009580707974
23086	0.006357999851
23087	0.0009053916653
23088	0.001770816617
23089	0.0002218859808
23090	4.584911357e-05
23091	0.01294029116
23092	0.01013716433
23093	0.000900725211
23094	0.01597352358
23095	0.006276357109
23096	0.003451151013
23097	0.005371200013
23098	0.004062006139
23099	0.01389403199
23100	0.003130228989
23101	0.004430824127
23102	0.009014585356
23103	0.004052008583
23104	0.01105748259
23105	0.01053950731
23106	0.01279178265
23107	0.009823474641
23108	0.003494647575
23109	0.002136302719
23110	0.004737271436
23111	0.00461823215
23112	0.001457672594
23113	0.001281035875
23114	0.003538254501
23115	0.005286684174
23116	0.008714511661
23117	0.001298706715
23118	0.00502404099
23119	0.007981312281
23120	0.00470622305
23121	0.004808096597
23122	0.003879563842
23123	0.0007940676843
23124	0.008722341486
23125	0.007770278145
23126	0.008451381122
23127	0.001354645924
23128	3.797955975e-05
23129	0.002252766183
23130	0.003332114849
23131	0.01031456281
23132	0.003376242547
23133	0.01804964533
23134	0.01042084741
23135	0.003935932579
23136	0.002680104718
23137	0.00307443783
23138	0.01701864671
23139	0.001311017579
23140	0.003202836243
23141	0.007569641759
23142	0.0118852142
23143	0.004331574678
23144	0.006711271155
23145	0.005068265795
23146	0.0007110930748
23147	0.006832185864
23148	0.004538828805
23149	0.01019370178
23150	0.009720926839
23151	0.00271740775
23152	7.393741917e-06
23153	0.01162224944
23154	0.008176333416
23155	0.003003214863
23156	0.01221511848
23157	0.005840191055
23158	0.002568863635
23159	0.01557935839
23160	0.004164992529
23161	0.004566679701
23162	0.01465160647
23163	0.007267497766
23164	0.0001480269922
23165	0.001859979599
23166	0.003299498136
23167	0.01954846413
23168	0.007784055364
23169	0.002397198491
23170	0.007210395061
23171	0.01206433193
23172	0.007109008175
23173	0.001986716759
23174	0.0005244847403
23175	0.001102590377
23176	0.01372153275
23177	0.01875956035
23178	0.002015575798
23179	0.007966249501
23180	0.00117209933
23181	0.008641843767
23182	0.0132462559
23183	0.005813768736
23184	0.01440466695
23185	0.0076431998
23186	0.002021268389
23187	0.005446314782
23188	0.0010788485
23189	0.009236306402
23190	0.01482028146
23191	0.003745669085
23192	0.001850647372
23193	0.006788812285
23194	0.002681698879
23195	0.004422958366
23196	0.007211851273
23197	0.004302882368
23198	0.01025478891
23199	0.003508221146
23200	0.00725085583
23201	0.002077407339
23202	0.002875818685
23203	0.00100046652
23204	0.00125999493
23205	0.007008836288
23206	0.01734536274
23207	4.23666667e-06
23208	0.005403584359
23209	0.00369866478
23210	0.004408785622
23211	0.01300633233
23212	0.008571653571
23213	0.0110436625
23214	0.009303349799
23215	0.01031280884
23216	0.002723324349
23217	0.004806434908
23218	0.001645814975
23219	0.004162141117
23220	0.005714436551
23221	0.000610308866
23222	0.003342852705
23223	0.006401181956
23224	0.002956609999
23225	0.01020296747
23226	0.007877381193
23227	0.003959781083
23228	0.0009633622941
23229	0.002244720907
23230	0.0005933549472
23231	0.01013296768
23232	0.004737227059
23233	0.001958606924
23234	0.003708038154
23235	0.006145281881
23236	0.001845165743
23237	0.01552163923
23238	0.00994001273
23239	0.007583320287
23240	0.008613973614
23241	0.001012356918
23242	0.005941582328
23243	0.0003632130993
23244	0.007268697708
23245	0.003645520614
23246	0.006111982488
23247	0.0004108376007
23248	0.004212542199
23249	0.006064401844
23250	0.002044711929
23251	0.002864768721
23252	0.01319352542
23253	0.0002620582429
23254	0.004374489922
23255	0.005481648722
23256	0.00614791917
23257	0.002176616911
23258	0.00231334445
23259	0.0001300074254
23260	0.008999623487
23261	0.003333535726
23262	0.0059389677
23263	0.0002220347587
23264	0.0005878045832
23265	0.0008224888956
23266	0.004655852439
23267	0.002561282211
23268	0.001677654177
23269	0.005416547524
23270	0.003107028861
23271	0.001421269492
23272	0.01147425311
23273	0.001421745819
23274	0.004916921802
23275	0.01765647671
23276	0.003316237139
23277	0.0009268869468
23278	0.0006723314042
23279	0.006878964308
23280	0.008426930681
23281	0.001927974873
23282	0.00253428614
23283	0.0008041499565
23284	0.006845210921
23285	0.003657656121
23286	0.004069130101
23287	0.01207684752
23288	0.001409213639
23289	0.001234335721
23290	0.0009331972337
23291	0.001103356654
23292	0.004775349779
23293	0.0007114306199
23294	0.001518325097
23295	0.0009784998975
23296	0.0005299863079
23297	0.0007043566618
23298	0.001509004832
23299	0.001482221197
23300	0.002124794789
23301	0.01344068349
23302	6.250109506e-05
23303	0.001807400289
23304	0.0003722914513
23305	0.009070754345
23306	0.0004919198239
23307	0.004928040412
23308	0.00279779791
23309	0.0002668728297
23310	0.003685446006
23311	0.001238757778
23312	0.0009054432298
23313	0.004230127832
23314	0.0007050614124
23315	0.001641045152
23316	0.000712748172
23317	0.0006809846905
23318	0.002172272872
23319	0.0001615575539
23320	0.0002658149477
23321	0.005221057286
23322	0.002026180772
23323	0.007818395692
23324	0.006620575702
23325	0.002654987452
23326	0.0005935404485
23327	0.004385517001
23328	0.003044959929
23329	0.001207361038
23330	0.002177628997
23331	0.002357523595
23332	0.003484287757
23333	0.0154241867
23334	0.003489003957
23335	0.001145363788
23336	0.003155928735
23337	0.00388335322
23338	0.001640074834
23339	0.004425027778
23340	0.0001304982712
23341	0.009132437533
23342	0.002184208352
23343	0.004970486276
23344	0.00115784787
23345	0.01210425636
23346	0.003761325099
23347	0.005366377533
23348	0.007175360156
23349	0.003624525842
23350	0.007481884387
23351	0.003035722736
23352	0.0001570334325
23353	0.005658421183
23354	0.002725664242
23355	0.00885938351
23356	0.001526555572
23357	0.004813425291
23358	0.01237584975
23359	0.009042572813
23360	0.004553313398
23361	0.006651818569
23362	0.005107765718
23363	0.003503933447
23364	0.005425217554
23365	0.01033196135
23366	0.009117517447
23367	0.002721406792
23368	0.000960396616
23369	0.006972719476
23370	0.00369202893
23371	0.002970699968
23372	0.004891705317
23373	0.003885190839
23374	0.002501740985
23375	0.002768692258
23376	0.008775681454
23377	0.006847613903
23378	0.01118991503
23379	0.005300039578
23380	0.0005734416009
23381	0.01461188582
23382	0.008242627708
23383	0.002866988479
23384	0.007314808807
23385	0.001634679155
23386	0.0004577577768
23387	0.0006825200685
23388	0.0001540646265
23389	0.0008230816584
23390	0.0001387241969
23391	0.0005040121648
23392	0.003850164024
23393	0.007035909247
23394	0.003329444416
23395	0.007222179849
23396	0.005113918568
23397	0.001400554284
23398	0.01285025252
23399	0.003871718846
23400	0.0005409151598
23401	0.00414621508
23402	0.004112280145
23403	0.007614578423
23404	0.0004718979448
23405	0.001030645544
23406	0.008423078875
23407	0.00103322462
23408	0.003170793607
23409	0.0006385086347
23410	0.002979685328
23411	0.001599546446
23412	1.707220772e-05
23413	0.001421422112
23414	0.005313493926
23415	0.001222519014
23416	0.002240700988
23417	0.0006289772128
23418	0.008652445117
23419	0.004530549135
23420	0.002762834903
23421	0.006740739112
23422	0.002924158032
23423	0.007586488579
23424	0.007484936213
23425	0.004940008726
23426	0.002792567407
23427	0.006908181951
23428	0.006582508935
23429	0.005909198375
23430	0.0006512288906
23431	0.00330876844
23432	0.001477732517
23433	0.008373916581
23434	0.001706145362
23435	0.005789528282
23436	0.001050921958
23437	0.003480997555
23438	0.0120153291
23439	0.005851697354
23440	0.003482765067
23441	0.004252809927
23442	0.0008372138733
23443	0.004643723707
23444	0.005083126525
23445	0.002803502594
23446	0.001607886882
23447	0.008822619232
23448	0.004275988295
23449	0.008184222007
23450	0.01677093869
23451	0.003610004257
23452	0.002540195443
23453	0.002017425517
23454	0.003392362361
23455	0.003524821728
23456	0.01190793447
23457	8.482485581e-05
23458	0.004665327972
23459	0.004511179972
23460	0.01398056706
23461	0.00113057102
23462	0.01405179569
23463	0.0008406028612
23464	0.00845342196
23465	0.004030134088
23466	0.005571516248
23467	0.01324775584
23468	0.006349835186
23469	0.01160384077
23470	0.005042543794
23471	0.001504332525
23472	0.002375496316
23473	0.004445646181
23474	0.004594387416
23475	0.01080985414
23476	0.00219072146
23477	0.008731119594
23478	0.003823777827
23479	0.005899026949
23480	0.004871196473
23481	0.02088781615
23482	0.003686952792
23483	0.0002487353374
23484	0.001922863978
23485	0.005036001618
23486	5.160990548e-05
23487	0.002022634152
23488	0.001944948765
23489	0.001050980066
23490	0.0008298413393
23491	0.0001321662842
23492	0.002300185861
23493	0.002645910966
23494	0.0003460918376
23495	0.003264160236
23496	0.001808507861
23497	0.0007593486939
23498	0.00745517542
23499	0.0003763813313
23500	0.001040602899
23501	0.001843655429
23502	0.0023422427
23503	0.001178424133
23504	0.0001169380533
23505	0.002797200776
23506	2.762390359e-05
23507	0.002420505754
23508	0.00163862697
23509	0.02189880871
23510	0.008070313121
23511	0.006900856479
23512	0.001336173709
23513	0.0004429717609
23514	0.003950438222
23515	0.01162741995
23516	0.004935918855
23517	0.0004265142377
23518	0.008609477252
23519	0.002805998746
23520	0.00286150559
23521	0.0002673754326
23522	0.0008424211565
23523	0.003423150191
23524	0.003453413072
23525	0.001771676975
23526	0.002145083665
23527	0.00505242171
23528	0.000151275738
23529	0.001279913808
23530	0.007142639813
23531	0.0001989782911
23532	0.007050409523
23533	0.01193975268
23534	0.0110612567
23535	0.003361659182
23536	0.00182041823
23537	0.009566420973
23538	0.004936125257
23539	0.006717831059
23540	0.001467475238
23541	0.007185799069
23542	0.006063522575
23543	0.009544030999
23544	0.009650850186
23545	0.001588533139
23546	0.000687904644
23547	0.0009446049531
23548	0.003738504104
23549	0.01539186579
23550	0.003325445976
23551	0.004471894109
23552	0.006140393215
23553	0.009442703407
23554	0.0001964891663
23555	0.004648902653
23556	0.001600328003
23557	0.002544954224
23558	0.0004046624405
23559	0.001838716847
23560	0.003979506355
23561	0.01212787972
23562	0.00944903198
23563	0.0008028163039
23564	0.001058690731
23565	0.008494496967
23566	0.01320923191
23567	0.004375845725
23568	0.007390120032
23569	0.007131153664
23570	0.002773744529
23571	0.007519116296
23572	0.001335107139
23573	0.006454147456
23574	0.005086351258
23575	0.005604731509
23576	0.001150880036
23577	0.008166402798
23578	0.001424081515
23579	0.003961324215
23580	0.007223513742
23581	0.0020059257
23582	0.001618199362
23583	0.0008889608608
23584	0.003783326633
23585	0.003544950613
23586	0.001266648182
23587	0.002284012593
23588	2.965258199e-05
23589	0.003469262791
23590	0.006075439442
23591	0.00163936574
23592	0.002333935309
23593	0.000607388445
23594	0.007157219696
23595	0.0006910764829
23596	0.005475524888
23597	0.0009857246062
23598	0.001235704043
23599	0.001438599389
23600	0.0008216740223
23601	0.0005504813656
23602	0.001325983502
23603	0.0003569428132
23604	0.005933607994
23605	0.009143592447
23606	0.01170174837
23607	0.005107458622
23608	0.006096162844
23609	0.002590527493
23610	0.006419029705
23611	0.005738482949
23612	0.008477464952
23613	0.002735737701
23614	0.003759568477
23615	0.001325400284
23616	0.005293866344
23617	0.01067183916
23618	0.001012204318
23619	0.00224537225
23620	0.01457537391
23621	0.0015831653
23622	0.0007397478991
23623	0.0001486368904
23624	0.002039673279
23625	0.003548707804
23626	0.007051741142
23627	0.007966019873
23628	0.00328974823
23629	0.004570075512
23630	0.001991818641
23631	0.003904273931
23632	0.01056544216
23633	0.001613931242
23634	0.01102404624
23635	0.003800927786
23636	0.02460250041
23637	0.02155934995
23638	0.004283715336
23639	0.003869245256
23640	0.003865923817
23641	0.001482862581
23642	0.008691154086
23643	0.003549549726
23644	0.01447667482
23645	0.0005929361618
23646	0.003207852123
23647	5.816059957e-05
23648	0.002386968868
23649	0.007890606076
23650	0.00199394177
23651	0.001898610355
23652	0.003325082751
23653	0.008003894075
23654	0.008907156327
23655	0.002669041923
23656	0.006678647941
23657	0.008944566439
23658	0.0044086091
23659	0.01120141189
23660	0.003279417053
23661	0.009576677845
23662	0.008848422807
23663	0.004904992171
23664	0.001818365771
23665	0.001781621389
23666	0.003987050646
23667	0.01224003261
23668	0.008156751012
23669	0.001913843626
23670	0.003297378395
23671	0.01230193275
23672	0.01364253102
23673	0.006144259153
23674	0.001736387146
23675	0.002657050896
23676	0.003441368069
23677	0.006094148146
23678	0.004022357778
23679	0.01842566234
23680	0.01352894776
23681	0.005828075718
23682	0.01243071169
23683	0.00200276269
23684	0.001251655612
23685	0.008743895917
23686	0.01693504929
23687	0.002809788505
23688	0.002333108428
23689	0.0009212628628
23690	0.006116662688
23691	0.01179792529
23692	0.0008823974771
23693	0.00112478909
23694	0.002520102382
23695	0.002777718914
23696	0.000190006891
23697	0.003511747218
23698	0.002070121555
23699	0.005057432176
23700	0.01024652332
23701	0.001442637355
23702	0.002395587267
23703	0.001744294726
23704	0.008976339199
23705	0.006405868841
23706	0.0007456155098
23707	0.002019631427
23708	0.01109998178
23709	0.004721192106
23710	0.00269292758
23711	0.004070938866
23712	0.0009000631885
23713	7.569426753e-05
23714	0.007094389161
23715	0.001031376604
23716	0.002402670786
23717	0.005735834445
23718	0.001011598219
23719	0.00452313692
23720	0.01194787541
23721	0.007687348206
23722	0.005504608334
23723	0.009330583547
23724	0.001485530262
23725	0.00460851717
23726	0.003306006453
23727	0.02196758059
23728	0.006514404344
23729	0.01759181955
23730	0.002607008983
23731	0.002904979108
23732	0.005490165501
23733	6.542517729e-05
23734	0.004295853071
23735	0.000692016431
23736	0.003165769639
23737	0.005736089606
23738	0.002571712885
23739	0.007176877605
23740	0.001099442782
23741	0.01122917418
23742	0.001687364382
23743	0.002489743226
23744	0.00179546822
23745	0.001985388371
23746	0.0006899296788
23747	0.001272859403
23748	0.002914100008
23749	0.0008819058639
23750	0.004151073698
23751	0.004362001746
23752	0.004045267205
23753	0.009237840913
23754	0.001090926323
23755	0.006397100189
23756	0.01516281894
23757	0.002991552596
23758	0.003250352351
23759	0.004435922643
23760	0.003051810568
23761	0.004387012626
23762	0.001462335661
23763	0.002312935128
23764	0.01033559172
23765	0.004754881021
23766	0.01072409203
23767	0.00720660602
23768	0.006860393517
23769	0.004297033233
23770	0.006560794994
23771	0.001130709447
23772	8.959469348e-05
23773	0.01771989155
23774	0.001084422604
23775	0.006267739159
23776	0.006344871062
23777	0.00192025732
23778	2.456445831e-05
23779	0.00227167735
23780	0.01098363709
23781	0.01049895213
23782	0.00246985073
23783	0.009485483979
23784	0.006925433946
23785	0.007871444763
23786	0.006887811623
23787	0.002647108184
23788	0.000560140144
23789	0.0007540349145
23790	0.006401448841
23791	0.005744669761
23792	0.01528508031
23793	0.002242955839
23794	0.003348039407
23795	0.002231332887
23796	0.002157340533
23797	0.003979917955
23798	0.006021424834
23799	0.008177033175
23800	8.133440225e-05
23801	0.00665750677
23802	0.007781262569
23803	0.004305976887
23804	0.0005921304706
23805	0.005303417661
23806	0.0008204934582
23807	0.005558000456
23808	0.001144079965
23809	0.005456398223
23810	0.0005737540541
23811	0.01005581872
23812	0.0007003200663
23813	0.003870769008
23814	0.0008836102638
23815	0.002745121357
23816	3.927422074e-05
23817	0.001743852606
23818	0.0002167881373
23819	0.000413964839
23820	0.01293164506
23821	0.00531388579
23822	0.01172026088
23823	0.00565884474
23824	0.0009280214918
23825	0.003598191434
23826	0.00752157868
23827	0.001792440625
23828	0.005742870946
23829	0.007702401455
23830	0.01039742762
23831	0.0002671709234
23832	0.001405317026
23833	0.002225361922
23834	0.002906275456
23835	0.002116390478
23836	0.001695920437
23837	0.0008468504333
23838	0.0009787274974
23839	0.00144279024
23840	0.002490766849
23841	0.001853976821
23842	0.0007236571597
23843	0.006281682238
23844	0.001765867524
23845	0.00322979854
23846	0.008307107366
23847	0.0001672840767
23848	0.003082156848
23849	0.002471798569
23850	0.005107758335
23851	0.002586312733
23852	0.02206548813
23853	0.0007247266595
23854	0.00566673456
23855	0.02075857468
23856	0.003882311492
23857	0.004673974607
23858	0.01247052751
23859	0.006054541787
23860	0.001533395353
23861	0.02195335973
23862	0.0007425751986
23863	0.005756018294
23864	5.88999147e-05
23865	0.0003099479349
23866	0.001537638232
23867	0.003922513413
23868	0.002854717276
23869	0.0008162170896
23870	0.002943719547
23871	0.0004666840712
23872	0.004992130963
23873	0.00122089133
23874	0.002269566163
23875	0.02282779034
23876	0.001046056754
23877	0.001201704427
23878	0.0006029864065
23879	0.00436573079
23880	0.008836722286
23881	0
23882	0.00143015789
23883	0.00791275427
23884	0.007874324406
23885	0.001191383602
23886	0.01141096987
23887	0.01314242671
23888	0.003088171876
23889	0.004505468872
23890	0.005142213489
23891	0.002583602845
23892	0.01057968363
23893	0.01011669284
23894	0.006444724399
23895	0.01256636552
23896	0.01267574077
23897	0.009557034699
23898	0.001886775991
23899	0.00386684806
23900	0.01332128395
23901	0.006577004156
23902	0.006229759545
23903	0.002275353229
23904	0.006605804715
23905	0.003993491243
23906	0.0001606258234
23907	0.001440874809
23908	0.002984007544
23909	0.004120057288
23910	0.002871028584
23911	0.009739640893
23912	0.001108223223
23913	0.00281147054
23914	0.01350466987
23915	0.0007575685035
23916	0.007770425105
23917	0.01286280226
23918	0.006059047978
23919	0.009128655616
23920	0.002823142793
23921	0.00269608139
23922	0.002811928281
23923	0.007342249965
23924	0.0016717046
23925	0.00320400403
23926	0.002927806181
23927	0.003798728957
23928	0.003117460803
23929	0.0003182978374
23930	0.004345397232
23931	0.0004499254884
23932	0.008561905237
23933	0.0004096814727
23934	0.0002770361391
23935	0.01267806212
23936	0.006993585652
23937	0.01486122843
23938	0.001610935423
23939	5.057574498e-05
23940	0.006590816614
23941	0.006388958177
23942	0.002897394448
23943	0.0001855544901
23944	0.006593857989
23945	0.001443047428
23946	0.006089458479
23947	0.002713322159
23948	0.001402694056
23949	0.003507105425
23950	0.000353550274
23951	0.00292094894
23952	0.004592959998
23953	0.01625927372
23954	0.002599585892
23955	0.0004994429176
23956	0.007754645079
23957	0.008365059571
23958	0.005493348182
23959	0.001705881657
23960	0.00299459895
23961	0.02608663878
23962	0.01123423607
23963	0.003606242636
23964	0.000770117909
23965	0.006401004312
23966	0.002621028637
23967	0.009726232038
23968	0.004901574486
23969	0.003026326972
23970	0.006424205946
23971	0.007701018612
23972	0.000593105945
23973	0.007532825235
23974	0.006495815499
23975	0.005558642416
23976	0.004867268288
23977	0.008260473301
23978	0.00474179778
23979	0.005994477587
23980	4.666412811e-05
23981	0.00713048836
23982	0.0002660354059
23983	0.0001792138952
23984	0.01027252375
23985	0.005367688519
23986	0.007151990515
23987	0.002071253465
23988	0.002739620682
23989	0.006397200558
23990	0.001550384461
23991	0.00309634695
23992	0.004160780943
23993	0.004426978856
23994	0.006698589747
23995	0.01548326777
23996	0.002813490534
23997	0.002755616245
23998	2.657056795e-05
23999	0.008654026963
24000	0.0006099870962
24001	0.001555141179
24002	0.007532150552
24003	0.006696690812
24004	0.0004773903188
24005	0.009910280996
24006	0.000839763183
24007	0.01128496939
24008	0.0005485255441
24009	0.01162173309
24010	0.0008349715547
24011	0.006604870655
24012	0.0001320885017
24013	0.008381549643
24014	0.0007178900027
24015	0.003517457049
24016	0.006273272684
24017	0.0002252470567
24018	0.001210933567
24019	0.00499480659
24020	0.002956083265
24021	0.004169948824
24022	0.007282567834
24023	0.007742048266
24024	0.007388782934
24025	0.007056765403
24026	0.005620706723
24027	0.001208713986
24028	0.01043143863
24029	0.01128719654
24030	0.000976644826
24031	0.0009199623743
24032	0.004809240331
24033	0.001095693779
24034	0.01307742512
24035	0.005893310864
24036	0.004078427039
24037	0.01357266434
24038	0.00958241437
24039	0.006441684049
24040	0.0007593281334
24041	0.002507139762
24042	0.008591755942
24043	0.01086982359
24044	0.006032188503
24045	0.005018063776
24046	0.01451562101
24047	0.001490791492
24048	0.002087963383
24049	0.008435700311
24050	0.01085940977
24051	0.002709976177
24052	0.00315265387
24053	0.004610747167
24054	0.006037029225
24055	0.00940298782
24056	0.01456528222
24057	0.01362624031
24058	0.0003863446531
24059	0.008767851865
24060	0.001544074719
24061	0.01000075097
24062	0.001190098541
24063	0.01259626458
24064	0.01346268018
24065	0.002616153919
24066	0.0006451162228
24067	0.006964046175
24068	0.007962585006
24069	0.001624528829
24070	0.003094042405
24071	0.002748390777
24072	0.0003435573916
24073	0.0048837539
24074	0.005325379622
24075	0.003827322529
24076	0.005639817055
24077	0.01361770226
24078	0.001667312477
24079	0.005256077656
24080	0.001644769189
24081	0.009754259517
24082	0.002115187043
24083	0.0003934361551
24084	0.002556164481
24085	0.0006195738691
24086	0.002491543721
24087	0.0009447773166
24088	0.001971302431
24089	0.002149504131
24090	0.004635513795
24091	0.003243325212
24092	0.003377595608
24093	0.005105033436
24094	0.001113619042
24095	0.00725388208
24096	0.0004025197519
24097	0.003526616591
24098	0.002453994516
24099	0.002266956767
24100	0.009325368431
24101	0.000810294341
24102	0.001063828994
24103	0.01318922446
24104	0.004147702647
24105	0.001232861873
24106	0.02336755198
24107	0.006645302745
24108	0.002326636236
24109	0.0004229734543
24110	0.002464194531
24111	0.001066379172
24112	1.678538557e-05
24113	0.003302050311
24114	0.006261816354
24115	0.009084066154
24116	0.00723392926
24117	0.005753359147
24118	0.006380528219
24119	0.00315228624
24120	0.005954148915
24121	0.006876001113
24122	0.001777198681
24123	0.0009964511905
24124	0.004296508739
24125	0.008759790555
24126	0.0132852213
24127	0.004246675625
24128	0.005602538775
24129	0.00811197141
24130	0.001884246146
24131	0.009101914695
24132	0.007422190333
24133	0.007158286567
24134	0.0001187296748
24135	0.003230608966
24136	0.002595907093
24137	0.01840945535
24138	0.00695900173
24139	0.002459665384
24140	0.004713098874
24141	0.0007304833174
24142	0.006949966352
24143	2.512478225e-05
24144	0.0173338077
24145	0.005615495477
24146	0.004678985642
24147	0.003349046923
24148	0.002631890391
24149	0.002974869915
24150	0.003511500781
24151	0.01319839196
24152	0.006652607455
24153	0.0007916264307
24154	0.003924531014
24155	0.009690411429
24156	0.01507709365
24157	0.01072839067
24158	0.00113483005
24159	0.004414408411
24160	0.003592108439
24161	0.00236004098
24162	0.001011510571
24163	0.002857765935
24164	0.005389261294
24165	0.008892500847
24166	0.01434332492
24167	0.008870089407
24168	0.003155008302
24169	0.001217099806
24170	0.00161206697
24171	0.004203486318
24172	0.005487311392
24173	0.008409825804
24174	0.005924393871
24175	0.005343805595
24176	0.00758752547
24177	0.003404605708
24178	0.0004268192204
24179	0.0001332212189
24180	0.007148881568
24181	0.01474635708
24182	3.783070681e-05
24183	0.0008580255026
24184	0.0005549862532
24185	0.01973904724
24186	0.0001420106445
24187	0.002430232144
24188	0.0004513213361
24189	0.001568856636
24190	0.003943447722
24191	0.002646875284
24192	0.0029992304
24193	0.007045939568
24194	0.008560657087
24195	0.00567726823
24196	0.0007970489681
24197	0.001464660478
24198	0.002940037478
24199	0.006464492502
24200	5.9827729e-06
24201	0.0003761537141
24202	0.0006831924618
24203	0.0006878559132
24204	0.002474072165
24205	0.002967958024
24206	0.003693201081
24207	0.00762187272
24208	0.006643781475
24209	0.002859977933
24210	0.002953479971
24211	0.006760888993
24212	0.003103979199
24213	0.004529560882
24214	0.001716171153
24215	0.0033728873
24216	0.003372979125
24217	0.00647305259
24218	0.0007127877413
24219	0.003366714376
24220	0.005025142081
24221	0.01635742875
24222	0.01509702851
24223	0.0003046280547
24224	0.00133742593
24225	0.003497405442
24226	0.01527632061
24227	0.0007054793695
24228	0.002611006382
24229	0.003918357177
24230	0.00440994526
24231	0.01070727499
24232	0.0006707622672
24233	0.0009185166385
24234	0.001463410755
24235	0.01328428657
24236	0.0001623046838
24237	0.006932464875
24238	0.01155678727
24239	0.003247047277
24240	0.001106076361
24241	0.005218727
24242	0.002448973354
24243	0.008756142277
24244	0.003532258682
24245	0.008735398646
24246	0.001098699341
24247	0.0004787785207
24248	0.0004038032658
24249	0.001661231849
24250	0.007177252662
24251	0.0001667421422
24252	0.0004456082462
24253	0.004825619925
24254	0.0003890116083
24255	0.0005862781539
24256	0.01160011785
24257	0.002630257072
24258	0.0009100718454
24259	0.008031163347
24260	0.002221116825
24261	0.001287164864
24262	0.0001529340555
24263	0.01463850927
24264	0.007128253328
24265	0.003269746743
24266	0.01400316715
24267	0.0004125135312
24268	0.002304412813
24269	0.00235267807
24270	0.01156821172
24271	0.01075222268
24272	0.002603407471
24273	0.0002880677221
24274	0.0009800430531
24275	0.007772035187
24276	0.002159976264
24277	0.004320952108
24278	0.008345779895
24279	0.000563265909
24280	0.008307852066
24281	0.001354284464
24282	0.004770330043
24283	0.002505431402
24284	0.002630180289
24285	0.003592541341
24286	0.001290169029
24287	0.005747430451
24288	0.003537884003
24289	0.002696712813
24290	0.006354536698
24291	0.003217127156
24292	0.01626905809
24293	0.002802545272
24294	0.0004881124256
24295	0.0009801547332
24296	0.001216104881
24297	0.01430810857
24298	0.01122575476
24299	0.007272681461
24300	0.003853778329
24301	0.002524606039
24302	0.003801545875
24303	0.006396262352
24304	0.009779534806
24305	0.004527164027
24306	0.0107332487
24307	0.0003567175828
24308	0.002537414807
24309	0.002289522412
24310	0.001267388242
24311	0.001869031716
24312	0.001775307706
24313	0.002978505316
24314	0.0009942384115
24315	0.01576896935
24316	0.007143651411
24317	0.01264392558
24318	0.005208228902
24319	0.0002139780269
24320	0.00179611039
24321	0.005287291847
24322	0.01581287471
24323	0.009156622783
24324	0.001156488982
24325	0.0003287744671
24326	0.01112303155
24327	0.007669226405
24328	0.00365542019
24329	0.002393639079
24330	0.002362573608
24331	0.009212871951
24332	0.003447456414
24333	0.000272856405
24334	0.001566395542
24335	0.008027222426
24336	0.00282698102
24337	0.006545142459
24338	0.0005602961397
24339	0.004102552233
24340	0.0154554823
24341	0.005598659408
24342	0.0004593781385
24343	0.001846919279
24344	0.01290304443
24345	0.004726328513
24346	0.008685590121
24347	0.007566730965
24348	0.00506091771
24349	0.01077050272
24350	0.00162352295
24351	0.0005691074703
24352	0.007254971763
24353	0.0006765773995
24354	0.009659559161
24355	0.008037643125
24356	0.001286584804
24357	0.0008556904411
24358	0.003330738353
24359	0.0001468520233
24360	6.071670446e-05
24361	0.001357832128
24362	0.004770880727
24363	0.006117010232
24364	0.002557007027
24365	0.002011654838
24366	0.0007213174595
24367	0.003877368821
24368	0.008684727235
24369	0.002819920466
24370	0.009519881308
24371	0.0002742531973
24372	0.001653656502
24373	0.004083944428
24374	5.001031394e-05
24375	0.0003911582805
24376	0.001242084127
24377	0.001621540649
24378	0.0003051886738
24379	0.005819304813
24380	0.001867720678
24381	0.001184987199
24382	2.73271136e-06
24383	0.0005259410039
24384	0.001597620123
24385	0.0003607139303
24386	0.001406076378
24387	0.001409875485
24388	0.002256461113
24389	0.001176767465
24390	0.001405518424
24391	0.001724368801
24392	0.01124934206
24393	0.009947374449
24394	0.01048461291
24395	0.001147732988
24396	0.00244732061
24397	0.003287117191
24398	0.002013989497
24399	0.0006055438826
24400	0.0001912535095
24401	0.0002499448676
24402	0.0004769095877
24403	0.0006844789327
24404	0.01534196502
24405	0.007276742903
24406	0.00386283903
24407	0.004991926805
24408	0.004176441396
24409	0.001179541936
24410	0.003401168783
24411	0.008782886458
24412	0.01125716599
24413	0.003980040173
24414	0.007299800288
24415	0.006560884801
24416	0.005733250699
24417	0.005772351143
24418	0.003248362531
24419	0.004540853758
24420	0.005643726651
24421	0.00495022223
24422	0.005712147986
24423	0.001113387057
24424	0.00295639856
24425	0.000337756896
24426	0.006883057817
24427	0.01808741935
24428	0.006486310194
24429	0.01009535893
24430	0.0006665023612
24431	0.00252453399
24432	0.0004146205099
24433	0.004509742887
24434	0.009843962742
24435	0.02341027594
24436	0.0004840572511
24437	0.0007734572675
24438	0.002939229954
24439	0.004693536178
24440	0.003765270835
24441	0.0009212929998
24442	0.002439489521
24443	0.002687700032
24444	0.003448072803
24445	0.001524180661
24446	0.0008276960864
24447	0.0007364413935
24448	0.00311325896
24449	0.0002439728717
24450	0.00697370771
24451	0.003256313198
24452	0.008511497912
24453	0.008332420751
24454	0.004081177796
24455	0.008015784628
24456	0.001563451303
24457	4.830204846e-06
24458	0.0004035708907
24459	0.002905630046
24460	0.0006228823061
24461	0.01230664939
24462	0.003158790006
24463	0.001737399978
24464	0.00675208205
24465	0.002811445026
24466	0.006052275585
24467	0.004789741415
24468	0.0136513764
24469	0.006533602361
24470	0.004109158029
24471	0.002043091464
24472	0.008171687358
24473	0.00370742953
24474	0.0002312198156
24475	0.009305753866
24476	0.009968836918
24477	0.0007232338469
24478	0.002352169747
24479	0.005092122818
24480	0.003107061504
24481	0.0003041282077
24482	0.004166988148
24483	0.005736331608
24484	0.007828790755
24485	0.001759055185
24486	0.005535845135
24487	0.003708165616
24488	0.01283816867
24489	0.002111936372
24490	0.00901471125
24491	0.005223416962
24492	0.01172882622
24493	0.00616871736
24494	0.003932644444
24495	0.01060252172
24496	0.003284665764
24497	0.007622249115
24498	0.005154910881
24499	0.002102512964
24500	0.005311126505
24501	0.0003683647558
24502	0.0004586998479
24503	0.003445824761
24504	0.0001876713008
24505	0.00424021851
24506	0.0003627554053
24507	0.001295933374
24508	0.00111249007
24509	0.0009924607642
24510	0.005378989542
24511	0.00010453243
24512	0.002575410353
24513	0.004259325924
24514	0.0007933788568
24515	0.004251317648
24516	0.007287753558
24517	0.009336282751
24518	0.01057939783
24519	0.004752148117
24520	0.0005577120631
24521	0.002806360667
24522	0.01098473662
24523	0.001501188284
24524	0.004012353649
24525	0.002461524684
24526	0.0007576333003
24527	0.01125694631
24528	0.004117669402
24529	0.0002699629298
24530	0.007499915438
24531	0.002962561212
24532	0.008188468719
24533	0.0009601931453
24534	0.003405980547
24535	0.001906059948
24536	0.003113648234
24537	0.002194907092
24538	0.002224056711
24539	0.006917957328
24540	0.007521351032
24541	0.003525587213
24542	0.009788191666
24543	0.006666012773
24544	0.002844131137
24545	0.001647854833
24546	0.002820423414
24547	0.01085746161
24548	0.009140897388
24549	0.008237258324
24550	0.004905694199
24551	0.00191619847
24552	0.0004379341759
24553	0.01079434674
24554	0.003490236284
24555	0.004839020019
24556	0.00881420982
24557	0.006550359994
24558	0.003478902335
24559	0.0008514315698
24560	0.002244403388
24561	0.01030451035
24562	0.003284861237
24563	0.001096947255
24564	0.002899445633
24565	0.00211560508
24566	0.005796111211
24567	0.01376804612
24568	0.01018754673
24569	0.003843365117
24570	0.0008654527671
24571	0.001181517072
24572	0.003089835875
24573	0.004831536417
24574	0.007776350847
24575	0.001954821197
24576	0.01363451771
24577	0.00173397244
24578	0.006809055133
24579	0.0005241937636
24580	0.001577123056
24581	0.000248754767
24582	0.008732869341
24583	0.001382090925
24584	0.007816378862
24585	0.00561920965
24586	0.008214710865
24587	0.003770641637
24588	0.0003847876736
24589	0.002812210368
24590	0.004715254487
24591	0.004365384618
24592	0.01284008495
24593	0.0008279465514
24594	0.01179611515
24595	0.008236751493
24596	0.007026835622
24597	0.008771624212
24598	0.006505731909
24599	0.0074329012
24600	0.00301294596
24601	0.003192597835
24602	0.003933892316
24603	0.002157550911
24604	0.004920094549
24605	0.00413112282
24606	0.00246960997
24607	0.002492758448
24608	0.001689360142
24609	0.00176342011
24610	0.002504615728
24611	0.003503838438
24612	0.003765244612
24613	0.003811833255
24614	0.003046488185
24615	0.0004588482628
24616	0.004230774746
24617	0.0006412670071
24618	0.007826297088
24619	0.008427229142
24620	0.008377411392
24621	0.0007293800009
24622	0.001780775006
24623	0.00289990805
24624	0.002541807123
24625	0.003596009116
24626	0.01249186498
24627	0.006094259943
24628	0.004755949229
24629	0.004362208172
24630	0.001578850541
24631	0.001005399863
24632	0.002868837581
24633	0.002054028978
24634	0.002601706222
24635	0.00166260266
24636	0.0156196674
24637	0.007188115107
24638	0.002312998709
24639	0.0006324959186
24640	0.005008118577
24641	0.01446371621
24642	0.0001566654219
24643	0.006731358252
24644	0.006687528917
24645	0.005784405456
24646	0.002908061811
24647	0.007727208119
24648	0.002630446112
24649	0.0004078951293
24650	1.618996777e-05
24651	0.000961848468
24652	0.008648024743
24653	0.002171588405
24654	0.008490293291
24655	0.0002354999191
24656	0.0004065756654
24657	0.0001354454451
24658	0.0007793346238
24659	0.000664233262
24660	0.005433179491
24661	0.002027761639
24662	0.002381317659
24663	0.01069563037
24664	0.000444119622
24665	0.0001911196349
24666	0.0005553711164
24667	0.000882559637
24668	0.0001880514324
24669	0.0002983811547
24670	0.002225925143
24671	0.001568563278
24672	0.0004257842156
24673	0.002818030065
24674	0.0001879396214
24675	0.001749459134
24676	0.0007827118314
24677	0.02301899742
24678	0.0007699747272
24679	0.008628908372
24680	0.002304880278
24681	0.005068165736
24682	0.0006355707415
24683	0.001652324813
24684	0.0009050753968
24685	0.002703057978
24686	0.0003672021075
24687	0.0002713888437
24688	0.0008208133878
24689	0.00102452859
24690	0.003830946086
24691	0.004253595934
24692	0.001209653507
24693	0.001300582386
24694	0.004873088768
24695	0.0006041941238
24696	0.004714698123
24697	0.002745871383
24698	0.003951173467
24699	2.929315981e-05
24700	0.003062385217
24701	0.0004122247468
24702	0.006874665099
24703	0.001923613159
24704	0.0002967933543
24705	0.001997431906
24706	0.0007677905804
24707	0.01094470966
24708	0.001770786741
24709	0.00181981199
24710	0.003484346917
24711	0.003985603343
24712	0.00208459707
24713	0.008327994881
24714	0.002014511212
24715	0.001392034965
24716	0.005305325982
24717	0.0145958448
24718	0.002169472895
24719	0.005313764386
24720	0.01264912555
24721	0.008078273614
24722	0.003705206006
24723	0.005802463886
24724	0.01188981274
24725	0.0004462054948
24726	0.004215771608
24727	0.001843624598
24728	0.001756469873
24729	0.003315083046
24730	0.009415389174
24731	0.004326931859
24732	0.01075800359
24733	0.000434191281
24734	0.004030711068
24735	0.007106143822
24736	0.002455728975
24737	0.0003100479412
24738	0.007338999245
24739	0.0008524338162
24740	0.002952267903
24741	0.006446676024
24742	0.0007367626392
24743	0.0005638784189
24744	6.903291974e-05
24745	0.0007375388421
24746	0.004025952482
24747	0.002474244645
24748	0.002475849156
24749	0.001458591868
24750	0.002656807828
24751	0.002648236031
24752	0.002141072768
24753	0.003100126022
24754	0.002060672053
24755	0.001670857538
24756	0.001809745487
24757	0.001817371499
24758	0.000728417007
24759	0.001913617233
24760	0.002427341036
24761	0.0004756319617
24762	0.00235696566
24763	0.002033703053
24764	0.0009390565211
24765	0.0008928792704
24766	0.003788521764
24767	0.003084953488
24768	0.0001290574192
24769	0.001542420035
24770	0.0005769199433
24771	0.001431009763
24772	0.001651858451
24773	0.0004673663281
24774	0.001006381048
24775	0.0001240211508
24776	0.00210766902
24777	0.005477450492
24778	0.007062473276
24779	0.01099253317
24780	0.0007453168507
24781	0.005552668198
24782	0.002409147008
24783	0.006404651931
24784	0.002378691262
24785	0.009208098197
24786	0.01604503193
24787	0.002485654811
24788	0.005485302281
24789	0.01206965032
24790	0.009503492572
24791	0.005229419437
24792	0.01776074575
24793	0.004991800438
24794	0.002059130794
24795	0.01714577901
24796	0.01192579935
24797	0.009797558382
24798	0.001458341229
24799	0.001476588951
24800	0.002927061216
24801	0.01252494392
24802	0.01557420443
24803	0.003811637009
24804	0.009225712218
24805	0.00581915666
24806	0.0004515892108
24807	0.007996485091
24808	0.003091528569
24809	0.0003462778675
24810	0.003083269253
24811	0.004707160537
24812	0.01391542208
24813	0.00021666647
24814	0.006023583442
24815	0.0149424743
24816	0.01718738044
24817	0.001687069852
24818	4.6192022e-05
24819	0.0008762024038
24820	0.001079082769
24821	0.003425432924
24822	0.001447994607
24823	0.0001997665105
24824	0.004049298942
24825	0.009054676247
24826	0.003737109066
24827	0.002685481927
24828	0.001145184983
24829	0.001250075919
24830	0.006153358143
24831	0.002691643807
24832	0.0009170526381
24833	0.002336854775
24834	0.001602783096
24835	0.002161504266
24836	0.001108933634
24837	0.002344779533
24838	0.002798818276
24839	0.005987756489
24840	0.002241305954
24841	0.000242067256
24842	0.01020552735
24843	0.004745842233
24844	0.001298562644
24845	0.001297665403
24846	0.0002148277995
24847	0.003430111208
24848	0.002567408924
24849	0.01135709242
24850	0.01037471172
24851	0.01228641351
24852	0.001132394262
24853	0.007438206841
24854	0.001542445362
24855	0.01782847818
24856	0.0008309293004
24857	0.007351672483
24858	0.004439411588
24859	0.007554014349
24860	0.001149658735
24861	0.001517055197
24862	0.01452624923
24863	0.001228917523
24864	2.765851008e-05
24865	0.00140759956
24866	0.0008504874734
24867	0.001920256844
24868	0.0001297150522
24869	0.004111179015
24870	0.001607216063
24871	0.002602739179
24872	0.006097005402
24873	0.001199833362
24874	0.0133164209
24875	0.01816627789
24876	0.001188755556
24877	0.004986363504
24878	0.00230758952
24879	0.001548407944
24880	0.0008133916342
24881	0.002616767422
24882	0.005841218222
24883	0.005410784193
24884	0.002397966731
24885	0.003908531589
24886	0.0003003903928
24887	0.0004018057178
24888	0.000525402915
24889	0.008162161996
24890	0.002211511461
24891	0.003095937188
24892	0.00974553723
24893	0.005310412125
24894	0.006452232055
24895	0.0003472377119
24896	0.001490618405
24897	0.007236138294
24898	0.007662568873
24899	0.01847506681
24900	0.001635146756
24901	0.0150961867
24902	0.0007345595785
24903	0.001902305099
24904	0.0005999894826
24905	0.00395796385
24906	0.002622503988
24907	0.001020459577
24908	0.006457295179
24909	0.0001916728942
24910	0.0004532291874
24911	0.001032969485
24912	0.000173204508
24913	0.002917374555
24914	0.0003647655175
24915	0.0005816031152
24916	0.0009340927552
24917	0.0006439939214
24918	0.0008476606392
24919	0.0009268984053
24920	0.003673294785
24921	0.002117186508
24922	0.0006400290622
24923	0.003316819009
24924	0.000627811506
24925	0.0001123334651
24926	0.005196306279
24927	0.005296175877
24928	5.428612502e-05
24929	0.0006631948158
24930	0.003595490696
24931	0.001990056478
24932	0.004666176971
24933	0.001779760226
24934	0.0003231198532
24935	4.079840702e-05
24936	0.007582916367
24937	0.01032832658
24938	0.001162904388
24939	0.001424743094
24940	0.001608113414
24941	0.004474668505
24942	0.01281496785
24943	0.009618474044
24944	0.0008235639909
24945	0.00235936741
24946	3.701046248e-05
24947	0.003131022833
24948	0.0009825408294
24949	0.002868637826
24950	0.001838404939
24951	0.00870201601
24952	0.002886430708
24953	0.001231444438
24954	0.0003304111532
24955	0.002254398773
24956	0.0003868458229
24957	0.02554458934
24958	0.003259128529
24959	0.001546644201
24960	0.001892424208
24961	0.0007822797232
24962	0.01006481465
24963	0.004709230754
24964	0.006283799089
24965	0.003128355813
24966	0.0009273324167
24967	0.004271520584
24968	0.002688759684
24969	0.0109297124
24970	0.007253064541
24971	0.01542330045
24972	0.0009396110136
24973	0.00134646186
24974	0.0005794053319
24975	0.001661081575
24976	0.0007083126116
24977	0.005310876802
24978	0.0001457324915
24979	0.0009112128204
24980	0.01059438553
24981	0.001408737711
24982	0.008987732271
24983	0.007810633452
24984	0.003459786962
24985	0.008552720671
24986	0.007252652095
24987	0.006387239356
24988	0.002505007134
24989	0.0003111095171
24990	0.002122464467
24991	0.002734514428
24992	0.0002281869851
24993	0.003474514044
24994	9.928499729e-05
24995	0.003149204676
24996	0.006510794777
24997	0.002453457414
24998	0.002373396771
24999	0.002115282851
25000	0.01309734844
25001	0.0005230450771
25002	0.005091652799
25003	0.0001238909253
25004	0.0008702766326
25005	0.01182665789
25006	0.006732713101
25007	0.007675501152
25008	0.003576068412
25009	0.001526596662
25010	0.005859903387
25011	0.006055631999
25012	0.004410412703
25013	0.003465898292
25014	0.006000158258
25015	0.004596208995
25016	0.01145294864
25017	0.003282235381
25018	0.0008679254003
25019	0.00881074014
25020	0.01902677589
25021	0.01171524829
25022	0.004644994157
25023	0.007217738415
25024	0.001158799935
25025	0.0178958538
25026	0.01270954203
25027	0.006654841844
25028	0.00361509912
25029	0.004025484874
25030	0.001373543438
25031	0.01670349509
25032	0.00119906305
25033	0.002486876362
25034	0.003567763939
25035	0.007128984634
25036	0.004348920104
25037	0.0008105768032
25038	0.008917725236
25039	0.008215430734
25040	0.000208890566
25041	0.001306038462
25042	0.001968823572
25043	0.0125653763
25044	0.0007950820263
25045	0.0005984298664
25046	6.788419465e-05
25047	0.001118028797
25048	0.0005424368724
25049	0.001176249741
25050	0.004590156487
25051	0.001098420609
25052	0.000729549136
25053	0.002583504078
25054	0.007019896116
25055	0.001299473841
25056	0.000965291926
25057	0.003283371802
25058	0.003911922393
25059	0.006044157243
25060	0.002453922172
25061	0.0006576163982
25062	0.003974534859
25063	0.002407354123
25064	0.008575256755
25065	0.005453682871
25066	0.005497849079
25067	0.0008781717492
25068	0.008059108373
25069	0.0004315346779
25070	0.005159062202
25071	0.002083655162
25072	0.001298215105
25073	0.02177044109
25074	0.0204059738
25075	0.01039837622
25076	0.02038210063
25077	0.005037703367
25078	0.005109780647
25079	0.01580601167
25080	0.01128508033
25081	0.001242459895
25082	0.008105521033
25083	0.00543641992
25084	0.003251073388
25085	0.005525850277
25086	0.003830042029
25087	0.0005702346252
25088	0.004462596336
25089	0.001843247062
25090	0.00400294265
25091	0.002610905986
25092	0.0006162675507
25093	0.0004658929939
25094	0.001772269128
25095	2.341486796e-05
25096	0.001325507319
25097	0.01545214172
25098	0.0009375817346
25099	0.00544236107
25100	0.001817337291
25101	0.001360252577
25102	0.005887145411
25103	0.0007860863095
25104	0.0007148712055
25105	0.00459900845
25106	0.001310219802
25107	0.01328572421
25108	0.006806749871
25109	0.0005763214593
25110	0.001697778184
25111	0.002687509657
25112	0.0004932577355
25113	0.00517659146
25114	0.0007375234161
25115	0.0008322075495
25116	0.002532005999
25117	0.01677740244
25118	0.0308977826
25119	0.004690990166
25120	0.002174501688
25121	0.000105439388
25122	0.00134707828
25123	0.001965427534
25124	0.002039419453
25125	0.001845766547
25126	0.00307921274
25127	0.0004475518517
25128	0.003216828957
25129	0.001388601838
25130	0.002001773651
25131	0.003522263048
25132	0.004505235216
25133	0.0006450339204
25134	0.001651338324
25135	0.001887813014
25136	0.002066215195
25137	0.001231932406
25138	0.0002373761284
25139	0.0006121653982
25140	0.002551348547
25141	0.0001255805872
25142	0.001654610118
25143	0.0009867875601
25144	0.001559128732
25145	0.003490991076
25146	0.001796022493
25147	0.008060355357
25148	0.0004299991386
25149	0.001261811393
25150	0.01197641175
25151	0.0008953861811
25152	0.0003183942791
25153	0.0001718005919
25154	0.0007702616851
25155	8.428239498e-05
25156	0.0008583946728
25157	0.01016369721
25158	0.008655139024
25159	0.0006248998459
25160	0.006937981453
25161	0.009648362754
25162	0.01478004329
25163	0.002831261072
25164	0.006864537654
25165	0.001843542139
25166	0.004977839868
25167	0.002963458753
25168	0.005054921979
25169	0.0007713417305
25170	0.000117967741
25171	0.001793234135
25172	0.0001906162774
25173	0.0005420955611
25174	0.0005695973313
25175	0.001702725727
25176	0.003798252868
25177	0.001238485559
25178	0.004305306782
25179	0.01785439117
25180	0.006826883566
25181	0.0003513828426
25182	0.004538306218
25183	0.008137294621
25184	0.002894091096
25185	0.001332442085
25186	0.001934969981
25187	0.003903339058
25188	0.007057237282
25189	0.008124053549
25190	0.001782873886
25191	0.01486178811
25192	0.0008243414331
25193	0.002308396651
25194	0.0005817049694
25195	0.003089288403
25196	0.002320442365
25197	0.008986397163
25198	0.002807022074
25199	0.0001877325662
25200	0.001115374701
25201	0.004033431319
25202	0.003195172455
25203	0.00325556893
25204	0.007045750655
25205	0.006219574032
25206	0.001396845097
25207	0.004307919695
25208	0.002377775634
25209	0.0002828610864
25210	0.001578955157
25211	0.0001015527816
25212	0.00161846852
25213	0.001843747344
25214	0.002908665016
25215	0.0005104820016
25216	0.0007563040604
25217	0.008626868699
25218	0.0008062072649
25219	0.002727976779
25220	0.00590952757
25221	0.003146438131
25222	0.01044942329
25223	0.002833317754
25224	0.002340913263
25225	0.001715604557
25226	0.000570906319
25227	0.0002151741771
25228	0.001362831091
25229	0.002997392116
25230	0.0001322133367
25231	1.780526112e-05
25232	0.005349500459
25233	0.009469671643
25234	0.008923220979
25235	0.004820434075
25236	0.001106576497
25237	0.001999566406
25238	0.005046093522
25239	0.001687374374
25240	0.001288867171
25241	0.005914733232
25242	0.0009964157486
25243	0.001568349418
25244	0.001834314812
25245	0.01153249646
25246	0.00054344774
25247	0.000787072892
25248	0.01052429675
25249	0.001723382958
25250	0.0009896527619
25251	0.002547156962
25252	0.00207270809
25253	0.001169446374
25254	0.0002396361342
25255	0.0008599918964
25256	0.001749959267
25257	0.00219132387
25258	0.001428611915
25259	0.0002956006833
25260	0.001257550112
25261	0.003736177598
25262	0.0013332694
25263	0.00331385466
25264	0.005053167098
25265	0.0008582663981
25266	0.01251906882
25267	0.001251054946
25268	0.001016869012
25269	0.02326690285
25270	0.01263228041
25271	0.02056382944
25272	0.0004854199933
25273	0.003334150826
25274	3.464863484e-05
25275	0.0008800871378
25276	0.002757260978
25277	0.002199073605
25278	0.001598362255
25279	0.0004890097633
25280	0.002745270846
25281	0.002865908992
25282	0.002607768649
25283	0.001787271687
25284	0.005346269621
25285	0.00249950775
25286	0.0001179252391
25287	0.01524060936
25288	0.003035161936
25289	0.008216958788
25290	0.002501982086
25291	0.0003773769476
25292	0.002122646952
25293	0.00279467276
25294	0.002176772746
25295	0.001038448616
25296	0.01731974
25297	0.009542245191
25298	0.01073234471
25299	0.004736135379
25300	0.009718202126
25301	0.0009122656338
25302	0.0004866056112
25303	0.006411963981
25304	0.005194592552
25305	0.001259290139
25306	0.0004837894484
25307	0.001059896549
25308	0.008831676343
25309	6.062224564e-05
25310	0.004755152828
25311	0.0009491309224
25312	0.00210442154
25313	0.006250275117
25314	0.006173937821
25315	0.005342580861
25316	0.0005791275555
25317	4.579119224e-05
25318	0.002078030383
25319	0.00195421143
25320	0.009490166424
25321	0.001464171422
25322	0.00300699003
25323	0.001515996877
25324	0.002021080321
25325	0.0005493467969
25326	0.001498289204
25327	0.000102289455
25328	0.001132443456
25329	0.002078286085
25330	0.0009319824484
25331	0.002611110265
25332	0.0003828524851
25333	0.0007405982
25334	0.001438208965
25335	0.001814883363
25336	3.290713935e-05
25337	0.002369239778
25338	0.001394220341
25339	0.000274720267
25340	0.002375015598
25341	0.0007019846284
25342	0.008271431398
25343	0.004105202311
25344	0.001799513741
25345	0.002090482662
25346	0.01138202212
25347	0.002068719079
25348	0.00983782961
25349	0.01021724016
25350	0.0008241022118
25351	0.001917503744
25352	0.0003058844762
25353	0.004603279968
25354	0.001106479281
25355	0.0113111519
25356	0.001621163213
25357	0.0009509370108
25358	0.01540231006
25359	0.0009219684301
25360	0.004028762643
25361	0.002358972832
25362	0.001569271791
25363	0.01950802415
25364	0.006355259462
25365	0.0009345570313
25366	0.004640886949
25367	0.0008132190262
25368	0.002955273277
25369	0.0004139831219
25370	0.005410110119
25371	0.01134072659
25372	0.002039090559
25373	0.001584510418
25374	0.002911509938
25375	0.001489789262
25376	0.009744009881
25377	0.002072326861
25378	6.755585094e-05
25379	0.00107913601
25380	0.002604371022
25381	0.002336695781
25382	0.009923212742
25383	0.0003842205357
25384	0.003131310293
25385	0.002375499662
25386	0.001496895761
25387	0.00810559461
25388	0.001392420827
25389	0.0007526252948
25390	0.002273047086
25391	0.001454062543
25392	0.00807415182
25393	0.0003127624296
25394	0.003748284318
25395	0.001837454713
25396	0.001782297632
25397	0.000238089872
25398	0.008435096498
25399	0.01716215843
25400	0.01002386161
25401	0.001493445014
25402	0.001946243191
25403	0.002735830562
25404	0.00407865279
25405	0.004635900028
25406	0.0003005453427
25407	0.00604200887
25408	0.0008131235959
25409	0.004649216177
25410	0.006812606695
25411	0.001408079336
25412	0.01585088603
25413	0.0007955781065
25414	0.0006568846988
25415	0.00238134069
25416	0.003733297049
25417	0.001212611334
25418	0.002099131703
25419	0.004888046602
25420	0.003731582551
25421	0.002408150212
25422	0.0005809459643
25423	0.009861268643
25424	0.006180298683
25425	0.004822615957
25426	0.008068456368
25427	0.005341437803
25428	0.006796235782
25429	0.000213150978
25430	0.005383616184
25431	0.002902609936
25432	0.001470142943
25433	0.002400919209
25434	0.0009007348166
25435	0.001118087089
25436	0.0002283007071
25437	0.0118828128
25438	0.01051497423
25439	0.003376455611
25440	0.000576185041
25441	0.002182376674
25442	0.01006890647
25443	0.000745968776
25444	0.003230723433
25445	0.00878151428
25446	0.008654667642
25447	0.021709799
25448	0.02364007396
25449	0.003038366134
25450	0.00107733364
25451	0.006796561067
25452	0.01538266238
25453	0.000637835757
25454	0.00269686587
25455	8.212483618e-05
25456	0.003347208856
25457	0.01148296562
25458	0.01036360951
25459	0.00118593825
25460	0.00767064825
25461	0.01667966415
25462	0.00158653075
25463	0.001422854191
25464	0.002289681269
25465	0.0002918794753
25466	0.006327940867
25467	0.003124401631
25468	0.007971665412
25469	0.0004500756715
25470	0.002593215652
25471	0.001565302702
25472	0.001027363353
25473	0.002677057628
25474	0.00992393284
25475	0.002842098786
25476	0.002147082703
25477	0.001329413049
25478	0.002688183656
25479	0.0006075754576
25480	0.00489867726
25481	0.001555370759
25482	0.005139776346
25483	0.001160746329
25484	0.0008487016959
25485	0.0006166218754
25486	0.004171730822
25487	0.002935622895
25488	0.003216007368
25489	0.0005869729446
25490	0.006705171264
25491	0.01158168775
25492	2.013452072e-05
25493	0.003369865085
25494	0.001683794791
25495	0.003799465519
25496	0.001705182366
25497	0.002851178377
25498	0.00189538177
25499	0.004049098439
25500	0.001320975214
25501	0.007324071489
25502	0.001714650386
25503	0.000846103315
25504	0.009713995973
25505	0.002040567534
25506	0.009300274227
25507	0.01575763541
25508	0.008707931308
25509	0.01323061682
25510	0.001591329009
25511	0.01200790581
25512	0.01597492781
25513	0.002380158335
25514	0.009922702657
25515	0.0002429927108
25516	0.002521217362
25517	0.00763226483
25518	0.005237389297
25519	0.006861078425
25520	0.008576041092
25521	0.001815569029
25522	0.0006826853651
25523	0.0003749298913
25524	0.0004611723193
25525	0.003955339662
25526	0.001207401455
25527	0.005610538974
25528	0.00474518907
25529	0.0130222888
25530	0.001209628992
25531	0.004944841506
25532	0.003994909028
25533	0.0100237739
25534	0.002738997026
25535	0.0006119599552
25536	0.002767845795
25537	0.004880120187
25538	0.004944579751
25539	0.001754249939
25540	0.0040577457
25541	0.00159770047
25542	0.005503058011
25543	0.002013749772
25544	0.001017221744
25545	0.0004100280027
25546	0.008799700438
25547	0.00594484868
25548	0.008599273301
25549	0.00129496576
25550	0.01110969827
25551	0.001439696502
25552	0.006477482918
25553	0.004982499118
25554	0.003427671924
25555	0.001645588302
25556	0.004302152649
25557	0.005579894169
25558	0.003107686161
25559	0.0002784055122
25560	0.01017596548
25561	0.0007547359358
25562	0.006677126056
25563	0.002650001081
25564	0.0004132553826
25565	0.002475146789
25566	0.002119463411
25567	0.003989606801
25568	0.009414368902
25569	0.007649522666
25570	0.001529191162
25571	0.002701764212
25572	0.0003598148968
25573	0.001726778735
25574	0.004317143843
25575	0.0002833326535
25576	7.817471807e-06
25577	0.003809218265
25578	0.002086659368
25579	0.003947155291
25580	0.001530789961
25581	0.001798720082
25582	0.003446258208
25583	0.008114306315
25584	0.002115326788
25585	0.0008342469991
25586	0.004393356038
25587	0.002658504189
25588	0.004025687937
25589	0.009609230706
25590	0.002313950152
25591	0.005625340835
25592	0.002435059013
25593	0.001159539432
25594	0.000918840012
25595	0.002230459544
25596	0.01344796788
25597	9.278784499e-05
25598	0.005842135417
25599	0.0007998748312
25600	0.0007869777566
25601	0.002960374055
25602	0.0008086744544
25603	0.006638283454
25604	0.008934896102
25605	0.002678383287
25606	0.0005084105291
25607	0.007854542301
25608	0.006168353974
25609	0.001574482662
25610	0.005066023199
25611	0.001863186514
25612	0.001673070162
25613	0.001920361158
25614	0.001150518737
25615	0.002676930461
25616	0.001465923373
25617	4.654275819e-05
25618	0.001354630689
25619	0.008353349266
25620	0.004742793682
25621	0.02028223955
25622	0.005790339307
25623	0.001078525133
25624	0.01123612499
25625	0.001310858063
25626	0.01878582753
25627	0.01058839909
25628	0.001140472913
25629	0.01097377132
25630	0.0167558561
25631	0.001908022623
25632	0.003893443267
25633	0.005787378141
25634	0.004680498264
25635	0.0007016750767
25636	0.003385988317
25637	0.0009218736096
25638	0.001710899552
25639	0.004015819367
25640	0.001343386462
25641	0.002542644717
25642	0.004299532804
25643	0.0005005920822
25644	0.004575346097
25645	0.000307903455
25646	0.0004828778318
25647	0.001595594083
25648	0.003148953773
25649	0.003560071362
25650	0.00149340405
25651	0.001970095409
25652	0.00557229797
25653	0.00608695627
25654	0.001877969127
25655	0.001795208112
25656	0.007837694396
25657	0.002360381425
25658	0.0005951665511
25659	0.005727628651
25660	0.001170328119
25661	0.008977172595
25662	0.002708343088
25663	0.001728369757
25664	0.008656349355
25665	0.006316873319
25666	0.008376462902
25667	0.006056558363
25668	0.01476080221
25669	0.005444894072
25670	0.0022267735
25671	0.004467782962
25672	0.00201674169
25673	0.007426839884
25674	0.004560457564
25675	0.001036649938
25676	0.001513600657
25677	0.001793059605
25678	0.002498230754
25679	0.009625349828
25680	0.005523020592
25681	0.007450825658
25682	0.01124850161
25683	0.0007112624513
25684	0.01104069411
25685	0.01346184224
25686	0.0004867578054
25687	0.01190553641
25688	0.004251746585
25689	0.001570561662
25690	0.001451069042
25691	0.001489267745
25692	0.0004809761562
25693	0.0004999691436
25694	0.0017499103
25695	0.0001300974921
25696	0.0004521745484
25697	0.005625516657
25698	0.002554625248
25699	0.001072206788
25700	0.006873618742
25701	0.001946281192
25702	0.0002013927896
25703	0.0004651281594
25704	0.002961259876
25705	0.0004197516449
25706	0.001986976732
25707	0.005882885163
25708	0.004222568555
25709	0.002499371153
25710	0.0008813673988
25711	0.006923085868
25712	0.00124626059
25713	0.002141910534
25714	0.01224861153
25715	0.0005877988702
25716	0.0002697048345
25717	0.001363511157
25718	0.009176823661
25719	0.003670350106
25720	0.004500392117
25721	0.00147476215
25722	0.001359637206
25723	0.0006472980476
25724	0.0008529374486
25725	0.0009121359371
25726	0.001415314453
25727	0.000770107958
25728	0.0007821995735
25729	7.887821003e-05
25730	0.0005327502158
25731	0.002552151296
25732	0.0005069592586
25733	0.002694199227
25734	0.004252644861
25735	0.00027467835
25736	0.0009502057654
25737	0.001267585546
25738	0.0002149305431
25739	0.001582671022
25740	0.0007203888967
25741	0.001138429376
25742	0.001361927274
25743	0.00131781133
25744	0.001829245706
25745	0.002272143604
25746	0.004273261857
25747	0.001315215054
25748	0.00251471225
25749	0.001163367919
25750	0.0007574848247
25751	0.0002907465976
25752	0.0006420877321
25753	0.002811328773
25754	0.0004524206943
25755	0.0001985422869
25756	0.001129543927
25757	0.001986142983
25758	0.002769576411
25759	0.0008435997638
25760	0.001573965004
25761	0.001619235027
25762	0.003490269444
25763	0.0009926952172
25764	0.001305714703
25765	0.002060681066
25766	0.0006113340236
25767	0.001183062953
25768	0.001773712182
25769	0.0001111180498
25770	0.001357765925
25771	0.002510504253
25772	0.0004557175962
25773	0.0002937870413
25774	0.0004156018544
25775	0.0005969751153
25776	0.0003731261098
25777	0.001927237509
25778	0.003569071134
25779	0.003129755416
25780	0.0007174575537
25781	0.003554726861
25782	0.0005784018994
25783	0.002048979137
25784	0.0005404575264
25785	0.0009220563108
25786	0.0001323333813
25787	0.00112672987
25788	0.0004853892673
25789	0.001683562027
25790	0.0002172157536
25791	0.0006659054012
25792	0.0005268042755
25793	0.001639971978
25794	0.001137723827
25795	0.0002302594235
25796	0.002118703727
25797	0.001628771221
25798	0.000131964518
25799	0.000818554427
25800	0.001884325918
25801	6.488264928e-05
25802	0.0007843897227
25803	0.0008867870552
25804	0.0007093007713
25805	0.0009764991715
25806	6.574769151e-05
25807	0.00331527002
25808	0.001514125952
25809	0.01289553518
25810	0.0006702173417
25811	0.006938539991
25812	0.009091658949
25813	3.760595926e-05
25814	0.01133281146
25815	0.00565763131
25816	0.0002875712554
25817	0.001299456188
25818	0.0001277456554
25819	0.003951305423
25820	0.001168819291
25821	0.006998839904
25822	0.005606618131
25823	0.001054793241
25824	0.002063833845
25825	0.0005898114371
25826	0.001851546612
25827	0.004127593562
25828	0.01020430804
25829	0.001224361003
25830	0.01436336175
25831	0.001684289424
25832	0.003425450845
25833	0.007857504671
25834	0.007385418349
25835	0.005977533179
25836	0.003912268651
25837	0.004611952187
25838	0.003675604701
25839	0.0121283064
25840	0.01968837598
25841	0.0006425234292
25842	0.002529389845
25843	0.00103231169
25844	0.01452453354
25845	0.01486203318
25846	0.002701539142
25847	0.000980963108
25848	0.003096358908
25849	0.01151447428
25850	0.001606512546
25851	0.0004687798485
25852	0.004691344456
25853	0.01168499511
25854	0.002513965118
25855	0.00634140904
25856	0.0013126039
25857	0.001912534136
25858	0.002654563362
25859	0.003075556295
25860	0.001605893493
25861	0.00195505105
25862	0.0006512882261
25863	0.0006553526748
25864	0.0009863550927
25865	0.004411731636
25866	6.513672165e-05
25867	2.98040456e-06
25868	0.001606464975
25869	0.001410600607
25870	0.001769505687
25871	0.0001457525456
25872	0.003893590209
25873	0.001414375791
25874	0.001012483853
25875	0.003865653111
25876	0.001431257473
25877	0.009210833362
25878	0.009029002871
25879	0.007771932245
25880	0.0005687806138
25881	0.003116396489
25882	0.004633714181
25883	0.008819543388
25884	0.004466770816
25885	0.001359176603
25886	0.009131080651
25887	0.007473264449
25888	0.001415060979
25889	0.006942499856
25890	0.005634976151
25891	0.001988230441
25892	0.007360714542
25893	0.00178999601
25894	0.009790499268
25895	0.002288473219
25896	0.003400235784
25897	0.0006698854938
25898	0.0004433793237
25899	0.006648814874
25900	0.002337006143
25901	0.0003166793426
25902	0.0009065008143
25903	0.003577574943
25904	0.00595172021
25905	0.0146564601
25906	0.004839888166
25907	0.003607992596
25908	0.0005772638045
25909	0.0002119972018
25910	0.001472499187
25911	0.001268088685
25912	0.009023345155
25913	0.006843392832
25914	0.00331307872
25915	0.008388561866
25916	0.001757222721
25917	0.001473662136
25918	0.01057774883
25919	0.006505087715
25920	0.02499613336
25921	0.009179625063
25922	0.003385543276
25923	0.005160816392
25924	0.001925244449
25925	0.001534561292
25926	0.002297739604
25927	0.003467581966
25928	0.001360145359
25929	0.007575463016
25930	0.003087199673
25931	0.0005928298522
25932	0.006425260309
25933	0.0003176329803
25934	0.002500189285
25935	0.0004906902196
25936	0.001578756987
25937	0.01219010722
25938	0.01908801872
25939	0.002723624637
25940	0.00649182876
25941	0.000280192195
25942	0.01061732252
25943	0.002717341029
25944	0.00724354999
25945	0.004843561914
25946	0.001482808338
25947	0.003269050319
25948	0.001055829361
25949	0.009464866667
25950	0.0026815941
25951	0.006936957402
25952	0.001424147287
25953	0.008436355365
25954	0.001996673671
25955	0.004974475653
25956	0.005127904493
25957	0.0100884707
25958	0.01173431741
25959	0.0007368639551
25960	0.002097791609
25961	0.003844853684
25962	0.0001545702411
25963	0.001797494837
25964	0.0002033899085
25965	0.008526891103
25966	0.008942503997
25967	0.001476978864
25968	0.003244556221
25969	0.001476502511
25970	0.001537502974
25971	0.0004420672052
25972	0.000559712146
25973	0.001018779767
25974	0.003929254109
25975	0.002586850298
25976	0.001182585312
25977	0.001414709695
25978	0.001370618323
25979	0.0006496025217
25980	0.001875887206
25981	0.0004596963928
25982	0.000672275648
25983	0.002108741091
25984	0.001485126904
25985	0.007101889453
25986	0.001462131378
25987	0.003322621635
25988	0.001577913057
25989	0.001447596295
25990	0.0009177803813
25991	0.001074107423
25992	0.002882301547
25993	0.0002990754773
25994	0.0006645422431
25995	0.008919196975
25996	0.004451381992
25997	0.009807588288
25998	0.003578674931
25999	0.008523686855
26000	0.003380422709
26001	0.0002624749047
26002	0.009713601128
26003	0.009194887867
26004	0.01654955353
26005	0.001397204295
26006	0.006480427122
26007	0.001868259999
26008	0.003583658419
26009	0.005983910204
26010	5.519305572e-05
26011	0.01144010908
26012	0.0010191227
26013	0.00116533569
26014	0.0006464350064
26015	0.001245634109
26016	0.001007029737
26017	0.001292054973
26018	0.02012661424
26019	0.004284365596
26020	0.01361627735
26021	0.007166413026
26022	0.006768452886
26023	0.002630230436
26024	0.004116260364
26025	0.000294975657
26026	0.000210235886
26027	0.008323310045
26028	0.0007610427321
26029	0.002865530167
26030	0.0002108019165
26031	1.909289766e-05
26032	0.002672758276
26033	0.0003914018659
26034	0.0008422549908
26035	0.009408214999
26036	0.004111183937
26037	0.009807955874
26038	0.003054609839
26039	0.004588751478
26040	0.008462328683
26041	0.01082735914
26042	0.003053960413
26043	0.006586510536
26044	0.0003952666434
26045	0.00459799736
26046	0.002477075409
26047	0.0002928653724
26048	0.01424346161
26049	0.00590037091
26050	0.0004281558446
26051	0.00353295553
26052	0.009586532097
26053	0.001230571816
26054	0.009926197369
26055	0.005079863102
26056	0.0002485168961
26057	0.008962830869
26058	0.00168922556
26059	0.002378652246
26060	0.007407922774
26061	0.0008302274656
26062	0.003942485981
26063	0.005436592329
26064	0.001983537145
26065	0.01046635333
26066	0.01223799435
26067	0.002467478476
26068	0.003670304703
26069	0.002763246797
26070	0.0008049484014
26071	0.004822044189
26072	0.01008936927
26073	0.0045169569
26074	0.0008668488093
26075	0.01594223204
26076	0.01027389693
26077	0.004609311256
26078	0.0005700452095
26079	0.00346362028
26080	0.01165077995
26081	0.007578961542
26082	0.01067961947
26083	0.001136259482
26084	0.0008787148736
26085	0.005110740914
26086	0.0003212641371
26087	0.0006166848696
26088	0.0006186518653
26089	0.002315021445
26090	0.0001525844731
26091	0.001670516962
26092	0.0002012934009
26093	0.004762274526
26094	0.0008116884986
26095	0.01207406545
26096	0.0003784790823
26097	0.001240643852
26098	0.0003604385986
26099	8.807110298e-05
26100	0.0001399146151
26101	0.001324098041
26102	0.001318800562
26103	0.001195510702
26104	0.004664336479
26105	0.0003068292935
26106	0.003421171886
26107	0.0004095612781
26108	0.004437056628
26109	0.005508585727
26110	0.005159772164
26111	0.0009389313333
26112	0.000683525986
26113	0.0009358954091
26114	0.007291040233
26115	0.001079708114
26116	0.003994464413
26117	0.003656460421
26118	0.001494511692
26119	0.0004289547975
26120	0.003051615428
26121	0.003035425603
26122	0.001000334129
26123	0.005118610976
26124	0.001110955907
26125	0.0003235748778
26126	0.0103259756
26127	0.01451574932
26128	0.002216636957
26129	0.002567881963
26130	0.005781550645
26131	0.003398810779
26132	0.001210694391
26133	0.001210361562
26134	0.01285250419
26135	0.003889034328
26136	0.002192995436
26137	0.004154393922
26138	0.007587559072
26139	0.006872474619
26140	0.002542983669
26141	0.008458236847
26142	0.0003669058779
26143	0.002469529262
26144	0.000260097991
26145	0.001707892708
26146	0.006608869644
26147	0.009191642839
26148	0.001289674806
26149	0.004398700433
26150	0.006419561028
26151	0.00862824871
26152	0.007949576513
26153	0.004858418483
26154	0.01382569075
26155	0.004655402257
26156	0.005830638462
26157	0.009186335015
26158	0.0003919107775
26159	0.0008703312016
26160	0.001830568009
26161	0.0004282214685
26162	0.002788408387
26163	0.0009964911933
26164	0.001423545323
26165	0.002007378015
26166	0.00295627306
26167	0.001972110147
26168	0.000747944591
26169	0.001194295629
26170	0.006003235992
26171	0.002564472035
26172	0.00215233762
26173	0.001075832513
26174	0.001114863781
26175	0.006690736582
26176	0.0004200312106
26177	0.00143723845
26178	0.0004524509564
26179	0.002226129649
26180	0.01027426547
26181	0.008205489622
26182	0.0003058426375
26183	0.008746381427
26184	0.0006785504832
26185	0.005270690264
26186	0.001907639763
26187	0.0004071533103
26188	0.001215906914
26189	0.01431015965
26190	6.39274461e-05
26191	0.003652144768
26192	0.002417236153
26193	0.0030463835
26194	0.00159380083
26195	0.00146489202
26196	0.0009846978477
26197	0.001450488716
26198	0.003154279323
26199	0.0006010861234
26200	0.002461335759
26201	0.0006560264515
26202	5.312056237e-05
26203	0.0004728331898
26204	0.0001430813459
26205	0.002498340901
26206	0.001103231675
26207	0.001656444698
26208	0.0006349866268
26209	0.000366326882
26210	0.004362905958
26211	0.00118496546
26212	1.726262365e-07
26213	0.00083661752
26214	0.00170991862
26215	0.001812638247
26216	0.001134893414
26217	0.001094924163
26218	0.004440032681
26219	0.006264351422
26220	0.0006192327323
26221	0.0024544211
26222	0.0141357787
26223	0.004336105766
26224	0.01308987745
26225	0.0109557048
26226	0.002954714408
26227	0.000187178927
26228	0.008557268919
26229	0.0003247095734
26230	0.002771699266
26231	0.004750438839
26232	0.0002025064232
26233	0.008306758757
26234	0.007254328578
26235	0.002108934062
26236	0.001807783912
26237	0.0006489837195
26238	0.001291134633
26239	0.002530538549
26240	0.001176285925
26241	0.001904910134
26242	0.001336267565
26243	0.00343693876
26244	0.00118840128
26245	0.002991250006
26246	0.009505945478
26247	0.01414460259
26248	0.005323992186
26249	0.007838786433
26250	0.0009450481057
26251	0.01861985817
26252	0.00197803583
26253	0.00406485355
26254	0.008593339495
26255	0.001487232172
26256	0.01034916307
26257	0.01150990882
26258	0.001945762639
26259	0.009880198523
26260	0.005952346127
26261	0.001019813933
26262	0.005734856727
26263	0.001437471184
26264	0.01199139892
26265	9.908119515e-05
26266	0.009061525725
26267	0.003906930874
26268	0.01135874135
26269	0.01403342495
26270	0.005796211045
26271	0.0003689728108
26272	0.001940733943
26273	0.002898368996
26274	0.001969134106
26275	0.005226015755
26276	0.003815530286
26277	0.002726738793
26278	0.004006335628
26279	0.001188299891
26280	0.0007921797622
26281	0.006804268092
26282	0.001834127362
26283	0.004965264581
26284	0.005218486639
26285	0.003224488706
26286	0.00197671404
26287	0.009790877633
26288	0.003305166024
26289	0.01291714639
26290	0.004781506532
26291	0.01232511412
26292	0.005877699125
26293	0.01281050709
26294	0.0236412217
26295	0.002430672962
26296	0.001725918848
26297	0.0001997551694
26298	0.006496340404
26299	0.0008149244194
26300	0.005313975842
26301	0.003942789083
26302	0.001503326672
26303	0.0009096599912
26304	0.01123087888
26305	0.004089635322
26306	0.00113378366
26307	4.431899074e-05
26308	0.001036086176
26309	0.001361489962
26310	0.0009416467665
26311	0.00114950004
26312	0.002239326329
26313	0.007707187226
26314	0.005187957802
26315	0.0005053741147
26316	0.001303456068
26317	0.008322792382
26318	0.001951696063
26319	0.001860231459
26320	0.005569774058
26321	0.01650841593
26322	0.02088576529
26323	0.003074817391
26324	0.006925730206
26325	0.0005439452222
26326	0.001936479898
26327	0.009370743837
26328	0.003006895406
26329	0.006177934192
26330	0.01558490246
26331	0.0008125164663
26332	0.008161898415
26333	0.001200433409
26334	0.002295083594
26335	0.007539367417
26336	0.01685182477
26337	0.0006293176058
26338	0.001512581916
26339	0.006926550519
26340	0.002833582521
26341	0.005232138633
26342	0.01264671327
26343	0.009077947544
26344	0.01273288498
26345	0.0008879831283
26346	0.003012944827
26347	0.004583709694
26348	0.01059275202
26349	0.02384734578
26350	0.02062750825
26351	0.01594093032
26352	0.002840181242
26353	0.002821031962
26354	0.001865542218
26355	0.002664685664
26356	0.004066826982
26357	0.009579278364
26358	0.01203587843
26359	0.01173318722
26360	0.004288952228
26361	0.003845323862
26362	0.00580892447
26363	0.01084155988
26364	0.01241213372
26365	0.005367703575
26366	0.006007238314
26367	0.001974763082
26368	0.00274466127
26369	0.001302013062
26370	0.002904297844
26371	0.007825752244
26372	0.02586743368
26373	0.008084881837
26374	0.00471602833
26375	0.004591334824
26376	0.003126806417
26377	0.003971062115
26378	0.0001256099816
26379	0.003436915784
26380	0.002530338143
26381	0.01747209451
26382	0.006007589119
26383	0.002446379134
26384	0.002201872072
26385	0.0009330041103
26386	0.0003304351206
26387	0.004737085426
26388	0.005218597541
26389	9.079569692e-05
26390	0.0003703732884
26391	0.0009695321093
26392	0.005620564479
26393	0.0001025219042
26394	0.002885106335
26395	0.002011333
26396	0.001138107761
26397	0.002692896147
26398	0.0017308559
26399	0.0007701202056
26400	0.004650909939
26401	0.0004962130257
26402	6.592259007e-05
26403	0.0009027018036
26404	0.001640033955
26405	0.00111508472
26406	0.0006791002482
26407	0.000187964939
26408	0.001257108236
26409	0.003730700337
26410	0.001147497049
26411	0.002078738402
26412	0.006598453596
26413	0.005062996876
26414	0.000186192623
26415	0.002090382639
26416	0.01100687672
26417	0.008296668774
26418	0.01846458259
26419	0.009441936265
26420	0.001345209965
26421	0.003209277178
26422	0.0006241423533
26423	0.0003669324122
26424	0.001318594375
26425	0.002494444944
26426	0.003291199218
26427	0.006110053685
26428	0.007873645527
26429	3.279624031e-05
26430	0.000320230434
26431	0.008838918312
26432	0.007172435399
26433	0.002456264795
26434	0.001069432945
26435	0.002390814085
26436	0.00233349757
26437	0.004815926701
26438	0.0002102669488
26439	0.003918318375
26440	0.01171606364
26441	0.01052326762
26442	0.01145921262
26443	0.002072405536
26444	0.005647433497
26445	0.001532371956
26446	0.005658872541
26447	0.001729077044
26448	0.007166004367
26449	0.007233790484
26450	0.002909500881
26451	0.005584290948
26452	0.003921354561
26453	0.009799098222
26454	0.001991709065
26455	0.001960686662
26456	0.005237596731
26457	0.01091558015
26458	0.003519687471
26459	0.008904950131
26460	0.004939370779
26461	0.002980569578
26462	0.002273480161
26463	0.0007019499916
26464	0.002649925918
26465	0.000805402107
26466	0.003593381472
26467	0.009330304745
26468	0.01235367064
26469	0.001759984262
26470	0.009339882832
26471	0.004564286129
26472	0.01563729256
26473	0.0007310653435
26474	0.001697635164
26475	0.009807496982
26476	0.009663868374
26477	0.001245269783
26478	0.003573142862
26479	0.008988470658
26480	0.008139162596
26481	0.003232916683
26482	0.003459156892
26483	0.002835448051
26484	0.0006261165181
26485	0.002004402023
26486	0.001616460676
26487	0.0007210012796
26488	0.004724901122
26489	0.001824323591
26490	0.0008408667802
26491	0.0006751561725
26492	0.0004938976433
26493	0.002668272189
26494	0.0005933089742
26495	0.001450531164
26496	0.001399090349
26497	0.0007673220399
26498	0.003391501725
26499	0.001386111654
26500	1.839477533e-05
26501	0.004765771398
26502	0.0009449224876
26503	0.003586275936
26504	0.001740320118
26505	0.002627399842
26506	0.0003010115328
26507	0.0003553511649
26508	0.002792532342
26509	0.003836877487
26510	0.0009067761029
26511	0.001542435015
26512	0.00399427669
26513	0.002329457852
26514	0.003863113245
26515	0.0002116859973
26516	0.003230923586
26517	0.0008804650663
26518	0.0001998819871
26519	0.002540759535
26520	0.001343843208
26521	0.001586417454
26522	0.002059825345
26523	0.001001630087
26524	2.980350207e-05
26525	0.0008687260342
26526	0.0006437888607
26527	0.0004799149853
26528	0.001522901623
26529	0.001018464278
26530	0.01436403324
26531	0.001329397833
26532	0.001697787927
26533	0.002464466118
26534	0.0008328593883
26535	0.0008130017496
26536	0.0002727604398
26537	0.002120199034
26538	0.0009095708274
26539	0.004763659417
26540	0.002019759439
26541	0.00107546843
26542	0.002320328394
26543	0.002459589885
26544	0.000511121668
26545	0.004679639882
26546	0.003854773328
26547	0.01908620659
26548	2.623768949e-05
26549	0.0007590771023
26550	0.00317421619
26551	0.007108019814
26552	0.003078262725
26553	0.007980141292
26554	0.004111167962
26555	0.005887293629
26556	0.004226021619
26557	0.005563401839
26558	0.003234912395
26559	0.001803883162
26560	0.00384926503
26561	0.00233345956
26562	0.001730071155
26563	0.001737544236
26564	0.007221959183
26565	0.006677193528
26566	0.002929189369
26567	0.002822411794
26568	0.0139839604
26569	0.00216984487
26570	0.001488195556
26571	0.01967646724
26572	0.003176991228
26573	0.0056083217
26574	0.002112632738
26575	0.0009137330039
26576	0.0004526400628
26577	0.003530536601
26578	0.001786889768
26579	0.0009973278459
26580	0.003726985951
26581	0.003427717526
26582	0.0003957123024
26583	0.0001204558919
26584	0.0002097561113
26585	0.006925083998
26586	0.002002094562
26587	0.001104176312
26588	0.004004920421
26589	0.001812638348
26590	0.001332900113
26591	0.001525582198
26592	0.001458253945
26593	0.005178690504
26594	0.01155847424
26595	0.01782805421
26596	0.004252459462
26597	0.01596277097
26598	0.00155226093
26599	0.00325007449
26600	0.0002925717966
26601	0.00921288352
26602	0.000290560736
26603	0.0009311818233
26604	0.01031246624
26605	0.0008246372067
26606	0.001077335706
26607	0.004778605863
26608	0.004691753438
26609	0.003256891498
26610	0.005110607926
26611	0.003561496256
26612	0.01133475403
26613	0.0003419061532
26614	0.004074617928
26615	0.001931112804
26616	0.0002253551459
26617	0.001735978296
26618	0.000598286764
26619	0.002477541901
26620	0.001093184124
26621	0.001817056011
26622	0.002719347286
26623	0.0003220418356
26624	0.0006292739724
26625	0.001004274701
26626	0.001670377458
26627	0.006544170762
26628	0.0003238838647
26629	0.002859509979
26630	0.003267489706
26631	0.007097352925
26632	0.01405966036
26633	0.000948953953
26634	0.000578951431
26635	0.00101874581
26636	0.0009853755696
26637	0.0004501154617
26638	0.0001326588224
26639	0.0001727752915
26640	0.0001251124934
26641	0.001784212494
26642	0.0007034981826
26643	0.003239623914
26644	0.001677385572
26645	0.001848151315
26646	9.635841455e-05
26647	0.00111130727
26648	0.002038855085
26649	0.00166096667
26650	0.0003447912901
26651	0.002070646398
26652	0.002419370032
26653	0.001607503783
26654	0.01352757406
26655	0.001031548188
26656	0.01423849079
26657	0.0008081408728
26658	0.007930812565
26659	0.002703957058
26660	0.002576596507
26661	0.00687616846
26662	0.007266365427
26663	0.004829980323
26664	0.0003282568123
26665	0.003458959263
26666	0.002644951992
26667	0.0004610728312
26668	0.0006894289986
26669	0.004661721853
26670	0.0001799121649
26671	0.00690855134
26672	0.004556434682
26673	0.001038673298
26674	0.001626166167
26675	0.001847939971
26676	0.0008674616385
26677	0.00083334409
26678	0.0003794280601
26679	0.001432442586
26680	0.0004980851147
26681	0.0003950590332
26682	0.008335855574
26683	0.006701852228
26684	0.0002837490662
26685	0.001132427718
26686	0.008253210614
26687	0.002091466301
26688	0.01529689475
26689	0.01207940465
26690	0.0001666256742
26691	0.00114126781
26692	0.007962246617
26693	0.001154830559
26694	0.0002934705194
26695	0.0003768844204
26696	0.002462558836
26697	0.001499399163
26698	0.002792950826
26699	0.0009230611205
26700	0.003580579448
26701	0.0005367149717
26702	0.006321099992
26703	0.004863985394
26704	0.002982567046
26705	0.002001447021
26706	0.002191762625
26707	0.000433930752
26708	0.003730263806
26709	0.007715847697
26710	0.0004074073977
26711	0.00351978131
26712	0.005688361374
26713	0.01784740922
26714	0.005776464214
26715	0.003014760179
26716	0.001437051778
26717	0.008354981615
26718	0.001354950759
26719	0.003294870614
26720	9.860919117e-05
26721	0.0003389848472
26722	0.004026871025
26723	0.0006436806643
26724	0.003565568826
26725	0.001719620403
26726	2.352767533e-05
26727	0.004423214754
26728	0.007565581159
26729	0.0001133038697
26730	0.001076085163
26731	0.001201169402
26732	0.002505113049
26733	0.001342538368
26734	0.008073707778
26735	0.0001838665073
26736	0.003118388062
26737	0.003189490887
26738	0.004614004034
26739	0.005326147031
26740	0.0009346873514
26741	0.001736241247
26742	0.00802881941
26743	4.036643306e-06
26744	0.016780477
26745	0.0007227220842
26746	0.001778296487
26747	0.002951017539
26748	0.008096528179
26749	0.01475790907
26750	0.00290924576
26751	0.003703173159
26752	0.001803723822
26753	0.005971800849
26754	0.0002155394759
26755	0.007476213301
26756	0.003489190984
26757	0.0004264870459
26758	0.00949874528
26759	0.0001121077794
26760	0.004172157508
26761	0.005309624765
26762	0.001737706106
26763	0.0009007893501
26764	0.001196156218
26765	0.003357989638
26766	0.002833165313
26767	0.005394210309
26768	0.004003438971
26769	0.005775843217
26770	0.003532127138
26771	0.01050955869
26772	0.003024604948
26773	0.004434956606
26774	0.002530084242
26775	0.007716175944
26776	0.0009324406083
26777	0.001606415581
26778	0.008709127049
26779	0.001102275444
26780	0.003764374785
26781	0.0006634798453
26782	0.007763845954
26783	0.0008608315244
26784	0.001260102008
26785	0.0004805335324
26786	0.01359265721
26787	0.0005290120617
26788	0.003398471132
26789	0.003627268816
26790	0.008947679914
26791	0.006503503467
26792	4.870054531e-05
26793	0.009786478373
26794	0.005290311516
26795	0.004490860839
26796	0.008067706885
26797	0.004156912472
26798	0.004565594914
26799	0.009119263772
26800	0.01167724244
26801	0.002567523342
26802	0.003767554102
26803	0.004264912559
26804	0.00312573225
26805	0.003184254241
26806	0.00321797892
26807	5.303317486e-05
26808	0.00133661526
26809	0.0006003052076
26810	0.001005582682
26811	0.008522492528
26812	0.005057993995
26813	0.0001218815769
26814	0.01098938233
26815	0.01284329071
26816	0.0005837182189
26817	0.009165195638
26818	0.00411577925
26819	0.001797574414
26820	0.004090747287
26821	0.001016301975
26822	0.006500255768
26823	0.005443022251
26824	0.003434298701
26825	0.005483204919
26826	0.002109019242
26827	0.01015763419
26828	0.003038585904
26829	0.005773359071
26830	0.001682444876
26831	0.005102488597
26832	0.008932798642
26833	0.007547693975
26834	0.002528870816
26835	0.0002262411143
26836	0.006244528759
26837	0.0006968654396
26838	0.003916157485
26839	0.00102277776
26840	0.0002954999368
26841	0.004261281648
26842	0.001493995852
26843	0.004958873447
26844	0.002642904576
26845	0.0009346067536
26846	0.003454467015
26847	0.00222680311
26848	0.003434999282
26849	0.009530001524
26850	0.001090900471
26851	0.005108057045
26852	0.00236186541
26853	0.006453392356
26854	0.001849514703
26855	0.003531614107
26856	3.546262746e-05
26857	0.01044066335
26858	0.002104231575
26859	0.01190655921
26860	0.00197986174
26861	0.001437463061
26862	0.001092046059
26863	0.007120030355
26864	0.004041361465
26865	5.3065538e-05
26866	0.006518865612
26867	0.00722040156
26868	0.001690057112
26869	5.347892747e-05
26870	0.01433974138
26871	0.001435688165
26872	0.002359498988
26873	0.001257000361
26874	0.007817235788
26875	0.002795122428
26876	0.004337692826
26877	0.01089451102
26878	0.007176532928
26879	0.001722842197
26880	0.005831964778
26881	0.005427239588
26882	0.01472858396
26883	0.009267050923
26884	0.001727495907
26885	0.0002054923476
26886	0.002404479481
26887	0.01125136655
26888	0.002985194786
26889	0.003652386468
26890	0.004559677109
26891	0.001759439521
26892	0.002877556841
26893	0.003354020273
26894	0.007157049441
26895	0.008405727164
26896	0.01076636693
26897	0.005455857026
26898	0.004192921811
26899	0.008645105641
26900	0.002891734211
26901	0.01038673707
26902	0.0008531384721
26903	0.01369282067
26904	0.006290781378
26905	0.005444518328
26906	0.001443201501
26907	0.001023490629
26908	0.002813211852
26909	0.002750947073
26910	0.0004863078964
26911	0.01356760312
26912	0.009615774835
26913	0.01166180342
26914	0.005729666646
26915	0.005757452373
26916	0.01620883989
26917	0.01290050464
26918	0.01392233348
26919	0.01300889425
26920	0.01415783694
26921	0.01539153711
26922	0.01535250514
26923	0.01646810909
26924	0.01585955937
26925	0.0141530164
26926	0.001367300521
26927	0.01335249147
26928	0.007974472887
26929	0.002467512041
26930	0.00561589465
26931	0.002033584087
26932	0.0006395729879
26933	0.0002887517849
26934	0.007401778023
26935	0.001714556596
26936	0.002695465637
26937	0.00245531451
26938	0.007417931262
26939	0.001897163401
26940	0.009410432633
26941	0.001247959709
26942	0.009560716214
26943	0.007669223989
26944	0.0122699621
26945	0.004859639888
26946	0.002528549245
26947	0.01265401298
26948	0.002423669114
26949	0.008529675819
26950	0.004868317228
26951	0.001629672761
26952	0.0007699478147
26953	0.001275918931
26954	0.002733712035
26955	0.002682276606
26956	0.007465004822
26957	0.009322170064
26958	0.01134684009
26959	0.002234184355
26960	0.005686875067
26961	0.01025321167
26962	0.001820930637
26963	0.006167051205
26964	0.007367042276
26965	0.004614658676
26966	0.006579824016
26967	7.686927515e-05
26968	0.001437118512
26969	0.006874811598
26970	0.0001458535424
26971	0.0001306556539
26972	0.0002839106224
26973	0.0001450345711
26974	1.661450512e-06
26975	0.01073722679
26976	0.009821330529
26977	0.009207600569
26978	0.007131378674
26979	0.003847442017
26980	0.005255435517
26981	0.003816556029
26982	0.002685050914
26983	1.105216622e-08
26984	0.003226001901
26985	0.002420371929
26986	0.0006944840819
26987	0.002011742244
26988	0.004254579194
26989	0.009840782645
26990	0.004336448189
26991	0.001753164526
26992	0.0050900458
26993	0.004660797734
26994	0.01798902784
26995	0.004013215647
26996	0.0006943387444
26997	0.0003863014564
26998	0.002668261967
26999	0.0002786931673
27000	0.003333309139
27001	0.001760926756
27002	0.002638406224
27003	8.17171181e-05
27004	0.006268448702
27005	0.001406793795
27006	0.001602027398
27007	0.0109728281
27008	0.00945475834
27009	0.001119254904
27010	0.004269644768
27011	0.001647094774
27012	0.002112318543
27013	0.003926382572
27014	0.01046233913
27015	0.002631286552
27016	0.0009442577019
27017	0.008072137675
27018	0.003906257749
27019	0
27020	0.001573203979
27021	0.003260382326
27022	0.001916997269
27023	0.004710776683
27024	0.002278744535
27025	0.01177104407
27026	0.002873106008
27027	0.00196280136
27028	0.005473492568
27029	0.000502608248
27030	8.434116401e-06
27031	0.004959669491
27032	0.001995768034
27033	0.0009157842749
27034	0.001766052597
27035	0.002859803403
27036	0.0007443275476
27037	0.003325889452
27038	0.01317814425
27039	0.005446616632
27040	0.002368596807
27041	0.0006902520111
27042	0.0002067425764
27043	0.001404789628
27044	0.0006755095503
27045	0.002204651547
27046	0.001555260797
27047	0.00143009486
27048	0.0004425252294
27049	0.006324791271
27050	0.002277665738
27051	0.007257818643
27052	0.004466005104
27053	0.003063088332
27054	0.01144214647
27055	0.006513215685
27056	0.007629928842
27057	0.002822651683
27058	0.009838730543
27059	9.11424711e-05
27060	0.009256235305
27061	0.006025931887
27062	0.00456454308
27063	0.0005098982113
27064	0.00529141475
27065	0.001236896043
27066	0.001790433836
27067	0.006065327732
27068	0.007797881881
27069	0.0009929866904
27070	0.001341237646
27071	0.0003680503843
27072	0.01643350405
27073	0.004692152467
27074	0.008767316856
27075	0.0004158832947
27076	0.002907500476
27077	0.001630898933
27078	0.003617695258
27079	0.004604109294
27080	0.004905006751
27081	0.005158318951
27082	0.005354887104
27083	0.001263632065
27084	0.005431524174
27085	0.002292566295
27086	0.006515447561
27087	0.002390182692
27088	0.007296933513
27089	0.009806928405
27090	0.00840112129
27091	0.0003862346215
27092	0.006766711536
27093	0.002189603021
27094	0.001226231752
27095	0.01115331575
27096	0.0025086922
27097	0.00100126828
27098	0.007262198841
27099	0.002358331097
27100	0.001517999093
27101	0.005651596118
27102	0.001487647131
27103	0.001340023763
27104	0.007849890685
27105	0.002051451845
27106	0.01381384624
27107	0.0006845168957
27108	0.0007870398979
27109	0.003375792999
27110	0.0002449461711
27111	0.007756543884
27112	0.00214531318
27113	0.002842408113
27114	0.0003647015712
27115	0.0007229398997
27116	0.001407480401
27117	0.002584999817
27118	0.009149103008
27119	0.0008646676687
27120	0.001197456757
27121	0.00117647929
27122	0.002622854622
27123	0.0006850385898
27124	0.0006142504904
27125	0.0002580127129
27126	0.004819078907
27127	0.003623710714
27128	0.002519729748
27129	0.001453264807
27130	0.0001351181323
27131	0.00207048623
27132	0.003713572135
27133	0.0001141615742
27134	0.002800067781
27135	0.0008561579481
27136	0.002478848383
27137	0.0005692841439
27138	0.003826573053
27139	0.0008494800121
27140	0.0004632285371
27141	0.0003907351739
27142	0.002180302101
27143	0.0001107114447
27144	0.0008329959125
27145	0.0003627302239
27146	0.0007748560289
27147	0.003001098151
27148	0.0001596897158
27149	0.0001941931564
27150	0.001216880395
27151	0.001499264361
27152	0.008846372541
27153	0.001903489931
27154	0.001679866127
27155	0.003048601666
27156	0.0006494312492
27157	0.002545122635
27158	0.00103537003
27159	0.007829782365
27160	0.0164878576
27161	0.004260445808
27162	0.002208010052
27163	0.0006937075522
27164	0.002639273874
27165	0.001582518082
27166	0.001957205446
27167	0.001049249101
27168	0.001091485812
27169	0.0003546421241
27170	0.0008853544017
27171	0.0002465531694
27172	0.002561716003
27173	0.003928512959
27174	0.0006926667227
27175	0.0008693611217
27176	0.001989747236
27177	0.001012099177
27178	0.002561858307
27179	0.006380639686
27180	2.8434102e-05
27181	0.001013823283
27182	0.0007954801309
27183	0.0005405367266
27184	0.0001849110446
27185	0.003503806784
27186	0.0007573127614
27187	2.979875783e-05
27188	0.001925904493
27189	0.009156254016
27190	0.0004170107574
27191	0.003672586659
27192	0.001582380752
27193	0.0003922757102
27194	0.005429728271
27195	0.004894533827
27196	0.0001194161018
27197	0.0008366370726
27198	0.0005603473174
27199	0.001117667619
27200	0.0004094625067
27201	0.0001980208549
27202	0.001305182214
27203	0.0003199352086
27204	0.0002318856405
27205	0.001311482979
27206	0.003714458593
27207	0.004303575342
27208	0.001736149147
27209	0.000908397614
27210	0.0005198856491
27211	0.002252498556
27212	0.0008725481584
27213	0.0008877497061
27214	0.000738465811
27215	0.003974616741
27216	0.0119672043
27217	0.0002165566476
27218	0.009347461499
27219	0.0005812191589
27220	0.002866059577
27221	0.00963038486
27222	0.00229208858
27223	0.001566637112
27224	0.004823508497
27225	0.0004429915537
27226	0.0001096445337
27227	0.001504654266
27228	0.00409693374
27229	0.003115070394
27230	0.002750974567
27231	0.0006851890848
27232	0.01145028406
27233	0.00111488889
27234	0.0003086925012
27235	0.005576699494
27236	0.001742445666
27237	0.001413186138
27238	0.003507763136
27239	0.001597853579
27240	0.001047809475
27241	0.000445425618
27242	0.0005531816468
27243	0.01247887776
27244	0.001838824804
27245	0.002410280103
27246	7.02758622e-05
27247	0.0005616704878
27248	0.0008268829233
27249	0.0001706901162
27250	0.0001459435265
27251	0.00330362881
27252	0.0003491152155
27253	0.002045978738
27254	0.003442185312
27255	0.0038366786
27256	0.001461689789
27257	0.001274085036
27258	0.0007291422793
27259	0.002993722692
27260	0.0005486104454
27261	0.002557729169
27262	0.0006264861647
27263	0.0009678129792
27264	0.0004993897608
27265	0.002940064929
27266	0.0007999682661
27267	0.003417712383
27268	0.002570174223
27269	0.003232227605
27270	0.001600674508
27271	9.561332916e-05
27272	0.0003060482854
27273	0.0001631047177
27274	0.01510202168
27275	0.0007790624992
27276	0.004103541355
27277	0.001733023255
27278	0.0007187624237
27279	0.004687979984
27280	0.003272711543
27281	0.001236078826
27282	2.400032083e-05
27283	0.001809774078
27284	0.001318284971
27285	0.003712475874
27286	0.001045314562
27287	0.000106293714
27288	0.0003004271044
27289	0.000824651173
27290	0.0009591380686
27291	0.007015205713
27292	0.001803731461
27293	0.0007900982043
27294	0.0009782189345
27295	0.001709193509
27296	0.000982722022
27297	0.0003665842567
27298	0.001982228203
27299	0.002460709543
27300	0.007347983831
27301	0.001039950423
27302	0.0002463064064
27303	0.001531898849
27304	0.0001042587546
27305	8.273017492e-05
27306	0.0001126397921
27307	0.00119244007
27308	0.001282347917
27309	0.0003176732144
27310	0.0004942751626
27311	0.00480710773
27312	0.001081531971
27313	0.0001548808313
27314	0.001716280238
27315	0.002918362042
27316	0.002489294132
27317	0.000233991731
27318	0.002772224029
27319	0.002763210392
27320	0.002926507077
27321	0.002582293582
27322	5.192200063e-05
27323	0.00213089747
27324	0.008951390094
27325	0.0005481713495
27326	0.004336174629
27327	0.007370020967
27328	0.004233877217
27329	0.004211172656
27330	0.003487236317
27331	5.317247686e-05
27332	0.0004748553614
27333	0.0043392789
27334	0.0002936348468
27335	0.003702863386
27336	0.002633499508
27337	0.01075896041
27338	0.005067388623
27339	0.001406463273
27340	0.0001687191166
27341	0.00123567928
27342	0.002529177444
27343	0.001139619087
27344	0.0008790323661
27345	0.0002210385861
27346	0.000888361986
27347	0.0004074878136
27348	0.00244898353
27349	0.001777411346
27350	0.0008838743692
27351	0.002074280262
27352	0.005762520802
27353	0.001687564637
27354	0.0008876684386
27355	0.002178482116
27356	0.0003097576127
27357	0.0002009800746
27358	0.002852241742
27359	0.0003044441793
27360	0.002456628823
27361	0.0009596232368
27362	0.000573889417
27363	5.021802814e-05
27364	0.0002596644778
27365	0.001908611651
27366	0.002805222108
27367	0.0001465499922
27368	0.0003078439043
27369	0.01063056549
27370	0.0008152121155
27371	0.001253170744
27372	0.001371718687
27373	0.009193367143
27374	0.002196589382
27375	0.003089343489
27376	0.004137945868
27377	0.001194674456
27378	0.001038291653
27379	0.001070625488
27380	0.0008137976979
27381	0.0001263085521
27382	0.002556476339
27383	0.0005396771425
27384	0.002164351353
27385	0.0003186250056
27386	0.001059788683
27387	0.00178757092
27388	0.001216618268
27389	0.002085246026
27390	0.0007216533361
27391	0.000697227641
27392	0.002791033463
27393	0.0004067622181
27394	0.0002740656474
27395	0.0009789639737
27396	0.001892136479
27397	0.002219918834
27398	0.003025148887
27399	0.001123550612
27400	0.002243625881
27401	0.0004143834764
27402	0.001185900313
27403	0.0008299782326
27404	0.002718271529
27405	0.0004295024207
27406	0.001867273768
27407	0.001018910135
27408	0.0006635600049
27409	0.001605155141
27410	0.002829479503
27411	0.002098091466
27412	0.0004516634391
27413	0.002290897692
27414	0.002552814964
27415	0.003844079998
27416	0.001404305816
27417	0.0005459696932
27418	0.0007445843903
27419	9.144853888e-05
27420	0.001232260992
27421	0.0008747145489
27422	0.0006130146102
27423	0.001994643806
27424	0.001182577578
27425	0.01091093174
27426	0.00344621932
27427	0.001112832621
27428	0.001004074823
27429	0.001822339997
27430	0.000894143616
27431	0.003266802834
27432	0.0001390145344
27433	0.003437279822
27434	0.005560823485
27435	0.001824005922
27436	0.001512187205
27437	0.001409814305
27438	0.0003539754596
27439	0.007497953446
27440	0.003760312432
27441	0.003926748011
27442	0.001057971633
27443	0.001333543542
27444	0.0006402011511
27445	0.0002158914199
27446	0.00313781657
27447	0.0001735920909
27448	0.001464865017
27449	3.723801613e-05
27450	0.00392769776
27451	0.005674998652
27452	0.0009478113336
27453	0.0001378083852
27454	0.001437367038
27455	0.003134811483
27456	8.110117714e-06
27457	0.0001606014149
27458	0.0005150292448
27459	0.0007390492512
27460	0.0009909645829
27461	0.0008090149681
27462	0.0003096480886
27463	2.528247812e-05
27464	0.002666810914
27465	0.0007964896235
27466	0.001905846504
27467	0.001409413545
27468	0.001461712809
27469	0.001558388224
27470	0.001206385699
27471	9.125717664e-05
27472	0.0005138244938
27473	0.001207987617
27474	0.0007522241414
27475	9.563093209e-05
27476	0.001511340487
27477	0.0007704562248
27478	0.001760801229
27479	0.002028175682
27480	0.0001243692011
27481	0.001826427439
27482	0.004567678378
27483	0.00493120802
27484	0.006244157736
27485	0.0004571912119
27486	0.01384827993
27487	0.008891342673
27488	0.005074067833
27489	0.003828595342
27490	0.000582054415
27491	0.00110041247
27492	0.003604298991
27493	0.007246491559
27494	0.008143629696
27495	0.01288520252
27496	0.007159398511
27497	0.01180569278
27498	0.001081690924
27499	0.001038465007
27500	0.0004083678154
27501	0.006581796343
27502	0.003785661034
27503	0.002033849527
27504	0.004274956905
27505	0.01465031929
27506	0.001681868747
27507	0.00192130513
27508	0.003170008888
27509	0.001895982447
27510	0.005154270336
27511	0.003034996026
27512	0.01100055935
27513	0.00429408735
27514	0.0002879876218
27515	0.004510454004
27516	0.0003158832238
27517	0.0116945827
27518	0.008965580256
27519	0.005515042963
27520	0.01594567883
27521	0.009726064788
27522	0.00630302991
27523	0.003653877657
27524	0.01154435701
27525	0.01146150217
27526	0.006869065166
27527	0.008170730143
27528	0.007667481943
27529	0.008584922271
27530	0.00537362192
27531	0.002814525425
27532	0.007776380005
27533	0.0121169684
27534	0.006294021222
27535	0.003991351699
27536	0.01317608635
27537	0.0002427769967
27538	0.01158612856
27539	0.0004295524334
27540	0.01657600306
27541	0.001314295786
27542	0.0025453877
27543	0.01354750869
27544	0.00748743012
27545	0.006374756499
27546	0.009825498251
27547	0.006985891993
27548	0.01351165552
27549	0.002299394488
27550	0.0006543564397
27551	0.001533498049
27552	0.004089521413
27553	0.002736007549
27554	0.003185455455
27555	0.002198428792
27556	0.004306770561
27557	0.001942660356
27558	0.01024212642
27559	0.001570173843
27560	0.003119617498
27561	0.002718761793
27562	0.007234655659
27563	0.000751008911
27564	0.0007634927204
27565	0.00561746019
27566	0.006696658182
27567	0.001908008727
27568	0.001690474048
27569	0.007428797394
27570	0.007256921966
27571	0.003244795764
27572	0.007383496772
27573	0.003237286725
27574	0.001088055594
27575	0.004010454117
27576	0.0006530921944
27577	0.01580556456
27578	0.0003949663318
27579	2.149248642e-05
27580	0.003975604764
27581	0.001255410133
27582	0.004935382835
27583	0.00167412089
27584	0.006106537992
27585	0.01468298637
27586	0.00226661187
27587	0.003830746173
27588	0.0002868033562
27589	0.0007974642452
27590	0.01184409043
27591	0.008463425174
27592	0.009302206543
27593	0.002284137868
27594	0.01865797986
27595	0.001298827245
27596	0.001221574398
27597	0.01064385833
27598	0.00479876102
27599	0.002271932622
27600	0.01006761167
27601	5.019980497e-05
27602	0.0006119117153
27603	0.0006075067443
27604	0.009142908869
27605	0.002708001438
27606	0.004308515101
27607	0.006087030225
27608	0.007288454031
27609	0.00253114656
27610	0.004192384643
27611	0.005713213449
27612	0.0008749897538
27613	0.001579492622
27614	0.009726608663
27615	0.002075694763
27616	0.00887353993
27617	0.001408789446
27618	0.002042233548
27619	0.004874349825
27620	0.008899725018
27621	0.01417361404
27622	0.002099242596
27623	0.002254910597
27624	0.001834972236
27625	0.003467295017
27626	0.0008790254706
27627	0.005145457288
27628	0.00285513984
27629	0.002263829647
27630	0.005971082416
27631	0.004311328818
27632	0.001521459524
27633	0.0003044548026
27634	0.008720169664
27635	0.004383712237
27636	0.004591576765
27637	0.001257646795
27638	0.002002310821
27639	0.002298269999
27640	0.003155686465
27641	0.0008912488699
27642	0.005600881426
27643	0.001926663486
27644	0.006711320532
27645	0.001521303358
27646	0.003024454089
27647	0.001940055048
27648	0.007558960143
27649	0.008225221535
27650	0.0106074866
27651	0.000600994083
27652	0.01010634112
27653	0.002467293699
27654	0.0003390336828
27655	0.001161329881
27656	5.002514181e-05
27657	0.002189235366
27658	0.0009996092025
27659	0.001747346039
27660	0.0007576951128
27661	0.01239668405
27662	0.00479858419
27663	0.01584764239
27664	0.006483356026
27665	0.002424713308
27666	4.519442102e-05
27667	0.004213484126
27668	0.001350453834
27669	0.006712283415
27670	0.0007391703442
27671	0.003850521606
27672	0.001725515673
27673	0.006946172328
27674	0.002578103266
27675	0.004560481655
27676	0.002796473008
27677	0.002446930069
27678	0.005948270096
27679	0.006899735743
27680	0.0006223832198
27681	0.002844827698
27682	0.00151718112
27683	0.001180282707
27684	0.001251025032
27685	0.0007829623656
27686	0.006164386297
27687	0.005692598412
27688	0.01016551636
27689	0.008484549396
27690	0.009481518144
27691	0.002529652906
27692	0.01481178968
27693	0.005389106418
27694	0.01178001172
27695	0.01911085865
27696	0.00190143796
27697	0.0007366197265
27698	0.0001139357869
27699	0.0009750418229
27700	0.005097343921
27701	0.004889887514
27702	0.005599051984
27703	0.006736806349
27704	0.001530949851
27705	0.0001832177341
27706	0.02396429074
27707	0.002345510417
27708	0.01186855407
27709	0.001808570626
27710	0.01817509434
27711	0.001714384744
27712	0.001443622262
27713	0.0002989620901
27714	0.000890813644
27715	0.002315618452
27716	0.01336290635
27717	0.001353287179
27718	0.004676130504
27719	0.01222465107
27720	0.01124476667
27721	0.01273625455
27722	0.003060187649
27723	0.0001618531147
27724	4.659331269e-05
27725	0.001140673271
27726	0.002500711247
27727	0.006940573518
27728	0.001498114143
27729	0.004077415469
27730	0.001242927791
27731	0.002161998421
27732	0.0004553252639
27733	0.0004015028084
27734	0.009392762417
27735	0.006707932429
27736	0.01023371166
27737	0.001481757984
27738	0.0002527277971
27739	0.003312647396
27740	0.01020463005
27741	0.004213758412
27742	0.005452436808
27743	0.0007369647166
27744	0.003269051128
27745	0.003375208994
27746	0.01864319938
27747	0.004527266539
27748	0.001088188441
27749	0.0006208758703
27750	0.01868364368
27751	0.002485248082
27752	0.002511756073
27753	0.0004956732103
27754	0.00201953517
27755	0.003747544185
27756	0.001908587096
27757	0.01098727432
27758	0.002031960192
27759	0.009442793881
27760	0.001608228468
27761	0.003979196011
27762	0.004097919168
27763	0.00731688283
27764	0.01356177724
27765	0.00145865178
27766	0.002394931692
27767	0.003171018796
27768	0.009411257457
27769	0.0003639643365
27770	0.0001862696055
27771	0.0218115992
27772	0.01459370715
27773	0.007901884482
27774	0.001140001208
27775	0.003786343646
27776	0.005280683407
27777	0.003498138597
27778	0.02033780728
27779	0.003597182744
27780	0.008296419912
27781	0.00240806533
27782	0.001665382874
27783	0.002943796923
27784	0.001220180596
27785	0.004482788718
27786	0.001163017995
27787	0.008659481743
27788	0.01765931596
27789	0.01465007565
27790	0.002509227773
27791	0.006047090168
27792	0.008432865018
27793	0.003327528929
27794	0.007817533331
27795	0.0003034369798
27796	0.00741522997
27797	0.009476015965
27798	0.007064928128
27799	0.001285562212
27800	0.001336538809
27801	0.0004359369329
27802	0.007569049942
27803	0.001099585579
27804	0.003914847608
27805	0.009198889602
27806	0.002744909871
27807	0.01425836472
27808	0.002831505776
27809	0.002666360931
27810	0.01029740821
27811	0.005101884931
27812	0.004573766923
27813	0.01180395474
27814	0.0008490255451
27815	0.00712060899
27816	0.002570311774
27817	0.01268379129
27818	0.002743044112
27819	0.005157965311
27820	0.002212014087
27821	0.01647685921
27822	0.002920673426
27823	0.0005384716355
27824	0.0001167681499
27825	0.006709745061
27826	0.0009135630986
27827	3.143205194e-05
27828	0.01281542022
27829	0.002380101266
27830	0.0004638834477
27831	0.003884293453
27832	0.002693025923
27833	0.003953642826
27834	0.001997113581
27835	0.01905101363
27836	0.0002340268494
27837	0.002499337324
27838	0.002987042414
27839	0.01028962642
27840	0.0138203059
27841	0.01770341579
27842	0.003053036961
27843	0.001383012184
27844	0.001599812324
27845	0.009453399907
27846	0.007612015052
27847	0.001529695734
27848	0.0002512273516
27849	0.001193054484
27850	0.001648082087
27851	0.01053175534
27852	0.008747109201
27853	0.008598248415
27854	0.005180038076
27855	0.009777129628
27856	0.009681316294
27857	0.01912231766
27858	0.005443464934
27859	0.008167663263
27860	0.00332171304
27861	0.0005892746813
27862	0.008751468257
27863	0.004321055031
27864	0.003640292889
27865	0.003069754147
27866	0.0207930899
27867	0.003367874822
27868	0.0007058902498
27869	0.009550980826
27870	0.009751769703
27871	0.01392026444
27872	0.003002731371
27873	0.01042473337
27874	0.007173271369
27875	0.004490840075
27876	0.007014674302
27877	0.002337881729
27878	0.01446504651
27879	0.002473804912
27880	0.003482065171
27881	0.002718909986
27882	0.003211910916
27883	0.0002127614099
27884	0.009641121814
27885	0.001026490369
27886	0.000366558475
27887	0.0005483061156
27888	0.009147226414
27889	0.0009313224529
27890	0.0001511138902
27891	0.001417574933
27892	0.007050904997
27893	0.001360653773
27894	0.001156420901
27895	0.02281910436
27896	0.01735227896
27897	0.0088808324
27898	7.192443386e-05
27899	0.006013648781
27900	0.0004916318163
27901	0.005579535651
27902	0.001842729133
27903	0.01152037058
27904	0.008152001136
27905	0.00582324498
27906	0.002070369462
27907	0.01005058143
27908	0.002932067513
27909	0.005105667991
27910	0.01394310726
27911	0.004581674086
27912	0.01388572905
27913	0.007487236702
27914	0.006618415535
27915	0.008272485483
27916	0.002572655902
27917	0.001378237008
27918	0.001028444564
27919	0.01395243206
27920	0.002901145401
27921	0.004042287514
27922	0.00879193033
27923	0.00432365853
27924	0.00920569082
27925	0.01755193581
27926	0.007595460348
27927	0.006387243711
27928	0.002106542024
27929	0.00155756521
27930	0.001165608953
27931	0.005280108325
27932	0.005371734089
27933	0.0006529918583
27934	0.004632953805
27935	0.01456934343
27936	0.01389894394
27937	0.0001343918514
27938	0.003179631281
27939	0.0006376941499
27940	0.006850713541
27941	0.009817022033
27942	0.003648684902
27943	0.007973576529
27944	0.003180100176
27945	0.0001203095563
27946	0.0005624142858
27947	0.01033341924
27948	0.004871602588
27949	0.01227667137
27950	0.004952026826
27951	0.001492249968
27952	0.003219238597
27953	9.26698341e-05
27954	0.004191632854
27955	0.001007190405
27956	0.005895897686
27957	0.0002804146632
27958	0.002761300153
27959	0.0007313320677
27960	0.001070723924
27961	0.001440124777
27962	0.007355812899
27963	0.002152205861
27964	0.0007540375028
27965	0.0003793245239
27966	0.0008691693718
27967	0.0003543810828
27968	0.002791760116
27969	0.0003358805122
27970	0.001471204268
27971	0.00352728632
27972	0.001621490405
27973	0.0002338347029
27974	0.002238015114
27975	0.001155570852
27976	0.0003972225047
27977	0.001158886686
27978	0.0009953547608
27979	0.0003226544003
27980	0.002303043295
27981	0.003750773349
27982	9.961450637e-05
27983	0.001012593172
27984	0.001632672167
27985	0.002207460144
27986	0.0009964741328
27987	0.001635475108
27988	0.0008672529105
27989	0.002048463548
27990	0.001248439093
27991	0.000419615118
27992	0.0003850739274
27993	0.001203754744
27994	0.00205535782
27995	0.001190481623
27996	0.00111459272
27997	0.001700809742
27998	0.001335564585
27999	0.001412991522
28000	0.001102760026
28001	0.003137475538
28002	0.001944076355
28003	7.376186588e-05
28004	0.00119023013
28005	0.001911442568
28006	0.001445439151
28007	0.001249016872
28008	0.001365489304
28009	0.0004408413971
28010	0.0009693338732
28011	0.003816188898
28012	0.0007184795561
28013	0.001202420495
28014	0.0005488038481
28015	0.001277236095
28016	0.0009896525907
28017	0.001093980938
28018	0.0009773395145
28019	0.0003385882605
28020	0.0001347624461
28021	0.000352589487
28022	0.0006389353837
28023	0.000534435491
28024	0.001597673923
28025	0.0006733048323
28026	0.0002073928847
28027	0.0006826044833
28028	0.0009425092061
28029	3.312269281e-05
28030	0.001475677513
28031	0.0001334185047
28032	0.001498194575
28033	0.002223786427
28034	0.00807156566
28035	8.316747516e-05
28036	0.0005910370765
28037	0.005075096366
28038	0.001886793506
28039	0.01345911832
28040	0.007499073375
28041	0.001046441565
28042	0.0005941389563
28043	0.0001340241727
28044	0.003058642736
28045	0.002425234862
28046	0.0001000985647
28047	0.001385861043
28048	0.0008956614989
28049	0.001145895532
28050	0.0007786602186
28051	0.008919751304
28052	0.0001881236776
28053	0.001979933343
28054	0.00180435295
28055	0.005048343628
28056	0.001642063551
28057	0.006841800167
28058	0.01344536571
28059	0.01041656801
28060	0.00807977665
28061	0.002805825711
28062	0.00831852282
28063	0.001469920233
28064	0.008575113925
28065	0.007549211772
28066	0.01299519375
28067	0.007713109474
28068	0.0007191218248
28069	0.01004140849
28070	0.004892813768
28071	0.006089761662
28072	0.008112563851
28073	0.002381350611
28074	0.007035650971
28075	0.005465712492
28076	0.0001408617002
28077	0.001120897833
28078	0.002012678582
28079	0.002128856914
28080	0.004738251766
28081	0.0006245462472
28082	0.0008169943073
28083	0.009288961599
28084	0.006912142237
28085	0.001250543893
28086	0.008469487397
28087	0.0006706034174
28088	0.002999115269
28089	0.009087747476
28090	0.004680123827
28091	0.0007740966031
28092	0.003938250065
28093	0.002832109264
28094	0.002665959994
28095	0.002226706411
28096	0.002181973592
28097	0.002024275876
28098	0.0123373088
28099	0.002361886257
28100	0.007702347597
28101	0.00923220509
28102	0.004607877035
28103	0.00594661422
28104	0.0008086460651
28105	0.008334972411
28106	0.001633733476
28107	0.003676037284
28108	0.015247635
28109	0.001586501298
28110	2.775758673e-05
28111	0.001526552088
28112	0.004528656981
28113	0.0106285912
28114	0.001252763841
28115	0.002233490861
28116	0.007165396014
28117	0.00767089932
28118	0.006534465166
28119	0.009338562664
28120	0.003506313991
28121	0.001256743371
28122	0.001918199855
28123	0.003295047773
28124	0.007727971534
28125	0.00624261679
28126	0.007891764793
28127	0.002288013035
28128	0.001886288517
28129	0.006709023205
28130	0.005865875355
28131	0.0179544645
28132	0.0002047254384
28133	0.009874890837
28134	0.003832649776
28135	0.009669636769
28136	0.008327603702
28137	0.006102157197
28138	0.0008901519326
28139	0.009661254903
28140	0.01521714071
28141	0.003296804948
28142	0.004469389594
28143	0.002771253427
28144	0.001928742133
28145	0.002525368967
28146	0.0005905615846
28147	9.15224623e-06
28148	0.007943921959
28149	0.0002596155587
28150	0.005767987934
28151	0.001741768579
28152	0.01108865912
28153	0.0001830513096
28154	0.00143581846
28155	0.001151170049
28156	0.01605883254
28157	0.002019373157
28158	0.0006910091471
28159	0.007554470127
28160	0.0009387636998
28161	0.00206277906
28162	0.01149821933
28163	0.0002748434379
28164	0.01110151863
28165	0.001781515148
28166	0.0007762521722
28167	0.00263666689
28168	0.002729773636
28169	3.926430826e-05
28170	0.005584377339
28171	0.0006754584335
28172	0.02274499995
28173	0.006747881877
28174	0.007901904288
28175	0.002480457721
28176	0.001379846481
28177	0.0004114235069
28178	0.005416623909
28179	0.002103096154
28180	0.0003806457244
28181	0.0007379324641
28182	0.001194201299
28183	0.01380356196
28184	0.01978037366
28185	0.0007512633647
28186	0.002950372998
28187	0.001739645095
28188	0.001410456168
28189	0.005006072242
28190	0.004397214951
28191	0.003645284489
28192	0.001864956054
28193	0.0007975749254
28194	0.003072298304
28195	0.007746922232
28196	0.001078052058
28197	6.536697704e-05
28198	0.005018215471
28199	0.001350631802
28200	0.00332090162
28201	0.002515564736
28202	0.003510230998
28203	0.008018423268
28204	0.0001886838658
28205	0.008304956922
28206	0.003472103946
28207	0.004056548868
28208	0.0003507372794
28209	0.001690820025
28210	0.002333699978
28211	0.0006282810772
28212	0.001817589672
28213	0.004250523686
28214	0.0009017921251
28215	0.0004278930832
28216	0.0004992081392
28217	0.003995947627
28218	0.004366985272
28219	0.0001217188317
28220	0.0001661795886
28221	0.002546770184
28222	0.001221068422
28223	0.0007448432228
28224	0.0002100345493
28225	0.01385023398
28226	5.854011652e-05
28227	0.001386050409
28228	0.000144228593
28229	0.0009246227098
28230	0.004248352409
28231	0.02154298872
28232	0.001120694779
28233	0.0006077091622
28234	0.0003511695965
28235	0.00257252534
28236	0.003272033149
28237	0.002908779919
28238	0.0006803369188
28239	0.003605499627
28240	0.00149369762
28241	0.005178242175
28242	0.0003638963616
28243	0.002443933866
28244	0.006727540954
28245	0.005479189742
28246	0.01492509123
28247	0.001133454817
28248	9.130102947e-05
28249	0.0007623779568
28250	0.0001406965065
28251	0.002681596495
28252	0.005637388806
28253	0.002628760762
28254	0.003502986781
28255	0.0009939506472
28256	0.001591876372
28257	0.001278035736
28258	0.0214620292
28259	0.001293486684
28260	0.009922187214
28261	0.00158913518
28262	0.001107903639
28263	0.005487186943
28264	0.007998291185
28265	0.0110129984
28266	0.00991197898
28267	0.002382942328
28268	0.01057413059
28269	0.0001956813441
28270	0.0003546583577
28271	0.001059884104
28272	0.007931422683
28273	0.002903024407
28274	0.006149822324
28275	0.004918093572
28276	0.001979364439
28277	0.001392429676
28278	0.0001646408202
28279	0.002229558258
28280	0.0008309076324
28281	0.00170332432
28282	0.001060588003
28283	0.001357590583
28284	0.003365115381
28285	0.004593743982
28286	0.00107196442
28287	0.01475791152
28288	0.0008356160245
28289	0.002351968841
28290	0.004648181777
28291	0.001536491944
28292	0.002376524259
28293	0.00665646064
28294	0.007280636951
28295	0.005636669223
28296	0.0009100467305
28297	0.007232605955
28298	0.003936132319
28299	0.0111782504
28300	0.001007125839
28301	0.001862476516
28302	0.007100757531
28303	0.00358739334
28304	0.003701221694
28305	0.007165962982
28306	0.001903164588
28307	0.001741689941
28308	0.0003563603923
28309	0.0002782559097
28310	0.00216784709
28311	0.02421045434
28312	0.00272752974
28313	0.00679872138
28314	0.003069025611
28315	0.002838722068
28316	0.009443972391
28317	0.01051195543
28318	0.00808723068
28319	0.0007040177138
28320	0.002897396349
28321	0.004145670407
28322	0.005490153428
28323	0.003749954221
28324	0.0002465281446
28325	0.009799341782
28326	0.003517858794
28327	0.004357151268
28328	0.008199227277
28329	0.006466513236
28330	0.004523008765
28331	0.005903510928
28332	0.008269451415
28333	0.0022091479
28334	0.003237759781
28335	0.002978026437
28336	0.005145314207
28337	0.006481272287
28338	0.001922257989
28339	0.0003430097669
28340	0.01066085232
28341	0.005211508574
28342	0.003362230331
28343	0.01851731329
28344	0.001231540035
28345	0.0004952544484
28346	0.01682879295
28347	0.007236870285
28348	0.002121651315
28349	0.003110088858
28350	0.00062539269
28351	0.001558908333
28352	0.001554189551
28353	0.007177541438
28354	0.008881056879
28355	0.004132817106
28356	0.002243904787
28357	0.003762434371
28358	0.008502666374
28359	0.002443388936
28360	7.417427093e-05
28361	0.003942110577
28362	0.001509479086
28363	0.001750319218
28364	0.001080698206
28365	0.002884234526
28366	1.633809043e-07
28367	0.01135782532
28368	0.007036416796
28369	0.00488476704
28370	0.008295226068
28371	0.007636891361
28372	0.006535057955
28373	0.004202111853
28374	0.00180641515
28375	0.001939594959
28376	0.00130386233
28377	0.003719998207
28378	0.004171444367
28379	0.006655731274
28380	0.00288830616
28381	0.000577004849
28382	0.003419537746
28383	0.0003695252332
28384	0.004267148474
28385	0.004464067955
28386	0.001633347334
28387	0.0002739838409
28388	0.002082411667
28389	0.0002488761722
28390	0.003227667411
28391	0.001603927365
28392	0.0005454171849
28393	0.0008690184291
28394	0.0006857372305
28395	0.007203137339
28396	0.004611568309
28397	0.005217441805
28398	0.001261037071
28399	0.01336071127
28400	0.000619081542
28401	0.006880217632
28402	0.004098127805
28403	0.01949558367
28404	0.009207902675
28405	0.001990939835
28406	0.004276036472
28407	0.01150723876
28408	0.003367644299
28409	0.003478354791
28410	0.001299626161
28411	0.01158982509
28412	0.007617898377
28413	0.01136467175
28414	0.002295555965
28415	0.001172962838
28416	0.005287116865
28417	0.00848291027
28418	0.002860815894
28419	0.009045058882
28420	0.004170672057
28421	0.001216749367
28422	0.006537993019
28423	0.0003432996732
28424	0.003214777274
28425	0.001161770637
28426	0.00690778589
28427	0.005091888307
28428	0.006671688453
28429	0.003281728883
28430	0.004889695298
28431	0.001308848732
28432	0.001196374252
28433	0.0008963879092
28434	0.001150623431
28435	0.0008280682265
28436	0.007925593014
28437	0.001010521013
28438	0.0006904733239
28439	0.003305209619
28440	0.001256695413
28441	0.01113675607
28442	0.000569030411
28443	6.637871035e-05
28444	0.0009649090982
28445	0.0009101087133
28446	0.0001508936774
28447	0.0003466537091
28448	0.0009800033312
28449	0.0008813535105
28450	0.0005781869732
28451	0.001320937367
28452	0.0001418093571
28453	0.001076000255
28454	0.004188774258
28455	0.002176940109
28456	0.007677803909
28457	0.001594377504
28458	0.0006377889201
28459	0.001483243165
28460	0.0003474712858
28461	0.002993377109
28462	0.0008902394124
28463	0.003504137983
28464	0.001378992872
28465	0.001423370609
28466	0.0007980009889
28467	0.01434090122
28468	1.302430275e-05
28469	0.0003618331667
28470	0.003971945256
28471	0.001727008211
28472	0.005488825002
28473	0.01833593393
28474	0.003364154813
28475	0.001109369767
28476	0.0009790763841
28477	0.004169586979
28478	0.00583030815
28479	0.0007936291067
28480	0.0001538381508
28481	0.001014695089
28482	0.001336120855
28483	0.0001219742717
28484	0.02181502383
28485	0.0009820926964
28486	0.01108111006
28487	0.001583945874
28488	0.02454400729
28489	0.0003176011481
28490	0.001600232038
28491	0.001109125666
28492	0.002671005645
28493	0.008204202552
28494	0.01051544968
28495	0.0004943672125
28496	0.004175209718
28497	0.002674860385
28498	0.00952398354
28499	0.003813085015
28500	0.002420977447
28501	0.01167942295
28502	0.003885881407
28503	0.009842513644
28504	0.006337764482
28505	0.007419098712
28506	0.002856275058
28507	0.004637375927
28508	0.000404566547
28509	0.007592069662
28510	0.006194937342
28511	0.002906606076
28512	0.0002925369819
28513	0.0005593170274
28514	0.001705598535
28515	0.02910046978
28516	0.0007135613272
28517	0.01135863845
28518	0.00215599533
28519	0.0024108602
28520	0.001566353163
28521	0.001095367548
28522	0.0004784472071
28523	0.007340751673
28524	0.002721714621
28525	0.01567257768
28526	0.007852213304
28527	0.0004948751878
28528	0.0008202578208
28529	0.006353089455
28530	0.001730600593
28531	0.006043657139
28532	0.02264357366
28533	0.01518229602
28534	0.004062158456
28535	0.008045499544
28536	0.00145225873
28537	0.002919612219
28538	0.01291069711
28539	0.01223584357
28540	0.02340933708
28541	0.01821509125
28542	0.009118945084
28543	0.00473144246
28544	0.01497757458
28545	0.0004951007357
28546	0.003059743458
28547	0.01305676865
28548	0.005405947767
28549	0.006661171568
28550	0.003939793824
28551	0.00764165172
28552	0.008750204211
28553	0.01541622885
28554	0.001981272127
28555	0.003262802003
28556	0.00261415963
28557	0.004843478469
28558	0.003418502749
28559	0.002820311419
28560	0.003125998606
28561	0.01448031515
28562	0.0100108341
28563	0.007346934697
28564	0.0001869762739
28565	0.00421916927
28566	0.00253783411
28567	0.0007220579395
28568	0.006655079343
28569	0.01001786445
28570	0.003801599796
28571	0.0169866504
28572	0.006337544722
28573	0.01005843128
28574	0.01072597896
28575	0.005028236305
28576	0.002884077657
28577	0.005994927229
28578	0.01130939432
28579	0.0005777929504
28580	0.0007436739054
28581	0.002216565743
28582	0.00663570131
28583	0.007664349037
28584	0.001290599217
28585	0.001861047514
28586	0.001349666336
28587	0.0003681423742
28588	0.002635966987
28589	0.0002990077218
28590	0.0009435301688
28591	0.0009367105018
28592	0.000126240076
28593	0.002297988825
28594	0.0002743191813
28595	0.001410059674
28596	0.0007539266647
28597	0.006451621336
28598	0.001021829132
28599	0.005430153642
28600	0.004605040176
28601	0.01150779996
28602	0.01206209073
28603	0.007063431047
28604	0.00675559154
28605	0.0009370387169
28606	0.003623007033
28607	0.006062341937
28608	0.002464377256
28609	0.00198537818
28610	0.00351839265
28611	0.006343628523
28612	0.0002127828911
28613	0.00590843207
28614	0.003653629547
28615	0.0006133917559
28616	0.004109139856
28617	0.004137444644
28618	0.001476722631
28619	0.007201564323
28620	0.007141838043
28621	0.01842834575
28622	0.0003011463374
28623	0.002625111058
28624	0.00462339849
28625	0.002833387918
28626	0.005001549056
28627	0.005757476608
28628	0.001856785478
28629	0.003540602932
28630	0.005345036119
28631	0.003759880343
28632	0.009815741773
28633	0.002696224551
28634	0.008040459806
28635	0.003675270545
28636	0.002547657668
28637	0.01314870995
28638	0.003545331595
28639	0.004872225397
28640	0.0008738478811
28641	0.006747870324
28642	0.01501699523
28643	0.003561396028
28644	0.007504968455
28645	0.003260702334
28646	4.083162733e-05
28647	0.003954925088
28648	0.0003894715574
28649	0.01472631163
28650	0.0009758722872
28651	0.003019382493
28652	0.002813480356
28653	0.002623256945
28654	0.002970666617
28655	0.005203286234
28656	0.00247977135
28657	0.003086940516
28658	0.0008548227362
28659	0.005810528674
28660	0.001627273572
28661	0.007972380187
28662	0.01171060425
28663	0.000216284811
28664	0.003671221796
28665	0.002476940801
28666	0.001812453381
28667	0.0101555132
28668	0.005369996931
28669	0.01045996169
28670	0.001945210814
28671	0.007929251799
28672	0.006748504783
28673	0.003491686252
28674	0.0003882075085
28675	0.0132615922
28676	0.01085561157
28677	0.003441263398
28678	0.001138505108
28679	0.005257387348
28680	0.00802455544
28681	0.002250990174
28682	0.003413376567
28683	0.006029883168
28684	0.0004367303322
28685	0.008690358018
28686	0.0008072018272
28687	0.004612873379
28688	6.416082146e-05
28689	0.002882894069
28690	0.0001312248342
28691	0.009827810976
28692	0.002213184271
28693	0.00331588262
28694	0.0006495632187
28695	0.0187450913
28696	0.007180274022
28697	0.003375947002
28698	0.005132780841
28699	0.001565796028
28700	0.0004864146493
28701	0.0007579027273
28702	0.01081785547
28703	0.006341010646
28704	0.0003392081457
28705	0.002324267299
28706	0.000964023447
28707	0.009085245109
28708	0.002938136358
28709	0.002641770892
28710	0.003749048201
28711	0.002411644508
28712	0.009773345559
28713	0.005395020526
28714	0.006046257025
28715	0.004175201842
28716	0.01063365636
28717	0.006462351631
28718	0.001129023237
28719	0.003518461741
28720	0.002764746973
28721	0.01246112832
28722	0.001746662105
28723	0.00179348884
28724	0.00166022744
28725	0.002796526088
28726	0.004949165448
28727	0.006115390657
28728	0.01544510825
28729	0.01100681906
28730	0.005582155278
28731	0.001878066885
28732	0.002538887853
28733	0.002521331903
28734	0.001227336593
28735	0.004993283109
28736	0.005413243885
28737	0.005295280397
28738	0.009252921152
28739	0.002135638735
28740	0.003977497601
28741	0.0007670362963
28742	0.003015189288
28743	0.009681507402
28744	0.002958950456
28745	0.003894911569
28746	0.002035844788
28747	0.002306442439
28748	0.0136470645
28749	0.002141294919
28750	0.00340236674
28751	0.004852709086
28752	0.000516316183
28753	0.005053460985
28754	0.0002311846629
28755	0.0002225135488
28756	0.006594110286
28757	0.005372934471
28758	0.002481645726
28759	0.01275943279
28760	0.00283346827
28761	0.008733777295
28762	0.002750886568
28763	0.002907916727
28764	0.001997625779
28765	0.005656996232
28766	0.0006898899408
28767	0.001147679621
28768	0.0008424981118
28769	0.005104153895
28770	0.001131237409
28771	0.003874898287
28772	0.00214911964
28773	0.01257820446
28774	0.01465181248
28775	0.004607788839
28776	0.005144834079
28777	0.003181273869
28778	0.005991933379
28779	0.01812149176
28780	0.006373683236
28781	0.004014284463
28782	0.01041277758
28783	0.004000600334
28784	0.002163602023
28785	0.00451427125
28786	0.004823749013
28787	0.003690465291
28788	0.003122644388
28789	0.003545746566
28790	0.011935812
28791	0.0008116097717
28792	0.00732705804
28793	0.002788557891
28794	0.002811135425
28795	0.01241083319
28796	0.003042278735
28797	0.00635077255
28798	0.001280396442
28799	0.001170458981
28800	0.01575359634
28801	0.003841438409
28802	0.01892973566
28803	0.002172431298
28804	0.01424135709
28805	0.001185384354
28806	0.001718003148
28807	0.01473413594
28808	0.01131343312
28809	0.008375120115
28810	0.00550615825
28811	0.003045637881
28812	0.01413905119
28813	0.0081184418
28814	0.005241262175
28815	0.007238851523
28816	0.001761718337
28817	0.009348990044
28818	0.01622214657
28819	0.001658971323
28820	0.002907675946
28821	0.0007028300795
28822	0.001190873951
28823	0.0002757140154
28824	0.01776247368
28825	0.002246541067
28826	0.001983861193
28827	0.00174021142
28828	0.001615927025
28829	0.0006311707669
28830	0.00378729878
28831	0.0007761488614
28832	0.004215231795
28833	0.006905953221
28834	0.001222751063
28835	0.007845508179
28836	0.000189973272
28837	0.005922036453
28838	0.01770989754
28839	0.001281362388
28840	0.001875888401
28841	0.0203917292
28842	0.004080611933
28843	0.001308499105
28844	0.01336199559
28845	0.001343468207
28846	0.002133589363
28847	0.0007670247552
28848	0.004424936989
28849	0.006377504337
28850	0.006118599571
28851	0.02212620308
28852	0.01773794005
28853	0.0005738666631
28854	0.000319114886
28855	0.003835658458
28856	0.000995643811
28857	0.003692003396
28858	0.01011715682
28859	0.00595257021
28860	0.01057218661
28861	0.002632791385
28862	0.02022054604
28863	0.001892114588
28864	0.001423778547
28865	0.0006310295107
28866	0.001257026965
28867	0.006157630816
28868	0.0005236210718
28869	0.00860735501
28870	0.001649772342
28871	0.003690935394
28872	0.001825851908
28873	0.01242408839
28874	6.022226408e-06
28875	0.0002906097291
28876	0.001033615847
28877	0.0005422016907
28878	0.009556868326
28879	0.003184229622
28880	0.001706698635
28881	0.001942127632
28882	0.00256304767
28883	0.002985977965
28884	0.002165791381
28885	0.0002925296966
28886	0.002698104994
28887	0.002658937806
28888	0.007518618678
28889	0.0006473064995
28890	0.001471362887
28891	0.004641558499
28892	0.0002366260145
28893	0.0005963190224
28894	7.830214761e-05
28895	0.001201187118
28896	0.00131251278
28897	0.007770859179
28898	0.000722630921
28899	0.001499228728
28900	5.691085724e-05
28901	0.001099747461
28902	0.002253737834
28903	0.005874100144
28904	0.001207668679
28905	0.0004250253254
28906	0.001154371587
28907	0.001229888101
28908	0.0005511312671
28909	0.001276239371
28910	0.0002817888294
28911	0.001104392477
28912	0.0006410172229
28913	0.0004673138121
28914	0.001434858256
28915	0.0007245031988
28916	0.001134981765
28917	0.001237797969
28918	0.01373501635
28919	0.00136414113
28920	0.0009237179925
28921	3.571603646e-05
28922	0.001125575133
28923	0.001592039239
28924	0.009955094972
28925	0.001124144554
28926	0.001166088071
28927	0.0001260025022
28928	0.001800346127
28929	0.007388628768
28930	0.007312963745
28931	0.0008623538351
28932	0.007036270191
28933	0.0002938518522
28934	0.001183704728
28935	0.001596939227
28936	6.411185202e-05
28937	0.003440899494
28938	0.0003162637311
28939	0.003320551695
28940	0.000171533661
28941	0.0008675442428
28942	0.0005765999259
28943	0.001306533458
28944	0.001408146868
28945	0.001744246714
28946	0.0002184778341
28947	0.001185841073
28948	0.001279021368
28949	0.0007456438766
28950	0.001201567108
28951	0.0008908121703
28952	0.0005116462014
28953	0.0005723451485
28954	0.0006669707967
28955	0.0006874913681
28956	0.0006596596448
28957	0.00261645437
28958	0.002350867527
28959	0.001684620386
28960	0.002365734378
28961	0.001391325059
28962	0.0003251892073
28963	0.0007328399126
28964	0.0003869451724
28965	0.002103340538
28966	0.0006502115006
28967	0.001317539734
28968	8.190407831e-06
28969	0.0007586187669
28970	0.001136482785
28971	0.001460739084
28972	0.001462473838
28973	0.000995959377
28974	0.001325430497
28975	0.0002545916742
28976	6.316018665e-05
28977	0.0004890730982
28978	0.0001903975075
28979	0.0009882069994
28980	0.00203448056
28981	0.00364263606
28982	0.0002056513014
28983	0.004154698907
28984	0.0005388220292
28985	0.0004768503429
28986	0.001111805557
28987	0.0009251803274
28988	0.0002529838274
28989	0.001640517732
28990	0.002531477681
28991	0.0004359516123
28992	0.001129615196
28993	0.001015256691
28994	0.0002002100095
28995	0.0006371497004
28996	0.001187632562
28997	0.0003871205013
28998	0.005077228533
28999	0.01134872095
29000	0.006909607111
29001	0.00706759221
29002	0.00175884746
29003	0.009834408477
29004	0.0004845777706
29005	0.009929664607
29006	0.002784443429
29007	0.008639590898
29008	0.002286211273
29009	0.0008837222623
29010	0.003032703104
29011	6.847656019e-05
29012	0.0001251103053
29013	0.003915828463
29014	0.001647484604
29015	0.001107205247
29016	0.001877939913
29017	0.001305676577
29018	0.0008212293133
29019	0.0007454663915
29020	0.0002054578608
29021	0.001446494276
29022	0.001497449265
29023	0.003162603701
29024	1.19093953e-05
29025	0.0009083481661
29026	0.0004472793596
29027	0.002146269853
29028	0.002119532469
29029	0.002709928113
29030	0.000725734192
29031	0.0006442370663
29032	0.001376031988
29033	0.0011925724
29034	0.003134962034
29035	0.0001892574947
29036	0.001083966401
29037	0.0008378704667
29038	0.01318339028
29039	0.0005916256129
29040	0.0007783789973
29041	0.000568288233
29042	0.0005428669467
29043	0.001029572703
29044	0.001246696473
29045	0.001612120259
29046	0.004690839298
29047	0.0008588202254
29048	0.00387385222
29049	0.007981634113
29050	0.007130358914
29051	0.001350542883
29052	0.0004319979328
29053	0.001932685448
29054	0.007177098511
29055	0.00928516804
29056	0.01084135134
29057	0.01095134827
29058	0.00985324501
29059	0.004497448726
29060	0.01419840758
29061	0.0006205573383
29062	0.001121650523
29063	0.0004255972486
29064	0.02232179333
29065	0.0009273365216
29066	0.0009637952778
29067	0.00743861327
29068	0.001399737611
29069	0.000357272144
29070	0.0009086129812
29071	0.002501279454
29072	0.0006329423216
29073	0.001091691802
29074	0.01835727845
29075	0.000894079983
29076	0.000642340072
29077	0.0004562356265
29078	0.0002239713441
29079	0.00334803042
29080	0.001813258897
29081	0.001630330315
29082	0.0008418032436
29083	0.003124854379
29084	0.001093351589
29085	0.000940670358
29086	0.005989464983
29087	0.004162934426
29088	0.007963321261
29089	0.004284453764
29090	0.004505672346
29091	0.002594705769
29092	0.0003192816268
29093	0.007941972044
29094	0.005009923171
29095	0.003139327929
29096	0.003032290468
29097	0.007339533501
29098	0.004645401586
29099	0.006052262415
29100	0.001724909364
29101	0.0004408652824
29102	0.00603437226
29103	0.008207088427
29104	0.0073885527
29105	0.001541793669
29106	0.001228979624
29107	0.01350188174
29108	0.006683159801
29109	0.0003925264092
29110	0.003861917045
29111	0.002227951701
29112	0.008033430386
29113	0.007327686874
29114	0.02001488609
29115	0.01635834319
29116	0.007004911716
29117	0.003167265326
29118	0.01334330404
29119	0.001748324102
29120	0.006884318477
29121	0.00194012548
29122	0.00328818507
29123	0.001430971395
29124	0.0008513155092
29125	0.003895642095
29126	0.0005063583806
29127	0.005408481001
29128	0.011552772
29129	0.005137828386
29130	0.003611517934
29131	0.002864006908
29132	0.004253489465
29133	5.58168668e-05
29134	0.005386840806
29135	0.003179373192
29136	0.008623931379
29137	0.007980721188
29138	0.009896600719
29139	0.005655735489
29140	0.002711853586
29141	0.0006970504364
29142	0.008667060185
29143	0.003839681154
29144	0.003650200886
29145	0.001812348235
29146	0.01276078514
29147	0.008710824068
29148	0.008334040191
29149	0.005721770798
29150	1.606718452e-05
29151	0.0003123365298
29152	0.001020000109
29153	0.0008263882072
29154	0.002953439527
29155	0.004906631201
29156	0.0005095654612
29157	6.431265744e-05
29158	0.0005482812018
29159	0.01178745596
29160	0.005832374593
29161	0.0008771553266
29162	0.0007882852736
29163	0.002412938011
29164	0.00280411938
29165	0.009563505349
29166	0.005073411521
29167	0.001241900741
29168	0.001998914194
29169	6.351046069e-05
29170	0.004645518559
29171	0.002206540035
29172	0.005870206672
29173	0.0001957003758
29174	0.003136761655
29175	0.007596538852
29176	0.01113778577
29177	0.005481333301
29178	0.0001038842087
29179	0.002029432096
29180	0.001375006837
29181	0.0005673914724
29182	0.001872901565
29183	0.0007887194691
29184	0.004779272355
29185	0.001213683371
29186	0.001399960821
29187	0.0006205298194
29188	0.002961437112
29189	0.01099835546
29190	0.005049753474
29191	0.0009502817627
29192	0.0004098525733
29193	0.01241507928
29194	0.002273427032
29195	0.00040346478
29196	0.001723405278
29197	0.004903064216
29198	0.001708972582
29199	0.002970584635
29200	0.01325507307
29201	0.01264813928
29202	0.004243168347
29203	0.001517942507
29204	0.00204441623
29205	0.003328289352
29206	0.003780060703
29207	0.000446402586
29208	0.001520608758
29209	0.0004739442232
29210	0.0004192261075
29211	0.003437165415
29212	0.0004308926764
29213	0.00280914018
29214	0.003020118035
29215	0.005071099102
29216	0.00291926343
29217	0.006323301727
29218	0.001380727917
29219	0.0107719451
29220	0.005840076161
29221	0.003765837881
29222	0.007484597402
29223	0.004300152114
29224	0.01884162108
29225	0.001432583431
29226	0.002408468894
29227	0.002256531188
29228	0.003161122999
29229	0.002402286979
29230	0.005403855815
29231	0.003429031463
29232	0.003991637235
29233	0.001930885028
29234	0.006597380236
29235	0.00522868398
29236	0.00262015069
29237	0.004241724188
29238	0.003339824247
29239	0.003507679686
29240	0.002240648432
29241	0.002302800026
29242	0.01145861522
29243	0.001220036878
29244	0.003150144797
29245	0.006894295676
29246	0.004066689541
29247	0.0007799486059
29248	0.009489501239
29249	0.006567773428
29250	0.008364606985
29251	0.002016771199
29252	0.005202140001
29253	0.01265975716
29254	0.004983252075
29255	0.0003786109238
29256	0.002097111603
29257	0.008491317528
29258	0.01952767329
29259	0.005064146813
29260	0.005458048685
29261	0.01343012622
29262	0.004925038232
29263	0.002193222671
29264	0.005225178958
29265	0.006079752955
29266	0.005708102389
29267	0.005120738727
29268	0.000342867982
29269	0.0003019648258
29270	0.00201731579
29271	0.004011988828
29272	0.001657539887
29273	0.01268757262
29274	0.002339558391
29275	0.01538980885
29276	0.007793804627
29277	0.01393927175
29278	0.005316977925
29279	0.01232090782
29280	0.005667560533
29281	0.0153366895
29282	0.005702280078
29283	0.002738280655
29284	0.005032381222
29285	0.0003247166321
29286	0.009395320134
29287	0.0004176945777
29288	0.007691496316
29289	0.01293974849
29290	0.008639874449
29291	0.003369337273
29292	0.001931392455
29293	0.008773534942
29294	0.003346249235
29295	0.0005722087363
29296	0.004704720991
29297	0.00130546552
29298	0.002335416105
29299	0.0007194422948
29300	0.0006586559037
29301	0.00196916131
29302	0.001151889761
29303	0.00256529958
29304	0.003775728372
29305	0.001025416244
29306	0.002005155638
29307	0.0002704052737
29308	0.001607657001
29309	0.006004921173
29310	0.007207023883
29311	0.001763484094
29312	0.005379471165
29313	0.0002640153598
29314	0.005934728168
29315	0.01496764713
29316	0.007011912004
29317	0.006907870626
29318	0.013179667
29319	0.007443993785
29320	0.007734462394
29321	0.006381015092
29322	0.004790242764
29323	0.005722422999
29324	0.001402610879
29325	0.003139641897
29326	0.0006414615769
29327	0.00565084234
29328	0.008161358657
29329	0.003439948015
29330	0.00667813242
29331	0.008501586688
29332	0.003594627538
29333	0.003540137734
29334	0.01561722805
29335	0.007932440791
29336	0.007003579952
29337	0.01541111403
29338	0.006752485322
29339	0.00304554562
29340	0.0008049233794
29341	0.01214821993
29342	0.001600572475
29343	0.001783946161
29344	0.00608044035
29345	1.122632619e-07
29346	0.01236394017
29347	0.003268631538
29348	0.004053591728
29349	0
29350	0.008078960663
29351	0.003433323068
29352	0.008255058707
29353	0.001141136424
29354	0.01159457597
29355	0.002261514397
29356	0.0007038552819
29357	0.001987104883
29358	0.0004231791477
29359	0.01979437179
29360	0.004886275898
29361	0.003660293186
29362	0.004343282152
29363	0.001994168741
29364	0.001626860658
29365	0.004689205501
29366	0.003067706276
29367	0.001615535984
29368	0.002154018985
29369	0.008682290118
29370	0.01526578818
29371	0.005139279144
29372	0.005800038029
29373	0.0004951818012
29374	0.002214360947
29375	0.002855675218
29376	0.0001374723406
29377	0.001900513154
29378	0.002831308228
29379	0.01377279186
29380	0.008683121039
29381	0.004956543673
29382	0.007087418689
29383	0.002731184587
29384	0.008702341375
29385	0.007094750097
29386	0.01320475819
29387	0.00924115528
29388	0.003068344301
29389	2.05010612e-05
29390	0.01193477449
29391	0.0006196203312
29392	0.0006846639165
29393	0.001968622457
29394	0.009292662648
29395	0.001018776767
29396	0.007820358449
29397	0.001161157102
29398	0.01563719566
29399	0.001025955008
29400	0.01007625966
29401	0.003112792338
29402	0.002461539391
29403	0.009940205389
29404	0.007416916678
29405	0.002449685666
29406	0.001850617541
29407	0.01047395496
29408	0.001782545758
29409	0.008609959287
29410	0.00156004799
29411	0.004185670247
29412	0.002531628378
29413	0.002686420995
29414	0.001615702633
29415	0.002872767855
29416	0.007735280113
29417	0.005826060607
29418	0.00513613743
29419	0.004832595458
29420	0.003638427411
29421	0.001204042644
29422	0.002259623993
29423	0.005295798267
29424	0.001549279901
29425	0.0017909539
29426	0.01315081112
29427	0.001191373443
29428	0.005945023165
29429	0.01183338794
29430	0.003202669643
29431	0.001917467143
29432	0.004374705175
29433	0.00705567607
29434	0.006795511028
29435	0.008789973163
29436	0.001294040527
29437	0.001881218419
29438	0.00252799515
29439	0.004925396412
29440	0.006618698422
29441	0.003333644216
29442	0.001380520742
29443	0.003022970874
29444	0.00334380901
29445	0.01796183631
29446	0.01876362957
29447	0.0134453926
29448	0.002626457304
29449	0.002286542995
29450	0.0004095784866
29451	0.002208883775
29452	7.952294837e-05
29453	0.004830352857
29454	0.0001567264404
29455	0.001029783076
29456	0.0007492437084
29457	0.002034188655
29458	0.001042100881
29459	5.811092945e-07
29460	0.00179695466
29461	0.004304454098
29462	0.000394131452
29463	0.003515048904
29464	0.001513755045
29465	0.001360153068
29466	0.001733001055
29467	0.003024882096
29468	0.002802898737
29469	0.002666347183
29470	0.002800919799
29471	0.002100868386
29472	0.002562552466
29473	0.001400694771
29474	0.001209477929
29475	0.001010079162
29476	0.006998331603
29477	0.005936570866
29478	0.005936801826
29479	0.001846779939
29480	0.006537253844
29481	0.01360671257
29482	0.003289568636
29483	0.008454647677
29484	0.0009815089747
29485	0.0003069534978
29486	0.005388980205
29487	0.005160360648
29488	0.006387984913
29489	0.001053356383
29490	0.0059908456
29491	0.007109728055
29492	0.003789008687
29493	0.001201134936
29494	0.000432203225
29495	0.005046505708
29496	0.004601625767
29497	0.006163505394
29498	0.001086350228
29499	0.01054629636
29500	0.0002533014156
29501	0.007771391283
29502	0.0139654084
29503	0.004288789614
29504	0.001421896313
29505	0.002729738935
29506	0.0034592912
29507	2.796525401e-05
29508	0.008220572469
29509	0.001573790789
29510	0.01883280247
29511	0.003920758499
29512	0.0005260489708
29513	0.0008718377493
29514	0.001074712833
29515	0.008729446195
29516	0.0006450059499
29517	0.004236239833
29518	0.003832746507
29519	0.004072634688
29520	0.0008969244362
29521	0.008942440409
29522	0.01169478873
29523	0.002668910277
29524	0.004739519364
29525	0.0009418081716
29526	0.003594517652
29527	0.001896592018
29528	0.00880181012
29529	0.001123268173
29530	0.00512757126
29531	0.007095295164
29532	0.01238870003
29533	0.00205495143
29534	0.004222547405
29535	0.0008550490855
29536	0.003083475705
29537	0.005021347229
29538	0.005979285392
29539	0.0007941715314
29540	0.0006608589971
29541	0.0005467029066
29542	0.001466552275
29543	0.0004693633959
29544	0.007482721761
29545	0.0003860892421
29546	0.001517446155
29547	0.001019114354
29548	0.004281243728
29549	0.01377392034
29550	0.002687535034
29551	0.01438063803
29552	0.001074434106
29553	0.008832270584
29554	0.008587615262
29555	0.002530829081
29556	0.004273905449
29557	0.001898295874
29558	0.001369460565
29559	0.003223169944
29560	0.01102136107
29561	0.00332918451
29562	0.002376061115
29563	0.001648498328
29564	0.01386384719
29565	0.002946653781
29566	0.0004202562268
29567	0.0008235220219
29568	0.001060627777
29569	0.0005356756003
29570	8.605770124e-05
29571	0.001942883682
29572	0.0002169099602
29573	0.001938893093
29574	0.001586406724
29575	0.0004101153124
29576	0.0005192414453
29577	0.001286127286
29578	0.0006561109566
29579	0.0003127107368
29580	7.968625811e-05
29581	0.0004176917443
29582	0.008130329921
29583	0.002060461342
29584	0.001179587105
29585	0.0007147052626
29586	0.001232164077
29587	0.004641075164
29588	0.0009094662801
29589	0.0007972341585
29590	6.862294066e-05
29591	0.0001968510717
29592	0.001489338649
29593	0.004812435354
29594	0.001738418746
29595	0.0007829230795
29596	0.0003642433784
29597	0.000264447519
29598	0.002200359297
29599	0.0008077970137
29600	0.001015239764
29601	0.0009953882997
29602	0.001115637373
29603	0.0003727344061
29604	0.0001100462653
29605	0.0003437568268
29606	0.003133248264
29607	0.0003288948854
29608	0.0002556375043
29609	0.0008009189412
29610	0.001324776886
29611	0.002863448423
29612	0.004446642061
29613	0.002098373172
29614	0.005134648398
29615	0.002270938229
29616	0.005578071041
29617	0.005660305573
29618	0.0004547716478
29619	0.0005402723965
29620	0.000356640285
29621	0.0005123433153
29622	0.004086086582
29623	0.002825598302
29624	0.005976794543
29625	0.00685157718
29626	0.00178294587
29627	0.0009698582592
29628	0.0008644688904
29629	0.0007095481664
29630	9.966742806e-05
29631	0.0002984711898
29632	0.0132285705
29633	0.001060821346
29634	0.01207667633
29635	0.003709109263
29636	0.009355508528
29637	0.007448613154
29638	0.0003253416779
29639	0.001530904964
29640	0.001547194667
29641	0.001279094816
29642	0.002977269651
29643	0.004646455052
29644	0.003232699974
29645	0.004066207694
29646	0.0004422846487
29647	0.003575559506
29648	0.005685999968
29649	0.002083754726
29650	0.00683784952
29651	0.008725782017
29652	0.002070836121
29653	0.0001497996796
29654	0.0004325600984
29655	0.003504984435
29656	0.003745332341
29657	0.001146253826
29658	0.002054139891
29659	0.01026770314
29660	0.0003327029957
29661	0.007568493536
29662	0.003579133407
29663	0.001363202265
29664	0.003574059414
29665	5.097609193e-05
29666	0.0009303366743
29667	0.002430503647
29668	0.004829390331
29669	0.00103155343
29670	0.002166054704
29671	0.003111451129
29672	0.0005522252674
29673	0.005082174281
29674	0.002410996206
29675	0.003087354227
29676	0.0002470337533
29677	0.00389425194
29678	0.001069644785
29679	0.003006458143
29680	0.00345883943
29681	0.004888535572
29682	0.006557175578
29683	0.0007613399653
29684	0.008355799196
29685	0.00411016693
29686	0.0001468235099
29687	0.007963405474
29688	0.01540337677
29689	3.845090296e-05
29690	0.0004302033343
29691	0.002890114616
29692	0.005179767285
29693	0.007245924574
29694	0.0009658546498
29695	0.0006395382892
29696	0.002659904626
29697	0.003796987374
29698	0.001613854515
29699	0.001940133971
29700	0.0004159087352
29701	0.00114654123
29702	0.001420387547
29703	0.0006741138614
29704	0.001532678385
29705	0.001689757334
29706	0.003344551017
29707	0.006410292657
29708	0.005639412191
29709	0.01849505403
29710	0.0004560225148
29711	0.001897438807
29712	0.001269820142
29713	0.003336872719
29714	0.003134191865
29715	0.001635586502
29716	0.003455928458
29717	0.01326194451
29718	0.004552328889
29719	0.005470689412
29720	0.0005816272966
29721	0.01097652667
29722	0.007863054935
29723	0.001795302385
29724	0.006818473961
29725	0.001948433802
29726	0.0004688081815
29727	0.000154929862
29728	0.001459729006
29729	0.001908734833
29730	0.008354808295
29731	0.00122970638
29732	0.002361233606
29733	0.0002560039594
29734	0.0004055135484
29735	0.0007753824834
29736	4.507447822e-05
29737	0.0009919033699
29738	0.00042132973
29739	0.001768553907
29740	0.001198326392
29741	0.0005710910789
29742	0.009821297069
29743	0.009057067461
29744	0.001324413592
29745	0.0005059682198
29746	0.01081490363
29747	0.005096252211
29748	0.004627786193
29749	0.004781057569
29750	0.008730956311
29751	0.01152369932
29752	0.006625390219
29753	0.009247272881
29754	0.002020025455
29755	0.0166045643
29756	0.0006787098514
29757	0.002672228024
29758	2.263279553e-05
29759	0.004218792916
29760	0.000248895984
29761	7.300855495e-05
29762	0.008713664341
29763	0.003282734458
29764	0.0004733330171
29765	0.001749345032
29766	0.0007949380383
29767	0.006058759543
29768	0.004139944003
29769	0.002449749541
29770	0.002142533921
29771	7.42183649e-05
29772	0.002456891199
29773	0.004027480517
29774	0.01169016709
29775	0.008053749346
29776	0.001311408652
29777	0.002232125366
29778	0.001548557396
29779	0.002083681187
29780	0.0005335621144
29781	0.001217433698
29782	0.004179797608
29783	0.004655213106
29784	0.001355261692
29785	0.006699302986
29786	0.005710358917
29787	0.002391801413
29788	0.007203771226
29789	0.006080362569
29790	0.005688706371
29791	0.001171021658
29792	0.007416839724
29793	0.01539977703
29794	0.0009533933921
29795	0.00217634392
29796	0.002080046168
29797	0.006361388173
29798	0.006758563358
29799	0.003504819218
29800	0.001838283643
29801	0.003663073613
29802	0.009133543226
29803	0.006225725365
29804	0.008218152678
29805	0.000202439864
29806	7.3054812e-06
29807	0.01357027664
29808	0.0004433867725
29809	0.002054270974
29810	0.003103663092
29811	0.005901057359
29812	0.01024286876
29813	0.004993634064
29814	0.008697944921
29815	0.001825583419
29816	0.002630511976
29817	0.00501339408
29818	0.00410640766
29819	0.00371904649
29820	0.0003039153468
29821	0.001198345839
29822	0.006348683549
29823	0.003780145814
29824	0.02764537864
29825	0.003027684
29826	0.001919523874
29827	0.001398914246
29828	0.0006977454577
29829	0.004889752866
29830	0.0009735892919
29831	0.001351656565
29832	0.00092191167
29833	0.0007696661207
29834	0.001314200469
29835	5.786703757e-05
29836	0.0008975237498
29837	4.37985071e-05
29838	0.001556219263
29839	0.01400487974
29840	0.004589081442
29841	0.002478488155
29842	0.001234799572
29843	0.0001480350881
29844	0.001471607388
29845	0.002962906239
29846	0.002919187012
29847	0.004580499531
29848	0.004101062562
29849	0.004483449174
29850	0.001278519655
29851	0.0037699981
29852	0.007683787128
29853	0.005853509958
29854	0.002506669606
29855	0.005452431249
29856	0.002433913731
29857	0.0001105862012
29858	0.00158924305
29859	0.003081551804
29860	0.002246631217
29861	0.0002737259577
29862	8.028266777e-06
29863	0.003119086093
29864	0.001607898746
29865	0.003550440751
29866	0.00218691976
29867	0.0005239512381
29868	0.003307788568
29869	0.002326162648
29870	0.001065383795
29871	0.008028412341
29872	0.002465451286
29873	0.00011611741
29874	0.002795807737
29875	0.003374855997
29876	0.006648043972
29877	0.00523929049
29878	0.005318553809
29879	0.007777652034
29880	0.000265389602
29881	0.001693106962
29882	0.00339465908
29883	0.002716536019
29884	0.001133003598
29885	0.002157668886
29886	0.003515745946
29887	0.002776644976
29888	0.0003600273125
29889	0.000302076949
29890	0.0003040289085
29891	0.0008395478818
29892	0.003513921931
29893	0.0002808274289
29894	0.002390086231
29895	0.002561955114
29896	0.001410783761
29897	0.0003454549447
29898	0.001475832006
29899	0.0006139080755
29900	0.008091772161
29901	0.0008918006577
29902	0.0006150898202
29903	0.006614259939
29904	0.0008192000759
29905	0.007218771265
29906	0.0005146759661
29907	0.003235450062
29908	0.0001243552961
29909	0.009535394259
29910	0.0004045207239
29911	0.002494083857
29912	0.001657471504
29913	0.001120399097
29914	0.004866232225
29915	0.0009150991555
29916	0.0009510849106
29917	0.002788086024
29918	0.005062856343
29919	0.02212184473
29920	0.01494146446
29921	0.005271421549
29922	0.01607280996
29923	0.008905264881
29924	0.0003265753107
29925	0.001590469719
29926	0.006710544696
29927	0.0003964163669
29928	0.0002437152719
29929	0.0003335122891
29930	0.0006293774029
29931	0.0060710006
29932	0.003073888672
29933	0.005042040798
29934	0.002653635806
29935	0.001316651684
29936	0.003656321127
29937	0.001235784276
29938	0.0004219299395
29939	0.0002873044081
29940	0.002159646622
29941	0.0009959397678
29942	0.003946206328
29943	0.007889335399
29944	0.001171172372
29945	0.01557616352
29946	0.0004259712281
29947	0.002444322945
29948	0.0008441646077
29949	0.0007984219825
29950	7.731325132e-05
29951	0.01025062178
29952	0.01640203792
29953	0.006516572639
29954	0.001611194742
29955	0.000135076072
29956	0.004811958379
29957	0.0009766808099
29958	0.003043180834
29959	0.001222093621
29960	0.0006469702269
29961	0.001356362767
29962	0.004667924547
29963	0.002935407539
29964	0.002088173791
29965	0.001253885743
29966	0.002271712939
29967	0.003815654806
29968	0.001695802754
29969	0.0001528922966
29970	0.001556493537
29971	0.0005952356488
29972	0.0009293278353
29973	0.001775116288
29974	0.0007722663269
29975	0.005666677361
29976	0.0007081811361
29977	0.001224846314
29978	0.01273799089
29979	0.002339830218
29980	0.001050224774
29981	0.002496408243
29982	0.002615840916
29983	0.002665467892
29984	0.003917451287
29985	0.002362865067
29986	0.002209935219
29987	0.001620200084
29988	0.002486457852
29989	0.0002482545117
29990	0.0001180820036
29991	0.0009122545449
29992	0.002629665861
29993	0.0008964023559
29994	0.0003887750911
29995	0.002273181381
29996	0.002742123274
29997	0.00268383296
29998	0.001770570709
29999	0.0003792630704
30000	0.001767615752
30001	0.007784009043
30002	0.003368750095
30003	0.002863805649
30004	0.0005184034234
30005	0.0008904081219
30006	0.008002274291
30007	0.0004642820487
30008	1.436028401e-05
30009	0.006218587995
30010	0.004882897219
30011	0.007218422615
30012	0.001986763102
30013	3.724521673e-05
30014	0.001165484584
30015	0.0005603554416
30016	0.001382210675
30017	0.009329743724
30018	0.002368191771
30019	0.002283538037
30020	0.00333251489
30021	0.00109004951
30022	0.0034671669
30023	0.006143652961
30024	0.0009184566259
30025	0.0006519465162
30026	0.001288015243
30027	0.0004588256191
30028	0.000196222528
30029	0.002540770715
30030	0.002168541403
30031	0.002664869529
30032	0.00261076864
30033	0.01572678416
30034	0.008342843858
30035	0.01175792374
30036	0.0006177838544
30037	0.0123936712
30038	0.001162818457
30039	0.001790756432
30040	0.001615640296
30041	0.002690253474
30042	0.003407788645
30043	0.002101622564
30044	0.001856487154
30045	0.003400058179
30046	0.003829460793
30047	0.001570117277
30048	0.002822109546
30049	0.002145571239
30050	0.001765988696
30051	0.002286674871
30052	0.003139322109
30053	0.0003307861753
30054	0.0009566286567
30055	0.0002825298935
30056	0.006298617085
30057	0.005991512463
30058	0.002075072608
30059	0.002496004975
30060	0.00703116805
30061	0.0004275809362
30062	0.004170073058
30063	0.002726040007
30064	0.001297397409
30065	0.008438179194
30066	0.003556891378
30067	0.01100219396
30068	0.001438012988
30069	0.001057255759
30070	0.005849245613
30071	0.001980613858
30072	0.0005257966624
30073	0.004284410584
30074	0.00103651211
30075	0.004736425046
30076	0.001731780226
30077	0.000789818297
30078	0.0008452628479
30079	0.003864958921
30080	0.001049171689
30081	0.007982252206
30082	0.008101007994
30083	2.168564984e-05
30084	0.001670812222
30085	0.007627299827
30086	0.008706109085
30087	0.0009487119568
30088	0.003461471866
30089	0.0006534161203
30090	0.001352345704
30091	0.001609850917
30092	0.00167334205
30093	0.0120038446
30094	0.001613172203
30095	0.0007145548109
30096	0.0001958807413
30097	0.003001507904
30098	0.001790273878
30099	0.004817300183
30100	0.003443342393
30101	0.001037150033
30102	0.001449969893
30103	0.0008811567742
30104	0.004125916637
30105	0.001648694927
30106	0.000992560193
30107	0.005187083059
30108	0.003910663149
30109	0.003392821027
30110	0.0009080518804
30111	0.003208745875
30112	0.0005201178174
30113	0.007566274245
30114	0.003729273709
30115	0.003386003253
30116	0.000511098181
30117	0.006331963266
30118	0.001999047678
30119	0.003742211089
30120	0.003713565907
30121	0.006045271739
30122	0.002405760086
30123	0.00630069479
30124	0.003638065044
30125	0.0001460005264
30126	0.0001786287972
30127	0.003183479665
30128	0.001263390938
30129	0.0001540308891
30130	0.001025079388
30131	0.003156320814
30132	0.004455120383
30133	0.001124857366
30134	0.002141864022
30135	0.003546465792
30136	0.001812456774
30137	0.003094523583
30138	0.007926796541
30139	0.003551644249
30140	0.00262587363
30141	0.002551258998
30142	0.002952990297
30143	0.005531233187
30144	0.003535826534
30145	0.0006059141437
30146	0.002711940602
30147	0.006611863017
30148	0.004455726069
30149	0.0035427511
30150	0.008153787392
30151	0.002242634153
30152	0.002799966959
30153	0.0002082875852
30154	0.00493205035
30155	0.0003075713699
30156	0.001510290752
30157	0.001085435921
30158	0.002352961945
30159	0.007241337344
30160	0.002921809321
30161	0.007925745121
30162	0.00200688684
30163	0.001113222962
30164	0.001105818158
30165	0.002201713893
30166	0.001021852424
30167	0.00370821803
30168	0.001618020927
30169	0.0033184617
30170	0.0005270590781
30171	0.005305787792
30172	0.0003933639555
30173	0.008543507678
30174	0.008364471949
30175	0.0005199631916
30176	0.003902861618
30177	0.001048877625
30178	0.004656212465
30179	0.0004826715601
30180	0.00410838256
30181	0.003139380879
30182	0.01094503224
30183	0.0001592115806
30184	0.001897185252
30185	0.0008512343699
30186	0.0006580838509
30187	0.001712184451
30188	0.001748947429
30189	0.001311845705
30190	0.003248886695
30191	0.001198551984
30192	0.006454078795
30193	0.002232487337
30194	0.003677823632
30195	0.004194937662
30196	0.001022836563
30197	0.001705536987
30198	0.005929345161
30199	0.002208937928
30200	0.005095483072
30201	0.003915067278
30202	0.001598893515
30203	0.0003455934509
30204	0.001262013679
30205	0.002152583937
30206	0.0007771908415
30207	0.001770015652
30208	0.0003140482447
30209	2.382870634e-05
30210	0.0005798429501
30211	0.003259882971
30212	0.004826385181
30213	0.003048274123
30214	0.008927741835
30215	0.01146903477
30216	0.004843917161
30217	0.009561106115
30218	0.009973913698
30219	0.0002037401952
30220	0.002239361739
30221	0.0007837570755
30222	0.0005342194979
30223	0.0004973031254
30224	0.003512364286
30225	0.00684291207
30226	0.0002372600688
30227	0.0001751429084
30228	5.035318739e-05
30229	0.001467518161
30230	0.002024030524
30231	0.01196669535
30232	0.003605742432
30233	0.005243419267
30234	0.0005976424941
30235	0.006483762915
30236	0.003368945651
30237	0.00349801529
30238	0.003847876179
30239	0.001047410525
30240	0.001238345939
30241	0.001229897045
30242	0.006945012924
30243	0.001431761236
30244	0.001025902783
30245	0.003881597434
30246	0.002563289711
30247	0.01035928716
30248	0.008569564046
30249	0.005650042979
30250	0.002872099297
30251	0.0009439965431
30252	0.001069186791
30253	0.003361427973
30254	0.001253049524
30255	0.0007545095015
30256	0.000534788466
30257	0.0005052941707
30258	0.004376855647
30259	0.001852626174
30260	0.003192695247
30261	0.001709333858
30262	0.0001793530773
30263	0.002488172543
30264	0.0004234706492
30265	0.006752857784
30266	0.008899456568
30267	0.003839155663
30268	0.004437542838
30269	0.004873879593
30270	0.0007375422605
30271	0.001716813501
30272	0.001317726915
30273	0.008960502947
30274	0.008184786486
30275	0.003546919036
30276	0.01421890243
30277	0.009528821751
30278	0.009612774643
30279	0.0003407363658
30280	0.00161941852
30281	0.003103017639
30282	0.001641746962
30283	0.01025487533
30284	0.000932932491
30285	0.000338931475
30286	0.003959849894
30287	0.0006741314589
30288	0.005996482586
30289	0.0004521631863
30290	0.00075936451
30291	0.001662918503
30292	0.000113031983
30293	0.001783134283
30294	0.001451417642
30295	0.003950109201
30296	0.0008944632387
30297	0.001862335473
30298	0.0009017061815
30299	0.00153892295
30300	0.005318315877
30301	0.006435952847
30302	0.008205186346
30303	0.001932511231
30304	0.002176116698
30305	0.0003484362168
30306	0.0001278128216
30307	0.0007060003249
30308	0.003962737874
30309	0.0003332159942
30310	0.00261623797
30311	0.003176496168
30312	0.003313376244
30313	0.006517029046
30314	0.00648115865
30315	0.002645875814
30316	0.0005720492512
30317	0.0009577980556
30318	0.005567177987
30319	0.006115420917
30320	0.0004876085008
30321	0.00147194344
30322	0.001102734893
30323	0.002056533842
30324	9.040778915e-05
30325	0.0009679102106
30326	0.005281592969
30327	0.001658904602
30328	9.737530502e-05
30329	0.001886766619
30330	0.0007344659675
30331	0.0002147381982
30332	0.001335775846
30333	0.001466649428
30334	0.008733753406
30335	0.003070712647
30336	0.001760673545
30337	0.0003312171452
30338	0.004521481321
30339	0.001136547411
30340	0.001684123259
30341	0.000194954125
30342	0.0006437767038
30343	0.001542705061
30344	0.0009644190762
30345	0.00026753708
30346	0.002203599227
30347	0.00336468238
30348	0.0008559214562
30349	0.001700664932
30350	0.002185932769
30351	0.009539039338
30352	0.0006894326406
30353	0.001439505929
30354	0.0009103654145
30355	0.002616622604
30356	0.004261850294
30357	0.004221903259
30358	0.004261985497
30359	0.0007264721905
30360	0.002389166198
30361	0.002463887526
30362	0.001097660812
30363	0.01032040685
30364	0.005892529901
30365	0.0001880655433
30366	0.003949226806
30367	0.002860303502
30368	0.002042442527
30369	0.001536072872
30370	0.003387534923
30371	0.0002574786099
30372	0.003235270176
30373	0.0003232335283
30374	0.006659623192
30375	0.001476551141
30376	0.002621898607
30377	0.001036724825
30378	0.00368575116
30379	0.0006013673364
30380	0.0008321326573
30381	0.005525522788
30382	0.006903336559
30383	0.0228672606
30384	0.009352289422
30385	0.000455107879
30386	0.0004437637191
30387	0.001861722283
30388	0.0005230095168
30389	0.0005815776866
30390	0.0002652354045
30391	0.0004198883545
30392	0.0001282917599
30393	6.360061426e-05
30394	0.0001003657691
30395	0.0004401911391
30396	0.002110503719
30397	0.001488968634
30398	0.003643363651
30399	0.0008616025636
30400	0.0002316101029
30401	0.001860077752
30402	0.003831629203
30403	0.002473540118
30404	0.001123451092
30405	0.005850123016
30406	0.001562428219
30407	0.003590929434
30408	0.001632098121
30409	0.001303587765
30410	0.0007212167945
30411	0.002861421502
30412	0.00366533661
30413	0.001095332851
30414	0.003816273978
30415	0.00728636878
30416	0.009901068347
30417	0.01182475498
30418	0.002963623142
30419	0.004865078666
30420	0.0001640845352
30421	0.001630267941
30422	0.00100123953
30423	0.004685718619
30424	0.01042104722
30425	0.002473185132
30426	0.003243428739
30427	0.002993608831
30428	0.009334377182
30429	0.003437305109
30430	0.007420287499
30431	0.0001663355525
30432	0.002925951361
30433	0.00542616299
30434	0.0009526951219
30435	0.001091513034
30436	0.002886179179
30437	0.001481510233
30438	0.0003438789967
30439	0.0003353639675
30440	0.002221921755
30441	0.0005445748076
30442	0.0008065398878
30443	0.0002045990045
30444	0.001216974291
30445	0.0003178670074
30446	0.001137879242
30447	6.06550336e-05
30448	0.001079211113
30449	0.0005787888962
30450	0.0005960439635
30451	0.0003717662427
30452	0.0009501859603
30453	0.001251376168
30454	0.001197618113
30455	0.0003057327198
30456	0.001320933403
30457	0.0004185985719
30458	0.0004144750395
30459	0.001388207721
30460	9.827156891e-05
30461	0.0001117007852
30462	7.663950027e-05
30463	0.004067380335
30464	0.004497787268
30465	0.01388392101
30466	0.0003684977794
30467	0.0003633642396
30468	0.0004058864065
30469	0.002263663386
30470	0.002262057868
30471	0.002361630845
30472	0.0009937322449
30473	0.0003146580886
30474	0.001653122962
30475	0.002101075759
30476	0.0002498879594
30477	0.004257321692
30478	0.0005267802872
30479	0.002487976898
30480	0.006259406666
30481	1.941886994e-05
30482	0.003430215596
30483	0.005449527466
30484	0.001215282636
30485	0.001166573948
30486	0.001013910127
30487	0.00189685641
30488	0.0003728306991
30489	0.0003393321546
30490	0.001205719018
30491	0.002683562105
30492	0.003003075311
30493	0.006826214029
30494	0.001653032556
30495	0.002146935324
30496	0.00183055368
30497	0.0004873288714
30498	0.004238184695
30499	0.0003765698602
30500	0.003906719339
30501	0.004682750604
30502	0.004752359364
30503	0.001041462044
30504	0.001460287004
30505	0.005672387829
30506	0.001033564632
30507	4.209379988e-05
30508	0.001448073247
30509	0.003540783392
30510	0.003294861736
30511	0.003545292437
30512	0.00238657625
30513	0.0004726429194
30514	0.001740620951
30515	0.0008088119248
30516	0.006462849754
30517	0.003912167553
30518	0.0003349583561
30519	0.002612090837
30520	0.01034354699
30521	0.006097846394
30522	0.0006459343387
30523	9.421668095e-05
30524	0.006493266066
30525	0.007530116268
30526	0.006900118549
30527	0.009553514646
30528	0.004915543331
30529	0.009044754345
30530	0.00486208239
30531	0.003350068725
30532	0.000379049134
30533	0.001689193861
30534	0.009996417511
30535	0.002965945946
30536	0.0002380472709
30537	0.001674262685
30538	0.003993102588
30539	0.01087902282
30540	0.002630455349
30541	0.003249259713
30542	0.001974739729
30543	0.001447814368
30544	0.001041237334
30545	0.003439150521
30546	0.005272989079
30547	0.004310088699
30548	0.005125031789
30549	0.004235639144
30550	0.001495460074
30551	0.001536215423
30552	0.004997178734
30553	0.002356479297
30554	0.00639783913
30555	0.006605840475
30556	0.01222142709
30557	0.009552115898
30558	0.001663602929
30559	0.008340739575
30560	0.003314569568
30561	0.008797396946
30562	0.01173918371
30563	0.001442121347
30564	0.006816433812
30565	0.01403036573
30566	0.007786141536
30567	0.002706058128
30568	0.003624916527
30569	0.002554205054
30570	0.000594113824
30571	0.00373564684
30572	0.007282366315
30573	0.001529639998
30574	0.0101542699
30575	0.003410815947
30576	0.003133464878
30577	0.0007514897371
30578	0.0007410391326
30579	0.003181816093
30580	0.002528475699
30581	0.0001467231103
30582	0.002541315506
30583	0.007510252114
30584	0.006473614889
30585	0.0004059787194
30586	0.008722665077
30587	0.0001806973869
30588	0.001764020932
30589	0.006823817135
30590	0.001263930801
30591	0.009219394144
30592	0.004820519434
30593	0.001153742769
30594	0.002702276202
30595	0.006582166651
30596	0.001643376345
30597	0.004329558785
30598	0.004784907726
30599	0.001782951936
30600	0.004084371101
30601	0.005788691637
30602	0.004741097039
30603	4.341379623e-06
30604	0.003712753984
30605	0.009478278465
30606	0.01035040744
30607	0.01239643275
30608	0.005515394077
30609	0.003595136594
30610	0.0008099786627
30611	0.006197851473
30612	0.005063304667
30613	0.005811458037
30614	0.006180388868
30615	0.0001727891859
30616	0.001411839342
30617	0.0005599046231
30618	0.001352610336
30619	0.0002814665452
30620	0.003918291856
30621	0.005174883687
30622	0.01400921736
30623	0.00503792913
30624	0.002835611039
30625	0.0131823499
30626	0.006302399779
30627	0.007178662946
30628	0.004235122579
30629	0.0001645297391
30630	0.009171483639
30631	0.007990651296
30632	0.002073545386
30633	0.00110982003
30634	0.007629861063
30635	0.004484565133
30636	0.0006151144048
30637	0.005369404436
30638	0.0005040522539
30639	0.006432303611
30640	0.01053276662
30641	0.008634035018
30642	0.007002887692
30643	0.001345724574
30644	0.00526208876
30645	0.004413218419
30646	0.008398655418
30647	0.003629804843
30648	0.0110854359
30649	0.0134546622
30650	0.008401267174
30651	0.01116915169
30652	0.008030375845
30653	0.007114941843
30654	0.006169379774
30655	0.001966699232
30656	0.0005822891251
30657	0.0001511169431
30658	0.001327558122
30659	0.0002247336794
30660	0.00172003617
30661	0.00258168099
30662	0.0015256393
30663	0.003486292024
30664	0.01945783163
30665	0.003466993962
30666	0.0007767778101
30667	0.0008316000484
30668	0.01219716766
30669	0.001883599151
30670	0.0007505017817
30671	0.000984486038
30672	0.0008963558438
30673	0.001638091139
30674	0.0007270668664
30675	0.002647916161
30676	0.0001426701873
30677	0.002894066261
30678	0.00212406337
30679	0.0002855055861
30680	0.001244121462
30681	0.002298761964
30682	0.001062751482
30683	0.0005127775067
30684	0.003564017659
30685	0.0003816098531
30686	0.008033890803
30687	0.007966288975
30688	0.003958498948
30689	0.002468779075
30690	0.00744826184
30691	0.01176434233
30692	0.005578002925
30693	0.003587298526
30694	0.01162963346
30695	0.0132410154
30696	0.01554650487
30697	0.008029712026
30698	0.01918584102
30699	0.004184098256
30700	0.003387125508
30701	0.002353175727
30702	0.00645602434
30703	0.00549744775
30704	0.004156844332
30705	0.005608593039
30706	0.003129802094
30707	0.009031634124
30708	0.00769929145
30709	0.005482624696
30710	0.004695169059
30711	0.002987784195
30712	0.0001194206384
30713	0.02440479237
30714	0.003662825536
30715	0.002854075004
30716	0.001240708328
30717	0.005052516462
30718	0.005556653602
30719	0.0004155410958
30720	0.005065600192
30721	0.01039216016
30722	0.001411855882
30723	0.002388034825
30724	0.0005796058784
30725	0.008962683949
30726	0.004506673338
30727	0.001767939887
30728	0.008259746174
30729	0.0003596686943
30730	0.01336414484
30731	0.0007225854457
30732	0.0007484708084
30733	0.007415223794
30734	0.01375751865
30735	0.003606763911
30736	0.0007424098071
30737	0.01119347639
30738	0.001197372121
30739	0.0169109265
30740	0.002785539736
30741	0.01061393209
30742	0.006794381577
30743	0.004473261508
30744	0.002048637869
30745	0.007130257122
30746	0.0194612681
30747	0.0117989371
30748	0.002952964721
30749	0.003382414664
30750	0.009802246549
30751	0.01190759109
30752	0.0004704333901
30753	0.003476204892
30754	0.002937240777
30755	0.003988644516
30756	0.001173146756
30757	0.005047102803
30758	0.004550898687
30759	0.0008070350319
30760	0.003495536734
30761	0.006655323027
30762	0.001434836384
30763	0.00120501964
30764	0.001175026296
30765	0.005900703846
30766	0.0006946682932
30767	0.006419314798
30768	0.01258820481
30769	0.0005294911616
30770	0.004970691003
30771	0.001991953696
30772	0.009078935463
30773	0.001087480856
30774	0.00558038393
30775	0.01194117149
30776	0.0006508466607
30777	0.007923528345
30778	0.01006919903
30779	0.001095603881
30780	0.004415734185
30781	0.0002836142178
30782	0.008758509174
30783	0.0003980436304
30784	0.002728348315
30785	0.009188868731
30786	0.003615369197
30787	0.00396620605
30788	0.007971896818
30789	0.001439137153
30790	0.005651787691
30791	0.002285456161
30792	0.004355346408
30793	0.002364129774
30794	0.01181031852
30795	0.00643378756
30796	0.005544494376
30797	0.00710592662
30798	0.000724439386
30799	0.0077354038
30800	0.0009118282984
30801	0.01126574716
30802	0.003106893524
30803	0.004406004318
30804	0.001090006261
30805	0.0003278843345
30806	0.008723681518
30807	0.008641042229
30808	0.004985993831
30809	0.006111643333
30810	0.0004074686991
30811	0.004617134242
30812	0.009302150461
30813	0.00433720807
30814	0.002703238147
30815	0.0006222742445
30816	0.02123169232
30817	0.003243389842
30818	0.006725120794
30819	0.01182337781
30820	0.01759350474
30821	0.002790407432
30822	0.006950073639
30823	0.001167241362
30824	0.002654588741
30825	0.01173888024
30826	0.003439238349
30827	0.004003083329
30828	0.00591131891
30829	0.001724670326
30830	0.01309040914
30831	0.002907552148
30832	0.001965989378
30833	0.009419823666
30834	0.007846057411
30835	0.003771472088
30836	0.0008420923702
30837	0.003551213082
30838	0.01061536258
30839	0.003096038384
30840	0.0115184787
30841	0.001934564925
30842	0.007865514569
30843	0.008527525964
30844	0.004975233354
30845	0.001734801388
30846	0.005971359892
30847	0.001836821896
30848	0.007293940124
30849	9.906470012e-05
30850	0.01016065991
30851	0.003045348457
30852	0.002513435445
30853	0.01191176426
30854	0.007319642488
30855	0.007212336714
30856	0.0008811016984
30857	0.001314797948
30858	0.004507204795
30859	4.968971603e-06
30860	0.01183112156
30861	0.0001925763296
30862	0.003173335491
30863	0.002298708576
30864	0.0141168093
30865	0.002336358587
30866	0.01010064732
30867	0.00180297984
30868	0.00806357486
30869	0.006466353186
30870	0.002509457376
30871	0.001879320497
30872	0.001047313939
30873	0.002293631174
30874	0.007272498214
30875	0.01705773885
30876	0.006121861019
30877	0.002574230333
30878	0.0015430118
30879	0.002896131157
30880	0.000462125755
30881	0.001493046886
30882	0.006228662225
30883	0.008495785987
30884	0.006872275409
30885	0.002808806088
30886	0.007614200506
30887	0.01726920016
30888	0.003886325557
30889	0.0003034163524
30890	0.001273013024
30891	0.0008830057275
30892	0.005698238978
30893	0.008463053532
30894	0.001372690867
30895	0.005917031392
30896	0.005765670155
30897	0.009536538343
30898	0.01045604607
30899	0.005396448505
30900	0.00422347792
30901	0.004892281466
30902	4.787973825e-05
30903	0.003955970397
30904	0.001776391022
30905	0.001281512121
30906	0.0008810005683
30907	0.003343545973
30908	0.0005724463234
30909	0.005670427741
30910	0.0006009412598
30911	0.001311069618
30912	0.0009139053106
30913	0.002964953782
30914	0.001751798026
30915	0.001047687566
30916	0.006166391201
30917	0.003616143547
30918	0.002569544001
30919	3.287921334e-05
30920	0.002224561547
30921	0.002523536953
30922	0.0003069006109
30923	0.00913016887
30924	0.009571088649
30925	0.004367051387
30926	0.003171470376
30927	0.0002647959311
30928	0.007538243587
30929	0.01584795639
30930	0.005105531058
30931	0.001334533877
30932	0.0003210910184
30933	0.0015626046
30934	0.0008544068113
30935	0.001917813321
30936	0.01172374293
30937	0.0001980694215
30938	0.004907349863
30939	0.004428672536
30940	0.008795204587
30941	0.007682674486
30942	0.01126672076
30943	0.0006048936008
30944	0.001047038395
30945	0.007736336703
30946	0.003858025032
30947	0.0004733070478
30948	0.0005233308469
30949	0.01452410038
30950	0.004754840995
30951	0.00173178507
30952	0.0002020674733
30953	0.0004711636838
30954	0.01333421442
30955	0.0002515860976
30956	0.008811253352
30957	0.0006213960705
30958	0.001996246353
30959	0.002713442718
30960	0.008225332918
30961	0.005050143833
30962	0.01065397191
30963	0.0005938730384
30964	0.0002235339333
30965	0.004642464746
30966	0.002190257303
30967	0.01359688317
30968	0.012718523
30969	0.02015701925
30970	0.004403683185
30971	0.001714432942
30972	0.002979923743
30973	0.01090028733
30974	0.001693457692
30975	0.002322640859
30976	0.009270260943
30977	0.004319134887
30978	0.01535546985
30979	0.004560447406
30980	0.01438630272
30981	0.005092513368
30982	0.021735263
30983	0.001111768746
30984	0.005702419336
30985	0.003612726432
30986	0.009837873948
30987	0.01444763422
30988	0.004719687584
30989	0.004294359352
30990	0.006950348045
30991	0.002283363935
30992	0.003885245278
30993	0.01630411756
30994	0.01174239716
30995	0.006181280563
30996	0.002785440139
30997	0.003268963896
30998	0.0007194778133
30999	0.0006478379078
31000	0.0006125254148
31001	0.004791258288
31002	0.005309843484
31003	0.005296914465
31004	0.003519745092
31005	0.008221615494
31006	0.002732629426
31007	0.0002935958087
31008	1.612331021e-05
31009	0.002977809141
31010	0.01226394282
31011	0.0006741096024
31012	0.004220979002
31013	0.002303477516
31014	0.008591624364
31015	0.0004382817533
31016	0.001318300072
31017	0.002921741498
31018	0.01221855323
31019	0.0002335334194
31020	0.002063596687
31021	0.007244554468
31022	0.006919847464
31023	0.002529275435
31024	0.001843084087
31025	0.0007167990351
31026	0.008865544313
31027	0.0001255113769
31028	0.007063693573
31029	0.009115034489
31030	0.000153342032
31031	0.00315201108
31032	0.001365294821
31033	0.01174495838
31034	0.001741593939
31035	0.00608774064
31036	0.003862264819
31037	0.004852699116
31038	0.001052448305
31039	0.0004427096284
31040	0.004603459933
31041	0.005705391022
31042	0.002538558355
31043	0.0001084182166
31044	0.003258549119
31045	0.005615913623
31046	0.004155248692
31047	4.584075371e-05
31048	0.00185643827
31049	0.0003046011712
31050	0.0003764380301
31051	0.004087515282
31052	0.001036763691
31053	0.000914846669
31054	0.003990867747
31055	0.006831635309
31056	0.01143387693
31057	0.01691189903
31058	0.000269353431
31059	0.002360360873
31060	0.006198477554
31061	0.002346991345
31062	0.004637790739
31063	0.009972893158
31064	0.007527783198
31065	0.004797369742
31066	0.001321668031
31067	0.01326370209
31068	0.001325900118
31069	0.004196710811
31070	0.008133704712
31071	0.008649385529
31072	0.01577638171
31073	0.004905966011
31074	0.0005343730327
31075	0.0002902002646
31076	0.001033748948
31077	0.00312294255
31078	0.006986447125
31079	0.0009845790986
31080	0.0006717862035
31081	0.001228510361
31082	0.0035646246
31083	0.005896991683
31084	0.00338791822
31085	0.01128434564
31086	0.005326478393
31087	0.006115189299
31088	0.003146530374
31089	0.00199661837
31090	0.002180644337
31091	0.002761914227
31092	0.002265777862
31093	0.001060077834
31094	0.005997161745
31095	0.006989326125
31096	0.003724098404
31097	0.01011974233
31098	0.008321710318
31099	0.001961589512
31100	0.01622993782
31101	0.006969953185
31102	0.001356113234
31103	0.001009311996
31104	0.0009449113259
31105	0.01281958588
31106	0.003814394416
31107	0.0005212276103
31108	0.001413016912
31109	0.008085613466
31110	8.978618492e-05
31111	0.008105879127
31112	0.001518970998
31113	0.006469314438
31114	0.001832328628
31115	0.001877316518
31116	0.001958323192
31117	0.007679972071
31118	0.01600769969
31119	0.005512088276
31120	0.004376254311
31121	0.008370244999
31122	0.005716360683
31123	0.003801675177
31124	0.004928031201
31125	0.001880678946
31126	0.001616375477
31127	0.0112830677
31128	0.008172102336
31129	0.0008662067667
31130	0.009257156388
31131	0.001544851118
31132	0.00340466613
31133	0.001766715474
31134	0.0001053672045
31135	0.002004991188
31136	0.0009074185484
31137	0.007682233293
31138	0.008833904424
31139	0.001328767831
31140	0.009262224653
31141	0.0001603819487
31142	0.005824876287
31143	0.00659891176
31144	0.003938605189
31145	0.001810317194
31146	0.01875952718
31147	0.01046019161
31148	0.01923371176
31149	0.003078627695
31150	0.002726769178
31151	0.006170512635
31152	0.006338323621
31153	0.01503962028
31154	0.01312466812
31155	0.0004711612792
31156	0.009852076362
31157	0.01756804411
31158	0.0006948496207
31159	0.00217293381
31160	0.003986911888
31161	0.00596409416
31162	0.002762965228
31163	0.01029748666
31164	0.003841501654
31165	0.005694211424
31166	0.003752367676
31167	0.009171896236
31168	0.01228893513
31169	0.0002342145828
31170	0.01530399808
31171	0.003746606975
31172	0.000467078611
31173	0.004594289055
31174	0.005406131407
31175	0.004803431295
31176	0.002423845748
31177	0.00744142274
31178	0.002740741291
31179	0.0004143913233
31180	0.004631706
31181	0.005600654507
31182	0.003416270747
31183	0.004051375268
31184	0.0004177885108
31185	0.005051230152
31186	0.003679637308
31187	0.0002085160056
31188	0.004392000218
31189	0.003550610941
31190	0.0002454037882
31191	0.0003865593211
31192	0.01530114497
31193	0.006448047829
31194	0.007944162108
31195	0.005041901532
31196	0.003657301861
31197	0.002340709197
31198	0.007344621367
31199	0.004268308618
31200	0.005461343797
31201	0.002976379017
31202	0.002340034726
31203	0.000727479128
31204	0.001515947738
31205	0.006227917965
31206	0.008199595416
31207	0.001329245704
31208	0.01185316149
31209	0.006379767471
31210	0.01629962732
31211	0.004131765448
31212	0.01226915485
31213	0.002283433027
31214	0.01144548886
31215	0.002129159074
31216	0.01387121894
31217	0.002294458004
31218	0.004580893406
31219	0.01585870731
31220	0.01354712
31221	0.001232587871
31222	0.00204359208
31223	0.0004465023368
31224	0.003083253087
31225	0.0009107603406
31226	0.01149439779
31227	0.004431324422
31228	0.01296943458
31229	7.699264112e-05
31230	0.001693086439
31231	0.002111910048
31232	0.008929245038
31233	0.01064208475
31234	0.00751902695
31235	0.006368587413
31236	0.0163265645
31237	0.001491641747
31238	0.00534268076
31239	0.0136821656
31240	0.002540958698
31241	0.00587514742
31242	0.001663565925
31243	0.002225952743
31244	0.0005690022724
31245	0.00412211775
31246	0.002089360623
31247	0.002544632229
31248	0.01450543856
31249	0.00768555136
31250	0.008199865632
31251	0.01047211535
31252	0.002076628822
31253	0.01234295815
31254	0.006044268254
31255	0.002095200862
31256	0.001873788198
31257	0.003583340238
31258	0.00423823888
31259	0.006504812414
31260	0.002201039114
31261	0.006578385968
31262	0.003124350766
31263	0.0007778260106
31264	0.002908470897
31265	0.002923626276
31266	0.0008261175085
31267	0.0001937980425
31268	0.008606047273
31269	0.004475555642
31270	0.006924133456
31271	0.001760318419
31272	0.003892908983
31273	0.002393241986
31274	0.00347971122
31275	0.006898357419
31276	0.002945145757
31277	0.0003378287179
31278	0.002034000324
31279	0.003434143409
31280	0.0003613902657
31281	0.002641795529
31282	0.002775297826
31283	0.0008608758406
31284	0.00426324411
31285	0.001066352123
31286	0.007895695418
31287	0.0005585203715
31288	0.01297099093
31289	0.00280695805
31290	0.003023929154
31291	0.002838420112
31292	0.00191644543
31293	0.0007905185855
31294	0.001378131808
31295	0.01396924926
31296	0.002557964149
31297	0.003856981679
31298	0.01154841208
31299	0.005549255615
31300	0.01008274815
31301	0.002142008134
31302	0.001288730771
31303	0.0166242104
31304	0.002695221618
31305	0.0002028280934
31306	0.005456949941
31307	0.005398543439
31308	0.001938720199
31309	0.009423182065
31310	0.007230843899
31311	0.004142063744
31312	0.008359233684
31313	0.004586914834
31314	0.001049364899
31315	0.004641428995
31316	0.001125610433
31317	0.003899366771
31318	0.006131699643
31319	0.005861127978
31320	0.01787095643
31321	0.00497469261
31322	0.004596747741
31323	0.003178921647
31324	0.00118072855
31325	0.01136872422
31326	0.001114522289
31327	0.003435788392
31328	0.002544922185
31329	0.007800053323
31330	0.001142080922
31331	0.001094102591
31332	0.0004359234252
31333	0.002350985279
31334	0.0001899498234
31335	0.0087337997
31336	0.0025713671
31337	0.006800029801
31338	0.01173004877
31339	0.002769518218
31340	0.003696371503
31341	0.008280470919
31342	0.006194201105
31343	0.002583736001
31344	0.002171179831
31345	0.005221255021
31346	0.005803905481
31347	0.002707327547
31348	0.007883295125
31349	0.004916987454
31350	0.01357687033
31351	0.006469341544
31352	0.004159054983
31353	0.004689552539
31354	0.00501506902
31355	0.0002839104857
31356	0.01540714137
31357	0.008917253937
31358	0.01325156802
31359	0.005922701663
31360	0.001263238966
31361	0.001035957669
31362	0.005629389956
31363	0.009038574842
31364	0.004607933973
31365	0.009520615775
31366	0.004150645783
31367	0.005321953946
31368	0.007293420875
31369	0.002387257026
31370	0.007560588109
31371	0.01302973286
31372	0.004834645146
31373	0.0007072514289
31374	0.001125799696
31375	0.01398438012
31376	0.007192890379
31377	1.432161905e-05
31378	0.004616028363
31379	0.006168086155
31380	0.01521370811
31381	0.01869022729
31382	0.0007873503122
31383	0.0007743430632
31384	0.004003896569
31385	0.01134969058
31386	0.005586046338
31387	0.0110690265
31388	0.001113033036
31389	0.005356357067
31390	0.01548241547
31391	0.002986584932
31392	0.0006867001149
31393	0.001489127612
31394	0.0006806320394
31395	0.001309514569
31396	0.001144411877
31397	0.0004157638654
31398	0.002625915667
31399	0.001702999512
31400	0.004429936274
31401	0.001562531546
31402	0.0002213501307
31403	0.002748272638
31404	0.01920095018
31405	0.0009618765672
31406	0.002287666763
31407	0.0007509987572
31408	0.006646557585
31409	0.0009660854576
31410	0.0166186213
31411	6.594261687e-05
31412	0.001929177252
31413	0.002902691028
31414	0.007509253765
31415	0.003108944824
31416	0.002520897845
31417	0.001621258257
31418	0.006683705732
31419	0.006238525338
31420	0.001492122422
31421	0.001065455761
31422	0.01503668747
31423	0.001329298046
31424	0.002957049208
31425	0.002146083369
31426	0.001519738881
31427	0.00114598953
31428	0.00100525087
31429	0.005384893034
31430	0.008290693683
31431	0.01286956764
31432	0.006462013818
31433	0.003292631893
31434	0.008255077192
31435	0.005742618864
31436	0.004231665015
31437	0.01660856494
31438	0.003408196837
31439	0.006080025236
31440	0.003428881514
31441	0.01697958768
31442	0.003626939712
31443	0.007314796064
31444	0.005063358122
31445	0.001248317711
31446	0
31447	0.0001017953676
31448	0.01130998746
31449	0.0001785513667
31450	0.006115565851
31451	8.253697659e-05
31452	0.001973472008
31453	0.002495320341
31454	0.001336430652
31455	0.00279107343
31456	0.004139436364
31457	0.007006846487
31458	0.009694884793
31459	0.001126199994
31460	0.0001961845581
31461	0.01426093867
31462	0.0004405034461
31463	0.0009782547859
31464	0.0007765183954
31465	0.003381712898
31466	0.009597957762
31467	0.002165901564
31468	0.0004002691522
31469	0.005069668633
31470	0.002892578801
31471	0.005605564628
31472	0.002296493723
31473	0.003053140973
31474	0.003005715413
31475	0.0003065005531
31476	0.004385274589
31477	0.00141748282
31478	0.001208515786
31479	0.004062056842
31480	0.0006344281724
31481	2.910759653e-06
31482	0.001470814465
31483	0.002024858878
31484	0.01004882539
31485	0.000122195926
31486	0.0005369544697
31487	0.001472861163
31488	0.0008024255905
31489	0.016075244
31490	0.01469965866
31491	0.01287141466
31492	0.01087263526
31493	0.00032529467
31494	0.0001138010137
31495	0.0007579939466
31496	0.008548356467
31497	0.003250143148
31498	0.007106430232
31499	0.007201138761
31500	0.01662837019
31501	0.001076605827
31502	0.002097466624
31503	0.01076201763
31504	0.005747043831
31505	0.02309823676
31506	0.006312196023
31507	0.0007851687029
31508	0.004000225274
31509	0.002170477824
31510	0.01295395459
31511	0.002242992214
31512	0.007828370964
31513	0.002309480336
31514	0.009565792497
31515	0.001207790328
31516	0.0004273748314
31517	0.00407785129
31518	0.006748122812
31519	0.0008082507692
31520	0.005226734806
31521	0.002324406839
31522	0.0004321790786
31523	0.01086461802
31524	0.003694117783
31525	0.002218522618
31526	0.00863439778
31527	0.007839125603
31528	0.02051178528
31529	0.0003928364933
31530	0.005496914627
31531	0.0001144637904
31532	0.0007231363263
31533	0.0003969756742
31534	0.0006003056483
31535	0.0007919499892
31536	0.001243881539
31537	0.001365061202
31538	0.0002813558946
31539	0.002682932938
31540	0.0007801310026
31541	0.0002160442568
31542	0.0001622061799
31543	0.001537706993
31544	0.001482763258
31545	0.0009469606207
31546	0.0001688362031
31547	0.001989777116
31548	0.0004794806489
31549	0.003232565908
31550	0.003980710165
31551	0.002744508021
31552	0.002917052126
31553	0.002704426761
31554	0.002572130213
31555	0.002780437087
31556	0.003217336315
31557	0.003183204549
31558	0.01665194825
31559	0.0007217890153
31560	0.003507371468
31561	0.000413371361
31562	0.003637877519
31563	0.002916022671
31564	0.003370857405
31565	0.002147442538
31566	0.001270118376
31567	0.005705527574
31568	5.368440354e-05
31569	0.0006140722812
31570	0.008285702413
31571	0.01018440101
31572	0.02098475295
31573	0.0003452442527
31574	0.0008695802781
31575	0.01675220448
31576	0.002674274402
31577	0.005923854241
31578	0.0003916171361
31579	0.002001201988
31580	0.002450622047
31581	0.001118245544
31582	0.003469292171
31583	0.01265789794
31584	0.004977165285
31585	0.01215802328
31586	0.003294670537
31587	0.002860731828
31588	0.001552563167
31589	0.00482507674
31590	0.007419279738
31591	0.001523292176
31592	0.01405273572
31593	0.002205419514
31594	0.0008804946609
31595	0.001926885982
31596	0.01368119346
31597	0.000931427107
31598	0.001636137364
31599	0.002758922054
31600	0.0002452404234
31601	1.303947626e-05
31602	0.002570464337
31603	0.002056660478
31604	0.002216970377
31605	0.001787991317
31606	0.006263515809
31607	0.0005983372407
31608	0.002172633652
31609	0.005771781505
31610	0.001576795977
31611	0.0007922616497
31612	0.004248436694
31613	0.0004125640105
31614	0.003976765806
31615	0.00341879237
31616	0.004992731349
31617	0.0110310905
31618	0.001584774972
31619	0.01477153127
31620	0.01079186345
31621	0.001902837525
31622	0.0004315657179
31623	0.002527925538
31624	0.008240965701
31625	0.002615040848
31626	0.004426025344
31627	0.0009461699719
31628	0.009662392419
31629	0.001205418243
31630	0.00440781881
31631	0.0007745814721
31632	0.006541678317
31633	0.001922790578
31634	0.0004331844226
31635	0.01760365761
31636	0.000434388107
31637	0.0007929322687
31638	0.0009354577624
31639	0.01046209056
31640	0.002726200406
31641	0.001636887015
31642	0.002935208143
31643	0.001667570973
31644	0.0049303119
31645	0.001622193632
31646	0.003644823794
31647	0.002115230805
31648	0.0003527512696
31649	0.004297075441
31650	0.004072081199
31651	0.002972214017
31652	0.002557890896
31653	0.001411112693
31654	0.01733442758
31655	0.004181550952
31656	0.0009809642489
31657	0.01187454335
31658	0.007273543352
31659	0.005482133963
31660	0.0004298717065
31661	0.000122994265
31662	0.001680394663
31663	0.002061491032
31664	0.001613302179
31665	0.002065489766
31666	0.01174273321
31667	0.005669282358
31668	0.01143218148
31669	0.00345275168
31670	0.009533953054
31671	0.007097041832
31672	0.001509811378
31673	0.01149781735
31674	0.01055039855
31675	0.004847599131
31676	0.01361847506
31677	0.006376586124
31678	0.02124493048
31679	0.004449144437
31680	0.0007740064749
31681	0.006692124786
31682	0.009270413954
31683	0.01287215703
31684	0.00799339218
31685	0.0005806737152
31686	0.001970411211
31687	0.0147571419
31688	0.007183914587
31689	0.01590860631
31690	0.0007540916227
31691	0.005341067283
31692	0.007684705421
31693	0.001288875209
31694	0.0009624789011
31695	0.001229807983
31696	0.002621004154
31697	0.005242540768
31698	0.003742235476
31699	0.00154203843
31700	0.007055039473
31701	0.001155267795
31702	0.001419789232
31703	0.001815666041
31704	0.004207079629
31705	0.01035898565
31706	0.0005981070341
31707	0.004150476758
31708	0.01056363959
31709	0.0005175575178
31710	0.000287989606
31711	0.005656718558
31712	0.0002871670603
31713	0.00197010866
31714	0.000835706816
31715	0.0008115845218
31716	0.0130645042
31717	0.004010361585
31718	0.002296034518
31719	0.004930800724
31720	0.01159284272
31721	0.003327775268
31722	0.003161521029
31723	0.009566924274
31724	0.003216824284
31725	0.006335232025
31726	0.01337314194
31727	0.01187565654
31728	0.001737418875
31729	0.008079010878
31730	0.0009637691609
31731	0.002602130598
31732	0.005608272563
31733	0.001187491106
31734	0.003847725402
31735	0.01011516357
31736	0.009543311552
31737	0.001324176078
31738	0.01024874244
31739	5.885525017e-05
31740	0.0003051718007
31741	0.003602353055
31742	0.009371367618
31743	0.01473671009
31744	0.003629088705
31745	0.02187728158
31746	0.003868896862
31747	0.006946595297
31748	0.00231201412
31749	0.0008939423009
31750	0.0001429265323
31751	0.00171641331
31752	0.0008363424202
31753	0.001010914713
31754	0.001528402028
31755	0.001378692912
31756	0.01281844751
31757	0.000633977477
31758	0.0009268531278
31759	0.001248927809
31760	0.001821735521
31761	0.004960327883
31762	0.007262304426
31763	0.005615503115
31764	0.006557454895
31765	0.001548336389
31766	0.01783220428
31767	0.002329541753
31768	0.003131624896
31769	0.002789529811
31770	0.004966146165
31771	0.0001304806841
31772	4.766613498e-05
31773	0.001750413769
31774	0.006790479298
31775	0.001953531241
31776	0.001694470575
31777	0.001763979465
31778	0.005486043532
31779	0.0020548459
31780	0.001341500722
31781	0.009216098207
31782	0.007976079855
31783	0.0003615432105
31784	0.007704985828
31785	0.0006390675427
31786	0.008010469627
31787	0.004783704124
31788	0.007040687374
31789	0.001228873293
31790	0.01052689804
31791	0.00360388781
31792	0.00047518251
31793	4.968369235e-05
31794	0.004599729436
31795	0.00193222343
31796	0.003792140425
31797	0.001366652197
31798	0.002690962884
31799	0.006303322189
31800	0.00200582521
31801	0.005974876438
31802	0.001461226612
31803	0.002240541254
31804	0.001370846067
31805	0.01666387899
31806	0.01682775078
31807	0.0004865514844
31808	0.002679586289
31809	0.004788805818
31810	0.007139386489
31811	0.002183907442
31812	0.001626310849
31813	0.001921220169
31814	0.0009249793981
31815	0.005093303727
31816	0.004283774506
31817	0.003162392612
31818	0.002728441485
31819	0.0005502019691
31820	0.0009564579056
31821	0.004884585889
31822	0.007750534088
31823	0.004415252874
31824	0.002205056852
31825	0.003402292959
31826	0.002230946399
31827	0.002388878992
31828	0.0110320107
31829	0.004264227029
31830	0.003885090387
31831	0.004516947549
31832	0.01160227535
31833	0.000148178969
31834	0.006292501558
31835	0.005753580043
31836	0.002765871534
31837	0.01076318318
31838	0.008263996504
31839	0.002335492326
31840	0.002706135869
31841	0.01081648823
31842	0.005598057175
31843	0.006966911395
31844	0.002719696175
31845	0.002767275272
31846	0.006532142536
31847	0.006523831602
31848	0.007364171547
31849	0.01027550054
31850	0.009585922466
31851	0.01002516258
31852	0.00677448765
31853	0.004106799756
31854	0.01247987342
31855	0.006894140401
31856	0.0005366310482
31857	0.003849801575
31858	0.002380165599
31859	0.006230668641
31860	0.004313391181
31861	0.008608663208
31862	0.004910712055
31863	0.001228835946
31864	0.006016738318
31865	0.008986480294
31866	0.00532009887
31867	0.002303855167
31868	0.001725963366
31869	0.009569998018
31870	0.004804105549
31871	0.001525707897
31872	0.001805091833
31873	0.002273952692
31874	0.0006806517917
31875	0.001788815405
31876	0.01489225479
31877	0.00209337619
31878	0.0006367458811
31879	0.01722078113
31880	0.001181992653
31881	0.00799274711
31882	0.006760183542
31883	0.0001454124275
31884	0.002785545489
31885	0.002835448925
31886	0.005706284669
31887	0.0001599543347
31888	0.0017810363
31889	0.002594427753
31890	0.001273884554
31891	0.002469346555
31892	0.004151584707
31893	0.004557615919
31894	0.001207484213
31895	0.006442318189
31896	0.0008436608406
31897	0.002042400974
31898	0.003699048436
31899	0.002749231677
31900	0.004076640254
31901	0.00558635594
31902	0.003189806283
31903	0.0129943069
31904	0.001425816037
31905	0.0001285309547
31906	0.001507309225
31907	0.007372970085
31908	0.009939834502
31909	0.002703480215
31910	0.000952941839
31911	0.001252054007
31912	0.002514294742
31913	0.00311006365
31914	0.001742133558
31915	0.009158398755
31916	0.006167631689
31917	0.003503180117
31918	0.006575727053
31919	0.001661902641
31920	0.003954830513
31921	0.0005009410708
31922	0.005861412625
31923	0.007433880785
31924	3.145476391e-05
31925	0.0003405416015
31926	0.006821175441
31927	0.007502789632
31928	0.005225859361
31929	0.0004715830489
31930	0.003814462588
31931	0.001861393024
31932	0.0003070763079
31933	0.004377936106
31934	0.004280754067
31935	0.005289899685
31936	0.00266625805
31937	0.00173301353
31938	0.0009408007247
31939	0.001312846337
31940	0.004031434294
31941	0.0005900837852
31942	0.01303761221
31943	0.0003336147037
31944	0.001210325342
31945	0.01924313235
31946	0.01264925932
31947	0.0002562720976
31948	0.0009840184183
31949	0.01433290357
31950	0.008233285848
31951	0.002151581173
31952	0.004487768737
31953	0.001000650512
31954	0.004925288544
31955	0.005534391021
31956	0.002476222977
31957	0.002698431267
31958	0.004682106902
31959	0.00582090676
31960	0.001050336415
31961	0.005315305711
31962	0.005224909373
31963	0.003376962233
31964	0.0005997888383
31965	0.001617709863
31966	0.007687782369
31967	0.001962938622
31968	0.002450216491
31969	0.002042197916
31970	0.002243278786
31971	0.002707093994
31972	0.01635518725
31973	0.006742826903
31974	0.0002941343079
31975	0.001615947235
31976	0.00218368911
31977	2.820397569e-05
31978	0.0002912608616
31979	0.002804634888
31980	0.0233454798
31981	0.002099681559
31982	0.0163530689
31983	0.007162350233
31984	0.01388416387
31985	2.467332225e-05
31986	3.558573021e-05
31987	0.002801995586
31988	0.003016895923
31989	0.003917801562
31990	0.001184888297
31991	0.001406954836
31992	0.008406473238
31993	0.003045094812
31994	0.0007280795436
31995	0.0009478276212
31996	0.001703149346
31997	0.004773774362
31998	0.002722176879
31999	0.001851308653
32000	0.0001217278388
32001	0.001830117447
32002	0.007522856474
32003	0.01025987031
32004	0.00363699939
32005	0.007254583489
32006	0.009899207728
32007	0.02040924144
32008	0.001626247535
32009	0.03312957393
32010	0.009869462458
32011	0.000324523635
32012	0.006993935808
32013	0.007429566673
32014	0.001450196147
32015	0.0002168471625
32016	0.01034987417
32017	0.000939293013
32018	0.0006350954907
32019	0.002005745269
32020	0.002022994216
32021	0.0002757282622
32022	0.009760757291
32023	0.02068924099
32024	0.005702163033
32025	7.99710027e-05
32026	0.01657005446
32027	0.01062841873
32028	0.0068592042
32029	0.0004480085822
32030	0.003995597317
32031	0.001526258994
32032	0.0006860449673
32033	0.0009931346293
32034	0.002003185681
32035	0.006775803309
32036	0.004474812994
32037	0.01104487444
32038	0.001853719898
32039	0.006481987979
32040	0.009813375077
32041	0.004947548481
32042	0.0003218108199
32043	0.00215290693
32044	0.002251928662
32045	0.004042159881
32046	0.004309523168
32047	0.00112752929
32048	0.004186441841
32049	0.001005320654
32050	8.014313721e-05
32051	0.00225950303
32052	0.001511033438
32053	0.007715939618
32054	0.004268593554
32055	0.001493513788
32056	0.001381124471
32057	0.0001060489743
32058	0.0003092036447
32059	0.0006926301628
32060	0.006298969152
32061	0.003947868656
32062	0.0005152384909
32063	0.007097934087
32064	0.003917133852
32065	0.00231508504
32066	0.001435743021
32067	0.01068975412
32068	0.001019871084
32069	0.0002866969302
32070	0.002933704319
32071	0.0008782833748
32072	0.002572641748
32073	0.001660344611
32074	0.001490707092
32075	0.0008778415271
32076	0.000388644819
32077	0.002228495893
32078	0.0003495428952
32079	0.0004186715078
32080	0.0005610863435
32081	0.006706496633
32082	0.001428362641
32083	0.0007731082366
32084	0.0007598879058
32085	0.01042769618
32086	0.0009585806665
32087	0.004839898819
32088	0.0134176825
32089	0.006566502198
32090	0.0003910360981
32091	0.002553959764
32092	0.001592037907
32093	0.0009840589963
32094	0.007091473186
32095	0.003833830546
32096	0.001068038362
32097	0.005133650493
32098	0.009058364918
32099	0.003381175054
32100	0.005160720634
32101	0.002219406455
32102	0.0001698287866
32103	0.0004134189735
32104	0.001220069377
32105	0.0008396034907
32106	0.01179225476
32107	0.0161718705
32108	0.00288437078
32109	0.0002031850084
32110	0.003720904421
32111	0.007446304663
32112	0.009974161617
32113	0.004612684121
32114	0.00130493209
32115	0.00407315771
32116	0.003166302398
32117	0.001843010482
32118	0.009169386507
32119	0.002459733533
32120	0.002155558991
32121	0.001520725743
32122	0.00322749814
32123	0.01865270275
32124	0.006830028456
32125	0.01254073673
32126	0.001617288535
32127	0.0009319089746
32128	0.004325396038
32129	0.003174992893
32130	0.001059112614
32131	0.00067196784
32132	0.006227847199
32133	0.002902815848
32134	0.001489003397
32135	0.001917417266
32136	0.003481814583
32137	0.00344331953
32138	0.004853785409
32139	0.01269034269
32140	0.003155353164
32141	0.01255841567
32142	0.003465239876
32143	0.01113631554
32144	0.003847833825
32145	0.01063878375
32146	0.0008669514964
32147	0.001884713253
32148	0.008056948018
32149	0.01313141668
32150	0.001205783047
32151	0.003164457068
32152	0.01377554401
32153	0.0003764412904
32154	0.001310117455
32155	0.01610559272
32156	0.001349383656
32157	0.01214344602
32158	0.003214140287
32159	0.01056730428
32160	0.0001607538688
32161	0.002191111842
32162	0.0149964797
32163	0.001342328395
32164	0.01371528185
32165	0.002064415819
32166	0.007797182779
32167	0.00644808236
32168	0.005742100489
32169	0.0005784285415
32170	0.005298631787
32171	0.001332583199
32172	0.0005346543721
32173	0.004272748155
32174	0.0100099051
32175	0.004828244799
32176	0.00295804239
32177	0.01426537549
32178	0.009594114489
32179	0.0135965263
32180	0.004467078758
32181	0.002020154467
32182	0.003422951043
32183	0.0001056333426
32184	0.01579480588
32185	0.001698223439
32186	0.0009381981545
32187	0.00178359948
32188	0.0004075953548
32189	0.006320554671
32190	0.004472909059
32191	0.001432373596
32192	0.009845914283
32193	0.004154856991
32194	0.001361072865
32195	0.00443871355
32196	0.007133377612
32197	0.00322159455
32198	0.005386358606
32199	0.0009977109639
32200	0.01236181533
32201	0.01114757713
32202	0.01647829372
32203	0.007283159124
32204	0.006221137492
32205	0.003825469187
32206	0.0001795032839
32207	0.01822961693
32208	0.0001555789405
32209	0.01078039648
32210	0.006707826276
32211	0.001613666291
32212	0.0002510609936
32213	0.006894918227
32214	0.004509627486
32215	0.002913138882
32216	0.009686719892
32217	0.003310348152
32218	0.003330103002
32219	0.01112362504
32220	0.003866029418
32221	0.0009842629461
32222	0.005298105822
32223	0.001534633342
32224	0.01695439059
32225	0.002290600784
32226	0.00821235725
32227	0.00572621982
32228	0.004208737287
32229	0.001772130276
32230	0.0008296738879
32231	0.001038757766
32232	0.0133366
32233	0.005876762084
32234	0.01594311392
32235	0.0006735158921
32236	0.001728617327
32237	0.004285555082
32238	0.005888917056
32239	0.002208851182
32240	0.005733884873
32241	0.004569992217
32242	0.004979377536
32243	0.005037276755
32244	0.002103819961
32245	0.001266736553
32246	0.006230622056
32247	0.0002308710714
32248	0.002275710595
32249	3.021176276e-05
32250	0.0005988400763
32251	0.01025259963
32252	0.005783089677
32253	0.003970559935
32254	0.007859433798
32255	0.004699161149
32256	0.01244066826
32257	0.002133875813
32258	0.01145267535
32259	0.004623529739
32260	0.003748108749
32261	0.001297077763
32262	0.0004612345016
32263	0.003858108757
32264	5.448311846e-05
32265	0.001941816926
32266	0.0003940633719
32267	0.001023303867
32268	0.004760022867
32269	0.003368727885
32270	0.00674681637
32271	7.992927274e-05
32272	0.005894841723
32273	0.001265105981
32274	0.0001078761791
32275	0.0003441100068
32276	0.004671351377
32277	0.0008417539717
32278	0.003118028532
32279	0.003030991774
32280	0.002935953239
32281	0.009332726073
32282	0.008659115133
32283	0.005932688341
32284	0.000472229155
32285	0.01768346649
32286	0.00564382792
32287	0.004259983488
32288	0.008103594163
32289	0.001718325695
32290	0.005490659457
32291	0.008233829112
32292	0.005240625319
32293	0.001721583136
32294	0.001274714517
32295	0.003043940089
32296	0.0005854210467
32297	0.00176796178
32298	0.00366418255
32299	0.01607665415
32300	0.0002746783073
32301	0.01847051672
32302	0.003964382171
32303	0.001199958382
32304	0.002695228236
32305	0.005066980117
32306	0.003492810572
32307	0.009551062783
32308	0.001498474704
32309	0.003597179119
32310	0.0018415276
32311	0.01249552999
32312	0.003700351554
32313	0.01911189249
32314	0.0009251678106
32315	0.005588465228
32316	0.006381653966
32317	8.0575375e-06
32318	0.0004673613115
32319	0.001035846177
32320	0.0008406247615
32321	0.0002425536484
32322	0.0008993287972
32323	0.001222535758
32324	0.0003115264637
32325	0.004751696949
32326	0.0001769717426
32327	0.0003092956776
32328	5.624456053e-05
32329	0.0001523289523
32330	0.001413957781
32331	0.0004320782604
32332	0.001780857067
32333	0.001489224541
32334	0.00186682732
32335	0.001456649237
32336	0.001257842293
32337	0.004941307917
32338	9.20483341e-05
32339	0.005779612841
32340	0.0006020781317
32341	0.001058961185
32342	0.008388467064
32343	0.0001544420691
32344	0.001326264459
32345	0.00142957582
32346	0.006666712685
32347	0.001230675619
32348	0.01030605666
32349	0.006476725429
32350	0.008588931116
32351	0.01484634363
32352	0.0003286806343
32353	0.002589700516
32354	0.0002766202989
32355	0.005211920157
32356	0.003943339105
32357	0.004358155023
32358	0.0009823745034
32359	0.0004771909669
32360	0.001240925841
32361	0.0008547339109
32362	0.0002915109718
32363	0.0008958112717
32364	0.007091221698
32365	0.01185829588
32366	0.01073101192
32367	0.0070254505
32368	0.003624650956
32369	0.0002718266622
32370	0.004704294938
32371	0.005889882289
32372	0.008214236375
32373	0.005702237145
32374	0.00405175418
32375	0.007078926403
32376	0.004592297972
32377	0.002375058139
32378	0.001054251902
32379	0.005406865914
32380	0.0002866816397
32381	0.001956557682
32382	0.01026968581
32383	0.002426161798
32384	0.00361079454
32385	0.002557037131
32386	0.0005625161301
32387	0.00208907224
32388	0.005299951637
32389	0.002853846976
32390	0.01356042449
32391	0.005399447875
32392	0.006688647382
32393	0.0003119185677
32394	0.005379047121
32395	0.005595626113
32396	0.00503173311
32397	0.005077479815
32398	0.001812869104
32399	0.003570723392
32400	0.001313953727
32401	0.006755366809
32402	0.01237399722
32403	0.001345601308
32404	0.0001324782466
32405	0.000960315324
32406	0.006297757084
32407	0.01491607934
32408	0.006039915835
32409	0.0005219268514
32410	0.00159680531
32411	0.008025581025
32412	0.0008283468484
32413	0.002345906383
32414	0.002794004343
32415	0.003627329883
32416	0.009855313356
32417	0.002864922552
32418	0.002399797162
32419	0.004600731895
32420	0.009520496024
32421	0.008703619187
32422	0.003550715362
32423	0.003479964274
32424	0.008634847445
32425	0.001575774551
32426	0.00319653144
32427	0.006871756494
32428	0.0003518409168
32429	0.001101061717
32430	0.0008391534755
32431	0.002593080936
32432	0.0005382027849
32433	0.001362388576
32434	0.001189549428
32435	0.002379444733
32436	0.001520316567
32437	0.002014425845
32438	0.007765598106
32439	0.0003637606767
32440	0.002061531056
32441	0.004736813853
32442	0.01762491789
32443	0.00169878888
32444	0.006339351737
32445	0.005555934494
32446	8.688050978e-05
32447	0.0002113622736
32448	0.003735978728
32449	0.0007121774239
32450	0.008793778439
32451	0.003114523705
32452	0.001445646498
32453	0.005785953716
32454	0.001876711227
32455	0.002534734606
32456	0.009501042965
32457	0.001597934993
32458	0.002584580685
32459	0.007202773166
32460	0.004299094094
32461	0.00792912552
32462	0.001587683959
32463	0.002511314079
32464	0.000319585786
32465	0.001374722222
32466	0.00762662714
32467	0.006042006747
32468	0.002485254032
32469	0.0006199237436
32470	0.002009400244
32471	0.001351910242
32472	0.002263654904
32473	0.009684440082
32474	0.01566618635
32475	0.01448298125
32476	9.738864683e-05
32477	0.0008346996605
32478	0.0002628892102
32479	0.0001496656419
32480	0.008079029547
32481	0.001725940924
32482	0.01093646145
32483	0.0009344241354
32484	0.003417635369
32485	0.001121504529
32486	0.007152956469
32487	0.001543758133
32488	0.001424575812
32489	0.002038215217
32490	0.01110757027
32491	0.002528755437
32492	0.01116227807
32493	0.001823726806
32494	0.005147268575
32495	0.005563989537
32496	0.001085151977
32497	0.002757146294
32498	0.004186958709
32499	0.009085774838
32500	0.002760270593
32501	0.00366858939
32502	0.006766784835
32503	0.01054309695
32504	0.003003847132
32505	0.003339697333
32506	0.002897031834
32507	0.003990783441
32508	0.001468866909
32509	0.0007814439787
32510	0.002470638785
32511	0.0001454031345
32512	0.005740768474
32513	0.01057760675
32514	0.0008291862598
32515	0.003537821925
32516	0.006422300451
32517	0.005928014574
32518	0.0003809124943
32519	0.0002376938205
32520	0.001912391722
32521	0.000953002494
32522	0.0001676113267
32523	0.001069261978
32524	0.009038989644
32525	0.003576551844
32526	0.005495062196
32527	0.009384065803
32528	0.009788687033
32529	0.001440108003
32530	0.004629434191
32531	0.003065430577
32532	0.0006850080056
32533	0.0165907136
32534	0.001790805321
32535	0.008467412229
32536	0.0002201121656
32537	0.0004113909501
32538	0.0001540830429
32539	0.008382945472
32540	0.005177504782
32541	0.0006405235175
32542	0.001498948224
32543	0.002754795112
32544	0.00579211462
32545	0.003637446606
32546	0.002223288643
32547	0.004387408626
32548	0.001724577177
32549	0.000657838855
32550	0.002453029386
32551	0.0007411581186
32552	0.002701115133
32553	0.0007902377927
32554	0.0003987233125
32555	0.005940881972
32556	0.0005420062867
32557	0.0006305203991
32558	0.0003496766283
32559	0.0008921148973
32560	0.003443675787
32561	0.0005455373847
32562	0.001229365245
32563	0.002750341718
32564	0.001558994902
32565	0.005414650021
32566	0.0008674245304
32567	0.00153973571
32568	0.000310109412
32569	0.0006591022691
32570	4.780180294e-05
32571	0.0009855714308
32572	0.0006746953774
32573	0.004752310642
32574	0.0004392204908
32575	0.007215321323
32576	5.159547199e-05
32577	0.0001874650941
32578	0.0001149869347
32579	4.482860586e-05
32580	0.0007782886184
32581	0.0009130459173
32582	0.005315917789
32583	0.002141646871
32584	0.007526803867
32585	0.005221281609
32586	0.002479390641
32587	0.001160937651
32588	0.002223469759
32589	0.000257208825
32590	0.0003828340727
32591	0.0004634557227
32592	0.0005114399861
32593	0.0004086846267
32594	0.0004704831784
32595	0.0004113808472
32596	0.0007458273265
32597	0.0006235168445
32598	0.0004000019427
32599	0.0006437796113
32600	0.0006275894862
32601	0.0009208607572
32602	0.0003010140996
32603	0.001092850016
32604	5.313286364e-05
32605	0.0008549796361
32606	0.002565997176
32607	0.003157088195
32608	0.001014093536
32609	0.00147151292
32610	0.008844147073
32611	0.004067427843
32612	0.01262776869
32613	0.004311788234
32614	0.002975356175
32615	0.007293446242
32616	0.004998643987
32617	0.004919097704
32618	0.005170846396
32619	0.003519205924
32620	0.01033195488
32621	0.002304920665
32622	0.005477973581
32623	0.004209544046
32624	0.0141150802
32625	0.007230374197
32626	0.008199809533
32627	0.006389482704
32628	0.01039613399
32629	0.005031237538
32630	0.005899653654
32631	0.00106092289
32632	0.0007857699543
32633	0.001344998915
32634	0.009716562196
32635	0.001780868366
32636	0.001573139801
32637	0.001359059304
32638	0.006564646822
32639	0.0005530693484
32640	0.0106134973
32641	0.009341794948
32642	0.01069774286
32643	0.006577461256
32644	0.006277430598
32645	0.005595441298
32646	0.006374691253
32647	0.0195969213
32648	0.005611534257
32649	0.01370384438
32650	0.008397020416
32651	0.01337643078
32652	0.01364840316
32653	0.005655068755
32654	0.008251591137
32655	0.008659164074
32656	0.01194364448
32657	0.003975364904
32658	0.00429835392
32659	0.007796297186
32660	0.003771456854
32661	0.001811327039
32662	0.001414894529
32663	0.002528917014
32664	0.001313251594
32665	0.001963891505
32666	0.006865473728
32667	0.001095092643
32668	0.0006961406654
32669	0.00415182951
32670	0.0009307454821
32671	0.0003448538891
32672	0.0008382119556
32673	0.0005394007516
32674	0.001151363708
32675	0.0002691465398
32676	0.002814824471
32677	0.006885256559
32678	0.001650195097
32679	0.00267155466
32680	0.000574068579
32681	0.001982441098
32682	0.001052605832
32683	0.003931259601
32684	0.002282568153
32685	0.003989264012
32686	0.0002477238685
32687	0.003053312422
32688	0.0005838414841
32689	0.002362716003
32690	0.002542502856
32691	0.001798835901
32692	0.00268662358
32693	0.001078737109
32694	0.0009917991114
32695	0.003072761539
32696	0.0003951672114
32697	0.0003973670321
32698	0.0009357658032
32699	0.004240273042
32700	0.007087260981
32701	0.01037045477
32702	0.00398933304
32703	0.003369682518
32704	0.001639852335
32705	0.007281113545
32706	0.009276728959
32707	0.003339926797
32708	0.001501484574
32709	0.005688287601
32710	0.003929839642
32711	0.001940912537
32712	0.007956810329
32713	0.003393855988
32714	0.009496277661
32715	0.01199734375
32716	0.007361505954
32717	0.001108311436
32718	0.006774220626
32719	0.0008347411436
32720	0.002331051798
32721	0.01173704305
32722	0.007095029644
32723	0.02141837758
32724	0.002908947968
32725	0.0111288522
32726	0.007451810521
32727	0.004417123096
32728	0.00727889164
32729	0.009551341607
32730	0.002203590144
32731	0.001844557338
32732	0.01077647886
32733	0.001529499065
32734	0.001364374897
32735	0.0001398061028
32736	0.0003380464072
32737	0.003384049783
32738	0.003994857082
32739	0.01160742723
32740	0.001640861702
32741	0.001311987248
32742	0.006328952457
32743	0.002553551801
32744	0.008524659829
32745	0.008318638237
32746	0.0005880342795
32747	0.008395492172
32748	1.289803107e-05
32749	0.008136713002
32750	0.007032101905
32751	0.001091764887
32752	0.003916485645
32753	0.002313212916
32754	0.005044825701
32755	0.01720888389
32756	0.003566771347
32757	0.001246261331
32758	0.004647618657
32759	0.00845961686
32760	0.02636688012
32761	0.00347638308
32762	0.004776413716
32763	0.004945014721
32764	0.00139598365
32765	0.0007207679611
32766	0.001038569271
32767	0.0007870858625
32768	0.006275374936
32769	0.0009967119614
32770	0.000341511375
32771	0.01581693638
32772	0.002494326706
32773	0.003941933621
32774	0.001733974431
32775	0.002503828373
32776	0.003499342207
32777	0.005173763857
32778	0.001815949448
32779	0.002498293378
32780	0.004546965538
32781	0.002226800302
32782	0.001199688857
32783	0.001655528849
32784	0.006204098078
32785	0.0003192093738
32786	0.001787112426
32787	0.0006358714629
32788	0.003251768079
32789	0.0002142895414
32790	0.001158590994
32791	0.000268920884
32792	0.004171780005
32793	0.0007697296561
32794	0.00273199462
32795	0.006771362397
32796	0.003200084675
32797	0.0001810562532
32798	0.000286380365
32799	0.0005520390572
32800	1.576878798e-05
32801	0.002028975285
32802	0.002867040588
32803	0.001654111927
32804	0.0004684695221
32805	0.001222471335
32806	0.0001471405044
32807	0.0007805208586
32808	0.002067492749
32809	0.002746862734
32810	0.004302302
32811	0.00201717435
32812	0.0004355636819
32813	0.0008201622074
32814	0.001544629804
32815	0.002535016985
32816	0.005368318565
32817	0.0006046000776
32818	0.0007513157123
32819	0.0001322940545
32820	0.0001772295278
32821	0.0001481639339
32822	0.0001286370254
32823	0.0006650100852
32824	0.006365741482
32825	0.007664545336
32826	0.005980359427
32827	0.002966670273
32828	0.0003443110215
32829	0.0006888387839
32830	0.0005163837334
32831	0.001071631639
32832	3.098268048e-05
32833	0.000266478496
32834	0.0008155573689
32835	0.000763375478
32836	0.0002459870273
32837	0.0005612329206
32838	0.005134329216
32839	0.001307495908
32840	0.0002023795997
32841	0.004465654557
32842	0.006817038599
32843	0.00319888325
32844	0.001509481851
32845	0.0003403197558
32846	0.0007015625287
32847	0.0004078495149
32848	0.003292228504
32849	0.002741477726
32850	0.008602959903
32851	0.0002227763369
32852	0.0004569959346
32853	0.001182194541
32854	0.002923247603
32855	0.00384923289
32856	0.004277074371
32857	0.0005336064871
32858	0.003311815573
32859	0.002095741951
32860	0.001943747191
32861	0.006181142704
32862	0.002360886504
32863	0.002853499133
32864	0.004720398126
32865	0.0008561145519
32866	0.0002008546734
32867	0.0005810051206
32868	0.0006943074049
32869	0.0005648419748
32870	0.0005052053765
32871	0.001213668927
32872	0.0008454421651
32873	0.003831346292
32874	0.01114693298
32875	0.0007552924803
32876	0.0003884210448
32877	0.008456781164
32878	0.004802778248
32879	0.01627916482
32880	0.001227575221
32881	0.007039857356
32882	0.003056976238
32883	0.000711888955
32884	0.008626407266
32885	0.002115556048
32886	0.0009902327906
32887	0.004512690865
32888	0.001029633354
32889	0.006051219369
32890	0.0004232283481
32891	0.001148218698
32892	0.00732106895
32893	0.003504358621
32894	0.008609864303
32895	0.004747083878
32896	0.0007487568549
32897	0.004412987284
32898	0.00465778011
32899	0.0005295247694
32900	0.001319966601
32901	0.001651293109
32902	0.00283741603
32903	0.01122160595
32904	0.002493098352
32905	0.001871563041
32906	0.001795078561
32907	0.01263163448
32908	0.0007316259224
32909	0.008374635313
32910	0.00789074937
32911	0.007350802826
32912	0.01126313588
32913	0.003911013592
32914	0.0002743955936
32915	0.003280863999
32916	0.005539028673
32917	0.0002096208172
32918	0.007326450109
32919	0.002253442511
32920	0.0005668566494
32921	0.0009573087426
32922	0.000685007679
32923	0.001007894596
32924	0.002163715872
32925	0.0006330084315
32926	0.0001984765393
32927	0.001688742268
32928	0.000253054375
32929	6.728048503e-05
32930	0.002669182854
32931	0.006806780474
32932	0.003350427426
32933	0.01479299129
32934	0.01541681045
32935	0.0003108973432
32936	0.0001472458834
32937	0.02054941792
32938	0.01099217966
32939	0.0005010402493
32940	0.004025894475
32941	0.004290647872
32942	0.0003411233086
32943	0.004651252585
32944	0.0009778963717
32945	0.009825298109
32946	0.002391239554
32947	0.004447164992
32948	0.001131365472
32949	0.001828076898
32950	0.006600872972
32951	0.006528222495
32952	0.0001871238015
32953	0.001490314834
32954	0.0003866602647
32955	0.0002790728296
32956	0.007855155691
32957	0.002158541925
32958	0.002555065357
32959	0.0003381134392
32960	0.001863306991
32961	0.0002291849791
32962	0.004921212339
32963	0.0001040893557
32964	0.004445279573
32965	0.00343197907
32966	0.004770309326
32967	0.002239072558
32968	0.00470492692
32969	0.001262834261
32970	0.007724554728
32971	0.008931704388
32972	0.006161725873
32973	0.0004349413233
32974	0.002467445443
32975	0.005136846653
32976	0.0002611258472
32977	0.005402461371
32978	0.0002750797756
32979	0.001611458991
32980	0.01462404381
32981	0.00492921849
32982	0.0005529081641
32983	0.00217283741
32984	0.009550506722
32985	0.00393712194
32986	0.002935520518
32987	0.009425082499
32988	0.01965011329
32989	0.003723040423
32990	0.00198926563
32991	0.009500299553
32992	0.00228352648
32993	0.005768972674
32994	0.01417542052
32995	0.0101507868
32996	0.00826697773
32997	0.0007931773476
32998	0.0009826611374
32999	0.0006381904761
33000	0.004044230922
33001	0.001063463504
33002	0.003590339966
33003	0.0007313838858
33004	0.003512704198
33005	0.000262783679
33006	0.001421388275
33007	0.002255713878
33008	0.006678474916
33009	0.001241903562
33010	0.0009414196272
33011	0.002264678531
33012	0.003668608284
33013	0.002385212236
33014	0.00207952446
33015	0.003874250122
33016	0.01395818291
33017	0.001753643505
33018	0.007578922427
33019	0.001666440352
33020	0.001145769406
33021	0.001407443575
33022	0.004173035024
33023	0.00242763334
33024	0.001162230841
33025	0.001019959449
33026	0.001816105016
33027	0.002959691214
33028	0.007535697609
33029	0.004266067168
33030	0.01245376612
33031	0.01136483018
33032	0.0001630106026
33033	0.005749082436
33034	0.002549282038
33035	0.007819501874
33036	0.003231838168
33037	0.004222465863
33038	0.005002975153
33039	0.002186941855
33040	0.002218661149
33041	0.006823913231
33042	0.003678307574
33043	0.002560770914
33044	0.002366481935
33045	0.004175266817
33046	0.004839588413
33047	0.002559466782
33048	0.0002266078449
33049	0.000847758544
33050	0.001517106817
33051	0.007263208222
33052	0.003567566607
33053	0.0003923153998
33054	0.006566225764
33055	0.0041728282
33056	0.0009451601588
33057	0.00777844002
33058	0.000301115263
33059	0.004857289957
33060	0.001155087586
33061	0.001974605673
33062	0.00200837912
33063	0.001379310467
33064	0.006721942091
33065	0.003584723359
33066	0.005238566407
33067	0.002630220387
33068	0.005109121978
33069	0.00701149487
33070	0.007291186127
33071	0.007788789205
33072	0.003220746836
33073	0.005576853367
33074	0.006231489356
33075	0.007686996389
33076	0.007242653053
33077	0.008310551168
33078	0.0003516470109
33079	0.0008558485549
33080	0.01313749752
33081	0.004261314639
33082	0.005868211398
33083	0.001565503845
33084	0.004427153117
33085	0.008637145895
33086	0.001434318728
33087	0.00457102759
33088	0.007874309345
33089	0.008392746976
33090	0.003160387449
33091	0.005913100859
33092	0.003326297065
33093	0.001931948905
33094	0.0108734263
33095	0.0007444570647
33096	0.01306675006
33097	0.00108014999
33098	0.005728850075
33099	0.002545776708
33100	0.0003179569796
33101	0.002397332451
33102	0.004795085453
33103	0.005278301647
33104	0.004410923036
33105	0.002918087677
33106	0.0005136607922
33107	0.001504489834
33108	0.005990197058
33109	9.632768253e-08
33110	0.0005481744052
33111	0.005639953281
33112	0.000605290475
33113	0.008047514578
33114	0.004625513631
33115	0.007309335345
33116	0.005309759962
33117	0.00523113423
33118	8.336921479e-05
33119	0.01371137386
33120	0.003850729677
33121	0.003155487847
33122	0.003237266954
33123	0.008945243764
33124	0.005967120189
33125	0.0005550908406
33126	0.01051630068
33127	0.0005101944746
33128	0.004361513858
33129	0.004290266199
33130	0.0006006686713
33131	0.0002869477418
33132	0.007600862455
33133	0.0009402391099
33134	0.002317371398
33135	0.001579602762
33136	0.001089112305
33137	0.01061481472
33138	0.006701534377
33139	0.006004387222
33140	0.01193596603
33141	0.002606913782
33142	0.01358311815
33143	0.007952927143
33144	0.007760567481
33145	0.001251281396
33146	0.01079124131
33147	0.005017363399
33148	0.005802218748
33149	0.00752818796
33150	0.00386161372
33151	0.005727831893
33152	0.005611051622
33153	0.001326851804
33154	0.002294813507
33155	0.006670651585
33156	0.006199856102
33157	0.007715351485
33158	0.006178491265
33159	0.01108338608
33160	0.00750234827
33161	0.003493623132
33162	0.001875425685
33163	0.002095436793
33164	0.01459495317
33165	0.002379488467
33166	0.007206468807
33167	0.0004477926786
33168	0.0001243743475
33169	0.001115507905
33170	0.006506836061
33171	0.001947718094
33172	0.002420681629
33173	0.001861738974
33174	0.003627015604
33175	0.0005822600085
33176	0.00493161641
33177	0.006662225107
33178	0.01189514254
33179	0.00301950832
33180	0.00734422776
33181	0.001092074742
33182	0.003306849911
33183	0.001132870467
33184	0.001204217659
33185	0.006308946542
33186	0.01204540581
33187	0.001263591171
33188	0.01060600545
33189	0.0006231097308
33190	0.01243520355
33191	0.01284567501
33192	0.002949637193
33193	0.008130527061
33194	0.004325153099
33195	0.01106581807
33196	0.0129725302
33197	0.0105669469
33198	0.008490260804
33199	0.002297105795
33200	0.0094303778
33201	0.00294301974
33202	0.004149446063
33203	0.01181992325
33204	0.001435863979
33205	0.0003164129927
33206	0.001746080682
33207	0.0127259365
33208	0.008824125113
33209	0.002452373892
33210	0.009317978582
33211	0.01417638051
33212	0.0003780440827
33213	0.01143427069
33214	0.01131808321
33215	0.009687939289
33216	0.006088981587
33217	0.007220327652
33218	0.002162542739
33219	0.0005924356994
33220	0.01589712407
33221	0.005625306833
33222	0.004826022922
33223	0.006331205653
33224	0.002476770811
33225	0.01120031929
33226	0.002751427385
33227	0.008689138001
33228	0.01372433746
33229	0.01244900917
33230	0.009259745676
33231	0.01238282976
33232	0.003330020741
33233	0.001046369948
33234	0.001616509485
33235	0.002664787876
33236	0.008028667058
33237	0.001398114193
33238	8.70357458e-05
33239	0.01270158613
33240	0.01419164805
33241	0.004671193568
33242	0.00317160917
33243	0.009855243161
33244	0.003690372639
33245	0.006187084668
33246	0.0009032680215
33247	0.002066539987
33248	0.001642492784
33249	0.008772282304
33250	0.005906317987
33251	0.005110228877
33252	3.981680478e-06
33253	0.0002193850645
33254	0.0003037037736
33255	0.005703915894
33256	0.002192425907
33257	0.00458408445
33258	0.00713289374
33259	0.007930269533
33260	0.006561931943
33261	0.0011291418
33262	0.003493105732
33263	0.001642234404
33264	0.001314860921
33265	0.002115354151
33266	0.00271941675
33267	0.002890707471
33268	0.003493926681
33269	0.00404061046
33270	0.002157129201
33271	0.001520594472
33272	0.003497079878
33273	0.008342656916
33274	0.003063200132
33275	0.001148027331
33276	0.0005060000679
33277	0.0007496288278
33278	0.0008779290257
33279	0.0003844082626
33280	0.0003688530459
33281	0.007324516865
33282	0.003576693476
33283	0.006909283998
33284	0.006625775516
33285	0.004831515929
33286	0.001449369231
33287	0.001868060928
33288	0.008075549096
33289	0.003316682996
33290	0.01151727455
33291	0.009889884665
33292	0.0001141236263
33293	0.005255593499
33294	0.004115365076
33295	0.002606475415
33296	0.005870769896
33297	0.002972878672
33298	0.00285686848
33299	0.004418880228
33300	0.003213445094
33301	0.007909886381
33302	0.004797586081
33303	0.006975150393
33304	0.01093257707
33305	0.01356776211
33306	0.0007885945515
33307	0.00171652988
33308	0.008665796752
33309	0.01495516221
33310	0.00710327322
33311	0.002681163308
33312	0.000184540001
33313	0.0007136492315
33314	0.0004438079242
33315	0.002563948039
33316	0.008540434005
33317	0.0009549122197
33318	0.003241281909
33319	0.0001163903086
33320	2.210496995e-06
33321	0.0003373149217
33322	0.001236472887
33323	0.0003529022688
33324	0.009245276909
33325	0.002046023802
33326	0.001263967286
33327	0.003814792984
33328	0.005863956418
33329	0.002669681625
33330	0.01420771049
33331	0.005383318901
33332	0.01363138903
33333	0.003319319954
33334	0.004211698768
33335	0.002914371056
33336	0.001487212059
33337	0.006381437469
33338	0.00362535283
33339	0.002528076244
33340	0.007932003606
33341	0.003766426789
33342	0.004037059168
33343	5.616738771e-05
33344	0.008860567012
33345	0.003190337567
33346	0.007630981799
33347	0.0005193941499
33348	0.001098866855
33349	0.001067486845
33350	0.003329270076
33351	0.0065039864
33352	0.001608309703
33353	0.003805188007
33354	0.00496068294
33355	0.01689702642
33356	0.008006456261
33357	0.002028849956
33358	0.01154225544
33359	0.003464713956
33360	0.007422813122
33361	0.006226319637
33362	0.008189483808
33363	0.00423123228
33364	0.001727413219
33365	0.001530122822
33366	0.001536944967
33367	0.003082138526
33368	0.003706497934
33369	0.008961439515
33370	0.001820821977
33371	4.770137209e-05
33372	9.213806174e-05
33373	0.006265326111
33374	7.764284709e-05
33375	0.001877436234
33376	0.00209849113
33377	0.009261741615
33378	0.001715882394
33379	0.0005855063799
33380	0.01415186812
33381	0.001756372058
33382	0.001654104378
33383	0.003033297572
33384	0.007215581785
33385	0.0003523971427
33386	0.001399715717
33387	0.002113468139
33388	0.001972484499
33389	0.001143937775
33390	0.005950275913
33391	0.007751256395
33392	0.01091448726
33393	0.001382146161
33394	0.005015298068
33395	0.008857136911
33396	0.005552082812
33397	0.01563507315
33398	0.0009344875212
33399	0.00585075212
33400	0.01381696687
33401	0.0004251908386
33402	0.001724333663
33403	0.002439557385
33404	0.0003238931717
33405	0.0002414019297
33406	0.001831510904
33407	0.006349042676
33408	0.007174363657
33409	0.0002924761664
33410	0.004044291299
33411	0.002882662343
33412	0.001222024729
33413	0.0119066235
33414	0.003526521694
33415	0.01099662212
33416	0.00589585621
33417	0.0005735024631
33418	0.0002973365455
33419	0.01535737338
33420	0.006999686718
33421	0.008535579794
33422	0.004169733623
33423	0.01103141162
33424	0.008834250815
33425	0.0005707563922
33426	0.002802450671
33427	0.002284283047
33428	0.002352783462
33429	0.003773725104
33430	0.005336545882
33431	0.001808742401
33432	0.003115402034
33433	0.0008113882141
33434	0.007093480882
33435	0.008462267048
33436	0.001661268601
33437	0.005168757757
33438	0.0007267031621
33439	0.001082290462
33440	0.003356865709
33441	0.003554142269
33442	0.009715874702
33443	0.01162145111
33444	0.008591256903
33445	0.004834450775
33446	0.00164791673
33447	0.005582904526
33448	0.005678993851
33449	0.002022224858
33450	9.001068495e-05
33451	0.01124807453
33452	0.005162650693
33453	0.003643805424
33454	0.005013314187
33455	0.009484971659
33456	0.00431513685
33457	0.001778516694
33458	0.0002007268331
33459	0.002747542532
33460	0.00487021927
33461	0.004508276496
33462	0.003758248206
33463	0.003946647551
33464	0.01094495332
33465	0.004997740119
33466	0.002792857059
33467	0.00456960354
33468	0.0004483360682
33469	0.01317119282
33470	0.0114615287
33471	0.001610173665
33472	0.004418373259
33473	0.004767943582
33474	0.004040675667
33475	3.142767595e-05
33476	0.0009752355001
33477	4.112967952e-05
33478	0.005066938251
33479	0.005675047786
33480	0.01138333726
33481	0.01010806019
33482	0.001002648877
33483	0.01582128931
33484	0.0003790240874
33485	0.006819663357
33486	0.007659406454
33487	0.01918595945
33488	0.002644682439
33489	0.007060047764
33490	0.008779026246
33491	0.00302443611
33492	0.01625990326
33493	0.002333648184
33494	0.0005487203394
33495	0.0003056885086
33496	0.002157244416
33497	1.683679208e-05
33498	0.002137188443
33499	0.004737267675
33500	0.009016685623
33501	0.004103686148
33502	0.000179328024
33503	0.0007593885171
33504	0.01902883711
33505	0.004620359358
33506	0.0003537002802
33507	0.001603640997
33508	0.001999572259
33509	0.004532942247
33510	9.692798193e-05
33511	0.00126688916
33512	0.003309177235
33513	0.002655561575
33514	0.0007854366694
33515	0.005642581276
33516	0.007552645106
33517	0.001410792126
33518	0.002954299967
33519	0.001429354334
33520	0.0005789341979
33521	0.002329114289
33522	0.01559998737
33523	0.001065535636
33524	0.002795075611
33525	0.01080836027
33526	2.612818179e-05
33527	0.004920637789
33528	0.004382870983
33529	0.002353237883
33530	0.005039961096
33531	0.005407397422
33532	0.002549110961
33533	0.002320887897
33534	0.00520328579
33535	0.00381330188
33536	0.001000868845
33537	0.00557992278
33538	0.0006028443761
33539	0.008656795348
33540	0.002518605702
33541	0.02156552824
33542	0.00319978385
33543	0.006120481447
33544	0.006806058068
33545	0.005762332581
33546	0.0004922093935
33547	0.004290766097
33548	0.004332471666
33549	0.006247356229
33550	0.008720269305
33551	0.003489535256
33552	0.004547007236
33553	0.005821725759
33554	0.006033581037
33555	0.00446819779
33556	0.01401225437
33557	0.001418585164
33558	0.004606318402
33559	0.007979815444
33560	0.0007572150118
33561	0.000463843187
33562	0.01238777995
33563	0.001588892467
33564	0.003934980175
33565	0.007493974287
33566	0.001525066034
33567	0.001381401619
33568	0.006040593035
33569	0.007398977049
33570	0.006980673382
33571	0.0005570014845
33572	0.0001871226902
33573	0.01194612641
33574	0.01369878173
33575	0.001899250639
33576	0.004586027921
33577	0.005947282562
33578	0.003531470237
33579	0.005192290181
33580	0.0001603263071
33581	0.0003396862971
33582	0.0001722552211
33583	0.001267180192
33584	0.006152294216
33585	0.001665899407
33586	0.004158991351
33587	0.007834269799
33588	0.0008023936792
33589	0.008852110378
33590	0.0005904232304
33591	0.004019690498
33592	0.005026991549
33593	0.006618860466
33594	0.005830880099
33595	0.006342515029
33596	0.005597224149
33597	0.001405968772
33598	0.006534679189
33599	0.0004659895621
33600	0.01451819924
33601	0.001058969406
33602	0.009643265554
33603	0.009165181049
33604	0.01233468094
33605	0.01363091111
33606	0.004002195368
33607	0.001853620545
33608	0.004848656265
33609	0.0004813101176
33610	0
33611	0.004787761568
33612	0.0143791331
33613	0.001224183181
33614	0.009353567638
33615	0.01807612373
33616	0.002864424224
33617	0.005153661107
33618	0.0004691769488
33619	0.002804077999
33620	0.009615932131
33621	0.0142883096
33622	0.006217512473
33623	0.0008091798819
33624	0.000947543128
33625	0.01408422558
33626	0.002690678565
33627	0.001317521923
33628	0.001528475527
33629	0.0009891146382
33630	0.006382978493
33631	0.009855376464
33632	0.004997626365
33633	0.001540467414
33634	0.005989379342
33635	0.005941039165
33636	0.001378857537
33637	0.002608265464
33638	0.0067093432
33639	0.0008348208891
33640	0.005495037033
33641	0.007436336324
33642	0.01394907957
33643	0.001936658096
33644	0.001721071525
33645	0.004692803538
33646	3.436047525e-05
33647	0.0005762315722
33648	0.01192037324
33649	0.0249168247
33650	0.007879217474
33651	0.002486707616
33652	0.0124266362
33653	0.009450178076
33654	0.0008894642035
33655	0.007353565167
33656	0
33657	0.0007096181696
33658	0.00345951163
33659	0.002288578257
33660	0.005382680414
33661	0.003064736831
33662	0.02393496323
33663	0.008017296247
33664	0.009339214089
33665	0.004368376617
33666	0.01452603489
33667	0.008217638639
33668	0.003527337519
33669	0.004099121721
33670	0.006876106759
33671	0.001918527567
33672	0.001378623464
33673	0.003803829543
33674	0.0002096628651
33675	0.005807853646
33676	0.002762501869
33677	0.01824213676
33678	0.00620536743
33679	0.007397441677
33680	0.0118101088
33681	0.004400989861
33682	0.00401582719
33683	0.01117894972
33684	0.005808622474
33685	0.007256508379
33686	0.005217160526
33687	0.002691065069
33688	0.007928639784
33689	0.002942063326
33690	0.002348536971
33691	0.001426452653
33692	0.003600034282
33693	0.000492679473
33694	0.003396282554
33695	0.01377892718
33696	0.0006101008811
33697	0.01110566964
33698	0.00109277114
33699	0.0002043412443
33700	0.006619636229
33701	0.009380183636
33702	0.001103475334
33703	0.004196722738
33704	0.004875043297
33705	0.00708811518
33706	0.003566715027
33707	0.004462130058
33708	0.00399641098
33709	0.003044760159
33710	0.00674026065
33711	0.001256024892
33712	0.01219311658
33713	0.004712263509
33714	0.007653815046
33715	0.003584084858
33716	0.005199906044
33717	0.001874246417
33718	0.0059997882
33719	0.00284776297
33720	0.005746680635
33721	0.005043622843
33722	0.00334980795
33723	0.00759411252
33724	0.002723295284
33725	0.00569654583
33726	0.01970960779
33727	0.01476344925
33728	0.01415243499
33729	0.003857267465
33730	0.002708987158
33731	0.009433549208
33732	0.004009763991
33733	0.001649059897
33734	0.0001828502614
33735	0.0001128784582
33736	0.001290111735
33737	0.009889848229
33738	0.01073816911
33739	0.00414278851
33740	0.007181094351
33741	0.005447595981
33742	0.005072634084
33743	0.004361171911
33744	0.003342651914
33745	0.002922097148
33746	0.003032285419
33747	0.01337585812
33748	0.01564794976
33749	0.009215396208
33750	0.0086248251
33751	0.00415775772
33752	0.002285206874
33753	0.001219784607
33754	0.003348830502
33755	0.0007794920422
33756	0.00640101754
33757	0.003621372454
33758	0.001588896693
33759	0.02209261129
33760	0.007521495847
33761	0.02085195496
33762	0.0007823104581
33763	0.00198805375
33764	0.007030187727
33765	0.01224895856
33766	0.007363954344
33767	0.005899519621
33768	0.003021847662
33769	0.006037837996
33770	0.003584316316
33771	0.004392644103
33772	0.0001699685806
33773	0.009203421127
33774	0.003698096115
33775	0.001655242848
33776	0.006565359632
33777	0.004944181543
33778	0.004644445578
33779	0.008919554692
33780	0.005451537384
33781	0.001867094101
33782	0.006825786207
33783	0.003237925081
33784	0.0009446046313
33785	0.005526875376
33786	0.01754642709
33787	0.01293420546
33788	0.005560476523
33789	0.004523966263
33790	0.007669398789
33791	0.01143513813
33792	0.002339618736
33793	0.002869241432
33794	0.0003943804569
33795	0.001460668328
33796	0.003733191613
33797	0.002528048964
33798	0.02167499239
33799	0.003376996479
33800	0.003824711176
33801	0.0004730961922
33802	0.002456717527
33803	0.01606956105
33804	0.00840177011
33805	0.006775553281
33806	0.01524693773
33807	0.008612476415
33808	0.004435552049
33809	0.01122651503
33810	0.003413921104
33811	0.004088182549
33812	0.01541084047
33813	0.002292541979
33814	0.008493498896
33815	0.001590798091
33816	0.01262488835
33817	0.0001783050796
33818	0.001282358565
33819	0.01120696445
33820	0.002385466533
33821	0.005310877648
33822	0.002646631772
33823	0.006122943693
33824	0.01080234997
33825	0.009244586398
33826	0.001671670813
33827	0.0009439735947
33828	0.0008262169189
33829	0.0114436402
33830	0.003089407643
33831	0.004442869913
33832	0.003853939124
33833	0.0042374118
33834	0.0003484271549
33835	0.001633855956
33836	0.003707713817
33837	0.009083696593
33838	0.01164106653
33839	0.000439985355
33840	0.002772216037
33841	0.007928965942
33842	0.01417621411
33843	0.00626274859
33844	0.007855925602
33845	0.002784966965
33846	0.007358710388
33847	0.0006060971274
33848	0.006162957984
33849	0.01024017937
33850	0.004141835821
33851	0.01361381537
33852	0.009025430141
33853	0.003429341336
33854	0.008616957776
33855	0.007813708041
33856	0.005108899134
33857	0.01237193462
33858	0.01225766055
33859	0.01226283891
33860	0.01012779759
33861	0.003316889955
33862	0.004076786232
33863	0.01640120645
33864	0.002691482718
33865	0.01007600878
33866	0.01393476999
33867	0.02216780304
33868	0.01312599617
33869	0.008934556463
33870	0.002578723262
33871	0.002103506227
33872	0.006072896646
33873	0.004387451018
33874	0.009773944139
33875	0.005684365093
33876	0.01135181411
33877	0.003816952609
33878	0.002254074376
33879	0.007487485553
33880	0.005178980145
33881	0.002393971132
33882	0.0001103874743
33883	0.0001541659077
33884	0.003006697184
33885	0.001688452815
33886	0.003518700522
33887	0.001063405261
33888	0.003518913903
33889	0.0006807756741
33890	0.01049680696
33891	0.006853135344
33892	0.01173348891
33893	0.00443105964
33894	0.001114125771
33895	0.001409769204
33896	0.01346544176
33897	0.003396518566
33898	0.003511075309
33899	0.003357481069
33900	0.00509472586
33901	0.005925160969
33902	0.0007456321455
33903	0.01114386198
33904	0.009172918023
33905	0.0008530585914
33906	0.002186519542
33907	0.003649367019
33908	0.004551349147
33909	0.01190844546
33910	0.007487521862
33911	0.001206300759
33912	0.003137178083
33913	0.00443627795
33914	0.005395972052
33915	0.004059025763
33916	0.008213121803
33917	0.0081348723
33918	0.00278173386
33919	0.00896352291
33920	0.008464339759
33921	0.01479954315
33922	0.01466942126
33923	0.0008753089034
33924	0.005097110865
33925	0.01134209411
33926	0.0008803833151
33927	0.006527443173
33928	0.01010453865
33929	0.009487785141
33930	0.006338371284
33931	0.0157699325
33932	0.0008849995935
33933	0.01599154781
33934	0.00371087534
33935	0.0007780649122
33936	0.009432659512
33937	0.01072284564
33938	0.004529527461
33939	0.002158404586
33940	0.003901414005
33941	0.001311431322
33942	0.01152353014
33943	0.006089302143
33944	0.005460698829
33945	0.004112537547
33946	0.000205316074
33947	0.003111633151
33948	0.002839187378
33949	0.003691775743
33950	0.003487257118
33951	0.005918538924
33952	0.004983133475
33953	0.008460159375
33954	0.004315745062
33955	0.005285942629
33956	0.005520995763
33957	0.007454749629
33958	0.001154955172
33959	0.003861018869
33960	0.004698654898
33961	0.004142241488
33962	0.004943745323
33963	0.003599766153
33964	0.005907412761
33965	0.005890581169
33966	0.0001080510012
33967	0.00285823076
33968	0.001958769853
33969	0.003817736391
33970	0.0004752508166
33971	0.004752695513
33972	0.001643580406
33973	0.01090458144
33974	0.008233414565
33975	0.01258560324
33976	0.005246985677
33977	0.006245321058
33978	0.005393937709
33979	0.006158992357
33980	0.009649264292
33981	0.0008609786834
33982	0.001313130014
33983	0.0061972472
33984	0.0001119572419
33985	0.008356389475
33986	0.008560517868
33987	0.0009331013891
33988	0.003749233991
33989	0.007931997187
33990	0.01072332934
33991	0.007803021457
33992	0.01631682861
33993	0.003591945015
33994	0.0005192339397
33995	0.001017649186
33996	0.01210853119
33997	0.005813756245
33998	0.005420915743
33999	0.001685688874
34000	0.01164559125
34001	0.008745096404
34002	0.001531344313
34003	0.009820848696
34004	0
34005	0.01355584053
34006	0.009290779294
34007	0.002646884359
34008	0.001225731316
34009	0.003649088664
34010	0.008621022234
34011	0.02177136284
34012	0.004002452034
34013	0.007119221868
34014	0.00759647239
34015	0.007381882085
34016	0.01312316084
34017	0.005904220949
34018	0.003931122923
34019	0.002459385343
34020	0.003242372375
34021	0.002083372963
34022	0.0016026426
34023	0.009481727616
34024	0.01674281962
34025	0.003949650393
34026	0.008708135785
34027	0.0003444059518
34028	0.003322399693
34029	0.003479783102
34030	0.0008219815564
34031	0.01890507236
34032	0.01021686222
34033	0.001467941866
34034	0.007252660457
34035	0.01162020157
34036	0.002150877828
34037	0.003874136954
34038	0.003373020913
34039	0.002779158559
34040	0.009114530849
34041	0.005173061145
34042	0.001164990714
34043	0.004429333549
34044	0.008260957964
34045	0.004002778315
34046	0.0001518686204
34047	0.0005361301993
34048	0.006236582795
34049	0.004048436782
34050	0.005545825407
34051	6.987438205e-06
34052	0.000464254216
34053	0.0006940001989
34054	0.006218981993
34055	0.002140519635
34056	0.0001602113317
34057	0.004441598934
34058	0.007024948319
34059	0.0007860926516
34060	0.00206324686
34061	0.009267643423
34062	0.002473124236
34063	1.422623604e-05
34064	0.008964570853
34065	0.007360758953
34066	0.005307718696
34067	0.003965894676
34068	0.004880922541
34069	0.003670798604
34070	0.0003922528638
34071	0.00892614094
34072	0.01374968
34073	0.004139898667
34074	0.004141019065
34075	0.002116665786
34076	0.00496201141
34077	0.007199595832
34078	0.02971651548
34079	0.002379620451
34080	0.00210830928
34081	0.008803040495
34082	0.008471364952
34083	0.0001474528439
34084	0.003267889581
34085	0.001122578981
34086	0.01588920632
34087	0.01492239483
34088	0.001835594851
34089	0.0008802274046
34090	0.02176947961
34091	0.008161248749
34092	0.0007938738948
34093	0.005426581349
34094	0.007996979547
34095	0.0009759377628
34096	0.008223174506
34097	1.637503541e-05
34098	0.001252501175
34099	0.002394047302
34100	0.004992696827
34101	0.00330646861
34102	0.008052390612
34103	0.006945193636
34104	0.001930685582
34105	0.004798176774
34106	0.005055260267
34107	0.004142935578
34108	0.004025763032
34109	0.003593353088
34110	0.009571438609
34111	0.01111948463
34112	0.004049687001
34113	0.0009918039203
34114	0.001929860396
34115	0.001904458682
34116	0.007258348442
34117	0.0005958485229
34118	0.002993969181
34119	0.0005067240807
34120	0.01232355299
34121	0.002622630627
34122	0.00448976392
34123	0.01741407921
34124	0.007133799559
34125	0.007865351856
34126	0.002347473722
34127	0.003610658504
34128	0.0007055710591
34129	0.00590612281
34130	0.0002566657634
34131	0.001608250563
34132	0.003932931259
34133	0.001363640356
34134	5.257190449e-05
34135	0.002342234523
34136	0.00236219273
34137	0.008934924104
34138	0.003089167434
34139	0.002694827371
34140	0.002764460668
34141	0.004887837977
34142	0.03104216521
34143	0.002188735201
34144	0.003795464139
34145	0.0007792719944
34146	0.007677692269
34147	0.003781716483
34148	0.0001691655216
34149	0.005653897372
34150	0.002361945153
34151	0.00704074053
34152	0.01101282482
34153	0.006973318828
34154	0.004269179934
34155	0.002282598641
34156	0.005199398809
34157	0.003875009782
34158	0.001842795794
34159	0.004746122764
34160	0.001015211586
34161	0.001494677102
34162	0.005678160736
34163	0.005776693537
34164	0.01736700613
34165	0.008034693383
34166	0.001688441906
34167	0.0005521271132
34168	0.003413757151
34169	0.006555990107
34170	0.008222830881
34171	1.222971845e-07
34172	0.01130295646
34173	0.003501988827
34174	0.00644674097
34175	0.007511624723
34176	0.00291742802
34177	0.0048240098
34178	0.005129743971
34179	0.0004999926338
34180	0.0001809036282
34181	0.001031138308
34182	0.0009385875719
34183	0.001142090249
34184	0.00379684649
34185	8.617106005e-05
34186	9.595204584e-05
34187	0.002881665139
34188	0.0006369543176
34189	0.0006538802265
34190	0.007248416542
34191	0.0001579850977
34192	0.0005762140788
34193	0.008559075385
34194	0.00127660064
34195	0.0006177759663
34196	0.014942477
34197	0.0002509071125
34198	0.002292372126
34199	0.00910627082
34200	0.001015212528
34201	0.01349317102
34202	0.001787426311
34203	0.001181218636
34204	0.002141324423
34205	0.002269631922
34206	0.0003549006158
34207	0.004107228613
34208	0.0003983649648
34209	0.00951994951
34210	0.000444306914
34211	0.008194457592
34212	0.004329475604
34213	0.001824106824
34214	0.002289989538
34215	0.001106408099
34216	0.003816482349
34217	0.006869261374
34218	5.45903159e-05
34219	0.001876204549
34220	0.009433335215
34221	0.00461637575
34222	0.003725399674
34223	0.001948061201
34224	0.001932340553
34225	0.001082360288
34226	0.002349612497
34227	0.007340387878
34228	0.000428815947
34229	0.005129779614
34230	0.0006633014506
34231	0.0005599467397
34232	0.01077548977
34233	0.009928116564
34234	0.001727265318
34235	0.007996603561
34236	0.002665899113
34237	0.0007740602296
34238	0.003472093487
34239	4.591129862e-05
34240	0.003463492048
34241	0.002511000381
34242	0.0006242957367
34243	0.001126562738
34244	0.001169161521
34245	0.0009117243853
34246	0.0005874266518
34247	0.003192010512
34248	0.0002190410223
34249	0.0003227294359
34250	0.01792585059
34251	0.007495394816
34252	0.003308591442
34253	0.01122884228
34254	0.006116860538
34255	0.0002205342408
34256	0.01797619762
34257	0.004355580097
34258	0.00189856699
34259	0.0009903340064
34260	0.001100187838
34261	0.01023296877
34262	0.01083475449
34263	0.003506219454
34264	0.001219074238
34265	0.003891600487
34266	0.005920310213
34267	0.002297018237
34268	0.004507934003
34269	9.776881956e-05
34270	0.002930105232
34271	0.00283048264
34272	0.0007477139612
34273	0.002940356187
34274	0.00220805038
34275	0.008241866293
34276	0.003809943383
34277	0.006558559259
34278	0.0003704781067
34279	1.457826371e-05
34280	0.001459278157
34281	0.0006253839936
34282	0.01088322509
34283	0.001187734303
34284	0.001908152514
34285	0.002291224929
34286	0.0009652896608
34287	0.007679419156
34288	0.0003976552712
34289	0.0006444534688
34290	0.0003138894602
34291	0.0002695939266
34292	0.000304460585
34293	1.14202945e-05
34294	0.001165338967
34295	0.006227212083
34296	0.008185290472
34297	0.002452773941
34298	0.01110468005
34299	0.0003949677503
34300	0.0003482402134
34301	0.00432175006
34302	0.0007538185468
34303	0.0009162962935
34304	0.0002655468554
34305	0.002224699905
34306	0.001101213649
34307	0.0002278912217
34308	0.009659252573
34309	0.0164686889
34310	0.0007351185645
34311	0.0001177974436
34312	1.473818974e-05
34313	0.00076593571
34314	0.001823997288
34315	0.001742656521
34316	0.009946058059
34317	0.0008697287247
34318	0.005834026046
34319	0.003928329844
34320	0.0003460229967
34321	0.006424486568
34322	0.009714568673
34323	0.0008988088899
34324	0.001718541247
34325	0.001071361798
34326	0.008670620004
34327	0.0008938666018
34328	0.0005930073025
34329	0.003435373389
34330	0.01674078311
34331	0.004501584877
34332	0.01398059012
34333	0.006608917569
34334	0.009947741516
34335	0.0001248834493
34336	0.0122561311
34337	0.002047177212
34338	0.01442644662
34339	0.003650705202
34340	0.0202911392
34341	0.01257098608
34342	0.02050864207
34343	0.009547419843
34344	0.0002351297561
34345	0.006356318568
34346	0.001152100265
34347	0.004532547657
34348	0.001650889546
34349	0.0008782850239
34350	0.001086027963
34351	0.003877141084
34352	0.007356467198
34353	0.006722047224
34354	0.01526803109
34355	0.001332534382
34356	0.0009263107954
34357	6.744856752e-05
34358	0.002473540704
34359	0.002019895196
34360	0.003308223744
34361	0.01468872383
34362	0.02897513098
34363	0.001080514586
34364	0.004823395106
34365	0.005020421792
34366	0.002822107026
34367	0.004956016629
34368	0.001810716484
34369	0.0004821459634
34370	0.001967743456
34371	0.0002147232395
34372	0.008956612293
34373	0.01462578799
34374	0.008836051401
34375	0.003189277366
34376	0.01004492254
34377	0.01412018722
34378	0.005861447552
34379	0.0005406225448
34380	0.002521366639
34381	0.002637229883
34382	0.005997262339
34383	0.005725806615
34384	0.003046525088
34385	0.001977948165
34386	0.005725374125
34387	0.0004079916997
34388	0.002919279731
34389	0.0001353882484
34390	0.005999008375
34391	0.002495510934
34392	0.005991510863
34393	0.0008178439774
34394	0.002361108719
34395	0.000964165433
34396	4.455233668e-07
34397	0.005582614917
34398	0.0002789558092
34399	0.002400800325
34400	1.532344185e-06
34401	0.005725606845
34402	0.002221514306
34403	0.002903159359
34404	0.00346814471
34405	0.002626877133
34406	0.007013754388
34407	0.009750698849
34408	0.001137962902
34409	0.001849438667
34410	0.0007758748682
34411	0.005573967768
34412	0.005412158733
34413	0.004619121183
34414	0.01581250654
34415	0.001233729106
34416	0.005524628826
34417	0.000639974273
34418	0.0003629834162
34419	0.01402670155
34420	0.001755615394
34421	0.004859900222
34422	0.0002774093981
34423	0.01206217542
34424	0.0008008869485
34425	0.004070572409
34426	0.004153399479
34427	0.0001255456906
34428	0.002016250096
34429	0.008530774728
34430	0.003258599637
34431	0.003522143139
34432	0.01031962256
34433	0.01220450349
34434	0.001812429855
34435	0.0146745727
34436	0.004034352336
34437	0.0149562823
34438	0.006497322525
34439	0.009549260098
34440	0.007166720618
34441	0.001039610694
34442	0.009243936377
34443	0.005169142907
34444	0.008658231555
34445	0.0008835260935
34446	0.001524723726
34447	0.003872358954
34448	0.0008945545934
34449	0.006755259985
34450	0.003090018806
34451	0.006430030369
34452	0.005510069527
34453	0.002318472561
34454	0.0002151213655
34455	0.009597222489
34456	0.0222100919
34457	0.006524718997
34458	0.01006157459
34459	0.00408372323
34460	0.006556420357
34461	0.0007167804131
34462	0.01107978052
34463	0.005987741855
34464	0.0007149815799
34465	0.001298316163
34466	0.001859905569
34467	0.005594787102
34468	0.0213113196
34469	0.005610002802
34470	0.007814737102
34471	0.001152080289
34472	0.003582538864
34473	0.00400150817
34474	0.00606167078
34475	0.009576798858
34476	0.01182895655
34477	0.0003031275193
34478	0.004310387583
34479	0.008554955101
34480	0.01596106477
34481	0.001140383011
34482	0.008153455674
34483	0.00376759624
34484	0.00195181724
34485	0.001370826011
34486	0.005732378827
34487	0.003097769824
34488	0.003249909078
34489	0.008299264609
34490	0.01273642857
34491	0.00353545228
34492	0.002065707335
34493	0.01283149265
34494	8.311961887e-05
34495	0.0007608164089
34496	0.000685440868
34497	0.001241864976
34498	0.003514834786
34499	0.001595567249
34500	0.002481772362
34501	0.006293132922
34502	0.002354543983
34503	0.002078766721
34504	0.001855683579
34505	0.003540418252
34506	0.002517027986
34507	0.001436928674
34508	0.002863085737
34509	0.006318199439
34510	0.001135115115
34511	0.005896394754
34512	0.00624889673
34513	0.0002389450865
34514	0.002489142779
34515	0.003968228074
34516	0.004476327866
34517	0.009228968709
34518	0.005430092071
34519	0.0004915948422
34520	0.002299805293
34521	0.0004074344351
34522	0.01144082467
34523	0.002268674045
34524	0.002387638572
34525	0.00367829541
34526	0.008602813059
34527	0.002606024917
34528	0.003752358653
34529	0.001970256402
34530	0.004972475613
34531	0.007579333443
34532	0.006275708747
34533	0.005617130085
34534	0.001785843969
34535	0.001443814114
34536	0.004161089225
34537	0.001315197911
34538	0.005617758801
34539	0.001724974685
34540	0.00908786435
34541	0.001895199335
34542	0.004406507398
34543	0.0007149207427
34544	0.005032785194
34545	0.00659164542
34546	0.007838636249
34547	0.007325402375
34548	0.001877764136
34549	0.003551339028
34550	0.006339578805
34551	0.0005778714621
34552	0.01069950682
34553	0.003957969352
34554	0.009493239519
34555	0.00106679019
34556	0.002814603852
34557	0.001922859481
34558	0.002222840849
34559	0.003502466614
34560	0.008527161447
34561	0.002586938504
34562	0.00118918882
34563	0.005486239916
34564	0.001407223597
34565	0.002246619527
34566	0.0008025658909
34567	0.001842972477
34568	0.001462666689
34569	0.002685315271
34570	0.003647321793
34571	0.002223562939
34572	0.003048155719
34573	0.002913339879
34574	0.001308533553
34575	0.005934645753
34576	0.0004141106747
34577	0.005440825443
34578	0.009113070777
34579	0.005187035232
34580	0.001861844624
34581	0.001799789126
34582	0.004136166374
34583	0.001663053291
34584	0.0004896759329
34585	0.001246086868
34586	0.005766540003
34587	0.001221762628
34588	0.006268928823
34589	2.001636488e-05
34590	0.001928582254
34591	0.001741645323
34592	0.003093642597
34593	0.005487212567
34594	0.002827019466
34595	0.005649447169
34596	0.003245775276
34597	0.0002136459002
34598	0.005333418702
34599	0.002413592215
34600	0.0001876898898
34601	0.008101656166
34602	0.02008572219
34603	0.006233833457
34604	0.01068915903
34605	0.01864968139
34606	0.003844246122
34607	0.0013242003
34608	0.0002885947382
34609	0.006400931493
34610	0.005689491218
34611	0.002101286698
34612	0.004735055629
34613	0.006388388057
34614	0.001424279194
34615	0.002262277582
34616	0.005140571095
34617	0.004662945413
34618	0.005536040268
34619	0.008509990458
34620	0.003890981358
34621	0.01211957493
34622	0.009942561878
34623	0.004427275541
34624	0.0003237125833
34625	0.003630638921
34626	0.00395189013
34627	0.008532558898
34628	0.002842881263
34629	0.01414038954
34630	0.009531296756
34631	0.007609029486
34632	0.008172071658
34633	0.008395036553
34634	0.006485526494
34635	0.006681169496
34636	0.01640203683
34637	0.004466385572
34638	9.975331923e-05
34639	0.002776363577
34640	0.004131927981
34641	0.00832960151
34642	0.003250750394
34643	0.0008521923034
34644	0.005906600661
34645	0.002304719409
34646	0.01171599795
34647	0.00281951658
34648	0.003160234077
34649	0.007738329114
34650	0.0009166498981
34651	0.003534036287
34652	0.005741402383
34653	0.01037484275
34654	0.007140839751
34655	0.007076535645
34656	0.006194282426
34657	0.003058018986
34658	0.008142036435
34659	0.0004135481695
34660	0.00225562372
34661	0.01311487393
34662	0.0007953416534
34663	0.001970355643
34664	0.008588199574
34665	0.003457364522
34666	0.001476005831
34667	0.0006240527957
34668	0.002037527634
34669	0.002240299742
34670	0.004864444512
34671	0.00583292106
34672	0.001073415712
34673	0.002199358499
34674	0.009665252495
34675	0.00111506452
34676	0.00382370658
34677	0.003608129537
34678	0.0005043885592
34679	0.005695689536
34680	0.001495981773
34681	0.002028115234
34682	0.003512084032
34683	0.002076232684
34684	0.01502590916
34685	0.001825971163
34686	0.004691672782
34687	0.0008224400903
34688	0.005220700581
34689	0.002317053552
34690	0.006784003824
34691	0.006759510517
34692	0.003868434897
34693	0.01294527855
34694	0.00286027835
34695	0.003814933689
34696	0.008675262696
34697	0.009642711125
34698	0.00650761953
34699	0.004826710508
34700	0.00569979151
34701	0.00366166204
34702	0.0002473177157
34703	0.01093611743
34704	0.0008803699031
34705	0.002329585619
34706	0.002032604419
34707	0.004210913762
34708	0.004498901921
34709	0.0005691308172
34710	0.004743461234
34711	0.01006774764
34712	0.003562207681
34713	0.002932097172
34714	0.002527738364
34715	0.0001972812154
34716	0.006101388296
34717	0.001349685948
34718	0.003145292894
34719	0.006236924345
34720	0.003236946201
34721	0.004424678294
34722	0.01104121298
34723	0.01101230332
34724	0.001524715521
34725	0.002044173713
34726	0.000607209557
34727	0.005663662992
34728	0.0003825923015
34729	0.001862926425
34730	0.0008600407081
34731	0.003940752447
34732	0.007611540275
34733	0.0001325255356
34734	0.004252003641
34735	0.008325067075
34736	0.002000347355
34737	0.003973620068
34738	0.001108742158
34739	0.004282770225
34740	0.005701452502
34741	0.00232859003
34742	0.00373487337
34743	0.002525320368
34744	0.002070242328
34745	0.002918473951
34746	0.003952943163
34747	3.937291199e-05
34748	0.003941905975
34749	0.0006009892889
34750	0.0002440213887
34751	0.003130424245
34752	0.003287012032
34753	0.00184236612
34754	0.003142322822
34755	0.004335431099
34756	0.006005143096
34757	0.01251606095
34758	0.002552459219
34759	0.0114229566
34760	0.003385857393
34761	0.001530783052
34762	0.0009487594733
34763	0.003622955928
34764	0.007642808527
34765	0.007922266198
34766	0.01094079577
34767	0.004375767299
34768	0.002315897518
34769	0.005608818606
34770	0.0124589019
34771	0.01123046519
34772	0.006738358032
34773	0.001378795657
34774	0.000662692328
34775	0.003801637081
34776	0.0005467963653
34777	0.006150481632
34778	0.001856071332
34779	0.002774137579
34780	0.005684695791
34781	9.004903129e-05
34782	0.003014202049
34783	0.00120316661
34784	0.008214269435
34785	0.001395501858
34786	0.01530168983
34787	0.008501956243
34788	0.00717569916
34789	0.004409839603
34790	0.002747287931
34791	0.007057790124
34792	0.005486492568
34793	0.00116844309
34794	0.001674127763
34795	0.001075594262
34796	0.001217360377
34797	0.000259550033
34798	0.004618945318
34799	0.01327058746
34800	0.00113703173
34801	0.004220982221
34802	0.001683845512
34803	0.00202702402
34804	0.005210222958
34805	0.0003251916005
34806	0.002976071132
34807	0.01002876668
34808	0.009270453472
34809	0.00212185493
34810	0.007447795011
34811	0.0007116175473
34812	0.005919774996
34813	0.003140982657
34814	0.004157871491
34815	0.002727499129
34816	0.0008861989904
34817	0.001378157602
34818	0.002417448578
34819	0.002324104036
34820	0.003053040863
34821	0.001944334488
34822	0.006501647272
34823	0.003432444658
34824	0.000888841519
34825	0.0007261077873
34826	0.005220243206
34827	0.004623131846
34828	0.005290603523
34829	0.0001305554696
34830	0.007371506387
34831	0.01123614363
34832	0.01075427208
34833	0.003462579501
34834	0.004397421379
34835	0.0002578927149
34836	0.006209721718
34837	0.01074545634
34838	0.002117004118
34839	0.004353545864
34840	0.007438335347
34841	0.01126598465
34842	0.004243488795
34843	0.005216892801
34844	0.00847284321
34845	0.002564169703
34846	0.004108388228
34847	0.003219206225
34848	0.02318241162
34849	0.006218086258
34850	0.009446713802
34851	0.0009820097334
34852	2.488442821e-05
34853	0.002761869302
34854	0.007135119264
34855	0.00486989722
34856	0.0002020249278
34857	0.003437008978
34858	0.005444814106
34859	0.006735055435
34860	0.001548728727
34861	0.001984446605
34862	0.002116160161
34863	0.001907497831
34864	0.001164142175
34865	0.00345737863
34866	2.093215338e-05
34867	0.004766213665
34868	0.001037126208
34869	0.0006085659539
34870	0.001021927369
34871	0.002516265544
34872	0.004078048371
34873	0.001706543625
34874	7.174398364e-05
34875	0.0005358876466
34876	0.005481777015
34877	0.001392472325
34878	0.001746399948
34879	0.01376572908
34880	0.00896785633
34881	0.000328079047
34882	0.006951514847
34883	0.00725216546
34884	0.002942424514
34885	0.01086816622
34886	0.003692736292
34887	0.0004680613049
34888	0.006605206879
34889	0.002087308308
34890	0.005108710348
34891	0.01016347987
34892	0.002725301203
34893	0.004575403632
34894	0.002712652855
34895	0.003942873497
34896	0.003462531207
34897	0.01054794944
34898	0.002683791026
34899	0.0002381306964
34900	0.004674268833
34901	0.002122117198
34902	0.0003109273674
34903	0.006725615481
34904	0.006640449064
34905	2.053030088e-05
34906	0.0005024361121
34907	0.0004124404001
34908	0.0002849072892
34909	0.0007615307011
34910	0.0001428615019
34911	0.009658951196
34912	0.003270752157
34913	0.003151043321
34914	0.005892264077
34915	0.008743761558
34916	0.005663532721
34917	0.0006450377941
34918	0.0002443673021
34919	0.007588960699
34920	0.003460740901
34921	0.001437424934
34922	0.01404496982
34923	0.0008373997003
34924	0.0002890637225
34925	0.001338085132
34926	0.00084453041
34927	0.005973285277
34928	0.000892492009
34929	0.001732333064
34930	0.001948568571
34931	0.0001074080534
34932	0.002815784827
34933	0.002115588323
34934	0.002566392896
34935	0.004876788294
34936	1.267561664e-05
34937	0.007640415597
34938	0.005930398843
34939	0.004634076753
34940	0.0001053556078
34941	0.006415576334
34942	0.004331469012
34943	0.004648615876
34944	0.003326888646
34945	0.001926959673
34946	0.004643351859
34947	0.005067903637
34948	0.006450962779
34949	0.004946611972
34950	0.002610475013
34951	0.01161507929
34952	0.004454607004
34953	0.005840041816
34954	0.004644701467
34955	0.002889489869
34956	0.00522593851
34957	0.002335904962
34958	0.001425148599
34959	0.002073091912
34960	0.01388467205
34961	0.004861288544
34962	0.002594032552
34963	0.0031069108
34964	0.0035101121
34965	0.007819517553
34966	0.002659952796
34967	0.001690712041
34968	0.002793289003
34969	0.001057680047
34970	0.009682720281
34971	0.000828465175
34972	0.007737802754
34973	0.002895463505
34974	0.004674691256
34975	0.007844909675
34976	0.004779276526
34977	0.00178891798
34978	0.01791634111
34979	0.02014895929
34980	0.01258451538
34981	0.004006334508
34982	0.002594977846
34983	0.01274064195
34984	0.006114895794
34985	0.004566601491
34986	0.00812483389
34987	0.0022805927
34988	0.002233808107
34989	0.003613688421
34990	0.002799614675
34991	0.003717501896
34992	0.002725107264
34993	0.009915144269
34994	0.003622612147
34995	0.002400158519
34996	0.009902820031
34997	0.004080811201
34998	0.0005057019689
34999	0.005013923336
35000	0.007592775401
35001	0.001908010288
35002	0.002530459762
35003	0.00260000433
35004	0.008328986521
35005	0.000987983266
35006	0.008786324227
35007	0.0001057359984
35008	0.009429984165
35009	0.002089184068
35010	0.001886086813
35011	0.001269384062
35012	0.0008663658543
35013	0.009034115558
35014	0.007481153585
35015	0.0004634002234
35016	0.001273933437
35017	0.003474569104
35018	0.0003257036635
35019	0.009432092481
35020	0.002898254308
35021	0.02225774661
35022	0.004166891755
35023	0.01262492826
35024	0.003316997557
35025	0.00348277589
35026	0.004297347029
35027	0.0001158648327
35028	0.005370469676
35029	0.001893845692
35030	0.007329751133
35031	0.009539115649
35032	0.008749003092
35033	0.008404501932
35034	0.004226458227
35035	0.003318972746
35036	0.0004112604678
35037	0.001621134371
35038	0.001662117321
35039	0.001250667466
35040	0.009269446119
35041	0.008776563748
35042	0.0008736415683
35043	0.0009156859591
35044	0.006841656022
35045	0.005360928556
35046	0.0006013925106
35047	0.0009706759714
35048	0.009624668958
35049	0.001813833618
35050	0.0001329403259
35051	0.0005735140282
35052	0.01068277305
35053	0.008560822538
35054	0.002516132284
35055	0.0020608793
35056	0.0002514065251
35057	0.0001134893995
35058	0.001338440111
35059	0.0009404548216
35060	0.009372333225
35061	0.005403194664
35062	0.001001707988
35063	0.006826412425
35064	0.0002977017172
35065	0.0006587833723
35066	0.008046568324
35067	0.003748950295
35068	0.008926434401
35069	0.0003858746495
35070	0.0005608063625
35071	0.002948794489
35072	0.001783218913
35073	0.001925995851
35074	0.003381374983
35075	0.0004819386199
35076	0.0007556289988
35077	0.0006901242596
35078	0.006204470423
35079	0.0006558776877
35080	0.004132465394
35081	0.000205114024
35082	0.0001811441031
35083	0.0006339403451
35084	0.003364711033
35085	0.006697878689
35086	0.007935905654
35087	0.006820644325
35088	0.007303018422
35089	0.005271493859
35090	0
35091	0.001453213669
35092	0.00736056708
35093	0.002697719641
35094	0.004699270887
35095	0.007407243232
35096	0.01227661542
35097	0.0001937778089
35098	0.001272506009
35099	0.001129563766
35100	0.001408749326
35101	0.006899093815
35102	9.168558036e-05
35103	0.0007276671962
35104	0.005900820416
35105	0.0006328484289
35106	0.003796647988
35107	0.002342259268
35108	0.01224396607
35109	0.01863868794
35110	0.00396224583
35111	9.51851384e-05
35112	0.0007491118224
35113	0.003771194894
35114	0.003265863789
35115	0.001973970227
35116	0.001731880275
35117	0.009719538494
35118	0.0005252675021
35119	0.003543952504
35120	0.00652589839
35121	0.002253937157
35122	0.0003792200064
35123	0.0004827143244
35124	0.009587185899
35125	0.001297792079
35126	0.001196176921
35127	0.004302865419
35128	0.0004360465098
35129	0.00195531957
35130	0.001137640661
35131	0.004307838961
35132	0.001128326078
35133	0.005296884604
35134	0.001248131688
35135	0.001633043088
35136	0.008302693381
35137	0.001370052362
35138	0.02092177656
35139	0.004374348697
35140	6.68166641e-05
35141	0.000659168492
35142	0.001152161576
35143	0.001724014537
35144	0.001892951896
35145	0.001903443325
35146	0.003436014233
35147	0.0001543658777
35148	0.003109463321
35149	0.001694973157
35150	0.0003807616851
35151	0.001212308585
35152	0.0008002490505
35153	0.002473691296
35154	0.0005356346469
35155	0.001782843385
35156	0.002997905054
35157	0.001199713418
35158	0.001388456912
35159	2.133988733e-05
35160	0.001059472559
35161	0.0008584558559
35162	0.004732698053
35163	0.0009343240664
35164	0.002777014154
35165	0.003343545471
35166	0.002870774145
35167	0.005773604911
35168	0.003185403596
35169	0.001202824826
35170	0.001501818142
35171	0.01569557652
35172	0.004355141853
35173	0.001736828503
35174	0.0007336509428
35175	0.001690722136
35176	0.002171497079
35177	0.0004865420673
35178	0.001102590349
35179	0.003107231788
35180	0.002049663364
35181	0.0003797612088
35182	0.0006960043802
35183	0.01609116696
35184	0.004704020029
35185	0.004224358557
35186	0.003796528948
35187	0.003393492562
35188	0.005032537606
35189	0.002108225021
35190	0.002179813208
35191	0.001563927819
35192	0.0006995110213
35193	0.005511014171
35194	0.01073308217
35195	0.00757433904
35196	0.006001587612
35197	0.01244130305
35198	0.0005153161236
35199	0.0003715798214
35200	0.005575485059
35201	0.001446766832
35202	0.003355683631
35203	0.006331429449
35204	0.000186623611
35205	0.001953406171
35206	0.002815783363
35207	0.004843581182
35208	0.007796856656
35209	0.006763145955
35210	0.001166027949
35211	0.006526059807
35212	0.008652050704
35213	0.00316969393
35214	0.0009251994397
35215	0.002308517399
35216	0.0006545032649
35217	0.005536461872
35218	0.004211003086
35219	0.002579574044
35220	0.001909191914
35221	0.0005062591209
35222	0.0003170986941
35223	0.005371076351
35224	0.0114536126
35225	0.0008311453429
35226	0.001335651944
35227	0.0002088006923
35228	0.001547688176
35229	0.001419332997
35230	0.001195454927
35231	0.001221797431
35232	0.0008967349472
35233	0.0004949189033
35234	0.0006167952683
35235	0.004750561436
35236	0.0124889289
35237	0.0004189930851
35238	0.009346655074
35239	0.0005843248178
35240	0.0006429362004
35241	0.001711434685
35242	0.001502754928
35243	0.0006096127397
35244	0.01407915104
35245	0.009943111144
35246	0.006921173985
35247	0.0006731366364
35248	0.001133033488
35249	0.0004931533483
35250	0.0004879875192
35251	0.0006334505131
35252	0.001086653282
35253	0.005928768283
35254	0.0003744951116
35255	0.00138973193
35256	0.001430176909
35257	0.0004950160281
35258	0.001187939637
35259	9.188181665e-05
35260	0.0007259468165
35261	0.0004997092154
35262	0.0006378610514
35263	0.001571109724
35264	0.0006136135791
35265	0.001099121933
35266	0.0009202646435
35267	0.001046314881
35268	0.0005684680566
35269	0.005644836364
35270	0.0006204324233
35271	0.003795853758
35272	0.00492864453
35273	0.002040503755
35274	0.001042575279
35275	0.001232464418
35276	0.0001290001295
35277	0.0006558624632
35278	0.001552443253
35279	0.001846060311
35280	2.53506663e-05
35281	0.002718428841
35282	0.0001965050182
35283	0.001470276745
35284	0.0007221568755
35285	0.001416237554
35286	0.0009213866868
35287	0.005079330683
35288	0.0008574140217
35289	0.002018439937
35290	0.0001393240594
35291	0.001687341794
35292	0.001709968069
35293	0.0004875048395
35294	0.002140985877
35295	0.0001116103278
35296	9.156331723e-05
35297	9.98140885e-07
35298	0.001184093874
35299	0.0008727022843
35300	0.0121166168
35301	0.0009621247111
35302	0.0009336951893
35303	0.001178919296
35304	0.001079883713
35305	0.0006576755745
35306	0.0007119908696
35307	0.001250833981
35308	0.0004082513885
35309	0.0007472666145
35310	0.0008272131314
35311	0.001778759256
35312	0.002154041267
35313	0.0008561867534
35314	0.0002944918731
35315	0.001462550477
35316	0.0001080258668
35317	0.0004942858323
35318	0.0001030765548
35319	0.0006683930193
35320	0.001334593124
35321	0.002285364172
35322	0.001094072866
35323	0.000901902383
35324	0.0002372562872
35325	0.006515063307
35326	0.0004935376327
35327	0.001019613141
35328	0.001509561334
35329	0.002769044442
35330	0.001391193428
35331	0.0007655201273
35332	0.0004487780943
35333	0.000300035675
35334	0.0002981262022
35335	0.008860705351
35336	0.000655962486
35337	0.001269028383
35338	0.0004461302377
35339	0.0003656561145
35340	0.0003093301133
35341	0.001009414323
35342	7.754903392e-05
35343	0.002823619421
35344	0.0001768242692
35345	0.001108757287
35346	0.000799466395
35347	0.001350127814
35348	0.001004037716
35349	0.005535988771
35350	0.005595254054
35351	0.00121032191
35352	0.0007032071421
35353	0.01732610166
35354	0.009378438782
35355	0.009612446814
35356	0.01619760364
35357	0.009777167094
35358	0.003458462603
35359	0.002894060312
35360	0.003355800488
35361	0.003742468525
35362	0.006962246043
35363	0.003308756013
35364	0.0001558261077
35365	0.00384279853
35366	0.00157343098
35367	0.003131278589
35368	0.01235632073
35369	0.00141329081
35370	0.006563290363
35371	0.02142021778
35372	0.01203670263
35373	0.002129048593
35374	0.00178944161
35375	0.001800974981
35376	0.004825963194
35377	0.001614911967
35378	0.002826269333
35379	0.0004144368735
35380	0.001175979922
35381	0.003340241549
35382	0.001529209216
35383	0.001890215642
35384	0.005467074274
35385	0.007617278789
35386	0.001598211861
35387	0.007018678981
35388	0.004545041441
35389	0.006847235282
35390	0.001377353078
35391	0.02057394391
35392	0.01537332044
35393	0.01025652564
35394	0.01597157447
35395	0.003962922396
35396	0.001307065084
35397	5.998095195e-05
35398	0.008419236254
35399	0.01275005366
35400	0.001060023372
35401	0.0006210841272
35402	0.002281260427
35403	0.004160520772
35404	0.0002606364984
35405	0.002486983084
35406	0.002230050417
35407	0.0005985353442
35408	0.01017714937
35409	0.01576341311
35410	0.006459750997
35411	0.003688727646
35412	0.009377631455
35413	0.01610762526
35414	0.009139381565
35415	0.009977644412
35416	0.009225868501
35417	0.001326624057
35418	0.006055592688
35419	0.001895757219
35420	0.007241696307
35421	0.002931269468
35422	0.005233221427
35423	0.004646558582
35424	0.0005522491955
35425	0.001525050756
35426	0.002146810506
35427	0.01597694471
35428	0.001080977519
35429	0.004519774563
35430	0.006053764008
35431	0.005803702667
35432	0.007852722053
35433	0.001125636632
35434	0.0063900654
35435	0.0003438518934
35436	0.001453101472
35437	0.007386859886
35438	0.006989126242
35439	0.0187462494
35440	0.01373074766
35441	0.00173323261
35442	0.006362909475
35443	0.002404405732
35444	0.008148870387
35445	0.01443396029
35446	0.01573357589
35447	0.004317752971
35448	0.005989513128
35449	0.00968284116
35450	0.008241129821
35451	0.001704390456
35452	0.01333073681
35453	0.0003625399132
35454	0.002528441176
35455	0.003107921856
35456	0.002722836791
35457	0.01021768006
35458	0.001408533424
35459	0.004607881121
35460	0.0007729060367
35461	0.008605101119
35462	0.01565039368
35463	0.01495717306
35464	0.005264976811
35465	0.002981597282
35466	0.01313411927
35467	0.0009938800188
35468	0.006757092025
35469	0.001261719432
35470	0.006534051989
35471	0.0007729984032
35472	0.003356036774
35473	0.008496899923
35474	0.003540692711
35475	0.0041828457
35476	0.006675831613
35477	0.002789693129
35478	0.009215178761
35479	0.005169187303
35480	0.001427864298
35481	0.007756912296
35482	0.008237045357
35483	0.00414386923
35484	0.0009891047295
35485	0.005446093221
35486	0.007229161518
35487	0.001442923068
35488	0.0009685680253
35489	4.134334547e-05
35490	0.009273641895
35491	0.01572281612
35492	0.002705724854
35493	0.0007466815578
35494	0.007907588336
35495	0.0002324448958
35496	0.01349028664
35497	0.0006379721921
35498	0.01461433927
35499	0.00296025805
35500	0.006200017887
35501	0.001527139476
35502	0.002485007863
35503	0.002946792375
35504	0.0005813034658
35505	0.01005827631
35506	0.0127249485
35507	0.00305855426
35508	0.01468939091
35509	0.001319763959
35510	0.002219143764
35511	0.004574507123
35512	0.0005855999445
35513	0.002393084428
35514	0.002608651243
35515	0.002973178394
35516	0.002344373445
35517	0.003616081428
35518	0.002288881006
35519	0.0001406917481
35520	0.004707904845
35521	0.001014320921
35522	0.001867959551
35523	0.004278068536
35524	0.001240893506
35525	0.002079134937
35526	0.005672123245
35527	0.001611334226
35528	0.009034650545
35529	0.002424882496
35530	0.003414139143
35531	0.005219964713
35532	0.002987348036
35533	0.002180447308
35534	0.0004916098014
35535	0.003767503942
35536	0.004749187894
35537	0.003602124193
35538	0.001388579198
35539	0.004960112766
35540	0.001634457138
35541	0.01397650822
35542	0.003198073062
35543	0.003653011014
35544	0.005459671779
35545	0.004032875219
35546	0.0009832751781
35547	0.0094739547
35548	0.006281163159
35549	0.01428572809
35550	0.01126295937
35551	0.0007602394534
35552	0.001771475228
35553	0.0125859791
35554	0.004398480257
35555	0.001305542203
35556	0.005034286522
35557	0.0001545322379
35558	0.007559870974
35559	0.005223384585
35560	0.002584417721
35561	0.003012064075
35562	0.001673816591
35563	0.008893722051
35564	0.007143365781
35565	0.003758292974
35566	0.001812752371
35567	0.003027310293
35568	0.004569786397
35569	0.01061016966
35570	0.004943475986
35571	0.009464349703
35572	0.003178317462
35573	0.01131923638
35574	0.002245893164
35575	0.009456183633
35576	0.008535411714
35577	0.008487507514
35578	0.0009289751088
35579	0.01205919814
35580	0.00521807923
35581	0.006377145602
35582	0.005677701708
35583	0.0001974162594
35584	0.001649812482
35585	0.0013863376
35586	0.0005185436607
35587	0.0001098002719
35588	0.01694592331
35589	0.00625033059
35590	0.003052958362
35591	0.009532781205
35592	0.01265754316
35593	0.004248931216
35594	0.00927473521
35595	0.01363164786
35596	0.00815726969
35597	0.005241557996
35598	0.01047770174
35599	0.005370369681
35600	0.0005177562703
35601	0.008574872551
35602	0.008371988741
35603	0.00653433891
35604	0.00205576962
35605	0.0003742368112
35606	0.01455395716
35607	0.01428735775
35608	0.003789908241
35609	0.001658624969
35610	0.005119220211
35611	0.001641941717
35612	0.004078498259
35613	0.01747382341
35614	0.0003610579798
35615	0.009999103795
35616	0.002433889908
35617	0.006906633021
35618	0.00508713923
35619	0.003621302525
35620	0.003289535263
35621	0.005842085753
35622	0.0001942533781
35623	0.001320782843
35624	0.002348427076
35625	0.002256488524
35626	0.007172289536
35627	0.007359725532
35628	0.003317622607
35629	0.002763403908
35630	0.0007446897525
35631	0.007849548438
35632	0.0001616043127
35633	0.000416879345
35634	0.01176105725
35635	0.0003396151346
35636	0.002196244024
35637	0.001757458623
35638	0.01020200299
35639	0.001156279877
35640	0.002582218571
35641	0.006798175282
35642	0.001058997772
35643	0.0006350344992
35644	0.003230898531
35645	0.01016476107
35646	0.001421054289
35647	0.002031531686
35648	0.0007257754832
35649	0.002023305832
35650	0.002047445935
35651	0.00625730509
35652	0.000130221042
35653	0.002030747341
35654	0.002803767074
35655	0.004178906437
35656	0.002535694387
35657	0.001867049896
35658	0.003453411923
35659	0.001065960355
35660	0.002078689602
35661	0.01026499891
35662	0.003644599879
35663	0.001129517883
35664	0.0007459935379
35665	0.001295642242
35666	0.008441097707
35667	0.00209647204
35668	0.004957595583
35669	0.003658395783
35670	0.005087880785
35671	0.001854922811
35672	0.005008189523
35673	0.01130018388
35674	0.002148115389
35675	0.01022887161
35676	0.002988350245
35677	0.001701571617
35678	0.002007648403
35679	0.003050439557
35680	0.002602527675
35681	0.007501511394
35682	0.00306728493
35683	0.0004725283115
35684	0.0005741087269
35685	0.0009032649205
35686	0.001325155441
35687	0.0007840741424
35688	0.0006395323904
35689	0.0005867829674
35690	0.0006406091058
35691	0.001088535217
35692	0.001496009261
35693	0.0004478806048
35694	0.0008140345389
35695	0.000580947992
35696	3.571993687e-05
35697	0.0005157450776
35698	0.0006894659997
35699	0.002056488343
35700	0.000576417147
35701	0.0003070404624
35702	0.0003521752206
35703	0.0003831621614
35704	0.001187434796
35705	2.165393481e-05
35706	0.002214094608
35707	0.0006945630467
35708	0.0003394840115
35709	0.0001807185283
35710	0.000255633269
35711	4.866665725e-05
35712	0.0008611978519
35713	0.00966966639
35714	0.01070327596
35715	0.000526672847
35716	0.000134257399
35717	9.401072372e-05
35718	0.0001245949038
35719	0.0001464999695
35720	0.00053853496
35721	0.001206178135
35722	0.001475605165
35723	0.01097841993
35724	0.009771212227
35725	0.004105683608
35726	0.00383806472
35727	0.006218332125
35728	0.003161648307
35729	0.004084053731
35730	0.006394964335
35731	0.004465743701
35732	0.004417197942
35733	0.009774021214
35734	0.003420557082
35735	0.001797173007
35736	0.000954944995
35737	0.004040768253
35738	0.002252645043
35739	0.005271112262
35740	0.002849350895
35741	0.007228009299
35742	0.001521152755
35743	0.01064608205
35744	0.0002260402732
35745	0.008284933138
35746	0.0005611941357
35747	0.003308986336
35748	0.0007192764823
35749	0.0005263722585
35750	0.006225650741
35751	0.0009843747475
35752	0.0001875019456
35753	4.412545488e-05
35754	0.0003650441483
35755	0.00244706321
35756	0.0003266990205
35757	0.009449397672
35758	0.004083688513
35759	0.00120010183
35760	0.002972909852
35761	0.003155517414
35762	0.008732425072
35763	1.141097639e-05
35764	0.005363935352
35765	0.00732869101
35766	0.01429325361
35767	0.01745036737
35768	0
35769	0.002707793186
35770	0.001158308789
35771	0.002615515212
35772	0.01104672083
35773	0.003165173266
35774	0.007774035382
35775	0.005463346371
35776	0.003385437722
35777	0.004157304121
35778	0.006170574619
35779	0.0004509256216
35780	0.003494958194
35781	0.003268453763
35782	0.00491158097
35783	0.00730606667
35784	0.0102335911
35785	0.002720911146
35786	0.007916575838
35787	0.005757344564
35788	0.00229554779
35789	0.0004233732399
35790	0.006734467152
35791	0.001590170462
35792	0.003209327926
35793	0.006223100624
35794	0.0219836451
35795	0.009285062169
35796	0.003875291529
35797	0.001969638426
35798	0.006337448923
35799	0.001204513039
35800	0.008232354807
35801	0.005659031829
35802	0.001152677054
35803	0.00522427107
35804	0.00966538466
35805	0.001118547854
35806	0.002039239199
35807	0.002438421418
35808	0.002163853495
35809	0.008419062867
35810	0.002859389892
35811	0.001139443583
35812	0.006906544994
35813	0.002562477848
35814	0.01063414724
35815	0.002529655465
35816	0.002227905884
35817	0.001711515325
35818	0.001394684117
35819	0.0005813888513
35820	0.0004144463956
35821	0.0004901750265
35822	0.000642044848
35823	0.0001284708709
35824	0.002986396979
35825	0.001763526311
35826	0.0005499985648
35827	0.0003289018695
35828	0.005811718256
35829	0.01772530221
35830	0.001311900766
35831	0.000355872317
35832	0.0002086622292
35833	0.001520550369
35834	8.515038494e-05
35835	0.01569336625
35836	0.001674444427
35837	0.0109325859
35838	0.01015480337
35839	0.0005131297177
35840	0.002182020923
35841	0.008937770024
35842	0.005539907553
35843	0.0009415370062
35844	0.0007165458371
35845	0.003061921221
35846	0.002421649319
35847	0.003401632782
35848	0.000820048881
35849	0.00192857651
35850	0.01046520732
35851	3.246741477e-05
35852	0.002698339781
35853	0.0005452447991
35854	8.810851973e-05
35855	0.001410582572
35856	0.003978863217
35857	0.001527560596
35858	0.002718245559
35859	0.002513179675
35860	0.001536629799
35861	0.005934306962
35862	0.0006870086913
35863	0.001860241355
35864	0.003072758004
35865	0.002833777078
35866	0.005597821717
35867	0.004825958916
35868	0.000735873434
35869	0.002948821717
35870	0.001863750784
35871	0.01306940074
35872	0.008415821456
35873	0.001406959506
35874	0.001883519521
35875	0.002318164869
35876	0.006277323051
35877	0.003132195166
35878	0.002874623644
35879	0.0003234324016
35880	0.004501760704
35881	0.006676008828
35882	0.000167195888
35883	0.008327877507
35884	0.00159602252
35885	0.001077356722
35886	0.002272980228
35887	0.0003322569449
35888	0.0001676430665
35889	0.009964084596
35890	6.337461574e-05
35891	0.0002462575948
35892	0.02418054244
35893	0.01001911031
35894	0.001376148827
35895	0.004847974283
35896	0.0003510792576
35897	1.269895436e-05
35898	0.001260041916
35899	0.003171413301
35900	0.02104427826
35901	0.0008068143341
35902	0.000855469659
35903	0.0006570564402
35904	0.001103816005
35905	6.469959145e-05
35906	0.0007568095394
35907	0.004026774558
35908	0.001080047797
35909	0.0007333853177
35910	0.0001148766075
35911	0.0006352416346
35912	0.002571043355
35913	0.00153405798
35914	0.00032922922
35915	0.00041310969
35916	0.0008424222696
35917	0.0007131893421
35918	0.0002027200858
35919	0.001390362163
35920	0.005897626857
35921	5.979243942e-05
35922	0.0004572695612
35923	0.0007411474659
35924	0.004905133781
35925	0.003688955725
35926	0.004302091844
35927	0.001776220238
35928	0.004028878395
35929	0.004072120433
35930	0.0003898442118
35931	0.0006769897187
35932	8.916572578e-05
35933	0.001296071799
35934	0.000144876015
35935	0.02242882775
35936	0.0002448177546
35937	0.006379779
35938	0.001899012153
35939	0.000155109094
35940	0.01749241945
35941	0.001940421516
35942	0.003562564516
35943	0.0004322719805
35944	0.001948402017
35945	0.009364952607
35946	0.006546107948
35947	0.003337698594
35948	0.01238345493
35949	0.0001011675634
35950	0.001653712616
35951	0.001183564217
35952	0.0008709313078
35953	0.005246152414
35954	0.0001421571392
35955	0.004702966018
35956	0.0002944296544
35957	0.001826742424
35958	0.003489506309
35959	0.003609514264
35960	0.01270858117
35961	0.002026815839
35962	0.006585764622
35963	0.004051661904
35964	0.0001060881664
35965	0.00717237343
35966	0.006883629898
35967	0.001488667511
35968	0.002945102819
35969	0.0004588315736
35970	4.858520864e-05
35971	0.006585150806
35972	0.007515182763
35973	0.00713421627
35974	0.002604326341
35975	0.0001204573963
35976	0.003054647964
35977	0.003870716155
35978	0.003019784405
35979	0.01732083429
35980	0.000365395121
35981	0.004989527182
35982	0.005103241026
35983	0.003644985364
35984	0.01051325653
35985	0.008438755529
35986	0.006964784569
35987	0.00375287241
35988	0.003066635699
35989	0.009961926132
35990	0.003524062799
35991	0.002931224608
35992	4.55618753e-05
35993	0.007196708485
35994	0.001393250423
35995	0.000276086402
35996	0.0001403559285
35997	0.001412467686
35998	0.004353173781
35999	0.0002957298942
36000	0.0009270171143
36001	8.941642168e-05
36002	0.0003089416339
36003	0.002955555738
36004	0.007561789767
36005	0.01085017655
36006	0.002334985613
36007	0.0008994041292
36008	0.0002388525339
36009	0.001283713102
36010	0.0001441449222
36011	0.001669109482
36012	7.718858328e-05
36013	0.005104109282
36014	0.002876277817
36015	0.0005357567193
36016	0.001808075433
36017	0.005385482289
36018	0.001570646434
36019	0.0002648097462
36020	0.0004951825883
36021	0.0006478666344
36022	0.000528977545
36023	0.002681158567
36024	0.002786292334
36025	6.199151731e-05
36026	0.0001255703396
36027	0.002696619523
36028	0.0005053840192
36029	0.008814994262
36030	0.00374217756
36031	0.001352597315
36032	0.0004887868489
36033	0.0006301757274
36034	0.002532555925
36035	0.00560404566
36036	0.003500549854
36037	0.000533776908
36038	0.0003015124603
36039	0.004378568002
36040	0.0001833416275
36041	0.0007242828243
36042	0.006838525607
36043	4.234332847e-05
36044	0.003936478647
36045	0.001250193493
36046	6.216358126e-05
36047	0.001087214352
36048	0.001463183528
36049	0.005382552556
36050	0.002325331702
36051	0.004176735187
36052	0.0002331000125
36053	0.003217113953
36054	0.008919303887
36055	0.0002490360921
36056	0.0002732775812
36057	0.0002875065501
36058	0.001644288321
36059	0.003682700538
36060	0.004154153351
36061	0.003459896187
36062	0.006755401115
36063	0.01681333467
36064	0.001041324656
36065	0.0007277331076
36066	0.01222296065
36067	0.006438406548
36068	0.005484687465
36069	0.0005592165398
36070	0.006224164922
36071	0.001290512986
36072	0.002536455116
36073	0.001109910416
36074	0.0006429057277
36075	0.003266481119
36076	0.001638126126
36077	0.0005575417892
36078	0.004129157184
36079	0.0009654210991
36080	0.0041416326
36081	0.00128144437
36082	0.001099088142
36083	0.003131209408
36084	0.003287338075
36085	0.001961667333
36086	0.0008824967248
36087	0.009214012572
36088	0.0003778669112
36089	0.004981791688
36090	0.004160139051
36091	0.005487034154
36092	0.003941361963
36093	0.004142238873
36094	0.02140951203
36095	0.01177781905
36096	0.006483270071
36097	0.001154677529
36098	0.004266922244
36099	0.01141830684
36100	0.007276869598
36101	0.005573235945
36102	0.006077342437
36103	0.0008979994311
36104	0.00184445369
36105	0.009045018862
36106	0.003895425887
36107	0.003355874651
36108	0.006861440621
36109	0.003411835146
36110	0.01060552362
36111	0.01524205033
36112	0.0003399710777
36113	0.002996116851
36114	0.006974567804
36115	0.01332246311
36116	0.001597500865
36117	0.006884392131
36118	0.003229877123
36119	0.001721482251
36120	0.005155921889
36121	0.001113937877
36122	0.0002372887872
36123	0.0003521968814
36124	0.00866523295
36125	0.001327260626
36126	0.001213625834
36127	0.001035098307
36128	0.0008845949171
36129	0.004483604715
36130	0.002437474775
36131	0.006543801266
36132	0.002242776344
36133	0.0005102187505
36134	0.005619265697
36135	0.00387963544
36136	0.01077619985
36137	0.003750649241
36138	0.003881302979
36139	0.007887030311
36140	3.592200974e-05
36141	0.003014845148
36142	0.002397707217
36143	0.004300819247
36144	0.003442389224
36145	0.0004041723356
36146	0.009061559326
36147	0.001397964133
36148	0.003830826948
36149	0.001641504053
36150	0.002353284622
36151	0.003711837355
36152	0.00213108722
36153	0.001232755255
36154	0.001107872362
36155	0.001583595487
36156	0.003750168854
36157	0.006590787132
36158	0.008330601554
36159	0.006797367953
36160	0.002367763448
36161	0.003424582985
36162	0.000198865461
36163	0.001133130241
36164	0.002105778566
36165	0.002365203564
36166	0.005138224338
36167	0.001887275391
36168	0.002453759541
36169	0.006174674032
36170	0.004232733665
36171	0.003151099017
36172	0.003697620777
36173	0.003172693185
36174	0.002709005253
36175	0.003730215735
36176	0.003246993728
36177	0.003049032313
36178	0.000744653617
36179	0.002026157714
36180	0.001727895151
36181	0.001468906185
36182	0.003742856739
36183	0.009306726492
36184	0.001616278371
36185	0.005475578621
36186	0.0010004263
36187	0.001389174156
36188	0.004262523634
36189	0.002982289587
36190	0.001155281753
36191	0.0129760518
36192	0.005594968407
36193	0.0005555136432
36194	0.003107561524
36195	0.0001392625301
36196	0.001695255249
36197	0.01203861882
36198	0.001117408581
36199	0.01142433334
36200	0.009359695212
36201	0.007173924718
36202	0.009665543119
36203	0.002275840308
36204	0.00119340524
36205	0.005455648287
36206	0.003098612131
36207	0.01335744055
36208	0.006499168099
36209	0.009370591054
36210	0.01038490492
36211	0.005344092054
36212	0.00266280706
36213	0.01480031347
36214	0.01634927069
36215	0.006341214492
36216	0.01555215347
36217	0.005753652457
36218	0.009934981478
36219	0.006692028043
36220	0.001866084495
36221	0.01251678295
36222	0.00812049677
36223	0.004865285805
36224	0.002823403824
36225	0.01008953616
36226	0.004935331762
36227	0.002445263679
36228	0.00172489127
36229	0.002138288877
36230	0.003277571448
36231	0.003625226307
36232	0.004046034953
36233	0.0081636692
36234	0.007140899121
36235	0.004147255009
36236	0.009630670585
36237	0.005579414581
36238	0.02384721711
36239	0.008720132565
36240	0.00482930631
36241	0.001101911634
36242	0.009233697329
36243	0.002801958895
36244	0.01304541372
36245	0.00776582154
36246	0.01084446368
36247	0.004136541049
36248	0.01012659948
36249	0.01271518261
36250	0.005222981823
36251	0.01177326206
36252	0.002499899084
36253	3.135788465e-05
36254	0.001237150231
36255	0.002063798919
36256	0.004288738925
36257	8.264949232e-05
36258	0.009535835747
36259	5.315993206e-05
36260	0.004611575542
36261	0.001169453937
36262	0.003109455454
36263	0.008140102822
36264	0.01382501551
36265	0.006345306935
36266	0.003734536937
36267	0.0009231522911
36268	0.0002937374
36269	0.002715296185
36270	0.008570078474
36271	0.01473008519
36272	0.002136222142
36273	0.004933315223
36274	0.008472999871
36275	0.001269921843
36276	0.003050317431
36277	0.02230745743
36278	0.002855596115
36279	0.005586708724
36280	0.01441954391
36281	0.002095515016
36282	0.006972601947
36283	0.006722389579
36284	0.008496946872
36285	0.006465189809
36286	0.0001366361947
36287	0.004863122249
36288	0.0003512859825
36289	0.008414619082
36290	0.005072926293
36291	0.01020788368
36292	0.004628056158
36293	0.004550907709
36294	0.001418978243
36295	0.005539855931
36296	0.007295688883
36297	0.004340104897
36298	0.008228096452
36299	0.001319073825
36300	0.005760176159
36301	0.007766664432
36302	0.005394151525
36303	0.01178300657
36304	0.004552453713
36305	0.01269261036
36306	0.01221696421
36307	0.001014249229
36308	0.01459376295
36309	0.006796988405
36310	0.001733055524
36311	0.009856676503
36312	0.004316343932
36313	0.004821426157
36314	0.007194274177
36315	0.005817432704
36316	0.01372245137
36317	0.005225892373
36318	0.01183207743
36319	0.009799471769
36320	0.00178797598
36321	0.001616964506
36322	0.008954887487
36323	0.01040774549
36324	0.01819851291
36325	0.0004176766933
36326	0.001713627361
36327	0.001446820128
36328	0.00130123582
36329	0.001404084512
36330	0.001737375769
36331	0.0009963329746
36332	0.0003269353006
36333	0.001327515653
36334	0.001997642782
36335	0.005433381406
36336	0.01689960973
36337	0.0003011046755
36338	0.007635771659
36339	0.006711038831
36340	0.002802076119
36341	0.003124739535
36342	0.006855973144
36343	0.0009619083195
36344	0.006354175494
36345	0.0056966149
36346	0.00927159026
36347	0.003718260013
36348	0.01418456815
36349	0.002105755727
36350	0.005865533029
36351	0.003156434393
36352	2.373634911e-06
36353	0.003129708014
36354	0.01685774236
36355	0.001254466179
36356	0.001688273746
36357	0.005563149109
36358	0.0001946772826
36359	0.008747801061
36360	0.002574477856
36361	0.003736644742
36362	0.005464530956
36363	0.001828297423
36364	0.00249109595
36365	0.001604885265
36366	0.003791693295
36367	0.0006648946451
36368	0.00624803204
36369	0.0006515160676
36370	0.005351381042
36371	0.0007498958725
36372	0.003512914017
36373	0.003326583331
36374	0.01214284093
36375	0.004295463893
36376	0.005029648214
36377	0.0006741557171
36378	0.003594643149
36379	0.009603920675
36380	0.00391836749
36381	0.0005596218493
36382	0.00855587187
36383	0.005617861815
36384	0.0006821118464
36385	0.0019451359
36386	0.004393366393
36387	0.00312917318
36388	0.003707350645
36389	0.002858930705
36390	0.003054400108
36391	0.001478061999
36392	0.001848420855
36393	0.007043692374
36394	0.01151575275
36395	0.003399331898
36396	0.002302109119
36397	0.008623893358
36398	0.0003532006728
36399	0.003033750372
36400	0.003424561676
36401	0.001691048537
36402	0.0043578096
36403	0.005273817311
36404	0.00104558709
36405	0.003994494835
36406	0.001460604992
36407	0.004972092637
36408	0.003859077217
36409	0.005815255181
36410	0.001929908845
36411	0.0008092062287
36412	0.001739455278
36413	0.002858201451
36414	0.005163774827
36415	0.001525179131
36416	0.001653622714
36417	0.0001072048452
36418	0.007704525848
36419	0.02602977734
36420	0.005087434359
36421	0.005203326634
36422	0.00194812984
36423	0.002571920489
36424	0.0003349120168
36425	0.0008670919308
36426	0.0009384312099
36427	0.01616842829
36428	0.0005508242931
36429	0.001290800537
36430	0.0002266471116
36431	0.001902482468
36432	0.001168459357
36433	0.001047677837
36434	0.0004621013262
36435	0.0002987120912
36436	0.003266633513
36437	0.006108098624
36438	0.002692268786
36439	0.005321678756
36440	0.001345439523
36441	0.005585167183
36442	0.001504732664
36443	0.00383454751
36444	0.002197366564
36445	0.00481852158
36446	0.01189364105
36447	0.01915947302
36448	0.005577315791
36449	0.0131658357
36450	0.0003232870397
36451	0.001726861541
36452	0.001215101958
36453	0.001204446805
36454	0.002261578403
36455	0.00225902258
36456	0.0005230590618
36457	0.002821853847
36458	0.01106393493
36459	0.002292922511
36460	0.003072273943
36461	0.003160730546
36462	0.0008832321951
36463	0.002869085594
36464	0.0001907480145
36465	0.001278039193
36466	0.0007060418363
36467	0.001708088906
36468	0.0005389739738
36469	0.00422318127
36470	0.001409903263
36471	0.0001070473284
36472	0.00315497201
36473	0.001584350487
36474	0.002400230347
36475	0.002535705663
36476	0.001803270137
36477	0.002490598568
36478	0.001150312796
36479	0.003116792456
36480	0.001051549308
36481	0.001499323944
36482	0.005679041173
36483	0.002204755739
36484	0.00127087175
36485	0.002119106245
36486	0.0007982129302
36487	0.002107155537
36488	0.002526787366
36489	0.002505552163
36490	0.002648676487
36491	0.001080165339
36492	0.002043998171
36493	0.001376755861
36494	0.003877779929
36495	0.001192759784
36496	0.002077477212
36497	0.001413861872
36498	0.002112383878
36499	0.001977547519
36500	0.0005976338725
36501	0.002088220326
36502	0.00297680068
36503	0.00140785254
36504	0.0005776582121
36505	0.004547264453
36506	0.003562228586
36507	0.0009835440401
36508	0.001580311125
36509	0.001298643779
36510	0.002118178764
36511	0.00203405521
36512	0.000574431671
36513	0.002346443771
36514	3.537088442e-05
36515	0.001123222466
36516	0.0009229430471
36517	0.001250817425
36518	0.002736386206
36519	0.001649939584
36520	0.001680237879
36521	0.001985392529
36522	0.0003106646347
36523	0.004676480813
36524	0.003149981773
36525	0.002134077213
36526	0.000452893453
36527	0.0009849407085
36528	0.003374978686
36529	0.002053970835
36530	0.002196338189
36531	0.001105639993
36532	0.001212133919
36533	0.001984523208
36534	0.002252279355
36535	0.001734888932
36536	0.001733924483
36537	0.001369130979
36538	0.001986412999
36539	0.002506833923
36540	0.001089283829
36541	0.001941020913
36542	0.0013768357
36543	1.983837848e-05
36544	0.001112654021
36545	0.004825606253
36546	0.0001684840908
36547	0.0006084647835
36548	0.006498144244
36549	0.002144952341
36550	0.00290629693
36551	0.002090926227
36552	0.001224584166
36553	0.002396331306
36554	0.00147737173
36555	0.001227808794
36556	0.001866805429
36557	0.002807521475
36558	0.001542310368
36559	0.001209210347
36560	0.00223271483
36561	0.0007195303779
36562	0.001637224507
36563	0.003290522116
36564	0.0001083692338
36565	0.00389347556
36566	0.002068316516
36567	1.573337381e-05
36568	0.001814594194
36569	0.0005649210502
36570	0.002527500243
36571	0.001501320793
36572	0.0009798830688
36573	0.002643704333
36574	0.001746512286
36575	6.54009346e-05
36576	0.003121472268
36577	0.001862316651
36578	0.001897487925
36579	0.0007014020896
36580	8.896794199e-05
36581	0.001349010692
36582	0.002085740277
36583	0.002517592904
36584	0.002816773788
36585	0.003979594463
36586	0.002091238716
36587	0.003032166116
36588	0.002328656661
36589	0.001789421954
36590	0.0002886516779
36591	0.001257525707
36592	0.001785891562
36593	0.002491744071
36594	0.002405613165
36595	0.002370139642
36596	0.001258438409
36597	0.00168912748
36598	0.001499784047
36599	0.002278240678
36600	0.002194579244
36601	0.000644674561
36602	0.001816062406
36603	6.715725232e-05
36604	0.001838730061
36605	0.002415148221
36606	0.001307969624
36607	0.001515409409
36608	0.001647995786
36609	0.002590102118
36610	0.001648125407
36611	0.00130400568
36612	0.0004525912115
36613	0.001080349795
36614	0.001169507665
36615	0.002158985251
36616	0.001910977576
36617	0.001885908545
36618	0.001420609311
36619	0.001500161274
36620	0.001674552064
36621	0.00127066245
36622	0.0006242554782
36623	0.0007435338155
36624	0.00237077221
36625	0.003234387693
36626	0.0004690368155
36627	0.0008694511101
36628	0.0003103276744
36629	0.001489941755
36630	0.001967201398
36631	0.002357605266
36632	0.003487679433
36633	0.001707129498
36634	0.002645533622
36635	0.001797198546
36636	0.002549016413
36637	0.00289074948
36638	0.001127950555
36639	0.002923046996
36640	0.001790424451
36641	0.002386140886
36642	0.002089012214
36643	0.0006168489766
36644	0.0006216018579
36645	0.002527820633
36646	0.002725468837
36647	0.00102236755
36648	0.002404695732
36649	0.002074074097
36650	0.001752001822
36651	0.0008422309031
36652	0.000581007988
36653	0.0006307104555
36654	0.001674781042
36655	0.001082467125
36656	0.0007812747235
36657	0.00294988516
36658	0.001677847403
36659	0.002640526507
36660	0.0006268071108
36661	0.003118611918
36662	0.003354357599
36663	0.002851310041
36664	0.001734931236
36665	0.002126227638
36666	0.002301457371
36667	0.002506414104
36668	0.001875593304
36669	0.001893953816
36670	0.001224758083
36671	0.001535665097
36672	0.00135949466
36673	0.002420469506
36674	0.00105740082
36675	0.0008195187267
36676	0.001209278082
36677	0.0005396952597
36678	0.001905698839
36679	0.001374918981
36680	0.001097731604
36681	0.001755849201
36682	0.002268810051
36683	0.0008466977691
36684	0.001342575804
36685	0.001458704182
36686	0.001058096149
36687	0.004483791228
36688	0.0005824848968
36689	0.002093161745
36690	0.000160377195
36691	0.00167200277
36692	0.001801697413
36693	3.866620014e-05
36694	0.00180412288
36695	0.001871030848
36696	0.001663710334
36697	0.00126937082
36698	0.001580583108
36699	0.001332581656
36700	0.002659053881
36701	0.001396410379
36702	0.001391191567
36703	0.0003544366978
36704	0.001609217237
36705	0.0001606331813
36706	0.001121553153
36707	0.002498297416
36708	0.001854746851
36709	0.001626163563
36710	0.002137611905
36711	0.002475083124
36712	0.002503936113
36713	0.002825502597
36714	0.00170511548
36715	0.001346815221
36716	0.001705524998
36717	0.00105151384
36718	0.002440951201
36719	0.003252753354
36720	0.0002203627641
36721	0.001715901248
36722	0.001423264376
36723	0.0007174040108
36724	0.001808856451
36725	0.002282958923
36726	0.001895409291
36727	0.004789176268
36728	0.00192008287
36729	0.001878662232
36730	0.001815382995
36731	0.0003182766404
36732	0.001592012022
36733	0.002491312232
36734	0.0002799335352
36735	0.0008330083812
36736	0.001842582105
36737	0.001508095643
36738	0.002389811787
36739	0.001663407034
36740	0.002028659926
36741	0.001782263607
36742	0.0011705426
36743	9.692698004e-05
36744	0.002739368084
36745	0.0009384176299
36746	0.001352324281
36747	0.002408986055
36748	0.0003613917235
36749	0.001426340766
36750	0.001373224549
36751	0.001338242039
36752	0.0002171471132
36753	0.002742012883
36754	0.001996839912
36755	0.001272419128
36756	0.00241823159
36757	0.002462058984
36758	0.001056905553
36759	0.001145921317
36760	0.00163979079
36761	0.001401883765
36762	0.001471939659
36763	0.0021051826
36764	0.001408032773
36765	0.0005117782816
36766	0.0003431590848
36767	0.001267156395
36768	0.001568370333
36769	0.00227638229
36770	0.0004238425439
36771	0.002375935321
36772	0.0002686469301
36773	0.002668781279
36774	0.002233912312
36775	0.002035128448
36776	0.001402228808
36777	0.001562245376
36778	0.001550470029
36779	0.002226847692
36780	0.00287805661
36781	0.002351289119
36782	0.0002025317544
36783	0.002355714892
36784	0.001674580463
36785	0.003756981655
36786	0.003060188988
36787	0.001881988558
36788	0.001823273224
36789	0.001381553017
36790	0.002597297975
36791	0.002597625891
36792	0.001067385741
36793	0.002078915587
36794	0.001286265345
36795	0.003385832435
36796	0.001511055927
36797	0.002204761612
36798	0.002554127779
36799	0.0009335976063
36800	0.0009303178896
36801	0.001990689544
36802	0.0004409565198
36803	0.001729874286
36804	1.156581283e-05
36805	0.002406636158
36806	0.0006177751549
36807	0.0029078041
36808	0.002969492416
36809	0.001083875439
36810	0.001323502187
36811	0.001233941195
36812	0.001682578762
36813	0.0002146700775
36814	0.002208854297
36815	0.0006083545757
36816	0.002433910765
36817	0.002217692884
36818	0.001099624666
36819	0.001319541428
36820	0.0008169413667
36821	0.001883358307
36822	0.002760668732
36823	0.0009205223277
36824	0.001696294665
36825	5.824854083e-05
36826	0.002190325581
36827	0.001786923387
36828	0.002135292407
36829	0.001639158257
36830	0.00287743201
36831	0.001342828001
36832	0.001305322501
36833	0.0007659941887
36834	0.001076295274
36835	0.002585343013
36836	0.0008670201422
36837	0.002071950035
36838	0.0001323178169
36839	0.002042121567
36840	0.002792411258
36841	0.001120243845
36842	0.001510692529
36843	0.000574193103
36844	0.002037796643
36845	0.001235092651
36846	0.0002212884608
36847	0.0007495432712
36848	0.002546514981
36849	0.00390102072
36850	0.003632769762
36851	0.00180965319
36852	0.001960086106
36853	0.002216585453
36854	0.002934050083
36855	0.00150680754
36856	0.002430358664
36857	0.001168103774
36858	0.0006599771106
36859	0.001213041381
36860	0.002865095557
36861	0.001968896302
36862	0.001262196288
36863	0.002158361623
36864	0.001636756451
36865	0.0009612437104
36866	0.002267514318
36867	0.001790465506
36868	0.001820715794
36869	0.0009573206023
36870	0.001443123552
36871	0.001782931316
36872	0.001703943589
36873	6.565559789e-05
36874	0.001592542421
36875	0.002881191063
36876	0.0003020286156
36877	0.002903597154
36878	0.001739722621
36879	0.002112337549
36880	0.002702597016
36881	0.00907626422
36882	0.00956135916
36883	0.0005601330847
36884	0.003257041473
36885	0.01606461325
36886	0.00123608202
36887	0.003772843831
36888	0.009248170293
36889	0.008510727445
36890	0.01129078331
36891	0.008081951536
36892	0.007710212104
36893	0.0006476740235
36894	0.005829468968
36895	2.74627691e-05
36896	0.002202418086
36897	0.004842903271
36898	0.004458837949
36899	0.005839326145
36900	0.0001837890543
36901	0.003876977886
36902	0.005765651152
36903	0.0009581027632
36904	0.001584870597
36905	0.0006412957769
36906	0.0005113748258
36907	0.0009710994871
36908	0.0003182788695
36909	0.001515312679
36910	0.001357228168
36911	0.0004462250016
36912	0.0007678150629
36913	0.001343049345
36914	0.0009133107081
36915	0.0003944111049
36916	0.0008894169033
36917	0.0007170567836
36918	0.0006703959686
36919	0.0006221715134
36920	0.0003650261848
36921	0.0001741003663
36922	0.0009875851997
36923	0.003364832067
36924	0.0001032101261
36925	0.00151829632
36926	0.0008671092958
36927	0.002705475594
36928	2.560635639e-05
36929	8.784733974e-05
36930	0.000954197076
36931	0.001961376667
36932	0.000284976382
36933	0.0002430376275
36934	0.007288381021
36935	0.0009061439874
36936	0.001692462242
36937	0.002199600123
36938	0.0005579532519
36939	5.31517401e-05
36940	0.000820582507
36941	0.001170498126
36942	4.816322276e-05
36943	0.0002227768491
36944	0.0006334041804
36945	0.0002410579858
36946	0.0004719065086
36947	0.003201531115
36948	8.853697705e-05
36949	0.007397591231
36950	7.051866932e-05
36951	0.0004143074424
36952	0.001486151332
36953	0.000938234344
36954	0.001345315933
36955	0.001657134849
36956	0.001101082742
36957	7.547582554e-05
36958	0.00101229926
36959	0.0008308417441
36960	0.0004303176429
36961	0.0004750510013
36962	0.0009139278559
36963	0.002526111411
36964	0.002286247568
36965	0.001998424163
36966	0.002941721018
36967	0.0008758897584
36968	0.001738194835
36969	0.0007609853787
36970	0.001275188877
36971	0.002186168463
36972	0.001274547202
36973	4.298441639e-06
36974	0.0009702498039
36975	0.001612702123
36976	0.001573806226
36977	0.0005382861287
36978	0.003319662379
36979	0.000911418742
36980	0.001153263196
36981	0.0004990872467
36982	0.001487072141
36983	0.0009145075819
36984	0.0006515697855
36985	0.0001151159248
36986	0.002580701465
36987	0.007216336155
36988	0.001065964338
36989	0.002708792027
36990	0.002260629899
36991	0.01178810028
36992	0.001340661588
36993	0.000416566136
36994	0.001252063128
36995	0.0003054456526
36996	0.00136309788
36997	0.0005681359576
36998	0.003028340486
36999	0.000390583126
37000	3.457311612e-05
37001	0.003473070324
37002	0.005487336148
37003	0.0008248689573
37004	0.0006567005572
37005	1.997495021e-05
37006	0.001366129672
37007	0.0005915257802
37008	0.007046518374
37009	0.00522474013
37010	6.209150961e-06
37011	0.001151873653
37012	0.001213445032
37013	5.367409484e-05
37014	0.0001763595262
37015	0.001798319972
37016	0.0009543726309
37017	0.001617136692
37018	0.001839313787
37019	0.0006759296133
37020	0.003371012486
37021	0.0004356264793
37022	0.001160118517
37023	0.0003401704601
37024	0.005785076077
37025	0.001299230083
37026	0.006324821184
37027	0.0002507836714
37028	0.002078388417
37029	0.0006822679738
37030	0.003759855691
37031	0.0003917570209
37032	0.0008018752124
37033	0.002083831606
37034	0.0009279179862
37035	0.003283434772
37036	0.002745049206
37037	0.01196167913
37038	0.0003266845791
37039	0.001183409051
37040	0.0003078649472
37041	0.0006330202749
37042	8.813548339e-05
37043	0.001138874969
37044	9.492634497e-05
37045	0.0002796862273
37046	0.0003306874685
37047	0.001808551161
37048	0.0008460915331
37049	0.001811021077
37050	0.001581719735
37051	0.003619290214
37052	0.003693004227
37053	0.006863000148
37054	0.004382564778
37055	0.004132267064
37056	0.0003359716361
37057	0.0004527144177
37058	0.0006598484281
37059	0.0008621181213
37060	0.0006617695086
37061	0.0002191641899
37062	0.0007065229464
37063	0.0008895852729
37064	0.0009232089303
37065	0.0006926233058
37066	0.0002878701605
37067	0.001053670707
37068	0.0004415550395
37069	0.0007192374398
37070	0.0004486077352
37071	0.0005552374126
37072	0.0004108820144
37073	0.0003214174508
37074	0.0002083847648
37075	0.0008012427506
37076	0.0001623044881
37077	0.000560839472
37078	0.0004313067525
37079	0.001499900018
37080	0.001013127435
37081	0.006761673357
37082	0.008740969783
37083	0.0001461168499
37084	0.0008200258491
37085	0.004494154799
37086	0.001894816409
37087	0.0008280302732
37088	0.000798751415
37089	0.0002333333622
37090	0.0001929120537
37091	0.0003518039983
37092	8.989993447e-05
37093	0.006210864662
37094	0.0006378880863
37095	0.004912866009
37096	0.005778937426
37097	0.01546876639
37098	0.001738764251
37099	0.001923441571
37100	0.001101366216
37101	0.008705569749
37102	0.0009597926607
37103	0.003859019914
37104	0.006801294805
37105	0.01083295946
37106	0.00739277973
37107	0.008208242667
37108	0.002665290164
37109	0.009339245469
37110	0.001324360847
37111	0.002791848679
37112	0.0008667660661
37113	0.003466092674
37114	0.0007107493668
37115	0.0006661351305
37116	0.0001425638925
37117	0.01298831202
37118	0.0005084248273
37119	0.0009342314838
37120	0.007068687155
37121	0.007451718704
37122	0.001885054067
37123	0.006020330081
37124	0.01641584954
37125	0.003170747442
37126	0.0001254039261
37127	0.001093970079
37128	0.0001644513449
37129	0.0007730047874
37130	0.0030080837
37131	0.001111069194
37132	0.006316629531
37133	0.0002692091513
37134	0.001414312099
37135	0.001360597535
37136	9.526114183e-05
37137	0.004601499033
37138	0.008097712197
37139	0.0009725389519
37140	0.003320330996
37141	0.003771022512
37142	0.003237107451
37143	0.003539702146
37144	0.005669789924
37145	0.003230855651
37146	0.0002829859158
37147	0.0008024332732
37148	0.005375096156
37149	0.003357280337
37150	0.0001958108469
37151	0.0008833889902
37152	0.0004330353974
37153	0.0005438733999
37154	0.003171106033
37155	0.002821795036
37156	0.001259272592
37157	0.001096052413
37158	0.0003722788869
37159	0.001108762686
37160	0.0002846613537
37161	0.0002281886378
37162	0.0004364633657
37163	0.001694701024
37164	0.0002859965748
37165	0.001725944692
37166	0.00124659105
37167	0.0007712979
37168	0.0004314381804
37169	0.0002638226301
37170	0.000341391377
37171	0.002526103037
37172	0.001569653648
37173	0.0002961510856
37174	0.001889203486
37175	0.005119090895
37176	0.003762905514
37177	0.001187672765
37178	0.001811243209
37179	0.0006081491525
37180	0.0003193752863
37181	0.001603842142
37182	0.001339809335
37183	0.002754642911
37184	0.0004480233333
37185	0.002345388756
37186	0.000186968415
37187	0.003291922139
37188	0.0005014410098
37189	4.967204337e-05
37190	0.0002054150097
37191	0.0002354969886
37192	0.0005891667076
37193	0.001062899099
37194	0.0007977275337
37195	0.0005076686769
37196	0.0002623724498
37197	0.001652955868
37198	0.0006220002248
37199	0.00117800128
37200	0.0009077183897
37201	0.003023141944
37202	0.0003934046472
37203	0.000136565591
37204	0.00044310038
37205	0.0009014394757
37206	0.0005355607708
37207	0.0003228469481
37208	0.00283843747
37209	0.001737688414
37210	0.0009328709107
37211	0.001191613666
37212	0.001077951746
37213	0.0005085631592
37214	0.0003946511651
37215	0.002341941718
37216	0.001671080913
37217	0.001166644243
37218	0.0002382645406
37219	0.0002251931824
37220	0.0001143637966
37221	0.0005986080318
37222	0.0004461190592
37223	0.004324112539
37224	4.307609226e-05
37225	0.001086612278
37226	0.0003821599787
37227	0.0009642269753
37228	0.0004183625657
37229	0.001842402715
37230	0.0005201623426
37231	0.0004613743524
37232	4.911833332e-05
37233	0.0004931158805
37234	0.0003429091782
37235	0.00082411699
37236	0.001417393212
37237	0.0004405333674
37238	0.0001773198437
37239	0.002190723614
37240	0.0001235299355
37241	0.0011302128
37242	0.000905178974
37243	0.001442047147
37244	0.001426249536
37245	0.003972401664
37246	0.000570927588
37247	0.0007715590366
37248	5.66348804e-05
37249	0.002167020694
37250	0.0007430284682
37251	0.0002005716802
37252	3.680392484e-05
37253	0.002267404809
37254	0.0003607281394
37255	0.002206564757
37256	2.396185222e-05
37257	0.006533920779
37258	0.001540800713
37259	0.002900884413
37260	0.005136967573
37261	0.001323514417
37262	0.00132761686
37263	0.0006988096756
37264	0.0006984783051
37265	0.0006285680624
37266	0.0003310068921
37267	0.0006233489145
37268	0.001961888991
37269	0.0004589640985
37270	0.001000478401
37271	0.0002647522292
37272	0.0006476332471
37273	0.0004598521007
37274	0.0009088738317
37275	0.0004799812231
37276	0.002439535379
37277	5.242298491e-06
37278	0.0001322825086
37279	0.0003979928741
37280	0.005062348033
37281	0.004370502865
37282	0.0004741046323
37283	0.0003883463734
37284	0.0007372092982
37285	0.000482688219
37286	0.002364584093
37287	0.00154906774
37288	0.0002783259623
37289	0.0001196133651
37290	0.0008363204202
37291	0.0004334152568
37292	0.00126643682
37293	0.004861340454
37294	0.001075186068
37295	0.00100875384
37296	0.001714394362
37297	0.00990805995
37298	0.0048680729
37299	0.003484070397
37300	0.0003092521369
37301	0.001134324701
37302	0.0006020987423
37303	0.012351793
37304	0.001808665317
37305	0.00446565731
37306	0.0007913820361
37307	0.0007249530459
37308	0.0007809880221
37309	8.305676336e-05
37310	0.00133445067
37311	0.001625990503
37312	0.001217931849
37313	0.00144843413
37314	0.001485756723
37315	0.001505438809
37316	0.0004539254955
37317	0.0007954040933
37318	0.0005198271985
37319	0.00139077764
37320	0.0005373612827
37321	0.001113338285
37322	0.001228538886
37323	0.0002762548225
37324	0.002455576243
37325	0.0006274797012
37326	0.001810638985
37327	5.399126528e-05
37328	0.001954675807
37329	0.0007907377372
37330	0.0004978165717
37331	0.001510754335
37332	0.0001665413031
37333	0.0008434340952
37334	0.0009525798368
37335	3.91216746e-06
37336	0.0008576212611
37337	0.0006785060691
37338	0.000722900023
37339	0.001065724261
37340	0.0005126197062
37341	0.0004256839876
37342	0.001095011103
37343	0.001584323864
37344	0.0003880710591
37345	0.001216360177
37346	9.441275817e-05
37347	0.0003940048304
37348	0.00016595845
37349	0.0005998982554
37350	0.0001259986473
37351	0.001432358003
37352	0.001413402379
37353	0.001128022551
37354	0.001097900319
37355	0.0007294242831
37356	0.001310209234
37357	0.00222876116
37358	0.000207221295
37359	0.0009102525011
37360	0.0003254235069
37361	2.694983432e-05
37362	0.001257511738
37363	0.002236541887
37364	0.001475968776
37365	0.0005780168604
37366	0.0007520312127
37367	0.001039119152
37368	0.0002671966393
37369	0.001527907856
37370	0.009320396104
37371	0.001954265725
37372	0.006492848281
37373	0.002267957433
37374	0.0009560911484
37375	0.0002557261561
37376	0.0001426350165
37377	0.0002896057862
37378	0.001354977023
37379	0.001325980652
37380	0.001869793397
37381	0.0009595634933
37382	2.058029064e-05
37383	0.001913486068
37384	0.0003408145251
37385	0.0009512185626
37386	0.001403724487
37387	0.0008341956863
37388	0.001657822267
37389	0.001201785206
37390	0.001666207684
37391	0.007046155698
37392	0.006695201821
37393	0.01126691387
37394	0.009749503523
37395	3.005507705e-06
37396	0.0004929738899
37397	0.001625758127
37398	0.004200663372
37399	0.001778770894
37400	0.006182452582
37401	0.0133077015
37402	0.01512539215
37403	0.01760654779
37404	0.002644973595
37405	0.002971067366
37406	0.008973444158
37407	0.002790759595
37408	0.001806713246
37409	0.003977295188
37410	0.003789486623
37411	0.001846996886
37412	0.006825632061
37413	0.002493715567
37414	0.006582147277
37415	0.01794643147
37416	0.01359021464
37417	2.41398747e-05
37418	0.007576508461
37419	0.002561102073
37420	0.002857102721
37421	0.006722516146
37422	0.0005481993224
37423	0.001030733008
37424	0.004466154117
37425	0
37426	0.01267342362
37427	0.008198487936
37428	0.004432248457
37429	0.004992996737
37430	0.005425951175
37431	0.01261469985
37432	0.01830436815
37433	0.006425124371
37434	0.004327920082
37435	0.001272115571
37436	0.004821149386
37437	0.003768874389
37438	0.01778082788
37439	0.003381682612
37440	0.002932583651
37441	0.002253004143
37442	0.00614137893
37443	0.009977508671
37444	0.005405335175
37445	0.0009293153398
37446	0.01469770315
37447	0.01204605639
37448	0.001439576254
37449	0.003855250431
37450	0.005107717751
37451	0.003404372292
37452	0.005304378796
37453	0.005960338487
37454	0.01048046931
37455	0.001282636851
37456	0.0002665795199
37457	0.002205517865
37458	0.0006728679468
37459	0.0002606910058
37460	0.003144955891
37461	0.004683511316
37462	0.009424471838
37463	0.006327187978
37464	0.002741385119
37465	0.003873004661
37466	0.006216004587
37467	0.01985508732
37468	0.00117870775
37469	0.00272045963
37470	0.004483723839
37471	0.00844212896
37472	0.01025556268
37473	0.002065313187
37474	0.009993519617
37475	0.001207775912
37476	0.00215013494
37477	0.01399641341
37478	0.001659768501
37479	0.01451978091
37480	0.002004477442
37481	0.004393500341
37482	0.001694416569
37483	0.006200536816
37484	0.003250059809
37485	0.01252268538
37486	0.003791185409
37487	0.00411427556
37488	0.003895964258
37489	0.001973824477
37490	0.002111087752
37491	0.01231972019
37492	0.002913343444
37493	0.002928808808
37494	0.002077731687
37495	0.001770203937
37496	0.01134516559
37497	0.007427613865
37498	0.01459482686
37499	0.005046082873
37500	0.002339856725
37501	0.004498845963
37502	0.002591381585
37503	7.713319654e-05
37504	0.001362316176
37505	0.0005310296837
37506	0.002059825739
37507	0.01435460388
37508	0.005346594721
37509	0.0105997765
37510	0.005124299646
37511	0.00340579174
37512	0.002479369333
37513	0.008690087885
37514	0.00115051117
37515	0.0001897792852
37516	0.008216248172
37517	0.0052456548
37518	0.007848409956
37519	0.0008978402801
37520	0.00591527961
37521	0.001507859492
37522	0.000790973671
37523	0.002561669938
37524	0.0007683785259
37525	0.002666504381
37526	0.004081306789
37527	0.01146392382
37528	0.01359565368
37529	0.002253380323
37530	0.005243497874
37531	0.02011829648
37532	0.01558008485
37533	0.001949588876
37534	0.0009873792825
37535	0.009908676951
37536	0.000203943375
37537	0.0003315952157
37538	0.009747565689
37539	0.01521376515
37540	0.006441079447
37541	0.007847627241
37542	0.01645257582
37543	0.001039186171
37544	0.007922806518
37545	0.002957041137
37546	0.002275189074
37547	0.006673195259
37548	0.002304725583
37549	0.005117736126
37550	0.001684577023
37551	0.002654372452
37552	0.0008947539799
37553	0.01286361484
37554	0.0003831818125
37555	0.0001954793695
37556	0.008868336636
37557	0.005966718695
37558	0.00252935528
37559	0.004785515992
37560	0.006412374156
37561	0.002329618283
37562	0.01079019309
37563	0.01120283084
37564	0.003758083186
37565	0.009331700422
37566	0.002667852436
37567	0.006864987072
37568	0
37569	0.002471588776
37570	0.007193806633
37571	0.01103528277
37572	0.0005846188048
37573	0.00279178653
37574	0.01249580557
37575	0.002176109325
37576	0.008654877556
37577	0.004228397898
37578	0.007164280973
37579	0.008627957523
37580	0.009793412258
37581	0.007093288559
37582	0.001810001009
37583	0.01101560849
37584	2.613986968e-05
37585	0.002697037734
37586	0.0009919956164
37587	0.003248209182
37588	0.004432145819
37589	0.0002715174447
37590	0.001852514222
37591	0.003753014505
37592	0.001523271765
37593	0.005550822671
37594	0.004100480638
37595	0.004635802157
37596	0.003333817767
37597	0.001100506393
37598	0.005189177164
37599	4.477404323e-05
37600	0.003141516655
37601	0.007549321823
37602	0.009590901119
37603	0.004330081216
37604	0.002238278813
37605	0.01405220184
37606	0.001139262627
37607	0.0008166473394
37608	0.000270607044
37609	0.002419828315
37610	0.006486573802
37611	0.00829028426
37612	0.001901160261
37613	0.004943391259
37614	0.0003427348684
37615	0.002047705287
37616	0.002603472732
37617	0.006652421721
37618	0.003983627319
37619	0.00132018339
37620	0.0007535777041
37621	0.003534796761
37622	0.0001885046523
37623	0.001315336045
37624	0.004583725276
37625	0.002772010465
37626	0.00504084156
37627	0.0001371714841
37628	0.0008516423587
37629	0.006444819013
37630	0.005441771236
37631	0.001212428093
37632	0.0001553712834
37633	0.00133705978
37634	0.002205161561
37635	0.0006232426556
37636	0.002641154784
37637	0.0002343221542
37638	0.01145855277
37639	0.001431459959
37640	0.008845649442
37641	0.008367620967
37642	0.003845326779
37643	0.006001061042
37644	0.004390483663
37645	0.02123484072
37646	0.0007544788673
37647	0.01045954133
37648	0.001824783044
37649	0.0009142496975
37650	0.0009871367046
37651	0.0003975551936
37652	0.009560100113
37653	0.01399501054
37654	0.008074407381
37655	0.001295441629
37656	0.01391981411
37657	0.001820551441
37658	0.002403222152
37659	0.006177976787
37660	0.007130147976
37661	0.002978047767
37662	0.005476848528
37663	0.002348248056
37664	0.005065015733
37665	0.003578765028
37666	0.03089889158
37667	0.007139455571
37668	0.0139793506
37669	0.004689545217
37670	0.01383148856
37671	0.004415907259
37672	0.00675995378
37673	0.001398969467
37674	0.006763439898
37675	0.00298873582
37676	0.00801450681
37677	0.00445701565
37678	0.001675034689
37679	0.005540466238
37680	0.02387268892
37681	0.008061353229
37682	0.001015729493
37683	0.00268922582
37684	0.001118595049
37685	0.005248180251
37686	0.003303230351
37687	0.003660679775
37688	0.007221484186
37689	0.005107547177
37690	0.002022093504
37691	0.002941354439
37692	0.002061048983
37693	0.004153506961
37694	0.008084047635
37695	0.00930213258
37696	0.0005431622575
37697	0.007897860512
37698	0.008294937694
37699	0.003388330894
37700	0.01180602669
37701	0.003556128214
37702	0.01906023546
37703	0.003882974068
37704	0.0003951756415
37705	0.0005531421044
37706	0.01582527509
37707	0.01800739631
37708	0.006576243217
37709	0.005527534373
37710	0.01387039076
37711	0.007001671836
37712	0.002890978559
37713	0.00488384727
37714	0.007479258408
37715	0.0003951296878
37716	0.003781188058
37717	0.003629188992
37718	0.007130301006
37719	0.007256388948
37720	0.008858614793
37721	0.0003435070104
37722	0.0004216744189
37723	0.00308948041
37724	0.004960243451
37725	0.005045007038
37726	0.007925633187
37727	0.01349749562
37728	0.001918633294
37729	0.005349233669
37730	0.001651854778
37731	0.001818270232
37732	0.001537401967
37733	0.001246806849
37734	5.850207818e-05
37735	0.008462384112
37736	0.009651823349
37737	0.01177477199
37738	0.002278861791
37739	0.004472416988
37740	0.006167602426
37741	0.004255395843
37742	0.004739589899
37743	0.00608561269
37744	0.00945186098
37745	0.004934448225
37746	0.00166986249
37747	0.00117489375
37748	0.003484128708
37749	0.002332186781
37750	0.003497974479
37751	0.01072563627
37752	0.008187121409
37753	0.001558923991
37754	0.003718323005
37755	0.002840964137
37756	0.002656124358
37757	0.0004322347183
37758	0.0006562257843
37759	0.01016226704
37760	0.004751750824
37761	0.01372665577
37762	0.009235763721
37763	0.002440453345
37764	0.007444110543
37765	0.0008923699013
37766	0.00344061566
37767	0.006661742362
37768	0.001003755855
37769	0.001829088289
37770	0.008910113365
37771	0.004661964286
37772	0.01969539059
37773	0.001985362191
37774	0.005430559098
37775	0.005989867036
37776	0.01013760699
37777	0.02298899029
37778	0.0101925535
37779	0.004572422078
37780	0.0139030801
37781	0.004489830944
37782	0.007519588694
37783	0.002634207556
37784	0.004641980383
37785	0.01073892012
37786	0.008064970231
37787	0.0004979023235
37788	0.009132900947
37789	0.01052073976
37790	0.01754726624
37791	0.006258640673
37792	0.006803457695
37793	0.004473874346
37794	0.009739860321
37795	0.0003386679824
37796	0.009324962695
37797	0.01875456997
37798	0.005606663545
37799	0.0208933539
37800	0.004414445674
37801	0.008432692065
37802	0.001883180757
37803	0.00131048077
37804	0.02035688074
37805	0.01088868388
37806	0.01556703347
37807	0.002305943871
37808	0.0004421185481
37809	0.004969950809
37810	0.008534834198
37811	0.0015919716
37812	0.01123102651
37813	0.001124465013
37814	0.003802856113
37815	0.0003988232604
37816	0.009267462109
37817	0.001558428973
37818	0.009280970088
37819	0.006863698762
37820	0.007377559966
37821	0.0009653579963
37822	0.004392341738
37823	0.001317022677
37824	0.009882632956
37825	0.007196919324
37826	0.002055495939
37827	0.0001343831649
37828	0.008432844998
37829	0.009310209473
37830	0.002845133836
37831	0.004035253017
37832	0.001180368778
37833	0.0004787394506
37834	0.008643715232
37835	0.00180364216
37836	0.003773525769
37837	0.002080952678
37838	0.0005940005775
37839	0.006982921059
37840	0.0007402880325
37841	0.0004689800864
37842	0.0007476047418
37843	8.178798993e-05
37844	0.00382222473
37845	0.003246487288
37846	0.003981874481
37847	0.002741528228
37848	0.002805918779
37849	0.002881478382
37850	0.01189245941
37851	0.008479446457
37852	0.002234066407
37853	0.003415124863
37854	0.003282068931
37855	0.006603898542
37856	0.004467019281
37857	0.0122541405
37858	0.009631116955
37859	0.01241576538
37860	0.01148997568
37861	0.007513891342
37862	0.0009740778131
37863	0.008632816888
37864	0.0009559327831
37865	0.009544358343
37866	0.001847273446
37867	0.01610070462
37868	0.004007881257
37869	0.001096982898
37870	0.000865865545
37871	0.002186668168
37872	0.005703207083
37873	0.0002876366944
37874	0.003349923549
37875	0.001056536026
37876	0.01270297417
37877	0.0003777461167
37878	0.004769938426
37879	0.00378590584
37880	0.002164142085
37881	0.004047472714
37882	0.0007518564846
37883	0.0001433133747
37884	0.0006876107806
37885	0.001778775136
37886	0.0003777288975
37887	0.0003076638035
37888	0.001156577911
37889	0.001402040596
37890	0.008179551106
37891	0.0006676520161
37892	0.002062121109
37893	0.001970621344
37894	0.0006873550157
37895	0.001094966891
37896	0.0003872768123
37897	0.005518160204
37898	0.009904945728
37899	0.0001271461116
37900	0.002437121783
37901	0.001575343799
37902	0.002563248375
37903	0.003078436972
37904	0.0148035694
37905	0.001710078485
37906	0.007018343607
37907	0.01021154954
37908	0.009789868477
37909	0.002367069974
37910	0.005005442491
37911	0.004948624496
37912	0.0002067091607
37913	0.005940116706
37914	0.0006420964266
37915	0.0009761080326
37916	0.001144741386
37917	0.002593993169
37918	0.001118771338
37919	0.002858402022
37920	0.01305273344
37921	0.001054678687
37922	0.006279528922
37923	0.001608727505
37924	0.00287846457
37925	0.01500735262
37926	0.004016551873
37927	0.0005610958696
37928	0.01013303253
37929	0.003323515408
37930	0.01074721782
37931	0.0002742547828
37932	0.004514407504
37933	0.0002829451835
37934	0.00364547888
37935	0.007352726793
37936	0.002735769558
37937	0.0004138880379
37938	0.0002812668506
37939	0.0001417640172
37940	0.0004226657614
37941	0.0007119803409
37942	0.00460732017
37943	0.004768152398
37944	0.01141100248
37945	0.0218145703
37946	0.009412125414
37947	0.002372399012
37948	0.00385916406
37949	0.002631534126
37950	0.006802656103
37951	0.002163139016
37952	0.003653027392
37953	0.004857991601
37954	0.00506794827
37955	0.003323812372
37956	0.002545302027
37957	0.0001114923851
37958	0.003617044876
37959	0.005879767237
37960	0.0005631962893
37961	0.001747729308
37962	0.002580750261
37963	0.0015296971
37964	0.001956050174
37965	0.001348550068
37966	0.004855503306
37967	0.001057825236
37968	8.640681641e-05
37969	0.01274886213
37970	0.003588388233
37971	0.004756984112
37972	0.002947210495
37973	0.003196750311
37974	0.00554500229
37975	0.0101689899
37976	0.005391263099
37977	0.002846256797
37978	0.003447134861
37979	0.003680831099
37980	0.006229418755
37981	0.001896757142
37982	0.001660206669
37983	0.0003250230522
37984	0.001250399272
37985	0.007473389499
37986	0.003473171633
37987	0.000141414489
37988	0.002978425335
37989	0.004152121658
37990	0.01540616952
37991	0.00425528055
37992	0.00255532522
37993	0.001374237206
37994	0.01385078839
37995	0.001871794112
37996	0.006053273346
37997	0.002056144353
37998	0.001129170192
37999	0.0002804909343
38000	0.0001829515749
38001	0.0004796876346
38002	0.001661171191
38003	0.0007564026519
38004	0.002945775365
38005	0.0003225037769
38006	0.005733326421
38007	0.01286812469
38008	0.0064233656
38009	0.006479438392
38010	0.004028924729
38011	0.001099001158
38012	0.002371003264
38013	0.005289257591
38014	0.0009156098159
38015	0.0007895512903
38016	0.0007560914484
38017	0.00099299543
38018	0.002846553224
38019	0.006903287419
38020	0.0020841325
38021	0.002407581728
38022	0.001262591445
38023	0.01256071958
38024	0.003632695249
38025	0.00199136519
38026	0.008988451902
38027	0.001476084453
38028	0.003744997947
38029	0.000119012489
38030	0.0002766929328
38031	0.001810107947
38032	0.002072919841
38033	0.001324243308
38034	0.00352332561
38035	0.004313774663
38036	0.006242310498
38037	0.00172255634
38038	0.001334964673
38039	0.002289042504
38040	0.001133262161
38041	0.002341663038
38042	0.001444536928
38043	0.003197606222
38044	0.001716674522
38045	0.006583813616
38046	0.01340506833
38047	0.0009615724202
38048	0.001619323913
38049	0.0007263425092
38050	0.008098504235
38051	0.007062525781
38052	0.006681464114
38053	0.001745418112
38054	0.001653285329
38055	0.001291797581
38056	0.001630486402
38057	0.002480098726
38058	0.01701192214
38059	0.002652167038
38060	0.00497393562
38061	0.0003562521812
38062	0.003506206893
38063	0.000220952488
38064	0.0007209207264
38065	0.003887073981
38066	0.00622105631
38067	0.008158260371
38068	0.007037525926
38069	0.01930406462
38070	0.003015040853
38071	0.01292764447
38072	0.002631375516
38073	0.01043613863
38074	1.906619723e-05
38075	0.002653261276
38076	0.008621397585
38077	0.0006818647612
38078	0.001997432501
38079	1.615315817e-05
38080	0.002034137579
38081	0.002329935365
38082	0.001158480415
38083	0.0003127135253
38084	0.0006781249361
38085	0.001629312876
38086	0.00246590574
38087	0.0002328494498
38088	0.002667547163
38089	0.00152438022
38090	0.0005764756262
38091	0.001213417337
38092	0.003983266141
38093	0.003308831722
38094	0.001711429221
38095	0.001105857157
38096	0.02367542756
38097	0.001146402971
38098	0.001339111982
38099	0.005268417741
38100	0.01138438307
38101	0.006515596862
38102	0.01463339052
38103	0.002531788127
38104	0.002832194279
38105	0.006124803529
38106	0.002039273576
38107	0.008689249568
38108	0.0001375651699
38109	0.001628805937
38110	0.01896048937
38111	0.001733713806
38112	0.00167340639
38113	0.005707353464
38114	0.007485907822
38115	0.009186888929
38116	0.003025474402
38117	0.0063235859
38118	0.00723869583
38119	0.001520745868
38120	0.005766472257
38121	0.002286702577
38122	0.005765619571
38123	0.005738154731
38124	0.01308016677
38125	0.0009790811722
38126	0.001116898093
38127	0.002126679091
38128	0.005982512333
38129	0.005716195406
38130	0.002234465646
38131	0.004481085236
38132	0.002447161517
38133	0.001935078468
38134	0.0007319169653
38135	0.001113390459
38136	0.0008662203527
38137	0.0008460244249
38138	0.009112788374
38139	0.002384430243
38140	0.004752630039
38141	0.004476361877
38142	0.00891670142
38143	0.001116840926
38144	0.003819059696
38145	0.001053876712
38146	0.006937647907
38147	0.006658809327
38148	0.003552518565
38149	0.004799382459
38150	0.005675091419
38151	0.003278052106
38152	0.003036197814
38153	0.006700005205
38154	0.008011325926
38155	0.00512638182
38156	0.0008772671246
38157	0.0008873525502
38158	0.0209764783
38159	0.009084126448
38160	0.01487218802
38161	0.007045918191
38162	0.003423248775
38163	0.009463636117
38164	0.005476820104
38165	0.002162483588
38166	0.001450458189
38167	0.0009528068283
38168	0.003515997092
38169	0.003527056282
38170	0.005805678419
38171	0.01012170624
38172	0.001345479274
38173	0.009739275767
38174	0.00607997809
38175	0.000446889923
38176	0.01046270485
38177	0.003439579228
38178	0.0009346078563
38179	0.009576597802
38180	0.00277086564
38181	0.004183829192
38182	0.001054861939
38183	0.01518305211
38184	0.007944507057
38185	0.0005255817788
38186	0.00249645948
38187	0.01581231629
38188	0.005309575319
38189	0.002846287093
38190	0.003911115888
38191	0.01910940204
38192	0.0005205785625
38193	0.003174026194
38194	0.00159641293
38195	0.009775849512
38196	0.003755131707
38197	0.01040476305
38198	0.0126398947
38199	0.002631792395
38200	0.002254287693
38201	0.004989415582
38202	0.01419521505
38203	0.01120864907
38204	0.007590653365
38205	0.005659336809
38206	0.008080282852
38207	0.001262110092
38208	0.006807131711
38209	0.004935143322
38210	0.001993357979
38211	0.001173765011
38212	0.003623666193
38213	0.0005250975247
38214	0.0006524170488
38215	0.002717039113
38216	0.003776788913
38217	0.007301777437
38218	0.0008021495212
38219	0.005375869871
38220	0.00757669041
38221	0.006266356501
38222	0.00921176003
38223	0.01291107414
38224	0.005855664484
38225	0.009681430625
38226	0.01149306312
38227	0.0001947206254
38228	0.004515376079
38229	0.0008972149374
38230	0.000910120315
38231	0.001187519407
38232	0.01053464862
38233	0.006179896982
38234	0.0006091446339
38235	0.007765902083
38236	0.0002589343549
38237	0.01144180625
38238	0.001704759749
38239	0.006190684042
38240	0.0008026841805
38241	0.008239911793
38242	0.001273917479
38243	0.005961653836
38244	0.01044746366
38245	0.008519462573
38246	0.00805480447
38247	0.0005034488602
38248	0.008719387154
38249	0.01500118408
38250	0.003353326856
38251	0.005150156747
38252	0.001648073599
38253	0.0033546283
38254	0.01097158649
38255	0.002386903263
38256	0.001543638595
38257	0.003722976567
38258	0.000858378936
38259	0.00273715698
38260	0.001968208485
38261	0.0004932687453
38262	0.0005547314524
38263	0.01629012472
38264	9.596255631e-05
38265	0.009036425925
38266	0.004322512562
38267	0.003973990831
38268	0.001556538829
38269	0.001568709458
38270	0.007270128175
38271	0.02017725615
38272	0.003095113189
38273	0.002773977985
38274	0.002850535357
38275	0.0006290503396
38276	0.005651607703
38277	0.001408062551
38278	0.002844931674
38279	0.01653205086
38280	0.001257365619
38281	0.002900719342
38282	0.003221368043
38283	0.009121035466
38284	0.01217233484
38285	0.001985382215
38286	0.003462336253
38287	0.00288585391
38288	0.003627180149
38289	0.006926540881
38290	0.02051645074
38291	0.007461545706
38292	0.002983535419
38293	0.005983094929
38294	0.005502996331
38295	0.002586884507
38296	0.007658315886
38297	0.001394579909
38298	0.001967385478
38299	0.0007399748343
38300	0.00523486294
38301	0.001768582901
38302	0.0006057193773
38303	0.00268908922
38304	0.006897393719
38305	0.007606792051
38306	0.005271792013
38307	0.003329689538
38308	7.724747958e-06
38309	0.00221003056
38310	0.003915834175
38311	0.0003444921125
38312	0.003727048279
38313	0.005967424907
38314	0.002762142284
38315	0.002878753492
38316	0.0006807942565
38317	0.0006362562593
38318	0.004735593363
38319	0.008486746716
38320	0.00556636842
38321	0.0004754306775
38322	0.00317635238
38323	0.002476430389
38324	0.005885161987
38325	0.004720634882
38326	0.00444922531
38327	0.002274985575
38328	0.001768454089
38329	0.002870928099
38330	0.004858940739
38331	0.007520098443
38332	0.002082079617
38333	0.005606776679
38334	0.002741233555
38335	2.81458405e-05
38336	0.002502466349
38337	0.002192489958
38338	0.007723720646
38339	0.003724579012
38340	0.0118882499
38341	0.008314215041
38342	0.007176389265
38343	0.005219620066
38344	0.0002260096654
38345	0.006968745397
38346	0.005373774787
38347	0.001080492176
38348	0.0008292393041
38349	0.006154069089
38350	0.003143573851
38351	0.01395129471
38352	0.007374065991
38353	0.004874172878
38354	0.002953562232
38355	0.002037426653
38356	0.0009625288101
38357	0.0001275283111
38358	0.0002189669718
38359	0.003630047516
38360	0.0093423517
38361	0.005659728081
38362	0.0008528540368
38363	0.006142381967
38364	1.32291026e-05
38365	9.031013105e-05
38366	0.002978338842
38367	0.003092389898
38368	0.001979860485
38369	0.00358120523
38370	0.0004885261713
38371	0.0005747867754
38372	0.001264816584
38373	0.003071098193
38374	0.004115781633
38375	0.001792750327
38376	0.001664495182
38377	0.0009534965869
38378	0.004476276086
38379	0.004748559443
38380	0.01016717422
38381	0.005568137465
38382	0.001662647982
38383	0.003223485447
38384	0.002182126555
38385	0.0009841821195
38386	0.01048899642
38387	0.01005854159
38388	0.001764309935
38389	0.01749316259
38390	0.005273061469
38391	0.003241305564
38392	0.003702268941
38393	0.004084519297
38394	0.001139155084
38395	0.00582104213
38396	0.003376825666
38397	0.0001452451461
38398	0.0003759306327
38399	0.006489676122
38400	0.004290304091
38401	0.0006023408557
38402	0.003636239792
38403	0.001640119704
38404	0.00469954894
38405	0.003645150953
38406	0.00991821521
38407	0.0101542784
38408	0.001340714243
38409	0.005140331509
38410	0.00655680865
38411	0.001408793731
38412	0.001156455834
38413	0.0002407878455
38414	0.004835388564
38415	0.0001895584321
38416	0.001220863188
38417	0.0007151348402
38418	0.001903881692
38419	0.001457305853
38420	0.0009883573815
38421	0.003678032792
38422	0.0002256444744
38423	0.0007754724971
38424	0.0001842385518
38425	0.004218291695
38426	0.001563109925
38427	3.872447726e-05
38428	0.0008643125648
38429	0.003232564
38430	0.001864725731
38431	0.002404632187
38432	0.003330811323
38433	0.005052769814
38434	0.001624045959
38435	0.000827523915
38436	0.005670000667
38437	0.0002967361131
38438	0.001747167074
38439	0.01229505376
38440	0.003154357423
38441	0.01391646857
38442	0.005032639732
38443	0.002398529057
38444	0.003380709761
38445	0.001397361682
38446	0.0006650809503
38447	0.0005058701257
38448	0.002084563027
38449	0.005976261832
38450	0.002055226203
38451	0.01200903099
38452	0.0001617112909
38453	0.0006620537334
38454	0.002022778848
38455	0.002010593503
38456	0.009357147007
38457	0.006222844035
38458	0.01025118367
38459	0.00276577219
38460	0.008888168324
38461	0.008847959306
38462	0.004089550522
38463	0.001406464746
38464	0.001169541596
38465	0.004192664024
38466	0.002522378005
38467	0.005864660421
38468	0.004777809382
38469	0.01453238192
38470	0.0001497894664
38471	0.002289308446
38472	0.0004628826189
38473	0.001949340517
38474	0.0009821178934
38475	0.005595992916
38476	0.002937622173
38477	0.008625187139
38478	0.004213094251
38479	0.001726283639
38480	0.008233260203
38481	0.0009293596892
38482	0.007627334252
38483	0.000589572438
38484	0.003156625012
38485	0.004960934542
38486	0.00199734984
38487	0.0005002427514
38488	0.002373387007
38489	0.005196474952
38490	0.008959662741
38491	0.005982360192
38492	0.0002985166497
38493	0.001293345196
38494	0.002104632444
38495	0.002017807712
38496	0.002255766039
38497	0.001158697939
38498	0.003871006337
38499	0.002969093161
38500	0.003738049628
38501	0.003290847989
38502	0.001837857169
38503	0.007865486024
38504	0.0005009615121
38505	0.005438966314
38506	0.005813197529
38507	0.001338218599
38508	0.003043821858
38509	0.0009283560802
38510	0.005003715339
38511	0.001393244938
38512	0.004776534587
38513	0.006335441812
38514	0.006380899132
38515	0.02448445173
38516	0.001270474902
38517	0.0008825549251
38518	0.003256136125
38519	0.002983622005
38520	0.005626978677
38521	0.007471086702
38522	0.003817387867
38523	0.008943026892
38524	0.005176133236
38525	0.005330845058
38526	0.003086433946
38527	0.003265592982
38528	0.01085410853
38529	0.0003669676178
38530	0.00294062248
38531	0.005108949292
38532	0.008532157333
38533	0.00612431821
38534	0.002122974796
38535	0.004174710622
38536	0.001997866201
38537	0.00225971113
38538	0.001099131414
38539	0.005510821812
38540	0.001754405792
38541	0.003862894718
38542	0.0002921429067
38543	0.008010740561
38544	0.01110106121
38545	0.003082570697
38546	0.003072064793
38547	0.006732910825
38548	0.02187322229
38549	0.005164535155
38550	0.002529361861
38551	0.008932524812
38552	0.005517035123
38553	0.001286047944
38554	0.002335050836
38555	0.006301353177
38556	0.001588636725
38557	0.0009431643079
38558	0.008251462521
38559	0.0009093951799
38560	0.0004124513959
38561	0.0005231146316
38562	0.007816872475
38563	0.005625827477
38564	0.005266440703
38565	0.0009648546211
38566	0.005040715334
38567	0.002787649305
38568	0.004819469594
38569	7.579595354e-05
38570	0.001886646075
38571	0.004694516145
38572	0.001164231933
38573	0.0002764190786
38574	0.002504884313
38575	0.009922105383
38576	0.001594880202
38577	0.007037021172
38578	0.005046257293
38579	0.007896577897
38580	0.0008387039252
38581	0.0122126373
38582	0.005152244735
38583	0.001626793964
38584	0.0009771659835
38585	0.004740048016
38586	0.01723895225
38587	0.0008609660712
38588	0.01055489774
38589	0.001637442624
38590	0.00746016661
38591	0.008628028207
38592	0.001052774141
38593	0.00702393507
38594	0.0004522401077
38595	0.0005659176737
38596	0.02010514433
38597	0.003204136433
38598	0.001080956771
38599	0.0004879870975
38600	0.01200372205
38601	0.0001986578354
38602	0.002660523284
38603	0.007292294167
38604	0.0005673934557
38605	0.003930871297
38606	0.003785197012
38607	0.005979436701
38608	0.0003925631899
38609	0.001354065183
38610	0.001628711353
38611	0.005857290122
38612	0.001372446046
38613	0.005958656932
38614	0.002574454249
38615	0.01482537037
38616	0.001650980443
38617	0.001250719278
38618	0.0008823603817
38619	0.003543018105
38620	0.001147033089
38621	0.001697341162
38622	0.0009627436023
38623	0.001209961524
38624	0.001780133699
38625	0.001241716673
38626	0.0002661077214
38627	0.002485280571
38628	0.001212892278
38629	0.005982007806
38630	0.0002698003167
38631	0.001622280494
38632	0.001042474275
38633	0.01078798287
38634	0.0003513776388
38635	0.003168961931
38636	0.002536758546
38637	0.003302742433
38638	0.001724176645
38639	0.002552780143
38640	0.001015435139
38641	0.009888100653
38642	0.001383675213
38643	0.002557228545
38644	0.003595966124
38645	0.002270201227
38646	0.002893373743
38647	0.001569727762
38648	0.001497380813
38649	0.001170184954
38650	0.002070962813
38651	0.002667463736
38652	0.001002997524
38653	0.000772852405
38654	0.001764016953
38655	0.001730609857
38656	0.0004674701133
38657	0.00673687115
38658	0.003743899255
38659	0.00224144912
38660	0.002511783032
38661	0.00127393467
38662	0.001070855381
38663	0.004692633527
38664	0.005564541688
38665	0.003028569954
38666	0.001016805615
38667	0.001981632137
38668	0.00167498747
38669	0.004219092844
38670	0.002318159062
38671	0.007609424606
38672	0.002402242855
38673	0.002622197505
38674	0.002391682359
38675	0.001994526425
38676	0.001664432124
38677	0.01112858223
38678	0.003952370791
38679	0.007034117303
38680	0.003085521176
38681	0.0002940727906
38682	0.002047983778
38683	0.002430093764
38684	0.001753945944
38685	0.0003000099633
38686	0.00342255776
38687	0.0007595953741
38688	0.002584801929
38689	0.002074400334
38690	0.002989204395
38691	0.001601474062
38692	0.001754813875
38693	0.01303089349
38694	0.003453705756
38695	0.001265677046
38696	0.002679274665
38697	0.001282114324
38698	0.003208751
38699	0.005158968844
38700	0.003847089653
38701	0.001198105177
38702	0.007473761746
38703	0.003123996628
38704	0.002838717662
38705	0.00531313764
38706	0.004587562692
38707	0.001492089181
38708	0.001414479759
38709	0.0008903693176
38710	0.01963317263
38711	0.002432582104
38712	0.0009883498901
38713	0.00179033287
38714	0.01458317467
38715	0.00150539046
38716	0.003951846046
38717	0.006921544527
38718	0.002982689335
38719	0.003298833078
38720	0.001208703108
38721	0.0006490906292
38722	0.005385470887
38723	0.007276624174
38724	0.00132368053
38725	0.00343709961
38726	0.001090900675
38727	0.003939309393
38728	0.005573971558
38729	0.002030513478
38730	0.001708720836
38731	0.001837804072
38732	0.002056646473
38733	0.004837587502
38734	0.002052452514
38735	0.001281412197
38736	0.004736767292
38737	0.002625302698
38738	0.003240110828
38739	0.002408021976
38740	0.002066952105
38741	0.001205131322
38742	0.00179751592
38743	0.003066653845
38744	0.009818533906
38745	0.002476933331
38746	0.003306362962
38747	0.00139877128
38748	0.003168310849
38749	0.004729870844
38750	0.001956798991
38751	0.001680982558
38752	0.002375607796
38753	0.001956531383
38754	0.01538895702
38755	0.001850999922
38756	0.0129328474
38757	0.001452289194
38758	0.001609426378
38759	0.002333152241
38760	0.001337861965
38761	0.002722674275
38762	0.002819034467
38763	0.001470305455
38764	0.002423688071
38765	0.01033694976
38766	0.009373209557
38767	0.001641445359
38768	0.004188293467
38769	0.002334891473
38770	0.003475369206
38771	0.006440305086
38772	0.002144305563
38773	0.0004544463798
38774	0.002247857075
38775	0.0004936818113
38776	0.000854546895
38777	0.001643040476
38778	0.002487390352
38779	0.001988925958
38780	0.006771642602
38781	0.001037073636
38782	0.002723292819
38783	0.007765762706
38784	0.001137098567
38785	0.01189038266
38786	0.001061074803
38787	0.00189826078
38788	0.000678382354
38789	0.009998855921
38790	0.0008190667348
38791	0.00427589548
38792	0.009205941687
38793	0.001618784852
38794	0.008637394992
38795	0.00100383354
38796	0.01333434411
38797	0.00169009633
38798	0.001056280508
38799	0.01213176748
38800	0.0003542232025
38801	0.002241979936
38802	0.007188662356
38803	0.003031116097
38804	0.00287250244
38805	0.009488028151
38806	0.00409132728
38807	0.00749607773
38808	0.0008820334555
38809	0.0170605856
38810	0.006587800761
38811	0.003192663071
38812	0.001623620113
38813	0.002756805044
38814	0.002409082199
38815	0.00850026262
38816	0.001658304129
38817	0.003492000434
38818	0.0129140777
38819	0.002669493147
38820	0.003394759364
38821	0.001441233759
38822	0.00150319187
38823	0.002074842776
38824	0.0027933551
38825	0.002554668766
38826	0.001238767273
38827	0.001772501407
38828	0.001620540332
38829	0.002005373388
38830	0.00139380834
38831	0.00547289029
38832	0.003872730885
38833	0.0020737668
38834	0.001299086384
38835	0.001787458403
38836	0.002480133093
38837	0.001478840501
38838	0.003598224919
38839	0.0007667489323
38840	0.0002726823339
38841	0.001894223488
38842	0.0001001959517
38843	0.001611839074
38844	0.001456963622
38845	0.001113360329
38846	0.01408905558
38847	0.008056643886
38848	0.001554671353
38849	0.003183201548
38850	0.001791980287
38851	0.0109233012
38852	0.001532067367
38853	0.001849773053
38854	0.001509558139
38855	0.00411417253
38856	0.00432917131
38857	0.004089424678
38858	0.001551966194
38859	0.01319097787
38860	0.009873188915
38861	0.002783469792
38862	0.003108631915
38863	0.003393324751
38864	0.003376319299
38865	0.001760869538
38866	0.0001069474721
38867	0.003493859887
38868	0.002671945468
38869	0.0004264423297
38870	0.005649770679
38871	0.0004942062404
38872	0.001545167151
38873	0.001976420923
38874	0.001646097
38875	0.00297175505
38876	0.0001479967687
38877	0.006358664145
38878	0.000875964761
38879	0.001225312378
38880	0.008661170344
38881	0.0002825422265
38882	0.002823279961
38883	0.001491792157
38884	0.001145091071
38885	0.001124801909
38886	0.000532906352
38887	0.0009145388353
38888	0.0002537202796
38889	0.0002655951834
38890	0.0003991247032
38891	0.001387519694
38892	0.0005433737298
38893	0.0006185307504
38894	0.0008574846258
38895	0.0004225257708
38896	0.01052293273
38897	0.001776954199
38898	0.002405473698
38899	0.001741875987
38900	0.0009895753289
38901	0.0008047615638
38902	0.001082686729
38903	0.004500137243
38904	0.004635940125
38905	0.001311013687
38906	4.167529666e-05
38907	0.001370701907
38908	1.407268405e-05
38909	0.001053988771
38910	0.0004548372093
38911	0.005297225784
38912	0.001459387804
38913	0.00477583636
38914	0.002549395297
38915	0.003772605322
38916	0.0005421199698
38917	0.001029350759
38918	0.008319703192
38919	0.00656759317
38920	0.004120810703
38921	0.01081673388
38922	0.009062830916
38923	0.0008328537711
38924	0.0008812642741
38925	0.005099597077
38926	0.0001942348592
38927	0.009302745929
38928	0.000286150261
38929	0.0004488041482
38930	0.001207169279
38931	8.824097304e-05
38932	0.001276551073
38933	0.0002226006001
38934	0.0004923631646
38935	0.0004201708731
38936	0.01315384585
38937	0.0002337400316
38938	0.005164423064
38939	0.002061603594
38940	0.0010359176
38941	0.01104977572
38942	0.009814167991
38943	0.004820092656
38944	0.007161637253
38945	0.007922633375
38946	8.301493035e-05
38947	0.001120365369
38948	0.0006745328264
38949	0.0002815915377
38950	0.0009637254466
38951	0.001543444305
38952	0.000313357046
38953	0.001233866856
38954	7.625025625e-05
38955	0.001957293774
38956	1.984672333e-05
38957	0.0002682057905
38958	0.0009953798216
38959	0.002237875707
38960	0.00221936632
38961	0.0002986580296
38962	0.007189651721
38963	0.00111359225
38964	0.001176895818
38965	0.00333865227
38966	0.002050847393
38967	0.0002988192635
38968	0.002304894621
38969	0.005404403113
38970	0.002187436491
38971	0.007090322022
38972	0.001997578284
38973	0.01814507554
38974	0.002201782049
38975	0.00948483146
38976	0.01470583795
38977	0.000853617767
38978	0.01004605633
38979	0.01886729938
38980	0.007453485725
38981	0.007946645241
38982	0.003255901406
38983	0.008305048606
38984	0.00494501847
38985	0.006500913726
38986	0.002565171204
38987	0.002505204076
38988	0.001992096316
38989	0.007273508767
38990	0.01538325738
38991	0.005594329713
38992	0.009879575375
38993	0.01380547919
38994	0.01312566541
38995	0.003937700813
38996	0.005244145688
38997	0.008497143343
38998	0.02050355434
38999	0.009817492367
39000	0.01883227422
39001	0.02321636499
39002	0.004068120901
39003	0.001719394671
39004	0.0009522839895
39005	0.0004388403564
39006	0.0004854813555
39007	0.0040313579
39008	0.007833255543
39009	0.0003126275604
39010	0.0002006554187
39011	0.001047332364
39012	0.009458218279
39013	0.0006390727222
39014	0.0006235287404
39015	0.0004603219928
39016	0.0005690175102
39017	0.0001153981253
39018	0.0005477668219
39019	0.01114996543
39020	0.002977288821
39021	0.005385687881
39022	0.007621771264
39023	0.006720460479
39024	0.003161472272
39025	0.0002669443876
39026	0.01153991094
39027	0.009992184014
39028	0.004702080735
39029	0.01821968515
39030	0.005793350876
39031	0.01226551975
39032	0.008998873764
39033	0.003306687531
39034	0.004603355582
39035	0.004900009021
39036	0.001509699031
39037	0.01292300365
39038	0.004905536323
39039	0.00196910202
39040	0.006317103
39041	0.002464836272
39042	0.0003305855463
39043	0.01364359915
39044	0.004896475524
39045	0.01943005386
39046	0.00189939597
39047	0.006906056223
39048	0.01453502455
39049	0.01334683021
39050	0.01521856511
39051	0.01211867108
39052	0.005848524305
39053	0.008535444729
39054	0.008784645831
39055	0.006711052553
39056	0.001361443845
39057	0.002594984673
39058	0.0006477745186
39059	0.009619711192
39060	0.005240472503
39061	0.01482476838
39062	0.00987680086
39063	0.01430029403
39064	0.007524378348
39065	0.02063609383
39066	0.01932656575
39067	0.02392107288
39068	0.005328942959
39069	0.01097377647
39070	0.004470699747
39071	0.002576933305
39072	0.0005640396494
39073	0.008529251875
39074	0.001020636301
39075	0.0003093718857
39076	0.006941814531
39077	0.004743663915
39078	0.004072265267
39079	0.00312534538
39080	0.003935116
39081	0.0004727119811
39082	0.008717230501
39083	0.004009368369
39084	0.003534595885
39085	0.01076959807
39086	0.005196114017
39087	0.003014343132
39088	0.006969859908
39089	0.0003206505234
39090	0.001325704999
39091	0.002053736304
39092	0.0007561570787
39093	0.005662918691
39094	0.003554079882
39095	0.004314397305
39096	0.002638172875
39097	0.004477333942
39098	0.003053887226
39099	0.005489552914
39100	0.01678297546
39101	0.0001949788812
39102	0.001040975703
39103	0.01033224525
39104	0.004378755327
39105	0.01161343344
39106	0.0008024825467
39107	0.001110407902
39108	0.01597924637
39109	0.008054008862
39110	0.007566845579
39111	0.00728501852
39112	0.004172373078
39113	0.0007385698474
39114	0.000255957641
39115	0.00314641757
39116	0.0006103580555
39117	0.006841220022
39118	0.000751275997
39119	0.001058157518
39120	0.0033570924
39121	0.001175437669
39122	8.123973707e-05
39123	0.003406872734
39124	0.00838396532
39125	0.004028296011
39126	0.0007390709938
39127	0.002067438389
39128	0.006436007459
39129	0.00201264443
39130	2.723746446e-05
39131	0.001307565122
39132	0.0006720673039
39133	0.000550602015
39134	0.002111703058
39135	0.002482120812
39136	0.0009916523282
39137	0.002426261542
39138	0.0005925368719
39139	0.004620758616
39140	3.47822747e-05
39141	0.0003311931271
39142	0.0001103102515
39143	0.0008494554355
39144	0.0014414671
39145	0.000296046802
39146	0.005342042755
39147	0.0005279781479
39148	0.002709275631
39149	0.001594046738
39150	1.649540643e-05
39151	0.0007487222864
39152	0.001529789164
39153	0.0009041344698
39154	0.002323638645
39155	0.0002346537885
39156	0.0001492710195
39157	0.001074751755
39158	0.002750195927
39159	0.0006768877172
39160	0.0004274633018
39161	0.0002891173095
39162	0.002228385327
39163	0.0009345533096
39164	0.001130318604
39165	0.001812450273
39166	0.01241820413
39167	0.001031031158
39168	5.258555389e-05
39169	0.001238720214
39170	6.485531594e-05
39171	0.0008989123733
39172	0.0008891042334
39173	5.080290347e-05
39174	0.00128796807
39175	0.0002420602487
39176	0.0008016197087
39177	0.001229859256
39178	0.001158693706
39179	0.001755147386
39180	0.001784864667
39181	0.009836336502
39182	0.002012313389
39183	0.002114280281
39184	0.0009247990774
39185	0.01123243005
39186	0.005977178957
39187	0.001291782389
39188	0.001119761046
39189	0.002415107387
39190	0.0009128267447
39191	0.006733609362
39192	0.001185280378
39193	0.001620550417
39194	0.002367362667
39195	0.0009518000973
39196	0.003919248932
39197	0.0002006342151
39198	0.004329856677
39199	0.0001340249042
39200	0.0007152799839
39201	0.001618328709
39202	0.001237197906
39203	0.0006005939305
39204	0.002643336946
39205	0.0001493879897
39206	0.002196067043
39207	0.004843607288
39208	0.0009100160025
39209	0.001985317612
39210	0.002228532687
39211	0.01041133602
39212	0.005746567938
39213	0.004596207533
39214	0.0008331228932
39215	0.01678703518
39216	0.009658754077
39217	0.004626694922
39218	0.001489565906
39219	0.003124778961
39220	0.009039627753
39221	0.007954462262
39222	0.001643432105
39223	0.00211086253
39224	0.0007277641646
39225	0.001108742056
39226	0.002693788986
39227	0.0108284433
39228	0.002638371413
39229	0.0007210518856
39230	0.002379452937
39231	0.0006731083987
39232	0.01356977302
39233	0.007949773814
39234	0.002140196543
39235	0.00204007475
39236	0.004642781914
39237	0.008597035578
39238	0.005243978646
39239	0.004206542246
39240	0.002208796822
39241	0.001908204208
39242	0.002928291946
39243	0.001606971254
39244	0.001273696288
39245	0.0006488470564
39246	0.0008948983628
39247	0.005360161616
39248	0.001317035883
39249	0.0002635093808
39250	0.002938755632
39251	1.182688392e-05
39252	0.002574612794
39253	0.003762124656
39254	0.001864705555
39255	0.006226195771
39256	0.001764613697
39257	0.00236716942
39258	0.01512566438
39259	0.0006043465667
39260	8.538779674e-05
39261	0.0008673233788
39262	0.00338071185
39263	0.003190399341
39264	0.0005006684008
39265	0.001777579572
39266	0.001909718248
39267	0.002707519129
39268	0.002075912238
39269	0.0003232995852
39270	0.001306578725
39271	0.0001055020286
39272	0.001404373985
39273	0.001602675721
39274	0.001085865623
39275	0.02437851984
39276	0.0005025591319
39277	0.003689699745
39278	0.002979423887
39279	0.006795137586
39280	0.002772251284
39281	0.0007663737675
39282	0.004041359804
39283	0.001417853592
39284	0.004024754337
39285	0.0007740233312
39286	0.006291804647
39287	0.0009982140226
39288	0.001556919049
39289	0.02665081871
39290	0.0008617588313
39291	0.005785315824
39292	0.001073460317
39293	0.002470178422
39294	0.002511015816
39295	0.001557241796
39296	0.002362943582
39297	0.006296420104
39298	0.0002711952901
39299	0.002225110028
39300	0.001536870705
39301	0.002883349498
39302	0.009303195908
39303	0.0001531303038
39304	0.007599543588
39305	0.001339848367
39306	0.001236456006
39307	0.002735992512
39308	5.212711548e-05
39309	0.009228442909
39310	0.01255353543
39311	0.01496820788
39312	0.00237108563
39313	0.01023700223
39314	0.003728471129
39315	0.0004950234546
39316	0.0007929374791
39317	0.00154780231
39318	0.004632562211
39319	0.003023707235
39320	0.001378636115
39321	0.009555455132
39322	0.001171827095
39323	0.001954267056
39324	0.0001833150035
39325	0.006959022838
39326	0.004291881869
39327	0.003091935179
39328	0.003261207783
39329	0.01193522171
39330	0.002997679215
39331	0.004571224083
39332	0.01279521104
39333	0.001134429486
39334	0.001187715628
39335	0.000427813153
39336	0.003147785696
39337	0.002061569565
39338	0.002456676657
39339	0.0005634582094
39340	0.000238584396
39341	0.007646525262
39342	0.00282295179
39343	0.002401691486
39344	0.009542766113
39345	0.00378070585
39346	0.000575154509
39347	0.00368536052
39348	0.0009703961945
39349	0.002385875272
39350	0.002988576547
39351	0.002291216165
39352	0.002634580974
39353	0.005037770694
39354	0.0008066770431
39355	0.005348853908
39356	0.0008786410167
39357	0.004741559937
39358	0.0003589747224
39359	0.004449894175
39360	8.596907083e-05
39361	0.0006870335445
39362	0.007123815035
39363	0.001597437728
39364	0.004023850389
39365	0.003916462462
39366	0.002722722841
39367	0.000654008617
39368	0.000988094918
39369	0.007300599889
39370	0.007104542667
39371	0.002817455501
39372	0.004553854994
39373	0.01196392933
39374	0.00684221288
39375	0.00089969868
39376	0.005116955044
39377	0.004442964779
39378	0.01652188654
39379	0.01115399407
39380	0.01232253426
39381	0.001786682598
39382	0.0006190790057
39383	0.00288210308
39384	0.009100296931
39385	0.001077013112
39386	0.002871508464
39387	0.0007748893037
39388	0.001743810154
39389	0.001002952936
39390	0.002017095371
39391	0.006235872068
39392	0.007292333038
39393	0.01194915825
39394	0.008513314521
39395	0.01128273675
39396	0.0006027441487
39397	0.0004086435621
39398	0.001024641181
39399	0.0002235959777
39400	0.003949997656
39401	0.01708958285
39402	0.005226094237
39403	0.0004666565056
39404	0.002070585472
39405	0.003101888684
39406	0.002361152352
39407	0.009574472196
39408	0.004718160575
39409	0.003563736469
39410	0.0005211189112
39411	0.003558524703
39412	0.004155522264
39413	0.003163382852
39414	0.005453778433
39415	0.00842088776
39416	0.0003163673573
39417	0.01168540226
39418	0.01270876122
39419	0.008077042788
39420	0.002635679999
39421	0.006626249276
39422	0.007219831253
39423	0.00086736201
39424	0.009458339799
39425	0.000449357024
39426	0.001426342535
39427	0.002114187711
39428	0.008499942814
39429	0.007804419532
39430	0.001773806198
39431	0.004250673627
39432	0.01171430593
39433	0.004470743867
39434	0.0005794387276
39435	0.007784039867
39436	0.008064872509
39437	0.006189930407
39438	0.00244423845
39439	0.002529587193
39440	0.0009580902425
39441	0.001147361174
39442	0.007377570759
39443	0.009553693748
39444	0.008918606977
39445	0.002236232685
39446	0.01540984341
39447	0.01860393045
39448	0.006739780395
39449	0.0004512393915
39450	0.007768567267
39451	0.003864356285
39452	0.0004798799559
39453	0.003639418508
39454	0.01025006713
39455	0.005886308439
39456	0.004579971395
39457	0.001347579683
39458	0.01473182033
39459	0.00371273386
39460	0.009096227231
39461	0.005428238472
39462	0.006129109067
39463	0.00399433142
39464	0.002292819811
39465	0.0003422087319
39466	0.005054414685
39467	0.00265466922
39468	0.005465260545
39469	0.01266705525
39470	0.008661292915
39471	0.0002210933923
39472	0.01198685599
39473	0.009946520855
39474	0.01257421722
39475	0.005910178778
39476	0.001194626622
39477	0.003100352991
39478	0.002346351823
39479	0.00616816104
39480	0.01418894677
39481	0.003021894269
39482	0.01043131003
39483	0.009112913555
39484	0.008071279864
39485	0.003129922526
39486	0.01237985666
39487	0.0002276059677
39488	0.01087390867
39489	0.0002961561994
39490	0.01118476714
39491	0.004952056481
39492	0.01247903611
39493	0.007513464787
39494	0.005214558067
39495	0.001901351312
39496	0.01475659399
39497	0.003367791205
39498	0.005390764605
39499	0.003803729421
39500	0.001747460014
39501	0.009062761693
39502	0.005900280711
39503	0.001128855528
39504	0.003689102291
39505	0.003169633556
39506	0.007708954301
39507	0.0009475982882
39508	0.002046828221
39509	0.007674225036
39510	4.421030704e-05
39511	0.01198135866
39512	0.003174314113
39513	0.007237446581
39514	0.0009663214792
39515	0.006296615704
39516	0.002377536344
39517	0.009119174234
39518	0.000915345785
39519	0.002811379597
39520	0.005540300921
39521	0.007501815605
39522	0.002219263008
39523	0.005179541419
39524	0.0006588404243
39525	0.002853401518
39526	0.005181442787
39527	0.001800519677
39528	0.000827758647
39529	0.00841035814
39530	0.0001073419342
39531	0.005215089824
39532	0.004386432284
39533	0.0008867782916
39534	0.002997554676
39535	0.002623556266
39536	0.000207539755
39537	0.004633468543
39538	0.01068920014
39539	0.004213220624
39540	0.01435969625
39541	0.001294843306
39542	0.008460905638
39543	0.01046141163
39544	0.006358651372
39545	0.004775813944
39546	0.002703966886
39547	0.0002772586794
39548	0.0008949638155
39549	0.01600418322
39550	0.01270873736
39551	0.001165307823
39552	0.0001834072799
39553	0.001013877523
39554	0.01059065619
39555	0.001001055096
39556	0.002498294376
39557	0.001410811286
39558	0.00298487691
39559	0.003012230965
39560	1.566685986e-05
39561	0.009469065888
39562	0.001440501884
39563	0.004177447962
39564	0.003294136341
39565	0.005114011552
39566	0.0003924314277
39567	0.0005694807438
39568	0.009116350897
39569	0.0009258700385
39570	0.006375201223
39571	0.0008785854877
39572	0.002318591086
39573	0.0008112713191
39574	0.004852595582
39575	0.00870448335
39576	0.0005785076812
39577	0.004936398955
39578	0.001219515036
39579	6.697144888e-05
39580	0.0003667920281
39581	0.01428511958
39582	0.01234120314
39583	0.02488807583
39584	0.008848996514
39585	0.002353426073
39586	0.0108536164
39587	0.0008637254124
39588	0.003827163758
39589	0.0001258815214
39590	0.01087829958
39591	0.001629768729
39592	0.001476927959
39593	0.0007040974285
39594	0.008042462286
39595	0.00803912817
39596	0.008168384247
39597	0.008835745187
39598	0.01713147898
39599	0.002765759793
39600	0.001083578934
39601	6.364997959e-05
39602	0.01177449954
39603	0.01134757389
39604	0.01373721361
39605	0.002653173635
39606	0.00309782011
39607	0.0001615001706
39608	0.00244298029
39609	0.004905271127
39610	0.01394794571
39611	0.001765998397
39612	0.001782941193
39613	0.003761137979
39614	0.003207429976
39615	0.003030772407
39616	0.005151337017
39617	0.001025865654
39618	0.001468550106
39619	0.0009085375516
39620	0.009237917295
39621	0.008847069679
39622	0.003609116678
39623	0.001765406807
39624	0.009116283119
39625	0.0004198325862
39626	0.006401268698
39627	0.01221796426
39628	0.0002235493749
39629	0.0009122561588
39630	0.0005593929825
39631	0.0006911849644
39632	0.003409518502
39633	0.001996407976
39634	0.001741742326
39635	0.007565689015
39636	0.004066652628
39637	0.002035109236
39638	0.006508323129
39639	0.007141562454
39640	0.003639033147
39641	0.002690048232
39642	0.002835605139
39643	0.007517965033
39644	0.0005995027513
39645	0.0004818299511
39646	0.001215690426
39647	0.001666365832
39648	0.01060686849
39649	0.001719668327
39650	0.006335338434
39651	0.005061864127
39652	0.005439546495
39653	0.0001245629306
39654	0.003311739415
39655	0.004298533588
39656	0.001422489701
39657	0.004061939022
39658	0.002685157361
39659	0.001280629957
39660	0.0004630552603
39661	5.477027077e-05
39662	0.01189585943
39663	0.00118712632
39664	0.01885617936
39665	0.005026282301
39666	0.001424266825
39667	0.0002868644696
39668	0.0005939949664
39669	0.006533769314
39670	0.008016018787
39671	0.0008991257836
39672	0.0002448300491
39673	0.001651781127
39674	0.0004184779604
39675	0.0009112947046
39676	0.002555331336
39677	0.008716969242
39678	0.001178670487
39679	0.00258740526
39680	0.01423772034
39681	0.006749929063
39682	0.01047951125
39683	0.003962451924
39684	0.006608297566
39685	0.006467602148
39686	0.004429688791
39687	0.0005359863574
39688	0.004048339091
39689	0.0008928591927
39690	0.002329564913
39691	0.008198090807
39692	0.00686650043
39693	0.001177600318
39694	0.006208091895
39695	0.01140195988
39696	0.008332065945
39697	0.001730669157
39698	0.003651272073
39699	0.0006362477787
39700	0.009860632347
39701	0.002606109619
39702	0.00781263957
39703	0.01578760427
39704	0.002875463718
39705	0.01126834553
39706	0.01990265317
39707	0.0051304801
39708	0.005113850512
39709	0.0002983922234
39710	0.00136488326
39711	0.00513716263
39712	0.0008582142119
39713	0.004240807263
39714	0.003650436575
39715	0.01284954872
39716	0.00526177863
39717	0.009083263234
39718	0.01526145128
39719	0.0001007188593
39720	0.008288238585
39721	0.006606796013
39722	0.002849739329
39723	0.002249576795
39724	5.475659794e-05
39725	0.006494100429
39726	0.002884417605
39727	0.004246812505
39728	0.001289031333
39729	0.002472715818
39730	0.001735898028
39731	0.00242446034
39732	0.009827857386
39733	0.001638450731
39734	0.004336616828
39735	0.0009100055072
39736	0.003133146952
39737	0.005243461007
39738	0.004589248402
39739	0.004343957299
39740	0.007058118285
39741	0.0004056391701
39742	0.001538987077
39743	0.005356594841
39744	0.001093329044
39745	0.004596990586
39746	0.003012694622
39747	0.005103324552
39748	0.001041566795
39749	0.01029549945
39750	0.01271486712
39751	9.022278587e-05
39752	0.0009696785396
39753	0.001372018134
39754	0.01731147657
39755	0.01288848956
39756	0.0004717518443
39757	0.001379716365
39758	0.000953432482
39759	0.002567494642
39760	0.005453990136
39761	0.012678327
39762	0.0009263145333
39763	0.0008422813139
39764	0.0156741905
39765	0.006504643747
39766	0.001443279824
39767	0.0003202329824
39768	0.003631361883
39769	0.007918825369
39770	0.002330202262
39771	0.01169474161
39772	0.005561784263
39773	0.01216736915
39774	0.0001748867368
39775	0.001251340953
39776	0.00678215884
39777	0.01153821947
39778	0.006727537391
39779	0.001723276021
39780	0.002942149585
39781	0.01691384258
39782	0.001486734848
39783	0.002520198362
39784	0.006106757717
39785	0.0001394190101
39786	0.01071834135
39787	0.001695498257
39788	0.004893284891
39789	0.001644167605
39790	0.004067957159
39791	0.004321801156
39792	0.004596674604
39793	0.01065907797
39794	0.004300418884
39795	0.001363370255
39796	0.004942544301
39797	0.00254403277
39798	0.003656853532
39799	0.0003274512231
39800	0.0009098390072
39801	0.01311431113
39802	0.002482165845
39803	0.002358522667
39804	0.00255265427
39805	0.0003530900216
39806	0.009221426127
39807	0.002632377429
39808	0.007481102368
39809	0.0008471970903
39810	0.006390417501
39811	0.001726478321
39812	0.005505229667
39813	0.002544901471
39814	2.312768117e-07
39815	0.0005824741461
39816	0.001174473025
39817	0.004313535801
39818	0.002133135941
39819	0.004688097674
39820	0.003937181014
39821	0.00645764095
39822	0.001533933418
39823	0.002710033082
39824	0.01447789174
39825	0.001205923447
39826	0.003800262443
39827	0.01739777793
39828	0.007244822498
39829	0.0169485115
39830	0.001324315411
39831	0.01044149914
39832	0.003521679721
39833	0.005715464392
39834	0.002609313933
39835	0.00642412318
39836	0.008950513334
39837	0.005562140924
39838	0.0005643374772
39839	0.01045323306
39840	0.002952914704
39841	0.01078019709
39842	0.005361134304
39843	0.0006465223344
39844	0.004922148796
39845	0.01719079097
39846	0.002145021552
39847	8.357995377e-05
39848	0.005820928724
39849	0.01425875667
39850	0.00752851084
39851	4.892063374e-06
39852	0.003966579009
39853	0.0003475080763
39854	0.0003676950652
39855	0.01361971847
39856	0.001565256204
39857	0.00125315922
39858	0.001191778095
39859	0.003105619415
39860	0.003929663963
39861	0.0007162263879
39862	0.001517378345
39863	0.01158353023
39864	0.0002955204179
39865	7.331999478e-05
39866	0.001542653628
39867	0.002804785301
39868	0.01408309431
39869	0.003356480139
39870	0.002810414558
39871	0.004339776135
39872	0.0008788589254
39873	0.003705683091
39874	0.0008456576614
39875	0.002336883865
39876	0.0008867884632
39877	0.0002234459206
39878	0.0004262316637
39879	0.0004105747711
39880	0.002698690987
39881	0.0008962631803
39882	0.003055947657
39883	0.001944333634
39884	0.007809433207
39885	0.003443314689
39886	0.001461141939
39887	0.001405794936
39888	0.0009144271382
39889	0.004975807621
39890	0.0008586678773
39891	0.002086606067
39892	0.01176791694
39893	0.003073714543
39894	0.00360694221
39895	3.356640361e-05
39896	0.001272398112
39897	0.0005345424218
39898	0.001088367171
39899	8.869408189e-05
39900	0.009062091598
39901	0.003046247471
39902	0.0001417238664
39903	0.007859686636
39904	0.001278187919
39905	0.0005671388477
39906	0.001559622166
39907	0.002221487489
39908	0.001664588464
39909	0.00515704501
39910	0.0002433068358
39911	0.001124916169
39912	0.001408669122
39913	0.0002228750825
39914	0.003420766011
39915	0.0003244981763
39916	0.006545843034
39917	0.003878981284
39918	0.004111408581
39919	0.008617660981
39920	0.0004032738241
39921	0.001471748374
39922	0.00167664582
39923	0.0008256166611
39924	0.0008467087698
39925	0.007824756754
39926	0.0004759759232
39927	0.0166045384
39928	0.002450613169
39929	0.0001343603774
39930	0.000441774056
39931	0.002976171314
39932	0.001454672467
39933	0.002079833022
39934	0.004470341991
39935	0.002844867205
39936	0.01408685816
39937	0.005273693614
39938	0.0001372981449
39939	0.001147936145
39940	0.01016437761
39941	0.0001153172825
39942	0.002462308657
39943	0.001171906032
39944	0.0004980010029
39945	0.001592889686
39946	0.0002249784976
39947	0.008102478216
39948	0.001219392433
39949	0.002843139763
39950	8.950972813e-05
39951	0.009919771878
39952	0.001630116989
39953	0.0003930186457
39954	0.001316228007
39955	0.001942163372
39956	0.0002232708339
39957	0.0009590257138
39958	0.003224223159
39959	0.003609625288
39960	0.00298813223
39961	0.01565544199
39962	0.003344040867
39963	0.006316945854
39964	0.005072047178
39965	0.001710072855
39966	0.002104146985
39967	0.009867940511
39968	0.01276250096
39969	0.002349798712
39970	0.02003322641
39971	0.009327519701
39972	0.003107610089
39973	0.000749952786
39974	0.007392847883
39975	0.003395068199
39976	0.007417296843
39977	0.01334021648
39978	0.005225871473
39979	0.005300700571
39980	0.00166291387
39981	0.003955396113
39982	0.002354375975
39983	0.006607272931
39984	5.488679985e-06
39985	0.009126933434
39986	0.006339160535
39987	0.006488375638
39988	0.004909415602
39989	0.001691010928
39990	0.0173578441
39991	0.002037038101
39992	0.02021517759
39993	0.003146956358
39994	0.005756351654
39995	0.001428893457
39996	0.002138492275
39997	0.006193839248
39998	0.004153196619
39999	0.002624555639
40000	0.002127842293
40001	0.001313379199
40002	0.005494943771
40003	0.0002111129862
40004	0.0002568777028
40005	0.02255766855
40006	0.004924756248
40007	0.001153033042
40008	0.003784247435
40009	0.01326752185
40010	0.006534349419
40011	0.01084890816
40012	0.01653764443
40013	0.01810727293
40014	0.01347918875
40015	0.001890799755
40016	0.005644440568
40017	0.004387617427
40018	0.00198216351
40019	0.0224114911
40020	0.001784863951
40021	0.001929788148
40022	0.003934004237
40023	0.007970685345
40024	0.006947835647
40025	0.01074795569
40026	0.009706497474
40027	0.009949408021
40028	0.005166932568
40029	0.004098835283
40030	0.0002380335762
40031	0.001556449468
40032	0.01233359174
40033	0.0092212033
40034	0.00744893974
40035	0.002701804906
40036	0.00462698628
40037	0.008440662864
40038	0.0009221625909
40039	0.01722105825
40040	0.002107214956
40041	0.003088032721
40042	0.007458514967
40043	0.01084262582
40044	0.002936129176
40045	0.001916784729
40046	0.004819845948
40047	0.002528140158
40048	0.00578870735
40049	0.002378135417
40050	0.001312183766
40051	0.001312978519
40052	0.005094067667
40053	0.0001754887594
40054	0.0130332572
40055	0.01482766708
40056	0.0144375984
40057	0.001618980506
40058	0.008810075423
40059	0.007355368072
40060	0.011775798
40061	0.008893217418
40062	0.002848839377
40063	0.01659267142
40064	0.005215601304
40065	0.004921726596
40066	0.01552146993
40067	0.008410897668
40068	0.009861236218
40069	0.006913790906
40070	0.003848212141
40071	0.01052499628
40072	0.003430932403
40073	0.007936093303
40074	0.002257038708
40075	0.001993189884
40076	0.003409184803
40077	5.177634363e-05
40078	0.008935840569
40079	0.0009138325976
40080	0.001704683857
40081	0.009248402631
40082	0.0061298947
40083	0.001465105735
40084	0.009709038773
40085	0.008151772202
40086	0.001084655013
40087	0.001542493288
40088	0.01039838249
40089	0.009496363881
40090	0.007019065026
40091	0.007360811055
40092	0.006786113227
40093	0.005724989981
40094	0.002386979567
40095	0.003321931611
40096	0.004238328098
40097	0.007729601081
40098	0.009474833456
40099	0.004833849013
40100	0.006522693432
40101	0.005383087285
40102	8.376845545e-05
40103	0.007097917562
40104	0.001117767667
40105	0.006455306633
40106	0.001158775476
40107	0.005550462814
40108	0.004300795789
40109	0.0003321494459
40110	0.003111230384
40111	0.009817033329
40112	0.003114171043
40113	0.0001078286017
40114	0.008926606224
40115	0.0003943705213
40116	0.009666012471
40117	0.002843613601
40118	0.002655564484
40119	0.006830568049
40120	0.0121458658
40121	0.0112823388
40122	0.01342052228
40123	0.002029826666
40124	0.003745135153
40125	0.001682658714
40126	0.003496536199
40127	0.002175086739
40128	0.0008181113313
40129	0.005270634841
40130	0.00467873926
40131	0.005554325738
40132	0.0007471279992
40133	0.005185461575
40134	0.002577468169
40135	0.007521518452
40136	0.00360980001
40137	0.01087157589
40138	0.0121640469
40139	0.01155416727
40140	0.005596470985
40141	0.001701320218
40142	0.01230648125
40143	0.003790669675
40144	0.004370187871
40145	0.004203173137
40146	0.0008135782535
40147	0.005111274791
40148	0.004509292101
40149	0.01560428603
40150	0.004956209567
40151	0.003548307701
40152	0.005798457041
40153	0.01011896063
40154	0.01302791588
40155	0.007002559479
40156	0.001456872082
40157	0.00297423684
40158	0.007151307824
40159	0.003924705624
40160	0.0007340435223
40161	0.0132657115
40162	0.006272123991
40163	0.003122593738
40164	0.001637483374
40165	0.0003915180163
40166	0.009574988263
40167	0.009659192118
40168	0.005144009108
40169	0.006889077174
40170	0.006883364011
40171	0.002899278677
40172	0.002389801307
40173	0.0001731715584
40174	0.0008908964714
40175	0.006330612911
40176	0.0001494795831
40177	0.006862606265
40178	0.01680747799
40179	0.002748474553
40180	0.00167554549
40181	0.008125418507
40182	0.004860278506
40183	0.001832233113
40184	0.01321076654
40185	0.01236955621
40186	0.0150968113
40187	6.429636375e-05
40188	0.0100800931
40189	0.008234013571
40190	0.005786129446
40191	0.005726326983
40192	0.001409721658
40193	0.004520727721
40194	0.0052940921
40195	0.005716227904
40196	0.005643129465
40197	0.006997838028
40198	0.002947343555
40199	0.003625807091
40200	0.007177982447
40201	0.004365623671
40202	0.009861799025
40203	0.001008329488
40204	0.001868747135
40205	0.0009882919942
40206	0.006438816073
40207	0.01072186665
40208	0.008254141375
40209	0.001435074185
40210	0.01083631809
40211	0.004530100045
40212	0.005880384593
40213	0.005131239871
40214	0.005843678104
40215	0.004533082566
40216	0.004520581761
40217	0.003035786971
40218	0.001776753758
40219	0.0008866584506
40220	0.001471785165
40221	0.001230219118
40222	0.01005589738
40223	0.004430633714
40224	0.005004202531
40225	0.001282326521
40226	0.004437836809
40227	0.01559078725
40228	0.004067309304
40229	0.001694661089
40230	0.001329218402
40231	0.0005532487457
40232	0.009901788642
40233	0.001843374213
40234	0.009893364443
40235	0.00171314732
40236	0.0006523383638
40237	0.0007339635341
40238	0.003431422278
40239	0.002036471412
40240	0.001587948744
40241	0.002106286922
40242	0.001571167278
40243	0.01330775445
40244	0.001141002136
40245	0.01266420212
40246	0.005278774059
40247	0.006606696059
40248	0.001428703569
40249	0.002954308339
40250	0.002517546178
40251	0.003315542686
40252	0.002691864096
40253	0.002266889951
40254	0.001680910151
40255	9.266212364e-07
40256	0.005388743632
40257	0.01392885552
40258	0.007427612325
40259	0.0112332724
40260	0.001087955765
40261	0.005879425773
40262	0.001715942174
40263	0.001844974382
40264	0.002875356879
40265	0.003737960643
40266	0.004693123006
40267	0.003482836771
40268	0.005633418712
40269	0.003142009102
40270	0.001302721886
40271	0.005194368005
40272	0.003049295224
40273	0.01051921481
40274	0.01676752926
40275	0.004232578452
40276	0.001610068008
40277	0.001870039599
40278	0.01061684199
40279	0.007139805505
40280	0.002472759853
40281	0.00822800834
40282	0.000691053591
40283	0.009283441471
40284	0.007987320834
40285	0.001262710878
40286	6.648897203e-05
40287	0.002465317195
40288	0.005447390817
40289	0.005630818583
40290	0.003225988185
40291	0.0001542100993
40292	0.0003580274744
40293	0.002795976326
40294	0.002050295992
40295	0.007207330166
40296	0.003684304753
40297	0.004562256869
40298	0.009928059589
40299	0.002938497568
40300	0.01619280658
40301	0.0043543488
40302	0.004889717251
40303	0.002443728503
40304	0.008107349263
40305	0.002427025781
40306	0.0001662677075
40307	0.005647132407
40308	0.01443204367
40309	0.01212405082
40310	0.001304595807
40311	0.01017650512
40312	0.0009725514681
40313	0.004994458673
40314	0.001843491536
40315	0.007364474683
40316	0.006217889774
40317	0.001794730745
40318	0.004812387546
40319	0.003182597821
40320	0.01481225569
40321	0.005077898726
40322	0.006405651156
40323	0.001373817927
40324	0.01547293576
40325	0.002545380284
40326	0.001204931399
40327	0.002777356056
40328	0.004305866281
40329	0.00305011211
40330	0.00815352618
40331	0.007360901198
40332	0.000966723538
40333	0.003476259234
40334	0.001505459926
40335	0.001455294861
40336	0.0005206808514
40337	0.0003062511268
40338	0.00147573823
40339	0.003908499539
40340	0.006806753961
40341	0.01058681429
40342	0.0003299772585
40343	0.003783870114
40344	0.008572343775
40345	0.004324824789
40346	0.005770041718
40347	0.01019528107
40348	0.001404043468
40349	0.002384142424
40350	0.01243713933
40351	0.007765946677
40352	0.0009592142927
40353	0.003820500784
40354	0.005533738015
40355	0.004743406662
40356	0.01453326526
40357	0.01769457948
40358	0.002024919909
40359	0.0005744656285
40360	0.006057866486
40361	0.00528303541
40362	0.003794092654
40363	0.009414079003
40364	0.0009073093681
40365	0.001596329215
40366	0.003373336298
40367	0.0002523214482
40368	0.007596267937
40369	0.002325152885
40370	0.001070768394
40371	0.006185297205
40372	0.00484776524
40373	0.003090361798
40374	0.005494842872
40375	0.004290675867
40376	0.006811814512
40377	0.003640885737
40378	0.001731281775
40379	0.002361517734
40380	0.004309161032
40381	0.00362212165
40382	0.000393115765
40383	0.005217096215
40384	0.003919951158
40385	0.005994865029
40386	0.002976260683
40387	0.009095829312
40388	0.007271884547
40389	0.01946998009
40390	0.002616976886
40391	0.004945247403
40392	0.00346600726
40393	0.004419011298
40394	0.003286779982
40395	0.00261571066
40396	0.002178496606
40397	0.007427346183
40398	0.002765885655
40399	0.02513549313
40400	0.003396325587
40401	0.001251392518
40402	0.002702686727
40403	0.00464140002
40404	0.00397639705
40405	0.00424170606
40406	0.0006166952477
40407	0.001167814508
40408	0.008709589786
40409	0.003589473067
40410	0.002351766204
40411	0.0001964680201
40412	0.004213262937
40413	0.01044487938
40414	0.005829714495
40415	0.001541479882
40416	0.00329547397
40417	0.00512201209
40418	0.007377975837
40419	0.005055668016
40420	0.007318717621
40421	0.007728842444
40422	0.002476463439
40423	0.005643289462
40424	0.006795938133
40425	0.009295421744
40426	0.003305830822
40427	0.006335385863
40428	0.0006930556986
40429	0.00225556369
40430	0.005400054746
40431	0.0009177872232
40432	0.001700370392
40433	0.01670262907
40434	0.005963621316
40435	0.009254225389
40436	0.005657270914
40437	0.009716770736
40438	0.00678065918
40439	0.002423698132
40440	0.001023579874
40441	0.001330023722
40442	0.003479382555
40443	0.003348065174
40444	0.001836112658
40445	0.00622954363
40446	0.0008229081496
40447	0.01573055603
40448	0.003385122052
40449	0.005091378463
40450	0.005921310502
40451	0.00203663558
40452	0.00390314936
40453	0.004471599312
40454	0.003528168355
40455	0.001556499394
40456	0.006888662856
40457	0.00575614956
40458	0.002187431156
40459	0.00332668351
40460	0.003343347835
40461	0.01134220093
40462	0.004882795382
40463	0.004570949913
40464	0.004666215867
40465	0.001249181035
40466	0.001906411575
40467	0.01091238913
40468	0.0004363232811
40469	0.003430095163
40470	0.01123068546
40471	0.0009578983838
40472	0.006268235944
40473	0.001887756061
40474	0.00114475046
40475	0.00435048341
40476	0.001044887266
40477	0.002062170893
40478	0.006491792729
40479	0.005002592155
40480	0.005193656097
40481	0.002053294728
40482	0.008052849537
40483	0.004209720318
40484	0.001160028457
40485	0.007312653613
40486	0.001103262889
40487	0.004696237103
40488	0.001485185963
40489	0.01043603231
40490	0.00265976892
40491	0.001279930385
40492	0.01183682671
40493	0.001013928482
40494	0.005142366703
40495	0.003813226363
40496	0.0009135708276
40497	0.01094785782
40498	0.0009338015111
40499	0.0009937103165
40500	0.009453006754
40501	0.004735268934
40502	0.005658115413
40503	0.006487294697
40504	0.001692802405
40505	0.0007749865215
40506	0.005472299473
40507	4.88026079e-06
40508	0.020793171
40509	0.001853025662
40510	0.009662022358
40511	0.006053623364
40512	0.003587706993
40513	0.005770143923
40514	0.002619618319
40515	0.001896597611
40516	0.001976930714
40517	0.006035748839
40518	0.004975116687
40519	0.0008550812116
40520	0.008106706024
40521	0.004942207546
40522	0.01945926902
40523	0.007301331829
40524	0.006212342447
40525	0.005925348242
40526	0.006978385607
40527	0.005828473349
40528	0.004325930322
40529	0.004915559925
40530	0.001375196508
40531	0.01315989795
40532	0.006085784243
40533	0.002519074627
40534	0.008336981187
40535	0.00144345467
40536	0.009862781459
40537	0.006263960268
40538	0.004903403262
40539	0.007507983358
40540	0.0006720786126
40541	0.001338213361
40542	0.0043599227
40543	0.009320472642
40544	0.008708541472
40545	0.006961538196
40546	0.005283005403
40547	0.01489351916
40548	0.009895667766
40549	8.991083703e-06
40550	0.004909495682
40551	0.005703600805
40552	0.01227855094
40553	0.003032693613
40554	0.009751794749
40555	0.002761283523
40556	0.008783424205
40557	0.004594689354
40558	0.0157667595
40559	0.001389364153
40560	0.0009344487759
40561	0.008564536512
40562	0.006077185634
40563	0.0181158764
40564	0.01753288017
40565	0.004157742955
40566	0.0004399772464
40567	9.743353959e-06
40568	0.002095434933
40569	0.008309629589
40570	0.002677469301
40571	0.0006022455337
40572	0.00014640876
40573	0.001235777003
40574	0.008913694615
40575	0.007699872474
40576	0.007772736668
40577	0.001687143257
40578	0.009247876806
40579	0.01195512192
40580	0.004799322119
40581	0.004441958798
40582	0.002315667641
40583	0.011995999
40584	0.002433159923
40585	0.003056100449
40586	0.0004417544547
40587	0.005667122931
40588	0.004750019851
40589	0.004348889648
40590	0.0009717953723
40591	0.001933849846
40592	0.00583809293
40593	0.002071979064
40594	0.002321988199
40595	0.002103914139
40596	0.003200874711
40597	0.007328189439
40598	0.009114772776
40599	0.003143583371
40600	0.001578502385
40601	0.004480042332
40602	0.01282245115
40603	0.007886013516
40604	0.00370556191
40605	0.0001895452742
40606	0.001784246687
40607	0.02543658455
40608	0.004813948004
40609	0.008305128244
40610	0.01628144701
40611	0.002932396204
40612	0.007986753609
40613	0.006644187574
40614	0.006655127272
40615	0.003355374397
40616	0.0009929165735
40617	0.001272233484
40618	0.003627267872
40619	0.00192929964
40620	0.00322441626
40621	0.006898816136
40622	0.0001805655123
40623	0.003466456365
40624	0.000823037607
40625	0.002838728411
40626	0.01775381018
40627	0.0005330666718
40628	0.01039705317
40629	0.00101241083
40630	0.002871207593
40631	0.002403856489
40632	0.009104030243
40633	0.00665498288
40634	0.00256063281
40635	0.001417433129
40636	0.004176550116
40637	0.009711739658
40638	0.002136031817
40639	0.0004808079345
40640	0.001148901439
40641	0.01020472631
40642	0.005212062902
40643	0.004431974439
40644	0.002700416674
40645	0.003205916198
40646	0.01266458283
40647	0.002849241677
40648	0.007770707622
40649	0.01368647191
40650	0.01494708073
40651	0.002988410694
40652	0.002670878979
40653	0.008369204742
40654	0.0003637621542
40655	0.002065915889
40656	0.001700645472
40657	0.003363107748
40658	0.007020074452
40659	0.008378630732
40660	0.006094643785
40661	0.01337696355
40662	0.01217883586
40663	0.004312958064
40664	0.002228903833
40665	0.001106006334
40666	0.001556545015
40667	0.007529277654
40668	0.0003674641415
40669	0.002776070259
40670	0.003025448924
40671	0.004389902425
40672	0.001465142505
40673	0.01524608475
40674	0.006352925569
40675	0.0008531692308
40676	0.005723758463
40677	0.004179423202
40678	0.0004624573574
40679	0.002463865688
40680	0.003853023173
40681	0.0009717953723
40682	0.003161533353
40683	0.002860352146
40684	0.0007984728587
40685	0.001150466665
40686	0.005051751439
40687	0.004996502749
40688	0.009234141002
40689	0.01177120988
40690	0.0063778969
40691	0.004427509627
40692	0.002315676215
40693	0.008923060603
40694	0.005196907181
40695	0.0002621361975
40696	0.001448038763
40697	0.0003714892326
40698	0.003715035492
40699	0.002920993076
40700	0.005978586258
40701	0.006036644819
40702	0.008456814138
40703	0.0004331004264
40704	0.005826789514
40705	0.004009257714
40706	0.005479627032
40707	0.001344259785
40708	0.006295213745
40709	0.01092836492
40710	0.001798234896
40711	0.001430399872
40712	0.0005222384507
40713	0.0004879458161
40714	0.01154996875
40715	0.0008070275763
40716	0.0114771391
40717	0.005930595623
40718	0.005269128565
40719	0.0004532660593
40720	0.01878762528
40721	0.003067786058
40722	0.001263129784
40723	0.006020617533
40724	0.003591640612
40725	0.007444131185
40726	0.001530772339
40727	0.004921027017
40728	0.001186744428
40729	0.003475254282
40730	0.0008834239176
40731	0.0002158164989
40732	0.00085073587
40733	0.00201489405
40734	0.01404403792
40735	9.359886453e-06
40736	0.002117297702
40737	0.00160973916
40738	0.01342612309
40739	0.0007406857497
40740	0.00344548875
40741	0.00749644584
40742	0.001843788266
40743	0.009980149275
40744	0.003155035209
40745	0.008503220657
40746	0.008621943238
40747	0.003450467894
40748	0.002193844722
40749	0.0049889918
40750	0.0002980893085
40751	0.004103554579
40752	0.01555013588
40753	0.006200366378
40754	0.005404053484
40755	0.003926596226
40756	0.01120625972
40757	0.005709779136
40758	0.000973452231
40759	0.008268790407
40760	0.003521172276
40761	0.0007415928476
40762	0.003834872822
40763	0.008461502781
40764	0.008472229053
40765	0.003161690406
40766	4.526045873e-05
40767	0.01145884958
40768	0.005313579126
40769	0.0003679499351
40770	0.001507054948
40771	0.003358375255
40772	0.007915963019
40773	0.001986610655
40774	0.00054785104
40775	0.01206864222
40776	0.000546036263
40777	0.004320902762
40778	0.001026038264
40779	0.001188304867
40780	0.009026939355
40781	0.000475668259
40782	0.002465469554
40783	0.001990206977
40784	0.00614169465
40785	0.002131508245
40786	0.0006656236795
40787	0.001189272572
40788	0.003821341167
40789	0.006914696909
40790	0.01690989642
40791	0.001472609569
40792	0.002508385767
40793	0.003743496506
40794	0.001419320436
40795	0.003411379501
40796	0.00433888472
40797	0.0002473274237
40798	0.002627360417
40799	0.01428447182
40800	0.001015533334
40801	0.005636260705
40802	5.626679214e-05
40803	0.00254350977
40804	0.001333767229
40805	0.004806038056
40806	0.02024562379
40807	0.0009901388784
40808	0.007382810337
40809	0.001969465932
40810	0.002334327419
40811	0.003344368498
40812	0.0001991605115
40813	0.003415293337
40814	0.0002792539465
40815	0.0005413948474
40816	0.0005317421174
40817	0.002301136854
40818	0.000278337912
40819	0.002290616501
40820	0.002936569368
40821	0.0002506571276
40822	0.002129717091
40823	0.001012363258
40824	0.000254550177
40825	0.0002062005377
40826	0.0009450570667
40827	0.0002054360766
40828	0.0008464036033
40829	0.002740049858
40830	0.005565812513
40831	0.009834436193
40832	0.0008973574279
40833	0.00382043416
40834	8.388294996e-05
40835	0.004009809798
40836	0.01201167402
40837	0.0005361243004
40838	0.004704923606
40839	0.01641378868
40840	0.01275871804
40841	0.007777070088
40842	0.00847163802
40843	0.003783206448
40844	0.001333993069
40845	0.003181410305
40846	0.005903316922
40847	7.214820226e-05
40848	0.006153047183
40849	0.00622943188
40850	0.002828500528
40851	0.0008887895886
40852	0.0008008729483
40853	0.007953257304
40854	0.0103555063
40855	0.008975397751
40856	0.006048593761
40857	0.001561085077
40858	0.00230150978
40859	0.0003179673214
40860	0.0004905440514
40861	0.002261860096
40862	0.004461869129
40863	0.004795834796
40864	0.005970520342
40865	0.005012517582
40866	0.001912291278
40867	0.004453887382
40868	0.01002368701
40869	0.005250612364
40870	0.003025932791
40871	0.003082299604
40872	0.005172041936
40873	0.003629037627
40874	6.008176335e-05
40875	0.007449931893
40876	0.0005730246048
40877	0.001264871626
40878	0.0008552318941
40879	0.01666322608
40880	0.001090334667
40881	0.0118843776
40882	0.001280893728
40883	0.002625264604
40884	0.002299298608
40885	0.000853345779
40886	0.001058877698
40887	1.468928889e-05
40888	0.003138373568
40889	0.0001142552457
40890	0.00779479224
40891	0.001641308914
40892	0.004952910269
40893	0.006500512807
40894	0.001448052645
40895	0.002429222015
40896	0.001000779895
40897	0.002269230475
40898	0.00124755161
40899	0.002148171024
40900	0.003447237289
40901	0.0009154975676
40902	0.001502948271
40903	0.001239833564
40904	0.003434848434
40905	0.0009290296736
40906	0.001200731488
40907	0.001176354464
40908	0.002476622707
40909	0.002505535073
40910	0.001192040742
40911	0.0004133802801
40912	0.0008477745446
40913	0.0006037979185
40914	0.004635689336
40915	0.0007383869964
40916	0.0002542180699
40917	0.0001974054598
40918	0.005926110414
40919	0.006778319371
40920	0.02509609549
40921	0.01989274038
40922	0.005172255748
40923	0.003873643097
40924	0.00430244448
40925	0.0009530511174
40926	0.00113361751
40927	0.008570154887
40928	0.005412280348
40929	0.009189848239
40930	0.0113313461
40931	0.004163707508
40932	0.009012090442
40933	0.0004385678567
40934	0.005983480721
40935	0.01064996693
40936	6.991840649e-05
40937	0.004853323635
40938	0.002994221733
40939	0.009783936267
40940	0.004004373226
40941	0.002908812174
40942	0.005920718082
40943	0.007236114601
40944	0.008006369853
40945	0.00287153632
40946	0.0009730901129
40947	0.0228756049
40948	0.000353673216
40949	0.01135981462
40950	0.01977185432
40951	0.001679851287
40952	0.01004251047
40953	0.006480162296
40954	0.01146554829
40955	0.005448037839
40956	0.002995430864
40957	0.0006473746704
40958	0.0137233224
40959	0.009038129274
40960	0.002211204465
40961	0.001555627025
40962	0.003394757933
40963	0.002413959208
40964	0.008338504468
40965	0.002057933778
40966	0.002156366378
40967	0.0002404092885
40968	0.003719327568
40969	0.006773667005
40970	0.004045176772
40971	0.002202080814
40972	0.008147832125
40973	0.006088291617
40974	0.002307121713
40975	0.002014051435
40976	0.00664716007
40977	0.0006737147514
40978	0.004298054814
40979	0.004244878186
40980	0.005875576779
40981	0.001909274543
40982	0.007105824932
40983	0.011362118
40984	0.01454411881
40985	0.0006458418507
40986	0.009781766134
40987	0.008604767152
40988	0.004411500721
40989	0.001729471153
40990	0.001044634599
40991	0.0009050647993
40992	0.0006692260946
40993	0.0008172835574
40994	0.002211354147
40995	0.006370481155
40996	0.001741038785
40997	0.01219001392
40998	0.001178885395
40999	0.005113413074
41000	0.002599079611
41001	0.005777088188
41002	0.004918151072
41003	0.002636035474
41004	0.01120018319
41005	0.0004657339893
41006	0.000137514992
41007	0.0005921498096
41008	0.001021824097
41009	0.0007994341176
41010	0.0003134548002
41011	0.002447870269
41012	0.001196090564
41013	0.01132196257
41014	0.01216940385
41015	0.001749715732
41016	0.01398527145
41017	0.01430336431
41018	0.01388708418
41019	0.01361204934
41020	0.01469766049
41021	0.01289997889
41022	0.01450345097
41023	0.01387152617
41024	0.01486445248
41025	0.01606666593
41026	0.001671747888
41027	0.0004430206664
41028	0.001244376415
41029	0.0004268418567
41030	0.001969574135
41031	0.001477471931
41032	0.006855528728
41033	0.0008357238945
41034	0.0001193173343
41035	0.0003009547311
41036	9.714446448e-05
41037	0.003121600189
41038	0.001252143417
41039	0.01088199019
41040	0.001483636401
41041	0.0005155394475
41042	0.008895324272
41043	0.006908894758
41044	0.005740241604
41045	0.008109339249
41046	0.01185231671
41047	0.001610634738
41048	0.0003566083831
41049	0.002626938711
41050	0.004450337228
41051	0.002272358603
41052	0.004032748643
41053	0.0004615192289
41054	0.0003875195022
41055	7.035572963e-05
41056	0.005788590918
41057	0.0007207194384
41058	0.001381972947
41059	0.0008909476617
41060	3.68700858e-06
41061	0.001861256671
41062	0.0002479986425
41063	0.0009934227165
41064	0.001981093969
41065	0.002900694742
41066	0.001111169658
41067	0.001182506452
41068	0.003724790645
41069	0.001577299325
41070	0.0001627363226
41071	0.003564404368
41072	0.003931497958
41073	0.001759901615
41074	0.001218964282
41075	0.0005146705957
41076	0.001654811303
41077	0.001069511851
41078	0.001542985106
41079	0.004609795233
41080	0.001446345715
41081	0.004963687103
41082	0.004210215138
41083	0.003589422011
41084	0.01008437766
41085	0.001264465764
41086	0.005822388768
41087	0.0006310180784
41088	0.002381649947
41089	0.000298450554
41090	0.00228073861
41091	0.0009305990876
41092	0.0007044628943
41093	0.001423389133
41094	0.003800875056
41095	0.008091261197
41096	9.397262853e-05
41097	0.005728456117
41098	0.002406009975
41099	0.005119589397
41100	0.001958449934
41101	0.001138505639
41102	0.007427447251
41103	0.004888637602
41104	0.002480462834
41105	0.008650392327
41106	0.0027420708
41107	0.002253730604
41108	0.0005384980403
41109	0.01034205415
41110	0.003988576145
41111	0.002973272129
41112	0.0001555423491
41113	0.0006920567644
41114	0.005124281019
41115	0.003631695853
41116	0.001708207356
41117	0.004172801923
41118	0.0003793159119
41119	0.004941195247
41120	0.001083169361
41121	0.006997195098
41122	0.006027482107
41123	0.0007957071954
41124	0.0005686721971
41125	0.002002924987
41126	0.002022548943
41127	0.002447381241
41128	0.001491614835
41129	0.002524231659
41130	0.001601577365
41131	0.002414221996
41132	0.001469379784
41133	0.001958331166
41134	0.006345647988
41135	0.001095267117
41136	0.001991496641
41137	0.002068737719
41138	0.00105723098
41139	0.003202430339
41140	0.002129288452
41141	0.001001052911
41142	0.003190769829
41143	0.0005286649039
41144	0.002048585996
41145	0.01928846032
41146	0.006605293451
41147	0.003828527768
41148	0.01528705678
41149	0.0006503874083
41150	0.002608006013
41151	0.006789999227
41152	0.01078675955
41153	0.01145622983
41154	0.0126287913
41155	0.008687986419
41156	0.003462326341
41157	0.003819393763
41158	0.01643116108
41159	0.005593583912
41160	0.006784600559
41161	0.002009486499
41162	0.009569422327
41163	0.006626171074
41164	0.008139229609
41165	0.007615692184
41166	0.006182861586
41167	0.001653601457
41168	0.004099319857
41169	0.0003014995899
41170	0.0005135278534
41171	0.0005562624717
41172	0.0002533228004
41173	0.0008320812686
41174	0.0002351913295
41175	0.001565613805
41176	0.0001651241453
41177	0.00012016416
41178	0.003846755658
41179	0.0006719689306
41180	0.0005341258537
41181	0.008494048225
41182	0.005138814182
41183	6.35716005e-05
41184	0.00169576508
41185	0.003643448001
41186	0.00331471443
41187	0.0005427908866
41188	0.009429171852
41189	0.001466144632
41190	0.002432414682
41191	0.0007633115965
41192	0.000913409005
41193	0.00320650087
41194	0.0002699896107
41195	0.007264040574
41196	0.008828946059
41197	0.001739332882
41198	0.001796828183
41199	0.001962528346
41200	0.002747672462
41201	0.01073305534
41202	0.002330552862
41203	0.008111948945
41204	0.007576488311
41205	0.001964189259
41206	0.005641148139
41207	0.002756865686
41208	0.001219055611
41209	0.008981211511
41210	0.007721908842
41211	0.02711617606
41212	0.01337703307
41213	0.005771561388
41214	0.000707593284
41215	0.0008673975041
41216	0.006696043571
41217	0.002027323674
41218	0.003511474808
41219	0.01854013329
41220	0.003579607455
41221	0.008268329614
41222	0.003951672138
41223	0.002401306969
41224	0.004649766622
41225	0.004446397977
41226	0.00339671176
41227	0.001390056209
41228	0.0006193048607
41229	0.00100339828
41230	0.003065281834
41231	0.004121190379
41232	0.001520038958
41233	0.003223842861
41234	0.0019773312
41235	0.01223674324
41236	0.0004534740778
41237	0.004492773437
41238	0.00106981208
41239	0.005718532941
41240	0.009899923975
41241	0.001817940877
41242	0.009399462933
41243	0.0007416948599
41244	0.002542580239
41245	0.002216972814
41246	0.001077993447
41247	0.004083510531
41248	0.003525290612
41249	0.001250492075
41250	0.003290516687
41251	0.01260239802
41252	0.001819694385
41253	0.005348661102
41254	0.001280488937
41255	0.008271018369
41256	0.001189078309
41257	0.005010101307
41258	0.002225576769
41259	0.001191819759
41260	0.0005539511148
41261	0.001865233528
41262	0.002584019911
41263	0.001862574947
41264	0.002404508523
41265	0.006305119595
41266	0.006560253088
41267	0.00351550678
41268	0.0009096281538
41269	0.01494000192
41270	0.01171678752
41271	0.01591220037
41272	0.004270968715
41273	0.01147891646
41274	0.0005481452306
41275	0.007712557606
41276	0.000809077284
41277	0.005021546183
41278	0.001578792824
41279	0.0001816164743
41280	0.002095129265
41281	0.0009898289693
41282	0.008626518518
41283	0.01191186644
41284	0.005423068121
41285	0.006279280232
41286	0.003789674322
41287	0.004142202355
41288	0.002717326103
41289	0.003570887362
41290	0.001194517045
41291	0.002630074535
41292	0.001963065197
41293	0.003503032094
41294	0.002165747477
41295	0.001531008147
41296	0.002531522471
41297	0.01247755294
41298	0.0001416939412
41299	0.007352349184
41300	3.923426721e-05
41301	0.009469316522
41302	0.00969045025
41303	0.01744259813
41304	0.002463976604
41305	0.007232592694
41306	0.01113427012
41307	0.001142368187
41308	0.004979660321
41309	0.002766397379
41310	0.003814317487
41311	0.007798308918
41312	0.000301378762
41313	0.01341547851
41314	0.005577109141
41315	0.006722694999
41316	0.01254766356
41317	0.002039610498
41318	0.006847897416
41319	0.00428672343
41320	0.0002457654227
41321	0.001678769021
41322	0.002666276541
41323	0.00355995098
41324	0.003257528302
41325	0.0055423971
41326	0.004436129544
41327	0.002131429288
41328	0.0015585786
41329	0.0002205624707
41330	0.001642364192
41331	0.007864465696
41332	0.005467163124
41333	0.002872336763
41334	0.01367562098
41335	0.001538839942
41336	0.004081143609
41337	0.01158086811
41338	0.001194249213
41339	0.00170628262
41340	0.0006035253258
41341	0.01220241933
41342	0.006383304355
41343	0.003615995205
41344	0.007919643402
41345	0.003049457386
41346	0.004926093078
41347	0.002238409596
41348	0.009705304308
41349	0.002010501635
41350	0.002147891671
41351	0.004914198323
41352	0.004841799222
41353	0.004389921591
41354	0.006458753592
41355	0.004779161464
41356	0.004088272415
41357	0.003231959657
41358	0.008064370421
41359	0.008500476933
41360	0.007312412642
41361	0.0003237891348
41362	0.004073809368
41363	0.0107843559
41364	0.005174752163
41365	0.003977310969
41366	0.009427438712
41367	0.003258115042
41368	0.004680732743
41369	0.003618695767
41370	0.003029174697
41371	0.003962629711
41372	0.0003820018236
41373	0.00399736187
41374	0.004194088287
41375	0.003118099573
41376	0.005354928229
41377	0.01086956765
41378	0.01179695919
41379	0.006171422687
41380	0.01350227561
41381	0.005828375549
41382	0.006141838369
41383	0.002074369704
41384	0.003026019978
41385	0.0160386603
41386	0.003879166824
41387	0.00656927518
41388	5.112737456e-05
41389	0.002290776565
41390	0.01273940762
41391	0.002997522095
41392	0.005003515148
41393	0.0009646354554
41394	0.001771377008
41395	0.0008319071798
41396	0.003983131651
41397	0.01434079908
41398	0.006571038634
41399	0.002194693673
41400	0.01009980325
41401	0.0008968621271
41402	0.00837459011
41403	0.01052031435
41404	0.006101365723
41405	0.008178576669
41406	0.009746005408
41407	0.01053795356
41408	0.0006599887664
41409	0.0002664061968
41410	0.0007146935581
41411	0.01275961084
41412	0.0118410048
41413	0.001104951101
41414	0.002613757148
41415	0.007145380994
41416	0.01172874019
41417	0.01317712035
41418	0.004371938716
41419	0.001198994135
41420	0.0006745286833
41421	0.008867075279
41422	0.0002476787061
41423	0.001004031364
41424	0.00788102757
41425	0.00129821742
41426	0.0008259630491
41427	0.001544885512
41428	0.001353720845
41429	0.0006487222394
41430	0.004952103763
41431	0.0005302336797
41432	0.001135601313
41433	0.001126032849
41434	0.001942467323
41435	0.008744731387
41436	0.006814384495
41437	0.0009913530756
41438	0.006194211555
41439	0.002474101428
41440	0.0006675624842
41441	0.001214709692
41442	0.004758207718
41443	0.001733584994
41444	0.002377103695
41445	0.002462339119
41446	0.002589991494
41447	0.003152119784
41448	0.002055504053
41449	0.001395427869
41450	0.001639399199
41451	0.001002896846
41452	0.004797079909
41453	0.00157767282
41454	0.0007498485951
41455	0.0002028024785
41456	0.0005327581114
41457	0.0004355788541
41458	0.002318182067
41459	0.002847749443
41460	0.003174522472
41461	0.00045350461
41462	0.002521782131
41463	0.0004502195202
41464	0.001348891062
41465	0.003485120241
41466	0.00116377964
41467	0.01701812544
41468	0.002757428458
41469	0.001393447114
41470	0.0008793953721
41471	0.001938021224
41472	0.0001108345133
41473	0.0002619400588
41474	0.0006341236294
41475	0.0005676431537
41476	0.004812806746
41477	0.002100493465
41478	0.01066500121
41479	0.0001054332505
41480	0.002602213693
41481	0.001414383085
41482	0.0004160020464
41483	0.0007241599363
41484	0.001034712659
41485	0.0006305592027
41486	0.001537451206
41487	0.0005200946819
41488	0.0009135177425
41489	0.001562600422
41490	0.002258891123
41491	0.0004476194816
41492	0.009360854921
41493	0.001727537471
41494	0.001185166198
41495	0.0006816495289
41496	0.00100340425
41497	0.002985117344
41498	0.00527931519
41499	0.001177369797
41500	0.005695305278
41501	0.004613720646
41502	0.007985928494
41503	0.001582747988
41504	0.003368425483
41505	0.0005075719554
41506	0.001794459128
41507	0.001056371065
41508	0.0008084900179
41509	0.001003591119
41510	0.00336945215
41511	0.005484015652
41512	0.002954008199
41513	0.0009613536929
41514	0.0006494084546
41515	0.001437680078
41516	0.0003202720838
41517	0.001363710577
41518	0.0002380126232
41519	0.0009124988033
41520	0.0007643338799
41521	0.001162618186
41522	0.009373236357
41523	0.0003093315411
41524	0.0001371722074
41525	0.001668518659
41526	0.0009305870052
41527	0.001250816872
41528	0.006051011145
41529	0.001544326596
41530	0.003240022802
41531	0.001592442892
41532	0.007063644349
41533	0.0006143734492
41534	0.00174308217
41535	4.17929589e-05
41536	0.0001340967211
41537	0.00197268304
41538	0.0003954663878
41539	0.0003844683475
41540	0.0008496992039
41541	0.008714527572
41542	0.0004807545192
41543	2.066872837e-05
41544	0.003454281108
41545	0.001256026637
41546	0.001721145847
41547	0.001245506927
41548	0.001584550306
41549	0.000689420226
41550	0.0005813370867
41551	0.002993804506
41552	0.001715693508
41553	0.001109451779
41554	0.006225418578
41555	0.002653476854
41556	0.003351326317
41557	0.01168370342
41558	0.005343034015
41559	0.002161288497
41560	0.002718438017
41561	0.0008811065921
41562	0.0008219209543
41563	0.001289526079
41564	0.001323614502
41565	0.0007017518746
41566	0.002372632581
41567	0.0008295458442
41568	0.00348338247
41569	0.00121563658
41570	0.001603181416
41571	7.422271475e-05
41572	0.000131482079
41573	0.01091897669
41574	0.006148425375
41575	0.003223896654
41576	0.0008751298641
41577	0.006368704926
41578	0.0008214161071
41579	0.006889704735
41580	0.001044776534
41581	0.002392971143
41582	0.0009106871029
41583	0.0007117948931
41584	0.001206539021
41585	0.00451366688
41586	0.00194136957
41587	0.001883570313
41588	0.000135441516
41589	0.002321110107
41590	0.001108075234
41591	0.002347310579
41592	0.002237585212
41593	0.004129378644
41594	0.001271212035
41595	0.005569118169
41596	0.003116279666
41597	0.0006983732949
41598	0.002783654067
41599	0.01907927804
41600	0.0006509396444
41601	0.003567276115
41602	0.0003920953588
41603	0.001515189597
41604	0.002180933605
41605	0.0006324145413
41606	0.0007323753733
41607	0.001401806925
41608	0.00162783628
41609	0.007787417286
41610	0.009172713187
41611	0.001037631298
41612	0.002432441815
41613	0.0001194359548
41614	0.0006493005877
41615	0.003287299444
41616	0.001227452897
41617	0.001296044556
41618	0.002810455914
41619	0.001151557769
41620	0.002289555265
41621	0.0003796460702
41622	0.001348043264
41623	0.003731262803
41624	0.0005157828102
41625	0.0007573323025
41626	0.002194617932
41627	0.001555133153
41628	0.0005378717735
41629	0.008302356293
41630	0.0007021692545
41631	0.0003380532371
41632	0.0006216677306
41633	0.001033513626
41634	0.002781687363
41635	0.002338959934
41636	0.002867817651
41637	0.004197429873
41638	0.001869695927
41639	0.001672249399
41640	0.0004800809668
41641	0.001291130363
41642	0.003480269792
41643	0.000839110081
41644	0.003627316399
41645	0.003325565497
41646	0.01872581681
41647	0.003361968243
41648	0.0001950964361
41649	0.001623697892
41650	0.0005502436502
41651	9.58446258e-05
41652	0.001403801559
41653	0.01602458161
41654	0.0002664362089
41655	0.0005974622078
41656	0.005602620048
41657	0.001608879534
41658	0.003588826454
41659	0.003000813892
41660	0.001814245761
41661	0.001941053262
41662	0.005366572688
41663	0.001813808605
41664	0.00132800823
41665	0.004829704475
41666	0.003027314007
41667	0.0004522048002
41668	0.001277048757
41669	0.007131767375
41670	0.006747845357
41671	0.002664211905
41672	0.004159613595
41673	0.003572751927
41674	0.007846479173
41675	0.004484736653
41676	0.002862923375
41677	0.006682571523
41678	0.004546752319
41679	0.009404798143
41680	0.01175674687
41681	0.001144790191
41682	0.009573843354
41683	0.0001758460034
41684	0.003918046753
41685	0.007661542628
41686	0.006077916918
41687	0.003759220255
41688	0.00178371913
41689	8.192880024e-05
41690	0.0009721066225
41691	0.01030571672
41692	0.003810260422
41693	0.005000942633
41694	0.001453435595
41695	0.00875655995
41696	0.005397817612
41697	0.01030274083
41698	0.002602156941
41699	0
41700	0.003923997001
41701	0.01116775225
41702	0.003545286433
41703	0.003127055205
41704	0.008312369694
41705	0.008460909175
41706	0.008980095227
41707	0.003232206586
41708	0.001901144235
41709	0.009182621305
41710	0.001651659894
41711	0.002112839319
41712	0.002919832941
41713	0.0006620389887
41714	0.001270397045
41715	0.00684685371
41716	0.002572601726
41717	0.0005482613823
41718	0.0008225866436
41719	0.003599889294
41720	0.0001833258784
41721	0.001165160746
41722	0.005172019533
41723	0.0009759060617
41724	0.0007722326636
41725	0.009505037767
41726	0.003486233267
41727	0.001777801382
41728	0.00199598972
41729	0.003225497126
41730	0.004723376891
41731	0.001069418507
41732	0.006381982337
41733	0.004083616696
41734	0.004292653504
41735	0.002635549301
41736	0.005086534249
41737	0.000953392774
41738	0.003143935294
41739	0.002872752336
41740	0.00429930152
41741	0.0009850255629
41742	0.003379115328
41743	0.0009053454459
41744	0.002468517706
41745	0.007829877207
41746	0.01119951978
41747	0.003983425575
41748	0.002052608341
41749	0.004675645625
41750	0.002542944298
41751	0.0006142274251
41752	0.006298457072
41753	0.01370790528
41754	0.003426823341
41755	0.004582829005
41756	0.006842669493
41757	0.004195920224
41758	0.0002345637456
41759	0.0003449575632
41760	0.01393334409
41761	0.001074334289
41762	0.01193722402
41763	0.003249111355
41764	0.008790860527
41765	0.0094106607
41766	0.007006315437
41767	0.002771031642
41768	0.009892757423
41769	0.00234269395
41770	0.0142242922
41771	0.0002440728814
41772	0.006016464127
41773	0.001496989922
41774	0.005768717431
41775	0.0001085578127
41776	0.006724461092
41777	0.006515048205
41778	0.003653299679
41779	0.00781603214
41780	0.003379980225
41781	0.0007343134386
41782	0.004799600809
41783	0.003235769506
41784	0.002258053643
41785	0.002017810318
41786	0.007942235878
41787	0.004664560693
41788	0.001959462846
41789	0.001329775571
41790	0.002423127908
41791	0.0007944654318
41792	0.001518226232
41793	0.001513835922
41794	0.001449731789
41795	8.664203087e-05
41796	0.001110239925
41797	0.0006246453849
41798	0.0008712688358
41799	0.006205908358
41800	4.138700645e-05
41801	0.001124836375
41802	0.001634511989
41803	0.003580047626
41804	0.001572345127
41805	0.002161127915
41806	0.002143017172
41807	0.001908219576
41808	0.002294745627
41809	0.002295834504
41810	0.01016823238
41811	0.001515818599
41812	0.02455044032
41813	0.001409939908
41814	0.018859435
41815	0.001324507299
41816	0.01025696662
41817	0.001266119262
41818	0.007603458342
41819	0.003562239348
41820	0.006413157374
41821	7.743707678e-05
41822	0.01209188002
41823	0.001435667813
41824	0.004166910403
41825	0.006710133992
41826	0.002675957361
41827	0.0006641342578
41828	0.005495216559
41829	0.02201362019
41830	0.0002973154325
41831	0.002941617158
41832	0.003485560229
41833	0.004926259688
41834	0.002396545322
41835	0.00536234642
41836	0.0008039629847
41837	0.00549902978
41838	0.006508079084
41839	0.007214549486
41840	0.002044071079
41841	0.008757762501
41842	0.01379995038
41843	0.01174159298
41844	0.0005421898807
41845	0.0002866750333
41846	0.004216918351
41847	0.0007825991429
41848	0.0005372828774
41849	0.009830112318
41850	0.0007017006422
41851	0.004263008327
41852	0.004865331061
41853	0.003572638822
41854	0.001589379948
41855	0.001960044681
41856	0.005685808897
41857	0.004892836928
41858	0.0116034665
41859	0.0009286394853
41860	0.005022425433
41861	0.0006874163679
41862	0.0003667934069
41863	0.005625409793
41864	0.001482088835
41865	0.004679427085
41866	0.004707785955
41867	0.01060235832
41868	0.004344449209
41869	0.008530198108
41870	0.009185556372
41871	0.007911061072
41872	0.002644435143
41873	0.005589679869
41874	0.01045136822
41875	0.002986042125
41876	0.010798851
41877	0.0003229233502
41878	0.003735978219
41879	0.01255926384
41880	0.002876897269
41881	0.009863177734
41882	0.002190086187
41883	0.003614477238
41884	0.01064551437
41885	0.006321863719
41886	0.01476021956
41887	0.005807594545
41888	0.005529040714
41889	0.001160532979
41890	0.0008054434241
41891	0.003340519717
41892	0.001340195211
41893	0.006191886569
41894	0.01371094019
41895	0.0004810012621
41896	0.006479036999
41897	0.01059430098
41898	0.006820701125
41899	0.003149922868
41900	0.0211117496
41901	0.00422420398
41902	0.001531926502
41903	0.0007853076132
41904	0.01155679355
41905	0.001524859763
41906	0.008500282606
41907	0.01222163217
41908	0.004451756609
41909	0.001395197116
41910	0.008344976117
41911	0.002646965209
41912	0.009806712242
41913	0.006787099979
41914	0.0008478121742
41915	0.006182425804
41916	0.003952115596
41917	0.0008888048287
41918	0.009783134459
41919	0.01055754828
41920	0.009278087415
41921	0.009680541568
41922	0.008129714491
41923	0.001986415553
41924	0.001931945493
41925	0.00359756354
41926	0.005950370905
41927	0.01080767414
41928	0.001625015487
41929	0.001952489007
41930	0.008455896071
41931	0.005866728628
41932	0.002965233932
41933	0.001725957321
41934	0.0002317649725
41935	0.003463654011
41936	0.0006449848988
41937	0.00277008885
41938	0.00812515436
41939	0.006047348872
41940	0.00135282248
41941	0.009192065046
41942	0.007473234778
41943	0.0007450471288
41944	0.00126612897
41945	0.006940902458
41946	0.001693507765
41947	0.005408369483
41948	0.002984654493
41949	0.01110255279
41950	0.002328788729
41951	0.009459204513
41952	0.0009260286799
41953	0.01570981308
41954	0.0108103532
41955	0.003946390549
41956	0.007120492976
41957	0.007601756541
41958	0.004655443336
41959	0.008211891339
41960	0.0006685341875
41961	0.003994894194
41962	0.01154868229
41963	0.003702170321
41964	0.00132839766
41965	0.008236156971
41966	0.0007399838224
41967	0.003028435425
41968	0.007246243791
41969	8.618876248e-05
41970	0.00759926901
41971	0.006994134203
41972	0.023160607
41973	0.005093732615
41974	0.01908598585
41975	0.004635434569
41976	0.003493842786
41977	0.0019222872
41978	0.01000167932
41979	0.001368046395
41980	0.006217608746
41981	0.002519577745
41982	0.01008295474
41983	0.009546865785
41984	0.0007944555832
41985	0.0009946601716
41986	0.001014180567
41987	0.006653515771
41988	0.001111448697
41989	0.004740943727
41990	0.01235162015
41991	0.000307536363
41992	0.006821680633
41993	0.002085055014
41994	3.989900644e-05
41995	0.00589728351
41996	0.01127331142
41997	0.003492445933
41998	0.01658391874
41999	0.01091513874
42000	0.005688738952
42001	0.0003465050307
42002	0.001001541181
42003	0.003324170386
42004	0.002530642694
42005	0.000253154651
42006	0.0138244229
42007	0.004474108015
42008	0.006313804761
42009	0.003750834766
42010	0.01021843237
42011	0.001645797704
42012	0.009304831627
42013	0.0001943314828
42014	0.006537771192
42015	0.003847793968
42016	0.001031456792
42017	0.0004942038038
42018	0.001551834244
42019	0.001615671416
42020	0.004721432839
42021	0.0009105917723
42022	0.007184873869
42023	0.002970672547
42024	0.002499244489
42025	0.000243375428
42026	0.008006328886
42027	0.000710682585
42028	0.003615726906
42029	0.0001802170393
42030	0.002679997963
42031	0.01170078965
42032	0.01329005565
42033	0.0118482587
42034	0.002758581461
42035	0.0004952749262
42036	0.003251929898
42037	0.009130492676
42038	0.005088946616
42039	4.234617759e-06
42040	0.01056337725
42041	0.003754158483
42042	0.008912810464
42043	0.004454292208
42044	0.005172996985
42045	0.0034654692
42046	0.003170166773
42047	0.004580306721
42048	0.007224907472
42049	0.002635561855
42050	0.00252390496
42051	0.00848498285
42052	0.01019431993
42053	0.01193704973
42054	0.002469528737
42055	0.002913011561
42056	0.00356563166
42057	0.005152394024
42058	0.006939153114
42059	0.004233626676
42060	0.01395565244
42061	0.0003935834754
42062	0.002362266142
42063	0.007243063346
42064	0.004473086809
42065	0.006533132924
42066	0.01884853187
42067	0.01686843008
42068	0.006558347162
42069	0.0007537590242
42070	0.001187919535
42071	0.004078652372
42072	0.0162655405
42073	0.003455800423
42074	0.01414423414
42075	0.01006201836
42076	0.000795162213
42077	0.009518659512
42078	0.002208027315
42079	0.006345197339
42080	0.01128434407
42081	0.001468916763
42082	0.004195901164
42083	0.0009156052303
42084	0.01578741586
42085	0.01086998587
42086	0.00253760198
42087	0.01082371125
42088	0.0003559040811
42089	3.177254657e-05
42090	0.001316567966
42091	0.003154968787
42092	0.005054737951
42093	0.008412956326
42094	0.00190339563
42095	0.002946139066
42096	0.01822102889
42097	0.002309470843
42098	0.004368654449
42099	0.008393536177
42100	0.008653423949
42101	0.001977980395
42102	0.004323677532
42103	0.003389221491
42104	0.004728233289
42105	0.003297193547
42106	0.0007156862
42107	0.0003964671926
42108	0.0004165921537
42109	0.002671561471
42110	0.003773619156
42111	0.001107157611
42112	0.006856469803
42113	0.009846483396
42114	0.00372411227
42115	0.005676513579
42116	0
42117	0.01231584489
42118	0.004671628158
42119	0.011654873
42120	0.0001172848258
42121	0.005920986846
42122	0.01306148894
42123	0.003672484314
42124	0.003504683939
42125	0.003218650517
42126	0.001184790638
42127	0.002863205408
42128	0.008459475486
42129	0.003065080359
42130	0.00189962533
42131	0.008990953258
42132	0.001303404073
42133	0.01298551157
42134	0.005368086265
42135	0.0009888066832
42136	0.006016007414
42137	0.01180043754
42138	0.008957221624
42139	0.001587686854
42140	0.004031180408
42141	0.003093126317
42142	0.001016732676
42143	0.007370473566
42144	0.00251565721
42145	0.004333504692
42146	0.005709640704
42147	0.007696072448
42148	0.006797696998
42149	0.006019585963
42150	0.005527307593
42151	0.004617913723
42152	0.00246552828
42153	0.01237549322
42154	0.0001008605628
42155	0.01334295826
42156	0.001171594498
42157	0.005217556752
42158	0.001799347603
42159	0.009994327527
42160	0.0008278315225
42161	0.005004414678
42162	0.002491039236
42163	0.003315491271
42164	0.002023373117
42165	0.002260065345
42166	0.001642430763
42167	0.006411905198
42168	0.002368652038
42169	0.001243748837
42170	0.001292042021
42171	0.003401665016
42172	0.001128340797
42173	0.0006320228273
42174	0.006797828543
42175	0.001353172981
42176	0.006888404591
42177	0.001375647484
42178	0.003295770479
42179	0.01080264484
42180	0.00781167025
42181	0.01653833575
42182	0.001916444959
42183	0.002310315459
42184	0.002967475287
42185	0.005769340279
42186	0.01033750891
42187	0.01139892698
42188	0.002799932796
42189	0.001572828454
42190	0.005595143508
42191	0.006760995709
42192	0.01391344992
42193	0.002824500216
42194	0.001498124385
42195	0.01415309194
42196	0.006034145707
42197	0.01253133981
42198	0.005478888796
42199	0.005233651817
42200	0.006719404613
42201	0.0100344964
42202	0.003400219269
42203	0.01295706635
42204	0.002933417845
42205	0.007393010486
42206	0.003633868628
42207	0.003986965521
42208	0.01233491635
42209	0.00671822761
42210	0.002638841233
42211	0.001690506824
42212	0.0006349160622
42213	0.005425341198
42214	0.001745685369
42215	0.001099371114
42216	0.003040533547
42217	0.007157031956
42218	0.003969793533
42219	0.01098127485
42220	0.00809743276
42221	0.001009126721
42222	0.0007914705025
42223	0.000571541561
42224	0.001975343093
42225	0.007641578041
42226	0.006533095709
42227	0.005381338794
42228	0.004576311995
42229	0.01358143847
42230	0.001446572743
42231	0.005881464198
42232	0.002529529255
42233	0.003544772905
42234	0.00432380456
42235	0.00789628464
42236	0.01225503568
42237	0.00567577345
42238	0.004333667893
42239	0.006693342572
42240	0.003505540943
42241	0.01288631412
42242	0.004317286296
42243	0.006170711008
42244	0.006936508969
42245	0.008475887486
42246	0.004216429538
42247	0.003476656748
42248	0.001790016223
42249	0.0005335433942
42250	0.00589589695
42251	0.006153414221
42252	0.005227783395
42253	0.002665661202
42254	0.0109475971
42255	0.004532257586
42256	0.001823421207
42257	0.0009360080681
42258	0.0119681001
42259	0.01839251357
42260	0.02251745354
42261	0.01227826184
42262	0.01482716111
42263	0.001982746949
42264	0.004047571063
42265	0.0005887953062
42266	0.004191367083
42267	2.454283253e-05
42268	0.008145243417
42269	0.001047816726
42270	0.003188796269
42271	0.002680316005
42272	0.008240388828
42273	0.00377679639
42274	0.001155957932
42275	0.01331899606
42276	0.0008082776126
42277	0.008102171125
42278	0.0004819696128
42279	0.0006488814953
42280	0.009557417016
42281	0.009109001446
42282	0.01239843458
42283	0.006269773279
42284	0.001950368319
42285	0.002460461355
42286	0.006923611686
42287	0.005772791964
42288	0.007896877614
42289	0.000674271309
42290	0.001167907943
42291	0.00175511646
42292	0.007693967736
42293	0.004443701868
42294	0.006743613047
42295	0.01142499369
42296	0.003771369283
42297	0.003447013648
42298	0.0005017316951
42299	0.003610523102
42300	0.001539875157
42301	0.001148584595
42302	0.001294796079
42303	0.007789304947
42304	0.003731998698
42305	0.003333272545
42306	0.01003464483
42307	0.001737636994
42308	0.008290666104
42309	0.005159388607
42310	0.005669924563
42311	0.00204667018
42312	0.004316363112
42313	0.01143902428
42314	0.0005148330493
42315	0.007970183846
42316	0.005255419118
42317	0.001715723566
42318	0.007322073685
42319	0.002901913441
42320	0.0008516417876
42321	0.0006736760544
42322	0.02492886505
42323	0.01912905399
42324	0.01287541989
42325	0.0172500625
42326	0.006552742714
42327	0.007176248017
42328	0.01189070883
42329	0.0007721239945
42330	0.002680947608
42331	0.002497438818
42332	0.0009575693661
42333	0.001685175566
42334	0.001643936079
42335	0.002247034557
42336	0.001774315082
42337	1.923484531e-05
42338	0.003091514584
42339	0.01237656598
42340	0.005170528925
42341	0.00111895069
42342	0.002712323916
42343	0.001860074773
42344	0.007199252363
42345	0.002181508384
42346	0.0005808691026
42347	0.0009683164681
42348	0.004399438626
42349	0.01013402284
42350	0.004410321273
42351	0.01309662114
42352	0.004883255901
42353	0.0007866486179
42354	0.001354597368
42355	0.0008684159364
42356	0.02492791028
42357	0.009293057608
42358	0.002853807934
42359	0.004469187311
42360	0.00091298376
42361	0.005406839342
42362	0.004928629624
42363	0.0008641296061
42364	0.001868017744
42365	0.008044605569
42366	0.003781598382
42367	0.0007734974309
42368	0.006679059136
42369	0.002153526415
42370	0.01003051861
42371	0.0005682353649
42372	0.01401885468
42373	0.01217241273
42374	0.01049264975
42375	0.007546279942
42376	0.007357045062
42377	0.005406578279
42378	0.004927492398
42379	0.003899559671
42380	0.007448752163
42381	0.01030260192
42382	0.004923492586
42383	0.00167666291
42384	0.004221178208
42385	0.009765841991
42386	0.001269632263
42387	0.002213283701
42388	0.02085789518
42389	0.01131863025
42390	0.004980361088
42391	0.002439304466
42392	0.007850629678
42393	0.004609267519
42394	0.006829296051
42395	0.0008945150093
42396	0.001141131036
42397	0.01025045055
42398	0.01029045887
42399	0.001197032427
42400	0.006457271508
42401	0.00697961181
42402	0.001860531102
42403	0.007987652355
42404	0.002825420013
42405	0.0003963038496
42406	0.0003398142021
42407	0.0007150536634
42408	0.00553768101
42409	0.002813016705
42410	0.0004230466704
42411	0.005284975896
42412	0.0004387732804
42413	0.008413845799
42414	0.002723128151
42415	0.0002586975865
42416	0.002783010165
42417	0.0009581652238
42418	0.001865630099
42419	0.004951924596
42420	0.003312678763
42421	0.004059067086
42422	0.00167785161
42423	0.0001311510785
42424	0.001966057884
42425	0.001766220771
42426	0.001687071526
42427	0.009574606374
42428	0.005941730271
42429	0.0004001940115
42430	0.0004612055154
42431	0.0006641911294
42432	0.001240702283
42433	0.0008105302701
42434	0.0002107223303
42435	0.00102096221
42436	0.01196206922
42437	0.002710080915
42438	0.002168943563
42439	0.005003843458
42440	0.0001065628576
42441	0.002342873651
42442	0.00588158267
42443	0.0009627580495
42444	0.002355194995
42445	0.0001400496084
42446	0.0001241791362
42447	0.0001592013642
42448	0.004052114645
42449	0.002295831067
42450	0.002500083906
42451	0.0008150260999
42452	0.00534507239
42453	0.001444890969
42454	0.009461395151
42455	0.001594247034
42456	0.004618899088
42457	0.001619679223
42458	0.001580053107
42459	0.002297685522
42460	0.005511653541
42461	0.0007195281664
42462	0.006683251277
42463	0.00215067127
42464	0.005323486393
42465	0.001570684071
42466	0.001157640404
42467	0.005400339782
42468	0.001520586294
42469	0.0009167134673
42470	0.002172433254
42471	0.001450439777
42472	0.0004969461118
42473	0.001651213967
42474	0.002004315361
42475	0.00211746086
42476	0.001574890224
42477	0.0004472884336
42478	0.00619648172
42479	9.885712561e-05
42480	0.0006436966959
42481	0.000309151809
42482	0.00404471785
42483	0.002925516566
42484	0.003943112651
42485	0.00584623976
42486	0.004220651737
42487	0.007717283186
42488	0.008932365731
42489	0.008312443898
42490	0.006755596337
42491	0.008636996692
42492	0.005139053705
42493	0.001267131607
42494	0.007373206048
42495	0.0007812773365
42496	0.01224046199
42497	0.009674518746
42498	0.0020426798
42499	0.001503463827
42500	0.002019977671
42501	8.824975991e-05
42502	1.235030757e-05
42503	0.001590384027
42504	0.001910830354
42505	0.001782826861
42506	0.0006584180366
42507	0.0009740294366
42508	0.00156491892
42509	0.00401575517
42510	0.005934193168
42511	0.006808053302
42512	0.004124586664
42513	0.005000742957
42514	0.003430598146
42515	0.009886110633
42516	0.001281801603
42517	0.002196550381
42518	0.001231562587
42519	0.0004389184781
42520	0.001798643475
42521	0.001180911488
42522	0.001270248425
42523	0.006654434345
42524	0.00494906574
42525	0.0158031412
42526	0.002656662218
42527	0.007749221161
42528	0.004609928422
42529	0.001203807028
42530	9.333312569e-06
42531	0.006735346237
42532	0.007123062838
42533	0.004060704437
42534	0.003165629011
42535	0.007195734877
42536	0.0005409632702
42537	0.01590932724
42538	0.006867932929
42539	0.01691982047
42540	0.00853550467
42541	0.001563195601
42542	0.0007995871096
42543	0.0003016988918
42544	0.002358123406
42545	0.001526756502
42546	0.004406758455
42547	0.01216324534
42548	0.0009271603306
42549	0.008449240364
42550	0.002470058769
42551	3.713121703e-05
42552	0.001422118355
42553	0.002978223341
42554	0.003577010471
42555	0.004915262579
42556	0.001425222921
42557	0.003342652295
42558	0.001384245772
42559	0.002997562791
42560	0.007828270555
42561	0.001459327215
42562	0.007883516406
42563	0.008176837261
42564	0.002188538038
42565	0.004186921218
42566	0.002641234636
42567	0.003354789143
42568	0.006868803275
42569	0.00173335262
42570	0.007149630767
42571	0.001779430426
42572	0.00852441775
42573	0.001122348467
42574	0.0009899284195
42575	0.001688861774
42576	0.00203583159
42577	0.003199399531
42578	0.003431570757
42579	0.0004703643493
42580	0.007244935363
42581	0.001672107582
42582	0.005590309804
42583	0.004886299656
42584	0.01653564484
42585	0.009882380557
42586	0.02399894008
42587	0.002328656861
42588	0.006100006119
42589	0.009573718483
42590	0.006144563307
42591	0.005684511691
42592	0.0003481000524
42593	0.002455589299
42594	0.001021363904
42595	0.002881786692
42596	0.004997049873
42597	0.006485018867
42598	0.008489951989
42599	0.008703192229
42600	0.001998402347
42601	0.003808401608
42602	0.0006749187514
42603	0.005071097081
42604	0.002766673247
42605	0.002395221467
42606	0.001588825938
42607	0.005691596723
42608	0.008201084955
42609	0.001622710546
42610	0.002530258073
42611	0.00322772776
42612	0.001379354741
42613	0.007784339047
42614	0.0007350842673
42615	0.01426021693
42616	0.003605392335
42617	0.005446329392
42618	0.003152971321
42619	0.001303005612
42620	0.002864574953
42621	0.004812164897
42622	0.000222774924
42623	0.005610260362
42624	0.005274989313
42625	0.01279247525
42626	0.0009189375869
42627	0
42628	0.01060472959
42629	0.001354070014
42630	0.003394262406
42631	0.0001255207952
42632	0.0008341408693
42633	0.001449177356
42634	0.0007461271746
42635	0.0001564826514
42636	0.0005882421487
42637	0.001221220718
42638	4.783391484e-05
42639	0.0004605901289
42640	0.002238918985
42641	0.0008980578847
42642	0.0004573589582
42643	0.001049518421
42644	0.001600817421
42645	0.001379264575
42646	0.0003383643192
42647	0.0005641875203
42648	0.0004685440022
42649	0.0001029782457
42650	0.003417307474
42651	0.00274982278
42652	0.005702726521
42653	0.00162960802
42654	0.004743661624
42655	0.003224182081
42656	0.002883777952
42657	0.002385536061
42658	0.00103806613
42659	0.000784808186
42660	0.0007660106484
42661	0.001546979694
42662	0.001079856756
42663	0.00833883252
42664	7.442424797e-05
42665	0.002703584553
42666	0.01197464362
42667	0.005472578246
42668	0.002925514834
42669	0.006929663259
42670	0.0002596966243
42671	0.001463664606
42672	0.0008096682804
42673	0.0008891414546
42674	0.001783950741
42675	0.0001105201858
42676	0.004458931262
42677	0.009094261872
42678	0.0002130473551
42679	0.007120379236
42680	5.325988101e-05
42681	7.593860252e-06
42682	0.001236908621
42683	0.00122700165
42684	0.0005087859863
42685	0.003187807655
42686	0.0005680437426
42687	0.001449625911
42688	6.564401747e-05
42689	0.006338074047
42690	0.01127777255
42691	0.01173058691
42692	0.002001597397
42693	0.006158430025
42694	0.001320724057
42695	0.006625977929
42696	0.002597189662
42697	0.008450976991
42698	0.001694604559
42699	0.004504944318
42700	0.009971665694
42701	0.01613240871
42702	0.01393312035
42703	0.0005987476687
42704	0.009898082138
42705	0.00515672932
42706	0.0118488516
42707	0.002056957186
42708	0.006858250026
42709	0.02628122907
42710	0.0002298073181
42711	0.009408641051
42712	0.005293732693
42713	0.009007671413
42714	0.0007383546601
42715	0.0005352743
42716	0.001090367199
42717	9.530262331e-07
42718	0.002018795585
42719	0.001604494582
42720	0.005536086063
42721	0.002348359775
42722	0.002185674385
42723	0.003418132044
42724	0.001494489246
42725	0.0003170889409
42726	0.00852813189
42727	0.01162376667
42728	0.002050478675
42729	0.001779809857
42730	0.00430758605
42731	0.004940033471
42732	0.009541115141
42733	0.002584812787
42734	0.0009226207503
42735	0.004560928906
42736	0.0008060098108
42737	0.007837199094
42738	0.009899883609
42739	0.00597454538
42740	0.01039084611
42741	0.002717257186
42742	0.009629768463
42743	0.006949361954
42744	0.006956167785
42745	0.006493454659
42746	0.01191115143
42747	0.01054617753
42748	0.003977603752
42749	0.002460936978
42750	0.006332689694
42751	0.01740952458
42752	0.004514724334
42753	0.01248679804
42754	0.001129581802
42755	0.002136582339
42756	0.003933324064
42757	0.008057489464
42758	0.006468991443
42759	0.0004485057132
42760	0.02242210133
42761	0.007735028519
42762	0.004170556755
42763	0.008536472492
42764	0.003687355091
42765	0.006322446615
42766	0.004113668979
42767	0.007833340742
42768	0.0005992028129
42769	0.01518323537
42770	0.007118875938
42771	0.004387671623
42772	0.005197977056
42773	0.0006377845859
42774	0.001320190976
42775	0.016891166
42776	0.007944483984
42777	0.007014761919
42778	0.0002557501016
42779	9.349032566e-05
42780	0.0009133219711
42781	0.0003952697199
42782	2.685093611e-05
42783	0.0001432797817
42784	3.395004619e-05
42785	0.0001934872886
42786	0.001263267144
42787	0.000567860867
42788	0.0002597344905
42789	0.004769202746
42790	8.770097326e-05
42791	0.004736083838
42792	0.004984247375
42793	0.001340318475
42794	0.008055785929
42795	0.001278826176
42796	0.0006496999767
42797	0.0131654641
42798	0.006551422269
42799	0.00313238956
42800	0.00163395342
42801	0.003220695832
42802	0.009594505078
42803	0.00278894687
42804	0.002676371373
42805	0.001246312859
42806	0.01098220726
42807	0.007403190676
42808	0.0006992727801
42809	0.005539795494
42810	0.001072216439
42811	0.0001676876894
42812	0.003446616482
42813	0.003806133497
42814	0.003145887203
42815	0.01567988997
42816	0.00167624467
42817	0.01142262977
42818	0.006219581839
42819	0.004617032616
42820	0.005399273377
42821	5.002400275e-06
42822	0.000219599968
42823	0.0005782922237
42824	0.001627832924
42825	0.001770368222
42826	0.001387494917
42827	0.007554618747
42828	0.0005549387401
42829	0.008427431794
42830	0.001164188843
42831	0.001243074955
42832	0.003756531463
42833	0.0001433421563
42834	0.00414918284
42835	0.004755653973
42836	0.0008001365002
42837	0.0005701510331
42838	0.004360663878
42839	0.0006178312327
42840	0.002539956824
42841	0.001010534437
42842	0.002719341292
42843	0.0002599339181
42844	0.0001175338343
42845	0.0001019820036
42846	0.007202085382
42847	0.005864212755
42848	0.0002549461969
42849	0.002381189932
42850	4.269326011e-05
42851	0.0007396794112
42852	0.0009004789791
42853	0.002114032957
42854	0.008412946914
42855	0.0005347124083
42856	0.005515034405
42857	0.001953271406
42858	0.004571327293
42859	0.007000952222
42860	0.005083500928
42861	0.0163554297
42862	0.003788564392
42863	0.0004291436781
42864	0.007436968194
42865	0.004431928498
42866	0.00267148568
42867	0.006180755116
42868	0.003012789136
42869	0.005760062869
42870	0.0004454849193
42871	0.002189757702
42872	0.0007694713999
42873	0.00161556595
42874	0.001001105911
42875	0.003033950656
42876	0.002793786353
42877	0.002690873416
42878	0.003059906576
42879	0.0002281623319
42880	0.003483559115
42881	0.001010067115
42882	0.002044845959
42883	0.002471472761
42884	0.003015519914
42885	0.00357861935
42886	0.0009430001765
42887	0.0001028455145
42888	0.005000305209
42889	0.006268400535
42890	0.001249435817
42891	0.005334133034
42892	0.003138300164
42893	0.003071814499
42894	0.006263824355
42895	0.008199435
42896	0.0005681685208
42897	0.002032915439
42898	0.002171548992
42899	0.0006729876104
42900	0.002990857808
42901	0.009107433332
42902	0.01688116582
42903	0.003942821236
42904	0.008852588428
42905	0.009263465524
42906	0.00365904776
42907	0.004681321598
42908	0.003504323223
42909	0.004016079767
42910	0.002167713026
42911	0.001005957523
42912	0.001079270022
42913	0.0001390981489
42914	0.003735246374
42915	0.00394236325
42916	0.007006716932
42917	7.430785076e-05
42918	0.01026830429
42919	0.003962971006
42920	0.008885611815
42921	0.002012809338
42922	0.002350678828
42923	0.0003210016249
42924	0.003115842882
42925	0.005244473873
42926	0.003779718362
42927	0.006876567527
42928	0.002252231333
42929	0.0007312860649
42930	0.004262532276
42931	0.004405427671
42932	0.001050798958
42933	0.0005392058119
42934	0.0001935192375
42935	0.002664503054
42936	0.0006872450206
42937	0.001906040052
42938	0.00995109539
42939	0.005952878255
42940	0.001571378122
42941	0.008257565967
42942	0.002387232005
42943	0.01330031958
42944	0.008782115726
42945	0.001537498504
42946	0.003929100353
42947	0.002228000462
42948	0.001407526936
42949	0.01477437868
42950	0.004715843576
42951	0.01294709428
42952	0.001450550299
42953	0.007077993965
42954	0.001830477299
42955	0.005527533204
42956	0.01961042676
42957	0.0003556730891
42958	0.007490955426
42959	0.001938211506
42960	0.001737222131
42961	0.007743227284
42962	0.001687469358
42963	0.004182582911
42964	0.0001680622067
42965	0.00227209279
42966	0.00151745264
42967	0.0006886223485
42968	0.0013017975
42969	0.0005996706959
42970	0.005916414928
42971	0.01668999686
42972	9.103220127e-05
42973	0.01426071229
42974	0.007272086826
42975	0.004118757339
42976	0.0007618412462
42977	0.001716570257
42978	0.001247913849
42979	0.0008898397236
42980	0.003436108048
42981	0.002325889485
42982	0.003492078897
42983	0.00185186414
42984	0.003758466122
42985	0.002770218932
42986	0.002583001854
42987	0.00672980908
42988	0.001851959493
42989	0.001320707398
42990	0.009149385608
42991	0.00283568996
42992	0.00354059482
42993	0.005587912333
42994	5.360838231e-08
42995	0.009631961702
42996	0.001794486947
42997	0.0002509447485
42998	0.002278620413
42999	0.005685719934
43000	0.006194534956
43001	0.004362335221
43002	0.000633272186
43003	0.002163133129
43004	0.005285451134
43005	0.002176757886
43006	0.001423540581
43007	0.0003372800924
43008	0.001898170763
43009	0.007904750687
43010	0.004131481876
43011	0.0001039236559
43012	0.0005945880589
43013	0.00255251641
43014	0.006198303217
43015	0.008532648225
43016	0.007308902666
43017	0.0009261239141
43018	0.00477861406
43019	0.003057715799
43020	0.004932485381
43021	0.008778019775
43022	0.00375039554
43023	0.01204338846
43024	0.002353900645
43025	0.009123270819
43026	0.008767525339
43027	0.001213835384
43028	0.006269801404
43029	0.001978752105
43030	0.0132006902
43031	0.0106658243
43032	0.001623641139
43033	0.00121541474
43034	0.01034115245
43035	0.01361743336
43036	0.005963310215
43037	0.002541714563
43038	0.003630097506
43039	0.0002358980196
43040	0.006450576882
43041	0.007312973726
43042	0.002834677885
43043	0.01029372921
43044	0.01364241228
43045	0.0037677617
43046	0.01297847969
43047	0.001145020725
43048	0.00199415818
43049	0.0006834027365
43050	0.004419040303
43051	0.0009732204924
43052	0.001024023316
43053	0.0009116994155
43054	0.00273705314
43055	0.01141282848
43056	0.0003760761311
43057	0.003418937487
43058	0.005436358561
43059	0.0005584629766
43060	0.005399540508
43061	0.005335651295
43062	0.005380297396
43063	0.002073528525
43064	0.003660693408
43065	0.0005468219342
43066	0.003293683314
43067	0.009217878721
43068	0.003608692574
43069	0.004823477647
43070	0.01214884672
43071	0.001601824819
43072	0.01511859087
43073	0.007887641284
43074	0.01774673612
43075	0.008989686284
43076	0.01835766229
43077	0.002747224034
43078	0.002264244841
43079	0.006363708554
43080	0.003274396486
43081	0.005059587195
43082	0.01440584567
43083	0.01321297519
43084	0.009804206566
43085	0.007842607179
43086	0.002048783172
43087	0.01208530667
43088	0.00348061877
43089	0.01330812064
43090	0.0001942224195
43091	0.006162692157
43092	0.0129217586
43093	0.007714954726
43094	0.008213689247
43095	0.0004656163539
43096	0.00407088158
43097	0.01063540954
43098	0.007601909955
43099	0.004776913716
43100	0.000242759554
43101	0.005130730802
43102	0.009578489199
43103	0.000762396815
43104	0.007524965953
43105	0.01040698303
43106	0.009777564111
43107	0.007140363786
43108	0.0001421057606
43109	0.002716180542
43110	0.001149117099
43111	0.003244810492
43112	0.0008689638371
43113	0.002809097867
43114	0.004254024004
43115	0.003641910015
43116	0.01066122642
43117	0.008543340015
43118	0.002052091204
43119	0.003201688485
43120	0.00150392
43121	0.009068016723
43122	0.001675143788
43123	0.003677553594
43124	0.003454926902
43125	0.007742501449
43126	0.003477896102
43127	5.282732981e-05
43128	0.004510493416
43129	0.0005511435322
43130	0.004202166016
43131	0.004037330414
43132	0.008668161621
43133	0.008263783536
43134	0.01461773223
43135	0.0009837769608
43136	0.009446560453
43137	0.001002391008
43138	0.003655335728
43139	0.001087048064
43140	0.00801738559
43141	0.00837133888
43142	0.01127780404
43143	0.001994241407
43144	0.005432509263
43145	0.00873544901
43146	0.007417903485
43147	0.001441221078
43148	0.01399380028
43149	0.001063361238
43150	0.008511429682
43151	0.002916399474
43152	0.001327434343
43153	0.002939484735
43154	0.01155781467
43155	0.002598852467
43156	0.0007591378354
43157	0.01536563488
43158	0.003726909182
43159	0.001560445653
43160	0.006341227066
43161	0.0008389514509
43162	0.00700697371
43163	0.002834478597
43164	0.004026792226
43165	0.004777637527
43166	0.01180638814
43167	0.00445731386
43168	0.006481422132
43169	0.001042271796
43170	0.006217665049
43171	0.001698332537
43172	0.001352744989
43173	0.0135217902
43174	0.002515789492
43175	0.0002779612593
43176	0.008964501973
43177	0.001264641893
43178	0.0008369303584
43179	0.007658205136
43180	0.0109090451
43181	0.0006343016839
43182	0.002585483152
43183	0.003584935511
43184	0.00638928018
43185	0.01640386199
43186	0.007372343377
43187	0.01001467466
43188	0.001809292872
43189	0.006025750039
43190	0.001281872837
43191	0.006051236978
43192	0.001717066373
43193	0.009982730861
43194	0.001190581302
43195	0.006712324201
43196	0.006734502917
43197	0.003613417144
43198	7.700309113e-05
43199	0.002450626734
43200	0.00525390443
43201	0.005561876966
43202	0.002055759122
43203	0.005759357494
43204	0.007925711164
43205	0.002905050203
43206	0.01209970704
43207	0.01138762215
43208	0.004356484604
43209	0.0009160476938
43210	0.0001418109546
43211	0.009063382222
43212	0.0008655156422
43213	0.0005897623307
43214	0.001433719989
43215	0.003745985361
43216	0.01483094631
43217	0.0008534914082
43218	0.002316508895
43219	0.0001362831737
43220	0.001835242747
43221	0.006464808374
43222	0.002274585245
43223	0.0005898606642
43224	0.006681546268
43225	0.008789665062
43226	0.01148850973
43227	0.001658457615
43228	0.001785499749
43229	0.001217894602
43230	0.0007229309705
43231	0.006216744585
43232	0.002173348903
43233	0.002170589468
43234	0.002003704108
43235	0.001469534663
43236	0.001590700784
43237	0.002014964641
43238	0.001051345296
43239	0.0009495859398
43240	0.001959260295
43241	0.009296130436
43242	0.004782193938
43243	0.002356007442
43244	0.0001686909774
43245	0.0007736560179
43246	0.0006994557073
43247	0.001589245233
43248	0.00129162528
43249	0.0002171519952
43250	0.001598126101
43251	0.002018035747
43252	0.000536440062
43253	0.002922212585
43254	0.01206191084
43255	0.008704735519
43256	0.001808821807
43257	0.000596926737
43258	0.0021742277
43259	0.001811806907
43260	0.0003636430262
43261	0.008408909979
43262	0.002874582408
43263	0.00742870251
43264	0.0009485389418
43265	0.003961199032
43266	0.004541364618
43267	6.63175897e-05
43268	0.001483098408
43269	0.004436225959
43270	0.004428409534
43271	0.001769338025
43272	0.009495942459
43273	0.00243498283
43274	0.01491920626
43275	0.007937418457
43276	0.001816705044
43277	0.0004911216809
43278	0.005375436854
43279	0.005582644499
43280	0.007237725682
43281	0.005107313241
43282	0.003238572624
43283	0.007999646025
43284	0.0004500848355
43285	0.002234753921
43286	0.0002990606307
43287	0.002415936592
43288	0.007542117232
43289	0.006635500599
43290	0.002808092982
43291	0.007260912376
43292	0.01267146764
43293	0.001743647245
43294	0.002814828781
43295	0.005141314217
43296	0.01219839216
43297	0.003842261327
43298	0.00683610229
43299	0.003876226305
43300	0.009213214799
43301	0.006419903661
43302	0.003954989098
43303	0.01240931574
43304	0.002788686271
43305	0.007823945807
43306	0.01565639842
43307	0.001391086095
43308	0.002225535551
43309	0.001247639386
43310	0.001041204479
43311	0.004220228232
43312	0.001043407325
43313	0.00069215773
43314	0.000199556615
43315	0.007890255827
43316	0.006120808577
43317	0.004969146974
43318	0.0003852417421
43319	0.0002721106735
43320	0.006012928193
43321	0.000321456826
43322	0.003239976731
43323	0.0001605296441
43324	0.005705933313
43325	0.004851834735
43326	0.001822728283
43327	0.000773902925
43328	0.01587970209
43329	0.00378365455
43330	0.002139350493
43331	0.01000135845
43332	0.003971506009
43333	0.005042774108
43334	0.008107535013
43335	0.02096735203
43336	0.00536407339
43337	0.0009315028217
43338	0.003554712404
43339	0.0009195469474
43340	0.007953887364
43341	0.008368973201
43342	0.005575013611
43343	0.01512404685
43344	0.01081145177
43345	0.001434485395
43346	0.002139942722
43347	0.005821944365
43348	0.003043830788
43349	0.003781990976
43350	0.00724534068
43351	0.01245361116
43352	0.01607290695
43353	0.002611333931
43354	0.005854349636
43355	0.009482654964
43356	0.005467065342
43357	0.01648808992
43358	0.01482774557
43359	0.01033403811
43360	0.005416104135
43361	0.0005761364665
43362	0.004533904643
43363	0.003753517158
43364	0.003026431972
43365	0.002613316611
43366	0.004732315151
43367	0.004147988571
43368	0.01337239866
43369	0.002758113734
43370	0.0153821703
43371	0.006663244843
43372	0.0004045581824
43373	0.008824197525
43374	0.01361609518
43375	0.003278086694
43376	0.004966311306
43377	0.002972671237
43378	0.001018943841
43379	0.003800542177
43380	0.003208803767
43381	0.007212249191
43382	0.000895689681
43383	0.001766509709
43384	0.007584063256
43385	0.0007248769955
43386	0.001637203336
43387	0.006731013684
43388	0.002183724429
43389	0.02028090455
43390	0.003422204931
43391	0.00263380428
43392	0.005409773704
43393	0.0006998132892
43394	0.01301919555
43395	0.006039374444
43396	0.0129235535
43397	0.002116081572
43398	0.001331199308
43399	0.003443711592
43400	0.006641549339
43401	0.001037873494
43402	0.00584614782
43403	0.002257743733
43404	0.003461825223
43405	0.001521130449
43406	0.008092678202
43407	0.00661589707
43408	0.01062624049
43409	0.0002141458813
43410	0.006200254648
43411	0.004795931438
43412	0.009416154969
43413	0.001932347981
43414	0.004038095824
43415	0.009856798838
43416	0.01352949035
43417	0.002186045206
43418	0.01270224249
43419	0.008189406551
43420	0.002248181164
43421	0.005002084686
43422	0.01013051149
43423	0.01394550969
43424	0.007004453266
43425	0.001952140153
43426	0.003379322833
43427	0.01259947064
43428	0.0006467551052
43429	0.0048044194
43430	0.0003145263276
43431	0.001944525235
43432	0.01225054958
43433	0.0003016438858
43434	0.00836983181
43435	0.005098096413
43436	0.001518455087
43437	0.0008206819349
43438	0.002968200354
43439	0.0106344286
43440	0.003704605322
43441	0.002945627629
43442	0.0003894768042
43443	0.004086428187
43444	0.003456737647
43445	0.003296577412
43446	0.002512749358
43447	0.0001123969822
43448	0.005103881464
43449	0.006907396231
43450	0.002641733099
43451	0.0006842420285
43452	0.0006856627786
43453	0.0004105094496
43454	3.215680364e-07
43455	0.0005519442052
43456	0.0005440330889
43457	0.0002741438925
43458	0.0001277759166
43459	0.0004100469315
43460	0.0001400111315
43461	0.0006843298173
43462	0.0004083591349
43463	0.0001374171145
43464	0.0004111360942
43465	0.0004059456123
43466	0.0006922673125
43467	0.0006841634605
43468	0.001852512447
43469	0.0004294771106
43470	0.00581225311
43471	0.00442614075
43472	0.001963738619
43473	0.001086679235
43474	1.312991785e-05
43475	0.0003978145311
43476	0.01421361779
43477	0.004067983072
43478	0.009729675583
43479	0.01345506519
43480	0.0130236856
43481	0.008422757253
43482	0.01477999786
43483	0.004517929359
43484	0.002976747387
43485	0.006961986001
43486	0.01528606102
43487	0.001873888903
43488	0.009621637968
43489	0.000739750966
43490	0.0004541512581
43491	0.005502006179
43492	0.00906358912
43493	0.009433235425
43494	0.000306363256
43495	0.0003565608852
43496	0.002606646746
43497	0.001043101459
43498	0.005571227265
43499	0.003368746724
43500	7.379967408e-05
43501	0.002746171428
43502	0.00590997843
43503	0.004196459558
43504	0.0001641195981
43505	0.002238906159
43506	0.01115280399
43507	0.005883267589
43508	0.006832941085
43509	0.001816961961
43510	0.002237187349
43511	0.0008589685381
43512	0.01548534699
43513	0.002862236237
43514	0.004827628907
43515	0.006113901322
43516	0.01162689198
43517	0.005982818907
43518	0.00200925188
43519	0.003794472951
43520	0.002795948468
43521	0.004751748261
43522	0.01614244957
43523	0.004147099276
43524	0.002638576227
43525	0.008871646188
43526	0.004546205768
43527	0.008458208191
43528	0.0007768322499
43529	0.001602096709
43530	0.0007391840273
43531	0.003324716423
43532	0.006707656858
43533	0.008072612703
43534	0.001809969318
43535	0.004046950712
43536	0.003096098107
43537	0.005918634504
43538	0.007786894418
43539	0.001059079948
43540	0.00751724694
43541	0.001076275628
43542	0.005139201499
43543	0.001103132965
43544	0.002604859167
43545	0.001072924653
43546	0.0006014345863
43547	0.005696420968
43548	0.001581001986
43549	0.007666541012
43550	0.001529663512
43551	0.00014991533
43552	0.001921037782
43553	0.003694098059
43554	0.008005418133
43555	0.009597892975
43556	0.002286191312
43557	0.003598122396
43558	0.003588868308
43559	0.0006770589916
43560	0.0006603379596
43561	0.003630946795
43562	0.009280796551
43563	0.005712558796
43564	0.001930569769
43565	0.001430387065
43566	0.003270900621
43567	0.0009188113982
43568	0.002242422538
43569	0.01059455821
43570	0.001129782063
43571	0.0001762046539
43572	0.006141546512
43573	0.001059890373
43574	0.001115646495
43575	0.003165788099
43576	0.0001948767235
43577	0.00616982196
43578	0.001009627626
43579	0.004090809664
43580	0.008454747745
43581	0.005677601004
43582	0.002523124287
43583	0.001522508895
43584	0.002849034062
43585	0.001794661206
43586	0.0008220688997
43587	0.007061600782
43588	0.002853827813
43589	0.01125851606
43590	0.007837893574
43591	0.0009074894208
43592	0.00444557851
43593	0.002817213429
43594	0.001663127372
43595	0.008689088392
43596	0.001889285994
43597	0.004530132117
43598	0.00382477844
43599	0.006180974848
43600	0.002438788321
43601	0.001988727649
43602	0.004203576819
43603	0.02474266525
43604	0.0117878649
43605	0.002885572458
43606	0.003366768559
43607	0.004824422578
43608	0.005880427088
43609	0.009843542763
43610	0.005849334437
43611	0.02067239665
43612	0.005149689625
43613	0.002304415417
43614	0.00303993279
43615	0.004297788065
43616	0.00219916205
43617	0.002570631273
43618	0.009537341771
43619	0.002734022196
43620	0.004766727505
43621	0.001302003784
43622	0.005808171416
43623	0.01014738477
43624	0.007679211169
43625	7.943107316e-05
43626	0.007572940503
43627	0.00231753063
43628	0.004959764048
43629	0.006220097249
43630	0.002336081019
43631	0.006162502448
43632	0.006816347896
43633	0.01059571381
43634	0.001150265272
43635	0.004174057236
43636	0.0007803202302
43637	0.006765673263
43638	0.004103261221
43639	0.00815369246
43640	0.002482550828
43641	0.00290972079
43642	0.00200168963
43643	0.00615261903
43644	0.006650770447
43645	0.0005361804069
43646	0.006799781526
43647	0.003821761909
43648	0
43649	0.002157638211
43650	0.003144839588
43651	0.001106679135
43652	0.00196691968
43653	0.004767900385
43654	0.003735352141
43655	0.0004789100561
43656	0.007930295563
43657	0.008371476234
43658	0.0005701254352
43659	9.347531913e-05
43660	0.002901155384
43661	0.003558742612
43662	0.001450204279
43663	0.00420931202
43664	0.004969920324
43665	0.005607361725
43666	0.006381535015
43667	0.006034524687
43668	0.005969413485
43669	0.008034095992
43670	0.0007912052752
43671	0.005642149015
43672	0.003346980546
43673	0.004467559597
43674	0.003014983541
43675	0.008725304824
43676	0.01125859208
43677	0.0009174798703
43678	0.008951298923
43679	0.0003021204769
43680	0.0004298528252
43681	0.005874324626
43682	0.001878790219
43683	0.00770235436
43684	0.0005383949106
43685	0.0005482105349
43686	0.007060449951
43687	0.001873841159
43688	0.006031688187
43689	0.002192892499
43690	0.003796584109
43691	0.01186737374
43692	0.01255832603
43693	0.003191501309
43694	0.003400071381
43695	0.001236495166
43696	0.002433620507
43697	0.00610817005
43698	0.001625908424
43699	0.005020345583
43700	0.007120949064
43701	0.00335477973
43702	0.0152349123
43703	0.01335662313
43704	0.001266361487
43705	0.005218097147
43706	0.001158949914
43707	0.0055920815
43708	0.001170491699
43709	0.003311541706
43710	0.005012376712
43711	0.0003276106587
43712	0.006785352392
43713	0.00603444176
43714	0.004867515266
43715	0.004546281512
43716	0.009052523443
43717	0.003830928349
43718	0.001652956258
43719	0.00809861695
43720	0.002352765724
43721	0.00642138168
43722	0.002397398788
43723	0.0005819749057
43724	0.000433319805
43725	0.003143871483
43726	0.00106665374
43727	0.001398762962
43728	0.003117568547
43729	0.002377824423
43730	0.0009127431931
43731	0.01167413774
43732	0.003575044683
43733	0.004163891306
43734	0.0002048407407
43735	0.003973599668
43736	0.005462276426
43737	0.0008048363082
43738	0.01264309652
43739	0.001217579126
43740	0.003586345724
43741	0.00537338511
43742	0.0001614071178
43743	0.002046056847
43744	0.0003009312678
43745	0.004405429484
43746	0.01211143051
43747	0.001990777554
43748	0.004496318976
43749	0.0008602912776
43750	0.004351993722
43751	0.004126233801
43752	0.01736293195
43753	0.005488744865
43754	0.009748798728
43755	0.01001158566
43756	0.004072021248
43757	0.002504262582
43758	0.002087809654
43759	0.006806879168
43760	0.008617219781
43761	0.003048990103
43762	0.0007306647196
43763	0.01049851451
43764	0.000237877205
43765	0.00272228152
43766	0.002637900713
43767	0.002224944709
43768	0.0038177166
43769	0.0002338607473
43770	0.0008875467231
43771	0.003792946093
43772	0.002751852491
43773	0.001371542185
43774	0.002923151688
43775	0.01012984372
43776	0.005241066038
43777	0.001170796371
43778	0.001249486225
43779	0.00379913351
43780	0.01555952288
43781	0.006058829628
43782	0.007689648528
43783	0.004718603224
43784	0.001896840988
43785	0.005685701774
43786	0.007181651873
43787	0.00387317093
43788	0.01456984505
43789	0.002516762534
43790	6.649382565e-05
43791	0.005985713565
43792	0.002401684583
43793	0.001070684841
43794	0.005238648288
43795	0.0008813723464
43796	0.002301769749
43797	0.007871941328
43798	0.003452179351
43799	0.0005680316252
43800	0.0001193450283
43801	0.0001853386652
43802	0.0009453685861
43803	0.0006131744897
43804	0.0001112239688
43805	0.001044800068
43806	0.0004651551145
43807	0.0006755962621
43808	5.506443169e-06
43809	0.003121519327
43810	0.00227255447
43811	0.009710307184
43812	0.008735313783
43813	0.003222835234
43814	0.01174854137
43815	0.0007387210177
43816	0.005692100951
43817	0.006527269827
43818	0.002430310477
43819	0.004323035255
43820	0.01164158039
43821	0.002105370718
43822	0.001077413651
43823	0.009662595525
43824	0.003033318547
43825	0.008333912194
43826	0.01319084169
43827	0.0006251949423
43828	0.001088926908
43829	0.002021209864
43830	0.005047125317
43831	0.0006225664972
43832	0.005166452082
43833	0.002909101669
43834	0.005353710555
43835	0.0007914569933
43836	0.003872733223
43837	0.01035222628
43838	0.0008753928138
43839	0.003084685405
43840	0.007529211048
43841	0.02321777711
43842	0.01388949057
43843	0.002100560914
43844	0.00678561952
43845	0.003390701074
43846	0.005318797256
43847	0.004805509364
43848	0.005386172332
43849	0.005905470844
43850	0.0001470454481
43851	0.001671456455
43852	0.005265609744
43853	0.00542654543
43854	0.01086263081
43855	0.004835877064
43856	0.007255565996
43857	0.005379617037
43858	0.009382974083
43859	0.0001063995657
43860	0.01028062075
43861	0.008331587882
43862	0.008954762617
43863	0.005315389589
43864	0.005064688571
43865	0.00108502342
43866	0.006827007105
43867	0.0003365939815
43868	0.006019198195
43869	0.00633503247
43870	0.01242971487
43871	0.008999282896
43872	0.005465305358
43873	0.0001042420809
43874	0.0003146508854
43875	0.006029723225
43876	0.001579389266
43877	0.006230853982
43878	0.002770915931
43879	0.00708785678
43880	0.01480952651
43881	0.01695002393
43882	0.002218886188
43883	0.01878167108
43884	0.004519024578
43885	0.0004941794346
43886	0.008654542472
43887	0.005335436174
43888	0.007370195811
43889	0.001704537834
43890	0.006770918745
43891	0.005580339745
43892	0.001896738933
43893	0.001777989054
43894	0.002720530154
43895	0.000630999037
43896	0.0008443713304
43897	0.0112014566
43898	0.003806071747
43899	0.006967837388
43900	0.004358037708
43901	0.0115419315
43902	0.01649455558
43903	0.006866747661
43904	0.01735487725
43905	0.01070494654
43906	0.003138963744
43907	0.004808865367
43908	0.001325647414
43909	0.000455466466
43910	1.636763519e-06
43911	8.073100034e-06
43912	0.00045432009
43913	0.0004558083277
43914	2.526292351e-07
43915	3.595724752e-06
43916	0.0004526717232
43917	0.0002977261932
43918	6.389196068e-07
43919	0.0003047743358
43920	3.598932243e-06
43921	1.683043693e-06
43922	0.0001528466343
43923	0.000297722482
43924	0.0003031562209
43925	8.175300267e-07
43926	0.0001514525441
43927	0.0004579825455
43928	0.002966708774
43929	0.003003258525
43930	0.006476862895
43931	0.003357126764
43932	0.001875495379
43933	0.009477994994
43934	0.008659825266
43935	0.0128045776
43936	0.006212804663
43937	0.0005643956963
43938	0.005613846236
43939	0.004946415777
43940	0.008710211443
43941	0.008104988341
43942	0.004071252165
43943	0.005226131696
43944	0.004349182846
43945	0.001842759945
43946	0.005091452582
43947	0.006197741409
43948	0.001645651988
43949	0.002818043028
43950	0.000880020533
43951	0.0007230384365
43952	0.002791878623
43953	0.006112100371
43954	0.002180297036
43955	0.003538969366
43956	0.00460406428
43957	0.002780302063
43958	0.0133894367
43959	0.00127790654
43960	0.005705194291
43961	0.002344320321
43962	0.01111938452
43963	0.006745589282
43964	0.0007873124455
43965	0.0002593471788
43966	0.0006901808299
43967	0.0009811932365
43968	0.0009104815702
43969	0.009428958922
43970	0.002717307032
43971	0.005345808879
43972	0.009616086381
43973	0.0006302613734
43974	0.0004192119729
43975	0.002153999711
43976	0.008097209255
43977	0.001698243763
43978	0.0004187115045
43979	0.00526144498
43980	0.01658169261
43981	0.01881353444
43982	0.01395247354
43983	0.00871852917
43984	0.001218724045
43985	0.007726667589
43986	0.008376158006
43987	0.003207504827
43988	0.0006768870492
43989	0.001181447909
43990	0.00425389584
43991	0.006093997485
43992	0.001721618663
43993	0.003129646994
43994	0.0002168212435
43995	0.001046011937
43996	0.002778573391
43997	0.003481363468
43998	0.004079952479
43999	0.01166145392
44000	0.003254446409
44001	0.01689381026
44002	0.006853506817
44003	0.005607342304
44004	0.002085567456
44005	0.00796779951
44006	0.001397493107
44007	0.008200269384
44008	0.00257508833
44009	0.01455253991
44010	0.00519002474
44011	0.01576527434
44012	0.006045841819
44013	0.0007944567642
44014	0.002948036703
44015	0.0005550107025
44016	0.004170090666
44017	0.006290918337
44018	0.0051373256
44019	0.003366345157
44020	0.008708038115
44021	0.002970132456
44022	0.002231507496
44023	0.0001303574847
44024	0.0005702505834
44025	3.85311008e-05
44026	0.0002194934704
44027	0.0155753309
44028	0.007413097084
44029	0.0004423744931
44030	0.005770939698
44031	0.005731369083
44032	0.00465165884
44033	0.001057831723
44034	0.01116213764
44035	0.003701355742
44036	0.0008590003007
44037	0.002644368135
44038	0.004277076741
44039	0.01291240946
44040	0.0108041429
44041	0.003113692868
44042	0.007639459279
44043	0.004712619483
44044	0.009325115494
44045	0.00149038341
44046	0.003792625721
44047	0.0007819504833
44048	0.00783854732
44049	0.00340420348
44050	0.007606254662
44051	0.0003761126798
44052	0.01211447256
44053	0.0006504341106
44054	0.005323846848
44055	0.004254961162
44056	0.004382646615
44057	0.008804686275
44058	0.0006276496843
44059	0.00199447328
44060	0.002135369699
44061	0.001095164075
44062	0.003181691221
44063	0.005978451386
44064	0.009386807017
44065	0.01658389581
44066	0.003414307463
44067	0.0009653628392
44068	0.001076204242
44069	0.000188339353
44070	0.0008519729677
44071	0.003234130465
44072	0.005027542604
44073	0.007771971276
44074	0.007997452869
44075	0.006490010747
44076	0.01279344262
44077	0.003966089686
44078	0.002754799877
44079	0.004429355268
44080	0.0003918782099
44081	0.01481795626
44082	0.000232914355
44083	0.001813463197
44084	0.006073639277
44085	0.01025523412
44086	0.007370089766
44087	0.01175131765
44088	0.002871003037
44089	0.006248468962
44090	0.002631350497
44091	0.006219691656
44092	0.005592736374
44093	0.0007019627113
44094	0.001441852973
44095	0.0007278841248
44096	0.000480723598
44097	0.004951597185
44098	0.0002665260878
44099	0.009572294562
44100	6.232665207e-05
44101	0.007868290753
44102	0.004524972884
44103	0.006591935866
44104	0.01147602912
44105	0.005557671935
44106	0.008575357829
44107	0.006973992408
44108	0.006168823876
44109	0.01590114209
44110	0.004073942731
44111	0.001335634066
44112	0.00828977041
44113	0.006190774391
44114	0.009949876263
44115	0.004155840586
44116	0.02198968778
44117	0.006613403906
44118	0.01742724513
44119	0.003557977165
44120	0.01052488263
44121	0.01370572059
44122	0.0004262674169
44123	0.008279104145
44124	0.0002192856025
44125	0.00240864541
44126	0.0007338487111
44127	0.0003051213794
44128	0.007985885024
44129	0.01853931753
44130	0.006535419999
44131	0.00720766676
44132	0.001346501256
44133	0.00721165792
44134	0.001984008063
44135	0.0109970137
44136	0.01064907809
44137	0.0004274032352
44138	0.002852496654
44139	0.003732964213
44140	0.005816058056
44141	0.009119998734
44142	0.004158053934
44143	0.00132057135
44144	0.006555116444
44145	0.007593037327
44146	0.004393345273
44147	0.011661161
44148	0.001406022046
44149	0.002212239906
44150	0.004236179176
44151	0.0020802179
44152	0.01026210066
44153	0.00327682778
44154	0.002713640644
44155	0.0003446134219
44156	0.007359326635
44157	0.008451619108
44158	5.410402058e-05
44159	0.0006607445267
44160	0.0009915432537
44161	0.009199645137
44162	0.01309326013
44163	0.004349474237
44164	0.004254470288
44165	0.001542306454
44166	0.01313998948
44167	0.001443699811
44168	0.004429367271
44169	0.0007054240969
44170	0.002677194344
44171	0.001304253148
44172	0.008530840072
44173	0.004948982393
44174	0.004635506198
44175	0.005557413672
44176	0.01252483086
44177	0.0006179709477
44178	0.004079924536
44179	0.0005047508912
44180	0.005759609389
44181	0.009172584217
44182	0.009818739353
44183	0.005820099582
44184	0.003343682898
44185	0.003742187185
44186	0.001543893342
44187	0.00101910615
44188	0.004760929873
44189	0.006746989177
44190	0.0001676189001
44191	0.0006759054642
44192	0.001493848988
44193	0.00248882859
44194	0.01264764645
44195	0.002300946747
44196	0.001251179791
44197	0.0006496507607
44198	0.001655482755
44199	0.001052233469
44200	0.002839693664
44201	0.003358147097
44202	0.0035689924
44203	0.001325211511
44204	0.004241574961
44205	0.008048030551
44206	0.00106572679
44207	0.004568421817
44208	0.0008085880769
44209	0.005539582581
44210	0.001611338892
44211	0.008122520887
44212	0.00620726703
44213	0.002447486785
44214	0.003048408007
44215	0.008894643913
44216	0.001804202358
44217	0.003634480561
44218	0.002206588282
44219	0.002468770397
44220	0.005282651204
44221	0.002111717787
44222	0.006619344182
44223	0.005682093248
44224	0.002544962627
44225	0.006077769801
44226	0.001052257135
44227	0.009395703273
44228	0.0005501009873
44229	0.006874472606
44230	0.0001242293046
44231	0.001292352314
44232	0.01022350126
44233	0.004025101572
44234	0.003516550514
44235	0.002183864997
44236	0.0009195015722
44237	0.007659665404
44238	0.01019859575
44239	0.006400945191
44240	0.005581960616
44241	0.007528688248
44242	0.01404956068
44243	0.003342967154
44244	0.001499743116
44245	0.00632238147
44246	0.004344580411
44247	0.01065999037
44248	0.007115749022
44249	0.004761647033
44250	0.02039865656
44251	0.008300878232
44252	0.005838699822
44253	0.004101518549
44254	0.003081936273
44255	0.001193294372
44256	0.002105427174
44257	0.003784447719
44258	0.0001126025566
44259	0.001032266399
44260	0.001614944143
44261	0.006337612752
44262	0.0104771719
44263	0.0006971690164
44264	0.001150776263
44265	0.003754479819
44266	0.001058855953
44267	0.003096171865
44268	0.0006011552259
44269	0.0002308817904
44270	2.207319712e-05
44271	0.01256331596
44272	0.00386037564
44273	0.008242815835
44274	0.0124942044
44275	0.002423909076
44276	0.002586573724
44277	0.009759699523
44278	0.000301703717
44279	0.001281113571
44280	0.003102791556
44281	0.00831258337
44282	0.001477120406
44283	9.087089481e-07
44284	6.078003216e-07
44285	6.848232943e-06
44286	6.7933792e-06
44287	6.384762498e-07
44288	2.876260003e-07
44289	5.927378512e-07
44290	1.231738885e-06
44291	0.004209798915
44292	0.001221449171
44293	0.00287746351
44294	0.01171483063
44295	0.00180384516
44296	0.0001440423261
44297	0.002477022369
44298	0.0005552329906
44299	0.00182507452
44300	0.001332770451
44301	0.006986662691
44302	0.0006596718695
44303	0.006846131267
44304	0.002257779337
44305	0.009075223338
44306	0.00666039785
44307	0.006956839608
44308	0.00792841144
44309	0.01085902156
44310	0.007970767021
44311	0.004755918838
44312	0.003760559408
44313	0.002657166703
44314	0.001511507564
44315	0.004456894794
44316	0.004872864733
44317	0.01227352558
44318	0.004940215696
44319	0.00120408429
44320	0.008569520599
44321	0.00200867208
44322	0.005996033403
44323	0.001155150065
44324	0.002309686476
44325	0.003433798328
44326	0.0005485002566
44327	0.00138413792
44328	0.003247522638
44329	0.001262309776
44330	0.003660089555
44331	0.003859468016
44332	0.0045171081
44333	0.005447995637
44334	0.003119518726
44335	0.0007559580622
44336	0.001308335194
44337	0.0005748043059
44338	0.001043068623
44339	0.005489954262
44340	0.0007318685447
44341	0.001456215935
44342	0.004873471484
44343	0.0004551809651
44344	0.000758371476
44345	0.006121321981
44346	0.004119578988
44347	0.0009485829927
44348	0.004108625773
44349	0.00376105146
44350	0.003572007124
44351	0.00994567867
44352	0.00182183391
44353	0.0006604772119
44354	0.007083775797
44355	0.003867014887
44356	0.008515189696
44357	0.001891061137
44358	0.0002726545036
44359	0.01196415259
44360	0.002180341122
44361	0.003096595469
44362	0.007048332392
44363	0.00852898854
44364	0.001248626863
44365	0.001425847284
44366	5.013875687e-05
44367	0.001866354143
44368	0.005954350345
44369	0.003757921439
44370	0.003623405245
44371	0.003227925653
44372	0.0002631018947
44373	0.001312496138
44374	0.0003023164229
44375	0.0005215907113
44376	0.0006088181737
44377	0.0006472048024
44378	0.001157263315
44379	0.001148577989
44380	0.002835870199
44381	0.001481215574
44382	0.009496240106
44383	0.01184736509
44384	0.006337280013
44385	0.004789910309
44386	0.005971000455
44387	0.003718379331
44388	0.0003717337978
44389	0.005588573395
44390	0.007122006005
44391	0.003152687943
44392	0.0006196231751
44393	0.005338871146
44394	0.002777148558
44395	0.004200846976
44396	0.0006715882752
44397	0.008363763309
44398	0.002916935358
44399	0.007228811871
44400	0.001057915381
44401	0.004227610967
44402	0.004368602108
44403	0.001029926079
44404	0.002122540013
44405	0.003625752643
44406	0.002052585049
44407	0.0007574492865
44408	0.003493838476
44409	0.0009794440966
44410	0.0001010020099
44411	0.003018855725
44412	0.0001109579753
44413	0.009761729473
44414	0.002092218578
44415	0.005135682367
44416	0.01119525506
44417	0.006772647055
44418	0.003451695021
44419	0.008832809712
44420	0.001412593991
44421	0.001204714174
44422	0.00147261007
44423	0.004671709275
44424	0.006442258608
44425	0.001056182741
44426	0.0007336086313
44427	0.001355038542
44428	0.002446284112
44429	0.001132018055
44430	0.0210622607
44431	0.008772684799
44432	0.00536397266
44433	0.001708928878
44434	0.01432656522
44435	0.003016701313
44436	0.003078949605
44437	0.002304253792
44438	0.0009573804121
44439	0.003753446527
44440	0.008305219196
44441	0.002630329161
44442	0.002545565489
44443	0.01049596945
44444	0.002962522107
44445	0.01007152943
44446	0.00397182973
44447	0.003717275965
44448	0.005799704278
44449	0.0007141572928
44450	0.000711640073
44451	0.004665013315
44452	0.001480634759
44453	0.0007827235285
44454	0.01404100173
44455	0.000836057924
44456	0.005686868854
44457	0.005125603024
44458	0.0007457866486
44459	0.002274304536
44460	8.165321244e-05
44461	0.002483446465
44462	0.001646446469
44463	0.0004820350304
44464	0.004137070874
44465	0.006051753117
44466	0.0007038502349
44467	0.0006641321068
44468	0.0008570950853
44469	0.002949998456
44470	0.001054334379
44471	0.000785234075
44472	0.001291617041
44473	0.004318578075
44474	0.0006533998982
44475	0.001292585482
44476	0.001613663946
44477	0.001668762169
44478	0.00178841356
44479	0.001302103242
44480	0.01614454272
44481	0.001152102373
44482	0.006750857771
44483	0.0008950391857
44484	0.003668089526
44485	0.0005354105261
44486	0.01543800054
44487	0.00889742524
44488	0.002495696708
44489	0.005298735566
44490	0.0166762557
44491	0.001462247005
44492	0.008060917926
44493	0.001106079443
44494	0.004768696968
44495	0.01303513002
44496	0.003922680145
44497	0.0002867833382
44498	0.008437233216
44499	0.006131493329
44500	0.003482590883
44501	0.0003706081737
44502	0.003785224273
44503	0.001876491194
44504	0.001778977553
44505	0.001725943822
44506	0.01130045907
44507	0.004952075997
44508	0.001626439074
44509	0.004481565255
44510	0.005913413857
44511	0.003542158546
44512	0.005281421015
44513	0.0039132195
44514	0.01543101407
44515	0.003702249659
44516	0.002380636087
44517	0.0002057816483
44518	0.007424418345
44519	0.01757296817
44520	0.005005719342
44521	0.01199678252
44522	0.005682870659
44523	0.003327244357
44524	0.003102702887
44525	0.004795505917
44526	0.005670807186
44527	0.0003259708912
44528	0.0156763888
44529	0.01388026037
44530	0.00509047317
44531	0.0005212678363
44532	0.004451338511
44533	5.3648572e-05
44534	0.002602020449
44535	0.004853406039
44536	0.0007435915056
44537	0.00104058605
44538	0.01592074835
44539	0.002437878391
44540	0.0002347655333
44541	0.0004039639536
44542	0.009243552317
44543	0.0006724720989
44544	0.01050711489
44545	0.0004244046467
44546	0.00354373126
44547	0.01127404946
44548	0.01673142144
44549	0.000654693452
44550	0.01328734524
44551	0.005614829048
44552	0.007953044116
44553	0.002183112214
44554	0.003729054968
44555	0.006095989739
44556	0.001377989287
44557	0.01826402011
44558	0.0005831731714
44559	0.009234532846
44560	0.001841827372
44561	0.005729615041
44562	0.01695042255
44563	0.004575600007
44564	0.01174617944
44565	0.003515753413
44566	0.006169524382
44567	0.004942112901
44568	0.007787676421
44569	0.005299970235
44570	0.009585408383
44571	0.0003121657836
44572	0.0003684994915
44573	0.002815770813
44574	0.003146294299
44575	0.01252657402
44576	0.006652372619
44577	0.004557094601
44578	0.0001494279223
44579	0.0009699745134
44580	0.003518445013
44581	0.005952637163
44582	0.01007347439
44583	0.0007543736526
44584	0.003884622268
44585	0.001400419382
44586	0.00520694519
44587	0.001662458478
44588	0.00129597558
44589	0.01386396758
44590	0.00103458366
44591	0.01190792378
44592	0.01373658223
44593	0.005973911796
44594	0.004332955938
44595	0.002009986864
44596	0.0002867839068
44597	0.001916889759
44598	0.01530235985
44599	0.02430505388
44600	0.007345635139
44601	0.00082762328
44602	0.0002405442173
44603	0.01164533274
44604	0.009364840057
44605	0.006601942188
44606	0.003069658082
44607	0.002760664786
44608	0.004227867812
44609	0.0005774274753
44610	0.001292348559
44611	0.001128024483
44612	0.004039416632
44613	0.003321066379
44614	0.002091228261
44615	0.004044541992
44616	0.001368129936
44617	0.002863977776
44618	0.003523411742
44619	0.001592078327
44620	0.002731709395
44621	0.001024754101
44622	0.004866806418
44623	0.002604332726
44624	0.003767040609
44625	0.005804779271
44626	0.005000131322
44627	0.002704710195
44628	0.001369232813
44629	0.0002147086378
44630	0.0009262952306
44631	0.003048488725
44632	0.002802610395
44633	0.002981877367
44634	0.001955714428
44635	0.002174818735
44636	0.001531139179
44637	0.0004757565618
44638	0.005344098241
44639	0.006813369987
44640	0.001902661487
44641	0.001762908593
44642	0.003992696829
44643	0.002382707449
44644	0.003905703886
44645	0.006650535803
44646	0.003019886712
44647	0.001340656375
44648	0.0002739911651
44649	0.001957282977
44650	0.002251010356
44651	0.0004353400854
44652	0.005961796468
44653	0.009761296395
44654	0.001000981177
44655	0.01597778276
44656	0.004549899047
44657	0.001181222097
44658	0.006328319204
44659	0.002943304939
44660	0.001838465973
44661	0.006671196493
44662	0.001063799717
44663	0.01369049911
44664	0.005286995978
44665	0.002395326883
44666	0.01630938779
44667	0.006914907659
44668	0.003069819147
44669	0.001622209906
44670	0.001619983975
44671	0.003147129541
44672	0.001499066792
44673	0.002849009594
44674	0.01155502561
44675	0.006246563455
44676	0.001380802164
44677	0.0009933563803
44678	0.0001533804563
44679	0.001520468467
44680	0.0002911849266
44681	0.006510423876
44682	0.004568354072
44683	0.001215068724
44684	0.01004235909
44685	0.005659258765
44686	0.0002312281039
44687	0.004096911106
44688	0.009882044045
44689	0.001598219648
44690	0.003707944559
44691	0.00356924743
44692	0.000332465704
44693	0.003329740734
44694	0.001077752143
44695	0.004848924931
44696	0.005183811162
44697	0.00115353833
44698	0.002483383044
44699	0.009736694914
44700	0.001869587393
44701	0.005352111744
44702	0.00881330584
44703	0.01189045898
44704	0.00826620249
44705	0.006748288702
44706	0.002122174649
44707	0.0001187989283
44708	0.009122580433
44709	0.006292891502
44710	0.01364083775
44711	0.000229189247
44712	0.001467394006
44713	0.01544614719
44714	0.01440499976
44715	0.0002438793569
44716	0.004758180624
44717	0.01042905643
44718	8.615649397e-05
44719	0.007298463648
44720	0.004367108637
44721	0.007933031964
44722	0.004930922505
44723	0.002065745728
44724	0.006142277456
44725	0.009722423152
44726	0.001335742618
44727	0.0008238341793
44728	0.01512872365
44729	0.002747507782
44730	0.00264653563
44731	0.003381026958
44732	0.00570928402
44733	0.001043910775
44734	0.007848045827
44735	0.001507581472
44736	0.0002022297845
44737	0.001539301464
44738	0.003427148763
44739	0.0008674722376
44740	2.49054472e-05
44741	0.002944414963
44742	0.01891541091
44743	0.0114725997
44744	0.01370769024
44745	0.003638292482
44746	0.02369424558
44747	0.002442819364
44748	0.0006730870694
44749	0.01217702056
44750	0.007069736934
44751	0.001091477625
44752	0.0005420783926
44753	0.01150605394
44754	0.01916908944
44755	0.00461796977
44756	0.003823730753
44757	0.01734890678
44758	0.005333072831
44759	0.005461236093
44760	0.003856720019
44761	0.0119995871
44762	0.004884407415
44763	0.01101800567
44764	0.001648953408
44765	0.005246595729
44766	0.01009757803
44767	0.01101522289
44768	0.02372936822
44769	0.007135299125
44770	0.009694843289
44771	0.006969872532
44772	0.001028986915
44773	0.0005088002287
44774	0.007665718536
44775	0.000541032148
44776	0.01817497105
44777	0.01077702523
44778	0.002137240182
44779	0.002161063326
44780	0.01155941563
44781	0.001054915732
44782	0.003064388109
44783	0.002610594963
44784	0.0162790621
44785	0.006042208888
44786	0.0004308293045
44787	0.002669844053
44788	0.006815581228
44789	0.003500851371
44790	0.0004571454659
44791	0.0006773102872
44792	0.003397484646
44793	0.006793752224
44794	0.001219540935
44795	0.01180744705
44796	0.003041505101
44797	0.013394355
44798	0.004594385945
44799	1.023065962e-05
44800	0.01694553929
44801	0.001383968965
44802	0.0002642156872
44803	0.006802781338
44804	0.01093426458
44805	0.004243571399
44806	0.004122433087
44807	0.0215462462
44808	0.0004054160351
44809	0.004772719937
44810	0.003121341803
44811	0.007467663088
44812	0.002403302988
44813	0.006506349506
44814	0.004636561192
44815	0.004506293216
44816	0.005339272888
44817	0.01584006373
44818	0.00193250819
44819	0.003698170528
44820	0.005985250492
44821	0.00778299882
44822	0.001086088119
44823	0.0003919311334
44824	0.001712450027
44825	0.004092908688
44826	0.00737925915
44827	0.00146381401
44828	0.0004836035814
44829	0.008015323033
44830	0.01487388512
44831	0.01658464705
44832	0.001415800933
44833	0.006599585529
44834	0.0004775390854
44835	0.008341585618
44836	0.01062373496
44837	0.001168980498
44838	0.007217253992
44839	0.02222378496
44840	0.002235632878
44841	0.006120609519
44842	0.004277552037
44843	0.008654676289
44844	0.0005127492267
44845	0.01163907962
44846	0.004874715416
44847	0.007105629911
44848	0.004441236599
44849	0.006820061336
44850	0.0006408263143
44851	0.001416215505
44852	0.002705223982
44853	0.002803177106
44854	0.002630423318
44855	0.002884404393
44856	0.002131859563
44857	0.003358984557
44858	0.004945338481
44859	0.006872135217
44860	0.002083304248
44861	0.004454273208
44862	0.005071429013
44863	0.01836805734
44864	0.003153927919
44865	0.007028683679
44866	0.004902894691
44867	0.01157312138
44868	0.01366318335
44869	0.0007624921628
44870	0.002105149476
44871	0.001756199489
44872	0.005182848662
44873	0.009247983884
44874	0.01370411872
44875	0.006616976261
44876	0.003658482367
44877	2.6333783e-05
44878	0.0005671374286
44879	0.009692310449
44880	0.006065320451
44881	0.01267660186
44882	0.0114868504
44883	0.01082747326
44884	0.01061423686
44885	0.002790009839
44886	0.003689548629
44887	0.006397552624
44888	0.002832488722
44889	0.004977022062
44890	0.01087116846
44891	0.009891017948
44892	0.001554885408
44893	0.0006702077193
44894	0.007583032601
44895	0.002135991547
44896	0.0005979179403
44897	0.00716525581
44898	0.005567003682
44899	0.004565623645
44900	0.002120226799
44901	0.002079540604
44902	0.001825053187
44903	0.001011714511
44904	0.01668352114
44905	0.0032165933
44906	0.005450932497
44907	0.003145551528
44908	0.01204209654
44909	0.009951550099
44910	0.002173707206
44911	0.00249347635
44912	0.008131959659
44913	0.0006146566694
44914	0.006363947274
44915	0.002404760567
44916	0.00235492
44917	0.00341433287
44918	0.01209771684
44919	0.01356626735
44920	0.007290549541
44921	0.001178348288
44922	0.008461413379
44923	0.002578996132
44924	0.0003143257651
44925	0.01575696018
44926	0.00306940678
44927	0.001050641158
44928	0.000515373981
44929	0.00122123747
44930	0.0004971708376
44931	0.0105403766
44932	0.003853743807
44933	0.006481755415
44934	0.002460058828
44935	0.001404383143
44936	0.0001048486499
44937	0.0006204737509
44938	0.001293456759
44939	0.006761420612
44940	0.00114162808
44941	0.00171091506
44942	0.0003312890986
44943	0.001484716465
44944	0.002613388753
44945	8.580932903e-05
44946	0.01493128244
44947	0.001985394321
44948	0.00254876454
44949	0.01169979435
44950	0.001688487004
44951	0.002876368538
44952	0.001926747485
44953	0.002384749965
44954	0.001737441344
44955	0.002102619949
44956	0.001105506415
44957	0.006213894051
44958	0.003883458484
44959	0.001707529927
44960	0.00222480655
44961	0.005209838193
44962	0.0029425087
44963	0.0003070425236
44964	0.0007825698787
44965	0.009503213224
44966	0.003674180455
44967	0.009248982326
44968	0.01275995265
44969	0.005285839077
44970	0.0006430337809
44971	0.007891683666
44972	0.003831821492
44973	0.0007554865637
44974	0.005450522798
44975	0.001278712518
44976	0.004890729312
44977	0.01024901385
44978	0.005334209797
44979	0.01412266229
44980	0.002322383143
44981	0.02310182158
44982	0.006627883091
44983	0.006462471756
44984	0.004937906544
44985	0.001178836206
44986	0.006134369168
44987	0.003932861409
44988	0.001666355555
44989	0.002221041861
44990	0.003956118345
44991	0.0150221839
44992	0.002873889099
44993	0.006782136873
44994	0.001862809097
44995	0.002918455177
44996	0.02054539916
44997	0.0009295983563
44998	0.008246324087
44999	0.004525413257
45000	0.00709763864
45001	0.009398909718
45002	0.002840979929
45003	0.01556900843
45004	0.008534231407
45005	0.003159256955
45006	0.002669660212
45007	0.001842261535
45008	0.0106468927
45009	0.008625742807
45010	0.003086970576
45011	0.002763319998
45012	0.02334543173
45013	0.005554913213
45014	0.01408053036
45015	0.008306609313
45016	0.02031759048
45017	0.005342676746
45018	0.003124970158
45019	0.001836715233
45020	0.001552587554
45021	0.003320290654
45022	0.00556278428
45023	0.00302486238
45024	0.0009403606239
45025	0.002609775291
45026	0.0003705352456
45027	0.003834950586
45028	0.001946946199
45029	0.0009898895149
45030	0.001100081858
45031	0.001523413311
45032	0.005100453198
45033	0.002222966891
45034	0.005017012375
45035	0.0009318675019
45036	0.001384106556
45037	0.003564418
45038	0.001494992681
45039	0.0004069356244
45040	0.009867100156
45041	0.004619962099
45042	0.01140676285
45043	0
45044	0.00275727212
45045	0.00436472187
45046	0.003518615891
45047	0.0004176830452
45048	0.002020495285
45049	0.003632594232
45050	0.01157298507
45051	0.003087482853
45052	0.004158204745
45053	0.0105278773
45054	0.001047945648
45055	0.004016021547
45056	0.01482738264
45057	0.004876215486
45058	0.002387903069
45059	0.001294600951
45060	0.00193022405
45061	0.001886795839
45062	0.008426301133
45063	0.003210081373
45064	0.008666358993
45065	0.007368181607
45066	0.002172312801
45067	0.002293409154
45068	0.002558070855
45069	0.009915275422
45070	0.0005884921965
45071	0.001619081708
45072	0.001108887943
45073	0.01072310312
45074	0.00135419967
45075	0.0001231539241
45076	0.00206738064
45077	0.001276393001
45078	0.000207680792
45079	0.001263246265
45080	0.003410382968
45081	0.004564377744
45082	0.00133089769
45083	0.003803866031
45084	0.000587179257
45085	0.003634368793
45086	0.002506929376
45087	0.005169716618
45088	0.0034925541
45089	0.008778026561
45090	0.002904833115
45091	0.005475579887
45092	0.003266353657
45093	0.00923002012
45094	0.003128726559
45095	0.01567024735
45096	0.0206771102
45097	4.803665085e-05
45098	0.00833493997
45099	0.006084758699
45100	0.002330386269
45101	0.009586140182
45102	0.005485989281
45103	0.002008446767
45104	0.01296251077
45105	0.0001944022822
45106	0.007179230055
45107	0.005576687605
45108	0.004356107051
45109	0.007866716748
45110	0.004458352615
45111	0.003768686637
45112	0.006275411473
45113	0.003474392994
45114	0.000780678223
45115	0
45116	0.0001616014021
45117	0.003440230199
45118	0.01071268369
45119	0.007611150271
45120	0.006720741419
45121	0.001697949204
45122	0.01527267259
45123	0.0008246914506
45124	0.001363927056
45125	0.01096785074
45126	0.001375933194
45127	0.001927720886
45128	0.0009755524897
45129	0.01081171077
45130	0.001524593393
45131	0.009534327371
45132	0.006982809499
45133	0.01475602868
45134	0.004544989043
45135	0.003275675413
45136	0.002171062606
45137	0.0003280075244
45138	0.002337756682
45139	0.001133806181
45140	0.002312565905
45141	0.0008597118002
45142	0.001150872962
45143	0.008231158214
45144	0.002043443523
45145	0.007096374709
45146	0.004193806753
45147	1.535023087e-08
45148	0.002962226762
45149	0.003033213436
45150	0.01355778243
45151	1.000835053e-06
45152	1.473622163e-07
45153	0.003568554143
45154	0.004104199461
45155	0.002058551049
45156	0.005536950972
45157	0.001491039416
45158	0.0009408529494
45159	0.00259954789
45160	0.002091487046
45161	0.00368256449
45162	0.005378465379
45163	0.01009538808
45164	0.007543817629
45165	0.005838565604
45166	0.006604782893
45167	0.006920374288
45168	0.000622291248
45169	0.001395265449
45170	0.006295289169
45171	0.001047691347
45172	0.003538739638
45173	0.001718342783
45174	0.007445811442
45175	0.002204738727
45176	0.01708596108
45177	0.003080525534
45178	0.003710818704
45179	0.01645842323
45180	0.0142008196
45181	0.0003428119398
45182	0.001216455291
45183	0.01421662094
45184	0.01266359985
45185	0.001934623665
45186	0.0005899593441
45187	0.009512591176
45188	0.002666365967
45189	0.0007543220149
45190	0.01047574078
45191	0.000197897273
45192	0.001860911235
45193	0.00243336103
45194	0.003650443662
45195	0.007232898123
45196	0.001554893699
45197	0.008606202157
45198	0.006815384016
45199	0.01400337043
45200	0.004379197482
45201	0.01303976029
45202	0.01519935777
45203	0.008877153925
45204	0.00519891994
45205	0.0007666038535
45206	0.0001047274099
45207	0.0007763884044
45208	0.01105502676
45209	0.01375902032
45210	3.027164212e-05
45211	0.01494438977
45212	0.004316841952
45213	0.005585929682
45214	0.006427557569
45215	0.0001983150327
45216	0.00247830769
45217	0.001697083819
45218	0.01020576724
45219	0.01454875355
45220	0.0002337214018
45221	9.158794732e-05
45222	0.0128424061
45223	0.009601868901
45224	0.0008283182158
45225	0.01065784204
45226	0.005281281699
45227	0.0122836151
45228	0.01360729592
45229	0.01689494835
45230	0.003894134255
45231	0.01987828379
45232	0.003780433677
45233	0.003963206164
45234	0.005794317652
45235	0.00169975867
45236	0.003405347804
45237	0.001764026692
45238	0.005853806661
45239	0.00580376095
45240	0.001007647594
45241	0.004825310344
45242	0.002581082578
45243	0.001081470538
45244	0.00121354762
45245	0.004090676441
45246	0.001776182375
45247	0.003164697159
45248	0.0007689129146
45249	6.788709546e-05
45250	0.002275314729
45251	0.00721560524
45252	0.001362340632
45253	0.00913056269
45254	0.0005012739952
45255	0.002492136578
45256	0.005419944244
45257	0.01242251769
45258	0.0110086435
45259	0.009072037306
45260	0.01328882954
45261	0.008361865877
45262	0.00560356471
45263	0.002152610693
45264	0.01773421244
45265	0.01049236157
45266	0.004612973145
45267	0.004531437807
45268	0.0112487949
45269	0.004803234098
45270	0.00969927466
45271	0.002118700863
45272	0.001569242166
45273	0.008896351982
45274	0.0008386274173
45275	0.01532529403
45276	0.0004765955205
45277	0.00184259147
45278	0.001360010437
45279	0.003236790109
45280	0.0005166561641
45281	0.002442301348
45282	0.005180307947
45283	0.002714101661
45284	0.003231580175
45285	0.0002491132146
45286	0.009294923093
45287	0.002820116903
45288	0.001301186631
45289	0.0009307149745
45290	0.004959888283
45291	0.007045710552
45292	0.0001133940633
45293	0.01201991813
45294	0.00484572913
45295	0.008132718308
45296	0.0002763637228
45297	0.004228021712
45298	0.00649109785
45299	0.004705724746
45300	0.004549551691
45301	0.0002726248523
45302	0.004621681146
45303	0.01471425979
45304	0.007703277887
45305	0.007436567965
45306	0.01464063279
45307	0.001575405294
45308	0.007860942318
45309	0.0007433437104
45310	0.002387124963
45311	0.0003500203012
45312	0.009213486342
45313	0.008454652848
45314	0.0003758262767
45315	0.003642055604
45316	0.0007352173344
45317	0.003938327129
45318	0.003064621586
45319	0.00192014044
45320	0.003684423549
45321	0.00171463097
45322	0.01126234814
45323	0.0003392936985
45324	0.009310514442
45325	0.003458971886
45326	0.001871532482
45327	0.01741409161
45328	0.007650424637
45329	0.001940770264
45330	0.0003571960839
45331	0.001232468383
45332	0.006663247044
45333	0.003147284587
45334	0.01511848342
45335	0.002242564641
45336	0.003649763687
45337	0.0006214011131
45338	0.009797533947
45339	0.002368003345
45340	0.001074122952
45341	0.003003252623
45342	0.01346554045
45343	0.001461507608
45344	0.0008291719532
45345	0.00636347163
45346	0.003368644859
45347	0.004535927468
45348	0.0005399422359
45349	0.000969092006
45350	0.002946127552
45351	0.005777254409
45352	2.549656882e-05
45353	0.009318617327
45354	0.001927527528
45355	0.0006436466661
45356	0.0006363386787
45357	0.0008131628571
45358	0.02162669178
45359	0.003048562956
45360	0.004659784601
45361	0.009621643265
45362	0.002237111404
45363	0.007505596621
45364	0.001589875813
45365	0.004341357014
45366	0.01121615198
45367	0.003941004223
45368	0.001213729164
45369	0.001999432461
45370	4.260650838e-05
45371	0.000459539832
45372	0.002501299212
45373	0.002272147281
45374	0.01079556109
45375	0.002155516859
45376	0.001659658803
45377	0.00142812995
45378	0.00240827612
45379	0.001259150244
45380	0.001570794607
45381	0.006125920505
45382	0.001031158925
45383	0.01063583723
45384	0.02292315272
45385	0.0003725700235
45386	0.002972592288
45387	0.01214166286
45388	0.002436561708
45389	0.001622226722
45390	0.004060819123
45391	0.005396005891
45392	0.002104946724
45393	0.003572563891
45394	0.008886987888
45395	0.007889440823
45396	0.01534900826
45397	0.01034074382
45398	0.001456583458
45399	0.007917419653
45400	0.003853223698
45401	0.001559785664
45402	0.00172957784
45403	0.009325809777
45404	0.002339787518
45405	0.005969298971
45406	0.01562594086
45407	0.007973097274
45408	0.008676147603
45409	0.0001260470044
45410	0.006304499051
45411	0.004243932682
45412	0.006023902731
45413	0.00684645203
45414	0.004965298488
45415	0.001734912062
45416	0.003601098446
45417	0.008056272196
45418	0.005947797644
45419	0.0001164135113
45420	0.01513380151
45421	0.004261979353
45422	0.01029199404
45423	3.066216802e-05
45424	0.001292954304
45425	0.00940080347
45426	0.01942286218
45427	0.002530599928
45428	0.001348216462
45429	0.001651992136
45430	0.001137187926
45431	0.005847610481
45432	0.01054532268
45433	0.003907050871
45434	0.009380147338
45435	0.003168349631
45436	0.003177894916
45437	0.01169550924
45438	0.002439621708
45439	0.0007292866717
45440	0.004035092592
45441	0.005961655112
45442	0.004050374781
45443	0.01129808223
45444	0.008805105942
45445	0.002344811747
45446	0.003282544225
45447	0.004331306833
45448	0.0001994754185
45449	0.003910790649
45450	0.01062684475
45451	0.003306749597
45452	0.003525723279
45453	0.008829124722
45454	0.001295944305
45455	0.005316182265
45456	0.001669707742
45457	0.003196372739
45458	0.0005647364161
45459	0.01610278029
45460	0.002268504411
45461	0.005200838583
45462	0.003063230343
45463	0.002393432683
45464	0.005039549578
45465	0.00454346635
45466	0.002642407952
45467	0.002001275363
45468	0.01516799379
45469	0.005267253447
45470	0.001436450135
45471	0.002140891203
45472	0.005971473018
45473	0.001412523539
45474	0.0009036795965
45475	0.0007464244228
45476	0.004451313407
45477	0.003531741272
45478	0.0048158288
45479	0.0008689280764
45480	0.003209430082
45481	0.008823484122
45482	0.001498332316
45483	0.0004548154362
45484	0.0001836080548
45485	0.01581850743
45486	8.707942252e-05
45487	0.01104815734
45488	0.003361284605
45489	0.003403751423
45490	0.0085626415
45491	0.00691663948
45492	0.007397404286
45493	0.004567616903
45494	0.002050572015
45495	0.007176342061
45496	0.004345260336
45497	0.001983384775
45498	0.009320306372
45499	0.00314829699
45500	0.002357461536
45501	0.00390403649
45502	0.004698181019
45503	0.003230979504
45504	0.001195457085
45505	0.001617329485
45506	0.01273789332
45507	0.0041143887
45508	0.002766932846
45509	0.0005297325072
45510	0.003622655484
45511	0.003990547919
45512	0.007317704543
45513	0.002136220578
45514	0.00436649734
45515	0.003148553252
45516	0.00640756209
45517	0.006601510798
45518	0.001841360901
45519	0.00314448335
45520	0.005435586921
45521	0.001010839112
45522	1.43657403e-05
45523	0.002788930284
45524	0.001506470404
45525	0.01103894024
45526	0.005831667743
45527	0.005321948119
45528	0.001203708724
45529	0.0006631552813
45530	0.01046632047
45531	0.001547538176
45532	0.006236024394
45533	0.003673577391
45534	0.01050756439
45535	0.003201873472
45536	0.0009902206504
45537	0.002365434971
45538	0.0007436176942
45539	0.006606957685
45540	0.006185547282
45541	0.005177523815
45542	0.001230609413
45543	0.0004248138229
45544	0.009042881073
45545	0.003407067261
45546	0.0002363630106
45547	0.004354623453
45548	0.006054407836
45549	0.004010301689
45550	0.002444664342
45551	0.005420159896
45552	0.00137810812
45553	0.002581856594
45554	0.005899650767
45555	0.002222484763
45556	0.001049014585
45557	0.00153085232
45558	0.001385447515
45559	0.00521138635
45560	0.0005189101939
45561	0.005586058662
45562	0.001960055694
45563	0.001737784588
45564	0.0006700119778
45565	0.002034230231
45566	0.003841286012
45567	0.001834866527
45568	0.005910797495
45569	0.005791546005
45570	0.001102757528
45571	0.008222517992
45572	0.002382199482
45573	0.006403093012
45574	0.004094478348
45575	0.007879503866
45576	0.007244868991
45577	0.000655945594
45578	0.0029419593
45579	0.001581590616
45580	0.0001455336459
45581	0.003368765488
45582	0.00646458666
45583	0.004770766567
45584	0.0003030105397
45585	0.001998630414
45586	0.001755102416
45587	0.01189722091
45588	0.01207918464
45589	0.01295509864
45590	0.0002434033345
45591	0.0002654253242
45592	0.02251027734
45593	0.001670272172
45594	0.004156838914
45595	0.008296611057
45596	0.00708543191
45597	0.004839573864
45598	0.004260395918
45599	0.007240423724
45600	0.007777779309
45601	0.002966355058
45602	0.002230819565
45603	0.002898822317
45604	0.00538672881
45605	0.002144390025
45606	0.01664900351
45607	9.855603643e-05
45608	0.003292710386
45609	0.002615700028
45610	0.01697530672
45611	0.003585744479
45612	0.003767633682
45613	0.008951239381
45614	0.0116432836
45615	0.007104727994
45616	0.00943785958
45617	0.001224593268
45618	0.003162478708
45619	0.002704144027
45620	0.002440703813
45621	0.003608248871
45622	0.001472139679
45623	0.01143258009
45624	0.01043213742
45625	0.001190788918
45626	0.00077089518
45627	0.002905683402
45628	0.007871847106
45629	0.0004884702285
45630	0.00027973932
45631	0.01274231034
45632	0.001371960245
45633	0.007760418472
45634	0.01170753425
45635	0.005844318861
45636	0.0003486190968
45637	0.003841583484
45638	0.006025181118
45639	0.007843583085
45640	0.0001430920096
45641	0.0009729554163
45642	0.005631525894
45643	0.006769534261
45644	0.007344104587
45645	0.00304917982
45646	0.001639153103
45647	0.004098687574
45648	0.0004890842907
45649	0.004334379254
45650	0.006491830245
45651	0.007352401131
45652	0.009387381082
45653	0.0009306644905
45654	0.0003459676322
45655	0.001135555406
45656	0.0004657156686
45657	0.003325629945
45658	0.006146330299
45659	0.003602858993
45660	0.01467968664
45661	0.001444925563
45662	0.001632797678
45663	0.0005178302965
45664	0.01170391241
45665	0.01220344903
45666	0.001794231145
45667	0.01552188402
45668	0.008883714438
45669	0.0009871052254
45670	0.001732872006
45671	0.001279696868
45672	0.006811094688
45673	0.003140418769
45674	0.009540308645
45675	0.001587909626
45676	0.004008034338
45677	0.002048162315
45678	9.282543546e-05
45679	0.002712926892
45680	0.003557580149
45681	0.003790026283
45682	0.00440237336
45683	0.005151465922
45684	0.0001985890833
45685	0.0007419576977
45686	0.001103253842
45687	0.01087572793
45688	0.01217655354
45689	0.003231061424
45690	0.00728866564
45691	0.003957724144
45692	0.009872225471
45693	0.002042842933
45694	0.01563034271
45695	0.002323821891
45696	0.005533528778
45697	0.01251458249
45698	0.007061967921
45699	0.01265274805
45700	0.006263052367
45701	0.0162795823
45702	0.006726716255
45703	0.003265634901
45704	0.005127926058
45705	0.001201404501
45706	0.008073456181
45707	0.007599926461
45708	0.002937966652
45709	0.01016080043
45710	0.005685339339
45711	0.003428116688
45712	4.074496711e-05
45713	0.003839621313
45714	3.493112704e-05
45715	0.009185573662
45716	0.0005984382576
45717	0.004510959252
45718	0.0003224666263
45719	0.008695028059
45720	0.008244305811
45721	0.003111736299
45722	0.00496329283
45723	0.002547062734
45724	0.002405230874
45725	0.004279632004
45726	0.005294698137
45727	0.006543400594
45728	0.00629166663
45729	0.01684696619
45730	0.01480699326
45731	0.005146178032
45732	0.01199789862
45733	0.01122085461
45734	0.00636189627
45735	0.02421950784
45736	0.01770775599
45737	0.0120289657
45738	0.009066946868
45739	0.01051317742
45740	0.01243255954
45741	0.006139181691
45742	0.0004876701211
45743	0.004498383679
45744	0.01726438662
45745	0.005498936405
45746	0.005037785462
45747	0.03031696892
45748	0.001128715745
45749	0.009378162531
45750	0.00254512559
45751	0.0007195746627
45752	0.007052627906
45753	0.003005262279
45754	0.003020449653
45755	0.0006977848353
45756	0.001561879841
45757	0.002402411458
45758	0.0007190735993
45759	0.001572504559
45760	0.003405211489
45761	0.004985111353
45762	0.006058155604
45763	0.008594151214
45764	0.01964805848
45765	0.007819635728
45766	0.0008494369112
45767	0.005914321441
45768	0.006641442396
45769	0.02145468381
45770	0.00111812798
45771	0.003671382905
45772	0.02360713802
45773	0.006395534093
45774	0.006463019264
45775	0.003546070867
45776	0.002910497314
45777	0.004712464792
45778	0.01590526288
45779	0.01242909809
45780	0.002974576088
45781	0.001402066988
45782	0.009746138345
45783	0.005087777215
45784	0.0005585233378
45785	0.00141973036
45786	0.001225380189
45787	0.01299480623
45788	0.01630191396
45789	0.005665354768
45790	0.003472244425
45791	0.00717576011
45792	0.01711909296
45793	0.004888798536
45794	0.005056536903
45795	0.007386510461
45796	0.003711511909
45797	0.003742073557
45798	0.00850147892
45799	0.0001096837997
45800	1.553839475e-05
45801	5.430334324e-05
45802	0.0006130222864
45803	0.0002701015599
45804	6.921320552e-05
45805	8.534683331e-06
45806	0.0006898459021
45807	0.0004266701627
45808	0.001896126778
45809	0.0003304504836
45810	0.0005156321306
45811	0.003566602485
45812	0.006410773987
45813	0.0003393285158
45814	0.002322264911
45815	0.0005667216275
45816	0.0009864321588
45817	4.170837595e-05
45818	0.004440510692
45819	0.0009617397166
45820	0.003735523639
45821	0.006393007549
45822	0.001421674078
45823	0.002420694997
45824	0.0004761462935
45825	0.01195998705
45826	0.00229630562
45827	0.00340524046
45828	0.0005868972342
45829	0.006206122435
45830	0.003255865797
45831	0.0001533831152
45832	0.00413153288
45833	0.005468840892
45834	0.004552770549
45835	0.01189050385
45836	0.003507668256
45837	0.004735891393
45838	0.001541727931
45839	0.003720204707
45840	0.001829965004
45841	0.0008872379052
45842	0.0001231933887
45843	0.0009421474424
45844	0.0009798485378
45845	0.00547364938
45846	0.0004768441944
45847	0.0007600952789
45848	0.0006009100095
45849	0.001289786747
45850	0.0006346224232
45851	0.0008785774697
45852	0.001347419788
45853	0.002207496582
45854	0.0007016325388
45855	0.0007446905889
45856	0.003734627413
45857	0.0002303940029
45858	0.0001580541864
45859	0.0008152208442
45860	7.739482644e-05
45861	0.005681079132
45862	0.004112748357
45863	0.009750031421
45864	0.001423637549
45865	0.002229255009
45866	0.007505343566
45867	0.003149016633
45868	0.003164121926
45869	0.004876146089
45870	0.005331293132
45871	0.0004646158441
45872	0.004981510454
45873	0.005350310139
45874	0.0047418376
45875	0.004939698971
45876	0.007246319968
45877	0.002436669539
45878	0.00276465194
45879	0.0007881299755
45880	0.002789943937
45881	0.006815287941
45882	2.456431118e-07
45883	0.000307256991
45884	0.00210124791
45885	0.003052186742
45886	0.001491208202
45887	0.005415225209
45888	0.006594895732
45889	0.004810414712
45890	0.008987956597
45891	0.00440337948
45892	0.0009541672149
45893	0.002426022374
45894	0.002682000919
45895	0.000303700144
45896	0.001809443194
45897	0.0009259511222
45898	0.001257360864
45899	0.006466486396
45900	0.001722129086
45901	0.003343261504
45902	0.003461465797
45903	0.001283342933
45904	0.00922003025
45905	0.004292247331
45906	0.0001017218404
45907	0.0002836825555
45908	0.004130020166
45909	0.001585745198
45910	0.003310368742
45911	0.005739731303
45912	0.005022463901
45913	0.004009393118
45914	0.00209977918
45915	0.00481800619
45916	0.004585863713
45917	0.001592954753
45918	0.004562042162
45919	0.002575267299
45920	0.003085002655
45921	0.002867948291
45922	0.003504946449
45923	0.001601624339
45924	0.0008592441767
45925	0.003320297606
45926	0.0004514119736
45927	0.0007615135825
45928	0.001289749644
45929	0.006753169156
45930	0.007299676612
45931	0.0009077107608
45932	0.003774609919
45933	0.0007573690318
45934	0.001155878199
45935	0.002341761301
45936	0.001267192377
45937	0.008413610971
45938	0.006002633312
45939	0.004915070328
45940	0.0006252221978
45941	0.003399290453
45942	0.002798697548
45943	0.001802923307
45944	0.0009785117723
45945	0.003686341228
45946	0.002518187929
45947	0.004796875872
45948	0.008187872245
45949	0.009911711315
45950	0.002788793782
45951	0.007099974926
45952	0.00222097517
45953	0.000610563858
45954	0.004672565483
45955	2.853079066e-05
45956	0.002707997932
45957	0.00993655121
45958	0.002857041288
45959	0.006227841056
45960	0.004718466078
45961	0.003948772525
45962	0.004292726599
45963	0.003025450052
45964	0.002489626921
45965	0.00125291423
45966	0.003219192716
45967	0.01078638341
45968	0.005402539307
45969	0.005139604286
45970	0.007393806112
45971	0.002507044291
45972	0.000152629377
45973	0.004623984989
45974	0.001840895889
45975	0.00228586451
45976	0.007741393086
45977	0.008860104622
45978	0.005119971994
45979	0.002227558311
45980	0.0001335225202
45981	0.009445418223
45982	0.004053786504
45983	0.009275703753
45984	0.0001528927747
45985	0.006413612266
45986	0.005592024206
45987	0.002145064092
45988	0.001083608196
45989	0.002752214281
45990	0.00904144247
45991	0.0004384657352
45992	0.001184378138
45993	0.000349765276
45994	0.0003818293417
45995	0.001985899107
45996	0.0002148638353
45997	0.001957690833
45998	0.004949504284
45999	0.002153063462
46000	0.002262694977
46001	0.003092971901
46002	0.00545546361
46003	0.004258737602
46004	0.006380941366
46005	0.004659608174
46006	0.0004096619636
46007	0.008076207323
46008	0.002416630606
46009	0.005629370298
46010	0.009016736085
46011	0.005629678971
46012	0.00472785012
46013	0.009201900585
46014	0.001236748787
46015	0.007374470776
46016	0.01150006794
46017	0.008266617043
46018	0.006687863904
46019	0.01503570489
46020	0.005866676673
46021	0.007803523295
46022	0.001061322743
46023	0.0004559936725
46024	0.0003594962337
46025	0.006374108185
46026	0.008134118469
46027	0.004170785373
46028	0.008657557879
46029	0.007609718212
46030	0.001378782637
46031	0.003842546275
46032	0.001085561046
46033	0.02047920872
46034	0.001925257751
46035	0.0009965870698
46036	0.000484079938
46037	0.001423546712
46038	0.0003804623049
46039	0.006627463277
46040	0.001460261288
46041	0.003155347268
46042	0.0001650487982
46043	0.00303991175
46044	0.001109463645
46045	0.008798008995
46046	0.01120885185
46047	0.003241644262
46048	0.001012825653
46049	0.006772612059
46050	0.006959631868
46051	0.002913707118
46052	0.0005130026305
46053	0.002456510929
46054	0.0001842424409
46055	0.005467809481
46056	0.003811685807
46057	0.004515548023
46058	0.001450397363
46059	0.005295191707
46060	0.003506901983
46061	0.01206314635
46062	0.004461236631
46063	0.004711688852
46064	0.004757554953
46065	0.0006537608319
46066	0.001866198612
46067	0.0020903737
46068	0.004689774198
46069	0.008986804148
46070	0.003201845043
46071	0.009709443081
46072	0.0005928179107
46073	0.003037839151
46074	0.007895205924
46075	0.003558259242
46076	0.001319103766
46077	0.005016638351
46078	0.004493362409
46079	0.002052860444
46080	0.00301260433
46081	0.002182907787
46082	0.001191229163
46083	0.0005783526706
46084	0.004545345705
46085	0.003390815004
46086	0.002979373257
46087	0.006570387508
46088	0.009744726245
46089	0.009517322044
46090	0.006473060407
46091	0.01367046703
46092	0.01605333788
46093	0.009670998847
46094	0.02178573343
46095	0.004831998072
46096	0.007892632327
46097	0.01852617005
46098	0.01645474115
46099	0.02182825817
46100	0.004438112695
46101	0.006450787007
46102	0.0009247358389
46103	0.004894257703
46104	0.005104948578
46105	0.008062346133
46106	0.01054986953
46107	0.01023080657
46108	0.005783083721
46109	0.01756668176
46110	0.004468091448
46111	0.003076862552
46112	0.002389664042
46113	0.004177673658
46114	0.0002799170403
46115	0.001977742901
46116	0.001218729841
46117	0.004786424654
46118	0.004071046752
46119	0.001950635927
46120	0.002255782723
46121	0.0005571627865
46122	0.008852393703
46123	0.0008854276653
46124	0.001130369128
46125	5.224089783e-05
46126	0.002758736783
46127	0.005519555378
46128	0.01399127348
46129	0.006637244842
46130	0.01038094726
46131	0.008248827573
46132	0.007087209062
46133	0.0002565200437
46134	0.002416205916
46135	0.006959487167
46136	0.005295891738
46137	0.003723173156
46138	0.002813052053
46139	0.005312243236
46140	0.006346106994
46141	0.0006613788534
46142	0.003610187891
46143	0.005962992318
46144	0.0009352683457
46145	0.0001332778059
46146	0.008380481092
46147	0.003301841773
46148	0.0001302464489
46149	0.005654608039
46150	0.004394119528
46151	0.001767869928
46152	0.0002920160221
46153	0.002118537393
46154	0.001254392879
46155	0.001984260277
46156	0.001083468316
46157	0.0003681678857
46158	0.005913484739
46159	0.009600063199
46160	0.001611904209
46161	0.003789949311
46162	0.00591025173
46163	0.01304368497
46164	0.005470452484
46165	0.0008761454633
46166	0.005943507978
46167	0.006200494596
46168	0.007487608586
46169	0.002714592913
46170	0.006933707222
46171	0.001371474394
46172	0.002233424374
46173	0.007879350212
46174	0.005767090139
46175	0.005126110039
46176	0.004575847163
46177	0.005157124579
46178	0.01282619732
46179	0.0012938016
46180	0.005283384567
46181	0.004735844183
46182	0.00305541305
46183	0.00345254108
46184	0.002031735184
46185	0.007694496615
46186	0.00290295111
46187	0.004434051743
46188	0.005189589604
46189	0.0137181575
46190	0.007538940356
46191	0.001382297318
46192	0.003617933557
46193	0.002587540752
46194	0.01095797
46195	0.006463275922
46196	0.0005718361167
46197	0.002573181445
46198	0.006728577648
46199	0.00586700876
46200	0.0007300818596
46201	0.00574287911
46202	0.0004887934923
46203	0.004556741882
46204	0.0004228722818
46205	0.001277968301
46206	0.0004026187472
46207	0.02216021658
46208	0.003121437746
46209	0.003977185412
46210	0.003816730323
46211	0.01349089587
46212	0.01081522218
46213	0.001031691312
46214	0.003865431801
46215	0.005090930443
46216	0.002681587073
46217	0.004450536039
46218	0.001781046868
46219	0.002551574902
46220	0.002554993552
46221	0.01370062597
46222	0.01493082139
46223	0.006368462799
46224	0.006984501271
46225	0.006093501618
46226	0.001570676183
46227	0.002185258224
46228	0.00210032163
46229	0.00292086078
46230	0.0004451049051
46231	0.001545796595
46232	0.001132188519
46233	0.005578560477
46234	0.004251623974
46235	0.001216987406
46236	0.0004584464625
46237	0.0008790657294
46238	0.00455606968
46239	0.001752396101
46240	0.004024290811
46241	0.00166019299
46242	0.002174833025
46243	0.009000013128
46244	0.004325299545
46245	0.01110106904
46246	0.00248900166
46247	0.001664299889
46248	0.00280158187
46249	0.01050239766
46250	0.001134136052
46251	0.003677849505
46252	0.001139615021
46253	0.001274531858
46254	0.0001167774447
46255	0.00440249427
46256	0.001534520224
46257	0.001261684847
46258	0.0004896375785
46259	0.001821422676
46260	0.01121243943
46261	0.01507404883
46262	0.003446568052
46263	0.002917058644
46264	0.001644831704
46265	0.001222179488
46266	0.002766472962
46267	0.001046774937
46268	0.00531112615
46269	0.009846067434
46270	0.002073251412
46271	0.004095994909
46272	0.01383311945
46273	0.00273384437
46274	0.01357321546
46275	0.003884159338
46276	0.0006929922005
46277	0.005355692542
46278	0.01224719139
46279	0.000722318518
46280	0.008202772821
46281	0.001150044126
46282	0.001817897037
46283	0.001754246978
46284	0.001238615714
46285	0.0007317803091
46286	0.003277629956
46287	0.005233538857
46288	0.004117437504
46289	0.003410173211
46290	0.004505798639
46291	0.007299068258
46292	0
46293	0.0003392979619
46294	0.007713092404
46295	0.0008885279435
46296	0.0009080670017
46297	0.001348466804
46298	0.000348916729
46299	0.001345691992
46300	0.003143694758
46301	0.003364548339
46302	0.01352152323
46303	0.003126116132
46304	0.001838878432
46305	0.01090140432
46306	0.005508857496
46307	0.0008585848243
46308	0.002787675724
46309	0.0001914209015
46310	0.0008789980448
46311	0.005451716453
46312	0.007131334593
46313	0.01405404577
46314	8.301256972e-05
46315	0.001727966137
46316	0.00162829228
46317	0.001745177547
46318	0.002597934332
46319	0.001548416803
46320	0.001302235393
46321	0.005257531074
46322	0.004010764968
46323	0.01401653356
46324	0.00883934099
46325	0.009654231037
46326	0.011665049
46327	0.008945130474
46328	0.003542273281
46329	0.02188630626
46330	0.007312737036
46331	0.001308676411
46332	0.01323653284
46333	0.002516488775
46334	0.005140023099
46335	0.001140598586
46336	0.01226804999
46337	0.01339025217
46338	0.005932759107
46339	0.004747559571
46340	0.005214770011
46341	0.006729415162
46342	0.01466558985
46343	0.01254454138
46344	0.003306835396
46345	0.006076335705
46346	0.0008328135865
46347	0.002898452093
46348	0.002244610141
46349	0.002922076688
46350	0.01385101501
46351	0.003525251886
46352	0.006889118186
46353	0.002395654964
46354	0.0009148071649
46355	0.005415550936
46356	0.001468081987
46357	0.003843375944
46358	0.00393862233
46359	0.003329401698
46360	0.004968584906
46361	0.007855771499
46362	0.0009323135693
46363	0.002193874152
46364	0.01496185112
46365	0.007930114142
46366	0.01314093606
46367	0.008825738442
46368	0.005365581995
46369	0.0006831369679
46370	0.00418111028
46371	0.002544909581
46372	0.003214819701
46373	0.001698420777
46374	0.007382130263
46375	0.002955387359
46376	0.003006704739
46377	0.003138619116
46378	0.004171111307
46379	0.006229946292
46380	0.003598931408
46381	0.003538967077
46382	0.002385268121
46383	0.002082631124
46384	0.004527992823
46385	0.003211953271
46386	0.003686395964
46387	0.003761729509
46388	0.003963258936
46389	0.002637198584
46390	0.002991070893
46391	0.007023274408
46392	0.002460601491
46393	0.003637828546
46394	0.003581407821
46395	0.003327942608
46396	0.00343407051
46397	0.004104895189
46398	0.002381161498
46399	0.002074389589
46400	0.003690961767
46401	0.002977507403
46402	0.003358691403
46403	0.003364274156
46404	0.003276344687
46405	0.01196620788
46406	0.006959042029
46407	0.01115009959
46408	0.01246352596
46409	0.01318914022
46410	0.008194946561
46411	0.01205552465
46412	0.01195955786
46413	0.01150543453
46414	0.01003943625
46415	0.008880365185
46416	0.01271329692
46417	0.01102836847
46418	0.01133316111
46419	0.01266078199
46420	0.01090562005
46421	0.01279077712
46422	0.01276055588
46423	0.01187003586
46424	0.01094919419
46425	0.01125324435
46426	0.01270857783
46427	0.01130992128
46428	0.0127156734
46429	0.0128876272
46430	0.01121995237
46431	0.01240238797
46432	0.01187450499
46433	0.01001026926
46434	0.01052041775
46435	0.012926997
46436	0.01124803299
46437	0.007335944831
46438	0.01233136239
46439	0.0111864385
46440	0.01111902769
46441	0.01187629803
46442	0.01154387355
46443	0.01271898231
46444	0.01354204266
46445	0.003377373878
46446	0.007741905511
46447	0.01151674145
46448	0.01224538478
46449	0.01120062682
46450	0.009704249018
46451	0.007818025727
46452	0.01210578333
46453	0.004071644696
46454	0.01060007066
46455	0.01215003104
46456	0.01624140683
46457	0.01057456865
46458	0.007533810778
46459	0.01176127588
46460	0.01265574027
46461	0.01288902253
46462	0.01127222098
46463	0.01160954694
46464	0.01054710066
46465	0.01229937516
46466	0.01075434046
46467	0.01521496496
46468	0.003838084449
46469	0.008452798283
46470	0.0001325779291
46471	0.004545482411
46472	0.00797699627
46473	0.003327062438
46474	0.004496809904
46475	0.01008266283
46476	0.002242620547
46477	0.01488014517
46478	0.003979993465
46479	0.01209516179
46480	0.02614494613
46481	0.005524943755
46482	0.002514411376
46483	0.008567476397
46484	0.01164932158
46485	0.0007622793022
46486	0.01196830761
46487	0.002167723433
46488	0.0001743218907
46489	0.0009329174854
46490	0.002079053921
46491	0.001549807748
46492	0.0008817790338
46493	0.0003944793972
46494	0.001715093943
46495	0.003112514507
46496	0.0002190441912
46497	0.002808174445
46498	0.0008518850659
46499	0.0008906751283
46500	0.001064163172
46501	0.0009106617461
46502	0.0004171754541
46503	0.000372648312
46504	0.001269849045
46505	0.0003269600689
46506	0.005554325853
46507	0.001714254147
46508	0.002458249884
46509	0.0106202136
46510	0.01027543858
46511	0.0009621445352
46512	0.01182943562
46513	0.0006161018933
46514	0.01683031122
46515	0.01167108032
46516	0.005884091757
46517	0.00176917855
46518	0.002406747727
46519	0.005094950811
46520	0.005210490197
46521	0.01184182269
46522	0.007187390553
46523	0.001208725444
46524	0.001956365446
46525	0.005269119187
46526	0.009391366748
46527	0.007443929146
46528	0.01880323359
46529	0.002845434273
46530	0.003099982864
46531	0.01288366055
46532	0.001166585059
46533	0.0009002319251
46534	0.0005318987265
46535	0.004353755863
46536	0.004979523208
46537	0.005179416144
46538	0.005145110221
46539	0.006333511727
46540	0.00406820477
46541	0.005285760328
46542	0.01189140854
46543	0.006959562343
46544	0.004699759568
46545	0.005383842148
46546	0.001697456381
46547	0.004953391606
46548	0.01521934905
46549	0.004744622866
46550	0.009855601359
46551	0.008599754518
46552	0.001609744197
46553	0.006049128032
46554	0.005210676234
46555	0.003138136221
46556	0.00911508441
46557	2.530974326e-06
46558	0.0009152398594
46559	0.001103596784
46560	0.006718099727
46561	0.001429842506
46562	0.001444105575
46563	0.007559259828
46564	0.002030575059
46565	0.002697034934
46566	0.01585237431
46567	0.002242926807
46568	0.001130436298
46569	0.004593113351
46570	0.006236145011
46571	0.009990325303
46572	0.001983950415
46573	0.01015377233
46574	0.02385721538
46575	0.006900471039
46576	0.0003593802744
46577	0.00659186318
46578	0.004538742258
46579	0.01583252633
46580	0.001273736958
46581	0.01157878599
46582	0.001463325826
46583	0.002849523026
46584	0.006565436273
46585	0.002303861767
46586	0.002372935643
46587	0.003087963397
46588	0.00358072704
46589	0.01153581324
46590	0.002326649202
46591	0.008140548002
46592	0.003683995538
46593	0.001367480598
46594	0.003481383046
46595	0.01564443819
46596	0.01201183526
46597	0.006264266478
46598	0.0001029893275
46599	0.003591068247
46600	0.02310377636
46601	0.000368363897
46602	0.003910486747
46603	0.000408689118
46604	0.02572139536
46605	0.001619886066
46606	0.004587970973
46607	0.01300757991
46608	0.005676756817
46609	0.006812461603
46610	0.01629379087
46611	0.008797802248
46612	0.0004195658065
46613	0.00234409635
46614	0.003450302502
46615	0.0005935772672
46616	0.001829324716
46617	0.0116339622
46618	0.002094756746
46619	0.01489502466
46620	0.001894420853
46621	0.009423119046
46622	0.006356364702
46623	0.004847516454
46624	0.006464442548
46625	0.004266928047
46626	0.002978932278
46627	0.01013405983
46628	0.008114076694
46629	0.003974124571
46630	0.002219729404
46631	0.003358551521
46632	0.003040331747
46633	0.004711749143
46634	0.004793034306
46635	0.003253958941
46636	0.004789413979
46637	0.006334273447
46638	0.009550205534
46639	0.007044603423
46640	0.01370856275
46641	0.00106328947
46642	0.00747504969
46643	0.01305397311
46644	0.007756423182
46645	0.006658857366
46646	0.002786734727
46647	0.002621334777
46648	0.02070418443
46649	0.01238533808
46650	0.006298987473
46651	0.006931132759
46652	0.001425012732
46653	0.002641909328
46654	0.001014546894
46655	0.006133057657
46656	0.005078594296
46657	0.008511745963
46658	0.01216395946
46659	0.002898766495
46660	0.005338750457
46661	0.003512823877
46662	0.001842717585
46663	0.008665839866
46664	0.005355823537
46665	0.0118614154
46666	0.01001941875
46667	0.009822337127
46668	0.008114697347
46669	0.0371785026
46670	0.003637296921
46671	0.003106577813
46672	0.01011198969
46673	0.006794847856
46674	0.004426467828
46675	0.01252060765
46676	0.007196184045
46677	0.01334537524
46678	0.004089437429
46679	0.005137173237
46680	0.0009482266891
46681	0.005176351791
46682	0.0008659646059
46683	0.001056495534
46684	0.003520461187
46685	0.007154854703
46686	0.01008137917
46687	0.01186005878
46688	0.005403850733
46689	0.004691185386
46690	0.00676195324
46691	0.001436472235
46692	0.0007808527407
46693	0.01234416728
46694	0
46695	0.004216947512
46696	0.0002596966364
46697	0.004680044423
46698	0.002009070087
46699	0.0005487619873
46700	0.000178236078
46701	0.008590471537
46702	0.005195793135
46703	0.01084867664
46704	0.0003652944634
46705	0.006645617109
46706	0.003788737976
46707	0.01501590976
46708	0.02056490366
46709	0.0107260484
46710	0.001939881038
46711	0.005931200236
46712	0.004441441769
46713	0.0006355784748
46714	0.01797988048
46715	0.002711197798
46716	0.007016633261
46717	0.002460997618
46718	0.001377567995
46719	0.003836709819
46720	0.005155221072
46721	0.004041760496
46722	0.00262088944
46723	0.00597993004
46724	0.01630666398
46725	0.01181581988
46726	0.01112013652
46727	0.005181270276
46728	0.004992444531
46729	0.0180633872
46730	0.004453983634
46731	0.0006905011698
46732	0.003198926201
46733	0.003821496185
46734	0.005991665283
46735	0.005916513234
46736	0.01000071562
46737	0.004834840743
46738	0.009024529021
46739	0.008395966036
46740	0.01815566555
46741	0.006114048404
46742	0.004952113514
46743	0.006027337666
46744	0.01013576426
46745	0.01057475278
46746	0.00316813831
46747	0.01113974423
46748	0.002854894775
46749	0.003661227602
46750	0.007676068637
46751	0.01229309552
46752	0.0027463864
46753	0.0009634650698
46754	0.01146592732
46755	0.001540276419
46756	0.002021045173
46757	0.01731385733
46758	0.01008761089
46759	0.005073938036
46760	0.002062400632
46761	0.003149750883
46762	0.01003837731
46763	0.005712400777
46764	0.008856096565
46765	0.01012702341
46766	0.00046385152
46767	0.006716712249
46768	0.003568793443
46769	0.0008315634462
46770	0.002316414944
46771	0.01565095346
46772	0.00607064606
46773	0.002948684795
46774	0.007978772771
46775	0.01860841201
46776	0.001232386781
46777	0.001068578934
46778	0.004781418931
46779	0.007029650875
46780	0.006506838167
46781	0.009795364627
46782	0.002308866619
46783	0.003418602165
46784	0.003449463902
46785	0.002331683511
46786	0.01044561569
46787	0.003068745576
46788	0.008714414816
46789	0.003856275158
46790	0.01725389141
46791	0.002576875046
46792	0.003537965842
46793	0.006217699737
46794	0.004246794026
46795	0.003721040689
46796	0.007604204942
46797	0.002962970458
46798	0.01419694631
46799	0.006514725316
46800	0.008475311812
46801	0.002216463054
46802	0.00012667985
46803	0.001212308002
46804	0.004487425812
46805	0.01162808998
46806	0.001213373539
46807	0.005748015457
46808	0.004046870599
46809	0.006647738594
46810	0.005887439769
46811	0.000338654947
46812	0.009081608156
46813	0.00386870796
46814	0.001415027022
46815	0.006711310429
46816	0.002881966023
46817	0.003653214179
46818	0.001426729154
46819	0.008188903487
46820	0.0006625663926
46821	0.0004504611412
46822	0.0003375776674
46823	0.006022239787
46824	0.0009043961274
46825	0.01305373094
46826	0.008402381687
46827	0.004921856496
46828	0.008296346602
46829	0.005339626803
46830	0.001438928853
46831	0.002755914338
46832	4.548621227e-05
46833	0.0001467320467
46834	0.004898942955
46835	0.00467270735
46836	0.003041695163
46837	0.0004614664493
46838	0.009950528535
46839	0.007060404351
46840	0.006616257599
46841	0.02011241726
46842	0.01367455861
46843	0.0177867905
46844	0.006310874403
46845	0.001609144659
46846	0.008674286157
46847	0.00277462845
46848	0.01180040908
46849	0.001525756318
46850	0.0005811626769
46851	0.003903864597
46852	0.001808880583
46853	0.002887307887
46854	0.007080645914
46855	0.001246758747
46856	0.008493220902
46857	0.001623641512
46858	0.0025579886
46859	0.001849363111
46860	0.002912823658
46861	0.0001566292075
46862	0.007064741239
46863	0.0001352078464
46864	0.006616007999
46865	0.0003696394463
46866	0.0001173636468
46867	0.006101074848
46868	0.00473300477
46869	0.006115856941
46870	0.007023092059
46871	0.01206866524
46872	0.004045654631
46873	0.01808530087
46874	0.0009418207634
46875	0.0005930066506
46876	0.0002333826173
46877	0.001474243805
46878	0.004611060785
46879	0.0004278284597
46880	0.005115510403
46881	0.01036640668
46882	0.0008658624656
46883	0.01151344162
46884	0.002690172079
46885	0.0007896115794
46886	0.0004564890506
46887	0.005818485914
46888	0.004813664418
46889	0.00133198145
46890	0.001167881733
46891	0.01554013389
46892	0.001910795302
46893	0.001430264411
46894	0.001199864559
46895	0.01280800841
46896	0.01384207618
46897	0.003246120189
46898	0.0004440499026
46899	0.000876282777
46900	0.004209178256
46901	0.0004704473
46902	0.007633006708
46903	0.001676786185
46904	0.001897010662
46905	0.0001648453278
46906	0.002517180303
46907	0.0005872698076
46908	0.0006579894868
46909	0.01039494819
46910	0.000856663264
46911	0.001639151718
46912	0.00192047475
46913	0.004884080075
46914	0.009605249977
46915	0.01114443055
46916	0.006339882326
46917	0.00161938542
46918	0.001555947788
46919	0.001210229309
46920	0.009478757862
46921	0.007583394483
46922	0.001351570442
46923	0.004850479399
46924	0.003043277945
46925	0.0009229978002
46926	0.008608364653
46927	0.0009352831371
46928	0.002735512373
46929	0.00185584003
46930	0.002056576405
46931	0.003545392113
46932	0.0009810949356
46933	0.007280799787
46934	0.007441441738
46935	0.01033966012
46936	0.002143146181
46937	0.007357290244
46938	0.007113192624
46939	0.01218992431
46940	0.0003934451845
46941	0.004308391373
46942	0.000430578881
46943	0.006805584496
46944	0.005389547815
46945	0.006226434306
46946	0.006321613811
46947	0.0005829873456
46948	0.003063366864
46949	0.004411507786
46950	0.00574263584
46951	0.004752727486
46952	0.005296192645
46953	0.000829435524
46954	0.004671916316
46955	0.001426971643
46956	0.004353387289
46957	0.003916264438
46958	0.0007696156847
46959	0.002146640969
46960	0.001740072249
46961	0.002974106148
46962	0.000792183591
46963	0.00155533961
46964	0.00326443131
46965	0.005562096174
46966	0.001486650509
46967	0.004309014874
46968	0.003085772774
46969	0.001917399253
46970	0.003770534772
46971	0.0005091504963
46972	0.01080212139
46973	0.006274624347
46974	0.0003801160665
46975	0.001733260235
46976	0.003022861259
46977	0.01149115683
46978	0.00836460249
46979	0.002679654938
46980	0.004435884263
46981	0.003846381335
46982	0.001476511819
46983	0.002923887906
46984	0.0008060229686
46985	0.003820959038
46986	0.002066354985
46987	0.001936650032
46988	0.009229755928
46989	0.002945364856
46990	0.001571829944
46991	0.001229902177
46992	0.004112529168
46993	0.004019766727
46994	0.008687494244
46995	0.001519739095
46996	0.007812180338
46997	0.00311782659
46998	0.0009136501325
46999	0.002104460654
47000	0.007899844737
47001	0.0005784230636
47002	0.001288845026
47003	0.003958342026
47004	0.006790373909
47005	0.002685178386
47006	0.001943975618
47007	0.001965157977
47008	0.003076824742
47009	0.01171626414
47010	0.005315538209
47011	0.002054146837
47012	0.008755340259
47013	0.004398071986
47014	0.005004059694
47015	0.00186152262
47016	0.004247295086
47017	0.004095977856
47018	0.0005490213807
47019	0.003869989153
47020	0.0152395097
47021	0.0007315258134
47022	0.0001048751393
47023	0.00431488723
47024	0.003560789428
47025	0.003595931618
47026	0.006166932599
47027	0.001072911319
47028	0.001680148199
47029	0.004118587941
47030	5.870269245e-05
47031	0.001021714096
47032	0.0002555551338
47033	0.001902157571
47034	0.002235316612
47035	0.01449784109
47036	0.001403420596
47037	0.002194910308
47038	0.0005368372909
47039	0.002845995258
47040	0.005996300921
47041	0.002971879829
47042	0.004755899154
47043	0.005418377607
47044	0.000243526736
47045	0.005037196121
47046	0.01146051544
47047	0.008479399742
47048	0.00702487802
47049	0.003049600978
47050	7.651451147e-05
47051	0.002031170514
47052	0.02043114572
47053	0.001104847302
47054	0.004996046266
47055	0.00235277574
47056	0.003037481612
47057	0.002934089406
47058	0.01601547729
47059	0.003822704214
47060	0.001613829067
47061	0.004723393177
47062	0.003470165923
47063	0.005716983863
47064	0.0003577022041
47065	0.005233208221
47066	0.006312059026
47067	0.000538102634
47068	0.003175117546
47069	0.0003824839949
47070	0.006210156113
47071	0.0021550567
47072	0.004189019282
47073	0.006372482117
47074	0.001342118697
47075	0.006279866597
47076	0.004247924073
47077	0.00933512466
47078	0.003903067893
47079	0.007296644062
47080	0.01411426441
47081	0.003519159616
47082	0.01144198296
47083	0.02547375714
47084	0.01178348544
47085	0.01485285178
47086	0.000804214688
47087	0.007870959323
47088	0.001797086333
47089	0.003241001729
47090	0.0001835320371
47091	0.002955838343
47092	0.001196477691
47093	0.0006932740001
47094	0.0009072789247
47095	0.004347123362
47096	0.002294198087
47097	0.008280310515
47098	0.004285638498
47099	0.004611781211
47100	7.210921252e-05
47101	0.01081330945
47102	0.0159634086
47103	0.005210739385
47104	0.001567402369
47105	0.008927274269
47106	0.006541234772
47107	0.01020894339
47108	0.008107799939
47109	0.005258656613
47110	0.001415118329
47111	0.0034105777
47112	0.001029780211
47113	0.00878271635
47114	0.002558328522
47115	0.007079237723
47116	0.0004553914909
47117	0.001203645953
47118	0.002211015718
47119	0.002296532342
47120	0.01184000754
47121	0.006007142253
47122	0.004279044917
47123	0.001394734312
47124	0.004842542745
47125	0.002378370493
47126	0.004358752421
47127	0.006536953382
47128	0.02034736396
47129	0.02451315712
47130	0.001212639697
47131	0.003226258327
47132	0.01629148342
47133	0.004425854616
47134	0.003310768582
47135	0.002317667821
47136	0.009261110707
47137	0.01008268018
47138	0.007616008459
47139	0.004236531889
47140	0.0003065803597
47141	0.004370159307
47142	0.02230256445
47143	0.005850683941
47144	0.002737438427
47145	0.0177800957
47146	0.00954428323
47147	0.006131411014
47148	0.006314972513
47149	0.000482695265
47150	0.006730712597
47151	0.006956160678
47152	0.004049095088
47153	0.00804607039
47154	0.006062694473
47155	0.002918946959
47156	0.0006555330063
47157	0.002337291415
47158	0.005676426797
47159	0.0004238248914
47160	0.003503321609
47161	0.002646160297
47162	0.006998805747
47163	0.00777123336
47164	0.01312611292
47165	0.005725983569
47166	0.007179417511
47167	0.0009729471746
47168	0.003674495694
47169	0.0007700230598
47170	0.006216639347
47171	0.0003719817531
47172	0.001515472295
47173	0.004368289181
47174	0.001715268322
47175	0.004455976935
47176	0.007847589344
47177	0.006032575715
47178	0.001462583723
47179	0.0005426256096
47180	0.0006645370004
47181	0.003232835891
47182	0.01595865177
47183	0.003011797261
47184	0.006311724997
47185	0.0005079918408
47186	0.001401046699
47187	0.00247563636
47188	0.0008414129536
47189	0.006456213789
47190	0.001068165849
47191	0.003231320203
47192	0.006160048188
47193	0.00526238089
47194	0.004722528091
47195	0.004364347204
47196	0.01218979745
47197	0.00309420246
47198	0.00277347399
47199	0.0007146128665
47200	0.003786508437
47201	0.008815861772
47202	0.0005785770605
47203	0.01410400464
47204	0.002579369179
47205	0.001842935022
47206	0.001905754744
47207	0.005859252247
47208	0.002574619749
47209	0.002760747965
47210	0.01066560934
47211	0.001777263196
47212	0.005248391123
47213	0.006578666289
47214	0.006496866872
47215	0.001682745937
47216	0.0008270577263
47217	0.004767514922
47218	0.001615706812
47219	0.002364021043
47220	0.001459033175
47221	0.000507143309
47222	0.000523479128
47223	0.003645711853
47224	0.001611903188
47225	0.0003251245606
47226	0.0009482303793
47227	0.0107530406
47228	0.0006992531633
47229	0.002538424012
47230	0.0009269758649
47231	0.004770647722
47232	0.003932133918
47233	0.004226098099
47234	0.008583657616
47235	0.01249477327
47236	0.007234108214
47237	0.006185175752
47238	0.00198131528
47239	0.006143431512
47240	0.002710467433
47241	0.00418229528
47242	0.0115959356
47243	0.003988168215
47244	0.002266657993
47245	0.0002034965593
47246	0.002189357972
47247	0.008318036206
47248	0.001323163143
47249	0.01931107776
47250	0.002219606903
47251	0.0001140116313
47252	0.000175427926
47253	0.001425129318
47254	0.001017054115
47255	0.002270131368
47256	0.001665304365
47257	0.001738981579
47258	0.007428674418
47259	0.0007326417877
47260	0.0001616087218
47261	0.009936651008
47262	0.01300336759
47263	0.01300772915
47264	0.0003836463473
47265	0.001914432919
47266	0.003085596774
47267	0.005196190637
47268	0.009936161948
47269	0.002250436788
47270	0.0107313544
47271	0.00270011265
47272	0.008442834756
47273	0.0003105545406
47274	0.002068815532
47275	7.505265032e-05
47276	0.001078890982
47277	0.0008939929037
47278	0.007249334047
47279	0.01574140254
47280	0.002325808785
47281	0.01130954228
47282	0.0003477779805
47283	0.004612522698
47284	0.008815939366
47285	0.001547224247
47286	0.001495568512
47287	0.003697029368
47288	0.009715160724
47289	0.005116319724
47290	0.0008984111356
47291	0.001511710111
47292	0.0115124394
47293	0.009385468591
47294	0.000352368253
47295	0.004343717065
47296	0.006032194096
47297	0.004322155499
47298	0.0001809202627
47299	0.005265404322
47300	0.002376027392
47301	0.007472491224
47302	0.0004139527223
47303	0.0001392578753
47304	0.001343244404
47305	0.002650363869
47306	0.000326336851
47307	0.009594571341
47308	0.004995465603
47309	0.001945785766
47310	0.004283821044
47311	0.002513994015
47312	0.001024705004
47313	0.00264277142
47314	0.001237154849
47315	0.01073890971
47316	0.006774138026
47317	0.007411599385
47318	0.01341251648
47319	0.01291493734
47320	0.007918391578
47321	0.00410351942
47322	0.01101962325
47323	0.008737303
47324	0.01764025604
47325	6.880695397e-05
47326	0.005327259744
47327	0.01783544394
47328	0.001984629764
47329	0.004132801693
47330	0.005383482025
47331	0.003786726235
47332	0.008390072826
47333	0.01155113233
47334	0.005991812087
47335	0.002456354949
47336	3.498768325e-05
47337	0.001636611209
47338	0.004136174228
47339	0.0007249147989
47340	0.0002840029191
47341	0.01008422014
47342	0.00768138764
47343	0.002143436405
47344	0.001352666146
47345	0.006035373908
47346	0.00423620369
47347	0.007135412185
47348	0.002158541398
47349	0.00042346029
47350	0.0003394169616
47351	0.000138915256
47352	0.001246378734
47353	0.01075910588
47354	0.002132281104
47355	0.003230915628
47356	0.001810557444
47357	0.001694100834
47358	0.0002398498908
47359	0.00601014482
47360	0.002807218643
47361	0.0009189812778
47362	0.0007731740926
47363	0.003307179108
47364	0.0009006812527
47365	0.002594649542
47366	0.005057928124
47367	0.002985509022
47368	0.01539063774
47369	0.003085427717
47370	0.008467431014
47371	0.006775877212
47372	0.002549459229
47373	0.008724712689
47374	0.001732988146
47375	0.0005655377783
47376	0.005947446227
47377	0.004900515652
47378	0.003154229492
47379	0.002196139786
47380	0.007381589663
47381	0.001549565171
47382	0.002376766287
47383	0.0004743802028
47384	0.001230212576
47385	0.00415572787
47386	0.0004952597333
47387	0.0007000795303
47388	0.001138658278
47389	0.009035540554
47390	0.01028122713
47391	0.0007008105112
47392	0.003275914863
47393	0.001947036166
47394	0.004655321452
47395	0.01122976366
47396	0.001698557193
47397	0.0009696360635
47398	0.004497253406
47399	0.01070665995
47400	0.008767173328
47401	0.006946414471
47402	0.002451523362
47403	0.01520861884
47404	6.64666951e-05
47405	0.003728257558
47406	0.001232141851
47407	6.371022699e-05
47408	0.003465775119
47409	0.0008552657659
47410	0.004872784552
47411	0.00515030708
47412	0.01313360061
47413	0.003975939
47414	0.02072028779
47415	0.004357360949
47416	0.005716616272
47417	0.00394804907
47418	0.00248015575
47419	0.01029458914
47420	0.001176711573
47421	0.001518908178
47422	0.0007203039859
47423	0.002319282564
47424	0.0003593287628
47425	0.003325857944
47426	0.01855891968
47427	0.001789428445
47428	0.005473268434
47429	0.003783944118
47430	0.01062260574
47431	0.002214727007
47432	0.00842807382
47433	0.002149668093
47434	0.005088918975
47435	0.005751540011
47436	0.0010306033
47437	0.003814619062
47438	0.003343066408
47439	0.001351775639
47440	0.003420649608
47441	0.001461905727
47442	0.01029591649
47443	0.008854944758
47444	0.002794038136
47445	0.002547116029
47446	0.0009169488987
47447	0.0008122423474
47448	0.001234118464
47449	0.005764867534
47450	0.004208300375
47451	0.006627285756
47452	0.001928173479
47453	0.01521851839
47454	0.006600988852
47455	0.001035313315
47456	0.002342591009
47457	0.00128517928
47458	0.004607926827
47459	0.001314578941
47460	0.005220887109
47461	0.001037922701
47462	0.005770339111
47463	0.003231473121
47464	0.001462849936
47465	0.006481056179
47466	0.01181386497
47467	0.001119846525
47468	0.0008418541909
47469	0.008015786796
47470	0.0006204645547
47471	0.002348287439
47472	0.002748861204
47473	0.005393415711
47474	0.006458598547
47475	0.0005104791664
47476	0.003042430367
47477	0.0003692530143
47478	0.0007565347531
47479	0.01101522934
47480	0.001726707187
47481	0.003282992729
47482	0.003850494505
47483	0.001135562274
47484	0.004188430113
47485	0.000448730789
47486	0.008932681366
47487	0.004642764881
47488	0.01700319166
47489	0.00381950335
47490	0.006444755536
47491	0.00504140121
47492	0.00623286722
47493	0.00267303035
47494	0.009305333245
47495	0.01351876234
47496	0.003175298389
47497	0.004611020907
47498	0.000400821105
47499	0.003188401277
47500	0.0007636462223
47501	0.00307975095
47502	0.003731412207
47503	0.004130182748
47504	0.001494501294
47505	0.00174813005
47506	0.002717758862
47507	0.00333175601
47508	0.0002885335985
47509	3.899415221e-05
47510	0.002197734292
47511	0.004470897352
47512	0.0003837107914
47513	0.005102223139
47514	0.008487092345
47515	0.001544277975
47516	0.003955195374
47517	0.01103140074
47518	0.01289269663
47519	0.0002083130876
47520	0.002900368852
47521	0.002278413663
47522	0.01079396681
47523	0.003857629197
47524	0.005388070042
47525	0.0021427862
47526	0.0007710407409
47527	0.002640647083
47528	0.009129318826
47529	0.01415156063
47530	0.002120401042
47531	0.01004587346
47532	0.0001084339218
47533	0.009774750115
47534	0.002907338712
47535	0.006673765694
47536	0.007213394509
47537	0.003570144713
47538	0.008814894996
47539	0.003857736846
47540	0.00122187332
47541	0.002480183254
47542	0.001735230716
47543	0.01472898041
47544	0.01443916794
47545	0.005135686143
47546	0.004411736308
47547	0.00504058372
47548	0.002563780879
47549	0.007240086621
47550	0.001095413119
47551	0.002901158444
47552	0.009062809586
47553	0.008332847082
47554	0.003412066917
47555	0.007509773127
47556	0.001889586821
47557	0.006001664876
47558	0.01180802314
47559	0.003775344493
47560	0.005392975372
47561	0.001575874153
47562	0.005106780918
47563	0.0002041678975
47564	0.002254224263
47565	0.004777154574
47566	0.01277465089
47567	0.006540937046
47568	0.007436876977
47569	0.003608849632
47570	0.002345126906
47571	0.0007313971602
47572	0.004599644077
47573	0.008616374785
47574	0.003767822109
47575	0.01657223631
47576	0.003729872513
47577	0.01003667361
47578	0.006010890982
47579	0.0005856878922
47580	0.001575371658
47581	0.001219205658
47582	0.0009754156172
47583	0.0008629562542
47584	0.001076426817
47585	0.00587106706
47586	0.001240016153
47587	0.0005328145539
47588	0.003388916513
47589	0.004068300114
47590	0.0003781100564
47591	0.009347207399
47592	0.0003921268579
47593	0.0004966972724
47594	0.001752842719
47595	0.001141644711
47596	0.01241621286
47597	0.003435908048
47598	0.000341046523
47599	0.003177125702
47600	0.002199579869
47601	0.0001409811331
47602	0.003472315179
47603	0.001014809065
47604	0.007595019666
47605	0.003378441838
47606	0.004795652912
47607	0.002795388207
47608	0.0006066270869
47609	0.002790889811
47610	0.004625056886
47611	0.01074280586
47612	0.005330685676
47613	0.003719409948
47614	0.002259395173
47615	0.0001450008571
47616	0.0002454916253
47617	0.001639089264
47618	0.005705184617
47619	0.004213152233
47620	0.007846921067
47621	0.005888405032
47622	0.003379011872
47623	0.001224142127
47624	0.008374383666
47625	0.002365202747
47626	0.0141637925
47627	0.008341395268
47628	0.002265664147
47629	0.003284085179
47630	0.002469158368
47631	0.0002509887224
47632	0.01369613084
47633	0.009164193903
47634	0.002440224881
47635	0.01661743681
47636	0.001503642161
47637	0.002447241714
47638	0.0001189765631
47639	5.969450384e-05
47640	0.003375868461
47641	0.0005245938122
47642	0.004026802379
47643	0.002610765724
47644	0.0001461598379
47645	0.002181759351
47646	0.001246846671
47647	0.01623104866
47648	0.004818235486
47649	0.00902667556
47650	0.00223905056
47651	0.002737896982
47652	0.001136605888
47653	0.001471436338
47654	0.005102656781
47655	0.01256700628
47656	0.002033224198
47657	0.001957104045
47658	0.01212008775
47659	0.001932241565
47660	0.01295816129
47661	0.01954788915
47662	0.003942093032
47663	0.002110612622
47664	0.009923541407
47665	0.002770448668
47666	0.004420871324
47667	0.003334073851
47668	0.0009271073602
47669	0.005936224429
47670	0.004728717879
47671	0.004388549381
47672	0.003341972147
47673	0.004379126262
47674	0.002140765893
47675	0.0003867662576
47676	0.003080609971
47677	0.01093126678
47678	0.0004018015919
47679	0.002557918967
47680	0.001138867312
47681	0.0008651567018
47682	0.002391446937
47683	0.005411016509
47684	0.003113051778
47685	0.001618293927
47686	0.002303471807
47687	0.01434728047
47688	0.005668455273
47689	0.001933547022
47690	0.01980201126
47691	0.004531197197
47692	0.01218414249
47693	0.007289696468
47694	0.01716285035
47695	0.005400201162
47696	0.001761294269
47697	0.01095301872
47698	0.0138202899
47699	0.006928564452
47700	0.0001403896605
47701	0.0001826345106
47702	0.001289923402
47703	0.0001017641556
47704	0.003029753798
47705	0.0009785708234
47706	0.002592541711
47707	0.007615393748
47708	0.004452486682
47709	0.0008511878384
47710	8.937667764e-05
47711	0.0009088621601
47712	0.004546973306
47713	0.001166212076
47714	0.002396180978
47715	0.003287032777
47716	0.02095180449
47717	0.005579775444
47718	0.001853772492
47719	0.003007806016
47720	0.00837847581
47721	0.01488714367
47722	0.001997568028
47723	0.00107378135
47724	0.004904696056
47725	0.0002983559564
47726	0.006074936903
47727	0.0008924277961
47728	0.00780243603
47729	0.0005618064078
47730	0.01525202761
47731	0.002002188374
47732	0.0007176728339
47733	0.002976939066
47734	0.0008642302907
47735	0.0001363668861
47736	0.002283766292
47737	0.004582773781
47738	0.001132867568
47739	0.001885076081
47740	0.007548729401
47741	0.001322526458
47742	0.0004307507076
47743	0.002509417076
47744	0.003590742012
47745	0.002658561909
47746	0.00240630995
47747	0.01522177481
47748	0.0006958326001
47749	0.004085435399
47750	0.002924859899
47751	0.00568803574
47752	0.001550447064
47753	0.01082122785
47754	0.0001659296006
47755	0.002011885992
47756	0.001166771301
47757	0.001780593032
47758	0.001406924536
47759	0.00299820218
47760	0.01569125369
47761	0.0008238198129
47762	0.004411092699
47763	0.009266590877
47764	0.01780918958
47765	0.002504059807
47766	0.0156013306
47767	0.001155141571
47768	0.0006473237368
47769	0.001979711786
47770	0.000435920869
47771	0.002107732119
47772	0.0001645379985
47773	0.0001057945803
47774	0.0005817712808
47775	0.0001902241731
47776	0.0003009910393
47777	0.0007335189575
47778	0.0006050097223
47779	0.00133460628
47780	0.0008432601319
47781	0.00196151337
47782	0.0009039086658
47783	0.001081058341
47784	0.001448215882
47785	0.001231653592
47786	0.01230013798
47787	0.0012104948
47788	0.00251043845
47789	0.0004227537403
47790	0.0004118298697
47791	0.0005537468055
47792	0.001206567746
47793	0.006308110785
47794	0.005918995659
47795	0.001874749644
47796	0.002983374396
47797	0.002588063144
47798	0.0009052786859
47799	0.002080082127
47800	0.01833843169
47801	0.0006812648751
47802	0.002550574577
47803	0.01512385337
47804	0.0002542942437
47805	0.003972385301
47806	0.0001198275618
47807	0.001482156712
47808	0.0004245321178
47809	0.0001104163902
47810	0.001467064073
47811	0.000108527249
47812	0.001765665016
47813	0.003004791328
47814	0.005123906435
47815	0.0178407478
47816	0.003590618121
47817	0.01057073583
47818	0.008679229988
47819	0.01460813382
47820	0.004783676298
47821	0.003781716453
47822	0.0006302015712
47823	0.006643050338
47824	0.007623109225
47825	0.01520244046
47826	0.004980426597
47827	0.003439598531
47828	0.005414213813
47829	0.002440492971
47830	0.003430759807
47831	0.001601126611
47832	0.00757303739
47833	0.001149811027
47834	0.009212140449
47835	0.003648517953
47836	0.001213048334
47837	0.002336330487
47838	0.0007218924068
47839	0.007740092275
47840	0.006717047285
47841	0.001220303817
47842	0.0008471215722
47843	0.004218674115
47844	0.001556798799
47845	0.003389611193
47846	0.0002385558606
47847	0.001997511921
47848	0.0003027653135
47849	0.005500397305
47850	0.003576760628
47851	0.004562683488
47852	0.001296804974
47853	0.006492737573
47854	0.0003842467173
47855	0.002685844949
47856	0.004584828537
47857	0.007397282034
47858	0.001116470059
47859	0.01282895661
47860	0.001152124375
47861	0.009469213563
47862	0.004159262977
47863	0.004583293245
47864	0.000229111313
47865	0.002292061473
47866	0.006566576359
47867	0.01192362517
47868	0.0006577577437
47869	0.0009357069656
47870	0.0006816740258
47871	0.003166466108
47872	0.0004150866109
47873	0.006340880561
47874	0.0004609553767
47875	0.01439733234
47876	0.002624381341
47877	0.009433186309
47878	0.007792416955
47879	0.008889593183
47880	0.002422825241
47881	0.003998147698
47882	0.004067310385
47883	0.007240483587
47884	0.0007101669755
47885	0.003350714341
47886	0.009628538957
47887	0.002440123319
47888	0.002887891392
47889	0.006352889137
47890	0.0004133993068
47891	0.001277769652
47892	0.0008088395745
47893	0.0004816740528
47894	0.01466932079
47895	0.003047523212
47896	0.003419283696
47897	0.004678617552
47898	0.0005205813691
47899	0.004981695751
47900	0.001622425145
47901	0.001469755067
47902	0.00839301685
47903	0.01251519759
47904	0.001402996509
47905	0.008172797255
47906	0.008693353122
47907	0.004467688177
47908	0.001539252622
47909	0.001935090161
47910	0.004422644826
47911	0.005714746615
47912	0.00284583712
47913	0.0056308423
47914	0.004877105
47915	0.001350442256
47916	0.006466286235
47917	0.0002420712877
47918	0.0015331785
47919	0.00144491738
47920	0.006999731103
47921	0.001309265367
47922	0.0005077285182
47923	0.0004552276104
47924	0.0001222086032
47925	0.003020986933
47926	0.003351182929
47927	0.005930836972
47928	0.0001982916747
47929	0.004301546762
47930	0.01653756981
47931	0.002641926027
47932	0.008844108411
47933	0.0009191625887
47934	0.004388447686
47935	0.001652380064
47936	0.007627952997
47937	0.01190755473
47938	0.01021409842
47939	0.001974761941
47940	0.001164035209
47941	0.001993216177
47942	0.005184624134
47943	4.258221575e-05
47944	0.007046100123
47945	0.008154318673
47946	0.0002259530075
47947	0.02449997885
47948	0.01585161505
47949	1.741914051e-06
47950	0.002228075368
47951	0.004021656692
47952	0.01000019099
47953	0.003066986485
47954	0.001566022291
47955	0.00561433602
47956	0.004180649108
47957	0.00570468998
47958	0.003759109935
47959	0.002631622207
47960	0.001292924199
47961	0.005631844769
47962	0.00797161665
47963	0.002282310667
47964	0.01648625122
47965	0.004527810593
47966	0.000971525838
47967	0.00213158295
47968	0.0005793552209
47969	0.01667636577
47970	0.009708080642
47971	0.00615404901
47972	0.003671870703
47973	0.009925948833
47974	0.005591235208
47975	0.002269736585
47976	0.0003063230311
47977	0.009400956969
47978	0.001707502987
47979	0.001894291205
47980	0.006629930335
47981	0.004030822372
47982	0.0004678283796
47983	0.002751935181
47984	0.002083734475
47985	0.005816372436
47986	0.006265854817
47987	0.001291767713
47988	0.006620381089
47989	0.001164085053
47990	0.0005136304267
47991	0.006368964973
47992	0.002333933741
47993	0.004297975732
47994	0.005179307449
47995	0.01352058765
47996	0.0007552360121
47997	0.0100089266
47998	0.00323695823
47999	0.005050699594
48000	0.01012893445
48001	0.00574988398
48002	0.004511167267
48003	0.005082964611
48004	0.004115924742
48005	0.002047540504
48006	0.008857454312
48007	0.002941084264
48008	0.01808681049
48009	0.00247313847
48010	0.006424888206
48011	0.01830498298
48012	0.01139655087
48013	0.005697697322
48014	0.007848956269
48015	0.001832225782
48016	0.006983008839
48017	0.009661367724
48018	0.008333872276
48019	0.00547054605
48020	0.0115480183
48021	0.004996158654
48022	0.006389947378
48023	0.003162649695
48024	0.01588376383
48025	0.006076037454
48026	0.0001624682944
48027	0.005912839893
48028	0.003958384062
48029	0.007098997355
48030	0.0004272456589
48031	0.007621689506
48032	0.01173195046
48033	0.001693806722
48034	0.006490039212
48035	0.02233835643
48036	0.006766833243
48037	0.0006993691782
48038	0.01050021848
48039	0.001169857085
48040	0.00461303782
48041	7.968473311e-05
48042	0.0006855520104
48043	0.009714185605
48044	0.001717706703
48045	0.009048074093
48046	0.009823983416
48047	0.005670898465
48048	0.01448670872
48049	0.005706956997
48050	0.00376191501
48051	0.008288742315
48052	8.321545861e-05
48053	0.0005944274132
48054	0.0004663854657
48055	0.001661446612
48056	0.004932875528
48057	0.00377871948
48058	0.001414692632
48059	0.01564247314
48060	0.000593857912
48061	0.006119327068
48062	0.00921903722
48063	0.01435948549
48064	0.0008978987062
48065	0.007683978252
48066	0.003548135555
48067	0.004245535195
48068	0.002896034666
48069	0.003485529714
48070	0.0003132952613
48071	0.004880856639
48072	0.0006096583065
48073	0.004779282007
48074	0.00433530128
48075	0.003921514468
48076	0.006227169514
48077	0.002021328599
48078	0.002162090752
48079	0.001979558895
48080	0.004362026405
48081	0.006826592618
48082	0.002162244837
48083	0.006897377545
48084	0.006614029059
48085	0.003766633793
48086	0.001821909882
48087	0.009969085475
48088	0.01039742235
48089	0.009147501212
48090	0.003255831759
48091	0.001431849543
48092	0.001115789649
48093	0.002420692579
48094	0.01384198956
48095	0.0003073008506
48096	0.01194922083
48097	0.01392639899
48098	9.743296552e-06
48099	0.0009815961072
48100	0.001894521217
48101	0.002346823969
48102	0.01339284798
48103	0.0006118236543
48104	0.0003484438341
48105	0.002898050354
48106	0.002548715071
48107	0.001268036584
48108	0.0005330080782
48109	0.001285199
48110	0.0006044640758
48111	0.005396154812
48112	0.0009219102548
48113	0.001761650683
48114	0.001146181554
48115	0.000779216098
48116	0.002551741403
48117	0.002258004465
48118	0.007194538541
48119	0.005607370137
48120	0.01427117105
48121	0.01485194673
48122	0.003507857397
48123	0.002497482619
48124	0.001930441002
48125	0.009413198406
48126	0.0004911978143
48127	0.001369994383
48128	0.002226778216
48129	0.006818109084
48130	0.003331332172
48131	0.005505119521
48132	0.00371961825
48133	0.006219775206
48134	0.009762581303
48135	0.01119049444
48136	0.01417858382
48137	0.002852236499
48138	0.01347522583
48139	0.01600923798
48140	0.007348232664
48141	0.004915786263
48142	0.0009849827106
48143	0.008166864079
48144	0.0003791153969
48145	0.001850840843
48146	0.005892302215
48147	0.00109833801
48148	0.0009012830941
48149	0.004274390653
48150	0.01471349225
48151	0.01038066598
48152	0.006281539287
48153	0.004951236254
48154	0.00424258726
48155	0.001861061531
48156	0.003326176731
48157	0.002477220237
48158	0.001730870416
48159	0.009452352335
48160	0.01374577798
48161	0.004874976985
48162	0.009166789323
48163	0.005352281837
48164	0.003448900953
48165	0.001764066983
48166	0.004282216952
48167	0.01551804197
48168	0.009202215383
48169	0.01350060518
48170	0.0001898977967
48171	0.002565312288
48172	0.007140965404
48173	0.004873726441
48174	0.005246374073
48175	0.0006430467297
48176	0.008338534172
48177	0.009921330442
48178	0.002442901753
48179	0.001177055365
48180	0.002476002256
48181	0.004766796905
48182	0.01215881493
48183	0.0003667047389
48184	0.002397706911
48185	0.000144216466
48186	0.003948633281
48187	0.0009797448057
48188	0.004460678919
48189	0.003532025702
48190	0.008273272475
48191	0.01469495132
48192	0.00512481603
48193	0.004583547404
48194	0.001709789773
48195	0.003842957049
48196	0.00868633894
48197	0.003683823679
48198	0.001798593288
48199	0.003739765147
48200	0.00270291843
48201	0.001082666711
48202	0.006521160451
48203	0.005078934923
48204	0.009470515455
48205	0.001257039607
48206	0.003962452293
48207	0.0001838053658
48208	7.891209301e-05
48209	0.0116318861
48210	0.007574697014
48211	0.000628158854
48212	0.008742179905
48213	0.0006465243024
48214	0.01110635296
48215	0.003930921434
48216	0.003787979907
48217	0.005087661468
48218	0.001521404125
48219	0.01124398565
48220	0.001797345872
48221	0.007800725239
48222	0.001691276729
48223	0.001490661918
48224	0.008199701303
48225	0.0006526935005
48226	0.003844095255
48227	0.0004866680051
48228	0.005443863386
48229	0.001870949226
48230	0.0002197509956
48231	0.004278645959
48232	0.002683125117
48233	0.008187287282
48234	0.001118558434
48235	0.006954641229
48236	0.005068632524
48237	0.003399695816
48238	0.006814538666
48239	0.01134552641
48240	0.002160618215
48241	0.0004994152158
48242	0.01265985409
48243	0.008706402748
48244	0.004353705959
48245	0.008996739596
48246	0.002635953447
48247	0.003256490372
48248	0.0009511662745
48249	0.001085279588
48250	0.001888796817
48251	0.0006964063238
48252	3.446107088e-05
48253	0.0006728238319
48254	0.00244066295
48255	0.001694963867
48256	0.001149026372
48257	0.009845404107
48258	0.008604475186
48259	0.009277822433
48260	0.007208817139
48261	0.00738789291
48262	0.005831347292
48263	0.002230831195
48264	0.01021493831
48265	0.008313699854
48266	0.0043273967
48267	0.01234303384
48268	0.0011828915
48269	0.01015194857
48270	0.00145574323
48271	0.004098019258
48272	0.002566614267
48273	0.002919554379
48274	0.009847917265
48275	0.00336066113
48276	0.01193727327
48277	0.003202667076
48278	0.006245720833
48279	0.00079603312
48280	0.003649288781
48281	0.004081585459
48282	0.01145371836
48283	0.001001245233
48284	0.009139725906
48285	0
48286	0.003389348696
48287	0.005070948814
48288	0.006347940175
48289	0.001960671895
48290	0.001213666576
48291	0.0001000976714
48292	0.001202698483
48293	0.007232138025
48294	0.00771068522
48295	0.003875483134
48296	0.001693624588
48297	0.001492242184
48298	0.0002852983004
48299	0.0007200866075
48300	0.001467896159
48301	0.007343697146
48302	0.006505042913
48303	0.005887800012
48304	0.01266312398
48305	0.0006305948132
48306	0.004906097332
48307	0.006495940925
48308	0.001726946432
48309	0.003323638055
48310	0.003765086928
48311	0.002047439899
48312	0.006772667035
48313	0.01166615565
48314	0.0002475103861
48315	0.002382226058
48316	0.002048041974
48317	0.001940254183
48318	0.003033961086
48319	0.001633409325
48320	0.005697246793
48321	0.001122173397
48322	0.0005261412389
48323	0.007419893077
48324	0.006755054214
48325	0.005321050054
48326	0.0104729367
48327	0.000198269874
48328	0.001928987339
48329	0.003125760271
48330	0.0032972597
48331	0.005609682415
48332	2.428837426e-05
48333	0.0009258767879
48334	0.004660725508
48335	0.00927227691
48336	0.003717854159
48337	0.002719545367
48338	0.003360091275
48339	0.002073367475
48340	0.005566160301
48341	0.002555829136
48342	0.002678789851
48343	0.002139675529
48344	0.01748034836
48345	0.0008309896373
48346	0.003495552587
48347	0.002679314242
48348	0.003801609312
48349	0.003349667486
48350	0.0002805311848
48351	0.0006458692236
48352	0.001407917955
48353	0.004753566179
48354	0.01173940626
48355	0.002553474339
48356	0.002611052478
48357	0.003385165638
48358	0.008470302528
48359	0.003504575684
48360	0.004041358173
48361	0.0005128516936
48362	0.00246140672
48363	0.001229376426
48364	0.004208362167
48365	0.005927318485
48366	0.0004910300341
48367	0
48368	0.01613195925
48369	0.003489537931
48370	0.0003829454992
48371	0.008206056911
48372	0.003774087973
48373	0.003425681818
48374	0.005531149093
48375	0.01258193664
48376	0.001137340842
48377	0.008744366497
48378	0.002841762905
48379	0.0009075955398
48380	0.0111564298
48381	0.003481563002
48382	0.003766260765
48383	0.008000256461
48384	0.0006024004146
48385	0.0009981036048
48386	0.002946147172
48387	0.005248579168
48388	0.01100041155
48389	0.0004936624667
48390	0.01027981979
48391	0.001963179547
48392	0.005489091867
48393	0.002068050913
48394	0.003555035085
48395	0.004011099475
48396	0.01797616865
48397	0.0005360967708
48398	0.00323468777
48399	0.003233926598
48400	0.006800187297
48401	0.01694783617
48402	0.0003749681247
48403	0.006036902352
48404	0.003400219335
48405	0.006808472036
48406	0.005103326911
48407	0.0004683086023
48408	0.005195495449
48409	0.005621285706
48410	0.009036970625
48411	0.0024524121
48412	0.007708818916
48413	0.003001778321
48414	0.007172687209
48415	0.005533511935
48416	0.006574275895
48417	0.006119763026
48418	0.003293419619
48419	0.001591080823
48420	0.009799156208
48421	0.00478186499
48422	0.004570486742
48423	0.005303914414
48424	0.01068213476
48425	0.0003294497777
48426	0.003299134254
48427	0.006196118482
48428	0.006279563735
48429	0.01419320557
48430	0.005851903963
48431	0.0007340048652
48432	0.001116083641
48433	0.003263062115
48434	0.008600891557
48435	0.0009954419454
48436	0.00233489854
48437	0.004387929459
48438	0.002789748762
48439	0.00103232732
48440	0.01320262532
48441	0.006838477183
48442	0.01374593491
48443	0.006626857404
48444	0.005307967214
48445	0.007848555354
48446	0.01000511217
48447	0.002240637267
48448	0.008578645291
48449	0.01056967711
48450	0.01962708786
48451	0.003384939276
48452	0.005319387428
48453	0.003678576457
48454	0.007994891584
48455	0.01212111587
48456	0.002504575045
48457	0.008955647783
48458	0.002408549092
48459	0.003757928427
48460	0.002081269221
48461	0.001374781521
48462	0.01001000966
48463	0.00520553926
48464	0.007205349498
48465	0.002780838365
48466	0.003552830973
48467	0.0007413823945
48468	0.00207247893
48469	0.003404297359
48470	0.001335220552
48471	0.00196176084
48472	0.001456778679
48473	0.009712946376
48474	0.0009795542124
48475	0.003183386341
48476	0.01820954592
48477	0.00574000019
48478	0.01195394146
48479	0.01081542856
48480	0.003279303743
48481	0.0003189901349
48482	0.001612268624
48483	0.001080509722
48484	0.00262730925
48485	0.003855190852
48486	0.008437326617
48487	0.009903707463
48488	0.001680841767
48489	0.0008243620159
48490	0.007969705909
48491	0.004879241699
48492	0.001109996842
48493	0.004656286628
48494	0.006464622802
48495	0.003193169991
48496	0.004009479144
48497	0.0002738331829
48498	0.001954775114
48499	0.001096957084
48500	0.004518857361
48501	0.0005838092985
48502	0.007187220735
48503	0.001844561567
48504	0.006624155633
48505	0.008027449592
48506	0.01285249294
48507	0.001572722961
48508	0.004758486192
48509	0.005208707576
48510	0.004787132823
48511	0.001494077056
48512	0.005051432367
48513	0.02002706511
48514	0.002613229179
48515	0.008338927179
48516	0.004119877552
48517	0.01505070624
48518	0.01877873551
48519	0.01154736793
48520	0.003859308125
48521	0.005980069484
48522	0.003540475691
48523	0.0002650776389
48524	0.009489434734
48525	0.01024737782
48526	0.001157635703
48527	0.002198111279
48528	0.007116086175
48529	0.006017484423
48530	0.002243904053
48531	0.006776124233
48532	0.0003531438262
48533	0.01474872913
48534	0.003475564901
48535	0.001465632195
48536	0.008173464759
48537	0.002409568312
48538	0.0003685110556
48539	0.0001797300274
48540	0.001116322827
48541	0.002744538117
48542	0.009489129985
48543	0.007602094029
48544	0.01297008617
48545	0.00182758938
48546	0.001779093233
48547	0.001156251448
48548	0.0006656683985
48549	0.004952912987
48550	0.004666953918
48551	0.002819677861
48552	0.005637666346
48553	0.002213948457
48554	0.008628526912
48555	0.006385333755
48556	0.00746171789
48557	0.004759021597
48558	0.00152904071
48559	0.005183578848
48560	0.02112090163
48561	0.0002176361041
48562	0.00705202854
48563	0.008339879683
48564	0.0164098528
48565	0.001839525094
48566	0.003948273129
48567	0.02102944817
48568	0.0005683222589
48569	0.006311510854
48570	0.003188700185
48571	0.002449618763
48572	0.004448289676
48573	0.02214074604
48574	0.007191130968
48575	0.001160729695
48576	0.001494257035
48577	0.003153017269
48578	0.02139570867
48579	0.007908571801
48580	0.001605089226
48581	0.002760477817
48582	0.006056712959
48583	0.009134158281
48584	0.01387571042
48585	0.0005593507468
48586	0.006343354591
48587	0.01129366481
48588	0.0005156098501
48589	0.004783327222
48590	0.004670344151
48591	0.00402192326
48592	0.002010261223
48593	0.00818700229
48594	0.003190178906
48595	0.003222977579
48596	0.006757618846
48597	0.001849764394
48598	0.0008534915917
48599	0.004905252819
48600	0.001734404943
48601	0.01033442607
48602	0.00669313056
48603	0.007248443439
48604	0.01118326739
48605	0.0051122906
48606	0.004566508525
48607	0.006655670304
48608	0.006701422783
48609	0.007421560835
48610	0.008790154662
48611	0.009376216473
48612	0.000827214443
48613	0.002615675037
48614	0.004621781288
48615	0.01014423858
48616	0.001003176721
48617	0.004077155242
48618	0.001781393521
48619	0.00420117467
48620	1.710695546e-05
48621	0.002245950549
48622	0.007991461073
48623	0.004509919944
48624	0.003162807259
48625	0.004222332489
48626	0.0007933746136
48627	0.001793529368
48628	0.008294996734
48629	0.0003718208126
48630	0.00630300765
48631	0.001441245118
48632	0.007658418465
48633	0.006351240628
48634	2.913045345e-05
48635	0.001126006912
48636	0.002711348064
48637	0.005719881448
48638	0.001198704814
48639	0.0008397414437
48640	0.001414413536
48641	0.0006089648093
48642	0.002271691938
48643	0.01531127393
48644	0.0005932165317
48645	0.0004943206683
48646	0.001168709737
48647	0.0003350636139
48648	0.001359485657
48649	0.0001234526549
48650	0.007496740053
48651	0.001484010489
48652	0.004307878101
48653	0.002445621521
48654	0.0005674499564
48655	0.01063800214
48656	0.009907431456
48657	0.0008138025225
48658	0.00436088299
48659	0.01053253578
48660	0.00353926799
48661	0.001629044286
48662	0.005463742647
48663	0.0008985442941
48664	0.002821233689
48665	0.000339701649
48666	0.004597858026
48667	0.003172572554
48668	0.001870601434
48669	0.0009950596211
48670	0.006020384492
48671	0.0005623770021
48672	0.01126189179
48673	0.001618361237
48674	0.0007318820569
48675	0.0001867848592
48676	0.0002853618274
48677	0.001701701337
48678	0.01428045643
48679	0.0009358730274
48680	0.000102912988
48681	0.009631385198
48682	0.007393592183
48683	0.008186913583
48684	0.001925463137
48685	0.01008962521
48686	0.0005612439059
48687	0.01388793988
48688	0.003871959101
48689	0.01507798081
48690	0.00940253628
48691	0.009530295564
48692	0.0126330261
48693	0.003034448058
48694	0.007278489193
48695	0.004929996535
48696	0.01235478288
48697	0.005203628829
48698	0.0001294159154
48699	0.007831700273
48700	0.009408802693
48701	0.00230106346
48702	0.0003287800777
48703	0.002799180751
48704	0.006408174902
48705	0.005306683832
48706	0.007871130438
48707	0.004469622811
48708	0.007792095973
48709	0.01175546812
48710	0.007964388058
48711	0.008879961332
48712	0.003621965139
48713	0.001062058666
48714	0.01599079978
48715	0.0002951298751
48716	0.005457613158
48717	0.0093502063
48718	0.0006905109687
48719	0.00255733618
48720	0.004305884101
48721	0.003368316673
48722	0.002765399441
48723	0.002099374661
48724	0.00203721273
48725	0.01748642245
48726	0.0002951121772
48727	0.00129213123
48728	0.00554432409
48729	0.006644644211
48730	0.01000859471
48731	0.007676448551
48732	0.00704628927
48733	0.00138360945
48734	0.0003413896261
48735	0.00141372893
48736	0.002750771028
48737	0.0004710799144
48738	0.002038797537
48739	0.001599419309
48740	0.00169545091
48741	0.00125793811
48742	0.003054890198
48743	0.002341722553
48744	0.002503071763
48745	0.001046066891
48746	0.0003986312916
48747	0.00259537668
48748	0.002876623603
48749	0.001455660069
48750	0.003595595974
48751	0.004705893355
48752	0.002489865037
48753	0.001746989528
48754	0.002542185766
48755	0.00250326294
48756	0.0021861848
48757	0.001819908978
48758	0.0007555070588
48759	0.001530044149
48760	0.001922250379
48761	0.003320004018
48762	0.0008036375163
48763	0.005406294631
48764	0.0009609668107
48765	0.004263959139
48766	0.001440546183
48767	0.00283683926
48768	0.002627208306
48769	0.002431845605
48770	0.0008251417723
48771	0.0001490876008
48772	0.001650906012
48773	0.0009455168984
48774	0.0005088829353
48775	0.001821924089
48776	0.0005309950959
48777	0.004948271793
48778	0.001356277753
48779	2.335912283e-05
48780	0.002854457975
48781	0.0009194353863
48782	0.00152724815
48783	0.002262313738
48784	0.003864355472
48785	0.001491106538
48786	0.002543315677
48787	0.00247624249
48788	0.002769748647
48789	0.00124028835
48790	0.001767818789
48791	0.003273758162
48792	0.001017554679
48793	0.00120079484
48794	0.004578724176
48795	0.002975079613
48796	0.004177896496
48797	0.0005951117622
48798	0.00541677828
48799	0.004143663268
48800	0.001195979745
48801	0.002846649085
48802	0.0007255871106
48803	0.004214149278
48804	0.005000262305
48805	0.0001488126987
48806	0.004310198799
48807	0.001099604389
48808	0.001972400357
48809	0.000979730961
48810	0.005871222783
48811	4.899345983e-05
48812	0.005713889399
48813	0.00176738586
48814	0.003311063798
48815	0.0005394506883
48816	7.594892615e-05
48817	0.00435251017
48818	0.01196298912
48819	0.001579546932
48820	0.01277421019
48821	0.01611847683
48822	0.003144685385
48823	0.004733201713
48824	0.0007058706007
48825	0.004231573489
48826	0.008403713541
48827	0.00333906002
48828	0.009867535546
48829	0.006195123014
48830	0.00392875026
48831	0.01734042934
48832	0.01036835327
48833	0.01050178802
48834	0.01066363483
48835	0.009722524676
48836	0.002101117556
48837	0.0008923250726
48838	0.001468490784
48839	0.007120494779
48840	0.00714720581
48841	0.003151189941
48842	0.0002759483433
48843	0.0009248817156
48844	0.003063759653
48845	0.007488019909
48846	0.001337174213
48847	0.01423774398
48848	0.002707832939
48849	0.0006435454145
48850	0.01007022048
48851	0.001981447175
48852	0.005766557896
48853	0.0167868246
48854	0.00277668401
48855	0.004971677338
48856	0.0002978388827
48857	0.00119360164
48858	0.004399161567
48859	0.003847486069
48860	0.003777517513
48861	0.01235674658
48862	0.00907187901
48863	0.005485416546
48864	0.005351117396
48865	0.005231238208
48866	0.0007704468492
48867	0.0006239225801
48868	0.002617048174
48869	0.0008078148181
48870	0.0006674903805
48871	0.00053853223
48872	0.005278552046
48873	0.0006997831632
48874	0.002290433459
48875	0.005229913899
48876	0.0003328930344
48877	0.01523924947
48878	0.001723194087
48879	0.00999901413
48880	0.005880188229
48881	0.004615283329
48882	7.035000335e-05
48883	0.004779862666
48884	0.001503701343
48885	0.006985395301
48886	0.0004814487797
48887	0.01219662862
48888	0.003274755059
48889	0.005641979245
48890	0.0008677211391
48891	0.003684473102
48892	0.003100574809
48893	0.001596842195
48894	0.002023465442
48895	0.003281756983
48896	0.003208510739
48897	0.007070259742
48898	0.002019019447
48899	0.001452007843
48900	0.003482989845
48901	0.002177203529
48902	0.0001117771689
48903	0.001632285685
48904	0.003979816983
48905	0.001412730569
48906	0.007555798674
48907	0.001334871482
48908	0.001622611117
48909	0.00124170278
48910	0.006778972136
48911	0.005212748723
48912	0.003758655778
48913	0.002583529401
48914	0.005408881537
48915	0.0005468738372
48916	0.005835840419
48917	0.008657897753
48918	0.00503256785
48919	0.0003102275189
48920	0.005487763567
48921	0.00911626921
48922	0.002386514866
48923	0.00972451463
48924	0.0008853491449
48925	0.006154402097
48926	0.003402326633
48927	0.006618458485
48928	0.001041454559
48929	0.0007238076187
48930	0.001011925663
48931	0.001542983252
48932	0.003252935705
48933	0.006053847909
48934	0.009211622488
48935	0.002115873119
48936	0.001739545116
48937	0.004579039836
48938	0.01157444623
48939	0.0185114555
48940	0.002386799491
48941	0.008689891437
48942	0.008476429219
48943	0.0009514019748
48944	0.005998455069
48945	0.003849614047
48946	0.006796076223
48947	0.004905669024
48948	0.0101613755
48949	0.003862800704
48950	0.003033711151
48951	0.003008297225
48952	0.003922090127
48953	0.00165063872
48954	0.00142025156
48955	0.003349226931
48956	0.01451544302
48957	0.004186956996
48958	0.002103319768
48959	0.01697065304
48960	0.009666559664
48961	0.004124324836
48962	0.0006072869668
48963	0.001992230722
48964	0
48965	0.0005859600366
48966	0.001348456928
48967	0.0009283686669
48968	0.02003246912
48969	0.001225096936
48970	0.0100366231
48971	0.005004475043
48972	0.004958031507
48973	0.006041260881
48974	0.003235596414
48975	0.01177790255
48976	0.007165738249
48977	0.007137636347
48978	0.007147917448
48979	0.007290838736
48980	0.0004685669418
48981	0.001245591691
48982	0.006544914614
48983	0.001251703976
48984	0.0007062569719
48985	0.009936640146
48986	0.00515820972
48987	0.0136079917
48988	0.0006543512363
48989	0.004198838595
48990	0.01203134328
48991	0.009940080155
48992	0.004766731074
48993	0.001150975691
48994	0.001999303807
48995	0.002907381855
48996	0.008347663673
48997	0.003533658674
48998	0.0008552117629
48999	0.007268674343
49000	0.0008364766086
49001	0.001838779823
49002	0.001699500896
49003	0.001158268173
49004	0.006856452942
49005	0.007356067089
49006	0.004639006933
49007	0.003400171181
49008	0.004797347206
49009	0.003395540859
49010	0.002140940235
49011	0.02656444367
49012	0.007381460156
49013	0.002500108728
49014	0.0008710395295
49015	0.003704623321
49016	0.02007958517
49017	0.01242796659
49018	0.00582737174
49019	0.00984104046
49020	0.000505406462
49021	0.0130320203
49022	0.00513712756
49023	0.002617147991
49024	0.0008567930413
49025	0.006927771594
49026	0.0002303403824
49027	0.002926286114
49028	0.00440949458
49029	0.007769410291
49030	0.007590205351
49031	0.003278567543
49032	0.0002878309195
49033	0.0006764534272
49034	0.003291577483
49035	0.01463665553
49036	0.01081901284
49037	0.007027095823
49038	0.001513883361
49039	0.004478342818
49040	0.004562415025
49041	0.0128896435
49042	0.008065526648
49043	0.0009017651068
49044	0.0008750810296
49045	0.0008278088003
49046	0.001058272772
49047	0.001429648451
49048	0.0005157576137
49049	0.002914740698
49050	0.0004296006393
49051	0.008367248658
49052	0.009709683443
49053	0.001681358983
49054	0.0002319668386
49055	0.006780748289
49056	0.006258221423
49057	0.01246501249
49058	0.0009092559145
49059	0.003312793425
49060	0.001289835329
49061	0.006107669799
49062	0.003907735376
49063	0.000561431457
49064	0.001898202138
49065	0.001855033802
49066	0.005711245387
49067	0.003601976919
49068	8.689260647e-05
49069	0.002717790717
49070	0.02610575663
49071	0.008265957388
49072	0.008627784427
49073	0.002150127841
49074	0.001047052558
49075	0.002370483167
49076	0.005783167285
49077	0.004001485225
49078	0.00267469582
49079	0.007083763362
49080	0.003846018442
49081	0.003342739835
49082	0.004772599914
49083	0.004271505207
49084	0.00366714183
49085	0.004104883866
49086	0.007477653528
49087	0.008691598089
49088	0.003617465379
49089	0.003546512501
49090	0.0006873537967
49091	0.007986952884
49092	0.01391722804
49093	0.003165384055
49094	0.002792867531
49095	0.01373015205
49096	0.0009782015177
49097	0.008007645232
49098	0.003084654641
49099	0.001152118433
49100	0.004370906909
49101	0.001037170406
49102	0.0005284451321
49103	0.0004900475949
49104	0.001781407331
49105	0.009826824343
49106	0.00217689152
49107	0.0004344013331
49108	0.00667621662
49109	0.001327390735
49110	0.001280020254
49111	0.001387604401
49112	0.008565615671
49113	0.01097348607
49114	0.001786339742
49115	0.005393927569
49116	0.000458870271
49117	0.004264967043
49118	0.003680061019
49119	0.00523543504
49120	0.00753418469
49121	0.005920142902
49122	0.006769427572
49123	0.001369436702
49124	0.005275712122
49125	0.007967819313
49126	0.0004036714301
49127	0.002380000911
49128	0.007470295683
49129	0.01268848876
49130	0.003688681091
49131	0.005170152715
49132	0.001456177359
49133	0.001794590675
49134	0.004896210207
49135	0.0001944400108
49136	0.005305390249
49137	0.00231845801
49138	0.00505294248
49139	0.005606322388
49140	0.001812766765
49141	0.002088527765
49142	0.000912579451
49143	0.0002814846555
49144	0.001719038507
49145	0.001461414639
49146	0.002721668011
49147	0.0003266880515
49148	0.002435399644
49149	0.002876296337
49150	0.004776960096
49151	0.001235470187
49152	0.002759465451
49153	0.000943536009
49154	0.002797323406
49155	0.001736649964
49156	0.004510036735
49157	0.001150730807
49158	0.0007082949289
49159	0.001064434252
49160	0.0005332908634
49161	0.005035251516
49162	0.003699891066
49163	0.00342836242
49164	0.001123881848
49165	0.001406803197
49166	0.006369524658
49167	0.0006349181174
49168	0.003051956345
49169	0.005915974054
49170	0.004716778935
49171	0.004811312071
49172	0.005498864038
49173	0.007784084321
49174	0.0084820635
49175	0.001358320928
49176	0.01083209497
49177	0.002887168072
49178	0.001555904761
49179	0.01372958874
49180	0.003999610486
49181	0.002309618875
49182	0.008515702652
49183	0.005351496846
49184	0.00298104782
49185	0.0007135100449
49186	0.0004706299071
49187	0.001223843872
49188	0.009240263164
49189	0.002458503812
49190	0.001710131588
49191	0.006239658975
49192	0.0006192929187
49193	0.008363410932
49194	0.01110177989
49195	0.004417436839
49196	0.005894084866
49197	0.00578805445
49198	0.002901288858
49199	0.005232615842
49200	0.003697992525
49201	0.002677807987
49202	0.003800780615
49203	0.0005963926606
49204	0.005870805938
49205	0.006581794527
49206	0.006561931954
49207	0.008277321653
49208	0.00817130919
49209	0.01019459816
49210	0.002690199274
49211	0.002333000142
49212	0.004642327844
49213	0.00666745954
49214	0.002972862756
49215	0.006688112394
49216	0.004423390785
49217	0.001234512401
49218	0.004763158791
49219	0.004428168653
49220	0.01106827385
49221	0.006760162975
49222	0.003632136952
49223	0.004035649882
49224	2.847784606e-05
49225	0.002204227432
49226	0.004801407697
49227	0.0121086047
49228	0.0001590116257
49229	0.001953173646
49230	0.001252920298
49231	0.002165586793
49232	0.001212975044
49233	0.00237608572
49234	0.001457708705
49235	0.003081538382
49236	0.004129640816
49237	0.001480372813
49238	0.0004106103688
49239	0.0009471492488
49240	0.003231938633
49241	0.000685252665
49242	0.0003009386141
49243	0.002424176072
49244	0.0007018283951
49245	0.0001385378208
49246	0.00263220169
49247	0.002720284475
49248	0.002129183349
49249	0.004642674758
49250	0.002055517459
49251	0.001867885561
49252	0.002939159028
49253	0.004126711874
49254	0.003428213962
49255	0.001682577937
49256	0.0007454851436
49257	0.003385029662
49258	0.002779064896
49259	0.0008008901743
49260	0.0002836331333
49261	0.007164371537
49262	0.005326873496
49263	0.002441164341
49264	0.001108611639
49265	0.003389810283
49266	0.003406341471
49267	0.009207835116
49268	0.005228542483
49269	0.001273705717
49270	0.006205824501
49271	0.005444363431
49272	0.0001333561178
49273	0.008260884626
49274	0.005824050318
49275	0.00255751556
49276	0.001849767963
49277	0.005359041916
49278	0.00694481953
49279	0.0003359397727
49280	0.002341938391
49281	0.006280809071
49282	0.001601580089
49283	0.005834788041
49284	0.002015110782
49285	0.0001644785631
49286	0.004599305518
49287	0.00247067445
49288	0.01471231832
49289	0.0003467506613
49290	0.0004949161244
49291	0.01128913318
49292	0.0125047145
49293	0.0009097178556
49294	0.001431476254
49295	0.008090446816
49296	0.001017483111
49297	0.009517333779
49298	0.003508230689
49299	0.0005347686296
49300	0.002617009148
49301	0.01232111682
49302	0.008936217036
49303	0.02020643245
49304	0.001667262964
49305	0.01104982213
49306	0.004261216298
49307	0.007868837578
49308	0.001501498267
49309	0.001520426593
49310	0.006090889174
49311	0.00260514096
49312	0.004415939282
49313	0.003424853405
49314	0.001671573422
49315	0.001492317675
49316	0.004247445402
49317	0.004403749012
49318	0.003254076683
49319	0.0007990271518
49320	0.002403373233
49321	0.01075916095
49322	0.01811805091
49323	0.01064389454
49324	0.01138380084
49325	0.01388750662
49326	0.0009991062232
49327	0.01880285288
49328	0.004393235682
49329	0.003191841507
49330	0.006796819443
49331	0.002971090064
49332	0.01010406311
49333	0.005676465825
49334	0.001824997556
49335	0.0008283315494
49336	0.004102545495
49337	0.01181536146
49338	0.003641230878
49339	0.003141220529
49340	0.0006331715898
49341	0.001197853404
49342	0.008759694109
49343	0.009161186633
49344	0.004539759579
49345	0.0009108907837
49346	0.002469386921
49347	0.004019905458
49348	0.006579911431
49349	0.007697687134
49350	0.005848498983
49351	0.004461859377
49352	0.0001542790275
49353	0.009252799482
49354	0.007523658575
49355	0.006091321175
49356	0.008611207342
49357	0.003148951676
49358	0.000860466545
49359	0.002293307394
49360	0.0008493087407
49361	0.0001565794419
49362	0.002621145136
49363	0.001440933936
49364	0.006020917357
49365	0.003261878277
49366	0.01072193235
49367	0.002998789885
49368	0.002603085091
49369	0.00422700548
49370	0.002892692707
49371	0.005555828607
49372	0.002735777455
49373	0.00294058905
49374	0.005446035687
49375	0.003148169085
49376	0.006203337531
49377	0.001744082144
49378	0.01595033087
49379	0.000218703763
49380	0.002566664036
49381	0.004194545161
49382	0.002967806244
49383	0.00354437803
49384	0.009794848564
49385	0.0001344489776
49386	0.0002418972897
49387	0.0008665981064
49388	0.002887085947
49389	0.005980138602
49390	0.001558735472
49391	0.004521914848
49392	0.00868600119
49393	0.003156472972
49394	0.002903656275
49395	5.4134294e-05
49396	0.01239170559
49397	0.001117782327
49398	0.0109752872
49399	0.006668982409
49400	0.002231422199
49401	0.003037863655
49402	0.004831677616
49403	0.0006184935611
49404	0.00249187942
49405	0.005909064442
49406	0.004553836544
49407	0.0009907366461
49408	0.009753667376
49409	0.002070436413
49410	0.005070787782
49411	0.002450467123
49412	0.01098582986
49413	0.004837826372
49414	0.001203362928
49415	0.002171944297
49416	0.001584877039
49417	0.0002228081174
49418	0.008194946199
49419	0.0003859498861
49420	0.002227773722
49421	0.002715766332
49422	0.01020174398
49423	0.004755048176
49424	0.0005838762285
49425	0.001167358454
49426	0.005465957695
49427	0.00597736739
49428	0.00680878848
49429	0.008156730733
49430	0.002929213952
49431	0.01015932221
49432	0.0007163267778
49433	0.0132065379
49434	0.002283292096
49435	0.01410164793
49436	0.009624883481
49437	0.003869440705
49438	0.009986742963
49439	0.009178613312
49440	0.0002173806287
49441	0.002841165901
49442	0.0002367846628
49443	0.006010012872
49444	0.0003010815444
49445	0.0006612093338
49446	0.005437083426
49447	0.004729452449
49448	0.004206642113
49449	0.004427883071
49450	0.004400463196
49451	0.01366352814
49452	0.000208145352
49453	0.001945647898
49454	0.01998569452
49455	0.02305086437
49456	0.0023516466
49457	0.007279612931
49458	0.004379034022
49459	0.01068810996
49460	0.002754831766
49461	0.007620390322
49462	0.0007171332171
49463	0.01079967211
49464	0.006584972533
49465	0.00391735977
49466	0.003257821215
49467	0.001763369955
49468	0.01119659788
49469	0.0008172808961
49470	0.004102216144
49471	0.004960841781
49472	0.00366677819
49473	0.01097406339
49474	0.008109426303
49475	0.01573251781
49476	0.0003639470094
49477	0.0006007160697
49478	0.01033874041
49479	0.002789250547
49480	0.005672879149
49481	0.007687789085
49482	0.01313514126
49483	0.0006351426241
49484	0.001182900042
49485	0.003741679869
49486	0.00892652498
49487	0.001727787514
49488	0.002861479415
49489	0.009069774642
49490	0.007421748337
49491	0.0006707483124
49492	0.01194071304
49493	0.01645104582
49494	0.00350341415
49495	0.006793299368
49496	0.008166561993
49497	0.007933630144
49498	0.0047242993
49499	0.003236084175
49500	0.005568132792
49501	0.00296318859
49502	0.00227948626
49503	0.002638537376
49504	0.0004740244692
49505	0.001422438775
49506	0.001365325926
49507	0.005810418136
49508	0.006180927749
49509	0.007654889524
49510	0.01002921407
49511	0.01544153065
49512	0.001670297847
49513	0.007408435619
49514	0.00477835009
49515	0.004450369624
49516	0.01456239588
49517	0.009622823112
49518	0.008294013574
49519	0.007906103961
49520	0.001574288112
49521	0.002639420275
49522	0.01543205641
49523	0.0107382621
49524	0.0003613189791
49525	0.007002893054
49526	0.008083763404
49527	0.0001310649437
49528	0.008117851593
49529	0.01255642839
49530	0.008246759177
49531	0.0117220935
49532	0.0002696296565
49533	0.009417476642
49534	0.01362174363
49535	0.007278013355
49536	0.01224933828
49537	0.01195979915
49538	0.009772863129
49539	0.01843360813
49540	0.0091301885
49541	0.007214277938
49542	0.01026321616
49543	0.004719696026
49544	0.002042224782
49545	0.008384647305
49546	0.001961689784
49547	0.01389621029
49548	0.005675234151
49549	0.001398071852
49550	0.001044230834
49551	0.002446409653
49552	0.01035829885
49553	0.002125290253
49554	0.003931071866
49555	0.001766461087
49556	0.001997106951
49557	0.006619272767
49558	0.004152122072
49559	0.003803444194
49560	0.002737781131
49561	0.004323993821
49562	0.005478955046
49563	0.0001677203373
49564	0.003562836343
49565	0.001850149818
49566	0.0002392281697
49567	0.003534950561
49568	0.01610703862
49569	0.001491839573
49570	0.003297101601
49571	0.002744359537
49572	0.003256205737
49573	0.004880778641
49574	0.001809356828
49575	0.003989844251
49576	0.001296312368
49577	0.001062459457
49578	0.00563725349
49579	0.002543082971
49580	0.002105963044
49581	0.002351852643
49582	0.003266317624
49583	0.009728894105
49584	0.01911700067
49585	0.0003554611418
49586	0.002531565312
49587	0.007543938307
49588	0.003487015943
49589	0.006314895291
49590	0.01334922777
49591	0.003938879732
49592	0.0003519382067
49593	0.007711224903
49594	0.001932871747
49595	0.005526396637
49596	0.01380489629
49597	0.02027411555
49598	0.004126691211
49599	0.01527956578
49600	0.01281786294
49601	0.003653112378
49602	0.007075837438
49603	0.002252586473
49604	0.001484908588
49605	6.077908945e-05
49606	0.01352338697
49607	0.008651473781
49608	0.003462147929
49609	0.001503641951
49610	0.002492771355
49611	0.01493427804
49612	0.002717217636
49613	0.00977118101
49614	0.00031930051
49615	0.0002357825837
49616	0.003137584657
49617	0.002367062614
49618	0.001629380903
49619	0.008442586306
49620	0.006890329769
49621	0.0002291227071
49622	0.00642516386
49623	0.01929832321
49624	0.006044609809
49625	0.004974583094
49626	0.005620335399
49627	0.003732023126
49628	0.0001053899193
49629	0.0003421661721
49630	0.001425059119
49631	0.006123074072
49632	0.0001305422087
49633	0.0008781485132
49634	0.004296181811
49635	0.008809890417
49636	0.001411375751
49637	0.006510754397
49638	0.0009581770088
49639	0.003832489854
49640	0.007802191268
49641	0.00401550211
49642	0.000981159599
49643	0.001173824252
49644	0.005343456347
49645	0.006276243866
49646	0.002304105604
49647	0.002861617343
49648	0.006808435717
49649	0.005681476285
49650	0.006334003609
49651	0.00253197274
49652	5.412104709e-05
49653	0.01578845143
49654	0.00464690285
49655	0.004376605993
49656	0.003061887343
49657	0.00284171427
49658	0.009581989707
49659	0.0055033083
49660	0.00130992486
49661	0.00372940688
49662	0.003922819822
49663	0.0004020830732
49664	0.003646156937
49665	0.005606715876
49666	0.009156083946
49667	0.005795934694
49668	0.002298552876
49669	0.005300264382
49670	0.0009943084868
49671	0.01039818452
49672	0.00637664887
49673	0.001650987548
49674	0.0006844293479
49675	0.006863077225
49676	0.01318752767
49677	0.0006843001828
49678	0.001674683913
49679	0.006463919361
49680	0.0004568261674
49681	0.0002652466078
49682	0.00237329611
49683	0.002307449213
49684	0.0007468661445
49685	0.0001446206818
49686	0.004332204683
49687	0.005974002146
49688	0.001511511832
49689	0.005027711033
49690	0.004697307393
49691	0.008552680945
49692	0.004965911941
49693	0.00424846692
49694	0.001998669312
49695	0.004700263209
49696	0.001110993092
49697	0.002096726999
49698	0.006159460537
49699	0.01455644329
49700	0.004022447994
49701	0.001634096326
49702	0.001031139298
49703	0.003141403491
49704	0.0005469169028
49705	0.001057349672
49706	0.006935903667
49707	0.0004929500762
49708	0.008651697046
49709	0.0007155100746
49710	0.006810489204
49711	0.0003948113252
49712	0.009848238744
49713	0.003137078858
49714	0.0001878122833
49715	0.01099321125
49716	0.007902461179
49717	0.009540011643
49718	0.005680638764
49719	0.01118419593
49720	0.003366912965
49721	0.007315268506
49722	0.001231813594
49723	0.00666130873
49724	0.002693140131
49725	0.008303063126
49726	0.004864201434
49727	0.002688077417
49728	0.005608760421
49729	0.0117142747
49730	0.00867398378
49731	0.0102392694
49732	0.000480841176
49733	0.002186675123
49734	0.009461243843
49735	0.003098448102
49736	0.01045244197
49737	0.01123557631
49738	0.003837769409
49739	0.003582907827
49740	0.0100483534
49741	0.002602193851
49742	0.008845608938
49743	0.0137634089
49744	0.01041728688
49745	0.002298973288
49746	0.0009869931845
49747	0.00285070789
49748	0.01435765889
49749	0.001974384193
49750	0.004220809689
49751	0.01238285365
49752	0.0005565273932
49753	0.01839748655
49754	0.0007089367465
49755	0.001870917255
49756	0.005596210733
49757	0.001488795338
49758	0.002909737002
49759	0.00170900008
49760	0.002286172011
49761	0.004277266546
49762	0.0001468422341
49763	0.0100590451
49764	0.002585857557
49765	0.002683438665
49766	0.0022251342
49767	0.01195958084
49768	0.00716049772
49769	0.002003053459
49770	0.005305430413
49771	0.001331554784
49772	0.004300797125
49773	0.002080826888
49774	0.005711318959
49775	0.00484986917
49776	0.01177954081
49777	0.01092659392
49778	0.002929200976
49779	0.001224833977
49780	0.006969776752
49781	0.00189053145
49782	0.005177556015
49783	0.0001070261536
49784	0.002841664505
49785	0.005208797614
49786	0.01607952165
49787	0.003566457408
49788	0.001420820932
49789	0.004847882461
49790	0.001989079832
49791	0.000552559265
49792	0.003463023415
49793	0.003201742638
49794	0.003493847586
49795	0.0001586265105
49796	0.01356152302
49797	0.002226167167
49798	0.01932848263
49799	0.002258646476
49800	0.01122252674
49801	0.00495782965
49802	0.00613928293
49803	0.006133099353
49804	0.0005262612467
49805	0.006922713982
49806	0.003364760581
49807	0.005603454064
49808	0.005213978182
49809	0.002975010601
49810	0.006956844062
49811	0.001080274301
49812	0.004542776045
49813	0.004213864936
49814	0.004722036743
49815	0.003273909946
49816	0.0074768827
49817	0.005602403272
49818	0.004729319266
49819	0.004150852787
49820	0.004063444213
49821	0.003639221655
49822	0.007056126036
49823	0.003365556846
49824	0.005400701181
49825	0.0039404888
49826	0.003826265227
49827	0.003992163934
49828	0.004166485618
49829	0.004913737856
49830	0.003366093052
49831	0.006745005369
49832	0.001727930342
49833	0.004944078368
49834	0.004502204183
49835	0.003911382432
49836	0.004832915648
49837	0.003822001241
49838	0.004379558488
49839	0.005218363589
49840	0.004607541492
49841	0.003925834867
49842	0.004374651891
49843	0.001816217166
49844	0.008352538905
49845	0.00600010555
49846	0.00397423973
49847	0.00412217176
49848	0.004109793189
49849	0.004715790058
49850	0.0005318051918
49851	0.007069231516
49852	0.001974417894
49853	0.00356770796
49854	0.003896990547
49855	0.001031157385
49856	0.007481107817
49857	0.002681664354
49858	0.00584849326
49859	0.01147947637
49860	0.002019549963
49861	0.005954745478
49862	0.0005861622297
49863	0.001079326953
49864	0.002586281086
49865	0.000799196311
49866	0.01030202334
49867	0.001904154831
49868	0.0008113535497
49869	0.01056691208
49870	0.007965519302
49871	9.861295446e-05
49872	0.001244369601
49873	0.01268957374
49874	0.001215753627
49875	0.0004050629687
49876	0.01033608957
49877	0.002365202554
49878	0.004735067022
49879	0.006004709382
49880	0.009176683897
49881	0.001690464546
49882	0.01257562614
49883	0.027788996
49884	0.005179580762
49885	0.002715550927
49886	0.008400713798
49887	0.005572628724
49888	0.01241192226
49889	0.003871640106
49890	0.0003757232555
49891	0.007990343443
49892	0.002472675693
49893	0.003241585895
49894	0.002736481954
49895	0.002676589113
49896	0.004222218357
49897	0.002367082025
49898	0.003533578612
49899	0.0003202553452
49900	0.004392427877
49901	0.0108756075
49902	0.001694824262
49903	0.005878321811
49904	0.001562632618
49905	0.01426423697
49906	0.002369771849
49907	2.933233256e-05
49908	0.0008294382859
49909	0.001174326722
49910	0.009040093707
49911	0.0004908827294
49912	0.0008936214051
49913	0.003975555373
49914	0.001021460505
49915	0.01021106254
49916	0.001070621928
49917	0.00410374346
49918	0.01241651137
49919	0.001485754895
49920	0.00682328834
49921	0.002741134819
49922	0.008121209515
49923	0.000612123199
49924	0.007486679039
49925	0.005864508973
49926	0.01426852306
49927	0.007257360829
49928	0.001812714762
49929	0.0005109896252
49930	0.001963736492
49931	0.008681512476
49932	0.001314457803
49933	0.004417756268
49934	0.005633559891
49935	0.005078325592
49936	0.003697790357
49937	0.00966879011
49938	0.005281971775
49939	0.002559105572
49940	0.008073344962
49941	0.002336565124
49942	0.0004271063772
49943	0.003331361685
49944	0.008494758142
49945	0.005789875185
49946	0.001605203762
49947	0.004583890123
49948	0.009835764236
49949	0.007562571378
49950	0.004054226715
49951	0.001796172869
49952	0.000677703634
49953	0.0001109836769
49954	0.0007790418618
49955	0.002880558467
49956	0.0004574864934
49957	0.0001598919305
49958	0.001081647608
49959	0.01092787996
49960	0.001733354861
49961	0.00973762769
49962	0.01119082955
49963	0.01565567353
49964	0.0003337909681
49965	0.001976818079
49966	0.0006521051691
49967	0.009361248856
49968	0.005434698053
49969	0.009003491127
49970	0.004676961529
49971	0.003241723929
49972	0.006410116976
49973	0.006401147966
49974	0.002610805546
49975	0.0007666513503
49976	0.0004554527291
49977	0.005377140373
49978	0.009461612496
49979	0.007388938621
49980	0.003927242452
49981	0.009459706718
49982	0.007789829881
49983	0.01623966915
49984	0.001942168898
49985	0.004919444579
49986	0.00851501027
49987	0.001031465417
49988	0.004801014403
49989	0.002633273404
49990	0.001468155035
49991	0.002349307415
49992	0.001410246767
49993	0.003806654637
49994	0.005835426249
49995	0.00398981185
49996	0.002684395718
49997	0.0002760477609
49998	0.002635420102
49999	0.001524450728
50000	0.0005213199313
50001	0.00238546133
50002	0.001562238915
50003	0.003689543469
50004	0.003187764027
50005	0.001428523972
50006	0.00356529172
50007	0.003779074547
50008	0.0005750549341
50009	0.000435909557
50010	0.004490232505
50011	0.008300930693
50012	0.006004783121
50013	0.004374043289
50014	0.0004456540776
50015	0.006713904724
50016	0.0002896869888
50017	0.01019940397
50018	0.005005360666
50019	0.001211092429
50020	0.005426531956
50021	0.001238115383
50022	0.001484395922
50023	0.0005781458833
50024	0.0004557116969
50025	0.007567873194
50026	0.003677757782
50027	0.003722383862
50028	0.004320596008
50029	0.02000424247
50030	0.006803068392
50031	0.000286911897
50032	0.001525520943
50033	0.002776265353
50034	0.002895124685
50035	0.0003740447556
50036	0.002909601464
50037	0.001200850539
50038	0.002239018139
50039	0.004476537176
50040	0.00346267203
50041	0.0007121840749
50042	0.001199530233
50043	0.0002917344981
50044	0.002798305869
50045	0.003223014203
50046	0.001837540829
50047	0.004319165032
50048	0.009692948259
50049	0.003341294198
50050	0.01062832985
50051	0.002956763859
50052	0.001326533289
50053	0.005608805499
50054	0.007586513303
50055	0.008147616033
50056	0.005478699742
50057	0.004177634698
50058	0.003712395824
50059	0.00113256421
50060	0.00567511588
50061	0.001205335434
50062	0.0004313185825
50063	0.0001041824591
50064	0.001610001878
50065	0.00129653691
50066	0.0002228180394
50067	0.005036210475
50068	0.0004989807604
50069	0.002112372134
50070	0.002529581357
50071	0.0009855294822
50072	0.003402023457
50073	0.0005634276851
50074	0.00841472427
50075	0.009610544614
50076	0.01796097079
50077	0.002330565055
50078	0.00494032053
50079	0.002133360874
50080	0.004898805329
50081	0.006049890268
50082	0.005211961861
50083	0.001819221572
50084	0.001407487457
50085	0.009722196336
50086	0.01159504492
50087	0.004973053918
50088	0.008569009768
50089	0.003549374844
50090	0.006100791658
50091	0.0008182861058
50092	0.006956457957
50093	0.0001225633883
50094	0.003214662506
50095	0.00464782758
50096	0.004998247018
50097	0.003260328669
50098	0.003094767485
50099	0.005782869158
50100	0.0002683446549
50101	0.0007328638245
50102	0.01135120497
50103	0.003866124081
50104	0.002662204455
50105	0.01108100385
50106	0.003886021676
50107	0.006974452441
50108	0.00151559969
50109	0.0060646807
50110	0.007310297904
50111	0.004452862605
50112	0.001443605573
50113	0.009000870819
50114	0.0001974536136
50115	0.001878582826
50116	0.003788180997
50117	0.005089846939
50118	0.005245161381
50119	0.001415276626
50120	0.001251959819
50121	0.005205303602
50122	0.001119843775
50123	0.001454602703
50124	0.008340742961
50125	0.001292783376
50126	0.0007830918004
50127	0.003215774904
50128	0.01086073631
50129	0.008878641364
50130	0.001365510636
50131	0.001450591232
50132	0.006975412666
50133	0.01050534204
50134	0.00346129959
50135	0.00581636705
50136	0.0005457067268
50137	0.004683674209
50138	0.001383285257
50139	0.007748874611
50140	0.004369942897
50141	0.007773967515
50142	0.002002756769
50143	0.007832730238
50144	0.006814006557
50145	0.0002326304362
50146	0.002527599332
50147	0.0002070030217
50148	0.006932161534
50149	0.0129418536
50150	0.002945395692
50151	0.00135397129
50152	0.001415006622
50153	0.01046007184
50154	0.001112550116
50155	0.001978701212
50156	0.01021065046
50157	0.01002652945
50158	0.02019898144
50159	0.01276028518
50160	0.003890452949
50161	0.01527848155
50162	0.006856313575
50163	0.004989434677
50164	0.009164738048
50165	0.003509117518
50166	0.006919092509
50167	0.003111763272
50168	0.001618409898
50169	0.004521633677
50170	0.0005506578655
50171	0.004557107177
50172	0.0006813543335
50173	0.008355551329
50174	0.009655219391
50175	0.01373555114
50176	0.001189761297
50177	0.0064831162
50178	0.00709621343
50179	0.003853365339
50180	0.004527314369
50181	0.006706994843
50182	0.0003523303498
50183	0.001639841641
50184	0.00169918121
50185	0.008535025068
50186	1.00284121e-05
50187	0.01125471855
50188	0.002624018932
50189	0.005801929794
50190	0.006296481298
50191	0.003587423895
50192	1.045572572e-05
50193	0.001138504142
50194	0.0006849129084
50195	0.002746967299
50196	0.00567904365
50197	0.001883383866
50198	0.003647473788
50199	0.006103253571
50200	0.006525976429
50201	0.0009574342763
50202	0.01018664536
50203	0.000788554628
50204	0.001231074469
50205	0.01163406969
50206	0.003582950258
50207	0.001075360003
50208	0.01068529311
50209	0.002058768851
50210	0.005997196253
50211	0.008793913811
50212	0.002384024531
50213	0.001798571425
50214	0.003264662352
50215	0.01242140261
50216	0.0110455376
50217	0.0003102041981
50218	0.004173945181
50219	0.005279873722
50220	0
50221	7.462547476e-05
50222	0.002118656363
50223	0.005982805489
50224	0.004166900142
50225	0.002487240757
50226	0.005938669177
50227	0.00967977337
50228	0.005154922787
50229	0.006810597699
50230	0.002371180074
50231	0.007158411904
50232	0.002746979891
50233	0.002868005142
50234	0.0002478112879
50235	0.001588447813
50236	0.001095986805
50237	0.00105759207
50238	0.001594790026
50239	0.0007877165387
50240	0.01936910763
50241	0.002312929281
50242	0.003427102571
50243	0.006179601343
50244	0.007295889712
50245	0.0008622786427
50246	0.0008141081224
50247	0.0007873109936
50248	0.0006261448339
50249	0.001368583803
50250	0.003386594261
50251	0.00826326993
50252	0.004944582368
50253	0.0008161056265
50254	0.00267677563
50255	0.0002036025522
50256	0.002671570037
50257	0.0001743407416
50258	0.00748913124
50259	0.007413662041
50260	0.001914266393
50261	0.0008844836
50262	0.002951046301
50263	0.002177994168
50264	0.004859040371
50265	0.002587481059
50266	0.009887665705
50267	0.01468728348
50268	0.007950168031
50269	0.005434139491
50270	0.001294545357
50271	0.002533824141
50272	0.002282151148
50273	0.001930002829
50274	0.003219149484
50275	0.006245129291
50276	0.00431778717
50277	0.006563373639
50278	0.003636006395
50279	0.004419650968
50280	0.007206374058
50281	0.001217539613
50282	0.006495671933
50283	0.009887755722
50284	0.001139022044
50285	0.001474284398
50286	0.002738671602
50287	0.01026268498
50288	0.003326353581
50289	0.002421845159
50290	0.009655024434
50291	0.003444168879
50292	0.005015936804
50293	0.00151490205
50294	0.0008875198597
50295	0.003123779908
50296	0.0007168574827
50297	1.599211754e-05
50298	0.001113625876
50299	0.001834156685
50300	0.004058427103
50301	0.001887537492
50302	0.001835770722
50303	0.00359126443
50304	0.0006125266732
50305	0.008293820894
50306	0.001357644933
50307	0.001178739521
50308	0.005164854191
50309	0.002338790432
50310	0.0006047432937
50311	0.01077387655
50312	0.0004459003146
50313	0.004835020308
50314	0.0005828831044
50315	0.01530374471
50316	0.006441497513
50317	0.00353689097
50318	0.005236532495
50319	0.000193386525
50320	0.007751528398
50321	0.001686499308
50322	0.002875610835
50323	0.001585748781
50324	0.0009209230832
50325	0.003213528551
50326	0.0005099802914
50327	0.001819949788
50328	0.006710030723
50329	0.002907279742
50330	0.002387786349
50331	0.005814892421
50332	0.003275947476
50333	0.005057760895
50334	0.005553073991
50335	0.001923424637
50336	0.007105285429
50337	0.001807969786
50338	0.009898190595
50339	0.004836667285
50340	0.006870605538
50341	0.0004037486198
50342	0.002072654493
50343	0.006777668929
50344	0.011511281
50345	0.00631716678
50346	0.00595601792
50347	0.004315012249
50348	0.003899479798
50349	0.0009048231854
50350	0.00661827547
50351	0.005830212983
50352	0.01011988456
50353	0.001329008765
50354	0.004006268989
50355	4.283794284e-05
50356	0.0003918406576
50357	0.002770241662
50358	0.01042852796
50359	0.002534235939
50360	0.006089712225
50361	0.003469251513
50362	0.009035101065
50363	0.007890629165
50364	0.008275477558
50365	0.001516493871
50366	0.004682702304
50367	0.001816464368
50368	0.001057524594
50369	0.0002998724581
50370	0.002313431457
50371	0.01487662042
50372	0.006105298822
50373	0.005092144592
50374	0.006361780646
50375	0.001842595116
50376	0.004477524516
50377	0.000823209739
50378	0.002461904355
50379	0.006800049209
50380	0.002372778034
50381	0.008583421917
50382	0.0004360854756
50383	0.004533319273
50384	0.004567064907
50385	0.003152790259
50386	0.005464920805
50387	0.008413119243
50388	0.004484612208
50389	0.001202692112
50390	0.001080335773
50391	3.320523262e-07
50392	0.006354318148
50393	0.000399725893
50394	0.002066410755
50395	0.001710149715
50396	0.007584009009
50397	0.001545076962
50398	0.003210164431
50399	0.007864006597
50400	0.002080420232
50401	0.001274250711
50402	0.0008432210618
50403	0.000973802927
50404	0.0005696058938
50405	0.0003134330585
50406	2.796690188e-05
50407	0.001091943728
50408	0.0006378226323
50409	0.0002085016117
50410	0.0006516653841
50411	0.0004306323354
50412	0.001668221857
50413	2.369941353e-05
50414	0.01856228072
50415	0.01371442481
50416	0.001180591445
50417	0.003756239324
50418	0.002880687104
50419	0.009800326995
50420	0.01224327984
50421	0.01250491358
50422	0.008579821714
50423	0.01231984811
50424	0.01251689455
50425	0.001759479134
50426	0.001917675908
50427	0.001444302952
50428	0.002554870564
50429	0.00768392661
50430	0.004941325104
50431	0.002080751883
50432	0.002973716458
50433	0.005892258266
50434	0.01414208781
50435	0.004055997928
50436	0.01162555532
50437	3.298883936e-05
50438	0.009107843445
50439	0.002375502979
50440	0.01504798831
50441	0.005946280778
50442	0.004394790369
50443	0.01116785259
50444	0.0005374806849
50445	0.0003418127455
50446	0.004884273621
50447	0.0006476134027
50448	0.0003235451268
50449	0.01463627341
50450	0.01411372613
50451	0.000103430386
50452	0.006619733629
50453	0.001318932784
50454	0.0001212389376
50455	9.54997794e-05
50456	0.004389795206
50457	0.001509764695
50458	0.006198514563
50459	0.0003716642814
50460	0.008584724565
50461	0.008578545597
50462	6.013536155e-05
50463	0.0002951691802
50464	0.004692564783
50465	0.009948405907
50466	0.001598657395
50467	0.002103975905
50468	0.00335953771
50469	0.00156336409
50470	0.000158158787
50471	0.005313940279
50472	0.001279989004
50473	0.004439293326
50474	0.004050458858
50475	0.003034858956
50476	0.01433131611
50477	0.01033688748
50478	0.008520505437
50479	0.0002243159668
50480	0.008871410006
50481	5.659715545e-05
50482	0.004295606875
50483	0.005173235654
50484	0.01822217077
50485	0.0105699716
50486	0.00329052869
50487	0.001608569605
50488	0.0003066322841
50489	0.001147364406
50490	0.001395547196
50491	0.002761733588
50492	0.00347718814
50493	0.004072386262
50494	0.006844268664
50495	0.01219213822
50496	0.003376972672
50497	0.00188987368
50498	0.008361606637
50499	0.001516301532
50500	0.01032764481
50501	0.01438127026
50502	0.005068650342
50503	0.009792157354
50504	0.007041447332
50505	0.0009189657307
50506	0.0004374110665
50507	0.0008360777285
50508	0.003485104259
50509	0.00257652646
50510	0.006040603135
50511	0.005804909173
50512	0.001609186107
50513	0.01018239534
50514	0.0009591191754
50515	0.001708895641
50516	0.004083534512
50517	0.004620856005
50518	0.01054618982
50519	0.007630952065
50520	0.008778407926
50521	0.001884491392
50522	0.006082659675
50523	0.00733733785
50524	0.002718178615
50525	0.01402409412
50526	0.009883949675
50527	0.001440708594
50528	0.003704920192
50529	0.0007167444876
50530	0.002807601609
50531	0.008788208567
50532	0.01198408615
50533	0.01070681149
50534	0.002583838935
50535	5.560878852e-05
50536	0.01485024433
50537	0.003695138033
50538	0.003501532027
50539	0.003281103516
50540	0.0006044219997
50541	0.00106094801
50542	0.01146127563
50543	0.003411947396
50544	0.01350859599
50545	0.004819077984
50546	0.006053040457
50547	0.0007205730877
50548	0.003165931804
50549	0.006499787331
50550	0.01471411534
50551	0.005431330049
50552	0.001165210963
50553	0.0004424916012
50554	0.0008205497123
50555	0.00864681719
50556	0.004928199068
50557	0.01019400334
50558	0.0004640655313
50559	0.007082564403
50560	0.0004619294963
50561	0.01618994666
50562	0.003591354029
50563	0.003217784938
50564	0.002926757435
50565	0.002555206204
50566	0.01500994923
50567	0.0004987552998
50568	0.0002985104217
50569	0.003493317191
50570	0.002084654218
50571	0.01346577125
50572	0.004579186439
50573	0.001657452852
50574	0.001505970913
50575	0.005559224544
50576	0.002673485396
50577	0.005312591524
50578	0.001653414289
50579	0.007743953355
50580	0.0008714289612
50581	0.001207387579
50582	0.003499397875
50583	0.003474469391
50584	0.0004003191415
50585	0.008926912572
50586	0.0003851335113
50587	0.001755813795
50588	0.004688924287
50589	0.009828782314
50590	0.01376921127
50591	0.001614582233
50592	0.01032825199
50593	0.002523541047
50594	0.0006121082987
50595	0.004290691846
50596	0.002850585255
50597	0.003415439336
50598	0.0102761555
50599	0.001155047966
50600	0.01138924567
50601	0.002426326132
50602	0.01246050639
50603	0.006448817676
50604	0.006062937091
50605	0.002733832532
50606	0.003256482043
50607	0.009619527768
50608	0.001679728031
50609	0.002675898439
50610	0.008249304927
50611	0.006268670317
50612	0.01195052562
50613	0.000604672498
50614	0.001120224138
50615	0.002215381103
50616	0.007779612628
50617	0.005970143914
50618	0.003385123002
50619	0.0006669119886
50620	0.0007040076888
50621	0.01425933241
50622	0.000806721794
50623	0.002529899385
50624	3.736010746e-05
50625	0.005845838563
50626	0.002441408039
50627	0.001926515865
50628	0.005743066365
50629	0.001332005175
50630	0.007924932072
50631	0.004202385897
50632	0.008571270339
50633	0.005687021079
50634	0.009574668507
50635	0.004756561405
50636	6.425804235e-06
50637	0.0009445995017
50638	0.001616072385
50639	0.006241637322
50640	0.001130976747
50641	0.005739882115
50642	0.00424193081
50643	0.00186455974
50644	0.003818727193
50645	0.00168923979
50646	0.005049747858
50647	0.006619951079
50648	0.0003032200683
50649	0.008753182654
50650	0.00375890494
50651	0.001414174211
50652	0.006411153961
50653	0.001572610975
50654	0.0005281108458
50655	0.003929686911
50656	0.009224155149
50657	0.00169219104
50658	0.001762008107
50659	0.002291042713
50660	0.002900959569
50661	0.002212772822
50662	0.01127028328
50663	0.0004850269608
50664	0.004822957702
50665	0.006069675202
50666	0.004859126929
50667	0.005082045766
50668	0.008744271903
50669	0.0004096330046
50670	0.004567978168
50671	0.004046083406
50672	0.01127266258
50673	0.006080757007
50674	0.001401836662
50675	0.008264423983
50676	0.009877020695
50677	0.006375857692
50678	0.002885662928
50679	0.002326359169
50680	0.006561509509
50681	0.003724632672
50682	0.00248538908
50683	0.0005881941119
50684	0.003078461257
50685	0.002346974225
50686	0.003223354081
50687	0.005483070222
50688	0.002618934269
50689	0.004429270732
50690	0.001068475134
50691	0.009076200907
50692	0.003196958861
50693	0.0002630923877
50694	0.001649636133
50695	0.003294456858
50696	0.000422123128
50697	0.005307124225
50698	0.006604691139
50699	0.003627942684
50700	0.005183434101
50701	0.003994678578
50702	0.002513401316
50703	0.006844536619
50704	0.01703156746
50705	0.001006495989
50706	0.002885140885
50707	0.0007903197074
50708	0.00108960748
50709	0.0001016890968
50710	0.0006311106109
50711	0.003551457572
50712	0.001766545197
50713	0.001643325138
50714	0.002021524639
50715	0.004565229587
50716	0.003510739295
50717	0.0009826510106
50718	0.002931892635
50719	0.001556880886
50720	0.001654307346
50721	0.001966162948
50722	0.0001802655155
50723	0.004673979068
50724	0.006575835811
50725	0.002742183523
50726	0.008606744059
50727	0.028403941
50728	0.01243627568
50729	0.004362200233
50730	0.006512173501
50731	0.001101416931
50732	0.020209517
50733	0.003951739264
50734	0.003550390791
50735	0.002646042978
50736	0.005653531491
50737	0.009699631906
50738	0.0049133402
50739	0.006936741925
50740	0.004903686581
50741	0.00273942247
50742	0.008440640151
50743	0.005873718519
50744	0.01599575088
50745	0.00287450444
50746	0.01045454675
50747	0.01351262245
50748	0.0003729989021
50749	0.0007003883081
50750	0.0003285616414
50751	0.01011307348
50752	0.0002855982634
50753	0.001546723378
50754	0.00302803208
50755	0.01532281295
50756	0.009983524627
50757	0.004905901555
50758	0.005295186424
50759	7.685208535e-05
50760	0.007161643814
50761	0.0009487879242
50762	0.005442312815
50763	0.003288567731
50764	0.0008997148217
50765	0.007375058494
50766	0.002523997667
50767	0.001282872693
50768	0.005761042731
50769	0.01053604867
50770	0.00510428034
50771	0.004117871231
50772	0.00174887371
50773	0.004526484577
50774	0.001572806454
50775	0.004953856742
50776	0.004154184187
50777	0.005587169686
50778	0.008719799888
50779	0.001607154707
50780	0.007664150641
50781	0.006402458476
50782	0.0003571094255
50783	0.007503120475
50784	0.00328209998
50785	0.006681965553
50786	0.003757831336
50787	0.001035055718
50788	0.001790007601
50789	0.000339639768
50790	0.000312669662
50791	0.008754771021
50792	0.005880488661
50793	0.001110673417
50794	0.01088576131
50795	0.002686194074
50796	0.007302703397
50797	0.004698584627
50798	0.01109871745
50799	0.008038266259
50800	0.004443663987
50801	0.004527177393
50802	0.01261808277
50803	0.0006178010295
50804	0.005548546414
50805	0.005328536893
50806	0.009802362368
50807	0.005294976402
50808	0.003861308014
50809	0.004711054278
50810	0.004083151222
50811	0.005545219138
50812	0.001727633045
50813	0.001590002356
50814	0.004077297452
50815	0.001562675851
50816	0.01501707957
50817	0.00531735737
50818	0.007249468415
50819	0.002289505233
50820	0.01080968976
50821	0.004840925851
50822	0.006612893339
50823	0.0006443416074
50824	0.004521526396
50825	0.002872222952
50826	0.001853740335
50827	0.00748421677
50828	0.003415835589
50829	0.01228189178
50830	0.01042555281
50831	0.0007795048116
50832	0.009225598794
50833	0.002088973763
50834	0.007309331652
50835	0.007492344391
50836	0.001488965122
50837	0.0009766486301
50838	0.007604268514
50839	0.00452322155
50840	0.004799080902
50841	0.0005461839256
50842	0.0006286425538
50843	0.001469581314
50844	1.241266667e-06
50845	0.002838706293
50846	0.003997552964
50847	0.00323884703
50848	0.0008015136633
50849	0.005037999626
50850	0.0001436212794
50851	5.109158397e-06
50852	0.01276271766
50853	0.0001267158587
50854	0.0003400828174
50855	0.002658428359
50856	0.004520162941
50857	0.01215772199
50858	0.008923253229
50859	0.01682546575
50860	0.004531869416
50861	0.005092830468
50862	0.01152060503
50863	0.008641564881
50864	0.006703090977
50865	0.005432385884
50866	0.007783285653
50867	0.01431966842
50868	0.005627127497
50869	0.003770948419
50870	0.01193608568
50871	0.003048330398
50872	0.01334681605
50873	0.0008587302581
50874	0.001344852646
50875	0.0009955662278
50876	0.01424634597
50877	0.00674427359
50878	0.01080755705
50879	0.01180845965
50880	0.000403048275
50881	0.009858728355
50882	0.009615908009
50883	0.001669170023
50884	0.006433091848
50885	0.008431138974
50886	0.001437240019
50887	0.001445189722
50888	0.001592663017
50889	0.004589142188
50890	0.002180007844
50891	0.002402083044
50892	0.003467392113
50893	0.004824354258
50894	0.005589417583
50895	0.006160259242
50896	0.00159697811
50897	0.0003670650586
50898	0.0006882085741
50899	0.01327503438
50900	0.0004160256074
50901	0.001867424113
50902	0.002282802555
50903	0.0006666896132
50904	0.000556376962
50905	0.00040060907
50906	0.0006237026057
50907	0.01022315657
50908	0.003854020894
50909	0.003356310558
50910	0.002432021911
50911	0.006217902993
50912	0.002356194242
50913	0.004805818405
50914	0.005209729957
50915	0.004471284133
50916	0.01570931867
50917	0.01446068176
50918	0.001500422268
50919	0.006975869348
50920	0.006186600461
50921	0.001833114083
50922	0.02490993002
50923	0.007818411926
50924	0.002365696313
50925	0.005345908111
50926	0.0001324373009
50927	0.01236147021
50928	0.01360934274
50929	0.002749070453
50930	0.006050917318
50931	0.01103182956
50932	0.01118869872
50933	0.002648110201
50934	0.0008252554927
50935	0.007020048891
50936	0.005696791557
50937	0.004116649899
50938	0.005040805463
50939	0.008801097218
50940	0.01420080953
50941	2.90991287e-05
50942	0.00378387546
50943	0.002235462489
50944	0.003188862517
50945	0.00674961397
50946	0.001247257625
50947	0.006241538202
50948	0.01369925586
50949	0.004945650433
50950	0.0004345444674
50951	0.002134968535
50952	0.0007385512463
50953	0.01580312955
50954	0.01561995481
50955	0.001707881303
50956	0.01316992997
50957	0.005260951589
50958	0.008781107487
50959	0.003899361407
50960	0.009226206967
50961	0.002366514646
50962	0.008007414653
50963	0.009804725527
50964	0.00777513217
50965	0.004116021425
50966	0.00195495082
50967	0.0007718445533
50968	0.001119487087
50969	0.007031781757
50970	0.001011479712
50971	0.01394785982
50972	0.01306412926
50973	0.003107187412
50974	0.002051093285
50975	0.0005065929288
50976	0.003614540618
50977	0.007351674117
50978	0.01103116386
50979	0.0004636338167
50980	5.753089877e-05
50981	0.003206041303
50982	0.004095003096
50983	0.002984607936
50984	0.004617473319
50985	0.002381656202
50986	0.001683046145
50987	3.730625104e-06
50988	0.005738272777
50989	0.0008014632453
50990	0.006355900226
50991	0.0005578381101
50992	2.927322491e-05
50993	0.003489187978
50994	0.001523641404
50995	0.007678022758
50996	0.001490524233
50997	0.002630915634
50998	0.001860070478
50999	0.001513996529
51000	0.001364547508
51001	0.001359454229
51002	0.00689135746
51003	0.000327524555
51004	0.0001615191792
51005	0.003250797342
51006	0.0002537162995
51007	0.002389256442
51008	2.299855928e-05
51009	0.002486870132
51010	0.001338308337
51011	0.003378901177
51012	0.002245021493
51013	0.004525570496
51014	0.001554312754
51015	0.01550753193
51016	0.0008826830643
51017	0.002493734347
51018	0.00419918324
51019	0.010198918
51020	0.007869899268
51021	0.004702586329
51022	0.002737040853
51023	0.009432240992
51024	0.0006934882142
51025	0.001062850894
51026	0.004333305029
51027	0.002029763632
51028	0.004760111988
51029	0.004414266258
51030	0.01785443534
51031	0.01034985383
51032	0.00798696059
51033	0.003997008645
51034	0.007140706654
51035	0.005422586088
51036	0.02360420553
51037	0.00903683042
51038	0.001709369074
51039	0.005376561215
51040	0.006054241149
51041	0.003864710527
51042	0.0002269353339
51043	0.004260096647
51044	0.000116823569
51045	0.001989311846
51046	0.0001987132545
51047	0.01316759996
51048	0.008426648336
51049	0.002335395976
51050	0.002249932695
51051	0.00628046237
51052	0.009552076566
51053	0.003784809027
51054	0.00033742231
51055	0.004401535123
51056	0.01778194805
51057	0.001687648412
51058	0.001637136281
51059	0.001843214302
51060	0.003453284142
51061	0.001894370813
51062	0.005479215192
51063	0.002487676669
51064	0.001908822553
51065	0.003043551098
51066	0.001691655484
51067	0.003598786049
51068	8.162492942e-05
51069	0.005678901048
51070	0.006626891843
51071	0.002417310101
51072	0.0009886428416
51073	0.00350895572
51074	0.004110517301
51075	0.002377225773
51076	0.0009041146261
51077	0.00135008008
51078	0.0003903398934
51079	0.002724183237
51080	0.001178467318
51081	0.001184175241
51082	0.001386728191
51083	0.001242331051
51084	0.001213362892
51085	0.0009745545975
51086	0.001274760971
51087	0.001589824461
51088	0.001326086312
51089	0.001308612192
51090	0.01658031681
51091	0.01705110598
51092	0.002217159407
51093	0.002695188429
51094	0.005058124368
51095	0.002893344574
51096	0.000827920473
51097	0.001789931554
51098	0.0021829448
51099	0.001142094144
51100	0.0007173600775
51101	0.0006683073179
51102	0.002046805986
51103	6.637983011e-05
51104	0.004540944087
51105	0.003192358179
51106	0.005450129762
51107	0.01283102632
51108	0.004681854155
51109	0.003201377954
51110	0.003144639504
51111	0.004129531628
51112	0.006309616387
51113	0.001657841116
51114	0.02709631218
51115	0.005750488308
51116	0.007869125564
51117	0.007872838257
51118	0.006268583487
51119	0.007984054196
51120	0.004531658727
51121	0.007725051928
51122	0.001140316408
51123	0.005946916018
51124	0.003006906348
51125	0.0009178514733
51126	0.01732870191
51127	0.009220068802
51128	0.0291126184
51129	0.006333852852
51130	0.004162866968
51131	0.01165737094
51132	0.004266088456
51133	0.01079674902
51134	0.0006851529992
51135	0.007975838672
51136	0.00355859775
51137	0.004308536428
51138	0.00590758045
51139	0.000586770257
51140	0.003141975944
51141	0.009258113906
51142	0.004369278166
51143	0.00342676166
51144	0.01213867325
51145	0.00605151936
51146	0.004490190195
51147	8.101760576e-05
51148	0.0006125413955
51149	0.0001104385392
51150	0.0007445522514
51151	0.01099465831
51152	7.498830241e-05
51153	0.001513581817
51154	0.02001509529
51155	0.004867422937
51156	0.002397318055
51157	0.0002836355513
51158	0.01510515289
51159	0.001295368984
51160	0.001591257021
51161	0.0002116091304
51162	0.003016781759
51163	0.001677536897
51164	0.01061547083
51165	0.0008872130221
51166	0.00478010572
51167	0.01061279867
51168	0.007827405303
51169	0.001449273564
51170	0.01191340761
51171	0.001554029299
51172	0.002387347915
51173	0.003385795942
51174	0.002478153984
51175	0.01205161185
51176	0.0077173025
51177	0.00700703927
51178	0.008277330966
51179	0.003600858521
51180	0.01419436523
51181	0.00890078165
51182	0.005323359918
51183	0.003236364369
51184	0.003527164394
51185	0.005276588966
51186	0.005561598803
51187	0.006385509272
51188	0.01291893848
51189	0.005245654263
51190	0.00896585087
51191	0.0005142976551
51192	0.006405204201
51193	0.01806707388
51194	0.0005690298745
51195	0.0004175191381
51196	0.02066752453
51197	0.007637099313
51198	0.002753303497
51199	0.01447437442
51200	0.001651176082
51201	0.01149763668
51202	0.01099609602
51203	0.001589283879
51204	0.001194334869
51205	0.0001817519129
51206	0.0003966845038
51207	0.007856385889
51208	0.001168382932
51209	0.001419838413
51210	0.01707617466
51211	0.00737599736
51212	0.008968022801
51213	0.003022546515
51214	0.009219241175
51215	0.01662519299
51216	0.002838683623
51217	0.008625509351
51218	0.001222512924
51219	0.01073325759
51220	0.007808482598
51221	0.01191214747
51222	0.0203074403
51223	0.001630891374
51224	0.001235410079
51225	0.006880016303
51226	0.001600373828
51227	0.006837028071
51228	0.006198378491
51229	0.007640617933
51230	0.01297867455
51231	0.004828294888
51232	0.001208156054
51233	0.006976915302
51234	0.004956277284
51235	0.003166829541
51236	0.002289399359
51237	0.001882176134
51238	0.009730973233
51239	0.007381883391
51240	0.002140024862
51241	0.002705527167
51242	0.0004123588499
51243	0.009100019084
51244	0.0005479862071
51245	0.001548254191
51246	0.000615515498
51247	0.002253020881
51248	0.002089004025
51249	0.007903621194
51250	0.005374104805
51251	0.008344044857
51252	0.006986197035
51253	0.02566299399
51254	0.009639753511
51255	0.01838468681
51256	0.004947429034
51257	0.01152077983
51258	0.003164934213
51259	0.007396462518
51260	0.00702125367
51261	0.01530695461
51262	0.003051452987
51263	0.003548945065
51264	0.001776041986
51265	0.004255983669
51266	0.0002037438149
51267	0.002692514631
51268	0.006485925336
51269	0.008722125161
51270	0.003030281778
51271	0.000363606239
51272	0.001842801179
51273	0.0005256792588
51274	0.01480058886
51275	0.005237423568
51276	0.00201563032
51277	0.002096834858
51278	0.006085355998
51279	0.002633791407
51280	0.0008107212008
51281	0.001005334326
51282	0.0007066835227
51283	0.002956898979
51284	0.01308591301
51285	0.004629204195
51286	0.01126385192
51287	0.0016223822
51288	0.00132279879
51289	0.0005445681374
51290	0.003855440479
51291	0.001985156501
51292	0.01496047087
51293	0.007977800083
51294	0.0002373707192
51295	0.001447747783
51296	0.005075976546
51297	0.005489903773
51298	0.004079668538
51299	0.002972270569
51300	0.006237362675
51301	0.0003250810232
51302	0.00089046525
51303	0.001639437741
51304	0.00297905347
51305	0.001244333867
51306	0.0001695306633
51307	0.004726774751
51308	0.003178990511
51309	0.01575118728
51310	0.00318812118
51311	0.0009065427279
51312	0.005233837919
51313	0.0007399189684
51314	0.008232959636
51315	0.00120188367
51316	0.0009475912793
51317	0.002468229744
51318	0.01476812925
51319	0.003321907876
51320	0.0002515012952
51321	0.01085468319
51322	0.0008284563349
51323	0.0002394877608
51324	0.007836939352
51325	0.002450179064
51326	0.001476451918
51327	0.002411171196
51328	0.0030620987
51329	0.0006095552806
51330	0.0001416484203
51331	0.01036593602
51332	0.007047677546
51333	0.002769867282
51334	0.0004323871338
51335	0.002078172669
51336	0.001460234975
51337	0.001171445246
51338	0.008158293118
51339	0.009249741199
51340	0.009008000641
51341	0.0006392182497
51342	0.008512627657
51343	0.0117587149
51344	0.01596254256
51345	0.008019963281
51346	0.008375024497
51347	0.008152017099
51348	0.004024013363
51349	0.001971109129
51350	0.009524624651
51351	0.008988382131
51352	0.0003818392096
51353	0.009407841599
51354	0.003725178084
51355	0.0003124530574
51356	0.003757436843
51357	0.001368872481
51358	0.0007265667509
51359	0.004825376624
51360	0.0001892559012
51361	0.004790097912
51362	0.005547143651
51363	0.00654515903
51364	0.001328018055
51365	0.0143713042
51366	0.00211346051
51367	0.001747745357
51368	0.001412043118
51369	0.0008568109827
51370	0.002530829361
51371	0.01293688612
51372	0.003199703966
51373	0.001754595032
51374	0.002109424068
51375	0.008916403704
51376	0.001471621975
51377	0.003862792972
51378	0.0002985047085
51379	0.0119980725
51380	0.008956046807
51381	0.003305822323
51382	0.01651750102
51383	8.694540467e-05
51384	0.007552931044
51385	0.0004443877029
51386	0.00211989256
51387	0.006944024586
51388	0.009572610057
51389	0.002488278242
51390	0.0009695510691
51391	0.00332920154
51392	0.002814149045
51393	0.001677275252
51394	0.005402107453
51395	0.003367460532
51396	0.005596974139
51397	0.005530770418
51398	0.007911917933
51399	0.0001960458353
51400	0.01299887206
51401	0.00369257693
51402	0.007216858252
51403	0.002687796663
51404	0.000707618305
51405	0.004639769479
51406	0.01421371063
51407	0.01029325313
51408	0.0003830715578
51409	0.00176506678
51410	0.001683313224
51411	0.000128679937
51412	0.007540324353
51413	0.008065181492
51414	0.004089357005
51415	0.00232890115
51416	0.007180267494
51417	0.005903082367
51418	0.01731380256
51419	0.005546315042
51420	0.01113101109
51421	0.001330076109
51422	0.00449736461
51423	0.01641573193
51424	0.01009191153
51425	0.01137424986
51426	0.006975384665
51427	0.006437359126
51428	0.003333778571
51429	0.002761183782
51430	0.002775957665
51431	0.004267938262
51432	0.0003598577601
51433	0.001359000273
51434	7.34584122e-05
51435	0.009403511092
51436	0.00212457473
51437	0.0002199950026
51438	0.003616771014
51439	3.202983448e-05
51440	0.003091357623
51441	0.01489715975
51442	0.004000235749
51443	0.004953522423
51444	0.003583673773
51445	0.01675592748
51446	0.006443206059
51447	0.0003327089592
51448	0.009127498229
51449	0.0005887408597
51450	0.003424112566
51451	0.002564681681
51452	0.003383376761
51453	0.007886710327
51454	0.009642374589
51455	0.008295908198
51456	0.005289517178
51457	0.00367705192
51458	0.00843702509
51459	0.003845089304
51460	0.002643092263
51461	0.001599217707
51462	0.0008950189249
51463	0.0006830884896
51464	0.0001972084898
51465	0.001009118613
51466	0.002942819208
51467	0.01356612282
51468	0.01244078324
51469	0.0001219558227
51470	0.007172135135
51471	0.002402445426
51472	0.004116569111
51473	0.002514171814
51474	0.002246224328
51475	0.01364784641
51476	0.003127208909
51477	0.006638092806
51478	0.0007612633434
51479	0.004943096299
51480	0.002218583603
51481	0.002773188411
51482	0.0006488613239
51483	0.00192487639
51484	0.007662557977
51485	0.0005752980157
51486	0.00456680536
51487	0.009351614743
51488	1.527877316e-05
51489	0.00602459575
51490	0.003710073563
51491	0.00701419746
51492	0.002184266806
51493	0.0003061302956
51494	0.004210737662
51495	0.006531043571
51496	0.0003819113963
51497	0.0001290422197
51498	0.00590672798
51499	0.004989589188
51500	0.01134530751
51501	0.01193841924
51502	0.004959308598
51503	0.002347338439
51504	0.006328318159
51505	0.007481799301
51506	0.02186626184
51507	0.01311303471
51508	0.0008667227721
51509	0.002613462367
51510	0.006643983789
51511	0.003586827563
51512	0.01479666255
51513	0.0007425620205
51514	0.003512136805
51515	0.009222958109
51516	0.003550933642
51517	0.003254619913
51518	0.003474519282
51519	0.004771618238
51520	0.006153056751
51521	0.0004508564729
51522	0.005512605343
51523	0.003485775478
51524	0.001381476576
51525	0.0002738986888
51526	0.0006757889339
51527	0.004562571888
51528	0.004416172778
51529	0.0003171684266
51530	0.003274907858
51531	0.004381328895
51532	0.003890922002
51533	0.002044585593
51534	0.006216932985
51535	0.004313708029
51536	0.01646607652
51537	0.007261686778
51538	0.01097582534
51539	0.006492357681
51540	0.0002645406451
51541	0.001506798532
51542	0.0007881028841
51543	0.006111634696
51544	0.005120997425
51545	0.004991985188
51546	0.01241989465
51547	0.006272129055
51548	0.00291295581
51549	0.002648441196
51550	0.0004876046123
51551	0.005882358694
51552	0.001280970096
51553	0.01503209379
51554	0.01160437516
51555	0.007894578643
51556	0.001347353471
51557	0.007611499368
51558	0.007423642965
51559	0.0005850088481
51560	0.001165815632
51561	0.003557178276
51562	0.001343867128
51563	0.005964713017
51564	0.001390976563
51565	0.0001860374517
51566	0.005400026036
51567	0.0003876755524
51568	0.00166644351
51569	0.001645809237
51570	0.001728323824
51571	0.006781723685
51572	0.00248177486
51573	0.006187688738
51574	0.0006785510258
51575	0.0001924804453
51576	0.009376419866
51577	0.01001094731
51578	0.00389683836
51579	0.01572848469
51580	0.00785218302
51581	0.009571821121
51582	0.0001839387158
51583	0.00294147005
51584	0.00589536403
51585	0.002544242056
51586	0.00140878488
51587	0.001167792976
51588	0.003781283246
51589	0.0004003774375
51590	0.0007656938815
51591	0.00199009226
51592	0.003153701393
51593	0.0001616344634
51594	0.0005131317348
51595	0.001031611791
51596	0.0008114346898
51597	0.001099242054
51598	1.285038799e-05
51599	0.0005390153386
51600	0.0004444936245
51601	0.00137119439
51602	0.002197931985
51603	0.0002568535176
51604	0.002197692287
51605	0.00550470847
51606	0.004884170571
51607	0.0002699455489
51608	0.0008940689651
51609	0.01789316125
51610	0.003032862699
51611	0.005665021406
51612	0.001702953693
51613	0.0008993985017
51614	0.002713461612
51615	0.0118676871
51616	0.004836042461
51617	0.0002211856294
51618	0.004399418718
51619	0.01065884674
51620	0.01004655085
51621	0.008655038535
51622	0.00188253871
51623	0.004216744464
51624	0.004862109258
51625	0.001053764756
51626	0.005064783637
51627	0.008523253242
51628	0.003084711108
51629	0.006279037555
51630	0.003264029253
51631	0.005557838496
51632	0.002806536995
51633	0.0007561201744
51634	0.002780699903
51635	0.0007924615203
51636	0.002648932544
51637	0.0004242380171
51638	6.605532838e-05
51639	0.0001622157983
51640	0.001197545899
51641	0.001850327802
51642	0.005436663868
51643	0.004983650682
51644	0.00833126858
51645	0.007636307322
51646	0.001943681732
51647	0.002208836264
51648	0.01459375945
51649	0.001659304658
51650	0.004620459608
51651	0.001231869186
51652	0.006131992595
51653	6.02822644e-05
51654	0.0009430751837
51655	0.004037724388
51656	0.009025087839
51657	0.005392790452
51658	0.01026053216
51659	0.008598317204
51660	0.001662371587
51661	0.007646518315
51662	0.00921692708
51663	0.002315442545
51664	0.0004169310475
51665	0.004365509435
51666	0.01015670356
51667	0.01169315524
51668	0.003646128889
51669	0.0001946213702
51670	0.004793010486
51671	9.843850748e-05
51672	6.027082453e-05
51673	0.0003416827726
51674	0.009488782252
51675	0.01553412776
51676	0.0004446703172
51677	0.001580648131
51678	0.00770207287
51679	0.008402657711
51680	0.001314280854
51681	0.002742235434
51682	0.006117971022
51683	0.001612220309
51684	0.01624414895
51685	0.0091760183
51686	0.0131703301
51687	0.0008216302907
51688	0.007341459837
51689	0.008827273248
51690	0.002224887707
51691	0.0007660929551
51692	0.01044749785
51693	0.004233809597
51694	0.002934337541
51695	0.003264768104
51696	0.004376024218
51697	0.003697413084
51698	0.009233927425
51699	0.003088068737
51700	0.01262530817
51701	0.0007597602298
51702	0.00524698606
51703	0.003585324271
51704	0.00176159578
51705	0.006874181212
51706	0.005604242862
51707	0.0002646788822
51708	0.002208880903
51709	0.004347596128
51710	0.01065892339
51711	0.007480493252
51712	0.01692724089
51713	0.009113871768
51714	0.001511819258
51715	0.001324351923
51716	0.00248942863
51717	0.001286997659
51718	0.005851907614
51719	0.01175007795
51720	0.00521953389
51721	0.007143048911
51722	0.004345042096
51723	0.002191699344
51724	0.000861609928
51725	0.002919437332
51726	0.001001507572
51727	0.004757101691
51728	0.001548745258
51729	0.001675184913
51730	0.001588968237
51731	0.0002014950221
51732	0.008827407758
51733	3.277103069e-05
51734	0.002344267389
51735	0.01050297884
51736	0.005427817049
51737	0
51738	0.001999512909
51739	0.001397775151
51740	0.007435442731
51741	0.001789672188
51742	0.0003116842138
51743	0.001282789419
51744	0.01080215152
51745	0.001942397406
51746	0.005041133148
51747	0.001614438257
51748	0.004262897227
51749	0.001879066873
51750	0.01038300384
51751	0.007642617829
51752	0.007873534041
51753	0.008142914121
51754	0.001208001654
51755	0.003951192408
51756	0.01800794681
51757	0.005220044755
51758	0.01104285568
51759	0.008822801003
51760	0.001548502892
51761	0.003189947424
51762	0.001663700656
51763	0.01092072577
51764	0.001285498312
51765	0.003853532046
51766	0.001095389201
51767	0.007372990884
51768	0.007984989425
51769	0.006874340619
51770	0.004613142564
51771	0.0111611086
51772	0.01663658406
51773	0.01145743934
51774	0.0004068353568
51775	0.006843831107
51776	0.01293965457
51777	0.003368036152
51778	0.0009581314065
51779	0.007826359205
51780	0.01187960833
51781	0.006930902918
51782	0.001200780807
51783	0.004711005915
51784	0.007002570751
51785	0.006844731536
51786	0.01023331247
51787	0.008663841422
51788	0.001690396002
51789	0.002573073089
51790	0.002103603615
51791	0.007186812376
51792	0.0006234318664
51793	0.0009350369053
51794	0.01297697106
51795	0.003811790393
51796	0.01821110649
51797	0.0007617873829
51798	0.002975744899
51799	0.02325741757
51800	0.001399403383
51801	0.006905738503
51802	0.01578534707
51803	0.004104384432
51804	0.01781092737
51805	0.001376509945
51806	0.01277491781
51807	0.005240766809
51808	0.00836111363
51809	0.01377390525
51810	7.130460792e-06
51811	0.005817051893
51812	0.01773323429
51813	0.005040427383
51814	0.01379165035
51815	3.020909422e-05
51816	0.00745966916
51817	0.0005513521966
51818	0.0001153372396
51819	0.0006760973985
51820	0.0009027972154
51821	0.0004075746355
51822	0.001186102816
51823	0.001490853098
51824	0.0007321243418
51825	0.0002806224809
51826	0.0007332003115
51827	0.001305831294
51828	0.0007249702659
51829	0.001182966159
51830	0.001659082294
51831	0.00296730389
51832	0.01223896996
51833	0.003514093869
51834	0.001816779884
51835	0.01151261048
51836	0.006624970519
51837	0.0137479025
51838	0.004938447647
51839	0.006380020737
51840	0.006826927251
51841	0.0080523793
51842	0.003136576766
51843	0.001671423049
51844	0.004384429129
51845	0.005458016912
51846	0.01002706642
51847	0.000172169549
51848	0.007215801845
51849	0.009142871523
51850	0.01034039573
51851	0.006938927096
51852	0.003510096699
51853	0.009948635317
51854	0.0006738423995
51855	0.001100959453
51856	0.002102521082
51857	0.003445622992
51858	0.0001855676605
51859	0.01742460833
51860	0.01058578793
51861	0.001123778448
51862	0.009502046085
51863	0.005985564769
51864	0.009121206922
51865	0.0005338145115
51866	0.002171907104
51867	0.0004556023171
51868	0.003258187189
51869	0.001721559152
51870	0.007216200935
51871	0.0006967278737
51872	0.0006814977001
51873	0.0008230493693
51874	0.003476680679
51875	0.003761628316
51876	0.008960318132
51877	0.01747119427
51878	0.002476683845
51879	0.0002886435738
51880	0.006205773921
51881	0.008989018677
51882	0.001459828229
51883	0.001548879044
51884	0.003912455914
51885	0.008360641286
51886	0.01740373917
51887	0.01401403848
51888	0.001294135301
51889	0.0007305056668
51890	0.0122560502
51891	0.007529026774
51892	0.0007078322694
51893	0.003995716659
51894	0.005549288278
51895	0.00177034756
51896	0.0009741400957
51897	0.0006172305485
51898	0.0003446478335
51899	0.004688737484
51900	0.001050554371
51901	0.006917688799
51902	0.002817642336
51903	0.008706456723
51904	0.002792911543
51905	0.0004957337571
51906	0.006115091557
51907	0.002975056908
51908	0.002312791511
51909	0.004544912571
51910	0.0008598102592
51911	0.0005259355996
51912	0.0008252728902
51913	0.0004967625611
51914	0.000501915435
51915	0.001472150068
51916	0.006935413631
51917	0.003929040995
51918	0.003336737089
51919	0.002259150626
51920	0.002570762311
51921	0.002338788996
51922	0.0006081792055
51923	0.003523590296
51924	0.006582059381
51925	0.006811817946
51926	0.007191996733
51927	0.004105069031
51928	0.001042931805
51929	0.001111789367
51930	0.003096974118
51931	0.004061178718
51932	0.0002028234504
51933	0.0101917494
51934	9.963185548e-05
51935	0.002753841215
51936	4.597084241e-06
51937	0.003110307833
51938	0.00218210677
51939	0.003599321201
51940	0.02763325122
51941	0.006204057143
51942	0.002324718691
51943	0.0004120415222
51944	0.001789642266
51945	0.0004394090412
51946	0.0009820632575
51947	0.002808114365
51948	0.01103384461
51949	0.01309140509
51950	0.004104795881
51951	0.003143169028
51952	0.002427831786
51953	0.00081086104
51954	0.003011617443
51955	0.001363828765
51956	0.01305400506
51957	0.005840981842
51958	0.003239122471
51959	0.002848254394
51960	0.005255500905
51961	0.003924702138
51962	0.005446303451
51963	0.001597592254
51964	0.0006455223341
51965	0.00341627837
51966	0.00174413589
51967	0.007387157274
51968	0.004826701763
51969	0.001088165394
51970	0.002038884849
51971	0.004888780496
51972	0.00291864294
51973	0.002146184314
51974	0.00656551588
51975	0.004463498621
51976	0.0008670855597
51977	0.0005563446304
51978	0.002957916792
51979	0.006790420471
51980	0.003677264158
51981	0.008527923748
51982	0.002002822794
51983	0.00983062412
51984	0.005972637456
51985	0.01200886352
51986	0.007054113317
51987	0.006590975408
51988	0.001491628631
51989	0.008718917577
51990	0.0008226126459
51991	0.003108907585
51992	0.002915295615
51993	0.002073654273
51994	0.01021966869
51995	0.006075350629
51996	0.006568130166
51997	0.01058410634
51998	0.003222463579
51999	0.0009151658837
52000	0.003265003768
52001	0.009690110356
52002	0.001872881359
52003	0.007298943646
52004	0.003838083302
52005	0.008893168228
52006	0.009077409592
52007	0.005681827894
52008	0.00868887514
52009	0.00110474295
52010	0.001600509687
52011	0.009350202398
52012	0.002645954623
52013	0.003150768833
52014	0.001002194764
52015	0.005531692444
52016	0.004498396797
52017	0.002873981202
52018	0.0001541361551
52019	0.0002900311332
52020	0.01154224326
52021	0.003864989526
52022	0.002687647636
52023	0.00833636856
52024	0.00876977059
52025	0.004831319206
52026	0.002685848681
52027	0.0003053584628
52028	0.0001618234438
52029	0.00028464651
52030	0.000445784544
52031	0.004379128299
52032	0.003750352527
52033	0.0004161667668
52034	0.001867235596
52035	0.009683838442
52036	0.001425850333
52037	0.001944256992
52038	0.006547632494
52039	0.00319160043
52040	0.00137884367
52041	0.001344523285
52042	0.001022146782
52043	0.002391351168
52044	0.0004219994551
52045	0.004499079166
52046	0.0003035620632
52047	0.002377538218
52048	0.0007280506452
52049	0.009064969785
52050	0.007824344549
52051	0.00954677856
52052	0.009610122469
52053	0.008207127493
52054	0.001788450836
52055	0.01296097097
52056	0.002503952391
52057	0.01310096096
52058	0.00116140753
52059	0.001213482872
52060	0.004752801787
52061	0.006445561307
52062	0.0006399120807
52063	0.006923057737
52064	6.768895662e-05
52065	0.02472633182
52066	0.0005050425099
52067	0.0003727103355
52068	6.39633596e-05
52069	0.008115469363
52070	0.00607773141
52071	0.00139196594
52072	0.00437813788
52073	0.00291490821
52074	0.01104961986
52075	0.01084922148
52076	0.003313288958
52077	0.008134497927
52078	0.009512364158
52079	0.002021301261
52080	0.005219762124
52081	0.005688867101
52082	0.00354372098
52083	0.00210880396
52084	0.005655173339
52085	0.003609940044
52086	0.002592110734
52087	0.007415768579
52088	0.001247322254
52089	0.006181380361
52090	0.0002657684484
52091	0.002414824551
52092	0.001909473754
52093	0.0005252989795
52094	0.004027533555
52095	0.0004422053839
52096	0.003961196735
52097	0.007532725342
52098	0.0009062692131
52099	0.009127272029
52100	0.007791247186
52101	0.000773699436
52102	0.002320804885
52103	0.00407481512
52104	0.0007482906563
52105	0.001790596011
52106	0.0008122203037
52107	0.002479104899
52108	0.004690776123
52109	0.004031410155
52110	0.008048013551
52111	0.01092757943
52112	0.0009077669203
52113	0.002565943704
52114	0.004871345206
52115	0.003206508844
52116	0.01676381989
52117	0.0002069776652
52118	9.938477022e-05
52119	0.0009254977576
52120	0.006366288356
52121	0.001463543245
52122	0.002438376688
52123	0.001430868757
52124	0.0003142911956
52125	0.002442296667
52126	0.001314070887
52127	0.005135997911
52128	0.002149927164
52129	0.004512840821
52130	0.004370057883
52131	0.001347617737
52132	0.006218768567
52133	0.01172926057
52134	0.002684167318
52135	0.0004865900662
52136	0.005365926612
52137	0.00934843283
52138	0.005623362974
52139	0.01151350015
52140	0.01363328712
52141	0.004149408053
52142	0.01325401869
52143	0.000455155494
52144	0.002899468737
52145	0.004571653344
52146	0.005885966793
52147	0.000243717553
52148	0.004326679651
52149	0.003065070579
52150	0.002139211607
52151	0.008415303668
52152	0.001965743817
52153	0.007746658565
52154	0.002470462824
52155	0.0137346749
52156	0.007928823102
52157	0.001224827515
52158	0.01996035112
52159	0.0005303446521
52160	0.007535095435
52161	0.01060535399
52162	0.0007855726917
52163	0.006114262148
52164	0.004506063004
52165	0.001324611293
52166	0.005056246478
52167	0.0007966583264
52168	0.003262508179
52169	0.006289624252
52170	0.003461423732
52171	0.004635266441
52172	0.004056066013
52173	0.0037031681
52174	0.001820090169
52175	0.01060179778
52176	0.01900018538
52177	0.01323690287
52178	0.005794303015
52179	0.006891792622
52180	0.007551016647
52181	0.005032842234
52182	0.01274460061
52183	0.0190807545
52184	0.00818023293
52185	0.001266792162
52186	0.001050581619
52187	0.005596983492
52188	0.01164838418
52189	0.0004161041144
52190	0.00927427858
52191	0.004154015398
52192	0.005264295795
52193	0.002583959228
52194	0.007852487374
52195	0.01137510763
52196	0.01027115835
52197	0.003029844559
52198	3.301590204e-05
52199	0.01077679401
52200	0.01033623114
52201	0.0002350632335
52202	0.003511410784
52203	0.006150029495
52204	8.780818239e-05
52205	0.001168194659
52206	0.001954327043
52207	0.0001612170683
52208	0.003665285482
52209	0.0003795951776
52210	0.009551862264
52211	0.003877029802
52212	0.0002826988221
52213	0.00285543155
52214	0.0006216254737
52215	0.001807748909
52216	0.001662843317
52217	0.004298071642
52218	0.004620249247
52219	0.005948726649
52220	0.005492168783
52221	0.00144769559
52222	0.0006658129742
52223	0.002052938423
52224	0.0009951305383
52225	0.006222841454
52226	0.001532998719
52227	0.005672171847
52228	0.001294144785
52229	0.007297098006
52230	0.001586895001
52231	0.004686519124
52232	0.003700018095
52233	0.002915509948
52234	0.00201360246
52235	0.0002117054689
52236	0.001270963371
52237	0.0008526630092
52238	0.0002893563044
52239	0.002381845017
52240	0.02163426498
52241	0.006739332679
52242	0.003923119469
52243	0.007148111223
52244	0.00560172106
52245	0.01407801109
52246	0.003139835558
52247	0.01116533887
52248	0
52249	0.005746556018
52250	0.004849839981
52251	0.0106695703
52252	0.009797798777
52253	0.005986293093
52254	0.00313343681
52255	0.006635666514
52256	0.0006586793782
52257	0.001929871027
52258	0.004163895811
52259	0.004579601818
52260	0.006741802535
52261	0.007320873994
52262	0.001782456117
52263	0.0007967630746
52264	0.002836791129
52265	0.00358703255
52266	0.0007970313916
52267	0.006178204993
52268	0.01144621252
52269	0.0006600997765
52270	0.002728406702
52271	0.003115369579
52272	0.001379267215
52273	0.006395623875
52274	0.009263358909
52275	0.005733142001
52276	0.008163699822
52277	0.003132075703
52278	0.006541842212
52279	0.001605403039
52280	0.01889991717
52281	0.0005197363124
52282	7.078738291e-05
52283	0.001951564601
52284	0.00673224546
52285	0.0003115613677
52286	0.00568928862
52287	0.0007500802406
52288	0.001609465917
52289	0.002735724729
52290	0.003060717104
52291	0.0006219721333
52292	0.005164714184
52293	0.001059589592
52294	0.003736226723
52295	0.001393073048
52296	0.006938429719
52297	0.00569906296
52298	0.01033147927
52299	0.01015673021
52300	0.008051913816
52301	0.01433516239
52302	0.004211221395
52303	0.003483317034
52304	0.002216362495
52305	0.008841109691
52306	0.0005844537534
52307	0.003741358483
52308	0.006119116346
52309	0.001071060744
52310	0.00556461368
52311	0.002192247479
52312	0.002885617287
52313	0.001665042211
52314	0.004547726366
52315	0.0009080116021
52316	0.009319635533
52317	0.001792586409
52318	0.001161241127
52319	0.005338585393
52320	0.01274253054
52321	0.0021863402
52322	0.003575100747
52323	0.01347366085
52324	0.003103813284
52325	0.005881082604
52326	0.002350480215
52327	0.008978561921
52328	0.006655103039
52329	0.0009244405444
52330	0.01331675104
52331	0.004899964255
52332	0.001836907545
52333	0.0005424927571
52334	0.00177669918
52335	0.0009856534671
52336	0.0007003121011
52337	0.004391714318
52338	0.004572247573
52339	0.003866762455
52340	0.002300148096
52341	0.005064699456
52342	0.003193933713
52343	0.004327163941
52344	0.002541025699
52345	0.0006069168826
52346	0.002497112979
52347	0.001740114257
52348	0.003398426281
52349	0.005829562226
52350	0.005291167348
52351	0.003652402066
52352	0.009473053858
52353	0.004939253209
52354	0.0002853848675
52355	0.002595713529
52356	0.0052251101
52357	0.004569652257
52358	0.002195660586
52359	0.0001528970136
52360	0.008840682728
52361	0.001687287942
52362	0.01210862931
52363	0.012535879
52364	0.007091974204
52365	0.002057312544
52366	0.007321318732
52367	0.0002311803503
52368	0.02021148846
52369	0.005831356728
52370	0.004720016902
52371	0.004397309183
52372	0.0128452084
52373	0.01711615831
52374	0.001080776969
52375	0.001775406602
52376	0.009011691452
52377	0.007798405178
52378	0.004749744379
52379	0.009635969824
52380	0.001726369747
52381	0.00151848233
52382	0.0004920995075
52383	0.0006748461577
52384	0.001374260015
52385	0.009274335348
52386	0.00116265929
52387	0.006630631733
52388	0.0001647879784
52389	0.0004292330628
52390	0.005512130449
52391	0.0001279371399
52392	0.007669729516
52393	0.0001989111133
52394	0.0009792379475
52395	0.002720567296
52396	0.001425535079
52397	0.005342424605
52398	0.0006699108266
52399	0.0004494669977
52400	0.006143804575
52401	0.004285543694
52402	0.001685833311
52403	0.00668946579
52404	0.003462814495
52405	0.001896903314
52406	0.009178421973
52407	0.003918550416
52408	0.003275553246
52409	0.0007554722304
52410	0.01064062087
52411	0.0005068389965
52412	0.0112773268
52413	0.001709978968
52414	0.006543210134
52415	0.01058737498
52416	0.001297588973
52417	0.001344982019
52418	0.0144483914
52419	0.007653970855
52420	0.008744695274
52421	0.01090010293
52422	0.0009800175122
52423	0.01441186746
52424	0.003570843478
52425	0.0009747950505
52426	0.009552726902
52427	0.0003461878666
52428	0.0004342857363
52429	0.008640942709
52430	0.005764590155
52431	0.008511428859
52432	0.005819988689
52433	0.007053977884
52434	0.01057950592
52435	0.001083931786
52436	0.004620244469
52437	0.0143134442
52438	0.00672593114
52439	0.003336182826
52440	0.01695217827
52441	0.00161219135
52442	0.009033799038
52443	0.0001605236897
52444	0.003629937922
52445	3.949227489e-05
52446	0.009964639606
52447	0.007940370098
52448	0.005890734813
52449	0.00731977783
52450	0.007635781737
52451	0.007742601192
52452	0.005518125718
52453	0.004147724825
52454	0.004391188266
52455	0.007242040748
52456	0.00253748299
52457	0.006562152685
52458	0.000619922895
52459	0.003234257772
52460	0.003289837855
52461	0.001073219675
52462	0.003327602866
52463	0.003509785971
52464	0.003190969203
52465	0.01653641972
52466	0.006609280813
52467	0.006677836271
52468	0.0004150513624
52469	0.001497823331
52470	0.001557354173
52471	0.001111493857
52472	0.0005941931002
52473	0.005669016977
52474	0.006038655492
52475	0.01800652531
52476	0.008892139769
52477	0.00240899739
52478	0.0005640953527
52479	0.0007855616306
52480	0.01106075432
52481	0.00515983228
52482	0.00523547482
52483	0.001867853074
52484	0.005497666615
52485	0.001886247772
52486	0.001788344137
52487	0.0006280992272
52488	0.0001641222933
52489	0.01432701304
52490	0.002362832381
52491	0.001265321494
52492	0.0004420077969
52493	0.0007663401038
52494	0.005888521853
52495	0.005361744046
52496	0.0009726159106
52497	0.008275213774
52498	0.002161615873
52499	0.005621515843
52500	0.001177754145
52501	0.001135913129
52502	0.001307725057
52503	0.002069275563
52504	0.0009048586126
52505	0.0001628396601
52506	0.002089361714
52507	0.003733675007
52508	0.003520842658
52509	0.0002809044104
52510	0.001016763827
52511	0.0012180322
52512	0.0008659902363
52513	0.003015376018
52514	0.002782658904
52515	0.0008050458665
52516	0.001067346685
52517	0.000931285633
52518	0.009193705753
52519	0.002760412922
52520	0.001280155758
52521	0.01536831687
52522	0.00187215272
52523	0.007299868092
52524	0.0002869300478
52525	0.008283302134
52526	0.003991569814
52527	0.007410384753
52528	0.008423156017
52529	0.004566319906
52530	0.00764471224
52531	0.01771546343
52532	0.0008290984814
52533	0.009925923007
52534	0.01030343431
52535	0.002525972876
52536	0.001252674555
52537	0.001650795114
52538	0.00149246487
52539	0.001036068202
52540	0.01311105857
52541	0.0002869943733
52542	0.00106722644
52543	0.001992694446
52544	0.004161571796
52545	0.0002551754396
52546	0.005000454331
52547	0.005165944291
52548	0.0001403506744
52549	0.01026377542
52550	0.006583061631
52551	0.001944143409
52552	0.00661015775
52553	0.001075425787
52554	0.000578055124
52555	0.0003226790832
52556	0.002853784488
52557	0.007364371656
52558	0.0003751406563
52559	0.002947075325
52560	0.004858573106
52561	0.01610442802
52562	0.009642761053
52563	0.0006507274693
52564	0.001868142167
52565	0.002071909191
52566	0.01641022589
52567	0.008828544807
52568	0.01294685905
52569	0.01110315104
52570	0.0009891227759
52571	0.02109527859
52572	0.009403213155
52573	0.005681526463
52574	0.01350407572
52575	0.004903252886
52576	0.004362867279
52577	0.01060657965
52578	0.003439225153
52579	0.0004005963128
52580	0.006603675358
52581	0.007146888895
52582	0.007362860474
52583	0.002202793129
52584	0.01194048981
52585	0.002388706806
52586	0.002365012539
52587	0.00163512348
52588	0.01088145588
52589	0.004292129731
52590	0.004599212897
52591	0.002534568052
52592	0.006574463116
52593	0.005478685029
52594	0.004961977775
52595	0.01394730358
52596	0.007309611638
52597	0.002909777224
52598	0.0001404921507
52599	0.003323702865
52600	0.001398752143
52601	0.004438451329
52602	0.0093120071
52603	0.005561997361
52604	0.002413135028
52605	0.00613510718
52606	0.006145978804
52607	0.003222178262
52608	0.001998798199
52609	0.005057090833
52610	0.00117977937
52611	0.002734260837
52612	0.005962970802
52613	0.007062816658
52614	0.005704215305
52615	0.001685867423
52616	0.01707963007
52617	0.002493834357
52618	0.0006719915888
52619	0.001215320434
52620	0.004226778996
52621	0.005014540051
52622	0.008630435004
52623	0.00268308855
52624	0.0001210141474
52625	0.001544848652
52626	0.001841489194
52627	0.0001721227456
52628	0.005374636062
52629	0.002010842363
52630	0.002166117209
52631	0.005847914472
52632	0.003737580831
52633	0.001919313074
52634	0.001884730382
52635	0.002951993272
52636	0.006802033979
52637	0.01242430457
52638	0.0006335725935
52639	0.004635729825
52640	0.01156836674
52641	0.007445173578
52642	0.002022618792
52643	0.003603266888
52644	7.375204865e-05
52645	0.001656606515
52646	0.009987288796
52647	0.001920455167
52648	0.0009248578251
52649	0.002135120256
52650	0.000367569849
52651	0.0005557878424
52652	0.0006987762939
52653	0.005449835203
52654	0.01897576688
52655	0.005055641648
52656	0.009202862873
52657	0.004051823486
52658	0.003475911364
52659	0.002994224311
52660	0.003532991693
52661	0.01522979358
52662	0.00721266686
52663	0.002118493218
52664	0.006537758827
52665	0.007738946473
52666	0.002959465577
52667	0.007056311351
52668	0.001363726261
52669	0.005701974738
52670	0.007473521585
52671	0.002540875507
52672	0.0003341913154
52673	0.00329477935
52674	0.009654724689
52675	0.001287445144
52676	0.00671323528
52677	0.001426939537
52678	0.003859960495
52679	0.00403922379
52680	0.009997410183
52681	0.001548748108
52682	0.005262234267
52683	0.004520931696
52684	0.001306409499
52685	0.0006479462187
52686	0.00450188289
52687	0.0005934120863
52688	0.01147838243
52689	0.004001198889
52690	0.003549049912
52691	0.002824466331
52692	0.004665019796
52693	0.004840300433
52694	0.009199169707
52695	0.005679201999
52696	0.003267749533
52697	0.003619782414
52698	0.002407246204
52699	0.0006841923078
52700	0.0005172728302
52701	0.0003074546606
52702	0.005568320783
52703	0.00183160159
52704	0.0001954565884
52705	0.0007108154762
52706	1.714296856e-05
52707	0.0012123048
52708	0.001409488989
52709	0.001146489804
52710	0.0002807969492
52711	0.008729690236
52712	0.01032719569
52713	0.006401768273
52714	0.0004879381153
52715	0.003558681978
52716	0.005357560338
52717	0.0004042802745
52718	0.00769705164
52719	0.0092953167
52720	0.006285914628
52721	0.003806249719
52722	0.0003937864446
52723	0.0002764644632
52724	0.008033927366
52725	0.008260436097
52726	0.0002166855522
52727	0.000480905827
52728	0.0005970522486
52729	0.008713683719
52730	0.002890298007
52731	0.002424872048
52732	0.001617685048
52733	0.006980501882
52734	0.001744298224
52735	0.00525542764
52736	0.004134349906
52737	0.004005380535
52738	0.006335300069
52739	0.002859003455
52740	0.001475854258
52741	0.001703651669
52742	0.001776190241
52743	0.004736639773
52744	0.002650916606
52745	0.0007750634393
52746	0.005456972019
52747	9.923247175e-05
52748	0.007846120684
52749	5.255960665e-05
52750	0.008376557414
52751	0.0003966899779
52752	0.0004701345024
52753	0.00145553547
52754	5.021089047e-05
52755	0.001503827469
52756	0.003233322947
52757	0.004666163627
52758	0.000412549661
52759	0.001043445762
52760	0.0001803352437
52761	0.004857757341
52762	0.0005850226835
52763	0.008023005168
52764	0.009341424556
52765	0.008395640714
52766	0.009624245799
52767	0.001092127232
52768	0.01067382614
52769	0.000838052007
52770	0.003222747618
52771	0.01313706774
52772	0.002174409437
52773	0.01287976274
52774	0.006131780648
52775	0.003485021741
52776	0.01337742125
52777	0.006002241446
52778	0.01616478375
52779	0.0001915742423
52780	0.0009418726422
52781	0.004712829352
52782	0.002469730865
52783	0.007771948925
52784	8.88011564e-05
52785	0.0008743036773
52786	0.001756030931
52787	0.003575915095
52788	0.004963410998
52789	0.005650641726
52790	0.005660306675
52791	0.002053474198
52792	0.00285267324
52793	0.003127145614
52794	0.006014751273
52795	0.004113801773
52796	0.0008752292267
52797	0.004636863955
52798	0.002356063124
52799	0.0006552584
52800	0.005786221404
52801	0.004679262788
52802	0.0001598477398
52803	0.002033424282
52804	0.001394530966
52805	0.01158272045
52806	0.0006281203653
52807	0.01213643937
52808	0.003035649509
52809	0.006408949746
52810	0.006689835664
52811	0.0002294707825
52812	0.007992639313
52813	0.004618239426
52814	0.005196955254
52815	0.003151606547
52816	0.003216178836
52817	0.00347214892
52818	0.001482030787
52819	0.003280104644
52820	0.003021517747
52821	0.004445953946
52822	0.002038869549
52823	0.0005555547536
52824	6.082095924e-06
52825	0.0008239244071
52826	0.002376004629
52827	0.000474029512
52828	0.0004182192601
52829	0.001038161774
52830	0.003697571914
52831	0.001165290244
52832	0.002010210424
52833	0.002048059631
52834	0.002341018295
52835	0.003854339572
52836	0.001109226329
52837	0.001595728833
52838	0.001209216702
52839	0.001460477517
52840	0.00670633072
52841	0.003283814582
52842	0.006315637255
52843	3.402758799e-05
52844	0.01060594191
52845	0.0001562113034
52846	0.009580780613
52847	0.005677834578
52848	0.005520318208
52849	0.002848458929
52850	0.005644119109
52851	0.0006044953881
52852	0.00710021263
52853	0.0002421602517
52854	0.004602107267
52855	0.006351602806
52856	0.002978026569
52857	0.007351581384
52858	0.008311720333
52859	0.004002746207
52860	0.003081974369
52861	0.006514232837
52862	0.01235965267
52863	0.001270864258
52864	0.000335099945
52865	0.009962933594
52866	0.005835982266
52867	0.008780715515
52868	0.005543185195
52869	0.007990447322
52870	0.001318504282
52871	0.005631123942
52872	0.0003339894432
52873	0.008127605727
52874	0.00647866478
52875	0.002155201792
52876	0.01057226398
52877	0.01019175156
52878	0.001142898504
52879	0.001641311414
52880	0.0001252296158
52881	0.005007181988
52882	0.0001789702503
52883	0.007574380622
52884	0.0007691296411
52885	0.001427137811
52886	0.01299951867
52887	0.01611041243
52888	0.003658123007
52889	0.0001658554181
52890	0.001655501483
52891	0.005212351941
52892	0.008100511876
52893	0.004745745326
52894	0.01609279276
52895	0.005975688448
52896	0.00470374152
52897	0.004019076678
52898	0.004618205851
52899	0.007293579277
52900	0.001800167823
52901	0.01096046356
52902	0.005542325623
52903	0.002139441695
52904	0.002445171027
52905	0.003337855924
52906	0.007586003762
52907	0.002275357465
52908	0.01087984168
52909	0.0128346269
52910	0.0006279286923
52911	0.00542140748
52912	0.004907817582
52913	0.006173720533
52914	0.009911487065
52915	0.0004190405169
52916	0.003006857635
52917	0.0008469717463
52918	0.00370518288
52919	0.007362591144
52920	0.00358271956
52921	0.007160212125
52922	0.0008278659283
52923	0.006783394003
52924	0.005709975988
52925	0.001168962246
52926	0.01137153918
52927	0.007467689902
52928	0.01654216056
52929	0.01854477758
52930	0.002367050937
52931	0.0001922987163
52932	0.003242684645
52933	0.007758244867
52934	0.0009788287808
52935	5.376675372e-05
52936	0.00912655499
52937	0.01820463016
52938	0.0007177473917
52939	0.0003342898129
52940	0.00498250823
52941	0.003176078993
52942	0.002951706831
52943	0.002565887631
52944	0.002478649116
52945	0.004879370496
52946	0.003946087455
52947	0.0139357895
52948	0.005046666955
52949	0.0005841350725
52950	0.003906888972
52951	0.01339849854
52952	0.007248503713
52953	0.006289981615
52954	9.244713251e-05
52955	0.0005597216728
52956	0.003230415484
52957	0.002998491235
52958	0.006843422462
52959	0.004616537289
52960	0.01153208148
52961	0.006229422016
52962	0.008056764939
52963	0.00845824211
52964	0.002576327083
52965	0.006263117343
52966	0.005130844805
52967	0.004415159342
52968	0.002916751314
52969	0.006721134323
52970	0.0006107855142
52971	0.009296571187
52972	0.01491237368
52973	0.001342206841
52974	0.006588935551
52975	0.006902881031
52976	0.00178430497
52977	0.002779462114
52978	0.009550510793
52979	0.01013478743
52980	0.003573896932
52981	0.003231200008
52982	0.01531826312
52983	0.006126349228
52984	0.003827798269
52985	0.009091615834
52986	0.0002710503983
52987	0.004918737274
52988	0.001073810168
52989	0.01511469448
52990	0.01395885723
52991	0.004017674617
52992	0.008012673449
52993	0.004297144847
52994	0.003623401258
52995	0.003027030921
52996	0.001017299398
52997	0.0001979747006
52998	0.001497675243
52999	0.001683534187
53000	0.006308177682
53001	0.0009397030009
53002	0.00544555107
53003	0.0009477286534
53004	0.003891653377
53005	0.006151414445
53006	0.00541106695
53007	0.01292400904
53008	0.002059503981
53009	0.004081301923
53010	0.001904871138
53011	0.006371926268
53012	0.008581908452
53013	0.0001322189801
53014	0.002891083942
53015	0.001530160398
53016	0.006520712715
53017	0.01034162713
53018	0.00855240702
53019	0.007411092122
53020	0.002624631905
53021	0.007377191712
53022	0.01428541967
53023	0.002142347344
53024	0.009277016666
53025	0.01569604064
53026	0.008945395645
53027	0.006940933706
53028	0.01013597491
53029	0.004983324095
53030	0.0007024343799
53031	0.005664959735
53032	0.0003557119992
53033	0.0001662024385
53034	0.0047925343
53035	0.01077754537
53036	0.01253640938
53037	0.0004378710086
53038	0.002278754336
53039	0.006622827867
53040	0.01672702916
53041	0.002205339648
53042	0.001819490601
53043	0.009152797039
53044	8.308634384e-05
53045	0.009109497785
53046	0.006692944392
53047	0.0001380238427
53048	0.006801454969
53049	0.005353666255
53050	0.0008461218087
53051	0.0001359210685
53052	0.0003110772685
53053	0.008758068116
53054	0.001433690961
53055	0.001058624953
53056	0.007834080236
53057	0.002576543194
53058	0.004254737387
53059	0.005693620414
53060	0.005439397278
53061	0.0003966181656
53062	0.003563017479
53063	0.0007828877065
53064	0.001988919545
53065	0.003052848617
53066	0.005257166234
53067	0.005108939559
53068	0.01295975408
53069	0.008258727156
53070	0.01470367787
53071	0.0009298287151
53072	0.001763172794
53073	0.005820529052
53074	0.001236839342
53075	0.001324098889
53076	0.004015185872
53077	0.0008844833322
53078	0.008540566625
53079	0.0004734797315
53080	0.006729006577
53081	0.002292554829
53082	0.0004935573
53083	0.0007333011908
53084	0.001407690333
53085	0.01412328839
53086	0.001555937298
53087	0.001740589178
53088	3.305546433e-05
53089	0.006312204524
53090	9.542782056e-05
53091	0.007483612561
53092	0.006637098621
53093	0.006864763129
53094	0.00642037119
53095	1.047024817e-05
53096	0.002103087289
53097	0.002214374749
53098	0.004291088053
53099	0.002070310154
53100	0.001640810726
53101	0.0009259215562
53102	0.01291924246
53103	0.002447226033
53104	0.002014357661
53105	0.003607063785
53106	0.001447093207
53107	0.0105290515
53108	0.007297200479
53109	0.00831834758
53110	0.003458375723
53111	0.001315453603
53112	0.003298581292
53113	0.002963660481
53114	0.001663298168
53115	0.0003575104323
53116	0.005124665616
53117	0.005544202166
53118	0.000952852528
53119	0.01419223533
53120	0.003557783652
53121	0.002365121794
53122	0.002544840021
53123	0.00270276727
53124	1.472433158e-06
53125	0.003683037026
53126	0.00844935057
53127	0.001461407706
53128	0.002699366945
53129	0.00015777824
53130	0.003654659764
53131	0.005586158322
53132	0.008855538661
53133	0.002795750307
53134	0.0104333612
53135	0.003067369464
53136	0.000502857696
53137	0.00847318837
53138	0.005034785747
53139	0.002821965675
53140	0.006002317478
53141	0.009388030348
53142	0.008663843848
53143	0.0001555042596
53144	0.00477397316
53145	0.002207383583
53146	0.008242125164
53147	0.002167756372
53148	0.0007800302985
53149	0.002882595273
53150	0.01811380723
53151	0.002769917611
53152	0.004450095318
53153	0.006435394106
53154	0.002377452325
53155	0.001894082645
53156	0.004306135506
53157	0.01398634018
53158	0.001566945622
53159	0.008726505762
53160	0.01765015696
53161	0.008487716615
53162	0.003162196476
53163	0.00163697875
53164	0.01041428159
53165	0.006422683464
53166	0.01029794592
53167	0.009519711059
53168	0.003807468756
53169	0.003395475638
53170	0.005402982711
53171	0.003756902887
53172	0.00701831436
53173	0.001693542894
53174	0.0003284728473
53175	0.01272456465
53176	0.005852236193
53177	0.0001756149605
53178	0.009167571046
53179	0.001163680015
53180	0.000708220019
53181	0.005064232215
53182	0.009936885803
53183	0.007400589495
53184	0.006218449019
53185	0.007801226438
53186	0.002809324206
53187	0.001836315133
53188	0.001419682416
53189	0.006384652094
53190	0.00252326806
53191	0.002727584529
53192	0.006676341095
53193	0.005068329363
53194	0.01201842451
53195	0.006070106684
53196	0.005549276659
53197	0.002970766638
53198	0.0083259169
53199	0.005101915142
53200	0.006479193507
53201	0.001577096965
53202	0.001595027228
53203	0.005037609684
53204	0.002032194699
53205	0.01216372544
53206	0.001222407362
53207	0.001519457072
53208	0.0007061854735
53209	0.007501516297
53210	0.00360533549
53211	0.007487216545
53212	0.003747048519
53213	0.005921687018
53214	0.006232983095
53215	0.008687816618
53216	0.008951430598
53217	0.00198366237
53218	0.01207922865
53219	0.00275112953
53220	0.003394636691
53221	0.002577411863
53222	0.0006288783703
53223	0.005959327306
53224	0.002244423014
53225	0.008707464606
53226	0.002329135716
53227	0.002157279274
53228	0.001931953958
53229	0.01281019775
53230	0.003959312099
53231	0.01307096601
53232	0.001362676652
53233	0.001026654165
53234	0.008584875774
53235	0.004669366669
53236	0.003484678983
53237	0.009703843503
53238	0.0009214054186
53239	0.001544265198
53240	0.0136607943
53241	0.005442631498
53242	0.001605671378
53243	0.0001248919892
53244	0.002259656884
53245	0.004645839955
53246	0.002289784199
53247	0.01024879871
53248	0.009552965871
53249	0.0001841860887
53250	0.005593673215
53251	0.00343800421
53252	0.009202952582
53253	0.0006537746209
53254	0.01123438818
53255	0.007635855325
53256	0.002893471924
53257	0.00061767661
53258	0.009114281625
53259	0.006268077742
53260	0.002305193939
53261	0.01436592903
53262	0.003136492564
53263	0.002854884511
53264	0.007450539896
53265	0.0007721000317
53266	0.0003572784913
53267	0.002384201227
53268	0.002219698428
53269	0.01049435878
53270	0.009586071498
53271	0.00150439753
53272	0.004898706786
53273	0.005245494022
53274	0.001477378352
53275	0.007281559262
53276	0.006891024244
53277	0.003959156406
53278	0.006350112714
53279	0.006351436119
53280	0.0005152936248
53281	0.0002203435832
53282	0.001866512564
53283	0.003632298056
53284	0.006939320821
53285	0.007630277719
53286	0.006202490165
53287	0.006439712496
53288	0.02113714638
53289	0.01042454924
53290	0.001717873485
53291	0.002753577014
53292	0.001885688091
53293	0.005431429621
53294	0.004023339512
53295	0.00748022327
53296	0.007279387942
53297	0.004774598258
53298	0.001976067403
53299	0.00840011612
53300	0.006091515045
53301	0.004116227778
53302	0.003985033747
53303	0.004444843524
53304	0.008912011666
53305	0.00183278851
53306	0.0004412693556
53307	0.006540458108
53308	0.004512853234
53309	0.002639531769
53310	0.006592572107
53311	0.001743688042
53312	0.01185580199
53313	0.006219655937
53314	0.01571716807
53315	0.009096292723
53316	0.007920145175
53317	0.009844643014
53318	0.001498721713
53319	0.00957368265
53320	0.005594914538
53321	0.01985845911
53322	0.005663741424
53323	0.001424282135
53324	0.0003087608092
53325	0.002838924102
53326	0.00846054333
53327	0.0002988241144
53328	0.002923849125
53329	0.004273008538
53330	0.01112162207
53331	0.0001710554332
53332	0.0003965850072
53333	0.008212670732
53334	0.008578129188
53335	0.006721912178
53336	0.007762178659
53337	0.01241621523
53338	0.002937681353
53339	0.001102064657
53340	0.003210776613
53341	0.002717380872
53342	0.004512972297
53343	0.0109950508
53344	0.008415648061
53345	0.002632437328
53346	0.01302549703
53347	0.009698224049
53348	0.003387159928
53349	0.01065081175
53350	0.01026956269
53351	0.008044420345
53352	0.0001843549886
53353	0.0105330063
53354	0.0006660107971
53355	0.007538198194
53356	0.001696245173
53357	0.00184321238
53358	0.001391908389
53359	0.0003656470267
53360	0.003938255967
53361	0.003498151661
53362	0.0008960961792
53363	0.004180572631
53364	0.0001185036412
53365	0.0007621678188
53366	0.005779798711
53367	8.342589485e-06
53368	0.001489675735
53369	0.0007639844364
53370	0.002639483171
53371	0.001579237849
53372	0.0124872889
53373	0.0004280171981
53374	0.0005140715348
53375	0.0009644379385
53376	0.00252987361
53377	0.001457111882
53378	0.00153555108
53379	0.0004962736226
53380	0.001415918023
53381	0.0005194412471
53382	0.002889576051
53383	0.006761383033
53384	0.001260326138
53385	0.0002650306934
53386	0.003100879548
53387	0.0001841163174
53388	0.009658926325
53389	0.00124382482
53390	0.002565019854
53391	0.001085879039
53392	0.00187003442
53393	0.0002478086742
53394	0.001062877812
53395	0.001693440263
53396	0.001970767275
53397	0.0007898845869
53398	0.001186520876
53399	0.003499300626
53400	0.0005294282186
53401	0.001386197077
53402	0.0001306937616
53403	0.0001055240724
53404	0.0001287558174
53405	0.0008342745814
53406	0.0004983086893
53407	0.002778557224
53408	0.00373624372
53409	0.004377868615
53410	0.001001429138
53411	0.001596423938
53412	0.003616988289
53413	0.0001353449685
53414	0.001496342267
53415	0.0001664420371
53416	0.002298058548
53417	0.000865500506
53418	0.001996387441
53419	0.0003699258234
53420	0.0009565320881
53421	0.004058615011
53422	0.005428822797
53423	0.0020500958
53424	0.003609632262
53425	0.005009098679
53426	0.00592997428
53427	0.007628249859
53428	0.00465115288
53429	0.004071381409
53430	0.001975569232
53431	0.006822664237
53432	0.004081349172
53433	0.005766245412
53434	0.001236217779
53435	0.009868331389
53436	0.002558988332
53437	0.004802624207
53438	0.001764133454
53439	0.001213667157
53440	0.01390259687
53441	0.003935612918
53442	0.002200438728
53443	0.0004623328742
53444	0.003193545541
53445	0.003068128713
53446	0.001332663323
53447	0.001410563666
53448	0.005049815158
53449	0.0008465714461
53450	0.005755509023
53451	0.0002298696426
53452	0.002242038057
53453	0.005098208807
53454	0.007321671497
53455	0.005378133894
53456	0.000962599823
53457	0.00264199504
53458	0.002898264563
53459	0.002208910028
53460	0.002554506967
53461	0.001027628872
53462	0.002860382978
53463	0.002697731348
53464	0.00036702024
53465	0.002247928629
53466	0.0002640295916
53467	0.01039913172
53468	0.004612003858
53469	0.002119404523
53470	0.002062226874
53471	0.00498676817
53472	0.005931322384
53473	0.007913763492
53474	0.0005714335931
53475	0.0001634410157
53476	0.002400571475
53477	0.002093782268
53478	0.001777500151
53479	0.004513958732
53480	0.002630628051
53481	0.001075178786
53482	0.001685122731
53483	0.01012870931
53484	0.0001792978121
53485	0.003880679119
53486	0.001915151011
53487	0.01103991501
53488	0.008441898851
53489	0.002714404012
53490	0.00928963798
53491	0.007270967522
53492	0.002938877422
53493	0.002077637128
53494	0.01087209999
53495	0.003548105038
53496	0.004462153823
53497	0.004626065476
53498	0.007795511212
53499	0.002141651178
53500	0.000538370617
53501	0.003582569647
53502	0.002036622263
53503	0.001120543281
53504	0.0008715125491
53505	0.007459739773
53506	0.0009626574547
53507	0.01731263815
53508	0.01118686336
53509	0.006477690855
53510	0.00141875161
53511	0.003163857814
53512	0.001992452173
53513	0.004519484066
53514	0.01004786386
53515	9.088379269e-05
53516	0.01177747895
53517	0.001494103909
53518	0.00658018594
53519	0.003700261028
53520	0.002990138533
53521	0.001829425991
53522	0.01206486733
53523	0.006387527672
53524	0.006071694965
53525	0.01675103515
53526	0.00659486528
53527	0.005724317756
53528	0.009033376293
53529	0.01407221348
53530	0.005064074935
53531	0.005173221064
53532	0.01315258643
53533	0.006778020619
53534	0.001176658646
53535	0.004413722777
53536	0.00520995517
53537	0.0005965106123
53538	0.003823838767
53539	0.01125499009
53540	0.01079400069
53541	0.007634506825
53542	0.001444339165
53543	0.01113775213
53544	0.007388095764
53545	0.005077773057
53546	0.007946658277
53547	0.002559957047
53548	0.006348391713
53549	0.01070111161
53550	0.007922502783
53551	0.007358835357
53552	0.008805871443
53553	0.01038589658
53554	0.001115446626
53555	0.01140648995
53556	0.002860973365
53557	0.008542190423
53558	0.001489410352
53559	0.001632698952
53560	0.002779698908
53561	0.003751244964
53562	0.002340837702
53563	0.007694688936
53564	0.00844576274
53565	0.003347332691
53566	0.009259385974
53567	0.00303996251
53568	0.001375629648
53569	0.002128324953
53570	0.01311812663
53571	0.00729264194
53572	0.00169615541
53573	0.0007404657437
53574	0.005115747366
53575	0.0005550573386
53576	0.007345071911
53577	0.0003920315465
53578	0.005147405813
53579	0.002650577478
53580	0.00523891044
53581	0.001125283663
53582	0.01121097186
53583	0.0071224237
53584	0.002658759342
53585	0.004345648593
53586	0.007620965396
53587	0.0006989054968
53588	0.001799782993
53589	0.001673817807
53590	0.0006534958902
53591	0.001595560746
53592	0.00410761765
53593	0.0003884670668
53594	0.01061829424
53595	7.518701345e-05
53596	0.004777232062
53597	0.001616441005
53598	0.004300536644
53599	0.001157714966
53600	0.001304885145
53601	0.005166417534
53602	0.0001689479714
53603	0.005595435493
53604	0.0001441199524
53605	0.001463948618
53606	0.007161417077
53607	0.002482747447
53608	0.002348928573
53609	0.000522132652
53610	0.004943542453
53611	0.01074440939
53612	0.0009504889857
53613	0.006436884942
53614	0.001291678985
53615	0.001770924986
53616	0.0001009728492
53617	0.0007283978842
53618	0.01609907242
53619	0.002391287796
53620	0.007561311354
53621	0.003384150548
53622	0.003926398883
53623	0.0002126289975
53624	0.001585168958
53625	0.009534698459
53626	0.005365046729
53627	0.009037161038
53628	0.006836362765
53629	0.01013719135
53630	0.003677420075
53631	0.001076105107
53632	0.004337524473
53633	0.002064299246
53634	0.01407495221
53635	0.001313451475
53636	0.01401309634
53637	0.00067429324
53638	0.00659403474
53639	0.003648586389
53640	0.005515181343
53641	0.002190219082
53642	0.001901956689
53643	0.0004364675561
53644	0.003359560006
53645	0.00624660244
53646	0.00441531517
53647	0.001628595149
53648	0.001960132972
53649	0.007726886861
53650	0.006035288626
53651	0.003730302338
53652	0.01612877461
53653	0.01611030931
53654	0.003894225609
53655	0.002308347137
53656	0.00720013025
53657	0.003676160185
53658	0.01683559508
53659	0.004868982102
53660	0.007139636446
53661	0.01021033008
53662	0.001213966277
53663	0.007936555168
53664	0.0116672153
53665	0.01205377167
53666	0.002148923058
53667	0.001197041287
53668	6.30539194e-05
53669	0.005513864635
53670	0.008321160005
53671	0.00268970775
53672	0.003561133114
53673	0.01172777049
53674	0.009348694995
53675	0.001867557243
53676	0.004564471033
53677	0.003912106915
53678	0.0005150167051
53679	0.003532601422
53680	0.003247138082
53681	0.002076041885
53682	0.004678424847
53683	0.01033973946
53684	0.006819131837
53685	0.009893116634
53686	0.001669056242
53687	0.004662574919
53688	0.003281797493
53689	0.003130172203
53690	0.004595365193
53691	0.003056339381
53692	0.001595596486
53693	0.0001145583848
53694	0.003723679337
53695	0.003023417869
53696	0.005050267025
53697	0.001111543255
53698	0.005422996827
53699	0.002773075248
53700	0.001541306593
53701	0.006389963235
53702	0.001139876203
53703	0.002655419265
53704	0.00214908795
53705	0.004314291604
53706	0.002310386333
53707	0.004505636697
53708	0.004039606773
53709	0.006822256234
53710	0.009931601886
53711	0.00806260889
53712	0.002498992986
53713	0.01093210431
53714	0.004228020373
53715	0.004110730444
53716	0.006945179756
53717	0.002336034235
53718	0.002395184965
53719	0.00629560187
53720	0.0005002921908
53721	0.003135279543
53722	0.003185550252
53723	0.01566472793
53724	0.001959092045
53725	0.002219794459
53726	0.0008478052673
53727	0.001613354612
53728	0.003450942371
53729	0.002230602013
53730	0.008785634147
53731	0.01040288454
53732	0.004251579911
53733	4.718149558e-05
53734	0.001664596463
53735	0.01433114797
53736	0.0006704106559
53737	0.01604138691
53738	0.005612041196
53739	0.00240378105
53740	0.007058291215
53741	0.009998026201
53742	0.001913517173
53743	0.002133504186
53744	0.002581396452
53745	0.008515742092
53746	0.004088616995
53747	0.0002354722695
53748	8.079225172e-05
53749	0.004050434648
53750	0.006670540157
53751	0.004001839091
53752	0.0003221135573
53753	0.01057449197
53754	0.00272455066
53755	0.003775667559
53756	0.009270954723
53757	0.001365414857
53758	0.0007720362005
53759	0.002784855601
53760	0.00258730526
53761	0.005771594366
53762	0.001732941811
53763	0.0002565768731
53764	0.002889756523
53765	0.002764490483
53766	0.003395981797
53767	0.0175923282
53768	0.004736480899
53769	0.0004855816828
53770	0.002909650981
53771	0.005667008745
53772	0.002294311674
53773	0.00108189611
53774	0.004784082848
53775	0.02034687657
53776	0.00177489026
53777	0.006027608905
53778	0.01263694392
53779	0.002046134924
53780	0.001172152596
53781	0.002960050026
53782	0.002102398445
53783	0.004790466272
53784	0.001987180766
53785	0.006388359688
53786	0.00229200175
53787	0.01158824894
53788	0.002380348401
53789	0.008673223377
53790	0.0124623185
53791	0.001236960397
53792	0.002037740348
53793	0.01119686451
53794	0.002731409673
53795	0.007296561376
53796	0.008102285242
53797	0.001603995036
53798	0.003549186026
53799	0.0004335256049
53800	0.0003745036241
53801	0.007285366597
53802	0.01188455295
53803	0.004616303588
53804	0.002524604339
53805	0.005109505536
53806	0.0009022348314
53807	0.005423823122
53808	0.004206320783
53809	0.008881150911
53810	0.01594145506
53811	0.001091564743
53812	0.009052579385
53813	0.004205460001
53814	0.00689210378
53815	0.002824554414
53816	0.005535332043
53817	0.001633619607
53818	0.00141521605
53819	0.006215707283
53820	0.004422333841
53821	0.003712240499
53822	0.0212219447
53823	0.0006437979151
53824	0.00534849812
53825	0.001529502167
53826	0.0089814142
53827	0.005191181369
53828	0.006523904232
53829	0.0130458566
53830	0.002406214587
53831	0.0103483166
53832	0.001305693321
53833	0.004685598418
53834	0.005908934976
53835	0.003014710777
53836	0.0001180188484
53837	0.008785630416
53838	0.0006277796113
53839	0.00578849016
53840	0
53841	0.0001612322971
53842	0.006858415258
53843	0.009252311308
53844	0.005815844144
53845	0.005700909037
53846	0.001216518959
53847	0.0004666877629
53848	0.01576696365
53849	0.005396750978
53850	0.0001291949383
53851	0.003476109562
53852	0.01601605584
53853	0.003595018392
53854	0.01397794453
53855	0.003479933201
53856	0.004660741017
53857	0.003620345648
53858	0.002306378775
53859	0.009171993159
53860	0.003072111649
53861	0.002126142952
53862	0.001459268387
53863	0.01439438497
53864	0.001571069769
53865	0.0002828905586
53866	0.01541790791
53867	0.003511785394
53868	0.007410106204
53869	0.008489307225
53870	0.003545352873
53871	0.001606103546
53872	0.001818203815
53873	0.000747206218
53874	0.0002156595357
53875	0.005484283285
53876	0.0006214921597
53877	0.0002404697402
53878	0.0008793534655
53879	0.003326638586
53880	0.00414629377
53881	0.001508183448
53882	0.004372074825
53883	8.186789796e-09
53884	0.002535655731
53885	0.002488512314
53886	0.00791251529
53887	0.01049021672
53888	0.005592418747
53889	0.006289862004
53890	0.006597254265
53891	0.002027134407
53892	0.006171493665
53893	0.0112005377
53894	0.005031114739
53895	0.004281217999
53896	0.005729693824
53897	0.0008633612471
53898	0.002993155623
53899	0.002319029607
53900	0.001800892199
53901	0.002921579288
53902	0.004692404984
53903	0.00295506279
53904	0.00820757407
53905	0.009083841355
53906	0.002110371096
53907	0.002128840748
53908	0.007613406557
53909	0.0007959488983
53910	0.001372534999
53911	0.003067133242
53912	0.00408133279
53913	0.001009743697
53914	0.006174183829
53915	0.005875005408
53916	0.001381072874
53917	0.00396057767
53918	0.004528882819
53919	0.0009167674972
53920	0.0009663592876
53921	0.01372437223
53922	0.005214869053
53923	0.0196937523
53924	0.00402843564
53925	0.008922003901
53926	0.004566267156
53927	0.001992840019
53928	0.0005920434439
53929	0.002442123416
53930	0.002409243154
53931	0.000713281297
53932	0.003680485763
53933	0.0122482759
53934	0.001337582408
53935	0.01442329691
53936	0.004034417977
53937	0.004897418031
53938	0.0007332835888
53939	0.01734596323
53940	0.005808446641
53941	0.01165785817
53942	0.002894047055
53943	0.0152570242
53944	0.0004967820779
53945	2.400547973e-05
53946	0.01006081989
53947	0.006303603069
53948	0.007926489372
53949	0.01572387021
53950	0.02106143533
53951	0.01568375753
53952	0.01400522951
53953	0.006614896486
53954	0.005772878617
53955	0.008995258421
53956	0.004386077258
53957	0.000659369419
53958	0.007918569857
53959	0.02135145998
53960	0.003703537698
53961	0.009250745765
53962	0.004903801035
53963	0.002259777946
53964	0.009011091361
53965	0.002901329848
53966	0.004207389057
53967	0.003956446703
53968	0.00662111668
53969	0.006990721673
53970	0.00113684455
53971	0.002182205066
53972	0.01551747029
53973	0.007249893645
53974	0.00963644406
53975	0.006694224397
53976	0.009979412923
53977	0.0007725499105
53978	0.003656940713
53979	0.004762420162
53980	0.002657678748
53981	0.01144573384
53982	0.002214760501
53983	0.001243540051
53984	0.002328692577
53985	0.0020649274
53986	0.003693197122
53987	0.004826859237
53988	0.002982451473
53989	0.004469374268
53990	0.001310879786
53991	0.01117197579
53992	0.0003946225152
53993	0.001250653784
53994	0.008281861478
53995	0.01560217416
53996	0.006994182158
53997	0.007735822835
53998	0.0007109217498
53999	0.002139849841
54000	0.007737935158
54001	0.0004615578673
54002	0.009660661529
54003	0.005729264037
54004	0.01289961579
54005	0.0002169162026
54006	0.005456665884
54007	0.007692747517
54008	0.001833878255
54009	0.002248537617
54010	0.001536725663
54011	0.004485526351
54012	0.007703206902
54013	0.005593316003
54014	0.01892163624
54015	0.00336827266
54016	0.005873004574
54017	0.003637463817
54018	0.006217074614
54019	0.006749318385
54020	0.00121844189
54021	0.002343321301
54022	0.01146526793
54023	0.01388559979
54024	0.000825492997
54025	0.01010662182
54026	0.003500287105
54027	0.003282204293
54028	0.0006448026456
54029	0.002894037672
54030	0.001330509421
54031	0.002366985911
54032	0.006454145422
54033	0.001707285279
54034	0.004988370069
54035	0.002064613731
54036	0.001407454331
54037	0.007204924979
54038	0.0003666917419
54039	0.005919348107
54040	2.315741141e-05
54041	0.005966582292
54042	0.00151559838
54043	0.007686482034
54044	0.0112464886
54045	8.425250733e-05
54046	0.003023583913
54047	0.0006118812578
54048	0.005192910662
54049	0.01173617044
54050	0.007427218429
54051	0.001864951755
54052	0.008831093398
54053	0.000210222751
54054	0.002079125835
54055	0.0003177126367
54056	0.0009858391743
54057	0.01181582016
54058	0.001316913182
54059	0.002084743457
54060	0.002107361921
54061	0.001884898277
54062	0.006237242139
54063	0.0001363723869
54064	0.0002302731458
54065	0.004555763078
54066	0.002427170165
54067	4.025207426e-05
54068	0.00106632809
54069	0.0009407426515
54070	0.005638838204
54071	0.0006042116792
54072	0.001286083626
54073	0.006540214818
54074	0.001051363424
54075	0.00134965262
54076	0.001095927286
54077	0.008462296537
54078	0.01193591722
54079	0.01232876226
54080	0.000426758781
54081	0.004509637543
54082	0.005231898559
54083	0.0004893619847
54084	0.01183239679
54085	0.002059184433
54086	0.0006630000111
54087	0.002241543665
54088	0.005563298979
54089	0.01224653149
54090	0.004506567896
54091	0.001205340234
54092	0.00202263606
54093	0.0006266724871
54094	0.01455964584
54095	0.005770213346
54096	0.0002480572371
54097	0.01558662705
54098	0.002244834289
54099	0.01355615845
54100	0.004804065327
54101	0.0002197859513
54102	0.002559148673
54103	0.0005143344346
54104	0.001941475542
54105	0.003163631278
54106	0.0003751922394
54107	0.0006476329673
54108	0.005535835371
54109	0.003416647934
54110	0.01891268843
54111	0.009179795805
54112	0.03025981249
54113	0.002948236649
54114	0.007416633812
54115	0.0009365735116
54116	0.004398381262
54117	0.001693007806
54118	0.004211138767
54119	0.002553317792
54120	0.002831212875
54121	0.00703412691
54122	0.002499839196
54123	0.006676876312
54124	0.007744999535
54125	0.004212007779
54126	0.001416677656
54127	0.0008775119517
54128	0.0002396214665
54129	0.001828497745
54130	0.003620508304
54131	0.001385562073
54132	0.003686623264
54133	0.005428987995
54134	0.003911916892
54135	0.001837764843
54136	0.006459973153
54137	0.002372529145
54138	0.003887211681
54139	0.0007918748435
54140	0.002426735372
54141	0.005299033507
54142	0.003640353587
54143	0.0003779439701
54144	0.003502186542
54145	0.005700216697
54146	0.009081821559
54147	0.002345174077
54148	0.007246221969
54149	0.008157009891
54150	0.007798600382
54151	0.0009098276446
54152	0.0009455395721
54153	0.008203467781
54154	0.0006542291861
54155	0.001830741152
54156	0.001484772359
54157	0.002105271633
54158	0.0009967509901
54159	0.0006228173579
54160	0.0003687839102
54161	0.005275606465
54162	0.002093110548
54163	0.009550016027
54164	0.002483916241
54165	0.003666533878
54166	0.003133926933
54167	0.002163334919
54168	0.007528695247
54169	0.0007143618464
54170	0.01010222748
54171	0.00377242535
54172	0.001425281262
54173	0.008413449565
54174	0.0002746027799
54175	0.004792543917
54176	0.005763300588
54177	0.0002547131592
54178	0.003767388735
54179	0.00353256253
54180	0.0009530381419
54181	0.004571456348
54182	0.0005664283406
54183	0.006782100295
54184	0.004477558384
54185	0.005018287563
54186	0.00687812893
54187	0.0004034662844
54188	0.003283342646
54189	0.009996140712
54190	0.0004162830909
54191	0.0001667418132
54192	0.0029249383
54193	0.0004605426953
54194	0.008671232406
54195	0.001146719806
54196	0.005211744377
54197	0.00118825465
54198	0.0004452136497
54199	0.004218873333
54200	0.003789736646
54201	0.006287158131
54202	0.003600656062
54203	0.001046652808
54204	0.001774668655
54205	0.00429121803
54206	0.008401935692
54207	0.001567791863
54208	0.008721703167
54209	0.001209916429
54210	0.004874225497
54211	0.003330284914
54212	0.0002048805405
54213	0.001052423112
54214	0.00122562632
54215	0.002313348565
54216	0.008140578265
54217	0.009469093396
54218	0.0058872737
54219	0.01265317549
54220	0.003260494998
54221	0.002466924177
54222	0.002879370245
54223	0.0001403468989
54224	0
54225	0.0002045813998
54226	0.008770707547
54227	0.003247760518
54228	0.005174205905
54229	0.0004329447949
54230	0.003630563706
54231	0.001364835761
54232	0.008375729588
54233	0.0201293455
54234	0.01277721168
54235	0.01592877053
54236	0.009116605964
54237	0.003492025451
54238	0.002605388975
54239	0.003552823284
54240	0.002750175588
54241	0.005253209393
54242	0.01096282881
54243	0.003113560843
54244	0.0008030982044
54245	0.003836687818
54246	0.0006177477384
54247	0.003522154945
54248	0.002690628567
54249	0.0002003383156
54250	0.002881143679
54251	0.006357745272
54252	0.0002499203811
54253	0.006748404209
54254	0.003542571231
54255	0.01068613626
54256	0.008724059908
54257	0.001012869356
54258	0.002492912441
54259	0.003780386424
54260	0.01388283855
54261	0.003628547745
54262	0.01077052544
54263	0.003933814545
54264	0.006441124314
54265	0.0001360826341
54266	0.0005933591702
54267	0.004287718163
54268	0.009038764599
54269	0.01822650156
54270	0.0007539284229
54271	0.0009186018357
54272	0.002499499306
54273	0.001839977258
54274	8.936081505e-05
54275	0.01069258697
54276	0.004872407114
54277	0.01725689704
54278	0.000701468765
54279	0.009543438502
54280	0.000119912342
54281	0.005649202586
54282	0.01049554852
54283	0.007712099896
54284	0.0008880328147
54285	0.002950854313
54286	0.003536307433
54287	0.0002787159125
54288	0.001338827059
54289	0.0001947162344
54290	0.001644388919
54291	0.01006755345
54292	0.008355929288
54293	0.002933394704
54294	0.004303600864
54295	0.003239076886
54296	0.007416141197
54297	0.004240108753
54298	0.004540228784
54299	0.005843510174
54300	0.001730471839
54301	0.01032872795
54302	0.002016627482
54303	0.006785800155
54304	0.01430707875
54305	0.01853907288
54306	0.009903908819
54307	0.008824444172
54308	0.006883512541
54309	0.01192421388
54310	0.001172581747
54311	0.008140187636
54312	0.0005869603651
54313	0.002411405617
54314	0.004890303863
54315	0.0086664925
54316	0.009921888464
54317	0.003997616177
54318	0.003222035501
54319	0.008867836025
54320	0.001307572608
54321	0.009996407081
54322	0.005585616329
54323	0.001721670259
54324	0.005748876014
54325	0.01684595009
54326	0.001307019981
54327	0.007504937556
54328	0.001298554641
54329	0.002727767541
54330	0.0009905565587
54331	0.001120999946
54332	0.003240613085
54333	0.002348369449
54334	0.01189815485
54335	0.006865241258
54336	0.009600876129
54337	0.0203839309
54338	0.0002983730529
54339	0.01241134972
54340	0.005100890326
54341	0.003239419461
54342	0.007343396562
54343	0.001102782685
54344	0.01070385145
54345	0.002160974408
54346	0.004503893241
54347	0.001406641619
54348	0.01638731924
54349	0.003779725855
54350	0.008930224497
54351	0.002287220242
54352	0.00256550158
54353	0.007604843494
54354	0.0009852405734
54355	0.003498997707
54356	0.002860177653
54357	0.004093464805
54358	0.01135194684
54359	9.470037881e-06
54360	0.006304598068
54361	0.003200848027
54362	0.006734074886
54363	0.001293807739
54364	0.002978991501
54365	0.007006103443
54366	0.007498475933
54367	0.01007189361
54368	0.0004872498238
54369	0.01131004774
54370	0.0002910065014
54371	0.006475779603
54372	0.002714026512
54373	0.006445813776
54374	0.007472128316
54375	0.002355110735
54376	0.007676580446
54377	0.0052442446
54378	0.003461114696
54379	0.002974376127
54380	0.005973905964
54381	0.002913016933
54382	0.006862851821
54383	0.003236576707
54384	0.0007924520855
54385	0.001552630876
54386	0.007850145975
54387	0.005359318171
54388	0.001778457857
54389	0.005900627942
54390	0.005254788754
54391	0.008439469376
54392	0.004450972806
54393	0.01364715924
54394	0.0006852115745
54395	0.008780204426
54396	0.0162821019
54397	0.01588501906
54398	0.003394785924
54399	0.004797645996
54400	0.000719903508
54401	8.485772148e-05
54402	0.00147826721
54403	0.003059271381
54404	0.0001485757302
54405	0.02161915127
54406	0.01141064677
54407	0.0004445473123
54408	0.01232176001
54409	0.004459954098
54410	0.0004308193362
54411	0.004001535466
54412	0.0002603267487
54413	0.01089458119
54414	0.003638029289
54415	0.0009516970135
54416	0.003567540147
54417	0.002550067398
54418	0.004357795179
54419	0.003567604635
54420	0.007430804641
54421	0.001506020632
54422	0.007217049359
54423	0.01382105375
54424	0.001319021508
54425	0.007670101289
54426	0.008727727469
54427	0.01664448058
54428	0.008698844127
54429	0.0005989960579
54430	0.01141445456
54431	0.002139855192
54432	0.00329409932
54433	0.01086885534
54434	0.005665208582
54435	0.004403060861
54436	0.006291885307
54437	0.002241386169
54438	0.002427249605
54439	0.01081088974
54440	0.009417810763
54441	0.0105691603
54442	0.00787644587
54443	0.004285603584
54444	0.005437796502
54445	0.01520784124
54446	0
54447	0.002056094613
54448	0.007569378557
54449	0.004865009403
54450	0.002087074905
54451	0.006167839877
54452	0.001581418985
54453	0.0004262633893
54454	0.005366193112
54455	0.01635728536
54456	0.004958471833
54457	0.009395334063
54458	0.009555181583
54459	0.01091726425
54460	0.009260541723
54461	0.006156470219
54462	0.004930843262
54463	0.00530751933
54464	0.01090161644
54465	0.007641461562
54466	0.00659828352
54467	0.002732188828
54468	0.004499763688
54469	0.008980276825
54470	0.01914200129
54471	0.01920265307
54472	0.00983666387
54473	0.021147791
54474	0.002124335477
54475	0.0002616331959
54476	0.0005731880441
54477	0.002233683756
54478	0.0009341224945
54479	0.0002640208263
54480	0.001312191049
54481	3.062291487e-07
54482	0.002396172759
54483	0.002225497732
54484	0.00285365821
54485	0.002120504242
54486	0.01417683733
54487	0.003490672916
54488	0.004050321451
54489	0.008853856359
54490	0.004266054428
54491	0.00168086753
54492	0.007985911021
54493	0.004389391496
54494	0.008848593601
54495	0.003175998984
54496	0.0102006572
54497	0.003283212642
54498	0.009797005699
54499	0.001701186512
54500	0.000896865345
54501	0.0007979299456
54502	2.274955555e-05
54503	0.0008449424672
54504	0.002883676156
54505	0.0001909192992
54506	0.001050779846
54507	0.01298505894
54508	0.00162863372
54509	0.0006699626858
54510	0.0004171719302
54511	0.01596499414
54512	0.003989410269
54513	0.002681129668
54514	0.001136432697
54515	0.006895265433
54516	0.002311237848
54517	0.0007251724024
54518	0.000178421957
54519	0.004724569709
54520	0.004622349772
54521	0.0006451919061
54522	0.004205138723
54523	0.001444980628
54524	0.0007919124094
54525	0.0006788767861
54526	0.001600669082
54527	0.006899403893
54528	0.0009641740509
54529	0.003216301526
54530	0.001760361049
54531	0.005640597538
54532	0.009520909323
54533	0.006181498007
54534	0.004564356118
54535	0.0009504843419
54536	0.001464893274
54537	0.002617957985
54538	0.004171237232
54539	0.005099577195
54540	0.001663934743
54541	0.0004522902524
54542	0.006033592979
54543	0.0003892696403
54544	0.008515146241
54545	0.01295329623
54546	0.005743123812
54547	0.001063760164
54548	0.002917515033
54549	0.002202622617
54550	0.005972159731
54551	0.0003392775016
54552	0.0004606729573
54553	0.002924231591
54554	0.00184003923
54555	0.007863395303
54556	0.003587568676
54557	0.001574663608
54558	0.0008823807869
54559	0.004778940052
54560	0.003185521929
54561	0.002185825703
54562	0.00235650626
54563	0.002693862229
54564	0.000727336199
54565	0.007649483376
54566	0.004642557384
54567	0.001440621364
54568	0.0003346429179
54569	0.001634193694
54570	0.008913650007
54571	0.004227551908
54572	0.00738115087
54573	0.003269592145
54574	0.01057043239
54575	0.007824933419
54576	0.005899090286
54577	0.003727483709
54578	0.003479023923
54579	0.001859679743
54580	0.002557019267
54581	0.00128474349
54582	0.0001952737059
54583	0.002877164228
54584	0.0002949984476
54585	0.0005941123486
54586	0.003937204547
54587	0.01249090522
54588	0.00958236754
54589	0.002731025025
54590	0.002864068767
54591	0.001375766794
54592	0.0007444490955
54593	0.001146570764
54594	0.001866437121
54595	0.004430350217
54596	0.0008447748658
54597	0.005122978006
54598	0.0002852772748
54599	0.009517953286
54600	0.01142383079
54601	0.01135965025
54602	0.006470381677
54603	0.008243671674
54604	0.001774561128
54605	0.009114212647
54606	0.002968829612
54607	0.001036082846
54608	0.006362482694
54609	0.01022133743
54610	0.01009097459
54611	0.01752583478
54612	0.007202978248
54613	0.0009816551423
54614	0.01315263811
54615	0.006496349658
54616	0.01663656982
54617	0.01081940677
54618	0.00457492101
54619	0.007501506369
54620	0.006481007125
54621	0.009293618342
54622	0.004888737435
54623	0.005755261809
54624	0.001141345974
54625	0.002763990132
54626	3.131260152e-06
54627	0.001109743734
54628	0.0004799405676
54629	0.00692657545
54630	0.002085482038
54631	0.0007483404619
54632	0.01383948006
54633	0.01858065254
54634	0.007228025402
54635	0.002072248868
54636	0.0002071229741
54637	0.002519124918
54638	0.01044895799
54639	0.01129714332
54640	0.001222937046
54641	0.001094633824
54642	0.001917667736
54643	0.004917715421
54644	0.003874654048
54645	0.01209586459
54646	0.001745952908
54647	0.001872685228
54648	0.008779742283
54649	0.002257011133
54650	0.0039717578
54651	0.001989067803
54652	0.01446573629
54653	0.0005556903738
54654	0.00181628646
54655	0.000956471523
54656	0.002915374225
54657	0.006761986977
54658	0.008049899634
54659	0.001136265974
54660	0.003967613265
54661	0.01557792014
54662	0.0001440787328
54663	0.007541970074
54664	0.01312727203
54665	0.001742354058
54666	0.005369290371
54667	0.003394200379
54668	0.00335330682
54669	0.004762518236
54670	0.0007126950053
54671	0.004271688578
54672	0.00195477194
54673	0.00496851483
54674	0.003332844934
54675	0.001145319866
54676	0.005923511448
54677	0.003717608066
54678	0.005224976173
54679	0.003649601994
54680	0.002408234431
54681	0.0149633856
54682	0.005602796192
54683	0.008774622695
54684	0.003439166636
54685	0.01389304572
54686	0
54687	0.003714869348
54688	0.002840428569
54689	0.01378798173
54690	0.006565759949
54691	0.0005772032271
54692	0.007070534491
54693	0.002366683279
54694	0.007078131617
54695	0.008194250363
54696	0.008927476789
54697	0.01068733097
54698	0.01371624124
54699	0.00216829814
54700	0.0004958277644
54701	0.002071490425
54702	0.006473786013
54703	0.002708407076
54704	0.004279988879
54705	0.006493723331
54706	0.002463533729
54707	0.01003044044
54708	0.003896766014
54709	0.01213041881
54710	0.004756062857
54711	0.006143471736
54712	0.005867762899
54713	0.007293035375
54714	0.002298936896
54715	0.01027079776
54716	0.0004208955034
54717	0.005822336817
54718	0.003919772335
54719	0.004758654242
54720	0.008488486775
54721	0.006397060632
54722	0.008800664052
54723	0.003342201366
54724	0.006588148179
54725	0.01224724372
54726	0.0009882554052
54727	0.005918909409
54728	0.002111348697
54729	0.01237907739
54730	0.004509613727
54731	0.002975491234
54732	0.0008091253831
54733	0.00605177456
54734	0.0001129617885
54735	0.001836965896
54736	0.006633553698
54737	0.004542399582
54738	0.006803374
54739	0.005747418525
54740	0.00161995741
54741	0.001178734381
54742	0.003781669504
54743	0.003444473557
54744	0.003199425312
54745	0.00422894844
54746	0.002424782065
54747	0.00155609449
54748	0.0027309134
54749	3.660515433e-05
54750	0.004336473123
54751	0.0008887641941
54752	0.003285252069
54753	0.009228601942
54754	0.005336211627
54755	0.00312211763
54756	0.006611343245
54757	0.01252992003
54758	0.0006425514346
54759	0.001760970384
54760	0.002269590613
54761	0.00807886081
54762	0.01299299489
54763	0.002565851346
54764	0.0003698625804
54765	0.0005098988286
54766	0.006807563717
54767	0.008902101649
54768	0.004161291315
54769	0.01133817078
54770	0.01722247037
54771	0.001515626597
54772	0.00282570812
54773	0.009628571057
54774	0.0009848815039
54775	0.003044087009
54776	6.137503714e-05
54777	0.0008353013753
54778	0.001305117709
54779	0.0006359424293
54780	0.0007732458579
54781	0.0038319456
54782	0.004390231358
54783	0.0008677387557
54784	0.007229252803
54785	0.005619350939
54786	0.004979028647
54787	0.004393076907
54788	0.00784448964
54789	0.009701243059
54790	0.003478518292
54791	0.002081393781
54792	0.002946023427
54793	2.150782389e-05
54794	0.004916313955
54795	0.0001192231576
54796	0.00473763028
54797	0.002629369381
54798	0.002474918463
54799	0.00658617778
54800	0.006802205744
54801	0.00515789612
54802	0.005234281054
54803	0.00975712302
54804	0.002913485857
54805	0.002635015525
54806	0.005098018952
54807	0.005390152082
54808	0.004570881607
54809	0.00339475596
54810	0.00542334292
54811	2.67326371e-06
54812	0.003451411679
54813	0.001184145405
54814	0.002058050511
54815	0.00696004977
54816	0.001004041959
54817	0.003566712086
54818	0.008653406676
54819	0.001812328084
54820	0.004602768604
54821	0.00659487163
54822	0.01148914324
54823	0.00461257602
54824	0.005162652838
54825	0.001348308255
54826	0.0001378597518
54827	0.01023360519
54828	0.003244140616
54829	0.003277532794
54830	0.00341213019
54831	0.001205103939
54832	0.003293059032
54833	0.002414412963
54834	0.0004940470124
54835	0.002926556727
54836	0.003240193066
54837	0.007451159317
54838	0.002017183272
54839	0.00211833327
54840	0.0001938402312
54841	0.002023475898
54842	0.005697993136
54843	0.002136117964
54844	0.009303280823
54845	0.005721785569
54846	0.0001596934581
54847	0.0209070723
54848	0.003705079745
54849	0.005039919832
54850	0.002223230468
54851	0.005237118101
54852	0.002205324379
54853	0.001434452481
54854	0.006985158757
54855	0.008673245622
54856	0.01579185102
54857	0.000423337557
54858	0.003961827291
54859	0.004727965095
54860	0.009236402209
54861	0.008913144739
54862	0.002086000475
54863	0.001486717729
54864	0.00400264777
54865	0.002043256823
54866	0.004942952166
54867	0.0006666305831
54868	0.001460207342
54869	0.0007584326933
54870	0.0006463747611
54871	0.01004807742
54872	0.008468412202
54873	0.002924853258
54874	2.509112432e-05
54875	0.00851810498
54876	0.001982315461
54877	0.002465906501
54878	0.004659006335
54879	0.001436109608
54880	0.007554151558
54881	0.001380922187
54882	0.001021339072
54883	0.00997949726
54884	0.006073376031
54885	0.007024041689
54886	0.009254833027
54887	0.004760267796
54888	0.006285791105
54889	0.0002890818663
54890	0.002493762946
54891	0.006369207807
54892	0.00285433154
54893	0.008674239029
54894	0.002909070833
54895	0.001298369795
54896	0.003198266008
54897	0.001935095118
54898	0.004035496733
54899	0.01320446034
54900	0.001548682481
54901	0.002202800377
54902	0.0006179620444
54903	0.008997628972
54904	0.002541194739
54905	0.01204799456
54906	0.0007089931445
54907	0.002081997416
54908	0.0006283896537
54909	0.0157967092
54910	0.002555241272
54911	0.006359638115
54912	0.003884184797
54913	0.002673884895
54914	0.003769323425
54915	0.004270532416
54916	0.004392869883
54917	0.00761204425
54918	0.001597815826
54919	0.0006255588629
54920	0.002055625549
54921	0.00233553994
54922	0.003224954999
54923	0.008733183548
54924	0.001368175438
54925	0.0005927338835
54926	0.001195832347
54927	0.001682699987
54928	0.004327918763
54929	0.002080844684
54930	0.008033306893
54931	0.0009974263206
54932	0.001816682624
54933	0.001016611817
54934	0.006711986577
54935	0.005289513239
54936	0.002469167682
54937	0.0110632299
54938	0.003157145334
54939	0.002901196956
54940	0.001747919722
54941	0.0003886325427
54942	0.008053397332
54943	0.003689966506
54944	0.001862192464
54945	0.01079520147
54946	0.001055141197
54947	0.005353037496
54948	0.006798311751
54949	0.007343417871
54950	0.0005891420473
54951	0.002136239669
54952	0.008468123203
54953	0.001414965617
54954	0.004850112219
54955	0.007845153695
54956	0.002518879248
54957	0.0008177573633
54958	0.001996149494
54959	0.007627367157
54960	0.003933266048
54961	0.0009449884365
54962	0.0001769849854
54963	0.01315083657
54964	0.001302196142
54965	0.008082502521
54966	0.006104092211
54967	0.001198704229
54968	0.00986336383
54969	0.001976519912
54970	0.001844292179
54971	0.002897616689
54972	0.009460684121
54973	0.006229021502
54974	0.005016825552
54975	0.0001681256518
54976	0.001557169803
54977	0.0002501377362
54978	0.0002860812488
54979	0.0003708560289
54980	0.0004619044464
54981	0.0002584859268
54982	0.0002255490841
54983	0.0007666451071
54984	0.0009355550048
54985	0.0002774257705
54986	0.0007924634444
54987	0.001136523254
54988	0.0003278123252
54989	0.0004958118322
54990	0.0007161553212
54991	1.585220291e-05
54992	0.002733819077
54993	0.001392062042
54994	0.0003567456827
54995	0.0003632737169
54996	0.001127629145
54997	0.003809049009
54998	0.009194902176
54999	0.001036171615
55000	0.003034253926
55001	0.001086249635
55002	0.009779307127
55003	0.00875501165
55004	0.0001690465916
55005	0.008084438987
55006	0.005166580617
55007	0.004505195075
55008	0.0003394417931
55009	0.002041401054
55010	0.001960195105
55011	0.003701694605
55012	0.006837049857
55013	0.00473233548
55014	0.01400648482
55015	0.001741729012
55016	0.004078742354
55017	0.00700239394
55018	0.001460180519
55019	0.01709093137
55020	0.0003623325371
55021	0.002160556671
55022	0.002168716085
55023	0.008935776347
55024	0.00269201902
55025	0.000589412993
55026	0.003794696172
55027	0.005827221537
55028	0.001992090979
55029	0.0125360811
55030	0.007567822894
55031	0.006243761641
55032	0.007486562789
55033	0.001278319466
55034	0.00990391133
55035	0.004226839348
55036	0.002820990831
55037	0.01237681144
55038	0.000543644953
55039	0.004082735035
55040	0.002391804617
55041	0.002824807593
55042	0.0004352325547
55043	0.01292118531
55044	0.00477122177
55045	0.007134162121
55046	0.001892027657
55047	0.007234190045
55048	0.004031116734
55049	0.0008220929358
55050	0.0009176311066
55051	0.001047023146
55052	0.004786533707
55053	0.004951828073
55054	0.00168725901
55055	0.00438493142
55056	0.008280484194
55057	0.001656345795
55058	0.004640790538
55059	0.006679598274
55060	0.01113654378
55061	0.008264761573
55062	0.004837762125
55063	0.001436903712
55064	0.008475092658
55065	0.002303908515
55066	0.003270655753
55067	0.01311032677
55068	0.01707431482
55069	0.004443408938
55070	0.004670378712
55071	0.00615902348
55072	0.002801315199
55073	0.004180742125
55074	0.001503984822
55075	0.007736641886
55076	0.01597785066
55077	4.936690375e-05
55078	0.0007957373002
55079	0.002051085654
55080	0.0008546627881
55081	0.001172902286
55082	0.001681077311
55083	0.00821204886
55084	0.007009973791
55085	0.009418187333
55086	0.0006177429655
55087	0.006713185719
55088	0.004193657432
55089	0.0117022809
55090	0.000642682796
55091	0.002693382588
55092	0.006161116948
55093	0.005797741497
55094	0.004356071265
55095	0.003592084182
55096	0.007465236949
55097	0.002479917702
55098	0.008620176089
55099	0.001844341942
55100	0.002023294432
55101	0.005128120748
55102	0.007849568367
55103	0.005230917585
55104	0.001707795738
55105	0.001672442964
55106	0.004448708324
55107	0.007924382667
55108	0.00118295194
55109	0.005325440124
55110	0.01721043615
55111	0.001540004517
55112	0.004946140908
55113	0.001015766212
55114	0.0003690110108
55115	0.002616382059
55116	0.00806037455
55117	0.009914222406
55118	0.00236047498
55119	0.009417767683
55120	0.01494892071
55121	0.01031839972
55122	0.000544224781
55123	0.01080040267
55124	0.008984838651
55125	0.001701563905
55126	0.0004789350777
55127	0.004380887397
55128	0.002858175937
55129	0.001293018862
55130	0.004904669808
55131	0.002992165567
55132	0.004703579894
55133	0.001894558993
55134	0.003647163644
55135	0.0005923402559
55136	0.006627448151
55137	0.001211711897
55138	0.004958839488
55139	0.000846254789
55140	4.619454601e-05
55141	0.0003485172321
55142	0.01000981895
55143	0.003370632931
55144	0.0002142146944
55145	0.003249915816
55146	0.001059795246
55147	0.007296424472
55148	0.004577879324
55149	0.003228394335
55150	0.001215160363
55151	0.007556057615
55152	0.0006291970764
55153	0.0046448401
55154	0.005771951707
55155	0.00848835547
55156	0.004717750691
55157	0.002384243042
55158	0.007033558988
55159	0.001229270326
55160	4.573096507e-05
55161	0.006866232737
55162	0.004092175709
55163	0.001261216778
55164	0.005751845147
55165	0.002291928164
55166	0.001557139326
55167	0.001146843326
55168	0.005801831832
55169	0.002190561672
55170	0.00138597805
55171	0.000983140865
55172	0.002402256225
55173	0.006824099269
55174	0.006231618822
55175	0.002409909897
55176	0.002748012492
55177	0.005636380969
55178	0.01289523017
55179	0.000145756088
55180	0.0008286524971
55181	0.006475332952
55182	0.006198384925
55183	0.003951492712
55184	0.0049874409
55185	0.01313313908
55186	0.003078895942
55187	0.002084297573
55188	0.001851619289
55189	0.00243915348
55190	0.005945930362
55191	0.001794227661
55192	0.001936772113
55193	0.00212924661
55194	0.002300718732
55195	0.001903729735
55196	0.0003318096141
55197	0.006154041545
55198	0.0007579333785
55199	0.001683493708
55200	0.0037429401
55201	0.00111460764
55202	0.001598831021
55203	0.003062493817
55204	0.001251292778
55205	0.003435296254
55206	0.0006834666873
55207	0.01781814488
55208	0.002330753782
55209	0.003878376856
55210	0.008461868626
55211	0.0008115395025
55212	0.00216149255
55213	0.0002904102685
55214	0.0004195239948
55215	0.001901234067
55216	0.001449108114
55217	0.0007750571324
55218	0.003284424476
55219	0.008692482955
55220	0.009324570164
55221	0.006647578018
55222	0.0005868447768
55223	0.002469850217
55224	0.001768062849
55225	0.004695629221
55226	0.004003005394
55227	0.001188372052
55228	0.00518886143
55229	0.0008770385331
55230	0.003844240256
55231	0.009456640729
55232	0.001149881352
55233	0.003670864889
55234	0.001066145562
55235	0.002283320134
55236	0.0004801530435
55237	0.005310421418
55238	0.004937390382
55239	0.001313077996
55240	0.002779570956
55241	0.007508579201
55242	0.001728743802
55243	0.008383415072
55244	0.008418803953
55245	0.006000421835
55246	0.003203124742
55247	0.0009180603834
55248	0.01076311345
55249	0.002203761425
55250	0.005277319191
55251	0.002668032391
55252	0.00336550588
55253	0.007986219721
55254	0.008443179916
55255	0.005259596892
55256	0.0004121106448
55257	0.002352519654
55258	0.006198355713
55259	0.001012859075
55260	0.006130102386
55261	0.004529163086
55262	0.001360836913
55263	0.01079015515
55264	0.01215399981
55265	0.006149352594
55266	0.00357657253
55267	0.004631057926
55268	3.231180706e-06
55269	0.004167113811
55270	0.001313786787
55271	0.001491439737
55272	0.0002750482988
55273	0.002547734756
55274	0.001562308878
55275	4.554817361e-05
55276	0.001573513129
55277	0.002149644285
55278	0.002559108659
55279	0.001896610264
55280	0.002286370371
55281	0.002036664898
55282	0.005353516234
55283	0.01572561648
55284	0.001820921286
55285	0.005797941214
55286	0.002020018097
55287	0.00560102682
55288	0.004548183139
55289	0.003675996398
55290	0.00157520283
55291	0.0008704179391
55292	0.0005581732503
55293	0.005473993702
55294	0.00285364779
55295	0.004933845475
55296	0.005207225453
55297	0.002212222453
55298	0.001609165521
55299	0.0006216712271
55300	0.01311035214
55301	0.0006559969736
55302	0.01351135962
55303	0.0006757226782
55304	0.003649226161
55305	0.001630614036
55306	0.004136831827
55307	0.001577476078
55308	0.005695226589
55309	0.004053515058
55310	0.002062727829
55311	0.0004227084735
55312	0.01243171111
55313	0.00238199297
55314	0.004637362105
55315	0.005337511957
55316	0.01264827126
55317	0.002218642692
55318	0.002734311471
55319	0.001000790699
55320	0.005018414261
55321	0.005780806981
55322	0.003800309599
55323	0.005392191287
55324	0.01131061534
55325	0
55326	0.008583658402
55327	0.007016516398
55328	0.0008561422815
55329	0.001734119382
55330	0.003154137534
55331	0.01198091912
55332	0.009092569603
55333	0.001834691395
55334	0.008545364003
55335	0.002889288004
55336	0.003138782445
55337	0.00946547896
55338	0.0002128034002
55339	0.006111901448
55340	0.0002759821167
55341	0.01012837179
55342	0.00395887822
55343	0.002230011886
55344	0.00610417518
55345	0.001775305281
55346	0.002757044248
55347	0.007889541652
55348	0.01391562686
55349	0.007758353314
55350	0.006628726638
55351	0.001420892172
55352	0.002468127366
55353	0.008199146948
55354	0.005755575723
55355	0.008230704927
55356	0.001448393246
55357	0.002211428533
55358	0.004039894305
55359	0.00294201624
55360	0.01121682181
55361	0.001980264716
55362	0.005036329036
55363	0.0008679333901
55364	0.008929613268
55365	0.002420399665
55366	0.001514927098
55367	0.01004639062
55368	0.004828545352
55369	0.01774996441
55370	0.002606004544
55371	0.009882474035
55372	0.00822713037
55373	0.0005163372847
55374	0.009180208475
55375	0.007469895061
55376	0.002469486245
55377	0.003319050087
55378	0.003431056509
55379	0.01291354788
55380	0.002662017144
55381	0.01191083779
55382	0.007480983058
55383	0.01222430844
55384	0.004044992378
55385	0.004773119265
55386	0.006310169155
55387	0
55388	0.0009686491616
55389	0.002863882633
55390	0.0004842572693
55391	0.004836538844
55392	0.002759983016
55393	0.0003372828894
55394	0.002923260562
55395	0.004595892994
55396	0.002974928398
55397	0.001635787448
55398	0.001169935058
55399	0.0009169868039
55400	0.007888893547
55401	0.003517743833
55402	0.0007446680207
55403	0.01371156314
55404	0.00774667121
55405	0.002575983864
55406	2.493599981e-05
55407	0.002956638374
55408	0.005876490179
55409	0.01093171265
55410	0.003572440998
55411	0.002076025449
55412	0.002783946602
55413	0.002884929374
55414	0.000327287211
55415	0.005970833281
55416	0.002338264498
55417	0.003132502266
55418	0.008777192275
55419	0.003107955425
55420	0.002059145781
55421	0.0004824387236
55422	0.01326399867
55423	0.003240579549
55424	0.0006041806875
55425	0.007823344964
55426	0.003260460224
55427	0.004942993265
55428	0.002968272789
55429	0.01006157653
55430	0.0004234872968
55431	0.001165461853
55432	0.00247895939
55433	0.002730995196
55434	0.01321028738
55435	0.001779394569
55436	0.004390839828
55437	0.005623960851
55438	0.006747469353
55439	0.009489770461
55440	0.001602316705
55441	5.920013734e-05
55442	0.007010070218
55443	0.01287408727
55444	0.01292573862
55445	0.009984880196
55446	0.01269372302
55447	0.008155285166
55448	0.001639165823
55449	0.00467309549
55450	0.00654927039
55451	0.01078564083
55452	0.002924560163
55453	0.00272187593
55454	0.009264492987
55455	0.002624867949
55456	0.0004955040429
55457	0.01311678258
55458	0.001777753757
55459	0.01314914196
55460	0.0008314918453
55461	0.00877800235
55462	0.001065404619
55463	0.0006915241539
55464	0.001243841858
55465	0.00649445337
55466	0.003215245577
55467	0.003026288619
55468	0.00987094045
55469	0.004241667664
55470	0.01144737515
55471	0.0008623723108
55472	0.005698520312
55473	0.006427419649
55474	0.002079973542
55475	0.0027098823
55476	0.009226035746
55477	0.0115042356
55478	0.001621622684
55479	0.0007987761761
55480	0.001058341654
55481	0.006582971157
55482	0.008011008852
55483	0.004792465716
55484	0.003187980732
55485	0.006221761943
55486	0.01240478622
55487	0.001646647205
55488	0.00987891855
55489	0.003403666255
55490	0.001903532738
55491	0.005390637346
55492	0.004211967096
55493	0.009354158291
55494	0.003448830923
55495	0.007872609612
55496	0.001405611637
55497	0.01147177595
55498	0.007372404612
55499	0.0002453744307
55500	0.01356430518
55501	0.0008794818171
55502	0.004697094092
55503	0.002595888995
55504	0.0005677268797
55505	0.001075635356
55506	0.0003011405592
55507	0.01561646724
55508	0.00818591665
55509	0.01621034684
55510	0.00800296741
55511	0.002314842144
55512	0.00565097325
55513	0.005181306703
55514	0.0001263633905
55515	0.004242709138
55516	0.01521875009
55517	0.002177396502
55518	0.007258704428
55519	0.007784699763
55520	0.002455499835
55521	0.002722269105
55522	0.002615150934
55523	0.01588394384
55524	0.008182001074
55525	0.003380888198
55526	0.007104744064
55527	0.001129832026
55528	0.005337631888
55529	2.155112516e-05
55530	0.0002495995676
55531	0.0004239306269
55532	0.0006997325503
55533	0.001010251817
55534	0.003494279323
55535	0.002758159234
55536	0.01350668028
55537	0.002121844057
55538	0.008435939674
55539	0.002973845346
55540	0.003359440532
55541	0.002194617213
55542	0.0009685264346
55543	0.009444120387
55544	0.004775493773
55545	0.009315756264
55546	0.00487315014
55547	0.002590740649
55548	0.0007834998866
55549	0.01227319793
55550	0.004176631586
55551	0.0006131150681
55552	0.0003907293309
55553	0.002713068703
55554	0.006314177744
55555	0.001940825737
55556	0.001922579222
55557	0.005958883407
55558	0.006650384126
55559	0.001821287424
55560	0.003072542661
55561	0.01079212784
55562	0.004969440323
55563	0.005582256578
55564	0.007732915763
55565	0.006744791743
55566	0.02214159112
55567	0.005862863432
55568	4.540143086e-06
55569	0.004744844349
55570	0.0001476998998
55571	0.0007320723305
55572	0.006549305611
55573	0.005683541342
55574	0.005853163572
55575	0.004929134815
55576	0.001900857316
55577	0.007406858433
55578	0.005251285297
55579	0.002428836516
55580	0.006691809422
55581	0.01259887633
55582	0.004433420387
55583	0.00246025611
55584	0.001020630781
55585	0.001001531876
55586	0.01551840496
55587	0.0004575375083
55588	0.00501920293
55589	0.005896922855
55590	0.004187182485
55591	0.0006429584598
55592	0.01479292167
55593	0.01149436899
55594	0.01034025692
55595	0.006351995446
55596	0.01066567546
55597	0.007447849711
55598	0.001477582717
55599	0.002079381047
55600	0.01161375361
55601	0.007519134632
55602	0.008941493365
55603	0.009810691538
55604	0.004136086881
55605	0.0004783820176
55606	0.002097965064
55607	0.001955173326
55608	0.001999311184
55609	0.002149300313
55610	0.004372046382
55611	0.001338430769
55612	0.0008102851532
55613	0.0001179644543
55614	0.002069874989
55615	0.0006065896925
55616	0.0005398607626
55617	0.000866554412
55618	0.003850937698
55619	0.01163185208
55620	0.001438468261
55621	0.004763427748
55622	0.008648682242
55623	0.001212546307
55624	0.001072663069
55625	0.003649421665
55626	0.0006622407427
55627	0.001228937551
55628	0.01059014581
55629	0.003263134572
55630	0.01579837158
55631	0.005302943815
55632	0.004273776849
55633	0.00318349882
55634	0.002631482174
55635	0
55636	0.004069608687
55637	0.0005296797689
55638	0.001123476107
55639	0.004353377703
55640	0.008981057616
55641	0.001179191395
55642	0.001461455492
55643	0.01045247019
55644	0.003707931372
55645	0.01576600563
55646	0.003533854721
55647	0.001517141596
55648	0.003913882491
55649	0.00495103222
55650	0.009493167413
55651	0.0001943059278
55652	0.002463592551
55653	0.0003816720097
55654	0.001289598669
55655	0.01229960557
55656	0.001443099427
55657	0.008592773026
55658	0.01271434778
55659	0.00847415148
55660	0.0007117999274
55661	0.000434492324
55662	0.003915024316
55663	0.001140284942
55664	0.005041400221
55665	0.003295101123
55666	0.003572049775
55667	0.002212758445
55668	0.00443054259
55669	0.00214592694
55670	0.001691817922
55671	0.006835551156
55672	0.002408974635
55673	0.002645198758
55674	0.001892212377
55675	0.001241361206
55676	0.000594990492
55677	0.0001857922447
55678	0.005397351263
55679	0.0004296241472
55680	0.001538107584
55681	0.0002801197373
55682	0.001249160632
55683	0.001523260715
55684	0.0005676276833
55685	0.001582153984
55686	0.0007087308566
55687	0.003385682871
55688	0.0003037943211
55689	0.003210139681
55690	0.001168199793
55691	0.009910375311
55692	0.003873743072
55693	0.01115460373
55694	0.008661908421
55695	0.006401123248
55696	0.01116143486
55697	0.002467816156
55698	0.005377998033
55699	0.0006159729949
55700	0.005523299974
55701	0.004125041926
55702	0.002876202116
55703	0.003852629609
55704	0.01050873898
55705	0.009615461614
55706	0.001090395005
55707	0.001807062384
55708	0.007458612071
55709	0.00267955845
55710	0.004054673569
55711	0.00391963975
55712	0.009221007997
55713	0.009787347906
55714	0.002651007355
55715	0.006478554421
55716	0.007438867369
55717	0.001207422637
55718	0.007164022445
55719	0.005388251026
55720	0.007750756111
55721	0.00588571906
55722	0.004481631017
55723	0.001826543868
55724	0.003150244959
55725	0.007574409827
55726	0.003447214003
55727	0.004630379076
55728	0.006598512454
55729	0.002833863374
55730	0.003608914364
55731	2.463237197e-05
55732	0.00135926595
55733	0.000234446261
55734	0.0008915223735
55735	0.0008958960169
55736	0.005122385164
55737	0.00218308221
55738	0.004736240854
55739	0.01673318639
55740	0.006334997498
55741	0.01582632126
55742	0.006351956702
55743	0.01702644943
55744	0.01192457813
55745	0.003432829436
55746	0.001089616696
55747	0.001145575947
55748	0.01834462624
55749	0.00260229397
55750	0.01333777971
55751	0.01131585459
55752	0.002248427599
55753	0.006905051519
55754	0.008133446989
55755	0.01503046042
55756	0.01041396427
55757	0.008295472129
55758	0.01064200205
55759	0.01039620371
55760	0.0004570710849
55761	0.003682868574
55762	0.007087296825
55763	0.001582073653
55764	0.01642305827
55765	0.0109979304
55766	0.005752333325
55767	0.008269321602
55768	0.004490238198
55769	0.001447915697
55770	0.008085115999
55771	0.003445575545
55772	0.004251021581
55773	0.00125809982
55774	0.00355763552
55775	0.01468887855
55776	0.001243922162
55777	0.000143935265
55778	0.0003629517996
55779	0.01584181093
55780	0.008446355638
55781	0.004834997505
55782	0.009839512346
55783	0.006163987989
55784	0.007748382142
55785	0.01763935234
55786	0.009006256004
55787	0.007507829185
55788	0.01120235626
55789	0.00911499211
55790	0.003133202863
55791	0.008718239408
55792	0.005108473439
55793	0.002554077152
55794	0.002290710321
55795	0.007697127817
55796	0.004782923368
55797	0.001147490249
55798	0.008823417017
55799	0.003820220819
55800	0.002730056894
55801	0.003081959679
55802	2.164227917e-05
55803	0.004238512797
55804	0.001145241773
55805	0.008977333452
55806	0.00189804272
55807	0.0008764368399
55808	1.084548136e-05
55809	0.002659335082
55810	0.00718375184
55811	0.0004221486797
55812	0.007908693455
55813	0.0004196635406
55814	0.007529592676
55815	0.0003726782549
55816	0.005751845621
55817	0.009175881274
55818	0.002649833867
55819	0.0005737675595
55820	0.0009503465643
55821	0.002938043118
55822	0.007180682061
55823	0.0048906573
55824	0.002209204854
55825	0.009765712235
55826	0.003026205122
55827	0.005658245301
55828	0.001488421627
55829	0.001225727357
55830	0.008372968496
55831	0.00783181454
55832	0.002431319605
55833	0.009981695152
55834	0.0004248811978
55835	0.01329707685
55836	0.005937711419
55837	0.004286011449
55838	0.0004759049808
55839	0.008528991306
55840	0.00996214363
55841	0.002513551495
55842	0.001210706755
55843	0.003000787259
55844	0.006210110311
55845	0.001567143667
55846	0.01056777121
55847	0.001488100829
55848	0.01323022
55849	0.0001924169341
55850	0.003430035045
55851	0.0004209403053
55852	0.02263810504
55853	0.0008298488338
55854	0.02219255292
55855	0.00126663884
55856	0.003154166874
55857	0.002719050018
55858	0.005617859339
55859	0.002449214421
55860	0.001379342396
55861	0.001918037751
55862	0.00618124934
55863	0.009399798127
55864	0.007674370445
55865	0.002540329092
55866	0.001735731504
55867	0.008801228844
55868	0.01428748739
55869	0.01033755175
55870	0.001526946074
55871	0.002536496781
55872	0.0003709093072
55873	0.003377194287
55874	0.0005335229844
55875	0.006046492115
55876	5.344991003e-05
55877	0.01609749874
55878	0.01089543589
55879	0.002992722079
55880	0.002578159913
55881	0.007227629926
55882	0.007829883846
55883	0.001340983127
55884	0.009889385364
55885	0.002304540619
55886	0.002021978619
55887	0.008411670069
55888	7.943503035e-07
55889	0.002655756035
55890	0.002320666093
55891	0.0009799724503
55892	0.0003929927377
55893	0.0004537477821
55894	0.004953176399
55895	0.001660135239
55896	0.002146604662
55897	0.003881581921
55898	0.001395542195
55899	0.0006184949021
55900	0.006037735811
55901	0.001617855282
55902	0.0004819553623
55903	0.0002983031466
55904	0.0001062832555
55905	0.001444951311
55906	0.001977151341
55907	0.001728381148
55908	0.007118963196
55909	0.004128460959
55910	0.005422789137
55911	0.001671340505
55912	0.0003377854622
55913	0.005658168468
55914	0.004650419276
55915	0.005220523187
55916	0.002685696404
55917	0.002713306802
55918	0.002228002301
55919	0.001847197753
55920	0.00328321951
55921	0.0006799500745
55922	0.002995260567
55923	0.004318910404
55924	0.003208016839
55925	0.004088362359
55926	0.005769082913
55927	0.0002373784842
55928	0.004618573796
55929	0.01996126471
55930	0.01706698673
55931	0.001277447154
55932	0.00471911818
55933	0.008608857044
55934	0.005635459671
55935	0.002145628049
55936	0.007177181301
55937	0.001184443327
55938	0.001331188956
55939	0.001080151228
55940	0.01208745108
55941	0.008090580006
55942	0.005285853495
55943	0.0006210851712
55944	0.004581368475
55945	0.003548473178
55946	0.0007372441464
55947	0.004955667151
55948	0.002468982383
55949	0.004032417865
55950	0.002115785331
55951	0.01101404874
55952	0.002275628819
55953	0.008408948638
55954	0.01116240032
55955	0.009767248675
55956	0.005589299765
55957	0.001666596084
55958	0.003666449319
55959	0.006196536542
55960	0.00169256094
55961	0.002350415807
55962	0.007567605508
55963	0.003579059804
55964	0.001754567105
55965	0.003416158808
55966	0.00514027435
55967	0.01149740192
55968	0.001837859156
55969	0.01016087531
55970	0.008732470711
55971	0.004724835059
55972	0.003442934887
55973	0.006675856885
55974	0.007906608414
55975	0.008133655294
55976	0.01492599241
55977	0.00948288553
55978	0.001801345752
55979	0.004446417803
55980	0.001272467922
55981	0.0006215616307
55982	0.00151171271
55983	0.003870376494
55984	0.0001181567511
55985	0.005336190235
55986	0.003270102252
55987	0.003698198217
55988	0.005942466139
55989	0.000655346124
55990	0.001670608472
55991	0.007640542217
55992	0.001325372671
55993	0.003938360963
55994	0.006668683468
55995	0.002352125087
55996	0.002283172341
55997	0.002970522189
55998	0.002904147611
55999	0.004206172926
56000	0.004667047628
56001	0.004483821643
56002	0.02071986683
56003	0.005566877118
56004	0.0127766772
56005	0.00128669394
56006	0.006575462344
56007	0.004582420902
56008	0.004902854758
56009	0.002897686623
56010	0.004109568556
56011	0.009001328998
56012	0.007559572007
56013	0.007195058875
56014	0.00275880714
56015	0.0006922453724
56016	0.001242961647
56017	0.008111848836
56018	0.003724387739
56019	0.008640741534
56020	0.008399628894
56021	0.0002643814772
56022	0.0088842289
56023	0.001444871098
56024	0.002087562562
56025	0.008832277681
56026	0.0006462319897
56027	0.008045360219
56028	0.007865852165
56029	0.006927861272
56030	0.005171970086
56031	0.008728271404
56032	0.002198570018
56033	0.004630453421
56034	0.002449733189
56035	0.006446391162
56036	0.006270380581
56037	0.006859503449
56038	0.0135786013
56039	0.000891321289
56040	0.0001287082594
56041	0.0006759119872
56042	0.0009034103358
56043	0.00041740273
56044	0.0008478957894
56045	0.002759896981
56046	0.006770589625
56047	0.003412639431
56048	0.005003991484
56049	0.007644726899
56050	0.002947111059
56051	0.008100232235
56052	0.005512918137
56053	0.01026856517
56054	0.003091667636
56055	0.006493181379
56056	0.00242967244
56057	0.01591974113
56058	0.009612208574
56059	0.003728661256
56060	3.597710332e-05
56061	0.01244893197
56062	0.002151000567
56063	0.005860226317
56064	0.01331572568
56065	0.001025716265
56066	0.01139148619
56067	0.004929053571
56068	0.01023664174
56069	0.004971956436
56070	0.002685764309
56071	0.004172247386
56072	0.003360417467
56073	0.008641048453
56074	0.001021643113
56075	0.005025358128
56076	0.005538134373
56077	0.006631711694
56078	0.008759930052
56079	0.002926638284
56080	0.003560331312
56081	0.003970896802
56082	0.0005914223994
56083	0.002815311737
56084	0.004026091292
56085	0.01277830447
56086	0.0007081199874
56087	0.008347848369
56088	0.0002219977202
56089	0.0014553818
56090	0.003526306227
56091	0.0003602829935
56092	0.001815882398
56093	0.0006808902789
56094	0.004597186621
56095	0.003931823264
56096	0.003986650463
56097	0.003792576025
56098	0.001515178193
56099	0.008520442797
56100	0.003968440263
56101	0.005432326831
56102	0.005446112921
56103	0.0002815535875
56104	0.009352910413
56105	0.01267371117
56106	0.001479136697
56107	0.00715445133
56108	0.001111688914
56109	0.01098135157
56110	0.006611714962
56111	0.009990491384
56112	0.005024536941
56113	0.009908123976
56114	0.005499775356
56115	0.0008082118738
56116	0.002852686364
56117	0.01745903343
56118	0.002983219607
56119	0.0005768787042
56120	0.0105784885
56121	0.0005621402106
56122	0.002111440547
56123	0.001231741192
56124	0.004197232565
56125	0.002648165132
56126	0.007957612668
56127	0.006087176626
56128	0.009682972619
56129	0.01638737977
56130	0.0002917941012
56131	0.01177669178
56132	0.001358851443
56133	0.001751789535
56134	0.004223695832
56135	0.007220686613
56136	0.001400905686
56137	0.002717227821
56138	0.0006525710242
56139	0.007351496768
56140	0.002376061536
56141	0.003768985845
56142	0.01586696752
56143	0.01172268086
56144	0.01181307214
56145	0.008400289644
56146	0.0003948134156
56147	0.0004820580071
56148	0.000949582137
56149	0.0026949662
56150	0.005376757895
56151	0.002200936823
56152	0.003545904368
56153	0.001515308881
56154	0.012620567
56155	0.0001268717954
56156	0.000122226364
56157	0.002441665756
56158	0.002278348766
56159	0.004097177087
56160	0.003361813403
56161	0.0004474628622
56162	0.0008730064441
56163	0.002973421262
56164	0.004887210844
56165	0.001725456814
56166	0.007469543274
56167	0.003406157458
56168	0.008449550952
56169	0.004724031317
56170	0.004910003261
56171	0.0008358373652
56172	0.0004814960573
56173	0.004664624447
56174	0.003841321546
56175	0.001497282808
56176	0.01480891364
56177	0.006751123807
56178	0.00130665476
56179	0.01110127727
56180	0.0001866467852
56181	0.000721542173
56182	0.0009956634004
56183	0.01062716088
56184	0.003956617469
56185	0.006662299901
56186	0.00628599232
56187	0.006199568148
56188	0.002019569431
56189	0.01229511987
56190	0.0004802391485
56191	0.008534184718
56192	0.0008548794351
56193	0.01392454799
56194	0.0114918597
56195	0.008324328739
56196	0.000336985102
56197	0.005527340259
56198	0.001773505825
56199	0.009542346976
56200	0.01523868769
56201	0.0006695616826
56202	0.01408165573
56203	0.006270537838
56204	0.01274563226
56205	0.008208746094
56206	0.000132313173
56207	0.006225053702
56208	0.00436459397
56209	0.00972108108
56210	0.007129094989
56211	0.003075173682
56212	0.004481135013
56213	0.005306190872
56214	0.006494381535
56215	0.002567704259
56216	0.01242629775
56217	0.01484264585
56218	0.001390109043
56219	0.009143793571
56220	0.0152117852
56221	0.007484846594
56222	0.005274176738
56223	0.00524899217
56224	0.00218228677
56225	0.001075046258
56226	0.007021551828
56227	0.007085287002
56228	0.0009556106802
56229	0.01135922011
56230	0.0007171857734
56231	0.007023300954
56232	0.007375188174
56233	0.004073739087
56234	0.01795747684
56235	0.006503573626
56236	0.008244904822
56237	0.0006860599993
56238	0.002945876391
56239	0.002058558103
56240	0.001579773381
56241	0.001727856595
56242	0.005970637913
56243	0.0003872351565
56244	0.001461238607
56245	0.0006816888017
56246	0.000208179473
56247	0.0009253516939
56248	0.0005736205876
56249	0.0005582603751
56250	6.444414556e-05
56251	0.0005169259845
56252	0.001383611925
56253	0.0006425402634
56254	0.0009034466592
56255	0.000202658935
56256	0.002166386495
56257	0.0002108083172
56258	0.002614592546
56259	0.004016215186
56260	0.007777878044
56261	0.0117857355
56262	0.008186154916
56263	0.001302342419
56264	0.001285622786
56265	0.004272834814
56266	0.001754200236
56267	0.003431051418
56268	0.01231305542
56269	0.00193096313
56270	1.75229931e-05
56271	0.01280435979
56272	0.001537186479
56273	0.0008121893865
56274	0.003072457037
56275	0.0005631780419
56276	0.001057500908
56277	0.0005964321397
56278	0.001680142805
56279	0.003125449243
56280	0.01221292395
56281	0.003429029899
56282	0.007333173936
56283	0.0002805097057
56284	0.005555170854
56285	0.0008794904362
56286	0.003724737931
56287	0.00853010578
56288	0.0007866403087
56289	0.0113273631
56290	0.00267463132
56291	0.01522232682
56292	0.00886115638
56293	0.002091801439
56294	0.001094038772
56295	0.002899170976
56296	0.005440972115
56297	0.002332227942
56298	0.004578782169
56299	0.006780009009
56300	0.01592646397
56301	1.705581207e-08
56302	0.001445000751
56303	0.01864610048
56304	5.452547397e-05
56305	0.003662878101
56306	0.007702740535
56307	0.000634490124
56308	0.003607024616
56309	0.007455146591
56310	0.002267956443
56311	0.001162727779
56312	0.001439675719
56313	1.516895195e-07
56314	0.0009972029465
56315	6.621358633e-07
56316	0.001856261759
56317	0.0004882788591
56318	0.00738338136
56319	0.004969398799
56320	0.002063641172
56321	0.00994804273
56322	0.005955893796
56323	0.0008445587279
56324	0.008975579258
56325	0.003529619514
56326	0.0007748816561
56327	0.005713178934
56328	0.001057096148
56329	0.001613272655
56330	0.01294770388
56331	0.009044833688
56332	0.002100477986
56333	0.003631142772
56334	0.01351808588
56335	0.005310861959
56336	0.01107765551
56337	0.01421912191
56338	0.006433599101
56339	0.009649418541
56340	0.0001885465866
56341	0.004306640452
56342	0.008279980172
56343	0.0001484489796
56344	0.0002665870181
56345	0.004938560307
56346	0.01094799701
56347	0.0006666783278
56348	0.001264041565
56349	0.004668346433
56350	0.006135794013
56351	0.01012866881
56352	0.002311667963
56353	0.001394909161
56354	0.003220124385
56355	0.0002131820605
56356	0.001842775206
56357	0.001255133503
56358	0.0001380324387
56359	0.005084127095
56360	0.004015736999
56361	0.001674095558
56362	0.0006237947329
56363	0.003566234383
56364	0.00134666204
56365	0.009272335367
56366	0.001648252122
56367	0.001510952668
56368	0.000715370086
56369	0.01058930301
56370	9.905337138e-06
56371	0.00189659715
56372	0.002991522822
56373	0.001500873848
56374	0.002660614696
56375	0.001540606631
56376	0.0003657981663
56377	0.001011023029
56378	0.001528749952
56379	0.003827698825
56380	0.001539779204
56381	0.01146908231
56382	0.003198718297
56383	0.004149033069
56384	0.007483487119
56385	0.003604559367
56386	0.005696462342
56387	0.0055845786
56388	0.004954357204
56389	0.00091673561
56390	0.003241115989
56391	0.005649427782
56392	0.0008316537032
56393	0.002495833721
56394	0.007958275517
56395	0.01372205173
56396	0.008374599007
56397	0.01095855264
56398	0.004289589095
56399	0.01234192883
56400	0.007496460625
56401	0.01049960851
56402	0.007078047016
56403	0.006491907078
56404	0.003515569332
56405	0.004578736097
56406	0.0009357504036
56407	0.002045527837
56408	0.003305290171
56409	0.002108019856
56410	0.001098106774
56411	0.00242480684
56412	0.004189869617
56413	0.006721213054
56414	0.01104366687
56415	0.00151684849
56416	0.00487221044
56417	0.001048028403
56418	0.0005645826196
56419	0.00181604036
56420	0.0002318948511
56421	0.001524449892
56422	0.015619602
56423	0.001275888832
56424	0.001011859048
56425	0.007124928392
56426	0.005862798085
56427	0.003951361996
56428	0.0030763231
56429	0.00202790244
56430	0.0001532840783
56431	0.007343792706
56432	0.003831729781
56433	0.004684308218
56434	0.004534349818
56435	0.003501798257
56436	0.00503039624
56437	0.004065106025
56438	0.002347934013
56439	0.004976422683
56440	0.002185158684
56441	0.001846461676
56442	5.428790698e-05
56443	0.001420915338
56444	0.001502583549
56445	0.002115443512
56446	0.003819443827
56447	0.0007117719502
56448	0.003779719733
56449	0.0126734946
56450	0.01051498169
56451	0.003510009841
56452	0.009570113514
56453	0.0006503217683
56454	0.006680541297
56455	0.005724775208
56456	0.001168443192
56457	0.00882244061
56458	0.008021929392
56459	0.001307329091
56460	0.009269313731
56461	0.003201542301
56462	0.009458730914
56463	0.009969788059
56464	0.007538311047
56465	0.006068319066
56466	0.0070479248
56467	0.0026292356
56468	0.004711399898
56469	0.0004014072256
56470	0.0004662692738
56471	0.006305069108
56472	0.001870370026
56473	0.0005561237221
56474	0.002242396423
56475	0.008460523138
56476	0.003042887104
56477	0.004896661587
56478	0.001875004793
56479	0.0168302406
56480	0.005343823581
56481	0.008185466313
56482	0.001727029985
56483	0.003377011743
56484	0.01175087257
56485	0.003300876474
56486	0.01032648123
56487	0.0009697532209
56488	0.004212005904
56489	0.003150598017
56490	0.007288450099
56491	0.0009357602014
56492	0.002847160737
56493	0.007689854529
56494	0.009539236687
56495	0.001463952586
56496	0.0009015477109
56497	0.0009928237472
56498	0.0005678720293
56499	0.0007818738587
56500	0.002061935926
56501	0.001206831723
56502	0.0008418243864
56503	0.003948323408
56504	0.003997006807
56505	0.001093741287
56506	0.0009603216823
56507	0.01482230051
56508	0.001653139247
56509	0.007959156835
56510	0.004303430246
56511	0.006000989417
56512	0.008503509685
56513	0.005357690943
56514	0.006610339522
56515	0.002420237657
56516	0.004024626952
56517	0.001758412092
56518	0.0066410671
56519	0.001186042465
56520	0.01327727217
56521	0.007523591136
56522	0.009244994494
56523	0.004388068521
56524	0.005758081484
56525	0.004125097329
56526	0.005732714148
56527	0.006557993391
56528	0.001738585027
56529	0.0004452466385
56530	0.0001957391903
56531	0.005794565675
56532	0.002062311616
56533	0.007613643051
56534	0.002486574778
56535	0.003274444077
56536	0.004281541252
56537	0.003639955639
56538	0.001273361233
56539	0.005949618738
56540	0.003769761254
56541	0.002561378733
56542	0.0005936286977
56543	0.001005560037
56544	0.003405622863
56545	0.01131242235
56546	0.005707177034
56547	0.003770124547
56548	0.00217427983
56549	0.00319397689
56550	0.009890344293
56551	0.009099029778
56552	0.006982979112
56553	0.002285275461
56554	0.004002249497
56555	0.001468918683
56556	0.0140124388
56557	0.00112867547
56558	0.005759314901
56559	0.007594221845
56560	0.0003148066022
56561	0.001751116349
56562	0.007393850724
56563	0.000963015254
56564	0.008704450986
56565	0.0009792051358
56566	0.004773563236
56567	0.00271152655
56568	0.004312925602
56569	0.00142020729
56570	0.0003716676754
56571	0.00140074243
56572	0.008195342176
56573	0.00751780862
56574	0.01029603392
56575	0.001894289003
56576	0.009837802602
56577	0.006389187515
56578	0.001434191159
56579	0.002385853145
56580	0.0003266672314
56581	0.003090177266
56582	0.002970998624
56583	0.0113145974
56584	0.004865307478
56585	0.001640127656
56586	0.005105837764
56587	0.000971269574
56588	0.002096937639
56589	0.0006448633273
56590	0.001996872911
56591	0.0005950696671
56592	0.001216297602
56593	0.0002500211754
56594	0.002235078547
56595	0.0004762152453
56596	0.0007205462914
56597	0.001492315363
56598	0.008943656944
56599	0.009098614355
56600	0.0002725356554
56601	0.0008354175558
56602	2.674352844e-05
56603	0.01198447026
56604	0.01101755076
56605	0.001634925026
56606	0.0009665436753
56607	0.005518149523
56608	0.0003286961081
56609	0.003295403813
56610	0.0002733118822
56611	0.0008811251295
56612	0.0009830775271
56613	0.001448511055
56614	0.009922939446
56615	0.003664698767
56616	0.007279756037
56617	0.0005503601691
56618	0.008520767836
56619	0.003734258385
56620	0.006491182713
56621	0.003700095998
56622	0.01940934384
56623	0.01463249187
56624	0.0003540216151
56625	0.01176428018
56626	0.004214123582
56627	0.003506277369
56628	0.007518926966
56629	0.004828829204
56630	0.001528153559
56631	0.0001108158555
56632	0.00126537583
56633	0.005558386776
56634	0.01866474461
56635	0.006962157271
56636	0.01839619425
56637	0.02200760086
56638	0.001589758767
56639	0.00668381433
56640	0.009227057433
56641	0.001974093985
56642	0.003704486296
56643	0.0003523270899
56644	0.005031846655
56645	0.003084796559
56646	0.0005075415836
56647	0.001014565859
56648	0.0016487612
56649	0.009339312987
56650	0.006587693221
56651	0.008456226473
56652	0.005622127993
56653	0.003874641418
56654	0.001383560576
56655	0.0005676339782
56656	0.002589281201
56657	0.0007250161419
56658	0.008753945526
56659	0.006013420056
56660	0.001631119326
56661	0.001050981597
56662	0.01931124609
56663	0.0157772581
56664	0.008630432875
56665	0.001900570745
56666	0.002678218494
56667	0.006981001032
56668	0.005909824102
56669	0.009519142121
56670	0.01076227835
56671	0.0004022557921
56672	0.007779357121
56673	0.003600839748
56674	0.001778304315
56675	0.00868401525
56676	0.0008054437483
56677	0.0007272190345
56678	0.005061770555
56679	0.0001638152322
56680	0.009225872886
56681	0.01008328728
56682	0.001615143272
56683	0.01502769746
56684	0.01122148846
56685	0.001316010179
56686	0.004991133407
56687	0.002982474143
56688	0.009593476706
56689	0.01538322149
56690	0.004513052152
56691	0.006671255382
56692	0.004609409795
56693	0.004825140105
56694	0.01067493361
56695	0.001466868782
56696	0.004401409644
56697	0.01184997805
56698	0.003605048777
56699	0.0114572711
56700	0.005295356171
56701	0.01813903295
56702	0.002395735029
56703	0.01312068402
56704	0.004914870788
56705	0.01013864895
56706	0.01112962244
56707	0.0198665158
56708	0.0067521685
56709	0.004300435094
56710	0.006438180827
56711	0.00230191182
56712	0.004419327573
56713	0.0004945885733
56714	0.01188592863
56715	0.02021958624
56716	0.00937532044
56717	0.003226332114
56718	0.001657303476
56719	0.01034141379
56720	0.004192979126
56721	0.008262148576
56722	0.0008396546063
56723	0.02155591171
56724	0.01290970158
56725	0.002406847564
56726	0.008755534021
56727	0.003329332787
56728	0.008048655261
56729	0.004670390515
56730	0.0062768837
56731	0.003016432297
56732	0.002161418393
56733	0.01368781688
56734	0.007061336681
56735	0.005056071437
56736	0.002464213366
56737	0.004584315333
56738	0.009284674491
56739	0.001344148472
56740	0.003865856215
56741	0.01003379623
56742	0.0004126332028
56743	0.0003506583069
56744	0.002373412342
56745	0.003661679448
56746	0.00215490434
56747	0.001476314518
56748	0.000227240735
56749	0.01038456021
56750	0.004063157149
56751	0.00309441372
56752	0.01211042228
56753	0.002967491978
56754	0.004712684952
56755	0.01433666392
56756	0.0007778306224
56757	0.007354994342
56758	0.0002464070506
56759	0.01051262905
56760	0.006151621665
56761	0.003830201566
56762	0.001261669187
56763	0.001313309343
56764	0.005239754179
56765	0.002214208703
56766	0.001729125517
56767	0.000972865762
56768	0.009673885625
56769	0.001494627208
56770	0.01261584262
56771	0.006302092161
56772	0.002094403561
56773	0.004671655428
56774	0.003601456345
56775	0.002212898768
56776	0.004840959586
56777	0.001641938875
56778	0.003553694062
56779	0.001448913218
56780	0.005213284109
56781	0.00180108912
56782	0.01260224449
56783	0.000700740132
56784	0.007291388461
56785	0.0006350307207
56786	0.01041379972
56787	0.002051177268
56788	0.01170579452
56789	0.002371478654
56790	0.003149525805
56791	0.000518246552
56792	0.002665019725
56793	0.0006122392041
56794	0.004982365825
56795	0.008225223228
56796	0.0002324505001
56797	0.003470861138
56798	0.001530988497
56799	0.006062917791
56800	0.007381266538
56801	0.002671585514
56802	0.003422431087
56803	0.01082459619
56804	0.006461058925
56805	0.004346801882
56806	0.009425902843
56807	0.003884520086
56808	0.006539232251
56809	0.009043845157
56810	0.00677770806
56811	0.00093513859
56812	0.00704267565
56813	0.001106383956
56814	0.009705329842
56815	0.005930524597
56816	0.002271891156
56817	0.00380582085
56818	0.001953726335
56819	0.001407469016
56820	0.003662713252
56821	0.002656566238
56822	0.002386968549
56823	0.001313107921
56824	0.003402696301
56825	0.003325356467
56826	0.00194719344
56827	0.00863697063
56828	0.002966707838
56829	0.007444593743
56830	0.002750719388
56831	0.006814614473
56832	0.001454216632
56833	0.00376602035
56834	0.01470227523
56835	0.0001999825648
56836	0.003210531993
56837	0.00744839379
56838	0.01140878533
56839	0.00215153774
56840	0.0007903827171
56841	0.006433897678
56842	0.005837358053
56843	0.01205248197
56844	0.01195634966
56845	0.0005728948732
56846	0.004510656507
56847	0.005396370505
56848	0.002569585455
56849	0.007748265615
56850	0.001453465833
56851	0.004799133291
56852	0.001749195956
56853	0.00927333508
56854	0.008053822284
56855	0.01544021333
56856	0.01071745954
56857	0.01927584715
56858	0.01183941974
56859	0.009833849642
56860	0.004603069765
56861	0.004254569463
56862	0.002422072788
56863	0.002672825638
56864	0.003758239739
56865	0.000548390024
56866	0.002256470602
56867	0.002025683313
56868	0.004580257159
56869	0.001878444591
56870	0.004299772432
56871	0.006076779903
56872	0.0003029119894
56873	0.00106233613
56874	0.020953438
56875	0.006577468016
56876	0.0005634672998
56877	0.003108436302
56878	0.01256953569
56879	0.01177925258
56880	0.003473346975
56881	0.003078910641
56882	0.01044374905
56883	0.005248923931
56884	0.007152498592
56885	0.000794638905
56886	0.007905679468
56887	0.006496234151
56888	0.00564240084
56889	0.004366263489
56890	0.005738895395
56891	0.02001590394
56892	0.001618665462
56893	0.008158369896
56894	0.002610406218
56895	0.02501719267
56896	0.007970288778
56897	0.003481858327
56898	0.001198920274
56899	0.002095021702
56900	0.0005264816172
56901	0.0007822161641
56902	0.01551825811
56903	3.82945343e-05
56904	0.004742655008
56905	0.007689017826
56906	0.01249340898
56907	0.003686336857
56908	0.01176334753
56909	0.003815194656
56910	0.002156254995
56911	9.136408005e-05
56912	0.007627490774
56913	0.001527301315
56914	0.00540330966
56915	0.01037379165
56916	0.01662715889
56917	0.005600738207
56918	0.002370640347
56919	0.004009054814
56920	0.0126721033
56921	0.003644911019
56922	0.01039343143
56923	0.01505642702
56924	0.006113869122
56925	0.003721170227
56926	0.009039125264
56927	6.033628208e-05
56928	0.003218735466
56929	0.000312822937
56930	0.002527583851
56931	0.005172824118
56932	0.0005227487798
56933	0.006488039697
56934	0.007120211246
56935	0.01282361069
56936	0.003944402839
56937	0.0003466947566
56938	0.01027872468
56939	0.002713250148
56940	0.005462982543
56941	0.000769207626
56942	0.01898303572
56943	0.0102227612
56944	0.00454580685
56945	0.003236799741
56946	0.003247565546
56947	0.001896781584
56948	0.0003713382901
56949	4.403151482e-05
56950	0.003496808094
56951	0.0003904284457
56952	0.01037875738
56953	0.01255410917
56954	0.006283102957
56955	0.00400422664
56956	0.005223608385
56957	0.0009719287489
56958	0.002725588312
56959	0.002719796456
56960	0.001827673493
56961	0.01531093283
56962	0.007974030741
56963	0.005989277903
56964	0.00101631964
56965	0.01418498778
56966	0.0011908373
56967	0.01333526734
56968	0.0006343870887
56969	0.002894480806
56970	0.007157264621
56971	0.001679386212
56972	0.0002081232327
56973	0.006392411404
56974	0.0107834919
56975	0.001918158656
56976	0.002943554078
56977	0.004229363504
56978	0.00788534798
56979	0.008222097508
56980	0.001040774343
56981	0.00647455728
56982	0.002170654944
56983	0.008542804018
56984	0.006111660615
56985	0.002562575655
56986	0.00059628483
56987	0.003173212111
56988	0.004135116227
56989	0.000940431699
56990	0.001150834795
56991	1.592217606e-05
56992	0.0008416237251
56993	0.001077948497
56994	0.007638973336
56995	0.007270324843
56996	0.004698698682
56997	0.0009811335936
56998	0.001547923798
56999	0.003972300791
57000	0.002242238708
57001	0.01641702926
57002	0.004434875403
57003	0.007453780343
57004	0.004797601891
57005	0.005545716978
57006	0.002072389563
57007	0.0002573591629
57008	0.01515538165
57009	0.009969796096
57010	0.003052252534
57011	2.624829934e-05
57012	0.02454855789
57013	0.01284137143
57014	0.004943103236
57015	0.0002031841284
57016	0.002827711476
57017	0.005158557432
57018	0.004815302747
57019	0.01101080984
57020	0.002732600907
57021	3.313809408e-05
57022	0.002365534281
57023	0.00805770385
57024	0.002081979868
57025	0.000154700645
57026	0.001473701291
57027	0.0001560471427
57028	0.001151831865
57029	0.002616729686
57030	0.0004962040048
57031	0.002968456583
57032	0.0002159674855
57033	0.01682382405
57034	0.011321391
57035	0.004557870326
57036	0.006647750885
57037	0.00849140583
57038	0.007772033537
57039	0.00808621825
57040	0.007213809161
57041	0.003558246954
57042	0.008529598986
57043	0.001645429871
57044	0.005300984323
57045	0.007602670751
57046	0.001428798599
57047	0.003952162283
57048	0.004960351845
57049	0.002638151753
57050	0.001419143316
57051	0.001340943066
57052	0.004225872236
57053	0.01357189437
57054	0.0008243954475
57055	0.006621437832
57056	0.001662554583
57057	0.007755546181
57058	0.0006999271874
57059	0.006141365933
57060	0.004494938325
57061	0.00150420051
57062	0.002506406263
57063	0.002448293735
57064	0.004514033775
57065	0.000613969734
57066	0.01207257304
57067	0.007544070249
57068	0.001613153876
57069	0.0005944741026
57070	0.01054142483
57071	0.001112738553
57072	0.006199415832
57073	0.01227735785
57074	0.001529864088
57075	0.01282686686
57076	0.007296853311
57077	0.01219757693
57078	0.0003371352434
57079	0.0006243752494
57080	0.002072682936
57081	0.002987458469
57082	0.0004135863672
57083	0.004285027977
57084	0.002698450775
57085	0.0196040612
57086	0.009583303118
57087	0.004073223279
57088	0.003054020193
57089	0.01391015414
57090	0.003879957799
57091	0.0005842091438
57092	0.000964807218
57093	0.001986427964
57094	0.005220894953
57095	0.004861642307
57096	0.005245343636
57097	0.003276884783
57098	0.002670597685
57099	0.001027335417
57100	0.008883291995
57101	0
57102	0.00726319062
57103	0.009021979348
57104	0.002678455884
57105	0.0006088936096
57106	0.006915333593
57107	0.000354589057
57108	0.01053167324
57109	0.004269855991
57110	0.0006074793745
57111	0.006560887375
57112	0.006608846729
57113	0.004244968531
57114	5.522964329e-05
57115	0.008613467718
57116	0.009571873606
57117	0.002133022109
57118	0.001341961182
57119	0.004076194657
57120	0.002145944593
57121	0.003703203562
57122	0.005757998802
57123	0.0002841383541
57124	9.626496668e-05
57125	0.00924919193
57126	0.003455225043
57127	0.001164992969
57128	0.0003775923595
57129	0.007134704318
57130	0.005224113269
57131	0.006184928646
57132	0.006150577547
57133	0.005090547668
57134	0.007505275095
57135	0.004859222215
57136	0.0007646688683
57137	0.003823956508
57138	0.008876572312
57139	0.00160775208
57140	0.002053360202
57141	0.01032997877
57142	0.006550792629
57143	0.009217892101
57144	8.657673841e-05
57145	0.0001272088662
57146	0.001463802344
57147	0.0002193023419
57148	0.001333725164
57149	0.00180905978
57150	0.0008236123818
57151	0.007496293698
57152	0.01208616833
57153	0.005230510457
57154	0.01477824957
57155	0.0008124278701
57156	0.002267419947
57157	0.003842356731
57158	0.006774520379
57159	0.003633679347
57160	0.003699847345
57161	0.005367420887
57162	1.551282111e-06
57163	0.006591419727
57164	0.003307880672
57165	0.002225656668
57166	0.001242880983
57167	0.002982207909
57168	0.006213957849
57169	0.007003455504
57170	0.0041946317
57171	0.002075236657
57172	0.001392540752
57173	0.008651696289
57174	0.002345307209
57175	0.01554666826
57176	0.001048370951
57177	0.001114272053
57178	0.006476495685
57179	0.005996219895
57180	0.00149747679
57181	0.0041726876
57182	0.008884592179
57183	0.0005021000468
57184	0.004064248627
57185	0.006414970718
57186	0.01960192196
57187	0.004406779409
57188	0.004648597888
57189	0.00207209929
57190	0.005025037132
57191	0.006719566338
57192	6.048741978e-05
57193	0.01149360775
57194	0.004106153886
57195	0.006012624492
57196	0.006883490319
57197	0.001213858747
57198	0.002339883919
57199	0.004179321642
57200	0.01580071148
57201	8.722077696e-06
57202	0.0005854808914
57203	0.002653433452
57204	0.003389194177
57205	0.002688309674
57206	0.001079723571
57207	0.009190888116
57208	0
57209	0.004933075153
57210	0.0002616508029
57211	0.00301565466
57212	0.003251371357
57213	0.005054190647
57214	0.007004515333
57215	0.0007580951202
57216	0.005187097934
57217	0.003386658099
57218	0.001335922406
57219	0.003404438927
57220	0.00443884659
57221	0.0002685745057
57222	0.003029474584
57223	0.0001106071608
57224	0.0004619298919
57225	0.001308125859
57226	0.0003288100618
57227	0.01104005983
57228	0.001110620243
57229	0.009217802187
57230	0.004435577273
57231	0.003278344937
57232	0.001410165652
57233	0.00865436434
57234	0.00455394018
57235	0.00441966276
57236	0.002177586134
57237	0.005339445841
57238	0.003298255403
57239	0.002203668868
57240	0.005023196236
57241	0.0007983176093
57242	0.003981452849
57243	0.02391383655
57244	0.002104323951
57245	0.008674849726
57246	0.005407444915
57247	0.002679072046
57248	0.0001364176085
57249	0.008425164874
57250	0.0005438542273
57251	0.001839929033
57252	0.0118760753
57253	0.01613578625
57254	0.0001419783871
57255	0.00402303768
57256	0.01319367481
57257	0.003320369674
57258	0.00460091645
57259	0.000568036006
57260	0.002936817654
57261	0.005416780905
57262	0.008337154252
57263	0.0005990498606
57264	0.009730876401
57265	0.005656182721
57266	0.003237857311
57267	0.008390515893
57268	0.001570456553
57269	0.01490906537
57270	0.001547250937
57271	0.007319348887
57272	0.001757599395
57273	0.003145905267
57274	0.0009871266478
57275	0.01297293774
57276	0.008094066104
57277	0.004529653971
57278	0.006615321462
57279	0.01039334866
57280	0.003898191663
57281	0.01004613021
57282	0.001902935893
57283	0.001800464305
57284	0.008535607342
57285	0.001110284543
57286	0.004174070674
57287	0.006339823173
57288	0.007158203153
57289	0.002490662722
57290	0.01709890302
57291	0.0007712753958
57292	0.001230454991
57293	0.0001764948995
57294	0.001344060141
57295	0.007460700771
57296	0.003960558078
57297	0.005694750255
57298	0.007922799892
57299	0.01485177784
57300	0.01209536482
57301	0.02445618335
57302	0.01065215587
57303	0.004296613082
57304	0.0032305501
57305	0.003091460213
57306	0.003446324681
57307	0.0123890864
57308	0.002931291128
57309	0.007952559589
57310	0.003586199445
57311	0.01698276774
57312	0.009869642133
57313	0.01534843262
57314	0.002101252096
57315	0.002889018746
57316	0.007101402435
57317	0.02739155656
57318	0.0005259106183
57319	0.000888477178
57320	0.001270992104
57321	0.004734258391
57322	0.01083954026
57323	0.005014181177
57324	0.001699612973
57325	0.001145827564
57326	0.005301298962
57327	0.003029824072
57328	0.01494186077
57329	0.0127215769
57330	0.001261473914
57331	0.002715510286
57332	0.006346489767
57333	0.0009505436386
57334	0.006241456103
57335	0.006720730824
57336	0.01480133709
57337	0.008254291326
57338	0.007870625756
57339	0.004729838894
57340	0.006963579389
57341	0.00299831899
57342	0.00984017548
57343	0.001849543338
57344	0.0007236835729
57345	0.002487482293
57346	0.001844893045
57347	0.009350081331
57348	0.001046474529
57349	0.001866690569
57350	0.003207106554
57351	0.01151435371
57352	0.00650793086
57353	0.002323913744
57354	0.00620845624
57355	0.000856332367
57356	0.002658005663
57357	0.002383969315
57358	0.000987332046
57359	0.003395122054
57360	0.00136356812
57361	0.012032192
57362	0.008460595292
57363	0.001258012043
57364	0.006835015137
57365	0.007315089461
57366	0.004233905303
57367	0.01917751581
57368	0.005698057921
57369	0.0006945231339
57370	0.001682768021
57371	0.01343307844
57372	0.004151209787
57373	0.001691886399
57374	0.002396939389
57375	0.0004599951012
57376	0.0009839339606
57377	0.00131276258
57378	0.003304007691
57379	0.001306298195
57380	0.004766771781
57381	0.00540552014
57382	0.005096033042
57383	0.0007776123979
57384	0.008555508631
57385	0.004471497109
57386	0.0003833809979
57387	0.01246561014
57388	0.007243735543
57389	0.01774189132
57390	0.0009937153131
57391	0.001430091239
57392	0.01125887751
57393	0.007529214387
57394	0.003997808484
57395	0.001373981685
57396	0.01624074609
57397	0.0008028721635
57398	0.002990990155
57399	0.0004393984593
57400	0.007868223308
57401	0.002739857139
57402	0.01440304217
57403	0.007724518366
57404	0.0009616384655
57405	0.002997034005
57406	0.004065569165
57407	0.01434006308
57408	0.003015058153
57409	0.003380248419
57410	0.006026816434
57411	0.003762901805
57412	0.0173888219
57413	0.003833128871
57414	0.00715825561
57415	0.0004254662942
57416	0.007063512391
57417	0.003436422993
57418	0.00443117832
57419	0.005894119673
57420	0.005503301537
57421	0.004050264332
57422	0.002242431576
57423	0.0001379651039
57424	0.0001084185884
57425	0.0006393542975
57426	0.004395003259
57427	0.006325781875
57428	0.0008028721635
57429	0.004205804087
57430	0.0008597613906
57431	0.001214673909
57432	0.002169197327
57433	0.002626274722
57434	0.001602228752
57435	0.00352387292
57436	0.002558036522
57437	0.0005797558892
57438	0.007359509952
57439	0.003574089331
57440	0.000998420625
57441	0.0003873019198
57442	0.009025199568
57443	0.004973346007
57444	0.003541311329
57445	0.005686241596
57446	0.009131699341
57447	0.0003757616327
57448	0.01193497899
57449	0.004140272461
57450	0.003327013989
57451	0.0006342430095
57452	0.005797413324
57453	0.01640282636
57454	0.005028154007
57455	9.184478902e-06
57456	0.007918320343
57457	0.002080292833
57458	0.008454756669
57459	0.002965590943
57460	0.008770676254
57461	0.01378507932
57462	0.002364750473
57463	0.006026498137
57464	0.0161344244
57465	0.01382747826
57466	0.003642251836
57467	0.001300925844
57468	0.006686333813
57469	0.0003795691549
57470	0.002618212058
57471	0.002309207329
57472	0.001743587408
57473	0.007813825702
57474	0.003861052053
57475	0.004913979811
57476	0.00484865552
57477	0.0007182342729
57478	0.01899713427
57479	0.009815748494
57480	0.001006823376
57481	0.006592070993
57482	0.007518541453
57483	0.0006868953551
57484	0.006264659647
57485	0.008870343166
57486	0.006282858896
57487	0.01039597326
57488	0.005018473539
57489	0.001331883661
57490	0.002260834274
57491	0.0008770298321
57492	0.01265513237
57493	0.0009881130179
57494	0.001126806192
57495	0.001331424545
57496	0.009653589128
57497	0.004400013166
57498	0.005419039173
57499	0.002945565249
57500	0.01487786568
57501	0.0003434612033
57502	0.005947634048
57503	0.004958909799
57504	0.007583087872
57505	0.001233421741
57506	0.007304345486
57507	0.0003076972011
57508	0.01114398344
57509	0.004653062113
57510	0.005343136524
57511	0.01381343086
57512	0.01217443457
57513	0.002473654178
57514	0.005314506836
57515	0.004651623983
57516	0.0004419291835
57517	0.003903423831
57518	2.566410703e-05
57519	0.004529929556
57520	0.002751635227
57521	0.002525787878
57522	0.0003101492649
57523	0.003012598036
57524	0.005926951898
57525	0.00160534759
57526	0.001418421654
57527	0.0009339973655
57528	0.01205542741
57529	0.01084716252
57530	0.01494256289
57531	0.004063250294
57532	0.004495586064
57533	0.00210168414
57534	0.004122669125
57535	0.001243988058
57536	0.006508139633
57537	0.002574038751
57538	0.001639553713
57539	0.005760180911
57540	0.008325422066
57541	0.001941969865
57542	0.0004782035761
57543	0.004949002112
57544	0.00687708634
57545	0.004700144615
57546	0.0007133074202
57547	0.003308748051
57548	0.008938168054
57549	0.0009543556935
57550	0.006801356777
57551	0.004502905073
57552	0.004199546883
57553	0.005479916945
57554	0.001178597068
57555	0.0003846723333
57556	0.005506939502
57557	0.0001484297079
57558	0.002856163748
57559	0.007121689673
57560	0.01037973284
57561	0.0003561724547
57562	0.005390080936
57563	0.0009384511683
57564	0.01032783545
57565	0.000781534295
57566	0.004711515076
57567	0.00279948998
57568	0.0006437852869
57569	0.01199961135
57570	0.005365719366
57571	0.00438501947
57572	0.01580785272
57573	0
57574	0.009869091038
57575	0.005738070996
57576	0.006746701592
57577	0.008307731364
57578	0.00423856047
57579	0.01013304965
57580	0.006862816348
57581	0.005994793828
57582	0.007425246533
57583	0.003306463766
57584	0.01696440286
57585	0.004485648157
57586	0.005588368966
57587	0.006711471879
57588	0.006870377815
57589	0.01577406813
57590	0.001834238275
57591	0.002523349245
57592	0.01046862331
57593	0.00612893464
57594	0.005016468984
57595	0.009497941802
57596	0.004565676945
57597	0.01232744791
57598	0.005763566874
57599	0.007845956532
57600	0.002084919264
57601	0.01315567457
57602	0.0008545867851
57603	0.005734505028
57604	0.0005969681942
57605	0.003641906705
57606	0.0004085009238
57607	0.005559893951
57608	0.005778842171
57609	0.01044302057
57610	0.0008310403686
57611	0.00528390291
57612	0.0003906343436
57613	0.003991443878
57614	0.01273400949
57615	0.001920514804
57616	0.00590496712
57617	0.004535065482
57618	0.0001416256737
57619	0.00309588733
57620	0.007425062803
57621	0.008701451743
57622	0.002460258524
57623	0.004872594414
57624	0.0002683324777
57625	0.009061973696
57626	0.0001566232192
57627	0.0005960959721
57628	0.007332133395
57629	0.004271828677
57630	0.005676997704
57631	0.009813049827
57632	0.001114025203
57633	0.01791690369
57634	0.0007582594897
57635	0.001456318043
57636	0.003148537574
57637	0.00607922923
57638	0.002299910924
57639	9.465909432e-05
57640	0.0003483285316
57641	0.0008626706568
57642	0.00351537002
57643	0.001989446483
57644	0.00993200771
57645	0.003679200615
57646	0.002812018999
57647	0.002824464068
57648	0.0025823658
57649	0.006215128285
57650	0.001431405393
57651	0.003373566733
57652	0.005128149474
57653	0.009440511109
57654	0.00933627621
57655	0.01642922209
57656	0.003774332741
57657	0.002667294674
57658	0.002626144601
57659	0.01757755832
57660	0.0001110357347
57661	0.004887715757
57662	0.003300899039
57663	0.00247839736
57664	0.004080096801
57665	0.001793852416
57666	0.01233186185
57667	0.01211816707
57668	0.001248961982
57669	0.001611642143
57670	0.000710660281
57671	0.001985916725
57672	0.00284336242
57673	0.007283378257
57674	0.001852237734
57675	0.004002549479
57676	0.005958833731
57677	0.0009650988895
57678	0.004613470938
57679	0.001570237043
57680	0.001850020252
57681	0.001691927101
57682	0.001911855099
57683	5.079056445e-05
57684	0
57685	0.001176637281
57686	0.004402747793
57687	0.01501856231
57688	0.002106736531
57689	0.007111335704
57690	0.005527954737
57691	0.002298727583
57692	0.004543936693
57693	0.002122779138
57694	0.004986770076
57695	0.002220782045
57696	0.01931477759
57697	0.005424883743
57698	0.004510550377
57699	0.001175406712
57700	0.0004840155735
57701	0.001370406171
57702	0.001564739946
57703	0.001631621861
57704	0.00508014452
57705	0.009985459088
57706	0.003613846334
57707	0.002014877256
57708	0.005169047875
57709	0.000711739861
57710	0.009763105224
57711	0.002614839415
57712	0.002212987838
57713	0.007416386983
57714	0.007558998777
57715	0.01178987435
57716	0.0008495801048
57717	0.008959282641
57718	0.01197562985
57719	6.204653181e-05
57720	0.001522436884
57721	0.0007993511611
57722	0.001985883613
57723	0.0001574426278
57724	0.01513723835
57725	0.002161544733
57726	0.001835857896
57727	0.01238594563
57728	0.001908263997
57729	0.0008740433609
57730	0.007473196079
57731	0.0007682395365
57732	0.004739463326
57733	0.002896884171
57734	0.00370159616
57735	0.00679423169
57736	0.003350688589
57737	0.003568287448
57738	0.002849229398
57739	0.004992284846
57740	0.01716659388
57741	0.0001168250617
57742	0.002247010921
57743	0.005176566664
57744	0.000809951108
57745	0.009974399888
57746	0.006669545368
57747	0.001547900289
57748	0.0006681593539
57749	0.004425621851
57750	0.01062565889
57751	0.008952550352
57752	0.01091670861
57753	0.002025781913
57754	0.004852811212
57755	0.0008398902798
57756	0.005519698219
57757	0.006660514573
57758	0.004171667114
57759	0.007558910334
57760	0.007018736403
57761	0.005147763261
57762	0.007121133211
57763	6.932914599e-05
57764	0.001115723472
57765	0.002145316923
57766	0.003549666697
57767	0.001409958534
57768	0.006712588679
57769	0.001000709255
57770	0.005655699367
57771	0.00445843497
57772	0.01197508905
57773	0.002403590655
57774	0.002731109274
57775	0.005482033312
57776	0.00334752114
57777	0.002723484338
57778	0.0105048242
57779	0.003098029145
57780	0.0004022631607
57781	0.008056658771
57782	0.02205612937
57783	0.001264542527
57784	0.001071641734
57785	0.00310667411
57786	0.003196932355
57787	0.0004562690208
57788	0.007658719646
57789	0.0002188107805
57790	0.003651762687
57791	0.005225136708
57792	0.01445432192
57793	0.0008613705382
57794	0.006259431672
57795	0.0005178525508
57796	0.005398612365
57797	0.001075566115
57798	0.00171448055
57799	0.003761311461
57800	0.007253341013
57801	0.004590271854
57802	0.0006448048359
57803	0.007796461433
57804	0.003215642303
57805	0.004361556033
57806	0.007373245492
57807	0.002188819073
57808	0.009249522296
57809	0.01845425177
57810	0.002660267381
57811	0.00401566753
57812	0.001334437622
57813	0.001517565523
57814	0.004748280864
57815	0.01011564165
57816	0.003012811183
57817	0.00123518729
57818	0.01074007361
57819	0.00577750637
57820	0.01101326783
57821	0.0008832007193
57822	0.003512071015
57823	0.01302765225
57824	0.003341849133
57825	0.007319791079
57826	0.0001312638396
57827	0.0004040874966
57828	0.001476044105
57829	0.009705187846
57830	0.003609714767
57831	0.004346604671
57832	0.003850196383
57833	0.003756286615
57834	0.005354003269
57835	0.002425008289
57836	0.01351543129
57837	0.002821466903
57838	0.002037306932
57839	0.001451244357
57840	0.005940972661
57841	0.0004582223395
57842	0.002593962013
57843	0.005933456932
57844	0.001272851568
57845	0.009795767574
57846	0.009963577245
57847	0.01343119582
57848	0.00838892242
57849	0.0007842884195
57850	0.006368762212
57851	0.001424771211
57852	0.002268008626
57853	0.001763667808
57854	6.047938197e-05
57855	0.01126124455
57856	0.01039540035
57857	0.01343738168
57858	0.003063028559
57859	0.01187755055
57860	0.003839351874
57861	0.003105251141
57862	0.003213770224
57863	0.0007004784572
57864	0.006187421773
57865	0.006013398966
57866	0.0004891416454
57867	0.008579562041
57868	0.001565384251
57869	0.002295330975
57870	0.003140562473
57871	0.000794084622
57872	0.007768491606
57873	0.01121411884
57874	0.00156970907
57875	0.0006682060913
57876	0.00645923697
57877	0.002513870763
57878	0.02279282394
57879	0.000543226558
57880	0.003158589559
57881	0.001351262544
57882	0
57883	0.0009622055761
57884	0.003010026671
57885	0.002561723215
57886	0.008342635868
57887	0.0006855537251
57888	0.002399986296
57889	0.008820561034
57890	0.01196465411
57891	0.00750223157
57892	0.004797044898
57893	0.01217592978
57894	0.007996546352
57895	0.0004578753339
57896	0.007153784459
57897	0.002397412176
57898	0.008112322126
57899	0.01242954309
57900	0.0001575804348
57901	0.003551360692
57902	0.01007698455
57903	0.005764130037
57904	1.724030489e-05
57905	0.00947964012
57906	0.004488849105
57907	0.003350039389
57908	0
57909	0.003276876773
57910	0.0004568828465
57911	0.002280338166
57912	0.01073168551
57913	0.002726357115
57914	0.01433486914
57915	0.007182143247
57916	0.0112915351
57917	0.003570709136
57918	0.001633703918
57919	0.002163012808
57920	0.007600931194
57921	0.01126814997
57922	0.003412809882
57923	0.002022751204
57924	0.01326173043
57925	0.004332963043
57926	0.008544106675
57927	0.003422406973
57928	0.003517623668
57929	0.001873249894
57930	0.0102985605
57931	0.0006181523398
57932	0.007335584542
57933	0.003711377344
57934	0.008955362688
57935	0.000774911264
57936	0.002276372471
57937	0.000846142449
57938	0.00594872146
57939	0.00720831633
57940	0.007618389891
57941	0.007194902053
57942	0.00239052167
57943	0.01306342018
57944	0.006014121944
57945	0.01287652439
57946	0.005292140043
57947	0.004592888343
57948	0.002770604504
57949	0.001593088457
57950	0.000327675678
57951	0.004270656074
57952	0.0003654196965
57953	0.001724274823
57954	0.006266570845
57955	0.0001767496577
57956	0.002287230837
57957	0.001515611975
57958	0.006666942799
57959	0.0149156754
57960	0.003240532467
57961	0.004385264257
57962	0.001803298165
57963	0.002326343153
57964	0.007104589754
57965	0.0009810265632
57966	0.0035609623
57967	0.004971609447
57968	0.003921461833
57969	0.001913944654
57970	0.00726208457
57971	0.001448728105
57972	0.001394501986
57973	0.01179968904
57974	0.006044271159
57975	0.01176333701
57976	0.0001097370568
57977	0.0004680751344
57978	0.007838080089
57979	0.0001291223015
57980	0.008751229294
57981	0.002520541968
57982	0.007199130423
57983	0.008354460595
57984	0.0005556955099
57985	0.002604323483
57986	0.007259667289
57987	0.01202351562
57988	0.00199087612
57989	0.008623470778
57990	0.002215166249
57991	0.002848698734
57992	0.004388844255
57993	0.004850374594
57994	0.009269553956
57995	0.01218008649
57996	0.001697455493
57997	0.003009182313
57998	0.001906322483
57999	0.0001503760219
58000	0.00514422741
58001	0.01043370509
58002	0.003018887592
58003	0.01145481577
58004	0.001652805987
58005	0.003153683688
58006	0.008165361594
58007	0.02059282581
58008	0.002831014236
58009	0.01426097102
58010	0.0008063185709
58011	0.001697855854
58012	0.002422697155
58013	0.002590462947
58014	0.007987545634
58015	0.01880929032
58016	0.005173080622
58017	0.005645220237
58018	0.001832319483
58019	0.003409007972
58020	0.008677289836
58021	0.004006146238
58022	0.004183760865
58023	0.0007823801032
58024	0.001582603523
58025	0.004504144281
58026	0.006999623506
58027	0.0179383398
58028	0.00534687573
58029	0.002720624238
58030	0.00118595704
58031	0.002037338124
58032	0.0007066620706
58033	0.004555236349
58034	0.008667280533
58035	0.00241855209
58036	0.003346580167
58037	0.003356467443
58038	0.002926660721
58039	0.003220646898
58040	0.002601511935
58041	0
58042	0.01012561032
58043	0.01294980642
58044	0.00501811473
58045	0.003893207504
58046	0.006431894523
58047	0.01320441991
58048	0.000155518662
58049	0.004981253787
58050	0.003165828366
58051	0.00186116247
58052	0.01045688195
58053	0.01554776318
58054	0.005153917785
58055	0.009729253643
58056	0.009125586958
58057	0.002880228055
58058	0.003915628651
58059	0.002706126678
58060	0.004439383283
58061	0.00749325758
58062	0.001329038687
58063	0.01355296111
58064	0.00454528374
58065	0.003367763338
58066	0.01191290625
58067	0.00269912834
58068	0.01081791484
58069	0.007959275056
58070	0.005493751945
58071	0.002077092134
58072	0.0003925309444
58073	0.002139386192
58074	0.003184573233
58075	0.01016823486
58076	0.001848563792
58077	0.006995961512
58078	0.002996564204
58079	0.007361756552
58080	0.00132204111
58081	0.007396609348
58082	0.001703977212
58083	0.0007674207615
58084	0.01478275036
58085	0.001227832435
58086	0.00696966869
58087	0.0003072086684
58088	0.004644411783
58089	0.0185904209
58090	2.698036291e-05
58091	0.008120250177
58092	0.009979034384
58093	0.002435733593
58094	0.002611769913
58095	0.010906344
58096	0.000103269682
58097	0.01043613302
58098	0.01456957657
58099	0.0008436027091
58100	0.004692517405
58101	0.001897224658
58102	0.007226612995
58103	0.001178922243
58104	0.001538177741
58105	0.008817419099
58106	0.01211971323
58107	0.004495388569
58108	0.00483361886
58109	0.0001038755893
58110	0.003747337216
58111	0.01251301814
58112	0.0004761600777
58113	0.007673451706
58114	0.004370261302
58115	0.003220107762
58116	0.002364635113
58117	2.50299749e-05
58118	0.001718867953
58119	0.003072545495
58120	0.005460631496
58121	0.004841955946
58122	0.01243167497
58123	0.0004626022968
58124	0.004184472198
58125	0.0003391093895
58126	0.007502122799
58127	0.0004678399199
58128	0.01391570182
58129	0.002526923518
58130	0.00330055465
58131	0.004568964944
58132	0.006310755863
58133	0.009345728837
58134	0.003511201772
58135	0.004601506221
58136	0.00827470846
58137	0.004467747486
58138	0.001837255185
58139	0.01133732444
58140	0.0009156766072
58141	0.0003497791221
58142	0
58143	0.003593099073
58144	0.002306314344
58145	0.003192439288
58146	0.001576004687
58147	0.007769719163
58148	0.006582584064
58149	0.006496788492
58150	0.005467881979
58151	0.001861718731
58152	0.009030622995
58153	0.004490698913
58154	0.001108505123
58155	0.002453251802
58156	0.009217869063
58157	0.005140530349
58158	0.001109277244
58159	0.02073250632
58160	0.007051479425
58161	0.004381913395
58162	0.00129309152
58163	0.01884812472
58164	0.0007776108952
58165	0.01079319456
58166	0.002928843622
58167	0.002778568477
58168	0.006948171899
58169	0.002648100109
58170	0.006202849506
58171	0.01908457851
58172	0.00199178081
58173	0.007447131944
58174	0.002019390666
58175	0.004804328858
58176	0.004039311494
58177	0.001078891113
58178	0.002026842931
58179	0.002572852417
58180	0.003294361981
58181	0.006819586204
58182	0.001531008028
58183	0.002634857721
58184	0.002336168233
58185	0.003363392559
58186	0.001194081177
58187	0.007577374655
58188	0.00379618045
58189	0.006679923454
58190	0.004987608242
58191	0.006825283696
58192	0.002623753937
58193	0.002040888253
58194	0.006504472913
58195	0.00424389967
58196	0.0004900087527
58197	0.008811021253
58198	0.002357767151
58199	0.004176798964
58200	0.001018485343
58201	0.00518246855
58202	0.009407526097
58203	9.427502291e-05
58204	0.0002704934836
58205	0.006733685143
58206	0.01275069621
58207	0.0004202081039
58208	0.008672115356
58209	0.002277241251
58210	0.003781781979
58211	0.009180183642
58212	0.004620686326
58213	0.00447654751
58214	0.01183558377
58215	0.00575813512
58216	0.0001924560375
58217	0.005067872072
58218	0.004944742916
58219	0.00604449662
58220	0.0008571305553
58221	0.0005232156719
58222	0.006639335573
58223	0.0005743996222
58224	0.004855196164
58225	0.004967120703
58226	0.005330997655
58227	0.01137520485
58228	0.004343002624
58229	0.006239038529
58230	0.005878582993
58231	0.01805518212
58232	0.01340263562
58233	0.002965328175
58234	0.005937372661
58235	0.009703461702
58236	0.002604256119
58237	0.007523267243
58238	0.003882909033
58239	0.005885322904
58240	0.0002703125696
58241	0.004614945389
58242	0.002219744681
58243	0.007925513941
58244	0.006673864239
58245	0.006803939264
58246	0.0001932278339
58247	0.009431723786
58248	0.001882140102
58249	0.002916053571
58250	0.002738899234
58251	0.0009580462635
58252	0.003020202522
58253	0.01029119052
58254	0.01152095135
58255	0.0009224384965
58256	0.0004716728703
58257	0.006500831743
58258	0.004516632756
58259	0.01067173503
58260	0.003609767301
58261	0.001678227093
58262	0.0008362356585
58263	0.005538930957
58264	0.007103976264
58265	0.001487367721
58266	0.002027079063
58267	0.001550450177
58268	0.001861331812
58269	0.0009442876512
58270	0.009067785245
58271	0.007701088783
58272	0.001663858875
58273	0.00295335739
58274	0.006981706756
58275	0.003405691265
58276	0.00731633023
58277	0.006630597585
58278	0.004637543667
58279	0.003455908681
58280	0.0008028721635
58281	0.0008494299568
58282	0.02547522647
58283	0.00759214293
58284	0.0001199258204
58285	0.01468607538
58286	0.0003734943423
58287	0.006904665518
58288	0.005472237548
58289	0.004235821937
58290	0.001753403052
58291	0.01221487051
58292	0.004958327482
58293	0.003782487783
58294	0.00153867455
58295	0.002888245094
58296	0.0002240952978
58297	0.008196223112
58298	0.001985607475
58299	0.001229875859
58300	0.004424165187
58301	0.005485994406
58302	0.003760278966
58303	0.008058663165
58304	0.002593891729
58305	0.01602669693
58306	0.0006955821204
58307	0.01181604344
58308	0.008070467533
58309	0.002034664593
58310	0.008799769888
58311	0.001406634453
58312	0.003824099659
58313	0.0124084342
58314	0.007000008943
58315	0.002672675093
58316	0.008274253333
58317	0.002490130313
58318	0.01056825404
58319	0.003911440755
58320	0.001734338074
58321	0.008023974876
58322	0.008793428089
58323	0.0003119980836
58324	0.01185869206
58325	0.007365568191
58326	0.01361095478
58327	0.00503804591
58328	0.005095006327
58329	0.00505328328
58330	0.001400207782
58331	0.002881565916
58332	0.002631442972
58333	0.004485790789
58334	0.01445085304
58335	0.006418657779
58336	0.001292925485
58337	0.007278559367
58338	0.001576787593
58339	0.00266945088
58340	0.005734135228
58341	0.0051958728
58342	0.002509220408
58343	0.0006029460481
58344	0.007609882984
58345	0.003964339783
58346	0.00326934468
58347	0.0001486973322
58348	0.002040618168
58349	0.007450617531
58350	0.02267755277
58351	0.009398657599
58352	0.008427799442
58353	0.002153020053
58354	0.007330902425
58355	0.001438384082
58356	0.001061665772
58357	0.01745969187
58358	0.002201773843
58359	0.003703130363
58360	0.009777879666
58361	0.003212120679
58362	0.001270491313
58363	0.004012757947
58364	0.00318837285
58365	0.002088740766
58366	0.004817778525
58367	0.0008127989875
58368	0.005324310031
58369	0.009071533507
58370	0.0008028721635
58371	0.0009536315135
58372	0.003219934267
58373	4.092798903e-05
58374	0.004631260355
58375	0.002493781109
58376	0.009419882502
58377	0.005403492787
58378	0.004666014664
58379	0.005165121041
58380	0.006261086974
58381	0.003123363763
58382	0.00261804238
58383	0.008121517163
58384	0.01006698863
58385	0.00289828667
58386	0.005972572313
58387	0.007765407339
58388	0.001248673423
58389	0.009089860159
58390	0.0006651041955
58391	0.01635111209
58392	0.004864031592
58393	0.001514400166
58394	0.004229671124
58395	0.006538512521
58396	0.006199023058
58397	0.007536843085
58398	0.003988832741
58399	0.01032704199
58400	0.007388158444
58401	0.000318033642
58402	0.00301736511
58403	0.008786058901
58404	0.0008187089146
58405	0.003876064597
58406	0.001801477317
58407	0.003956813022
58408	0.005646107464
58409	0.005401276939
58410	0.005011940994
58411	0.006125489038
58412	0.0198738837
58413	0.002945035749
58414	0.002617192856
58415	0.00223022714
58416	0.008610771144
58417	0.01172970954
58418	0.003555056007
58419	0.007354625231
58420	0.002591878019
58421	0.00316295792
58422	0.00157948539
58423	0.005735727653
58424	0.004358655263
58425	0.0007640468947
58426	0.0008199091198
58427	0.01235552459
58428	0.0009234377437
58429	0.0009213622092
58430	0.01126859674
58431	0.005060386798
58432	0.004034776899
58433	0.004928448815
58434	0.001243220645
58435	0.005836663513
58436	9.853008808e-05
58437	0.008674412431
58438	0.0004687411168
58439	0.0006304845322
58440	0.02224737686
58441	0.008583645218
58442	0.008392743194
58443	0.008588508201
58444	0.00654995277
58445	0.01000724236
58446	0.00289974864
58447	0.004352720223
58448	0.0003260510601
58449	0.004735924395
58450	0.004495741884
58451	0.008065216521
58452	0.001256960276
58453	0.01298908204
58454	0.0009571019726
58455	0.007977765481
58456	0.002088718901
58457	0.002807164492
58458	0.00923906154
58459	0.005072667062
58460	0.00538464956
58461	0.02037228123
58462	0.003732334515
58463	0.0001549771198
58464	0.00764360377
58465	0.003375648239
58466	0.007832709008
58467	0.007323332241
58468	0.001497738468
58469	0.002890139764
58470	0.003129514159
58471	0.008228355281
58472	0.0092242828
58473	0.0021702665
58474	0.0008926429527
58475	0.008624787899
58476	0.001351079732
58477	0.00213079796
58478	0.001582509986
58479	0.001497254493
58480	0.0001465325307
58481	0.003251104629
58482	0.005850339604
58483	0.002226955718
58484	0.002098311805
58485	0.0008946692347
58486	0.001752547745
58487	0.007999427195
58488	0.003146788702
58489	0.003926335113
58490	0.002348688563
58491	0.003192418177
58492	0.005641831147
58493	0.008921629719
58494	0.0007888265263
58495	0.007276953522
58496	0.00940070548
58497	0.005183091922
58498	0.0004012311895
58499	0.0265662126
58500	4.737755528e-05
58501	0.0009262290757
58502	0.004096685578
58503	0.002092918502
58504	0.004036316961
58505	0.003351659142
58506	0.0008138967542
58507	0.006938238758
58508	0.001036117525
58509	0.003972922755
58510	0.008657400174
58511	0.008466475548
58512	0.007058201075
58513	0.002201039886
58514	0.007505233353
58515	0.003466016704
58516	0.003923341192
58517	0.00769246243
58518	0.01266808134
58519	0.006176984289
58520	0.002921745139
58521	0.008823704462
58522	0.003472202554
58523	0.003688123489
58524	0.004068340897
58525	0.008653980223
58526	0.007937278725
58527	0.004482434354
58528	0.008546671492
58529	0.0002621190578
58530	0.001881488599
58531	0.0009581347027
58532	0.002119621741
58533	0.008889031833
58534	0.005246984897
58535	0.006232377759
58536	0.001180901492
58537	0.002095185008
58538	0.0008122899528
58539	0.004278632021
58540	0.002273310531
58541	0.001606068279
58542	0.002422658036
58543	0.007441941885
58544	0.004090192781
58545	0.001801906636
58546	0.002152849883
58547	0.01384851263
58548	0.01239492732
58549	0.01117588232
58550	0.0009642069108
58551	0.0008990256662
58552	0.0003014184358
58553	0.007094410628
58554	0.00045564612
58555	0.01050371999
58556	0.01539858789
58557	0.005554563567
58558	0.003350115733
58559	0.001094716505
58560	0.000881877531
58561	0.009520803725
58562	0.01501727581
58563	0.003143709631
58564	0.0006296487312
58565	0.003531012536
58566	0.008165376937
58567	0.0007791557933
58568	0.002915432079
58569	0.002853131331
58570	0.0008467595337
58571	0.0002857859002
58572	0.005321808139
58573	0.009421424447
58574	0.003229058666
58575	0.0001569754345
58576	0.006360733399
58577	0.002671995344
58578	0.0001613430511
58579	0.003547317193
58580	0.001374611352
58581	0.007736803033
58582	0.003659994136
58583	0.009408121835
58584	0.006170400733
58585	0.009170985929
58586	0.000795757336
58587	0.004405865789
58588	0.002925954904
58589	0.005657759728
58590	0.007734274684
58591	0.01519979663
58592	0.001169469612
58593	0.002741529423
58594	0.01688415519
58595	0.005396741878
58596	0.002678277656
58597	0.003301380342
58598	0.006007719122
58599	0.002347689184
58600	0.005854438855
58601	0.0105881363
58602	0.002550535574
58603	0.009644073505
58604	0.01206909247
58605	0.01446547421
58606	0.004569278208
58607	0.002182641208
58608	0.006049997587
58609	0.001184502035
58610	0.007411646138
58611	0.00805324498
58612	0.004203482357
58613	0.001188055303
58614	0.008643603954
58615	0.008470763814
58616	0.01313644379
58617	0.009896620901
58618	0.001576341029
58619	0.01268624001
58620	0.004392819568
58621	0.004991925264
58622	0.01754773891
58623	0.005128689012
58624	0.001568791653
58625	5.578658172e-05
58626	0.004612741697
58627	1.852616232e-05
58628	0.0001650518546
58629	0.007983178114
58630	0.006484620326
58631	0.0003629238792
58632	0.007410988711
58633	0.01341418689
58634	0.01664209942
58635	0.004629242567
58636	0.01872164095
58637	0.006610431472
58638	0.002177360596
58639	0.000992516755
58640	0.008097221974
58641	0.005046621195
58642	0.01373554984
58643	0.004235162694
58644	0.006883838974
58645	0.002076154754
58646	0.01568230694
58647	0.007450616933
58648	0.004229937572
58649	0.001436074898
58650	0.00917395408
58651	0.01126062213
58652	0.001169521926
58653	0.006619878159
58654	0.003553134723
58655	0.007077241256
58656	4.370075213e-05
58657	0.006360785166
58658	0.003270400968
58659	0.004060391897
58660	0.002957665426
58661	0.001517429301
58662	0.003548685488
58663	0.0002557217796
58664	0.002646802756
58665	0.001612384577
58666	0.008033482416
58667	0.0001955800647
58668	0.008340210378
58669	0.0182274361
58670	0.004613715986
58671	0.01018067454
58672	0.004364377636
58673	0.01264210826
58674	0.001887089473
58675	0.002491938453
58676	0.005214146635
58677	0.01182286937
58678	0.0006377636866
58679	0.0009180590359
58680	0.001541123346
58681	0.0004874214475
58682	0.007430262246
58683	0.003498975947
58684	0.001091743209
58685	0.005885252327
58686	0.001054078129
58687	0.003984580377
58688	0.004684565248
58689	0.005532585552
58690	0.003025547285
58691	0.0001424598328
58692	0.0007034199357
58693	0.005390956973
58694	0.001090561404
58695	0.0008226715926
58696	0.001484825671
58697	0.002422989588
58698	0.0009984070888
58699	0.007453303214
58700	0.002080815691
58701	0.00398141898
58702	0.01467608356
58703	0.01910122173
58704	0.01511830487
58705	0.0002046894411
58706	0.001740524823
58707	0.001619867213
58708	0.01249014738
58709	0.009938586399
58710	0.004555832465
58711	0.003043941576
58712	0.01336128338
58713	0.006045623784
58714	0.003467009391
58715	0.004670029947
58716	0.003260201055
58717	0.002398253658
58718	0.001374929029
58719	0.0005160248651
58720	0.006465575738
58721	0.001342519186
58722	0.006159801005
58723	0.01015635527
58724	0.001313178752
58725	0.004344623665
58726	0.00243809149
58727	0.01316316342
58728	0.005371211625
58729	0.002526656705
58730	0.005730352235
58731	0.0006379553271
58732	0.008908716155
58733	1.783103225e-05
58734	0.007803222528
58735	0.0006299482982
58736	0.004440516448
58737	0.007841061114
58738	0.006104638303
58739	0.01178253815
58740	0.007246931739
58741	0.007647111257
58742	0.008684374594
58743	0.001949487267
58744	0.003743212159
58745	0.003128985702
58746	0.00721413849
58747	0.006321402403
58748	0.001555431828
58749	0.002762920696
58750	0.006119587567
58751	0.005521462701
58752	0.002032953114
58753	0.002076837878
58754	0.004773304327
58755	0.003279424135
58756	0.008101554943
58757	0.01028661215
58758	0.004071456534
58759	0.002417784619
58760	0.0005219448207
58761	0.00421615628
58762	0.006961260977
58763	0.003328719153
58764	0.02051937435
58765	0.00937066832
58766	0.0002786244891
58767	0.01032730697
58768	0.005274508229
58769	0.002563997006
58770	0.01023924978
58771	0.000610405887
58772	0.003224803394
58773	0.001369026238
58774	0.002771725395
58775	0.003452817318
58776	0.002184370691
58777	0.009162403185
58778	0.001848800156
58779	0.0009455875689
58780	0.009490443217
58781	0.01542314669
58782	0.004931210699
58783	0.00224734932
58784	0.008091253603
58785	0.002509974554
58786	0.006704548998
58787	0.003666510198
58788	0.0006116694909
58789	0.004616610264
58790	0.00708085808
58791	0.007157375675
58792	0.007267784005
58793	0.005571635126
58794	0.005136428361
58795	0.004971298352
58796	0.002372289484
58797	0.003471587612
58798	0.001303627024
58799	0.0007954737906
58800	0.0003757879985
58801	0.001729106982
58802	0.003446147528
58803	0.002943981593
58804	0.00043878678
58805	0.005832778874
58806	0.0009043091413
58807	5.338270452e-05
58808	0.002128009207
58809	0.001907722417
58810	0.0007202831853
58811	0.0006410331925
58812	0.0002679694392
58813	0.003042269162
58814	0.0004478615825
58815	0.004079634543
58816	0.001844191877
58817	0.002878352683
58818	0.0008122567638
58819	0.01446222614
58820	0.008135534515
58821	0.005905954534
58822	0.002740613205
58823	0.0005450032289
58824	0.02127703774
58825	0.00398125249
58826	0.005944810695
58827	0.02182864366
58828	0.000317451446
58829	0.00648798527
58830	0.007710357808
58831	0.003778538232
58832	0.009727731333
58833	0.007381179525
58834	0.01115521542
58835	0.005053890457
58836	0.002970054132
58837	0.009265306315
58838	0.009035755747
58839	0.005524856929
58840	0.00552060064
58841	0.001306974301
58842	0.01076580753
58843	0.009233443735
58844	0.0070339317
58845	0.01330916508
58846	0.003968674083
58847	0.0001809180544
58848	0.0133769178
58849	0.019611083
58850	0.01467650302
58851	0.003392001433
58852	0.00813589746
58853	0.003388463536
58854	0.00757645117
58855	0.001168028304
58856	0.004908868189
58857	0.001775637073
58858	0.00435407813
58859	0.002977607231
58860	0.0009938159029
58861	0.0001425834093
58862	0.003551366962
58863	0.0003592398672
58864	0.003574425456
58865	0.007812934102
58866	0.01506759146
58867	0.006096729882
58868	0.005463398286
58869	0.006822237031
58870	0.003294242636
58871	0.01109284457
58872	0.004044340932
58873	0.004827384041
58874	0.001435657964
58875	0.001487905006
58876	0.0001074063125
58877	0.003873328481
58878	0.0005845045113
58879	0.0005185425006
58880	0.004681722969
58881	0.003800486242
58882	0.003139096398
58883	0.0007752503732
58884	0.002352553304
58885	0.001713965017
58886	0.009303010313
58887	0.0003023375679
58888	0.0004409176986
58889	0.003145442024
58890	0.00632759113
58891	0.01150255589
58892	0.004698656537
58893	0.01477568636
58894	0.003920285066
58895	0.00959754931
58896	0.005992784955
58897	0.005742980968
58898	0.006768626199
58899	0.007081539789
58900	0.000929773464
58901	8.056199227e-05
58902	0.001681845835
58903	0.001225334574
58904	0.001524855549
58905	0.006203341193
58906	9.916809658e-05
58907	0.000523524232
58908	0.003914846992
58909	2.691334049e-06
58910	0.002310128911
58911	0.001576981863
58912	0.001338716071
58913	0.001898683349
58914	0.001452918847
58915	0.001209747188
58916	0.0001250948043
58917	0.001378240565
58918	0.001613834082
58919	0.003936493875
58920	0.001619942749
58921	0.002614634452
58922	0.008688789167
58923	0.009961087461
58924	0.01726714472
58925	0.006656097593
58926	0.01783893423
58927	0.002544692361
58928	0.001329809133
58929	0.003754134859
58930	0.003301775088
58931	0.01099066423
58932	0.004416569909
58933	0.001499652083
58934	0.0003846293182
58935	0.008909550203
58936	0.007541625961
58937	0.0007751848627
58938	0.0005371185731
58939	0.00214458002
58940	0.001625669675
58941	0.001493924997
58942	0.001473924678
58943	0.001069071713
58944	0.003940498486
58945	0.004796493569
58946	0.01049480175
58947	0.005944339488
58948	0.0008213485907
58949	0.00623535335
58950	0.001651489088
58951	0.006949061517
58952	0.002469425691
58953	0.0003267913998
58954	0.006819556685
58955	0.003585025719
58956	0.002340482904
58957	0.006102114068
58958	0.0009965601025
58959	0.00161637553
58960	0.006487177546
58961	0.004425805407
58962	0.01119086829
58963	0.001317655126
58964	0.01337557683
58965	0.001097364293
58966	0.004099316059
58967	0.003366884278
58968	0.0007561638355
58969	0.001713666626
58970	0.0008572173715
58971	0.002100971105
58972	0.005307472892
58973	0.003104729935
58974	0.0003745281282
58975	0.01024519973
58976	0.0006611340856
58977	0.001560111981
58978	0.01872430696
58979	0.004646435952
58980	0.006891969086
58981	0.005026192233
58982	0.004887808131
58983	0.001090406317
58984	0.005410417072
58985	0.004109853916
58986	0.007514853761
58987	0.0117266273
58988	0.0004428591096
58989	0.009841977911
58990	0.001483906031
58991	0.02799898318
58992	0.0003891021248
58993	0.01038832598
58994	0.003499064047
58995	0.005917604519
58996	0.006142353903
58997	0.008021678596
58998	0.001033963809
58999	0.005063727621
59000	0.002401195032
59001	0.007772076686
59002	0.01109246245
59003	0.004695124271
59004	0.002069600616
59005	0.003325731333
59006	0.006913598254
59007	0.004544765691
59008	0.001159820236
59009	0.003368942567
59010	0.006421615248
59011	0.0008060807159
59012	0.001591118292
59013	0.002508056957
59014	0.001618249637
59015	0.006205508296
59016	0.00512138418
59017	0.01895761981
59018	0.001438084088
59019	0.005415475719
59020	0.01889675832
59021	0.001467051946
59022	0.003050213165
59023	0.005757655984
59024	0.001255754881
59025	0.003084600781
59026	0.005432312638
59027	0.003571564508
59028	0.002107440042
59029	0.003412100022
59030	0.005258771431
59031	0.0076785305
59032	0.009365208159
59033	0.003886830199
59034	0.007863912032
59035	0.009572973166
59036	0.004233247057
59037	0.002423715764
59038	0.01824367566
59039	0.01064507724
59040	0.007789620319
59041	0.002618797053
59042	0.001572018218
59043	0.004269601341
59044	0.0007375450732
59045	0.00953088163
59046	0.01224359128
59047	0.01113350101
59048	0.0012832838
59049	0.002205173672
59050	0.006134829238
59051	0.01317131684
59052	0.001909554138
59053	0.0129348697
59054	0.01267132337
59055	0.01072409393
59056	0.009196894207
59057	0.002969136717
59058	0.008392519522
59059	0.003149077255
59060	0.01097255952
59061	0.012787513
59062	0.001231194975
59063	0.00382589799
59064	0.0007378934412
59065	0.004207139258
59066	0.002426313373
59067	0.001148227663
59068	0.001537885929
59069	0.0004579695156
59070	0.01904490035
59071	0.008135941833
59072	0.008753249182
59073	0.01243039388
59074	0.003000854261
59075	0.002155734764
59076	0.01032614452
59077	0.006096258149
59078	0.003017505298
59079	0.0009320791172
59080	0.003984747726
59081	0.001464813303
59082	0.004708732475
59083	0.001024911433
59084	0.00540894892
59085	0.001819288501
59086	0.001765055544
59087	0.01335013808
59088	0.00181208613
59089	0.00181491771
59090	0.001138844567
59091	0.003949445141
59092	0.002135875881
59093	0.006077766292
59094	0.01862946148
59095	0.01465486902
59096	0.000187616006
59097	0.0008276459798
59098	0.0002344287306
59099	0.0003413634663
59100	0.001634266844
59101	0.001640518441
59102	0.0009302235417
59103	0.00141096995
59104	0.0004670043341
59105	0.004883269869
59106	0.00113449076
59107	8.667031091e-05
59108	0.009276199558
59109	0.002535067
59110	0.0008962710627
59111	0.007937869016
59112	0.005390149922
59113	0.0003090584194
59114	0.001551011421
59115	0.004156099812
59116	0.004322342964
59117	0.0005102685342
59118	0.004299233437
59119	0.00376641894
59120	0.005631610562
59121	0.006609062187
59122	0.003642177919
59123	0.001880162676
59124	0.008071874438
59125	0.006533422217
59126	0.0001032090727
59127	0.007762924919
59128	0.002507895074
59129	0.01253250703
59130	0.007831004327
59131	0.0009294516487
59132	0.0006474330033
59133	0.004629840719
59134	0.004935566659
59135	0.0008539814773
59136	0.007353498305
59137	0.00345534604
59138	0.0006376939879
59139	0.01144396932
59140	0.001756767874
59141	0.006159534245
59142	0.01092162845
59143	0.002323010729
59144	0.001703444824
59145	0.001890652679
59146	0.00843314729
59147	0.003081101041
59148	0.009194770111
59149	0.001224494755
59150	0.01687930427
59151	0.01829209047
59152	0.0007104927547
59153	0.003238729375
59154	0.0005581514864
59155	0.006163434247
59156	0.01100097208
59157	0.0001184145808
59158	8.014221964e-05
59159	0.002415983564
59160	0.0009985020696
59161	0.009376747821
59162	0.006264242775
59163	0.007950261145
59164	0.007853227402
59165	0.006252243055
59166	0.001617643314
59167	0.00153205355
59168	0.003394041014
59169	0.001312332271
59170	0.001064209039
59171	0.0008557794363
59172	0.0001478039646
59173	0.004955360339
59174	0.001066044096
59175	0.01060623087
59176	0.008991573491
59177	0.001750573222
59178	0.0007258396037
59179	0.01085597478
59180	0.003186624077
59181	0.003235560144
59182	0.004999503145
59183	4.114995294e-05
59184	0.0006417278776
59185	0.006186164937
59186	0.009311483136
59187	0.005223962632
59188	0.007847111177
59189	0.007463617982
59190	0.001553565477
59191	0.000307547531
59192	0.0008735208822
59193	0.0002126587048
59194	0.005058632914
59195	0.0002388396392
59196	0.00287731657
59197	0.01227991397
59198	0.00475947912
59199	0.01051764609
59200	0.001179767629
59201	0.009705488595
59202	0.006563901273
59203	0.001580039888
59204	0.002539259185
59205	0.002038148711
59206	0.008012077099
59207	0.0008195960594
59208	0.002585746842
59209	0.001888426151
59210	0.01753270832
59211	0.0007388364839
59212	0.0110515746
59213	0.01598616927
59214	0.003296669237
59215	0.002319462397
59216	0.008424473644
59217	0.0007332907219
59218	0.01101625904
59219	0.001347345609
59220	0.00472090264
59221	0.004634441484
59222	0.009733737983
59223	0.002325866347
59224	0.001101907042
59225	0.01745357282
59226	0.001477810429
59227	0.0008677892442
59228	0.01024769026
59229	0.001197922275
59230	0.001973389623
59231	0.005929282298
59232	0.001489344618
59233	0.02419622402
59234	0.001256916416
59235	0.008850883543
59236	0.003549071121
59237	0.003306694035
59238	0.005216309272
59239	0.004066948993
59240	0.007179659791
59241	0.0007891121974
59242	0.0002268292055
59243	0.003624962008
59244	0.001401680688
59245	0.004000499567
59246	0.006783282252
59247	0.007978990551
59248	0.01193084124
59249	5.498243583e-06
59250	0.009160477883
59251	0.003520078254
59252	0.01370555495
59253	0.007953782157
59254	0.006619294028
59255	0.002652720539
59256	0.001559650787
59257	0.006285764336
59258	0.0007115991693
59259	0.00142172297
59260	0.001072632883
59261	0.002819180744
59262	0.003283649292
59263	0.0008918690514
59264	0.0005968809013
59265	0.003945862116
59266	0.002198854595
59267	0.00230916664
59268	0.0008007918871
59269	0.003709520502
59270	0.01428593967
59271	0.0009374344287
59272	0.001948519627
59273	0.01314803414
59274	0.006643919538
59275	0.000822778454
59276	0.004001388974
59277	0.003015919268
59278	0.0002004476897
59279	0.001805690028
59280	0.002421153695
59281	0.002796792905
59282	0.004603347925
59283	0.005687642723
59284	0.000898452746
59285	0.004857521551
59286	0.006346670021
59287	0.000250982778
59288	0.0008448087681
59289	0.004447874075
59290	0.01187753317
59291	0.003452935558
59292	0.005847901224
59293	0.003906887497
59294	0.002771088524
59295	0.009846083847
59296	0.0005124476921
59297	0.00494177896
59298	0.004905218949
59299	0.007861152613
59300	0.002304428617
59301	0.002438124505
59302	0.009898399352
59303	0.003079553385
59304	0.01430643417
59305	0.01056235705
59306	4.651875938e-05
59307	0.001045656731
59308	0.00490835516
59309	0.004166118307
59310	0.002715526327
59311	0.004011869972
59312	0.01136049874
59313	0.002991127239
59314	0.006329913692
59315	0.0002044342773
59316	0.002076323065
59317	0.00185303271
59318	0.0002987095776
59319	0.001949438397
59320	0.0003189817423
59321	0.003184983877
59322	0.0008898193839
59323	0.02670693848
59324	0.0003180914865
59325	0.007531633777
59326	0.002224652073
59327	0.002654098156
59328	0.003061338472
59329	0.0193208252
59330	0.003602707429
59331	0.006117289026
59332	0.01128949912
59333	0.0032644786
59334	0.0007469065614
59335	0.005228508494
59336	4.813854035e-05
59337	0.0007413444635
59338	0.003341885155
59339	0.01045708707
59340	0.000989541693
59341	0.00248141014
59342	0.0005352276166
59343	0.003052179665
59344	0.001303953877
59345	0.02226464904
59346	0.004139735251
59347	0.01084604742
59348	0.008162570609
59349	0.001553611718
59350	0.002487962895
59351	0.008398667704
59352	0.00451720431
59353	0.0001436373005
59354	0.009024445495
59355	0.003739345653
59356	0.006739033482
59357	0.01010662301
59358	0.0005736998537
59359	0.008964786528
59360	0.002792436119
59361	0.004544242386
59362	0.008184694447
59363	0.00147500412
59364	0.001980922371
59365	0.006145107947
59366	0.0007653127206
59367	0.002361127443
59368	0.001381765396
59369	0.002248593767
59370	0.007640671783
59371	0.003089500002
59372	0.003671187865
59373	0.006637948729
59374	0.01169530305
59375	0.002395622712
59376	0.01080686877
59377	0.00613622138
59378	0.0007041857386
59379	0.002109156123
59380	0.007463812068
59381	0.009935332415
59382	0.004989582966
59383	0.01485002552
59384	0.001849993228
59385	0.007892819559
59386	0.004595706215
59387	0.0065578085
59388	0.006338867547
59389	0.006607342084
59390	0.001602303617
59391	0.002918176437
59392	0.008639252071
59393	0.00629976616
59394	0.001666439583
59395	0.003718590423
59396	0.003413861317
59397	0.0005207840027
59398	0.005252590052
59399	0.004672317264
59400	0.005476871188
59401	0.001398861618
59402	0.001869238957
59403	0.00187300955
59404	0.003758811564
59405	0.005984970384
59406	0.001827307996
59407	0.001266793844
59408	0.006703621099
59409	0.001603661334
59410	0.01133183014
59411	0.01132222807
59412	0.01216075904
59413	0.002575612827
59414	0.006263999296
59415	0.006117455353
59416	0.01376953044
59417	0.01456252444
59418	0.002148794025
59419	0.004963550631
59420	0.004721149342
59421	0.008255863443
59422	0.01022478142
59423	0.001855142825
59424	0.00379675726
59425	0.0003115908983
59426	0.0004906400493
59427	0.002374198387
59428	6.720311674e-05
59429	0.001413129631
59430	0.005382562601
59431	0.0004486963288
59432	0.002406654423
59433	0.002284488357
59434	0.002417078086
59435	0.006805207152
59436	0.01044221385
59437	0.005301394806
59438	0.001159030824
59439	0.004522876055
59440	0.0002685159703
59441	0.002183055763
59442	0.003012814798
59443	0.002883604083
59444	0.01798224081
59445	0.0024983678
59446	0.01297987862
59447	0.006269053459
59448	0.0006851437362
59449	0.001295490094
59450	0.0002385247765
59451	0.0001246972407
59452	0.0003897043969
59453	0.0003696760725
59454	0.000107263195
59455	1.789816688e-05
59456	0.0001131865179
59457	0.0003803063227
59458	0.0002710939168
59459	0.0001352656757
59460	2.131655064e-05
59461	1.331175833e-06
59462	0.0001014913981
59463	1.585212615e-05
59464	0.0002378908582
59465	0.0003667966873
59466	0.0002276103982
59467	0.0003663467871
59468	9.222236141e-06
59469	0.0003715848871
59470	0.0002408541632
59471	2.057405046e-07
59472	0.00038058986
59473	0.0001383404117
59474	0.0003681358148
59475	0.0003906872155
59476	3.373237896e-06
59477	2.002102477e-05
59478	0.000392397199
59479	0.0003730587097
59480	0.0002349825813
59481	0.0003837134977
59482	0.000229691745
59483	7.383409694e-07
59484	1.178452827e-05
59485	0.0003670202382
59486	0.0001139746254
59487	0.0003649234332
59488	0.0003956534053
59489	0.0002372779944
59490	0.0003660596611
59491	0.0003887185552
59492	0.0002252418747
59493	0.0002435772371
59494	2.994033969e-07
59495	0.0002616484789
59496	4.299013327e-05
59497	1.618552394e-06
59498	0.0001125816595
59499	2.673368597e-05
59500	2.129586253e-06
59501	0.0002689443594
59502	0.000386038119
59503	2.98665392e-05
59504	8.781302936e-05
59505	0.0001274042551
59506	0.0002794911883
59507	0.0001269445165
59508	0.0002219627831
59509	2.272261305e-07
59510	0.0001241020936
59511	0.0002686899895
59512	0.0001052074683
59513	1.229702674e-05
59514	6.837782978e-06
59515	9.939354549e-05
59516	0.01422989254
59517	0.004228586649
59518	0.0006882310323
59519	0.004031478678
59520	0.003328855105
59521	0.003589430318
59522	0.001576275434
59523	0.01564489414
59524	0.0008523381696
59525	0.0004649001478
59526	0.0007923101587
59527	0.0009787222657
59528	0.0004284054394
59529	0.002348671555
59530	0.004579301363
59531	0.007671901507
59532	0.01126313603
59533	0.01405617903
59534	0.01322923291
59535	0.002497646102
59536	0.004854754326
59537	0.01939881131
59538	0.000179735009
59539	0.007634344849
59540	0.01880044736
59541	0.008585834289
59542	0.0009537065073
59543	0.001274613146
59544	0.001844950968
59545	0.02206864104
59546	0.0005477459022
59547	0.009411541478
59548	0.001062074744
59549	0.003336266799
59550	0.008681364702
59551	0.01233469511
59552	0.003438310025
59553	0.001368370066
59554	0.01456017158
59555	0.007943557991
59556	0.008089307199
59557	0.006053046258
59558	0.01340397994
59559	0.02176676919
59560	0.01674137853
59561	0.0007369714897
59562	0.003800298387
59563	0.001167994209
59564	0.005745617893
59565	0.001771223808
59566	0.008623291335
59567	0.003707895734
59568	0.001713009755
59569	0.01004966724
59570	0.01186859301
59571	0.0009988881499
59572	0.008629831688
59573	0.006093711266
59574	0.001226403925
59575	0.01073143456
59576	0.004888602296
59577	0.004935014812
59578	0.007089510173
59579	0.002775649671
59580	0.0009270564513
59581	0.00583329406
59582	0.005819491614
59583	0.002651077527
59584	0.00256656775
59585	0.001100217731
59586	0.001719382614
59587	0.0009017215107
59588	0.01023319206
59589	0.006291467707
59590	0.01069045432
59591	0.002629655435
59592	0.0108436905
59593	0.007662625652
59594	0.0004760095525
59595	0.006090928849
59596	0.002158609906
59597	0.008602972439
59598	0.006749879456
59599	0.01062175038
59600	0.01332958628
59601	0.006416034755
59602	0.006000940118
59603	0.0018103673
59604	0.001117423387
59605	0.005126790745
59606	0.002296471144
59607	0.007006844048
59608	0.003110341043
59609	0.003130130912
59610	0.01194284505
59611	0.004138597083
59612	1.532370645e-05
59613	0.001290264927
59614	0.003727465591
59615	0.009130384028
59616	0.005362069304
59617	2.57214377e-05
59618	0.008501162751
59619	0.006231919095
59620	0.000635051239
59621	0.008450525505
59622	0.002542224147
59623	3.528281196e-05
59624	0.006195782579
59625	0.002545898993
59626	0.01559920367
59627	0.001748990292
59628	0.00815640471
59629	0.00668834473
59630	0.0009952824656
59631	0.001625276855
59632	0.01433819624
59633	0.005501977565
59634	0.004220146552
59635	0.0007378033067
59636	0.00181883576
59637	0.008652432121
59638	0.002049638519
59639	0.0003370331481
59640	0.001023504378
59641	0.0004757477622
59642	0.002635966692
59643	0.0112657773
59644	0.007566546169
59645	0.008724908448
59646	0.00424676517
59647	0.01223399116
59648	0.01311404004
59649	0.002825944604
59650	0.003095351368
59651	0.0005312533143
59652	0.003888401119
59653	0.001032725082
59654	0.001124036672
59655	0.0009290343521
59656	0.0006930190413
59657	0.00236895064
59658	0.02448403249
59659	0.006587107079
59660	0.001910768953
59661	0.005693518773
59662	0.0007412124864
59663	0.009299577541
59664	0.0011332585
59665	0.01806331092
59666	0.01646646486
59667	0.003398967636
59668	0.008554539442
59669	0.00768833488
59670	0.008487682993
59671	0.002169521047
59672	0.001280090612
59673	0.0003523343502
59674	0.006276746075
59675	0.005149944206
59676	0.001841704973
59677	0.005864170762
59678	0.007244820042
59679	0.007291009541
59680	0.007252317765
59681	1.896526418e-05
59682	0.01305583261
59683	0.001110334979
59684	0.009794070637
59685	0.006032288133
59686	0.005070104404
59687	0.0005150996787
59688	0.006494298073
59689	0.003110320861
59690	0.002658421152
59691	7.099387986e-05
59692	0.01140472967
59693	0.00848471743
59694	0.005970560286
59695	0.0003046711734
59696	0.00329810001
59697	0.009430693936
59698	0.00311974111
59699	0.0002515987284
59700	0.001929816044
59701	0.00674027823
59702	0.002751332153
59703	0.002836872463
59704	0.004236195848
59705	0.008681219637
59706	0.01543735918
59707	0.001831337036
59708	0.01410461078
59709	0.000526973674
59710	0.009730276952
59711	0.006712543273
59712	0.005331649153
59713	0.001441144154
59714	0.002973136508
59715	0.01386094026
59716	0.002471429676
59717	0.0161990466
59718	0.003818748833
59719	0.004536242982
59720	0.002776590585
59721	0.002780685071
59722	0.004931319328
59723	0.004452817478
59724	0.0129471659
59725	0.001212283705
59726	0.003307794374
59727	0.0008799004791
59728	0.0005417570685
59729	0.004454059203
59730	0.002253299103
59731	0.003429907472
59732	0.005076502211
59733	0.005568639099
59734	0.0003351156909
59735	0.0006051594824
59736	0.0006760841023
59737	0.001056153172
59738	0.005788666994
59739	0.007283258457
59740	0.00797169616
59741	0.007039054432
59742	0.0003024844528
59743	0.00499392549
59744	0.0007782133998
59745	0.01071178601
59746	0.0004018008997
59747	0.0002491119337
59748	0.0005626279384
59749	0.0006261326328
59750	0.002050345903
59751	0.0009237944847
59752	0.0007143447234
59753	0.003327376121
59754	0.002546631634
59755	0.00272056715
59756	0.002710268762
59757	0.00028035991
59758	0.001697178023
59759	0.003890361082
59760	0.0003324116978
59761	0.009552141196
59762	0.009458680254
59763	0.006741972451
59764	0.003505820042
59765	0.00743339331
59766	0.0004428025608
59767	0.005747918879
59768	0.002533403733
59769	0.003339305214
59770	0.01010822714
59771	0.001089951607
59772	0.0004447541421
59773	0.002936826024
59774	0.007221610593
59775	0.001302971751
59776	0.0009565811183
59777	0.002017624344
59778	0.005703387874
59779	0.00429952521
59780	0.001823674535
59781	0.01241296
59782	0.003510379564
59783	0.00123951851
59784	0.002260957054
59785	0.001516151138
59786	0.02472255761
59787	0.007760374211
59788	0.01428054544
59789	0.008334187461
59790	0.002571228691
59791	0.004890703934
59792	0.001059640481
59793	0.01192191008
59794	0.004132638133
59795	0.000510016537
59796	0.001948285746
59797	0.006174908782
59798	0.002847373972
59799	0.001241373322
59800	0.004962137782
59801	0.004836609747
59802	0.00191037349
59803	2.755620191e-05
59804	0.003482492152
59805	0.0001228302146
59806	0.003192448597
59807	0.0001357232654
59808	0.001440030103
59809	0.0006967667709
59810	0.00303274531
59811	0.0009298467702
59812	0.004503799784
59813	0.0004456999619
59814	0.001663010514
59815	0.0001310754331
59816	0.002829505418
59817	0.001177300196
59818	0.0002768771554
59819	0.0005831390566
59820	0.003570175524
59821	0.002148728812
59822	0.001427434126
59823	0.01147632534
59824	0.002846275882
59825	0.009153977256
59826	1.952031843e-05
59827	0.002695866376
59828	0.003914914165
59829	0.002532766302
59830	0.007890018307
59831	0.007641246575
59832	0.004549655869
59833	0.01240321217
59834	0.006989836816
59835	0.006550498685
59836	0.001888618788
59837	0.006681929148
59838	0.01957759784
59839	0.01084982046
59840	0.002643456647
59841	0.01199256079
59842	8.24436895e-05
59843	0.006414502215
59844	0.01342595323
59845	0.004187995567
59846	0.001331583876
59847	0.006484531646
59848	0.001689879552
59849	0.008237427825
59850	0.01165466843
59851	0.002264143634
59852	0.001945302524
59853	0.001679192792
59854	0.002490778109
59855	0.003007096819
59856	0.0005534954102
59857	0.002853171454
59858	0.001048542562
59859	0.00178724673
59860	0.001824542789
59861	0.002175934739
59862	0.008340373404
59863	0.005351083731
59864	0.002135644588
59865	0.003700902287
59866	0.008654695041
59867	0.006421274583
59868	0.004733173173
59869	0.001949866097
59870	0.009692051277
59871	0.003299861319
59872	0.001055083012
59873	0.003429608098
59874	0.002138321388
59875	0.01025060872
59876	0.0003189319646
59877	0.00431431325
59878	0.0002616867704
59879	0.003427743712
59880	0.0004874037081
59881	0.0003643450116
59882	0.0005123102006
59883	0.0004661201741
59884	0.001172473912
59885	0.00351448257
59886	0.005177148174
59887	0.001532756797
59888	0.001258277218
59889	0.005893390379
59890	0.01248550262
59891	0.006164961339
59892	0.003663940256
59893	0.002132004993
59894	0.0119280685
59895	0.002026374883
59896	0.001508423926
59897	0.004784500751
59898	0.0006419013797
59899	0.003582696503
59900	0.01118021557
59901	0.0009578971596
59902	0.004511233602
59903	0.00106529066
59904	0.001212901303
59905	0.0007091967598
59906	0.001568074332
59907	0.0007142953232
59908	0.0002811035625
59909	0.0009538508624
59910	0.0006721135574
59911	0.0007891847604
59912	0.0009453771562
59913	0.002082905927
59914	2.27274426e-05
59915	0.0008831717593
59916	0.001028437365
59917	0.0003976563229
59918	0.001644769645
59919	0.001342112038
59920	0.0005679695649
59921	9.391577373e-05
59922	0.0001031982127
59923	0.0001697290842
59924	0.001391497527
59925	0.0006605388739
59926	0.0009320473266
59927	0.0002255596132
59928	0.0004862585935
59929	0.001669456911
59930	0.009018507886
59931	0.0002403994704
59932	0.01239742784
59933	0.0007367400528
59934	0.004999124889
59935	0.01459332353
59936	0.01230426602
59937	0.009331971706
59938	0.004019276469
59939	0.002173443167
59940	2.076517065e-05
59941	0.006762779644
59942	0.002538833656
59943	0.003185685789
59944	0.014511773
59945	0.003936945717
59946	0.002443717799
59947	0.006061540263
59948	0.004035687247
59949	0.0006517807996
59950	0.001599037571
59951	0.003138875153
59952	0.003108447483
59953	0.001188444371
59954	0.006818817525
59955	0.0004889732678
59956	0.002913442381
59957	0.0009125719499
59958	0.003134071947
59959	0.002085792043
59960	0.00218907334
59961	0.001186467399
59962	0.01145647339
59963	0.007599136833
59964	0.004206388512
59965	0.008359224343
59966	0.01939160579
59967	0.009312720681
59968	0.003509230699
59969	0.005678710292
59970	0.002435239295
59971	0.003547296219
59972	0.002273758406
59973	0.002455564261
59974	0.0003099308604
59975	0.005082707974
59976	0.003068674171
59977	0.0005868979247
59978	0
59979	0.00235821801
59980	0.002253960759
59981	0.003516675506
59982	0.0006556625775
59983	0.001897062033
59984	0.0009679968623
59985	0.001453845162
59986	0.0008870676692
59987	0.000705554083
59988	0.006742233246
59989	0.002469547014
59990	0.002213086197
59991	0.002472638113
59992	0.001058912529
59993	0.002204035038
59994	0.005115559595
59995	0.002316036644
59996	0.01143491045
59997	0.001024723901
59998	0.006711175462
59999	0.02067194413
60000	0.0006904174213
60001	0.004394470484
60002	0.004449853391
60003	0.005311012018
60004	0.004128298138
60005	0.0005555556364
60006	0.0006893795152
60007	0.008601223737
60008	0.001511189766
60009	0.000356632873
60010	0.009074399738
60011	0.004601798717
60012	0.002921577091
60013	0.002346705803
60014	0.0001957199609
60015	0.003178221857
60016	0.0009839287495
60017	8.554010475e-05
60018	0.002965071472
60019	0.007197069005
60020	0.01187200391
60021	0.006070900431
60022	0.0005859680111
60023	0.005026017074
60024	0
60025	0.004677458544
60026	0.008406866516
60027	0.003137190507
60028	0.002474918395
60029	0.002240249848
60030	0.003525655378
60031	0.0002768438939
60032	0.00627819121
60033	0.0009095312257
60034	0.001322149182
60035	0.005200927702
60036	0.008711022959
60037	0.000425105317
60038	0.001193998025
60039	0.001982971766
60040	0.00085648803
60041	0.001091239539
60042	0.00178161312
60043	0.01193261462
60044	0.00263711303
60045	0.008915504181
60046	0.004636117704
60047	0.004015808023
60048	0.00558355218
60049	0.007749392146
60050	0.001277617038
60051	0.001229858324
60052	0.008630235089
60053	0.007991524605
60054	0.01384782412
60055	0.001769481277
60056	0.002870997604
60057	0.007939418303
60058	0.007048016825
60059	0.008627488378
60060	0.002064248161
60061	0.0111970746
60062	0.001914373457
60063	0.001012878836
60064	0.001132833182
60065	0.001532952515
60066	0.01134398011
60067	0.0001679357281
60068	0.0018425225
60069	0.01189820431
60070	0.005222278248
60071	0.00876589229
60072	0.00415634916
60073	0.003967402274
60074	0.004723505118
60075	0.006086056224
60076	0.001608408245
60077	0.0003413989223
60078	0.004830631817
60079	0.008200083003
60080	0.008091615007
60081	0.005371034529
60082	0.004345385923
60083	0.007175884427
60084	0.007439802416
60085	0.001801209627
60086	0.003107057353
60087	0.00318777766
60088	0.005546416585
60089	0.009258221312
60090	0.006257353449
60091	0.004278945252
60092	0.00454561643
60093	0.002925670845
60094	0.005231969838
60095	0.005716440518
60096	0.002608470962
60097	0.007353140218
60098	0.004162227432
60099	0.004488501507
60100	0.007272850509
60101	0.005405506182
60102	0.00446675525
60103	0.007776485011
60104	0.006672427194
60105	0.008932798768
60106	0.002657744949
60107	0.01908064581
60108	0.003986146652
60109	0.005407048716
60110	0.005059135005
60111	0.009527157837
60112	0.004813385827
60113	0.000369737612
60114	0.006298305736
60115	0.007798636295
60116	0.001599993261
60117	0.01480095466
60118	0.002359664242
60119	0.003203071933
60120	0.004269339792
60121	0.004963535391
60122	0.009923280406
60123	0.00136951278
60124	0.005793017462
60125	0.0008771732153
60126	0.003775422869
60127	0.001191858636
60128	0.004642002214
60129	0.01123012344
60130	0.01510106407
60131	0.00207051075
60132	0.001115149382
60133	0.008265320406
60134	0.00288748652
60135	0.007950791154
60136	0.004031530262
60137	0.007503304776
60138	0.01687171184
60139	0.00697500894
60140	0.002543710652
60141	0.002404114583
60142	0.00165295437
60143	0.004981493387
60144	0.00465001289
60145	0.001702021956
60146	0.00711966452
60147	0.003770871518
60148	0.008545662927
60149	0.002267541847
60150	0.0009093620568
60151	0.0003651628664
60152	0.008817855936
60153	0.001941977326
60154	0.00132908508
60155	0.00557620713
60156	0.003975543232
60157	0.000647683661
60158	0.00346248014
60159	0.01315574696
60160	0.01802322119
60161	0.008975046361
60162	0.003637432128
60163	0.002605084767
60164	0.002911019153
60165	0.005080533267
60166	0.0007305054912
60167	0.009811522211
60168	0.01656113933
60169	0.0001657791006
60170	0.007567087659
60171	0.01819275885
60172	0.0001865819723
60173	0.00559675205
60174	0.001852938252
60175	0.0007852579838
60176	0.0008355593853
60177	0.01440820942
60178	0.01075194671
60179	0.00249742624
60180	0.003213960489
60181	0.003682110795
60182	0.005300151893
60183	0.0004165462219
60184	0.002537295206
60185	0.01580139585
60186	0.00234294694
60187	0.006886172726
60188	0.008188597521
60189	0.001579581015
60190	0.009085437156
60191	0.004691958281
60192	0.0006277631848
60193	0.008574080417
60194	0.009073249916
60195	0.003243483868
60196	0.002092816047
60197	0.009347054419
60198	0.01539281931
60199	0.0003063118754
60200	0.01468583736
60201	0.004916540996
60202	0.004533843839
60203	0.004583507947
60204	0.008804341817
60205	0.001711309514
60206	0.004314122343
60207	0.0005064379494
60208	0.004453391209
60209	0.00763510195
60210	0.003208954783
60211	0.009129833011
60212	2.459498095e-05
60213	0.005981684507
60214	0.0008419312485
60215	2.097218687e-05
60216	0.00951062619
60217	0.003711803504
60218	0.006445270943
60219	0.0005409674539
60220	0.0002918517341
60221	0.008175797111
60222	0.01333936702
60223	0.00606277686
60224	0.00466636523
60225	0.003977736965
60226	0.008982479287
60227	0.01010974496
60228	0.0009683738619
60229	0.004446392591
60230	0.002842286929
60231	0.004891450452
60232	0.006177038282
60233	0.001925626855
60234	0.01037363953
60235	0.002518129022
60236	0.00314721568
60237	0.005302200151
60238	0.005080554355
60239	0.001472627221
60240	0.002521979515
60241	0.005558022402
60242	0.002465743548
60243	0.01368241473
60244	0.02743860742
60245	0.00240014901
60246	0.00470040084
60247	0.02272803389
60248	0.005492223561
60249	0.01295291021
60250	0.002102910558
60251	0.0004299890705
60252	0.001109656225
60253	0.01601047217
60254	0.00276813057
60255	0.00529475677
60256	0.003252440177
60257	0.007706333719
60258	0.00603919482
60259	0.0007302885614
60260	0.0005578636952
60261	0.00550064855
60262	0.00229611355
60263	0.0001360964613
60264	0.001631269297
60265	0.0001258027819
60266	0.003241056329
60267	0.003738412533
60268	0.004256089138
60269	0.001747242509
60270	0.006300108956
60271	0.005708526064
60272	0.005227684164
60273	0.0006950944793
60274	0.007367897901
60275	0.009439570676
60276	0.005832459183
60277	0.006062599189
60278	4.570664036e-05
60279	0.001383163404
60280	0.001558857337
60281	0.001801476149
60282	0.003122076231
60283	0.0008752893843
60284	0.01448167347
60285	0.009093344529
60286	0.00761790899
60287	0.0003137566158
60288	0.01172477513
60289	0.00278419233
60290	0.006854741556
60291	0.001991375722
60292	0.004172332715
60293	0.00754422732
60294	0.001454353253
60295	0.003060325604
60296	0.005065188449
60297	0.003055142471
60298	0.004018297684
60299	0.00735522187
60300	0.003510785352
60301	0.006816470639
60302	0.002659802713
60303	0.002058615759
60304	0.006523323287
60305	0.0005498004206
60306	0.01672205857
60307	0.00608223486
60308	0.00914802739
60309	0.00440644086
60310	0.002901687834
60311	0.01190813961
60312	0.0006806747819
60313	0.004109621564
60314	0.002037027571
60315	0.008481914966
60316	0.001812560567
60317	0.005649068902
60318	0.006580344004
60319	0.01563250668
60320	0.008184697666
60321	0.006417486799
60322	0.01299660222
60323	0.02155622227
60324	0.004220202147
60325	0.006824579895
60326	0.003979718973
60327	0.004063530025
60328	0.001000489486
60329	0.01692287321
60330	0.0005647933182
60331	0.00828381427
60332	0.001269089941
60333	0.005254536828
60334	0.0008272915702
60335	0.001441028396
60336	0.0009289703082
60337	0.01053993745
60338	0.0004539755978
60339	0.001308956753
60340	0.001735033038
60341	0.0006309123085
60342	0.002967210847
60343	0.02202633264
60344	0.004642292372
60345	0.002990368483
60346	0.001974223376
60347	0.007519835499
60348	0.003461211528
60349	0.007133216644
60350	0.01098381142
60351	0.00775930212
60352	0.003713676532
60353	0.0004567003067
60354	0.006289841859
60355	0.014441141
60356	0.0008432653581
60357	0.00151778687
60358	0.002094287142
60359	0.004768864405
60360	0.004747016438
60361	0.01394292501
60362	0.01093652821
60363	0.0006084435499
60364	0.01459441878
60365	0.000863735033
60366	0.004388471647
60367	0.007740929189
60368	0.003013823835
60369	0.004575333932
60370	0.005691368159
60371	0.004047219581
60372	0.004211528205
60373	0.003257824153
60374	0.006117945057
60375	0.002609671003
60376	0.01019125467
60377	0.003628506504
60378	0.0004811746845
60379	0.003714080738
60380	0.0008927502771
60381	0.002085704397
60382	0.0002188337629
60383	0.001142798482
60384	0.006217695601
60385	4.428355796e-05
60386	0.00656619923
60387	0.0008133303103
60388	0.0008449593108
60389	0.001112502346
60390	0.006812114216
60391	0.001971037324
60392	0.001211416435
60393	0.001385820372
60394	0.004972329151
60395	0.0007664646292
60396	0.002812033557
60397	0.001674494211
60398	0.004671178104
60399	0.000918312138
60400	0.003922813257
60401	0.0009035613534
60402	0.0006337417787
60403	0.00394156114
60404	0.0004686721714
60405	0.0007636205063
60406	0.003057986465
60407	0.0006317190595
60408	0.005816348495
60409	2.001853668e-05
60410	0.001106265548
60411	0.005386603898
60412	0.008371886225
60413	0.00680034286
60414	0.0001378897456
60415	0.009127501768
60416	0.005705033903
60417	0.002963679825
60418	0.0006945046554
60419	0.0006448434333
60420	0.00159535125
60421	0.0001639377337
60422	0.0028937692
60423	0.0007293545822
60424	0.0001373869054
60425	0.002784416832
60426	0.0002524532929
60427	0.001081357787
60428	0.008145144996
60429	0.003492190238
60430	0.001700712849
60431	0.004328598691
60432	0.01312736465
60433	0.01492519784
60434	0.0001420339948
60435	0.001711509531
60436	0.002045831407
60437	0.003500435289
60438	0.002277531817
60439	0.0009406209462
60440	0.001455710628
60441	0.0003938338723
60442	0.003478450537
60443	0.001612204684
60444	0.003208795431
60445	0.0008447582315
60446	0.005902452155
60447	0.01422811099
60448	0.009608143824
60449	0.002143626864
60450	0.003100688094
60451	0.005901851761
60452	0.002205916573
60453	0.003632874554
60454	3.374575527e-05
60455	0.003493172614
60456	0.002879219316
60457	0.006747714377
60458	0.0004813554831
60459	0.005921336928
60460	0.006750157875
60461	0.00462922875
60462	0.009439411521
60463	1.403449679e-08
60464	0.003541427682
60465	0.000147906916
60466	0.001290555791
60467	0.006054192357
60468	0.0006704230354
60469	0.003213312808
60470	0.004196692212
60471	0.01232389212
60472	0.001756160887
60473	0.0003295297796
60474	0.003696785795
60475	0.0005445383943
60476	0.003931587657
60477	0.001936906349
60478	0.005754303954
60479	0.002238233067
60480	0.001732058961
60481	0.0002133553252
60482	0.006034911783
60483	0.00176436182
60484	0.00157481475
60485	0.009536994556
60486	0.001673389585
60487	0.000475831148
60488	0.001589837505
60489	0.009360398819
60490	0.002799866313
60491	0.007428063511
60492	0.002387164411
60493	0.01181689489
60494	0.001363599874
60495	0.0006060922785
60496	0.003365276938
60497	0.004455042548
60498	0.002752644147
60499	0.004497378369
60500	0.004338833623
60501	0.0007727563345
60502	0.003498002284
60503	0.006882949542
60504	0.003326516318
60505	0.001194584435
60506	0.002369211564
60507	0.001425081313
60508	0.001661115038
60509	0.003870004409
60510	0.002317699289
60511	0.001451475954
60512	0.01013949209
60513	0.00334108565
60514	0.009999659897
60515	0.004801587777
60516	0.00192699765
60517	0.008476550353
60518	0.003866127156
60519	0.001709261239
60520	0.00111680307
60521	0.006667780471
60522	0.0002546509807
60523	0.007535225894
60524	0.005039120498
60525	0.00309336465
60526	0.005265889859
60527	0.002587936345
60528	0.004711426339
60529	0.003494790352
60530	0.0001621376505
60531	0.0009361243026
60532	0.008681175702
60533	0.002983765185
60534	0.01089404324
60535	0.004034432574
60536	0.006565373385
60537	0.01080776921
60538	0.01360495751
60539	0.009981419402
60540	0.0003292255888
60541	0.001250398957
60542	0.017789962
60543	0.006615001265
60544	0.002946187339
60545	0.0004826016647
60546	0.008897363342
60547	0.01110775243
60548	0.00140822621
60549	0.008168340777
60550	0.005088553949
60551	0.00164747
60552	0.01152553518
60553	0.00121278949
60554	0.003599968049
60555	0.00594823139
60556	0.001091264651
60557	0.009926758412
60558	0.00980733399
60559	0.0006417370324
60560	0.0009504125255
60561	0.006241754765
60562	0.007532852976
60563	0.004037171895
60564	0.007212328485
60565	0.004389412215
60566	0.0057405074
60567	0.0007236587265
60568	0.002926427864
60569	0.0008310591883
60570	0.002357445293
60571	0.007875970458
60572	0.00294211418
60573	0.01561980512
60574	0.001922393486
60575	0.006036894264
60576	0.004216454099
60577	0.003217372156
60578	0.007596870368
60579	0.005755558295
60580	0.004531808861
60581	0.01578670615
60582	8.814240073e-06
60583	0.008828499103
60584	0.00273528359
60585	0.000903492122
60586	0.007482988622
60587	0.003537900174
60588	0.002731295885
60589	0.004275251235
60590	0.003195156524
60591	0.004517269016
60592	0.00163700378
60593	0.0009548932048
60594	0.0146940563
60595	0.00149896078
60596	0.01027040593
60597	0.005820001152
60598	0.01011347179
60599	0.01058894903
60600	0.001623364856
60601	0.0009631668784
60602	0.005820162286
60603	0.006217211668
60604	0.002260889553
60605	0.002955131904
60606	0.000930412806
60607	0.01269165565
60608	0.001890675991
60609	0.00886024288
60610	0.004586339153
60611	0.002581738197
60612	0.004718311244
60613	0.00377650231
60614	2.619772735e-08
60615	0.003614610079
60616	0.006948813808
60617	0.001725352044
60618	0.003806379509
60619	0.008026301411
60620	0.0005952313201
60621	0.01250470243
60622	0.005698131103
60623	0.003894287122
60624	0.0007862749232
60625	0.0003529715224
60626	0.01065878123
60627	0.004683535144
60628	0.005479074842
60629	0.01006301184
60630	0.0003013494479
60631	0.01038909364
60632	0.01238614895
60633	0.006268343603
60634	0.003270812206
60635	0.001144400092
60636	0.002842960512
60637	0.002496572518
60638	0.002938583473
60639	0.013373306
60640	0.01737935703
60641	0.0003829250632
60642	0.0009376713752
60643	0.002550308961
60644	0.0008549325837
60645	0.006352912583
60646	0.0004528261538
60647	0.001084102458
60648	0.001183038929
60649	0.01913408448
60650	0.004597692253
60651	0.005446265144
60652	0.00704386477
60653	0.004464596655
60654	0.0003593512012
60655	0.004896323432
60656	0.0003581712177
60657	0.0004367532193
60658	0.001373718302
60659	0.008054224241
60660	0.002731814407
60661	0.002518512689
60662	0.0005055277143
60663	0.0101650545
60664	0.005925220084
60665	0.005310436133
60666	0.003584702972
60667	0.001266267842
60668	0.002935273614
60669	0.009681557151
60670	0.001727528003
60671	0.0009778893467
60672	0.007436237499
60673	0.005420823049
60674	0.0126647795
60675	0.01314602851
60676	0.007406850324
60677	0.001092758403
60678	0.01370015745
60679	0.003940265749
60680	0.002814552356
60681	0.001359805091
60682	0.0001051551363
60683	0.008167064491
60684	0.002119732337
60685	6.204080239e-06
60686	0.006378089948
60687	0.005851900095
60688	0.008841884709
60689	0.0002063638554
60690	0.005102717608
60691	0.01316290715
60692	0.0063732687
60693	0.01217000742
60694	0.002012440217
60695	0.01039389018
60696	0.004900361611
60697	0.0006577093783
60698	0.006113844716
60699	0.002177169586
60700	0.00129371043
60701	0.001849068672
60702	0.004549818375
60703	0.002798263554
60704	0.003786444098
60705	0.007702679802
60706	0.002841527019
60707	0.003722899364
60708	0.004749437422
60709	0.001245765704
60710	0.007677718591
60711	0.003915421414
60712	0.008587719223
60713	0.001386163558
60714	0.01035560962
60715	0.002271970037
60716	0.005657095681
60717	0.0002504732606
60718	0.004119431559
60719	0.006231750266
60720	0.008239176959
60721	0.01171859322
60722	0.007990782868
60723	0.01952074769
60724	0.01077020835
60725	0.009792699251
60726	0.01760913732
60727	0.01124859198
60728	0.001242595473
60729	0.0008788431395
60730	0.008402003584
60731	0.00227290414
60732	0.006084135496
60733	0.004142233192
60734	0.001071974848
60735	0.01666917625
60736	0.003045901428
60737	0.0002236077879
60738	0.005644871991
60739	0.005048259044
60740	0.01045885629
60741	0.003374095192
60742	0.00186094887
60743	0.01508808908
60744	0.002415321556
60745	0.004623932581
60746	0.004173081979
60747	0.006698513995
60748	0.01100597298
60749	0.00307245884
60750	0.006420636553
60751	0.009758537616
60752	0.004630533843
60753	0.001066305522
60754	0.002602111964
60755	0.01296629472
60756	0.003516560254
60757	0.00455195839
60758	0.0108870426
60759	0.009489248143
60760	0.0004376120477
60761	0.003325308159
60762	0.003572246781
60763	0.01205224458
60764	0.002821308557
60765	0.00259304008
60766	0.001313631596
60767	0.002577475995
60768	0.004271465632
60769	0.00363442363
60770	0.0005200186569
60771	0.0006890531776
60772	0.006317682613
60773	0.0002742817685
60774	0.003842451667
60775	0.00165367121
60776	0.003311490809
60777	0.01106428386
60778	0.00503861539
60779	0.0009456551782
60780	0.002999655614
60781	0.0055259818
60782	0.006160849601
60783	0.006951987835
60784	0.001483520077
60785	0.004609155225
60786	0.004502393138
60787	0.009082491427
60788	0.004640699246
60789	0.0020643338
60790	0.002799906934
60791	0.002756381243
60792	0.007551515261
60793	0.005720355453
60794	0.006558727379
60795	0.0008156633766
60796	0.01401652804
60797	0.0006463052104
60798	0.003136027629
60799	0.004421693954
60800	0.0002980531104
60801	0.003785787651
60802	0.003499203134
60803	0.01364664955
60804	0.01309965974
60805	0.003746324614
60806	0.002015705909
60807	0.006737313535
60808	0.005008990882
60809	0.001883499382
60810	0.003635750182
60811	0.0006395859366
60812	0.01079987935
60813	0.001188109413
60814	0.0006245962017
60815	0.003421699416
60816	0.001398974282
60817	0.01625465885
60818	0.0004088064891
60819	0.01112037245
60820	0.0134685233
60821	0.002374763423
60822	0.009980176903
60823	0.01175682344
60824	0.009795449287
60825	0.009418336125
60826	0.001725532365
60827	0.01468283777
60828	0.002194072398
60829	0.001483242848
60830	0.003319248746
60831	0.001800449539
60832	0.002688639701
60833	0.001573226147
60834	0.003278483327
60835	0.00263108956
60836	5.684062742e-05
60837	0.002218699407
60838	0.012790462
60839	0.007164358165
60840	0.007023406701
60841	0.001976554755
60842	0.01426250874
60843	0.002407757145
60844	0.001757807834
60845	0.001909267369
60846	0.006143552942
60847	0.004504858202
60848	0.005311091877
60849	0.009093412103
60850	0.001958207099
60851	0.0007811989475
60852	0.008818644467
60853	0.001233564437
60854	0.002387009479
60855	0.0005265916457
60856	0.00480351209
60857	0.002603685637
60858	0.005095666396
60859	0.002641271546
60860	0.006942455018
60861	0.0001874668906
60862	0.001859597894
60863	0.002074358543
60864	0.001970073107
60865	0.007718831987
60866	0.001444090663
60867	0.002335054558
60868	0.001232167806
60869	0.0009713041964
60870	0.002166911648
60871	0.006549058022
60872	0.001362562412
60873	0.001654355241
60874	0.004802872356
60875	0.004823831936
60876	0.001435512406
60877	0.007851047407
60878	0.001076714518
60879	0.008568850459
60880	0.002941584312
60881	0.0138697221
60882	0.0006023861396
60883	0.003122908472
60884	0.003456535935
60885	0.003333767517
60886	0.001782155406
60887	0.008892533273
60888	0.007014352024
60889	0.004694184455
60890	0.001121342524
60891	0.0134685919
60892	0.007904317692
60893	0.001467928775
60894	0.0109385161
60895	0.006373458435
60896	0.003286405361
60897	0.0005376996268
60898	0.004459336497
60899	0.001756184545
60900	0.001324234975
60901	0.006335737214
60902	0.005700033382
60903	0.002767952144
60904	0.005698690638
60905	0.005295235404
60906	0.003530541712
60907	0.003757246689
60908	0.006828429341
60909	0.001388288816
60910	0.01208447763
60911	0.0008621580335
60912	0.005268095268
60913	0.0002973459588
60914	0.0007341641708
60915	6.589222483e-06
60916	0.003101166595
60917	0.001179883953
60918	0.003844990575
60919	0.004808818974
60920	0.004085281115
60921	0.01469456855
60922	0.01083721043
60923	0.001899653897
60924	0.0007934208819
60925	0.002184589555
60926	0.002940785105
60927	0.002476942788
60928	0.005935212549
60929	0.00275103881
60930	0.002331028245
60931	0.006173313269
60932	0.005580872348
60933	0.0076289477
60934	0.006309384339
60935	0.006280738061
60936	0.00421750834
60937	0.005687480658
60938	0.007041896147
60939	0.006042321227
60940	0.004524084321
60941	0.002051087131
60942	0.00646741187
60943	0.006958736823
60944	0.006748149812
60945	0.006439849882
60946	0.005111057271
60947	0.006177910946
60948	0.004526110262
60949	0.007828897924
60950	0.005069077524
60951	0.00607472481
60952	0.005544240204
60953	0.005134166678
60954	0.00740126489
60955	0.006388584671
60956	0.005549023654
60957	0.006642305711
60958	0.00612201019
60959	0.006453427633
60960	0.0062859725
60961	0.00651823662
60962	0.005780161157
60963	0.005561782085
60964	0.005825334915
60965	0.006670441296
60966	0.006124389251
60967	0.006503052272
60968	0.004318168255
60969	0.0095745344
60970	0.004259634823
60971	0.003868439623
60972	3.768753591e-05
60973	0.004525690791
60974	0.01217083244
60975	0.003134559692
60976	0.006130586782
60977	0.0002381838317
60978	0.0006359559544
60979	0.0087128068
60980	0.00481375882
60981	0.003280354056
60982	0.01155663793
60983	0.002844240789
60984	0.0009800340045
60985	0.003439748643
60986	0.002850382528
60987	0.0005514828552
60988	0.005634420296
60989	0.008416373402
60990	0.004600071231
60991	0.00397384331
60992	0.002208765752
60993	0.003536197792
60994	0.003665717742
60995	0.001600258179
60996	0.0008021178949
60997	0.01035857358
60998	0.001073186305
60999	0.003625722345
61000	0.0002170837122
61001	0.008349004769
61002	0.00126521538
61003	0.004445032807
61004	0.0005176439246
61005	0.009606452787
61006	0.0007227212583
61007	0.004283029779
61008	0.001071527837
61009	0.006870853998
61010	0.00343818884
61011	0.0001874664366
61012	0.001787034905
61013	0.002601882623
61014	0.0003665653423
61015	0.008800291803
61016	0.01211977204
61017	0.003233974032
61018	0.007829689745
61019	0.005931727139
61020	0.001067835965
61021	0.005151318622
61022	0.007476178653
61023	0.00145323677
61024	0.0009867451015
61025	0.004041168619
61026	0.002865199011
61027	0.01020037417
61028	0.0007272856558
61029	0.003831823738
61030	0.00313221427
61031	0.003685389074
61032	0.002873834897
61033	0.005849282618
61034	0.001057162974
61035	0.003260217258
61036	0.0007023281473
61037	0.0006913339951
61038	0.002747151557
61039	0.0007382705971
61040	0.0005904536229
61041	0.0004261972144
61042	0.0005984780369
61043	0.005279236826
61044	0.0004828294003
61045	0.004078115978
61046	0.005081766477
61047	0.004942179468
61048	0.001833132429
61049	0.001517778854
61050	0.009878440731
61051	0.0009000669072
61052	0.005062723167
61053	0.001743099344
61054	0.007227974221
61055	0.0006332440992
61056	0.0165577879
61057	0.001936087469
61058	0.00102624344
61059	7.174557056e-05
61060	0.004986894055
61061	0.00216403368
61062	0.005066852162
61063	0.006807815683
61064	0.01277459951
61065	0.0002832754907
61066	0.006844914558
61067	0.009351252711
61068	0.001158786605
61069	0.003114171301
61070	0.00902337192
61071	0.008298500544
61072	0.01169221786
61073	0.002424204002
61074	0.001508327287
61075	0.0120501256
61076	0.000985066465
61077	0.00446783659
61078	0.01028182737
61079	0.007434665228
61080	0.003555350147
61081	0.01403315737
61082	0.003793311309
61083	0.004613880857
61084	0.003520647627
61085	0.0003886277436
61086	0.003095777202
61087	0.001054811746
61088	6.29770975e-05
61089	0.001571752998
61090	0.00180395749
61091	0.002452039209
61092	0.002024267715
61093	0.003295608683
61094	0.003880208866
61095	0.0005879468952
61096	0.001729780264
61097	0.00103903067
61098	0.0007573287184
61099	0.0005631635187
61100	0.001044241713
61101	0.003126627495
61102	0.004040028539
61103	0.004233005163
61104	0.004203404965
61105	0.0002252626035
61106	0.002687716991
61107	0.0007835707063
61108	0.002501250076
61109	0.00195369498
61110	0.002378580677
61111	0.003402521149
61112	0.002461337955
61113	0.001379424174
61114	0.0004165050521
61115	0.0008575192483
61116	0.002570446445
61117	0.003298142113
61118	0.0023690989
61119	0.000746002078
61120	0.001425094135
61121	0.001945670141
61122	0.003341986641
61123	0.00403232199
61124	0.0001528162018
61125	0.002539310411
61126	0.003974043642
61127	0.004082600772
61128	0.001198656329
61129	0.002338818847
61130	0.002116227512
61131	0.0001126248798
61132	0.0024393396
61133	0.002068741174
61134	0.0002354067997
61135	0.001249621595
61136	8.41063163e-05
61137	0.0009895988096
61138	0.002246336461
61139	0.00403221706
61140	0.003542361849
61141	1.965325882e-07
61142	0.003891741223
61143	0.004031527842
61144	0.002995533819
61145	0.003035283768
61146	0.001272575183
61147	0.002136925531
61148	0.01731982168
61149	0.004621642856
61150	0.003211570332
61151	0.001110694023
61152	0.0008703237175
61153	0.003690439919
61154	0.0005798662712
61155	0.00527996495
61156	0.006225147905
61157	0.008403436021
61158	0.005592874322
61159	0.003044232576
61160	0.006762982968
61161	4.56142931e-05
61162	0.003447407429
61163	0.004768734427
61164	0.0007359659471
61165	0.01430317807
61166	0.005537004231
61167	0
61168	0.001368752012
61169	0.006666104935
61170	0.002503170215
61171	0.001269584555
61172	0.006938944103
61173	0.002959615029
61174	0.003142642003
61175	0.0007157477686
61176	0.001187928881
61177	0.001785670445
61178	0.001199423977
61179	0.00328352476
61180	0.003251577497
61181	0.0002692816202
61182	0.003207196399
61183	0.000807198234
61184	0.008063165748
61185	0.004763228211
61186	0.002003404755
61187	0.0003945342676
61188	0.01520401797
61189	0.001242806895
61190	0.007194752144
61191	0.000319831442
61192	0.004039963786
61193	0.004509860444
61194	0.00185132298
61195	0.002619384365
61196	0.007003586544
61197	0.001735154505
61198	0.006153017257
61199	0.002298867147
61200	0.002934589685
61201	0.003263585606
61202	0.005693301153
61203	0.005916565898
61204	0.006356182092
61205	0.0004486871049
61206	0.001196934267
61207	0.007217243437
61208	0.01277896719
61209	0.001487843072
61210	0.005682718658
61211	0.008935125678
61212	0.00273742828
61213	0.00712001871
61214	0.007789314322
61215	0.00251053663
61216	0.0009830078918
61217	0.003031995264
61218	0.0142685258
61219	0.009616327334
61220	0.007629475672
61221	0.002359608871
61222	0.004350505657
61223	0.003158238042
61224	0.00374100049
61225	0.0007720027005
61226	0.001735065495
61227	0.01449564033
61228	0.006275828934
61229	5.035964657e-05
61230	0.0003460081245
61231	0.0006126993969
61232	0.008199139307
61233	0.0008056335944
61234	0.001440697279
61235	0.004713919109
61236	0.004455064508
61237	0.00339366969
61238	0.003108368563
61239	0.006860608798
61240	0.006358729056
61241	0.003241756262
61242	0.004118467329
61243	0.002169364463
61244	0.0003822573701
61245	0.002808077725
61246	0.0005186061628
61247	0.0005815355748
61248	0.002965589249
61249	0.007010572945
61250	0.009851485165
61251	0.00176909179
61252	0.002069185651
61253	0.002904656259
61254	0.004417115186
61255	0.00344162183
61256	0.001612823146
61257	0.01155804492
61258	0.007527533346
61259	0.009253870668
61260	0.001726817502
61261	0.01015960721
61262	0.003439393803
61263	0.009222553454
61264	0.004385732943
61265	0.003990054195
61266	0.007141392274
61267	0.005318062156
61268	0.001358174375
61269	0.0004794144201
61270	0.000447735242
61271	0.02417164089
61272	0.002391491178
61273	0.003112804419
61274	0.006120245659
61275	0.001277804654
61276	0.005196483532
61277	0.002496390616
61278	0.003208286634
61279	0.00258064922
61280	0.003008617967
61281	0.003201220393
61282	0.003722499382
61283	0.01571151464
61284	0.0008712015745
61285	0.005244238568
61286	0.002382545964
61287	0.004201860497
61288	0.006500765393
61289	0.0006269038453
61290	0.007906194523
61291	0.001209494447
61292	7.738871008e-05
61293	0.004442484369
61294	0.008530513026
61295	0.007245819137
61296	0.001046108206
61297	0.003524069823
61298	0.004101473164
61299	0.01372163261
61300	0.008806988903
61301	0.009565857334
61302	0.008219686828
61303	0.007579101321
61304	0.0008684762766
61305	0.004139144413
61306	0.002459725339
61307	0.004499965263
61308	0.002808937578
61309	0.007190703118
61310	0.005357146338
61311	0.01055667642
61312	0.008557418091
61313	0.01279150622
61314	0.009773682095
61315	0.008760664271
61316	0.000172876765
61317	0.001851884585
61318	0.004805594208
61319	0.004189480067
61320	0.001997667043
61321	0.02031311315
61322	0.008916277868
61323	0.001480685071
61324	0.002810778423
61325	5.741211451e-05
61326	0.001838328659
61327	0.01934558882
61328	0.002013663896
61329	0.0119575696
61330	0.005829882671
61331	0.01127927148
61332	0.001325258744
61333	0.002031460262
61334	0.0009599461868
61335	0.00141211958
61336	0.004394617403
61337	0.005578978706
61338	0.001230287
61339	0.005511487587
61340	0.0008348531408
61341	0.002576139531
61342	0.0001401442257
61343	0.006476910319
61344	0.006594906725
61345	0.003813416412
61346	0.008264751896
61347	0.0174924288
61348	0.01587143842
61349	0.003856389051
61350	0.003026403826
61351	0.01452364366
61352	0.004788652653
61353	0.001404241698
61354	0.01620429608
61355	0.01033662926
61356	0.005128958605
61357	0.001407561453
61358	0.001368315098
61359	0.0100981496
61360	0.001102220057
61361	0.001577994113
61362	0.00222398197
61363	0.006112067473
61364	0.002394063774
61365	0.008491263355
61366	0.01402745242
61367	0.006730093612
61368	0.009077836298
61369	0.01651838462
61370	0.0002170606266
61371	0.004103848043
61372	0.003320923757
61373	0.01928746505
61374	0.00222134765
61375	0.003864842093
61376	0.005965583473
61377	0.0001095953963
61378	0.002257376642
61379	0.004802520459
61380	0.01013258483
61381	0.0003886740532
61382	0.0007144695177
61383	0.001953638327
61384	0.007205073227
61385	0.001783439452
61386	0.005891846757
61387	0.001934782408
61388	0.003096259151
61389	0.002592465133
61390	0.005069674495
61391	0.006422672048
61392	0.001481787601
61393	0.009238311821
61394	0.01450344396
61395	0.003266728648
61396	0.002139668122
61397	0.001521882657
61398	0.000767445358
61399	0.008732725325
61400	0.002981805128
61401	0.002981693867
61402	0.002915874723
61403	0.00953092447
61404	8.33010576e-06
61405	0.0003383176861
61406	0.007092935309
61407	0.01304536988
61408	0.01152647632
61409	0.001422951746
61410	0.008981428186
61411	0.004800346084
61412	0.004773435195
61413	0.0004566560068
61414	0.007381464309
61415	0.0010181457
61416	0.002073339809
61417	0.002194447025
61418	0.007128602032
61419	0.007226589553
61420	0.0001436211557
61421	0.005283251966
61422	0.007966961903
61423	0.001970255323
61424	0.01555197169
61425	0.01098488502
61426	0.0001016568758
61427	0.006737617034
61428	0.003484089351
61429	0.005828573283
61430	0.001648144377
61431	0.01225272107
61432	0.01032336911
61433	0.0008654871578
61434	0.003318492014
61435	0.001373507944
61436	0.003102026927
61437	0.002142872772
61438	0.0009865590556
61439	0.002856167254
61440	0.002707486178
61441	0.001219755543
61442	0.0004699076183
61443	0.005121282085
61444	0.001681395047
61445	0.001691238051
61446	0.0003292481758
61447	0.009408890936
61448	0.008573474062
61449	0.009452896945
61450	0.0006209350949
61451	0.001536266792
61452	0.006194235276
61453	0.006365886737
61454	0.0007653307525
61455	0.0006069691127
61456	0.001507457559
61457	0.0009672884423
61458	0.002149716033
61459	0.00297780862
61460	0.002125532764
61461	0.004686142291
61462	0.003985233743
61463	0.003334894532
61464	0.006946158064
61465	0.006443357856
61466	6.088991427e-05
61467	0.007870290573
61468	0.001253158205
61469	0.008886970511
61470	0.004306338419
61471	0.003860838902
61472	0.00542730709
61473	0.008524352069
61474	0.008650817622
61475	0.007897074281
61476	0.0003686777702
61477	0.001224192313
61478	0.003475810733
61479	0.001731284677
61480	0.003736958056
61481	0.001089605915
61482	0.0003668234782
61483	0.003200849008
61484	0.003851655198
61485	0.0006722572918
61486	0.0002323515266
61487	0.002810882444
61488	0.004250625827
61489	0.0008580982403
61490	0.0004512498402
61491	0.0008885437335
61492	0.007972543353
61493	0.01341180997
61494	0.003217472695
61495	0.001607014887
61496	0.004624359489
61497	0.004098153188
61498	0.001262156479
61499	0.0008015890964
61500	0.01100040985
61501	0.001198580589
61502	0.01589817545
61503	0.0002473848632
61504	0.007592676031
61505	0.004658206185
61506	0.004025571023
61507	0.008179141505
61508	0.007003419066
61509	0.009578426023
61510	4.786225185e-05
61511	0.00224749359
61512	0.002993639316
61513	0.0001093050116
61514	0.0005247863264
61515	0.0001291749597
61516	0.0008904367255
61517	0.001951755901
61518	0.005106348031
61519	0.001721195934
61520	0.0007330353953
61521	0.002993909732
61522	0.007139544109
61523	0.004122713524
61524	0.0003254094628
61525	0.0130146167
61526	0.001906986653
61527	0.003410123293
61528	0.0006948871058
61529	0.001973620649
61530	0.01445797305
61531	0.005950873093
61532	0.01421843842
61533	0.00172679323
61534	0.005988176183
61535	0.005768166379
61536	0.001354187213
61537	0.001737485296
61538	0.01320891739
61539	0.006706724093
61540	0.001011343275
61541	0.004360234955
61542	0.001908458106
61543	0.0005741174586
61544	0.01215484173
61545	4.986360604e-05
61546	0.0006834229248
61547	0.008983982217
61548	0.01659494777
61549	0.001272368738
61550	0.003646531529
61551	0.002321704858
61552	0.008714252975
61553	0.005281404062
61554	0.005541021656
61555	0.001569788245
61556	0.0135939858
61557	0.005933138955
61558	0.003225212447
61559	0.002882997666
61560	0.004413778654
61561	0.007737235437
61562	0.00608908163
61563	0.001172043403
61564	0.01335645897
61565	0.0007415392977
61566	0.004762741927
61567	0.01933768235
61568	0.004113392884
61569	0.01075321139
61570	0.008431845702
61571	0.001346222449
61572	0.001510681247
61573	0.009781427829
61574	0.008888878397
61575	0.003719504214
61576	0.005841807195
61577	0.0087811108
61578	0.0002883184268
61579	0.0005201114114
61580	0.009321071461
61581	0.01109209548
61582	0.01083110102
61583	0.004483434154
61584	0.008678704292
61585	0.002481782549
61586	0.002402912547
61587	0.0002127351833
61588	0.002828023847
61589	0.007935815089
61590	0.003554041425
61591	0.0004586081946
61592	0.003681420852
61593	0.004193751789
61594	0.007138300763
61595	0.01144117894
61596	0.007553000668
61597	0.001157138931
61598	0.005524415004
61599	0.007358562493
61600	0.01626825403
61601	0.007478930379
61602	0.01165041547
61603	0.007558458604
61604	0.003329630678
61605	0.00160238997
61606	0.0007900208238
61607	0.0003987854504
61608	0.001219373569
61609	0.0006286172059
61610	0.003170505325
61611	0.001365517745
61612	0.004573570862
61613	0.001075471519
61614	0.0001959689243
61615	0.008247471
61616	0.005022867239
61617	0.002633316981
61618	0.001217761902
61619	0.0003629588077
61620	0.005602902899
61621	0.003519468867
61622	0.006569834867
61623	0.01041220268
61624	0.0005323780238
61625	0.001997782149
61626	0.001851070118
61627	0.000551261071
61628	0.001106292831
61629	0.002064121178
61630	0.001553505882
61631	0.008059451787
61632	0.001517230078
61633	0.00306243752
61634	0.003950703015
61635	0.0008335776915
61636	0.006860815245
61637	0.001769512779
61638	0.001724556138
61639	9.051919782e-05
61640	0.0009021948229
61641	0.002098296999
61642	0.001383554529
61643	0.00298398904
61644	0.005398930577
61645	0.006130387942
61646	0.001351528719
61647	0.00349324341
61648	0.002115274902
61649	0.0004733890927
61650	0.000359261212
61651	0.007327385578
61652	0.002987564489
61653	0.01316975076
61654	0.01095470598
61655	0.003275143178
61656	0.003805628107
61657	0.001077189421
61658	0.01658790983
61659	0.01828864464
61660	0.01264744863
61661	0.0007252918347
61662	0.004009935907
61663	0.002128796009
61664	0.002193472939
61665	0.01110269065
61666	0.0007040734286
61667	0.000415485344
61668	0.006042203189
61669	0.001042692045
61670	0.0007914364039
61671	0.002401415319
61672	0.001201217493
61673	0.00939597843
61674	0.01218078835
61675	0.01151635659
61676	0.00120842225
61677	0.008742710368
61678	0.002801769131
61679	0.002380795212
61680	0.01569165534
61681	0.00191986641
61682	0.009737588027
61683	0.007004930381
61684	0.001232668908
61685	0.003767111339
61686	0.001631788961
61687	0.004307802795
61688	0.007059792498
61689	0.00549816558
61690	0.001667190227
61691	0.00411995792
61692	0.004535725562
61693	0.004701357771
61694	0.002503408998
61695	0.003392972523
61696	0.007796568033
61697	0.007637399206
61698	0.004374658131
61699	0.003164768326
61700	0.006395852314
61701	0.01141939002
61702	0.001238867091
61703	0.008045382551
61704	0.0002965942791
61705	0.005061460855
61706	0.006961393725
61707	0.004069795199
61708	0.01444863602
61709	0.007560606147
61710	0.007038987171
61711	0.001569011601
61712	0.0244977726
61713	0.001694814191
61714	0.01553009653
61715	0.005629354596
61716	0.005171999159
61717	0.0008624742941
61718	0.006405077975
61719	0.003006420535
61720	0.003808921764
61721	0.004682903435
61722	0.007326351445
61723	0.004953028708
61724	0.003184270387
61725	0.007559676766
61726	0.01320697999
61727	0.004020494121
61728	0.001327968867
61729	0.004428607755
61730	0.0003770919438
61731	0.001182055911
61732	0.004176984799
61733	0.01231552157
61734	0.005847134299
61735	0.006649560771
61736	0.00588112622
61737	0.002220542559
61738	0.00337527271
61739	0.00560671947
61740	0.001396006107
61741	0.007105513908
61742	0.0008953352166
61743	0.0004607047875
61744	0.01346762874
61745	0.001099074957
61746	0.003725331244
61747	0.005313846871
61748	0.00889082354
61749	0.002837313837
61750	0.004870963173
61751	0.00786429437
61752	0.006385731415
61753	0.0004625199133
61754	0.008291824944
61755	0.005953914489
61756	0.0001307628141
61757	0.0003064948128
61758	0.005764900533
61759	0.002878290795
61760	0.01804550307
61761	0.006104706735
61762	0.0120247709
61763	0.002859833556
61764	0.002602486923
61765	0.01230158321
61766	0.004272466378
61767	0.007211445913
61768	0.0001621530825
61769	0.02131180279
61770	0.002457973204
61771	0.00421750005
61772	9.097023169e-06
61773	0.006738903801
61774	0.01318833841
61775	0.004108311151
61776	0.002387462626
61777	0.003612064748
61778	0.004350011942
61779	0.001038281626
61780	0.001078360178
61781	0.003176310683
61782	0.003183113908
61783	0.008577751686
61784	0.001152485459
61785	0.007589765757
61786	0.004154832131
61787	0.004139668581
61788	0.000440077833
61789	0.004266357646
61790	0.005227680848
61791	0.0007716278739
61792	0.005623116382
61793	0.003021217011
61794	0.004064928206
61795	0.006916774569
61796	0.001068443301
61797	0.002408937451
61798	0.001665504617
61799	0.0001967915804
61800	0.0231929267
61801	0.007122026296
61802	0.01469217221
61803	0.004339831616
61804	0.000118262582
61805	0.004094613827
61806	0.001048309573
61807	0.002122846401
61808	0.0001027072015
61809	0.001185977181
61810	0.00113474595
61811	0.003406852261
61812	0.02284081531
61813	0.001034446289
61814	0.0005475373366
61815	0.00117933326
61816	0.0005197071965
61817	0.0007183433672
61818	0.001973372773
61819	0.001260594756
61820	0.004991168684
61821	0.0003280244613
61822	0.01062266332
61823	0.0006520996217
61824	0.005085477978
61825	0.0008850180587
61826	0.0125690048
61827	0.006512797407
61828	0.006609012588
61829	0.001060787887
61830	0.002331194622
61831	0.007084311234
61832	0.005300482115
61833	0.003264504595
61834	0.006069092498
61835	0.003590499446
61836	0.01651970038
61837	0.004249616715
61838	0.0005030943401
61839	0.004169242972
61840	0.01114577874
61841	0.00418314317
61842	0.00392078962
61843	0.007028380809
61844	0.0002621619422
61845	0.004366683913
61846	0.005710572736
61847	0.009643159379
61848	0.004689320109
61849	0.01147844198
61850	0.0009201602458
61851	0.00535315318
61852	0.0009058626125
61853	0.01115149041
61854	0.000222639668
61855	0.002171988825
61856	0.0009552949937
61857	0.01662246104
61858	0.003565644396
61859	0.002668594106
61860	0.004564108847
61861	0.006383262434
61862	0.005790681339
61863	0.009591145087
61864	0.005194300694
61865	0.002716696988
61866	0.009851438005
61867	0.002486611215
61868	0.01041216232
61869	0.01588516495
61870	0.003311796863
61871	0.001549345009
61872	0.004193677629
61873	0.00352343263
61874	0.0003889443339
61875	0.0007289519125
61876	0.0057115543
61877	0.008301826389
61878	0.008387218362
61879	0.005004174
61880	0.01065240982
61881	0.01106402438
61882	0.003087045889
61883	0.003942397124
61884	0.00819920689
61885	0.0008495614697
61886	0.01324035414
61887	0.00113588708
61888	0.000645642891
61889	0.004672363301
61890	0.002579354786
61891	0.0005559744653
61892	0.007815648831
61893	0.001598554905
61894	0.005019617659
61895	0.009547860278
61896	0.00649474384
61897	0.007235686012
61898	0.001161183499
61899	0.00059377035
61900	0.004006786866
61901	0.002426048831
61902	0.0004781696487
61903	0.0004017003943
61904	7.651654509e-05
61905	0.0008623555762
61906	0.0005900600231
61907	0.0009839583369
61908	0.007058381968
61909	0.002180202395
61910	0.01388807409
61911	0.007451659723
61912	0.00780044417
61913	0.001087029087
61914	0.008629400515
61915	0.004936968578
61916	0.009237880167
61917	0.003786791704
61918	0.01068521627
61919	0.004399165721
61920	0.002335565501
61921	0.001945645896
61922	0.007219128157
61923	0.006701909431
61924	0.00249354758
61925	0.01343829971
61926	0.0006463860545
61927	0.003131859645
61928	0.001879090375
61929	0.008665654727
61930	0.0006703560415
61931	0.01324143069
61932	0.0005996402475
61933	0.01613840115
61934	0.000443841449
61935	0.00160405917
61936	0.01498917893
61937	0.00229980069
61938	0.01642102215
61939	0.0019415671
61940	0.02194261207
61941	0.0009528027848
61942	0.0152988351
61943	0.01778775422
61944	0.0007804785154
61945	0.02539670525
61946	0.009307139864
61947	0.004985509148
61948	0.0001813363917
61949	0.02334901232
61950	0.002652151479
61951	0.001612438608
61952	0.001475778696
61953	0.0009795243728
61954	0.003195191162
61955	0.001223877041
61956	0.003872198912
61957	0.0008389576985
61958	0.01036900809
61959	0.01150798818
61960	0.009163545938
61961	0.003598662112
61962	0.005774363607
61963	0.0002756813989
61964	0.0007873143113
61965	0.009966722127
61966	0.008849043858
61967	0.001491991357
61968	0.002993872819
61969	0.002853632492
61970	0.00941406604
61971	0.01910879564
61972	0.009276567445
61973	0.009220818865
61974	0.003907417186
61975	0.0002695299681
61976	0.009981056181
61977	0.005706430286
61978	0.0008606094873
61979	0.0155537958
61980	0.01108865155
61981	0.0004827966215
61982	0.005806421097
61983	0.009036749564
61984	0.001367775402
61985	0.01678604079
61986	0.00806935333
61987	0.003780782645
61988	0.00179499406
61989	0.0007346212121
61990	0.0008252252421
61991	0.001535942017
61992	0.004725121151
61993	0.006924338232
61994	0.002803637453
61995	0.0001250514034
61996	0.000596934797
61997	0.003565650113
61998	0.01356085113
61999	0.0006840893181
62000	0.0006139489697
62001	0.01378467367
62002	0.003565885348
62003	0.01412305954
62004	0.01420916347
62005	0.02251348054
62006	0.004499913675
62007	0.001880187554
62008	0.0139161449
62009	0.02158707055
62010	0.001088276606
62011	0.004407412895
62012	0.01401268984
62013	0.004173494322
62014	0.00400482681
62015	0.002321841999
62016	0.0003399304416
62017	0.003758032731
62018	0.0091923231
62019	0.008949318407
62020	0.00678937014
62021	0.002867674789
62022	0.0001962192443
62023	0.006263299426
62024	0.008096852591
62025	0.00805969139
62026	0.0004231047476
62027	0.001960222111
62028	0.01672291563
62029	0.001454736626
62030	0.01233425036
62031	0.01071269793
62032	0.008873109904
62033	0.0170557915
62034	0.004173281335
62035	0.006435096743
62036	0.007261805852
62037	0.001522272491
62038	0.003936730742
62039	0.004955237484
62040	0.00164075361
62041	0.0003501358722
62042	0.007290418131
62043	0.006402709902
62044	0.001167089269
62045	0.003641830467
62046	0.0007690611741
62047	0.0006883493288
62048	0.0004941286411
62049	0.00199949769
62050	0.003114144299
62051	0.0003717619186
62052	0.002201470316
62053	0.00635205638
62054	0.003519420727
62055	0.003410660243
62056	0.009307097184
62057	0.003425097853
62058	0.00652125282
62059	0.008950055481
62060	0.007252682551
62061	0.003387562164
62062	0.001718248985
62063	0.008116775331
62064	0.002845891132
62065	0.004969552984
62066	0.005878271224
62067	0.007055639735
62068	0.01527493247
62069	0.007295592543
62070	0.0009141229842
62071	0.001950891383
62072	0.01433580184
62073	0.007049657992
62074	0.002150873508
62075	0.001772754988
62076	0.005452928313
62077	0.002675517567
62078	0.01771238762
62079	0.01318821485
62080	0.002524546759
62081	0.004311393657
62082	0.002752592705
62083	8.661210284e-05
62084	0.006077421737
62085	0.004508683738
62086	0.0007778596221
62087	0.008901011623
62088	0.005284965357
62089	0.0008054227284
62090	0.002958707832
62091	0.002858169452
62092	0.0006204760727
62093	0.01802876522
62094	0.000645018689
62095	0.0009637616457
62096	0.01659765781
62097	0.01490455678
62098	0.001507788252
62099	0.005023004651
62100	0.01587514735
62101	0.01390866351
62102	0.006015868877
62103	0.02114992633
62104	0.005657779452
62105	0.004741168912
62106	0.00239377106
62107	0.002061645452
62108	0.008420686101
62109	0.004423647685
62110	0.002013631539
62111	0.001526921341
62112	0.006589263405
62113	0.004372714016
62114	0.00425054332
62115	0.006394288091
62116	0.01746908057
62117	0.001145220469
62118	0.0004896206541
62119	0.008890466295
62120	0.009049477278
62121	2.721281392e-05
62122	0.001066949055
62123	0.0008532266674
62124	0.002816509715
62125	0.001384408996
62126	0.0001397530439
62127	0.003530230901
62128	0.001014390172
62129	0.004113842804
62130	0.00193163336
62131	0.01957793498
62132	0.005119191795
62133	0.003902703316
62134	0.004228529873
62135	0.0006146030624
62136	9.928142153e-06
62137	0.0006411849199
62138	0.0001930879583
62139	8.29960755e-07
62140	0.0001199598162
62141	0.006820714102
62142	0.007290650249
62143	0.00266204894
62144	0.00691005596
62145	0.003205857997
62146	0.001367219116
62147	0.004055626353
62148	0.002135888447
62149	0.01228117254
62150	0.0001551311016
62151	0.0005432648963
62152	2.697591173e-05
62153	0.0008792135553
62154	0.0007062809228
62155	0.0008029181761
62156	0.001022352015
62157	0.002095880339
62158	0.001067001228
62159	0.0006242316934
62160	7.70847752e-05
62161	0.001291200382
62162	0.0007143525129
62163	0.0002877711921
62164	0.0001089661537
62165	0.0002349052299
62166	0.001440052136
62167	0.0003689421266
62168	0.001511986865
62169	1.869773503e-05
62170	8.167606096e-06
62171	0.000539530806
62172	0.0003846714715
62173	0.0003419239021
62174	0.0003569528976
62175	0.0008045848645
62176	0.0004939584296
62177	0.0008700319607
62178	0.00113606853
62179	0.002872219907
62180	0.00149470927
62181	0.003167131155
62182	0.00140049664
62183	0.00334952092
62184	0.00326624152
62185	0.007861080697
62186	0.0007306679692
62187	0.0006057139564
62188	0.0005910916118
62189	0.003371336633
62190	0.001328963211
62191	0.002064994215
62192	0.006829106286
62193	0.01355253368
62194	0.009381977136
62195	0.00322289939
62196	0.000211877102
62197	0.002853598086
62198	0.009529814647
62199	0.005864799258
62200	0.002857746516
62201	0.001687908706
62202	0.003376132352
62203	0.004796393916
62204	0.01760002201
62205	0.00105619669
62206	0.01780184352
62207	0.009585347715
62208	0.002488291062
62209	0.002458216962
62210	0.00071993787
62211	0.007894983578
62212	0.0001555983409
62213	4.916779244e-05
62214	0.001788931195
62215	0.008576836334
62216	0.0006146746269
62217	0.001675348792
62218	0.00225550417
62219	0.002028442906
62220	0.005297863303
62221	0.006933744296
62222	0.002308484833
62223	0.008396849247
62224	0.001219311049
62225	0.00260548497
62226	0.002127956853
62227	0.001922638576
62228	0.001151617347
62229	0.003286085422
62230	0.001757939551
62231	0.004027650482
62232	0.003230191696
62233	0.0007093800539
62234	0.003305255301
62235	0.001741305306
62236	0.002113867449
62237	0.003804189631
62238	0.004164104047
62239	0.002303170088
62240	0.001661044595
62241	0.00813136562
62242	0.001124180211
62243	0.005134972367
62244	0.001778722366
62245	0.003739777693
62246	0.001197994701
62247	0.002491137391
62248	0.004737024426
62249	0.0007750662047
62250	0.001371402773
62251	0.001116760847
62252	0.000450560802
62253	0.01482852829
62254	0.002961149276
62255	0.00350177727
62256	0.007322963157
62257	0.001245375056
62258	0.01193211248
62259	0.0002423294951
62260	0.0001324550572
62261	0.0108713607
62262	0.002015428139
62263	0.0008435334928
62264	0.0008829268049
62265	0.008427362367
62266	0.007643358618
62267	0.0003285207723
62268	0.001227935605
62269	0.003772265471
62270	0.01327320471
62271	0.009690346709
62272	0.003410530778
62273	0.003988970545
62274	1.68452422e-05
62275	0.009433886502
62276	0.00407567046
62277	0.0006560605991
62278	0.006195827055
62279	0.0006753640172
62280	0.003844689308
62281	0.008679358749
62282	0.001175450741
62283	0.002968044589
62284	0.006193226135
62285	0.009546978786
62286	0.000592182467
62287	0.000706240245
62288	0.0007886778996
62289	0.001850241915
62290	0.001657608026
62291	0.001321173872
62292	0.003556683857
62293	0.001468987978
62294	0.003134391495
62295	0.00211544188
62296	0.002228487109
62297	0.001396498624
62298	0.002951660245
62299	0.001388156259
62300	0.001797307728
62301	0.0003914581149
62302	0.007208757456
62303	0.0006112833498
62304	0.004672119426
62305	0.004195816422
62306	0.01546976153
62307	0.006852943844
62308	0.007124391349
62309	0.007599789308
62310	0.006666456572
62311	0.001259167626
62312	0.004834965845
62313	0.003337067511
62314	0.004659413716
62315	4.236105237e-05
62316	0.004767381605
62317	7.593247536e-07
62318	1.569816943e-06
62319	0.01380117611
62320	0.0007832195393
62321	0.0001627588177
62322	6.026253857e-05
62323	0.0001672842406
62324	0.001817690192
62325	0.00049041831
62326	0.005707338619
62327	0.008022353033
62328	0.001298819762
62329	7.858570183e-05
62330	0.0006004802075
62331	0.007497429621
62332	0.0001950412191
62333	0.002310457822
62334	0.0004972816237
62335	0.003156029896
62336	0.001803525005
62337	0.0119293604
62338	0.0005747457725
62339	0.003285259022
62340	0.0009478519073
62341	0.005431966756
62342	0.008130142301
62343	0.003494551721
62344	0.004116365562
62345	0.009610825157
62346	8.973385549e-05
62347	0.005834613963
62348	0.001167944216
62349	0.0001059548064
62350	0.008718566525
62351	0.003838623451
62352	0.0006011573913
62353	0.0007263593371
62354	0.001083130881
62355	0.0002515625297
62356	0.0147889325
62357	0.0007513169733
62358	0.0002979633305
62359	0.001413130512
62360	0.007785222002
62361	0.001673450202
62362	0.001439021575
62363	4.458955822e-05
62364	0.002954981949
62365	0.00718712534
62366	0.003618560649
62367	0.001536415916
62368	0.0009192039986
62369	0.001396998524
62370	0.002349883524
62371	0.003051212396
62372	0.002117044072
62373	0.0002683705625
62374	0.001405269791
62375	3.299784694e-05
62376	0.005115522334
62377	0.0004418202704
62378	0.002347889287
62379	0.0007455842345
62380	0.001095420567
62381	0.002239428506
62382	0.0003945130657
62383	0.004494450443
62384	0.0149711415
62385	0.02248492386
62386	0.0007648294167
62387	0.003728033824
62388	0.00194272097
62389	0.003180425762
62390	0.000888608452
62391	0.009068243881
62392	0.0005712842368
62393	0.000269558905
62394	0.005392185986
62395	0.004017868354
62396	0.0007343136172
62397	0.00149798502
62398	6.30618712e-05
62399	0.00195368408
62400	0.001491240861
62401	0.0006048584169
62402	0.005062644129
62403	0.0002013194918
62404	0.0005559387872
62405	0.0008843211436
62406	0.0005510120651
62407	0.002138637988
62408	0.008124320756
62409	0.001282057681
62410	0.002026735151
62411	0.002549433192
62412	0.000159155418
62413	0.001954153351
62414	0.002794584302
62415	0.004452555477
62416	0.0003374713637
62417	0.0001770719259
62418	0.0008264986357
62419	0.0004547401905
62420	0.0007923995569
62421	0.003053721884
62422	0.002822683414
62423	9.286199438e-05
62424	0.001416195549
62425	0.001609962047
62426	0.0007077182921
62427	0.001007475573
62428	0.007602408693
62429	0.001021871427
62430	0.000978615987
62431	0.0004461564542
62432	0.0007240646052
62433	0.0004664831413
62434	0.001950228684
62435	0.0006555387628
62436	0.0009608890783
62437	0.001774442904
62438	0.001656015833
62439	0.001306751315
62440	0.0001974958458
62441	0.003797639563
62442	0.001243469291
62443	0.0004805296533
62444	7.250770633e-05
62445	0.003018939992
62446	0.0004165668513
62447	0.0004640109098
62448	0.001964911684
62449	0.0009899961337
62450	0.0008632692858
62451	0.000990138394
62452	0.0008332928019
62453	0.002618234193
62454	6.1743028e-05
62455	0.001818913256
62456	0.001308381964
62457	0.002902336171
62458	0.0007365119785
62459	9.188452434e-05
62460	0.001062257973
62461	0.001192674729
62462	0.01648926378
62463	0.0003773523804
62464	0.001452142233
62465	0.001388042529
62466	0.001307723381
62467	7.015255627e-05
62468	0.001431931292
62469	0.001622957863
62470	0.002786929828
62471	0.006023088518
62472	0.001341771861
62473	0.0002037078478
62474	0.001900297018
62475	0.0001521233193
62476	0.000146490314
62477	0.0001246514838
62478	0.0007783012476
62479	0.0002937330428
62480	0.002190551847
62481	0.001192546109
62482	0.003881659714
62483	0.0004300864025
62484	0.002638532394
62485	0.0002312898913
62486	0.005585513435
62487	0.0006229081328
62488	0.0004085318628
62489	0.002982187962
62490	0.002874787418
62491	4.673291765e-05
62492	0.002087703103
62493	0.004772667028
62494	0.0007266404651
62495	0.0002118142804
62496	0.0003886545288
62497	0.007306401759
62498	0.004313886792
62499	0.00248537887
62500	0.0001040132483
62501	0.0002553438582
62502	0.001125413743
62503	0.0005478742785
62504	0.0003153988382
62505	0.0007696052355
62506	0.002875279456
62507	0.00147638813
62508	0.001766800085
62509	0.001367456964
62510	0.0003141799999
62511	0.004255267068
62512	0.0002200510133
62513	0.004011782495
62514	0.0002029077428
62515	0.0003560890887
62516	0.001935524216
62517	0.0009919017532
62518	0.0005663244785
62519	0.001570310698
62520	0.001550889427
62521	0.001937280662
62522	0.002091708685
62523	0.0019623981
62524	0.0004452619878
62525	0.0006736302872
62526	0.0005533766938
62527	0.0003155006667
62528	0.0002455177028
62529	0.0009069319637
62530	0.0009196756655
62531	0.001046571023
62532	0.0007608971348
62533	0.0004730603983
62534	0.001092889143
62535	0.005264343324
62536	0.001173180379
62537	0.0003397897306
62538	0.0012436286
62539	0.006912332518
62540	0.0009907501175
62541	0.003713483179
62542	4.425604799e-05
62543	0.004362268888
62544	0.00284026629
62545	0.004492468858
62546	0.0008420874149
62547	0.001608841427
62548	0.0004942818474
62549	4.880746372e-05
62550	0.001120552599
62551	0.0006006088879
62552	0.0005653061124
62553	0.00075986996
62554	0.001365304202
62555	0.01118464426
62556	0.003706189738
62557	0.002072024362
62558	0.0003306335128
62559	0.0003127439946
62560	0.0005432601269
62561	0.001945477932
62562	0.002307340454
62563	0.003035999912
62564	0.001375992367
62565	0.000465393407
62566	0.0006822080086
62567	2.40933891e-05
62568	0.0004948739123
62569	0.002536882385
62570	0.003390013909
62571	0.001240970644
62572	0.003220291288
62573	0.00166631187
62574	0.001187473032
62575	0.001937694098
62576	0.0009274133699
62577	0.0007589982563
62578	0.001060376482
62579	0.0006620575441
62580	0.002827310619
62581	0.0001337966638
62582	0.00167336089
62583	0.00215719912
62584	0.0004239188126
62585	0.0003852670383
62586	0.002835526089
62587	0.003865508093
62588	0.0005081133804
62589	0.0002122065592
62590	0.0001574710339
62591	0.002328652392
62592	0.0005949047421
62593	0.002102186523
62594	0.0004738707702
62595	0.000336588529
62596	0.002441449005
62597	0.00566185172
62598	0.0005043140849
62599	0.0004982797555
62600	0.002179460254
62601	0.0008009118628
62602	0.005585548445
62603	0.001703175872
62604	0.0005234770445
62605	0.0006800150628
62606	0.001120670236
62607	0.0001275260686
62608	0.001598560972
62609	0.001571754177
62610	0.002342110778
62611	0.0003448241258
62612	0.0002784393419
62613	0.002368708942
62614	0.0007333087156
62615	0.001430602522
62616	6.458524454e-05
62617	0.0005174355254
62618	0.009150250543
62619	0.0008575843284
62620	0.001203973091
62621	0.001080180099
62622	0.001285276359
62623	0.005794456466
62624	0.004193914454
62625	0.004992873303
62626	0.002363500671
62627	5.560871714e-05
62628	0.006135062215
62629	0.001066570533
62630	0.001558535482
62631	0.001018910402
62632	0.002802888803
62633	0.001628684679
62634	4.84766847e-05
62635	0.004673015855
62636	0.001416667983
62637	0.0005869264509
62638	0.0003106047518
62639	0.001585094252
62640	0.0002524780163
62641	0.001390728763
62642	0.00158554232
62643	0.003120478886
62644	0.002409708594
62645	0.006210297981
62646	0.0006224420215
62647	0.005539041723
62648	0.00153080762
62649	4.165969395e-06
62650	0.002093600128
62651	0.001184687563
62652	0.008748590858
62653	0.0004403792081
62654	0.001051769793
62655	0.001596191452
62656	0.001612164729
62657	0.001131201423
62658	0.0007067954878
62659	0.002654504776
62660	0.00176517254
62661	0.001967640465
62662	8.735445668e-05
62663	0.001216878176
62664	0.002767198235
62665	0.0004304210952
62666	0.0008418450641
62667	0.002868435858
62668	0.002484255977
62669	0.0004366060681
62670	0.00094456432
62671	0.0003362364747
62672	0.0006998412601
62673	0.001166686691
62674	0.0004229392958
62675	0.002260808337
62676	1.82278726e-06
62677	0.000997402957
62678	0.002060062512
62679	0.0008741174023
62680	0.0005486393797
62681	0.001380827678
62682	0.003145157644
62683	0.000723492698
62684	0.0005382816728
62685	0.0007224590061
62686	0.001118808185
62687	0.0009260880084
62688	0.0008183012759
62689	0.002932190854
62690	0.002685830964
62691	0.002716662973
62692	0.0001473791883
62693	0.00184983724
62694	0.0002392581455
62695	2.08215178e-05
62696	0.002733552027
62697	0.0002231917565
62698	0.007261443786
62699	0.0003020451902
62700	0.003438037229
62701	0.003497831836
62702	0.004365643066
62703	0.001076089598
62704	0.0172263256
62705	0.001891662805
62706	0.004212524838
62707	0.004913898816
62708	0.000298256213
62709	0.002896697534
62710	0.004755046757
62711	0.01075743935
62712	0.001079757556
62713	0.001683065899
62714	0.00231308235
62715	0.0005967617628
62716	0.0005420191397
62717	0.003585277419
62718	0.003836223914
62719	0.000996392716
62720	0.002892472996
62721	0.003707255106
62722	0.006330701751
62723	0.0005102977406
62724	0.002612982302
62725	0.0002219984611
62726	0.002102367971
62727	0.0004680749817
62728	0.003177889174
62729	0.0001496326375
62730	0.0007455286328
62731	3.40846231e-05
62732	0.002016878958
62733	0.003820307384
62734	0.002725428756
62735	0.0006262257628
62736	0.000590452949
62737	0.0005852331258
62738	0.002800954995
62739	0.006667823657
62740	0.00402531671
62741	0.001136866163
62742	0.0007732702601
62743	0.004896195306
62744	0.005313561883
62745	0.002807441077
62746	0.002574294268
62747	0.0006909023336
62748	0.001648571773
62749	0.0007169496257
62750	0.0007580943875
62751	0.0001229749317
62752	0.0008930424484
62753	0.0001490655964
62754	0.002398738966
62755	0.0004086437525
62756	0.0002121447375
62757	0.004160442542
62758	0.0004104727472
62759	0.0007424820739
62760	0.0002807214173
62761	8.049233183e-05
62762	0.0003210648476
62763	0.002994535463
62764	0.0003666549852
62765	0.001089597562
62766	2.363281882e-05
62767	0.0009446924128
62768	0.003852796777
62769	0.001935194568
62770	0.002314634753
62771	0.0115417037
62772	0.006732144947
62773	0.00559909646
62774	0.01058442944
62775	0.01250640298
62776	0.003137702117
62777	0.01238055049
62778	0.0001590137091
62779	0.001405891731
62780	0.005479574335
62781	0.001108477075
62782	0.005336175005
62783	0.0002416373343
62784	0.005950399148
62785	0.0003993282418
62786	0.002072833397
62787	0.001486580592
62788	0.003213630887
62789	0.00785907593
62790	0.001495893065
62791	0.002440711405
62792	0.009526239832
62793	0.01716564241
62794	0.005871783528
62795	0.001691321455
62796	0.003561419059
62797	0.0006123610357
62798	0.003466815911
62799	0.00339035658
62800	0.002241624234
62801	0.0001977259519
62802	0.004276011146
62803	0.00274645752
62804	0.01525934537
62805	0.006802115189
62806	0.003505703669
62807	0.0001489602418
62808	4.279466359e-05
62809	0.001817788718
62810	0.003778004169
62811	0.00823262439
62812	0.001799488569
62813	0.001471984017
62814	0.004337323706
62815	0.006049157036
62816	0.002044525763
62817	0.003338922073
62818	0.005801846977
62819	0.001108530259
62820	7.996824239e-05
62821	0.0005988195396
62822	0.006044772466
62823	0.002763076331
62824	0.02346761902
62825	0.0002200644777
62826	0.005036130552
62827	0.007524544037
62828	0.001155818017
62829	0.002499290148
62830	0.0003515204019
62831	0.0009270878688
62832	0.004739673868
62833	0.001502039966
62834	0.00247549193
62835	0.00341450418
62836	0.003342729545
62837	0.001873481928
62838	0.0007470775919
62839	0.01152458758
62840	0.006949497233
62841	0.003718884067
62842	0.002573186463
62843	0.00381494162
62844	0.004545932117
62845	0.005732982514
62846	0.001897891151
62847	0.0005853704391
62848	0.001663548916
62849	0.0001329586381
62850	0.004786962262
62851	0.0004589821332
62852	0.001737192499
62853	0.001805521081
62854	0.005238870568
62855	0.0003150728856
62856	0.000969680971
62857	0.0009838592393
62858	0.002793001817
62859	0.001634433957
62860	0.004249649558
62861	0.006418979628
62862	0.009341279503
62863	0.004459569776
62864	0.0002414262419
62865	0.003675459526
62866	0.002938290983
62867	0.003236691393
62868	0.001852721329
62869	0.002742738131
62870	0.007537808396
62871	0.003672074579
62872	0.008585904021
62873	0.004900137562
62874	0.01557369084
62875	0.00412875367
62876	0.008222584283
62877	0.008174640767
62878	0.004520312874
62879	0.002570449371
62880	0.002114882494
62881	0.005107267991
62882	0.005112033324
62883	0.00912844593
62884	0.01263526608
62885	0.005847161245
62886	0.001341346703
62887	0.006889461585
62888	0.003624960686
62889	0.003099730899
62890	0.003227911498
62891	0.007247601344
62892	0.003509394085
62893	0.002562367908
62894	0.004880781675
62895	0.003058181555
62896	0
62897	0.001218959986
62898	0.00346461101
62899	0.001150009857
62900	0.005574437252
62901	0.008891926822
62902	0.01065389184
62903	0.004228744682
62904	0.003091317925
62905	0.0036508041
62906	0.001595994485
62907	0.002942093028
62908	0.006211986371
62909	0.002087553376
62910	0.001927476001
62911	0.0005094990582
62912	0.002327998091
62913	2.624148211e-05
62914	0.0002701324985
62915	0.0001755568418
62916	8.507732159e-05
62917	0.0005226417005
62918	0.001984394527
62919	0.002062796502
62920	0.004370833618
62921	0.001016748066
62922	0.01373263285
62923	0.002745181848
62924	0.004848927517
62925	0.01028438735
62926	0.007819153528
62927	0.001095093139
62928	0.001960950082
62929	0.004734875261
62930	0.005851166353
62931	0.01024394546
62932	0.0178207081
62933	0.01336443867
62934	0.001691205975
62935	0.003618724555
62936	0.01549728239
62937	0.01175976084
62938	0.005412671987
62939	0.003764606392
62940	0.001056203156
62941	0.004206827285
62942	0.004293438841
62943	0.001406076554
62944	0.005383310864
62945	0.00235656741
62946	0.001784604934
62947	0.01001311532
62948	0.0004735933606
62949	0.006481888979
62950	0.005032337668
62951	0.009431275547
62952	0.001021017406
62953	0.0009491642895
62954	0.0008186693799
62955	0.0002301859324
62956	0.001402181431
62957	0.001457851361
62958	0.003432982831
62959	0.002400168645
62960	0.0007630082573
62961	0.006603924609
62962	0.0002105361503
62963	0.00419761748
62964	0.006620775427
62965	0.004723679338
62966	0.00908136022
62967	0.01279957572
62968	0.001690540014
62969	0.0007008432703
62970	0.006699298155
62971	6.411813361e-05
62972	0.004286489576
62973	0.0005635235768
62974	0.01380140531
62975	0.003129487314
62976	0.01499621612
62977	0.005249799756
62978	0.003983537692
62979	0.0006660438547
62980	0.001363311011
62981	0.002284556586
62982	0.004219548043
62983	0.005655867713
62984	0.002633967916
62985	0.000954364512
62986	0.0005916173019
62987	4.933968478e-06
62988	0.002631236376
62989	0.0008906024474
62990	0.005117690732
62991	0.004297984718
62992	0.001838034489
62993	0.004214270432
62994	0.0002683600579
62995	0.005367229672
62996	0.002536964013
62997	0.007760318049
62998	0.005607584973
62999	0.004605250773
63000	0.004012955007
63001	0.006540995145
63002	0.005851576773
63003	0.005420524604
63004	0.002812116136
63005	0.01063363295
63006	0.01486690513
63007	0.01325387363
63008	0.01608130335
63009	0.02076673952
63010	0.003331126305
63011	0.02088110334
63012	0.001430625662
63013	0.004566065883
63014	0.001912819669
63015	0.002124840962
63016	0.001833976377
63017	0.003389758823
63018	0.0008840418804
63019	0.0008577743439
63020	0.0007408297578
63021	0.004528008575
63022	0.002951841869
63023	0.004183841182
63024	0.003915037707
63025	0.004403876368
63026	0.006708759662
63027	0.005265205824
63028	0.003565872839
63029	0.001034683434
63030	0.005860504817
63031	0.004829399735
63032	0.003511632966
63033	0.007856059662
63034	0.001786909593
63035	0.002190612488
63036	0.009187301398
63037	0.005254920529
63038	0.0104463373
63039	0.00544420812
63040	0.004817974
63041	0.0006579388001
63042	0.004792867652
63043	0.001347752732
63044	0.003481697127
63045	0.002120750937
63046	0.001892756526
63047	0.01121249945
63048	0.0006385857766
63049	0.005855589932
63050	0.0002070911256
63051	0.0006493758024
63052	0.0003505823057
63053	0.000131129849
63054	0.0009919898565
63055	0.000193080231
63056	0.0002488776403
63057	0.0007891605836
63058	0.0008871509666
63059	0.01605218332
63060	0.001288024511
63061	0.003463420518
63062	0.0006748332806
63063	0.002254361333
63064	0.000574041019
63065	0.001427920466
63066	0.000698593354
63067	0.001514830055
63068	0.0002669213938
63069	0.0002288047999
63070	0.0006899410783
63071	0.0009378945633
63072	0.0001063987679
63073	0.000566509721
63074	1.684756311e-05
63075	0.0004098792051
63076	0.01242634929
63077	0.005828931592
63078	0.01158450275
63079	0.01326404997
63080	0.0001103653453
63081	0.01222232578
63082	0.01136807324
63083	0.00259372992
63084	0.01579384483
63085	0.00179659339
63086	0.0004275408446
63087	0.004535976755
63088	0.00360578958
63089	0.003146126079
63090	0.0147648481
63091	0.002608081337
63092	0.004532753909
63093	0.001060356607
63094	0.008191981674
63095	0.003753626841
63096	0.002218215039
63097	0.0009677300956
63098	0.000817701763
63099	0.004270422251
63100	0.002233990816
63101	0.0002467825338
63102	5.593160979e-05
63103	0.001405226487
63104	0.0003845514387
63105	0.0007090394472
63106	0.0009915666469
63107	0.004303134429
63108	0.001595712726
63109	0.001145546816
63110	0.0004401900721
63111	0.0006380920335
63112	0.002347619794
63113	0.005684964899
63114	0.02146754548
63115	0.002636490455
63116	0.00643293145
63117	0.0002026135764
63118	0.0004011754347
63119	0.0009651315594
63120	0.0005061887707
63121	0.01628209794
63122	0.0009018955313
63123	0.002529846589
63124	0.001625311008
63125	0.005174562468
63126	0.01232115696
63127	0.002599348188
63128	0.01063209793
63129	0.005843976881
63130	0.0004562928194
63131	0.001381671619
63132	0.0009614890976
63133	0.0105416847
63134	0.0008994531495
63135	0.006468370226
63136	0.0008980419389
63137	0.0009304296176
63138	0.005043986644
63139	0.000747706182
63140	0.001008630034
63141	0.001274661323
63142	0.0004581307705
63143	0.0002066619815
63144	0.001360725957
63145	0.01377400224
63146	0.0001161470053
63147	0.0002996874226
63148	0.002963909683
63149	0.0001917598377
63150	0.000536691902
63151	0.0001668803721
63152	0.0002713311569
63153	0.0091757874
63154	0.0002214719551
63155	0.001682578531
63156	0.002224019415
63157	1.836406865e-05
63158	0.0003960472957
63159	0.0006724768947
63160	0.000788414255
63161	0.0005916300423
63162	0.0006285173154
63163	0.001770878097
63164	0.0008508753291
63165	0.0007764815103
63166	0.0007960846295
63167	0.001870184125
63168	0.0006171096414
63169	0.0002625131016
63170	0.0004208349981
63171	0.0002403188266
63172	0.001077380444
63173	0.0003510165223
63174	0.0004419594813
63175	0.001548488804
63176	0.002266143152
63177	0.002717252288
63178	0.0002195274705
63179	0.00317421803
63180	0.009295090747
63181	0.001526082252
63182	0.01346729903
63183	0.002212928764
63184	0.002718087935
63185	0.01504767053
63186	0.001424095099
63187	0.006217602683
63188	0.002634441911
63189	0.004105323996
63190	0.002672327427
63191	0.003046053656
63192	0.004069723547
63193	7.832334719e-05
63194	0.009154352348
63195	0.001404378728
63196	0.004036080117
63197	0.003042489854
63198	0.001504904777
63199	0.002101853398
63200	0.003122097486
63201	0.000543859791
63202	0.0002034988513
63203	0.01030033123
63204	0.0001295185808
63205	0.002145261258
63206	0.007191991244
63207	0.003884470911
63208	0.002897092548
63209	0.002741450776
63210	0.00506141786
63211	0.006641678619
63212	0.002614698404
63213	0.001284653577
63214	0.001215749212
63215	0.001078263607
63216	0.0004829136408
63217	0.0003569135198
63218	0.00201302936
63219	0.001394109141
63220	0.0011192801
63221	0.002871281796
63222	0.0001177940934
63223	0.001296634248
63224	0.009384193964
63225	0.00057309261
63226	0.007844857207
63227	0.00612649675
63228	0.0005010476607
63229	0.004093366608
63230	0.004715514776
63231	0.002599426208
63232	0.005109161615
63233	0.001667284449
63234	0.01034905977
63235	0.008286245368
63236	0.00669514432
63237	0.005055402194
63238	0.001937382305
63239	0.004128710423
63240	0.008249102737
63241	0.004716420679
63242	7.102246356e-05
63243	0.01268946513
63244	0.001331945929
63245	0.001352435636
63246	0.003055024039
63247	0.002638796068
63248	0.0003043935668
63249	0.01266613578
63250	0.00601528201
63251	0.008839193955
63252	0.009017792997
63253	0.0009622402245
63254	0.007229384009
63255	0.009150732416
63256	0.009575706592
63257	0.0004396547733
63258	9.475568208e-05
63259	0.01178293477
63260	0.001045291565
63261	0.001897543666
63262	0.0111914466
63263	0.000677512707
63264	0.008157587487
63265	0.009622467469
63266	0.0005794034627
63267	0.001386196443
63268	0.002713976254
63269	0.002957636291
63270	0.006197402313
63271	0.009812191003
63272	0.006760938137
63273	0.009477970629
63274	0.002257582299
63275	0.007102403246
63276	0.01955453074
63277	0.002325588084
63278	4.025540398e-05
63279	0.0003992076526
63280	0.002490843945
63281	0.003827565398
63282	0.01114007722
63283	0.01439790984
63284	0.006856019396
63285	0.02244465208
63286	0.008297433553
63287	0.001461971022
63288	0.001782044068
63289	0.01307112254
63290	0.001387242454
63291	0.007689926547
63292	0.003398198926
63293	0.004211675405
63294	0.001485368977
63295	0.003621506563
63296	0.006852333904
63297	0.0004567246325
63298	0.008019222834
63299	0.01556716526
63300	0.002511544916
63301	0.005039069934
63302	0.00871756609
63303	0.001745697923
63304	0.005670371155
63305	0.009121814901
63306	0.007384766259
63307	0.0007678128257
63308	0.003152567819
63309	0.004382217516
63310	0.001447081787
63311	0.003953475754
63312	0.005041851416
63313	0.007972465388
63314	0.005153175517
63315	0.01587762346
63316	0.006896148454
63317	0.003208409818
63318	0.001614308954
63319	0.01086757486
63320	0.007047462165
63321	0.003801808841
63322	0.005821818532
63323	0.003872794268
63324	0.006228772895
63325	0.01323323523
63326	0.008307243707
63327	0.01072511751
63328	0.002483728662
63329	0.00396985722
63330	0.0005846701993
63331	0.0005599531347
63332	0.01366043246
63333	0.01217061893
63334	0.002311573274
63335	0.003354515606
63336	0.003960949382
63337	0.00659963251
63338	0.005814932192
63339	0.0100423546
63340	0.004508354795
63341	0.001776248651
63342	0.006575973034
63343	0.0006916084934
63344	0.0004040289089
63345	0.001172301998
63346	0.001293405773
63347	0.0006380582385
63348	0.004739462487
63349	0.001659157457
63350	0.001181118053
63351	0.0002949566783
63352	0.0005303146235
63353	0.001516707497
63354	0.0009320461793
63355	0.007357462467
63356	0.007928919834
63357	0.001634942815
63358	0.01120804824
63359	0.0009611150632
63360	0.002434331576
63361	0.004186755783
63362	0.001690248856
63363	0.001914473341
63364	0.0004590071303
63365	0.001837011569
63366	0.00151711134
63367	0.006317313276
63368	0.005887177639
63369	0.002907956875
63370	0.006593153655
63371	0.002877634752
63372	0.002418890534
63373	0.006744656601
63374	0.008082233711
63375	0.008395502699
63376	0.006931410463
63377	0.004308081702
63378	3.548232577e-05
63379	0.003525599704
63380	0.001260937836
63381	0.003274722135
63382	0.002399259165
63383	0.007081984627
63384	0.01449324328
63385	0.004101858699
63386	0.002400959614
63387	0.002455725137
63388	0.005343232613
63389	0.003324412136
63390	0.007740145633
63391	0.003040012981
63392	0.00541277931
63393	0.002018409977
63394	0.001786403207
63395	0.005327599576
63396	0.002651577155
63397	0.0005449200961
63398	0.007647301072
63399	0.0004887823503
63400	0.0003387009389
63401	0.001178033121
63402	0.002883289749
63403	0.003028712496
63404	0.006033320147
63405	0.0008704022668
63406	0.01162103608
63407	0.008179342357
63408	0.0008447525543
63409	0.003206358585
63410	0.008354104023
63411	0.002793386591
63412	0.006370767657
63413	0.001456061652
63414	0.0009630607546
63415	0.000327473588
63416	0.005698090676
63417	0.009808351868
63418	0.006362398132
63419	0.001677573409
63420	0.004363032096
63421	0.004447554893
63422	0.001473323304
63423	0.009997984524
63424	0.005968553481
63425	0.00847404845
63426	0.001062416314
63427	0.01594098471
63428	0.001966021054
63429	0.001879829578
63430	0.009842548035
63431	0.0001193809047
63432	0.01097219957
63433	0.006840257694
63434	0.005186733767
63435	0.002578583365
63436	0.003520115654
63437	0.006436724024
63438	0.003372805126
63439	0.0222135273
63440	0.007505727709
63441	0.006720648677
63442	0.001229530075
63443	0.01306446576
63444	0.006862555463
63445	0.007724709791
63446	0.007237119166
63447	0.002658713032
63448	0.004109443079
63449	0.003046134351
63450	0.003197363394
63451	0.01092577404
63452	0.004129374542
63453	0.0002687367937
63454	0.005314432221
63455	0.00695984119
63456	0.0004040478591
63457	0.01230926685
63458	0.006744566309
63459	0.008309234494
63460	0.003065768569
63461	0.007987747096
63462	0.002740356312
63463	0.001022855761
63464	7.594880429e-05
63465	0.003425537828
63466	0.0004169435158
63467	0.002107288705
63468	0.001985983447
63469	0.01405192241
63470	0.002421660797
63471	0.004515827518
63472	0.0006144845094
63473	0.007599088628
63474	0.01126492579
63475	0.0009407080953
63476	0.004742866404
63477	0.002667179736
63478	0.006887746595
63479	0.01465694041
63480	0.001165540849
63481	0.001742510969
63482	0.0177922885
63483	0.005797089106
63484	0.008118101881
63485	0.004282925108
63486	0.009055219553
63487	0.004532159476
63488	0.007510425745
63489	0.0009726462821
63490	0.005561192528
63491	0.002226235783
63492	0.01566557525
63493	0.004271315657
63494	0.002141481506
63495	0.001708008038
63496	0.005395792537
63497	0.01011284277
63498	0.005951627189
63499	0.01364960444
63500	0.007810096054
63501	0.0006791389195
63502	0.001092852781
63503	0.006544281392
63504	9.405694705e-05
63505	0.003208329946
63506	0.01233578361
63507	0.009286131254
63508	0.003149201424
63509	0.005221833272
63510	0.003198866757
63511	0.002105288731
63512	0.01015042995
63513	0.002572082705
63514	0.008147266978
63515	0.01072976141
63516	0.006044736567
63517	0.003965491556
63518	0.010072776
63519	0.002512438279
63520	0.009941637387
63521	0.005911364258
63522	0.0003552342605
63523	0.0005265839033
63524	0.0008174547263
63525	0.0001898617619
63526	0.01375023813
63527	0.001379431638
63528	0.003633363032
63529	0.0004138276299
63530	0.000720415421
63531	0.005298031385
63532	0.002216782481
63533	0.005844173226
63534	0.0007076759348
63535	0.0003882251599
63536	0.003613187595
63537	0.003647223435
63538	0.001953363323
63539	0.002506392348
63540	0.003761792662
63541	0.001112423921
63542	0.002132498476
63543	0.0001889123468
63544	4.89175929e-05
63545	0.0002623680469
63546	0.0004100124254
63547	0.002194615813
63548	0.001350710301
63549	0.0003143212912
63550	0.0005599293011
63551	0.0006139711837
63552	0.001054997195
63553	0.0003806398522
63554	0.001102024446
63555	0.0003324313562
63556	0.00187134844
63557	0.001245840684
63558	4.782069356e-05
63559	0.0006592975588
63560	0.01977976325
63561	0.002105876016
63562	0.001218972769
63563	0.01857749631
63564	0.006780500196
63565	8.07804551e-06
63566	0.002990314046
63567	0.005371306447
63568	0.0003727634254
63569	0.0004665758274
63570	0.01057984552
63571	0.007794216938
63572	0.002608052112
63573	0.002457215759
63574	0.0002425678842
63575	0.005937086797
63576	0.003563627098
63577	0.006049306214
63578	0.01679060102
63579	0.003786959447
63580	0.00195105258
63581	0.003941157967
63582	0.001750351323
63583	0.001415528957
63584	0.003880854216
63585	0.01527742499
63586	0.004381531414
63587	0.004335513406
63588	0.002617428347
63589	0.003166669828
63590	0.002721026158
63591	0.002453434895
63592	0.00546496154
63593	0.005753246393
63594	0.008116860513
63595	0.007831637256
63596	0.004242517845
63597	0.0002337128536
63598	0.005043692938
63599	0.005279099992
63600	0.00954151619
63601	0.006533569842
63602	0.001182997033
63603	0.005008759394
63604	0.001785769583
63605	0.01877347565
63606	0.0003757458068
63607	0.003186087437
63608	0.002282806117
63609	0.01011776319
63610	0.001950040653
63611	0.002914889197
63612	0.001727243866
63613	0.001338422645
63614	0.007862085504
63615	0.001460657239
63616	0.008145698809
63617	0.003219442218
63618	0.01403275119
63619	0.004867439398
63620	6.789767706e-05
63621	0.0144972832
63622	0.006987352878
63623	0.007262818052
63624	0.0009941547422
63625	0.01230442627
63626	0.003611664799
63627	0.006578554852
63628	0.005049799715
63629	0.003429035087
63630	0.01286859054
63631	0.002968095514
63632	0.002125566528
63633	0.004495120721
63634	0.0008942365769
63635	0.0007003044069
63636	0.003592432642
63637	0.008510891419
63638	0.002671816794
63639	0.007700596713
63640	0.003196279496
63641	0.003355955341
63642	0.000535935455
63643	0.02064751174
63644	0.003302937073
63645	0.0005320457033
63646	0.0009566491998
63647	0.004274971065
63648	0.005369522156
63649	0.006178673018
63650	0.0195503776
63651	0.006350442367
63652	0.00141029035
63653	0.008679496619
63654	0.01005898829
63655	0.008924041725
63656	0.01191684235
63657	0.005653882079
63658	0.01948066715
63659	0.004120615525
63660	0.0009968730525
63661	0.01621852164
63662	0.001045333159
63663	0.007242055451
63664	0.005508462776
63665	0.001846629669
63666	0.0004072107356
63667	0.0001805087866
63668	0.002382037405
63669	0.002560396663
63670	0.001521516076
63671	0.0001393887661
63672	0.0009342835938
63673	0.001469817693
63674	0.001041073331
63675	0.0009808418252
63676	0.0001327889646
63677	0.00225715024
63678	0.002019264534
63679	0.0008256515523
63680	0.002453858898
63681	0.004117900708
63682	0.001302724851
63683	0.001952524451
63684	0.004690700866
63685	0.0007687644666
63686	0.007927948787
63687	4.079341484e-05
63688	0.01053386046
63689	0.0009940996019
63690	0.004089530105
63691	0.001763902935
63692	0.006982089437
63693	0.008492122887
63694	0.001435023267
63695	0.001554213369
63696	0.0001960115028
63697	0.001350011159
63698	0.001750285651
63699	0.003224473991
63700	0.001989465981
63701	0.004222188168
63702	0.002678522076
63703	0.001683051094
63704	0.002775459071
63705	0.0003681969123
63706	0.005523571544
63707	0.001435145816
63708	0.0003205068131
63709	0.0009458766129
63710	0.001014730224
63711	0.005185218051
63712	0.002776358408
63713	0.0001992797382
63714	0.003252587837
63715	0.002373012753
63716	0.0006757785225
63717	0.002707454324
63718	0.004361198385
63719	0.003130616666
63720	0.003860696943
63721	0.004138954437
63722	0.002354720682
63723	0.002222174024
63724	0.002710746201
63725	0.004496982362
63726	0.006403592048
63727	0.006622993799
63728	0.003126270292
63729	0.002231135885
63730	0.003359241021
63731	0.00467267797
63732	0.00331812393
63733	0.001926013471
63734	0.002464821763
63735	0.003804898641
63736	0.002789747952
63737	0.004265663034
63738	0.003340405618
63739	0.005314677965
63740	0.001481435869
63741	0.00215959392
63742	0.002318974716
63743	0.001620622994
63744	0.004566350479
63745	0.002717135555
63746	0.00225059711
63747	0.002801783513
63748	0.002203559272
63749	0.001514029544
63750	0.005211183074
63751	0.0003109326771
63752	8.439143195e-05
63753	0.0004221097058
63754	0.001016953104
63755	0.0003722342948
63756	0.0003727449663
63757	0.0001287933975
63758	0.003859104903
63759	0.0004256496917
63760	0.001829233986
63761	0.0001915691162
63762	0.001761867135
63763	0.001633060496
63764	0.001120911259
63765	0.003375429659
63766	0.0123641997
63767	0.006424533627
63768	0.02040401684
63769	0.001625199131
63770	0.004963111907
63771	0.01016194137
63772	0.007228931272
63773	0.0006632140336
63774	0.004267615083
63775	0.00503334376
63776	0.001075523975
63777	0.0007639175245
63778	0.001488495542
63779	0.01909977861
63780	0.002720852001
63781	0.004321170495
63782	0.001213149088
63783	0.001381122951
63784	0.0002410775435
63785	0.0005023250899
63786	0.01161894942
63787	0.001233867454
63788	0.0001384370245
63789	0.007325932199
63790	0.01224258238
63791	0.001119074426
63792	0.0019316227
63793	0.00517558448
63794	0.001506114037
63795	0.001442168793
63796	0.001893516054
63797	0.0004437792295
63798	0.003752666082
63799	0.001417682618
63800	0.0003182399725
63801	0.001122178429
63802	0.002346088323
63803	0.008073276249
63804	0.006633517311
63805	0.0003702504044
63806	0.001546174321
63807	0.0002385988495
63808	0.001149921941
63809	0.0003571944492
63810	0.01718242994
63811	0.008384126406
63812	0.0007482244971
63813	0.009093713098
63814	0.01141697147
63815	0.0008196893568
63816	4.71766268e-05
63817	0.01086579133
63818	0.009127049169
63819	0.01547448821
63820	0.002906592269
63821	0.009879898044
63822	0.002244271412
63823	0.001978740418
63824	0.005856437459
63825	0.01071367306
63826	0.007026532901
63827	0.01217616797
63828	0.0002377258925
63829	0.001154911096
63830	0.006409744342
63831	0.006390480397
63832	0.01861826584
63833	0.003744699952
63834	0.003407326418
63835	0.002407791452
63836	0.002917515801
63837	0.00457109576
63838	0.01891765807
63839	0.0002562919414
63840	0.006752446125
63841	0.001768633689
63842	0.00206656766
63843	0.009632247823
63844	0.001031868912
63845	0.01092363608
63846	0.008832356716
63847	0.02066309571
63848	0.003642189465
63849	0.005255938836
63850	0.0007368986869
63851	0.02103749611
63852	0.0008948685541
63853	0.003055794206
63854	0.003014237299
63855	0.01194618917
63856	0.0001283946949
63857	0.006053768508
63858	0.01034140541
63859	6.084672813e-05
63860	0.003759548005
63861	0.001406630999
63862	0.001147327341
63863	0.003132536451
63864	0.0009207117532
63865	0.0005293160723
63866	0.001063779835
63867	0.004668709095
63868	0.002945692285
63869	0.005008097748
63870	1.036441875e-05
63871	0.002779734844
63872	0.003065390627
63873	0.005813111426
63874	0.0007837562983
63875	0.002248465456
63876	0.001780044347
63877	0.00241544629
63878	0.01714026997
63879	0.01003509379
63880	0.002163226028
63881	0.001939522464
63882	0.008698598819
63883	0.0008326719924
63884	0.008426814667
63885	0.01075607679
63886	0.00448573766
63887	0.0005267652731
63888	0.0004866311121
63889	0.004613802166
63890	0.005850354019
63891	0.01154794745
63892	0.00460177469
63893	0.005833388998
63894	0.005207159658
63895	0.003728552803
63896	0.001093724495
63897	0.003467194246
63898	0.008482735783
63899	0.003139133726
63900	0.001038178512
63901	0.000377866226
63902	0.002413276946
63903	0.0003279722272
63904	0.0004368487166
63905	0.004106884496
63906	0.002126104938
63907	0.006001678714
63908	0.002879773085
63909	0.0009662864723
63910	0.009539568113
63911	0.001149771364
63912	0.007914938296
63913	0.008351651951
63914	0.003705995903
63915	0.004511837147
63916	0.009198321749
63917	5.041181374e-05
63918	0.00843728138
63919	0.003837005471
63920	0.006827191741
63921	0.001871161261
63922	0.007749930193
63923	0.01249651444
63924	0.006540444192
63925	0.001802392568
63926	0.01337044971
63927	0.007175208574
63928	0.002122965791
63929	0.006201930724
63930	0.002934178571
63931	0.01078225213
63932	0.007493272089
63933	0.0008980852864
63934	0.01017077178
63935	0.001867550272
63936	0.005174197957
63937	0.0009025101179
63938	0.004408449285
63939	0.01713768142
63940	0.001793310512
63941	0.01311327792
63942	0.0008913090292
63943	0.004142246748
63944	0.005107823701
63945	0.004145701799
63946	0.003102088385
63947	0.002737554803
63948	0.0073606575
63949	0.006994820673
63950	0.003237140891
63951	0.004082699843
63952	0.0009073866296
63953	0.003603533712
63954	0.001705426384
63955	0.004223829332
63956	0.01738396494
63957	0.0004057568785
63958	0.000890216655
63959	0.00490528536
63960	0.0005995976277
63961	0.002554895285
63962	0.005614715391
63963	0.01069402101
63964	0.01073099534
63965	0.004160270912
63966	0.006172237577
63967	0.00766593868
63968	0.002287814286
63969	0.001868135557
63970	0.004566598265
63971	0.004413278551
63972	0.009515109388
63973	0.0008242880168
63974	0.0147459804
63975	1.353577995e-05
63976	0.003000038516
63977	0.002901622584
63978	0.002263606659
63979	0.005048965599
63980	0.0007039396431
63981	0.0007238165015
63982	0.002447381412
63983	0.006593954057
63984	0.009111493302
63985	0.01349279312
63986	0.0009169775387
63987	0.01250933659
63988	0.000684148333
63989	0.002238313812
63990	0.009215805786
63991	0.0009024720474
63992	0.002122287994
63993	0.0001473652019
63994	0.007102176964
63995	0.005066598407
63996	0.001849787282
63997	0.002482268042
63998	0.004404227805
63999	0.001741625913
64000	0.001916290348
64001	0.00748327127
64002	0.002006734389
64003	0.0189927349
64004	0.001480907289
64005	0.01086598123
64006	0.0002419180894
64007	0.002445209789
64008	0.00724912694
64009	0.007046749529
64010	0.0002799242807
64011	0.004723359262
64012	0.002760323801
64013	0.006339899043
64014	0.004883199511
64015	0.007017105284
64016	0.005009662422
64017	0.01415047376
64018	0.006691971883
64019	0.001204115747
64020	0.00685524999
64021	0.004544855967
64022	0.002448723154
64023	0.001795610214
64024	0.001158170431
64025	0.01137384743
64026	0.002171413715
64027	0.008432482347
64028	0.002491628469
64029	0.008990399863
64030	0.0008186939203
64031	0.00204587199
64032	2.075798604e-05
64033	0.002007494483
64034	0.004788593649
64035	0.005938875049
64036	0.001339591332
64037	0.0003428030673
64038	0.006131631867
64039	0.004965740466
64040	0.007751064453
64041	0.001581673835
64042	0.004604305539
64043	0.0002655848035
64044	0.0007697486681
64045	0.0003814773925
64046	0.002237547412
64047	0.0006353899346
64048	0.00256476039
64049	0.00308226797
64050	0.0005674308947
64051	0.0006952389893
64052	0.004186510883
64053	0.001706453311
64054	0.004506416385
64055	0.003391973751
64056	0.001848891742
64057	0.00580845545
64058	0.008529101713
64059	0.0009626864503
64060	0.00144399199
64061	0.0007065648433
64062	0.0006678136597
64063	0.002280655901
64064	0.0004408420833
64065	0.007364702835
64066	0.008553169169
64067	0.00449460078
64068	0.001403601217
64069	0.001141967822
64070	0.001193440046
64071	0.004714212322
64072	0.002248480511
64073	0.01927510625
64074	0.001892515986
64075	0.006873632051
64076	0.0006481508509
64077	0.002908157292
64078	0.000318963211
64079	0.002884390403
64080	0.003069835183
64081	0.0100555327
64082	0.0005743881986
64083	0.003686866025
64084	0.004330572186
64085	0.0001839244677
64086	0.0009547040248
64087	7.161468798e-05
64088	0.004366198082
64089	0.00112884082
64090	0.002471498618
64091	0.005845354798
64092	0.0004289094145
64093	0.008617920731
64094	0.001464836744
64095	0.001125203317
64096	0.002407608591
64097	0.003276583394
64098	0.0008854933395
64099	0.002933723234
64100	0.002456602241
64101	0.0007611356702
64102	0.001239484205
64103	0.004588076119
64104	0.002386156748
64105	0.005917499267
64106	0.005925052957
64107	0.001357637432
64108	0.003334295945
64109	0.003871898262
64110	0.005021105581
64111	0.001948480868
64112	0.0006444627489
64113	0.002900488474
64114	0.001281552926
64115	0.002262452131
64116	0.0003699461921
64117	0.01332193797
64118	0.005088432311
64119	0.01135653596
64120	0.002101369441
64121	0.003078444961
64122	0.001204122236
64123	0.00212824242
64124	0.002347250087
64125	0.001175085717
64126	0.001412291659
64127	0.00340169909
64128	0.01106590319
64129	0.00806929645
64130	0.007974209868
64131	0.001249574119
64132	0.00307802306
64133	0.002943565984
64134	0.003297297028
64135	0.000965414906
64136	0.001763224075
64137	0.001183513044
64138	0.002407982036
64139	6.142872216e-05
64140	0.0001930285095
64141	0.001695706041
64142	0.0003912909884
64143	0.002313313194
64144	0.001930650677
64145	0.001599058514
64146	0.000777189178
64147	0.01188863526
64148	0.001309710613
64149	0.001152891617
64150	0.00411196149
64151	0.005727552289
64152	0.004764308133
64153	0.004786072485
64154	0.002134646998
64155	0.002673329346
64156	0.003350225176
64157	0.002459656588
64158	0.004846052221
64159	0.0003507486655
64160	0.0002322794737
64161	0.0007117624611
64162	0.003804122951
64163	0.02086176753
64164	0.005667607389
64165	0.001422459387
64166	0.001490524399
64167	0.002508262681
64168	0.000896279378
64169	0.0041356758
64170	0.003327992799
64171	0.002488783541
64172	0.002335698118
64173	0.0002510382406
64174	0.001897174892
64175	0.006166014533
64176	0.001544722996
64177	0.002929780049
64178	0.006163063968
64179	0.003961662201
64180	0.001500041123
64181	0.008452951954
64182	0.003670107076
64183	0.004220746932
64184	0.0006595908548
64185	0.001783308916
64186	0.003992740342
64187	0.005917104913
64188	0.002658592787
64189	0.001243652676
64190	0.002864212342
64191	0.000392094402
64192	0.001777757368
64193	0.002598612211
64194	0.002051145331
64195	0.002750234128
64196	0.003535521643
64197	0.001574216855
64198	0.004129732801
64199	0.005327466399
64200	0.006020157362
64201	0.003446898887
64202	0.0005476853805
64203	0.0005026818147
64204	0.001555588623
64205	0.01221876358
64206	0.002306503619
64207	0.009515463142
64208	0.004341575441
64209	0.004550602485
64210	0.003682159892
64211	0.00217288738
64212	0.001636696212
64213	9.119539576e-05
64214	0.0001916180411
64215	0.0009199117863
64216	0.001455644234
64217	0.002689037956
64218	0.003378894564
64219	0.003674177895
64220	0.0004357780427
64221	0.004133044692
64222	0.004802813039
64223	0.001721580358
64224	0.001269106775
64225	0.001328508014
64226	0.004638389655
64227	0.002237067597
64228	0.004567667719
64229	7.123579712e-05
64230	0.00759569943
64231	0.002815964403
64232	0.003827321946
64233	0.007880183433
64234	0.003222720341
64235	0.001278594169
64236	0.0002225494787
64237	0.0001865309369
64238	0.00641587417
64239	0.00341734417
64240	0.0004288684915
64241	0.002482670234
64242	0.0008049669552
64243	0.0008821140086
64244	0.0008410673214
64245	0.002730008581
64246	0.002551267968
64247	0.001207172051
64248	0.001041630132
64249	0.003668730292
64250	0.00179398526
64251	0.0009120077796
64252	0.003176928405
64253	0.001664235607
64254	0.0030761215
64255	0.001442518912
64256	0.00518356219
64257	0.0008337333303
64258	0.007868445359
64259	0.004315500699
64260	0.008148502433
64261	0.002000960717
64262	0.008253117787
64263	0.004575650563
64264	0.002703489048
64265	0.001574123664
64266	0.001244636431
64267	0.001289258491
64268	0.002571420476
64269	0.0003297001734
64270	0.002643984499
64271	0.003241905782
64272	0.001463784552
64273	0.004079149866
64274	0.009228174927
64275	0.005229023842
64276	0.001038667868
64277	0.0002492097661
64278	0.004724039225
64279	0.0003806903643
64280	0.001395451861
64281	0.001260822084
64282	0.005345596614
64283	0.001464490812
64284	0.002857519356
64285	0.0003682866526
64286	0.005564431753
64287	0.004548769326
64288	0.01459526166
64289	0.002460330562
64290	0.004930831915
64291	0.003291067708
64292	0.003818827155
64293	0.0002902479946
64294	0.0006809570246
64295	0.002573123818
64296	0.0124969638
64297	0.002203920293
64298	0.000857123798
64299	0.001733953221
64300	0.006451266012
64301	0.004729782447
64302	0.001072189227
64303	0.006912044028
64304	0.01264457022
64305	0.001505686821
64306	0.0008663002348
64307	0.003382149986
64308	0.0008467301335
64309	0.005161481644
64310	0.01135324237
64311	0.0009992222094
64312	0.0004241815964
64313	0.001076722759
64314	0.003955312462
64315	0.006224856569
64316	0.00838025047
64317	0.00105576763
64318	0.0005100025492
64319	0.0009189752978
64320	0.0005361885095
64321	0.0052948041
64322	0.001950599859
64323	0.001233157209
64324	0.001500935584
64325	0.006273137506
64326	0.0003524854431
64327	0.001181149795
64328	0.002023631929
64329	0.003550312629
64330	0.001721880453
64331	0.0008356347737
64332	0.002467764029
64333	0.002011638091
64334	0.00440263333
64335	0.001517259614
64336	0.005366975609
64337	0.0009357822191
64338	0.003792627085
64339	0.000929163615
64340	0.0006040844383
64341	0.003055296965
64342	0.001055819318
64343	0.003236835917
64344	0.0008298288625
64345	0.004528734088
64346	0.002701084478
64347	6.99726362e-05
64348	0.002607500379
64349	0.0005837480458
64350	0.0009097734889
64351	0.003058836947
64352	0.00256556693
64353	0.000551547329
64354	0.007544075557
64355	0.003049819363
64356	0.00345826151
64357	0.0004033342737
64358	0.002667334253
64359	0.002824895813
64360	0.008436916321
64361	0.0008161486054
64362	0.001275942812
64363	0.004522817999
64364	0.003076409245
64365	0.001117773132
64366	0.006031374544
64367	0.005102490774
64368	0.009368999357
64369	0.01357165666
64370	0.007648949696
64371	0.0005315166431
64372	0.004824444119
64373	0.007837248081
64374	0.0006796991737
64375	0.006526056491
64376	0.0001101806583
64377	0.001827681312
64378	0.00770073073
64379	0.001723138096
64380	0.001907197642
64381	0.0003101287514
64382	0.003936310712
64383	0.0007090388793
64384	0.001832657929
64385	0.01011369958
64386	0.01221929762
64387	0.001568842289
64388	0.006958167201
64389	0.001674915333
64390	0.003767006239
64391	0.00232189081
64392	0.00544803471
64393	0.009189383968
64394	0.002654487995
64395	0.002013850809
64396	0.0003214898132
64397	0.005468272976
64398	0.01471961421
64399	0.006583759221
64400	0.0006631135055
64401	0.01498284762
64402	0.0101048188
64403	0.009625091751
64404	0.000517894638
64405	0.002960996623
64406	0.003387017621
64407	0.008959880682
64408	0.01067662296
64409	0.01547268291
64410	0.004684065376
64411	0.007147903675
64412	0.0006125842555
64413	0.002058376917
64414	0.000777546595
64415	0.0006869136045
64416	0.000979324423
64417	0.01287964023
64418	0.008220437727
64419	0.003070897232
64420	0.001627036016
64421	0.006464590413
64422	0.005765643547
64423	0.003718638121
64424	0.001210039136
64425	0.001423195621
64426	0.01106290117
64427	0.00452860777
64428	0.004035260521
64429	0.001552327636
64430	0.002961213084
64431	0.01015148888
64432	0.004982012583
64433	0.0007384356843
64434	0.001545391556
64435	0.0008820474327
64436	0.003229391131
64437	0.002005330237
64438	0.01215112301
64439	0.008311333124
64440	0.01062745045
64441	0.001669579996
64442	0.001531261712
64443	0.01052080806
64444	0.01569045375
64445	0.004582593332
64446	0.005351188729
64447	0.004330680944
64448	0.0009516879422
64449	0.00101270084
64450	0.005290497522
64451	0.01180007363
64452	0.006415219162
64453	0.008030455035
64454	0.000343799092
64455	0.0001319696784
64456	0.00403566068
64457	0.001217999993
64458	2.698416118e-05
64459	0.009785554497
64460	0.00510656987
64461	0.0002712896386
64462	0.00341090171
64463	0.009736861533
64464	0.001347068845
64465	0.007253204235
64466	0.002632504594
64467	0.001481473744
64468	0.01558972565
64469	0.001092565728
64470	0.005881099066
64471	0.004472313593
64472	0.008156553408
64473	0.002756758094
64474	0.005488047726
64475	0.001132865897
64476	0.0139292428
64477	0.004097368597
64478	0.01216702946
64479	0.008412646542
64480	0.006137829434
64481	0.00480092248
64482	0.01014551043
64483	0.01499705465
64484	0.002403289843
64485	0.01169984683
64486	0.005137970565
64487	0.0002369753557
64488	0.002362332524
64489	0.01255636386
64490	0.01132165709
64491	1.531486014e-05
64492	0.004775594088
64493	0.01260876217
64494	0.0003646280452
64495	0.01644414138
64496	0.01042228762
64497	0.00552290137
64498	0.008708025636
64499	0.003506323469
64500	0.02289072929
64501	0.005839672922
64502	0.006121580806
64503	0.007192014055
64504	0.0005140610831
64505	0.005601793251
64506	0.003289988693
64507	0.009667115292
64508	0.001591672145
64509	0.01006537998
64510	0.01550177161
64511	0.0002786880854
64512	0.003400760684
64513	0.01051779067
64514	0.003068609834
64515	0.01651438479
64516	0.006933879583
64517	0.003721336916
64518	0.002314116574
64519	0.0007101639896
64520	0.001628762942
64521	0.006725015092
64522	0.003971904296
64523	0.006291387714
64524	0.009422357507
64525	0.004927964961
64526	0.01133952879
64527	0.0006739304892
64528	0.003976596218
64529	0.002819887382
64530	0.006994341665
64531	0.0061948943
64532	0.001663655273
64533	0.003038636122
64534	0.01199511429
64535	0.002481532945
64536	0.000996172674
64537	0.002531012613
64538	0.008624894655
64539	0.002360020581
64540	0.0008856196469
64541	0.001251716739
64542	0.001557227505
64543	0.002492308504
64544	0.006544358412
64545	0.009421167659
64546	0.01797657436
64547	0.003597767718
64548	0.001837198617
64549	0.001419682898
64550	0.01172386535
64551	0.0006671375214
64552	0.000668159058
64553	0.008704925176
64554	0.004405354641
64555	0.009933186411
64556	0.002985134342
64557	0.008375636526
64558	0.003403309563
64559	0.003746448862
64560	0.01039182164
64561	0.01723059724
64562	0.00103479906
64563	0.001722664158
64564	0.003520154856
64565	0.001797608195
64566	0.008239424621
64567	0.006080601767
64568	0.0107283371
64569	0.00265645768
64570	0.0001126321852
64571	0.006101755412
64572	0.001326519729
64573	0.001951830128
64574	0.0006154494711
64575	0.00489582148
64576	0.001033320293
64577	0.001021978205
64578	0.006204091518
64579	0.002925557121
64580	0.001586222849
64581	0.0002504901986
64582	0.009130703414
64583	0.000760803208
64584	0.003401481029
64585	0.0009453326632
64586	0.003578238167
64587	0.002943339851
64588	0.002798320212
64589	0.002738036566
64590	0.002401339877
64591	0.01062342585
64592	0.002014600282
64593	0.0003755225366
64594	0.005934521352
64595	0.000991454869
64596	0.001732634656
64597	0.001936631587
64598	0.0007867650709
64599	0.0001650683135
64600	0.001076741594
64601	0.0002005530858
64602	0.0008012176867
64603	0.001132840665
64604	0.007442906693
64605	0.003969211505
64606	0.01092917244
64607	0.001515955268
64608	0.01114784034
64609	0.008840981538
64610	0.01220356187
64611	0.001081555575
64612	0.0009923272349
64613	0.01170510077
64614	0.0003223658185
64615	0.0003117339299
64616	0.005895358188
64617	0.009677517289
64618	0.01032631654
64619	0.0008067423136
64620	0.0008698336109
64621	0.008754358751
64622	0.007342343647
64623	0.003828604783
64624	0.006989829416
64625	0.0007821426945
64626	0.008377061091
64627	0.00579849543
64628	0.0005329072443
64629	0.005928488181
64630	0.005158613025
64631	0.01238640075
64632	0.0200701362
64633	0.004153505649
64634	0.01114844377
64635	0.00220895859
64636	0.01235892695
64637	0.0004536449646
64638	0.003829644868
64639	0.001219986752
64640	0.0005777185882
64641	0.001071635806
64642	0.002559973438
64643	0.0006777253091
64644	0.001213544674
64645	0.001814591345
64646	0.003181280401
64647	0.000242163392
64648	0.0001388800351
64649	0.0004998676542
64650	0.006023713268
64651	0.0002660552482
64652	0.002793642502
64653	0.000717635468
64654	0.0005525618999
64655	0.002225334472
64656	0.004903308063
64657	0.005462168033
64658	0.01010846997
64659	0.003092805938
64660	0.0002293997932
64661	0.01352197568
64662	0.004563028207
64663	0.003956019271
64664	0.008470799618
64665	0.01200670795
64666	0.01246501264
64667	0.0001797285923
64668	0.002233128757
64669	0.002975013285
64670	0.003041768222
64671	0.0004410325291
64672	0.00271170691
64673	0.006022326988
64674	0.007031834074
64675	0.009417140607
64676	0.006833133401
64677	0.002510380987
64678	0.001253208933
64679	0.004587534078
64680	0.002854139721
64681	0.004381874273
64682	0.00393743904
64683	0.003681444523
64684	0.002728932655
64685	0.007553864428
64686	0.007157572564
64687	0.008212858054
64688	0.01135711607
64689	0.01081078785
64690	0.0008272667062
64691	0.0008869805026
64692	0.003313467747
64693	0.000895386766
64694	0.002254195586
64695	0.005894709182
64696	0.01094161024
64697	0.01334016384
64698	0.003168671438
64699	0.006248713674
64700	0.008179582893
64701	0.01268383373
64702	0.001720080682
64703	0.006987497496
64704	0.008401588015
64705	0.0005517530271
64706	0.0006944386949
64707	0.005747160745
64708	0.008712346849
64709	0.0009224298781
64710	0.0007756528359
64711	0.001098695994
64712	0.001598029883
64713	0.0008273935745
64714	0.01013765556
64715	0.006729024879
64716	0.005901504508
64717	0.007073531972
64718	0.00676037112
64719	0.001434841834
64720	0.009582267034
64721	0.002958270458
64722	0.006453632466
64723	0.005573688903
64724	0.0119779047
64725	0.002682109027
64726	0.02203591271
64727	0.005825455636
64728	0.0009363737141
64729	0.002159069057
64730	0.005171642555
64731	0.02180092503
64732	0.0003563861235
64733	0.003114299512
64734	0.002185512525
64735	0.0002451625146
64736	0.003437453352
64737	0.003897187093
64738	0.006312972487
64739	0.002710344349
64740	0.006285455993
64741	0.002865001932
64742	0.005845727281
64743	0.001976152464
64744	0.0004496322585
64745	0.006080374591
64746	3.193149034e-07
64747	0.0001737726066
64748	0.001565929386
64749	0.007723659141
64750	0.001776038894
64751	0.0006095685697
64752	0.001781042654
64753	0.005473880471
64754	0.009419751256
64755	0.0004270085431
64756	0.01068126338
64757	0.005699036064
64758	0.01597321753
64759	0.004084835085
64760	0.005602531652
64761	0.004094445944
64762	0.003603579328
64763	0.002603596512
64764	0.001358103475
64765	0.002488189899
64766	0.0008410253745
64767	0.002103579352
64768	0.01109037174
64769	0.01154796077
64770	0.0007254054497
64771	0.0003765886073
64772	0.0005095252109
64773	0.001200510829
64774	0.008597536866
64775	0.006926970612
64776	0.005069717541
64777	0.001144906228
64778	0.005999456842
64779	0.008081238278
64780	0.0009640036128
64781	0.028489946
64782	0.003367933979
64783	0.00534143772
64784	0.006805689766
64785	0.00170024391
64786	0.002399230951
64787	0.006699421432
64788	0.01044536877
64789	0.01297153991
64790	0.01304630635
64791	0.001958472212
64792	0.01030900068
64793	0.009459388321
64794	0.006988244372
64795	0.0001774941269
64796	0.008967470084
64797	0.01519182095
64798	0.015025003
64799	0.003743780806
64800	0.0007557713673
64801	0.006307575537
64802	0.004339764596
64803	0.01095814935
64804	0.008326577824
64805	0.000678252282
64806	0.0002695924172
64807	0.00831025451
64808	0.008007207907
64809	0.009433239424
64810	0.001555017722
64811	0.01463004903
64812	0.009609185893
64813	0.004325799819
64814	0.01506108005
64815	0.001919908703
64816	0.01213373875
64817	0.0008150431039
64818	0.002155596718
64819	0.001846512778
64820	0.001472918801
64821	0.008696412257
64822	0.003269968487
64823	0.002245513244
64824	0.006375484021
64825	0.01495850533
64826	0.005679518374
64827	0.0003608570563
64828	0.001078146936
64829	0.004998881623
64830	0.003040891372
64831	0.00281793639
64832	0.003524873952
64833	0.006402250525
64834	0.004786188418
64835	0.01158201422
64836	0.0001329265025
64837	0.01114204636
64838	0.008363990549
64839	0.0006512907161
64840	0.002182480038
64841	0.005085896994
64842	0.004678159289
64843	0.01431658565
64844	0.001715324201
64845	0.006181509604
64846	0.01170663541
64847	0.009364457847
64848	0.006135564498
64849	0.0001158352814
64850	0.005332703882
64851	0.01326289802
64852	0.004859563002
64853	0.004108866821
64854	0.003388701339
64855	0.005132565131
64856	0.01380685445
64857	0.005344154998
64858	0.003566185795
64859	0.008251553522
64860	0.01124494115
64861	0.002821503734
64862	0.007983894972
64863	0.003414310038
64864	0.0005050944597
64865	0.0004488704933
64866	0.001401270077
64867	0.003054382824
64868	0.001636526767
64869	0.007767048351
64870	0.02213278413
64871	0.006565203419
64872	0.004576927024
64873	0.0004055319339
64874	0.002070256171
64875	0.001245039657
64876	0.0001322908545
64877	0.01289230872
64878	0.003701806713
64879	0.001086798911
64880	0.001462939728
64881	0.001559649811
64882	8.294470422e-05
64883	4.209118438e-05
64884	0.0151827613
64885	0.003263950975
64886	0.00653934931
64887	0.01386624232
64888	0.002673642913
64889	0.006231242557
64890	0.007225388564
64891	0.003260101718
64892	0.0001941214894
64893	0.0002359679554
64894	0.008058744422
64895	0.002308659271
64896	0.001524263924
64897	0.01658858699
64898	0.009292358994
64899	0.006363908234
64900	0.01114973004
64901	0.01444475259
64902	0.005850220257
64903	6.629582601e-05
64904	0.02285638082
64905	0.002071324197
64906	0.01071144358
64907	0.005877682679
64908	0.003598769323
64909	0.000893063263
64910	0.01174349896
64911	0.008131924058
64912	0.003296431183
64913	0.002358731393
64914	0.0002947570929
64915	0.002340665291
64916	0.01737915312
64917	0.007699761813
64918	0.01449414534
64919	0.0120828461
64920	0.01110461184
64921	0.01325629763
64922	0.01308994874
64923	3.763220785e-05
64924	0.0005767265231
64925	0.00392550685
64926	0.002123639793
64927	0.007344126816
64928	0.004575901637
64929	0.009143011754
64930	0.01529327573
64931	0.002902750686
64932	0.006351430822
64933	0.01053217084
64934	0.01316920928
64935	0.01308950833
64936	0.001221844268
64937	0.002368382388
64938	0.01323051046
64939	0.01092248515
64940	0.009224623542
64941	0.001407991443
64942	0.005370640005
64943	0.01822787391
64944	0.002079885367
64945	0.004998698222
64946	0.01155769714
64947	0.01391829608
64948	0.01842861665
64949	0.01921754457
64950	0.01338986719
64951	0.01305591153
64952	0.01667232314
64953	0.001717160399
64954	0.002508794386
64955	0.0107416261
64956	0.007558860726
64957	0.01533358604
64958	0.006058793046
64959	0.001717744054
64960	0.001564435792
64961	0.01468312766
64962	0.01526624663
64963	0.01360211681
64964	0.002920625516
64965	0.002230357103
64966	0.01449429277
64967	0.009307651682
64968	0.006294910528
64969	0.008402867066
64970	0.002071627089
64971	0.00976185818
64972	0.005519115521
64973	0.01365911096
64974	0.01161574292
64975	0.0006255506768
64976	0.0001304032902
64977	0.003848858194
64978	0.01285437605
64979	0.000456734898
64980	0.001229697937
64981	0.001605063247
64982	0.007502977387
64983	0.0003743878301
64984	0.001073034711
64985	0.008184397337
64986	0.007562002086
64987	0.008287523351
64988	0.006803460979
64989	0.01917234817
64990	0.003736595738
64991	0.004649631018
64992	0.001455193691
64993	0.0008588370003
64994	0.0003578484806
64995	0.009152514453
64996	0.002927845154
64997	0.001835648783
64998	0.004425342247
64999	0.01983694214
65000	0.01489127499
65001	0.007967450562
65002	0.004873990324
65003	0.01474824671
65004	0.004602518819
65005	0.002817159125
65006	0.008842682033
65007	0.00143449822
65008	0.00482386547
65009	0.001621511811
65010	0.006065261963
65011	0.0002923524657
65012	0.001696421938
65013	0.01578011199
65014	0.003427427096
65015	0.005386261699
65016	0.01064290225
65017	0.0005253384647
65018	0.0005570851861
65019	0.002233380841
65020	0.009285942416
65021	0.007404493225
65022	0.001587243393
65023	0.01304178409
65024	0.004137564687
65025	0.0130216745
65026	0.002170453506
65027	0.009875236955
65028	0.004552543048
65029	0.00281402368
65030	0.0002694173591
65031	0.002458431234
65032	0.006827373182
65033	0.003501859492
65034	0.006363063336
65035	0.0007269437746
65036	0.01157053353
65037	0.0005859355175
65038	0.005935552717
65039	0.00979736428
65040	0.0029146828
65041	0.001909472736
65042	0.003980332696
65043	0.003070583116
65044	0.005082596236
65045	0.01607983679
65046	0.0007314499431
65047	0.008836793827
65048	0.01160223868
65049	0.006074530845
65050	0.007484664956
65051	0.01757121252
65052	0.002255039921
65053	0.002898792084
65054	0.01282994162
65055	0.003599648155
65056	0.0007914008134
65057	0.00357910678
65058	0.005138824397
65059	0.005455352393
65060	0.001199112577
65061	0.02348680908
65062	0.002732639593
65063	0.00289850393
65064	0.001370111551
65065	0.002313599121
65066	0.0151962129
65067	0.008321045582
65068	0.00329102341
65069	0.002783686503
65070	0.008051809791
65071	0.004327983351
65072	0.004486581753
65073	0.002798971343
65074	0.008345013248
65075	4.01569002e-05
65076	0.01092146933
65077	0.0001899717132
65078	0.0005878713996
65079	0.0005361518368
65080	0.003311755486
65081	0.009772272532
65082	0.002482787536
65083	0.01339522583
65084	0.005927121428
65085	0.02454601418
65086	0.001726685737
65087	0.01751202962
65088	0.002341767393
65089	0.002578788052
65090	0.001855073784
65091	0.002706655856
65092	0.006780321167
65093	0.00451570178
65094	0.00484215696
65095	0.006447020959
65096	0.002748312204
65097	0.002042226597
65098	0.002033858018
65099	0.009656164714
65100	0.0004842496295
65101	0.003006203332
65102	0.000239548348
65103	0.01308265365
65104	0.000259080698
65105	0.006829386674
65106	0.01170737296
65107	0.01570359846
65108	0.003773710192
65109	0.0008323345607
65110	0.005609974763
65111	0.002169605795
65112	0.001866325324
65113	0.004367669997
65114	0.001454040144
65115	0.003938307633
65116	0.001925124161
65117	0.007523990135
65118	0.004196200956
65119	0.0009180617477
65120	0.006551655924
65121	0.003775864591
65122	0.007972911496
65123	0.003530550611
65124	0.008152819006
65125	0.003123421658
65126	0.006674757588
65127	0.007878501094
65128	0.008294033503
65129	0.005865149554
65130	0.003791883242
65131	0.01109372747
65132	0.01092128894
65133	0.001674041694
65134	0.00217219135
65135	0.0044690198
65136	0.004725473818
65137	0.007960856199
65138	0.001996401896
65139	0.001932893863
65140	0.007673924549
65141	0.005577845218
65142	0.003073054405
65143	0.01638475661
65144	0.01100182161
65145	0.001782847265
65146	0.0002261761017
65147	0.007262688915
65148	0.002264077838
65149	0.006793331599
65150	0.009286111663
65151	0.01224118065
65152	0.001286127647
65153	8.627476217e-05
65154	0.01322699382
65155	0.002420081696
65156	0.01191978823
65157	0.003448677739
65158	0.006097728086
65159	0.009454943074
65160	0.003430163922
65161	0.001087772328
65162	0.009930436471
65163	0.001283286797
65164	0.008153166938
65165	0.0017742058
65166	0.001859817071
65167	0.005435829456
65168	0.007064387067
65169	0.004682174428
65170	0.0004466719651
65171	0.005745038241
65172	0.001327213377
65173	0.0108498483
65174	0.000494856687
65175	0.009076242936
65176	0.004668781192
65177	0.005434298281
65178	0.001004164044
65179	0.01157065315
65180	0.004285028279
65181	0.002845890801
65182	0.009207434887
65183	0.003912303128
65184	0.000695515566
65185	0.0001181868466
65186	0.01004284487
65187	0.002892004972
65188	0.003604379703
65189	0.0006565036673
65190	0.008535472387
65191	0.001791185785
65192	0.002566557688
65193	0.004681062156
65194	0.003566217581
65195	0.009884825976
65196	0.005353594147
65197	0.005242050123
65198	0.002048565197
65199	0.02728690951
65200	2.171114321e-05
65201	0.004269883115
65202	0.0007649680953
65203	0.005921913883
65204	0.008168377351
65205	8.992745706e-05
65206	0.0006029649567
65207	0.005285280631
65208	0.004495825321
65209	0.006294584355
65210	0.001303322388
65211	0.001876668366
65212	0.01953058844
65213	0.002076554871
65214	0.003840151872
65215	0.007787007087
65216	0.0068498251
65217	0.006233090111
65218	0.001128529667
65219	0.003892762123
65220	0.0006957096586
65221	0.001787714375
65222	0.0004372306066
65223	0.004953018249
65224	0.004219829039
65225	0.005685803951
65226	0.005951990157
65227	0.002612282784
65228	0.01598386191
65229	0.009970786081
65230	0.003083049453
65231	0.0007816415675
65232	0.003500856719
65233	0.00373079714
65234	0.008870622136
65235	0.01506102735
65236	0.01949790294
65237	7.396901503e-05
65238	0.005749094956
65239	0.01162659311
65240	0.00532713094
65241	0.005085507855
65242	0.00573872851
65243	0.0016174341
65244	0.003637672418
65245	0.002900508009
65246	0.003087583708
65247	0.000344190468
65248	0.004282171528
65249	0.001859377044
65250	0.004735925607
65251	0.01393314851
65252	0.003229870231
65253	0.008913706443
65254	0.001551395858
65255	0.02177038665
65256	0.002673112807
65257	0.0007460859744
65258	0.004510958022
65259	0.002856218787
65260	0.009570014456
65261	0.000915841975
65262	0.004314002601
65263	0.001012522316
65264	4.250927884e-05
65265	0.005145108695
65266	0.004442874551
65267	0.01133634309
65268	0.002782244074
65269	0.003605825508
65270	0.01306390239
65271	0.0003538039507
65272	0.0008704075418
65273	0.007574344453
65274	0.001488273406
65275	0.003339258268
65276	0.003587949902
65277	0.001177019952
65278	0.006676804121
65279	0.004447250487
65280	0.01340332716
65281	0.001672590676
65282	0.00275454784
65283	0.006272122668
65284	0.003124153397
65285	0.002122118784
65286	0.003869089296
65287	0.001282741843
65288	0.004998397175
65289	0.003711227442
65290	0.0003304414957
65291	0
65292	0.01337272908
65293	0.00605425252
65294	0.003794012264
65295	0.002291374577
65296	0.008416952254
65297	0.00121972964
65298	0.005929184243
65299	0.01270305252
65300	0.001654021967
65301	0.006515021663
65302	0.004991997152
65303	0.002266430243
65304	0.0004503399852
65305	0.001967012836
65306	0.002174905429
65307	0.001382574428
65308	0.0007857443544
65309	0.002662195647
65310	0.002503842704
65311	0.002031834754
65312	0.001100402858
65313	0.00892708648
65314	0.003185752145
65315	0.0005373712782
65316	0.003778492505
65317	0.003207645099
65318	0.001113118055
65319	0.0005271405924
65320	0.002589376037
65321	0.01800200881
65322	0.0003300171474
65323	3.98039623e-05
65324	0.001294292369
65325	0.002641603706
65326	0.00579585501
65327	0.007082274365
65328	0.0008791558515
65329	0.009491301451
65330	0.0007228077574
65331	0.002067385185
65332	0.003704496191
65333	0.006328687254
65334	0.002582564002
65335	0.0006489663142
65336	0.004320712848
65337	0.001004032181
65338	0.001241374699
65339	0.006790491718
65340	0.003573534723
65341	0.0021915011
65342	0.0005044614907
65343	5.665494267e-05
65344	0.00439816818
65345	0.0136224767
65346	0.0003421325896
65347	0.01220933929
65348	0.001351129236
65349	0.007560298929
65350	0.02429897569
65351	0.0016306368
65352	0.004942113523
65353	0.001154181835
65354	5.384985957e-05
65355	0.001669350842
65356	0.0008743608672
65357	0.000274723588
65358	0.0004702497933
65359	0.002074989608
65360	0.01801054585
65361	0.004319925335
65362	0.003073688191
65363	0.0004728669954
65364	0.00106686515
65365	0.001595760214
65366	0.002933163391
65367	0.005825106937
65368	0.01086932714
65369	0.01100892019
65370	0.01786674145
65371	0.003565254073
65372	0.003736378645
65373	0.01848873092
65374	0.02322873641
65375	0.0007387927588
65376	0.00155114164
65377	0.003715209604
65378	0.009932633149
65379	0.001526908221
65380	0.009044718741
65381	0.006581194869
65382	0.008348269225
65383	0.004481623798
65384	0.002371858182
65385	0.006021802403
65386	0.003608140632
65387	0.0001976727496
65388	0.009871779813
65389	0.001137948795
65390	0.01091343788
65391	0.003157995765
65392	0.008773773065
65393	0.001535961111
65394	0.002145853169
65395	0.004983520954
65396	0.005033754785
65397	0.004693055453
65398	0.01298114415
65399	0.01022598225
65400	0.005497376362
65401	0.002686678022
65402	0.002257546839
65403	0.005002488585
65404	0.002360397249
65405	0.001576601879
65406	0.01523032359
65407	0.001177974592
65408	0.0003300048105
65409	0.007648095753
65410	0.001966740005
65411	0.01102825519
65412	0.003376061173
65413	0.0007158686446
65414	0.01001736731
65415	0.001431936017
65416	0.00378512646
65417	0.0005251319367
65418	0.001849611637
65419	0.002437864463
65420	0.01007302176
65421	0.005746937025
65422	0.004081204389
65423	0.004570246562
65424	0.006680804891
65425	0.0149415655
65426	0.001366398353
65427	0.0005738611463
65428	0.0005876378238
65429	0.002581025399
65430	0.0003652851599
65431	0.001509725789
65432	0.001304430471
65433	0.0005951202548
65434	0.00176523018
65435	0.005406179487
65436	0.0006102551021
65437	0.001461402668
65438	0.0003549834366
65439	0.0006064089845
65440	0.000144162218
65441	0.009833304382
65442	0.0001574988655
65443	0.008190117137
65444	0.005301372006
65445	0.004846272288
65446	0.001494976644
65447	0.001417405987
65448	0.0003629277323
65449	0.005474480719
65450	0.01536777552
65451	0.007692712122
65452	0.0008535089243
65453	0.004060748842
65454	0.01537578318
65455	0.001502549482
65456	0.0004094758842
65457	0.0004566984019
65458	0.002007577324
65459	0.009578483627
65460	0.0006646951646
65461	0.005001577704
65462	0.00138208956
65463	0.001849892539
65464	0.0004234017933
65465	0.002685533636
65466	0.003412739319
65467	0.01288192568
65468	0.006589583944
65469	0.0005173230158
65470	0.0116078263
65471	0.001986037944
65472	0.01148906617
65473	0.009644820105
65474	0.002046514325
65475	0.01031427151
65476	0.000952806623
65477	0.0008491538567
65478	0.005178183004
65479	0.005016155113
65480	0.00389752872
65481	0.006035799517
65482	0.004553755619
65483	0.007602054205
65484	0.005197648823
65485	0.01014418672
65486	0.005272456737
65487	0.0001620359318
65488	0.001036905642
65489	0.0006617864989
65490	0.007246359297
65491	0.0003046049306
65492	0.004225111929
65493	0.005049192219
65494	0.004514093451
65495	0.001239053997
65496	0.01374846934
65497	0.01093954104
65498	0.001975228545
65499	0.004859997901
65500	0.007257591124
65501	0.004451594962
65502	0.01141399865
65503	0.003779544996
65504	0.001208910398
65505	0.004971354393
65506	0.000731047756
65507	0.0004580913579
65508	0.001364506288
65509	0.008327656443
65510	0.002960017121
65511	0.009635496386
65512	0.0002994853027
65513	0.004968289957
65514	0.002030208441
65515	0.004627594159
65516	0.008996874539
65517	0.002249669645
65518	0.001618225274
65519	0.000319911829
65520	0.001080492793
65521	0.00612885667
65522	0.0003478607456
65523	0.001833232808
65524	0.007580935972
65525	0.005901479228
65526	0.002135193734
65527	0.001798346652
65528	0.0115292498
65529	0.01212308951
65530	0.0008983291159
65531	0.000967989797
65532	0.006004951388
65533	0.003566325209
65534	0.000174014938
65535	0.0100051222
65536	0.001310969961
65537	0.01023261205
65538	0.002129487857
65539	0.00510369418
65540	0.001765220093
65541	0.003436627282
65542	0.009984149309
65543	0.003419500555
65544	0.008459946764
65545	0.006609229505
65546	0.0001778061526
65547	0.0001571642565
65548	0.006813511501
65549	0.0007238299831
65550	0.0003027362093
65551	0.003176401868
65552	0.004326587305
65553	0.004423645101
65554	0.01059907709
65555	0.003823113816
65556	0.008115826495
65557	0.003421377952
65558	0.003819571693
65559	0.001541949761
65560	0.001764589502
65561	0.005466407765
65562	0.006870576915
65563	0.0001071741119
65564	0.003874291925
65565	0.002260636377
65566	0.003922510124
65567	0.0006429910087
65568	0.004333725603
65569	0.009189481736
65570	0.001936247113
65571	0.00100848861
65572	0.01952240579
65573	0.001082515692
65574	0.01014415934
65575	0.009432947155
65576	0.00727760681
65577	1.799632522e-05
65578	0.005385920285
65579	0.004537317559
65580	0.001632952483
65581	0.008032655457
65582	0.001530643134
65583	0.009137480229
65584	0.002686885985
65585	0.01056402716
65586	0.008728351779
65587	0.005843279223
65588	0.007999982082
65589	0.000374420713
65590	0.006661502825
65591	0.007203377452
65592	0.01429634504
65593	0.0007694988698
65594	0.001293285752
65595	0.0116270818
65596	0.001871126921
65597	0.007906271638
65598	0.001699916167
65599	0.001816765291
65600	0.00383648549
65601	0.0006235701677
65602	0.01617799577
65603	0.006512520665
65604	0.009827286209
65605	0.01503401309
65606	0.009586302282
65607	0.0007991149216
65608	0.005694701611
65609	0.000472185891
65610	0.001929374092
65611	0.0004576143408
65612	0.009767368496
65613	0.003687209779
65614	0.002813379634
65615	0.01327940751
65616	0.01047486085
65617	0.004104534665
65618	0.0001428598943
65619	0.00098368534
65620	0.003810592038
65621	0.0007447271
65622	0.000315828099
65623	0.00532108877
65624	0.007796939443
65625	0.0007596049114
65626	0.00634425219
65627	0.006524708704
65628	0.0003775816256
65629	0.0008615182995
65630	1.039574249e-05
65631	0.0003010074373
65632	9.502033303e-05
65633	0.0008477065545
65634	0.000661449451
65635	0.0007771229029
65636	0.0003813850376
65637	0.0004001916441
65638	0.001539785125
65639	0.0003639793182
65640	0.0006064208128
65641	0.0006790589059
65642	8.4610234e-05
65643	0.0005318251425
65644	0.0006787641474
65645	0.0002152730213
65646	0.001610322105
65647	0.00100438234
65648	0.000495368405
65649	0.001607514616
65650	0.0005167491115
65651	0.001133022361
65652	0.002240364454
65653	0.005723062616
65654	0.004514170033
65655	0.0008336777082
65656	0.0006626323363
65657	0.005133974387
65658	0.001924774022
65659	0.00134188131
65660	0.001208727617
65661	0.001649263991
65662	0.006131052946
65663	0.000309407441
65664	0.001695369222
65665	0.002640050413
65666	0.001381478888
65667	0.0001488399265
65668	0.0004106559705
65669	0.004023303004
65670	0.00579724546
65671	0.004066344058
65672	0.002309018165
65673	0.001308388415
65674	0.000678912186
65675	0.002307671423
65676	0.002225145868
65677	3.013740251e-05
65678	0.001004196128
65679	0.001908766985
65680	0.01669914302
65681	0.0002718932266
65682	0.002839539474
65683	0.008787808287
65684	0.003871146029
65685	0.0007438866448
65686	0.003794964437
65687	0.009166486739
65688	0.01073795783
65689	0.007369234816
65690	0.005104407828
65691	0.003496539996
65692	0.0001303120482
65693	0.0007446002557
65694	0.004668781742
65695	0.008663256659
65696	0.007468295667
65697	0.003267358749
65698	0.00057151426
65699	0.0001598917904
65700	0.001111589593
65701	0.003872913932
65702	0.000986402387
65703	4.480944951e-05
65704	0.0007383242096
65705	0.007222882594
65706	0.0008079020854
65707	0.002491516627
65708	0.0004845180604
65709	0.005893508993
65710	0.0001140596117
65711	0.001076659098
65712	0.001467551541
65713	0.004134655623
65714	0.002424640816
65715	0.001508059916
65716	0.001693853909
65717	0.008066128496
65718	0.005144658312
65719	0.003009704862
65720	0.002929933148
65721	0.001300908086
65722	0.00338799989
65723	0.00500404845
65724	0.003662349375
65725	0.005598695665
65726	0.01020013548
65727	0.009149014636
65728	0.002240858868
65729	0.005193446203
65730	0.0007884409201
65731	0.003611914464
65732	0.0008062116755
65733	1.191592343e-05
65734	0.001177823458
65735	0.0004339667425
65736	0.007038062793
65737	0.004558518083
65738	0.001462074645
65739	0.009288041688
65740	0.000791631378
65741	0.003993948876
65742	0.001275567053
65743	0.003270585516
65744	0.001170930687
65745	0.00162511245
65746	0.01443734904
65747	0.002008112409
65748	0.001329681964
65749	0.0008443463683
65750	0.007140426137
65751	0.006339321523
65752	0.006206774716
65753	0.0002896166901
65754	0.005896005664
65755	0.0007414479088
65756	0.002961395889
65757	0.004642561014
65758	0.001600213793
65759	0.003116985909
65760	0.001731609964
65761	0.00675828385
65762	0.007453921242
65763	0.001638382488
65764	0.002425619057
65765	0.01564627521
65766	0.001328725065
65767	0.004094643522
65768	0.00114478202
65769	0.008257180275
65770	0.001830859961
65771	0.001585781154
65772	0.0009948322824
65773	0.003103870725
65774	0.003311547693
65775	0.002454675524
65776	0.008769338902
65777	0.00389366457
65778	0.001480349261
65779	0.00528063603
65780	2.931058585e-05
65781	0.0093851478
65782	0.004590765792
65783	0.003674943203
65784	0.01064160205
65785	0.002032031932
65786	0.003226499656
65787	0.004469521077
65788	0.007371649929
65789	0.0002686134325
65790	0.0002679582058
65791	0.0004334862783
65792	0.0005077140084
65793	0.001396787623
65794	0.0007570990487
65795	0.0008647749884
65796	0.001313029535
65797	0.0006048915689
65798	0.001381392263
65799	0.0009328252217
65800	0.0001574516459
65801	0.001247629094
65802	0.003173563217
65803	0.0006365169218
65804	0.002752343813
65805	0.005384000463
65806	0.008724376279
65807	0.0002734249116
65808	0.0001090497742
65809	0.0008938125377
65810	0.0007200388782
65811	2.588711851e-05
65812	0.005640170475
65813	0.003944726125
65814	0.005839619848
65815	0.001388906908
65816	0.002868829401
65817	0.003547186802
65818	0.01047554324
65819	0.0009310282798
65820	0.001966780594
65821	0.003478296554
65822	0.004257678918
65823	0.002325453592
65824	0.006766880764
65825	0.01116484846
65826	0.001694615829
65827	0.0008512027154
65828	0.000301313604
65829	0.0006274609126
65830	0.0008069095412
65831	0.003194312842
65832	0.0008409224764
65833	0.0005193798076
65834	0.0005346075964
65835	0.0004780903853
65836	0.001346431717
65837	0.0006164287986
65838	0.0005355398515
65839	0.000813561267
65840	0.009023416983
65841	0.003614946588
65842	0.0001318311844
65843	0.003354620015
65844	0.0006458316351
65845	0.004978152872
65846	0.009633076818
65847	0.001974356591
65848	0.004495634478
65849	0.001735779351
65850	0.01087525809
65851	0.001960304716
65852	0.0001824144821
65853	0.001735052013
65854	0.001108000549
65855	0.001677110131
65856	0.002003621134
65857	0.0005243210705
65858	0.001487414187
65859	0.00980474641
65860	0.005389273246
65861	0.001504173913
65862	0.007683189621
65863	0.0009505196878
65864	0.00494475634
65865	0.006201483337
65866	0.006594876353
65867	0.003082912314
65868	0.005972016893
65869	0.0008132156799
65870	0.00277711701
65871	0.003154214161
65872	0.0006406052238
65873	0.003042511133
65874	0.0003528212557
65875	0.01007735583
65876	0.003251064429
65877	0.0003010140197
65878	0.004195692206
65879	0.004137242689
65880	0.002141904085
65881	0.02256386549
65882	0.01274210766
65883	0.01239987281
65884	0.0001291264296
65885	0.001313770936
65886	0.004322654314
65887	0.004499255362
65888	0.006873115722
65889	0.004963256069
65890	0.000766804948
65891	0.009078324742
65892	0.01199735096
65893	0.006595898301
65894	0.004151471824
65895	0.001194555617
65896	0.0006069253696
65897	0.008056695753
65898	0.005010886837
65899	0.004042776497
65900	0.003135547314
65901	0.001160721924
65902	0.00437111482
65903	0.007031442963
65904	0.001275981991
65905	0.005773867906
65906	0.004470974171
65907	0.001947813177
65908	0.01062807188
65909	0.01296259399
65910	0.003762318198
65911	0.004615705893
65912	0.007849846214
65913	0.00328179441
65914	0.0002968408951
65915	0.001524549903
65916	0.009188021692
65917	0.0009680351602
65918	0.004909097995
65919	0.009142482655
65920	0.003803807581
65921	0.008856508311
65922	0.001920633809
65923	0.01274879983
65924	0.0005281190552
65925	0.006133191097
65926	0.01820521815
65927	0.0005156746481
65928	0.007747146472
65929	0.0001690153516
65930	0.02032612912
65931	0.003049757053
65932	0.0007045082108
65933	0.008456190953
65934	0.008992270096
65935	0.001495571705
65936	0.0002721932143
65937	0.01103183438
65938	0.005591043653
65939	0.0140689379
65940	0.0008140100332
65941	0.004559005325
65942	0.001096496063
65943	0.001858884382
65944	0.004396384823
65945	0.007501416346
65946	0.01357644127
65947	0.001688585231
65948	0.005569262516
65949	0.02810413534
65950	0.004099092374
65951	0.002588432115
65952	0.002042130354
65953	0.004472040351
65954	0.008508001598
65955	0.0009153595661
65956	0.01188060153
65957	0.003035610743
65958	0.004726875146
65959	0.00632855293
65960	0.00294710434
65961	0.003268064655
65962	0.001849634939
65963	0.001132251712
65964	0.01496452446
65965	0.01094500395
65966	0.005025179948
65967	0.002184097074
65968	0.005118921132
65969	0.006418884483
65970	0.003537522312
65971	0.008534898499
65972	0.005237998394
65973	0.009437593122
65974	0.004947355387
65975	0.003079675427
65976	0.006306398478
65977	0.004538247502
65978	0.009916929585
65979	0.0008652097384
65980	0.006695064485
65981	0.007387336824
65982	0.007652180406
65983	0.0172677281
65984	0.002864863222
65985	0.01196009764
65986	0.01887337787
65987	0.000761370124
65988	0.00129586621
65989	0.002902380066
65990	0.0022022136
65991	0.005464085067
65992	0.00436666428
65993	0.001066690777
65994	0.0005057937144
65995	0.001329383369
65996	0.0007469250035
65997	0.0007037599778
65998	6.324043989e-05
65999	0.00139721738
66000	4.075299052e-06
66001	0.001623820085
66002	0.0001418472117
66003	0.0006364552842
66004	0.004733399151
66005	0.0006471078818
66006	0.0001303465096
66007	0.001146027192
66008	0.001545126665
66009	0.0007245223425
66010	0.0008528038795
66011	9.593638352e-05
66012	0.00151265792
66013	0.0001291465881
66014	0.0005806684365
66015	0.002093592485
66016	0.0004599521101
66017	0.0006850500097
66018	0.001134626959
66019	0.0007470490927
66020	0.0006127529992
66021	0.0009810611688
66022	4.728145594e-05
66023	0.0009274028369
66024	0.00090516904
66025	0.001003258081
66026	0.0007207371734
66027	0.0008405902268
66028	0.0005352505618
66029	0.001286547644
66030	0.001469570546
66031	0.001473585694
66032	0.0002922010302
66033	0.00021370443
66034	0.0002951307399
66035	0.0002294609229
66036	0.0008569877495
66037	1.967511305e-05
66038	0.01050528459
66039	0.01513930221
66040	0.01610186434
66041	0.001553373856
66042	0.001279215168
66043	0.003105915117
66044	0.003857615113
66045	0.0002764107288
66046	0.002299974247
66047	0.01143424226
66048	0.002072025079
66049	5.929720535e-05
66050	0.006532368238
66051	0.000885007434
66052	0.00826107702
66053	0.007208853739
66054	0.0007808531786
66055	0.002128603798
66056	0.00626062548
66057	0.009942769457
66058	0.009470563796
66059	0.008012270777
66060	0.002590299221
66061	0.004389996626
66062	0.003840919462
66063	0.005546107798
66064	0.006157392797
66065	0.00808745243
66066	0.004368852835
66067	0.00610972081
66068	0.00369475688
66069	0.001377262081
66070	0.007164595397
66071	0.005165667907
66072	0.006788650799
66073	0.005608237516
66074	0.001883953589
66075	0.001554104459
66076	0.0007043993376
66077	0.0002026171582
66078	0.00283251001
66079	0.0009941971548
66080	0.0002242584103
66081	0.005658399227
66082	0.0002330330088
66083	0.00154608715
66084	0.0001535273409
66085	0.009976047682
66086	0.0003745879006
66087	0.002771880172
66088	0.002297921346
66089	0.001126949776
66090	0.001724073006
66091	0.002591787717
66092	0.0003148360229
66093	0.004467299252
66094	0.0009737213655
66095	0.001596177317
66096	0.003861669114
66097	4.406057787e-05
66098	0.001124923247
66099	0.0001324626276
66100	0.000271610121
66101	0.0007088450001
66102	0.001114818464
66103	0.0009383621637
66104	0.00120509758
66105	0.001266751055
66106	0.0005135175372
66107	0.001689328694
66108	1.395600526e-06
66109	0.005288378577
66110	0.0004554105874
66111	0.001352449294
66112	0.001035974351
66113	0.0006139431684
66114	0.00187480887
66115	0.003680821541
66116	0.001191816493
66117	0.006654560662
66118	0.002329743471
66119	0.001087312874
66120	0.0026526427
66121	0.000835246667
66122	0.002027845453
66123	0.0007337385851
66124	0.001548407396
66125	0.002215431194
66126	0.001991418626
66127	0.00214942075
66128	0.0003253850641
66129	0.0005049382052
66130	0.001053613188
66131	0.01252512517
66132	0.0002923488078
66133	0.006553408468
66134	0.001129013488
66135	0.001278660265
66136	0.0003821398861
66137	0.000208036516
66138	0.00200308737
66139	0.00391115425
66140	0.0007255571887
66141	0.004119413505
66142	9.058925947e-05
66143	0.000358018733
66144	0.004510232907
66145	0.000947204286
66146	0.01077310874
66147	0.0001223377901
66148	0.0002979395975
66149	0.0003871267367
66150	0.001169037415
66151	0.005767105868
66152	0.007865806126
66153	0.001023016292
66154	0.001161211252
66155	0.001304956287
66156	0.0007337931988
66157	0.0006182491204
66158	0.002083008036
66159	0.001392837896
66160	0.006929318054
66161	0.001499462743
66162	0.0008876606058
66163	0.00615984262
66164	0.001188776765
66165	0.002724331161
66166	0.001777660213
66167	0.00276810541
66168	0.002538637316
66169	0.0060736519
66170	0.006110513148
66171	0.006783107657
66172	0.003990541388
66173	0.0003252113898
66174	0.004655122394
66175	0.0005174868732
66176	0.002871638362
66177	0.001354515028
66178	0.0002546277704
66179	0.00159112202
66180	0.001752889388
66181	0.001204556673
66182	0.007813110323
66183	0.01360914156
66184	0.002543293851
66185	0.001260965132
66186	0.003976024656
66187	0.002412143187
66188	4.783098125e-05
66189	0.001554191685
66190	0.008417485879
66191	0.002931650159
66192	0.00540471171
66193	0.001884401253
66194	0.003099937019
66195	0.0009474693094
66196	0.001027752529
66197	0.0001652366023
66198	0.007516258242
66199	0.006563976591
66200	0.00809512391
66201	0.005024666621
66202	0.007150967788
66203	0.01279306405
66204	0.002949367221
66205	0.003384841721
66206	0.003102943216
66207	0.001685588639
66208	0.001508330631
66209	0.003710994832
66210	0.005729113936
66211	0.006079466249
66212	0.0006242037765
66213	0.01270018177
66214	0.01067650983
66215	0.0002191921142
66216	0.002192066333
66217	0.001228171512
66218	0.009430739663
66219	0.004888693938
66220	0.006440441901
66221	3.508629214e-05
66222	0.002002595904
66223	0.000987068948
66224	0.004834850609
66225	0.006957955519
66226	0.002676853608
66227	0.003966764522
66228	0.0007847818111
66229	0.005909759932
66230	0.00449639463
66231	0.001841463655
66232	0.003754828479
66233	0.0101486513
66234	0.002887469477
66235	0.002182944908
66236	0.001044106922
66237	0.003061089435
66238	0.008012006294
66239	4.96768119e-05
66240	0.008044879145
66241	0.008676255108
66242	0.008540941146
66243	0.007383224132
66244	0.0002074789152
66245	0.01072585539
66246	0.00695715287
66247	0.0004144506445
66248	0.004294208178
66249	0.006821974694
66250	0.005987953776
66251	0.01408867715
66252	0.001644089756
66253	0.007776020759
66254	0.01587674443
66255	0.002977267069
66256	0.005358234015
66257	0.0296608981
66258	0.007459202718
66259	0.008339343522
66260	0.01528216877
66261	0.001284274894
66262	0.002699917854
66263	0.002278704426
66264	5.302269925e-06
66265	0.005307184864
66266	0.004008530014
66267	0.01799843618
66268	0.02213330554
66269	0.001131874166
66270	0.006237577503
66271	0.008735668389
66272	0.0004446059362
66273	0.0008506891656
66274	0.005995840694
66275	0.0205582964
66276	0.008883067827
66277	0.002105655648
66278	0.00170673717
66279	0.007457453331
66280	0.001092008474
66281	0.003222902135
66282	0.005333395405
66283	0.01445248644
66284	0.0003000551227
66285	0.0122257544
66286	0.0004061763742
66287	0.0101156534
66288	0.003401396509
66289	0.006423059457
66290	8.641971898e-05
66291	0.001612227013
66292	0.009199428025
66293	0.006560619096
66294	0.009295017584
66295	0.001939368388
66296	0.01568418181
66297	0.007546121406
66298	0.007206023259
66299	0.01135122032
66300	0.01390089864
66301	0.003062758437
66302	0.007683269634
66303	0.002263759992
66304	0.006195790633
66305	0.003326450317
66306	0.003910764105
66307	0.001778111101
66308	0.02055836456
66309	0.0009021306356
66310	0.01156888488
66311	0.001823267355
66312	0.004465741788
66313	0.001536451559
66314	0.001140635421
66315	0.0009077516626
66316	0.008300602403
66317	0.002441657626
66318	0.004001798743
66319	0.0002818301136
66320	0.006907203615
66321	0.0002059302125
66322	0.0006060985889
66323	0.005360377917
66324	0.004944369511
66325	3.838639243e-05
66326	0.01334371066
66327	0.003270618489
66328	0.0001710563954
66329	0.006121778766
66330	0.007257535857
66331	0.0226071486
66332	0.006227841905
66333	0.004882124659
66334	0.001823097203
66335	0.00857980049
66336	0.004670790478
66337	0.02318820217
66338	0.00519216933
66339	0.01584964172
66340	0.002312898471
66341	0.001506438332
66342	0.002157251612
66343	0.0005962560934
66344	0.009201812422
66345	0.004772391249
66346	0.006331406493
66347	0.004468636267
66348	0.007520459806
66349	0.01860323074
66350	0.00907733895
66351	0.01113424543
66352	0.006316617846
66353	0.01469798552
66354	0.005912703186
66355	0.001594299361
66356	0.005506639932
66357	0.01991973125
66358	0.004067091639
66359	0.002281110793
66360	0.0002988920556
66361	0.001935467374
66362	0.004331916713
66363	0.01055225357
66364	0.0005733144629
66365	0.000907649512
66366	0.0005805779311
66367	0.005841081395
66368	0.01174741741
66369	0.02229200727
66370	0.004471804091
66371	0.00925519634
66372	0.008051459583
66373	0.003489888157
66374	0.002098165304
66375	0.003765567138
66376	0.005219911482
66377	0.002722889298
66378	0.003982892528
66379	0.002438962796
66380	0.005354656501
66381	0.009839666419
66382	0.007510481576
66383	0.001027692724
66384	0.01146440702
66385	0.0005898345642
66386	0.004367477296
66387	0.005565331736
66388	0.01225690062
66389	0.002225121704
66390	0.006702424316
66391	0.007936568866
66392	0.00936270109
66393	0.001245628864
66394	0.003720453066
66395	0.001918332121
66396	0.01083691721
66397	0.003288356186
66398	0.001949812924
66399	0.01354041421
66400	0.007736575398
66401	0.01149587949
66402	0.002326777873
66403	0.001396066151
66404	0.01668702533
66405	0.008308434788
66406	5.650764706e-05
66407	0.01641223729
66408	0.002779624411
66409	0.00127343411
66410	0.005977908891
66411	0.005747264112
66412	0.006342202674
66413	0.01145501859
66414	0.01553123512
66415	0.003046202856
66416	0.006101197236
66417	0.002988969157
66418	0.003522566708
66419	0.001907622374
66420	0.02018452809
66421	0.00468319401
66422	0.009708128901
66423	0.004793029204
66424	0.007475538914
66425	0.0002259525327
66426	0.01001607726
66427	0.001497373779
66428	0.02027268869
66429	0.01588156843
66430	0.00371472857
66431	0.0009633357742
66432	0.007378042965
66433	0.009083123946
66434	0.006188571403
66435	0.0007454933151
66436	0.001966584755
66437	0.001214194077
66438	0.004200191887
66439	0.007621464765
66440	0.01642119429
66441	0.004538172919
66442	0.00133416257
66443	0.01481108023
66444	0.0002603634441
66445	0.009058674448
66446	0.00451717991
66447	0.01916568324
66448	0.002341860433
66449	0.00243081107
66450	0.003469394391
66451	0.0006477591221
66452	0.01818237005
66453	0.00705239899
66454	0.004549372096
66455	0.001550256651
66456	0.01325775079
66457	0.000577584615
66458	0.0002557629787
66459	0.01378216615
66460	0.008386863704
66461	0.004349290187
66462	0.004715552673
66463	0.002868661913
66464	0.009303361944
66465	0.0007549034819
66466	0.02113661721
66467	0.007008152022
66468	0.009900105516
66469	0.000135149738
66470	0.003436973158
66471	0.0005073870053
66472	0.0147296187
66473	0.004282058353
66474	0.004703660538
66475	0.004576932707
66476	0.01036650502
66477	0.01701902189
66478	0.005331246639
66479	0.002050059888
66480	0.004326516662
66481	0.003514816698
66482	0.01504029381
66483	0.00615477915
66484	0.008235508372
66485	0.00669777178
66486	0.01494726745
66487	0.001552070818
66488	0.0006979971233
66489	5.549984437e-05
66490	0.004070407161
66491	0.01209779987
66492	0.0009700435327
66493	0.006338192111
66494	0.004375422654
66495	0.01278837823
66496	0.01411545581
66497	0.0003521194398
66498	0.01087805287
66499	0.0003202870679
66500	0.004400136282
66501	0.01451396669
66502	0.0008798838838
66503	0.004126178314
66504	0.001614329455
66505	0.003370976089
66506	0.001940907986
66507	0.0006563811413
66508	0.002187132827
66509	0.004144028459
66510	0.002805280355
66511	0.001197185073
66512	0.0002130134842
66513	0.002088897338
66514	0.009630076706
66515	0.01368059674
66516	0.002039622387
66517	0.01248591937
66518	0.003783985138
66519	0.007526977582
66520	0.00761796762
66521	0.0003319933159
66522	0.003951242621
66523	0.01506760817
66524	0.006131284517
66525	0.01522523035
66526	0.005767456456
66527	0.001499051065
66528	0.001135576763
66529	0.004598905672
66530	0.00252959535
66531	0.01048905552
66532	0.002802062887
66533	0.005898784995
66534	0.004256194829
66535	0.01201708514
66536	0.02844094636
66537	0.0006019939686
66538	0.004187920106
66539	0.01347336474
66540	0.007843609125
66541	0.002969193451
66542	0.0006001319387
66543	0.00137865164
66544	0.0107614108
66545	0.01293789486
66546	0.01541170202
66547	0.008865455525
66548	1.071372608e-05
66549	0.01119198772
66550	0.001906567878
66551	0.004691441741
66552	0.00735099325
66553	0.002613411891
66554	0.001737072606
66555	0.004620472176
66556	0.003567157297
66557	0.01593159546
66558	0.01324897828
66559	0.00491640198
66560	0.00256566853
66561	0.01590866803
66562	0.001785910765
66563	0.0003677008594
66564	0.005631434383
66565	0.006805787527
66566	0.002085877073
66567	0.003279806408
66568	0.007249847799
66569	0.01069948342
66570	0.008256858312
66571	0.01637149131
66572	0.01053380579
66573	0.003580687381
66574	0.001806949987
66575	0.003396002986
66576	0.004021456062
66577	8.396554532e-06
66578	0.004301849574
66579	0.002421658284
66580	0.002962891392
66581	0.0005816803813
66582	0.002016762577
66583	0.0002272054199
66584	0.002319477392
66585	2.651036134e-06
66586	0.005921854258
66587	0.001458799991
66588	0.0001979752609
66589	0.0005401882189
66590	0.003484880363
66591	0.00741743195
66592	0.002299419812
66593	0.007885501568
66594	0.01243986204
66595	0.009768465877
66596	0.001835939458
66597	0.003025342334
66598	0.003723137149
66599	0.003164154305
66600	0.009577831761
66601	0.003021879456
66602	0.004182649424
66603	0.001571179727
66604	0.001060384533
66605	5.520353911e-05
66606	0.01310988611
66607	0.00449692473
66608	0.0001042508456
66609	0.0006445436976
66610	0.001001399976
66611	0.003555024353
66612	0.001708262404
66613	0.006230738641
66614	0.02275474583
66615	0.005164696338
66616	0.00525301063
66617	0.003448351647
66618	0.007832779547
66619	0.0003897400911
66620	0.003927313615
66621	0.006717418333
66622	0.009423456965
66623	0.003349858977
66624	0.01677042726
66625	0.01120648633
66626	0.001988512952
66627	0.0003729810941
66628	0.000380023903
66629	0.00992854671
66630	0.02236145683
66631	0.005152218862
66632	0.009423547971
66633	0.00303207803
66634	0.000185040822
66635	0.005621284324
66636	0.005723213549
66637	0.01330330527
66638	0.00285260249
66639	0.01093737268
66640	0.01095352074
66641	0.007738775887
66642	0.0009956836354
66643	0.01021313465
66644	0.001129042052
66645	0.0142193738
66646	0.006783381898
66647	0.001501532948
66648	0.00104966972
66649	0.001457937686
66650	0.005261965742
66651	0.000737040715
66652	0.005526399432
66653	0.005934594193
66654	0.002905222597
66655	0.01425652653
66656	0.003780495053
66657	0.004176448291
66658	0.0004855739948
66659	0.004586973552
66660	0.01018576258
66661	0.001108260125
66662	0.002284366399
66663	0.007041797922
66664	0.0005001249294
66665	0.004577476123
66666	0.007071014539
66667	0.002573067629
66668	0.005138586182
66669	0.002941827733
66670	0.01463299509
66671	0.005830733245
66672	0.003097811742
66673	0.001738082812
66674	0.0075177412
66675	0.01631226944
66676	0.007751745208
66677	0.006019287892
66678	0.005525845543
66679	0.003259530446
66680	0.001929765494
66681	0.006477171084
66682	8.406770669e-05
66683	0.001419899958
66684	0.002223256333
66685	0.005518933213
66686	3.337883912e-05
66687	0.01272441437
66688	0.0008153289448
66689	0.002676894771
66690	0.003928511021
66691	0.005823386464
66692	0.00555431134
66693	0.01030282393
66694	0.002937748797
66695	0.001036965523
66696	0.004459575421
66697	0.001606711658
66698	0.005679672163
66699	0.01073115878
66700	0.003800396705
66701	0.001062470843
66702	0.001002028253
66703	0.005153579237
66704	0.002005806756
66705	0.002627562167
66706	0.001316546727
66707	0.01611506493
66708	0.01510873004
66709	0.0001467764672
66710	0.002646937209
66711	0.001438132602
66712	0.0008488319552
66713	0.002383038863
66714	0.003002913192
66715	0.001025649612
66716	0.01692139364
66717	0.0002389633553
66718	0.004888749107
66719	0.001352874325
66720	0.001398345319
66721	0.01644634239
66722	0.001745247936
66723	0.001376813399
66724	0.02538334389
66725	0.007084557337
66726	0.0008027458288
66727	0.002038624856
66728	0.00287276141
66729	0.01068450202
66730	0.001446484098
66731	0.002881347294
66732	0.0009921207832
66733	0.0007771636567
66734	0.0006759819218
66735	0.002868473607
66736	0.01109661211
66737	0.006787080902
66738	0.001114401907
66739	0.004671355975
66740	0.008095555988
66741	0.007264364211
66742	0.001747685133
66743	0.0005312493781
66744	0.006722590117
66745	0.001424697776
66746	0.0009219495462
66747	0.007902864179
66748	0.01320853738
66749	0.0005642793351
66750	0.006708944
66751	0.006099187382
66752	0.006828137347
66753	0.009766687902
66754	0.002198916405
66755	0.002481117401
66756	0.004670084214
66757	0.001653641725
66758	0.01181582231
66759	0.003829958696
66760	0.00833862018
66761	0.004109609451
66762	0.004673982563
66763	0.002166203104
66764	0.01547786027
66765	0.004971609923
66766	0.00904431393
66767	0.009619616804
66768	0.0001449747956
66769	0.0003487323734
66770	0.0008676137485
66771	0.0002342445515
66772	0.01437635924
66773	0.001181050475
66774	0.001594144258
66775	0.001651247744
66776	0.007780437592
66777	0.002661259699
66778	0.005833931324
66779	0.009287662261
66780	0.002471606186
66781	0.0007507815685
66782	0.003057718444
66783	0.002453206651
66784	0.0003130057568
66785	0.0008769363574
66786	0.001405852333
66787	0.003825782081
66788	0.002472494337
66789	0.003532576812
66790	0.002845664305
66791	0.0008184488246
66792	0.0052660687
66793	6.16127421e-05
66794	0.003632269842
66795	0.01067531285
66796	0.002611827162
66797	0.005498202312
66798	0.001982297768
66799	0.01077370823
66800	0.002863645677
66801	0.01907696856
66802	0.01037272124
66803	0.01393668699
66804	0.01140714075
66805	0.008542913383
66806	0.008329849043
66807	0.008169055664
66808	0.00836890626
66809	0.009317420427
66810	0.008640180576
66811	0.00694755499
66812	0.00074252814
66813	0.001125638088
66814	0.007153262161
66815	0.01164115907
66816	0.003681261076
66817	0.009369476613
66818	0.01872567448
66819	0.003263542245
66820	0.001972724813
66821	0.005134249145
66822	0.001948888958
66823	0.006755925304
66824	0.01234769341
66825	0.01198127798
66826	0.008234562577
66827	0.003002825131
66828	0.001736685613
66829	4.210423093e-06
66830	0.004485186079
66831	0.0004806868248
66832	0.007285435197
66833	0.004699522599
66834	0.00287161231
66835	0.002145808055
66836	0.0004021835192
66837	0.000175377816
66838	0.004088379475
66839	0.006363159172
66840	0.005059878286
66841	0
66842	0.004328269259
66843	0.00106714438
66844	0.004357544218
66845	0.0009812747763
66846	0.0004881713369
66847	0.003374649625
66848	0.006407911038
66849	0.0007789500526
66850	0.005593221821
66851	0.005511500169
66852	0.01232148986
66853	0.002200558648
66854	0.001431019684
66855	0.002372224995
66856	0.008955961677
66857	0.01027458338
66858	0.0005211752567
66859	0.001898242291
66860	0.004524464049
66861	3.319250001e-05
66862	0.01440847825
66863	0.006984891414
66864	0.002215569746
66865	0.004969076532
66866	0.004180653265
66867	0.0108464176
66868	0.009702250981
66869	0.001476127016
66870	0.0072510033
66871	0.0009655566912
66872	0.003342741447
66873	0.01602036226
66874	0.003744581752
66875	0.004301219783
66876	0.002194284056
66877	0.00283782305
66878	5.665501733e-05
66879	0.000790057932
66880	0.001887450867
66881	0.0005455020188
66882	0.004946952475
66883	0.001532220579
66884	0.0009894503246
66885	0.008897960525
66886	0.01461742896
66887	0.005492569757
66888	0.0006317959774
66889	0.008871394541
66890	0.0006816712463
66891	0.006740191199
66892	0.01060867462
66893	0.01145032744
66894	0.01290369957
66895	0.001693954898
66896	0.006936439951
66897	0.00621995786
66898	0.008740796991
66899	0.005564123402
66900	0.007759486916
66901	0.0005830282515
66902	0.00308296315
66903	0.001357280548
66904	0.002415261557
66905	0.0009968586162
66906	0.007683338198
66907	0.01632378522
66908	0.002881526691
66909	0.00953428345
66910	0.001784196988
66911	0.009523982126
66912	0.01441024021
66913	0.007089004431
66914	0.008502300677
66915	0.003274993323
66916	0.003717763215
66917	0.001588771624
66918	0.003475684598
66919	0.008840502686
66920	0.002148735327
66921	0.002776394978
66922	0.003468552786
66923	0.001749067439
66924	0.001939931855
66925	0.006688562907
66926	0.001747805632
66927	0.006892191556
66928	0.007536373685
66929	0.004645737668
66930	0.01611051676
66931	0.008257611665
66932	0.004528414712
66933	0.0004680215405
66934	0.01052178907
66935	0.003161336927
66936	0.0114218254
66937	0.006607781833
66938	0.01691343666
66939	0.01241850268
66940	0.004558989273
66941	0.006896667685
66942	0.00021717547
66943	0.01143458354
66944	0.003273202082
66945	0.001893272778
66946	0.006326136384
66947	0.004524037533
66948	0.003661615012
66949	6.964662666e-05
66950	0.001372752454
66951	0.004182864727
66952	0.004786133042
66953	0.006965481034
66954	0.00630371218
66955	0.005967164025
66956	0.008020355824
66957	0.003840435027
66958	0.0009098256867
66959	0.006724870409
66960	0.0004125906908
66961	0.01072245668
66962	0.002455873894
66963	0.001756740749
66964	0.003275367531
66965	0.002412173051
66966	0.001683319773
66967	0.005614918264
66968	0.004678148718
66969	0.002028023264
66970	0.001080306063
66971	0.001489986938
66972	0.0009334360938
66973	0.001864305777
66974	0.003046140342
66975	0.0008233859628
66976	0.005044861256
66977	0.002844283572
66978	0.01545794445
66979	0.005219384484
66980	0.008056252248
66981	0.005084530346
66982	0.009203202329
66983	0.0027011811
66984	0.006080118061
66985	0.003209457718
66986	0.006824018223
66987	0.001038946997
66988	0.002366766611
66989	0.0004659623158
66990	0.0002941457157
66991	0.004221002455
66992	2.583396224e-05
66993	0.01703235853
66994	0.00658962745
66995	0.004814631391
66996	0.003272115327
66997	0.009484154282
66998	0.00327135685
66999	0.002738279249
67000	0.002152716321
67001	3.025298989e-05
67002	0.01083174023
67003	0.003353228801
67004	0.007624104034
67005	0.001082296897
67006	0.00763850722
67007	0.004993959748
67008	0.006709432438
67009	0.001489830013
67010	0.0007236559197
67011	0.0003594542867
67012	0.01419368604
67013	0.005050919318
67014	0.02007116069
67015	0.001179204588
67016	0.00677801279
67017	0.008959738036
67018	0.0002034830519
67019	0.004062468511
67020	0.01686241557
67021	0.00105163009
67022	0.003905546021
67023	0.008847760681
67024	0.005599144331
67025	0.001486867835
67026	0.004664279401
67027	0.01332537796
67028	0.007205444599
67029	0.001561142736
67030	0.005304053677
67031	0.001972496693
67032	0.001573047389
67033	0.01369752695
67034	0.002873743527
67035	0.0008649557172
67036	0.02516476554
67037	0.006754302533
67038	0.01242489997
67039	0.01604242541
67040	0.006485256487
67041	0.008880692309
67042	0.01529421626
67043	0.007396773624
67044	0.000545331421
67045	0.0006104473816
67046	0.006323022799
67047	0.003734967881
67048	0.01257644176
67049	0.00858139891
67050	0.00560718229
67051	0.002597337022
67052	0.0004389067023
67053	0.007820162351
67054	0.01019766682
67055	0.002977301436
67056	0.01440078001
67057	0.003974788903
67058	0.001003090494
67059	0.00565920341
67060	0.003796362072
67061	0.004028399534
67062	0.001139438186
67063	0.009293555868
67064	0.00129425847
67065	0.007664137321
67066	0.002113502003
67067	0.004960310421
67068	0.01395413825
67069	0.01541334208
67070	0.01746202248
67071	0.003663267849
67072	0.002341511681
67073	0.0005172299516
67074	0.01531327739
67075	0.009988962416
67076	0.007095948574
67077	0.003226756475
67078	0.00342863557
67079	0.002966946684
67080	0.001203153361
67081	0.003792800833
67082	0.01998781619
67083	0.002208924353
67084	0.01748602626
67085	0.009590678897
67086	0.0002261681164
67087	0.007950979414
67088	0.002846718177
67089	0.006513940758
67090	0.003091097502
67091	0.0135110751
67092	0.0008393195566
67093	0.0217331552
67094	0.01801993052
67095	0.002653993144
67096	0.002028229996
67097	0.005292837499
67098	0.002011954709
67099	0.001206049403
67100	0.003270900374
67101	0.0009098428319
67102	0.004718242805
67103	0.002282769558
67104	0.01377759783
67105	0.005022805688
67106	0.0009770426237
67107	0.004534301456
67108	0.011085207
67109	0.01955619273
67110	0.00270173191
67111	0.006001967314
67112	0.004218575267
67113	0.008558768779
67114	0.009019995092
67115	0.005521874231
67116	0.00646888765
67117	0.001405598524
67118	0.01933955103
67119	0.01123946278
67120	0.003374392705
67121	0.00439000062
67122	0.003790648257
67123	0.002676034258
67124	0.006188757071
67125	0.001577591629
67126	0.007019603093
67127	0.005635894228
67128	0.01251686884
67129	0.0002375877521
67130	0.0101416718
67131	0.005093720056
67132	0.001466415025
67133	0.001080570784
67134	0.01543694244
67135	0.005498294246
67136	0.00693870794
67137	0.004544652273
67138	0.00894902778
67139	0.005808074353
67140	0.0008615203605
67141	0.0005387989438
67142	0.007046258657
67143	0.002486818784
67144	0.002171834108
67145	0.003569226214
67146	0.001430978798
67147	0.002723123958
67148	0.01000448796
67149	0.0102957555
67150	0.01339662697
67151	0.01700066805
67152	0.005617914637
67153	0.001415689749
67154	0.001752583118
67155	0.008050516771
67156	0.003398883735
67157	0.007189619154
67158	0.002447188509
67159	0.007107277297
67160	0.01649409885
67161	0.005183720556
67162	0.002280586013
67163	0.009802141447
67164	0.003229038422
67165	0.00480402457
67166	0.0141975159
67167	0.003182339366
67168	0.008469517377
67169	0.00395483756
67170	0.005502117922
67171	0.01623478746
67172	0.007062923305
67173	0.01544599991
67174	0.01157767435
67175	0.00257754496
67176	0.003471341124
67177	0.01265601176
67178	0.008461159
67179	0.007495142437
67180	0.003119482147
67181	0.004855904844
67182	0.01527935885
67183	0.001348613954
67184	0.01090351058
67185	0.004681321271
67186	0.007925284256
67187	0.0004907318904
67188	0.0009054047802
67189	0.003913363347
67190	0.0007049618095
67191	0.002851384193
67192	0.01282968065
67193	0.00456165422
67194	0.001856072932
67195	0.005271200961
67196	0.0006611616958
67197	0.001499729643
67198	0.001426334056
67199	0.00297503791
67200	0.005745936451
67201	0.001898933605
67202	0.006068618827
67203	0.001609939721
67204	0.001090452791
67205	0.007870879175
67206	0.003771276588
67207	0.01203945677
67208	0.0004809236555
67209	0.01027640635
67210	0.001881426458
67211	0.006629764028
67212	0.0007726287728
67213	0.01441436777
67214	0.01030023777
67215	0.004040644356
67216	0.0004349917397
67217	0.004435180092
67218	0.008330653421
67219	0.0001866997733
67220	0.004893831029
67221	0.003417345792
67222	0.00418721647
67223	0.01352475671
67224	0.02202551156
67225	0.001532819635
67226	0.01501771293
67227	0.00409117144
67228	0.005650784128
67229	0.002287164337
67230	0.009337290391
67231	0.01584220773
67232	0.0001790033017
67233	0.004592199879
67234	0.007263564912
67235	0.00916906795
67236	0.003889179042
67237	0.01995325037
67238	0.005936887103
67239	0.004180997263
67240	0.007154749678
67241	0.004257772361
67242	0.00409606132
67243	0.002431488822
67244	0.01778098555
67245	0.01102487072
67246	0.009084271203
67247	0.02826254334
67248	0.00434263499
67249	0.0005973216405
67250	0.004706076916
67251	0.003678547791
67252	0.0002357747362
67253	0.00561998676
67254	0.006680915878
67255	0.001796673399
67256	0.003588202087
67257	0.0003735404295
67258	0.0004335745431
67259	0.004188649767
67260	0.004653028384
67261	0
67262	0.003178566278
67263	0.0004648633858
67264	0.002046589716
67265	0.0002849737248
67266	0.0008305806634
67267	0.004597145599
67268	0.0095398868
67269	0.001728501577
67270	0.006941655018
67271	0.00254888637
67272	0.01010716706
67273	0.005029355446
67274	0.02126180368
67275	0.000844178407
67276	0.005253641652
67277	0.00574286245
67278	0.003885679782
67279	0.003718502529
67280	0.01536970868
67281	0.01003580521
67282	0.01170460441
67283	0.0005896243445
67284	0.001014498918
67285	0.0003546533635
67286	0.005976910754
67287	0.00138341
67288	0.001454101205
67289	0.001450996559
67290	0.003531144578
67291	0.01037998621
67292	0.0008796333752
67293	0.00755627053
67294	0.002831652213
67295	0.008745715721
67296	0.01157944107
67297	0.01258150052
67298	0.0004338115564
67299	0.004707283616
67300	0.004329840164
67301	0.007200106978
67302	0.01152827592
67303	0.0008532308689
67304	0.004713149824
67305	0.01058352479
67306	0.0116970572
67307	0.005493596777
67308	0.002036688102
67309	0.009468562012
67310	0.01083689519
67311	0.0001694392047
67312	0.001027460217
67313	0.006412675318
67314	0.004725942738
67315	0.004445962038
67316	0.0002743690667
67317	0.01859641306
67318	0.007984818472
67319	0.005235826364
67320	0.001020849299
67321	0.005570393043
67322	0.003932027581
67323	0.004143023971
67324	0.0001843646723
67325	0.004078824989
67326	0.01044310984
67327	0.002366777168
67328	0.005000511464
67329	0.002899105385
67330	0.002580951272
67331	0.001179974929
67332	0.003082267516
67333	0.0005898960299
67334	0.001721009036
67335	0.00531980606
67336	0.00382569464
67337	0.005266024276
67338	0.005704496367
67339	0.001897769877
67340	0.005136740175
67341	0.004446007063
67342	0.001303944826
67343	0.01161340983
67344	0.01529942964
67345	0.0005475366474
67346	0.005568000757
67347	0.0003192578207
67348	0.003006252715
67349	0.001889501605
67350	0.0135274243
67351	0.0005430523088
67352	0.001404064994
67353	0.0003677566391
67354	0.002328705435
67355	0.01598052089
67356	0.002316046085
67357	0.01170001201
67358	0.0142403521
67359	0.01095436983
67360	0.005408870275
67361	0.009082400547
67362	0.001233318152
67363	0.002105916003
67364	0.02126696623
67365	0.00713275549
67366	0.00132074098
67367	0.000512189122
67368	0.004929056165
67369	0.01573407579
67370	0.01351208335
67371	0.004124397521
67372	0.0233395324
67373	0.01200272627
67374	0.002752362138
67375	0.001671509711
67376	0.01149350021
67377	0.006620137727
67378	0.001024335233
67379	0.006884437813
67380	0.003643951338
67381	0.0008812236108
67382	0.01059750151
67383	0.002488317031
67384	0.006551381807
67385	0.004562482287
67386	0.006922656885
67387	0.0001258850956
67388	0.01278541167
67389	0.007466540818
67390	0.00170929186
67391	0.009546710293
67392	0.001649894408
67393	0.006564261166
67394	0.0001288643081
67395	0.003746466592
67396	0.00474811175
67397	0.01249926305
67398	0.01199522975
67399	0.001722470033
67400	0.01014145638
67401	0.002860913508
67402	0.0007430076063
67403	0.006887868295
67404	0.005538427329
67405	0.01392146424
67406	0.004090467371
67407	0.01182694884
67408	0.01215405583
67409	0.0008898530253
67410	0.009181247622
67411	0.01663207384
67412	0.002557838496
67413	0.03153112152
67414	0.003272407376
67415	0.002215629041
67416	0.008657350937
67417	0.02253044969
67418	0.008000722837
67419	0.00359871797
67420	0.003826171924
67421	0.004131977303
67422	0.007845660301
67423	0.001820671311
67424	0.007610575742
67425	0.009282186236
67426	0.004507496518
67427	0.01593450811
67428	0.01134184935
67429	0.01533006848
67430	0.0008664840687
67431	0.001499065593
67432	0.01459527081
67433	0.01111488609
67434	0.01182200949
67435	0.004355816822
67436	0.006710869522
67437	0.0004700582391
67438	0.0002599869682
67439	0.000530905795
67440	0.008692573491
67441	0.01271604408
67442	0.006792213601
67443	0.006289482322
67444	0.008225637741
67445	0.004191669672
67446	0.01794097275
67447	0.006046271432
67448	0.001992937965
67449	0.007690345367
67450	0.01219035143
67451	0.0133146433
67452	0.002887575123
67453	0.01205008906
67454	0.004335140325
67455	0.009940344332
67456	0.008877811711
67457	0.0009149492904
67458	0.00013705373
67459	0.009384089869
67460	0.000295837006
67461	0.005404878765
67462	0.003636437934
67463	0.0001925311416
67464	0.01097884508
67465	0.006691060027
67466	0.002456723342
67467	0.002737406801
67468	0.002796322218
67469	4.690002192e-05
67470	0.0003694793194
67471	0.01213227113
67472	0.00133626145
67473	0.01583490536
67474	0.002825132771
67475	0.01127906548
67476	0.01490991064
67477	0.002133863557
67478	0.001448848431
67479	0.003090650317
67480	0.002985305465
67481	0.001107071813
67482	0.003314037643
67483	0.001812247799
67484	0.009265361958
67485	0.003333352358
67486	0.013917824
67487	0.006681756572
67488	0.007566067154
67489	0.0206383303
67490	0.008590883309
67491	0.007572346712
67492	0.002973393571
67493	0.02374831444
67494	0.006854629521
67495	0.006190639977
67496	0.007627873629
67497	0.005709374255
67498	0.007072982512
67499	0.01685838861
67500	0.004569503082
67501	0.005822797306
67502	0.01154605565
67503	0.005400044034
67504	0.002463140601
67505	0.002821511294
67506	0.001484298296
67507	0.01141418795
67508	0.00282610436
67509	0.01487555757
67510	0.003039395076
67511	0.004030615543
67512	0.006380516641
67513	0.001629920311
67514	0.001914267163
67515	0.01335979308
67516	0.01902764358
67517	0.009321265917
67518	0.006177257295
67519	0.0006690239666
67520	0.005962966165
67521	0.00969770935
67522	0.01056194517
67523	0.0009031810196
67524	0.01024873894
67525	0.003663638261
67526	0.0005641128816
67527	0.002843538617
67528	0.0002925684724
67529	0.01082635668
67530	0.01187879895
67531	0.003522469194
67532	0.01250726391
67533	0.001999814841
67534	0.007519581715
67535	0.004858703657
67536	0.0007184244196
67537	0.006096521297
67538	0.007514457541
67539	0.01384314074
67540	0.004895082298
67541	0.009127925401
67542	0.002731568634
67543	0.004486626705
67544	0.003162354104
67545	0.01085757478
67546	0.002963756697
67547	0.0005860129156
67548	0.00237624919
67549	0.002673385603
67550	0.009783747631
67551	0.003992026895
67552	0.0008812236108
67553	0.005675694672
67554	0.001909184803
67555	0.004975980347
67556	0.00287419836
67557	0.002803729147
67558	0.006103619079
67559	0.004261421636
67560	0.002311422917
67561	0.02920694608
67562	0.002773793777
67563	0.003378797972
67564	0.003138168728
67565	0.01253112159
67566	0.01281876989
67567	0.00594465431
67568	0.006592705185
67569	0.001825794045
67570	0.007405733002
67571	0.01549423139
67572	0.004502003451
67573	0.001486446444
67574	0.001612455798
67575	0.006563655902
67576	0.002042388644
67577	0.00928887472
67578	0.01632067359
67579	0.006731626962
67580	0.0117701649
67581	0.0007579019625
67582	0.004965417311
67583	0.00650597835
67584	0.002176294911
67585	0.001274172253
67586	0.0008812236108
67587	0.01011984108
67588	0.006628931342
67589	0.001995991705
67590	0.003705624953
67591	0.01156044719
67592	0.005536573465
67593	0.001882269976
67594	3.723308557e-06
67595	0.00217357865
67596	0.008697995359
67597	0.008626641596
67598	0.001962279611
67599	0.01666935476
67600	0.0008626040371
67601	0.002783625751
67602	0.005691970451
67603	0.009487002699
67604	0.01168980534
67605	0.01254282302
67606	0.006224402067
67607	0.001527240873
67608	0.006027910952
67609	0.003444054734
67610	0.008922683637
67611	0.007916133113
67612	0.00737993775
67613	0.0007779759183
67614	0.01019971484
67615	0.008918970986
67616	0.001275336693
67617	0.007241731646
67618	0.006633908761
67619	0.005635310774
67620	0.001838866077
67621	0.003463051897
67622	8.396451567e-05
67623	0.002092366167
67624	0.009929807293
67625	0.0006379031958
67626	0.01324531122
67627	0.009127946093
67628	0.00634568214
67629	0.008550574053
67630	0.0006892732287
67631	0.003389360555
67632	0.003579690883
67633	0.002024513881
67634	0.003814526967
67635	0.001097287398
67636	0.003406957468
67637	0.00756256989
67638	0.007556324215
67639	0.008933197928
67640	0.002715620851
67641	0.0001723496069
67642	0.016161733
67643	0.003694652859
67644	0.001842567913
67645	0.008440781626
67646	0.01711506871
67647	0.008588093516
67648	0.0004474023281
67649	0.009852366081
67650	0.001965032583
67651	0.02893472685
67652	0.008197710045
67653	0.001009281141
67654	0.008414912477
67655	0.002246420775
67656	0.012471623
67657	0.003663627515
67658	0.007773937908
67659	0.0008812236108
67660	0.007602750814
67661	0.006353529265
67662	0.003687028169
67663	0.01723393266
67664	0.006441476641
67665	0.004977931231
67666	0.01506797627
67667	0.01125281282
67668	0.0003553250045
67669	0.005875748509
67670	0.001891076414
67671	0.007500376392
67672	0.005632588144
67673	0.01088133453
67674	0.01396823209
67675	0.01249403162
67676	0.003991193085
67677	0.001788247759
67678	0.007129789695
67679	0.01043234788
67680	0.002186707181
67681	0.006987449362
67682	0.01401174383
67683	0.006642412476
67684	0.001101054853
67685	0.0008010636831
67686	0.002926979321
67687	0.008417439158
67688	0.006722699724
67689	0.00173221545
67690	0.0002415417803
67691	0.007912644282
67692	0.01081547202
67693	0.007464788881
67694	0.001109553639
67695	0.004412745751
67696	0.002960346163
67697	0.0006493320344
67698	0.01346446191
67699	0.005811702201
67700	0.001427990315
67701	0.004611866024
67702	0.009433527061
67703	0.0179859919
67704	0.007402200961
67705	0.009333600033
67706	0.01462009093
67707	0.003748716888
67708	0.009192457111
67709	0.01019586777
67710	0.01178130084
67711	0.0008401771988
67712	0.006361300793
67713	0.008375400999
67714	0.01068922907
67715	0.001975875715
67716	0.01269958504
67717	0.0001867926825
67718	0.004077578381
67719	0.003894852044
67720	0.006586466615
67721	0.004761876091
67722	0.0007298311218
67723	0.008377209612
67724	0.01391601776
67725	0.009122037419
67726	0.004387244813
67727	0.01761879308
67728	0.0005531516789
67729	0.009287569466
67730	0.007942344524
67731	0.00431221593
67732	0.0120250099
67733	0.007647554976
67734	0.006314027092
67735	0.006343803433
67736	0.004512519344
67737	0.006080069929
67738	0.008183212333
67739	0.006369370099
67740	0.01740855883
67741	0.007796371591
67742	0.001306767319
67743	0.002362051031
67744	0.0008370122404
67745	0.0007233346445
67746	0.001196847431
67747	0.006137085331
67748	0.002165161911
67749	0.006074256392
67750	0.01009410755
67751	0.004796022224
67752	0.00270833821
67753	0.001984575501
67754	0.003571277646
67755	0.0004612492529
67756	0.01305257169
67757	0.007476470895
67758	0.002746835366
67759	0.002590267177
67760	0.006667972482
67761	0.0172079827
67762	0.004082595712
67763	0.0005872783993
67764	0.0003604331606
67765	0.005196834574
67766	0.0009078483096
67767	0.01204625145
67768	0.0009432105211
67769	0.008309589569
67770	0.01409094647
67771	0.004391812421
67772	0.002550374117
67773	0.004713854882
67774	0.003251361294
67775	0.01402645578
67776	0.001324636319
67777	0.02001950048
67778	0.006081812943
67779	0.0005633375552
67780	0.003512234206
67781	0.001918473172
67782	0.006553703455
67783	0.001009357956
67784	0.00369980633
67785	0.00118389108
67786	0.004976249829
67787	0.004536458531
67788	0.002221107911
67789	0.005661151467
67790	0.0002051607456
67791	0.01798364342
67792	0.01728817843
67793	0.003491079774
67794	0.001070679529
67795	0.009396895089
67796	0.001974778892
67797	0.005630635955
67798	0.007737082885
67799	0.01806211709
67800	0.0002927065828
67801	0.001147616105
67802	0.006463312865
67803	0.01115115271
67804	0.003223663173
67805	0.009612895596
67806	0.005032828545
67807	0.0003906076288
67808	0.00268118496
67809	0.01692720142
67810	0.0065271093
67811	0.003735855251
67812	0.01036463888
67813	0.02488206992
67814	0.003985365953
67815	0.000318705902
67816	0.00890311667
67817	0.0008941219812
67818	0.002192435904
67819	0.005776622494
67820	0.001258616801
67821	0.01782194487
67822	0.0005421464526
67823	0.004861419353
67824	0.01060681766
67825	0.007586543191
67826	0.01082217201
67827	0.0123641977
67828	0.0008921390727
67829	0.01397116384
67830	0.01329793959
67831	0.01189475454
67832	0.007264875741
67833	0.003502106029
67834	0.009937973548
67835	0.004532965321
67836	0.005230858616
67837	0.006256589426
67838	0.009612518668
67839	0.001833393576
67840	0.008243708396
67841	0.01224923251
67842	0.001082708979
67843	0.0007144194455
67844	0.001573953442
67845	0.006950524372
67846	0.003111713249
67847	0.007005942979
67848	0.01152710449
67849	0.00228548682
67850	0.004210125694
67851	0.008649677479
67852	0.0006045711108
67853	0.01583523158
67854	0.006123760376
67855	0.0003749950724
67856	0.002450313218
67857	0.002794961149
67858	0.009782712355
67859	0.001258085671
67860	0.003701085061
67861	0.008510848084
67862	0.007723838259
67863	0.0008180045538
67864	0.002547130781
67865	0.001861301125
67866	0.004960589753
67867	0.006196263087
67868	0.000642735024
67869	0.003938892907
67870	0.0001031470298
67871	0.005249489565
67872	0.006071649914
67873	0.0001339350498
67874	0.01208439105
67875	0.01196915915
67876	0.0007230184958
67877	0.002952851397
67878	0.01035886864
67879	0.01311727582
67880	0.0012239149
67881	0.008579927156
67882	0.006361136843
67883	0.005674112259
67884	0.001109557716
67885	0.0003247651664
67886	0.004350074061
67887	0.01257969179
67888	0.0005334011854
67889	0.002464893819
67890	0.000501878367
67891	0.003330904034
67892	0.01329085981
67893	0.009056955802
67894	0.00570457602
67895	0.006963158928
67896	0.001940509732
67897	0.002293359881
67898	0.01897884959
67899	0.01163514078
67900	0.006683564686
67901	0.001289243647
67902	0.01226304506
67903	0.02022950262
67904	0.006192054065
67905	0.0033262965
67906	0.01595374909
67907	0.009495390647
67908	0.004451272357
67909	0.003331233302
67910	0.002611957647
67911	0.001237089109
67912	0.001346081388
67913	0.003468094651
67914	0.003946967395
67915	0.009563533805
67916	0.005441873162
67917	0.004915282892
67918	0.006712851107
67919	0.01195532329
67920	0.01691043414
67921	0.008639242572
67922	0.006926036259
67923	0.01220152063
67924	0.002652306285
67925	0.005467321931
67926	0.002038632576
67927	0.001265024351
67928	0.007013261907
67929	0.006244994378
67930	0.005997483862
67931	0.003619448281
67932	0.0122001586
67933	0.005595184606
67934	0.01060697113
67935	0.01486038971
67936	0.00160708518
67937	0.0006786056819
67938	0.008668487623
67939	0.003096274786
67940	0.008416546268
67941	0.01297378073
67942	0.02083513381
67943	0.001678849013
67944	0.001768416206
67945	0.006208457132
67946	0.01544605112
67947	0.00454572376
67948	0.002795737847
67949	0.008298149894
67950	0.007512658522
67951	0.01751386333
67952	0.008077471437
67953	0.002436314674
67954	0.003159956974
67955	0.005011886253
67956	0.003322682481
67957	0.009743538725
67958	0.02546966225
67959	0.002967428353
67960	0.005159078871
67961	0.002152125699
67962	0.01806936859
67963	0.003681514965
67964	0.00519741029
67965	5.344846516e-05
67966	0.008686172131
67967	0.003867740223
67968	0.005910667817
67969	0.001139683495
67970	0.0001602986757
67971	0.01437769243
67972	0.01675007083
67973	0.009795897603
67974	0.001942939578
67975	0.004751033723
67976	0.01256147261
67977	0.01070848216
67978	0.004099713756
67979	0.01637267751
67980	0.005299880809
67981	0.006569329209
67982	0.007230175535
67983	0.004220866257
67984	0.01020113411
67985	0.01943310544
67986	0.001120290002
67987	0.008108449579
67988	0.006716243461
67989	0.002302031128
67990	0.009548155318
67991	0.002404274259
67992	0.005136397005
67993	0.003992322541
67994	0.006007619295
67995	0.001975142191
67996	0.006030381476
67997	0.01843138024
67998	0.009485689456
67999	0.008446807633
68000	0.005921830017
68001	0.004079107488
68002	0.00895013074
68003	0.002264515369
68004	0.006320884132
68005	0.01401125824
68006	0.002294183804
68007	0.005217031413
68008	0.006217408675
68009	0.003384074604
68010	0.009970981389
68011	0.01055516902
68012	0.01457171868
68013	0.0006784356579
68014	0.000762863793
68015	0.00810232397
68016	0.008351349751
68017	0.002247524288
68018	0.00756373027
68019	0.008391026679
68020	0.02001753647
68021	0.006984933642
68022	0.004367980388
68023	0.004116157897
68024	0.009989992776
68025	0.003436796021
68026	0.0003239244515
68027	0.002106960858
68028	0.01421306707
68029	0.01699446403
68030	0.0009751979588
68031	0.004903152178
68032	0.007257975534
68033	0.001547420272
68034	0.002348088988
68035	0.001938334194
68036	0.0008414775912
68037	0.00168115854
68038	0.006691122292
68039	0.005800494417
68040	0.002476014554
68041	0.0007025381267
68042	0.01007190526
68043	0.01487967511
68044	0.006327048494
68045	0.005126204182
68046	0.006391773629
68047	0.01035861506
68048	0.003161914574
68049	0.003846504037
68050	0.004643179303
68051	0.0008547790317
68052	0.001873973135
68053	0.005994506246
68054	0.006359843508
68055	0.0003202795579
68056	0.0003494295965
68057	0.01401199849
68058	0.0177186053
68059	0.01049273746
68060	0.003854754375
68061	0.003569205744
68062	0.01014714874
68063	0.002016285538
68064	0.002036648288
68065	0.002643485018
68066	0.003445176511
68067	0.004837041739
68068	0.003663198681
68069	0.001483841405
68070	0.00194153214
68071	0.00268785422
68072	0.001149448992
68073	0.003467441146
68074	0.00669581364
68075	0.004635341369
68076	0.0001688355534
68077	0.001243897567
68078	0.001316066292
68079	0.001909611182
68080	0.003573368222
68081	0.006247736954
68082	0.0110214384
68083	0.004972100212
68084	0.001489143096
68085	0.01172635842
68086	0.003056195061
68087	0.002430786956
68088	0.005816543157
68089	0.007530951925
68090	0.003757216197
68091	0.001444993324
68092	0.01003354132
68093	0.007664024275
68094	0.002939429762
68095	0.00103369219
68096	0.01147114584
68097	0.0012872463
68098	0.005354362573
68099	0.008198995357
68100	0.01164729719
68101	0.008611406213
68102	0.0006527801051
68103	0.005011262518
68104	0.004788107144
68105	0.0009168694123
68106	0.0155171738
68107	0.009133819583
68108	0.003301856986
68109	0.0129995552
68110	0.004257999981
68111	0.006914572061
68112	0.002427748474
68113	0.0007886808908
68114	0.01310536461
68115	0.006110026173
68116	0.01310059544
68117	0.004180407294
68118	0.00662922389
68119	0.007471273878
68120	0.006234360925
68121	0.000201641656
68122	0.00619701702
68123	0.006897820767
68124	0.005258168696
68125	0.001645858277
68126	0.001598244021
68127	0.002527643866
68128	0.006706533046
68129	0.006262005736
68130	0.008317729868
68131	0.01285933674
68132	0.01526258192
68133	0.003113382557
68134	0.006578738862
68135	0.0009020845469
68136	0.006427639865
68137	0.001993673615
68138	0.004207017145
68139	0.004707181555
68140	0.0007638689807
68141	0.00394337566
68142	0.007724877019
68143	0.001773096383
68144	0.002674079795
68145	0.001096719638
68146	0.002245171988
68147	0.001554980631
68148	0.0004243889301
68149	0.003803335552
68150	0.00269713318
68151	0.003432988764
68152	0.01122515153
68153	0.0007746982602
68154	0.002226365657
68155	0.001514874357
68156	0.009604930065
68157	0.0008031386484
68158	0.003528582239
68159	0.009795892709
68160	0.005801405285
68161	0.01522960639
68162	0.01178105899
68163	0.001929357386
68164	0.0008858913364
68165	0.002619813048
68166	0.006976826777
68167	0.0003928289201
68168	0.009166365627
68169	0.004579523357
68170	0.00131987261
68171	0.002691336386
68172	0.007257596429
68173	0.0001693896378
68174	0.01701991517
68175	0.006902466341
68176	0.02270423035
68177	0.005839496644
68178	0.008084220661
68179	0.00838825722
68180	0.01259536599
68181	0.005490528029
68182	0.0006819685615
68183	0.007820010653
68184	0.0008465730877
68185	0.001900039353
68186	0.009961608136
68187	0.00246198175
68188	0.0004933397362
68189	0.003740027916
68190	0.009693857356
68191	0.01367970757
68192	0.004725345326
68193	0.0129690277
68194	0.002202713821
68195	0.000108601104
68196	0.00962847667
68197	0.003239489201
68198	0.009978373343
68199	0.009761052275
68200	0.005048879245
68201	0.009552430718
68202	0.002621702738
68203	0.0003400102421
68204	0.01145001614
68205	0.004918766872
68206	0.00390484586
68207	0.006107861778
68208	0.001946530749
68209	0.007281317233
68210	0.0008981023106
68211	0.001407021042
68212	0.003660495977
68213	0.007721459692
68214	0.01242894994
68215	0.005489070516
68216	0.01292473004
68217	0.0001136573128
68218	0.006398480201
68219	0.008531944999
68220	0.008564795863
68221	0.001161330158
68222	0.01029546854
68223	0.007172474518
68224	0.001436875855
68225	0.001649402697
68226	0.004572363564
68227	0.01852658808
68228	0.001805769023
68229	0.0012042358
68230	0.01435205673
68231	0.0005118245404
68232	0.006802361987
68233	0.004124423067
68234	0.001207560681
68235	0.002660031091
68236	0.004178762894
68237	0.01192402541
68238	0.006328773898
68239	0.01351416527
68240	0.01051166977
68241	0.0001966646855
68242	0.003298855307
68243	0.00729551455
68244	0.003538358885
68245	0.005886513392
68246	0.008146269537
68247	0.02382562558
68248	0.004923825573
68249	0.0059064995
68250	0.0003621955907
68251	0.004506653815
68252	0.005261428995
68253	0.00828512347
68254	0.006663394508
68255	0.004194304623
68256	0.005291671926
68257	0.01051590277
68258	0.001956468681
68259	0.0008422754057
68260	0.003890248837
68261	0.004559232934
68262	0.004243557114
68263	0.001647809914
68264	0.00577634632
68265	0.001681267108
68266	0.0008535049605
68267	0.001254830013
68268	0.0002567150467
68269	0.001998319956
68270	0.001873196893
68271	0.00259961338
68272	0.003400585262
68273	0.01628266252
68274	0.001622537133
68275	0.001713651402
68276	0.002485087032
68277	0.004489052634
68278	0.004496906828
68279	0.002498512498
68280	0.008272179863
68281	0.006337966032
68282	0.001354395818
68283	0.01339536851
68284	0.001613770916
68285	0.003323435533
68286	0.005619386547
68287	0.002481018271
68288	0.01789543033
68289	0.009300591823
68290	0.002525365521
68291	0.02032313659
68292	0.003013420183
68293	0.005460230176
68294	0.01470973817
68295	0.001310720814
68296	0.004609369331
68297	0.000138942804
68298	0.0003518746696
68299	0.002468024361
68300	0.001807824644
68301	0.001649655522
68302	0.01305140045
68303	0.0009406934538
68304	0.003944083649
68305	0.009413584261
68306	0.009520919913
68307	0.01771940561
68308	0.02593558956
68309	0.002228313824
68310	0.0003535044724
68311	0.00102522339
68312	0.007690168589
68313	0.008992826715
68314	0.002451142435
68315	0.002528163596
68316	0.005970840409
68317	0.00652515623
68318	0.004614374278
68319	0.00521352951
68320	0.003775834697
68321	0.0149417572
68322	0.007112284693
68323	0.005925028169
68324	0.007582193018
68325	0.001929086606
68326	0.005423094536
68327	0.0005983677592
68328	0.009963517964
68329	0.01521310202
68330	0.001717456738
68331	0.0008536882571
68332	0.003935895174
68333	0.001935023561
68334	0.003637419908
68335	0.0058517339
68336	0.01707787572
68337	0.009878272222
68338	0.008194507888
68339	0.001567790839
68340	0.000793239374
68341	0.0151021245
68342	0.003220034959
68343	0.004107910324
68344	0.0007112482721
68345	0.003615414271
68346	0.02521537146
68347	0.005216773102
68348	0.001549170481
68349	0.01613976597
68350	0.001364541347
68351	0.002921059304
68352	0.0005386035132
68353	0.001265705023
68354	0.005912849345
68355	0.009678921376
68356	0.001490237602
68357	0.008030389739
68358	0.004432434538
68359	0.00263606227
68360	0.006026787618
68361	0.01941284784
68362	0.007813514199
68363	0.00677132063
68364	0.005737702284
68365	0.002685859582
68366	0.006006872476
68367	0.000667790308
68368	0.01096854325
68369	0.01068653284
68370	0.001513634166
68371	0.001134443769
68372	0.004905598764
68373	0.001735230622
68374	0.0005240249542
68375	0.01017544503
68376	0.001129173373
68377	0.002974167473
68378	0.002938679517
68379	0.001583081019
68380	0.006325807637
68381	0.002888856525
68382	0.002838871976
68383	0.01211012964
68384	0.003011815828
68385	0.01574621366
68386	0.001167806072
68387	0.004374884334
68388	0.005231229955
68389	0.008966392129
68390	0.005473358081
68391	0.002753704459
68392	0.002604566714
68393	0.005819821621
68394	0.002334452404
68395	0.002251060036
68396	0.006289827384
68397	0.001746940871
68398	0.02229316129
68399	0.005759421744
68400	0.002506278713
68401	0.01362590823
68402	0.01022771143
68403	0.00552133914
68404	0.00471699418
68405	0.01342293786
68406	0.00870366457
68407	0.002164158115
68408	0.004075915103
68409	0.001666491324
68410	0.006352547266
68411	0.001797950676
68412	0.01190066491
68413	0.006605261065
68414	0.01225245087
68415	0.00224772445
68416	0.007494271585
68417	0.01253461503
68418	0.003435370747
68419	0.01475570606
68420	0.001057325338
68421	0.0129314441
68422	0.006558477217
68423	0.005901197076
68424	0.0008779971672
68425	0.001516568527
68426	0.01304698067
68427	0.005026868757
68428	0.001604787024
68429	0.001414923855
68430	0.003097924174
68431	0.005119981036
68432	0.008781272351
68433	0.002844687621
68434	0.005955182154
68435	0.004254940382
68436	0.0007583147307
68437	0.003717799092
68438	0.004465922784
68439	0.0008151746211
68440	0.004256713797
68441	0.009333125017
68442	0.01211759344
68443	0.004556606579
68444	0.00270409183
68445	0.001708178224
68446	0.003877391354
68447	0.01016736442
68448	0.003979935154
68449	0.0003562589329
68450	0.004959339713
68451	0.0006811312845
68452	0.01109895595
68453	0.004583061817
68454	0.009498530936
68455	0.002869627024
68456	0.0068444697
68457	0.01914886156
68458	0.002346582882
68459	0.01846447124
68460	0.001968608031
68461	0.002775256027
68462	0.002438847919
68463	0.002391002149
68464	0.003634944827
68465	0.003012834264
68466	0.001581850765
68467	0.007093307823
68468	0.001189394509
68469	0.006517876781
68470	0.008378368729
68471	0.005523512317
68472	0.0007512581937
68473	0.01439415101
68474	0.009043654601
68475	0.003477264039
68476	0.006063186069
68477	0.004574103385
68478	0.01371480876
68479	0.00652872385
68480	0.006482911958
68481	0.0008948712599
68482	0.004733107683
68483	0.003833534971
68484	0.001921852696
68485	0.02148827588
68486	0.003500210676
68487	0.003848780057
68488	0.0007401708456
68489	0.00491152285
68490	0.002693795382
68491	0.006679993729
68492	0.007283974753
68493	0.003366208956
68494	0.002990090898
68495	0.01217079726
68496	0.002458735271
68497	0.005965351629
68498	0.003985339933
68499	0.003055048455
68500	0.003964617023
68501	0.007060087835
68502	0.003934138962
68503	0.003572696258
68504	0.00758960783
68505	0.01140670058
68506	0.0007873845125
68507	0.00147756863
68508	0.01758047903
68509	0.01342133185
68510	0.006230641428
68511	0.001682677517
68512	0.002193775706
68513	0.00186818803
68514	0.005264147638
68515	0.008462489275
68516	0.00960573366
68517	0.001335806792
68518	0.004486197145
68519	0.001074556387
68520	0.0007718120207
68521	0.002360738004
68522	0.01243124394
68523	0.02231043764
68524	0.002095498338
68525	0.003522045273
68526	0.006154669907
68527	0.00110563199
68528	0.003300654318
68529	0.0008235719515
68530	0.006473613989
68531	0.001230396037
68532	0.02141880248
68533	0.002263637999
68534	0.007368199047
68535	0.002208858006
68536	0.001136301359
68537	0.006143183923
68538	0.004401172462
68539	0.01060655181
68540	0.005169122947
68541	0.002355983772
68542	0.01817309595
68543	0.008484670072
68544	0.002793994267
68545	0.002708121476
68546	0.006678312593
68547	0.00381162575
68548	0.00660177165
68549	0.001139198167
68550	0.02114253384
68551	0.009478720555
68552	0.004588309859
68553	0.01442936352
68554	0.001202500191
68555	0.003865510093
68556	0.002613852134
68557	0.009374872608
68558	0.01480012592
68559	0.001613853849
68560	0.00359920156
68561	0.003280698415
68562	0.0004853065969
68563	0.00605493929
68564	0.0009224970501
68565	0.002464992716
68566	0.003570459213
68567	0.006348170609
68568	0.01017354084
68569	0.007631653887
68570	0.01427608608
68571	0.0003761791409
68572	0.002366373716
68573	0.001504369611
68574	0.006603035452
68575	0.01771584174
68576	0.00360930683
68577	0.003359799753
68578	0.001032041738
68579	0.01830262742
68580	0.0009200847662
68581	0.003654978726
68582	0.007282182265
68583	0.0003276902305
68584	0.003030684789
68585	0.003836418902
68586	0.005047308912
68587	0.009275187176
68588	0.0002724884759
68589	0.001795701907
68590	0.002857651318
68591	0.007522807382
68592	0.004520334059
68593	0.001186667839
68594	0.01190426068
68595	0.005712042347
68596	0.0005270922479
68597	0.006635446977
68598	0.003663422419
68599	0.003636944811
68600	0.003434368562
68601	0.006259319324
68602	0.001269316182
68603	0.009186013955
68604	0.007412915644
68605	0.003908421253
68606	0.01632168827
68607	0.0002951697231
68608	0.01311610816
68609	0.0005138719707
68610	0.01000255558
68611	0.0004902401252
68612	0.006653355744
68613	0.004262729735
68614	0.007865829152
68615	0.00428503362
68616	0.001439173402
68617	0.004355560734
68618	0.01378276922
68619	0.006800654164
68620	0.01146604998
68621	0.00327870843
68622	0.01337785106
68623	0.01258083318
68624	0.009913640906
68625	0.005424529237
68626	0.01722355446
68627	0.002718489075
68628	0.01049226564
68629	0.003505246968
68630	0.001149937433
68631	0.008682552229
68632	0.003931341617
68633	0.01338339877
68634	0.006079116963
68635	0.005351541955
68636	0.0003558109336
68637	0.01375540207
68638	0.008420954482
68639	0.001298326969
68640	0.004569169951
68641	0.003482033907
68642	0.002484992743
68643	0.002090736387
68644	0.004213896944
68645	0.004457766108
68646	0.006551310118
68647	0.007880128553
68648	0.0004982597411
68649	0.0001578238826
68650	0.003747230725
68651	0.0004586804566
68652	0.006411863413
68653	0.01179743008
68654	0.0005947797914
68655	0.007983373243
68656	0.001891107378
68657	0.001363160965
68658	0.003007916203
68659	0.008190662282
68660	0.004812330521
68661	0.0006607643321
68662	0.009270014503
68663	0.001518370849
68664	0.001390638542
68665	0.01708842146
68666	0.008024293259
68667	0.006300021608
68668	0.001585996104
68669	0.002025893995
68670	0.002450300233
68671	0.005446404463
68672	0.006630850406
68673	0.001425760389
68674	0.008595014508
68675	7.680546664e-06
68676	0.005164226109
68677	0.003521262996
68678	0.003038919024
68679	0.002448752713
68680	0.002042382526
68681	0.003449860036
68682	0.01117953896
68683	0.004433125425
68684	0.005327164093
68685	0.003433290001
68686	0.004894335659
68687	0.01808143049
68688	0.00263150321
68689	0.0004944279292
68690	0.02198785297
68691	0.0005281834516
68692	0.005638359926
68693	0.0108488648
68694	0.005158484091
68695	0.0004608669638
68696	0.003116562595
68697	0.002792818102
68698	0.001072794589
68699	0.0004430035942
68700	0.0009896520886
68701	0.002900217343
68702	0.001078812736
68703	0.0034866705
68704	0.001981195016
68705	0.001339540933
68706	0.001179833762
68707	0.001874172894
68708	0.002212908861
68709	0.002016384434
68710	0.00817140124
68711	0.002176508859
68712	0.01594729041
68713	0.01647294428
68714	0.02281899247
68715	0.0130964137
68716	0.002873485626
68717	2.252132385e-05
68718	0.002041236493
68719	0.0004273760007
68720	0.00511514643
68721	3.923813537e-05
68722	0.0001794841076
68723	8.308356086e-06
68724	0.0006269547713
68725	0.006939214983
68726	0.001247263243
68727	0.001576895522
68728	0.01022233358
68729	0.0006635418611
68730	0.001364919727
68731	0.002303898064
68732	0.0166410071
68733	0.00193757213
68734	0.0003932216439
68735	0.00263503363
68736	0.0002534649843
68737	0.00434789374
68738	0.002356964619
68739	0.005666452778
68740	0.004445728905
68741	0.008391725574
68742	0.005813003708
68743	0.004602484515
68744	0.001994522169
68745	0.003845498111
68746	0.0008782694207
68747	0.001616270957
68748	0.006329314369
68749	0.0172017806
68750	0.0004461160491
68751	0.002162433002
68752	0.01240786254
68753	0.001324999402
68754	0.002761028262
68755	0.009056213052
68756	0.003562286282
68757	0.0002048166186
68758	0.007063775915
68759	0.006924602806
68760	0.001193473627
68761	0.001818965703
68762	0.00133650695
68763	0.002591968006
68764	0.0124148504
68765	0.008657120078
68766	0.01446454926
68767	0.00479540682
68768	0.001831100674
68769	0.002502213168
68770	0.004812759353
68771	0.01600025539
68772	0.0135305925
68773	0.00239771421
68774	0.00393748899
68775	0.002781368479
68776	0.002456531562
68777	0.001064224074
68778	0.003214895744
68779	0.01088433885
68780	0.001808893657
68781	0.004868561125
68782	0.006785130083
68783	0.005458282317
68784	0.009183299514
68785	0.004861795444
68786	0.01479719453
68787	0.0001176523618
68788	0.002226827108
68789	0.004967844377
68790	0.01058825623
68791	0.0005519343995
68792	0.007105463297
68793	0.006679950884
68794	0.0100208203
68795	0.003136873328
68796	0.02241965174
68797	0.005858772802
68798	0.004550811447
68799	0.01030669152
68800	0.001930155016
68801	0.001977378962
68802	0.002758271702
68803	0.003618188295
68804	0.003293243138
68805	0.003980857107
68806	0.006883091606
68807	0.005530936865
68808	0.002271924443
68809	0.006363698997
68810	0.009805025815
68811	0.008470899546
68812	0.01368079324
68813	0.001675575884
68814	0.002085218909
68815	0.0001729353213
68816	0.01701857783
68817	0.007995315378
68818	0.01169338649
68819	0.0003157491586
68820	0.008530853307
68821	0.007110530297
68822	0.006387717355
68823	0.00116610687
68824	0.010025352
68825	0.004143289013
68826	0.0076473471
68827	0.007792514902
68828	0.001665326036
68829	0.005143266876
68830	0.001839640011
68831	0.02117218485
68832	0.002936599143
68833	0.004975301537
68834	0.002637857483
68835	0.0005763052876
68836	0.005549710272
68837	0.001763438389
68838	0.00666096746
68839	0.01049857827
68840	0.002209123215
68841	0.00301800302
68842	0.0006101589487
68843	1.61680705e-05
68844	0.00649763824
68845	0.001036750424
68846	0.0133239655
68847	0.004119273084
68848	0.001974889883
68849	0.005698064995
68850	0.007410841517
68851	0.002602426506
68852	0.0109618693
68853	0.0077871786
68854	0.009213675129
68855	0.001654111042
68856	0.01162983931
68857	0.003215347553
68858	0.001621899596
68859	0.002446767271
68860	0.005947993991
68861	0.0008570885982
68862	0.002245625644
68863	0.001623148781
68864	0.003983789009
68865	0.000729326498
68866	0.002657301867
68867	0.008324579016
68868	0.0009091820169
68869	0.0006035697084
68870	0.001634829181
68871	0.0107844242
68872	0.009449352948
68873	0.001145343072
68874	0.0008934065304
68875	0.001164436488
68876	0.0002289892946
68877	0.002869027269
68878	0.01414406199
68879	0.01984341938
68880	0.008615007712
68881	0.000127433261
68882	0.01084708657
68883	0.002359615786
68884	0.0096414638
68885	0.003833759351
68886	0.005878424511
68887	0.004973800296
68888	0.003120517168
68889	0.01232173138
68890	0.004259316987
68891	0.0147916353
68892	0.0006698420615
68893	0.005106697903
68894	0.001585382882
68895	0.01156777155
68896	0.01419100604
68897	0.00275237991
68898	0.0009120675406
68899	0.02018444917
68900	0.0003180206664
68901	0.001203166379
68902	0.0030719599
68903	0.001462796102
68904	0.004635961094
68905	0.001480895994
68906	0.001740192536
68907	0.0007431004721
68908	0.004875027811
68909	0.0001213100892
68910	0.0035230316
68911	0.002912821764
68912	0.0005390705695
68913	0.003345623385
68914	0.009802970257
68915	0.002377350489
68916	0.0004144322928
68917	0.01724363976
68918	0.0004263726238
68919	0.005044055524
68920	0.007201588169
68921	0.01626021854
68922	0.005533798395
68923	0.01004766604
68924	0.00275878209
68925	0.0008248133713
68926	0.003163369582
68927	0.0004604029337
68928	0.005520537907
68929	0.002970860737
68930	0.0005387774281
68931	0.002814540002
68932	0.004261255218
68933	0.001973481776
68934	0.008284639761
68935	0.00277525569
68936	0.01268109694
68937	0.0002601529745
68938	0.01199838048
68939	0.003030935509
68940	0.008614200358
68941	0.0009252784868
68942	0.002220238456
68943	0.01777987863
68944	0.002892722044
68945	0.008414258632
68946	0.0008600703277
68947	0.006499679969
68948	0.002685203018
68949	0.001756317986
68950	0.003501890902
68951	0.008154806109
68952	0.001467933854
68953	0.001133615068
68954	0.01402805703
68955	0.01256850917
68956	0.0008579264099
68957	0.01234537529
68958	0.007765277438
68959	0.0001005092047
68960	0.001044926763
68961	0.00269422898
68962	0.003000462042
68963	0.001071010655
68964	0.002655310083
68965	0.01342503471
68966	0.002990961394
68967	0.004279250694
68968	0.004685726191
68969	0.002992904397
68970	0.004334380739
68971	0.000701777345
68972	0.006018308931
68973	0.01190742312
68974	0.003862620545
68975	0.0059224578
68976	0.004899162742
68977	0.009804751792
68978	0.01017646023
68979	0.001795466805
68980	0.004083272998
68981	0.002977549177
68982	0.009125528191
68983	0.007172051507
68984	0.01171662805
68985	0.002336884218
68986	0.004911057393
68987	0.005024419392
68988	0.001969284727
68989	0.002355386171
68990	0.0003642957005
68991	0.0001121339453
68992	0.01815400509
68993	0.0002631676379
68994	0.01047435182
68995	0.01555767451
68996	0.003862387418
68997	0.001553176611
68998	0.004483268728
68999	0.0001285486385
69000	0.005858897348
69001	0.004208020097
69002	0.008174823568
69003	0.003760066269
69004	0.0003659810091
69005	0.0003093509357
69006	0.002643102112
69007	0.001733539106
69008	0.002071586413
69009	0.002083407751
69010	0.003946400058
69011	0.0006104453445
69012	0.009923270542
69013	0.001478152048
69014	0.001315388114
69015	0.002602682114
69016	0.001388835377
69017	0.001757981832
69018	0.0006420129847
69019	0.01510742962
69020	0.01691556699
69021	0.0009540037663
69022	0.0250241183
69023	0.002739584021
69024	0.001763780233
69025	0.0003097787727
69026	0.008075420855
69027	0.01069571588
69028	0.004391920357
69029	0.009996940498
69030	0.002650914503
69031	0.004624118231
69032	0.00392696306
69033	0.006485061798
69034	0.01600916884
69035	0.0006360616644
69036	0.01437113755
69037	0.0009185896522
69038	0.003057769686
69039	0.0031572016
69040	0.01396611095
69041	0.01195918404
69042	0.01130222744
69043	0.001973034395
69044	0.009534055527
69045	0.003702857546
69046	0.001498942483
69047	0.001689197105
69048	8.29856173e-05
69049	0.000536055509
69050	0.01145735218
69051	0.009765985265
69052	0.006576533652
69053	0.008978981827
69054	0.008205704982
69055	0.002453448869
69056	0.00227713036
69057	0.003122042424
69058	0.001984883986
69059	0.007300994366
69060	0.002379301972
69061	0.01462311901
69062	0.002027258504
69063	0.0001367884466
69064	0.003562184296
69065	0.001977000431
69066	0.0006772115016
69067	0.000542723309
69068	0.004073960897
69069	0.000676193189
69070	0.008523936568
69071	0.001776163468
69072	0.002979436104
69073	0.001622055032
69074	0.0008562598033
69075	0.0008615436581
69076	0.006235277146
69077	0.01270685931
69078	0.002936108022
69079	0.005734429681
69080	0.002336416935
69081	0.008280419174
69082	0.0001635016454
69083	0.01142686938
69084	0.002148268123
69085	0.001123816995
69086	0.0005422682799
69087	0.001044553334
69088	0.0001191219437
69089	0.009225780041
69090	0.01301621631
69091	0.01061772168
69092	0.002641002892
69093	0.002191016573
69094	0.02346788297
69095	0.01865351043
69096	0.006252546423
69097	0.0009423345657
69098	0.003993213025
69099	0.001797068479
69100	0.001728176115
69101	0.004135947027
69102	0.003011186655
69103	0.0003235813367
69104	0.009723012326
69105	0.003186696501
69106	0.006167327211
69107	0.007938600088
69108	0.002146513679
69109	0.002647852021
69110	0.006202818693
69111	0.008523650484
69112	0.00407662565
69113	0.00251936707
69114	0.00251479091
69115	0.01152237485
69116	0.00901568086
69117	0.007436055347
69118	0.001963988155
69119	0.006926500879
69120	0.004123208139
69121	0.0001541455938
69122	3.032275658e-06
69123	0.001032217296
69124	0.0006706316697
69125	4.39176664e-06
69126	0.0001209829364
69127	0.0005183893905
69128	0.001167940362
69129	0.000666250827
69130	0.0001795500104
69131	0.001001857455
69132	0.0004669176508
69133	0.0005704562665
69134	0.0007284541628
69135	0.0003283811601
69136	0.0004099827316
69137	4.598262163e-05
69138	0.0001839892497
69139	0.0007515769222
69140	0.001041834606
69141	0.0001620404634
69142	0.0007926278163
69143	0.001182861347
69144	0.0002386429957
69145	0.0008920847432
69146	0.001057446782
69147	2.425974811e-05
69148	0.0007491761905
69149	0.0003054298202
69150	0.001182885348
69151	0.0005071370205
69152	0.0006216556593
69153	0.000176289404
69154	0.0002745973038
69155	0.00117577589
69156	0.001010020322
69157	0.0005579961839
69158	0.001042182887
69159	0.0007661630559
69160	0.0006605828557
69161	3.605184656e-05
69162	0.0004249346984
69163	0.001046960093
69164	3.583888468e-06
69165	0.0003569436191
69166	0.0009343293774
69167	0.00071323162
69168	0.0009189364554
69169	0.0004205433203
69170	0.001045817604
69171	8.487208085e-06
69172	0.0009481932142
69173	0.000921658614
69174	0.0003717482626
69175	0.0004521174551
69176	6.665860389e-07
69177	0.0003175722512
69178	0.001177761058
69179	0.000556736114
69180	1.997573817e-05
69181	1.10753482e-05
69182	0.0009402340061
69183	9.383459224e-05
69184	4.95810081e-06
69185	0.0009930409219
69186	0.0004715510686
69187	0.001018318362
69188	0.001179441872
69189	0.0004148979566
69190	0.0002281287066
69191	0.0001999752693
69192	0.001050376395
69193	6.348951464e-06
69194	0.0009070373814
69195	0.001063860985
69196	0.0001171667597
69197	0.001198902269
69198	0.0003718369129
69199	0.0005389562296
69200	0.00086748401
69201	0.0006229528482
69202	0.00118141652
69203	0.00105274261
69204	0.0006585907359
69205	0.0006518911122
69206	0.0009146046034
69207	0.0001933594901
69208	0.0001123993263
69209	2.606716093e-06
69210	0.0005659253173
69211	7.259505647e-06
69212	0.0008630482884
69213	0.0004294455001
69214	0.0007619569114
69215	0.001034110043
69216	0.0003653714742
69217	0.001068547465
69218	0.0001606882756
69219	0.001188734818
69220	0.001176642619
69221	0.001065174623
69222	0.000749024879
69223	0.0001114355051
69224	0.0002516333467
69225	0.0009221420719
69226	0.0007405194638
69227	0.0003956780256
69228	0.0005266224
69229	0.0006959677886
69230	0.001033002645
69231	0.000335792138
69232	0.0001937417282
69233	8.748424517e-06
69234	4.801623585e-06
69235	0.0001809944648
69236	0.0007418272452
69237	0.0008888566539
69238	0.0007136361845
69239	0.0001449488385
69240	3.773359421e-06
69241	0.0007245724817
69242	0.0008981259376
69243	0.001041593501
69244	0.001183778705
69245	0.0002781992035
69246	0.0008887034641
69247	0.0007915304584
69248	0.0003891640278
69249	0.0003767708306
69250	0.0007508565808
69251	0.0005265593536
69252	0.0004864333231
69253	0.001053618118
69254	0.0005602581744
69255	0.001185518963
69256	0.0003432836521
69257	0.0002619827417
69258	0.0004076830225
69259	0.0005713757198
69260	0.001037963724
69261	0.0005278082938
69262	0.0007633650431
69263	0
69264	0.0001335716145
69265	0.0002897339791
69266	0.0008415463647
69267	0.001076900651
69268	0.000437178613
69269	0.0007331792678
69270	0.0009554572445
69271	0.0008246570114
69272	0.0004397376655
69273	0.0001803915792
69274	0.0008309754487
69275	0.0001396540169
69276	0.001181364177
69277	0.0005129971079
69278	0.0007399005261
69279	0.0005855468346
69280	0.0001173890335
69281	4.50942494e-06
69282	0.0004570452804
69283	0.001193079117
69284	0.0006819226479
69285	0.0003579752738
69286	9.898574058e-05
69287	0.0005469978043
69288	0.0008427345826
69289	0.001041905894
69290	0.0004065034447
69291	0.0001456924645
69292	0.001048338491
69293	0.0007686533837
69294	0.0008986255118
69295	0.001193967862
69296	0.0004854936026
69297	0.001185119954
69298	0.001050159629
69299	0.001046957387
69300	0.001172546515
69301	0.0009070158516
69302	4.252069769e-07
69303	3.047218255e-05
69304	0.0004621106877
69305	0.0007738939389
69306	0.000217662208
69307	0.0007694087766
69308	0.0007635817442
69309	0.001020259052
69310	0.0008421886301
69311	0.0001913254264
69312	0.0009335253483
69313	8.081398377e-06
69314	0.0001100867604
69315	0.001175212235
69316	0.001194506451
69317	0.0007590488422
69318	0.0007265556041
69319	0.001194947589
69320	0.001185937844
69321	0.0008771340546
69322	0.000120356546
69323	0.0007021894438
69324	0.000938374269
69325	0.001005470205
69326	0.001191853563
69327	9.389870219e-06
69328	0.0003528588259
69329	0.0005296806482
69330	0.001066788766
69331	0.0001065322398
69332	0.001079009534
69333	0.0005087838966
69334	0.000159548357
69335	0.0002000341184
69336	0.0007519175706
69337	0.0003306251418
69338	0.0008065385368
69339	0.001063590953
69340	0.0003725585868
69341	0.0008648397439
69342	0.0001292701597
69343	0.00102612309
69344	0.001009899907
69345	3.603408699e-06
69346	0.000103040753
69347	6.688363438e-07
69348	0.0009097910283
69349	0.0001921004097
69350	0.0004531494072
69351	0.000674363217
69352	0.001203759835
69353	0.0008847129283
69354	0.0009186110961
69355	0.001212336628
69356	0.0002485933057
69357	0.001042885733
69358	0.0004627527216
69359	0.0002580395878
69360	0.001177923545
69361	0.0007156523284
69362	0.0001190799125
69363	0.0004366096801
69364	0.0003496889606
69365	0.001084261245
69366	5.13866114e-06
69367	0.000418604819
69368	0.001200451373
69369	0.0009955168464
69370	0.0007254429361
69371	8.339486799e-07
69372	0.0001530138805
69373	0
69374	0.001179491701
69375	0.0003269335282
69376	0.000633258535
69377	0.001089149926
69378	0.001089275233
69379	0.005853756515
69380	0.006130338635
69381	0.005319406715
69382	0.01211712297
69383	0.0003159791777
69384	0.005901119261
69385	0.008146079303
69386	0.001805064611
69387	0.0009874531198
69388	0.008279663135
69389	0.008176507981
69390	0.003957998242
69391	0.002833322045
69392	0.003465866378
69393	0.001043249308
69394	0.007634725307
69395	0.004197273023
69396	0.01187831729
69397	0.004421355989
69398	0.01037099205
69399	0.0002254431332
69400	0.005527928
69401	0.002175787569
69402	0.000461856234
69403	0.01197643051
69404	0.0004079494537
69405	0.001726604231
69406	0.003964834119
69407	0.005931119105
69408	0.01104865148
69409	0.003303820605
69410	0.002526912749
69411	0.0004142414281
69412	0.00514194759
69413	0.01584571415
69414	0.00354940203
69415	0.001858266751
69416	0.00336160646
69417	0.001580436342
69418	0.01136525233
69419	0.003132219903
69420	0.002579402758
69421	0.006463987028
69422	0.002622207684
69423	0.004463226092
69424	0.01638602193
69425	0.001703245546
69426	0.0122432563
69427	0.004678082805
69428	0.005554328824
69429	0.01040720256
69430	0.008853724086
69431	0.005618056411
69432	0.004860162558
69433	0.008121919116
69434	0.008612998006
69435	0.00457720692
69436	0.002352261824
69437	0.01391268542
69438	0.006537226862
69439	0.002633865993
69440	0.007940919232
69441	0.005445525284
69442	0.00686358947
69443	0.01318805324
69444	0.001846630342
69445	0.004140948592
69446	0.004412837413
69447	0.00834149428
69448	0.002882520717
69449	0.004557960756
69450	0.01488053204
69451	0.01561775606
69452	0.009302494789
69453	0.00537446701
69454	0.001970020881
69455	0.006498083295
69456	0.001582594528
69457	0.001972796389
69458	0.01812556601
69459	0.004158512153
69460	0.0005354154789
69461	7.644806265e-05
69462	0.0004296712417
69463	0.01046195032
69464	7.389198979e-06
69465	8.544309932e-05
69466	0.001051852749
69467	0.003384655047
69468	0.006025312028
69469	0.006923956149
69470	0.008006904953
69471	0.002023121067
69472	0.0007824623206
69473	0.0001021329092
69474	0.0006546846085
69475	0.0005172084289
69476	0.01700250086
69477	0.001031576159
69478	0.0006188409913
69479	0.0005142922437
69480	0.0005572230427
69481	0.0005703482685
69482	0.0004747810394
69483	0.0008407557808
69484	0.0008392659988
69485	0.0005477991088
69486	0.0005707652489
69487	0.0003209141701
69488	0.0006298264986
69489	0.000204888868
69490	0.0006734609688
69491	0.0006256895011
69492	0.0005463979988
69493	0.0004683496374
69494	0.0005458087714
69495	0.0005748371289
69496	0.000545781114
69497	0.001013873969
69498	0.0006848891789
69499	0.0004674644737
69500	0.0006540718537
69501	0.0005983784716
69502	0.0004654092332
69503	0.0005984988285
69504	0.0006449452514
69505	0.0006568536012
69506	0.0007253355188
69507	0.0002998367535
69508	0.0006774617041
69509	0.0005479574539
69510	0.0007891180416
69511	0.0004155069817
69512	0.0001419682202
69513	0.0006957513816
69514	0.0002841119269
69515	0.0004848624937
69516	0.000572820641
69517	0.0004840294919
69518	0.0006665422585
69519	0.0009225180193
69520	0.0008278360341
69521	0.0001986952146
69522	0.0001710701819
69523	0.0005696019014
69524	0.0003277525552
69525	0.0006115730137
69526	0.0005117928312
69527	0.0008355048013
69528	0.0004949399336
69529	0.001011430593
69530	0.0004928966237
69531	0.0001795710581
69532	0.0006814147391
69533	0.000744065874
69534	0.000689868192
69535	0.0005386492037
69536	0.0006623806788
69537	0.0006363939888
69538	0.0006718581723
69539	0.0005192351413
69540	5.220643922e-05
69541	0.0004796775937
69542	0.0004815643537
69543	0.0004829315886
69544	0.0006017544688
69545	0.0005686176488
69546	0.0008144265085
69547	0.0006650398907
69548	0.0006560654988
69549	0.001770795705
69550	9.227841875e-06
69551	0.0007623613316
69552	2.649074739e-05
69553	0.000625055844
69554	1.618656346e-05
69555	0.0006150814236
69556	0.0005412127737
69557	0.0008030583011
69558	0.0005430435709
69559	0.0005979782211
69560	0.0006756310888
69561	0.0007202324591
69562	0.001761197239
69563	1.25477201e-05
69564	0.0006777518489
69565	0.0005201099278
69566	0.0007703093436
69567	0.0009808264388
69568	0.0005565327013
69569	0.0001823559071
69570	0.0006822065501
69571	5.839032149e-05
69572	0.0006225233111
69573	0.000294546812
69574	0.0005840723519
69575	0.0005304073232
69576	0.0006084185607
69577	0.0005110658839
69578	1.134630784e-05
69579	0.0006580150813
69580	0.0004065813486
69581	0.0006167574917
69582	0.0007740581855
69583	0.0005958287509
69584	0.0005348679887
69585	0.0006889695908
69586	0.0001321327798
69587	5.96832487e-05
69588	0.0006035671191
69589	0.0009230631523
69590	0.0008983358091
69591	0.0005000987219
69592	0.0003852922257
69593	0.001147305681
69594	0.0004723317639
69595	0.0005964238314
69596	0.000562422514
69597	0.0004807795414
69598	0.0008587024015
69599	0.0004285424634
69600	0.0005692495639
69601	0.0002413552668
69602	0.0001244854176
69603	0.0005199440913
69604	0.0005825607714
69605	0.0003774964472
69606	0.0005545882508
69607	0.0006163460611
69608	0.0005893401888
69609	0.0005231382309
69610	0.000533956774
69611	0.006902960215
69612	0.000260757013
69613	0.0005416319072
69614	0.002179364885
69615	0.001614427049
69616	0.005622780954
69617	0.001634964956
69618	1.38340276e-05
69619	5.20689701e-05
69620	4.613627762e-05
69621	0.0005875434434
69622	0.0002202220398
69623	0.008928953357
69624	0.008194580457
69625	0.007322160018
69626	0.008878081139
69627	7.614487459e-05
69628	0.0005015903439
69629	0.0009967116941
69630	0.0004899867191
69631	0.01035147344
69632	0.01720329282
69633	0.005591135388
69634	0.00706193034
69635	0.001484519059
69636	0.004360758557
69637	0.0005776145585
69638	0.0004995338112
69639	0.0007873359489
69640	0.000610069794
69641	0.006832488178
69642	0.000668723282
69643	0.0004223593586
69644	0.0005860671906
69645	0.002972569315
69646	0.008833504479
69647	0.001555153819
69648	0.0009226909588
69649	0.0004071942514
69650	6.374819364e-05
69651	0.0004733716516
69652	0.0001195510582
69653	0.0185913191
69654	0.0002402666049
69655	0.0005412226917
69656	0.0005440184708
69657	0.0006659536908
69658	0.004596647954
69659	0.008172404294
69660	0.002863507578
69661	0.006163193663
69662	0.001686161241
69663	0.0006595669573
69664	0.0002560696946
69665	0.0005869776611
69666	0.0005425534888
69667	0.0005738219391
69668	0.0005286370119
69669	0.000903160904
69670	0.0003956811489
69671	2.399054706e-05
69672	0.005490542497
69673	0.0004938076086
69674	0.003481500379
69675	0.0004535668658
69676	0.0004903275704
69677	0.0003888759248
69678	0.007335930811
69679	0.005414096764
69680	0.003196553973
69681	0.001254956531
69682	0.0070989425
69683	0.00606605821
69684	0.003443322157
69685	0.002299512747
69686	0.003321882243
69687	0.007863769208
69688	0.005973188343
69689	0.00168447474
69690	0.00745232501
69691	0.0007919674297
69692	0.01034165203
69693	0.004577165142
69694	0.0005295470925
69695	0.007480861821
69696	0.002199525874
69697	0.002049414927
69698	0.001488736873
69699	0.00577935572
69700	0.00212118086
69701	0.00561881456
69702	0.000604830791
69703	0.00417765737
69704	0.001490501404
69705	0.00204826882
69706	0.01034991304
69707	0.009721275842
69708	0.001956513807
69709	0.003089797028
69710	0.00389803956
69711	0.008011556194
69712	0.004323266423
69713	0.00350565986
69714	0.0003825731247
69715	0.006426736267
69716	0.008269843234
69717	0.001182760248
69718	0.006379055978
69719	0.003645655181
69720	0.01071128474
69721	0.009796406289
69722	0.008599800375
69723	0.008086839976
69724	0.0008988935432
69725	0.01430494391
69726	0.001101069308
69727	0.005233444944
69728	0.0008775376797
69729	0.01232713726
69730	0.00832470809
69731	0.01044804455
69732	0.006984477707
69733	0.0009656850336
69734	0.004761651359
69735	0.01420971687
69736	0.004440408373
69737	0.0116087238
69738	0.004015715409
69739	0.002184381757
69740	0.006861028662
69741	0.002745960567
69742	0.007171646901
69743	0.00903499319
69744	0.007521881894
69745	0.01226564252
69746	0.01061243331
69747	0.003135023872
69748	0.00151057447
69749	0.001664798697
69750	0.002528973855
69751	0.01329208799
69752	0.005089749371
69753	0.01895786894
69754	0.008473474452
69755	0.002022779492
69756	0.001156441894
69757	0.01373133632
69758	0.0001648289034
69759	0.009011656795
69760	0.005753045167
69761	0.007804551122
69762	0.009787063341
69763	0.02000256047
69764	0.002434421022
69765	0.001245461328
69766	0.001000128406
69767	0.008901981817
69768	0.003676821334
69769	0.008802168692
69770	0.007884450869
69771	0.02322516777
69772	0.009328153641
69773	0.007028842325
69774	0.001893133302
69775	0.01596733757
69776	9.72337615e-05
69777	0.0007208440828
69778	0.00968572912
69779	0.01501783776
69780	0.002467319457
69781	0.001303838417
69782	0.01068680568
69783	0.00360229001
69784	0.006800159881
69785	0.0156710948
69786	0.001570224371
69787	0.0082791535
69788	0.009044973821
69789	0.008128887497
69790	0.002237299275
69791	0.0001852791373
69792	0.0170122881
69793	0.002351028455
69794	0.00335163448
69795	0.007888581338
69796	0.01125657226
69797	0.0002881228728
69798	0.007553906603
69799	0.003050925575
69800	0.00907133517
69801	0.001232663566
69802	0.006352128736
69803	0.002318165802
69804	0.002634328067
69805	0.006349228674
69806	0.01837888288
69807	0.0001043630562
69808	0.00611724709
69809	0.007750246434
69810	0.001068082959
69811	0.01732764283
69812	0.005212543425
69813	0.002534179668
69814	0.001983151825
69815	0.007403869543
69816	0.003561944266
69817	0.008007460299
69818	0.0115005639
69819	0.006510800218
69820	0.008172049899
69821	0.01397523956
69822	0.0002716208667
69823	0.01022058367
69824	0.00874057099
69825	0.004018542612
69826	0.000755664096
69827	0.01094961649
69828	0.002121744872
69829	0.005831192338
69830	0.007261737767
69831	0.0008234342083
69832	0.002225773197
69833	0.006862466083
69834	0.002206622914
69835	0.01161499005
69836	3.103243682e-05
69837	0.0005733526185
69838	0.0004971984711
69839	2.631715122e-05
69840	0.0005724007619
69841	0.0005689449585
69842	0.0005157481437
69843	0.0006190729237
69844	0.0002507856049
69845	0.0006144239218
69846	0.0008742766141
69847	0.0005084150989
69848	0.0005598362385
69849	0.0001578765745
69850	0.0006362137108
69851	0.0007120322585
69852	0.0005365552089
69853	0.0005101437909
69854	0.0004779058617
69855	0.0001877581855
69856	0.000607798894
69857	0.0004646136237
69858	0.0005411069388
69859	0.0005409405111
69860	0.0004392177737
69861	0.0007823959887
69862	0.0005369982788
69863	0.0005579424406
69864	0.0007387416289
69865	0.0007640146411
69866	0.0006896165338
69867	0.0005771497737
69868	0.0004610891017
69869	0.000843232958
69870	0.0005502876119
69871	0.0008312653691
69872	0.0001050455201
69873	0.0007783602793
69874	0.0004885639554
69875	2.914177953e-05
69876	0.0003102074942
69877	0.0005136503937
69878	0.0007758842093
69879	0.0002320629123
69880	0.0004387349517
69881	0.0008760955207
69882	0.0005842504688
69883	0.0005815173189
69884	0.006675161881
69885	0.001317798621
69886	0.01098039286
69887	0.001820140581
69888	0.01949227351
69889	0.001476166938
69890	0.002432907333
69891	0.003249137186
69892	0.0008723867266
69893	0.00664709313
69894	0.01149173756
69895	0.006824325352
69896	0.009120126558
69897	0.003344654448
69898	0.01115994476
69899	0.00628530618
69900	0.001571606394
69901	0.001711019793
69902	0.0003217826654
69903	0.002982055824
69904	0.007453929581
69905	0.0005988618551
69906	0.005439010197
69907	0.01194744481
69908	0.006395026921
69909	0.009766423849
69910	0.005014930008
69911	0.0044745025
69912	0.001213777626
69913	0.000969702345
69914	0.0008267037586
69915	0.0005845094914
69916	0.0004931951237
69917	0.0005450921509
69918	0.0005901740285
69919	0.0005006501319
69920	0.000777984198
69921	0.0005779713131
69922	0.0006230574092
69923	0.000252128712
69924	0.0005447887285
69925	0.0006456421908
69926	0.0006267640687
69927	7.339105707e-05
69928	0.0004580919237
69929	0.0009117176408
69930	0.0006497664788
69931	0.000150712289
69932	0.0008073478014
69933	0.0003723987158
69934	0.0009649169688
69935	0.008668429845
69936	0.004754531756
69937	0.009711409329
69938	0.00787728751
69939	0.008412160383
69940	0.002194274642
69941	0.002004881691
69942	0.001934388946
69943	0.01139977897
69944	0.0005434279388
69945	0.0005738066036
69946	4.71316246e-05
69947	0.000518148594
69948	0.0002209836064
69949	0.0005746162813
69950	0.0005646948985
69951	0.0005801864185
69952	0.0004951421053
69953	0.0005330027113
69954	0.0004080252686
69955	0.0005824355138
69956	0.000506417964
69957	0.0007223773293
69958	0.0003855834583
69959	0.0005176910537
69960	0.0004591929836
69961	0.0184091223
69962	0.004341346042
69963	0.00216398625
69964	0.00117267533
69965	0.0005403570611
69966	0.0005849390488
69967	0.0002540107896
69968	0.005335064937
69969	0.005915355118
69970	0.008039687304
69971	7.959207975e-05
69972	0.0005178562395
69973	0.005594155235
69974	0.0005671936136
69975	0.0005272287388
69976	0.004740819399
69977	0.009009421863
69978	0.001461971541
69979	0.01341466844
69980	0.0004258586823
69981	0.0005413720146
69982	0.003463337403
69983	0.004048040428
69984	0.001819628638
69985	0.002320269631
69986	0.01085428375
69987	0.00683887758
69988	0.0009068828789
69989	0.000512049998
69990	0.002226407951
69991	0.001353873131
69992	0.000670212755
69993	0.001956100286
69994	0.006070157007
69995	0.003074959375
69996	0.002432292759
69997	0.007331632846
69998	0.0100881841
69999	0.01194087809
70000	0.0115574438
70001	0.004337849703
70002	0.007105532172
70003	0.007628609933
70004	0.001113728006
70005	4.851154088e-05
70006	0.01102831379
70007	0.001291424266
70008	0.002353060399
70009	0.007850742979
70010	0.0007081400229
70011	0.003715536357
70012	0.003055990572
70013	3.510454127e-05
70014	0.002951689411
70015	0.01727283881
70016	0.004806147617
70017	0.0053883232
70018	0.0009627032231
70019	0.00506706322
70020	0.006075201533
70021	0.005963871221
70022	0.001685015581
70023	0.003111201039
70024	0.004307276634
70025	0.005397345425
70026	0.002523435898
70027	0.00464589561
70028	0.0005426548339
70029	0.01529117515
70030	0.01118859676
70031	0.005908322695
70032	0.001655547713
70033	0.013521455
70034	0.00477116282
70035	0.004764654413
70036	0.006457682241
70037	0.007425459366
70038	0.01658747243
70039	0.01065247835
70040	0.01014777435
70041	0.01167272024
70042	0.005905037902
70043	0.003372101735
70044	0.005885909962
70045	0.004281058859
70046	0.001857864449
70047	0.004269116146
70048	0.004262408526
70049	0.005808566552
70050	0.002380391921
70051	0.005748193955
70052	0.0007853310932
70053	0.003533072565
70054	0.006376112407
70055	0.02170664752
70056	0.006521121562
70057	0.0008287545313
70058	0.01121574038
70059	0.0007005346011
70060	0.01698405479
70061	0.01093024622
70062	0.006000076268
70063	0.003077168369
70064	0.006900621782
70065	0.01116338933
70066	0.003059202068
70067	0.01022910304
70068	0.0005620176949
70069	0.008247107022
70070	0.00612793519
70071	0.004715047805
70072	0.006447689709
70073	0.004632844774
70074	0.0110234506
70075	0.0006128344249
70076	0.007462577743
70077	0.0133424204
70078	0.00648259002
70079	0.008884162445
70080	0.01425989504
70081	0.001745176792
70082	3.610629037e-05
70083	0.006100266175
70084	0.006959593723
70085	0.0117901729
70086	0.0028523714
70087	0.004007442157
70088	0.003571113354
70089	0.002571155861
70090	0.003024433233
70091	0.004531476518
70092	0.001569693666
70093	0.006997832541
70094	0.01443472017
70095	0.003831392932
70096	0.003837450949
70097	0.001089125416
70098	0.01076326545
70099	0.0004934613174
70100	0.001621713555
70101	0.005283783888
70102	0.009327169472
70103	0.01880738957
70104	0.001239135341
70105	0.008872749293
70106	0.0007414153726
70107	0.002464072183
70108	0.007573373251
70109	0.005219195282
70110	0.009058606563
70111	0.0003613404329
70112	0.003667357864
70113	0.002784402971
70114	0.001105128817
70115	0.01745024533
70116	0.002168156179
70117	0.004308607976
70118	0.0007308620896
70119	4.88494497e-05
70120	2.565657214e-06
70121	0.001640755596
70122	0.001969694349
70123	0.001581818762
70124	0.004209494152
70125	0.0004991456073
70126	0.002343085794
70127	0.003788839588
70128	0.001336418968
70129	0.003773486663
70130	0.002517926287
70131	0.00622836975
70132	0.01198682974
70133	0.0002786274714
70134	0.008817680505
70135	0.0125175436
70136	0.002172363078
70137	0.003986089021
70138	0.004873269042
70139	0.006668971371
70140	0.003777081623
70141	0.0002542164348
70142	0.01204360425
70143	0.003220825796
70144	0.005638172354
70145	0.002388582224
70146	0.001537983197
70147	0.0123514995
70148	0.007737165124
70149	0.008932264515
70150	0.005819157536
70151	0.00475247504
70152	0.008697633348
70153	0.001137099872
70154	0.001955534063
70155	0.003201661704
70156	0.001003290952
70157	0.01167964483
70158	0.0002862510919
70159	0.001403313276
70160	0.004012373641
70161	0.000727194085
70162	0.004467254472
70163	0.009953947077
70164	0.006184187044
70165	0.002965128846
70166	0.001328724354
70167	0.004833082613
70168	0.001198707147
70169	0.001602038582
70170	0.001911999679
70171	0.01385667432
70172	0.009876080009
70173	0.001866201569
70174	0.001664429705
70175	0.0007575103091
70176	0.002515883317
70177	0.00314398348
70178	0.009673555321
70179	0.0158318711
70180	0.007180173872
70181	0.002564626273
70182	0.001701402669
70183	0.01087683996
70184	0.002116515852
70185	0.003626029488
70186	0.004986752222
70187	0.001804367437
70188	0.000226816396
70189	0.01464834861
70190	0.004039029332
70191	0.01260909154
70192	0.01893391668
70193	0.001040674173
70194	0.003386867665
70195	0.01541215366
70196	0.003430181005
70197	0.013633482
70198	0.002603760137
70199	0.002694017685
70200	0.001268327891
70201	0.01080468832
70202	0.002035337805
70203	0.01334752369
70204	0.0003146429084
70205	0.002977530648
70206	0.01569551528
70207	0.00858132733
70208	0.01025921571
70209	0.01259165102
70210	0.01093423468
70211	0.01012152272
70212	0.005568992968
70213	0.006818000085
70214	0.00733997286
70215	0.02148240181
70216	0.002513605433
70217	0.008000235114
70218	0.0109862839
70219	0.005131314185
70220	0.01519376786
70221	0.003262597072
70222	0.0006610813715
70223	0.003026550014
70224	0.001196446239
70225	0.001667395366
70226	0.0002050748904
70227	0.007560464156
70228	0.01067617383
70229	0.001614108228
70230	0.0006081805959
70231	0.008667798508
70232	0.005504341755
70233	0.007788556751
70234	0.006448963797
70235	0.01084993167
70236	0.01885051447
70237	0.004997229496
70238	0.001087916313
70239	0.01203247491
70240	0.008407793441
70241	0.002491428822
70242	0.0183129493
70243	0.006898984477
70244	0.01220207502
70245	0.0008135082233
70246	0.0163108891
70247	0.01840849395
70248	0.02136332407
70249	0.002583730236
70250	0.009894136551
70251	0.0004213867604
70252	0.008980845776
70253	0.001762971771
70254	0.008303041398
70255	0.005944147813
70256	0.007148351069
70257	0.007037246983
70258	0.006649445177
70259	0.001625213925
70260	0.0004816416692
70261	0.004738938404
70262	0.002930358507
70263	0.01669916689
70264	8.635501401e-05
70265	0.007714263663
70266	0.004235802651
70267	0.001388143904
70268	0.002300883273
70269	0.00138846922
70270	0.003269452334
70271	0.01830572044
70272	0.007939429807
70273	0.005575814765
70274	0.001087253669
70275	1.919034619e-05
70276	0.0005936790813
70277	0.001813675283
70278	0.002180234771
70279	0.003722763373
70280	0.004834196508
70281	0.005652357125
70282	0.006840885922
70283	7.394931825e-05
70284	0.00704661062
70285	0.005273648912
70286	0.01494087964
70287	0.007413450312
70288	0.001462332339
70289	0.003719213563
70290	0.006031120954
70291	0.001363781757
70292	0.006002671563
70293	0.00184947579
70294	0.004500920101
70295	0.01331190386
70296	0.002262313576
70297	0.007651489909
70298	0.003912940638
70299	0.01233275212
70300	0.004190986985
70301	0.005132785263
70302	0.004331536923
70303	0.003197675143
70304	0.001626844695
70305	0.00306756519
70306	0.00496017775
70307	0.005508262229
70308	0.0006430752135
70309	0.002503630026
70310	0.005198572524
70311	0.0007334987631
70312	0.004439245827
70313	0.003714322439
70314	0.005678243035
70315	0.008536717105
70316	0.002127271078
70317	0.00300306081
70318	0.0005951310678
70319	0.004222754423
70320	0.0002811819212
70321	0.005295693463
70322	0.004028498046
70323	0.005678828597
70324	0.0008317432494
70325	5.769573945e-05
70326	0.01562498313
70327	0.002158540006
70328	0.003499994558
70329	0.006159406632
70330	0.00624977343
70331	0.001545959759
70332	0.000231536564
70333	0.008643956451
70334	0.001342283631
70335	0.001537095097
70336	0.000610406298
70337	0.00698134466
70338	0.002916946869
70339	0.007680471245
70340	0.003256670769
70341	0.007795210937
70342	0.01389957062
70343	0.00107434774
70344	0.007843637226
70345	0.008108687224
70346	0.005539678181
70347	0.004553427394
70348	0.002863324533
70349	0.006921371095
70350	0.005756334685
70351	0.004374720078
70352	0.004532779933
70353	0.008910027154
70354	0.008666365369
70355	0.0002097343633
70356	0.00268757508
70357	0.0002401218639
70358	0.005140402709
70359	0.003719218602
70360	0.005270584988
70361	3.855702333e-05
70362	0.001620346504
70363	0.0003157563767
70364	0.003039702687
70365	0.002989808164
70366	0.003869611511
70367	0.002000370163
70368	0.0004092380337
70369	0.0008636197484
70370	0.007117045982
70371	0.0001147842964
70372	0.00216451796
70373	0.003714212258
70374	0.006473675216
70375	0.005031291895
70376	0.0003697539866
70377	0.006492600205
70378	0.002244581034
70379	0.008551513952
70380	0.003415680572
70381	0.004733354857
70382	0.005244786528
70383	0.006080659591
70384	0.001346573822
70385	0.00438567027
70386	0.0003103713738
70387	0.004483721737
70388	0.0001402820493
70389	0.001293739668
70390	0.0003787628892
70391	0.000101275796
70392	0.007109133062
70393	0.001248560872
70394	0.004276635106
70395	0.009493544712
70396	0.008498751115
70397	0.001843704101
70398	0.004629817337
70399	0.004999521831
70400	0.001050846878
70401	0.0005997481007
70402	0.006299402562
70403	0.0122422879
70404	0.0123262266
70405	0.006547851713
70406	0.002411591804
70407	0.002969744906
70408	0.004465921065
70409	0.002338414243
70410	0.01133370282
70411	0.002033377642
70412	0.0003580871823
70413	0.001538419896
70414	0.001636219642
70415	0.00876462096
70416	0.000658609162
70417	0.0001044469588
70418	0.00243318274
70419	0.00464099099
70420	0.00408456299
70421	0.005635136665
70422	0.0144642739
70423	0.01317147982
70424	7.394548395e-05
70425	0.0225525099
70426	0.002148293942
70427	0.00061134961
70428	0.0006982185235
70429	0.006980757103
70430	0.005402333743
70431	0.004289499761
70432	0.009843359506
70433	0.007163559506
70434	0.006823235298
70435	0.001903943191
70436	0.003999298078
70437	0.00567799357
70438	7.089941809e-05
70439	0.007642494003
70440	0.00606668225
70441	0.00657789355
70442	0.005432993383
70443	0.002725007198
70444	0.01118497448
70445	0.01449232683
70446	0.001867190933
70447	1.449547138e-05
70448	0.008716714292
70449	0.004847922796
70450	0.005301218981
70451	0.003832037122
70452	0.001750679661
70453	0.002069581209
70454	0.0003146611674
70455	0.0004303417553
70456	0.0006325551711
70457	0.002451000176
70458	0.0004919391088
70459	0.01995343286
70460	0.002404413524
70461	0.003829242432
70462	0.0002763228575
70463	0.008410310692
70464	0.004990918704
70465	0.005461928533
70466	0.006493859883
70467	0.01348517751
70468	0.01808341683
70469	0.0005950879247
70470	0.00820310328
70471	0.006315691378
70472	0.007769092166
70473	0.002793889346
70474	0.003865122215
70475	0.00691753844
70476	0.003020485714
70477	0.001338075477
70478	0.0004287968502
70479	0.0002090019073
70480	0.000982811642
70481	0.004241768229
70482	0.008865819291
70483	0.003138961449
70484	0.0007181344605
70485	0.002646371083
70486	0.002454219129
70487	0.005137024298
70488	0.01907510824
70489	0.005205978385
70490	0.002960650124
70491	0.007929487704
70492	0.006317539947
70493	0.007606634598
70494	0.0005473515959
70495	0.001020091587
70496	0.007438479724
70497	0.001046735903
70498	0.002417214581
70499	0.003517467459
70500	0.00522106737
70501	0.009090936489
70502	0.0009429055946
70503	0.001356892745
70504	0.0008086440247
70505	0.001917775685
70506	0.001313480429
70507	0.007513575758
70508	0.007259715319
70509	0.01586360043
70510	0.0008301838143
70511	0.002437727305
70512	0.005724283456
70513	0.003332785593
70514	0.00986981194
70515	0.00414167454
70516	0.003104074018
70517	0.002510781066
70518	0.005200260284
70519	0.0005661209951
70520	0.007050753167
70521	0.00805664983
70522	0.00856071796
70523	0.0008093957857
70524	0.008280735604
70525	0.007841875841
70526	0.004732929699
70527	0.01876970544
70528	0.009284384316
70529	0.004015460283
70530	0.0009311182437
70531	0.004133662541
70532	0.009921700398
70533	0.005330684235
70534	0.002802525206
70535	0.00161187897
70536	0.01751613972
70537	0.002920533898
70538	0.002229771535
70539	0.008427300406
70540	0.007130396563
70541	0.004971603284
70542	0.002949284386
70543	0.000839028659
70544	0.0005322160972
70545	0.003639247987
70546	0.006433438783
70547	0.005124602464
70548	0.009125006607
70549	0.0008913286077
70550	0.00638746623
70551	0.000249456721
70552	0.01427151765
70553	0.0001311437396
70554	0.005448864605
70555	0.003504134724
70556	0.005126935816
70557	0.0004798097717
70558	0.0002740303635
70559	0.004237770426
70560	0.005888054384
70561	0.008445492548
70562	0.0007898449516
70563	0.01595582124
70564	0.0007157055343
70565	0.007711789396
70566	0.01462108226
70567	0.01135070248
70568	0.006762323515
70569	0.0003002931685
70570	0.005995006209
70571	0.004765226021
70572	0.00664127389
70573	0.01390649495
70574	0.001596479793
70575	0.01118413992
70576	0.006491650294
70577	0.005496990587
70578	7.461827199e-05
70579	0.0004040666237
70580	0.002844931422
70581	0.004246149321
70582	0.007386319641
70583	0.00771086539
70584	0.0002093022411
70585	0.003504735353
70586	0.01349230199
70587	0.01298263179
70588	0.01787061486
70589	0.01337382233
70590	0.006072651269
70591	0.005594745997
70592	0.008835756806
70593	0.007733346197
70594	0.005310361115
70595	0.003433078866
70596	0.003913758519
70597	0.002356606986
70598	0.001667750216
70599	0.006206876473
70600	0.00421904812
70601	0.003400562259
70602	0.004911779958
70603	0.0007076706724
70604	0.002030613298
70605	0.0006854436543
70606	0.006134812496
70607	0.001725963492
70608	0.0003395817574
70609	0.005595234193
70610	0.01008489519
70611	0.0083321154
70612	0.0001426537181
70613	0.0008668973885
70614	0.001077640993
70615	0.004318561179
70616	0.01022264916
70617	0.01177876751
70618	0.01332045197
70619	0.01754545156
70620	0.005667396232
70621	0.003078356756
70622	0.001387411654
70623	0.009433088952
70624	0.001213649142
70625	0.007749857796
70626	0.000765247039
70627	0.001691243739
70628	0.008095166893
70629	0.007233495991
70630	0.001398538685
70631	0.004064284855
70632	0.00525984045
70633	0.0121858953
70634	0.002085864163
70635	0.00244589626
70636	0.0002978625316
70637	0.00705546933
70638	0.003878855752
70639	0.005795109067
70640	0.0004721213121
70641	0.003397681396
70642	0.01397219389
70643	0.005829241317
70644	0.00141501959
70645	0.002077294266
70646	0.00226864815
70647	0.006891137378
70648	0.006832100133
70649	0.001734279161
70650	0.008563060936
70651	0.001275211789
70652	0.00352555473
70653	0.01839323214
70654	0.0147199484
70655	0.01109299823
70656	0.00446921684
70657	0.0009476795195
70658	0.00852201172
70659	0.01130732608
70660	0.006117838204
70661	0.004866497233
70662	0.008224969626
70663	0.01597422436
70664	0.008502764304
70665	0.002153152468
70666	0.004706261694
70667	0.00489826035
70668	0.001730949857
70669	0.008229211598
70670	0.007600846819
70671	0.01926279379
70672	0.01213267121
70673	0.01012694905
70674	0.0004009725537
70675	0.01119377512
70676	7.299769718e-05
70677	0.008405002969
70678	0.01030070133
70679	0.003959238792
70680	0.0111413325
70681	0.004367613051
70682	0.01144335271
70683	0.0003868601547
70684	0.008599611146
70685	0.003007925237
70686	0.0006834590831
70687	0.0002491470997
70688	0.00244996155
70689	0.002813052871
70690	0.005521730324
70691	0.006476974414
70692	0.004071333084
70693	0.005126179163
70694	0.003843073826
70695	0.001775888739
70696	0.003494045155
70697	0.008570150138
70698	0.00953687717
70699	0.007188867631
70700	0.004293038
70701	0.003086213351
70702	0.001795060087
70703	0.003766743132
70704	0.001740793256
70705	0.00526804817
70706	0.003785420791
70707	0.004420100528
70708	0.005526735457
70709	0.001797505619
70710	0.0109286551
70711	0.0006875355771
70712	0.005411698666
70713	0.001924156336
70714	0.007316207642
70715	0.01029500701
70716	0.003482281326
70717	0.006637597786
70718	0.002795183735
70719	0.01048360756
70720	0.005893688589
70721	0.006825991608
70722	0.004259214499
70723	0.01050158977
70724	0.00727746755
70725	0.002737383976
70726	0.013332105
70727	0.002036869219
70728	0.0008020779224
70729	0.002974693769
70730	0.005859960172
70731	0.01355720705
70732	0.0007306182525
70733	0.001226394067
70734	0.009781938904
70735	2.533276408e-05
70736	0.003870760457
70737	0.01341332281
70738	0.01677959101
70739	0.01415073596
70740	0.0009148241509
70741	0.002147885951
70742	0.01759807868
70743	0.008367200913
70744	0.01603802476
70745	0.007590819074
70746	0.005039270422
70747	0.002757535502
70748	0.00551622399
70749	0.005590838829
70750	0.003624184775
70751	0.003467586757
70752	0.001332236181
70753	0.0008115000616
70754	0.001791348551
70755	0.01085975896
70756	0.006010250946
70757	0.009594716235
70758	0.001100762863
70759	0.009809036712
70760	0.005103387816
70761	0.01028228781
70762	0.003675249484
70763	0.006594127007
70764	0.003715483865
70765	0.0003728436991
70766	0.004070930549
70767	0.01998025521
70768	0.001469221692
70769	0.002114498431
70770	0.001366473308
70771	0.008213021061
70772	0.005971009193
70773	0.01551857481
70774	0.004402187323
70775	0.003213241576
70776	0.0006096588141
70777	0.001180653874
70778	0.00274662046
70779	2.264498592e-05
70780	0.004498147648
70781	0.01766424379
70782	0.006546786696
70783	0.007129901989
70784	0.005131968071
70785	0.002460192918
70786	0.008837913998
70787	0.009366948109
70788	0.01129535936
70789	0.000254676975
70790	0.001965243476
70791	0.000777174027
70792	0.001284500431
70793	0.003080288902
70794	0.007163632116
70795	0.007001693718
70796	0.0003504540929
70797	0.001286299172
70798	0.006016676538
70799	0.002400113144
70800	0.003746722354
70801	0.01666533342
70802	0.01069379842
70803	0.004878545625
70804	0.005036780235
70805	0.001968290847
70806	0.004117815331
70807	0.01132487016
70808	0.01137325452
70809	0.0007067135075
70810	0.005751913814
70811	0.001922925314
70812	0.01305568386
70813	0.004741365545
70814	0.002936641313
70815	0.000286163629
70816	0.002564938461
70817	0.003085045304
70818	0.005341397599
70819	0.001755236776
70820	0.007292175139
70821	0.005861700115
70822	0.002089040241
70823	0.01896621123
70824	0.01439569445
70825	0.007210266911
70826	0.01314975579
70827	0.007905724404
70828	0.01197406148
70829	0.00870548438
70830	0.01624986842
70831	0.004973893998
70832	0.004353523118
70833	0.01642814794
70834	0.01216255596
70835	0.003519962362
70836	0.001056968707
70837	0.0007932747336
70838	0.002870920424
70839	0.003058246849
70840	0.02346481541
70841	0.01338631154
70842	0.002667824537
70843	0.0001888776063
70844	0.0005365989955
70845	0.0008403642695
70846	0.002889730765
70847	0.003252511489
70848	0.008067722059
70849	0.008178628277
70850	0.008422642216
70851	0.00112948928
70852	0.01036962585
70853	0.002470058248
70854	0.007344200721
70855	0.002388507218
70856	0.001146828836
70857	0.003765492818
70858	0.000371100389
70859	0.0007815171527
70860	0.007729020056
70861	0.00165862653
70862	0.0002050095727
70863	0.00182215737
70864	0.01537646621
70865	0.001344583261
70866	0.004550438398
70867	0.001091548898
70868	0.006181017694
70869	0.006468345828
70870	0.001262005322
70871	0.005719464095
70872	0.01821646408
70873	0.009079934679
70874	0.002351734789
70875	0.001485337051
70876	0.01154743563
70877	0.01184190954
70878	0.005783006413
70879	0.007073449806
70880	0.002526442473
70881	0.0001559786107
70882	0.002973566652
70883	0.0004093722574
70884	0.0025369759
70885	0.002072180056
70886	0.002501517087
70887	0.003543528586
70888	0.001442803444
70889	0.0008908183291
70890	0.003761289652
70891	0.001167828346
70892	0.01405099083
70893	0.01096507386
70894	0.001227824329
70895	0.01354664577
70896	0.003182405962
70897	0.008573443567
70898	0.002865681758
70899	0.0009954975862
70900	0.004968409584
70901	0.002499359227
70902	5.875321122e-05
70903	0.0007552556505
70904	0.007016012372
70905	0.007030409172
70906	0.00655837279
70907	0.002077726451
70908	0.002223305246
70909	0.008918990052
70910	0.001326326849
70911	0.001340211762
70912	0.01108544153
70913	0.004787135381
70914	0.005919343939
70915	0.005747326488
70916	0.0001302421993
70917	0.0009869367187
70918	0.006871466506
70919	0.001680691576
70920	0.01251876722
70921	0.002192793074
70922	0.0144706928
70923	0.002503816727
70924	0.0002771578133
70925	0.001222975758
70926	0.01504158364
70927	0.006131182547
70928	0.005243430142
70929	0.02000467296
70930	0.003184858927
70931	0.008621275887
70932	0.01271236512
70933	8.132240025e-05
70934	0.0008245768664
70935	0.007538342789
70936	0.005558207631
70937	0.006716873596
70938	0.01060402489
70939	0.008108436075
70940	0.004991806012
70941	0.006143862795
70942	0.002426301822
70943	0.012866265
70944	0.006833338495
70945	0.01231139281
70946	0.01681913093
70947	0.004408957092
70948	0.001357484157
70949	0.0002004073162
70950	0.00150389515
70951	0.003408981411
70952	0.01848953435
70953	0.007646550021
70954	0.006019248113
70955	0.004464156353
70956	0.001418096725
70957	0.01437813931
70958	0.003565431774
70959	0.00384890697
70960	0.002677904989
70961	0.007039009469
70962	0.001076026401
70963	0.004244163423
70964	0.0001503859834
70965	0.002476075574
70966	0.0006107404344
70967	0.002248617563
70968	9.216984508e-05
70969	0.00604540954
70970	0.01391901797
70971	0.01488718053
70972	0.001493471135
70973	0.0003389459151
70974	0.005866851789
70975	0.001822365238
70976	0.002283118463
70977	0.01172295063
70978	0.01155593532
70979	0.001358540813
70980	0.0004583741933
70981	0.0106656096
70982	0.009306825631
70983	0.003996792588
70984	0.008295902304
70985	0.007794641886
70986	0.001363726231
70987	0.009934664971
70988	0.001813976938
70989	0.0007538303096
70990	0.0005334893435
70991	0.004044752901
70992	0.004963333398
70993	0.00379020025
70994	0.006966358928
70995	0.01183596402
70996	0.006865942463
70997	0.004033160469
70998	0.002337623408
70999	0.0166884797
71000	0.006555271375
71001	0.0153391764
71002	0.0001894526908
71003	0.01027792115
71004	0.00527146454
71005	0.0008534080092
71006	0.002575557762
71007	0.0006117815831
71008	0.002418067845
71009	0.0002926311035
71010	0.004139011308
71011	0.003159599696
71012	0.01184237202
71013	0.001387579856
71014	0.0001146546025
71015	0.001773846196
71016	0.000950776704
71017	0.001913963237
71018	0.0003252107792
71019	0.01271279514
71020	0.008295248089
71021	0.00169973955
71022	0.0007684400116
71023	0.002227564616
71024	0.005768899372
71025	0.000218607227
71026	0.000560011249
71027	0.0005675196976
71028	0.001694709253
71029	0.01336841292
71030	0.008067989432
71031	0.01156925708
71032	0.004175945349
71033	0.004590135795
71034	0.003807349286
71035	0.009692809643
71036	0.0009379948239
71037	0.004554039024
71038	0.003188963271
71039	0.002384867418
71040	0.0008279358846
71041	0.003808223305
71042	9.282122244e-05
71043	0.004589374645
71044	0.0001923723278
71045	0.0009511974024
71046	0.007656762935
71047	0.0002848899706
71048	0.001859512682
71049	0.00931539639
71050	0.005317885248
71051	0.009158730143
71052	0.00874605213
71053	0.0006263236596
71054	0.005080945115
71055	0.0006164647333
71056	0.004278373586
71057	0.004611989302
71058	0.004909537203
71059	0.006973940004
71060	0.01715200289
71061	0.02100093769
71062	0.006020768473
71063	0.001419843465
71064	0.005000267387
71065	0.009206940556
71066	0.007146250869
71067	0.001426539511
71068	0.002518518986
71069	0.000690379662
71070	0.009451521151
71071	0.0004043734088
71072	0.0001974884659
71073	0.00553547806
71074	0.002223583558
71075	0.005878581689
71076	0.001690278676
71077	0.01570915108
71078	0.02169459096
71079	0.01933152512
71080	0.009839615095
71081	0.0003486281092
71082	0.0008096086348
71083	0.0003243188872
71084	0.004061880398
71085	0.002685660301
71086	0.001180202619
71087	0.0007827891674
71088	0.004048037832
71089	0.002027442779
71090	0.0006561474413
71091	0.0004427608628
71092	0.001585798854
71093	0.003644415018
71094	0.0005436217334
71095	0.004634787573
71096	0.007407725115
71097	0.0006330823712
71098	0.0003466821918
71099	0.00130454942
71100	0.001619936278
71101	0.009900585687
71102	0.003886423014
71103	0.01153639542
71104	0.005134468671
71105	0.0008274191773
71106	0.009522231652
71107	0.007071760528
71108	0.006149413342
71109	0.0008068131767
71110	0.001064756007
71111	0.006729773038
71112	0.01427621612
71113	0.001875853408
71114	0.004869408039
71115	0.005139290585
71116	0.001339770242
71117	0.0131537938
71118	0.008074186199
71119	0.007062668713
71120	0.001202248536
71121	0.0009018461984
71122	0.0006536827919
71123	0.002250966926
71124	0.01402224232
71125	0.01426677837
71126	0.005034278151
71127	0.006407191755
71128	0.0001015098179
71129	0.0007050779215
71130	0.003156585849
71131	0.0154171805
71132	0.0007321394761
71133	0.0009362930982
71134	0.002615908262
71135	0.005283672555
71136	0.001210696496
71137	0.004668327479
71138	0.0008628808126
71139	0.002942035195
71140	8.919344339e-05
71141	0.004651561591
71142	0.002061020555
71143	0.002434056757
71144	0.003459299526
71145	0.006478653963
71146	0.006738647924
71147	0.002996945566
71148	0.003597127178
71149	0.01357124971
71150	0.0004001607823
71151	0.003852882236
71152	0.009150453533
71153	0.00286258924
71154	0.002862992087
71155	0.0009161385388
71156	0.001983480419
71157	0.0006741041578
71158	0.003809260607
71159	0.00830188326
71160	0.00515520658
71161	0.004709639714
71162	0.001117590893
71163	0.005354447089
71164	0.00253763356
71165	0.001004821492
71166	0.001762848077
71167	0.00219068176
71168	0.0005749640845
71169	0.001303871193
71170	0.004464756249
71171	0.01585214746
71172	0.01147631169
71173	0.005188175106
71174	0.0082063479
71175	0.000823567071
71176	0.002977498498
71177	0
71178	0.0001176448555
71179	0.00329167953
71180	0.0005680102665
71181	0.0004630672773
71182	0.001424208433
71183	0.009508257161
71184	0.002876775407
71185	0.005085425869
71186	0.006857686561
71187	0.001261733273
71188	0.00419182892
71189	0.00412234577
71190	0.01050348411
71191	4.333937429e-05
71192	0.0005144714209
71193	0.003706184916
71194	0.002415618527
71195	0.006219470192
71196	0.005031257319
71197	0.0002164163733
71198	0.0127013223
71199	0.002211642894
71200	0.004660844644
71201	0.008092517566
71202	0.0004760860838
71203	0.003534547072
71204	0.001133280607
71205	0.00173459996
71206	0.001752915352
71207	0.01240059823
71208	0.001741115767
71209	0.001510814338
71210	0.001669054614
71211	0.001572669504
71212	0.0009552501323
71213	0.003980216316
71214	0.00460710224
71215	0.01170549862
71216	0.01075565626
71217	0.003060189917
71218	0.008073788185
71219	0.001745851418
71220	0.0004924130403
71221	0.003554342069
71222	0.004598703857
71223	0.01717726365
71224	0.007270351061
71225	0.009423546083
71226	0.008761463861
71227	0.01365931009
71228	0.006279655861
71229	0.01071661912
71230	0.00845800247
71231	0.006677778171
71232	0.005060190479
71233	0.01157673961
71234	0.004596977024
71235	0.007923574597
71236	0.006660853818
71237	0.003698346504
71238	0.01557802942
71239	0.01745622974
71240	0.00135426819
71241	0.005444494619
71242	0.007667903763
71243	0.01973464875
71244	0.006424241014
71245	0.001193054712
71246	0.0001149212284
71247	0.01214657578
71248	0.004818444389
71249	0.006742780807
71250	0.002446031615
71251	0.0003950969563
71252	0.005047483806
71253	0.0007046491009
71254	0.01293703348
71255	0.0005171233091
71256	0.0001173467027
71257	0.004666671177
71258	0.0009844981487
71259	0.001959111348
71260	0.004072217899
71261	0.008818672218
71262	0.00571125785
71263	0.004549977721
71264	0.003210965243
71265	0.002129139944
71266	0.009651975727
71267	0.01358724835
71268	0.01720230361
71269	0.008644819389
71270	0.004563309964
71271	0.0004203231398
71272	0.002953987446
71273	0.003125349906
71274	0.004372988516
71275	0.0003790268171
71276	0.0009014772425
71277	0.0006058507502
71278	0.001922530656
71279	0.009268539318
71280	0.007555523778
71281	0.0007409780401
71282	0.004102519536
71283	0.001793323022
71284	0.002349964152
71285	0.001661679832
71286	0.006846833918
71287	0.005733185514
71288	0.006629950593
71289	0.007204632028
71290	0.005653394106
71291	0.006882045339
71292	0.00715378887
71293	0.006417188457
71294	0.005723698903
71295	0.006996220043
71296	0.00622549573
71297	0.0001330889886
71298	3.115489682e-05
71299	0.002674651703
71300	0.001825123342
71301	0.005594060894
71302	0.004497608435
71303	0.002503449869
71304	0.002530026627
71305	0.002581471905
71306	0.0007025824727
71307	0.0009183566122
71308	0.001183426989
71309	0.0009212242835
71310	0.001124589879
71311	0.00417975382
71312	0.00523472116
71313	0.002730199334
71314	0.0006018051554
71315	0.003487282639
71316	5.48270401e-05
71317	0.01170347531
71318	0.0006971640944
71319	0.01197195211
71320	0.001653097662
71321	0.00372896515
71322	0.0004318970363
71323	0.007772543355
71324	0.002312292519
71325	0.006839079389
71326	0.002434451585
71327	0.001305493948
71328	0.006700346021
71329	0.002177687414
71330	0.0007860590787
71331	0.004591346871
71332	0.0003749646768
71333	0.009436370522
71334	0.003370788657
71335	0.01346818564
71336	0.001832169901
71337	0.001272095941
71338	7.818129218e-05
71339	0.005469118751
71340	0.004792788588
71341	0.002990828185
71342	0.009506020384
71343	0.006977675187
71344	0.007686722657
71345	0.0001308613305
71346	0.002119963774
71347	0.01060885511
71348	0.002843388956
71349	0.00153309036
71350	0.003022908453
71351	2.347785652e-05
71352	0.009234926973
71353	0.005393775344
71354	0.008851177674
71355	0.005251195124
71356	0.007794733674
71357	0.008268350602
71358	0.003202731614
71359	0.005402684186
71360	0.005170930587
71361	0.005379220561
71362	0.0007844685486
71363	0.002214136273
71364	0.001226487824
71365	0.00541496016
71366	0.005788170331
71367	0.007821799068
71368	0.004379209122
71369	0.019761581
71370	0.005715969926
71371	0.009853238298
71372	0.00268489372
71373	0.01155543472
71374	0.004515470057
71375	0.01131363121
71376	0.01157996263
71377	0.00265604508
71378	0.002121955726
71379	0.002869247471
71380	0.001930940143
71381	0.001160305058
71382	0.007367086053
71383	0.002536652536
71384	1.36512786e-05
71385	0.001105412077
71386	0.007813388888
71387	0.001371224268
71388	0.0001827135978
71389	0.001375579929
71390	0.0001936771129
71391	0.01436145827
71392	0
71393	0.0052645031
71394	0.006548038577
71395	0.01026884603
71396	0.008134576977
71397	0.0008604732028
71398	0.003126458883
71399	0.001303375185
71400	0.003856415716
71401	0.002073065835
71402	0.01301803545
71403	0.0006010581245
71404	0.01466489428
71405	0.0001233603954
71406	0.002709353105
71407	0.005444960529
71408	0.01069388821
71409	0.004394019579
71410	0.0006300673205
71411	0.002529723658
71412	0.008678509547
71413	0.01191337943
71414	0.004300090278
71415	0.004325063817
71416	0.001391363926
71417	0.002975553647
71418	0.0005043107214
71419	0.002039634454
71420	0.002454793418
71421	0.001666026976
71422	0.002835936406
71423	0.003074112931
71424	0.009217816349
71425	0.002297620949
71426	2.954496049e-06
71427	0.00178170415
71428	0.008198631468
71429	0.006743698764
71430	0.002310381236
71431	0.005543015471
71432	0.002023512342
71433	0.0009983722248
71434	0.001501869727
71435	0.001228831947
71436	0.008466542322
71437	0.00289067248
71438	0.001386643565
71439	0.001088265027
71440	0.00253914012
71441	0.001801720439
71442	0.01093087451
71443	0.0057594731
71444	0.0009348452832
71445	0.01225667034
71446	0.01554136648
71447	0.00768997369
71448	0.00363146903
71449	0.009474781877
71450	0.003746246527
71451	0.001870511079
71452	0.009182142149
71453	0.00411176057
71454	0.004693156723
71455	0.005617808082
71456	0.003006775229
71457	0.004068921093
71458	0.001423527655
71459	0.001239631584
71460	0.00149612776
71461	0.01215511888
71462	0.002266329531
71463	0.006321905505
71464	0.002802276183
71465	0.002208627839
71466	0.0001182837801
71467	0.004790435049
71468	0.005932607018
71469	0.001472810943
71470	0.001097692305
71471	0.001943904706
71472	0.002597239154
71473	0.008784319987
71474	0.006638384464
71475	0.0007938760235
71476	0.006089898041
71477	0.0007456433769
71478	0.001254547244
71479	0.001125492632
71480	0.003240302275
71481	0.003431045958
71482	0.0002322513611
71483	0.001529169684
71484	0.0006850324743
71485	0.0132404943
71486	0.00293288178
71487	0.00159110992
71488	0.003553900279
71489	0.004452273383
71490	0.007186134422
71491	0.01316675265
71492	0.01002992292
71493	0.009660364633
71494	0.01144827786
71495	0.0009382421306
71496	0.005113588516
71497	0.000660720258
71498	0.001173159846
71499	0.002908371057
71500	0.0008701716752
71501	0.002979181345
71502	0.001773163029
71503	0.0006862580974
71504	0.002721684595
71505	0.002435625116
71506	0.01045577939
71507	0.0007799664158
71508	0.007089695751
71509	0.0003623855818
71510	0.001357721592
71511	0.01120705203
71512	0.002812800133
71513	0.0006263428976
71514	0.002171230156
71515	0.001697674742
71516	0.00652215009
71517	0.002644701199
71518	0.0005002216043
71519	0.01049178914
71520	0.001779216057
71521	5.417555264e-05
71522	0.005913052609
71523	0.002780042714
71524	0.0006977842232
71525	0.002599898802
71526	0.007220866332
71527	0.000199011862
71528	0.007887119427
71529	0.0005360998123
71530	0.003363290494
71531	0.0006185408145
71532	0.00161838481
71533	0.006723268104
71534	0.004966319326
71535	0.005764633336
71536	0.003280785364
71537	0.003406910748
71538	0.004934524296
71539	0.003400449565
71540	0.002144324754
71541	0.001442161892
71542	0.0007517085134
71543	0.0004467732225
71544	0.002265112915
71545	0.001428984092
71546	0.0008535171468
71547	0.01729856861
71548	0.001266242377
71549	0.0001579246182
71550	0.0006033351198
71551	0.006381751535
71552	0.004974020413
71553	0.001081175772
71554	0.00520806433
71555	0.0008020585727
71556	0.005346900881
71557	0.008124436542
71558	0.002187129393
71559	0.009578865742
71560	0.0084325208
71561	0.01008525387
71562	0.001720545508
71563	0.007019464496
71564	0.001431888706
71565	0.007238436394
71566	0.00428009953
71567	0.00138015396
71568	0.01055604975
71569	0.001756521669
71570	0.002707018892
71571	0.004789338429
71572	0.01094300261
71573	0.01002091104
71574	0.009963303334
71575	0.01315328321
71576	0.003469527272
71577	0.004060105882
71578	0.0001200363558
71579	0.01163776545
71580	0.004877189668
71581	0.0009004894
71582	0.004971164676
71583	0.009513034804
71584	0.004337355604
71585	0.01460590761
71586	0.01066442765
71587	0.005398618696
71588	0.01359659002
71589	0.00200794713
71590	0.009471389298
71591	0.002150643696
71592	0.007235729619
71593	0.00582803348
71594	0.005283844158
71595	0.0002064195048
71596	0.0008702913244
71597	0.01174780494
71598	0.009434355412
71599	0.004140851639
71600	0.001012653196
71601	0.00113763401
71602	0.00541446596
71603	0.003469117457
71604	0.01360308393
71605	0.01271474247
71606	0.004101099597
71607	0.007908365149
71608	0.01356602273
71609	0.001783843023
71610	0.007528792202
71611	0.00347513405
71612	0.01313491946
71613	1.660714244e-06
71614	0.00116406517
71615	0.0002803245658
71616	0.0007180770579
71617	0.007968955543
71618	0.005463245175
71619	0.001351814425
71620	0.002768992753
71621	0.006414249275
71622	0.008816266932
71623	0.002852902418
71624	0.004347668354
71625	0.02710934692
71626	0.0003545616738
71627	0.000353229623
71628	0.004875651691
71629	0.01119579144
71630	0.003119033012
71631	0.005650383922
71632	0.01632042066
71633	0.002285587438
71634	0.001666457574
71635	0.00950540819
71636	0.01053512782
71637	0.002377769392
71638	0.007289510448
71639	0.0008240754789
71640	0.002236685648
71641	0.006263342881
71642	0.006151902936
71643	0.001742072122
71644	0.001126072644
71645	0.0006667991118
71646	0.0005609760503
71647	0.001663784525
71648	0.006072535954
71649	0.0008132696452
71650	0.001030407361
71651	0.001810849293
71652	0.0007227846071
71653	0.001365904258
71654	0.002249350956
71655	0.0007806790803
71656	0.001894463869
71657	0.0002548907049
71658	0.001891474927
71659	0.001584546184
71660	0.0002716598498
71661	2.503400806e-05
71662	0.0003793734165
71663	0.000810225407
71664	0.001554333554
71665	0.001074416507
71666	0.0003633669004
71667	0.001950779924
71668	0.00437820075
71669	0.002391396325
71670	0.001233407337
71671	0.0006442806212
71672	0.0001962158221
71673	0.001093471191
71674	0.00166285657
71675	0.0009613444959
71676	0.0008944069478
71677	0.001469717131
71678	0.0008779079967
71679	0.003355035271
71680	0.001127821278
71681	0.002084333069
71682	0.001804010037
71683	0.0004288201006
71684	0.00738129866
71685	0.001670005455
71686	0.0003485428398
71687	0.003983460231
71688	0.001970839821
71689	0.0004893804146
71690	3.338462611e-05
71691	0.001659161887
71692	0.01011486693
71693	0.0003020749224
71694	0.001927731485
71695	0.00171530197
71696	0.0007524806599
71697	0.002776812143
71698	0.002926631154
71699	0.001145244432
71700	0.00325057793
71701	0.001864376675
71702	0.0006499291525
71703	0.001729554346
71704	0.001788307879
71705	0.001921472077
71706	0.000104080269
71707	0.001469102876
71708	2.959742173e-05
71709	0.003405745137
71710	0.001592813646
71711	0.003337724989
71712	0.00380344665
71713	0.002374511993
71714	0.001406187458
71715	0.001271435417
71716	0.0001474735602
71717	0.00132681955
71718	0.0009434865741
71719	0.0001982799159
71720	0.000602419941
71721	0.0006350410435
71722	0.0005117867633
71723	7.617621831e-05
71724	0.001265846949
71725	0.002016175176
71726	4.200513371e-05
71727	0.001494362638
71728	0.001162980668
71729	0.001115510038
71730	0.003264917243
71731	0.0004940812065
71732	0.002125341434
71733	0.004512472892
71734	0.0002983610487
71735	0.0004061510775
71736	0.000496061966
71737	0.002428976283
71738	0.002528410779
71739	0.0004480646275
71740	0.001028969088
71741	1.276037129e-05
71742	0.001164329396
71743	0.0004901047328
71744	0.001135061769
71745	0.002021039726
71746	0.0002713490495
71747	0.001226217549
71748	0.001899805944
71749	0.0007858913473
71750	0.003004032617
71751	0.001838286225
71752	0.00298750291
71753	0.005862835658
71754	0.0003701335245
71755	0.002950552558
71756	0.0003201101564
71757	0.002057161822
71758	0.001075015163
71759	0.002044452446
71760	0.003292377645
71761	0.000335784719
71762	0.0007114568584
71763	0.001655531404
71764	0.0008633535509
71765	0.000922187166
71766	0.00694212872
71767	0.001512723583
71768	0.001599122642
71769	0.001402156023
71770	0.0009653377547
71771	0.001910246263
71772	0.007307408906
71773	0.005181691416
71774	0.005048255215
71775	0.01122672909
71776	0.002640467591
71777	0.002852767587
71778	0.005828293652
71779	0.008111249331
71780	0.008945212165
71781	0.007153038239
71782	0.001778642728
71783	0.0006192617715
71784	0.005843885438
71785	0.006413284436
71786	0.001104017414
71787	0.009440291092
71788	0.002189833315
71789	0.005366920993
71790	0.0068697047
71791	0.008297427284
71792	0.004721807773
71793	6.197288083e-05
71794	0.001526088909
71795	0.0133353326
71796	0.000200213811
71797	0.01705656044
71798	0.0006035427631
71799	0.009311262839
71800	0.01016689147
71801	0.01053087661
71802	0.01068075484
71803	0.01398863047
71804	0.01430779989
71805	0.01406434655
71806	0.01603842197
71807	0.001837733981
71808	0.002687262672
71809	0.00251780515
71810	0.002863572225
71811	0.0004841386453
71812	0.0005030599889
71813	4.600768191e-05
71814	0.007670167075
71815	0.006822882914
71816	0.00100101971
71817	0.003710841447
71818	0.001418834427
71819	0.004599399145
71820	0.002924104958
71821	0.007142432136
71822	0.001778410302
71823	0.0007571001564
71824	0.0008096743117
71825	6.008280764e-05
71826	0.0008988452681
71827	0.0005937332086
71828	0.001793210883
71829	0.004581398501
71830	0.003413719586
71831	0.007423458292
71832	0.003548800884
71833	0.00338939296
71834	0.01561295767
71835	0.004351583107
71836	0.00237646281
71837	0.005194221302
71838	0.0004480518032
71839	0.0008559738385
71840	0.008011632379
71841	0.002622930446
71842	0.001675210799
71843	0.0004856283452
71844	0.001437388873
71845	0.01428029924
71846	0.002341144097
71847	0.01831137819
71848	0.008264194869
71849	0.008504687843
71850	0.004784250603
71851	0.0002121166909
71852	0.005919848721
71853	0.004336727222
71854	0.001314141356
71855	0.005406062997
71856	0.003092401648
71857	0.00131865174
71858	0.01700332783
71859	0.004897247916
71860	0.00593421351
71861	0.0007361024337
71862	0.008582183248
71863	0.001925359788
71864	0.00190471492
71865	0.01337925999
71866	0.003105088656
71867	0.002470674422
71868	0.003486509235
71869	0.003688879454
71870	0.00155833223
71871	0.0001843792046
71872	0.0002282670296
71873	0.01564550663
71874	0.004980481397
71875	0.00152371223
71876	0.001039109198
71877	0.004357958871
71878	0.008758228971
71879	1.262819298e-05
71880	0.005556898902
71881	0.006155695361
71882	0.001829835208
71883	0.001457397693
71884	0.004368662459
71885	0.003748827497
71886	0.01359070723
71887	0.009598855341
71888	0.00758815966
71889	0.001577551054
71890	0.004357458823
71891	0.009946441186
71892	0.0006000447673
71893	0.001273721239
71894	0.0002847410871
71895	0.00114889332
71896	0.005278749637
71897	0.0008483676231
71898	0.0004876282223
71899	0.0008375898999
71900	0.001804451458
71901	0.0009362903725
71902	0.003289894857
71903	0.0004067989447
71904	0.001281673741
71905	0.0005305283225
71906	0.0005875087168
71907	0.003532043009
71908	0.0002953900903
71909	0.0004580031425
71910	0.0009501024167
71911	0.0009896955082
71912	0.0008756080342
71913	9.945163163e-06
71914	0.004630251095
71915	0.003868568751
71916	0.0005817741301
71917	0.007720213814
71918	0.006243224517
71919	0.005194772502
71920	0.002861495641
71921	0.001248622469
71922	0.008017319345
71923	0.003382971846
71924	0.00840872305
71925	0.01412433921
71926	0.003753771312
71927	0.004074126282
71928	0.009684371821
71929	0.01856091162
71930	0.0007707192995
71931	0.01038801076
71932	0.01260130067
71933	0.001970905488
71934	0.001682694022
71935	0.006489871278
71936	0.001236922996
71937	0.008818443387
71938	0.01016482384
71939	0.003957841142
71940	0.00396833749
71941	0.011177347
71942	0.004898073434
71943	0.003115638085
71944	0.007889757311
71945	0.01398973006
71946	0.005248126024
71947	0.003500770091
71948	0.005673025432
71949	0.0007543930449
71950	0.01573406581
71951	0.003910825381
71952	0.01448417278
71953	0.008587377636
71954	0.0009448043279
71955	0.01030628447
71956	0.000907261284
71957	0.001385346011
71958	0.006928088256
71959	0.02070963905
71960	0.002075777527
71961	0.001742112762
71962	0.004352847726
71963	0.006326574575
71964	0.0002005997908
71965	0.003768906526
71966	0.01492337721
71967	0.008506634405
71968	0.01555887394
71969	0.0001284166748
71970	0.00754240122
71971	0.005164817804
71972	0.005528725588
71973	0.002401930596
71974	0.00115183378
71975	0.005720749339
71976	0.005133349511
71977	0.0003267430073
71978	0.0007698266214
71979	0.00140030161
71980	0.007321493602
71981	0.002654878508
71982	0.003941726578
71983	0.002911515257
71984	0.003076596806
71985	0.002223639057
71986	0.003025147126
71987	0.0005981308299
71988	0.0008677181062
71989	0.007294230913
71990	0.0004067551738
71991	0.006667604707
71992	0.003575602034
71993	0.006019697977
71994	0.009253131107
71995	0.002432438126
71996	0.002119740209
71997	0.004861929772
71998	0.006777503169
71999	0.02434942159
72000	0.002023330775
72001	0.0003051988185
72002	0.01055026639
72003	0.01145701763
72004	0.006048901586
72005	0.003931651794
72006	0.0034421526
72007	0.005150217513
72008	0.0006319709915
72009	2.498535147e-05
72010	0.004158169371
72011	0.0008484456473
72012	0.0006858945678
72013	0.01333575484
72014	0.009424223464
72015	0.001529882947
72016	0.005509727391
72017	0.002678106816
72018	0.002784652508
72019	0.0008664198425
72020	0.0005190277358
72021	0.001462349043
72022	0.007281884725
72023	0.0007242684239
72024	0.000967723044
72025	0.005191859856
72026	0.0009908508604
72027	0.002418370133
72028	0.00809242489
72029	0.01629703709
72030	0.01174178499
72031	0.02180174599
72032	0.003473894253
72033	0.003487456967
72034	0.01905604692
72035	0.01685883893
72036	0.003360627506
72037	0.008699180887
72038	0.0074719706
72039	0.01099333546
72040	0.003724435839
72041	0.004368852787
72042	0.003130895708
72043	0.0005077891659
72044	0.00605094183
72045	0.006720580103
72046	0.004444212553
72047	0.01029152554
72048	0.001801861252
72049	0.01595098145
72050	0.0006851619
72051	0.00245194216
72052	0.003470641882
72053	0.004268816298
72054	0.00340590097
72055	0.01595759731
72056	0.004024323155
72057	0.004375578399
72058	0.005065315953
72059	0.002185597458
72060	0.01079930996
72061	0.003345116793
72062	0.002274887084
72063	0.007005236856
72064	0.0001803222169
72065	0.004455503229
72066	0.003093154601
72067	0.009496865651
72068	0.007618973785
72069	0.01796064012
72070	0.001909815809
72071	0.009607140317
72072	0.01076401965
72073	0.0231475996
72074	0.001579567717
72075	0.006199938609
72076	0.0009610388821
72077	0.007006860595
72078	0.0056030936
72079	0.004221377409
72080	0.005099724491
72081	0.00875633429
72082	9.599322133e-05
72083	0.003960024211
72084	0.01131116761
72085	0.002571477833
72086	0.00226503954
72087	0.005960951293
72088	0.002525069661
72089	0.002859155506
72090	0.01231638626
72091	0.03451171391
72092	0.001504350708
72093	0.01575947309
72094	0.01841799009
72095	0.002588933039
72096	0.005237146726
72097	0.003541474168
72098	0.008654843963
72099	0.01026330036
72100	0.009522351521
72101	0.0005557550541
72102	0.001084540863
72103	0.01265929925
72104	0.001254593947
72105	0.004976887124
72106	0.00981076595
72107	0.0006394579412
72108	0.0122189363
72109	0.01144815096
72110	0.003486216458
72111	0.01129438494
72112	0.004826097461
72113	0.001029809778
72114	0.00983697889
72115	0.0005123239983
72116	0.007661968662
72117	0.01235085277
72118	7.04522207e-05
72119	0.001763599088
72120	0.0004859666099
72121	0.006724831002
72122	0.0003961135562
72123	0.0008044094336
72124	0.01040802299
72125	0.002422433
72126	0.0003111364669
72127	0.01504624342
72128	0.006853733246
72129	0.00033049071
72130	0.007662732254
72131	0.001709048169
72132	0.008679529288
72133	0.009096473529
72134	0.005911687245
72135	0.02401946844
72136	0.02201286045
72137	0.008080177071
72138	0.0017217259
72139	0.01866408597
72140	0.004463596957
72141	0.002349780189
72142	0.01325024361
72143	0.004922184908
72144	0.002528470511
72145	0.0011188969
72146	0.009267062472
72147	3.298637352e-05
72148	0.005766594291
72149	0.001548767805
72150	0.00161206626
72151	0.003166605673
72152	0.004901331621
72153	0.002742802298
72154	0.001406091183
72155	0.02197283608
72156	1.641147827e-05
72157	0.004930777618
72158	0.001142294287
72159	0.006423946769
72160	0.00339538027
72161	0.004622558973
72162	0.004096978004
72163	0.009998477186
72164	0.01097936564
72165	0.005773348263
72166	0.009158121795
72167	0.01291692964
72168	0.006712465152
72169	0.007337662137
72170	0.001169442877
72171	0.005446227766
72172	0.007632471663
72173	0.00163981976
72174	0.0007751609841
72175	0.007142697835
72176	0.003245683974
72177	0.01674672724
72178	0.001446763559
72179	0.003874671895
72180	0.01118172952
72181	0.01290210118
72182	0.004700644401
72183	0.003456399323
72184	0.006390372378
72185	0.01130905667
72186	0.01185265258
72187	0.002042502566
72188	0.006159608341
72189	0.001858780667
72190	0.002835179282
72191	0.01368830808
72192	0.012318485
72193	0.000190693025
72194	0.01015562677
72195	0.007149857852
72196	0.0009216185846
72197	0.006124749902
72198	0.002381293365
72199	0.0006341422708
72200	0.01058116334
72201	0.001350900264
72202	0.0002464113118
72203	0.02119137692
72204	0.006200392686
72205	0.01792960039
72206	0.002940674376
72207	0.0007761598656
72208	0.009229198348
72209	0.02598812897
72210	0.006563981538
72211	0.002373639719
72212	0.004051442023
72213	0.003250643552
72214	0.002543707118
72215	0.005018042703
72216	0.002292025993
72217	0.01955041743
72218	0.004110584177
72219	0.003113665415
72220	0.001419225123
72221	0.007642806575
72222	0.004987237621
72223	0.003625377857
72224	0.007860602128
72225	0.001343046349
72226	0.01667329832
72227	0.001244654277
72228	0.008976341805
72229	0.007929002101
72230	0.007088155623
72231	0.003482529564
72232	0.000722365547
72233	0.001769738207
72234	0.01161515654
72235	0.008006141504
72236	0.002744024471
72237	0.006836120182
72238	0.01916042023
72239	0.01487353722
72240	0.008162155834
72241	0.01746340903
72242	0.002268089636
72243	0.02118805423
72244	0.0074254644
72245	0.006464449842
72246	0.001718693369
72247	0.007528597354
72248	0.0004975393486
72249	0.0008952925961
72250	0.001017191744
72251	0.01004926775
72252	0.002568006352
72253	0.0003048656024
72254	0.002908854021
72255	0.008015221704
72256	0.004552648004
72257	0.00606716426
72258	0.0007227950341
72259	0.01328438735
72260	0.003269491161
72261	0.006547890521
72262	0.005963857679
72263	0.0007392139885
72264	0.01025741705
72265	0.002662696806
72266	0.003951459368
72267	0.01187332439
72268	0.001350294325
72269	0.002384462044
72270	0.01061024203
72271	0.00302037612
72272	0.008906891675
72273	0.01386981224
72274	0.004120992556
72275	0.001446864691
72276	0.01428512173
72277	0.009524827462
72278	0.01166147555
72279	0.008283137648
72280	0.005643689664
72281	0.01816421061
72282	0.003252489418
72283	0.01450350237
72284	0.006555453751
72285	0.007832735898
72286	0.003993057701
72287	0.001583717379
72288	0.004281132361
72289	0.0006783836038
72290	0.01000386263
72291	0.006931356065
72292	0.000669169437
72293	0.007964339412
72294	0.003125496869
72295	0.01804069786
72296	0.0007710153765
72297	0.01314279028
72298	0.007645619563
72299	0.001412420247
72300	0.007511215205
72301	0.004053338081
72302	0.009554032882
72303	0.006257547327
72304	0.01691259665
72305	0.004610460693
72306	0.01138407917
72307	0.01195163134
72308	0.007236618899
72309	0.003015882999
72310	0.0006279834987
72311	0.001446864691
72312	0.00378593817
72313	0.00708376537
72314	0.0007311657782
72315	0.003663582238
72316	0.0009765609385
72317	0.002883143525
72318	0.001647012683
72319	0.0009949289541
72320	0.0005822730699
72321	0.008089476868
72322	0.007374767573
72323	0.0108858655
72324	0.00334502299
72325	0.002472652134
72326	0.007066208384
72327	0.001030211194
72328	0.01030818832
72329	0.01040867358
72330	0.01110505586
72331	0.003151453679
72332	0.00504517924
72333	0.006598857962
72334	0.003472037271
72335	0.01838672584
72336	0.01045029037
72337	0.00458296246
72338	0.01930677148
72339	0.002739815119
72340	0.005923969908
72341	0.000428627339
72342	0.00627218307
72343	0.009266397547
72344	0.005472394832
72345	0.008714279249
72346	0.01061599018
72347	0.01040543278
72348	0.01205973373
72349	0.01113472043
72350	0.0002070662047
72351	0.01043743296
72352	0.01791022499
72353	0.002534385481
72354	0.001545467164
72355	0.0003672149836
72356	0.002639072279
72357	0.000899241201
72358	0.005766200348
72359	0.01312678153
72360	0.008446771774
72361	0.001145863959
72362	0.003383167815
72363	0.007987943127
72364	0.003788295705
72365	0.001782834443
72366	0.01540586664
72367	0.009895813582
72368	0.006876633131
72369	0.0006270976166
72370	0.003505069652
72371	0.002960804077
72372	0.004024574724
72373	0.002859848409
72374	0.005489449201
72375	0.004535378054
72376	0.002173920951
72377	0.01200752572
72378	0.003223232491
72379	0.0116361587
72380	0.008881690988
72381	0.000844397394
72382	0.01759452837
72383	0.001651564427
72384	0.01313337462
72385	0.003464130325
72386	0.006165605341
72387	0.01078859836
72388	0
72389	0.002360506172
72390	0.008631670644
72391	0.009014827841
72392	0.01116894604
72393	0.00212628381
72394	0.01516076186
72395	0.004921485912
72396	0.008074947811
72397	0.001997535091
72398	0.005770162839
72399	0.002271242293
72400	0.003190213497
72401	0.000260103834
72402	0.002160538607
72403	0.006003180416
72404	0.009175958169
72405	0.01311199202
72406	0.006426116231
72407	0.0006937333254
72408	0.01235342605
72409	0.003725810696
72410	0.004273195836
72411	0.008123127478
72412	0.01680154955
72413	0.00578782936
72414	0.00158212159
72415	0.001668100707
72416	0.003133357307
72417	0.0009136627737
72418	0.01404676252
72419	0.003038361869
72420	0.02234991468
72421	0.01291850271
72422	0.004341568276
72423	0.001014070716
72424	0.006735804963
72425	0.008368867418
72426	0.003110900995
72427	0.007144583168
72428	0.005227296598
72429	0.0119127029
72430	0.009085402169
72431	0.007292191455
72432	0.01008274296
72433	0.004168921251
72434	0.0209643012
72435	0.01503310249
72436	0.01519524563
72437	0.000207847693
72438	0.002023205869
72439	0.002733117145
72440	0.001851333818
72441	0.00311553746
72442	0.007268302021
72443	0.001623197157
72444	0.0004944593996
72445	0.003792576483
72446	0.0003078144805
72447	0.007976777934
72448	0.007717100337
72449	0.006202091271
72450	0.005140804559
72451	0.005222702532
72452	0.002848716502
72453	0.008524315465
72454	0.001630562581
72455	0.005729979788
72456	0.01187142685
72457	0.008141959082
72458	0.0008895283465
72459	0.01823069277
72460	0.01019291185
72461	0.006121912411
72462	0.004564844112
72463	0.005803611921
72464	0.003662016872
72465	0.004600999981
72466	0.001333343621
72467	0.006259233814
72468	0.008492077071
72469	0.01101452742
72470	0.003891156932
72471	0.002864115361
72472	0.00771137142
72473	0.008710339931
72474	0.001393838957
72475	0.006889144265
72476	0.01934877144
72477	0.004863769084
72478	0.01299841768
72479	0.003010047578
72480	0.002485320019
72481	0.008951754104
72482	0.007362017057
72483	0.001452582403
72484	0.005540768591
72485	0.01931428647
72486	0.001761667795
72487	0.01901948323
72488	0.001861569541
72489	0.008410045838
72490	0.01889454096
72491	0.001981734941
72492	0.01149321363
72493	0.01409212098
72494	0.001026670162
72495	0.002355948721
72496	0.003634613244
72497	0.002140424476
72498	0.008114756356
72499	0.001842957614
72500	0.009230669242
72501	0.009062070545
72502	0.001173833119
72503	0.01615651728
72504	0.003454298711
72505	0.003252077861
72506	0.005382617364
72507	0.00300489286
72508	0.00616438242
72509	0.004564828343
72510	0.004302794678
72511	0.001535091546
72512	0.002168327291
72513	0.0140002154
72514	0.000493157396
72515	0.003152551389
72516	0.01231133796
72517	0.006566539422
72518	4.143695625e-05
72519	0.006720364431
72520	0.01381032349
72521	0.001700300835
72522	0.006908513336
72523	0.01130057625
72524	0.008901751553
72525	0.006525435001
72526	0.0007433707045
72527	0.01036129163
72528	0.01617508614
72529	0.009848521794
72530	0.002170563581
72531	0.0006004023198
72532	0.008193899254
72533	0.004742670083
72534	0.008143725168
72535	6.510564608e-05
72536	0.006548948375
72537	0.01106122148
72538	0.0174513102
72539	0.001960225997
72540	0.001660933845
72541	0.005032203394
72542	0.0005758732599
72543	0.008356228391
72544	0.004108515977
72545	0.006603202882
72546	0.01485404591
72547	0.01500926498
72548	0.002055433835
72549	0.007782237893
72550	0.009100550994
72551	0.0006958944249
72552	0.003434290041
72553	0.005969975009
72554	0.01474500725
72555	4.176110645e-05
72556	0.003756315071
72557	0.003597622326
72558	0.003888278421
72559	0.0026612043
72560	0.001478721944
72561	0.002579824627
72562	0.001205168934
72563	0.01791229301
72564	0.003175560755
72565	0.001456055079
72566	0.003461162234
72567	0.003873879144
72568	0.007613122473
72569	0.001220440106
72570	0.004576552545
72571	0.01382477825
72572	0.0003573761519
72573	0.01318781928
72574	0.001621480061
72575	0.004095179241
72576	0.003415688643
72577	0.005764098603
72578	0.002370175851
72579	0.004384111541
72580	0.01258320259
72581	0.005653592526
72582	0.003567802965
72583	0.0006522210397
72584	0.01227988422
72585	0.00538061656
72586	0.00243236197
72587	0.005462793249
72588	0.005154311284
72589	0.008288572704
72590	0.001162762599
72591	0.00358601405
72592	0.02012580043
72593	0.007745257528
72594	0.0007852730444
72595	0.008854766959
72596	0.005457918452
72597	0.00169185146
72598	0.005594892766
72599	0.002115569759
72600	0.002744389247
72601	0.005009521652
72602	0.00748842341
72603	0.001625104019
72604	0.004178936595
72605	0.002035894677
72606	0.001846537985
72607	0.01346550056
72608	0.01253397668
72609	0.01952650683
72610	0.001987705151
72611	0.008912302464
72612	0.001592139052
72613	0.01213629028
72614	0.01428653008
72615	0.001988501821
72616	0.00496746888
72617	0.003612438536
72618	0.006475522698
72619	0.0170986295
72620	0.007371696295
72621	0.001363045342
72622	0.002323065549
72623	0.02125168579
72624	0.008081378882
72625	0.001812954812
72626	0.003722753715
72627	0.007492697685
72628	0.006037776188
72629	0.0001987459062
72630	0.003921983504
72631	0.002374182897
72632	0.001802773983
72633	0.004587997644
72634	0.0005448526571
72635	0.006978718229
72636	0.01048473746
72637	0.001885953554
72638	0.001985254431
72639	0.005646188774
72640	0.002048245244
72641	0.01202448689
72642	0.01230320483
72643	0.01228566703
72644	0.005748369788
72645	0.002185480796
72646	0.006718495403
72647	0.004571429361
72648	0.003498214525
72649	0.0009849024686
72650	0.01183640412
72651	0.005855365286
72652	0.004940058497
72653	0.01164188942
72654	0.0129906854
72655	5.739380736e-05
72656	3.804568052e-05
72657	0.001910238344
72658	0.008000075549
72659	0.001986581021
72660	0.005640335384
72661	0.01370760434
72662	0.005392504117
72663	0.004207782316
72664	0.0046330788
72665	0.006529154661
72666	0.002279643063
72667	0.003885526101
72668	0.000413659026
72669	0.0007196296348
72670	0.005738460685
72671	0.004960091983
72672	0.009527966338
72673	0.004652590666
72674	0.007019815752
72675	0.01575027252
72676	0.007225928392
72677	0.001284248523
72678	0.01156001009
72679	0.01064463435
72680	0.0031922688
72681	0.007796855843
72682	0.001956311833
72683	0.006719329996
72684	0.0007152143461
72685	0.02022530364
72686	0.004742674191
72687	0.001268334411
72688	0.00400664193
72689	0.01102122144
72690	0.008024747699
72691	0.00235346139
72692	0.009621700307
72693	0.009105180893
72694	0.01433883014
72695	0.009251947353
72696	0.01860026027
72697	0.008074474332
72698	0.007629162044
72699	0.01154687062
72700	0.01333511643
72701	0.02176292027
72702	0.01593361876
72703	0.01358618988
72704	0.01608676531
72705	0.006323856637
72706	0.009263047114
72707	0.002476364279
72708	0.0008792574529
72709	0.001522857085
72710	0.01756056867
72711	0.01028552601
72712	0.00297569136
72713	0.003515503288
72714	0.005832953562
72715	0.002829571595
72716	0.001988374911
72717	0.00759653288
72718	0.0007497659682
72719	0.001630326281
72720	0.002795466641
72721	0.002506116289
72722	0.0058771209
72723	0.009323685681
72724	0.005144930563
72725	0.001812025029
72726	0.01459736763
72727	0.005826858125
72728	0.007093799011
72729	0.004689898178
72730	0.00822507434
72731	0.003197494619
72732	0.00547485082
72733	0.00370133267
72734	0.0005704720071
72735	0.01376469415
72736	0.002858632811
72737	0.005951529694
72738	0.005947749417
72739	0.0004434131092
72740	0.002948935246
72741	0.008624966178
72742	0.004198320883
72743	0.003436865031
72744	0.003633464496
72745	0.001088575121
72746	0.01278176592
72747	0.00606655951
72748	0.005608584301
72749	0.003905147963
72750	0.004021291753
72751	0.004357367041
72752	0.005681532251
72753	0.006398363322
72754	0.008158726239
72755	0.0001196355808
72756	0.007379062369
72757	0.004198133519
72758	0.006357372657
72759	0.003929730007
72760	0.01394881162
72761	0.0005819104196
72762	0.002788964269
72763	0.01206547113
72764	0.003505387934
72765	0.002243723875
72766	0.007605751765
72767	0.005102578823
72768	0.01256822431
72769	0.01140652562
72770	0.001611963329
72771	0.002768188721
72772	0.004947284923
72773	0.005749660842
72774	0.00217898958
72775	0.0007342712724
72776	0.0047195119
72777	0.001414560608
72778	0.001244018944
72779	0.002076122873
72780	0.001455282057
72781	0.001704064747
72782	0.001809779179
72783	0.001635621051
72784	0.00805123463
72785	0.005910516242
72786	0.009616850377
72787	0.001469931352
72788	0.0006664968867
72789	0.01005983184
72790	0.008114804073
72791	0.01179232226
72792	0.004142509561
72793	0.005224347264
72794	0.003714296774
72795	0.001442729089
72796	0.000518243047
72797	0.004071441234
72798	0.002269018609
72799	0.00131733831
72800	0.001553438673
72801	0.004369792831
72802	0.002387846463
72803	0.002455920705
72804	0.008288584497
72805	0.0004099292631
72806	0.004512494269
72807	0.00360891113
72808	0.00260908086
72809	0.003019410826
72810	0.004226545461
72811	0.002779508044
72812	0.009625728679
72813	0.002097897212
72814	0.0003634030278
72815	0.003261931273
72816	0.005462915021
72817	0.006178007848
72818	0.005826762782
72819	0.0005855004604
72820	0.005324978771
72821	0.003925642672
72822	0.01603527441
72823	0.00950368122
72824	0.004198062435
72825	0.001136570968
72826	0.005123520788
72827	0.01100467212
72828	0.00955952739
72829	0.003102619781
72830	0.00272927004
72831	0.007585245439
72832	0.002877079871
72833	0.001446864691
72834	0.0006701019298
72835	0.009183878198
72836	0.004748619056
72837	0.01020696426
72838	0.02298810865
72839	0.001194986951
72840	0.0008370886812
72841	0.006698574351
72842	0.001766087414
72843	0.002445157542
72844	0.007095941752
72845	0.01436791647
72846	0.007598878788
72847	0.0224610722
72848	0.005432396124
72849	0.01620845668
72850	0.003942388918
72851	0.00679266632
72852	0.00778666888
72853	0.0008623350455
72854	0.002311813772
72855	0.005091526864
72856	0.009248928208
72857	0.003311184989
72858	0.0004211886478
72859	0.005710835423
72860	0.0007011552942
72861	0.002427088785
72862	0.008782437481
72863	0.003810791396
72864	0.002390637372
72865	0.005080905712
72866	0.0003245184517
72867	0.005930071067
72868	0.0005713818658
72869	0.003334840919
72870	0.00297612202
72871	0.0008468635987
72872	0.007797221335
72873	0.001502776175
72874	0.01431928684
72875	0.006312682596
72876	0.008396160978
72877	0.001482673446
72878	0.00106688701
72879	0.0009429716837
72880	0.0004838551433
72881	0.0006251786535
72882	4.100328234e-05
72883	0.007448309153
72884	0.005660591013
72885	0.01869756404
72886	0.01402460182
72887	0.006008324359
72888	0.00731547234
72889	0.01163522314
72890	1.907918776e-05
72891	0.0006569240958
72892	0.002354939318
72893	0.003526260655
72894	0.006384367696
72895	0.00243100736
72896	0.004372577211
72897	0.005077725807
72898	0.003212167882
72899	0.003493578646
72900	0.004658113215
72901	0.003149801448
72902	0.003377495437
72903	0.002841616354
72904	0.003990700139
72905	0.003585107013
72906	0.003467671758
72907	0.004871326038
72908	0.005009626918
72909	0.004689193693
72910	0.005154376683
72911	0.00525254918
72912	0.002757582932
72913	0.004081213389
72914	0.002760884121
72915	0.003163624098
72916	0.003848373127
72917	0.002882210943
72918	0.003392867448
72919	0.003353535605
72920	0.00567892477
72921	0.002388368537
72922	0.0005230674214
72923	0.0005601557422
72924	0.0003966330248
72925	0.001703256875
72926	0.0004545595469
72927	0.0006532200247
72928	0.0005569877219
72929	0.002301342677
72930	0.001567707265
72931	0.0005758030802
72932	0.001729745153
72933	0.001819046564
72934	0.0003289978672
72935	0.001110492016
72936	0.00341130337
72937	0.018597672
72938	0.001622584795
72939	0.003114023868
72940	0.005091960046
72941	0.00350124234
72942	0.008582603506
72943	0.005132133025
72944	0.008005140058
72945	0.008109942674
72946	0.0008394791562
72947	0.002184393448
72948	0.001211753932
72949	0.001989738226
72950	0.0009968167364
72951	0.0005981622068
72952	0.001694446181
72953	0.001346191557
72954	0.001272114869
72955	0.0006686103288
72956	0.002540812936
72957	0.000624597003
72958	0.0009302040638
72959	0.0001352850623
72960	0.001972766753
72961	0.0007311049446
72962	0.001747891607
72963	0.0001798606711
72964	0.00104160484
72965	0.0002157865698
72966	0.0005989978307
72967	0.0004845323155
72968	0.002798976548
72969	0.0011935283
72970	0.0006335181843
72971	0.0006283735824
72972	0.0008763140278
72973	0.000720240014
72974	0.0004209657815
72975	0.005984264725
72976	0.001775374776
72977	0.001046283175
72978	0.0006949364795
72979	1.017874458e-05
72980	4.312433247e-05
72981	0.002658266739
72982	0.0006816210106
72983	0.009456391806
72984	0.000458860931
72985	0.001279294382
72986	0.01172183041
72987	0.001738736729
72988	0.006900846652
72989	0.004912105342
72990	0.002227268431
72991	0.001634452998
72992	0.004455950623
72993	0.000467119792
72994	0.0007692941312
72995	0.0001766054223
72996	0.01561466586
72997	0.007837945083
72998	0.001657366262
72999	0.0007460223363
73000	0.0009452322314
73001	0.0001842005849
73002	0.0007011743547
73003	0.0004853345173
73004	0.0005297226104
73005	0.002049541925
73006	0.001185874755
73007	0.000424774183
73008	0.0005625164604
73009	0.0009106266684
73010	0.001211956505
73011	0.0002666746498
73012	0.004032681724
73013	0.0007829603685
73014	0.00125401301
73015	0.001403787515
73016	0.003989043804
73017	0.0007429155286
73018	0.0005780946476
73019	0.002305956675
73020	0.004228493561
73021	0.001987209282
73022	0.002696863833
73023	0.002338100974
73024	0.004923521878
73025	0.0003005486723
73026	0.0009499967541
73027	0.0001065713724
73028	0.001206662028
73029	0.0002606678324
73030	0.001396349879
73031	0.0002768377245
73032	0.0011614562
73033	0.0007431693791
73034	0.003916954112
73035	0.002965022186
73036	0.003688531236
73037	0.0005754343185
73038	0.01173508872
73039	0.0006545246006
73040	0.0009197480764
73041	0.001670755975
73042	0.0006279752826
73043	0.00934386467
73044	0.0008267944655
73045	0.004876781988
73046	0.009711223513
73047	0.002134955002
73048	0.006095615598
73049	0.002717854005
73050	0.00173504576
73051	0.01971063742
73052	0.005793671979
73053	0.00182479679
73054	0.001315716556
73055	0.002765497861
73056	0.003250100742
73057	0.01107347534
73058	0.003255944373
73059	0.004742963337
73060	0.0008570877214
73061	0.002751995567
73062	0.009582228583
73063	0.003050832373
73064	0.00297474196
73065	0.004043960155
73066	0.001338932351
73067	0.0005710106219
73068	0.01193446007
73069	0.008533166157
73070	0.003848694277
73071	0.004460894212
73072	0.00252004535
73073	0.006308122609
73074	0.01340724508
73075	0.004355453501
73076	0.0004872481882
73077	0.01998805254
73078	0.008935244064
73079	0.0101274326
73080	0.002915401827
73081	0.004636745819
73082	0.002099872488
73083	0.005527504488
73084	0.003170674746
73085	0.01600959015
73086	0.003540620845
73087	0.001387984537
73088	0.005420378895
73089	0.002639141244
73090	0.008031404341
73091	0.005143242019
73092	0.0001520003016
73093	0.001733590604
73094	0.01100164317
73095	0.0009426740579
73096	0.001175235558
73097	0.01479611699
73098	0.006174646128
73099	0.006009807864
73100	0.001699919988
73101	0.00241528571
73102	0.006814383526
73103	0.006855896074
73104	0.004308619086
73105	0.0002780037148
73106	0.000227627354
73107	0.005787795995
73108	0.006065465117
73109	0.0004815731241
73110	0.0006470917342
73111	0.001804293026
73112	0.01279483912
73113	0.004151542628
73114	0.007215179239
73115	0.0009304678936
73116	0.001709444474
73117	0.005757459958
73118	0.0007362449265
73119	0.009112047889
73120	0.0005930616698
73121	3.911540958e-05
73122	0.005745752822
73123	0.003063823286
73124	0.007474453483
73125	0.005759232646
73126	0.002243107164
73127	0.007540116584
73128	0.01488650044
73129	0.0007420106418
73130	3.826035016e-05
73131	0.0111630102
73132	0.006237299687
73133	0.02105103805
73134	3.591633665e-05
73135	0.0009611023302
73136	0.001217019484
73137	0.003582005235
73138	0.005676877792
73139	0.003707913615
73140	0.005705882011
73141	0.0008513805529
73142	0.001784394634
73143	0.004669552366
73144	0.001872091084
73145	0.00719928518
73146	0.003204424132
73147	0.01026345289
73148	0.004707252622
73149	0.008531838653
73150	0.007176456432
73151	0.0316322567
73152	0.009625840943
73153	0.00135284937
73154	0.01406510313
73155	0.001852517735
73156	0.001357200814
73157	0.0003563066379
73158	0.003792470326
73159	0.004143806904
73160	0.001436104729
73161	0.001636773847
73162	0.002925952414
73163	0.01271840598
73164	0.00811506356
73165	0.005890460928
73166	0.004298577494
73167	0.004586845919
73168	0.01143761133
73169	0.002637252045
73170	0.008054674485
73171	0.002997479037
73172	0.00214452123
73173	0.009945603859
73174	0.0001561355199
73175	0.0159403213
73176	0.01047597457
73177	0.000832448013
73178	8.312195962e-05
73179	0.003472639866
73180	0.0006789993333
73181	0.001868968877
73182	0.006050376034
73183	0.004465230058
73184	0.01292405438
73185	0.003672676102
73186	0.007816329963
73187	0.000269230005
73188	0.001193017608
73189	0.0005885667414
73190	0.0007076363605
73191	0.009141368945
73192	0.0003468854179
73193	0.006270072707
73194	0.01066441756
73195	0.01395974
73196	0.001952093223
73197	0.0004665878969
73198	0.0005049827229
73199	0.0002198345848
73200	0.0008185491108
73201	0.001554265786
73202	0.00185056252
73203	0.001376234189
73204	0.00252311883
73205	0.001212089158
73206	0.001264341721
73207	0.002018300629
73208	0.003725969631
73209	9.193812885e-05
73210	0.001741458241
73211	0.003465096427
73212	0.00078471909
73213	0.003335837397
73214	0.01648365974
73215	0.002681400664
73216	0.006344116154
73217	0.005747011446
73218	0.001056447539
73219	0.001282019053
73220	0.003500367833
73221	0.00483732738
73222	0.001944771977
73223	0.001468444433
73224	0.001341279825
73225	0.0008220900054
73226	0.00185197197
73227	0.002155691499
73228	0.008106587606
73229	0.003239979901
73230	0.005573480664
73231	0.01023495766
73232	0.005447088606
73233	0.009782613223
73234	0.01189808999
73235	0.001200095942
73236	0.001930206611
73237	0.0004124483459
73238	0.00746358075
73239	0.003609443454
73240	0.000977614971
73241	0.0005501383464
73242	0.002159130139
73243	0.003387173741
73244	0.01145219515
73245	0.001490945461
73246	0.0003349112081
73247	0.001045997143
73248	0.001818501956
73249	0.005351769784
73250	0.0007523831153
73251	0.0007939088148
73252	0.002803271433
73253	0.01090821186
73254	0.007003498652
73255	0.01086730777
73256	0.002812352656
73257	0.004037162352
73258	0.007908532557
73259	0.007417859382
73260	0.007388045727
73261	0.005556927584
73262	0.0020144997
73263	0.01179634829
73264	0.007179586564
73265	0.001436317796
73266	0.00127486743
73267	0.003062784768
73268	0.008706729018
73269	0.001610448135
73270	0.01153507
73271	0.002740721624
73272	0.01226418542
73273	0.005959303693
73274	0.006603637305
73275	0.009030531305
73276	0.008719066395
73277	0.02265535503
73278	0.009180536125
73279	0.003336808858
73280	0.002607064183
73281	0.0004548035476
73282	0.01196001208
73283	0.01773546668
73284	0.001892837938
73285	0.001614538684
73286	0.0018428826
73287	0.0004350951421
73288	0.001036709052
73289	0.005273760157
73290	0.005378438537
73291	0.008220941154
73292	0.001602789725
73293	0.01253506136
73294	0.01203677002
73295	0.002235338668
73296	0.007797732366
73297	0.00818278646
73298	0.00543054297
73299	0.009154224305
73300	0.001800348371
73301	0.003706665195
73302	0.006447415319
73303	0.003295654682
73304	0.003666469782
73305	0.01399129002
73306	0.004045056774
73307	0.01095742564
73308	0.004956313705
73309	0.001280901703
73310	0.002888632352
73311	0.00419465976
73312	0.0004119089316
73313	0.0048375276
73314	0.01155600418
73315	0.01957654518
73316	0.001234785048
73317	0.007932007609
73318	0.002872016647
73319	0.004297478205
73320	0.01348540934
73321	0.01139444344
73322	0.01032496963
73323	0.0009196335871
73324	0.01434316054
73325	0.003998016795
73326	0.001874906943
73327	0.00510429224
73328	0.001865048078
73329	0.009043613213
73330	0.001777407287
73331	0.00317847914
73332	0.00115702831
73333	0.0006206398132
73334	0.001893302773
73335	0.002977686604
73336	0.01370907621
73337	0.006681052824
73338	0.004065203206
73339	0.01315157324
73340	0.01036531813
73341	0.0118573067
73342	0.01544555328
73343	0.006694061485
73344	0.003988540092
73345	0.008936524339
73346	0.002505368083
73347	0.01175092508
73348	0.005232648
73349	0.004173874797
73350	0.001122663917
73351	0.005930176808
73352	0.01408446076
73353	0.01888863828
73354	0.01353582067
73355	0.0001692187188
73356	0.001607324044
73357	0.0007886456533
73358	0.001945649297
73359	0.002960805313
73360	0.002653731886
73361	0.003289906062
73362	0.000551558511
73363	0.005993862147
73364	0.0003220916074
73365	0.0002690037303
73366	0.004585223292
73367	0.006735050864
73368	0.00414297494
73369	0.009116852456
73370	0.0009685009737
73371	0.004588363621
73372	0.007382685988
73373	0.004866906634
73374	0.001315352491
73375	0.0003243564488
73376	0.000436396098
73377	0.002260083109
73378	0.001350257128
73379	0.002549616393
73380	0.0003455490503
73381	0.01456547897
73382	0.0009043237563
73383	0.000166774177
73384	0.002459616279
73385	0.0009686186981
73386	0.002706600649
73387	0.002135258891
73388	0.000565459191
73389	0.002415169927
73390	0.001109804807
73391	0.0001109331022
73392	0.0009258399677
73393	0.002397226801
73394	0.002304662735
73395	0.002795412466
73396	0.004101103191
73397	0.004582839981
73398	0.002517754868
73399	0.003841320289
73400	0.002304319372
73401	0.001325678472
73402	0.006398349408
73403	2.435538191e-05
73404	0.005043087703
73405	0.002021463108
73406	0.005884888507
73407	0.001533832152
73408	0.001411882232
73409	0.00184070937
73410	0.003490440818
73411	0.001194529833
73412	0.009206374325
73413	0.01120692698
73414	0.001697854296
73415	0.01408469312
73416	0.002278959765
73417	0.001618629937
73418	0.002973732758
73419	0.00324073155
73420	0.00194123071
73421	1.494995177e-05
73422	0.0001344458645
73423	0.0006381298328
73424	0.001726959141
73425	0.003438667425
73426	0.004079486006
73427	0.004488485275
73428	0.006022042952
73429	6.681927133e-05
73430	0.002214817563
73431	0.002138944435
73432	0.0004992053703
73433	0.0002109387441
73434	0.001630283692
73435	0.006213624203
73436	0.005616093472
73437	0.003355142454
73438	0.002514540945
73439	0.006331464966
73440	0.002441657941
73441	0.002123797053
73442	0.008403250191
73443	0.001609300145
73444	0.0115679856
73445	0.001991796919
73446	0.004770734171
73447	0.006591258155
73448	0.00958840394
73449	0.005233615781
73450	0.003843741378
73451	0.01348489268
73452	2.36686953e-05
73453	0.002689704563
73454	1.89343974e-05
73455	0.001941495108
73456	0.002999504654
73457	0.007764831612
73458	0.002070820755
73459	0.006399583663
73460	0.0004237788924
73461	0.002769309859
73462	0.005738342832
73463	0.0007307864666
73464	0.003087090761
73465	0.005301000603
73466	0.008331357937
73467	0.002933177365
73468	0.001082116271
73469	0.003866599417
73470	0.002335935311
73471	0.003597730925
73472	0.003927024193
73473	0.005917158565
73474	0.001563558974
73475	0.008414597641
73476	0.005533904731
73477	0.0006217265667
73478	0.01123167539
73479	0.004683576678
73480	0.00498985434
73481	0.001408039963
73482	0.0133411327
73483	0.000537022097
73484	0.005029256047
73485	0.002349244538
73486	0.001887878485
73487	0.00448235352
73488	0.008099852278
73489	0.001471982507
73490	0.003894102371
73491	0.001947654047
73492	0.004878178699
73493	0.006168041315
73494	0.00767744756
73495	0.001034703668
73496	0.007555265002
73497	0.001269247126
73498	0.002482007492
73499	3.869693295e-05
73500	0.00331577864
73501	0.01034689658
73502	0.0001970563889
73503	0.001836850269
73504	0.006999666542
73505	0.003747741981
73506	0.01007077332
73507	0.00841330959
73508	0.002961341795
73509	0.00211126123
73510	0.002127393101
73511	0.006617405911
73512	0.003671356265
73513	0.009579168625
73514	0.001827413371
73515	0.01195541648
73516	0.002924316072
73517	0.009145030991
73518	0.004087083651
73519	0.002861334745
73520	0.008065644587
73521	0.0002845923493
73522	0.006743761591
73523	0.005971235413
73524	0.001048495488
73525	0.0003761321973
73526	0.007722833636
73527	0.007418931611
73528	0.003249080629
73529	0.0002060011949
73530	0.001740796855
73531	0.001724933294
73532	0.01673342793
73533	0.001860856529
73534	0.0008363005898
73535	0.0006269028067
73536	0.003081617292
73537	0.01031281881
73538	0.004430570104
73539	0.001211346569
73540	0.01016383644
73541	0.002592316251
73542	8.964750888e-05
73543	0.01884035031
73544	0.01029019386
73545	0.01139773535
73546	3.429714249e-05
73547	0.0005362561418
73548	0.006748520914
73549	0.01118449665
73550	0.007183872062
73551	0.0009738786782
73552	0.00645182839
73553	0.001306174178
73554	0.01149653391
73555	0.01077117848
73556	0.001472388284
73557	0.008383721583
73558	0.01551481559
73559	0.004613634839
73560	0.004238617477
73561	0.00279515361
73562	0.02714954185
73563	0.008980214643
73564	0.01122018402
73565	0.0007277559606
73566	0.006004728242
73567	0.005692875701
73568	0.002569354357
73569	0.01652891713
73570	0.009582232388
73571	0.005776418154
73572	0.00759978527
73573	0.001906837499
73574	0.004709575694
73575	0.005529717768
73576	0.008149134241
73577	0.01147807808
73578	0.005019548463
73579	0.0005889292767
73580	0.01005597531
73581	0.0002168022725
73582	0.00901379275
73583	0.001689756927
73584	0.004373489363
73585	0.005189539722
73586	0.006918581655
73587	0.01255200657
73588	0.006384986357
73589	0.0001533489755
73590	0.007518481427
73591	0.01200908064
73592	0.008108668851
73593	0.01839983303
73594	0.008495498711
73595	0.007722681047
73596	0.00306975253
73597	0.003038621878
73598	9.650240213e-05
73599	0.001082455958
73600	0.008967976875
73601	0.007695282007
73602	0.005115282157
73603	0.00335693178
73604	0.006309617686
73605	5.296338541e-05
73606	0.00277182755
73607	0.0002729589482
73608	0.002727114559
73609	0.007977209285
73610	0.007956152581
73611	0.007227006094
73612	0.005326105689
73613	0.001455736499
73614	0.006499406653
73615	0.001253199737
73616	0.003291662932
73617	0.002682859242
73618	0.0001895745164
73619	0.006217352374
73620	0.002326938761
73621	0.003114423712
73622	0.004731681811
73623	0.002374152063
73624	0.00896790553
73625	0.00132003576
73626	0.01104010956
73627	0.005796280299
73628	0.007274716434
73629	0.0001526969023
73630	0.01233753966
73631	0.008313903545
73632	8.82442514e-05
73633	0.006343455669
73634	0.009277865068
73635	0.007042944633
73636	0.009804512736
73637	0.01330178207
73638	0.01974377391
73639	0.004120111236
73640	0.008147405641
73641	0.0009630867723
73642	0.004816076857
73643	0.001330325119
73644	0.007633220977
73645	0.001895992417
73646	0.01294919902
73647	0.0007581894662
73648	0.01129206401
73649	0.02473918873
73650	0.0003536930382
73651	0.001461673557
73652	0.002211160336
73653	0.0007378249149
73654	0.007927196882
73655	0.0002973381603
73656	0.01029315454
73657	0.003285957034
73658	0.01328618491
73659	0.01168452073
73660	0.0168485769
73661	0.01681036305
73662	0.005539216614
73663	0.003773946284
73664	0.01515006769
73665	0.008125332769
73666	0.006809666628
73667	0.002864535097
73668	0.0008051787961
73669	0.0007719621813
73670	8.073798079e-05
73671	0.009227541885
73672	0.0003715954647
73673	0.008662412541
73674	0.003443450916
73675	0.008528140148
73676	0.00456017399
73677	0.004107538459
73678	0.001169841272
73679	0.009358307721
73680	0.002238207319
73681	0.004231243703
73682	0.001924467399
73683	0.003238165993
73684	0.005622760833
73685	0.0006365143674
73686	0.002250283921
73687	0.0002088229181
73688	0.001210774962
73689	0.006841164701
73690	0.01086664043
73691	0.003307743326
73692	0.001983300612
73693	0.004312561517
73694	0.001231519185
73695	0.002821717279
73696	0.003498245151
73697	0.002079233956
73698	0.001157902445
73699	0.001399920899
73700	0.005522802117
73701	0.004337588715
73702	0.006930330438
73703	0.0008755983303
73704	0.001071784678
73705	0.0008056659793
73706	0.0003714547469
73707	0.009235975562
73708	0.001782623718
73709	0.0002843924945
73710	3.006274946e-05
73711	0.008798615956
73712	0.005013268983
73713	0.00102486668
73714	0.002253493224
73715	0.01452666431
73716	0.003101739373
73717	0.00428502361
73718	0.003778960884
73719	0.001866398204
73720	0.007913149189
73721	0.002505519104
73722	0.006167843596
73723	0.008761073325
73724	9.539721092e-05
73725	0.01014413914
73726	0.004893814908
73727	0.01228996699
73728	0.006712176524
73729	0.003204636496
73730	0.005531737772
73731	0.0009343242259
73732	0.01746979905
73733	0.001273485805
73734	0.0003223731489
73735	0.01042226445
73736	0.01286465592
73737	0.00561093322
73738	0.009932976507
73739	0.007466708573
73740	0.0002311784819
73741	0.002541221671
73742	0.007154865284
73743	0.003608129775
73744	0.006973863605
73745	0.007227543549
73746	0.003021477468
73747	0.01478627725
73748	0.001318639452
73749	0.008285734018
73750	0.004126579154
73751	0.009237302343
73752	0.003629838046
73753	0.00339487571
73754	0.0002655455802
73755	0.002829765839
73756	0.003745036917
73757	0.01323634332
73758	0.003665004275
73759	0.001742582746
73760	0.003372887799
73761	0.000678074482
73762	0.0073774433
73763	0.001026426186
73764	0.0096271825
73765	0.0007490623446
73766	0.0008171421092
73767	0.0003689450175
73768	0.001180218879
73769	0.0009283775162
73770	0.006181777851
73771	0.001349319906
73772	0.005361341342
73773	0.007279617461
73774	0.003357477869
73775	0.002478875276
73776	0.005836524843
73777	0.001971487829
73778	0.006582320633
73779	0.001452545815
73780	0.00266403164
73781	0.003074939687
73782	0.002535579161
73783	0.001598088082
73784	0.01189405825
73785	0.001679171263
73786	0.001170756052
73787	0.002446323486
73788	0.006578841237
73789	0.01270558958
73790	0.002566634152
73791	0.007764449108
73792	0.001377480891
73793	0.006421398454
73794	0.007512018922
73795	0.001364068473
73796	0.0004619823646
73797	0.003620838054
73798	0.00217325558
73799	0.005210041865
73800	0.003855401069
73801	0.002059661829
73802	0.001981050549
73803	0.008434735003
73804	0.002358736192
73805	0.001737755207
73806	0.001660157573
73807	0.006297082714
73808	0.005441903641
73809	0.005673373315
73810	0.001639536717
73811	0.003740527517
73812	0.008991398999
73813	0.006158756108
73814	0.002612427109
73815	0.00328200444
73816	5.547347501e-08
73817	0.0006820553886
73818	0.005913501426
73819	0.001638464319
73820	0.01544230277
73821	0.002367433568
73822	0.01168933386
73823	0.005889336297
73824	0.00614400572
73825	0.0001755210259
73826	0.006487154087
73827	0.005658102843
73828	0.001865877198
73829	0.000279498336
73830	0.002033566957
73831	0.007703666685
73832	0.001853987977
73833	0.00531045604
73834	0.005156514489
73835	0.004734790773
73836	0.004364665833
73837	0.005391932977
73838	0.01018962239
73839	0.0009651693268
73840	0.005048998989
73841	0.002294951222
73842	0.00357830435
73843	0.001586160928
73844	0.005201842601
73845	0.001215944584
73846	0.002905534415
73847	0.001296373754
73848	0.001894419145
73849	0.0093629556
73850	0.007101943308
73851	0.001395257973
73852	0.001602346056
73853	0.0007504794616
73854	0.0005523905416
73855	0.001017367939
73856	0.01021212448
73857	0.001557907517
73858	0.0004721600336
73859	0.0004539224871
73860	0.004737910037
73861	0.004091421497
73862	0.005983163887
73863	0.0009153280753
73864	0.002934812473
73865	0.004090003501
73866	0.01535603918
73867	0.006855263282
73868	0.002952686954
73869	0.0002573290906
73870	0.000571995701
73871	0.001410623739
73872	0.0007326348469
73873	0.001104373471
73874	0.001027882711
73875	0.00272644922
73876	0.004400196452
73877	0.01157022919
73878	0.004601348186
73879	0.0274494853
73880	0.00503357479
73881	0.0009774078032
73882	0.002221794706
73883	0.006160500139
73884	0.002609849418
73885	0.003483011018
73886	0.003083401849
73887	0.008143572246
73888	0.007857872069
73889	0.01181308481
73890	0.0003807119897
73891	0.001388893021
73892	0.005414768293
73893	0.0006012898161
73894	0.006718304519
73895	0.006682695725
73896	0.0001566986592
73897	0.01004626224
73898	0.002540662339
73899	0.00836772578
73900	0.0006129025074
73901	0.01321632969
73902	0.004286061017
73903	0.002401577417
73904	0.002061549099
73905	0.002588782565
73906	0.005018270695
73907	0.01161101404
73908	0.009000178764
73909	0.01713796714
73910	0.003238302932
73911	0.0009095043075
73912	0.0004942391827
73913	0.002150884965
73914	0.004457517022
73915	0.003086180593
73916	0.008997853727
73917	0.006063381673
73918	0.005297778358
73919	0.003728079656
73920	0.0008911518302
73921	0.0003797436679
73922	7.6681882e-05
73923	0.002348673246
73924	0.003441776187
73925	0.01102821488
73926	0.004950456996
73927	2.723117788e-05
73928	0.01052707075
73929	0.0001001084021
73930	0.005477853229
73931	0.001944650421
73932	0.0008020732125
73933	0.008945489775
73934	0.006809217581
73935	0.008461207012
73936	0.008394630972
73937	0.001832145406
73938	0.0123486087
73939	0.002302267981
73940	0.0002744861597
73941	0.003491596743
73942	0.001316877876
73943	0.001973196346
73944	0.0008512552188
73945	0.002342485515
73946	0.002426884311
73947	0.004072778563
73948	6.140092347e-09
73949	0.01280199224
73950	0.001762087168
73951	0.00163956233
73952	0.00631427968
73953	0.002497515385
73954	0.006391620353
73955	0.02858432369
73956	0.01742752459
73957	0.001726241141
73958	0.0009661047549
73959	0.004654602119
73960	0.002263333868
73961	0.008257083905
73962	0.01307327216
73963	0.01322758764
73964	0.01535419598
73965	0.003073991599
73966	0.006957415309
73967	0.008910040054
73968	0.003572293249
73969	0.002699257676
73970	0.00159966758
73971	0.005278344728
73972	0.01098422121
73973	0.00640777764
73974	0.007998083189
73975	0.006513325014
73976	0.01169425118
73977	0.0007859318747
73978	0.0154458205
73979	0.001631557539
73980	0.0001430656271
73981	0.01116675727
73982	0.006995425608
73983	0.003124580475
73984	0.01584240021
73985	0.003555066577
73986	0.00851487481
73987	0.001363696928
73988	0.0004176133329
73989	0.0002941470231
73990	0.003681461667
73991	0.00797501454
73992	0.01146072392
73993	0.01351873302
73994	0.005405462153
73995	0.005678805517
73996	0.008624714133
73997	0.0005490676113
73998	0.00447458595
73999	0.009568634248
74000	0.007117011189
74001	0.003518680585
74002	0.002611377878
74003	0.003566011045
74004	0.00483968119
74005	0.004482231999
74006	0.009207709646
74007	0.002177371724
74008	0.003562864335
74009	0.005413826742
74010	0.00274882443
74011	0.01405487488
74012	0.002964194229
74013	0.007968300071
74014	0.003994133971
74015	0.007441960189
74016	0.004079550296
74017	0.01121690143
74018	0.007846120033
74019	0.008533698826
74020	0.004088320954
74021	0.005341949306
74022	0.003856348444
74023	0.0230630734
74024	0.0009856093537
74025	0.008271361788
74026	0.002085222807
74027	0.004188692134
74028	0.0002705465951
74029	0.02105493283
74030	0.003639833646
74031	0.00655176373
74032	0.006501908282
74033	0.001600097728
74034	0.0001868318083
74035	0.003463766666
74036	0.0001580983486
74037	0.008135556088
74038	0.005469177313
74039	0.001071596016
74040	0.001436634199
74041	0.008477910887
74042	0.01109568669
74043	0.0004468144748
74044	0.00237086182
74045	0.003320872951
74046	0.001790472844
74047	0.0004145526507
74048	0.004193310709
74049	0.01152535168
74050	0.0005878715639
74051	0.001570225806
74052	0.005476701031
74053	0.003405956653
74054	0.008984321841
74055	0.004173693631
74056	0.00614839021
74057	0.00870459856
74058	0.001046251166
74059	0.00384764743
74060	0.007864305546
74061	0.003613270217
74062	0.002149885727
74063	0.007287132837
74064	0.01262444808
74065	0.007807450107
74066	0.0004065338115
74067	0.008832975266
74068	0.005490122493
74069	0.0009433043437
74070	0.009973019239
74071	0.0007822033398
74072	0.0007676211577
74073	0.001381410943
74074	0.003729336025
74075	0.007687880374
74076	0.0005373719384
74077	0.001644036646
74078	0.0005131324027
74079	7.294331279e-05
74080	0.001940134546
74081	0.001646091072
74082	0.00134995539
74083	0.00175879746
74084	0.0001790317378
74085	0.0009937857554
74086	0.005387540641
74087	0.008046070745
74088	0.0003763274879
74089	0.006763754233
74090	0.001788671979
74091	0.002550997641
74092	0.008067693353
74093	0.003195632307
74094	0.002597941527
74095	0.02013422227
74096	0.002595252554
74097	0.004332354445
74098	0.001997766537
74099	0.00129948267
74100	0.003598007104
74101	0.005112753252
74102	0.002102591515
74103	0.005125671872
74104	0.006817537577
74105	0.0009753096374
74106	0.00393017939
74107	0.00496894563
74108	0.003681011112
74109	0.0008273873364
74110	0.005266574899
74111	0.004035243418
74112	0.01274429252
74113	0.001065748991
74114	0.005814265376
74115	0.005637097209
74116	0.008680685505
74117	0.006686494761
74118	0.009103008198
74119	0.01145240939
74120	0.006947063058
74121	0.001343339165
74122	0.004917849917
74123	0.004536176492
74124	0.004423583566
74125	0.0002650373208
74126	0.006025897544
74127	0.006739169414
74128	0.008811804047
74129	0.006708770215
74130	0.003003200319
74131	0.003980550875
74132	0.0006559020762
74133	0.01394232568
74134	0.005426945701
74135	0.005962899107
74136	0.001506937966
74137	0.01058346069
74138	0.01325610605
74139	0.00436185986
74140	0.009562338383
74141	0.004320813165
74142	0.003486851105
74143	0.002263084249
74144	0.001857050726
74145	0.01228100625
74146	0.02306424127
74147	0.003502833286
74148	0.002482834169
74149	0.004478312836
74150	0.01056378854
74151	0.009778366067
74152	0.0003808073194
74153	0.01225125867
74154	0.003180111701
74155	0.0109026124
74156	0.003804343436
74157	0.002959051053
74158	0.004311958403
74159	0.01068710555
74160	0.003348107036
74161	0.006932765037
74162	0.001799499278
74163	0.01121417503
74164	0.0005826991596
74165	0.006095936652
74166	0.003586195359
74167	5.330580047e-05
74168	0.003474369114
74169	0.004796310198
74170	0.0004304173087
74171	0.01349995178
74172	0.001446912218
74173	0.001271327275
74174	0.000175425088
74175	0.01041647735
74176	0.01555491607
74177	0.002611660137
74178	0.003717787726
74179	0.002685962704
74180	0.002463277961
74181	0.006979725525
74182	0.0004923549429
74183	0.02072631234
74184	0.0002357584449
74185	0.008502124616
74186	0.002187358192
74187	0.001997382227
74188	0.01493435226
74189	0.002156790933
74190	0.000843662933
74191	0.0007090540712
74192	0.007459399425
74193	0.003438800991
74194	0.008603410688
74195	0.002074710435
74196	0.008847760989
74197	0.000675173988
74198	0.004268219557
74199	0.001691652952
74200	0.008796747472
74201	0.002239890829
74202	0.00754419649
74203	0.003732538828
74204	0.0006776967449
74205	0.003113155821
74206	0.009279553013
74207	0.002569821811
74208	0.003671508603
74209	0.008846001576
74210	0.01717704883
74211	0.005442022025
74212	0.01017030209
74213	0.00809487758
74214	0.006568547835
74215	0.0007472905945
74216	0.008663796134
74217	0.003138703414
74218	0.00428205919
74219	0.008460275974
74220	0.003059733948
74221	0.01070026822
74222	0.006166847335
74223	0.01153943936
74224	0.005725201108
74225	0.007423177567
74226	0.005106317386
74227	0.0021384689
74228	0.01089591215
74229	0.002773416514
74230	0.001494777595
74231	0.00771963629
74232	0.009954811468
74233	0.003375915826
74234	0.0009972682529
74235	0.007513489543
74236	0.006069206197
74237	0.00126682112
74238	0.001366157213
74239	0.008137255187
74240	0.00856939154
74241	0.004319726534
74242	2.583968632e-05
74243	0.005524670169
74244	0.01179390746
74245	0.002302002562
74246	0.007498126856
74247	0.006180405226
74248	0.0003689760767
74249	0.0004175037714
74250	6.203234305e-05
74251	0.001855677956
74252	0.002256186752
74253	0.01025286339
74254	0.007695428345
74255	0.005100325801
74256	0.007843562542
74257	0.006264545422
74258	0.01092784493
74259	0.007162585015
74260	0.01722604325
74261	0.00889361498
74262	0.0004933962207
74263	0.01047416315
74264	0.01179871066
74265	0.0001922759407
74266	0.0002897309707
74267	0.002002643813
74268	0.005709932454
74269	0.001175598511
74270	0.005838475346
74271	0.002294980893
74272	0.001894741182
74273	0.0004794839517
74274	0.005235365123
74275	0.003573679999
74276	0.002107941839
74277	0.001020551646
74278	0.0009444156126
74279	0.0003572013126
74280	0.00177928201
74281	0.002245287275
74282	0.0073850573
74283	0.01271455471
74284	0.01693045747
74285	0.01771955474
74286	0.0008977247049
74287	0.003869142585
74288	0.001576249464
74289	0.001800954539
74290	0.008840784007
74291	0.007541259678
74292	7.508709243e-05
74293	0.001871265413
74294	0.005802547783
74295	0.0006048961176
74296	0.008167045782
74297	0.00199386404
74298	0.002850917221
74299	0.008437693365
74300	0.01929058697
74301	0.005864468445
74302	0.0005556865307
74303	0.005422674636
74304	0.0001601079204
74305	0.004908293757
74306	0.004904210052
74307	0.009371659885
74308	0.004427116138
74309	0.01563631204
74310	0.0008664547264
74311	0.0001097512008
74312	0.006798350249
74313	0.009390457158
74314	0.004210923051
74315	0.0001866418096
74316	0.007030850258
74317	0.001729189587
74318	0.005278981228
74319	0.001711988517
74320	0.01210780141
74321	0.005581741111
74322	0.004551493665
74323	0.005540381345
74324	0.007080474858
74325	0.006385654036
74326	0.0001718732074
74327	0.004739592576
74328	0.004605178418
74329	0.005794288317
74330	0.0006268782948
74331	0.0006841904552
74332	0.007932253262
74333	0.0001589566756
74334	0.0005214189322
74335	0.0001587990806
74336	0.007686643068
74337	0.004165430843
74338	0.003769696424
74339	0.002663005779
74340	0.01075682397
74341	0.008141785912
74342	0.0009912690092
74343	0.0006180795595
74344	0.00902498742
74345	0.0004156822365
74346	0.001088470011
74347	0.004067853416
74348	0.01261890624
74349	0.007292390696
74350	0.0008987462481
74351	0.01319020439
74352	0.004368189878
74353	0.006863078531
74354	0.01145015761
74355	0.0001708272063
74356	0.006362958368
74357	0.0007492252587
74358	0.007354031217
74359	0.01079484458
74360	0.01479873266
74361	0.005860476958
74362	0.0009264597787
74363	0.007698451586
74364	0.007365398551
74365	0.0005523670591
74366	0.007514723439
74367	0.006399851203
74368	0.001974811013
74369	0.007667936099
74370	0.0009238877424
74371	0.002970483212
74372	0.00717295287
74373	0.01208615662
74374	0.01584285426
74375	0.008591304488
74376	0.002696960798
74377	0.01573220512
74378	0.00243284919
74379	0.004685844099
74380	0.002554761349
74381	0.008323952419
74382	0.003785579311
74383	0.00164676875
74384	0.01408966097
74385	0.002704782348
74386	0.01708679567
74387	0.002559337421
74388	0.002581879778
74389	0.007920205917
74390	0.001935417428
74391	0.01559029098
74392	0.01068569261
74393	0.001397089965
74394	0.008341739707
74395	2.853900155e-05
74396	0.01402093504
74397	0.01997810057
74398	0.003433401699
74399	0.003960804637
74400	0.00508654615
74401	0.01201205541
74402	0.001015464673
74403	0.0007188875936
74404	0.00287926251
74405	0.00230655913
74406	0.002120281229
74407	0.001666552195
74408	0.01508599474
74409	0.01092262326
74410	0.008761287659
74411	0.003586823274
74412	0.0002057135392
74413	0.001212407352
74414	0.000956609299
74415	0.003678244726
74416	0.005661915154
74417	0.00973339649
74418	0.01258196159
74419	0.0003992301044
74420	0.007717821129
74421	0.008801148575
74422	0.01072856399
74423	0.001123311601
74424	0.009150657836
74425	0.02074339906
74426	0.00277872689
74427	0.01473493771
74428	0.01384455064
74429	0.004589315388
74430	0.007055986232
74431	0.004307021262
74432	0.0009362080667
74433	0.005972301668
74434	0.0009395453324
74435	0.004682227466
74436	0.003164318539
74437	0.0001388779232
74438	0.001960923443
74439	0.00986586172
74440	0.01642594571
74441	0.004014639874
74442	0.004668406413
74443	0.003971838488
74444	0.01021159639
74445	0.001420516506
74446	0.001931175467
74447	0.006246969927
74448	0.01717639832
74449	0.01024052881
74450	0.003871407897
74451	0.004914388183
74452	0.001754972584
74453	0.00541990894
74454	0.002170820242
74455	0.01326029856
74456	0.007551125707
74457	0.003646273129
74458	0.004351053924
74459	0.0003365556327
74460	0.0004644766015
74461	0.004409330193
74462	0.005796374505
74463	0.01470485667
74464	0.008243589236
74465	0.002048366378
74466	0.002028385462
74467	0.002692583486
74468	0.004311741141
74469	0.00671602058
74470	0.004557345345
74471	0.01011188717
74472	0.00875000766
74473	0.0009792418977
74474	0.01181290176
74475	0.0009772392547
74476	0.006138044453
74477	0.001059803333
74478	0.0008971056798
74479	0.007551767676
74480	0.009461506684
74481	0.005350301843
74482	0.002253131692
74483	0.01832353496
74484	1.940621763e-05
74485	0.003923430487
74486	0.003119932472
74487	0.01084067311
74488	5.407413256e-05
74489	0.001605414217
74490	0.00015727855
74491	0.009983183955
74492	0.001647123493
74493	0.01275962301
74494	0.003289376535
74495	0.01187445918
74496	0.0006700563183
74497	0.01392029854
74498	0.0113561992
74499	0.007988074026
74500	0.003394125791
74501	0.0007425278624
74502	0.0008957263008
74503	0.003183672034
74504	0.002953881886
74505	0.0009989790482
74506	0.003094087654
74507	0.0002176833576
74508	0.003853411876
74509	0.0233093012
74510	0.002774519389
74511	0.002287424643
74512	0.003175929299
74513	0.004075124283
74514	0.001145059604
74515	0.0122809679
74516	0.01141963255
74517	0.003465521384
74518	0.001607216245
74519	0.001217636131
74520	0.000922323119
74521	0.002328746315
74522	0.001196839042
74523	0.006660482222
74524	0.00482565068
74525	0.007353206116
74526	0.001782065708
74527	0.01338285028
74528	0.001461878022
74529	0.003017795692
74530	0.0001593018828
74531	0.003809179779
74532	0.02049087402
74533	0.0003853877531
74534	0.0006180918176
74535	0.005110984379
74536	0.005018500974
74537	0.00116089739
74538	0.005798461343
74539	0.01545136827
74540	0.01206512752
74541	0.0003548743267
74542	0.001464942216
74543	0.001172538949
74544	0.001191839459
74545	0.005790520449
74546	0.002579868956
74547	0.004260173591
74548	0.002324014618
74549	0.002362458826
74550	0.001313682179
74551	0.00721437656
74552	0.004121918656
74553	0.0003959832483
74554	0.001790825306
74555	0.001188965033
74556	0.001300174893
74557	0.004350653516
74558	0.001148763455
74559	0.01088740269
74560	0.004379328411
74561	0.000834729183
74562	0.0106644239
74563	0.0003060503312
74564	0.001775231436
74565	0.009937442608
74566	0.001534693849
74567	0.004378271761
74568	0.008571542811
74569	0.006118957303
74570	0.01679435449
74571	0.004536015175
74572	0.01416254205
74573	0.001802017708
74574	0.01364219978
74575	0.009411498901
74576	0.00528886002
74577	0.001308801737
74578	0.006393560219
74579	0.006577227865
74580	0.002417159755
74581	0.005488967346
74582	0.0008326357427
74583	0.01602550292
74584	0.02119293485
74585	0.004732118974
74586	0.01119328699
74587	0.001046045452
74588	0.001561342124
74589	0.007007122572
74590	0.004776705577
74591	0.004029266091
74592	0.01155640107
74593	0.004881982406
74594	0.005550120707
74595	0.001168168324
74596	0.003149141983
74597	0.001713531952
74598	0.001679673482
74599	0.01349654429
74600	0.002387237752
74601	0.01261955751
74602	0.00324280774
74603	0.0003274198978
74604	0.0004371960008
74605	0.0005361808868
74606	0.001489917202
74607	0.0005845010649
74608	0.01163508828
74609	0.001102974942
74610	0.0007186755824
74611	0.002119297862
74612	0.00300998516
74613	0.003849016996
74614	0.001110665172
74615	0.001467555581
74616	0.003980972084
74617	0.0006276074269
74618	0.0009196841816
74619	0.009271851263
74620	0.001111473929
74621	0.004207831022
74622	0.0003920825522
74623	0.0002784042357
74624	0.01532801689
74625	0.001597750294
74626	0.001194689011
74627	0.0009297915698
74628	0.004149456947
74629	0.01226871079
74630	0.0003547778452
74631	0.001418572638
74632	0.01015894211
74633	0.003961326352
74634	0.01006183915
74635	0.009308112104
74636	0.001851559701
74637	0.00258692498
74638	0.003430331638
74639	0.002019167625
74640	0.005238958753
74641	0.003891002646
74642	0.001151089726
74643	0.009276019191
74644	0.002370778171
74645	0.002092206551
74646	0.002684749133
74647	0.001955446465
74648	0.0007526983497
74649	0.001027204929
74650	0.009377956545
74651	0.001723923593
74652	0.001368214673
74653	0.001915756907
74654	0.002265821003
74655	0.01642212728
74656	0.01403040635
74657	0.007109747343
74658	0.003372084275
74659	0.008457248362
74660	0.003106856289
74661	0.001597428455
74662	0.004044991268
74663	0.0005242120309
74664	0.001094541943
74665	0.0007652898156
74666	5.119473996e-06
74667	0.0003584022866
74668	0.001439117256
74669	0.0003244302475
74670	0.001420766366
74671	0.001402007575
74672	0.01762112346
74673	0.00155406478
74674	0.007464193466
74675	0.001433067417
74676	0.0004650265622
74677	0.003752727179
74678	0.001112148124
74679	0.0002975568687
74680	0.0009146938361
74681	0.009280928399
74682	0.0009324796049
74683	0.0008875469844
74684	0.002008146304
74685	0.01071646679
74686	0.001563067547
74687	0.002263256152
74688	0.0007111168902
74689	0.0002930855502
74690	0.001420664557
74691	0.000813960246
74692	0.001175959762
74693	0.009644090173
74694	0.00844479953
74695	0.001984000109
74696	0.001872223985
74697	0.0004212071419
74698	0.001961296549
74699	0.001643002889
74700	0.000265153503
74701	0.01002022849
74702	0.0002703634591
74703	0.002068934055
74704	0.001357947693
74705	0.008293925841
74706	0.007298684104
74707	0.001148212195
74708	0.005251831816
74709	0.001179035262
74710	0.001502428214
74711	0.001270283989
74712	0.003230890787
74713	0.01181183718
74714	0.0001210191074
74715	0.00175015783
74716	0.0001793974668
74717	0.002965648673
74718	0.002611238095
74719	0.0006951894335
74720	0.001306929349
74721	0.002051092269
74722	0.007275294041
74723	0.001926700565
74724	0.003636519798
74725	0.0001582283249
74726	0.0007369199717
74727	0.01431642135
74728	0.005730330412
74729	0.001542087487
74730	9.307257431e-05
74731	0.0001639006632
74732	0.001936824839
74733	0.008043312822
74734	0.002858745441
74735	0.0008984326788
74736	0.003215297243
74737	0.00193515839
74738	0.0007226373146
74739	0.002577242489
74740	0.001054699123
74741	0.0002499723501
74742	0.0004950916139
74743	0.009011665785
74744	0.001066366727
74745	0.001443068902
74746	0.001158918918
74747	0.002954354372
74748	0.003912390158
74749	0.001114374873
74750	0.0003064249306
74751	0.000989344901
74752	0.001038662462
74753	0.007362321985
74754	0.0001706812299
74755	0.01181867386
74756	0.002736851935
74757	0.0004142622479
74758	0.004499668965
74759	0.001219589163
74760	0.003446111414
74761	0.003006142289
74762	0.001141970153
74763	0.001552352392
74764	0.003407449522
74765	0.0009342352495
74766	0.0007722123129
74767	0.004633227671
74768	0.0004937615942
74769	0.00435176526
74770	0.00130895796
74771	0.0004389591431
74772	0.008597027201
74773	0.01460122897
74774	0.008068812405
74775	0.006040445921
74776	0.000648658266
74777	0.001075488898
74778	0.001618148439
74779	0.01411772907
74780	0.0005477010983
74781	0.004165278531
74782	0.01859611377
74783	0.006920359302
74784	0.004470401095
74785	0.000813732255
74786	0.0005710136331
74787	0.0002219726372
74788	0.0002327806743
74789	0.002366633882
74790	0.01433322868
74791	0.002902466019
74792	2.402693505e-05
74793	0.0009682839922
74794	0.002822025491
74795	0.001863626755
74796	0.009178928283
74797	0.001994134977
74798	0.0003776868736
74799	0.0005976043577
74800	0.006268465926
74801	0.001192828799
74802	0.009626116901
74803	0.001950641332
74804	0.0001775820189
74805	0.002167043745
74806	0.004691544279
74807	0.0006401539954
74808	0.0004861272032
74809	0.001540102473
74810	0.0005104280335
74811	0.01179945883
74812	0.001552970602
74813	0.0006475397215
74814	0.0006271932979
74815	0.005427389268
74816	0.0004310273739
74817	0.002012997898
74818	0.0003484663463
74819	0.004189226784
74820	0.004589624894
74821	0.000546615469
74822	0.02076504744
74823	0.006821077671
74824	0.001734447088
74825	0.01120232333
74826	0.004516398462
74827	0.0003552302214
74828	0.006615051308
74829	0.005568815202
74830	0.00184916686
74831	0.006663619318
74832	0.002299985229
74833	0.00929768945
74834	0.002706590109
74835	0.0004691258385
74836	0.0100967077
74837	0.001113473581
74838	0.001090266213
74839	0.001683743937
74840	0.006203314363
74841	0.002962653655
74842	0.001755435668
74843	0.01206308816
74844	0.01666314516
74845	0.001023551079
74846	0.0006955848297
74847	0.001605126333
74848	0.0002119923617
74849	0.004133892486
74850	0.01036400024
74851	0.005682551311
74852	0.01177195969
74853	0.002662416183
74854	0.005645149901
74855	0.00210488512
74856	0.001941877504
74857	0.0006458186404
74858	0.005243430067
74859	0.009325400507
74860	0.0003246482682
74861	0.0009972232322
74862	0.0001455710559
74863	0.0002455560286
74864	0.002216422891
74865	0.003240793308
74866	0.008251897949
74867	0.009900538538
74868	0.001933303133
74869	0.003077469511
74870	0.000278424385
74871	0.0001725022338
74872	0.002278454864
74873	0.001069052799
74874	0.0008275967882
74875	0.007233639515
74876	0.002163393874
74877	0.001175033573
74878	0.0004233557598
74879	0.007095750088
74880	0.0009444003838
74881	0.001058471726
74882	0.00209557161
74883	0.01996241966
74884	0.005365574698
74885	0.006966910616
74886	0.001299307252
74887	0.006219859792
74888	0.006175939805
74889	0.001015052382
74890	0.001584578358
74891	0.009130361113
74892	0.001939046113
74893	0.0009316135837
74894	0.003010491794
74895	0.003699843065
74896	0.0030695965
74897	0.0006422152236
74898	0.0001450601001
74899	0.002849423425
74900	0.0003371219414
74901	0.0092925665
74902	0.0009393033622
74903	0.001782746151
74904	0.008728884215
74905	0.001348731392
74906	0.0003382109364
74907	0.00407483852
74908	0.001725697152
74909	0.001950529317
74910	0.001198713723
74911	0.008766867018
74912	0.004092876975
74913	0.001488783322
74914	0.003423591574
74915	0.0006845072427
74916	0.001643858453
74917	0.0005234541873
74918	0.002591190219
74919	1.642470393e-05
74920	0.006238204384
74921	0.0008057315602
74922	0.002960853124
74923	0.0006314540663
74924	0.0008551393422
74925	0.0003681976391
74926	0.006878289854
74927	5.538798665e-05
74928	0.0002800866541
74929	0.001053196099
74930	0.002154613856
74931	0.00127664943
74932	0.0009809164527
74933	0.0006762767627
74934	0.0007592534986
74935	0.005787294342
74936	0.0006309567544
74937	3.007257908e-05
74938	0.0003765006603
74939	0.0007764259703
74940	0.001519064469
74941	0.0007080462274
74942	3.749816859e-05
74943	0.0004458288035
74944	0.00104592007
74945	6.762856323e-05
74946	0.0002128403886
74947	0.001254592207
74948	0.001311886095
74949	0.001143800319
74950	0.0009346131165
74951	0.000289991375
74952	0.0009611857776
74953	0.007884628981
74954	0.00185799182
74955	0.003551975249
74956	0.004672870263
74957	0.004705535604
74958	0.001773550308
74959	0.005542944786
74960	0.00446019512
74961	0.0007389328434
74962	0.001955613226
74963	0.0008810645498
74964	0.0009387285567
74965	0.0003949953362
74966	0.002905564141
74967	0.0005500648279
74968	0.005187351795
74969	0.006057692417
74970	0.002312601578
74971	0.002478159892
74972	0.00026176614
74973	0.0007682817722
74974	0.0008797926706
74975	0.004160210828
74976	0.0006012731763
74977	0.001137615665
74978	0.0004248655494
74979	0.0008415200027
74980	0.005376930281
74981	0.001152197983
74982	4.25304893e-05
74983	0.0009682230115
74984	0.001967044977
74985	0.000338907445
74986	0.005920655925
74987	0.004566781519
74988	0.002413628968
74989	0.0007020699401
74990	0.003598575112
74991	0.001643409482
74992	0.001931610014
74993	0.001111623321
74994	0.004852749008
74995	0.00275205368
74996	0.000982583269
74997	2.582726054e-05
74998	0.002573815243
74999	0.003409769974
75000	0.0118543851
75001	0.001118310282
75002	0.004892926902
75003	0.003294235256
75004	0.001162574758
75005	0.006934760766
75006	0.004212959613
75007	0.00867712843
75008	0.005586335406
75009	0.008525878216
75010	0.0004703587367
75011	0.005826616208
75012	0.0001036124105
75013	0.003144885066
75014	0.0002109782122
75015	8.466719838e-05
75016	0.001331276703
75017	0.01838458035
75018	0.009561825501
75019	0.0004784082769
75020	0.005760222573
75021	0.0002916746881
75022	0.0004437593173
75023	4.124114786e-05
75024	0.001462303162
75025	0.0001292629572
75026	0.01034452129
75027	0.005432093252
75028	0.006507446411
75029	0.002883513262
75030	0.002193788655
75031	0.002049308928
75032	0.001706636314
75033	0.0004799865304
75034	0.001099009452
75035	0.004739810401
75036	0.001265534404
75037	0.001100872526
75038	0.0007377217599
75039	0.01673886986
75040	0.00415662078
75041	0.002068755476
75042	0.0004189728012
75043	0.0001407264348
75044	0.001445113372
75045	0.00132038695
75046	0.008286511978
75047	0.0005095798295
75048	0.001090224765
75049	0.0002129434146
75050	0.000552255964
75051	0.001613529182
75052	0.002477716198
75053	0.0109877219
75054	6.721034197e-05
75055	0.000573960252
75056	0.001305452042
75057	0.01055806253
75058	2.255383736e-05
75059	0.0006210819422
75060	0.008432048169
75061	0.0004702675528
75062	0.00188965514
75063	0.002317600344
75064	0.001994321436
75065	0.002934942682
75066	0.00426165964
75067	0.0007986395336
75068	0.0009260865027
75069	0.00173992081
75070	0.0003825625942
75071	0.001203105975
75072	0.002519398531
75073	0.0009553601521
75074	0.01423283201
75075	0.004350852172
75076	0.02606240551
75077	0.002441346323
75078	0.00453870127
75079	0.00413061693
75080	0.005072481336
75081	0.001299209803
75082	0.00796387913
75083	0.001653048107
75084	0.005628040105
75085	0.002913426173
75086	0.005077909394
75087	0.001398683578
75088	0.00272993604
75089	0.01024262572
75090	0.007355396106
75091	0.001374966011
75092	0.000911636392
75093	0.002756341831
75094	0.001204818183
75095	0.003911049879
75096	0.001970898239
75097	0.0003375541568
75098	0.0006818790234
75099	0.001052680883
75100	0.00606903473
75101	0.0002583005895
75102	0.001717895364
75103	0.0004188970871
75104	0.0006155623952
75105	0.004353882354
75106	0.0007490427284
75107	0.0002406200053
75108	0.004047713691
75109	0.008037397902
75110	0.006012934782
75111	0.001206779629
75112	0.0008249219034
75113	0.002021258521
75114	0.001080715384
75115	0.005873080775
75116	0.001375770873
75117	0.0001245562844
75118	0.0051721847
75119	0.007325889188
75120	0.0003324920493
75121	0.001036851142
75122	0.001094142782
75123	0.002459914278
75124	0.002918728343
75125	0.001924926939
75126	0.009791721438
75127	0.001808131156
75128	0.006325020321
75129	0.0009687578784
75130	0.0006230227322
75131	0.0008739146427
75132	0.0031619811
75133	0.005581443179
75134	0.0002671893499
75135	0.01074078921
75136	0.001802670502
75137	0.008778557684
75138	0.0005065905193
75139	0.0006894201309
75140	0.003983607146
75141	0.00463253056
75142	0.001133640375
75143	0.001466239412
75144	0.0001101304658
75145	0.001250972815
75146	0.01765094921
75147	0.0003169852627
75148	0.004152368147
75149	9.699765677e-05
75150	0.001027150627
75151	0.01799643017
75152	0.001143970733
75153	0.001238617503
75154	7.608115901e-05
75155	0.0003035796027
75156	0.005425399948
75157	0.01059459389
75158	0.003493623421
75159	0.0074353186
75160	0.001938482501
75161	0.0005908060247
75162	0.006703571281
75163	0.001445939875
75164	0.003310286863
75165	4.661103802e-05
75166	0.002662842583
75167	0.002037150655
75168	0.006080971286
75169	0.001645139419
75170	0.003184496302
75171	0.002489461715
75172	0.001044616778
75173	0.006869834964
75174	0.003278106348
75175	0.001325994379
75176	0.000993951917
75177	0.007834832144
75178	0.0003693768579
75179	0.0003387930335
75180	0.0019967664
75181	0.00272025729
75182	0.0002280824425
75183	0.004256834872
75184	0.004496662254
75185	0.01288263875
75186	0.001253490812
75187	0.0003147851309
75188	0.0005365746437
75189	0.006974254932
75190	0.00114445511
75191	0.001722570238
75192	0.001616401419
75193	0.002195767114
75194	0.004853140612
75195	0.002870893364
75196	0.002129753527
75197	0.002304605831
75198	0.002272183533
75199	0.001534310717
75200	0.00264219766
75201	0.001723332816
75202	0.01013930673
75203	0.0008280915101
75204	0.003488837049
75205	0.001049274485
75206	0.001953103681
75207	0.001724334067
75208	0.00707122662
75209	0.001678760896
75210	0.007093897579
75211	0.002665941938
75212	0.0004298440956
75213	0.004635184225
75214	0.005165768731
75215	0.002507787844
75216	0.02278627635
75217	0.0004533554619
75218	0.005204690038
75219	0.009012335937
75220	0.006595064349
75221	0.01932809758
75222	0.007625903945
75223	0.001172965285
75224	0.0007974741654
75225	0.002453660812
75226	0.00127161969
75227	0.003756815455
75228	0.004941949713
75229	0.008456735658
75230	0.0115650743
75231	0.004020264147
75232	0.0008042590134
75233	0.008737250583
75234	0.0004804960246
75235	0.002189501221
75236	0.007734202973
75237	0.0150913486
75238	0.01193391341
75239	0.008175040331
75240	0.002927647993
75241	0.0008838113318
75242	0.0003513833329
75243	0.01801048927
75244	0.00152557287
75245	0.000510525277
75246	0.006925890797
75247	0.006757506575
75248	0.001787298033
75249	0.001041668641
75250	0.0004662332561
75251	0.01118227846
75252	0.0005459397585
75253	0.002204503313
75254	0.01067828247
75255	0.007704880669
75256	0.007741576504
75257	0.006196937408
75258	0.001860106484
75259	0.001190245726
75260	0.002085811969
75261	0.003517397002
75262	0.0001592700124
75263	0.0005641969297
75264	0.0003047627891
75265	0.0001476426594
75266	0.0008756171233
75267	0.000581969566
75268	0.0007719985491
75269	0.009041125932
75270	0.00216787213
75271	0.005179317823
75272	0.004968285788
75273	0.0002648655733
75274	0.001933316416
75275	0.001317459522
75276	0.004606610376
75277	0.01135868574
75278	0.002723063502
75279	0.02118726048
75280	0.0007407904677
75281	0.005300659723
75282	0.002716485312
75283	0.01799895258
75284	0.00568485317
75285	0.00289224268
75286	0.0004812283763
75287	0.008578243559
75288	0.007633106401
75289	0.00175180328
75290	0.005220913344
75291	0.007122737762
75292	0.0001311535194
75293	0.005215649071
75294	0.002055212719
75295	0.02663179212
75296	0.002799564835
75297	0.01884251471
75298	0.00311232021
75299	0.002405889006
75300	0.02003065352
75301	0.01801045066
75302	0.01030413722
75303	0.001280321959
75304	0.00114329162
75305	0.0003397360266
75306	0.0009822143834
75307	0.002869058312
75308	0.0005938081276
75309	0.0007227275592
75310	0.0007510966293
75311	0.00255471724
75312	0.0009985730691
75313	0.003353567254
75314	0.0092409565
75315	0.01195870851
75316	0.007420051125
75317	0.002465667607
75318	0.002241148449
75319	0.001363732882
75320	0.006459991177
75321	0.00810111876
75322	0.005039179111
75323	0.002341298957
75324	0.0003889903046
75325	0.005450598744
75326	0.007333500634
75327	0.0007957838769
75328	0.01681252396
75329	0.003764526885
75330	0.0006412823288
75331	0.001588047716
75332	0.01494419911
75333	0.005153905904
75334	0.007494264026
75335	0.01053564233
75336	0.007166911305
75337	0.008170011875
75338	0.001291279345
75339	0.01916675655
75340	0.004615804936
75341	5.707488165e-05
75342	0.01007695839
75343	0.0001021274886
75344	0.00191189077
75345	0.002724715959
75346	0.01139570189
75347	0.001793387529
75348	0.00628329217
75349	0.01410721964
75350	0.01873977682
75351	0.001855147859
75352	0.009826518858
75353	0.001435259634
75354	0.01077690844
75355	0.002764024766
75356	0.002426144376
75357	0.001998128443
75358	0.005705062215
75359	0.005357295183
75360	0.005968194686
75361	0.002719814757
75362	0.002231558015
75363	0.01053957069
75364	0.003606791239
75365	0.001382818795
75366	0.0008133905541
75367	0.005821064681
75368	0.001467385449
75369	0.004719809524
75370	0.002429527354
75371	0.005609234986
75372	0.002562662815
75373	0.005754873261
75374	0.0003274667057
75375	0.01041289201
75376	0.00306178111
75377	0.0008318126434
75378	0.002214387849
75379	0.002768868833
75380	0.008074280637
75381	0.00901145837
75382	0.007884551844
75383	0.00341708781
75384	0.004037469164
75385	0.01155464021
75386	0.0009303787235
75387	0.0004165139781
75388	0.007241261678
75389	0.005417795236
75390	0.002270955931
75391	0.009877971999
75392	0.005955428812
75393	0.01318263035
75394	0.00479023768
75395	0.005327337606
75396	0.01630139312
75397	0.02294090504
75398	0.00205530824
75399	0.0128797465
75400	0.003859835811
75401	0.002348522211
75402	0.001722998324
75403	0.002690703561
75404	0.005446346622
75405	0.006994791092
75406	0.00193354355
75407	0.004242463909
75408	0.004739732674
75409	0.005721409326
75410	0.00617925996
75411	0.003618122851
75412	0.0186558888
75413	0.004677047704
75414	0.0002486896717
75415	0.002997176823
75416	0.007062247382
75417	0.01603479099
75418	5.125032248e-05
75419	0.002508593687
75420	0.006330625486
75421	0.01054089512
75422	0.01320090136
75423	0.003229560207
75424	0.006444562263
75425	0.006380590653
75426	0.002198476124
75427	0.002904221985
75428	0.004953708118
75429	0.0113649546
75430	0.006668547508
75431	0.002324917167
75432	0.0005800089121
75433	0.000273266547
75434	0.0003680265186
75435	0.0004865479245
75436	0.001202275476
75437	0.02368962357
75438	7.604048021e-05
75439	0.02028399284
75440	0.002156391111
75441	0.005574096879
75442	0.009842275788
75443	0.005704616417
75444	0.001704038124
75445	0.002312468717
75446	0.005040580614
75447	0.005683539382
75448	0.00223726139
75449	0.00190395246
75450	0.005748340346
75451	0.007961402066
75452	0.01225353544
75453	0.003551023973
75454	0.0002058557402
75455	0.01002094441
75456	0.003391834482
75457	0.006865541829
75458	0.008051888709
75459	0.00457330832
75460	0.02183635218
75461	0.01966438682
75462	0.003645356484
75463	0.00354536994
75464	0.00553332601
75465	0.005858420691
75466	0.002989704263
75467	0.001135659344
75468	2.506744731e-05
75469	0.003909360589
75470	0.003499490094
75471	0.005809454667
75472	0.01113863823
75473	0.009249633532
75474	0.003254508844
75475	0.0006562291461
75476	0.00029588241
75477	0.009933422224
75478	0.01347915318
75479	0.00313836407
75480	0.001099918549
75481	0.004313954519
75482	0.002776308866
75483	0.002822023657
75484	6.338558598e-05
75485	0.003493378475
75486	0.003272300121
75487	0.001219484123
75488	0.002330634297
75489	0.00403958392
75490	0.003087497055
75491	0.001421175211
75492	0.006822098179
75493	0.00288195979
75494	0.001920438213
75495	0.001882463581
75496	0.01297958129
75497	0.004606649266
75498	0.01017034287
75499	0.005707636814
75500	0.01632362831
75501	0.006442854162
75502	0.00427305062
75503	0.003432754651
75504	0.004672036454
75505	1.437020773e-05
75506	0.008323926459
75507	0.00394328928
75508	0.005192739435
75509	0.002767447889
75510	0.006855503461
75511	0.004466687642
75512	0.001337634878
75513	0.004000077126
75514	0.005529226973
75515	0.0006021652876
75516	0.002482814465
75517	0.008073352967
75518	0.01463081689
75519	0.002486844145
75520	0.001120829408
75521	0.001260827452
75522	0.0134031863
75523	0.01219920957
75524	0.0004072958094
75525	0.00204866328
75526	0.0003196425006
75527	0.009050901008
75528	0.0004281342309
75529	0.01028157709
75530	0.004278620941
75531	0.00855328985
75532	0.00307412354
75533	0.001451342524
75534	0.003638750413
75535	0.001670764481
75536	0.006813677992
75537	0.009960282386
75538	0.001342174554
75539	0.004007994412
75540	0.009857066489
75541	0.008618995987
75542	0.01344255809
75543	0.0006762967037
75544	0.003990636361
75545	0.008502965899
75546	0.01798066425
75547	0.004911841007
75548	0.01015846534
75549	0.01162224172
75550	0.002864397694
75551	0.004500819343
75552	0.006795500075
75553	0.003923540465
75554	0.008399128675
75555	0.006366653363
75556	0.009562147876
75557	0.004555209485
75558	0.0003136147756
75559	0.00603172973
75560	0.00440284119
75561	0.006583136436
75562	0.006987195007
75563	0.009580982854
75564	0.00622231848
75565	0.004827066203
75566	0.004139835507
75567	0.005128128948
75568	0.001358800777
75569	0.001888692361
75570	0.01110022646
75571	0.0005348500009
75572	0.004211269677
75573	0.001467104368
75574	0.002333462622
75575	0.004533291406
75576	0.0007726941325
75577	0.005058003669
75578	0.02517188571
75579	0.0008736345355
75580	0.01017948454
75581	0.005020446386
75582	6.331061023e-05
75583	0.0004512328186
75584	0.001207208347
75585	0.006648534693
75586	0.002297932911
75587	0.00140406893
75588	0.002973299702
75589	0.00248052503
75590	0.0002451024192
75591	0.00649529699
75592	0.003919203933
75593	0.0003804150975
75594	0.003821699254
75595	0.004793464717
75596	0.004876756321
75597	0.002705116708
75598	0.0013740305
75599	0.00179422497
75600	0.001720151764
75601	0.0005500428073
75602	0.002122981383
75603	0.005439318088
75604	0.007207465742
75605	0.004784300816
75606	0.01022522871
75607	0.008647759394
75608	0.002753668431
75609	0.01288703889
75610	0.00278876973
75611	0.01515680622
75612	0.005293692249
75613	0.002477172456
75614	0.0004372483823
75615	0.004129581904
75616	0.0003558244907
75617	0.001475551813
75618	0.002975025238
75619	0.00617223444
75620	0.005874381487
75621	0.006306564222
75622	0.00238748156
75623	0.007491385344
75624	0.002100357913
75625	0.003168337325
75626	0.004875101609
75627	0.01159164234
75628	0.006886669258
75629	0.01783875864
75630	0.003430964054
75631	0.001350905124
75632	0.005055800854
75633	0.0005609582037
75634	0.006559893956
75635	0.0008750509009
75636	0.004944445634
75637	5.670477941e-05
75638	0.005112143826
75639	0.01437723781
75640	0.002016166701
75641	3.261010771e-06
75642	0.0009519014487
75643	0.003111644075
75644	0.001231896366
75645	0.001149129603
75646	0.01025457055
75647	0.01004989714
75648	0.006098241592
75649	0.02269025698
75650	0.0005903197886
75651	0.007696003608
75652	0.006795984122
75653	0.002625108028
75654	0.002338679124
75655	0.01293642028
75656	0.01223062013
75657	0.005624517835
75658	0.006460748932
75659	0.0008467336336
75660	0.001152790863
75661	0.008715912979
75662	0.01499301716
75663	0.002137182915
75664	0.005613630998
75665	0.00204860484
75666	0.01416710569
75667	0.008964058801
75668	0.003895107287
75669	0.002685705248
75670	0.0006857216639
75671	0.009936976533
75672	6.085496277e-05
75673	0.001008583949
75674	0.003183599782
75675	4.395979927e-05
75676	0.001790183168
75677	0.001001709095
75678	0.001054038673
75679	0.0002220381999
75680	0.0122539918
75681	0.005934248529
75682	0.01461822468
75683	0.002974391801
75684	0.00158134009
75685	0.005469251049
75686	0.0007816249301
75687	0.0008192938787
75688	0.00395833989
75689	0.001955958777
75690	0.001892399474
75691	0.002218358498
75692	0.003702643812
75693	0.001442398695
75694	0.003657144452
75695	0.002443622318
75696	0.000968731216
75697	0.0004664000908
75698	0.001268118008
75699	0.0009145442758
75700	0.01789629261
75701	0.0008001820236
75702	0.004562094827
75703	0.007208766823
75704	0.01303305847
75705	0.002166460283
75706	0.01357937407
75707	0.002330465392
75708	0.001981852297
75709	0.001422302317
75710	0.002244497114
75711	0.001676789784
75712	0.0009716661396
75713	0.003839330904
75714	0.0005694820107
75715	0.001779313136
75716	0.002831527439
75717	0.01266471486
75718	0.008579967414
75719	0.002565045438
75720	0.004267243275
75721	0.0005811107445
75722	0.004320514243
75723	0.001872334845
75724	0.004098701162
75725	0.001970070009
75726	0.001658755918
75727	0.0007137953161
75728	0.002843516961
75729	0.002605524229
75730	0.0180288507
75731	0.005773987248
75732	0.0169063846
75733	0.005176831756
75734	0.01966405342
75735	0.001227396909
75736	0.006885484121
75737	0.002214354599
75738	0.0001570954722
75739	0.00352735347
75740	0.01231546321
75741	0.008448588936
75742	0.002413528591
75743	0.001968769539
75744	0.003240838664
75745	0.003110011406
75746	0.00440272745
75747	0.0007086567974
75748	0.004041020401
75749	0.0002032350392
75750	0.001543556155
75751	0.005617452389
75752	0.00219948334
75753	0.005212346845
75754	0.0005792440754
75755	0.01466991216
75756	0.007647723938
75757	0.006762303328
75758	0.009780656923
75759	0.006634387881
75760	0.009534081251
75761	0.004128973673
75762	0.004806421371
75763	0.01517202904
75764	0.008100812058
75765	0.00172398397
75766	0.00119928224
75767	0.00389655708
75768	0.01497712126
75769	0.007357232885
75770	0.002089634268
75771	0.002102795742
75772	0.01749047279
75773	0.007322738944
75774	0.0002907223796
75775	0.004845049222
75776	0.0009482672616
75777	0.01885036658
75778	0.006475008957
75779	0.002013978047
75780	0.002392552082
75781	0.0006283897992
75782	0.01329066741
75783	0.01247489138
75784	0.005912700249
75785	0.009182382007
75786	0.01847551428
75787	0.001965443479
75788	0.01695030267
75789	0.01156344167
75790	0.007935362007
75791	5.249690919e-05
75792	0.002532739755
75793	0.006971893437
75794	0.004010228815
75795	0.001149615101
75796	0.0006034920574
75797	0.00484862032
75798	0.00309709429
75799	0.004602621537
75800	0.002930251263
75801	0.004443070932
75802	0.01619822638
75803	0.009346686204
75804	0.004228923705
75805	0.001375459957
75806	0.00809200699
75807	0.0093219712
75808	0.006356864398
75809	0.007672932277
75810	0.01113266091
75811	0.01434102869
75812	0.004913983727
75813	0.001133077884
75814	0.001450038078
75815	0.003649036765
75816	0.002538667359
75817	0.001047187536
75818	0.00358153039
75819	0.007640524892
75820	0.01231616126
75821	0.004438228948
75822	0.0002370374659
75823	0.000567104196
75824	0.002080827085
75825	0.01018841134
75826	0.006912059069
75827	0.01357830104
75828	0.003121610788
75829	0.003110491234
75830	0.007526081075
75831	0.007425538885
75832	0.0006363348839
75833	0.001101576192
75834	0.003120996609
75835	0.000628095764
75836	0.001501507734
75837	0.004999668868
75838	0.006707113238
75839	0.003397340593
75840	0.01511899556
75841	0.00423421303
75842	0.01135902992
75843	0.002195654061
75844	0.0006544836002
75845	0.003112936418
75846	0.005445051329
75847	0.002553916283
75848	0.002617359999
75849	0.003318707248
75850	0.003706032669
75851	0.003510186381
75852	0.0159569341
75853	0.007808998873
75854	0.01435986214
75855	0.009878387889
75856	0.004662366851
75857	0.00224644297
75858	0.0003167750878
75859	0.002189531327
75860	0.008536906715
75861	0.002496069638
75862	0.004047558423
75863	0.001632126394
75864	0.005664943381
75865	0.004456387964
75866	0.001735690909
75867	0.004029386267
75868	0.002608722917
75869	0.00389088007
75870	0.007194437996
75871	0.0001885373577
75872	0.008607217489
75873	0.004177633375
75874	0.0004906153275
75875	0.002621178136
75876	0.004695809721
75877	0.003462236376
75878	0.006181927837
75879	0.00132723265
75880	0.003580552717
75881	0.007373495354
75882	0.004784139849
75883	0.000451737637
75884	0.02000977874
75885	0.004834768207
75886	0.006910395761
75887	0.007963259462
75888	0.002097311433
75889	0.007040132013
75890	0.005165115314
75891	0.0004135461384
75892	0.003609522582
75893	0.006834449164
75894	0.003156834725
75895	0.003839246115
75896	0.0008070317197
75897	0.01726999019
75898	0.002783694541
75899	0.001962853463
75900	0.0006893432183
75901	1.073411939e-05
75902	0.0008123633197
75903	0.0007532371968
75904	0.008013100741
75905	0.001053339087
75906	0.004086584244
75907	0.006905487984
75908	0.004317062375
75909	0.006277875264
75910	0.006111584349
75911	0.0003562266653
75912	0.001894949248
75913	0.002501541148
75914	0.004513466416
75915	0.003109899732
75916	0.008370119137
75917	0.0009267504962
75918	0.009391116657
75919	0.01000764497
75920	0.01118803706
75921	0.001382441208
75922	0.0009944045345
75923	0.003131122226
75924	0.001606693854
75925	0.004789028497
75926	0.0009236604468
75927	0.008987971484
75928	0.003330610192
75929	0.00958649535
75930	0.01222943697
75931	0.01595272673
75932	0.003711710999
75933	0.0003282190206
75934	0.0130273631
75935	0.01693362772
75936	0.004484859909
75937	0.004264021613
75938	0.003229938314
75939	0.0005443883659
75940	0.008444130278
75941	0.01806942606
75942	0.0001844988506
75943	0.002349919123
75944	0.0008567174455
75945	0.0004966727543
75946	0.006373749618
75947	0.002711235627
75948	0.004462558754
75949	0.001893396162
75950	0.0003650067845
75951	0.01483953047
75952	0.006723614965
75953	0.0006471387849
75954	0.001518415055
75955	0.00992105409
75956	0.01126087767
75957	8.564241512e-05
75958	0.0006152262713
75959	0.001279489158
75960	0.0003233650753
75961	0.00181560417
75962	0.01207671401
75963	0.005637553218
75964	0.006295000207
75965	0.002162507403
75966	0.004306680121
75967	0.01427225763
75968	0.009175239515
75969	0.004913905778
75970	0.003528463997
75971	0.002710484208
75972	0.01481892212
75973	0.01512499473
75974	0.004265033668
75975	0.003961078733
75976	0.001198490927
75977	0.00135915493
75978	0.001742361754
75979	0.0001304385058
75980	0.002326116416
75981	0.0008004856723
75982	0.002177042327
75983	0.003780549938
75984	0.003384649748
75985	0.002214386122
75986	0.002501723668
75987	0.001027094716
75988	0.01000482261
75989	0.002763993247
75990	0.01737375749
75991	0.004722055531
75992	0.007641068234
75993	0.008763895291
75994	0.003904599924
75995	0.001836243327
75996	0.001740940566
75997	0.01021952518
75998	0.007056345154
75999	0.0001829610444
76000	0.002093725186
76001	0.00886463881
76002	0.002149015304
76003	0.00248220148
76004	0.01226334727
76005	0.005376830739
76006	0.007508461396
76007	0.002925024653
76008	0.0003757135588
76009	0.0088623249
76010	0.0002819040822
76011	0.0001009003494
76012	0.0001359711884
76013	0.0004412604534
76014	0.01065183801
76015	0.00556359191
76016	0.002211799003
76017	0.006538051504
76018	0.0003758151498
76019	0.002684640899
76020	0.001139977041
76021	0.00408166959
76022	0.01077986205
76023	0.009321736033
76024	0.006274226607
76025	0.00163333217
76026	0.003541782199
76027	0.001460513354
76028	0.007941598032
76029	0.003097053919
76030	0.002560131464
76031	0.007796826781
76032	0.009604428969
76033	0.006860075355
76034	0.00992899886
76035	0.0004963649836
76036	0.0008554259128
76037	0.00230617086
76038	0.0009324892501
76039	0.004265255092
76040	0.002817153031
76041	0.001791502616
76042	0.005144695268
76043	0.0007642881782
76044	0.001544818777
76045	0.0002043091211
76046	0.01894029545
76047	0.004059105289
76048	0.006982656061
76049	0.005006026603
76050	0.007721319226
76051	0.004574950721
76052	0.005939681987
76053	0.002042208814
76054	0.007418980031
76055	0.002483708787
76056	0.0002506994404
76057	0.007399581469
76058	0.0004085708584
76059	0.002833829675
76060	0.001136627609
76061	0.0004613267253
76062	0.002834232569
76063	0.0005797040387
76064	0.00808604264
76065	0.0007798231227
76066	0.00329336609
76067	0.004294989447
76068	0.007684114317
76069	0.002424516891
76070	0.00835620658
76071	0.002510906611
76072	0.001950529103
76073	0.003254747021
76074	0.0007065110175
76075	0.001274233862
76076	0.0006543606345
76077	0.002618236815
76078	0.007303116044
76079	0.0007928712949
76080	0.002438556567
76081	0.002284943847
76082	0.004178302136
76083	0.001744319156
76084	0.009810369873
76085	0.0004702453097
76086	0.0004305500066
76087	0.0001481021058
76088	0.001488525877
76089	7.685331323e-05
76090	0.001751823167
76091	0.002034558471
76092	0.003057560099
76093	0.001424821472
76094	0.0001860441819
76095	0.0005747644916
76096	0.001582554733
76097	0.00179387156
76098	0.009287057812
76099	0.01311041501
76100	0.0007900253192
76101	0.006315670825
76102	0.009660768815
76103	0.006685404506
76104	0.00183805818
76105	2.892192802e-05
76106	0.001712245468
76107	0.004217948773
76108	0.003280331433
76109	0.00799747515
76110	0.001879036867
76111	0.004022753545
76112	0.0003831686881
76113	0.004512983786
76114	0.0008845245236
76115	0.0009535885534
76116	0.000283629478
76117	0.0005368865027
76118	0.001667590432
76119	2.254895983e-06
76120	0.0002839620018
76121	0.008493494504
76122	0.01326025769
76123	0.008580260657
76124	0.002372781447
76125	0.001282194351
76126	0.006290878981
76127	0.006434029701
76128	0.001449208984
76129	0.004701434787
76130	0.01302793775
76131	0.0160994396
76132	0.003117391649
76133	0.004776873655
76134	0.01173967316
76135	0.008588022116
76136	0.007500131746
76137	0.004024245533
76138	0.002355927307
76139	0.00428966215
76140	0.0006781259178
76141	0.007190927286
76142	0.004961749078
76143	0.005252372106
76144	0.007129806812
76145	0.006662004856
76146	0.003201875029
76147	0.005908923498
76148	0.007297993379
76149	0.003150178794
76150	0.001955193584
76151	0.0004970397971
76152	0.003089421396
76153	0.0009611649394
76154	0.005592167249
76155	0.01401750048
76156	0.01126139323
76157	0.0001071159374
76158	0.0008644248264
76159	0.003341950727
76160	0.00244585095
76161	0.004915167682
76162	0.002645072599
76163	0.01114118488
76164	1.03043654e-05
76165	0.008912788188
76166	0.005840471382
76167	9.230360313e-05
76168	0.0008577010454
76169	0.0006476747292
76170	0.0007669917806
76171	0.004481412194
76172	0.004107343542
76173	0.005996046845
76174	0.00155807886
76175	0.006357364744
76176	0.015718726
76177	0.004318135923
76178	0.00621726201
76179	0.0003615561852
76180	0.001667063103
76181	0.001869389019
76182	0.005654769953
76183	0.001505587012
76184	0.005360530468
76185	0.002550856995
76186	0.001327752741
76187	0.0008656637969
76188	0.004636667807
76189	0.005785951112
76190	0.002178107971
76191	0.009618804457
76192	0.005223957846
76193	0.002466593062
76194	0.005514869152
76195	0.001075132443
76196	0.00135479199
76197	0.0040023212
76198	0.0009088432245
76199	0.004641282103
76200	0.00096761885
76201	0.003697032043
76202	0.001271349273
76203	0.006712324564
76204	0.004002682236
76205	0.01010924343
76206	0.01149999158
76207	0.01259870257
76208	0.00196633269
76209	9.033329777e-05
76210	0.001277685373
76211	1.149776975e-05
76212	0.002214387119
76213	0.0003812406729
76214	0.01035907048
76215	0.00212796642
76216	0.001458158967
76217	0.003499188923
76218	0.0004275203046
76219	0.004269304501
76220	0.0008667286442
76221	0.001044701039
76222	0.001017169747
76223	0.004526310941
76224	0.003081909135
76225	0.004567121481
76226	0.005738478948
76227	0.005724200555
76228	0.01169957006
76229	0.001653324816
76230	0.004387028687
76231	0.005556919531
76232	0.004038645534
76233	0.0009675701285
76234	0.0004655933902
76235	0.007688419305
76236	0.005857609431
76237	0.002039507082
76238	0.007798269045
76239	0.008449328129
76240	0.001969760123
76241	0.004620092657
76242	0.0003759040168
76243	0.002266816513
76244	0.005334027246
76245	0.007259172833
76246	0.005625772133
76247	0.01862104356
76248	0.002251982451
76249	0.001825562423
76250	0.004327135334
76251	0.003297481906
76252	0.008084246823
76253	0.01067282864
76254	0.002089617151
76255	0.001783479586
76256	0.01377272331
76257	0.007745433489
76258	0.001424115747
76259	0.01291707193
76260	0.002950177771
76261	0.00243359894
76262	0.0007749424582
76263	0.004801452718
76264	0.005767582421
76265	0.009107466836
76266	0.002629329924
76267	0.007055156558
76268	0.005769497581
76269	0.00272461924
76270	0.005391839531
76271	0.00278519253
76272	0.004036107417
76273	0.001999080894
76274	0.004482438014
76275	0.005405978467
76276	0.008513533792
76277	0.007982701514
76278	0.002921375319
76279	0.00553202279
76280	0.002167442215
76281	0.009426331384
76282	0.003284014434
76283	0.00105047853
76284	0.0005927995332
76285	0.005288255379
76286	0.0006876163113
76287	0.005674529881
76288	0.007625545674
76289	0.004360470126
76290	0.003514921475
76291	0.001633923331
76292	0.003663216225
76293	0.00372354468
76294	0.005269708761
76295	0.008522912753
76296	0.01316206147
76297	0.01332400693
76298	0.01245172663
76299	0.01270354742
76300	0.01280027558
76301	0.01400120467
76302	0.01369909173
76303	0.01420819072
76304	0.003225845869
76305	0.009649850238
76306	0.007236123511
76307	0.004547946937
76308	5.154258736e-08
76309	0.007680605978
76310	0.005202586527
76311	0.0001464822018
76312	0.003338659533
76313	0.0004080614847
76314	0.0006141200488
76315	0.0008584983786
76316	0.0004114026193
76317	0.002335131202
76318	0.000725727243
76319	0.001314860616
76320	0.006583197719
76321	0.00268377484
76322	0.007716713561
76323	0.002458094936
76324	0.001078442885
76325	0.001476151307
76326	0.001116715026
76327	0.0007465629347
76328	0.001806380203
76329	0.001688458125
76330	0.0007413244537
76331	0.001218643107
76332	0.00450237217
76333	0.0027121527
76334	0.0008024802506
76335	0.007921700434
76336	0.002039932011
76337	0.000517178175
76338	0.00753082751
76339	0.01597945085
76340	0.002683558809
76341	0.003302794727
76342	0.003636586956
76343	0.01551052862
76344	0.004121257614
76345	0.004532488719
76346	0.005898370979
76347	0.002500477453
76348	0.001288010291
76349	0.003276117561
76350	0.002395637826
76351	0.003189402835
76352	0.0001861412668
76353	0.001270054028
76354	0.009422798419
76355	0.007021241376
76356	0.008406206587
76357	0.0006076031188
76358	0.002316969093
76359	0.003967287126
76360	5.748258839e-05
76361	2.724964963e-05
76362	0.000716304057
76363	0.001570654295
76364	0.0009026839108
76365	0.004012904501
76366	0.0001739533686
76367	0.001607061943
76368	7.378257279e-05
76369	0.002564405869
76370	0.004173522504
76371	0.001000704253
76372	0.01350535776
76373	0.004811270563
76374	0.008018665532
76375	0.003888800883
76376	0.003404047043
76377	0.001697795452
76378	0.003226692809
76379	0.003832205561
76380	0.001073278435
76381	0.006047591879
76382	0.004201415887
76383	0.0018074614
76384	0.001215646024
76385	0.009616526023
76386	0.007210099025
76387	0.002372060361
76388	0.002190511678
76389	0.007146336456
76390	0.0006313831969
76391	0.001473494879
76392	0.004829994332
76393	0.003542145084
76394	0.002146366124
76395	0.0007397191794
76396	0.002475720491
76397	0.005469720865
76398	0.0006205987389
76399	0.006174129836
76400	0.001412229725
76401	0.003769478758
76402	0.008146579422
76403	0.005186319751
76404	0.009493077618
76405	1.231364138e-06
76406	0.01112397908
76407	0.003886063777
76408	0.01325848849
76409	0.001156760387
76410	0.002354220902
76411	0.004236094013
76412	0.006150322401
76413	0.0006839600032
76414	0.0006197847832
76415	0.0002353678137
76416	0.00323124423
76417	0.000295682354
76418	0.006051391706
76419	0.003068937568
76420	0.005971050867
76421	0.003451951533
76422	0.009570839865
76423	0.0006114192391
76424	0.0006213763583
76425	0.000615679001
76426	0.002636094711
76427	0.002477501442
76428	0.003558198845
76429	0.00356488198
76430	0.002485295024
76431	0.0003100634268
76432	0.001858451842
76433	0.003182056422
76434	0.002497817228
76435	0.001234675926
76436	0.006805698242
76437	0.003833982787
76438	0.003943781413
76439	0.007502529428
76440	0.009731068363
76441	0.004654280946
76442	0.01091374198
76443	0.008770192977
76444	0.003857893442
76445	0.003981633968
76446	0.001528497176
76447	0.002392991136
76448	0.009853078759
76449	0.007814666102
76450	0.003749251403
76451	0.008978707346
76452	0.01339094776
76453	0.001860880805
76454	0.01428850917
76455	0.01368761931
76456	0.01216787953
76457	0.001050713739
76458	0.006038778666
76459	0.008186002148
76460	0.002924302512
76461	0.001478582209
76462	0.01143597681
76463	0.007123952836
76464	0.0001394287767
76465	0.001731851907
76466	0.01251938388
76467	0.009225947773
76468	0.00505201222
76469	0.002981507946
76470	0.003068867922
76471	0.005063895653
76472	0.004313651516
76473	0.009399841605
76474	0.01051186969
76475	0.02146403924
76476	3.18872342e-05
76477	0.01100791703
76478	0.01160436103
76479	0.008148996659
76480	0.009416739221
76481	0.006228028061
76482	0.005249501262
76483	0.0003280401405
76484	0.00403231464
76485	0.006872691812
76486	0.007513173274
76487	0.004411148841
76488	0.001214208389
76489	0.002352280235
76490	0.0001124987338
76491	0.005395497596
76492	0.003021143033
76493	0.006426707154
76494	0.004177839693
76495	0.006811893612
76496	0.00840526924
76497	0.006228625372
76498	0.008512698294
76499	0.001816906108
76500	0.003197438981
76501	0.01179984425
76502	0
76503	0.002437739896
76504	0.008867552771
76505	0.003076200936
76506	0.002383775253
76507	0.001527001986
76508	0.003639015988
76509	0.009572172936
76510	0.002578138711
76511	0.01338227405
76512	0.004654349897
76513	0.007679895297
76514	0.0068828302
76515	0.003416962598
76516	0.003758920487
76517	0.007196813143
76518	0.006227436502
76519	0.002657699234
76520	0.002773169528
76521	0.005470289162
76522	0.0010634709
76523	0.001562130028
76524	0.001849993831
76525	0.001781193144
76526	0.003164827541
76527	0.002939545696
76528	0.005616729537
76529	0.002824773482
76530	0.01122931594
76531	0.006434955647
76532	0.001888859976
76533	0.003421497094
76534	0.009296043763
76535	0.0005274305746
76536	0.005479609494
76537	0.001024212277
76538	0.0009931164891
76539	0.001060852399
76540	9.718369243e-05
76541	0.0002283409929
76542	0.0003227315898
76543	0.0007626457664
76544	0.003108356695
76545	0.007978049814
76546	0.004207846899
76547	0.004365968055
76548	0.007461930184
76549	0.01751947234
76550	0.0007541975823
76551	0.001390554716
76552	0.0124708466
76553	0.000668705107
76554	0.01156583974
76555	0.009259182262
76556	0.005770050161
76557	0.01097305108
76558	0.001045825408
76559	0.0003653452621
76560	0.004768633538
76561	0.0009242640192
76562	0.002302426201
76563	0.001521134372
76564	0.007585193786
76565	0.005190266089
76566	0.007583118606
76567	0.0009870893575
76568	0.0004544737888
76569	0.02112548046
76570	0.01025049008
76571	0.001189919665
76572	0.00573789536
76573	0.003448725394
76574	0.0004927389008
76575	0.0002239245903
76576	0.007876654222
76577	0.001365069963
76578	0.001503927119
76579	0.006515787298
76580	0.003187942826
76581	0.001756917142
76582	0.001623903967
76583	0.0007340413264
76584	0.0001862238564
76585	0.002529925474
76586	0.00410520978
76587	0.003364995518
76588	0.004299665458
76589	0.003922431074
76590	0.01053915092
76591	0.0107332047
76592	2.907021737e-05
76593	0.001081924344
76594	0.005389779737
76595	0.0005073780531
76596	0.000394036291
76597	0.008098746681
76598	0.003663309362
76599	0.003187026911
76600	0.0007615254526
76601	0.006257192111
76602	0.007655409546
76603	0.01067881976
76604	0.0002063321582
76605	0.00104463863
76606	0.00881907019
76607	0.0008878631745
76608	0.002953928167
76609	0.0001993322458
76610	0.0001045382778
76611	0.0007780603443
76612	0.002336288645
76613	0.0004340500593
76614	0.0003654593867
76615	0.00199508145
76616	0.0008997522266
76617	0.004394366697
76618	0.001526868088
76619	0.003211208401
76620	0.009589389417
76621	0.004472079013
76622	0.002628279329
76623	0.002094340376
76624	0.0005017037396
76625	0.004393183544
76626	0.003852909086
76627	0.007747334273
76628	0.002559629902
76629	0.004687379952
76630	0.0005469790116
76631	0.003462082509
76632	0.005113401015
76633	0.003945434737
76634	0.001081734568
76635	0.002387103704
76636	0.0005493944089
76637	0.004620337228
76638	0.001157092698
76639	0.001943493907
76640	0.002511371856
76641	0.004098827384
76642	0.004515014013
76643	0.006926387386
76644	0.00624084859
76645	0.00334766262
76646	0.001452467649
76647	0.0008311378609
76648	0.002225259213
76649	0.006694658664
76650	0.001306692285
76651	0.007457589787
76652	2.959722128e-05
76653	0.001752503134
76654	0.003888102091
76655	0.01049366456
76656	0.002645725688
76657	0.0009528945182
76658	0.0007833882301
76659	0.003621487899
76660	0.0008307286937
76661	0.001841853838
76662	0.007432556686
76663	0.003698391203
76664	0.01111942177
76665	0.00013285458
76666	0.0006260532938
76667	0.002726084072
76668	0.0007556530927
76669	0.001370523413
76670	0.001266917274
76671	0.001875230067
76672	0.005967273039
76673	0.001025084139
76674	0.0001531212662
76675	0.001534860365
76676	0.0003691611418
76677	0.003115545841
76678	0.00342692997
76679	0.0008333035965
76680	0.004171111299
76681	0.002203905226
76682	8.11574691e-05
76683	0.003968585157
76684	0.0003982480467
76685	0.002781323118
76686	0.001601864985
76687	0.007545891039
76688	0.002575241126
76689	0.000159170244
76690	0.0007105398924
76691	0.01034780426
76692	0.002942212567
76693	0.001363099743
76694	0.004782131375
76695	0.005606565972
76696	0.007658335697
76697	0.003794990968
76698	0.0002614160367
76699	0.003303380401
76700	0.005769982695
76701	0.01326964403
76702	0.002565459309
76703	0.0008884573941
76704	0.002188946692
76705	0.0001428205456
76706	0.001157129668
76707	0.01075475443
76708	0.0007462907929
76709	0.01453296128
76710	0.0008735088658
76711	0.008479425986
76712	0.006244057069
76713	0.01131522516
76714	0.002687567818
76715	0.0007103752887
76716	0.0008928820934
76717	0.009098271186
76718	0.004308473582
76719	0.005446676711
76720	0.0005345928982
76721	0.0004132232372
76722	0.003650525369
76723	0.01210733057
76724	0.005215549183
76725	0.004581178791
76726	0.0005623943754
76727	0.004325654933
76728	0.0007305287747
76729	0.0007710132978
76730	0.0003088864896
76731	0.005485583629
76732	0.0004918938592
76733	0.003385443608
76734	0.004500987609
76735	0.009099563338
76736	0.003234177518
76737	0.001441569293
76738	0.003928254785
76739	0.00160470092
76740	0.002555958007
76741	0.003922722588
76742	0.002555478135
76743	0.000195571745
76744	0.002166361657
76745	0.003360859461
76746	0.002266413575
76747	0.01311199436
76748	0.0001199911093
76749	0.0003789619997
76750	0.011477581
76751	0.0003696655961
76752	0.0006472400664
76753	0.004807515848
76754	0.002205249321
76755	0.0007967048355
76756	0.0024714194
76757	0.001894323039
76758	0.0006181968053
76759	0.0004441650204
76760	0.004155141146
76761	0.003553608727
76762	8.575496204e-05
76763	0.004017418198
76764	0.001566018538
76765	0.003177810203
76766	0.007202263746
76767	0.001054692209
76768	0.004343487982
76769	0.00511408084
76770	0.001077980331
76771	0.000893515724
76772	0.01038430374
76773	0.0006930009157
76774	0.005501425111
76775	0.0004733040932
76776	0.00231446786
76777	0.009888377985
76778	0.005554959726
76779	0.00177194321
76780	0.005717612028
76781	0.0006513804432
76782	0.003024563247
76783	0.003261817013
76784	0.0004235571727
76785	0.002668098261
76786	0.006603281601
76787	0.0002827096239
76788	0.0008910956899
76789	0.004144851314
76790	0.0004128124736
76791	0.007536578572
76792	0.001090925724
76793	0.01501801265
76794	0.003397140223
76795	0.0019652467
76796	0.01353954693
76797	0.009719561876
76798	0.002262284245
76799	0.001443650065
76800	0.00135852682
76801	0.005120789045
76802	7.123501177e-05
76803	0.001385322528
76804	0.006191904124
76805	0.0007238386892
76806	0.002030876441
76807	0.0008203727774
76808	0.007107519352
76809	0.004014840784
76810	2.263566112e-05
76811	0.002050135602
76812	0.001336227166
76813	0.01206282697
76814	0.006578097613
76815	0.006500006149
76816	0.0001805339788
76817	0.0009766168922
76818	0.002600146045
76819	0.002042097333
76820	0.006115174488
76821	0.0169227467
76822	0.006746952758
76823	0.001453658675
76824	0.008354020205
76825	0.01158370844
76826	0.003193310737
76827	0.0003621313377
76828	0.007483372008
76829	0.008194576457
76830	0.006058754688
76831	0.007401013683
76832	0.006875537379
76833	0.00913170248
76834	0.01440676096
76835	0.006715274555
76836	0.002992642363
76837	0.002903601418
76838	0.004915841532
76839	0.009313548265
76840	0.002682573709
76841	0.001620185993
76842	0.000956261662
76843	0.001593299546
76844	0.003334110745
76845	0.001643589674
76846	0.008388597068
76847	0.004545198282
76848	0.005157922073
76849	0.001362929781
76850	0.006633216625
76851	0.003180358737
76852	0.008631159115
76853	0.003228746554
76854	0.004881041906
76855	0.0005102894696
76856	0.003061514683
76857	0.00105220127
76858	0.0004233092624
76859	0.004469841221
76860	0.001746859003
76861	0.0006951791671
76862	0.004961974286
76863	0.009841544934
76864	0.0007456432122
76865	0.01106532492
76866	0.0009442069937
76867	0.007043076656
76868	0.0002367076171
76869	0.009050201599
76870	0.006700374109
76871	0.008497252624
76872	0.0002683805198
76873	0.0003695415751
76874	0.01140865992
76875	0.008337689823
76876	0.001743384532
76877	0.003036039192
76878	0.0001065141263
76879	0.001549600714
76880	0.003455591167
76881	0.01131306887
76882	0.01298718408
76883	0.001229538936
76884	0.0007002500717
76885	0.002443592756
76886	0.003595655249
76887	0.004760599159
76888	0.008082416409
76889	0.001046453611
76890	0.01411705244
76891	0.0003698979738
76892	0.003480887693
76893	0.003218591209
76894	0.001888647771
76895	0.006961675037
76896	8.701378551e-05
76897	0.0009375528208
76898	0.0007938462063
76899	0.0005182630225
76900	0.001046670478
76901	0.0009299282466
76902	0.0003543283132
76903	0.001007671621
76904	0.001263559176
76905	0.0004174313331
76906	0.003447336101
76907	0.004312721089
76908	0.003834847768
76909	0.004444302303
76910	0.002863481966
76911	0.0006178076395
76912	0.0005774390654
76913	0.000423171367
76914	0.009085741557
76915	0.003639532188
76916	0.003443526069
76917	0.001097779464
76918	0.004334684777
76919	0.003079557425
76920	0.0006733137541
76921	0.001067975511
76922	0.007551885662
76923	0.0004749295938
76924	0.002361182872
76925	0.004497208745
76926	0.009276714796
76927	0.0002528670477
76928	0.001493343314
76929	0.0007726158058
76930	0.002126660809
76931	0.007128065717
76932	0.004226958384
76933	0.004829308416
76934	0.0001539245778
76935	1.130459115e-05
76936	0.003639984166
76937	0.004292415664
76938	0.001748899668
76939	0.0009438366717
76940	0.003224838215
76941	0.007352396992
76942	0.008922278103
76943	0.01660190737
76944	0.008364059005
76945	0.01117059869
76946	0.004894891632
76947	0.00456785827
76948	0.0009339448992
76949	0.004181107206
76950	0.01147518388
76951	0.0182256374
76952	0.002059407728
76953	0.005907216821
76954	0.006815812739
76955	0.001372466513
76956	0.006347815851
76957	0.004117206445
76958	0.007426459422
76959	0.002804052744
76960	0.005769545872
76961	0.0009337155006
76962	0.003351118082
76963	0.00225118652
76964	0.002441286463
76965	0.001071425531
76966	0.006970504713
76967	0.01304666664
76968	0.001653500976
76969	0.0005971555751
76970	0.003238922621
76971	0.001003944012
76972	0.005573834787
76973	0.001811258347
76974	0.001467389314
76975	0.003981653924
76976	0.001484048875
76977	0.006692737639
76978	0.01182452538
76979	0.001274801682
76980	0.003280192622
76981	0.0009245718368
76982	0.008538207552
76983	0.003913464426
76984	0.004212091253
76985	2.024529088e-05
76986	0.00310372122
76987	0.004092829402
76988	0.01863068216
76989	0.000145452577
76990	0.0003094432844
76991	0.005575453112
76992	0.01027137662
76993	0.00612687793
76994	0.002746619601
76995	0.0002665330778
76996	0.003750820053
76997	0.004176236869
76998	0.001352579227
76999	0.0265660502
77000	0.01052459951
77001	0.009028111066
77002	0.0008159176111
77003	0.002330171107
77004	0.0009109035025
77005	0.009771602717
77006	4.269499631e-05
77007	0.0006413200931
77008	0.002006655395
77009	0.0003391029482
77010	0.002420158036
77011	0.002278176617
77012	0.0006427161393
77013	0.001526123162
77014	0.0001677066016
77015	0.0005348210488
77016	0.001933679174
77017	0.0003989576926
77018	0.002479730867
77019	0.002071275022
77020	0.00741342302
77021	0.009574348523
77022	0.0004215075134
77023	0.001375006341
77024	0.001476054166
77025	0.00309999486
77026	0.004715047156
77027	0.008672118725
77028	0.001811031836
77029	0.001175069398
77030	0.001034368612
77031	0.007025516978
77032	0.008447116616
77033	0.001480294292
77034	0.004306954702
77035	0.01128384225
77036	0.002718571564
77037	0.008422162377
77038	0.01334393983
77039	0.001797808384
77040	0.001644156635
77041	0.005886682071
77042	0.001657282353
77043	0.00176230009
77044	0.002011496403
77045	0.001759224701
77046	0.001545077313
77047	0.009003798812
77048	0.01158814411
77049	0.004487251683
77050	0.01173104554
77051	0.005111113385
77052	0.001031032627
77053	0.001236027512
77054	0.0006864548191
77055	0.001188165845
77056	0.007508644232
77057	0.0002575839884
77058	0.008532486993
77059	0.01528586629
77060	0.003943751674
77061	0.002538607165
77062	0.004498546469
77063	0.00168268714
77064	0.007414414539
77065	0.008941570014
77066	0.004935996798
77067	0.003929823842
77068	0.01674667499
77069	0.009310104766
77070	0.0005704424763
77071	0.005560043219
77072	0.001171166735
77073	0.0009867212829
77074	0.01540020068
77075	0.001255683741
77076	0.01444041409
77077	0.002564441196
77078	0.007730916808
77079	0.006813355117
77080	0.007088859106
77081	0.006371535289
77082	0.004150640438
77083	0.01279402352
77084	0.01433715269
77085	0.006196691246
77086	0.000737208337
77087	0.009016629665
77088	0.002951746157
77089	0.001390721396
77090	0.02164576731
77091	0.006991676252
77092	0.001872075608
77093	0.002749696409
77094	0.0024734507
77095	0.0009823398256
77096	0.001473049889
77097	0.0007935019291
77098	0.0004765149731
77099	0.000961739255
77100	0.0007937887178
77101	0.005715093642
77102	0.001379357533
77103	0.001078795358
77104	0.003277121754
77105	0.0007632456559
77106	0.0007229749501
77107	0.0007325639459
77108	0.003413339397
77109	0.003596558827
77110	0.0005741768131
77111	0.002862666714
77112	0.00208304679
77113	0.004631985523
77114	0.001839717187
77115	0.0007372838767
77116	0.005410313081
77117	0.000835940662
77118	0.001848844101
77119	0.003071310945
77120	0.003288639444
77121	0.002616543532
77122	0.0002121194242
77123	0.0001465984695
77124	0.003572428954
77125	0.00041081614
77126	0.007641760734
77127	0.01134886022
77128	0.0006388171503
77129	9.754692324e-05
77130	0.002390279322
77131	0.0002558554655
77132	0.001961039924
77133	0.004222390835
77134	0.0005157969176
77135	0.0009139906479
77136	0.0001463733814
77137	0.001363717759
77138	0.0001427735177
77139	0.001055437692
77140	0.0006380893815
77141	0.01238749874
77142	0.002652334742
77143	0.001035075043
77144	0.003533321789
77145	0.00532267994
77146	0.002098451065
77147	0.01080167289
77148	0.002396502037
77149	0.006004095138
77150	0.001717482779
77151	0.003384768517
77152	0.006051627738
77153	0.005580047752
77154	0.0006677947348
77155	0.001798988869
77156	0.003410645048
77157	0.001426023062
77158	0.007960600141
77159	0.005172788316
77160	0.005768808878
77161	8.412623081e-05
77162	0.001073415436
77163	0.002148173877
77164	0.002723308568
77165	0.007408009417
77166	0.003416870644
77167	0.001294009217
77168	0.003709580742
77169	0.005525323522
77170	0.001334373108
77171	0.007352603333
77172	0.001045446584
77173	0.005631655861
77174	0.002371855307
77175	0.004575992226
77176	0.001270863997
77177	0.000196170648
77178	0.003511598028
77179	0.0001253901236
77180	0.001529450184
77181	0.003141422918
77182	0.0008925656504
77183	0.00172190481
77184	0.004619508804
77185	0.007137001851
77186	0.01174809612
77187	0.001612922581
77188	0.001238508554
77189	0.003772172624
77190	0.003899557449
77191	0.002712387822
77192	0.006017908257
77193	0.00213084028
77194	0.01211376792
77195	0.0003390287776
77196	0.005880906453
77197	0.004865661135
77198	0.001294397799
77199	0.0006193669879
77200	0.002883375432
77201	0.001431626384
77202	0.01755620224
77203	0.0003145365561
77204	0.000171768445
77205	0.001651939704
77206	0.001745853414
77207	0.0002249251484
77208	0.005643217021
77209	0.002217315409
77210	0.00262552011
77211	0.0002448870351
77212	0.005264631011
77213	0.003048946023
77214	0.005065456882
77215	0.007008251823
77216	0.001368876999
77217	0.005114917499
77218	0.007690150421
77219	0.01095132229
77220	0.005367207214
77221	0.002384744537
77222	0.007770849235
77223	0.009197146619
77224	0.003587259234
77225	0.0007045550398
77226	0.02366994923
77227	0.01481770219
77228	0.0151696092
77229	0.009827875442
77230	0.01900082024
77231	0.0002440269787
77232	0.0002743999843
77233	0.001817712254
77234	0.0006847535487
77235	0.007080024429
77236	0.008044888951
77237	0.01545400394
77238	0.004983435709
77239	0.0009815908291
77240	1.987763088e-05
77241	0.009042658081
77242	0.0006748966912
77243	0.004653507557
77244	0.0003491458902
77245	0.01139759048
77246	0.001308091154
77247	0.001873393773
77248	0.004934556207
77249	0.000304396996
77250	0.002184907101
77251	0.008414879293
77252	0.008929387155
77253	0.007689060125
77254	0.004311987758
77255	0.003709440607
77256	0.000347524342
77257	0.001561703217
77258	0.00237782301
77259	0.004986568647
77260	0.003468108346
77261	0.00660177027
77262	0.003585060107
77263	0.005146073442
77264	0.01437608511
77265	0.006396599483
77266	0.01447989699
77267	0.009173237386
77268	0.01120182012
77269	0.0001787248383
77270	0.008845403804
77271	0.005107512216
77272	0.001689508078
77273	0.008873014609
77274	0.01834939661
77275	0.002382763557
77276	0.003356977359
77277	0.009341032749
77278	0.002160066088
77279	0.01618551621
77280	0.002529507056
77281	0.001941788344
77282	0.0007762066705
77283	0.01928986227
77284	0.004332328913
77285	0.01250009223
77286	0.001254462186
77287	0.001147581271
77288	0.002224071884
77289	0.0001655444102
77290	0.0001069687209
77291	0.00149780418
77292	0.003162436647
77293	0.0009774974615
77294	0.0009526976243
77295	0.0009484988077
77296	0.0005165989613
77297	0.000711191306
77298	0.001756924612
77299	0.0007281096912
77300	0.0002066701851
77301	0.0004717164112
77302	0.001733906623
77303	0.001367937508
77304	0.001966040746
77305	0.002126955739
77306	0.001234594591
77307	0.0001271406303
77308	0.0005044215878
77309	0.002696914091
77310	0.0003124279495
77311	0.0002208094315
77312	0.001553756498
77313	0.0003365342667
77314	0.0006917357957
77315	0.001299750925
77316	8.125863452e-05
77317	7.576519587e-05
77318	0.001488862719
77319	0.002882597652
77320	0.0008848428771
77321	0.001304388452
77322	0.0001810264346
77323	0.0005241605493
77324	0.000239586275
77325	0.0006183867262
77326	0.003084889523
77327	0.00111750307
77328	0.0003183493439
77329	0.0007841409551
77330	0.0008291595415
77331	4.671520735e-05
77332	0.002943018179
77333	0.001150360063
77334	0.0001299756457
77335	0.0004761831222
77336	0.001522775791
77337	0.0002340528637
77338	0.001307479237
77339	0.0006798851965
77340	0.0005149567292
77341	0.0005065832164
77342	0.001416582458
77343	0.0004579506031
77344	0.0001602969061
77345	0.001267869976
77346	0.002043472142
77347	0.001203339094
77348	0.0001207525696
77349	0.0004879324531
77350	2.120538254e-05
77351	0.0001172256522
77352	0.0007610813196
77353	0.002302272033
77354	0.0001789829789
77355	0.001547702578
77356	0.00123392066
77357	0.001395989248
77358	0.0009564970878
77359	0.002155893394
77360	0.002620334703
77361	7.571101406e-06
77362	0.002080807257
77363	0.002477409492
77364	0.0004042006741
77365	0.001883205925
77366	0.0003112488363
77367	0.0005291796064
77368	0.0001952304328
77369	0.0007969501935
77370	0.0002071431658
77371	0.001620532807
77372	0.0001550891833
77373	0.001749131342
77374	0.0001913692361
77375	0.0005454524788
77376	0.0004853765925
77377	0.0005192505308
77378	0.001847953323
77379	3.581242935e-05
77380	0.0004275042074
77381	6.883921173e-05
77382	0.001208669148
77383	0.0005943314125
77384	0.000200921074
77385	0.001314316373
77386	0.001583547206
77387	0.0002362918955
77388	0.001027682708
77389	0.0003803360829
77390	0.004697508556
77391	0.001400993214
77392	0.009601837201
77393	0.01020742874
77394	0.00678421309
77395	0.00167653821
77396	0.007736418436
77397	0.0007394170098
77398	0.004104164167
77399	0.001729864398
77400	0.006909931602
77401	0.0004368436846
77402	0.005071269916
77403	0.007978512745
77404	0.00544587708
77405	0.009441382196
77406	0.002557338279
77407	0.001086864514
77408	0.002049218375
77409	6.061845635e-05
77410	0.001639106941
77411	0.0117082891
77412	0.003727184599
77413	0.002489113495
77414	0.002209680956
77415	0.002757411775
77416	0.001166061892
77417	0.0007019696699
77418	0.00145714459
77419	0
77420	0.008836746691
77421	0.001934492829
77422	0.007274457784
77423	0.0003064541931
77424	0.004288284826
77425	0.0002802819044
77426	0.001622277356
77427	3.521717132e-06
77428	0.001194648341
77429	0.001252146103
77430	0.005713933116
77431	0.001721023506
77432	0.0005355011723
77433	0.001215599224
77434	0.007616427543
77435	0.002090184333
77436	0.01129188478
77437	0.001170293866
77438	0.001380398569
77439	4.712616402e-05
77440	0.004441812414
77441	0.005131749731
77442	0.002927958539
77443	0.00287347833
77444	0.001618937363
77445	0.005055756082
77446	0.001695145102
77447	0.0002832097459
77448	0.001405915057
77449	0.0003549440088
77450	0.003269876936
77451	0.001315864673
77452	0.0007762265417
77453	0.001846485712
77454	0.01372731701
77455	0.01000801661
77456	0.002901945754
77457	0.001450885395
77458	0.006334763012
77459	0.008058523955
77460	0.003857925714
77461	0.001389068866
77462	0.003045826608
77463	0.001154660479
77464	0.001531522831
77465	0.00107319321
77466	0.003329492129
77467	0.009648627465
77468	0.005172622358
77469	0.001960377063
77470	0.0002186763473
77471	0.002537178355
77472	0.005260993479
77473	0.0004182334399
77474	0.007762686999
77475	0.007329395788
77476	6.733200947e-05
77477	0.002076648501
77478	0.003974205937
77479	0.0003785437653
77480	0.0002642967714
77481	0.001181279041
77482	0.005348447565
77483	0.0006289270416
77484	0.0007133419667
77485	0.001848464952
77486	0.0001802461072
77487	0.0006354596277
77488	0.003034766751
77489	0.002188939848
77490	0.003333128362
77491	0.004016263433
77492	0.001739764036
77493	0.000708413822
77494	0.001762518838
77495	0.001783541755
77496	0.002914266434
77497	0.01658431146
77498	0.01781144303
77499	0.01051337742
77500	0.01031848695
77501	0.00111520322
77502	0.0009299279537
77503	0.00465253403
77504	0.01293320687
77505	0.001180061085
77506	0.003114816933
77507	0.005942240986
77508	0.01259514433
77509	0.002848244205
77510	0.01396521146
77511	0.004666216753
77512	0.00430489854
77513	0.001109410508
77514	0.01268487443
77515	0.006304522908
77516	7.728345571e-05
77517	0.005933069541
77518	0.01261157695
77519	0.003775964264
77520	0.001538234361
77521	0.001660955372
77522	0.008398943192
77523	0.003690466101
77524	0.008830805743
77525	0.005042179865
77526	0.003595062609
77527	0.01140788589
77528	0.00568283734
77529	0.003676520361
77530	0.008173471472
77531	0.001879507796
77532	0.006587514858
77533	0.0006296937947
77534	0.0002896579898
77535	0.0009191603939
77536	0.004726534552
77537	7.092081033e-05
77538	0.02101534046
77539	0.01291449453
77540	0.005204991108
77541	0.00405265575
77542	0.008144702819
77543	0.001439108574
77544	0.004132661776
77545	0.0001925179643
77546	0.0006238698044
77547	0.01301806958
77548	0.006016424288
77549	0.007236014765
77550	0.006218772674
77551	0.002028644119
77552	0.002140689888
77553	0.001043621555
77554	0.001637134264
77555	0.003187995801
77556	0.000284523397
77557	0.003010958165
77558	0.009234236987
77559	0.005424564378
77560	0.004123962619
77561	0.002660922227
77562	0.009607288308
77563	0.003058381844
77564	0.002535314567
77565	0.001699348266
77566	0.007556818934
77567	0.0005369224291
77568	0.001563514672
77569	0.01272048694
77570	0.002537972116
77571	0.01048113099
77572	0.004088281873
77573	0.001621199635
77574	0.02034790822
77575	0.003613442382
77576	0.01002139234
77577	0.01355273016
77578	0.004915141218
77579	0.008899660463
77580	0.006180829666
77581	0.006389083399
77582	0.0003400130022
77583	0.001878954221
77584	0.003319645162
77585	0.001399846365
77586	0.003805604436
77587	0.001482339561
77588	0.006542734313
77589	0.002137955372
77590	0.008070484344
77591	0.003145179427
77592	0.01181946731
77593	0.0001521596196
77594	0.003109561694
77595	0.009562963098
77596	0.007135176874
77597	0.002646471818
77598	0.003154612688
77599	0.0009157876783
77600	0.0003023770181
77601	0.006822805305
77602	0.009595389199
77603	0.008925415474
77604	0.0005367449065
77605	0.001871280001
77606	0.01632836797
77607	0.007425907075
77608	0.009329248169
77609	0.01071323114
77610	0.008583279364
77611	0.002088310237
77612	0.01208775692
77613	0.003366024829
77614	0.003972118456
77615	0.0007333308073
77616	0.007519875795
77617	0.006553302952
77618	1.941748097e-06
77619	0.002707434226
77620	0.008845301126
77621	0.004271606393
77622	0.001495401988
77623	0.004627652688
77624	0.001888250832
77625	0.008279153961
77626	0.01318787567
77627	0.00227787998
77628	0.001330262482
77629	0.01245165894
77630	0.009828547395
77631	0.0003702819076
77632	0.007684038919
77633	0.002741864048
77634	0.005207112432
77635	0.001788384036
77636	0.001000849277
77637	0.004625331901
77638	0.0009737733211
77639	0.007948372833
77640	0.009738781681
77641	0.005170868472
77642	0.01448304851
77643	0.005321315165
77644	0.003980813416
77645	0.0108292889
77646	0.01418003066
77647	0.009261349853
77648	0.004182610521
77649	0.0002372727163
77650	0.01199483037
77651	0.008280323581
77652	0.008937755559
77653	0.02496853455
77654	0.0004077424811
77655	0.006940401178
77656	0.01080515705
77657	0.004577107479
77658	0.00421474016
77659	0.003186575349
77660	0.01488425919
77661	0.002664456939
77662	0.0003196512911
77663	0.000386503143
77664	0.006185503296
77665	0.001665074789
77666	0.008180241295
77667	0.004805627457
77668	0.0221766393
77669	0.003595978807
77670	0.006658896138
77671	0.00928492216
77672	0.001095225764
77673	0.0005818600738
77674	0.001806835992
77675	0.01049034784
77676	0.002769210314
77677	0.01146116845
77678	0.002529085524
77679	0.001081531646
77680	0.000745457321
77681	0.004368234498
77682	0.0002695659566
77683	0.003482185024
77684	6.662948499e-05
77685	0.0001901397044
77686	0.002495550177
77687	0.006313768321
77688	0.0005104694416
77689	0.006811942594
77690	0.01568413878
77691	0.003884321549
77692	0.0009628158936
77693	0.0008879641203
77694	0.01036646153
77695	0.003859661126
77696	0.0008132190657
77697	0.002854264923
77698	0.002021267742
77699	0.000263759103
77700	0.004256908559
77701	0.008883643043
77702	6.484756498e-05
77703	0.0001199708555
77704	0.001666253601
77705	0.001653061251
77706	0.0005642275763
77707	0.001065953037
77708	0.0007576502102
77709	0.001213804678
77710	0.003364524229
77711	0.003783503907
77712	0.0007138674602
77713	0.004314360798
77714	0.002941159199
77715	0.01395301559
77716	0.008951725223
77717	0.005495501071
77718	0.009977118131
77719	0.002987583368
77720	0.001613492783
77721	0.003847724608
77722	0.01449783186
77723	0.001907727383
77724	0.002576022645
77725	0.003089058155
77726	0.001666168783
77727	0.00465490585
77728	0.0008701504202
77729	0.00852262103
77730	0.004107703256
77731	0.003973204691
77732	0.002861816036
77733	0.001456434191
77734	0.01197499981
77735	0.00332909395
77736	0.0002090508309
77737	0.005142229888
77738	0.007690662345
77739	0.002561990928
77740	0.005311163323
77741	0.009821351026
77742	0.005729424505
77743	0.003621085482
77744	0.002367535187
77745	0.009629951382
77746	0.002376335502
77747	0.005566728757
77748	0.00460707682
77749	0.003314287832
77750	0.01402648709
77751	0.005852706585
77752	0.01281779544
77753	0.0007670769818
77754	0.003093847579
77755	0.007466770297
77756	0.0008726029356
77757	0.01722718271
77758	0.01595664189
77759	0.01985077394
77760	0.0009328303811
77761	0.0009936709095
77762	0.001283522313
77763	0.003769939486
77764	0.003955863219
77765	0.01323608581
77766	0.000484811535
77767	0.009619415531
77768	0.003365272216
77769	0.006670702468
77770	0.008947245316
77771	0.005518621901
77772	0.002627417431
77773	0.004286238624
77774	0.00352935669
77775	0.004510705374
77776	0.00626559674
77777	0.00300979466
77778	0.004318148989
77779	0.000633657545
77780	0.00562370458
77781	0.008432147128
77782	0.008252608364
77783	0.0009089539688
77784	0.003324191486
77785	0.0002405079463
77786	0.00113455625
77787	0.0002599457839
77788	0.007577836456
77789	0.004171535791
77790	0.01151240248
77791	0.001843828889
77792	0.001658252706
77793	0.0019085333
77794	0.009347806888
77795	0.002548277479
77796	0.007882569038
77797	0.004763380199
77798	0.01034975568
77799	0.0006203592222
77800	0.001903688614
77801	0.01016977235
77802	0.001655557174
77803	0.003931516514
77804	0.005716403463
77805	0.004963466425
77806	0.002737452443
77807	0.0003683668987
77808	0.001902201328
77809	0.002658121092
77810	0.001189008992
77811	0.01064073249
77812	0.003946526307
77813	0.000207764208
77814	0.004560989665
77815	0.001732951665
77816	0.003644618953
77817	0.001227968973
77818	0.005484459024
77819	0.001491039219
77820	0.002309207973
77821	0.009754223076
77822	0.001430317194
77823	0.0008383438081
77824	0.001461359879
77825	0.000805691787
77826	0.004375487219
77827	0.00456669891
77828	0.009001297919
77829	0.002269990604
77830	0.003828984599
77831	0.001482621144
77832	0.009118955342
77833	0.00158945832
77834	0.007826660664
77835	0.005963651259
77836	0.001554657752
77837	0.00280376234
77838	0.007869594657
77839	0.01211885829
77840	0.005898512462
77841	0.001745519546
77842	0.003996704291
77843	0.00092222084
77844	0.001150518055
77845	0.0009103694647
77846	0.0002323602572
77847	0.00187726455
77848	0.007917920064
77849	0.0136733347
77850	0.0006131169676
77851	0.001943979496
77852	0.0001976876242
77853	0.002578983916
77854	9.654853721e-05
77855	0.0004246012872
77856	0.003123505763
77857	0.0001756778291
77858	0.002247584609
77859	0.002748595244
77860	0.01010766521
77861	0.009327845167
77862	0.005821736034
77863	0.006816457589
77864	0.004006127219
77865	5.309547947e-05
77866	0.001231199793
77867	0.007051825847
77868	0.003977551977
77869	0.01232980825
77870	0.003857185735
77871	0.01010852798
77872	0.003429510923
77873	0.005076307314
77874	0.002856317426
77875	0.003627064443
77876	0.0002870512476
77877	0.009597385103
77878	0.02599839349
77879	0.02341808289
77880	0.01795711354
77881	0.01545326116
77882	0.002948881214
77883	0.01392964673
77884	0.009441974808
77885	0.0008958095011
77886	0.01041797684
77887	0.002812096095
77888	0.0003630373844
77889	0.002460110992
77890	0.0007707907334
77891	0.0004764366998
77892	0.004646637385
77893	0.00642903483
77894	0.005106022614
77895	0.00859392926
77896	0.006382271366
77897	0.005107234168
77898	0.001398263939
77899	0.001029389425
77900	0.0002479762472
77901	0.0009289746727
77902	0.005559903309
77903	0.01032059583
77904	0.008651960686
77905	0.006634224826
77906	0.006454857739
77907	0.01456909816
77908	0.004055996377
77909	0.001142752271
77910	0.01255723895
77911	0.005271139668
77912	0.008006709544
77913	0.005614208725
77914	0.01107005347
77915	0.0014720876
77916	0.006072069307
77917	0.009907042096
77918	0.008936465123
77919	0.007843199634
77920	0.006301956816
77921	0.004758723335
77922	0.001671638015
77923	0.0005764462217
77924	0.0002403953289
77925	0.001587801495
77926	0.0004031868067
77927	0.002194918704
77928	3.293747169e-05
77929	0.001271500525
77930	0.0002764616087
77931	0.001972249876
77932	0.002909303561
77933	0.008527224661
77934	0.002717672942
77935	0.008828205835
77936	0.0006887219936
77937	0.01619437043
77938	0.002697366961
77939	0.0002988561305
77940	0.007569951624
77941	0.0005336635738
77942	0.001410788741
77943	0.001066551283
77944	0.0004874426851
77945	0.0009266128831
77946	0.001166479502
77947	0.002839976809
77948	0.003729989159
77949	0.000474679601
77950	0.004045050717
77951	0.005499199301
77952	0.002285806865
77953	0.005965626616
77954	0.005166382473
77955	0.007598083248
77956	0.01929293054
77957	0.00393151101
77958	0.01428805254
77959	0.005507181659
77960	9.110001688e-05
77961	0.01085981229
77962	0.00154519345
77963	0.0002714308639
77964	0.006731701852
77965	0.00164833722
77966	0.002124942914
77967	0.002327248973
77968	0.001411413394
77969	0.001162627181
77970	0.0007236723409
77971	0.0005979773449
77972	0.001556714792
77973	0.001464820611
77974	0.0009864191253
77975	0.0009743811799
77976	0.003024457777
77977	0.00112775068
77978	0.0009055487421
77979	0.0008677362251
77980	0.001045353502
77981	0.0006359025746
77982	0.0009591162713
77983	0.0008855801496
77984	0.0009825672229
77985	0.0002098381167
77986	0.001222051838
77987	0.001679232568
77988	0.0007599092069
77989	0.0006222685558
77990	0.0006060009081
77991	0.001170482121
77992	0.0004803613469
77993	0.0005559471673
77994	0.001021853577
77995	0.0007401576637
77996	0.001191622402
77997	0.0004324592001
77998	0.0004165424619
77999	0.001058074121
78000	0.0004210779974
78001	0.0007928695742
78002	0.0007013379621
78003	0.0008335102942
78004	0.001417518642
78005	0.002082930959
78006	0.002337702374
78007	0.0007275912293
78008	0.001169251887
78009	0.0002155104664
78010	0.0003563361325
78011	0.0005099704105
78012	0.0009896553985
78013	0.001064683248
78014	0.0001583860583
78015	0.001266882367
78016	0.001075852327
78017	0.00154519138
78018	0.0001377121858
78019	0.0009050952667
78020	0.0008738193157
78021	0.001358401319
78022	0.0007595825991
78023	0.0007797149654
78024	0.0005328209803
78025	0.0007082267459
78026	0.001781352901
78027	0.001782354605
78028	0.001347854976
78029	0.0009463242359
78030	0.001540351178
78031	0.001316277553
78032	0.0006677002661
78033	0.0009435530057
78034	0.000715644712
78035	0.001623055513
78036	0.0006429543982
78037	0.001078609627
78038	0.0008050668811
78039	0.0006025298581
78040	0.001153991056
78041	0.001509413232
78042	0.000653258619
78043	0.0002073698102
78044	4.536186055e-05
78045	0.0001748890847
78046	0.0001305165517
78047	0.000720298795
78048	0.000763984953
78049	0.0007707376066
78050	0.0005847225401
78051	0.001685272883
78052	0.0005999488926
78053	0.0003165471125
78054	0.0006720787022
78055	0.0008500927439
78056	0.0013046054
78057	0.0006628826191
78058	0.0002425743301
78059	0.001025497878
78060	0.00106836016
78061	0.006740251391
78062	0.001111583587
78063	0.002885080495
78064	0.003879411203
78065	0.0003307651062
78066	0.008577340612
78067	0.001819583299
78068	0.0007582015906
78069	0.001736455045
78070	0.003472944261
78071	0.002416081662
78072	0.001760209295
78073	0.005774009274
78074	0.0005434876927
78075	0.0006643248429
78076	0.00745417671
78077	0.006373161637
78078	0.0009127394592
78079	0.001573160776
78080	9.439888333e-05
78081	0.0002824584924
78082	4.265573343e-05
78083	0.0002122199781
78084	0.001642758052
78085	0.002168839503
78086	0.001410433054
78087	0.001093707393
78088	0.0007211099778
78089	0.0007337664866
78090	0.0003799779894
78091	0.001264325318
78092	0.002310461951
78093	0.0004097032821
78094	0.0005452595033
78095	0.0002609870445
78096	0.01009780254
78097	0.001172963021
78098	0.0009342591814
78099	0.0008356898014
78100	0.001283889018
78101	0.001182585148
78102	0.00121577515
78103	0.003047190449
78104	0.001533034135
78105	0.008315144973
78106	0.0008097919136
78107	0.003180199061
78108	0.0006237179262
78109	0.0002061074903
78110	0.01001588856
78111	0.0002443172574
78112	0.0009021477077
78113	0.0004285856235
78114	1.800808251e-05
78115	0.001894941968
78116	0.0004193054935
78117	0.001846239306
78118	0.002719215044
78119	0.0001309380916
78120	0.001986185776
78121	0.001026328933
78122	0.001410531896
78123	0.0004215259177
78124	0.0008539985652
78125	0.00120591118
78126	0.001529956935
78127	0.0005810905694
78128	0.001682256621
78129	0.001373694255
78130	0.0007466039128
78131	0.0005676361637
78132	0.0008951792492
78133	0.0005557734959
78134	0.001194175264
78135	0.001399229828
78136	0.001571277185
78137	0.002459254864
78138	0.0005486281054
78139	0.0001438339463
78140	0.0004702349886
78141	0.0004512526771
78142	0.0005138687804
78143	0.0007546130603
78144	0.001350073478
78145	0.0007601813
78146	0.0001228653476
78147	0.0004666119482
78148	0.0004714704519
78149	0.001187592563
78150	0.001079608184
78151	0.0009240202018
78152	0.001900720616
78153	0.0008783902721
78154	0.0007350542111
78155	0.0005458408702
78156	9.839289449e-05
78157	0.0005111056945
78158	0.001034809894
78159	0.001575197414
78160	0.000462643018
78161	0.000519656712
78162	0.000822049263
78163	0.0002101331243
78164	0.0005412911818
78165	0.00125731132
78166	0.0002176232663
78167	0.0008168003503
78168	0.0008764101426
78169	0.0009893575069
78170	0.003167863823
78171	0.0010459918
78172	6.047255548e-05
78173	0.0004007559149
78174	0.0003980403997
78175	0.0003511964027
78176	0.0001203846648
78177	0.002182925024
78178	0.0005957381186
78179	5.954397992e-05
78180	0.0001736315842
78181	2.964751134e-05
78182	0.001217593462
78183	0.001918286778
78184	0.001846368277
78185	0.0006411725545
78186	0.0009301530343
78187	0.0004052830931
78188	0.001505910005
78189	5.611367209e-05
78190	0.0002491048441
78191	0.0004200347557
78192	0.001007445803
78193	0.0008654816934
78194	0.001045590135
78195	0.001039999514
78196	0.0001385689981
78197	0.0004090988843
78198	0.0004458006579
78199	0.001945048747
78200	0.0001463604391
78201	0.0004591115398
78202	0.001183827453
78203	0.0007304897434
78204	0.0002756875131
78205	0.0006534344042
78206	0.001098782646
78207	0.0003007731952
78208	0.0008219139557
78209	0.001843502239
78210	0.001792884648
78211	0.0008503887743
78212	0.0005792458807
78213	0.000186566546
78214	0.0001439487202
78215	0.001367239666
78216	0.0006109932383
78217	0.0007865889302
78218	0.0001125704615
78219	0.001061061067
78220	0.0002255273192
78221	0.0009573107473
78222	9.887458007e-05
78223	0.002643780878
78224	0.001452111687
78225	0.001543573458
78226	0.001736946634
78227	0.001162809467
78228	0.0001246642358
78229	0.0004431063278
78230	0.002289669655
78231	0.001221125177
78232	0.00063287484
78233	0.003119345178
78234	0.0007909235078
78235	0.0007767211194
78236	0.0001796807817
78237	0.002410250643
78238	0.0004133978217
78239	0.0007235344895
78240	0.002682562083
78241	0.001444276819
78242	0.001392727495
78243	0.0009585816294
78244	0.0004239209949
78245	0.001486141825
78246	3.516734326e-07
78247	0.0007007874601
78248	0.002434115356
78249	0.001877535931
78250	0.0004343810267
78251	2.953025003e-05
78252	0.0009766724399
78253	0.000960372026
78254	0.001216443061
78255	0.0008518563924
78256	0.001885438494
78257	0.001826736624
78258	0.0008714829336
78259	0.002082419447
78260	0.0005210022726
78261	0.0009257553862
78262	0.0004772407281
78263	0.002522864414
78264	0.001368202991
78265	3.557930562e-05
78266	0.001627442538
78267	0.001550918402
78268	0.000538074109
78269	0.0001142506061
78270	0.001282980598
78271	0.0003112966915
78272	0.001528243955
78273	0.0001688307233
78274	0.0008118805921
78275	0.001435863285
78276	0.0003001417232
78277	0.0001502288637
78278	0.0007564711466
78279	0.001009731194
78280	0.001158383436
78281	0.0008095567399
78282	0.0006026899025
78283	0.0007525632839
78284	0.001310534906
78285	0.001176345102
78286	0.0009196738663
78287	8.620869792e-05
78288	0.0001735152373
78289	0.0002809237095
78290	0.001742761488
78291	0.000287750511
78292	0.0007814024883
78293	0.0003762102474
78294	0.0002802920064
78295	0.0006104272845
78296	0.0007920326662
78297	0.0003605486399
78298	4.145971254e-05
78299	0.001010967871
78300	0.0001012981548
78301	0.0009412366673
78302	0.0005310976588
78303	0.0003147979525
78304	0.001583984839
78305	3.911999327e-05
78306	0.0004679597756
78307	1.344580902e-05
78308	0.0007372937911
78309	0.001565913286
78310	0.0004464267317
78311	0.0009182203546
78312	0.0001695508473
78313	0.001288706701
78314	0.0002601499793
78315	0.0004387766155
78316	0.006446229582
78317	0.0003001406769
78318	0.000777797996
78319	0.0006738011172
78320	0.000344287893
78321	0.0007178296709
78322	0.0005200008765
78323	0.0008815478629
78324	0.0009632835376
78325	4.575916153e-05
78326	0.0002325000039
78327	0.0005516686426
78328	0.001210571845
78329	0.0008236659555
78330	0.0008058584881
78331	0.0002287905464
78332	0.0005772608501
78333	1.580324937e-05
78334	0.0007750036548
78335	0.0004837591843
78336	0.0009606816563
78337	0.0007132504533
78338	0.0002808460545
78339	0.0007033837915
78340	5.764645714e-05
78341	0.0004752344223
78342	0.0008462514194
78343	0.001288574432
78344	0.0002343687475
78345	0.001280530274
78346	0.0001468205939
78347	0.0003384169062
78348	0.000576019719
78349	0.0008787825485
78350	0.0001589003678
78351	0.001027257651
78352	0.0002792374466
78353	0.0002711154407
78354	0.000364378925
78355	3.729433184e-05
78356	0.001014805194
78357	0.0009546951026
78358	0.0003255387794
78359	0.0002599458846
78360	0.0007404348712
78361	0.00117996168
78362	0.001108101273
78363	0.0009427984115
78364	0.0003564859228
78365	0.001168569127
78366	0.0004921107489
78367	0.001500325335
78368	0.001595034184
78369	0.0002431263392
78370	8.832394968e-05
78371	0.002191764396
78372	0.0006884926193
78373	0.001338337368
78374	0.001455716722
78375	0.001144927901
78376	0.01050687166
78377	0.00124203378
78378	0.005751582836
78379	0.002391364358
78380	0.002273402561
78381	0.001110906551
78382	9.691997677e-05
78383	0.000238827811
78384	0.0009516717388
78385	0.0002025293457
78386	0.0003550557319
78387	0.005341574479
78388	0.0001829825377
78389	0.001314535941
78390	0.008616595941
78391	0.001428954511
78392	0.001322438407
78393	0.001268717052
78394	0.0007777424193
78395	0.000994885725
78396	7.279091071e-07
78397	0.000669789711
78398	0.00106690169
78399	0.001511750798
78400	7.121815094e-05
78401	0.000111039142
78402	0.001366485057
78403	0.001645587318
78404	0.0003031319835
78405	0.001402752344
78406	0.001714418838
78407	0.0009112333991
78408	0.003919197893
78409	0.001818769719
78410	0.0005506943204
78411	0.001217163095
78412	0.001659510944
78413	6.100058141e-05
78414	0.0008741120104
78415	0.004991932967
78416	0.0008846985312
78417	0.005058657209
78418	0.008341240506
78419	0.0006945435764
78420	0.0006642181979
78421	0.003011984816
78422	0.002245629175
78423	0.0005684983874
78424	0.003049141579
78425	0.002095119166
78426	0.002346203674
78427	0.002623914883
78428	0.001234600391
78429	0.0004361667579
78430	0.003138323292
78431	0.0007727248512
78432	0.001885839376
78433	0.01695733548
78434	0.0006496881608
78435	0.0008793862708
78436	0.002200642812
78437	0.0006057661725
78438	0.001790989641
78439	0.001688242029
78440	0.001770094207
78441	0.002957019595
78442	0.001432232469
78443	0.0001353399241
78444	0.000814457605
78445	0.004815025286
78446	0.001181350122
78447	0.0004092525828
78448	0.007795139563
78449	0.005884340045
78450	0.002591063149
78451	0.001833852052
78452	0.006244008604
78453	0.001172235035
78454	0.0007159813046
78455	5.719663558e-05
78456	0.007752531625
78457	0.0004844164689
78458	0.002494001936
78459	0.0005540328299
78460	0.0006449740075
78461	0.002990471321
78462	0.009594135302
78463	0.003101897731
78464	0.003576698882
78465	0.01434114905
78466	0.003747960839
78467	0.01071837761
78468	0.002486825841
78469	0.01020693024
78470	0.007176725337
78471	0.0004065034853
78472	0.006408012044
78473	0.01672328037
78474	0.005221381355
78475	0.004590108435
78476	0.00454252052
78477	0.004308280729
78478	0.001871879841
78479	0.001196014947
78480	0.00156795006
78481	0.005416751741
78482	0.006211712992
78483	0.003900149772
78484	0.002020031045
78485	0.003135251229
78486	0.0009838405809
78487	0.002348066712
78488	0.0003837465919
78489	0.001500263744
78490	0.001844623359
78491	0.0005404746539
78492	0.003511042036
78493	0.002844647061
78494	0.001080572088
78495	0.002889594942
78496	0.000977875746
78497	0.001358137043
78498	0.00458497925
78499	0.006561687169
78500	0.00466830588
78501	0.002037149291
78502	0.01969869887
78503	0.001596143368
78504	0.002169491605
78505	0.001290225395
78506	0.0009769734469
78507	0.003868187179
78508	0.004373864669
78509	0.005915249524
78510	0.002416914567
78511	0.002083389843
78512	0.004377182354
78513	0.006678694873
78514	0.008235686332
78515	0.0049828342
78516	0.0002517099185
78517	0.01061639969
78518	0.006510642171
78519	0.001760612409
78520	0.00587692198
78521	0.009517502158
78522	0.004632071686
78523	0.008639154562
78524	0.009329424701
78525	0.01145701398
78526	0.01502967783
78527	0.007679199409
78528	0.000474980775
78529	0.003088051574
78530	0.0003905884368
78531	0.004027964254
78532	0.003443275649
78533	0.0008982813729
78534	0.00355533875
78535	0.008248301654
78536	0.002065429597
78537	0.001827601895
78538	0.004027025762
78539	0.007397199139
78540	0.01035470673
78541	0.01034981017
78542	0.01018546884
78543	0.00893016037
78544	0.007527245705
78545	0.009946945086
78546	0.0106626163
78547	0.01061822591
78548	0.004765758053
78549	0.01068573093
78550	0.003904065071
78551	0.009376135724
78552	0.00779648992
78553	0.01031981297
78554	0.01039027726
78555	0.00832204005
78556	0.00283390515
78557	0.006528776723
78558	0.005106809919
78559	0.008048781435
78560	0.004002421588
78561	0.005577145751
78562	0.0007360385143
78563	0.0003592610026
78564	0.001062621737
78565	3.298092246e-06
78566	0.00613916566
78567	0.003586327829
78568	0.002697519948
78569	0.0001198957597
78570	0.004569016018
78571	0.002904444063
78572	0.003497332996
78573	0.003764066583
78574	0.00259851192
78575	0.00259183393
78576	0.004563994277
78577	0.000405303864
78578	0.001384526665
78579	0.0009310926934
78580	0.004641652724
78581	0.003289822269
78582	0.0004376427536
78583	0.005995460063
78584	0.002944424006
78585	0.001730822825
78586	0.0007197565686
78587	0.001075802256
78588	0.003053009113
78589	0.003141306135
78590	0.001026587362
78591	0.001167767307
78592	0.002782744797
78593	0.003889241011
78594	0.0119834511
78595	0.001263198028
78596	0.001142433433
78597	0.005465885634
78598	0.008610425082
78599	0.008472614543
78600	0.006287233117
78601	0.0006822574786
78602	0.001336239333
78603	0.002869650449
78604	3.294785814e-05
78605	0.002544599301
78606	0.01036208666
78607	0.005027548168
78608	0.0008555518548
78609	0.0005980741191
78610	0.004984981296
78611	0.00082363921
78612	9.10984467e-05
78613	0.003460795664
78614	0.001831634693
78615	0.003289959411
78616	0.009272846181
78617	0.001971050317
78618	0.003816335604
78619	0.003550175459
78620	0.004861523158
78621	0.003732571157
78622	0.00174375733
78623	0.004473299154
78624	0.002531222174
78625	0.003129098925
78626	0.001213503105
78627	0.0003569520192
78628	0.003068391837
78629	0.003360689734
78630	0.01251829398
78631	0.006315687397
78632	0.001206663057
78633	0.002321736199
78634	0.006651080607
78635	0.0003676295176
78636	0.002420279447
78637	0.002116964814
78638	0.002995538701
78639	0.00178238407
78640	0.0008805204767
78641	0.0008796182865
78642	0.00336060282
78643	0.002141386559
78644	0.0005469054497
78645	0.005123599897
78646	0.002083128882
78647	0.007129294949
78648	0.007329122453
78649	0.0001405265055
78650	0.002455028064
78651	0.01388341945
78652	0.004732927815
78653	0.00136523745
78654	0.003246118104
78655	0.007991410396
78656	0.000180247505
78657	0.01230403805
78658	0.009589767152
78659	0.0163416824
78660	0.004140451573
78661	0.006048573813
78662	0.00366616323
78663	0.01006120574
78664	0.008788690129
78665	0.007483232075
78666	0.003108507503
78667	0.001721525125
78668	0.005307088856
78669	0.005114258025
78670	0.006102765417
78671	0.00888195902
78672	0.008303783724
78673	0.006277491687
78674	0.007526485584
78675	0.009483935693
78676	0.003793279708
78677	0.005753221115
78678	0.008058205751
78679	0.003661760049
78680	0.00729623396
78681	0.0114310415
78682	0.01145901436
78683	0.004340224767
78684	0.01512945767
78685	0.01166016977
78686	0.004288606111
78687	0.003044421474
78688	0.003190676292
78689	0.01745135437
78690	0.001507644805
78691	0.001178201041
78692	0.006099682369
78693	0.006906052
78694	0.001552653778
78695	0.0007518501658
78696	0.002843344968
78697	0.001501164585
78698	0.00460917936
78699	0.01206992458
78700	0.01020944466
78701	0.002198383277
78702	0.002347458735
78703	0.005115954187
78704	0.003777229501
78705	0.007470851733
78706	0.00509487099
78707	0.002510023331
78708	0.0001274932354
78709	0.0001361271377
78710	0.01319267124
78711	0.004384345164
78712	0.004290145754
78713	0.008011477324
78714	0.00786015596
78715	0.004259125369
78716	0.004809681011
78717	0.0003302255601
78718	0.002264799228
78719	0.001712599854
78720	0.005401203258
78721	0.004661895447
78722	0.0061282851
78723	0.003646803586
78724	0.0003380474302
78725	0.003445127329
78726	0.006846978313
78727	0.004549904974
78728	5.798174404e-05
78729	0.0004759377719
78730	0.001084909957
78731	0.0008883302716
78732	0.0013964076
78733	0.002800997097
78734	0.002145884311
78735	0.001314957681
78736	0.001467351492
78737	0.002039452836
78738	0.002782461688
78739	0.003975345579
78740	0.008181984252
78741	0.002345662056
78742	0.002416284715
78743	0.014014635
78744	0.005032907551
78745	0.0002815882887
78746	0.0005248452467
78747	0.0001480617949
78748	0.001492763078
78749	0.000748833657
78750	3.031005149e-05
78751	0.0001671232788
78752	0.004059093056
78753	0.002454552665
78754	0.00175330032
78755	0.004573359919
78756	0.00158247488
78757	0.0001665133911
78758	0.007719847996
78759	0.0128356359
78760	0.0136030552
78761	0.002505406034
78762	0.004165145781
78763	0.01443972996
78764	0.006033263466
78765	0.003542147939
78766	0.01579125191
78767	0.001793198732
78768	0.02417067634
78769	0.01041906456
78770	0.01026544574
78771	0.01641497656
78772	0.0003002325963
78773	0.01832607682
78774	0.009312823218
78775	0.003691409161
78776	0.006916769454
78777	0.007147914416
78778	0.007842296679
78779	0.01085508529
78780	0.001783309177
78781	0.007546800655
78782	0.002376156755
78783	0.002819112715
78784	0.000470988252
78785	0.01042559984
78786	0.00254715734
78787	0.0001547689448
78788	0.00580519849
78789	0.01059192132
78790	0.01147510403
78791	0.01088205802
78792	0.004331669834
78793	0.003901832569
78794	0.00528907092
78795	0.001887298043
78796	0.01336952668
78797	0.006899778595
78798	0.006060927811
78799	0.0004953955526
78800	0.002726922249
78801	0.001154214163
78802	0.0005165415527
78803	0.003749111444
78804	0.0008320273505
78805	0.01208851201
78806	0.002371470081
78807	0.003989731394
78808	0.002783134228
78809	0.00388006391
78810	0.01622713717
78811	0.0115609447
78812	0.005536916493
78813	0.008603520025
78814	0.0008874450729
78815	0.005376992643
78816	0.009014987189
78817	0.0005233518311
78818	0.004794022171
78819	0.01534107506
78820	0.01212141023
78821	0.01097472206
78822	0.008856250882
78823	0.002209538125
78824	0.003663945317
78825	0.002980300655
78826	0.008277321179
78827	0.01215363517
78828	0.001363271111
78829	0.007141514893
78830	0.005605274671
78831	0.006118528655
78832	0.009390471831
78833	0.006099397822
78834	0.003589207396
78835	0.005610980395
78836	0.0003105477431
78837	0.009589479286
78838	0.00841752181
78839	0.003678475003
78840	0.0002326847898
78841	0.005633344681
78842	0.01115105343
78843	0.000443986078
78844	0.007424539129
78845	0.005462923765
78846	0.002414320483
78847	0.006002570821
78848	0.001265086835
78849	0.01595570025
78850	0.005980650756
78851	0.01037686505
78852	0.01434480546
78853	0.003433322371
78854	0.002459832377
78855	0.01162130303
78856	0.0004558136244
78857	0.001686568848
78858	0.01077492499
78859	0.0006822397827
78860	0.005402619892
78861	0.01012004864
78862	0.007603677036
78863	0.01731065124
78864	0.01025253655
78865	0.01215866822
78866	0.006192497356
78867	0.001632065914
78868	0.004157998239
78869	0.010423744
78870	0.004656503135
78871	0.01041133034
78872	0.0009169518764
78873	0.01368943124
78874	0.01422423893
78875	0.01136466196
78876	0.001495587347
78877	0.004464628539
78878	0.01294733113
78879	0.001408898641
78880	0.0005647894676
78881	0.009299299931
78882	0.003798280506
78883	0.005652590357
78884	0.007444001647
78885	0.00793484992
78886	0.0004506354177
78887	0.005188558066
78888	0.007536599999
78889	0.004633176521
78890	0.006241005081
78891	0.009819934218
78892	0.01698318335
78893	0.0125281177
78894	0.01543582609
78895	0.006568092325
78896	0.009960240163
78897	0.009971667026
78898	0.0075913907
78899	0.005198833222
78900	0.01141302421
78901	0.002320716388
78902	0.003616347077
78903	0.01179171758
78904	0.004493808045
78905	0.01009417492
78906	0.001321669238
78907	0.009128580234
78908	0.01124685075
78909	0.00481739919
78910	0.005659619694
78911	0.001751205654
78912	0.005115048781
78913	0.0006908985512
78914	0.00332675094
78915	0.005873019974
78916	0.004284702082
78917	0.00911932242
78918	0.004000441938
78919	0.00811909305
78920	0.01613288935
78921	0.005657334157
78922	0.001078797735
78923	0.0005501680281
78924	0.002522634943
78925	0.0009393039478
78926	0.001899657189
78927	0.0001676442948
78928	0.0005665608648
78929	0.0003460544667
78930	0.00079114503
78931	9.310773022e-05
78932	0.003052845477
78933	0.005819072757
78934	0.002749518873
78935	0.005905644258
78936	0.006302165931
78937	0.001340526889
78938	0.002089032878
78939	0.001434800052
78940	0.01216589622
78941	0.005806557877
78942	0.006492546635
78943	0.006921950769
78944	0.008413083866
78945	0.005126666405
78946	0.002914440295
78947	0.00345192769
78948	0.001055917581
78949	0.003318761266
78950	0.003011899005
78951	0.005921592622
78952	0.0061159696
78953	0.009284979637
78954	0.007616044652
78955	0.00976861179
78956	0.005870260208
78957	0.01196608203
78958	0.01502754353
78959	0.005164715542
78960	0.00608571395
78961	0.006379289337
78962	0.01066154169
78963	0.007401954646
78964	0.001654961049
78965	0.007820483242
78966	0.00402821493
78967	0.005139048412
78968	0.002631010579
78969	0.0009849550551
78970	0.005384612031
78971	0.005450798262
78972	0.004659196651
78973	0.0005827360007
78974	0.009636710034
78975	0.008665125036
78976	0.0007113637532
78977	0.01347453128
78978	0.009648861024
78979	0.001911249725
78980	0.01396603673
78981	0.004227155253
78982	0.006168243413
78983	0.01456741364
78984	0.0004957379287
78985	0.007531157902
78986	0.009077445525
78987	0.0004603325906
78988	0.002526483874
78989	0.002717211337
78990	0.007499024198
78991	0.001146785309
78992	0.0001535143522
78993	0.003183739402
78994	0.004701768622
78995	0.01191251707
78996	0.0003486517541
78997	0.004553944269
78998	0.0008562374086
78999	0.007158205536
79000	0.001394752217
79001	0.00513370009
79002	0.00294060391
79003	0.006044843407
79004	0.0008983432364
79005	0.01597895419
79006	0.002557680913
79007	0.003016147385
79008	0.0249121578
79009	0.01259834427
79010	0.004582489043
79011	0.007776407946
79012	1.592135976e-05
79013	0.004982597023
79014	0.001517526433
79015	0.007621006248
79016	0.01270231306
79017	0.00133643206
79018	0.002708563322
79019	0.007343121978
79020	0.004331404173
79021	0.003828425557
79022	0.0007579989807
79023	0.003179249378
79024	0.0115859683
79025	0.01579879793
79026	0.007064857698
79027	0.002891363534
79028	0.004118405494
79029	0.003993835134
79030	0.01198941985
79031	0.0003126338491
79032	0.01392096766
79033	0.005057538532
79034	0.001896923664
79035	0.003733880099
79036	0.0004052553361
79037	0.005517179283
79038	0.001639384053
79039	0.003544631142
79040	0.001034055153
79041	0.001894896625
79042	0.001198830382
79043	0.002546740032
79044	0.0007040307546
79045	0.001830735539
79046	0.002380166152
79047	0.002701859151
79048	0.001435165431
79049	0.002856535016
79050	0.0009763954675
79051	0.004564374375
79052	0.004995824249
79053	0.003614596679
79054	0
79055	0.00410210302
79056	0.002489191115
79057	0.005311022201
79058	0.002776874569
79059	0.001178065618
79060	0.002533930829
79061	0.002948355757
79062	0.001804873263
79063	0.009191294454
79064	0.006787705376
79065	0.001884997604
79066	0.002533877804
79067	0.005852870437
79068	0.004078490283
79069	0.005695020844
79070	0.009449961804
79071	0.001022437146
79072	0.002072415815
79073	0.005854882593
79074	0.006096742985
79075	0.002561224406
79076	0.002557543771
79077	0.002216382442
79078	0.001161368241
79079	0.0003265105514
79080	0.0001752938508
79081	0.001365298939
79082	0.004833872871
79083	0.009886730166
79084	0.0001701337367
79085	0.006590896548
79086	0.001853974681
79087	0.002538470523
79088	0.002434450095
79089	0.0001719150075
79090	0.0002506529434
79091	0.006307083912
79092	0.001539173612
79093	0.003282770186
79094	0.0009593064847
79095	0.00276352071
79096	0.001101230929
79097	0.01044568824
79098	0.005539018723
79099	0.003596764243
79100	0.009414045029
79101	0.001544590553
79102	0.003092221805
79103	0.00107075315
79104	0.0004912253419
79105	0.007161460149
79106	0.007178164819
79107	0.002535227517
79108	0.008015152139
79109	0.004933306685
79110	0.006705067858
79111	0.01127602227
79112	0.003248550418
79113	0.003168774069
79114	0.0002638204497
79115	0.000519854108
79116	0.002665253272
79117	7.904498639e-05
79118	0.009312201073
79119	0.007899392625
79120	0.0005631087628
79121	0.004153919209
79122	0.0009303641702
79123	0.001752491112
79124	0.001013144701
79125	0.01277413678
79126	0.007071408595
79127	0.006675139895
79128	0.001167224095
79129	0.002948855476
79130	0.002499652223
79131	0.001881615425
79132	0.004707035677
79133	0.003255631364
79134	0.0009058465479
79135	0.00732737865
79136	0.000876598221
79137	0.0008568675249
79138	0.002854977029
79139	0.01222699154
79140	0.00271478717
79141	3.706307304e-05
79142	0.005917595861
79143	0.004895429695
79144	0.001038124929
79145	0.002405285857
79146	0.001237508958
79147	0.005894649891
79148	0.01966750786
79149	0.002966289418
79150	0.0003009722687
79151	0.001798028288
79152	0.009256760602
79153	0.003963998949
79154	0.0004098233915
79155	0.01023877896
79156	0.007902257231
79157	0.004791714846
79158	0.0008914148091
79159	0.002366303741
79160	0.0004345523854
79161	0.0009527925437
79162	0.003921844384
79163	0.01119272346
79164	0.003909847763
79165	0.0006770760263
79166	0.0002597962513
79167	0.001068707645
79168	0.0002920080125
79169	0.004142076746
79170	1.701959713e-05
79171	0.001580487131
79172	0.00724591522
79173	0.004693624642
79174	0.002291458346
79175	0.01032929232
79176	0.0008969239019
79177	0.003740757402
79178	0.008919906289
79179	0.005878149119
79180	0.00104513688
79181	0.00189403512
79182	0.00539341432
79183	0.0001463822439
79184	0.001418288367
79185	0.01617474045
79186	0.0114978891
79187	0.003809194389
79188	0.006201086137
79189	0.004996220683
79190	0.001389520271
79191	0.003866125917
79192	0.003383832685
79193	0.003949779289
79194	0.004369240968
79195	0.003237397652
79196	0.001118325635
79197	0.0007095954445
79198	0.0124008664
79199	0.006143051063
79200	0.009588785464
79201	0.001384646035
79202	0.0005448231856
79203	2.362569482e-05
79204	0.004254449448
79205	0.002820478535
79206	0.001669984804
79207	0.003587016246
79208	0.004474274906
79209	0.004063963033
79210	0.007817430691
79211	0.004724787385
79212	0.0007169668448
79213	0.004142558684
79214	0.002427799531
79215	0.001984723544
79216	0.0001545600815
79217	0.006510789552
79218	0.001400890068
79219	0.01300247861
79220	0.00412018249
79221	0.001686712511
79222	0.00883370181
79223	0.006622291181
79224	0.0007695478185
79225	0.004070165064
79226	0.001003291908
79227	0.01071244276
79228	0.001319689131
79229	0.002765346934
79230	0.005420895296
79231	0.003135344848
79232	0.003693777893
79233	0.000281514874
79234	0.004529818926
79235	0.002649041864
79236	0.003979263652
79237	0.001367708351
79238	0.00497011403
79239	0.0002513804905
79240	0.005374597487
79241	0.001880401917
79242	0.0007050296674
79243	0.003333486894
79244	0.007814917226
79245	0.01503365637
79246	0.007693145598
79247	0.002785623605
79248	0.004110109327
79249	0.0002053370012
79250	0.004656848507
79251	0.001428216835
79252	0.006234833529
79253	0.007363804379
79254	0.01240921926
79255	0.004684731003
79256	0.001859730023
79257	0.001237868437
79258	0.007686951347
79259	0.00345456917
79260	0.004068864123
79261	0.005599639285
79262	0.004204122485
79263	0.002697805267
79264	0.004010215972
79265	0.006108126957
79266	0.002339722756
79267	0.009087640802
79268	0.002991817105
79269	0.00479211425
79270	0.002851160467
79271	0.001064599925
79272	0.003378778462
79273	0.006397659052
79274	0.005254040635
79275	0.007469521333
79276	0.003516258409
79277	0.0006750450256
79278	0.001264210581
79279	0.01190235439
79280	0.005394877476
79281	0.004575859922
79282	0.007350474078
79283	0.004797750076
79284	0.003442119276
79285	0.001264843914
79286	0.001287899002
79287	0.006919206132
79288	0.002197768094
79289	0.01187550092
79290	0.008922585068
79291	0.001910580297
79292	0.00532523889
79293	0.002397815534
79294	0.0002521765213
79295	0.00936342864
79296	0.01423864497
79297	0.004556838836
79298	0.003972668235
79299	0.003975431634
79300	0.001725032818
79301	0.005512592394
79302	0.007216639895
79303	0.003311049634
79304	0.0009917919587
79305	0.003359305625
79306	0.00569335955
79307	0.01080904361
79308	0.004305281514
79309	0.002788572794
79310	0.004044868299
79311	0.0006791837302
79312	0.001813463309
79313	0.002842028969
79314	0.002591123274
79315	0.009997758626
79316	0.002966471813
79317	0.003700247942
79318	0.003427212611
79319	0.01387996406
79320	0.001361165166
79321	0.01006431279
79322	0.003205572145
79323	0.0003707190234
79324	0.0007865702448
79325	0.001702840906
79326	0.01133351296
79327	0.01091415043
79328	0.001427000851
79329	0.001834387157
79330	0.00320064962
79331	0.005579066425
79332	0.006966443048
79333	0.01567757954
79334	0.0005935759494
79335	0.005725137106
79336	0.004584941119
79337	0.0009748388253
79338	0.006076855258
79339	0.005614998331
79340	0.008736287497
79341	0.006374527685
79342	0.003097569327
79343	0.007621698475
79344	0.01078996877
79345	0.004043956714
79346	0.004996866493
79347	0.0004425920309
79348	0.0009407042827
79349	0.001026190711
79350	0.006674023379
79351	0.007242507925
79352	0.002332945363
79353	0.01906502763
79354	0.0005176996989
79355	0.006490686934
79356	0.009301078714
79357	0.003780291445
79358	0.001621050643
79359	0.002309899982
79360	0.003293990614
79361	0.006746108238
79362	0.0006797488163
79363	0.003576631878
79364	0.005583312085
79365	0.003980894254
79366	0.003341477291
79367	0.006107374139
79368	0.0009841088285
79369	0.001958048739
79370	0.004807418422
79371	0.002971573151
79372	0.004042871351
79373	0.002547277002
79374	0.005458062171
79375	0.001573820547
79376	0.003335101865
79377	0.008619323888
79378	0.003549242446
79379	0.006386541059
79380	0.0007837792236
79381	0.0009911842376
79382	0.01716592802
79383	0.0001693206558
79384	0.005294938541
79385	0.0004918702358
79386	0.01089500041
79387	0.001009998116
79388	0.01187717935
79389	0.007258985952
79390	0.0004211869436
79391	0.002255414966
79392	0.006027219501
79393	0.002260827949
79394	0.001766282161
79395	0.00416407638
79396	0.001893168269
79397	0.003196150368
79398	0.008767483657
79399	0.009164473526
79400	0.006469728016
79401	0.01245555776
79402	0.003922373063
79403	0.01181139263
79404	0.00606507343
79405	0.005527722893
79406	0.01298145738
79407	9.370389668e-05
79408	0.002497048986
79409	0.01092343559
79410	0.0004209979963
79411	0.008253449999
79412	0.004774667386
79413	0.01056221852
79414	0.006513850914
79415	0.0009625919356
79416	0.003862336156
79417	0.01034406793
79418	0.002346330165
79419	0.005986584916
79420	0.01291599941
79421	0.001389506951
79422	0.003739362758
79423	0.004664451719
79424	0.003830142216
79425	0.006079699436
79426	0.0003502825273
79427	0.00162057374
79428	0.002058633483
79429	0.01471706737
79430	0.00208100736
79431	0.003605570711
79432	0.02230041261
79433	0.006459495333
79434	0.0006478592846
79435	0.002980871271
79436	0.004715098213
79437	0.007064670224
79438	0.0007046951128
79439	0.001968307236
79440	0.0034300652
79441	0.009142601139
79442	0.0104806742
79443	0.0008912589812
79444	0.01944538724
79445	0.002444326188
79446	0.002558597013
79447	0.01004549822
79448	0.005202842501
79449	0.002916461894
79450	0.001453230308
79451	0.000505631201
79452	0.001050315877
79453	0.0003518807821
79454	0.002138642834
79455	0.002292289589
79456	0.00888372733
79457	0.001294775772
79458	0.00749678539
79459	0.002981898509
79460	0.001073665648
79461	0.002818719229
79462	0.01096458986
79463	0.001285221712
79464	0.007452689056
79465	0.0003413752142
79466	0.007585898483
79467	0.003036073765
79468	0.002743349758
79469	0.007018286359
79470	0.0009748885091
79471	0.000591228653
79472	0.004479828599
79473	0.003181415943
79474	0.003029754871
79475	0.0001427466971
79476	0.008106392739
79477	0.002266418937
79478	0.0004668317377
79479	0.008169962654
79480	0.001656937593
79481	0.002335157003
79482	0.002242747987
79483	0.01386444839
79484	0.0007946079514
79485	0.006783690322
79486	0.003091593691
79487	0.002672169179
79488	0.004260188698
79489	0.001579999564
79490	0.0003667557308
79491	0.0002347245444
79492	0.001515270182
79493	0.007665639695
79494	0.009150758045
79495	0.0001797506484
79496	0.0004367800547
79497	0.006302588581
79498	0.01467007875
79499	0.01110588263
79500	0.007367325026
79501	0.003018342191
79502	0.000742848704
79503	0.007530863649
79504	0.00165520513
79505	0.007218708293
79506	0.003529570352
79507	0.01269715635
79508	0.01718284035
79509	0.01229383656
79510	0.0005981179541
79511	0.003877804151
79512	0.002499141256
79513	0.008677288341
79514	0.00657491057
79515	0.004407961661
79516	0.001559904629
79517	0.003066587378
79518	0.004133629282
79519	1.992065697e-05
79520	0.004912418685
79521	0.0002687814365
79522	0.001949191774
79523	0.019930126
79524	0.002042777163
79525	0.0009821810647
79526	0.005741163357
79527	0.006901010685
79528	0.002441208561
79529	0.007018444996
79530	0.001227578161
79531	0.003676071282
79532	0.000722231439
79533	0.0006859907453
79534	0.00118442473
79535	0.01425559848
79536	0.0118422261
79537	0.001915356229
79538	0.01361999842
79539	0.0001515692376
79540	0.005816390773
79541	0.001730969937
79542	0.01551219966
79543	0.0106316608
79544	0.00684248039
79545	0.0006731396983
79546	0.005330183353
79547	0.003241027558
79548	0.001438973592
79549	0.00931542418
79550	0.005892662199
79551	0.002992509065
79552	0.001029301274
79553	0.005902350548
79554	0.002549186535
79555	0.004102146536
79556	0.002422507474
79557	0.0004895213609
79558	0.009284006394
79559	0.0005888866063
79560	0.006613529935
79561	0.0008512878852
79562	0.004489169281
79563	0.01183705585
79564	0.001336036486
79565	0.003737426512
79566	0.0002808788362
79567	0.007689858959
79568	0.001645337809
79569	0.0006631611881
79570	0.001491021432
79571	0.005946260538
79572	0.001928070876
79573	0.0001530521598
79574	0.008696953493
79575	0.000219435581
79576	2.409564326e-05
79577	0.00376769203
79578	0.005037619822
79579	0.0006470688199
79580	0.001142975101
79581	0.006323006418
79582	0.006298332106
79583	0.004456245112
79584	0.005301228319
79585	0.006682974454
79586	0.00408786733
79587	0.01412161491
79588	0.0002612012895
79589	0.001802553147
79590	0.001589719246
79591	0.002679248749
79592	0.002565530234
79593	0.002000496763
79594	0.00546257346
79595	0.008764540292
79596	0.001737714521
79597	0.007644225041
79598	0.01121005906
79599	0.005055835571
79600	0.006748152575
79601	0.006889945736
79602	0.005446500017
79603	0.005466516752
79604	0.01593854835
79605	0.001345163868
79606	0.005603297259
79607	0.007717078421
79608	0.003835086863
79609	0.001835101602
79610	0.005635933519
79611	0.001398770344
79612	0.002962214427
79613	0.0062913616
79614	0.006465921058
79615	0.0106636907
79616	0.003991731976
79617	0.0161723527
79618	0.0004821951536
79619	0.002400135826
79620	0.00865129884
79621	0.0004448534549
79622	0.01097870196
79623	0.003509877702
79624	0.0006602382415
79625	0.001101441079
79626	0.002195403375
79627	0.003573377105
79628	0.005802732035
79629	0.003654827586
79630	0.006418845106
79631	0.0007121042323
79632	0.007353114493
79633	5.306665895e-05
79634	0.006232396745
79635	0.002789983158
79636	0.01162027077
79637	0.007531608108
79638	0.003335053849
79639	0.006410887227
79640	0.003696929441
79641	0.0006662163404
79642	0.002406654958
79643	0.004844238789
79644	9.050987282e-05
79645	0.01138195194
79646	0.009197716984
79647	0.003545934732
79648	4.13588809e-05
79649	0.002013522049
79650	0.0012914636
79651	0.001236787489
79652	0.00105869159
79653	0.002484318805
79654	0.0004677643337
79655	0.001257181886
79656	0.003003195145
79657	0.005773646653
79658	0.001445413425
79659	0.003991126815
79660	0.005204843937
79661	0.008076322744
79662	0.003728238465
79663	0.01156623368
79664	0.004163505384
79665	0.01330163254
79666	0.0003196467311
79667	0.000982577584
79668	0.0005725935418
79669	0.0005555432979
79670	0.003399230361
79671	0.005145650103
79672	0.002649212591
79673	0.003694142459
79674	0
79675	0.004173309175
79676	0.0001212536397
79677	0.001031599437
79678	0.000136954774
79679	0.0009589227728
79680	0.003066415988
79681	0.001528711571
79682	0.01062158307
79683	0.005980852135
79684	0.001172576763
79685	0.0003142284006
79686	0.003491119226
79687	0.00311961392
79688	0.001197495396
79689	0.005408455166
79690	0.003556541349
79691	0.001066825113
79692	0.001141729734
79693	0.007378895371
79694	0.001341918434
79695	0.0006574915208
79696	0.01534831133
79697	0
79698	0.00909136479
79699	0.003257320842
79700	0.0002561571576
79701	0.001326515358
79702	0.007533440815
79703	0.008531477739
79704	0.003047781423
79705	0.01037413065
79706	0.003137708878
79707	0.0007729158945
79708	0.004587883665
79709	0.002349934964
79710	0.00534839447
79711	0.001121255619
79712	0.005796489136
79713	0.002613312559
79714	0.005473332929
79715	0.0008101013593
79716	0.008584879159
79717	0.000305883284
79718	0.008164172324
79719	0.001842423767
79720	0.007647025515
79721	0.0008992702527
79722	0.003657768409
79723	0.004279490878
79724	0.0005221260467
79725	0.002943076382
79726	0.005668729872
79727	0.003121765242
79728	0.006363106725
79729	0.006916379245
79730	0.0002737136178
79731	0.01208186414
79732	0.001336927895
79733	0.005442431655
79734	0.008424706848
79735	0.00361816741
79736	0.00418045005
79737	0.001532317042
79738	0.006283758685
79739	0.005060009927
79740	0.003695415201
79741	0.005451240879
79742	0.001044736467
79743	0
79744	0.005005724505
79745	0.01159396196
79746	0.01344485265
79747	0.005051027021
79748	0.003728806862
79749	0.01534225874
79750	0.004592188167
79751	0.004107169128
79752	0.006573064389
79753	0.008489607723
79754	0.0006827112076
79755	0.007268213093
79756	0.001612012402
79757	0.005232872602
79758	0.002298468295
79759	0.002188116265
79760	0.004362541685
79761	0.01226704481
79762	0.001977204918
79763	0.0009314879009
79764	0.002519176889
79765	0.004022746465
79766	0.004619358972
79767	0.002155524499
79768	0.01474104248
79769	0.00224105733
79770	0.002552305034
79771	0.001377045556
79772	0.003784567266
79773	0.006389394435
79774	0.006518158211
79775	0.0001714855585
79776	0.01160087399
79777	0.002229321691
79778	0.0002007357388
79779	0.003814045631
79780	0.01769955293
79781	0.01408122661
79782	0.006668785878
79783	0.01154421678
79784	0.00272068037
79785	0.00385533494
79786	0.002695780335
79787	0.003601510055
79788	0.005963578477
79789	0.004626723328
79790	0.006868220438
79791	0.004712179522
79792	0.002280124252
79793	0.004112950083
79794	0.005692627973
79795	0.007942767137
79796	0.005650893268
79797	0.003422337295
79798	0.004870297746
79799	0.006430084961
79800	0.00282471721
79801	0.0008554805634
79802	0.008211520495
79803	0.0009184757658
79804	0.004317642347
79805	0.000552624649
79806	0.002016795096
79807	0.00971027104
79808	0.001811929601
79809	0.006376848712
79810	0.01007283599
79811	0.00316819634
79812	0.002226321167
79813	0.005618458166
79814	0.0001843105757
79815	0.004900390708
79816	0.003010595535
79817	0.010020033
79818	0.002915022237
79819	0.006971327592
79820	0.00831706338
79821	0.00493659247
79822	0.001654119219
79823	0.001719724219
79824	0.005313141809
79825	0.004117206454
79826	0.0006194913308
79827	0.007487239177
79828	0.01006632829
79829	0.0009656921213
79830	0.004148215902
79831	0.001224226381
79832	0.0006626939107
79833	0.001229896948
79834	0.005494380025
79835	0.0002981262935
79836	2.41925042e-05
79837	0.006440004469
79838	0.004389449196
79839	0.003191269666
79840	0.006585383386
79841	0.001432441097
79842	0.002651942424
79843	0.0009250424587
79844	0.005877216879
79845	0.001465210861
79846	0.006107774636
79847	0.002145872777
79848	0.003044651054
79849	0.009765823522
79850	0.01054034619
79851	0.002616005476
79852	0.0008444317764
79853	0.003454236839
79854	0.004309178687
79855	0.002162680818
79856	0.002480837382
79857	0.01289813177
79858	0.0005782302599
79859	0.0120235502
79860	0.01047022028
79861	0.0006286875611
79862	0.00429434684
79863	0.005104753529
79864	0.003321310927
79865	0.001730330031
79866	0.003576931692
79867	0.001983890583
79868	0.0006873000133
79869	0.002001487512
79870	0.008858351432
79871	0.004260467157
79872	0.01204225459
79873	0.00751279686
79874	0.008970564177
79875	0.001977298243
79876	0.002200996764
79877	0.003499703148
79878	0.01590109046
79879	0.003502471514
79880	0.008235498324
79881	0.004243894408
79882	0.01036925067
79883	0.008775124654
79884	0.01133991559
79885	0.0120335691
79886	0.004172316009
79887	0.006725685084
79888	0.001241370621
79889	0.001030993124
79890	0.0008280815666
79891	0.009256527787
79892	0.009244506253
79893	0.006639030514
79894	0.006386054254
79895	0.002092381343
79896	0.003829587196
79897	0.004398055783
79898	0.007394053905
79899	0.007875938552
79900	0.002006087928
79901	0.003601426867
79902	0.007062195952
79903	0.0004862125572
79904	0.01115416514
79905	0.003517598508
79906	0.002182488756
79907	0.0008038650867
79908	0.006046949755
79909	0.00103878242
79910	0.002316660919
79911	0.006808113612
79912	0.007984120778
79913	0.007174149691
79914	0.003715560927
79915	0.007979318198
79916	0.005360861712
79917	0.002520226421
79918	0.002107538931
79919	0.004816960429
79920	0.002476470762
79921	0.00447834852
79922	0.006611539673
79923	0.009338140437
79924	0.005243859392
79925	0.007165931835
79926	0.003733315368
79927	0.003843000437
79928	0.001467628953
79929	0.007719055974
79930	0.007516709
79931	0.003240952781
79932	0.004089732527
79933	0.008676572488
79934	0.001025771315
79935	0.00604907542
79936	0.0008450119405
79937	0.009913036863
79938	0.007851478811
79939	0.002486734339
79940	0.006270745704
79941	0.006540064031
79942	4.466978832e-05
79943	0.004130216483
79944	0.00214675291
79945	0.008139007427
79946	0.0002927113616
79947	0.009648267325
79948	0.003733898693
79949	0.0006390017395
79950	0.00499478446
79951	0.004281331591
79952	0.003565619944
79953	0.001325793211
79954	0.002705160786
79955	0.006978989412
79956	0.001978518817
79957	0.001682265606
79958	0.003339012594
79959	0.001026328936
79960	0.004119989781
79961	0.01086740672
79962	0.02296180094
79963	0.01241503845
79964	0.004027568108
79965	0.02071758013
79966	0.0009083077172
79967	0.004219486526
79968	0.007555104845
79969	0.003590518149
79970	0.003249099399
79971	0.01271259927
79972	0.002304430389
79973	0.002933819733
79974	0.005547279127
79975	0.0003144809694
79976	0.0006256205628
79977	0.003754136159
79978	0.006610424891
79979	0.0003614671337
79980	0.005500096568
79981	0.01034606746
79982	0.002654414417
79983	0.007312649989
79984	6.785336824e-05
79985	1.560488766e-05
79986	0.001196910955
79987	0.005787979805
79988	0.008095541486
79989	0.01117186383
79990	0.0004158435686
79991	0.01486261561
79992	0.009979908735
79993	0.002372169121
79994	0.0009360190126
79995	0.008714890692
79996	0.0003582092228
79997	0.00374845975
79998	0.003275869514
79999	0.01907932252
80000	0.003583014496
80001	0.006735221929
80002	0.0008902788938
80003	0.0002636521749
80004	0.007226120972
80005	0.003270448438
80006	0.001458911063
80007	0.002118665328
80008	0.0100021557
80009	0.008527914756
80010	0.006070468674
80011	0.009324599344
80012	0.00238649235
80013	0.004163313981
80014	0.0007506706985
80015	0.005025179231
80016	0.0002298932145
80017	0.005939263697
80018	0.005629889079
80019	0.001820608428
80020	0.0009816994947
80021	0.0003699645399
80022	0.0003788586945
80023	0.00598726536
80024	0.003578195611
80025	0.0005784339302
80026	0.004154308151
80027	0.003048923301
80028	0.009210140934
80029	0.001058636509
80030	0.004484826478
80031	0.004850897882
80032	0.00171597658
80033	0.00398879114
80034	0.0008442059342
80035	0.0003442512605
80036	6.64565462e-05
80037	0.006426550586
80038	0.001019616037
80039	0.008699474134
80040	0.003230696511
80041	0.009429632994
80042	0.006329837648
80043	0.00997086398
80044	3.865039371e-05
80045	0.005244339431
80046	0.005671688752
80047	0.01264994115
80048	0.00415116789
80049	0.005174128501
80050	0.007758301533
80051	0.001302251777
80052	0.005662879141
80053	0.003929744472
80054	0.007109659683
80055	0.009116858958
80056	0.0003051490977
80057	0.0004362206438
80058	0.005774936072
80059	0.002861261812
80060	0.009303492874
80061	0.008161348362
80062	0.001738208058
80063	0.005981819618
80064	0.0131770062
80065	0.00298030531
80066	0.0103038466
80067	0.001374146378
80068	0.002181023841
80069	0.004572191309
80070	0.002399728106
80071	0.003681676634
80072	0.005738943349
80073	0.003995765277
80074	0.005284023964
80075	0.001513745602
80076	0.0002266621869
80077	0.009782338554
80078	0.0006637166376
80079	0.001405684373
80080	0.006238741725
80081	0.0003546270503
80082	0.001699736132
80083	0.001071490207
80084	0.006370473591
80085	0.0005445678817
80086	0.002876417906
80087	0.004498417649
80088	0.002541531277
80089	0.004548947986
80090	0.009309941487
80091	0.007856045401
80092	0.007478023336
80093	0.0001070908782
80094	0.005700899876
80095	0.001202133838
80096	0.0007874814066
80097	0.001970886089
80098	0.002063651192
80099	0.001250360051
80100	0.001742392882
80101	0.0008125551439
80102	0.005834130698
80103	0.005473946388
80104	0.0008350684432
80105	0.0003511550479
80106	0.002265677526
80107	0.009096977444
80108	0.003694571069
80109	0.002332962372
80110	0.002969397059
80111	0.0004176251876
80112	0.002484658472
80113	0.0006878054025
80114	0.0009859114692
80115	0.001058396593
80116	0.003342321177
80117	0.002890852427
80118	0.009345337349
80119	0.001782110742
80120	0.003436205327
80121	0.007556977051
80122	0.001110360995
80123	0.0005314008572
80124	0.002186013624
80125	0.00439127798
80126	0.008000623723
80127	0.002126089221
80128	0.001286434897
80129	0.01038660396
80130	0.001059084939
80131	0.008985367029
80132	0.00402987766
80133	0.0006977655036
80134	0.0052414939
80135	0.004229111692
80136	0.001532624919
80137	0.001323808704
80138	0.001332016694
80139	0.0005431114721
80140	0.001841690701
80141	0.002440168411
80142	0.001180316481
80143	0.005253263229
80144	0.003951688532
80145	0.002045190428
80146	0.002160678677
80147	0.009325574027
80148	0.005467031159
80149	0.002485683048
80150	0.001645254223
80151	0.0007385130343
80152	0.008553371808
80153	0.01302347935
80154	0.00151615603
80155	0.008677499664
80156	0.00239028472
80157	1.624313962e-05
80158	0.006143231629
80159	0.007099785882
80160	0.00211243984
80161	0.001666427781
80162	0.002004168799
80163	0.002715198143
80164	0.006120419611
80165	0.008981496178
80166	0.00278031235
80167	0.0009461483814
80168	0.002555857553
80169	0.0009195702056
80170	0.002582526599
80171	0.0001525245474
80172	0.001897579958
80173	0.006512088916
80174	0.00129133575
80175	0.003814646106
80176	0.005998129299
80177	0.003369627824
80178	0.0002949495714
80179	0.001102836418
80180	0.003908511914
80181	0.001356673212
80182	0.0001436356529
80183	0.004849500967
80184	0.001263929002
80185	0.0001170245798
80186	0.002079618686
80187	0.005650373305
80188	0.0001732695864
80189	0.004813683356
80190	0.001786636588
80191	0.005608958524
80192	2.508666302e-08
80193	0.006379827284
80194	0.003666208964
80195	0.002588451084
80196	0.003416443574
80197	0.0053310343
80198	0.001558263546
80199	0.01071626511
80200	0.004111696041
80201	0.00579202977
80202	0.01069149614
80203	0.009362725692
80204	0.004202364278
80205	0.01048904185
80206	0.0008161245397
80207	0.00382815243
80208	0.0006347139513
80209	0.0067506831
80210	0.0001979674956
80211	0.0007809250635
80212	0.00846489204
80213	0.01562516959
80214	0.01472378992
80215	0.01428846678
80216	0.01422404347
80217	0.01668767315
80218	0.01768141832
80219	0.005762718739
80220	0.01077577988
80221	0.01382726139
80222	0.01600289761
80223	0.007704002188
80224	0.01070325543
80225	0.01556315659
80226	0.01318216791
80227	0.01514580894
80228	0.01445610078
80229	0.01503402997
80230	0.0133456368
80231	0.01999600789
80232	0.01280444548
80233	0.01539780412
80234	0.01479152989
80235	0.0143982905
80236	0.01713171806
80237	0.01582882304
80238	0.01626580337
80239	0.01629448675
80240	0.01461478467
80241	0.01301514134
80242	0.01672550614
80243	0.01457584945
80244	0.01357336081
80245	0.01594985334
80246	0.01437971129
80247	0.01525556028
80248	0.01687002892
80249	0.01040127233
80250	0.01269960185
80251	0.01436455005
80252	0.01235799414
80253	0.01278284889
80254	0.002285326233
80255	0.005475363229
80256	0.0009479344851
80257	0.001338910582
80258	0.005501440267
80259	0.001158832495
80260	0.004345074077
80261	0.0006959874896
80262	0.001178662828
80263	0.0005437774184
80264	0.001338855468
80265	0.004446207077
80266	0.001086009933
80267	0.003917855709
80268	0.004741725903
80269	0.002918446671
80270	0.007017591353
80271	0.006159557761
80272	0.01033712796
80273	0.00448919249
80274	0.005390821269
80275	0.003641356109
80276	0.0006708400453
80277	0.000901990703
80278	0.002077776491
80279	0.00156802636
80280	0.006710423563
80281	0.003531673118
80282	0.0001098057859
80283	0.007504582381
80284	0.004104266377
80285	0.00175914072
80286	0.002090514803
80287	0.004435484496
80288	0.007768278313
80289	0.005706531245
80290	0.001334408437
80291	0.00260099143
80292	0.0005752584602
80293	0.002620950751
80294	0.008998020432
80295	0.005029541932
80296	0.0009202434009
80297	0.005101281068
80298	0.01020617339
80299	0.0105226002
80300	0.009665554189
80301	0.001938413352
80302	0.007279489524
80303	0.008691478937
80304	0.01978375293
80305	3.79457707e-06
80306	0.003620623515
80307	0.002796977444
80308	0.008148358269
80309	0.00138136106
80310	0.001810277213
80311	0.005261296095
80312	0.003887950015
80313	0.007889742878
80314	0.005348864814
80315	0.002620482938
80316	0.001646423108
80317	0.0005689580374
80318	0.002156060509
80319	0.00250997039
80320	0.00705982431
80321	0.002057174403
80322	0.005780627543
80323	0.003571926301
80324	0.005790445122
80325	0.0001720314216
80326	0.002964891415
80327	0.007673044418
80328	0.004206771852
80329	0.005980882251
80330	0.0006654865592
80331	0.0001305004202
80332	0.001219202312
80333	0.01463683239
80334	0.01074339644
80335	0.01516764914
80336	0.01182953871
80337	0.0003559026693
80338	0.001211792596
80339	0.002477057342
80340	0.00059868598
80341	0.001625745048
80342	0.01326595332
80343	0.002522421983
80344	0.001659942598
80345	0.005593427397
80346	0.003329544946
80347	0.003516425531
80348	0.004598779215
80349	0.005510604902
80350	0.008752033128
80351	0.002497108673
80352	0.005505795457
80353	0.007676748725
80354	0.0114140165
80355	0.009049754516
80356	0.0006684143671
80357	0.004393918796
80358	0.01394318434
80359	0.002081202751
80360	0.004371284969
80361	0.003048308459
80362	0.009207762887
80363	0.01250309098
80364	0.01496996013
80365	0.003958374832
80366	0.0009038226669
80367	0.009065284851
80368	0.001933984317
80369	0.00181832797
80370	0.006354967688
80371	0.01034171888
80372	0.001419568917
80373	0.001104099459
80374	0.007632549397
80375	0.002418028483
80376	0.01280661318
80377	0.005831994589
80378	0.01319902153
80379	0.001030459624
80380	0.001954558405
80381	0.006342365171
80382	0.001273258023
80383	0.001055860251
80384	0.007232007958
80385	0.008583864273
80386	0.0025936046
80387	0.00457106699
80388	0.001323019075
80389	0.003012939588
80390	0.001729176187
80391	0.006271500311
80392	0.003271899642
80393	0.0005978865217
80394	0.01399273831
80395	0.001560611868
80396	0.004405141469
80397	0.00587513642
80398	0.001689597233
80399	0.009189601381
80400	0.002652386586
80401	0.01818045348
80402	0.0008941923251
80403	0.000479209919
80404	0.003424710477
80405	0.003463000774
80406	0.003182158856
80407	0.0001583983817
80408	0.005475325833
80409	0.000337902999
80410	0.002417890438
80411	4.738730678e-05
80412	0.001246087196
80413	0.002617867474
80414	0.01162554531
80415	0.01283644861
80416	0.00268342613
80417	0.003963003803
80418	0.00625648638
80419	0.001209833722
80420	0.0007824277579
80421	0.0001134689642
80422	0.0007108679988
80423	0.00805012642
80424	0.002295634893
80425	0.0002247244732
80426	0.002814077316
80427	0.01198870186
80428	0.002916903248
80429	0.0002882585244
80430	2.855807296e-06
80431	0.0001255721355
80432	0.009376598296
80433	0.002427506049
80434	0.007246605833
80435	0.00240573783
80436	0.01739330702
80437	0.0105947251
80438	0.0002458850886
80439	4.221790848e-05
80440	0.009937995819
80441	0.004495402884
80442	0.001694408857
80443	0.003864968716
80444	0.004542277033
80445	0.002885546336
80446	0.00261450078
80447	0.002704911508
80448	0.002526025569
80449	0.002395060236
80450	0.002851343926
80451	0.002236978599
80452	0.001753456799
80453	0.002795950831
80454	0.00273439052
80455	0.0007872093059
80456	0.002894570523
80457	0.002551942437
80458	0.003238979134
80459	0.002066179841
80460	0.003067767338
80461	0.003023288833
80462	0.002737831137
80463	0.001539262665
80464	0.002851281088
80465	0.002809011133
80466	0.002602407726
80467	0.002859981674
80468	0.002502403033
80469	0.002495710587
80470	0.002686875996
80471	0.002823303416
80472	0.002071178463
80473	0.002769993922
80474	0.002712280436
80475	0.002595355185
80476	0.002681454073
80477	0.002798101716
80478	0.002714051743
80479	0.003512497782
80480	0.002705475418
80481	0.002070579014
80482	0.002906053562
80483	0.002240973997
80484	0.001716595936
80485	0.002134505048
80486	0.002991246566
80487	0.002694226766
80488	0.00339005868
80489	0.002466338632
80490	0.003790872233
80491	0.002857170398
80492	0.001980529975
80493	0.005962387374
80494	0.002671730709
80495	0.002874054257
80496	0.00105860406
80497	0.002661227045
80498	0.002783195016
80499	0.002686573322
80500	0.003132036038
80501	0.00267119404
80502	0.003082064943
80503	0.002718906685
80504	0.001940047451
80505	0.001817052693
80506	0.00206557213
80507	0.002621307018
80508	0.003039577675
80509	0.002788942098
80510	0.001763679238
80511	0.001396829109
80512	0.003683916398
80513	0.001685764927
80514	0.002334813528
80515	0.001990660388
80516	0.002736765144
80517	0.001758985848
80518	0.003920532467
80519	0.002945015148
80520	0.003143448722
80521	0.002149318278
80522	0.00559599223
80523	0.003956267246
80524	0.00395798039
80525	0.003635735045
80526	0.004737053933
80527	0.003167834705
80528	0.003221068933
80529	0.0005196644843
80530	0.002655521043
80531	0.003405074203
80532	0.00287812088
80533	0.005290629107
80534	0.004400012052
80535	0.002674103536
80536	0.002920900052
80537	0.002694261516
80538	0.003210604768
80539	0.002962785005
80540	0.002692774007
80541	0.003677523349
80542	0.002777265216
80543	0.002826522437
80544	0.002840606216
80545	0.003184190144
80546	0.002816396178
80547	0.002624739116
80548	0.002888295227
80549	0.002688752507
80550	0.002798653817
80551	0.003068269718
80552	0.006083452442
80553	0.002760599853
80554	0.002873915346
80555	0
80556	0.00107998417
80557	0.005989209912
80558	0.002766359003
80559	0.0039022093
80560	0.004601010379
80561	0.002326040484
80562	0.001938656917
80563	0.00545052084
80564	0.0004801323982
80565	0.0006260969003
80566	0.0006210841062
80567	0.01634547256
80568	0.001719477359
80569	0.007744122341
80570	0.002255914078
80571	0.003347935426
80572	0.006282770558
80573	0.003105248943
80574	0.00434551962
80575	0.00477024229
80576	0.006746142316
80577	0.01482885925
80578	7.118185997e-05
80579	0.008285582863
80580	0.009966163463
80581	0.003402858573
80582	0.001777764639
80583	0.0005652793125
80584	0.001381343447
80585	0.009842628064
80586	0.003617921564
80587	0.002614912995
80588	0.004921871331
80589	0.0003924964283
80590	0.007453923305
80591	0.0007891938559
80592	0.006995412887
80593	0.01332801065
80594	0.004535744574
80595	0.0003071279905
80596	0.004694142253
80597	0.002283621591
80598	0.001282819994
80599	0.004173666483
80600	0.0004444762987
80601	0.002933282225
80602	0.01256969991
80603	0.003000937563
80604	0.002759862501
80605	0.001584314205
80606	0.008358162393
80607	0.006310246183
80608	0.007073916378
80609	0.002002394844
80610	0.003534034096
80611	0.000272075014
80612	0.000468117532
80613	0.002190352052
80614	0.002450234602
80615	0.001805007931
80616	0.002759207303
80617	0.001481091831
80618	0.004611738574
80619	0.00428022707
80620	0.007885617063
80621	0.007341255019
80622	0.006275619279
80623	0.0001440425098
80624	0.005848128834
80625	0.00483441839
80626	0.005743611103
80627	0.001166910049
80628	0.006442897223
80629	0.003012317155
80630	0.0009469736669
80631	0.0007049285663
80632	0.00151533585
80633	0.001176884152
80634	0.006284846654
80635	0.005691560071
80636	0.004302227691
80637	0.001247309283
80638	0.0006745842368
80639	0.002842482808
80640	0.003795905835
80641	0.001795576728
80642	0.004935982709
80643	0.002025557666
80644	0.002244143898
80645	0.002006842752
80646	0.002421850213
80647	0.009997773794
80648	0.005631011464
80649	0.003965347584
80650	0.0006094594398
80651	0.00296462766
80652	0.0009127265937
80653	0.00748165089
80654	0.004773887938
80655	0.007171615042
80656	0.01020825241
80657	0.0003678703813
80658	0.01280186018
80659	0.001705148855
80660	0.009704914114
80661	0.001931841025
80662	0.002819272703
80663	0.0003879760841
80664	0.004982356268
80665	0.004308452676
80666	0.007779755534
80667	0.007817737382
80668	0.006206142353
80669	0.01580613816
80670	0.002068509738
80671	0.004116663702
80672	0.006636868167
80673	0.009591560766
80674	0.002149601812
80675	0.00163742064
80676	0.007208259243
80677	0.0002467999118
80678	0.005387767709
80679	0.001467492785
80680	0.004376692052
80681	0.00341354758
80682	0.002700888437
80683	0.002015765701
80684	0.01385748383
80685	0.006174895791
80686	0.003777191378
80687	0.01492120602
80688	0.0003590936475
80689	0.01298354746
80690	0.01922166479
80691	0.01928893672
80692	0.006426150961
80693	0.001560311986
80694	0.01344009029
80695	0.01313796497
80696	0.001329276939
80697	0.0004363992028
80698	0.01007512061
80699	0.01663618483
80700	0.004820446785
80701	0.005481508681
80702	0.002452314061
80703	0.001161070748
80704	0.003918329051
80705	0.003376473392
80706	0.001453840312
80707	0.006424720557
80708	0.0002538637412
80709	0.0002508606449
80710	0.002517652531
80711	0.001537049394
80712	0.009616472148
80713	0.005230266711
80714	0.004701685105
80715	0.001724467812
80716	0.01335225082
80717	0.006748000879
80718	0.005143226356
80719	0.004318463878
80720	0.001743687228
80721	0.004882288691
80722	0.001009139749
80723	0.002607208017
80724	0.0004320670026
80725	0.004385779945
80726	0.005292768177
80727	0.00159810089
80728	0.004498767046
80729	0.006037538692
80730	0.001876961044
80731	0.001819241443
80732	0.002597981488
80733	0.001639044757
80734	0.004605820896
80735	0.002797444595
80736	0.002806311966
80737	0.005338775815
80738	0.005929449513
80739	0.002729176568
80740	0.002404534269
80741	0.01070011048
80742	0.007749593554
80743	0.003680920817
80744	0.003030970341
80745	0.00384810757
80746	0.008810334123
80747	0.01217766656
80748	0.01368788144
80749	0.01198805565
80750	0.004062673952
80751	0.01035528956
80752	0.01944432276
80753	0.01057050395
80754	0.007939463055
80755	0.004339243461
80756	0.002457634133
80757	0.003464624733
80758	0.006939368515
80759	0.003138997393
80760	0.002583229525
80761	0.01020709693
80762	0.01197899279
80763	0.00317712678
80764	0.001984420832
80765	0.0104459186
80766	0.01395341
80767	0.001305799199
80768	0.01221610463
80769	0.0006454916925
80770	0.001978445697
80771	0.002465220656
80772	0.01250536081
80773	0.005220933776
80774	0.009469539541
80775	0.009732551186
80776	0.004999207721
80777	0.002612899502
80778	0.009565977451
80779	0.004799659964
80780	7.704872365e-05
80781	0.01304790282
80782	1.951187707e-05
80783	0.01186117478
80784	0.006954095005
80785	0.006910960703
80786	0.004329201338
80787	0.002466675606
80788	0.002456216866
80789	6.314088848e-05
80790	0.0009258110159
80791	0.01082964815
80792	0.001577415196
80793	0.009051756095
80794	0.005041920012
80795	0.003603843315
80796	0.009790954072
80797	0.0001650689437
80798	0.01120586282
80799	0.001314027245
80800	0.003363004177
80801	0.001955967235
80802	0.01318826793
80803	0.007404161796
80804	0.005733070121
80805	0.001254536685
80806	0.0006155906401
80807	0.003887466646
80808	0.003905912664
80809	0.0001468051263
80810	0.001206451569
80811	0.001484435252
80812	0.005051990253
80813	0.001981424192
80814	0.007446946141
80815	0.01026769507
80816	0.005640751755
80817	0.001831052437
80818	0.0005887079609
80819	0.00327161205
80820	0.005712306941
80821	0.001824782097
80822	0.004054949159
80823	0.001675028373
80824	0.002932433997
80825	0.002488670011
80826	0.0003637717886
80827	0.003677270697
80828	0.002744874667
80829	0.001197496803
80830	0.000978557523
80831	0.0006632565074
80832	0.005148384057
80833	0.005033585323
80834	0.006627737778
80835	0.006701646269
80836	0.007482629834
80837	0.00399869816
80838	0.0008691964637
80839	0.004012511429
80840	0.003864920532
80841	0.004249724654
80842	0.001454640018
80843	0.003135146413
80844	0.0004118683431
80845	0.00141056218
80846	0.004948439695
80847	0.001674959947
80848	0.007022307662
80849	0.007780818486
80850	4.919286645e-06
80851	0.006592438926
80852	0.0006304489263
80853	0.002467895006
80854	0.001996657972
80855	0.0006910089248
80856	0.000819854878
80857	0.01076486193
80858	0.008976864324
80859	0.002549241494
80860	0.01212321176
80861	0.009519099765
80862	7.9645034e-05
80863	0.01339005819
80864	0.003900434456
80865	0.00332929616
80866	0.005341325697
80867	0.009080008156
80868	0.002564724951
80869	0.001184759218
80870	0.009841835821
80871	0.007079050752
80872	0.006003977314
80873	0.002039163858
80874	0.02212435205
80875	0.002158359858
80876	0.00364903517
80877	0.001044994299
80878	0.0001400718872
80879	0.0008702954897
80880	0.005646969309
80881	0.001250921395
80882	0.01224817863
80883	0.001535928869
80884	0.00101185453
80885	0.0001232256482
80886	0.004072562432
80887	9.368837845e-06
80888	0.01052168094
80889	0.005140273467
80890	0.002684767125
80891	0.003849825669
80892	0.006983986553
80893	0.0009153164516
80894	0.001641192791
80895	0.003890166052
80896	0.0003907651912
80897	0.004024737705
80898	0.00286141041
80899	0.002947666516
80900	0.008795804486
80901	0.00666499544
80902	0.003659123412
80903	0.006767365407
80904	0.008925404986
80905	0.005308038884
80906	0.001092626082
80907	0.0003349747682
80908	0.008107943022
80909	0.01100124668
80910	0.003510498271
80911	0.01218071625
80912	0.004119975591
80913	0.007828765214
80914	0.004858665346
80915	0.002100086712
80916	0.0004455592918
80917	0.004011590707
80918	0.008321510784
80919	0.003968391247
80920	0.005917649849
80921	0.007519281541
80922	0.004789285758
80923	0.007714401145
80924	0.01249161355
80925	0.002739964961
80926	0.002355562296
80927	0.001790418626
80928	0.001375560917
80929	0.004460878739
80930	0.004069390401
80931	0.01162475353
80932	0.008467591207
80933	0.00407438542
80934	0.001486182531
80935	0.004375581189
80936	0.005339825491
80937	0.0008789985201
80938	0.00090831075
80939	0.006131780196
80940	0.000677627739
80941	0.005987895786
80942	0.008400013762
80943	0.005646260723
80944	0.003189660908
80945	0.002266205916
80946	0.001115164271
80947	0.008028631597
80948	0.00445194886
80949	0.008842917082
80950	0.002052892181
80951	0.003998893688
80952	0.004829778207
80953	0.01018017022
80954	0.004107394552
80955	0.002429718989
80956	0.002177821049
80957	0.002024020574
80958	0.001599657724
80959	0.003863758836
80960	0.002768024895
80961	0.002262120699
80962	0.001657945034
80963	0.01525043495
80964	0.0087008443
80965	0.001675100288
80966	0.009263337578
80967	0.005318417737
80968	0.0009319173658
80969	0.002181400533
80970	0.006639959537
80971	0.002129304083
80972	0.001885540689
80973	0.004187687359
80974	0.001722050759
80975	0.0005021738314
80976	0.003147366207
80977	0.001305782207
80978	0.004643116498
80979	0.002352102302
80980	0.0005784148758
80981	0.001391220978
80982	0.004163099766
80983	0.0006690605769
80984	0.0004484360538
80985	0.003971192994
80986	0.005341423965
80987	0.005286864017
80988	0.009478203869
80989	0.003026007218
80990	0.0003891380102
80991	0.006057981913
80992	0.005754828547
80993	0.003589062687
80994	0.004606582645
80995	0.001008936893
80996	0.001048245547
80997	0.00326620011
80998	0.004531380611
80999	0.005445177259
81000	0.002315340624
81001	0.009931856068
81002	0.0130467702
81003	0.003725486885
81004	0.01529568823
81005	0.005051739469
81006	0.0008212858391
81007	0.003481166709
81008	2.39404563e-05
81009	0.004243916271
81010	0.007405831357
81011	0.01118332798
81012	0.01125529407
81013	0.003906446445
81014	0.0043697084
81015	0.002325814678
81016	0.006336391176
81017	0.005074822039
81018	0.002703857758
81019	0.0002602454603
81020	0.0002121807618
81021	0.0007370244888
81022	0.001276556174
81023	0.000966116888
81024	0.0001361658747
81025	3.696931071e-05
81026	0.004122938624
81027	0.001606982938
81028	6.188914391e-05
81029	0.0005141972717
81030	0.0002188912862
81031	8.474126615e-05
81032	0.005631557075
81033	0.001192604912
81034	0.001335020291
81035	1.28142866e-05
81036	0.000337414297
81037	0.001297970997
81038	0.0003535941989
81039	0.0007483142294
81040	0.0005280546652
81041	0.005366129098
81042	0.0001663504479
81043	0.003722722438
81044	0.01016595807
81045	0.003616287352
81046	0.01015741906
81047	0.002058664695
81048	0.003352619375
81049	0.0008426934534
81050	0.0003594783529
81051	0.01500993416
81052	0.001575290622
81053	0.004267010975
81054	0.002120581654
81055	0.01219662699
81056	0.0004908814682
81057	0.0005284639113
81058	0.003691157402
81059	0.00996508329
81060	0.0003564857718
81061	0.0003058221693
81062	0.006614248117
81063	0.009318483276
81064	0.00317564815
81065	0.002116312709
81066	0.003043001392
81067	0.01102814566
81068	0.0002722547109
81069	0.0004897444028
81070	0.0004475622306
81071	0.01023608663
81072	0.0018041614
81073	0.00053396387
81074	0.001347842196
81075	0.001981950975
81076	0.0001427068061
81077	0.00609813503
81078	0.0002073605369
81079	0.008534019076
81080	0.008188893813
81081	0.00565533429
81082	0.001250686149
81083	0.008772279918
81084	0.004563310436
81085	4.066044917e-05
81086	0.003501223615
81087	0.006335524223
81088	0.01199840378
81089	0.005769421851
81090	0.003145705425
81091	0.001632844539
81092	0.005836501478
81093	1.097774086e-07
81094	0.003231521847
81095	0.002789576174
81096	0.004107867954
81097	0.001576245263
81098	0.00233849693
81099	0.005391968347
81100	0.01189580541
81101	0.001515320873
81102	0.0004444451481
81103	0.006325573164
81104	0.001644862612
81105	0.007700141756
81106	0.008868268961
81107	0.003127697879
81108	0.005729269791
81109	0.001463977088
81110	8.359651454e-05
81111	0.004169096738
81112	0.004303913277
81113	0.006938871609
81114	0.00381055607
81115	0.007150100574
81116	0.003572357233
81117	0.006148386754
81118	0.004221411128
81119	0.01628426248
81120	0.007433350356
81121	0.004480066476
81122	0.007909210109
81123	0.007532488843
81124	0.004337628466
81125	0.001766832642
81126	0.003379241392
81127	0.006815592874
81128	0.00132939436
81129	0.001919595934
81130	0.01019112425
81131	0.0002490304755
81132	0.004370723305
81133	0.001272905926
81134	0.001793345124
81135	0.0001899395203
81136	0.00439041843
81137	0.00662828785
81138	0.004185765637
81139	0.001580662853
81140	0.003085924415
81141	0.001293255524
81142	0.005495809438
81143	0.003417522972
81144	0.00220833656
81145	0.002226041924
81146	0.007057120273
81147	0.004926892601
81148	0.007194808254
81149	0.002335349354
81150	0.008350115829
81151	0.002139409197
81152	0.003833393998
81153	0.001248535113
81154	0.007630884334
81155	0.001324959257
81156	0.003422029474
81157	0.003639495491
81158	0.007770184965
81159	0.004900301778
81160	0.003041970894
81161	0.005779347624
81162	0.004874811341
81163	0.00439876479
81164	0.008294010229
81165	0.00111249116
81166	0.0006437418555
81167	0.001272659151
81168	0.0007667513622
81169	0.00182570236
81170	0.00170573705
81171	0.0005605924528
81172	0.001064718181
81173	0.003239689946
81174	0.002361529165
81175	0.001528066766
81176	0.001169085661
81177	0.001039317892
81178	0.001291527717
81179	0.0006308608196
81180	0.002088896016
81181	0.0002759473838
81182	0.0008054718337
81183	0.0005014137454
81184	0.0004068433864
81185	0.0007865387635
81186	0.001814057669
81187	0.0008367088495
81188	8.959233e-05
81189	0.001705065348
81190	0.001259362637
81191	0.0005133753398
81192	0.0005660982869
81193	0.0009859767777
81194	0.0007381088426
81195	0.0006759138554
81196	2.682812218e-05
81197	0.0004696874
81198	0.001026726305
81199	0.001236050096
81200	0.001573998087
81201	0.001019365505
81202	0.0008585867546
81203	0.0007278851479
81204	0.00139371915
81205	0.0006956200195
81206	0.002139794701
81207	0.0007207201161
81208	0.0007592083427
81209	3.822092569e-05
81210	0.001398921526
81211	0.0007992257449
81212	0.003619846863
81213	0.001522056504
81214	0.001543858978
81215	0.0004713317451
81216	0.003591422519
81217	0.0003906723246
81218	5.882407693e-06
81219	0.0006184774136
81220	0.0001916120288
81221	0.001183481825
81222	0.001020240487
81223	0.0001582318354
81224	0.001631886161
81225	0.0001920562463
81226	0.001225112604
81227	0.000320346567
81228	0.0001752555782
81229	0.0007166862449
81230	0.0009431717704
81231	0.001352755143
81232	0.000901114481
81233	0.0002977622325
81234	0.001059152143
81235	0.0006877891797
81236	0.00123183521
81237	0.0008587085095
81238	0.0001709722657
81239	0.001149234599
81240	0.0008795655449
81241	0.00106184818
81242	0.002072998552
81243	0.001410104312
81244	0.000884682468
81245	0.0006365715019
81246	0.0004208350996
81247	0.0005667897849
81248	0.000390324757
81249	0.0007145215692
81250	0.01100309133
81251	0.0009180902649
81252	0.002143432186
81253	0.0006080131241
81254	0.002212619095
81255	0.003661797064
81256	0.00488151118
81257	0.003310438844
81258	0.001403371647
81259	0.005348050502
81260	0.009565790713
81261	0.005434945037
81262	0.001885954204
81263	0.002072648034
81264	0.0004516838234
81265	0.0006823555011
81266	0.00415945235
81267	0.003385433411
81268	0.001186605294
81269	0.0003580798947
81270	0.005393224253
81271	0.005853063802
81272	0.002849785479
81273	0.000170262477
81274	0.003495460969
81275	0.002357737908
81276	0.01349492867
81277	0.0001608146099
81278	0.0007417693557
81279	0.004549187569
81280	0.0004092510945
81281	0.002937195943
81282	0.001935429125
81283	0.003336868949
81284	0.001655603099
81285	0.005525689227
81286	0.001712360912
81287	0.006455696022
81288	0.003473244145
81289	0.006928552907
81290	0.0005026265985
81291	0.00663577084
81292	0.003038973566
81293	0.002085690892
81294	0.004214613532
81295	0.002566345464
81296	0.004391959282
81297	0.003649889073
81298	0.00366566665
81299	0.002204903513
81300	0.002704437974
81301	0.002918648691
81302	0.003787417079
81303	0.002750169818
81304	0.002545916543
81305	0.003263019897
81306	0.002785217276
81307	0.002936179782
81308	0.002708237024
81309	0.002576635336
81310	0.001532924132
81311	0.002404956835
81312	0.002588427745
81313	0.002712685698
81314	0.002757944734
81315	0.003982185275
81316	0.001994675623
81317	0.002091200379
81318	0.002525952319
81319	0.003021466795
81320	0.00268891223
81321	0.003071500661
81322	0.002769252355
81323	0.001908591134
81324	0.003182139488
81325	0.005586066816
81326	0.001703415283
81327	0.003470870115
81328	0.003152284271
81329	0.006581672526
81330	0.004204155468
81331	0.006522860308
81332	0.001753051177
81333	0.002092719656
81334	0.001765467818
81335	0.003226914934
81336	0.00223850586
81337	0.003943549235
81338	0.002601466289
81339	0.002817468008
81340	0.00289898125
81341	0.0007233135846
81342	0.002510172285
81343	0.007524792447
81344	0.004931019194
81345	0.001280601286
81346	0.010583195
81347	0.001915881563
81348	0.003384178344
81349	0.003070530828
81350	0.003169968357
81351	0.002843199782
81352	0.00303301175
81353	0.002776285562
81354	0.00131552546
81355	0.003080378831
81356	0.003101788249
81357	0.003365103117
81358	0.003881447069
81359	0.002749791114
81360	0.002989224933
81361	0.002378104823
81362	0.002959261334
81363	0.002365070074
81364	0.003065017741
81365	0.003169846624
81366	0.003077784077
81367	0.002953328211
81368	0.002834022534
81369	0.003406169595
81370	0.003627883664
81371	0.003957868095
81372	0.002854775799
81373	0.002306187977
81374	0.002695609464
81375	0.003122237949
81376	0.002123995462
81377	0.003379888958
81378	0.002856989033
81379	0.003481486642
81380	0.002707970579
81381	0.002833276985
81382	0.002376697709
81383	0.009830286232
81384	0.002692460755
81385	0.001789392528
81386	0.005445253688
81387	0.003046745309
81388	0.003831633493
81389	0.0006623293462
81390	0.001075852907
81391	0.0008953885068
81392	0.005388433444
81393	0.002640070955
81394	0.002613004666
81395	0.001553808993
81396	0.001784757687
81397	0.006318818645
81398	0.0006165882887
81399	0.004072942342
81400	0.002152510923
81401	0.004618665103
81402	0.0006221135898
81403	0.009193901453
81404	0.001962095789
81405	0.0009963173743
81406	0.007650746331
81407	0.001044426563
81408	0.00592892595
81409	0.00196306
81410	0.00117322038
81411	0.00132450584
81412	0.001054081958
81413	0.0006217916607
81414	0.001062218863
81415	0.001097804244
81416	0.001038640804
81417	0.003498576928
81418	0.0007122112769
81419	0.0009074991379
81420	0.002171866489
81421	0.004903933629
81422	0.004178201485
81423	0.002742883939
81424	0.001630921388
81425	1.346184503e-06
81426	0.001079295869
81427	0.00776867173
81428	0.003582035368
81429	0.01097298149
81430	0.001420979722
81431	0.003662806899
81432	0.003799286236
81433	0.002752430751
81434	0.002045864483
81435	0.01167970716
81436	0.002946301554
81437	0.004477622887
81438	0.004506540838
81439	0.002094779559
81440	0.01253717618
81441	0.002794121408
81442	0.005792156858
81443	0.005476664465
81444	0.001656101964
81445	0.001718916648
81446	0.0006002892661
81447	0.001579785319
81448	0.004103459179
81449	0.0004936022261
81450	0.0008426178973
81451	6.172023819e-05
81452	0.008154054103
81453	0.005916449494
81454	0.006001414638
81455	0.01687467735
81456	0.009248544755
81457	0.003064028123
81458	0.00257278404
81459	5.856321474e-05
81460	0.003647159559
81461	0.003467582492
81462	0.003306105552
81463	0.001272461252
81464	0.0001905973791
81465	0.001928789776
81466	0.005252181172
81467	0.002149143082
81468	0.001730365939
81469	0.006309396933
81470	0.008145510258
81471	0.00149441906
81472	0.004684694282
81473	0.001772212748
81474	0.004097450768
81475	0.0001693081606
81476	0.007816945985
81477	0.004043808475
81478	0.005738891654
81479	0.005645713717
81480	0.002844522067
81481	0.000890428279
81482	0.006398678819
81483	0.0004615861399
81484	0.002707609511
81485	0.005866137566
81486	0.001049973309
81487	0.006577562659
81488	0.0105049117
81489	0.0007160954585
81490	0.01107799094
81491	0.01421806931
81492	0.0001889057949
81493	0.001613071714
81494	0.005507555111
81495	0.005103610802
81496	0.001798757089
81497	0.003894499007
81498	0.001932703138
81499	0.005162052858
81500	0.0001805474588
81501	0.0007579970187
81502	0.001550619376
81503	0.01049800854
81504	0.003925622506
81505	0.006529623581
81506	0.0005141947463
81507	0.0002359927613
81508	0.008970102445
81509	0.006068471215
81510	0.0006324781237
81511	0.001176979361
81512	0.0009366909308
81513	0.001740447578
81514	0.009709538978
81515	0.0004507277123
81516	0.0005176697885
81517	0.000628946258
81518	0.001701225228
81519	0.001015778657
81520	0.005477199657
81521	0.006740527386
81522	0.01094058774
81523	0.002193635769
81524	0.001838944665
81525	0.0006367283111
81526	0.005386137801
81527	0.004539668661
81528	0.004645668473
81529	0.002137728479
81530	0.0004671152446
81531	0.005243502672
81532	0.003007057334
81533	0.004993127045
81534	0.0003105499101
81535	0.01695081755
81536	2.37622414e-05
81537	0.006008042437
81538	0.005645473566
81539	0.002797814973
81540	0.001103180614
81541	0.005401944214
81542	0.00114393419
81543	0.001077003484
81544	0.01358864735
81545	0.003027626271
81546	0.001633804212
81547	0.002550032211
81548	0.001657093308
81549	0.006339776428
81550	0.01026168635
81551	0.001794699842
81552	0.002871725112
81553	5.498749536e-05
81554	0.001741178918
81555	0.001035465049
81556	0.001111488254
81557	0.0005714847253
81558	0.004448072883
81559	0.003690724214
81560	7.090370043e-06
81561	0.0003784065469
81562	0.004016015789
81563	0.004097298042
81564	0.001792426177
81565	0.004254101655
81566	0.003428651078
81567	0.002362468692
81568	0.003563677605
81569	0.002715550394
81570	0.0008013946428
81571	0.01550168942
81572	0.008048346632
81573	0.0008949727983
81574	0.001030325726
81575	0.001878457913
81576	0.003635322081
81577	0.00137044929
81578	0.001840089109
81579	0.001091470229
81580	0.007153709684
81581	0.001639172093
81582	0.01286227086
81583	0.001326352478
81584	0.0006314670858
81585	0.0005474944288
81586	0.002063124917
81587	0.01386102302
81588	0.001275262282
81589	0.01057774774
81590	0.003327981894
81591	0.001783774143
81592	0.004013899202
81593	0.008821469278
81594	0.005244463202
81595	0.003672596025
81596	0.01241673396
81597	0.0006053428921
81598	0.004747944319
81599	0.002826807042
81600	0.009543130242
81601	0.0005436751581
81602	0.0007049932021
81603	0.00677783425
81604	0.002436899071
81605	0.008239755191
81606	0.0005174081327
81607	0.002796963195
81608	0.002721421895
81609	0.003501445645
81610	0.003918425225
81611	0.0003749153233
81612	0.01029261709
81613	0.0008590974703
81614	0.005969456402
81615	0.001518099519
81616	0.0006729630869
81617	0.00242132545
81618	0.002261445241
81619	0.007896823959
81620	0.004489784912
81621	0.001185078998
81622	0.005485916591
81623	0.0004596605757
81624	0.007749621575
81625	4.583943752e-05
81626	0.006629644367
81627	0.002106331764
81628	0.0005103513979
81629	0.003188113311
81630	0.003404684564
81631	0.004675004473
81632	0.002506870024
81633	0.00039888674
81634	0.002679715568
81635	0.001657367016
81636	3.017707274e-05
81637	0.0003555031437
81638	0.01244850616
81639	0.0001047089013
81640	4.023822899e-05
81641	0.003281902996
81642	0.0005644320994
81643	0.002317686981
81644	0.001938623511
81645	0.008064309984
81646	0.002715930034
81647	0.001914601148
81648	0.0006621350344
81649	0.001651503609
81650	0.001977165201
81651	0.0003698497501
81652	0.002752165139
81653	0.00169742631
81654	0.00388331437
81655	0.0007131887051
81656	3.707662213e-05
81657	0.0004305590314
81658	0.001334345801
81659	0.002865079109
81660	0.001968272837
81661	0.003847097633
81662	6.977369957e-05
81663	0.0001814381084
81664	0.001694833282
81665	0.000827410523
81666	0.0006081719627
81667	0.002624085902
81668	0.001325099043
81669	0.002277644777
81670	0.0005747609619
81671	0.001198598615
81672	6.892797267e-05
81673	0.0005714921463
81674	0.0008276533916
81675	0.001159427358
81676	0.003155782098
81677	0.005874883935
81678	0.009577229306
81679	0.004163375979
81680	6.307713546e-05
81681	0.005385647738
81682	0.01026877241
81683	0.003748366095
81684	0.002963077189
81685	0.006055513242
81686	0.002122925957
81687	0.0001044016941
81688	0.004219054944
81689	0.008000594313
81690	0.007603448231
81691	0.01075340778
81692	9.344650399e-05
81693	0.001045739304
81694	0.001654334528
81695	0.0003445018408
81696	0.005318760269
81697	0.0005322101049
81698	0.0008814982036
81699	0.0008058431417
81700	0.004157439026
81701	0.003082573854
81702	0.002080450148
81703	0.001224297235
81704	0.0004814494393
81705	0.0002635219979
81706	0.01093656506
81707	0.005907725089
81708	0.002457516951
81709	0.0001787963469
81710	0.003570868311
81711	0.0007576254328
81712	0.006565822745
81713	0.005396557403
81714	0.006971431941
81715	0.004105546196
81716	0.001539912681
81717	0.00303596773
81718	0.004273388681
81719	0.001607414205
81720	0.0007831767611
81721	0.006219699081
81722	0.006604933301
81723	0.004425469446
81724	0.006837018363
81725	0.002561262398
81726	0.0006804247736
81727	0.002324424282
81728	0.007899104816
81729	0.009114587787
81730	0.01203179216
81731	0.0008532573246
81732	0.001545373426
81733	0.00226722392
81734	0.001347189318
81735	0.005000546066
81736	0.002493361117
81737	0.001098034775
81738	0.0008231730918
81739	0.005106229533
81740	0.009975410469
81741	0.003504699309
81742	0.003277889916
81743	0.0001376363749
81744	0.01148361166
81745	0.0018333713
81746	0.001894935352
81747	0.003369137188
81748	0.009453838538
81749	0.0007769338214
81750	0.0117914684
81751	0.002696823595
81752	0.004121489127
81753	0.001110433784
81754	0.008643576921
81755	0.01035723143
81756	0.01135985223
81757	0.0005533243671
81758	0.0002886134142
81759	0.01502834221
81760	0.006263210128
81761	0.002525123752
81762	0.00210323732
81763	0.008487069808
81764	0.002906453601
81765	0.002163509839
81766	0.001829120536
81767	0.005640685608
81768	0.00544592868
81769	0.007517679166
81770	0.007943725367
81771	0.006697263787
81772	0.003028343562
81773	0.003051214163
81774	0.001893178292
81775	0.001349526719
81776	0.0004075150649
81777	0.004428314825
81778	0.0007286485361
81779	0.004534362768
81780	0.007764428482
81781	0.007840626358
81782	0.001741479435
81783	0.01047033826
81784	0.006985956074
81785	0.0003739823151
81786	0.001113131946
81787	0.005196015155
81788	0.00150914902
81789	0.01117289836
81790	0.01280032681
81791	0.0007338893729
81792	0.004176436156
81793	0.01441078983
81794	0.001491291654
81795	0.01304065696
81796	0.001059905648
81797	0.005763239901
81798	0.01062063301
81799	0.01586784286
81800	0.01847320207
81801	0.005739731755
81802	0.001488766101
81803	0.004526470289
81804	0.005514467512
81805	0.001096973569
81806	0.001112162914
81807	0.007495492352
81808	0.005526405249
81809	0.01708845868
81810	0.00951428751
81811	0.01294857316
81812	0.0170328988
81813	0.006134962007
81814	0.009367509547
81815	0.01340775432
81816	0.00959420385
81817	0.003900596676
81818	3.221415307e-05
81819	0.01200200142
81820	0.01031538472
81821	0.002455678953
81822	0.01862766062
81823	0.0002207392092
81824	0.005804812953
81825	0.02411169352
81826	0.01011540557
81827	0.004463323514
81828	0.01318680615
81829	0.005635340973
81830	0.002796725375
81831	0.007208882206
81832	0.00291014659
81833	0.001686493663
81834	0.000980215485
81835	0.001769457026
81836	0.001349976141
81837	0.007625960811
81838	0.01047470276
81839	0.0006960396209
81840	0.004011611714
81841	0.003268290014
81842	0.002367343326
81843	0.0005307647392
81844	6.407524713e-05
81845	0.006983551759
81846	0.002980081369
81847	0.002207894533
81848	0.0005281844109
81849	0.005950522907
81850	0.003990308657
81851	0.002079428581
81852	0.005315540494
81853	0.002423726034
81854	0.001075328759
81855	0.002014885735
81856	0.001210002547
81857	0.0007533506435
81858	0.0005828077088
81859	0.00102987576
81860	0.001039431885
81861	0.003210803896
81862	0.0160473885
81863	0.007423408577
81864	0.0001295761006
81865	0.0009734278311
81866	0.0006322053084
81867	0.001570050171
81868	0.01129943249
81869	0.003235562115
81870	0.004240048731
81871	0.006367875272
81872	0.005432147583
81873	0.001797844209
81874	0.0115006129
81875	0.003905817378
81876	0.008683132
81877	0.004495375591
81878	0.0007398050505
81879	0.006142554501
81880	0.0002197173281
81881	0.0007985088678
81882	0.001369992925
81883	0.01333326427
81884	0.006596713814
81885	0.00736852539
81886	0.004496977153
81887	0.00245769062
81888	0.001662582168
81889	0.000305042585
81890	0.009090409749
81891	0.003631014645
81892	0.0002420442995
81893	0.0007826815679
81894	0.003614436895
81895	0.00201014309
81896	0.0007825471065
81897	0.008542710432
81898	0.003997779085
81899	0.006573814078
81900	0.0008563996184
81901	0.00872098016
81902	0.007479484303
81903	9.07961533e-05
81904	0.00378029491
81905	0.005504478971
81906	0.002017274953
81907	0.0005527104963
81908	0.002019394204
81909	0.003878571227
81910	0.005834751741
81911	0.002109097555
81912	0.003558904162
81913	0.004923832226
81914	0.001820210526
81915	0.001041148902
81916	0.00242037734
81917	0.001685665142
81918	0.001137394503
81919	0.0008462613675
81920	0.01063230596
81921	0.0008419318503
81922	0.007050095321
81923	0.008786894602
81924	0.004231115808
81925	0.0005538539086
81926	0.004045111393
81927	0.007831013208
81928	0.004638156569
81929	0.004356020293
81930	0.002868242151
81931	0.003032215714
81932	0.00205991135
81933	0.003190176812
81934	0.002490053246
81935	0.000389977132
81936	0.0004899586433
81937	3.012842265e-05
81938	0.001610367734
81939	0.004865338536
81940	0.007131513773
81941	0.005911136485
81942	0.0006820747194
81943	0.002417001703
81944	0.004247612825
81945	0.002821310976
81946	0.004412407018
81947	0.0008856654982
81948	0.0008746020449
81949	0.01829207412
81950	0.0009464401142
81951	0.0003635776224
81952	0.0007734797148
81953	0.007051437663
81954	0.005681272593
81955	0.00262452065
81956	0.003989498589
81957	0.009110717488
81958	0.01024300531
81959	0.00795281094
81960	0.0005696942544
81961	0.007093660201
81962	0.0139548342
81963	0.006250474553
81964	0.002528639274
81965	0.01850417874
81966	0.0009811378934
81967	0.008913287676
81968	0.0009895857485
81969	0.004947350009
81970	0.001453397373
81971	0.010211199
81972	0.0002858990185
81973	0.00189269025
81974	0.004570152378
81975	0.002883151088
81976	0.002288794988
81977	0.008288090636
81978	0.003300322878
81979	0.00402228949
81980	0.01006938583
81981	0.0004480810516
81982	0.01311090425
81983	0.008934086808
81984	0.0007689384575
81985	0.001578635996
81986	0.01277809779
81987	0.000654245637
81988	0.0005633889535
81989	0.01144168602
81990	0.006026241684
81991	0.0001368883348
81992	0.01550167702
81993	0.008125708687
81994	0.01163559474
81995	0.004893143128
81996	0.008534292629
81997	0.002492821067
81998	0.01235924469
81999	0.001017802848
82000	0.008141463303
82001	0.00664458922
82002	0.001294875349
82003	0.004351515174
82004	0.006604991935
82005	0.0004263124363
82006	0.00498128205
82007	0.004530915819
82008	0.006749248848
82009	0.001174235058
82010	0.009537151996
82011	0.00176153076
82012	0.002656949014
82013	0.0002373199665
82014	0.0003995165092
82015	0.004694732638
82016	0.001308488948
82017	0.002257296126
82018	0.006980230928
82019	0.0009483558225
82020	0.004369401248
82021	0.01115230704
82022	0.002792833282
82023	0.003453725099
82024	0.003555201734
82025	0.00539419764
82026	0.003183348592
82027	0.0001528866081
82028	0.001008715765
82029	0.002672604812
82030	0.004037314407
82031	0.005221802935
82032	0.008726841916
82033	0.00480803921
82034	0.0007831151821
82035	0.009831957314
82036	0.004545510008
82037	0.00271034225
82038	0.001070651968
82039	0.002555462392
82040	0.006129576254
82041	0.0008728683337
82042	0.002607826737
82043	0.0008077202391
82044	0.006956031337
82045	0.01078670196
82046	0.001107858877
82047	0.007378857949
82048	0.007512051623
82049	0.002042147736
82050	0.001095899519
82051	0.01009909151
82052	0.007708904648
82053	0.0003184751129
82054	0.01095609824
82055	6.753239546e-05
82056	0.004102670208
82057	0.01277825678
82058	0.0007965735114
82059	0.008033875279
82060	0.001095586695
82061	0.003957865964
82062	0.002929816494
82063	0.002370223485
82064	0.004593449479
82065	0.002398024844
82066	0.01168675077
82067	0.00379005527
82068	0.002467943865
82069	0.002035252871
82070	0.003175987653
82071	0.002921946287
82072	0.001265341345
82073	0.0007030561575
82074	0.003507800159
82075	0.009069931792
82076	0.01209859913
82077	0.004922368129
82078	0.0003859026312
82079	0.004726106775
82080	0.004890042972
82081	0.001963662267
82082	0.00799783715
82083	4.741198351e-05
82084	0.002535207025
82085	0.01859019958
82086	0.0003432140113
82087	0.003522663039
82088	0.0003713587483
82089	0.008143930423
82090	0.01824769579
82091	0.007175984152
82092	0.0004758554511
82093	0.002521459587
82094	0.01888714788
82095	0.0006932955445
82096	0.01036505746
82097	0.01196706108
82098	0.002893334593
82099	0.01343847915
82100	0.004026555482
82101	0.007345884256
82102	0.0003677929037
82103	0.0042021585
82104	0.001889698178
82105	0.004587943209
82106	0.002625176978
82107	0.01622329139
82108	0.006252843253
82109	0.002023001756
82110	0.001660579274
82111	0.001764079522
82112	0.0007858374824
82113	0.000623833898
82114	0.004416241018
82115	0.001973298983
82116	0.007780002788
82117	0.006329235947
82118	0.001237504363
82119	0.003841696831
82120	0.0004410456656
82121	0.004040522653
82122	0.01132360063
82123	0.01081947775
82124	0.0115108206
82125	0.001460315826
82126	0.0047585681
82127	0.003837493343
82128	0.01155415999
82129	0.01085299219
82130	0.0007257607782
82131	0.007654832315
82132	0.005155114744
82133	0.0005526838194
82134	0.003755439305
82135	0.001438103386
82136	0.003444268905
82137	0.009864486852
82138	0.0142942392
82139	0.00152768604
82140	0.003932725187
82141	0.006434772633
82142	0.001575407791
82143	0.009741930542
82144	0.01798951559
82145	0.004968352395
82146	0.00032148173
82147	0.002400459974
82148	0.00200225738
82149	0.009799160826
82150	0.003003191386
82151	0.01121139925
82152	0.01676586137
82153	0.007832869598
82154	0.01163247238
82155	0.01350893551
82156	0.003335508695
82157	0.002574303976
82158	0.005212213001
82159	0.007128725178
82160	0.00185971881
82161	0.000511274114
82162	0.0150037172
82163	0.001111483603
82164	0.006100634853
82165	0.01054099559
82166	0.004141417935
82167	0.00127537678
82168	0.001612373955
82169	0.007508708484
82170	0.004309139105
82171	0.005980672655
82172	0.001379510364
82173	0.002512308512
82174	0.006621538377
82175	0.008120043252
82176	0.01133365651
82177	0.0002997973597
82178	0.0024254728
82179	0.004931695411
82180	0.001375721493
82181	0.0006579457535
82182	0.01942405691
82183	0.0001392281043
82184	0.01061632293
82185	0.0005075531636
82186	0.008112562072
82187	0.002712163425
82188	0.004376788471
82189	0.005095940891
82190	0.01834835465
82191	0.001374719004
82192	0.006390818104
82193	0.003638350407
82194	0.002887272833
82195	0.002473289443
82196	0.001331107957
82197	0.009279570314
82198	0.008086406176
82199	0.0007063321828
82200	0.006249391748
82201	0.005461435717
82202	0.001923248396
82203	0.004119867339
82204	0.002207533587
82205	0.01319242547
82206	0.008555858366
82207	0.001959297717
82208	0.008007343534
82209	0.0006470158336
82210	0.005259819487
82211	0.003745560765
82212	0.006987325701
82213	0.006486282867
82214	0.008738992062
82215	0.005346850294
82216	0.007070564344
82217	0.001095046742
82218	0.001357906978
82219	0.009453585947
82220	0.006467126075
82221	0.004594393658
82222	0.004322819001
82223	0.001173407411
82224	1.705581207e-08
82225	0.002240919168
82226	0.005763413234
82227	9.17548353e-05
82228	0.00775257535
82229	0.001398682708
82230	0.0004603270156
82231	0.009019429589
82232	0.006199494977
82233	0.003460309222
82234	0.001982123644
82235	0.001208302374
82236	0.000668317039
82237	0.0007644344882
82238	0.002282460365
82239	0.001091701494
82240	0.0008464873024
82241	0.00783178873
82242	0.004165362303
82243	0.000928408429
82244	0.0009432429291
82245	0.005096520794
82246	0.003908632099
82247	0.0004182424056
82248	0.01633555875
82249	0.005159864261
82250	0.005744026301
82251	0.00213452056
82252	0.001390180348
82253	0.001622984007
82254	0.001918914786
82255	0.001578874705
82256	0.001595610478
82257	0.002901705475
82258	0.001245899547
82259	0.001429916157
82260	0.001317776801
82261	9.959876318e-05
82262	0.0005174635578
82263	0.003844040662
82264	0.001499812995
82265	0.001198461596
82266	0.0007827436541
82267	0.0007913992739
82268	0.002553954954
82269	0.0001760616312
82270	0.003567456476
82271	0.002910924912
82272	0.004683695199
82273	0.0005673057285
82274	0.002313655332
82275	0.01029804242
82276	0.001202121128
82277	0.0001936724346
82278	0.001396151521
82279	5.215611258e-05
82280	0.0003561003299
82281	0.003146564636
82282	0.0006362883988
82283	0.00268168386
82284	0.0008054357022
82285	0.006134262417
82286	0.0009694595861
82287	0.00146891602
82288	0.006118394244
82289	2.637013603e-05
82290	0.001103040754
82291	0.001591847523
82292	2.610875743e-05
82293	0.01808335202
82294	0.006860727025
82295	0.001828815301
82296	0.001867740951
82297	0.005482284011
82298	0.001029199694
82299	0.001139202545
82300	0.007892886893
82301	0.001842970941
82302	0.0001588232156
82303	0.006625122961
82304	0.01036901082
82305	0.005683782979
82306	0.004373816931
82307	0.001109608625
82308	1.855894174e-05
82309	0.000319682808
82310	0.01428961215
82311	0.006889142139
82312	0.004331904182
82313	0.02156750475
82314	0.004186370667
82315	0.005039467667
82316	0.007089716967
82317	0.0002074872299
82318	0.004798623822
82319	0.004035061518
82320	0.0001261389667
82321	0.0008958634368
82322	1.127090901e-05
82323	0.005109072021
82324	0.003719433916
82325	0.01156028316
82326	0.004761889484
82327	0.007764877763
82328	0.0005345770768
82329	0.001133681961
82330	6.3975974e-05
82331	0.001996394262
82332	0.0006698755481
82333	0.003133575532
82334	0.0009846859273
82335	0.003503929512
82336	0.001550700013
82337	0.00303289494
82338	0.002354974804
82339	0.01168677237
82340	0.0006883687914
82341	0.006559483269
82342	0.001885149314
82343	0.0006115420645
82344	0.002658687749
82345	0.00363882423
82346	0.005643504045
82347	0.009699786612
82348	0.0009112652937
82349	2.97184669e-05
82350	0.001681939894
82351	0.0006585427239
82352	0.0007838630268
82353	0.002178924434
82354	0.009806685717
82355	0.003780234723
82356	0.0006552242331
82357	0.0003877781623
82358	0.005577051319
82359	0.002598749362
82360	0.006265202355
82361	0.000699725814
82362	0.002144661051
82363	0.0004143782446
82364	0.008127736731
82365	0.001698919825
82366	0.00159427067
82367	0.003047864871
82368	0.000681109985
82369	0.002347823309
82370	0.001702882116
82371	0.0003486521075
82372	0.002244562249
82373	0.003126722852
82374	0.00698622203
82375	0.00308091101
82376	0.002473917274
82377	0.01015559688
82378	0.001488443003
82379	0.004782668701
82380	0.0004677796119
82381	0.000818879333
82382	0.0006168408521
82383	0.0009661315892
82384	0.0004143035109
82385	0.002083516788
82386	0.001912748725
82387	0.0006112898285
82388	0.003126573656
82389	4.476967359e-05
82390	0.006164459976
82391	0.008361870433
82392	0.01264396379
82393	0.00123542316
82394	0.001131400367
82395	0.0002890871025
82396	0.007285130828
82397	0.009646040554
82398	0.006704165194
82399	0.002163399727
82400	0.004710138327
82401	0.005162481761
82402	0.00783902664
82403	0.003688010882
82404	0.01419870839
82405	0.009300257814
82406	0.0004258230261
82407	0.00151949262
82408	0.0003967041599
82409	0.005822416846
82410	0.004636915315
82411	0.001410732971
82412	0.00465861067
82413	0.002051207535
82414	0.004089500877
82415	0.009140605565
82416	0.002276333881
82417	0.002094492173
82418	0.001711671291
82419	0.002337667148
82420	0.0008145422548
82421	0.02233403981
82422	0.0003246375679
82423	0.004632792943
82424	0.003101183929
82425	0.01092927054
82426	0.003514535664
82427	0.0006812233452
82428	0.0004126102737
82429	0.004171738912
82430	0.01289252969
82431	0.01146609232
82432	0.0031103681
82433	0.003491210979
82434	0.001592740877
82435	0.002473085895
82436	2.555553539e-05
82437	0.00797421146
82438	0.001797255619
82439	0.001419337591
82440	0.004521870898
82441	0.002477174202
82442	0.01012179988
82443	0.006293382063
82444	0.004131157045
82445	0.01320830731
82446	0.001588037145
82447	0.001555379397
82448	0.0009732382147
82449	0.005440040845
82450	0.001102058793
82451	0.001093374719
82452	0.002077101659
82453	0.004677540612
82454	0.000382417558
82455	0.00119255903
82456	0.0007178256045
82457	0.004651952626
82458	0.008390163333
82459	0.002752376703
82460	0.0003140451351
82461	0.009322084142
82462	0.008346047124
82463	0
82464	0
82465	0.002922944908
82466	0.002941126359
82467	0.001596404725
82468	0.003307126996
82469	0.002855560005
82470	0.004043625914
82471	0.006253543867
82472	0.008009391784
82473	0.000959359381
82474	0.003217503184
82475	0.0002151439431
82476	0.008526873887
82477	0.005590397446
82478	0.002799343425
82479	0.0004304283772
82480	0.007236077089
82481	0.003716448773
82482	0.0003170995022
82483	0.004133890615
82484	0.006350494104
82485	0.01531313592
82486	4.696458662e-05
82487	0.000393090249
82488	0.006385122622
82489	0.002053591169
82490	0.01146417978
82491	0.001863183042
82492	0.005898001172
82493	0.00143549055
82494	0.01251075481
82495	0.003449361256
82496	0.01156088202
82497	0.002857637711
82498	0.006189044015
82499	0.01071166724
82500	0.01236899771
82501	0.003365405032
82502	0.005812128703
82503	0.01136333577
82504	0.01110896993
82505	0.001391030908
82506	0.01293319838
82507	0.007878995455
82508	0.005899050789
82509	0.01761100916
82510	0.0009223991591
82511	0.00557385011
82512	0.000665544245
82513	0.0006821177927
82514	0.0008221486662
82515	0.003403960519
82516	0.00410047442
82517	0.005679173415
82518	0.003935270425
82519	0.0002615066438
82520	0.0003352308484
82521	0.009953214692
82522	0.001422834279
82523	0.00636929923
82524	0.001378428843
82525	0.008624360192
82526	0.008153040208
82527	0.007551857978
82528	0.001853308489
82529	0.004678577706
82530	0.0005238709314
82531	0.007576247421
82532	0.01740192192
82533	0.01085376912
82534	0.002789850679
82535	0.01691305121
82536	0.0004072498179
82537	0.01133980595
82538	0.00492683998
82539	0.01020458463
82540	0.01644795689
82541	0.003981342554
82542	0.0032266713
82543	0.005031544762
82544	0.00819502537
82545	0.00493602524
82546	0.008038056624
82547	0.006079167703
82548	0.01325176888
82549	0.00732360638
82550	0.0004168160469
82551	0.01247124204
82552	0.00434058876
82553	0.004548684152
82554	0.0005101860224
82555	0.007005241505
82556	0.02086180112
82557	0.001866261295
82558	0.001725907351
82559	0.003979813714
82560	0.00509331549
82561	0.0002644670107
82562	0
82563	0.008432877549
82564	0.01202936405
82565	0.003392957696
82566	0.001405022194
82567	0.00335265332
82568	0.0172573362
82569	0.009445239817
82570	0.00120151682
82571	0.00131776788
82572	0.01123626861
82573	0.005540574867
82574	0.003876705174
82575	0.004923716398
82576	0.009520616519
82577	0.001499328654
82578	0.0006462747046
82579	0.00847483657
82580	0.01097033571
82581	0.003096662493
82582	0.006107057732
82583	0.00410626417
82584	0.00150512188
82585	0.01124895668
82586	0.0006310178713
82587	0.01051445322
82588	0.003858057731
82589	0.01234437522
82590	0.02950242558
82591	0.006983415623
82592	0.0007390069234
82593	0.0006004106162
82594	0.0001205395666
82595	0.0002016602939
82596	0.0008317407358
82597	0.0003098361089
82598	0.0006509614872
82599	0.0006022144825
82600	0.001007983612
82601	0.0006928161649
82602	0.000544866578
82603	0.001119611309
82604	3.199101351e-05
82605	0.0001668773491
82606	0.002765050388
82607	0.009278466816
82608	0.001424503763
82609	0.0002111050979
82610	0.004107837224
82611	0.0004210369751
82612	0.0002057661949
82613	0.01388021123
82614	0.004320929055
82615	0.001322439055
82616	0.0001272473835
82617	0.003552627919
82618	0.0005359078209
82619	0.000304233132
82620	0.0005084765912
82621	0.003920883998
82622	0.001211220498
82623	0.006015490224
82624	0.008512607148
82625	0.01115927833
82626	0.007635981469
82627	0.002084967024
82628	0.0003187049022
82629	0.006298819962
82630	0.000365514064
82631	0.007015959053
82632	0.007281312264
82633	0.01136331816
82634	0.003723479642
82635	0.008795604038
82636	0.01669370307
82637	0.007578397309
82638	0.01330421841
82639	0.005237290477
82640	0.0001155630039
82641	0.005003803524
82642	0.004990819379
82643	0.01016074937
82644	0.002015039239
82645	0.005348653657
82646	0.008396420916
82647	0.01102038323
82648	0.01758298887
82649	0.0253425614
82650	0.004798086135
82651	0.003314708566
82652	0.004768697905
82653	0.003352818037
82654	0.001937525797
82655	0.0005379458659
82656	0.002192001959
82657	0.008204668301
82658	0.008551372713
82659	0.003838684324
82660	0.0007931230862
82661	0.006519265092
82662	0.01018557001
82663	0.004072172957
82664	0.006145110486
82665	0.002570986802
82666	0.01051618763
82667	0.004130498966
82668	0.001562580335
82669	0.001081756875
82670	0.01422466738
82671	0.009555706931
82672	0.009083546275
82673	0.008242584011
82674	0.002835853357
82675	0.01467786151
82676	0.0003409571142
82677	0.01955753681
82678	0.004945582594
82679	0.009340345567
82680	0.005479091891
82681	0.01262923437
82682	0.02271076215
82683	0.001628955927
82684	0.0001445253666
82685	0.01007122267
82686	0.01458496313
82687	0.002642502636
82688	0.004251382071
82689	0.0002334354182
82690	0.009338727261
82691	0.005241899287
82692	0.001018655291
82693	0.0008215677408
82694	0.004233256939
82695	0.002544509391
82696	0.0007427084883
82697	0.00168507193
82698	0.003683831764
82699	0.005475670337
82700	0.0003597218882
82701	0.01592075473
82702	0.003615777525
82703	0.02305182131
82704	0.004382109042
82705	0.0008625999408
82706	0.008645256056
82707	0.002933114555
82708	0.00917287886
82709	0.001216803073
82710	0.004012044129
82711	0.0007048028114
82712	0.00959463422
82713	0.005255328054
82714	0.004223531588
82715	0.001095979936
82716	0.002652660564
82717	0.001543862444
82718	0.003611578382
82719	0.004501339284
82720	0.003875108237
82721	0.002520414815
82722	0.01179179672
82723	0.01445100768
82724	0.000871278489
82725	0.0073663881
82726	0.004073083719
82727	0.002676830886
82728	0.01330477715
82729	0.008057847267
82730	0.003514440524
82731	0.01084242088
82732	0.001087281006
82733	0.01401817027
82734	0.005137516449
82735	0.005089856817
82736	0.002860071488
82737	0.0109904225
82738	0.007035380943
82739	0.002022537541
82740	0.0120036609
82741	0.002995509606
82742	0.004553661746
82743	0.001796763444
82744	0.001562453737
82745	0.001994967487
82746	0.0009710346587
82747	0.003300805993
82748	0.007031704755
82749	0.01092200541
82750	0.002841380676
82751	0.002191874861
82752	0.006609400612
82753	0.00454130381
82754	0.001563100534
82755	0.02181497072
82756	0.004121611076
82757	0.007457226131
82758	0.00107664058
82759	0.01003900501
82760	0.00964901
82761	0.005450013208
82762	0.001128133115
82763	0.005573976651
82764	0.009609340997
82765	0.003474305859
82766	0.001927392042
82767	0.004175810777
82768	0.0005721813302
82769	0.003396914631
82770	0.0008269989316
82771	0.004528903003
82772	0.008153800944
82773	0.004855755714
82774	0.00399144259
82775	0.003732334895
82776	0.002465923867
82777	0.008636107979
82778	0.0001635162526
82779	0.00833502937
82780	0.01521501925
82781	0.0003291863491
82782	0.005313298239
82783	0.001609491466
82784	0.0001090657179
82785	0.002168175196
82786	0.005200091731
82787	0.01004680229
82788	0.004906787703
82789	0.003894518229
82790	0.003041794302
82791	0.001471379483
82792	0.001026998066
82793	0.004328571241
82794	0.001905543394
82795	0.0007094418161
82796	0.0001581193389
82797	0.01294364111
82798	0.0002287280426
82799	0.01056964212
82800	0.002445283198
82801	0.004394375229
82802	0.001836241114
82803	0.002085954926
82804	0.008953462678
82805	0.003800077855
82806	0.001310025612
82807	0.00535890336
82808	0.007271956262
82809	0.007374774989
82810	0.001760738054
82811	0.009171931619
82812	0.003451345998
82813	0.001871148377
82814	0.002157068153
82815	0.006229716135
82816	0.005246542098
82817	0.006003767887
82818	0.004866706917
82819	0.005003939203
82820	0.006313742018
82821	0.0003205718716
82822	0.002268436808
82823	0.01382040774
82824	0.001718921558
82825	0.004050843732
82826	0.004577902959
82827	0.01165520319
82828	8.233351111e-05
82829	0.001420333341
82830	0.004202736796
82831	0.007838753254
82832	0.005438863836
82833	0.001870121726
82834	0.002283293156
82835	0.007159860051
82836	0.01055636334
82837	0.004863824313
82838	0.0008859246376
82839	0.001147649825
82840	0.002576987629
82841	0.0009001695501
82842	0.004898724767
82843	0.002157458989
82844	0.006036089731
82845	0.001835692263
82846	0.0003566223316
82847	0.002157826663
82848	0.001757511038
82849	0.02281075293
82850	0.0014179856
82851	0.004656271425
82852	0.003928191366
82853	0.01330763887
82854	0.004486936749
82855	0.001159333436
82856	0.004010086598
82857	0.0003060367455
82858	0.004976497934
82859	0.009952537257
82860	0.01759397094
82861	0.0001283800782
82862	0.00840357495
82863	0.006005504391
82864	0.0004835386428
82865	0.006009827402
82866	0.003528820633
82867	0.003060035418
82868	0.0008357871201
82869	0.01921969475
82870	0.009292889149
82871	0.000724385379
82872	0.01569501163
82873	0.004706250699
82874	0.004301088266
82875	0.0047817176
82876	0.004268814139
82877	0.002294020836
82878	0.002834295746
82879	0.007574233692
82880	0.0009053004987
82881	0.004237130714
82882	0.002016402322
82883	0.003900803762
82884	0.02234230596
82885	0.0002533676238
82886	0.003029242522
82887	0.003800768448
82888	0.001932079299
82889	0.008625110146
82890	0.00475925342
82891	0.008289510608
82892	0.005635466964
82893	0.01164082798
82894	0.006826284462
82895	0.007186611184
82896	0.008001937037
82897	0.006007134533
82898	0.009968103743
82899	0.01122041519
82900	0.00705596836
82901	0.006517857125
82902	0.0006893114383
82903	0.01196510351
82904	0.004657118743
82905	0.007935292271
82906	0.004305558485
82907	0.001796133884
82908	0.0009955192957
82909	0.003369789955
82910	0.01512452556
82911	0.005374718833
82912	0.01202848339
82913	0.0005341993673
82914	0.00574331878
82915	0.001330806701
82916	0.005748173048
82917	0.005873761045
82918	0.0009588379446
82919	0.001455731309
82920	0.002346649383
82921	0.004598677973
82922	0.002814502499
82923	0.006695707541
82924	0.003609218091
82925	0.001972225779
82926	0.002951023161
82927	0.0007516451515
82928	0.005221085181
82929	0.001549521007
82930	0.0009226361972
82931	0.004532549326
82932	0.001431316402
82933	0.007432484472
82934	0.003876782367
82935	0.001056979775
82936	0.002702502147
82937	0.005551388091
82938	0.002299128561
82939	0.001385619394
82940	0.001223087721
82941	0.0006102638494
82942	0.0057925343
82943	0.006435739045
82944	0.007953375837
82945	0.00836663426
82946	0.005401484068
82947	0.01264115491
82948	0.003420404533
82949	0.006220009421
82950	0.005972068605
82951	0.00517489374
82952	0.00367814013
82953	0.00447252877
82954	0.004306002227
82955	0.003048215577
82956	0.001874126933
82957	0.00199799234
82958	0.002681790277
82959	0.001756583527
82960	5.306483427e-06
82961	0.000951478525
82962	0.001862409872
82963	0.001117307818
82964	0.003996175432
82965	0.001471477944
82966	0.005515179101
82967	0.0006357743813
82968	0.003027771114
82969	0.002373639739
82970	0.0008264458885
82971	0.004728081997
82972	0.0093485702
82973	0.000438809465
82974	0.004252145205
82975	0.0004725900425
82976	0.005886142247
82977	0.002236213653
82978	0.001592119283
82979	0.005431459903
82980	0.003426777179
82981	0.006892584583
82982	0.002903648643
82983	0.0003488280674
82984	0.000224705486
82985	6.895873064e-05
82986	0.003385114538
82987	0.001303560654
82988	0.005276731583
82989	0.00236706298
82990	0.003935426847
82991	0.004074259741
82992	0.007356978309
82993	0.01251015796
82994	0.007021799481
82995	0.002072775768
82996	0.01133578358
82997	0.007079035233
82998	0.006128488175
82999	0.005057048467
83000	0.001544815033
83001	0.0002890071686
83002	0.0006841242139
83003	0.00763902618
83004	0.004311788187
83005	0.004857371201
83006	0.001962699747
83007	0.003986366002
83008	0.007163214305
83009	0.007530991294
83010	0.003379690994
83011	0.001842647308
83012	0.006075235621
83013	0.002414112051
83014	0.0008408191229
83015	0.0002764145296
83016	0.0008479179196
83017	0.004604977338
83018	5.768181442e-05
83019	0.0006444658309
83020	0.0003865773853
83021	0.003525301847
83022	0.003411386756
83023	0.0004595096106
83024	0.002272371414
83025	0.002220275096
83026	0.0007250008114
83027	0.002013411966
83028	0.001686673713
83029	0.001366389033
83030	0.001446087336
83031	0.000478366232
83032	0.0002365272053
83033	0.001064294623
83034	0.0001274915459
83035	0.0002483585458
83036	0.00220625738
83037	0.005728131641
83038	0.006815093085
83039	0.006360047336
83040	0.002168086182
83041	0.005145940725
83042	0.00542274873
83043	0.001667800322
83044	0.001739526853
83045	0.001680651053
83046	0.0002635445785
83047	0.002662051381
83048	0.0001905312301
83049	0.0004838822364
83050	0.002667994753
83051	0.0006134307072
83052	0.008963325531
83053	0.002216135494
83054	0.02003961969
83055	0.007160676427
83056	0.005855961693
83057	0.008039415888
83058	0.009988275392
83059	0.00666118727
83060	0.001441029701
83061	0.005405350883
83062	0.002183501636
83063	0.00237951837
83064	0.004609358718
83065	0.005661291863
83066	0.002005975017
83067	0.003123980735
83068	0.002824911435
83069	0.0001976099584
83070	0.002936331294
83071	6.357484884e-05
83072	0.00168013358
83073	0.002526708695
83074	0.008864608104
83075	0.00180168283
83076	0.00342237982
83077	0.0001448837964
83078	0.01293718829
83079	0.004524579454
83080	0.001875828996
83081	0.0007485357932
83082	0.0001732897624
83083	0.007997102744
83084	0.0003587210222
83085	0.00185718372
83086	0.0009414606447
83087	0.01533318483
83088	0.0004494837553
83089	0.009168669564
83090	0.000823262796
83091	0.002803720931
83092	0.005164238073
83093	0.005651723888
83094	0.006720254888
83095	0.002570960663
83096	0.001828210125
83097	0.0005810115743
83098	0.001714614392
83099	0.001664777483
83100	0.0006886744755
83101	0.0002405420984
83102	0.002353128681
83103	0.003862447809
83104	0.001325147503
83105	0.001236430275
83106	0.001796771767
83107	0.009880486028
83108	0.001370325073
83109	0.005531905143
83110	0.003445880259
83111	0.001920309394
83112	0.001793398072
83113	0.002721790499
83114	0.004485692794
83115	0.0001980311972
83116	0.006524837067
83117	0.004162296477
83118	0.004655610328
83119	0.000151536676
83120	0.004394618198
83121	3.895617232e-05
83122	0.0005044944659
83123	0.004113022416
83124	0.0003351495308
83125	0.001107643577
83126	0.0006192677549
83127	0.001110860983
83128	0.00153909886
83129	0.0009645819649
83130	0.0006828236872
83131	0.001102847477
83132	0.0007528660753
83133	0.001419639539
83134	0.0009637807191
83135	0.0004834850665
83136	0.0008075910687
83137	0.002898244499
83138	0.001810156134
83139	0.004471401386
83140	0.01280226146
83141	0.002162001411
83142	0.01048775378
83143	0.006501484857
83144	0.003168032281
83145	0.004539521067
83146	0.008529865361
83147	0.008653434761
83148	0.01135667512
83149	0.000516293106
83150	0.00180425615
83151	0.007107381349
83152	0.001091504679
83153	0.002166806373
83154	0.004150453217
83155	0.001490879652
83156	0.01349802746
83157	0.00344378382
83158	0.001859351767
83159	0.0002408275734
83160	9.963079339e-05
83161	0.0001838970334
83162	0.0001005118534
83163	0.0001186521934
83164	0.0001516868234
83165	0.0001333685734
83166	0.0001464279727
83167	0.0001177469034
83168	0.0001003406234
83169	0.0001000377934
83170	0.0002166385785
83171	0.0001184954299
83172	0.0001138685934
83173	9.990554339e-05
83174	0.0001189185334
83175	9.925901339e-05
83176	0.0001002081934
83177	0.0002434073534
83178	0.0001104956526
83179	7.777883301e-05
83180	0.0001004765634
83181	9.973981339e-05
83182	0.0001645577934
83183	0.0002102451101
83184	0.0002923511016
83185	6.47097278e-05
83186	0.001591822935
83187	0.0004465092717
83188	0.005008438264
83189	0.009638393494
83190	0.006218160148
83191	0.0001083368362
83192	0.0002667322334
83193	0.0004123630367
83194	0.0005787946296
83195	0.003889124522
83196	0.0006439419362
83197	0.0007615765131
83198	7.050619502e-05
83199	0.0004344543462
83200	0.0004987186805
83201	0.002181293341
83202	0.007833830881
83203	0.0003674249963
83204	0.0005033879255
83205	0.0008795519775
83206	9.591709942e-05
83207	0.001052737187
83208	3.839934959e-05
83209	0.001101577017
83210	0.004514398053
83211	0.000254220564
83212	0.0004531656109
83213	0.004381298888
83214	0.0007664326808
83215	0.001270887595
83216	1.612920998e-05
83217	0.001052448356
83218	0.002117593668
83219	0.0002152493445
83220	0.001323313621
83221	0.001139905011
83222	0.002852642208
83223	9.871705373e-05
83224	0.004890437464
83225	0.001917248786
83226	0.0009783066602
83227	0.002331130195
83228	0.0004012729514
83229	0.001471364615
83230	0.0004963945292
83231	0.0008977195825
83232	0.004101842636
83233	0.0009716808297
83234	8.930131259e-06
83235	0.000628250462
83236	0.000106916832
83237	0.0002727513909
83238	0.001668140157
83239	0.001104592291
83240	0.0009992403917
83241	0.0115736673
83242	0.001079935357
83243	0.005045488148
83244	0.005382176833
83245	0.007461074517
83246	0.00677847791
83247	0.0008453551401
83248	0.004263022232
83249	0.002481715422
83250	0.008065071165
83251	0.001013886967
83252	0.001145039659
83253	0.002248316195
83254	0.0003145608865
83255	0.0009575667234
83256	0.001351028721
83257	0.0002686311781
83258	0.001364311424
83259	0.006304148897
83260	4.886921643e-05
83261	0.006828545426
83262	0.0004860149459
83263	0.001124534913
83264	0.0009249987813
83265	0.004928906992
83266	0.001426257508
83267	0.0002494999363
83268	0.006934246306
83269	0.001707525567
83270	0.005749505021
83271	0.0007863994134
83272	0.0009542196313
83273	0.0005160879659
83274	0.00141660352
83275	0.0001032667197
83276	0.004377985874
83277	0.001812624675
83278	0.0004747566167
83279	0.0001693489053
83280	0.0001077280416
83281	0.0006842660063
83282	0.0001660013436
83283	0.000189864008
83284	0.002616748258
83285	0.001267816791
83286	0.000851502901
83287	0.0008528639987
83288	0.001435716747
83289	0.0001475388444
83290	0.001425634999
83291	0.001800984515
83292	0.001253046317
83293	0.001019603054
83294	0.0002352686244
83295	0.0009690776832
83296	0.0008513484518
83297	0.001331212102
83298	0.001981631243
83299	0.0008470615312
83300	0.0003431098536
83301	0.001026181959
83302	0.0006514360043
83303	0.0005445743391
83304	0.001377834875
83305	0.0006254538516
83306	0.00077582101
83307	0.0003521191269
83308	0.0004488463185
83309	0.0004707192504
83310	0.0002583459185
83311	0.00247002692
83312	0.001962423058
83313	0.0001938966723
83314	0.0006635142547
83315	0.001183794461
83316	0.001068624244
83317	0.002035766433
83318	0.00261037395
83319	0.002219230942
83320	0.003535165193
83321	0.002083464028
83322	0.005853053763
83323	0.002212865448
83324	0.006718554156
83325	0.00218380642
83326	0.001788695977
83327	0.009820281117
83328	0.004412051058
83329	0.000337607747
83330	0.003033648583
83331	0.009113665152
83332	0.000320488324
83333	0.00884424455
83334	0.007790353742
83335	0.003532841859
83336	0.007241540873
83337	0.007249015909
83338	0.001298558902
83339	0.001319029673
83340	0.0003618379052
83341	0.0007423383386
83342	0.001503911535
83343	0.00222153444
83344	0.001215181155
83345	0.002687678065
83346	0.0005877110796
83347	0.000447302614
83348	0.001256683892
83349	0.0001615588616
83350	0.0003475674196
83351	0.0009726547562
83352	0.002040234397
83353	0.0007794250654
83354	0.0004558906889
83355	0.0003045007786
83356	0.0002133885313
83357	0.002118961251
83358	0.001759362643
83359	0.0001850540575
83360	0.0005171510784
83361	0.0001357617651
83362	0.0006246855278
83363	0.0001556309221
83364	0.0009688853522
83365	0.001767034528
83366	0.001560568533
83367	0.007561697986
83368	0.002819902871
83369	0.0001201101545
83370	2.053531236e-05
83371	0.0002557065243
83372	0.0006160175102
83373	0.0012816747
83374	0.0001100639365
83375	0.001918222901
83376	0.002940687497
83377	0.00463879917
83378	0.0006360306159
83379	0.0008399224854
83380	0.006172452645
83381	0.002045688129
83382	0.003252328015
83383	0.009879571268
83384	0.0002272045448
83385	0.002946312914
83386	0.000182651422
83387	0.001867093116
83388	0.005253896102
83389	0.0001420899985
83390	0.001370289977
83391	0.003419066627
83392	0.0009828822623
83393	8.401588885e-05
83394	9.339975151e-05
83395	8.401691885e-05
83396	0.0001339435188
83397	0.01359406427
83398	0.004532414015
83399	0.006962346907
83400	0.005114261686
83401	0.0006551510928
83402	0.004236882154
83403	0.009229796001
83404	0.003985195134
83405	0.001714662831
83406	0.00659031004
83407	0.01282905372
83408	0.00219964774
83409	0.002710933636
83410	0.0008471788908
83411	0.0002158246896
83412	0.008628473613
83413	0.006464927451
83414	0.001369879549
83415	0.01494299309
83416	0.007516704042
83417	0.002878068107
83418	0.005986302689
83419	0.005463416765
83420	0.00037040669
83421	0.01901605008
83422	0.001602555517
83423	0.002553232489
83424	0.003368314789
83425	0.002385939934
83426	3.338256388e-05
83427	0.0002448568873
83428	0.004193514883
83429	0.00292350085
83430	0.00106436256
83431	6.372957545e-05
83432	0.00332656389
83433	0.001860120182
83434	0.000895936604
83435	0.002388845611
83436	0.001121942283
83437	0.0008730835507
83438	0.0009197731262
83439	0.002355959371
83440	0.006636887955
83441	0.001141448204
83442	0.003935704041
83443	0.007153905478
83444	0.003212480826
83445	0.004592491983
83446	0.001597240245
83447	0.00548753113
83448	0.003029798906
83449	0.001863818973
83450	0.00340211688
83451	0.001727902746
83452	0.01308817148
83453	0.008465112811
83454	0.006639278792
83455	0.0009286877976
83456	0.003610647877
83457	0.003329772924
83458	0.003178301948
83459	0.002143663958
83460	0.008786429955
83461	0.01116394193
83462	0.0004625218019
83463	0.003278917053
83464	0.002347651079
83465	0.006028025977
83466	0.01963114069
83467	0.003940320788
83468	0.009392293877
83469	0.008709693371
83470	0.003309092228
83471	0.007677552819
83472	0.006634762542
83473	0.01257826695
83474	0.001016569789
83475	0.001776941846
83476	0.004146417366
83477	0.001809051171
83478	0.004518603087
83479	0.00132359669
83480	0.006514174452
83481	0.001528772702
83482	0.0001869930527
83483	0.001273713089
83484	0.0002305935915
83485	0.004267674141
83486	0.007157701724
83487	0.006687035039
83488	0.002979219985
83489	0.0122061603
83490	0.008301064515
83491	0.002208064548
83492	0.008198238031
83493	0.01349276023
83494	3.478430325e-05
83495	0.006016680293
83496	0.006199043449
83497	0.002050039108
83498	0.001630062058
83499	0.005681012133
83500	0.01066022801
83501	0.001604739396
83502	0.003697501329
83503	0.003893350623
83504	0.001613077343
83505	0.01315616083
83506	0.0008243411933
83507	0.02367481167
83508	0.005918262101
83509	0
83510	0.00256489408
83511	0.002601514096
83512	0.02999678398
83513	0.004951762654
83514	0.0119227206
83515	0.0008384612853
83516	0.008831263714
83517	0.002299334045
83518	0.007788376791
83519	0.01777129229
83520	0.0004825698947
83521	0.01301023498
83522	0.01454258035
83523	0.003347911276
83524	0.001190868541
83525	0.01798354851
83526	0.009583456561
83527	0.005016746201
83528	0.01027843837
83529	0.001900280011
83530	0.009670017779
83531	0.003166495477
83532	0.007075458646
83533	5.748404834e-05
83534	0.004319584354
83535	0.0005334227337
83536	0.003662578046
83537	0.01008417668
83538	0.005831315932
83539	0.004018791108
83540	0.00470661089
83541	0.008990241634
83542	0.0007362411617
83543	0.007913483012
83544	0.002486919109
83545	0.008301066784
83546	0.002231642151
83547	0.003165468163
83548	0.0003586180167
83549	0.002982870255
83550	0.01041343207
83551	0.004597315694
83552	0.0004788685865
83553	0.002204207367
83554	0.004093781684
83555	0.00104682327
83556	0.002833075772
83557	0.02156107204
83558	0.001149994515
83559	0.0124359303
83560	0.00838463907
83561	0.002911307063
83562	0.00345293219
83563	0.0003385665982
83564	0.003340803048
83565	0.0005326508764
83566	0.001350726014
83567	0.002347461982
83568	0.0007425104789
83569	0.001277080106
83570	0.01027677032
83571	0.006334599369
83572	0.001450650885
83573	0.01077257232
83574	0.0009663881633
83575	0.008248268
83576	0.004218960503
83577	0.004976797942
83578	0.01076533745
83579	0.00137709034
83580	0.0004775888705
83581	0.003528629734
83582	0.002363089721
83583	0.001883837518
83584	0.001316991559
83585	0.006066565123
83586	0.003802030629
83587	0.001684801699
83588	0.002063632745
83589	0.01152406485
83590	0.003231637132
83591	0.005950871842
83592	0.009041833001
83593	0.01619440187
83594	0.0005541535024
83595	0.004236717449
83596	0.002414807588
83597	0.001565072354
83598	0.0004600289929
83599	0.0002229327201
83600	0.002501343419
83601	0.0009882969728
83602	0.01543398621
83603	0.00728680393
83604	0.00436179602
83605	0.0005452454634
83606	0.0002504967092
83607	0.0003595317214
83608	0.007132991361
83609	0.002269873154
83610	0.009447085285
83611	0.005290578152
83612	0.000215789674
83613	0.007028309147
83614	0.0009641667877
83615	0.002138063523
83616	0.006447152116
83617	0.002021165496
83618	0.008784363181
83619	0.01047738184
83620	0.001070013586
83621	0.004444808756
83622	0.004708860368
83623	0.01097461217
83624	0.005982696866
83625	0.002794997456
83626	0.0152879314
83627	0.007708071124
83628	0.008753705771
83629	0.002103532453
83630	0.000413078565
83631	0.0004626241393
83632	0.003385092448
83633	0.0004640284705
83634	0.00300645423
83635	0.002001885393
83636	0.008635066716
83637	0.004835522445
83638	0.01208611647
83639	0.001776662169
83640	0.0073850488
83641	0.001900593757
83642	0.005197134217
83643	0.000108609376
83644	0.004183408956
83645	9.154955359e-05
83646	0.004475585271
83647	0.01385555037
83648	0.001361580502
83649	0.0009935954561
83650	0.001653519071
83651	0.001749636258
83652	0.005285793462
83653	0.003604159335
83654	0.002275146326
83655	0.007148640524
83656	0.002776218293
83657	0.01247080388
83658	0.002405898698
83659	0.003295313356
83660	0.01085355647
83661	0.001408457712
83662	0.0005152169669
83663	0.0009527134797
83664	0.006993349419
83665	0.003293718456
83666	0.006488756617
83667	0.005716395019
83668	0.01542380541
83669	0.01118605619
83670	0.001657566377
83671	0.004727822645
83672	0.0005872466242
83673	0.001340523139
83674	0.007432503582
83675	0.004991449871
83676	0.0005691000616
83677	0.003083003175
83678	0.003727898585
83679	0.009400806051
83680	0.006779676817
83681	0.004406987423
83682	0.003343452906
83683	0.004286284705
83684	0.002018588412
83685	0.0007891110046
83686	0.007553111725
83687	0.0001015285144
83688	0.0001211176516
83689	9.687426034e-05
83690	0.002193602347
83691	0.008028884738
83692	0.002169069256
83693	0.0009094814485
83694	0.00436299344
83695	0.01314476861
83696	0.005540551684
83697	0.006238512329
83698	0.001757197156
83699	0.003566524522
83700	0.0005400729172
83701	0.0003396562459
83702	0.003639430617
83703	0.002269221124
83704	0.0009843136456
83705	0.003045165495
83706	0.003289545166
83707	0.009614008279
83708	0.001271848459
83709	0.005279547658
83710	0.001741557647
83711	0.002686819851
83712	0.001754268568
83713	0.001547868632
83714	0.001827182043
83715	0.001867525977
83716	0.00212483851
83717	0.008047485454
83718	0.00105646707
83719	0.001022943463
83720	0.002781917596
83721	0.007804898222
83722	0.002246647516
83723	0.01016257532
83724	0.005444201437
83725	0.01401817706
83726	0.003717147116
83727	0.002586416396
83728	0.001766268739
83729	0.005765417103
83730	0.0006462648671
83731	0.0007626727871
83732	0.001940146962
83733	0.005431668196
83734	0.002461623064
83735	6.463672271e-05
83736	0.0002515754389
83737	0.01056218673
83738	0.007272503649
83739	0.009278254525
83740	0.004471301393
83741	0.009515262957
83742	0.003925277392
83743	3.634974966e-05
83744	0.003576144371
83745	0.007753770868
83746	0.003127496225
83747	0.002474265732
83748	0.004105342268
83749	0.00182266557
83750	0.005497660915
83751	0.0006114555097
83752	0.009306019795
83753	0.00600911353
83754	0.001407267869
83755	0.002961897351
83756	0.001533519168
83757	0.01787000229
83758	0.0003267735721
83759	0.003152125073
83760	0.0006283594549
83761	0.004086165472
83762	0.006076352735
83763	0.001050940206
83764	0.003673863128
83765	0.004004324388
83766	0.007088323951
83767	0.01926858619
83768	0.01447483487
83769	0.006646226242
83770	0.00319006891
83771	0.00206970338
83772	0.01409400235
83773	0.004992335003
83774	0.003700758434
83775	0.0002184219937
83776	0.004546607161
83777	0.0001157706303
83778	0.009643497243
83779	0.003259207896
83780	0.001524650644
83781	0.0009457925629
83782	0.01041022578
83783	0.0003961173497
83784	0.008582251482
83785	0.0139093353
83786	0.000445718026
83787	0.01426861903
83788	0.0009505138685
83789	0.000860586913
83790	0.003029262583
83791	0.002038308792
83792	0.00773069008
83793	0.0004398451094
83794	0.001414873419
83795	0.002620099549
83796	0.0008696068066
83797	0.002909222418
83798	0.0003542492398
83799	0.01308945009
83800	0.005419377223
83801	0.001005172199
83802	0.008058258405
83803	0.002381212571
83804	0.001014060724
83805	0.00184393652
83806	0.002048911544
83807	0.002549931699
83808	0.0003638776043
83809	8.518278773e-05
83810	0.001608774437
83811	0.002387963332
83812	0.003576400783
83813	0.004546103773
83814	0.01541803614
83815	0.0003458286888
83816	1.970951427e-05
83817	0.004182036377
83818	0.00650365366
83819	0.005961514391
83820	0.00562574755
83821	6.237554425e-05
83822	0.0063161365
83823	0.002765029085
83824	0.002202866778
83825	0.004102725569
83826	0.002979205993
83827	0.003928661912
83828	0.00385715093
83829	0.004847872496
83830	0.001600596045
83831	7.399702966e-05
83832	0.002096153393
83833	0.01545838067
83834	4.413341404e-05
83835	0.00613485375
83836	0.0007750995558
83837	0.0006234909947
83838	0.0001783228389
83839	0.002128855336
83840	0.002280906318
83841	0.002259094962
83842	0.0001731835303
83843	0.01222446815
83844	0.005258481455
83845	0.007517822407
83846	0.006544045492
83847	0.0008562390571
83848	0.008336562223
83849	0.003719042026
83850	0.001806418907
83851	0.0006945657197
83852	0.000432037728
83853	0.009182546766
83854	0.01069903992
83855	0.002377991282
83856	0.002527188306
83857	0.00383455679
83858	0.009157537283
83859	0.005209848591
83860	0.001224528807
83861	0.001133939979
83862	0.0007070233726
83863	0.003447377309
83864	0.004937002605
83865	0.006609788261
83866	0.00743186112
83867	0.003163157123
83868	0.002509537936
83869	0.007679122646
83870	0.0003521059835
83871	0.001050515981
83872	0.00200475749
83873	0.003093614219
83874	0.0004592291374
83875	0.0004488775602
83876	0.01098269585
83877	0.01376904937
83878	0.001333425925
83879	0.002179935774
83880	0.00885271234
83881	0.002303065408
83882	0.000568336516
83883	0.002952795351
83884	0.0003196533153
83885	0.001438957547
83886	0.01192646472
83887	0.004549279023
83888	0.00213890711
83889	0.007547238946
83890	0.006228156161
83891	0.003225779293
83892	0.0002295169897
83893	0.005761052079
83894	0.001469767092
83895	0.001668300221
83896	0.009257571022
83897	0.003488616071
83898	0.001302250131
83899	4.576316433e-05
83900	0.005286726706
83901	0.002958424338
83902	0.002986498481
83903	0.008390640246
83904	0.001784920181
83905	0.007619359358
83906	0.000991285156
83907	0.01214033154
83908	0.002267141522
83909	0.003674380668
83910	0.01331921318
83911	0.000515096806
83912	0.0003100145309
83913	0.003342587796
83914	0.01570417484
83915	0.006612439565
83916	0.006259924335
83917	0.001507064717
83918	0.0004906975138
83919	0.008929907983
83920	0.002836498314
83921	0.01175907436
83922	0.0004148078712
83923	0.0004114772857
83924	0.002729280469
83925	0.000133847351
83926	0.001318835204
83927	0.006146236058
83928	0.01656809342
83929	0.001671413869
83930	0.001272531225
83931	0.0002726769303
83932	0.002127001757
83933	0.008808005961
83934	0.002240498616
83935	0.009262056702
83936	0.002701178769
83937	0.00523972319
83938	0.00433641684
83939	0.002579728729
83940	0.005804455781
83941	0.006087912898
83942	0.004446834631
83943	0.01095691635
83944	0.003122469057
83945	0.001871217362
83946	0.001932533437
83947	0.00384633227
83948	0.000256304326
83949	0.005240439909
83950	0.001119881077
83951	0.003161736337
83952	0.003476653527
83953	0.001917217371
83954	0.00225680381
83955	0.0003557481897
83956	0.0036427597
83957	0.0004392630575
83958	0.002311919396
83959	0.002262960083
83960	0.007747438477
83961	0.003086648893
83962	0.005635421693
83963	0.002149768003
83964	0.004769904082
83965	0.004841504811
83966	0.0009393108913
83967	0.0003490229697
83968	0.003828287112
83969	0.007940294688
83970	0.003400840754
83971	0.0001312284481
83972	8.216781966e-05
83973	0.005718147103
83974	0.01739288574
83975	0.01519830189
83976	0.003380323752
83977	0.001955634717
83978	0.00497795965
83979	0.009054529858
83980	0.001889107496
83981	0.002324376639
83982	0.004753657525
83983	0.01196485082
83984	0.006519841995
83985	0.002207683454
83986	0.008282656132
83987	0.002727693241
83988	0.007086855162
83989	0.004324342764
83990	0.001821156263
83991	0.004627047669
83992	0.0006451439157
83993	0.003293371736
83994	0.003216644324
83995	0.008614649605
83996	0.0002989076441
83997	0.002465009447
83998	0.003323162736
83999	0.00681522362
84000	0.002739407271
84001	0.005915829808
84002	0.00212314917
84003	0.01423002151
84004	0.001903975959
84005	0.0005103716267
84006	0.001673310466
84007	0.0007059822823
84008	2.403611135e-05
84009	0.004812721233
84010	0.0006071119296
84011	8.2771193e-05
84012	0.003474108992
84013	0.002598052
84014	0.0009554203977
84015	0.006137930903
84016	0.000948866876
84017	0.0001962456803
84018	0.0009767663842
84019	9.18595115e-05
84020	0.001879157095
84021	0.0002386744197
84022	0.0005267496738
84023	0.0044106417
84024	0.009507541675
84025	0.0002641156259
84026	0.004281941299
84027	0.002938866115
84028	0.002747629127
84029	0.002458245431
84030	0.00668523066
84031	0.005261760863
84032	0.0001072401534
84033	0.002483707899
84034	0.002480670251
84035	0.00210556099
84036	0.005684588712
84037	0.003173060459
84038	0.004008266614
84039	0.001603736808
84040	0.004299493041
84041	0.0030181302
84042	0.01129285775
84043	0.01261070407
84044	0.001877878154
84045	0.0009184886464
84046	0.008595884304
84047	0.00926678315
84048	0.001368609438
84049	0.001395062054
84050	0.004418209753
84051	0.001783581207
84052	0.01302526477
84053	0.009607698217
84054	0.004052296596
84055	0.003521143023
84056	0.003528807287
84057	0.003087670204
84058	0.0001033811897
84059	0.002232590247
84060	0.00191343316
84061	0.000163298024
84062	0.009962457504
84063	0.01143723206
84064	0.01531225421
84065	0.002544845009
84066	0.0002894485949
84067	0.01560578541
84068	0.0002377661147
84069	0.01156556182
84070	0.005001146916
84071	0.01164916112
84072	0.003698874437
84073	0.005120653048
84074	0.003796934145
84075	0.0003766614218
84076	0.003280124821
84077	0.004880865853
84078	0.005990046529
84079	0.002042416701
84080	0.000336592906
84081	0.006185075401
84082	0.003407477311
84083	0.00678151297
84084	0.006874798721
84085	0.001376210639
84086	0.004994166788
84087	0.004193355196
84088	0.002936671189
84089	0.006598414369
84090	0.002493494992
84091	0.001256009877
84092	1.688524043e-05
84093	0.0002297458748
84094	0.007136072195
84095	0.002759810498
84096	0.01222161128
84097	0.00340864331
84098	0.01356137574
84099	0.005863052458
84100	0.00814127963
84101	0.003594289105
84102	0.0004074568904
84103	0.003806839355
84104	0.0002422802148
84105	4.778040719e-05
84106	0.003143693162
84107	0.0007295621529
84108	0.01652936958
84109	0.002855313518
84110	0.00400896426
84111	0.007094135267
84112	0.001931512784
84113	0.001414986467
84114	0.01032146963
84115	0.01057786801
84116	0.01761236718
84117	0.00104417772
84118	0.006210210635
84119	0.003824833214
84120	0.002340240276
84121	0.0003990658265
84122	0.0002518204869
84123	0.004156004339
84124	0.008263008511
84125	0.001137410931
84126	0.005023113827
84127	0.002189123631
84128	0.00405798516
84129	0.01134249711
84130	0.0004857607464
84131	0.00391104178
84132	0.0006158106305
84133	0.005729983505
84134	0.001941212212
84135	0.003785605182
84136	0.003783201209
84137	0.00347460006
84138	0.00123461344
84139	0.00246509484
84140	0.01285120579
84141	0.000333484646
84142	0.01196403158
84143	0.0167972738
84144	0.002262051987
84145	0.001738672776
84146	0.001621981046
84147	0.003287486934
84148	0.005121087063
84149	0.004361212872
84150	0.003734897314
84151	0.002862757539
84152	0.0005933465886
84153	0.01012594015
84154	0.003360196648
84155	0.001862975845
84156	0.00216271179
84157	0.002050055328
84158	0.005218763426
84159	0.000473350976
84160	5.938556034e-05
84161	0.009110555483
84162	0.006348253001
84163	0.0001772783897
84164	0.004343027953
84165	0.007230500041
84166	0.003022963411
84167	0.002390804463
84168	0.0003136178187
84169	0.006318204331
84170	0.003741696466
84171	0.01443364147
84172	0.005132966236
84173	0.002011631426
84174	0.0003952187397
84175	0.0009756160241
84176	0.003697677469
84177	0.004458674996
84178	0.0007213942949
84179	0.0001721475529
84180	0.02023140859
84181	0.006462112746
84182	0.00191850015
84183	0.004589455206
84184	0.0003027683503
84185	0.000262963776
84186	0.00629360436
84187	0.0004555081309
84188	0.000704901151
84189	0.00175168963
84190	0.008791479981
84191	0.005433368961
84192	0.02123376116
84193	0.008451218438
84194	0.004155806522
84195	0.000331142286
84196	0.01274840761
84197	0.01008546128
84198	0.03036977266
84199	0.013651471
84200	0.007040204193
84201	0.005659471831
84202	0.001611079511
84203	0.0001941710126
84204	0.0001973424007
84205	0.003915143609
84206	0.00486376038
84207	0.004097094696
84208	0.001808779276
84209	0.0005031749777
84210	0.006819276138
84211	0.007384700927
84212	0.004529896204
84213	0.00429073308
84214	0.0007413636466
84215	0.01299533403
84216	0.008983156054
84217	0.00117628454
84218	0.007531401932
84219	0.0001596581071
84220	0.00493954467
84221	0.000543935756
84222	0.003846837152
84223	0.004474215709
84224	0.007267508653
84225	0.01158455915
84226	0.004642853954
84227	0.005830571244
84228	0.001803958496
84229	0.001957739685
84230	0.0007332075645
84231	0.002351131082
84232	0.006941810355
84233	0.0002010817477
84234	0.003597292895
84235	0.01375884285
84236	0.0005771939197
84237	0.006364893999
84238	8.137675966e-05
84239	0.006184945305
84240	0.0134710572
84241	0.001487046957
84242	0.008742638925
84243	0.01590946087
84244	0.002771337637
84245	0.003433783976
84246	0.01177788393
84247	0.002183782111
84248	0.005644984678
84249	0.007093589429
84250	0.007553605918
84251	0.004429451226
84252	0.004608403016
84253	0.0007495336606
84254	0.005681637197
84255	0.002636594096
84256	0.007020057418
84257	0.002113633607
84258	0.000359218835
84259	0.001120419463
84260	0.00030238976
84261	0.002817030071
84262	0.004265168321
84263	0.005741176997
84264	0.0001192488567
84265	0.00168631925
84266	0.003342303331
84267	0.006309441563
84268	0.003109581023
84269	0.005910942057
84270	0.002533656512
84271	0.001818370861
84272	0.003060380367
84273	0.0002771150185
84274	0.009707159384
84275	0.01286226202
84276	0.001035730316
84277	0.00531779127
84278	7.617321742e-05
84279	0.005408721196
84280	0.0002350579958
84281	0.002631310716
84282	0.006160621919
84283	0.002515438682
84284	0.00272595906
84285	0.01464183113
84286	0.0008518029454
84287	0.0003161894612
84288	0.002575676996
84289	0.006197773448
84290	0.0053939135
84291	0.0002326938522
84292	0.002194474325
84293	0.000573147576
84294	0.0003167316619
84295	0.008548314701
84296	0.00117632869
84297	0.0005646490367
84298	0.004695671331
84299	0.0009061617597
84300	0.002273259403
84301	0.000674024516
84302	0.01473955964
84303	0.009945496538
84304	0.0006865039206
84305	0.01029098729
84306	0.004296233655
84307	0.009311950826
84308	0.001101713568
84309	0.002532553209
84310	0.000775144949
84311	0.00554689241
84312	0.0007973957957
84313	0.002567095056
84314	0.01060454404
84315	0.0003251231214
84316	0.004036166792
84317	0.003430077611
84318	0.01078147821
84319	0.002125685852
84320	0.004640790829
84321	0.006620771027
84322	0.002763862967
84323	0.007536237041
84324	0.009844435572
84325	0.000904680467
84326	0.005271197585
84327	0.000318452994
84328	0.001718798509
84329	0.0003596304782
84330	0.00281814048
84331	0.004463974227
84332	0.003063656603
84333	0.004253806064
84334	0.004003451301
84335	0.009448502802
84336	0.003332951005
84337	0.001368967038
84338	0.006639640359
84339	0.001642628196
84340	0.008090646264
84341	0.0007628659412
84342	0.006802295584
84343	0.002130347659
84344	0.002944604404
84345	0.0004665847547
84346	0.000975646656
84347	0.01768342446
84348	0.002680715188
84349	0.002881804714
84350	0.001487383759
84351	0.006337152314
84352	0.0002994812203
84353	0.006104558752
84354	0.006065912614
84355	0.006762603232
84356	0.001261482431
84357	0.003172696039
84358	0.006701851775
84359	0.00218098785
84360	0.0008197983323
84361	0.002688091475
84362	0.000243137499
84363	0.004815933227
84364	0.000589666436
84365	0.001517146578
84366	6.942516034e-05
84367	0.003591527049
84368	0.01075030748
84369	0.01193359586
84370	0.001001789407
84371	0.003485606172
84372	0.002280264299
84373	0.001926310519
84374	0.003271641292
84375	0.007000099926
84376	0.003575336906
84377	0.00170100481
84378	0.005564650042
84379	0.001516990316
84380	0.01047484814
84381	0.01381598461
84382	0.001349379778
84383	0.003066227746
84384	0.01163081373
84385	0.01338522478
84386	0.006449074505
84387	0.005565772307
84388	0.001283468243
84389	0.001195359047
84390	0.0007755222933
84391	0.00641475499
84392	0.008075942869
84393	0.0003194659509
84394	0.002051691253
84395	0.002391195694
84396	0.002145026026
84397	0.001810657678
84398	0.002504712897
84399	5.700258362e-05
84400	0.007922684956
84401	0.006047794127
84402	0.002676748026
84403	0.008676955408
84404	0.007226014763
84405	0.005038460745
84406	0.0004851077213
84407	0.01124329943
84408	0.0003745000982
84409	0.006379583841
84410	0.00492964097
84411	0.0001014801841
84412	0.0008232053693
84413	0.0038235371
84414	0.006287483388
84415	0.007608634966
84416	0.002054520958
84417	0.002324985633
84418	0.001771974718
84419	0.0009446578395
84420	0.001743077876
84421	0.0006964684611
84422	0.003680138153
84423	0.0009231542102
84424	0.000939655676
84425	0.0015808965
84426	0.002786571405
84427	0.002728250648
84428	0.004107207844
84429	0.002405247331
84430	0.01428488366
84431	0.002095281138
84432	0.003106804957
84433	0.001905594308
84434	0.005401372627
84435	0.001950317184
84436	0.0008834727535
84437	0.002321526949
84438	0.002342037577
84439	0.002269032162
84440	0.0003710506256
84441	0.0006022331994
84442	0.002867117163
84443	0.008242622139
84444	0.003860711525
84445	0.0003652522809
84446	0.002645273156
84447	0.005247142237
84448	0.002127317968
84449	0.002780194144
84450	0.009183069422
84451	0.005190303062
84452	0.0003245212457
84453	0.008413342744
84454	0.001741486711
84455	0.00929997559
84456	0.0001652285226
84457	0.0005070159697
84458	0.003258321733
84459	0.001911949688
84460	0.006360894216
84461	0.001363662933
84462	0.00806515455
84463	0.0004174457897
84464	8.7651575e-05
84465	0.01226078562
84466	0.00356093126
84467	0.003602402193
84468	0.01000058065
84469	0.001065930896
84470	0.003055046683
84471	0.00350768404
84472	0.001538136546
84473	0.001873579847
84474	0.01613335334
84475	0.0008163615154
84476	0.003088931635
84477	0.0001454697197
84478	0.003576625076
84479	0.003134690654
84480	0.006800812576
84481	0.0138888448
84482	0.001386101645
84483	0.004081956686
84484	0.00750264251
84485	0.0003513636565
84486	0.001653919528
84487	0.003611907911
84488	0.01035168669
84489	0.008562301799
84490	0.0002985670591
84491	0.007102806639
84492	0.002704473586
84493	0.002041984807
84494	0.01665950872
84495	0.009580172644
84496	0.01319677395
84497	0.003924676953
84498	3.401278058e-05
84499	0.004000340411
84500	0.006173277348
84501	0.005328028636
84502	0.004453509064
84503	0.001825691025
84504	0.001674974953
84505	0.002640237284
84506	0.007908258808
84507	0.002243023666
84508	0.01248443616
84509	0.00135226979
84510	0.008139482815
84511	0.00770217936
84512	0.00693542753
84513	0.008839872544
84514	0.004201335464
84515	0.004603081595
84516	0.001426048562
84517	0.0001817151397
84518	0.002792858879
84519	0.006821077466
84520	2.795674808e-05
84521	0.00513323069
84522	0.0007117104517
84523	0.002948018767
84524	0.0005848434445
84525	0.001613661707
84526	0.01053969955
84527	0.002177226886
84528	0.0001810075954
84529	0.001640899526
84530	0.004208048591
84531	0.003407439714
84532	8.501803231e-05
84533	0.00448500185
84534	0.002516009287
84535	0.003488603734
84536	0.004018030507
84537	0.00382216655
84538	0.001212140419
84539	0.005925384321
84540	0.006476065457
84541	9.95530582e-05
84542	0.001117338961
84543	0.008405409187
84544	0.01363519253
84545	0.001597917319
84546	0.004778592019
84547	0.001711933938
84548	0.003414937489
84549	0.005090742418
84550	0.0007178851229
84551	0.004125635855
84552	0.005283821882
84553	0.003137162589
84554	0.0004794038533
84555	0.001792630469
84556	0.002539743301
84557	0.0009676676358
84558	0.00248916007
84559	0.001241195675
84560	0.002979107335
84561	0.009809322125
84562	0.008164407145
84563	0.0001396785697
84564	0.001854276499
84565	0.003519182279
84566	0.002198651959
84567	0.001213532593
84568	0.002014126556
84569	0.01993757166
84570	0.006622578461
84571	0.001147777571
84572	0.003446579349
84573	0.0006765290499
84574	0.001323346508
84575	0.01376356437
84576	0.0049782101
84577	0.002193876339
84578	0.009098832781
84579	0.00660040074
84580	0.000717635929
84581	0.0006860996682
84582	0.006466941911
84583	0.007239048465
84584	0.003899357851
84585	0.0001425512717
84586	0.0001569940397
84587	0.004941230795
84588	0.00715777987
84589	0.001544250941
84590	0.001151910274
84591	0.004928543724
84592	0.01067171948
84593	0.0005539877848
84594	0.007463798648
84595	0.0006175210558
84596	0.006292881749
84597	0.001125876072
84598	0.002009366259
84599	0.00514915197
84600	0.003380077319
84601	0.007645040759
84602	0.004866011167
84603	0.01063220789
84604	0.0007902966348
84605	0.008118765642
84606	0.004803059274
84607	0.01146187796
84608	0.004237767361
84609	0.0005822780658
84610	0.003317180281
84611	0.002058858117
84612	0.0004380635103
84613	0.009971042589
84614	0.005881745865
84615	0.000356803619
84616	0.00118828897
84617	0.01268176349
84618	0.003122404853
84619	0.006677230067
84620	0.00378669547
84621	0.01648469363
84622	0.000210768006
84623	0.001664567426
84624	0.002669859477
84625	0.0001649141295
84626	0.003293156961
84627	0.00476216574
84628	0.007749974807
84629	0.002224013325
84630	0.001977116054
84631	0.005505119338
84632	0.01222196043
84633	0.00498968157
84634	0.007141390547
84635	0.006011493512
84636	0.001696766306
84637	0.0006857081363
84638	0.0001543186362
84639	0.0008024582386
84640	0.009930823913
84641	0.002889119846
84642	0.005597076275
84643	0.001770702308
84644	0.0006591037244
84645	0.007622312337
84646	0.007960855846
84647	0.006694605926
84648	0.007579945293
84649	0.007480800502
84650	0.00258112498
84651	0.005144810924
84652	0.01524602725
84653	0.00137178623
84654	0.003432699427
84655	0.003010118579
84656	0.003326936461
84657	0.005942327113
84658	0.00612213257
84659	0.005661679185
84660	0.0002913685064
84661	0.006906094626
84662	0.006552652729
84663	0.0122841726
84664	0.0004595816835
84665	9.612023034e-05
84666	0.005281818072
84667	0.003759720012
84668	0.002029098956
84669	0.0006733492864
84670	0.001129286626
84671	0.0004648434422
84672	0.006157061267
84673	0.005216175593
84674	0.009994689823
84675	7.095985884e-05
84676	0.005730386086
84677	0.0006152307139
84678	0.00480990187
84679	0.0006249744997
84680	0.0008121234477
84681	0.007524068188
84682	0.0009770610597
84683	0.001450939938
84684	0.002259497327
84685	0.005752079362
84686	0.01260902125
84687	8.148250493e-06
84688	0.00194772788
84689	0.002981918506
84690	0.0007529097257
84691	0.008619243082
84692	0.003993958283
84693	0.001640966867
84694	0.002717257638
84695	0.007033204632
84696	0.003519309574
84697	0.0002703277297
84698	0.00438416498
84699	0.001892043883
84700	0.00336032808
84701	0.0008023871678
84702	0.002788571632
84703	0.001106821636
84704	0.005529970899
84705	0.01286198211
84706	0.006267111349
84707	5.563571507e-05
84708	0.002470726138
84709	0.004481258135
84710	0.001759681225
84711	0.0003265949481
84712	0.004137260539
84713	0.005383521274
84714	0.00339100583
84715	0.002075080165
84716	0.0007285078213
84717	0.002102931693
84718	0.004755825495
84719	0.01191031402
84720	0.001775317847
84721	0.009379898665
84722	0.005188948444
84723	0.00214127415
84724	0.00297105754
84725	0.0007556368106
84726	0.003049121866
84727	0.007612021746
84728	7.947077543e-05
84729	0.0002091867833
84730	0.002037245517
84731	0.002487633414
84732	8.708985966e-05
84733	0.003090777207
84734	0.004903765756
84735	0.000417575246
84736	0.001668647036
84737	0.006246868466
84738	0.0078795421
84739	0.002235976942
84740	0.008522031984
84741	0.004965543689
84742	0.003233560448
84743	0.01167379749
84744	0.007679815826
84745	0.005608911356
84746	0.002793162346
84747	0.0009019167684
84748	0.003809194882
84749	0.002807963843
84750	0.001463662209
84751	0.003532042897
84752	0.0005397284399
84753	0.00301645237
84754	0.000105649524
84755	0.003847203698
84756	0.006733654845
84757	0.002823420366
84758	0.003593055175
84759	0.002077122086
84760	0.003657315654
84761	0.002529810813
84762	0.00207574621
84763	0.003147843708
84764	0.0007202962804
84765	0.001894475289
84766	0.001259661565
84767	0.0003383985426
84768	0.0002082182213
84769	0.006585029751
84770	0.0005074525508
84771	0.001314002632
84772	0.002898089022
84773	0.003454757833
84774	0.005153164056
84775	0.009249745265
84776	0.0008465942552
84777	0.003558702727
84778	0.002940878759
84779	0.001024793783
84780	0.0074404426
84781	0.001072519604
84782	0.0004270489732
84783	9.94100598e-05
84784	0.000148704488
84785	7.682614966e-05
84786	0.003237967961
84787	0.002302049599
84788	0.007364125767
84789	0.0001005617965
84790	0.01183148746
84791	0.002595834758
84792	0.00111749346
84793	0.003521826898
84794	0.008289416854
84795	0.002170143138
84796	0.002263491091
84797	0.0004737931342
84798	0.00301948763
84799	0.002147496293
84800	0.001370441174
84801	0.0001754721697
84802	0.00119878523
84803	0.002223388322
84804	0.002612426329
84805	0.004086310905
84806	0.006041509308
84807	0.006285013318
84808	0.004115175338
84809	0.008044960931
84810	0.005620753778
84811	0.0006078849273
84812	0.00539714233
84813	0.005498905499
84814	0.01441482283
84815	0.0007507591913
84816	0.002879082606
84817	0.001999611974
84818	0.004224139474
84819	0.001955384686
84820	0.0006172742689
84821	0.0119629182
84822	0.002965811037
84823	0.0002879864558
84824	0.002467315072
84825	0.00255012172
84826	0.001536443543
84827	0.0031988301
84828	0.004663199963
84829	0.0003508609991
84830	0.002453554763
84831	0.003465470194
84832	0.009796729597
84833	0.002859460343
84834	0.007727096273
84835	0.003465409557
84836	0.000810835292
84837	0.002875368635
84838	0.003818574276
84839	0.001862325236
84840	0.002278784669
84841	0.007551394378
84842	0.002584016866
84843	0.000223868891
84844	0.01194775718
84845	0.003010987699
84846	0.00376880947
84847	0.00412308273
84848	0.007852723625
84849	0.001765091478
84850	0.0006098943155
84851	0.009146535886
84852	0.001600484461
84853	0.003992801257
84854	0.001054930143
84855	0.0003789273467
84856	0.001709883772
84857	0.00250817973
84858	0.002660078355
84859	0.002475070245
84860	0.003727410172
84861	0.005675287659
84862	0.008190634812
84863	0.001241874246
84864	0.001965232067
84865	0.002923292365
84866	0.001699181076
84867	0.01194657187
84868	0.0007967641385
84869	0.001092641386
84870	0.005182042204
84871	0.003778704726
84872	0.005341384666
84873	0.0005083031005
84874	0.01445919598
84875	0.0008494928558
84876	0.0003470869254
84877	0.001305527779
84878	0.006066473521
84879	0.001157945659
84880	0.00342587645
84881	0.00269890732
84882	6.807891966e-05
84883	0.005718293785
84884	0.003142364302
84885	0.004580142076
84886	0.001651058287
84887	0.003077981582
84888	0.008255193494
84889	0.006760982181
84890	0.001209581012
84891	0.005198374605
84892	0.0003539344843
84893	6.556214467e-05
84894	0.007468947496
84895	0.001235851163
84896	0.005504898567
84897	0.01100565734
84898	0.002785929232
84899	0.002287638024
84900	0.0001328031846
84901	0.002391684347
84902	0.00800598756
84903	0.0002497523668
84904	0.01026708265
84905	0.006273221496
84906	0.003702387917
84907	0.001297576986
84908	0.001019645203
84909	0.001372692355
84910	0.00164223805
84911	0.0003555943293
84912	0.004174182579
84913	0.00446721238
84914	0.005508342302
84915	0.007428897518
84916	0.000109972419
84917	0.00151519861
84918	0.002807066174
84919	0.0001768960181
84920	3.764483034e-05
84921	0.002345803201
84922	0.00374823327
84923	0.005548156927
84924	0.004826368632
84925	1.664029939e-05
84926	0.005860979282
84927	0.005365406519
84928	0.00195255493
84929	0.002344026132
84930	0.001661040824
84931	4.875760032e-05
84932	0.001740370054
84933	0.0003635676551
84934	0.00811222139
84935	0.01135338031
84936	0.0003031764754
84937	0.004091583294
84938	0.0002881503708
84939	0.00658437417
84940	0.0001092154126
84941	0.001971972413
84942	0.002406085017
84943	0.000541350825
84944	0.002940663014
84945	0.001526422957
84946	0.006090502361
84947	0.003047514232
84948	0.001941203215
84949	0.0003641946886
84950	0.004352117785
84951	0.007514690141
84952	0.002614251583
84953	0.006065722564
84954	0.0009938849167
84955	0.002806120636
84956	0.0003024034003
84957	0.00417107512
84958	0.005944158641
84959	0.002800899297
84960	0.00438343924
84961	0.004318156307
84962	0.001975031304
84963	0.005649552103
84964	0.00158692431
84965	0.002062408889
84966	0.0004172615463
84967	0.0002124268483
84968	0.01649586808
84969	0.0017924212
84970	0.0008584809705
84971	0.001885354517
84972	0.0004330784877
84973	0.00484615632
84974	0.002933372863
84975	0.001534786559
84976	0.002574355644
84977	0.001503501804
84978	0.003365058264
84979	0.001031906014
84980	0.0009260638569
84981	0.005318593647
84982	0.006424279764
84983	0.0006805757097
84984	0.0006942713446
84985	0.0001191240814
84986	0.003542995044
84987	0.001130027034
84988	0.002809510477
84989	0.00324161584
84990	0.002930431026
84991	0.009007498883
84992	0.01054125355
84993	0.0007946778301
84994	0.001929870206
84995	0.001594396426
84996	0.006519973566
84997	0.001983288747
84998	0.001064973399
84999	0.0001629844289
85000	0.002395740498
85001	7.226624783e-05
85002	0.00104133987
85003	0.006530921011
85004	0.0007828425788
85005	0.00424219225
85006	0.01379773346
85007	0.0007210446294
85008	5.744182372e-05
85009	0.005444613061
85010	0.00688062815
85011	0.005844811986
85012	0.01032001246
85013	0.001545223355
85014	0.001885205255
85015	0.0014231217
85016	0.002026060447
85017	0.0008637044666
85018	0.01351309317
85019	0.000187291256
85020	0.001484475756
85021	0.0005151602776
85022	0.002151113733
85023	0.0007799645162
85024	0.0001430249805
85025	0.01240204468
85026	0.006007969307
85027	0.003996465913
85028	0.009010420589
85029	0.001843255686
85030	0.003982522393
85031	0.0002077314803
85032	0.003306060188
85033	0.005429604308
85034	0.003627633745
85035	0.00266288168
85036	0.004282314232
85037	0.0066784676
85038	9.189750358e-05
85039	0.000946554729
85040	0.001319922753
85041	0.000509514182
85042	0.000295628463
85043	0.001118872596
85044	0.0011866423
85045	0.001386006879
85046	0.005131464592
85047	0.006240062506
85048	0.0004125378644
85049	0.0002565516631
85050	0.01058771539
85051	0.001539290471
85052	0.002785983086
85053	0.0004430211129
85054	0.0004503836097
85055	0.001860209275
85056	0.004885774371
85057	1.971286034e-05
85058	0.00497319299
85059	0.001445062316
85060	0.003507282125
85061	0.007335675069
85062	0.003603939673
85063	0.003131971218
85064	0.002193473153
85065	0.0014644545
85066	0.006566780989
85067	0.006052936985
85068	0.01904033528
85069	0.008440624982
85070	0.0002695069324
85071	0.004204029788
85072	0.006683484046
85073	0.004221091288
85074	0.00100725631
85075	0.0156550713
85076	0.01223518617
85077	0.0006384943097
85078	0.002476639753
85079	0.003732909301
85080	0.001741603306
85081	0.0001247096221
85082	0.002802363476
85083	0.003305773639
85084	0.005904473538
85085	0.001095681529
85086	0.002293418526
85087	0.01325520946
85088	0.00504286604
85089	0.001216103021
85090	0.000487125046
85091	0.0003359619976
85092	0.005387803656
85093	0.002118009739
85094	0.006898143811
85095	0.0002447518029
85096	0.004846185215
85097	8.929093168e-05
85098	0.00435735546
85099	0.00983403598
85100	0.007570353953
85101	0.006135425642
85102	0.004348698015
85103	0.002826390763
85104	0.006358116177
85105	0.0127873278
85106	0.000185269596
85107	9.69566348e-05
85108	0.001499800303
85109	0.01103308961
85110	0.003242090543
85111	0.004917521208
85112	0.001182773858
85113	0.0005533769322
85114	0.01154161884
85115	0.01253661555
85116	0.009113570907
85117	0.007147479573
85118	0.003065298241
85119	0.001258611819
85120	0.0003917383177
85121	0.001650779157
85122	0.00274431834
85123	0.008134179438
85124	7.445392966e-05
85125	0.0002656832993
85126	0.002077495489
85127	0.001433722756
85128	0.001693640025
85129	0.0001369931358
85130	0.007155729671
85131	0.008537491016
85132	0.001747323268
85133	0.002307708565
85134	0.0007400625939
85135	0.003892200614
85136	0.01036544914
85137	0.0001705710063
85138	0.005508464755
85139	0.001827130439
85140	0.004559184195
85141	0.001860121547
85142	0.007743146262
85143	0.0002878166203
85144	0.00376978105
85145	0.00172079053
85146	0.005859787449
85147	0.002186932749
85148	0.001272181022
85149	0.01725054087
85150	0.007708594338
85151	0.0002156217373
85152	0.0028615586
85153	0.0006925711746
85154	0.004705166792
85155	0.002204430492
85156	0.002547646597
85157	0.001810306457
85158	0.0006436113003
85159	0.00433643031
85160	0.00617190614
85161	0.004412540128
85162	0.002337250211
85163	0.006361443983
85164	0.001274467402
85165	0.0007443593911
85166	0.00107970236
85167	0.001048917045
85168	0.004263570207
85169	0.01778637787
85170	0.007249689078
85171	0.000883800696
85172	0.01542249372
85173	0.005612922228
85174	0.005900597502
85175	0.006775348315
85176	0.001291990242
85177	0.0009163961524
85178	0.002679538779
85179	0.005658832092
85180	0.004061725808
85181	0.007039971649
85182	0.00183269518
85183	0.001834677229
85184	0.01171697146
85185	0.001708247919
85186	0.008520819743
85187	0.007308261047
85188	0.001361874765
85189	0.002758034895
85190	0.000436316596
85191	0.007358144568
85192	0.001520031462
85193	0.000858515496
85194	0.009923118802
85195	0.001635407357
85196	0.000182066928
85197	0.007193378299
85198	0.003901628964
85199	0.0009773098937
85200	0.002074010775
85201	0.001493265378
85202	0.008218373559
85203	0.004139789124
85204	0.004301362336
85205	0.007665152324
85206	0.002851532775
85207	0.004426269718
85208	0.004839160813
85209	0.00222072551
85210	0.0005957360997
85211	0.001228161789
85212	0.001833756965
85213	0.002362304681
85214	0.0002234780097
85215	0.001407047863
85216	0.002986120389
85217	0.001672937869
85218	0.002016046351
85219	0.009194434064
85220	0.008457639149
85221	0.008125389394
85222	0.006711110101
85223	0.00306490101
85224	0.004687276356
85225	0.003519055433
85226	0.001467293836
85227	0.005761961882
85228	0.00121420729
85229	0.009584113649
85230	0.00203909535
85231	0.002243415595
85232	0.0004214377745
85233	0.004173548595
85234	0.0003131772528
85235	0.006055544778
85236	0.000819559731
85237	0.009595083051
85238	0.002245620637
85239	0.00276412263
85240	0.003087177
85241	0.00570613423
85242	0.006053189242
85243	0.004437355286
85244	0.004153062073
85245	0.00105489146
85246	0.002052864125
85247	0.0006766115297
85248	0.005063404966
85249	0.003907387988
85250	0.005982664993
85251	6.861619404e-05
85252	0.0004042230697
85253	0.007137459845
85254	0.004330789449
85255	0.0002815408797
85256	0.0003312211255
85257	0.007620107806
85258	0.00127460653
85259	0.005564541426
85260	0.004105347399
85261	0.0006891032956
85262	0.001093655116
85263	0.007446281717
85264	0.00867913977
85265	0.007714337878
85266	0.003410607231
85267	0.001465471568
85268	0.001227034123
85269	0.0005035282692
85270	4.035070338e-06
85271	0.001300831107
85272	0.006499237269
85273	0.005596271258
85274	0.005643508306
85275	0.003728687842
85276	0.00733126621
85277	0.001296284833
85278	0.0001501016958
85279	0.007368945479
85280	0.001978654601
85281	0.007242652013
85282	0.001199025934
85283	0.006257046567
85284	0.00055034263
85285	0.0007358442059
85286	0.0006270044082
85287	0.00281079429
85288	0.005052990075
85289	0.006468871332
85290	0.004440384827
85291	0.003886116556
85292	0.001749220894
85293	0.001760721735
85294	0.003694457483
85295	0.0006732686555
85296	0.004667109098
85297	0.001539274962
85298	0.0009862020962
85299	0.00460207627
85300	4.97288281e-05
85301	0.002296584645
85302	0.001290460042
85303	0.000401826896
85304	0.00532415626
85305	0.005803474311
85306	0.007702945905
85307	0.0167616978
85308	0.00443654352
85309	0.002518731002
85310	0.00406199846
85311	0.000732685567
85312	0.004444699629
85313	0.007720448024
85314	0.006118613455
85315	0.003391521603
85316	0.006002874193
85317	0.002893782688
85318	0.008623427643
85319	0.009353542668
85320	0.002795047643
85321	0.006142367886
85322	0.002352494545
85323	0.002301153147
85324	0.002010132937
85325	0.007981678002
85326	0.00173869414
85327	0.002406635213
85328	7.496846117e-05
85329	0.003699472946
85330	0.002034122661
85331	9.95751451e-05
85332	0.00238584827
85333	0.01780970472
85334	0.0003394986162
85335	0.003039630822
85336	6.546465243e-05
85337	0.002911653444
85338	0.0008331696558
85339	0.008456622959
85340	0.0007158018782
85341	0.00126768763
85342	0.009368469449
85343	0.003276312307
85344	0.001512651823
85345	0.005695245748
85346	0.002308481961
85347	0.004766035048
85348	0.004253285649
85349	0.006729849044
85350	0.0002057327725
85351	0.003930976144
85352	0.008424147512
85353	0.002137663767
85354	0.005684860699
85355	0.01243171083
85356	0.002540699693
85357	0.005807672432
85358	0.007911569203
85359	0.000390538536
85360	0.004761534334
85361	0.0002760449045
85362	0.004117218047
85363	0.003792261497
85364	0.002159545854
85365	0.001003799713
85366	0.007779492665
85367	0.009973640195
85368	0.002339124242
85369	0.001927626144
85370	0.0008235573034
85371	0.003217540934
85372	0.01212474406
85373	0.001914096602
85374	0.007911884776
85375	0.005872967291
85376	0.004601506891
85377	0.004292372526
85378	0.0003558140394
85379	0.0005623518397
85380	0.004847063173
85381	0.001173338551
85382	0.004142124804
85383	0.0004452136942
85384	0.006809092324
85385	0.002695925885
85386	0.004783172414
85387	0.004401089445
85388	9.254351966e-05
85389	0.008708245613
85390	0.001100459765
85391	0.004509395827
85392	0.003477224829
85393	0.008811740451
85394	0.00370241056
85395	0.000111220884
85396	0.002805580833
85397	0.007118614682
85398	0.0005680968616
85399	0.0006021912466
85400	0.0005156927388
85401	0.001980675286
85402	0.001673621484
85403	0.0006591607913
85404	0.007394603673
85405	0.0002898224843
85406	0.003089508951
85407	0.00243621499
85408	0.004611648184
85409	0.002189836431
85410	0.009032545564
85411	0.001223888805
85412	0.001396563274
85413	0.0009708317297
85414	0.002826395472
85415	0.007467287869
85416	0.003628201096
85417	0.00303462069
85418	0.0007011131864
85419	0.003163666849
85420	0.006354518484
85421	0.0001107896383
85422	0.01338825331
85423	0.0009994665338
85424	0.0006783922037
85425	0.01089486255
85426	0.001986132335
85427	0.001983998003
85428	0.009006668102
85429	0.004296573699
85430	0.00249768079
85431	0.004629232229
85432	0.006786315284
85433	0.004623989376
85434	0.009120590236
85435	0.0004917684131
85436	0.00266271463
85437	9.97752527e-05
85438	0.01142907329
85439	0.007808102272
85440	0.0008750406739
85441	0.008426023139
85442	0.006026432479
85443	0.004288143355
85444	0.008430709983
85445	0.001560643305
85446	0.003923939452
85447	0.001616881886
85448	0.01363332746
85449	7.257324542e-05
85450	0.003026833
85451	0.004768402927
85452	0.004940550445
85453	0.002555587265
85454	0.004873429021
85455	0.004423262341
85456	0.0008769029774
85457	0.002350533728
85458	1.859563433e-05
85459	0.0003321404197
85460	0.006455032646
85461	0.001303549701
85462	0.008398682488
85463	0.002711260967
85464	0.004003436766
85465	0.002970881144
85466	0.001807416077
85467	0.006926473511
85468	9.075776976e-05
85469	0.007981954308
85470	0.00453767972
85471	0.004284728686
85472	0.002866816964
85473	0.002502605664
85474	1.635805765e-05
85475	0.001088999773
85476	0.005171514499
85477	0.002093281932
85478	0.009493462095
85479	0.001713924522
85480	0.002145094654
85481	0.000178242825
85482	0.009342734849
85483	0.0008195487382
85484	0.001240806846
85485	0.003796140979
85486	0.006876215634
85487	0.005225692306
85488	0.0001016314895
85489	0.01047101979
85490	0.00225819397
85491	0.01250348393
85492	0.0002542837894
85493	0.00258254999
85494	0.005100310796
85495	0.01467230403
85496	0.008499559783
85497	0.003701944791
85498	0.0087541483
85499	0.0002107026326
85500	0.001138017099
85501	0.001036441449
85502	0.003167893743
85503	0.001543262971
85504	0.0005123435305
85505	0.002122544526
85506	0.001464699482
85507	5.071298488e-05
85508	0.007399826549
85509	0.002333826339
85510	0.007889250567
85511	0.009097614971
85512	0.01527530399
85513	8.545844436e-08
85514	0.001109537717
85515	0.002013528207
85516	0.0003776968329
85517	0.0005301429946
85518	0.0003508958348
85519	0.01010887817
85520	0.0008283861816
85521	0.007811121123
85522	0.005564431024
85523	6.138560348e-05
85524	0.0007406242778
85525	0.003614872235
85526	0.001585335457
85527	0.0003499079321
85528	0.01121275877
85529	0.0007282216939
85530	0.0003645032219
85531	0.005789351963
85532	0.009389175012
85533	0.008397218808
85534	0.0007310493065
85535	0.000371968767
85536	0.0008773909325
85537	0.0007059793459
85538	0.002130367686
85539	0.0008430045677
85540	0.0009533616562
85541	0.0001556182697
85542	0.003662420682
85543	0.001178611376
85544	0.000141502249
85545	0.0008390907325
85546	0.001131876923
85547	0.004015096575
85548	0.00757133574
85549	0.0001957187894
85550	0.002287603326
85551	0.000893733117
85552	0.0007038203612
85553	0.008220059528
85554	0.006119075653
85555	0.004484563623
85556	0.007918847955
85557	0.002400946582
85558	0.002659083391
85559	0.005944364456
85560	0.000343588805
85561	0.001923195761
85562	0.0008997826752
85563	0.0002251071549
85564	0.0009567484541
85565	0.00390832842
85566	0.0008019409288
85567	0.001228887732
85568	0.003839051653
85569	0.000601784212
85570	0.006803978032
85571	0.002070695328
85572	0.002060874089
85573	0.0005766559434
85574	0.005216701004
85575	0.0006729929034
85576	0.002432024025
85577	0.0002134542844
85578	0.001700778495
85579	0.001766715397
85580	0.01772612781
85581	0.005703481606
85582	9.473396666e-05
85583	0.0007882724327
85584	0.006286486414
85585	0.0009242485667
85586	0.001185494662
85587	0.001099927759
85588	0.001831886661
85589	0.004323354505
85590	0.006157648162
85591	0.006802409466
85592	0.005909063215
85593	0.00381136087
85594	0.0007124692868
85595	0.002426811079
85596	0.006625139318
85597	6.228271381e-05
85598	0.002503696068
85599	0.003807270632
85600	0.0008946669971
85601	0.0004376970863
85602	0.006252875871
85603	0.0009353206625
85604	0.005962942644
85605	0.0002920812127
85606	0.003155674447
85607	0.001080949897
85608	0.005422185924
85609	0.006537113969
85610	0.001378843902
85611	3.088923301e-05
85612	0.01014890792
85613	0.0002648723774
85614	0.0005249712197
85615	0.0001412289988
85616	0.000801084751
85617	0.002577287183
85618	0.00202632896
85619	0.009803892059
85620	1.721295438e-05
85621	0.003700656642
85622	0.001146990238
85623	0.0003145153533
85624	0.001143980315
85625	0.005689357355
85626	0.005540363856
85627	0.009121339307
85628	0.0008337072769
85629	0.005910673753
85630	0.0002784009459
85631	0.00104957392
85632	0.005366267837
85633	0.005057681945
85634	0.006343080116
85635	0.001728537804
85636	0.009868934839
85637	0.005434568269
85638	0.006475364884
85639	0.0008706617883
85640	0.0006269382296
85641	0.001574917942
85642	0.005011885247
85643	0.003797055468
85644	0.004309096316
85645	0.001023165512
85646	0.0007165300579
85647	0.004509427274
85648	0.004130786376
85649	0.0001823484498
85650	0.002778060514
85651	0.003949436743
85652	0.001962061901
85653	0.0003700776119
85654	0.001640355239
85655	0.002185565608
85656	0.002577199884
85657	0.001398138659
85658	0.01058457115
85659	0.002186664146
85660	0.00313430752
85661	0.00865692595
85662	0.004515711183
85663	0.005857935541
85664	0.001983378363
85665	0.002338897782
85666	0.01210121604
85667	0.0001218863692
85668	0.007361085342
85669	0.002475774823
85670	0.002766906694
85671	0.0007511224916
85672	0.002933197286
85673	0.002231075237
85674	0.001057972541
85675	0.004561231327
85676	0.003503430354
85677	0.001856750923
85678	0.0002859378386
85679	0.001360454502
85680	0.0003548042761
85681	0.0007440083559
85682	0.0142023306
85683	0.005667346728
85684	0.003694249365
85685	0.01122442405
85686	0.008903320681
85687	0.00142136846
85688	0.003376521144
85689	0.005094698925
85690	0.0002841126745
85691	0.000209398133
85692	0.0003196120929
85693	0.001688043927
85694	0.008636431475
85695	0.004057460108
85696	0.005827272604
85697	0.003219353848
85698	0.0001049125054
85699	0.003800986886
85700	0.007187053765
85701	0.0001576970999
85702	0.0009951727903
85703	0.002073093912
85704	0.004175876529
85705	0.000938534868
85706	0.0003343971325
85707	0.002853676604
85708	0.003623789167
85709	0.0005023644012
85710	0.002443357112
85711	0.001487998422
85712	0.002453381858
85713	0.001236344532
85714	0.0003559486865
85715	0.004298396082
85716	0.005010868281
85717	0.002832404892
85718	0.0006976895025
85719	0.004012406559
85720	0.0003372843346
85721	0.001799680908
85722	0.003368655176
85723	0.002086269394
85724	0.007889420143
85725	0.002825896638
85726	0.002041490181
85727	0.01561563421
85728	0.005528047041
85729	0.005968292527
85730	0.001139711997
85731	0.000540800132
85732	0.009007919764
85733	0.00115750838
85734	0.004413428245
85735	0.004233556771
85736	0.007935136703
85737	0.001167966686
85738	0.00496759651
85739	8.832070754e-05
85740	0.01703241621
85741	0.001575430523
85742	0.002061089427
85743	0.003981725326
85744	0.004431228311
85745	0.01093759767
85746	0.003825797405
85747	0.002910718978
85748	0.001915975938
85749	0.002819172426
85750	0.001653962503
85751	0.002833529631
85752	0.005108053009
85753	0.003704568616
85754	0.001848907252
85755	0.002057571072
85756	0.004682953761
85757	0.000133115547
85758	0.0006074862844
85759	0.001416712228
85760	0.005805696618
85761	0.0002781793897
85762	0.001577924927
85763	0.002584749931
85764	0.007339328996
85765	0.003184344857
85766	0.001911906182
85767	0.001772171086
85768	0.0007162707225
85769	0.006020199737
85770	0.00262661654
85771	1.241382649e-05
85772	0.001226089756
85773	0.0008374694647
85774	0.003465548695
85775	0.002195664481
85776	0.002815015371
85777	0.004646745806
85778	0.002032938982
85779	0.003282072192
85780	0.003635148533
85781	0.001022726614
85782	0.0002257988288
85783	0.002821688622
85784	0.003185997261
85785	0.0002046708735
85786	0.006690496145
85787	0.006921730641
85788	2.859419203e-05
85789	0.0163062314
85790	0.006314449941
85791	0.004001200086
85792	0.002919178849
85793	0.004318797977
85794	0.0008683023147
85795	0.0006400299388
85796	0.006771556773
85797	0.01038727663
85798	0.002066282339
85799	0.001735588534
85800	0.001169308995
85801	0.006276241723
85802	0.001674575333
85803	0.0008277720937
85804	0.002066930282
85805	0.001211940382
85806	0.0005625990915
85807	0.00435367983
85808	0.01407206703
85809	0.008031996173
85810	0.001788039757
85811	0.004495829814
85812	0.000467728424
85813	0.001010075319
85814	0.0001374294281
85815	0.009536861957
85816	0.001543954078
85817	0.001340073276
85818	0.004628961642
85819	0.002899277856
85820	0.002506816131
85821	0.003929073581
85822	0.003495144391
85823	0.00484846546
85824	0.004412908651
85825	0.00163591162
85826	0.004980032086
85827	0.002690874246
85828	0.0008542086026
85829	0.0002036505625
85830	0.0008827634425
85831	0.0007633890535
85832	7.591664483e-05
85833	0.002295632978
85834	0.0005898041574
85835	0.0009201766508
85836	0.01257186926
85837	0.008520623636
85838	0.02363370046
85839	0.001074866454
85840	0.0005028188737
85841	0.00786327133
85842	0.001264836603
85843	0.001354776686
85844	0.000165817437
85845	0.001757097207
85846	0.001727328548
85847	0.001009321854
85848	0.002086754113
85849	0.002486757983
85850	0.001966029727
85851	0.00845417243
85852	0.007970444409
85853	0.006539754704
85854	0.0002118168643
85855	0.004876048048
85856	0.004126165673
85857	0.006771697434
85858	0.002941596193
85859	0.0009078501477
85860	0.005986525858
85861	0.00150465775
85862	0.003068904796
85863	0.0005677590361
85864	0.004380345772
85865	0.009366281249
85866	0.002261261278
85867	0.003512195182
85868	0.003496602317
85869	0.002646742281
85870	0.00379899382
85871	0.0009157525225
85872	0.0005477426978
85873	0.0008669972905
85874	0.002651041889
85875	0.0009826263654
85876	0.0006195695309
85877	0.008435207058
85878	0.0008769012801
85879	0.001308887075
85880	0.0004691478208
85881	0.003358761013
85882	0.0004342065622
85883	0.001381662653
85884	0.007036271507
85885	0.006393093315
85886	0.00983673766
85887	0.001125244915
85888	0.007210592498
85889	0.002787183498
85890	0.002129428664
85891	0.00260866546
85892	0.003764513146
85893	0.003423538783
85894	0.006086554219
85895	0.002453100804
85896	4.174257279e-05
85897	0.003534943286
85898	9.615043105e-05
85899	0.001363454473
85900	0.01210971563
85901	0.006049802453
85902	0.003827786652
85903	0.0009087830421
85904	0.004206907307
85905	0.0006532711725
85906	0.008486069552
85907	0.001051173764
85908	9.379921871e-07
85909	0.001163574347
85910	0.0004170086728
85911	0.0002311094971
85912	0.0009711424355
85913	3.937233219e-05
85914	0.00437169855
85915	0.001486918357
85916	0.001434124956
85917	0.00766884995
85918	0.001445309644
85919	0.000313447128
85920	4.867974543e-05
85921	0.00308239567
85922	0.001196181877
85923	0.003349368809
85924	0.0001680658519
85925	0.002525129344
85926	0.008940789917
85927	0.00200024523
85928	0.00133855119
85929	0.0005395310902
85930	0.0002099036025
85931	0.00045094567
85932	0.004593437197
85933	0.0003774256212
85934	0.002597080819
85935	0.00417127768
85936	0.001886318407
85937	0.001085470528
85938	0.003906576082
85939	0.01237533458
85940	0.002454917815
85941	9.58342537e-05
85942	0.001856742892
85943	0.0008071973686
85944	0.003835543294
85945	0.0005006044703
85946	0.003472678216
85947	0.0003185428748
85948	0.001170042402
85949	0.003533939838
85950	0.005445155275
85951	0.0008975537858
85952	0.000454655603
85953	0.000303208763
85954	0.0001857552664
85955	8.127191434e-05
85956	0.00661916431
85957	0.004502159395
85958	0.0007976496554
85959	0.0006451217485
85960	3.499779246e-05
85961	0.001055735702
85962	0.00117912015
85963	0.0006006708388
85964	0.005125301039
85965	0.001505024089
85966	0.004125446887
85967	0.004225774639
85968	0.0007793613174
85969	0.005271944063
85970	0.0008445097578
85971	0.002818402845
85972	0.003404252616
85973	0.0001693805097
85974	0.001731498258
85975	0.002677115054
85976	0.01104959202
85977	0.002752426692
85978	9.264969927e-05
85979	0.0002408984156
85980	0.002141908953
85981	0.000548177018
85982	0.009773619877
85983	0.0019854059
85984	0.002178724217
85985	0.005716076586
85986	6.311011438e-05
85987	0.008997365509
85988	0.007448825176
85989	0.004739237207
85990	0.006817165301
85991	0.002902368978
85992	0.0005112183225
85993	0.002946043818
85994	0.001036422107
85995	0.0004924334802
85996	0.001496849229
85997	0.002700864523
85998	0.001350177289
85999	0.004637001402
86000	0.008340451438
86001	0.001128895889
86002	0.0008688079131
86003	0.002343321679
86004	0.002852663507
86005	0.0002161212483
86006	0.01402057569
86007	0.005484377026
86008	0.0001760438931
86009	0.0009322227616
86010	0.003115907974
86011	8.091459754e-05
86012	0.002724866568
86013	0.004957991629
86014	0.003132398465
86015	0.002111522071
86016	0.003209153623
86017	0.0009167028055
86018	0.005286468322
86019	0.004790927479
86020	0.007395047012
86021	0.0001299501103
86022	0.002691041569
86023	0.0002846522028
86024	0.002642064492
86025	0.0001888172726
86026	0.003836682226
86027	0.003506922772
86028	0.01012332065
86029	0.001220539866
86030	0.0005102457205
86031	0.006519067241
86032	0.01022544483
86033	0.002277229939
86034	0.008040448062
86035	0.007796653652
86036	0.002303730301
86037	0.001244296362
86038	0.0104149945
86039	0.0008217010266
86040	0.007316204374
86041	0.0001690983514
86042	0.002908130658
86043	0.002408389916
86044	0.002126887003
86045	0.000578097099
86046	0.0003743859466
86047	0.01284349182
86048	0.0007835128347
86049	0.006290808362
86050	0.001501154735
86051	0.001158350528
86052	0.0008222575802
86053	0.00648969476
86054	0.008004344986
86055	0.007153984424
86056	0.004028600072
86057	0.000472389866
86058	0.003562030297
86059	0.002663637384
86060	0.007239569117
86061	0.01758433502
86062	0.009282854128
86063	0.003996507923
86064	0.004036171077
86065	0.0006939271071
86066	0.00513956721
86067	0.001989004076
86068	0.004114445985
86069	0.002321034694
86070	0.01028816059
86071	0.009304089336
86072	0.01073472437
86073	0.0149443234
86074	0.005089870431
86075	0.003944028935
86076	0.002347047975
86077	0.0009938893333
86078	0.004535916717
86079	0.003567592423
86080	0.005043228524
86081	9.689560011e-05
86082	0.006670957247
86083	0.0008412701701
86084	0.002720658508
86085	0.0006288083506
86086	0.0002881205192
86087	0.003248162645
86088	0.000255494827
86089	0.0004565850251
86090	0.0008359969666
86091	0.0002515666014
86092	0.00917064681
86093	0.002836716046
86094	0.00144262102
86095	0.002261385814
86096	0.004164170968
86097	0.0009517491213
86098	0.002433278025
86099	0.0002375250525
86100	0.003201838513
86101	0.001385194002
86102	0.01202774692
86103	0.002262067978
86104	0.001583412595
86105	0.004763727624
86106	0.002460975267
86107	0.007747576733
86108	0.005370761414
86109	0.0008054606476
86110	0.0009074001282
86111	0.0001017997749
86112	0.000401788707
86113	0.0008426815235
86114	0.005661492955
86115	0.001207478507
86116	0.0005333952912
86117	0.001739404452
86118	0.00749519984
86119	0.001647458599
86120	0.008050853068
86121	0.009235265574
86122	0.004993268904
86123	0.00452032054
86124	0.0002875954266
86125	0.005280826369
86126	0.001659824508
86127	0.0002888779354
86128	0.0009765244006
86129	0.01281686238
86130	0.001944871477
86131	0.008045245229
86132	0.002124322014
86133	0.0002676101095
86134	0.001877722233
86135	0.001464572516
86136	0.002619790399
86137	0.005682470014
86138	0.0007943939917
86139	6.045892412e-05
86140	0.00915876968
86141	0.0005616340371
86142	0.0007246605178
86143	0.0007017163844
86144	0.005062781906
86145	0.00424627573
86146	0.0005460392026
86147	0.006114525053
86148	0.001543783218
86149	0.002294988394
86150	0.003056447956
86151	0.001894134066
86152	0.004579303183
86153	0.005978618319
86154	0.002116524496
86155	0.0017005785
86156	0.002261137706
86157	0.0002712428136
86158	0.0002773648325
86159	0.0009405308825
86160	0.004572396769
86161	0.0004994809462
86162	0.005267017152
86163	0.008160752269
86164	0.006055984744
86165	0.000127021477
86166	0.004687133543
86167	0.01374043735
86168	0.002342202503
86169	0.000156347374
86170	0.00187313373
86171	0.004968054387
86172	0.002959302168
86173	0.0008703505046
86174	0.0006015868213
86175	0.004251786966
86176	0.009323088717
86177	0.003021320157
86178	0.0004199837876
86179	0.004499539814
86180	0.0001665155313
86181	0.002606351129
86182	0.0002819185117
86183	0.002755870527
86184	0.002551629755
86185	0.007723193596
86186	0.0031489296
86187	0.002365450832
86188	0.0005081424506
86189	0.000348516567
86190	5.560967532e-05
86191	0.0009460748958
86192	0.01015069452
86193	0.0005983585094
86194	0.004212677942
86195	0.004019511892
86196	0.0001865942883
86197	1.563839176e-05
86198	0.002896192175
86199	0.0003014617084
86200	0.004197346541
86201	0.0007182122505
86202	0.0004653899991
86203	0.0002762294704
86204	0.001457898298
86205	0.003061890973
86206	0.008998917307
86207	0.004972873006
86208	0.003249919006
86209	0.001721460854
86210	0.01265719988
86211	0.001357468388
86212	0.006053986253
86213	0.002747158127
86214	0.0005213678695
86215	0.0002476010482
86216	0.002581927431
86217	0.001296657737
86218	0.004482620445
86219	0.004518365623
86220	0.009130299245
86221	0.008520788603
86222	0.005094769477
86223	5.02373774e-06
86224	0.003250028234
86225	0.002964347401
86226	0.004083760105
86227	0.002789197066
86228	0.001333489159
86229	0.007525343613
86230	0.004175354235
86231	0.004087422668
86232	0.0009232359364
86233	0.01140344588
86234	0.001356397599
86235	0.0006919956363
86236	1.813546432e-05
86237	0.0005959727733
86238	0.000423046775
86239	0.002504569492
86240	0.01206043771
86241	0.0006894092723
86242	0.01017334035
86243	0.003321273419
86244	0.007513466263
86245	0.004337823535
86246	0.002622413209
86247	0.002237082238
86248	0.01049545266
86249	0.01421212648
86250	0.001995055825
86251	0.009773553026
86252	0.000910917923
86253	0.001197745068
86254	0.0001995912003
86255	0.001499292951
86256	0.002098764978
86257	0.004680436757
86258	0.001249269108
86259	0.002045326312
86260	0.0004516314715
86261	0.002291788489
86262	0.01618527373
86263	0.002765702242
86264	4.013485203e-05
86265	0.002804384117
86266	0.00179984995
86267	0.01055270307
86268	0.002339824669
86269	0.0004140697606
86270	0.004818407313
86271	0.001600754404
86272	0.00376363741
86273	0.008993084956
86274	0.0008865930002
86275	0.00185730502
86276	4.653541071e-05
86277	0.0001037718995
86278	0.00256522876
86279	0.002452799498
86280	0.0002228450151
86281	0.009496966747
86282	0.001982945683
86283	0.0003948575371
86284	0.00952476037
86285	0.00486027464
86286	0.00121016688
86287	0.003758615813
86288	0.001628926104
86289	0.001291468097
86290	0.0005006136884
86291	0.0008334428102
86292	0.0008328001885
86293	0.002922629813
86294	0.0007824572515
86295	0.01280089344
86296	0.0003776094994
86297	0.01307772095
86298	0.0007490146317
86299	0.000879937722
86300	0.0005413321156
86301	0.003716860373
86302	0.001279239334
86303	0.007139490349
86304	0.0007217974705
86305	0.002037233479
86306	0.002813644488
86307	0.000906179495
86308	0.0001406148671
86309	0.001186671026
86310	0.0004871744768
86311	1.170237187e-05
86312	0.001248547144
86313	0.004554934722
86314	0.002243850085
86315	0.0007827649388
86316	0.0004150936803
86317	0.002507501616
86318	0.001339962871
86319	0.001020686868
86320	0.003459653967
86321	0.001576186204
86322	0.01346787604
86323	0.0005692008716
86324	0.004902955991
86325	0.001678990304
86326	0.000488675
86327	0.003948096973
86328	0.001385475356
86329	0.007737837291
86330	0.0005061638675
86331	0.01047040931
86332	0.0007994278666
86333	0.001883814298
86334	0.004073832329
86335	0.0002264301014
86336	0.001203982546
86337	0.002755100598
86338	0.009488197711
86339	0.001132373733
86340	0.003801243234
86341	0.002411638665
86342	0.006060837082
86343	0.0004422483942
86344	0.002448309598
86345	0.008135845561
86346	0.002685487534
86347	0.005074509876
86348	0.001586051034
86349	0.0006874584344
86350	0.0001561367659
86351	0.002383818108
86352	0.007901853176
86353	0.004021512896
86354	0.0004659467255
86355	0.00196449963
86356	0.0007454965478
86357	0.00558933554
86358	0.0006346552262
86359	0.0007149260004
86360	0.0102247509
86361	0.003772878524
86362	0.004019943419
86363	0.003117844352
86364	0.007769879586
86365	0.01038667521
86366	0.0005086876622
86367	0.002428764955
86368	2.866090345e-05
86369	0.009256038093
86370	0.00253384803
86371	0.004657542962
86372	0.0007367275852
86373	0.00880867085
86374	0.001473296692
86375	0.0006783412604
86376	0.003680247894
86377	0.002142828369
86378	0.002595896655
86379	0.0003024859958
86380	0.00250401169
86381	0.002069947001
86382	0.0006489896622
86383	0.001187679982
86384	0.005316831028
86385	0.0003916680465
86386	0.006552388609
86387	0.002555195815
86388	0.0008217592713
86389	0.003327748209
86390	0.001815172544
86391	0.002385294847
86392	0.001686052045
86393	0.00315249837
86394	0.001419319006
86395	0.00589971634
86396	0.0001052356441
86397	0.007383602695
86398	0.00329078932
86399	0.00935567745
86400	0.0004345432056
86401	0.001326256827
86402	0.002721359597
86403	9.840158029e-05
86404	0.006631868051
86405	0.0002201721712
86406	0.003734094356
86407	0.0005207227621
86408	0.009945051624
86409	0.001867320693
86410	0.0005060024405
86411	0.001836630072
86412	0.0007764201762
86413	0.003357987775
86414	0.005177445619
86415	0.0009209384065
86416	0.002580231922
86417	0.007877221441
86418	0.007053821692
86419	0.001645214392
86420	7.409449684e-06
86421	0.0014892426
86422	0.002478580816
86423	3.387488154e-05
86424	0.002654969494
86425	0.008100171262
86426	0.003233639264
86427	0.001329753118
86428	0.0006461234702
86429	0.0001216951192
86430	0.004064916839
86431	0.002779970102
86432	0.004811393921
86433	0.00689057034
86434	0.0002813527633
86435	0.009847753726
86436	0.0007958156891
86437	0.00169332385
86438	0.003910365262
86439	0.01317155069
86440	0.0003834942426
86441	0.006221705564
86442	0.001281408677
86443	0.003577692382
86444	0.005487437157
86445	0.001201556641
86446	0.003252723372
86447	6.643360322e-05
86448	0.0006273092955
86449	0.00163270926
86450	0.006007813802
86451	0.008598104108
86452	0.0005891195285
86453	0.0024025355
86454	0.0002446455955
86455	0.0001773362281
86456	0.006450070038
86457	0.004973818709
86458	0.0003041376465
86459	0.0034827473
86460	0.00172382929
86461	0.0006986084798
86462	0.003909736314
86463	0.0005349819406
86464	0.001179475688
86465	0.002128543796
86466	0.0004334492051
86467	0.01273195506
86468	0.004020913414
86469	0.000939336474
86470	0.0005590752996
86471	0.003659467552
86472	0.0005065051801
86473	0.007248440777
86474	0.001247790213
86475	0.001851379642
86476	0.0008629447409
86477	0.001664444265
86478	0.001164529939
86479	0.005728957454
86480	0.0009728607224
86481	0.0027477333
86482	0.002549259103
86483	0.003301860231
86484	0.002447634991
86485	0.0004260782794
86486	0.0005214408584
86487	0.004450481458
86488	0.0004238779353
86489	0.001612378672
86490	0.007021679952
86491	0.01744081003
86492	0.007314759772
86493	0.003862226239
86494	0.001071546196
86495	0.009370750444
86496	0.0002108526535
86497	0.0006804336675
86498	0.01007323183
86499	0.008537649423
86500	0.002323968573
86501	0.001258602662
86502	0.0001821878411
86503	0.003389126372
86504	0.002866906974
86505	0.001210173283
86506	0.005608905483
86507	0.001488583073
86508	0.003488010327
86509	0.005195421877
86510	0.001907783924
86511	0.0003990701341
86512	0.0002472144231
86513	0.001153359767
86514	0.00397002041
86515	0.0003896132462
86516	0.003071214763
86517	0.004940658012
86518	0.007971601377
86519	0.004152986462
86520	0.0008584391611
86521	0.001324519894
86522	0.002912988238
86523	0.0003638495184
86524	0.001335862888
86525	0.001306679293
86526	0.0009090153768
86527	0.00103816009
86528	5.206679636e-06
86529	0.002329749879
86530	0.001233546216
86531	0.001198538115
86532	0.0003381003556
86533	0.007702768635
86534	0.01015454982
86535	0.002745454207
86536	0.0001106135019
86537	0.006952555871
86538	0.0003950043408
86539	0.001267934398
86540	0.002466242804
86541	0.01458385848
86542	0.004422466522
86543	0.002343193662
86544	0.0002658614858
86545	0.003488788713
86546	0.0005026018269
86547	0.0007426166174
86548	0.002277064525
86549	0.00104247835
86550	0.004212500477
86551	0.006910004678
86552	0.0015048244
86553	0.000636047216
86554	0.008860093502
86555	0.002121621803
86556	4.467718071e-05
86557	0.002381917658
86558	0.003234884515
86559	0.000336577099
86560	0.002316514831
86561	0.003846216456
86562	3.538195241e-05
86563	0.00478343069
86564	0.0005491697942
86565	9.375000035e-05
86566	0.0004213981612
86567	0.002366069501
86568	0.002314601459
86569	0.001984790649
86570	0.001209460744
86571	0.0005407404839
86572	0.0006729862059
86573	0.008453468992
86574	0.00150075994
86575	0.008104423531
86576	6.506284465e-05
86577	0.0003426990048
86578	0.0004709291715
86579	0.001599815668
86580	0.0002406140935
86581	0.001156105734
86582	0.0002449604301
86583	0.00404466022
86584	0.006927219947
86585	0.001382717234
86586	0.00507134172
86587	0.00387793517
86588	0.004953311711
86589	0.0002318882459
86590	0.0007683848888
86591	0.005774436918
86592	0.001756244682
86593	0.001777377825
86594	0.002066360546
86595	0.0047626751
86596	0.005112562796
86597	0.004095673994
86598	0.001094320235
86599	0.0004298689999
86600	0.004423440125
86601	0.01714015901
86602	0.0005489997855
86603	0.001128084958
86604	0.01046476438
86605	0.0008711857792
86606	0.004283779446
86607	0.001989551039
86608	0.00168469312
86609	0.001398862736
86610	0.003250191853
86611	0.0003645994749
86612	0.0002697359484
86613	0.001380520231
86614	0.00288962393
86615	0.005791018077
86616	0.0004212913153
86617	6.739880864e-05
86618	0.003917975275
86619	0.00625292996
86620	0.003208453202
86621	9.293851724e-05
86622	0.007688882111
86623	0.005435065144
86624	0.002150889321
86625	0.0009420691423
86626	0.002687005238
86627	0.000142088357
86628	0.002622324546
86629	0.001478287671
86630	0.003704471886
86631	0.002802908764
86632	0.003455082512
86633	0.0005392582836
86634	0.002495213106
86635	0.001998530972
86636	0.002964806576
86637	0.0006819625879
86638	0.005355074238
86639	0.0006040204205
86640	0.01025077912
86641	0.003474733839
86642	0.002520935303
86643	0.0002391162873
86644	0.001341056506
86645	0.0006699728112
86646	0.0002375731118
86647	0.000201587798
86648	0.0005311036651
86649	0.0009200602511
86650	0.004593362258
86651	8.018271222e-06
86652	0.004042688787
86653	0.001621918648
86654	0.000880142584
86655	0.0006094246815
86656	0.0004428071351
86657	0.0007854721559
86658	0.004391497055
86659	0.001667662186
86660	0.0008789827406
86661	0.003484215365
86662	0.0003940820656
86663	0.001638656679
86664	0.007172101859
86665	0.0006637815957
86666	0.003641910922
86667	0.005612709172
86668	0.005312046102
86669	0.0008710694828
86670	0.0155253691
86671	0.0003388296368
86672	0.009234830146
86673	0.003156041918
86674	0.007240352972
86675	0.006856748371
86676	6.073663977e-05
86677	0.0002169654513
86678	0.01269982138
86679	0.002629703785
86680	0.01218451389
86681	0.003165635262
86682	0.002900940972
86683	0.0005221658887
86684	0.003304807706
86685	0.0009487511706
86686	0.003157081931
86687	0.0001912887786
86688	0.000771668453
86689	0.008773059397
86690	0.006242501776
86691	0.004199571071
86692	0.0007189411119
86693	0.0002519232412
86694	0.003233395252
86695	0.005345341549
86696	0.002722424699
86697	0.001439217196
86698	0.0001807653534
86699	0.00332639315
86700	0.006817130367
86701	0.008030340378
86702	0.001816894071
86703	0.0003833044633
86704	0.0007663093633
86705	0.0003632257162
86706	0.0001561117659
86707	0.00262051826
86708	0.006532181477
86709	0.000573316616
86710	0.000761437026
86711	0.004219666073
86712	0.001435586099
86713	0.004212237106
86714	0.000725632031
86715	0.001729607662
86716	0.0005505744777
86717	0.0006557238428
86718	0.006861614557
86719	1.230398662e-05
86720	0.0002590419395
86721	0.004959310116
86722	0.005335339198
86723	0.002644471766
86724	0.003774606126
86725	0.004536956471
86726	6.036620273e-06
86727	3.29059018e-05
86728	0.001373953805
86729	0.001179008553
86730	0.001117293737
86731	0.0002851128723
86732	2.707171247e-05
86733	0.0002361137014
86734	0.007389000984
86735	0.001629899257
86736	0.0008617407826
86737	0.001467235845
86738	0.001271208243
86739	0.0001169532097
86740	0.002460305542
86741	0.001242685234
86742	2.31087731e-05
86743	0.00246585079
86744	0.000184230118
86745	0.0001387442412
86746	0.00591896541
86747	0.006132292466
86748	0.007773887684
86749	0.001256396565
86750	0.0004735250352
86751	0.000900952292
86752	0.006123673395
86753	0.001077424188
86754	0.001726751521
86755	0.001866654611
86756	0.001866497134
86757	0.001518741735
86758	0.0013970995
86759	0.001820750697
86760	0.005509637213
86761	0.02364027868
86762	0.000600320249
86763	0.0001204376589
86764	0.0005466793583
86765	0.003347172006
86766	0.000931229456
86767	0.0004670012935
86768	0.0005069748284
86769	0.0001339963491
86770	0.007312165034
86771	0.00324122236
86772	0.0008445866516
86773	0.01589866391
86774	0.003355387743
86775	0.001432468017
86776	0.001147285403
86777	0.001992398229
86778	0.0001285353596
86779	0.003264691222
86780	0.01521536194
86781	0.006893996458
86782	0.0009299696941
86783	0.004541520735
86784	0.0001166915995
86785	0.0004316516316
86786	0.0009340552559
86787	0.003051939587
86788	0.001116083887
86789	0.0006175229746
86790	0.004372276912
86791	0.001433584284
86792	0.001503126036
86793	0.0009919354452
86794	0.003399611591
86795	0.004435543346
86796	0.01066433771
86797	0.0003334718377
86798	0.004911839201
86799	0.003748059132
86800	0.002702090649
86801	0.0003465184214
86802	0.002368085063
86803	0.00555878424
86804	0.001930854128
86805	4.78966732e-05
86806	0.0001596472854
86807	0.0003371094245
86808	0.003492968712
86809	0.001881510087
86810	0.007197580034
86811	0.004890555476
86812	0.004019625073
86813	0.001438880735
86814	0.004363293632
86815	0.008988616515
86816	0.000619581669
86817	0.01011643481
86818	0.003861596086
86819	0.004533335355
86820	0.003030794147
86821	0.002537526644
86822	0.0009585307405
86823	0.0003174114715
86824	0.003101356634
86825	0.0006893826776
86826	0.01079875531
86827	0.001274830568
86828	0.0007095485374
86829	0.001863214181
86830	0.003992254229
86831	0.0009223185521
86832	0.001048027051
86833	0.004484644894
86834	0.001014917336
86835	0.005507913349
86836	0.00185444039
86837	0.01139870003
86838	0.008701137056
86839	0.0003999298253
86840	0.001530334274
86841	0.001855346691
86842	7.890422772e-06
86843	0.003226188
86844	0.002416888225
86845	0.002230625915
86846	0.0002619852567
86847	0.004958147192
86848	0.002237999109
86849	0.0005661042205
86850	0.003078110428
86851	0.0004302961665
86852	0.01312708954
86853	0.0003844530407
86854	0.003453655125
86855	0.0007058891429
86856	0.001423863012
86857	0.001072793881
86858	0.000429055149
86859	0.004047012324
86860	0.0002683556124
86861	0.004180871291
86862	0.005781646555
86863	0.0006645650053
86864	0.01504749894
86865	0.002690785903
86866	0.001104469364
86867	0.00621980056
86868	0.006712491427
86869	0.006442883565
86870	0.0003083437759
86871	0.0006948817533
86872	0.00967378621
86873	0.001333099402
86874	0.01072406117
86875	2.89043192e-05
86876	0.002955127755
86877	0.0001252700053
86878	0.003884887082
86879	0.0007578087807
86880	0.0002739901754
86881	0.001383808133
86882	0.002007841853
86883	0.001719161549
86884	0.00646218437
86885	0.01150960794
86886	0.001606380241
86887	0.001291666326
86888	0.0006145790762
86889	0.001241957143
86890	0.003399996634
86891	0.0007818188999
86892	0.0003081885958
86893	0.0001993030505
86894	0.002989350113
86895	0.004484807369
86896	0.0003033684809
86897	0.00175147572
86898	0.00202065885
86899	0.000371145103
86900	0.0002297620606
86901	0.004023418308
86902	0.0009395616135
86903	0.0002439651459
86904	0.003594434815
86905	0.0005720490806
86906	0.001147207682
86907	0.005308225754
86908	0.00146071472
86909	0.006332298621
86910	0.0003038721439
86911	0.0002202621465
86912	0.003324344319
86913	0.001137116224
86914	0.0007738203593
86915	0.0009329472242
86916	0.006445603639
86917	0.0005364131591
86918	0.0002940841358
86919	0.001334948937
86920	0.003914423225
86921	0.000812538931
86922	0.002048098868
86923	3.845361923e-06
86924	0.0003622968274
86925	0.00555509162
86926	0.0001462174116
86927	0.0002607786067
86928	0.0008465003824
86929	0.0004727586275
86930	0.0005170173117
86931	0.003579270285
86932	0.004332615692
86933	0.002062853868
86934	0.000427059053
86935	0.0006383254585
86936	0.0005695672285
86937	0.0007568151773
86938	0.0006222322895
86939	0.002709542974
86940	0.005130258291
86941	0.003525655934
86942	0.0002841924237
86943	0.002973186306
86944	0.008349085656
86945	0.01063709132
86946	0.003468181444
86947	2.768283649e-05
86948	0.01538691232
86949	0.0003636268339
86950	0.01655212472
86951	0.005005278356
86952	0.00238255069
86953	0.003934743765
86954	0.0007163906196
86955	0.0005523271404
86956	0.009471599599
86957	0.005530666812
86958	0.0004701791008
86959	0.0009362003492
86960	0.0008135922135
86961	0.001160812911
86962	0.0001604120995
86963	0.01188035713
86964	0.01441791529
86965	0.005322309438
86966	0.001039803682
86967	0.005106474329
86968	0.002800005383
86969	0.003569333118
86970	0.0008412809568
86971	0.0008344598914
86972	0.00473279488
86973	0.00367214567
86974	5.768239768e-05
86975	0.003785218284
86976	0.01188513516
86977	0.00169822169
86978	0.004876823697
86979	0.0004340255449
86980	0.0006115781212
86981	0.000655695528
86982	0.005852771412
86983	0.007336270571
86984	0.001501981436
86985	0.002283829313
86986	0.0006020060445
86987	0.003185142704
86988	0.004066788475
86989	0.000595106827
86990	0.003951698749
86991	0.000918891215
86992	0.006310208002
86993	0.00287463257
86994	0.000845109857
86995	0.002242203129
86996	6.975789688e-05
86997	0.002475640001
86998	0.001233207324
86999	0.002084530192
87000	0.002102032565
87001	0.01581184943
87002	0.002427713717
87003	0.00586521448
87004	0.002168704187
87005	0.0005997570722
87006	0.01176800421
87007	0.01178703545
87008	0.0008534500553
87009	0.0007321555756
87010	0.002582170285
87011	0.01029121674
87012	0.0002196379405
87013	0.003294451742
87014	0.000149254947
87015	0.0004844006494
87016	0.01003983585
87017	0.00518848369
87018	0.005824870905
87019	0.002658008325
87020	0.000107541775
87021	0.002113380754
87022	0.005014262225
87023	0.001431984255
87024	0.002949534036
87025	0.001192517464
87026	0.003706889003
87027	0.002495852726
87028	0.002753273582
87029	0.002304798053
87030	0.002245590794
87031	0.003623144483
87032	0.001466817589
87033	0.004149256082
87034	0.00119750838
87035	0.008112526073
87036	0.0003187696022
87037	0.00058564175
87038	0.0001535115899
87039	0.00280788434
87040	0.004978499457
87041	0.007618486231
87042	0.000325984944
87043	0.01517627074
87044	0.001685171195
87045	0.001382313508
87046	0.0004309090837
87047	0.009515502305
87048	0.0007573944464
87049	0.0007852199721
87050	0.002438244425
87051	0.005475640522
87052	0.003420995374
87053	0.0005278491058
87054	0.001785320961
87055	0.0008795265588
87056	0.009326886346
87057	8.01858432e-05
87058	0.004849509017
87059	0.008206662642
87060	0.0003735775622
87061	0.0004928241953
87062	0.002682096791
87063	0.003077717921
87064	0.002160998975
87065	0.001672638304
87066	0.0004487827085
87067	0.0002055412592
87068	0.0002775912293
87069	0.0006291282108
87070	0.003216212748
87071	0.001197378812
87072	0.0009998639735
87073	0.001381288663
87074	0.01359765313
87075	0.01575561631
87076	0.0002648620638
87077	0.001862904242
87078	0.002292625538
87079	0.007457508189
87080	0.0009451317214
87081	0.005433984177
87082	0.0008151034266
87083	0.001643910701
87084	0.002070739418
87085	0.0002127338405
87086	0.01112465706
87087	0.004792754405
87088	1.14889614e-05
87089	2.709614875e-05
87090	0.0007124549123
87091	0.0002348036151
87092	0.001057395473
87093	0.004472004636
87094	0.0006767985988
87095	0.0002190743578
87096	0.003503287403
87097	0.00103270961
87098	0.0002607109735
87099	0.002687886556
87100	0.004021110106
87101	0.001703334589
87102	0.001488172838
87103	0.0001563408992
87104	0.0003793702431
87105	0.0007685611581
87106	9.08524455e-05
87107	0.0006594671875
87108	0.003674374446
87109	0.0073245059
87110	0.001146112718
87111	0.0015365989
87112	0.006385486733
87113	0.01643205182
87114	0.0004993344656
87115	0.004837750766
87116	0.003756246379
87117	0.0004811372262
87118	0.0005550148681
87119	0.002224158429
87120	1.604718252e-05
87121	0.001991442218
87122	0.005200188629
87123	0.0001162908011
87124	0.0001814145737
87125	0.001631089645
87126	0.01450998965
87127	0.00533261921
87128	0.002908600958
87129	0.001834006633
87130	0.004230644814
87131	0.0003660149104
87132	0.00434350501
87133	0.006613879849
87134	0.002800903516
87135	0.0009168761194
87136	0.008976545948
87137	0.001827455413
87138	0.0003684641973
87139	0.003398810385
87140	0.001004970005
87141	0.000861316371
87142	0.0001022527407
87143	0.01079093957
87144	0.001785772703
87145	0.003334683722
87146	0.003221311496
87147	0.0003581594755
87148	0.001185225969
87149	0.001029174941
87150	0.001489393991
87151	0.0004846138255
87152	0.002346363093
87153	0.005913778785
87154	0.0008890496416
87155	0.0002103815081
87156	0.006136731736
87157	0.009041308242
87158	0.0001846406015
87159	0.0002641997512
87160	0.002038664265
87161	0.006561039326
87162	0.0002459540371
87163	0.002610254969
87164	6.397286831e-05
87165	4.736628882e-05
87166	0.008336334318
87167	0.003696883656
87168	3.631656824e-05
87169	8.592166875e-05
87170	0.0001772007235
87171	0.000312320285
87172	0.0009686483414
87173	0.005001242527
87174	0.0005044709091
87175	0.0004514150578
87176	0.000223855342
87177	0.00792728597
87178	0.001825211776
87179	0.003338913858
87180	0.0018847918
87181	0.00530655102
87182	0.01460978801
87183	0.0008584010288
87184	0.005689180157
87185	0.0001649501446
87186	0.003216567216
87187	0.003819240434
87188	0.001644277591
87189	0.005296721626
87190	0.001534454307
87191	0.01847145671
87192	0.001953808693
87193	0.0008768147363
87194	0.01008673743
87195	0.002756155806
87196	0.001787082239
87197	0.002080034323
87198	0.0005373778155
87199	0.0007934280066
87200	0.006126982636
87201	0.003244359276
87202	0.0008155851849
87203	5.418206875e-05
87204	0.0002871521503
87205	0.001796899997
87206	0.001854255243
87207	0.002712511011
87208	0.000766532246
87209	0.0006943963602
87210	0.009596637293
87211	0.000293283983
87212	0.005708041601
87213	0.005184240042
87214	0.0008094187875
87215	0.001415063648
87216	0.01090179793
87217	2.679576051e-05
87218	0.002564167988
87219	0.002907096468
87220	0.0001752356046
87221	0.008649226736
87222	0.003706017214
87223	0.007946128759
87224	0.009371389451
87225	0.0003103865162
87226	0.007589688352
87227	0.0001085443595
87228	0.005979102042
87229	0.003265837455
87230	0.00484407638
87231	0.0021017641
87232	0.0005744575558
87233	0.0004572196813
87234	0.007870611091
87235	0.000847327571
87236	0.001712725352
87237	0.01166076107
87238	0.006622011255
87239	0.0006398102401
87240	0.001554183571
87241	0.002787574687
87242	0.0001292615201
87243	0.0004921991625
87244	0.001857115368
87245	0.001852496179
87246	0.0006314820667
87247	0.001676891643
87248	0.001354841114
87249	0.001117450686
87250	0.00105169469
87251	0.0002094220947
87252	0.01380244409
87253	0.0009993198278
87254	0.0005012195638
87255	0.002330338071
87256	0.00103620807
87257	0.000399193456
87258	0.001445795977
87259	0.002003684055
87260	0.0004510064964
87261	0.001903460546
87262	0.0004011622806
87263	0.00373687724
87264	0.003459609377
87265	0.0009886506125
87266	0.001120108213
87267	0.00103287095
87268	0.01171025425
87269	0.0003897908114
87270	0.0006172368278
87271	0.0005520832505
87272	0.005067441474
87273	0.001575622712
87274	0.005084852345
87275	0.0001364697527
87276	0.003386470007
87277	0.005778326479
87278	0.0005803195843
87279	0.001587011639
87280	0.006931174737
87281	0.003333008151
87282	0.005651742793
87283	0.008949480363
87284	0.003740375773
87285	0.00190997028
87286	0.003328706565
87287	0.004080710425
87288	0.01617000284
87289	0.001425583937
87290	0.003758159146
87291	0.001387488176
87292	0.001749716544
87293	0.002976397623
87294	0.00311905076
87295	0.0003639311489
87296	0.003166772744
87297	0.008255140994
87298	0.00208888633
87299	0.00242327411
87300	0.005568921388
87301	0.002373465144
87302	0.01233369161
87303	0.0005272273358
87304	0.0006871088847
87305	0.005449334189
87306	0.002267123852
87307	0.003304375138
87308	0.003829660613
87309	0.001819950924
87310	0.0003700360334
87311	0.0008345654162
87312	0.0002349539901
87313	0.003193903401
87314	0.00157578938
87315	0.00582822533
87316	0.001362036446
87317	0.01087472595
87318	1.655997224e-06
87319	0.006172984867
87320	0.001226472995
87321	0.0008296114148
87322	0.0006037141388
87323	0.001453900955
87324	0.0002124386622
87325	0.009571581378
87326	0.0009602670573
87327	0.0004286581259
87328	0.001918692941
87329	0.008939806745
87330	0.0003043768415
87331	0.0009104503459
87332	0.001170217532
87333	0.0009835146705
87334	0.002422438901
87335	0.0005321757942
87336	0.001424531033
87337	0.01294690423
87338	0.00360237864
87339	0.00347010513
87340	0.0002636172392
87341	0.001931565263
87342	0.000599399203
87343	4.659322736e-05
87344	0.001321925205
87345	0.0009660390217
87346	0.001487324449
87347	0.0003265257105
87348	0.003177104901
87349	0.004506160776
87350	0.01106262208
87351	0.002359814855
87352	0.004393905053
87353	0.001291219613
87354	0.001586858349
87355	0.002043901611
87356	0.0003084132738
87357	0.0001403867045
87358	0.006397310922
87359	0.00417272778
87360	0.003789994309
87361	0.002396222326
87362	0.0003588730475
87363	0.0004308823481
87364	0.0004219029262
87365	0.0009911365515
87366	0.003045335666
87367	0.001133325545
87368	0.008477537397
87369	0.001917546533
87370	0.002212459063
87371	0.003274533072
87372	0.003512347773
87373	0.000342664307
87374	0.01101601127
87375	0.005357533412
87376	0.0086655962
87377	6.165818706e-06
87378	0.003017179203
87379	0.002775935364
87380	0.0005080477235
87381	0.001673356461
87382	0.005706908326
87383	0.002327074771
87384	0.001466710947
87385	0.0009498305605
87386	0.005433951757
87387	0.009892580308
87388	0.003941400699
87389	0.002397396271
87390	0.004762450143
87391	9.230337605e-05
87392	0.004122420251
87393	0.003533225181
87394	0.004124381345
87395	0.005555410621
87396	0.004402721502
87397	0.003035774344
87398	0.0004867829753
87399	0.001296246227
87400	0.01279901484
87401	0.003136652084
87402	0.001551011003
87403	5.504715949e-05
87404	0.0008664523344
87405	6.410210043e-05
87406	0.002273757428
87407	0.001165823902
87408	0.005069374572
87409	0.002898887649
87410	0.0008492118187
87411	0.0004424505297
87412	0.007520687648
87413	0.009096835964
87414	0.0003087688741
87415	0.0005982168156
87416	0.0004091899156
87417	0.00112334189
87418	0.0001609148166
87419	0.003600899925
87420	0.002333120661
87421	0.0006549082689
87422	0.004032319288
87423	0.001881463159
87424	0.0109194696
87425	0.0006378145089
87426	0.0002269014263
87427	0.002147544784
87428	0.0009976448698
87429	0.003090415908
87430	0.003896982989
87431	0.006742935182
87432	0.006691427727
87433	0.001465803358
87434	0.0007734186415
87435	8.837216666e-05
87436	0.002687313276
87437	0.01141821173
87438	0.0001406667139
87439	0.00198236109
87440	0.00633876256
87441	0.009250399328
87442	0.001891255326
87443	0.00273637096
87444	0.003430060487
87445	0.007343897311
87446	0.0004683983458
87447	0.0009924915722
87448	0.0003945750888
87449	0.0004893603067
87450	0.0006193167064
87451	0.0004114714542
87452	0.0005092075986
87453	0.0007040905263
87454	0.003889426639
87455	0.0008014363126
87456	0.002908154616
87457	0.001642148032
87458	0.001193549497
87459	0.0002756399881
87460	0.009141130527
87461	0.003558660879
87462	0.001636412942
87463	0.004353986598
87464	0.001713584952
87465	0.001492716148
87466	0.0006877596932
87467	0.00207239125
87468	0.002034164664
87469	0.003654202541
87470	8.185269925e-05
87471	0.002403128229
87472	0.0007133093716
87473	0.0008642462398
87474	0.01127936831
87475	0.004868836158
87476	0.003310648957
87477	0.002210844514
87478	0.003076260829
87479	0.0009796191863
87480	0.005369296791
87481	0.0023665482
87482	0.003332974432
87483	0.0003961001399
87484	0.001641060665
87485	8.277926493e-05
87486	0.005285392115
87487	3.920439748e-05
87488	0.0007466978544
87489	0.002423383799
87490	0.001317753492
87491	0.0009605198726
87492	0.0002339426451
87493	0.0005906443937
87494	0.00468522879
87495	0.00445733281
87496	0.003226961903
87497	0.000223786548
87498	0.00590035684
87499	0.0006628144779
87500	0.0008808370337
87501	4.581091312e-05
87502	0.001687070796
87503	0.0005901639542
87504	0.00303548019
87505	0.005361788677
87506	2.971004861e-05
87507	0.002706064569
87508	0.004843265833
87509	0.002603771147
87510	0.001147257611
87511	0.005776559412
87512	0.002190246627
87513	0.001577621507
87514	3.179814322e-05
87515	0.003624750948
87516	0.002037866892
87517	0.002927158744
87518	0.006194146522
87519	0.005836243837
87520	0.0009722384879
87521	0.003055811308
87522	0.001172037646
87523	0.006050046278
87524	0.006648059301
87525	0.01289996733
87526	0.003412214969
87527	5.520972105e-05
87528	0.002164407253
87529	0.004221641723
87530	0.005428261362
87531	0.00113525135
87532	0.003665722686
87533	0.002947114768
87534	0.0001058067758
87535	0.0004002233533
87536	0.000965657864
87537	0.01399387306
87538	0.001181234582
87539	0.0002032026345
87540	0.0005039282983
87541	0.01040905501
87542	0.01312591083
87543	0.0003869230056
87544	0.004133356496
87545	0.007698137294
87546	4.275648838e-05
87547	0.005266727224
87548	0.01467174295
87549	0.001287702253
87550	0.005700127545
87551	0.00338595058
87552	0.0001696687503
87553	0.0041749949
87554	0.0001235835771
87555	0.0007872710794
87556	0.003021753727
87557	0.004078192261
87558	0.001216023463
87559	0.0006178078314
87560	0.001100945123
87561	0.003116671576
87562	0.01106420777
87563	0.005048209764
87564	0.0004632422492
87565	0.001478966939
87566	0.002621331876
87567	0.003301833678
87568	0.0004740147682
87569	0.01280347934
87570	0.002775801067
87571	0.004273759558
87572	0.0006582015232
87573	0.002165149894
87574	0.01194135603
87575	0.007681591425
87576	0.006656789123
87577	7.170551117e-05
87578	0.004085306683
87579	3.832716221e-05
87580	0.002567900337
87581	0.00076605033
87582	0.0007390770686
87583	0.0007760827108
87584	0.001795409337
87585	0.002565728269
87586	0.003383189189
87587	0.002980427933
87588	0.008448812303
87589	0.0004444379274
87590	0.0003673119561
87591	0.0003736608363
87592	0.003298065084
87593	4.696595641e-05
87594	0.002838461354
87595	0.0008567785956
87596	0.008916133871
87597	0.002728868055
87598	0.0002666093633
87599	0.00138166469
87600	2.159856962e-05
87601	0.001456943792
87602	0.003108653663
87603	0.006739981073
87604	0.0002233774839
87605	0.005557565014
87606	0.0004652025422
87607	0.0005538633333
87608	0.005365411269
87609	0.002294006663
87610	0.004120658281
87611	0.006563214821
87612	0.0008571752171
87613	0.002906232267
87614	5.911330738e-05
87615	0.0008187571831
87616	0.001446884864
87617	0.0005662900514
87618	0.0004770042555
87619	1.988702434e-05
87620	0.0004815496458
87621	0.002437205383
87622	0.01035524878
87623	0.0001003047495
87624	0.007889324712
87625	0.01348236544
87626	0.004361800288
87627	0.001541700945
87628	0.0006035999803
87629	0.002488785145
87630	0.0003834616908
87631	0.004204774255
87632	0.0002304996519
87633	0.001440673876
87634	0.007367322793
87635	0.0004219100045
87636	0.001644128685
87637	0.0002216814711
87638	0.0003154720827
87639	0.0008585530118
87640	0.003226410346
87641	0.001222894633
87642	0.001335718513
87643	0.005003435701
87644	0.00366291722
87645	0.01152589118
87646	0.0006341541501
87647	0.001365942613
87648	0.003947451441
87649	0.003543709596
87650	0.009170880305
87651	0.0001072279456
87652	0.001013512227
87653	0.003839325802
87654	0.0004571009104
87655	0.00162637322
87656	0.001343703987
87657	0.006699101555
87658	0.002957037834
87659	0.002455287662
87660	8.963044419e-05
87661	0.001090919524
87662	0.005749465299
87663	0.00311682407
87664	0.0003188479045
87665	0.001851357235
87666	0.00974635822
87667	0.001341022678
87668	0.008029372337
87669	1.723414699e-05
87670	0.001034071554
87671	0.0003614758175
87672	0.001344522244
87673	0.0008828103722
87674	0.002845383346
87675	0.0009883960431
87676	0.0004286368252
87677	0.0009128069287
87678	0.001541922399
87679	0.002959559722
87680	0.008375129282
87681	0.002491634948
87682	0.002348696713
87683	0.001998846941
87684	0.00896232065
87685	0.0008004702712
87686	0.001111681914
87687	0.0004048236303
87688	0.00657879736
87689	0.0001761102828
87690	0.001557884519
87691	0.0006410312578
87692	0.005526810515
87693	0.001239489668
87694	0.004519067632
87695	0.003844954517
87696	0.0003288789172
87697	0.008162615705
87698	0.007864177823
87699	0.0005122544064
87700	0.0006223780917
87701	0.0001765008266
87702	0.0005949726365
87703	0.002678857434
87704	0.0006385152445
87705	0.003688193354
87706	0.008928897718
87707	0.0008663320463
87708	0.001040181759
87709	0.0005617467988
87710	0.001309811651
87711	2.714709532e-05
87712	0.004166631869
87713	0.002046362316
87714	0.009448736024
87715	0.004856302876
87716	0.004129862688
87717	0.005545210774
87718	0.0005930419375
87719	0.00212405647
87720	0.0001392313267
87721	0.00039587607
87722	0.0001678621113
87723	0.0009740996997
87724	0.001071009273
87725	0.0008982182949
87726	0.001180798519
87727	0.001838512236
87728	0.01211581313
87729	0.0008838759976
87730	0.01379338758
87731	0.002328465538
87732	0.00242568206
87733	0.0005851348035
87734	0.0002388352853
87735	0.0004949462515
87736	0.01208301169
87737	0.01866248326
87738	0.001818910685
87739	1.63777663e-05
87740	0.005604383689
87741	0.002774018313
87742	0.0002563793292
87743	0.001965442703
87744	0.006844884546
87745	0.00784436893
87746	0.005286714909
87747	0.009232425221
87748	0.001970166557
87749	0.004536767769
87750	0.007215320139
87751	0.001399478279
87752	0.001211399035
87753	0.002784870612
87754	0.0002627458473
87755	0.003819416927
87756	0.001698144431
87757	0.010770426
87758	0.003064756421
87759	0.004805983774
87760	0.001998347677
87761	0.00338948206
87762	0.006395241391
87763	0.0005289931734
87764	0.005315615954
87765	0.0002237344236
87766	0.004839898625
87767	0.0002137937894
87768	0.0007023847614
87769	0.002114196205
87770	0.00256862945
87771	0.004400440127
87772	0.006206912636
87773	0.003627671273
87774	0.002018101669
87775	0.0008646363344
87776	0.001010665123
87777	0.002575130229
87778	0.0007521194911
87779	0.000125534832
87780	0.0001282475021
87781	0.00150128479
87782	0.006873844452
87783	0.001650044565
87784	2.64472585e-05
87785	0.005540659438
87786	0.0004402416905
87787	0.0015119767
87788	0.001122915977
87789	0.004688501232
87790	0.00337888237
87791	0.003784057674
87792	0.0008693286804
87793	0.00155670609
87794	0.000627084462
87795	0.00257220413
87796	0.0007655517418
87797	0.002442076889
87798	0.01338559312
87799	0.0007058974273
87800	0.00159401074
87801	0.0003075479698
87802	0.0035351695
87803	0.01340636281
87804	0.001381171432
87805	0.002489470056
87806	0.0006578974617
87807	0.003242033287
87808	9.13368719e-05
87809	0.000514640958
87810	0.005099374772
87811	0.000721892913
87812	0.0004010885878
87813	0.005777359981
87814	0.001121560147
87815	0.003550292494
87816	0.00445243339
87817	0.005105619875
87818	0.001387552554
87819	0.0150819694
87820	0.0008256860232
87821	0.006223558527
87822	0.001413673606
87823	0.001642806361
87824	0.01752614157
87825	0.00428518436
87826	0.008398797179
87827	0.003522044804
87828	0.0008871785234
87829	0.0001568272824
87830	0.0006612325795
87831	0.002378091946
87832	0.007964006629
87833	0.0006081222992
87834	0.00324057661
87835	0.002382682076
87836	0.004389334632
87837	0.0050221024
87838	0.0004319235038
87839	0.005015592281
87840	0.000561271246
87841	0.009052521869
87842	0.0009278367095
87843	0.003951935092
87844	0.002010590688
87845	0.0005633784907
87846	0.003283543971
87847	0.009629046757
87848	0.01040983448
87849	6.270865347e-05
87850	0.0004399563618
87851	0.002243089795
87852	0.008170265999
87853	0.001372425341
87854	0.0002518298957
87855	0.0003964204965
87856	0.002383426131
87857	0.000493340481
87858	0.001304937755
87859	0.007222059448
87860	0.003500870369
87861	0.003269213926
87862	0.0008399293369
87863	0.001511965374
87864	0.005732756833
87865	0.002275591891
87866	0.003839365305
87867	0.002028197684
87868	0.002035559367
87869	0.003728554711
87870	0.0009444386575
87871	0.002151850717
87872	0.002323526803
87873	0.005174402163
87874	0.004681728038
87875	7.677124675e-05
87876	0.009113713541
87877	0.0009618590267
87878	0.002996726736
87879	0.0004025370218
87880	0.001798956703
87881	0.0004673273213
87882	0.003444779585
87883	0.003007410981
87884	0.001593429347
87885	0.005951707176
87886	0.009770646544
87887	0.0003609550364
87888	0.0003172635506
87889	0.00103864055
87890	0.0004968315112
87891	0.001979553619
87892	0.008524113981
87893	0.001389233254
87894	0.01078078241
87895	0.001445064688
87896	0.0008842022901
87897	0.002037045608
87898	0.001838666412
87899	0.001006870504
87900	7.146232518e-05
87901	0.00314806058
87902	3.403162218e-05
87903	0.005771302358
87904	0.00242078955
87905	0.003749722568
87906	0.003969494796
87907	0.0137673003
87908	0.005744879807
87909	0.001118235037
87910	0.005643290502
87911	0.009579206124
87912	0.004248807977
87913	0.01698526513
87914	0.0008724243852
87915	0.001730766624
87916	0.0008714354348
87917	0.003129807148
87918	0.002559970163
87919	0.001660216184
87920	0.001281230796
87921	0.004165713788
87922	0.01016374154
87923	0.001781305786
87924	0.001736189073
87925	5.676879931e-05
87926	0.001893942584
87927	0.006277257419
87928	0.01191549847
87929	0.004363237391
87930	0.008426133474
87931	0.0006261897327
87932	0.001651721298
87933	0.00256442757
87934	0.004854306137
87935	0.006429108085
87936	0.0001917088376
87937	0.001085184404
87938	0.001633458186
87939	0.001951539966
87940	0.002966753338
87941	0.002154394957
87942	0.001486210329
87943	0.003097498599
87944	0.005583550104
87945	0.001893919101
87946	0.004633755565
87947	0.00336122439
87948	0.00756984142
87949	0.0004120925085
87950	0.0008866673096
87951	0.007039313619
87952	0.0003712770151
87953	0.002740315479
87954	5.358310432e-05
87955	0.006301307684
87956	0.002762516076
87957	0.003015313477
87958	0.0001426177046
87959	0.009628602417
87960	0.01016173921
87961	0.001890383836
87962	0.0001796813012
87963	0.01213240754
87964	0.0007904254368
87965	0.008055507903
87966	0.006758378745
87967	0.00146945986
87968	0.000294672485
87969	0.0004971141996
87970	0.004497774448
87971	0.005768180937
87972	0.004129949148
87973	0.001913002396
87974	0.003313649541
87975	0.006903688002
87976	0.004056429225
87977	8.840651393e-05
87978	0.004842447164
87979	0.002788519146
87980	0.0008638159678
87981	0.0006794308682
87982	0.0006770579276
87983	0.005858636757
87984	0.002419528367
87985	0.007141481046
87986	0.009915574186
87987	0.001364142495
87988	0.0004596927972
87989	2.556522619e-05
87990	0.003074394339
87991	0.0055582405
87992	0.005342181493
87993	0.002395182842
87994	0.0004001038715
87995	0.003207207408
87996	0.001756655499
87997	0.00508610184
87998	0.002800387614
87999	0.002270205023
88000	0.0005709737928
88001	0.007581225134
88002	0.002554179442
88003	0.01522006932
88004	0.008880395638
88005	0.0007561136019
88006	0.007390775552
88007	0.001123151865
88008	0.00129242766
88009	0.01263723254
88010	0.002148677972
88011	0.008051861482
88012	0.0112797915
88013	0.00759941001
88014	0.0008460180237
88015	0.004217972494
88016	0.00933921358
88017	0.005769059064
88018	0.006651155264
88019	0.003908879564
88020	0.0001843479907
88021	0.0005305022071
88022	0.0006222470732
88023	0.01046618626
88024	0.006301201144
88025	0.008405470473
88026	0.002614342179
88027	0.0007975471193
88028	0.01116357511
88029	0.0001408466569
88030	0.001211467119
88031	0.006812105133
88032	0.005088976289
88033	0.00345100959
88034	0.001428183294
88035	0.0003761693865
88036	0.00340219894
88037	0.0007203080131
88038	0.003237117272
88039	0.01055815336
88040	0.0005605680106
88041	0.002472975468
88042	0.008984855441
88043	0.01334846189
88044	0.0007217766569
88045	0.01058823101
88046	0.00665742545
88047	0.0008449847428
88048	0.00252573145
88049	0.006426961879
88050	0.009151451138
88051	0.008299811587
88052	0.005374139669
88053	0.006472119375
88054	0.00107540563
88055	0.0003932567131
88056	0.0006426720562
88057	0.006219802926
88058	0.006477679801
88059	0.001004599309
88060	0.0007607101545
88061	0.009003309137
88062	0.001305386994
88063	0.003295039994
88064	0.001515281489
88065	0.006724729342
88066	0.001395420027
88067	0.003425918967
88068	0.000569766315
88069	0.004291123667
88070	0.001754703091
88071	0.001846657051
88072	0.01006631329
88073	0.01369073501
88074	0.0009049258015
88075	0.002747297366
88076	0.001656342641
88077	0.012554854
88078	0.001953228345
88079	0.00788083121
88080	0.001642319953
88081	0.0006844265442
88082	0.004012357205
88083	0.0009638908371
88084	0.005354077637
88085	0.01588452484
88086	0.004663320429
88087	0.000131504399
88088	0.002243009268
88089	0.0002390160378
88090	0.007014440504
88091	0.002165298651
88092	0.002927812946
88093	0.00367623625
88094	0.0006005950635
88095	0.0134018029
88096	0.003830669412
88097	0.005529093309
88098	0.0006173903261
88099	0.004257891919
88100	0.01559777498
88101	0.001396113815
88102	0.001566269481
88103	0.0005829531085
88104	0.0006385389123
88105	0.001791442363
88106	0.0003245445121
88107	0.0009031169382
88108	0.000628959245
88109	4.387800807e-05
88110	0.0006395695135
88111	0.0001612290385
88112	0.00566074292
88113	0.006854356094
88114	0.004717061474
88115	0.007057400299
88116	0.00593771535
88117	0.006510684304
88118	0.008576205241
88119	0.005229093145
88120	0.006146587394
88121	0.007883268201
88122	0.006317657759
88123	0.01100064573
88124	0.00534968052
88125	0.001499387878
88126	0.005117255019
88127	0.009308303369
88128	0.006049212786
88129	0.004325976171
88130	0.00728108633
88131	0.008011269055
88132	0.004249551994
88133	0.009153221308
88134	0.008969744769
88135	0.004027766793
88136	0.008248150646
88137	0.004603806467
88138	0.007161526679
88139	0.01174229781
88140	0.006877898508
88141	0.01241006807
88142	0.009597654498
88143	0.008450000241
88144	0.005203747249
88145	0.0004470979036
88146	0.001255689944
88147	0.00299016277
88148	0.009908391897
88149	0.002276528759
88150	0.003574151615
88151	0.00537684293
88152	0.006030052106
88153	0.002795957992
88154	0.005035400862
88155	0.008601109399
88156	0.01459438394
88157	0.005774829977
88158	0.002285499007
88159	0.005634463932
88160	0.005427318485
88161	0.006663165294
88162	0.001220409415
88163	0.005837428093
88164	0.002832640587
88165	0.006155394005
88166	0.0128416874
88167	0.006619860197
88168	0.001620520778
88169	0.006637256426
88170	0.009818682518
88171	0.001976047545
88172	0.007713466355
88173	0.004779042788
88174	0.006150436002
88175	0.008727776246
88176	0.0017846048
88177	0.005937480846
88178	0.009966261227
88179	0.001493147557
88180	0.003510733092
88181	0.005758055982
88182	0.008203348293
88183	0.008563189581
88184	0.009855682952
88185	0.004849474305
88186	0.007750886011
88187	0.006898404085
88188	0.008097101553
88189	0.006390886425
88190	0.006568184989
88191	0.007627483183
88192	0.01394118051
88193	0.006537151112
88194	0.0004905343943
88195	0.00592019138
88196	0.01169881789
88197	0.006145024692
88198	0.002019621533
88199	0.006073417891
88200	0.005971053134
88201	0.002495064955
88202	0.004315011143
88203	0.005461172849
88204	0.001967583432
88205	0.001716085178
88206	0.005171811468
88207	0.006984836391
88208	0.005949157582
88209	0.006704982585
88210	0.005707738979
88211	0.002561090645
88212	0.004180618475
88213	0.00542473524
88214	0.006958770417
88215	0.0003624353449
88216	0.004033328442
88217	0.003896461349
88218	0.006456555507
88219	0.004846417699
88220	0.001042611936
88221	0.01032815548
88222	0.006412825603
88223	0.004330091152
88224	0.003635514894
88225	0.007169905737
88226	0.006536097426
88227	0.00607739899
88228	0.0004493649734
88229	0.00807313101
88230	0.01143154247
88231	0.002875245121
88232	0.006809722635
88233	0.001141757517
88234	0.009079017491
88235	0.005510437676
88236	0.004701837438
88237	0.002167311638
88238	0.01348412099
88239	0.003668504831
88240	0.005942268937
88241	0.004962601625
88242	0.006388899514
88243	0.005231729199
88244	0.00709677485
88245	0.006653447719
88246	0.0008957098588
88247	0.007574803558
88248	0.005732787908
88249	0.009208311865
88250	0.007083161051
88251	0.004843750709
88252	0.003169423871
88253	0.008960927629
88254	0.005982714718
88255	0.003075977561
88256	0.003954238293
88257	0.007929954462
88258	0.00187895702
88259	0.01165025439
88260	0.009635441594
88261	0.006511473875
88262	0.002253301248
88263	0.003508124946
88264	0.006692724715
88265	0.006616898921
88266	0.008813200593
88267	0.005245461071
88268	0.008038820694
88269	0.003279493561
88270	0.004065607134
88271	0.006621208623
88272	0.007950165376
88273	0.003299500922
88274	0.007327607368
88275	0.006661422453
88276	0.006279878586
88277	0.003609116325
88278	0.006152264555
88279	0.005894299325
88280	0.006182785847
88281	0.009805517933
88282	0.006031109157
88283	0.002602315673
88284	0.00782674424
88285	0.00636836809
88286	0.000619521074
88287	0.009186030006
88288	0.007035654469
88289	0.003182520362
88290	0.01153577977
88291	0.006055031195
88292	0.004694588165
88293	0.01150086335
88294	0.005990871606
88295	0.001810886901
88296	0.001837927919
88297	0.009004142277
88298	0.003224523367
88299	0.008323695254
88300	0.003633723172
88301	0.003739633736
88302	0.004926735428
88303	0.007003496413
88304	0.006413589532
88305	0.008161859037
88306	0.005968020831
88307	0.0006839651822
88308	0.009214188829
88309	0.004969667389
88310	0.009433904559
88311	0.003826563724
88312	0.003512998429
88313	0.005257409799
88314	0.001229131907
88315	0.003170218823
88316	0.005858477966
88317	0.006310400856
88318	0.005610430793
88319	0.004645247492
88320	0.006581939285
88321	0.005759495675
88322	0.006348884446
88323	0.009275908237
88324	0.004185805211
88325	0.00669762028
88326	0.005957299841
88327	0.005724176116
88328	0.004654097991
88329	0.008866147555
88330	0.007493729942
88331	0.01287779644
88332	0.006351052017
88333	0.002698354871
88334	0.007467936034
88335	0.006147417407
88336	0.008249719273
88337	0.0006292291998
88338	0.006462924455
88339	0.005300602396
88340	0.007567056868
88341	0.006400922713
88342	0.006350292522
88343	0.002256947308
88344	0.002493323982
88345	0.001659442859
88346	0.006081704122
88347	0.009870042187
88348	0.00660418039
88349	0.00361692543
88350	0.005786489838
88351	0.01659387011
88352	0.001990912383
88353	0.006738878082
88354	0.003038268694
88355	0.006227786218
88356	0.007718774289
88357	0.006107757575
88358	0.0004226887414
88359	0.00920782935
88360	0.003281002716
88361	0.00129577767
88362	0.004190252649
88363	0.01357907106
88364	0.007823931195
88365	0.002141964549
88366	0.007145577674
88367	0.004288694715
88368	0.006570789196
88369	0.006381345145
88370	0.01033073232
88371	0.008758924496
88372	0.007259485965
88373	0.000262786031
88374	0.007338561657
88375	0.004481391306
88376	0.007227139024
88377	0.01005426566
88378	0.005557113398
88379	0.002830315882
88380	0.002376877819
88381	0.007619219606
88382	0.006012793606
88383	0.00977407044
88384	0.005076900561
88385	0.008824279074
88386	0.01225612091
88387	0.0003446895828
88388	0.007835736262
88389	0.00408488193
88390	0.003004330847
88391	0.005811744513
88392	0.007549866294
88393	0.002727758867
88394	0.004075116703
88395	0.005571089541
88396	0.006635469203
88397	0.003103715417
88398	0.01676161807
88399	0.006003161757
88400	0.001804636745
88401	0.00698060597
88402	0.006489668891
88403	0.00735305868
88404	0.006529938637
88405	3.185604846e-05
88406	0.010408984
88407	0.005287325913
88408	0.006983292127
88409	0.002667506678
88410	0.005832295322
88411	0.008355664009
88412	0.0009936781115
88413	0.004655076871
88414	0.002283362503
88415	0.004096932758
88416	0.008555347682
88417	0.0005356031296
88418	0.003230365812
88419	0.005449756165
88420	0.014142452
88421	0.006444834316
88422	0.005806385297
88423	0.007009979585
88424	0.008102931622
88425	0.005209566315
88426	0.00541650121
88427	0.007226339499
88428	0.005931636516
88429	0.008659474134
88430	0.005883704003
88431	0.001532939
88432	0.003514079025
88433	0.006554216155
88434	0.002135696657
88435	0.005952784451
88436	0.001787645594
88437	0.01133804604
88438	0.001712721288
88439	0.001911068124
88440	0.001888131824
88441	0.001675165513
88442	0.001849982236
88443	0.001975397255
88444	0.001771959707
88445	0.0015522208
88446	0.0007864435661
88447	0.002918383434
88448	0.001369967962
88449	0.001955654177
88450	0.000983815138
88451	0.00229200113
88452	0.001152580758
88453	0.004279496536
88454	0.0009451174427
88455	0.002174857923
88456	0.003357546334
88457	0.006586326336
88458	0.003360596054
88459	4.933116597e-05
88460	0.001028247899
88461	0.002515738674
88462	0.009867357134
88463	0.001297410024
88464	0.000299046672
88465	0.001337007671
88466	0.003020984448
88467	0.001064258963
88468	0.001762540184
88469	0.001661599689
88470	0.001297933323
88471	8.373038326e-05
88472	0.002312903336
88473	0.001726065161
88474	0.0007570586857
88475	0.0003228736309
88476	0.01141274427
88477	0.0007163453488
88478	0.0008833056816
88479	0.00267357775
88480	0.002939836785
88481	0.01184102342
88482	0.001867598709
88483	0.00474322565
88484	0.002532426593
88485	0.00497479384
88486	0.001586758195
88487	0.001814117519
88488	0.006182942349
88489	0.002426758781
88490	0.001360466972
88491	0.001201932014
88492	0.001758102888
88493	0.002066933098
88494	0.0006869081496
88495	0.002851779014
88496	0.002638636634
88497	6.888433154e-05
88498	0.000448606579
88499	0.001250988672
88500	0.001644645375
88501	0.003007016079
88502	0.0001780908094
88503	0.0033174562
88504	0.001366328064
88505	0.002376292336
88506	0.001571308545
88507	0.001319043918
88508	0.001148311974
88509	0.0007718742921
88510	0.001631864911
88511	0.0006630454673
88512	0.005927931431
88513	0.008622264097
88514	0.0008407903446
88515	0.000318966699
88516	0.0001560502543
88517	0.001996861594
88518	0.000174197588
88519	0.001274026252
88520	0.0004978958488
88521	0.000875007784
88522	0.0003242654391
88523	0.002061658689
88524	0.0006413589609
88525	0.0008353186062
88526	6.955343101e-06
88527	0.0001703986801
88528	0.0008494155489
88529	0.001275289861
88530	0.00101591743
88531	0.002032821841
88532	0.000117362399
88533	0.0003549020964
88534	0.0001072058849
88535	0.003320799216
88536	0.0003728015163
88537	0.01183469464
88538	0.005453560043
88539	0.00462006784
88540	0.002333368434
88541	0.002932797559
88542	6.557430017e-06
88543	0.0004240017785
88544	0.004759585994
88545	0.0008940959704
88546	0.001066218628
88547	0.002176515558
88548	0.00198462864
88549	0.002911052554
88550	0.004421654615
88551	0.003909972166
88552	0.001573869725
88553	0.0001481715287
88554	0.001403351504
88555	0.002494050238
88556	0.002592644012
88557	0.001883034856
88558	0.005126096841
88559	0.001833499119
88560	0.003506082713
88561	0.006683672039
88562	0.009372795623
88563	0.004785401799
88564	0.003620305776
88565	0.001426747072
88566	0.000352092669
88567	0.002138671908
88568	0.003505303202
88569	0.003258101056
88570	0.002724471817
88571	0.00259126031
88572	0.002185006627
88573	0.002053145336
88574	0.00589048205
88575	0.001739670483
88576	0.001549195894
88577	0.0006933318991
88578	0.007092935226
88579	0.009752874813
88580	0.00348534098
88581	0.004541506755
88582	0.001658959667
88583	0.0003577325863
88584	0.005800450607
88585	0.002005573461
88586	0.0002135987773
88587	0.004236088868
88588	0.0003048476882
88589	0.01000371748
88590	0.01034963549
88591	0.003835718248
88592	0.001098757755
88593	0.001995388264
88594	0.0003024594383
88595	0.001872993759
88596	0.002095774549
88597	0.002101998414
88598	0.002225449789
88599	0.0006259860276
88600	0.001637721582
88601	0.001404920645
88602	0.006402789873
88603	0.002202058959
88604	0.001610315135
88605	0.0009081033818
88606	0.005545725377
88607	0.001192899115
88608	0.002295391137
88609	0.005724421472
88610	0.001746172172
88611	0.0001700515788
88612	0.001499340978
88613	0.0008273773456
88614	0.003529805115
88615	0.001899058338
88616	0.003578527413
88617	0.003286775163
88618	0.005186506824
88619	0.003072960955
88620	0.0009779773351
88621	0.01288777845
88622	0.0005763200603
88623	0.0027291433
88624	0.002008396693
88625	0.003392642876
88626	0.007206266785
88627	0.01098836891
88628	0.006396578561
88629	0.004002949683
88630	0.002405855493
88631	0.001779939671
88632	0.004749961307
88633	0.001304198511
88634	0.001934334747
88635	0.003412505565
88636	0.005913794217
88637	0.0008071208826
88638	0.001413059011
88639	0.006618268366
88640	0.0004424716011
88641	0.005959696507
88642	0.002825793437
88643	0.002876382217
88644	0.0007948621195
88645	0.002388419191
88646	0.001676273137
88647	0.0005716012305
88648	0.001120649015
88649	0.005145790782
88650	0.004387455563
88651	0.0006095586637
88652	0.003596454307
88653	0.00227044322
88654	0.005105345153
88655	0.003360011335
88656	0.01773681941
88657	0.002980898994
88658	0.001151637103
88659	0.001110649681
88660	0.00865363741
88661	0.001700334812
88662	0.001933911501
88663	0.002640345897
88664	0.0002283779181
88665	0.004102811488
88666	0.001357986752
88667	0.001207362487
88668	0.0001292307132
88669	0.00975162899
88670	0.002215937679
88671	0.002520557338
88672	0.002131175046
88673	0.0002849987723
88674	0.0001313636424
88675	0.005436401238
88676	0.0008652059046
88677	0.003223003107
88678	9.908556512e-05
88679	0.001853292162
88680	0.007634098316
88681	0.002611059868
88682	0.009555271716
88683	0.001868667786
88684	0.002767708368
88685	0.002065628704
88686	0.001784760337
88687	0.009492440657
88688	0.003281013329
88689	0.006983335251
88690	0.001755022993
88691	0.005542903487
88692	0.001557599252
88693	0.004719307259
88694	0.001075990235
88695	0.001068707639
88696	0.003488465571
88697	0.001659758631
88698	0.00537578022
88699	0.00349590313
88700	0.004253615994
88701	0.002270488553
88702	0.005605998582
88703	0.0004575015432
88704	0.002727855968
88705	0.002875644826
88706	0.003600256942
88707	0.01497278532
88708	0.003020165909
88709	5.161834172e-05
88710	0.01278881871
88711	0.004427742759
88712	0.003198276351
88713	0.004031347723
88714	0.004401117451
88715	0.0002042752174
88716	0.0004802421063
88717	0.003453172596
88718	0.003746385177
88719	0.003730446202
88720	0.00232238901
88721	0.002152381714
88722	0.002335565592
88723	0.001565641819
88724	0.004496654307
88725	0.000338598377
88726	0.003269231378
88727	0.003077443188
88728	0.002630738953
88729	0.001940228008
88730	0.0117016334
88731	0.009355527879
88732	0.003676556501
88733	0.003056928108
88734	0.0002295141806
88735	0.0005910055056
88736	0.002331799751
88737	0.002002448804
88738	0.003376206976
88739	0.005318538013
88740	0.002804277694
88741	0.001953490515
88742	0.001941115625
88743	0.001730886368
88744	0.004300775338
88745	0.0001457611898
88746	0.005862724957
88747	0.001128773731
88748	0.002024613528
88749	0.002517848446
88750	0.005674673977
88751	0.006024187278
88752	0.002996228765
88753	0.009071646509
88754	0.0006394844055
88755	0.002785337564
88756	0.005238163239
88757	0.0004867987903
88758	0.007853547479
88759	0.001091176834
88760	0.003314584558
88761	0.001819636959
88762	0.008598916342
88763	0.008332643819
88764	0.006282584094
88765	0.002752875352
88766	0.0008815093123
88767	0.003139816249
88768	0.0003184224225
88769	0.006251522981
88770	0.001235132758
88771	0.0003017431418
88772	0.001704390423
88773	0.004021698034
88774	0.005013954192
88775	0.0007190825371
88776	0.0002651529152
88777	0.007192763156
88778	0.003770079273
88779	0.001546994196
88780	0.006458562597
88781	0.0003787565329
88782	0.004535824126
88783	0.003937935214
88784	0.004370644443
88785	0.002660090617
88786	0.000338051048
88787	0.001307236382
88788	0.003547757877
88789	0.0003015978699
88790	0.002549196083
88791	0.004758724793
88792	0.001766591459
88793	0.0002916317838
88794	0.005373973965
88795	0.004740930862
88796	0.002113173651
88797	0.004317953686
88798	0.0006177360983
88799	0.000741936857
88800	0.001704045441
88801	0.001577099702
88802	0.003728578199
88803	0.002931039234
88804	0.00235332569
88805	0.002161408018
88806	0.007183954268
88807	0.002621151326
88808	0.004783626184
88809	0.01290903864
88810	0.004730727238
88811	0.01022461445
88812	0.0009249269331
88813	7.999241842e-05
88814	0.004459970646
88815	0.001211907062
88816	0.005174670695
88817	0.003450940359
88818	0.00392301042
88819	0.003323002445
88820	0.0004099789059
88821	0.002001742726
88822	0.002478754394
88823	8.688708768e-05
88824	0.00697973421
88825	0.002301851037
88826	0.003965570118
88827	0.002770583084
88828	0.005139185104
88829	0.005060373637
88830	0.00278623152
88831	0.003472623288
88832	0.01323162544
88833	0.002191956213
88834	0.006706206109
88835	0.00418218779
88836	0.003112406145
88837	0.002557475161
88838	0.002780462834
88839	4.090827878e-05
88840	0.0008447118162
88841	0.005480353144
88842	0.005444135398
88843	0.008333891982
88844	0.0007992100286
88845	0.005409010965
88846	0.002188091758
88847	0.006762889935
88848	0.0002303046606
88849	0.006060826458
88850	0.009750094225
88851	0.002596404381
88852	0.01573204157
88853	0.007013939097
88854	0.006795127224
88855	0.0004017285629
88856	0.001149044301
88857	0.002146978883
88858	0.001565779526
88859	0.005031389463
88860	0.004782557933
88861	0.002323000871
88862	0.001636218384
88863	0.00444171496
88864	0.01106758884
88865	0.005163304957
88866	0.001837605675
88867	0.002827653939
88868	0.0006535247194
88869	0.00365251389
88870	0.0005263040036
88871	0.0005661706076
88872	0.003670759256
88873	0.002963435139
88874	0.003340358668
88875	0.005739305769
88876	0.002391314459
88877	0.00117811214
88878	0.004235484664
88879	0.002470649094
88880	0.006921583433
88881	0.001640620392
88882	0.00317435521
88883	0.001487862867
88884	0.005130112285
88885	0.0005955151044
88886	0.004004403246
88887	0.001195553901
88888	0.0007350865544
88889	0.00226634539
88890	0.002268235414
88891	0.002000429687
88892	0.004518863753
88893	0.0008014508467
88894	0.00334353335
88895	0.001557744711
88896	0.004044259905
88897	0.002047037119
88898	0.002976199129
88899	0.002644056227
88900	0.002976356119
88901	0.01169378813
88902	0.00173259381
88903	0.002678987396
88904	0.003127916733
88905	0.004705869176
88906	0.005593308024
88907	0.004960261483
88908	0.002085822369
88909	0.00592507475
88910	0.001986522502
88911	0.008318586785
88912	0.003073941891
88913	0.004993415447
88914	0.001541324204
88915	0.002726990677
88916	0.001480872381
88917	0.001518173742
88918	0.003042121267
88919	0.00456471404
88920	0.001312071786
88921	0.002186011907
88922	0.002704835879
88923	0.0005101157307
88924	0.002131978205
88925	0.006993864368
88926	0.001478522291
88927	0.0005361883003
88928	0.002395612125
88929	0.002567351365
88930	0.0009206361313
88931	0.001511220849
88932	0.01003772087
88933	0.005840072598
88934	0.0028668581
88935	0.003535576894
88936	0.00341064532
88937	0.00119826746
88938	0.001001574191
88939	0.005105655819
88940	0.00287875563
88941	0.003326129277
88942	0.003906960601
88943	0.003368880572
88944	0.000995606843
88945	0.001190722048
88946	0.002672530939
88947	0.0009817264001
88948	0.002243359303
88949	0.003896092299
88950	0.0004219206976
88951	0.00217108517
88952	0.0003855637162
88953	0.008104129124
88954	0.002085487808
88955	0.001247411998
88956	0.004249020334
88957	0.002570784176
88958	0.001001651275
88959	0.004853702597
88960	0.001583435888
88961	0.0005852497844
88962	0.007754295099
88963	0.002070224223
88964	0.01504021382
88965	0.00361101828
88966	0.001965645876
88967	0.003495838983
88968	0.002912422287
88969	0.0003812890344
88970	0.002813657902
88971	0.004844136733
88972	0.002997097127
88973	0.001098953833
88974	0.005603825866
88975	0.0008132859891
88976	0.002791707422
88977	0.009800102437
88978	0.0003302280378
88979	0.006440712974
88980	0.00104831593
88981	0.001232375043
88982	0.001544097792
88983	0.003366196176
88984	0.00631831407
88985	0.0004511684562
88986	0.002252110691
88987	0.006683169088
88988	0.007072285095
88989	0.0001109645543
88990	0.001574968459
88991	0.0008137223887
88992	0.008757034085
88993	0.0004258800578
88994	0.002391712241
88995	0.002463282259
88996	0.004284934045
88997	0.009021179081
88998	0.002476619054
88999	0.0002127890215
89000	0.001074170861
89001	0.0003584189442
89002	0.002129112414
89003	0.002389607778
89004	0.004547235507
89005	0.004352545213
89006	0.001418426766
89007	0.003996686066
89008	0.0008623447097
89009	0.004694476973
89010	0.001786991286
89011	0.003843860805
89012	0.0002769580944
89013	0.002175246653
89014	0.002461724346
89015	0.002311170514
89016	0.0006257579493
89017	8.137437554e-05
89018	0.0006740526421
89019	0.006467072858
89020	0.003754089959
89021	0.002934211526
89022	0.002056213129
89023	0.00430436625
89024	0.003609437382
89025	0.005456555113
89026	0.005418350089
89027	0.005238132712
89028	0.0159924136
89029	5.713099325e-05
89030	0.001644705454
89031	0.001475968295
89032	0.000678660111
89033	0.00366425433
89034	0.002298808584
89035	0.0004901267188
89036	0.0004156280828
89037	0.003121368908
89038	0.00603115426
89039	0.004098454569
89040	0.006299435904
89041	0.001091559935
89042	0.004076586972
89043	0.002857223724
89044	0.006444599677
89045	0.002005183191
89046	0.004286316616
89047	0.006177939851
89048	0.00684912548
89049	0.003076723841
89050	0.000381470022
89051	0.003110247149
89052	0.001318629565
89053	0.000629639968
89054	0.0005260185111
89055	0.001762885561
89056	0.003436603084
89057	0.001091087076
89058	0.0001349592573
89059	0.002931440711
89060	0.01274067438
89061	0.0009538669917
89062	0.003024808973
89063	0.002022395506
89064	0.00284870487
89065	0.008425514583
89066	0.004722465097
89067	0.0003005821778
89068	0.002848475808
89069	0.002482418574
89070	0.0009429152194
89071	0.00987155618
89072	0.005722832512
89073	0.001394539291
89074	0.009291830537
89075	0.001014474759
89076	0.002693772119
89077	0.0052425942
89078	0.01149216709
89079	0.002927442725
89080	0.001469911984
89081	0.0121115362
89082	0.01130004516
89083	0.002147965604
89084	0.001333708949
89085	0.002438232544
89086	0.000607697234
89087	0.001382408178
89088	0.001037825519
89089	0.000787096507
89090	0.006105350687
89091	0.003944936064
89092	0.002244295991
89093	0.002721949822
89094	0.01624186872
89095	0.004437904919
89096	0.001782486774
89097	0.004689427491
89098	0.005456935848
89099	0.0004885280499
89100	0.001820481267
89101	0.002374875864
89102	0.0002979419795
89103	0.003581897269
89104	0.004897876794
89105	0.003383633549
89106	0.00217952006
89107	0.00437562249
89108	0.002231130348
89109	0.002023034478
89110	0.01184361771
89111	0.006091486525
89112	0.001845578739
89113	0.0003585686775
89114	0.003970015917
89115	0.0004845239856
89116	0.0004868071031
89117	0.003762402747
89118	0.009681144135
89119	0.007402532661
89120	0.0001256503458
89121	0.003325330244
89122	0.002758823593
89123	0.002259186656
89124	0.002069712347
89125	0.006733751305
89126	0.001758528141
89127	0.007264949524
89128	0.007532876254
89129	0.0009558136206
89130	0.003044629538
89131	0.004426870566
89132	0.0007489512862
89133	0.001509239583
89134	0.0003791576326
89135	0.0005913802314
89136	0.006831981246
89137	0.001508229523
89138	4.615662039e-05
89139	0.0003975762216
89140	0.004112596393
89141	0.005043489285
89142	0.001964813266
89143	0.006978263521
89144	0.00145582852
89145	0.004311063848
89146	0.0006779513885
89147	0.01225307017
89148	0.002770441625
89149	0.00978407101
89150	0.0006737249939
89151	0.001303399759
89152	0.01312023578
89153	0.001509502967
89154	0.002311514268
89155	0.001525478792
89156	0.001752296695
89157	0.0004093492021
89158	0.007078700242
89159	0.003133721245
89160	0.001211225556
89161	0.0007582856424
89162	0.006944048718
89163	0.0003245633795
89164	0.001746208669
89165	0.002010564475
89166	0.006527385854
89167	0.009024863593
89168	0.002400452717
89169	6.564513323e-05
89170	0.004809317429
89171	0.002262837617
89172	0.001852313794
89173	0.003392396463
89174	0.0001203419786
89175	0.003222609255
89176	0.003061360648
89177	0.0005824056733
89178	0.003650702225
89179	0.0008684177833
89180	0.004611097281
89181	0.003059856816
89182	0.003077280025
89183	0.002270810956
89184	0.0001074192803
89185	0.002353921096
89186	0.00964078758
89187	0.0008259245652
89188	0.0001125565303
89189	0.007643010964
89190	0.003416111849
89191	0.002340675832
89192	0.002745168488
89193	0.002648104786
89194	0.0008904114947
89195	0.0122221724
89196	0.001078218166
89197	0.003723121141
89198	0.003926216784
89199	4.148284455e-05
89200	0.0002829924944
89201	0.001281913764
89202	0.002131067855
89203	0.003237149018
89204	0.005540584047
89205	0.001454809504
89206	0.003901103219
89207	0.007070545823
89208	0.005789574361
89209	0.004947623652
89210	0.006925937236
89211	0.005573533476
89212	0.003044315622
89213	0.003053645296
89214	0.001880082886
89215	0.006626728492
89216	0.008046805959
89217	0.002053428995
89218	0.00402193904
89219	0.004166684893
89220	0.007299458001
89221	0.002942063671
89222	0.001517155627
89223	0.004412460491
89224	0.003682380268
89225	0.001544917368
89226	0.004423240086
89227	0.0001761007055
89228	0.002817291858
89229	0.0004158998838
89230	0.003650064972
89231	0.005720298592
89232	0.002355350568
89233	0.002276730311
89234	0.002605329502
89235	7.465722794e-05
89236	0.005214722057
89237	0.002846277193
89238	0.001357344141
89239	0.0009636856597
89240	0.000907802573
89241	5.091723532e-05
89242	0.00711513632
89243	0.003530050549
89244	0.005101539624
89245	0.003568741146
89246	0.00228322767
89247	0.002939627866
89248	0.001577360437
89249	0.002771016133
89250	0.00068001365
89251	0.00326700736
89252	0.005492123239
89253	0.001680445405
89254	0.003902408592
89255	0.0002429066051
89256	0.001930325253
89257	0.002936711086
89258	0.00560852966
89259	0.004517338825
89260	0.006588343693
89261	0.003960672349
89262	0.003011154029
89263	0.008160001347
89264	0.00240990594
89265	0.00209471679
89266	0.001634644123
89267	0.001484208793
89268	0.0004113445454
89269	0.00469552099
89270	0.003707129438
89271	0.003233674001
89272	0.003937025004
89273	0.002459472736
89274	0.003822539664
89275	0.002455944465
89276	0.00260309256
89277	0.008815966513
89278	0.009145800144
89279	0.005256629678
89280	0.001985944272
89281	0.0007037676509
89282	0.008176082453
89283	1.900121289e-05
89284	0.002002632602
89285	0.0008177965699
89286	0.005300732961
89287	0.001330589719
89288	0.00221114442
89289	0.0004277126248
89290	0.004954761501
89291	0.005625384731
89292	0.002515657923
89293	0.001865451181
89294	0.004484801398
89295	0.001521650837
89296	0.009295545823
89297	0.004706037358
89298	0.003150051455
89299	0.003608813758
89300	0.003833090811
89301	0.001776296634
89302	0.002260185985
89303	0.005806060419
89304	0.0005977617279
89305	0.0024769277
89306	0.0008906294792
89307	0.004221408446
89308	0.002596034989
89309	0.001248373864
89310	0.007198946535
89311	0.006527108029
89312	0.008896569196
89313	0.007624459711
89314	0.003207039328
89315	0.003986178221
89316	0.005200592779
89317	0.002950071923
89318	0.004015717157
89319	0.0007756631448
89320	0.0007915528085
89321	0.002489779482
89322	0.003477313793
89323	0.0001439197159
89324	0.001385953941
89325	0.002223992053
89326	0.0003090545032
89327	0.001261099881
89328	0.003879895211
89329	0.0007332878239
89330	0.000757152358
89331	0.007736167386
89332	0.001433386472
89333	0.001567163627
89334	0.002714609552
89335	0.002185168803
89336	0.0009403843242
89337	0.001721522144
89338	0.0099044919
89339	0.002007461919
89340	0.00159043903
89341	0.002737116
89342	0.004970867458
89343	0.006538940597
89344	0.002311462515
89345	0.0008102891508
89346	0.01076042323
89347	0.009905630919
89348	0.002322160798
89349	0.003707895898
89350	0.002319642361
89351	0.001146231407
89352	0.008894796179
89353	0.004681255378
89354	0.009119871124
89355	0.00275867072
89356	0.003741928688
89357	0.005904716673
89358	0.001319494233
89359	0.006923118374
89360	0.001120423533
89361	0.003572295906
89362	0.003978020745
89363	0.004145835121
89364	0.001671426573
89365	0.001266901131
89366	0.002303084382
89367	0.006857025826
89368	0.008203676553
89369	0.008594081257
89370	0.0001880193953
89371	0.004545732751
89372	0.004810612485
89373	0.0004348082339
89374	0.006411042988
89375	0.001448503582
89376	0.00783448244
89377	0.003398614484
89378	0.0003745940261
89379	0.001288486166
89380	0.0004623545509
89381	0.003459757667
89382	0.005131652962
89383	0.0005653181187
89384	0.003148605513
89385	0.006289108435
89386	0.01015232993
89387	0.003129647632
89388	0.006033582752
89389	0.00825184995
89390	0.00270558172
89391	0.002275157915
89392	0.001039934206
89393	0.003731322246
89394	0.000236774295
89395	0.004132409107
89396	0.005732354705
89397	0.002809975016
89398	0.002961602612
89399	0.00174278059
89400	0.003227698544
89401	0.005354439951
89402	0.001610180037
89403	0.00211601117
89404	0.001969934866
89405	0.002785747392
89406	0.0004480847524
89407	0.006996574155
89408	0.004069575893
89409	0.002742503652
89410	0.008851835061
89411	0.0008537604174
89412	0.003627099182
89413	0.01133914418
89414	0.0006739702083
89415	0.0003920957775
89416	0.004882705603
89417	0.002781145462
89418	0.001009923841
89419	0.007283882275
89420	0.0009122633241
89421	0.002766880025
89422	0.001531417361
89423	0.003166955224
89424	0.008092012508
89425	0.001799493207
89426	0.00206868597
89427	0.001911999557
89428	0.007572477628
89429	0.002617678578
89430	0.001749917323
89431	0.004961678339
89432	0.001638211114
89433	0.003172928337
89434	0.001667356187
89435	0.0005030194534
89436	0.004245654349
89437	0.0007185999554
89438	0.002051117771
89439	0.001887638493
89440	0.004699421361
89441	0.001771302084
89442	0.0008768190761
89443	0.0006115113902
89444	0.002509092744
89445	0.0008775286667
89446	0.003866509029
89447	0.003994035028
89448	0.0001299198665
89449	0.005442607426
89450	0.002341735173
89451	0.007697927059
89452	0.005609898385
89453	0.0001235963363
89454	0.003224110839
89455	0.00891984358
89456	0.001597367991
89457	0.00514142785
89458	0.006517168172
89459	4.16163078e-05
89460	0.004046822594
89461	0.001894646771
89462	0.006229289073
89463	0.001923197255
89464	0.0004212303127
89465	0.004151183801
89466	0.00127893307
89467	0.009055388275
89468	0.004935042135
89469	0.01043106553
89470	0.00795788121
89471	0.005043427522
89472	0.01172264502
89473	0.002922550429
89474	0.0003235749902
89475	0.001608177017
89476	7.523226613e-06
89477	0.006431760699
89478	0.009094239687
89479	0.01044243172
89480	0.001617993468
89481	0.007134824553
89482	0.006413414528
89483	0.005012761359
89484	0.001128692581
89485	0.008825638357
89486	0.002234600263
89487	0.004655914251
89488	0.005855104882
89489	0.006371172657
89490	0.0004759964325
89491	0.004257107267
89492	0.0056522053
89493	0.008144915655
89494	0.000100211134
89495	0.003444672462
89496	0.002301658175
89497	0.0005866120193
89498	0.003261084088
89499	0.003158164393
89500	0.0003130848816
89501	0.0008394304143
89502	0.003402064946
89503	0.004649707508
89504	0.00660318082
89505	0.006758413889
89506	0.009674119866
89507	0.007240279559
89508	0.006584396962
89509	0.01463469237
89510	0.002788609924
89511	0.004593856007
89512	0.002516676228
89513	8.760984773e-05
89514	0.002099516084
89515	0.01307929956
89516	0.003629973737
89517	0.009371790527
89518	0.001686378274
89519	0.0009944216852
89520	0.004940860965
89521	0.0008932662348
89522	0.00352142995
89523	0.003771491644
89524	0.0008676973993
89525	0.01308975085
89526	0.006048120622
89527	0.0009255290034
89528	0.001474656189
89529	0.00190865205
89530	0.00461222787
89531	0.002273105242
89532	0.001414580259
89533	0.0031314839
89534	0.001921349358
89535	0.006201163446
89536	0.002401183342
89537	0.001948973652
89538	0.0008701228586
89539	0.0006413713407
89540	0.001743617587
89541	0.0007902500706
89542	0.0002257613169
89543	0.001771766419
89544	0.001404542032
89545	0.0002051948555
89546	0.00352029068
89547	0.0003333930684
89548	0.001386326334
89549	0.004081546572
89550	0.002148193596
89551	0.001761131021
89552	0.002633549306
89553	0.003805395527
89554	0.0001496405404
89555	0.003643271814
89556	0.001923473943
89557	0.002752967554
89558	0.003730140349
89559	0.003196375096
89560	0.005566847849
89561	0.0003782278503
89562	0.002945010487
89563	0.000385668559
89564	0.0007844634114
89565	0.0002142706967
89566	0.004656167289
89567	0.003419804619
89568	0.003464688009
89569	0.003125587891
89570	0.005113184576
89571	0.007239127077
89572	0.003120235312
89573	0.002867326214
89574	0.0003340881784
89575	0.001920352618
89576	0.0005254473441
89577	0.0014965653
89578	0.001434356199
89579	0.001186435497
89580	0.006642176257
89581	0.002555865501
89582	0.007942087984
89583	0.005488540024
89584	0.002964079781
89585	0.007194673763
89586	0.002012414131
89587	0.003588484274
89588	0.0008373080842
89589	0.008029292106
89590	0.003196255583
89591	0.002462587819
89592	0.00163603922
89593	0.006825620041
89594	0.00521851324
89595	0.001328676673
89596	0.003029950233
89597	0.005522995802
89598	0.001752100128
89599	0.004840383899
89600	0.001026252606
89601	0.009427761508
89602	0.0006235702431
89603	0.005349567568
89604	0.006831242013
89605	0.004794058789
89606	0.009935390805
89607	0.003531009352
89608	0.0004777222276
89609	0.003791032771
89610	0.002857393105
89611	0.001854072399
89612	0.002711109249
89613	0.005757247714
89614	0.004310106943
89615	0.002934908562
89616	0.002345928337
89617	0.002429555023
89618	0.005815731409
89619	0.0003236865573
89620	0.002756251406
89621	0.006438440148
89622	0.005408728741
89623	0.001174405818
89624	0.002576035594
89625	0.002864669194
89626	0.002359200452
89627	0.001394811579
89628	0.005583954909
89629	0.001567933254
89630	0.001585863501
89631	0.002436067786
89632	0.001819676582
89633	0.000516621073
89634	0.002127211745
89635	0.002209476933
89636	0.00725930879
89637	0.003678122586
89638	6.781726246e-05
89639	0.004541819188
89640	0.003197492555
89641	0.004971977573
89642	0.001715724032
89643	0.002003958497
89644	0.004384883374
89645	0.002232121658
89646	0.001996380537
89647	0.009772684089
89648	0.009583820112
89649	0.009173973166
89650	0.004814238379
89651	7.546781792e-05
89652	0.006220210685
89653	0.001882592893
89654	0.007880759044
89655	0.004160506637
89656	0.01348870839
89657	0.00327906265
89658	0.003553319134
89659	0.002691935898
89660	0.00886189588
89661	0.005245518788
89662	0.006867285022
89663	0.003091501559
89664	0.008979026424
89665	0.0007271220613
89666	0.00128321339
89667	0.007085988958
89668	0.002151024389
89669	0.0003386244944
89670	0.006006121601
89671	0.007106915944
89672	0.004740761891
89673	0.00293705879
89674	0.01196937369
89675	0.0006629270817
89676	0.001482752996
89677	0.0005065169433
89678	0.0005918004898
89679	0.0009083417616
89680	0.0009191932391
89681	0.0009931124583
89682	0.0009285030316
89683	0.0008913883519
89684	3.828847807e-05
89685	0.001570010537
89686	0.001135002855
89687	0.0004219084024
89688	0.001318210511
89689	0.0009198482879
89690	0.0008993544008
89691	0.0002249710717
89692	0.001054962315
89693	6.46247528e-05
89694	0.002933082659
89695	0.004965057112
89696	0.0006738884349
89697	0.002445851615
89698	0.001764587917
89699	0.001548327633
89700	0.003502072482
89701	0.0009531759094
89702	0.001613890269
89703	0.0004856408001
89704	0.003470301851
89705	0.00354549523
89706	0.001691181186
89707	0.002460712504
89708	0.0007147351121
89709	0.0004917799481
89710	0.006651631954
89711	0.004489568915
89712	0.0008765694963
89713	0.002634255598
89714	0.0006900989213
89715	0.002612669291
89716	0.0003130116707
89717	0.0002403532578
89718	0.002004767167
89719	0.001831318339
89720	0.007378821255
89721	0.0002763642549
89722	0.0004771734857
89723	0.004163967854
89724	0.003217822579
89725	0.005313102777
89726	0.0002881442008
89727	0.003077367579
89728	0.0007902365261
89729	0.001255918738
89730	0.000969508382
89731	0.004406373986
89732	0.002135517647
89733	0.00247269563
89734	0.0001136802634
89735	0.001038696497
89736	0.001924982212
89737	0.005662096759
89738	0.007171842609
89739	0.0004310758365
89740	0.003501545442
89741	0.00129836955
89742	0.004399151758
89743	0.003634180986
89744	0.004185932863
89745	0.005411967756
89746	0.0001643734102
89747	0.007344188076
89748	0.001482459625
89749	0.00375963735
89750	0.004678506092
89751	0.002677398228
89752	0.006724318986
89753	0.001171936407
89754	0.000151989349
89755	0.002739991007
89756	0.001499837633
89757	0.00240279171
89758	0.004310108251
89759	0.009055631581
89760	0.005952378045
89761	0.006060519358
89762	0.01357766235
89763	0.003809274586
89764	0.0006146897453
89765	0.002059539958
89766	0.008192549805
89767	0.006879070564
89768	0.01494989494
89769	0.001787210908
89770	0.005433430264
89771	0.01190914413
89772	0.003430036331
89773	0.0003455103779
89774	0.004448032949
89775	0.01333833363
89776	0.002098310611
89777	0.001472886087
89778	0.00574996814
89779	0.004233084006
89780	0.005301813041
89781	0.0001213287144
89782	0.001457678604
89783	0.001994923214
89784	0.001376462117
89785	0.007546464232
89786	0.01347804339
89787	0.01324104203
89788	0.003951748625
89789	0.0128516381
89790	0.0004660127956
89791	0.001589421964
89792	0.008212266775
89793	0.004736528024
89794	0.002810236156
89795	0.0144267494
89796	0.001490552472
89797	0.007867229515
89798	0.0008244991738
89799	0.003907570944
89800	0.001478200374
89801	0.0005208584493
89802	0.006722415255
89803	0.002214687109
89804	0.002288556174
89805	0.01296945036
89806	0.001932227278
89807	0.004591997254
89808	0.01713799919
89809	0.007871421357
89810	0.001208483148
89811	0.008035275342
89812	0.01376331692
89813	0.0007024143514
89814	0.001675708811
89815	0.0007787984268
89816	0.001179663024
89817	0.0009472541401
89818	0.01029820151
89819	0.01171267988
89820	0.005579766792
89821	0.004013425251
89822	0.002947946237
89823	0.001932525207
89824	0.004196831108
89825	0.003047249937
89826	0.006812694861
89827	0.002515418174
89828	0.004676342894
89829	0.003107829134
89830	0.002670043237
89831	0.001286721681
89832	0.002641672693
89833	0.004258765685
89834	0.009619531324
89835	0.007648660796
89836	0.003840405015
89837	0.002973481291
89838	0.0008117769898
89839	0.0004557549663
89840	0.005680588847
89841	0.002619430383
89842	0.009138076428
89843	0.00307252893
89844	0.001404578293
89845	0.003543087879
89846	0.001085665804
89847	0.0005124629803
89848	0.004784399258
89849	0.01342678047
89850	0.001558895495
89851	0.003327575493
89852	0.008547080161
89853	0.006628126868
89854	0.004340779592
89855	0.006350173388
89856	0.005117031853
89857	0.001176713878
89858	0.01844657892
89859	0.0005700994368
89860	0.002938838828
89861	0.0008533464115
89862	0.00241941803
89863	0.0001272708904
89864	0.00019817086
89865	0.02911064635
89866	0.009280169047
89867	0.0069953432
89868	0.0032907273
89869	0.008603817427
89870	0.004030453709
89871	0.002488822301
89872	0.0001758646445
89873	0.007308149924
89874	0.01547225739
89875	0.004538920404
89876	0.01420806558
89877	0.003355395564
89878	0.01737191564
89879	0.003883142807
89880	0.001211827267
89881	0.001566325073
89882	0.005274209826
89883	0.009981616962
89884	0.01200456252
89885	0.0006142553501
89886	0.01439756389
89887	0.003664474035
89888	0.002310550861
89889	0.0009441305318
89890	0.003152942806
89891	0.001854678574
89892	0.0130961081
89893	0.00272129388
89894	0.005545573741
89895	0.0009533678221
89896	0.008600828832
89897	0.006996910582
89898	0.004087443458
89899	0.006670491242
89900	0.01476056235
89901	0.001914304403
89902	0.001214425133
89903	0.004418288993
89904	0.004471105766
89905	0.009151127812
89906	0.005730608737
89907	0.008550043495
89908	0.001034915611
89909	0.0007337853413
89910	0.00833120637
89911	0.005666298203
89912	0.002117582158
89913	0.008318749358
89914	0.0003322928799
89915	0.008640664867
89916	0.002143108184
89917	0.003340397617
89918	0.002374564853
89919	0.004062644304
89920	0.00371313225
89921	0.006054318047
89922	0.002448169199
89923	0.0005930653771
89924	0.002601382097
89925	0.0153597834
89926	0.00671597325
89927	0.001751076597
89928	0.002940207401
89929	0.0004137261566
89930	0.01029369854
89931	0.007244589456
89932	0.001146203454
89933	0.01189954497
89934	0.003707564795
89935	0.003513898624
89936	0.002646732853
89937	0.0003636107578
89938	0.01102227924
89939	0.007498925713
89940	0.004461471558
89941	0.01026872949
89942	0.001684665058
89943	0.002338287629
89944	0.00635871662
89945	0.0001147292376
89946	0.001267602278
89947	0.0007509696369
89948	0.002223958034
89949	0.01114222491
89950	0.007611127533
89951	0.00310653261
89952	0.004002934933
89953	0.01336417753
89954	0.0007184732048
89955	0.0007191644068
89956	0.005418651656
89957	0.01341941627
89958	0.002049685434
89959	0.003707731673
89960	0.0004223447105
89961	0.0006041724869
89962	0.004738694024
89963	0.00415365643
89964	0.002570764306
89965	0.00132164999
89966	0.0001809385604
89967	0.003173452796
89968	0.00104741566
89969	0.00556677837
89970	0.002461641952
89971	0.004481918011
89972	0.005396580371
89973	0.000518420444
89974	0.00385488037
89975	0.001643137434
89976	0.02129130972
89977	0.0145397682
89978	0.008378785197
89979	0.01136815375
89980	0.001602311595
89981	0.001258838118
89982	0.009995106423
89983	0.005268383492
89984	0.00104735601
89985	0.001990292265
89986	0.001007107972
89987	0.002918904314
89988	0.0003924252996
89989	0.001774505305
89990	0.00408666928
89991	0.0003656657347
89992	0.002047531877
89993	0.0008560543097
89994	0.0005702370495
89995	0.0005502726503
89996	0.002432434713
89997	0.001371582169
89998	1.861648091e-06
89999	9.292662786e-05
90000	0.003044700953
90001	0.002340821673
90002	0.0008426808105
90003	0.003494746156
90004	0.002463975132
90005	0.003601597926
90006	0.0009508212929
90007	0.0002573942233
90008	0.01075722089
90009	0.01181844931
90010	0.003558953165
90011	0.009631035543
90012	0.01246804853
90013	0.001420062982
90014	0.00238988556
90015	0.005210359516
90016	0.005118141334
90017	0.004367615393
90018	0.0002836978959
90019	0.001062528271
90020	0.003964638716
90021	0.01373098021
90022	0.009993477116
90023	0.005182454486
90024	0.004607798989
90025	0.005997141182
90026	0.005425442376
90027	0.001773034877
90028	0.002041454919
90029	0.0006246223345
90030	0.009091544706
90031	0.005855007503
90032	0.002812813602
90033	0.002926727844
90034	0.0002941171986
90035	0.002799130745
90036	0.01604448453
90037	0.006033232337
90038	0.002178782273
90039	0.02261951945
90040	0.0006026579844
90041	0.0006976185051
90042	0.00849008388
90043	0.01682489462
90044	0.01204650672
90045	0.001113738629
90046	0.002171816018
90047	0.007012724709
90048	0.004082807969
90049	0.001033973766
90050	0.008887730858
90051	0.003474489967
90052	0.001577117912
90053	0.0096238035
90054	0.006400035871
90055	0.003369609831
90056	0.001786601692
90057	0.003099179645
90058	0.0002282581493
90059	0.0006212395049
90060	0.005152009752
90061	0.0001105975987
90062	0.001154467256
90063	0.000205707292
90064	0.01012090724
90065	0.001121999954
90066	0.002200518778
90067	0.0005415317265
90068	0.01048646064
90069	0.003662335487
90070	0.0003400524498
90071	0.005118310129
90072	0.007794796415
90073	0.004919490198
90074	0.001385449234
90075	0.003346193535
90076	0.0001924869135
90077	0.002435802815
90078	0.0009853614331
90079	0.002607369206
90080	0.01122300307
90081	0.002803905958
90082	0.007343195256
90083	0.003439507551
90084	0.001295230864
90085	0.001254739253
90086	0.002223178157
90087	0.004370435932
90088	0.003772052088
90089	0.005905322766
90090	0.001324147064
90091	0.0006330161093
90092	0.0003764920276
90093	0.002310092858
90094	0.005612949527
90095	0.008153898761
90096	0.003819780052
90097	0.01254621743
90098	0.01142949848
90099	0.0008848743134
90100	0.001373398307
90101	0.002429885641
90102	0.00147412419
90103	0.00275885031
90104	0.004918009766
90105	0.004979074011
90106	0.004966464517
90107	0.0002288334166
90108	0.003440276005
90109	0.00253949122
90110	0.000848511064
90111	0.003601540466
90112	0.00191967197
90113	0.001055965112
90114	0.001930482433
90115	0.00419366057
90116	0.0008010707706
90117	0.001772696571
90118	0.003067284648
90119	7.206028181e-05
90120	0.001252378708
90121	0.0006325518444
90122	0.005158697481
90123	0.01136240494
90124	0.01798988872
90125	0.0005630102308
90126	0.007816994967
90127	0.004193887408
90128	0.001698944772
90129	0.008038353558
90130	0.002539329787
90131	0.0006960098058
90132	0.002702137987
90133	0.006849694796
90134	0.00531800023
90135	0.0009253148602
90136	0.005863899117
90137	0.01269592306
90138	0.002017651083
90139	0.003293752227
90140	0.003700805979
90141	0.001778025028
90142	0.0004720273245
90143	0.01443980161
90144	0.0003541369982
90145	0.001284813374
90146	0.01803392859
90147	0.0003232315667
90148	0.0001755712609
90149	0.004766302703
90150	0.0004605829409
90151	0.007511143286
90152	0.0005157093267
90153	0.01041558974
90154	0.01086814505
90155	0.008749486778
90156	0.01844297849
90157	0.008239610247
90158	0.01043076672
90159	0.0004269665071
90160	0.004037128499
90161	6.058070192e-05
90162	0.007683279818
90163	0.01586612255
90164	0.005035315857
90165	0.008929261777
90166	0.004469990088
90167	0.008131143014
90168	0.004918484419
90169	0.002287751564
90170	0.00845360391
90171	0.009098536463
90172	0.009463734979
90173	0.005337874092
90174	0.001160542915
90175	0.0003150187505
90176	0.0003151633145
90177	0.002031981018
90178	0.0003425092768
90179	0.001044553013
90180	0.0006863329691
90181	0.0002107159317
90182	0.0006248165603
90183	0.008697230161
90184	0.01461643271
90185	0.0005771011636
90186	0.01802062805
90187	0.006292932788
90188	0.004144281789
90189	0.001626633346
90190	0.002342550066
90191	0.01049457683
90192	0.00272194578
90193	0.007274685433
90194	0.002398886384
90195	0.01101122296
90196	0.003940142264
90197	0.005772512126
90198	0.00637801658
90199	0.003657884845
90200	0.005383226417
90201	0.006282342402
90202	6.839042732e-05
90203	0.003438843434
90204	0.0003912413051
90205	0.003354707091
90206	0.003395624652
90207	0.006814602881
90208	0.01325742068
90209	0.007520470383
90210	0.001170842537
90211	0.001581463356
90212	0.001043465591
90213	0.001186202415
90214	0.003879222644
90215	0.001003135471
90216	0.003810876638
90217	0.001585639278
90218	0.009461438221
90219	0.003053821721
90220	0.0007559807614
90221	0.0005396291027
90222	0.004465515556
90223	0.001706311384
90224	0.007963786568
90225	0.009498963829
90226	0.005414319136
90227	0.002670674768
90228	0.0004455334895
90229	0.00496151557
90230	0.006307715381
90231	0.001717461242
90232	0.008485658067
90233	0.008714155191
90234	0.0001342857821
90235	0.001425540826
90236	0.005033671796
90237	0.0002315032058
90238	0.004463160618
90239	0.01380445079
90240	0.01557111742
90241	0.00531849379
90242	0.006170240325
90243	0.007036418306
90244	0.002180157502
90245	0.005975858058
90246	0.001794921032
90247	0.001568849854
90248	0.003455267607
90249	0.003436491697
90250	0.008264436058
90251	0.002104974298
90252	0.0007001205396
90253	0.01439282125
90254	0.007856870632
90255	0.001332987702
90256	0.0003207476697
90257	0.008324104101
90258	0.01453035263
90259	0.003782307334
90260	0.01051158954
90261	0.008685471962
90262	0.00673583382
90263	0.003644065775
90264	0.003220275702
90265	0.002602904489
90266	0.01264337903
90267	0.001756451048
90268	0.0003076417993
90269	0.001162098321
90270	0.005172567166
90271	0.002947013711
90272	0.007831184445
90273	0.002867468478
90274	0.007343635188
90275	0.001010587318
90276	0.003825140262
90277	0.005987127167
90278	0.004947058475
90279	0.003329983205
90280	0.003668452884
90281	0.007672107197
90282	0.01235388589
90283	0.01248325808
90284	0.004139723108
90285	0.0003254580616
90286	0.003720464102
90287	0.00198408138
90288	0.005345547398
90289	0.003875274091
90290	0.008997335396
90291	0.004905839971
90292	0.007391189812
90293	0.0001983743822
90294	0.005005173627
90295	0.009239934209
90296	0.01089998511
90297	0.002624607656
90298	6.140092347e-09
90299	0.002720904885
90300	0.006914798228
90301	0.008915189574
90302	0.007646220073
90303	0.002047833213
90304	0.002871753323
90305	0.01020796796
90306	0.007297845691
90307	0.0004473639493
90308	0.001414797109
90309	0.0008371823241
90310	0.0003679630216
90311	0.006911380279
90312	0.003762950555
90313	0.003377921979
90314	0.006057903069
90315	0.004468598082
90316	0.0004639129257
90317	0.005282254495
90318	0.008346297893
90319	0.00196572209
90320	0.01187847285
90321	0.008662412721
90322	0.002253257766
90323	0.004588302057
90324	0.006449672429
90325	0.005230762395
90326	0.01366772884
90327	0.0004369936206
90328	0.004327860822
90329	0.002476659378
90330	0.00976688694
90331	0.02174550844
90332	0.004179818353
90333	0.005352732758
90334	0.007144576376
90335	0.005433898277
90336	0.006539939091
90337	0.0004305709817
90338	0.0001560775152
90339	0.000869177514
90340	0.0007694914074
90341	0.000884725655
90342	0.005122285976
90343	0.003349237905
90344	0.002979519398
90345	0.0003927535054
90346	0.004868985032
90347	0.00468226664
90348	0.009071544196
90349	0.0002151615659
90350	0.01016524545
90351	0.008483499475
90352	0.005839817138
90353	0.0001760106167
90354	0.01914932961
90355	0.006182218601
90356	0.01194809844
90357	0.0007333250523
90358	0.004751943064
90359	0.0031420928
90360	0.001944067304
90361	0.001465940196
90362	0.007819614289
90363	0.005502707479
90364	0.008205010271
90365	0.01052012917
90366	0.01096887308
90367	0.002272956538
90368	0.02572783928
90369	0.001648455735
90370	0.004294440176
90371	0.01229994865
90372	0.006384956644
90373	0.001283742878
90374	0.006232006939
90375	0.003253835322
90376	0.001947072315
90377	0.009220315492
90378	0.004536414223
90379	0.005709430601
90380	0.007325540403
90381	0.004010343692
90382	0.005583403693
90383	0.003014157248
90384	0.01558411037
90385	0.001889212585
90386	0.0005180232247
90387	0.002763609728
90388	0.00593253026
90389	0.00277696541
90390	0.003426759957
90391	0.0009392765377
90392	0.006566895931
90393	0.001222302119
90394	0.008823931991
90395	0.001615163245
90396	0.001764606365
90397	0.002734428126
90398	0.001518420492
90399	0.002397881613
90400	0.000700671711
90401	0.001057422817
90402	0.006914819044
90403	0.00269809232
90404	0.0003592181445
90405	0.002757694773
90406	0.001993512416
90407	0.001609713006
90408	0.005231035838
90409	0.006492691123
90410	0.004838474249
90411	0.003831041369
90412	0.002443962712
90413	0.003459031571
90414	0.0007517088792
90415	0.008057262969
90416	0.01131695238
90417	0.008273383597
90418	0.0005109034148
90419	0.001038569826
90420	0.006279346608
90421	0.01044073433
90422	0.007284831006
90423	0.0006378753496
90424	0.001086689846
90425	0.01221955884
90426	0.008393028665
90427	0.004591219322
90428	0.003936608625
90429	0.001039240605
90430	0.002566634254
90431	0.008731366071
90432	0.009645289331
90433	0.009784983708
90434	0.01658826689
90435	0.002649283762
90436	0.01612707624
90437	0.003926798086
90438	0.01107424185
90439	0.007240491668
90440	0.0007158685239
90441	0.0001401096397
90442	0.002422932349
90443	0.002332747932
90444	0.004678078975
90445	0.003823735166
90446	0.001609863842
90447	0.00648062554
90448	0.002542377564
90449	0.0001290130619
90450	0.001672040942
90451	0.006834613302
90452	0.003113581645
90453	0.00046853577
90454	0.00373803386
90455	0.02173135007
90456	0.001519137457
90457	0.00412590863
90458	0.009958455618
90459	0.00110470301
90460	0.004852193034
90461	0.003611498672
90462	0.006262482782
90463	0.003487222347
90464	0.001079383806
90465	0.001964890575
90466	0.004241167656
90467	0.002517244759
90468	0.0005357666982
90469	0.001480114221
90470	0.007970469786
90471	0.00293418465
90472	0.004683847202
90473	0.006040479152
90474	0.00714061152
90475	0.008467454709
90476	0.005658029193
90477	0.00306345252
90478	0.01239249404
90479	0.004180600103
90480	0.02208471982
90481	0.01338709046
90482	0.001987735396
90483	0.003204196171
90484	0.003337658356
90485	0.004464862345
90486	0.004086106643
90487	0.001968338532
90488	0.00243633842
90489	0.004422023543
90490	0.005056498538
90491	0.005755567948
90492	0.004616011444
90493	0.009594747346
90494	0.003007511324
90495	0.007601146928
90496	0.01440372306
90497	0.004473245171
90498	0.004523605519
90499	0.005065050636
90500	0.001374434498
90501	0.0008415669129
90502	0.01481358287
90503	0.0002324760217
90504	0.0002370982149
90505	0.01420583698
90506	0.0007268510909
90507	0.0003995291519
90508	0.008043919352
90509	0.006594174292
90510	0.0137731018
90511	0.004077005503
90512	0.0007816236369
90513	0.006858740132
90514	0.003770360725
90515	0.005564766068
90516	0.01043197061
90517	0.004023229619
90518	0.001428727578
90519	3.567631988e-05
90520	0.001198428379
90521	0.0005996344387
90522	0.0010652847
90523	0.009482873598
90524	0.0007688144142
90525	0.002344808618
90526	0.001755839408
90527	0.005460898458
90528	0.007113846507
90529	0.009083310731
90530	0.003139930305
90531	0.005732529941
90532	0.0007635653108
90533	0.002077818097
90534	0.006428300285
90535	0.0005125342847
90536	0.009325838221
90537	0.002938394839
90538	0.01602867858
90539	0.003773608232
90540	0.0006465854538
90541	0.001568540183
90542	0.000394094027
90543	0.0008656784163
90544	0.00132202366
90545	0.0005677188613
90546	0.0008543560664
90547	0.002244600137
90548	0.0003824762967
90549	0.0007021600959
90550	0.01633520222
90551	0.006843857731
90552	0.01102582369
90553	0.0005323066887
90554	0.005360591859
90555	0.008474183412
90556	0.002120229001
90557	0.002950485641
90558	0.001628635955
90559	0.01218901829
90560	0.0009388313092
90561	0.01362779232
90562	0.008893135881
90563	0.004939770192
90564	0.0004649716197
90565	0.001110104317
90566	0.0006108975476
90567	0.0006582535364
90568	0.002040123356
90569	0.006189962758
90570	0.0005621403068
90571	0.003336863898
90572	0.002314158891
90573	5.859591262e-05
90574	0.0007784233023
90575	0.001311074924
90576	0.004408196309
90577	0.01290672857
90578	0.00308614329
90579	0.008799393236
90580	0.01232078615
90581	0.001716101585
90582	0.003227181348
90583	0.002440898825
90584	0.01082225756
90585	0.001125283497
90586	0.0003414862437
90587	0.001523477242
90588	0.002874301063
90589	0.006286074319
90590	0.01113901158
90591	0.006325137917
90592	0.01266444181
90593	0.005600643593
90594	0.002155502534
90595	0.0028560545
90596	0.002465407578
90597	0.002608237885
90598	0.002562728284
90599	0.005702602271
90600	0.004438118801
90601	0.002206275913
90602	0.002976377705
90603	0.004426257254
90604	0.002013171289
90605	0.000950272513
90606	0.005662451513
90607	0.001541770411
90608	0.00385003496
90609	0.004683042265
90610	0.005179881933
90611	0.003330596002
90612	0.003475213451
90613	0.002130107116
90614	0.005263181142
90615	0.01131516819
90616	0.001475716829
90617	0.003755919819
90618	0.002808748864
90619	0.0009910161186
90620	0.002784561332
90621	0.0062358182
90622	0.00367778313
90623	0.001011021138
90624	0.01383581015
90625	0.01122712933
90626	0.000304042011
90627	0.002734597137
90628	0.001695320082
90629	0.009263442244
90630	0.001803224777
90631	0.0009904965841
90632	0.002873898188
90633	0.004806070515
90634	0.002942108481
90635	0.0006757536293
90636	0.007159203865
90637	0.004919043703
90638	0.0004755224003
90639	0.002779970005
90640	0.0003778733082
90641	2.297400662e-05
90642	0.01056305049
90643	0.002704140888
90644	0.002155288192
90645	0.004589149587
90646	0.009521035533
90647	0.003811180705
90648	0.001368899257
90649	0.004942290714
90650	0.004978738854
90651	0.0006490893817
90652	0.0009044932821
90653	0.001816946435
90654	0.002505382722
90655	0.01174836124
90656	0.006332231827
90657	0.002138049139
90658	0.003108247736
90659	0.001941202256
90660	0.004816075622
90661	0.01012673591
90662	0.001206201569
90663	0.0006051764845
90664	0.01369030613
90665	0.01045792834
90666	0.00730851595
90667	0.009618902882
90668	0.002462244964
90669	0.004024888536
90670	0.002384713073
90671	0.002386514023
90672	0.01165104426
90673	0.002580162928
90674	0.005647213693
90675	0.003282625025
90676	0.001695047717
90677	0.00368888626
90678	0.007554199452
90679	0.0004987531066
90680	0.005974072487
90681	0.003571470339
90682	0.004691315963
90683	0.0002023802788
90684	0.001977369992
90685	0.01000166341
90686	0.002437079935
90687	0.0004135294944
90688	0.006144518808
90689	0.003222732739
90690	0.003596728572
90691	0.002069539262
90692	0.006256447334
90693	0.006452539726
90694	0.001601306281
90695	0.004346773252
90696	0.002636712737
90697	0.006297018809
90698	0.00465478753
90699	0.002649212939
90700	0.001546744644
90701	0.005002321682
90702	0.0002355151944
90703	0.003366389031
90704	0.0004186470158
90705	0.0009401738231
90706	0.001636121457
90707	0.01064377015
90708	0.0007691737122
90709	0.001118172411
90710	0.005320467766
90711	0.002173100255
90712	0.004597930134
90713	0.004450017607
90714	0.001544164275
90715	0.004735003511
90716	0.005390418107
90717	0.001500987242
90718	0.005792507567
90719	0.00358632978
90720	0.004081682051
90721	0.0006868798844
90722	0.00781159677
90723	0.001546161442
90724	0.005262056901
90725	0.0009277982626
90726	0.001467437326
90727	0.002334328094
90728	0.00340584683
90729	0.002626298834
90730	0.006324749426
90731	0.007669507426
90732	0.009192254145
90733	0.01800051293
90734	0.00949772051
90735	0.004624491224
90736	0.004630433287
90737	0.002615255735
90738	0.002567328751
90739	0.01286411335
90740	0.002734893114
90741	0.006534089606
90742	0.007634883466
90743	0.01495704551
90744	0.004207104802
90745	0.003762145407
90746	0.0003247737584
90747	0.008401441155
90748	0.001611892366
90749	0.001306133826
90750	0.0008450811054
90751	0.003214014649
90752	0.008641351054
90753	0.006798735441
90754	0.002178270587
90755	0.003396462297
90756	0.001672530528
90757	0.007137567362
90758	0.005178324078
90759	0.006127066424
90760	0.003922913156
90761	0.003376383202
90762	0.004694177645
90763	0.001401653045
90764	0.003950910778
90765	0.005132619297
90766	0.00322794967
90767	0.00215568766
90768	0.003619452693
90769	0.002810228275
90770	0.0004460048491
90771	0.002457721427
90772	0.0002023649152
90773	0.003659769406
90774	0.0007107732049
90775	0.0004483904683
90776	0.0007248131338
90777	0.0009747766706
90778	0.00376372124
90779	0.001560617128
90780	0.006491352834
90781	0.001327279268
90782	0.00489613343
90783	0.008265100148
90784	0.01868909116
90785	0.005953143533
90786	0.005277547695
90787	0.0005932677257
90788	0.003749610655
90789	0.00427962163
90790	0.002547621274
90791	0.002132633098
90792	0.004799533038
90793	0.003696808904
90794	0.004717796233
90795	0.003882079837
90796	0.0007311884826
90797	0.00216456876
90798	0.003147640514
90799	0.002279405053
90800	0.007444282676
90801	0.0007714466501
90802	0.0007424206662
90803	0.002885384696
90804	0.0003969732481
90805	0.0004778075161
90806	0.004291256855
90807	0.01122523908
90808	0.0103323286
90809	0.002661462394
90810	0.005472219845
90811	5.634377331e-05
90812	0.001288879643
90813	0.003299047397
90814	0.0007171267366
90815	0.0009632966075
90816	0.003786830357
90817	0.002552121473
90818	0.003573340612
90819	0.00285686893
90820	0
90821	0.0008293579995
90822	0.001139423302
90823	0.001825240811
90824	0.0006105332564
90825	0.0004036473387
90826	2.782940479e-05
90827	0.0006467312974
90828	0.003681805233
90829	0.001551476748
90830	0.003705159396
90831	0.003435138733
90832	0.002677984229
90833	0.002419198946
90834	0.0001876712248
90835	0.001648640927
90836	0.0002020805353
90837	0.001160338919
90838	0.003284200018
90839	0.001546218365
90840	0.0009589966788
90841	0.003318168254
90842	0.002783268537
90843	0.000750422554
90844	0.008105832652
90845	0.006687716087
90846	0.004061802337
90847	0.007449956275
90848	5.765208068e-05
90849	0.007558160096
90850	0.009223451702
90851	0.009084732115
90852	0.004190257276
90853	0.0008937548875
90854	0.00297225323
90855	0.007805190616
90856	0.003832771035
90857	0.01144302943
90858	0.004566136656
90859	0.005244587485
90860	0.008485272845
90861	0.002884227395
90862	0.01335807032
90863	0.002394567364
90864	0.003533723771
90865	0.00108674681
90866	0.003614804099
90867	0.006156100848
90868	0.000566757873
90869	0.003247744454
90870	0.004954362078
90871	0.001049004315
90872	0.00233423842
90873	0.0002683765844
90874	0.01036518941
90875	0.0007962461652
90876	0.01029405947
90877	0.0009747904873
90878	0.008273325776
90879	0.0006012799618
90880	0.003211045607
90881	0.005476130216
90882	0.001170027594
90883	0.00353909083
90884	0.002748804553
90885	0.004491238869
90886	0.001308839756
90887	0.001990533816
90888	0.004530660038
90889	0.001365986747
90890	0.001235799952
90891	0.004181658765
90892	0.009035548631
90893	0.003608116225
90894	0.004499162577
90895	0.002005917199
90896	0.002631111921
90897	0.000467311459
90898	0.0002865468189
90899	0.001600552933
90900	0.001162096128
90901	0.002973890176
90902	0.003683598363
90903	0.006231245946
90904	0.002884772851
90905	0.002883225536
90906	0.003928657238
90907	0.008063090975
90908	0.006120737374
90909	0.01009655385
90910	0.006059918538
90911	0.01447400863
90912	0.001259634391
90913	0.0002560942778
90914	0.002535328994
90915	0.007799314618
90916	0.002346640056
90917	0.006365099454
90918	0.003058423417
90919	0.001808655302
90920	0.003312645036
90921	0.007779876186
90922	0.01107322193
90923	0.004207370476
90924	0.006238168727
90925	0.006075773927
90926	0.0006613825793
90927	0.002684606898
90928	0.004563841394
90929	0.01104168111
90930	0.01121794211
90931	0.0007189719575
90932	0.002833140591
90933	0.003546714227
90934	0.003074703186
90935	0.0001138612037
90936	0.001635886986
90937	0.001411863829
90938	0.003543289273
90939	0.004456946013
90940	0.003205853119
90941	0.0005363541334
90942	0.001678429724
90943	0.001947086903
90944	0.002907425278
90945	0.001308541421
90946	0.003827142352
90947	0.0159729062
90948	0.0003287400448
90949	0.001761246595
90950	0.001722251947
90951	0.00107762722
90952	0.001425172464
90953	0.0009898495499
90954	0.005562235053
90955	0.006199091174
90956	0.0002114657148
90957	0.008484281163
90958	0.005876584222
90959	0.006186516747
90960	0.004718870724
90961	0.004873977028
90962	0.001622789265
90963	0.00464102884
90964	0.006813134797
90965	0.009281751901
90966	0.006328738619
90967	0.004165897602
90968	0.00625876024
90969	0.001723576205
90970	0.005163771076
90971	0.005068747622
90972	0.005292808142
90973	0.0003977584968
90974	0.009013531606
90975	0.004925292681
90976	0.0002169143004
90977	0.002135254571
90978	0.01266712622
90979	0.0006203891703
90980	0.004951065804
90981	2.05864064e-05
90982	0.004760462753
90983	0.008441336771
90984	0.004666877273
90985	0.002504247548
90986	0.004272721637
90987	0.002236205199
90988	0.007255509789
90989	0.007085377726
90990	0.0007562720182
90991	0.002652059582
90992	0.01108572436
90993	0.003946191267
90994	0.0005007705644
90995	0.004099218224
90996	0.00713382567
90997	0.005021931209
90998	0.0006556939584
90999	0.005151489156
91000	0.004317307972
91001	0.003881122438
91002	0.001237488487
91003	0.001087405084
91004	0.007266839438
91005	0.002165119936
91006	0.009587665057
91007	0.0002071541656
91008	0.0015338521
91009	2.83962718e-06
91010	0.0006475260211
91011	0.001246702877
91012	0.001720160224
91013	0.01572875576
91014	0.005219941869
91015	0.005573051926
91016	0.003073436962
91017	0.002583985456
91018	0.001173155449
91019	0.00144695604
91020	0.01214293788
91021	0.0085038164
91022	0.0002368209688
91023	0.0007141903247
91024	0.0004477617942
91025	0.001219588913
91026	0.0006210468785
91027	0.008718583216
91028	0.002780773169
91029	0.001827683669
91030	0.004900624281
91031	0.0001802145709
91032	0.003319501954
91033	0.006660944459
91034	0.005718882738
91035	0.0006537141329
91036	0.001859153731
91037	0.0007184042013
91038	0.001595664143
91039	0.007739160182
91040	0.0024488369
91041	0.003360433112
91042	0.003030786967
91043	0.007190125803
91044	0.006232652927
91045	0.008911359239
91046	0.003991543915
91047	0.0003288992896
91048	0.0008153805998
91049	0.001729586087
91050	0.001232819489
91051	0.01081907196
91052	3.872417136e-05
91053	0.01312362663
91054	0.004224998033
91055	0.001482801807
91056	0.000951722482
91057	0.005694314305
91058	0.0007212102206
91059	0.00501645274
91060	0.001274211411
91061	0.002260581437
91062	0.0004608515537
91063	0.01100268469
91064	0.005648311608
91065	0.01223158802
91066	0.005428715675
91067	0.003074826003
91068	0.006269985051
91069	0.005986510394
91070	0.0008028544426
91071	0.007277278756
91072	0.001476032985
91073	0.002782800915
91074	0.01014994147
91075	0.01275313952
91076	0.01102204827
91077	0.004157461489
91078	0.009567780147
91079	0.005018018249
91080	0.0001097438279
91081	0.0006442023166
91082	0.002819429253
91083	0.001495062661
91084	0.0001245218105
91085	0.001575279611
91086	0.001248838198
91087	0.002358980249
91088	0.003045296384
91089	0.002930163667
91090	0.00199677427
91091	0.003664069696
91092	0.001602435474
91093	0.005429688302
91094	0.004224704426
91095	0.005376105467
91096	0.006637885305
91097	0.005220546904
91098	0.004355534892
91099	0.002272856393
91100	0.000723230597
91101	0.005912320166
91102	0.000455824617
91103	0.0004639275875
91104	0.0218301221
91105	0.00360119704
91106	0.01428435287
91107	0.0004002183184
91108	0.003564649114
91109	0.01272530264
91110	0.003919402786
91111	0.00959842559
91112	0.002939119342
91113	0.007194833407
91114	0.002560046942
91115	0.00594061765
91116	0.003107352487
91117	0.01185450951
91118	0.001437110051
91119	0.008687854371
91120	0.01416926605
91121	4.425513498e-05
91122	0.005929403744
91123	0.00433493075
91124	0.01047891357
91125	0.00239944068
91126	0.0005691712464
91127	0.0004241680452
91128	0.005846102701
91129	0.001623526363
91130	0.002395443187
91131	0.003221197055
91132	0.00687453659
91133	0.004617896223
91134	0.01443502328
91135	0.006449043709
91136	0.004286967458
91137	0.009396531613
91138	0.002740458011
91139	0.005938545216
91140	0.008425088263
91141	0.01998779286
91142	0.004298491958
91143	0.005434666581
91144	0.0008163961108
91145	0.002185677881
91146	0.000932171202
91147	0.001187853237
91148	0.0008072514952
91149	0.001619168818
91150	0.00251933837
91151	0.002391416133
91152	0.0002497125262
91153	0.001751012846
91154	0.0006691621948
91155	0.0001707510402
91156	0.0001163639784
91157	0.0008070483696
91158	0.001909349369
91159	7.824020313e-06
91160	0.0017403612
91161	0.0005561439127
91162	0.000505969128
91163	0.0006926521618
91164	0.001445284782
91165	0.001900896387
91166	0.0001420175254
91167	0.0008212845342
91168	0.000675505678
91169	0.0001570575852
91170	0.002574492533
91171	0.001457964731
91172	0.002878654411
91173	0.0002892936596
91174	0.0004098817583
91175	0.0001493106475
91176	0.001352450946
91177	0.002168988723
91178	0.0005361401498
91179	0.0002775680728
91180	0.001484482824
91181	0.00120007953
91182	0.002016752971
91183	0.0001369937503
91184	0.0006452440273
91185	0.0001086216139
91186	0.001895997979
91187	0.001221618462
91188	0.0003883863368
91189	0.0001363719216
91190	0.000392158477
91191	0.0004192998909
91192	0.001729145566
91193	0.002697630717
91194	1.135373975e-05
91195	0.0005443361003
91196	0.0006806496457
91197	0.0005248205406
91198	0.001737868194
91199	0.0004018085203
91200	0.0005653456614
91201	0.000134454326
91202	0.0002948682119
91203	0.0004228037226
91204	0.001767388069
91205	0.0002680479861
91206	0.000141740467
91207	6.257312031e-06
91208	0.001882423113
91209	0.001852315924
91210	3.353678703e-06
91211	0.0002767330938
91212	0.0002642235351
91213	0.001100022105
91214	1.830542959e-05
91215	0.0005179007022
91216	0.00119127981
91217	0.001906085944
91218	0.0002486384244
91219	0.002011390906
91220	0.002306739737
91221	0.000382834403
91222	0.001882044958
91223	0.002151726679
91224	0.002311077392
91225	0.002559331449
91226	0.002523480202
91227	0.000671667732
91228	0.0004162369021
91229	0.001363407187
91230	0.001047779934
91231	0.002938811351
91232	0.0001129750151
91233	0.0003917334105
91234	0.00120916638
91235	0.0009707631525
91236	0.001612308783
91237	0.001771178274
91238	0.000276381271
91239	0.000307834531
91240	0.0007841281547
91241	0.005671319507
91242	0.008655699631
91243	0.006021969757
91244	0.002844306401
91245	0.002285678222
91246	0.002054318349
91247	0.007523161671
91248	0.001775083556
91249	0.004086957506
91250	0.004657541445
91251	0.0001275014314
91252	0.01701325024
91253	0.004189494575
91254	0.00222851046
91255	0.006727243874
91256	0.0003481995943
91257	0.009178417831
91258	0.008376767507
91259	0.002191246233
91260	0.0005458076309
91261	0.00693512133
91262	0.0001914460808
91263	0.001793107585
91264	0.001558794492
91265	0.0169482634
91266	0.001036703119
91267	0.0008923035971
91268	0.003581798326
91269	0.0003887447853
91270	0.0005790516026
91271	0.0007738000348
91272	0.0001158502233
91273	0.0005805065649
91274	0.003674776581
91275	0.004845735654
91276	0.004358468512
91277	0.004572058609
91278	0.003114776208
91279	0.002994330013
91280	0.002263914885
91281	0.001938203666
91282	0.004748415836
91283	0.005538439504
91284	0.003901552167
91285	0.003222261497
91286	0.003040797694
91287	0.006355705607
91288	0.005201468644
91289	0.008169465741
91290	0.001755401881
91291	0.002854373624
91292	0.001947844938
91293	0.002834512207
91294	0.00696577155
91295	0.002744955496
91296	0.001426146852
91297	0.001514298397
91298	0.001098199415
91299	0.0004919854053
91300	7.876848706e-05
91301	0.006405486329
91302	0.0008740061372
91303	0.003216554799
91304	0.01265898536
91305	0.001936882619
91306	0.01097106433
91307	0.007251519108
91308	0.001477868454
91309	0.01367270404
91310	0.005470435719
91311	0.005974704662
91312	0.004872313659
91313	0.0001736158997
91314	0.01308983884
91315	0.009642022532
91316	0.0001016159567
91317	0.0001463121534
91318	0.002208230058
91319	0.0002621577243
91320	0.0006714261261
91321	0.001835507098
91322	5.468296148e-05
91323	0.006804936354
91324	0.003645539764
91325	0.002425528199
91326	0.002439044512
91327	0.0009790612461
91328	0.004582091631
91329	0.001994542264
91330	0.002005318845
91331	0.002557078677
91332	0.005973947843
91333	0.005516478302
91334	0.009931126267
91335	0.005223330867
91336	0.004869971458
91337	0.01046104427
91338	0.002995703232
91339	0.002735042399
91340	0.002732578552
91341	0.0005638557069
91342	0.0007013647515
91343	0.0001111640977
91344	0.003999849559
91345	0.0002498572848
91346	0.01094248174
91347	0.007695712345
91348	0.004771437755
91349	0.007198622505
91350	0.006987925713
91351	0.000733349325
91352	0.003836488877
91353	0.005214685747
91354	0.007677221649
91355	0.007847209198
91356	0.001310154893
91357	0.001451519353
91358	0.0003518984227
91359	0.007176223524
91360	0.005846689214
91361	0.0003155831693
91362	0.005491495589
91363	0.003822895324
91364	0.005778622967
91365	7.444840312e-05
91366	0.0003163254473
91367	0.001264393277
91368	7.02017225e-07
91369	0.0004265390851
91370	0.01906742559
91371	0.003468319913
91372	0.002360338562
91373	0.01138604067
91374	0.005740781143
91375	0.005606949187
91376	0.00384719103
91377	0.004054925447
91378	0.001575781364
91379	0.008189240544
91380	0.0007769765898
91381	0.00295249226
91382	0.00319224298
91383	0.01001737378
91384	0.002001201784
91385	0.001232695377
91386	0.0005996912654
91387	0.0009633732186
91388	0.0163892655
91389	0.002100832642
91390	0.002852429657
91391	0.001305493708
91392	0.003137709314
91393	0.002937877001
91394	0.01260100621
91395	0.005220565376
91396	0.001199699177
91397	0.00128974545
91398	0.004940026034
91399	0.001249125675
91400	0.0001040293137
91401	0.002794617906
91402	0.009806677053
91403	0.0001071619347
91404	0.002143043902
91405	0.002894458524
91406	0.0008504255319
91407	0.0006560880216
91408	0.002603866535
91409	0.001379458995
91410	0.006109974486
91411	0.005924013163
91412	0.004322009425
91413	0.006159273024
91414	0.001375039594
91415	5.413757472e-05
91416	0.003282344434
91417	0.003759065977
91418	0.01256148478
91419	0.007516089124
91420	0.002376204694
91421	0.005324997714
91422	0.001690885159
91423	0.003790290042
91424	0.0005167907052
91425	7.148580678e-05
91426	0.009651587191
91427	0.005873863567
91428	0.000367476224
91429	0.006297907567
91430	0.0114876305
91431	0.006340481803
91432	0.0005765528887
91433	0.001095202744
91434	0.0003256989546
91435	0.001475561705
91436	0.00264798933
91437	0.005226726273
91438	0.008347120189
91439	0.01603849679
91440	0.0006249065271
91441	0.001005452095
91442	0.0004094064589
91443	0.0002751551607
91444	0.01147841352
91445	0.02332792106
91446	0.002372436343
91447	0.001873707105
91448	0.01436520983
91449	0.003514392967
91450	0.003900866049
91451	0.01836348122
91452	0.0001555012634
91453	0.007140165678
91454	0.003332511341
91455	0.005520348713
91456	0.005198533575
91457	0.001674912499
91458	0.008054989946
91459	0.003488584068
91460	0.004892021881
91461	0.003088035286
91462	0.005552997841
91463	0.0006140750832
91464	0.000165439787
91465	0.0009292627804
91466	0.0148286813
91467	0.0004268649445
91468	0.009522549609
91469	0.00171891921
91470	0.002080223948
91471	0.0002032817522
91472	0.0009766173696
91473	0.003752050125
91474	0.01600614117
91475	0.02385861832
91476	0.01190587425
91477	0.002496796023
91478	0.00671587657
91479	0.005710155254
91480	0.003980985578
91481	0.006993542929
91482	0.005868540113
91483	0.005537906406
91484	0.0008140495422
91485	0.003156971677
91486	0.00205419019
91487	0.009411339771
91488	0.005111096389
91489	0.004484457553
91490	0.0004440804815
91491	0.004892709566
91492	0.01071322697
91493	0.01030722255
91494	0.001067584335
91495	0.006265666159
91496	0.005683551021
91497	0.0006284411949
91498	0.003233714825
91499	0.00398666957
91500	0.006686783404
91501	0.0007681423357
91502	0.004227954986
91503	0.0003718771813
91504	0.001707085162
91505	0.0046598489
91506	0.01734895455
91507	0.01795849816
91508	9.739027679e-06
91509	0.0009959124544
91510	0.007716821507
91511	0.01083849894
91512	0.0004930911588
91513	0.0008953483641
91514	0.00989955782
91515	0.00865533999
91516	0.008475845456
91517	0.0087708731
91518	0.003034409502
91519	0.008380852239
91520	0.01436055581
91521	0.01384364892
91522	0.001162699562
91523	0.006979804211
91524	0.001337499474
91525	0.001298024905
91526	0.003980069208
91527	0.00093383973
91528	0.005547231489
91529	0.0007898321521
91530	0.009877548427
91531	0.007709415593
91532	0.006233669997
91533	0.0001288632396
91534	0.005846566619
91535	0.002347908857
91536	0.002749661371
91537	0.002482557083
91538	0.002442170154
91539	0.007072513708
91540	0.01246192174
91541	0.002707834735
91542	0.000955104333
91543	6.533948048e-05
91544	0.000132957524
91545	0.001317937569
91546	0.002158404046
91547	0.0008169914112
91548	0.0002722307512
91549	0.01112527434
91550	0.006165819459
91551	0.000196480426
91552	0.0063304206
91553	0.0001750206925
91554	0.006984373603
91555	0.003138774697
91556	0.001450055545
91557	0.00600216816
91558	0.01032322107
91559	0.005291849247
91560	0.0005805927311
91561	0.01214656388
91562	0.001703916823
91563	0.0005657685971
91564	0.002360689158
91565	0.008985710428
91566	0.004760439431
91567	0.0007057755633
91568	0.00188202337
91569	0.004701133741
91570	0.001208227308
91571	0.003266138478
91572	0.003664731179
91573	0.00127020225
91574	0.01955125589
91575	0.01050863981
91576	0.0001966721141
91577	0.006485347122
91578	0.004538730946
91579	0.003226401911
91580	0.002859774589
91581	0.009796213437
91582	0.001186791847
91583	0.002121999576
91584	0.001347972042
91585	0.0002731484475
91586	1.769237227e-05
91587	0.0005340084961
91588	0.001260863851
91589	0.006675561532
91590	0.0008269924343
91591	0.004421182629
91592	0.001343307558
91593	0.007293300763
91594	0.001004898316
91595	0.001122369423
91596	0.0009146816123
91597	0.0004218385372
91598	0.0009148285597
91599	0.0008920285974
91600	0.0143052438
91601	0.002463163421
91602	0.01429894366
91603	0.001927793126
91604	0.0007931447534
91605	0.005610492972
91606	0.009868408287
91607	0.004819723036
91608	0.006806084196
91609	0.002062199525
91610	0.001407433302
91611	0.004204340551
91612	0.0003782924154
91613	0.004077687628
91614	0.002502065827
91615	0.00141887277
91616	0.0007243905465
91617	0.0004834483762
91618	0.002206940411
91619	0.001808898243
91620	0.004433087756
91621	0.0007794045293
91622	0.002710472746
91623	0.003972703196
91624	0.001123810705
91625	0.003156534327
91626	0.0003606635028
91627	0.0007974104123
91628	0.00569448479
91629	0.002697055821
91630	0.00127840364
91631	0.001838710242
91632	0.000465092287
91633	0.000495512952
91634	0.003759367232
91635	0.004833395698
91636	0.004317791547
91637	0.003519522958
91638	0.006792138215
91639	0.002995385362
91640	0.002750022264
91641	0.001695431964
91642	0.008276834434
91643	0.003668883528
91644	0.002881187746
91645	0.00257624469
91646	0.002392561989
91647	0.0002065750214
91648	0.003504923455
91649	0.003461367251
91650	0.002057683978
91651	0.003569332228
91652	0.003776048134
91653	0.002731257216
91654	0.003518318381
91655	0.004154104846
91656	0.0002630706139
91657	0.005525847974
91658	0.001517617907
91659	0.002564668832
91660	0.001076957424
91661	0.007271760798
91662	0.002544921391
91663	0.001961625897
91664	0.0009590893508
91665	0.006457574006
91666	0.01184558643
91667	0.0029523595
91668	0.003598056381
91669	2.053960168e-05
91670	0.004466288365
91671	0
91672	0.003497401808
91673	0.001241884166
91674	0.004330191074
91675	0.008153357439
91676	0.001496570673
91677	0.0005528722556
91678	0.00430210904
91679	0.007141031256
91680	5.098220102e-05
91681	0.003248339037
91682	0.0003266103243
91683	0.001898649943
91684	0.00109246953
91685	0.0005453921189
91686	0.002400073979
91687	0.0008403847124
91688	1.886635214e-05
91689	0.0003614129193
91690	0.0003612826477
91691	0.0002357351845
91692	0.002848065906
91693	0.001301935057
91694	0.0007385874554
91695	0.002305090314
91696	0.005575822889
91697	0.009627020463
91698	0.003804562211
91699	0.001116677422
91700	0.004177723005
91701	0.003254160307
91702	0.002014021617
91703	0.000968753231
91704	0.001629110975
91705	0.00102714309
91706	0.001324854682
91707	0.003319858611
91708	0.003140148272
91709	0.003140774405
91710	0.003035762966
91711	0.0008318964211
91712	0.002006902849
91713	0.0001564587412
91714	0.004523707899
91715	0.01109733711
91716	0.001583121281
91717	0.00770683223
91718	0.001766270111
91719	0.002289674689
91720	0.0007041285334
91721	0.002284058388
91722	0.002135474831
91723	0.0002707791403
91724	0.005411935642
91725	0.01351904241
91726	0.007398088071
91727	0.007233161935
91728	0.00530059908
91729	0.001107283094
91730	0.004949049039
91731	0.001909001609
91732	0.003693493273
91733	0.004293291809
91734	0.004242474239
91735	0.001263267943
91736	0.001796432729
91737	0.0005381608402
91738	0.005534056887
91739	0.001848009797
91740	0.009144344116
91741	0.005965825097
91742	0.004785834819
91743	0.0005837261983
91744	0.008024705141
91745	0.001778597223
91746	0.001847139139
91747	0.002933644009
91748	0.008896461986
91749	0.008634140127
91750	0.002176228443
91751	0.007548303042
91752	0.01045335504
91753	0.003022442449
91754	0.006912315423
91755	0.001022339568
91756	0.01156164389
91757	0.01323717786
91758	0.01085017674
91759	0.01529963688
91760	0.01011252354
91761	0.001335451941
91762	0.008525911086
91763	0.0011445392
91764	0.0032424626
91765	0.00469063689
91766	0.007807877982
91767	0.002520149034
91768	0.006110879298
91769	0.0005174665615
91770	0.004291749384
91771	0.003666151657
91772	0.009086371269
91773	0.009201791305
91774	0.008420622948
91775	0.004159526066
91776	0.002477108019
91777	0.005490719789
91778	0.0003080172598
91779	0.0007486325274
91780	0.008233000555
91781	0.001836074113
91782	0.004240943315
91783	0.01173758644
91784	0.0116123448
91785	0.002407333071
91786	0.006840291254
91787	0.01028548523
91788	0.003960124521
91789	0.0003694637075
91790	0.004431849265
91791	0.004285775034
91792	0.0003808361068
91793	0.003102789213
91794	0.006408564833
91795	0.004899825575
91796	0.0007926644467
91797	0.00144179279
91798	0.01220640455
91799	0.006684173189
91800	0.001748373125
91801	0.002078835721
91802	0.001285532993
91803	0.004001680378
91804	0.001203214901
91805	0.001015202787
91806	0.0005516586024
91807	0.001017359927
91808	0.003419590446
91809	0.0006595303061
91810	0.002154125955
91811	0.0004454163193
91812	0.006642456366
91813	0.005504810916
91814	0.003044461255
91815	0.003184290548
91816	0.009969431069
91817	0.004628505676
91818	0.00143348791
91819	0.003069012476
91820	0.001619800238
91821	0.001494258493
91822	0.007769343694
91823	0.006765146972
91824	0.0009549085804
91825	0.009248529932
91826	0.001436032247
91827	0.001466475721
91828	0.002662376659
91829	0.00114726024
91830	0.01038024392
91831	0.0008297735235
91832	0.003143641037
91833	0.001950044834
91834	0.006911915188
91835	0.004700535472
91836	0.004455503456
91837	0.0004477227316
91838	2.918171632e-05
91839	0.001281283608
91840	0.0001128459287
91841	0.00593645504
91842	0.003070818955
91843	0.004356215037
91844	0.0002771204278
91845	0.004376469034
91846	0.002350490921
91847	0.009731885393
91848	0.004018775275
91849	0.003246956364
91850	0.003963042038
91851	0.0002456571734
91852	0.001174531212
91853	0.003269685484
91854	0.0005751828672
91855	0.0008534656438
91856	0.003037659129
91857	0.001495909993
91858	0.0006577281511
91859	0.00560870314
91860	0.002787036858
91861	0.0003484943141
91862	0.007385059493
91863	0.0005927513164
91864	0.006779292542
91865	0.005099042276
91866	0.0005715852534
91867	0.009859057328
91868	0.0009143646219
91869	0.001025773967
91870	0.002264732515
91871	0.002307981345
91872	0.01008941853
91873	0.0002279376671
91874	0.003143539995
91875	0.002555654491
91876	0.0001777960732
91877	0.003559878015
91878	0.001642014348
91879	0.005240699838
91880	0.002106779338
91881	0.004195109648
91882	0.0013787427
91883	0.001127561901
91884	0.005186758054
91885	0.002630348977
91886	0.001047155619
91887	0.0007052295628
91888	0.00113917499
91889	0.002772626308
91890	0.002430782939
91891	0.0009292338079
91892	0.001536267752
91893	0.003459526606
91894	0.00500678596
91895	0.0009640507847
91896	0.003280173194
91897	0.002403314378
91898	0.003141668768
91899	0.00378593965
91900	0.0004276921467
91901	0.0003709080009
91902	0.00412829591
91903	0.007821756798
91904	0.004838770055
91905	0.003187484029
91906	0.002205907064
91907	0.002386439599
91908	1.036761109e-05
91909	0.005134741405
91910	0.0001034718414
91911	0.0005882647347
91912	0.0002784819942
91913	0.004654280345
91914	0.006048824844
91915	0.001786344292
91916	0.000200301904
91917	0.0002524294023
91918	0.005842545654
91919	0.004206903949
91920	0.001732519173
91921	0.004645329297
91922	0.0005203130956
91923	0.002281197215
91924	0.007230586736
91925	0.003526316666
91926	0.0003866304258
91927	0.004824165657
91928	0.002085920766
91929	0.00166656141
91930	0.002522194511
91931	0.0078158948
91932	0.008656371567
91933	0.0007060598341
91934	0.003460140365
91935	0.0006545394141
91936	0.00392851273
91937	0.002482522405
91938	0.002663055184
91939	0.003556116104
91940	0.003173263215
91941	0.004259992197
91942	0.002411782964
91943	0.000452208996
91944	0.004387097652
91945	0.002995767254
91946	0.002183327576
91947	0.003542744881
91948	0.006696969155
91949	0.001352490174
91950	0.008559510862
91951	0.0005780190342
91952	0.003123157492
91953	0.001594550506
91954	0.007425915012
91955	0.0001470973218
91956	0.0003543717518
91957	0.009601333696
91958	0.003635650976
91959	0.007826640381
91960	0.0006830115238
91961	0.00239662788
91962	0.006014608756
91963	0.006633275901
91964	0.0008479649046
91965	0.0001252251799
91966	0.00859538071
91967	0.00477705382
91968	0.005009267786
91969	0.004809989599
91970	0.001949395734
91971	0.004821689261
91972	0.000723782271
91973	0.0004086935274
91974	0.002210079341
91975	0.004206891855
91976	0.002210094495
91977	0.0001582443852
91978	0.002504542131
91979	0.001367968653
91980	0.002484915272
91981	0.002853884381
91982	0.002398701905
91983	0.00500822621
91984	0.004074153358
91985	0.00306611861
91986	0.003051870792
91987	0.005934306804
91988	0.002150242296
91989	0.0069467409
91990	0.0001145591891
91991	0.0005394563513
91992	0.004023237633
91993	0.002742514737
91994	0.004603964697
91995	0.00249562038
91996	0.001436991024
91997	0.002071044364
91998	0.004698717411
91999	0.005255213741
92000	0.003771417734
92001	0.0002306258332
92002	0.008411761463
92003	0.002846067271
92004	0.004049872954
92005	0.001666478633
92006	0.003964991724
92007	0.003574864593
92008	0.0007872002119
92009	0.007241048178
92010	0.003323608561
92011	0.004966053597
92012	0.002210169121
92013	0.008781964761
92014	0.0007883407657
92015	0.002570006017
92016	0.000275597007
92017	0.0007818440111
92018	0.002776017339
92019	0.003170657809
92020	0.001001983936
92021	0.005434273489
92022	0.003058715152
92023	0.0007090756736
92024	0.004245558313
92025	0.004367487123
92026	0.001731760257
92027	0.002807628429
92028	0.0002864558083
92029	0.004683012003
92030	0.00900972209
92031	0.01364161166
92032	0.01576619403
92033	0.00406728315
92034	0.0007238828918
92035	0.004285011851
92036	0.01015108588
92037	0.0001987171173
92038	0.008709511659
92039	0.003507197049
92040	0.006514544971
92041	0.003797403767
92042	0.008617425013
92043	0.004669798213
92044	0.004469411161
92045	0.008210067583
92046	0.005430029772
92047	0.002230537881
92048	0.00237234481
92049	0.006375904482
92050	0.003061085841
92051	0.003770743134
92052	0.002480227728
92053	0.01154787839
92054	0.004778103462
92055	0.0009924662321
92056	2.406554754e-06
92057	0.002924252082
92058	0.005367866566
92059	0.002494959913
92060	0.00742042068
92061	0.003531063774
92062	0.00367950992
92063	0.0004014597633
92064	0.01347496679
92065	0.01036975446
92066	0.008953037816
92067	0.003125584069
92068	0.007872128535
92069	0.003380374448
92070	0.002399823858
92071	0.00273537003
92072	0.007263351604
92073	0.007978674737
92074	0.008979258709
92075	0.0006711560359
92076	0.006811517404
92077	0.009032977458
92078	0.009106792053
92079	0.002308944138
92080	0.008205530983
92081	0.004587894863
92082	0.005738537253
92083	0.007777661053
92084	0.0007162536635
92085	0.006505727018
92086	0.006573464063
92087	0.01153615665
92088	0.005896499898
92089	0.006402643934
92090	0.001178111147
92091	0.003430203475
92092	0.003572897012
92093	0.0003102398215
92094	0.004057475637
92095	0.0112295939
92096	0.007361979966
92097	0.003991899746
92098	0.001244742708
92099	0.0111219808
92100	0.004499267638
92101	0.003869560988
92102	0.006853388004
92103	0.001073004062
92104	0.002674847076
92105	0.002167456257
92106	0.0009945962922
92107	0.001887177297
92108	0.003005721496
92109	0.002450834311
92110	0.005107323385
92111	0.006649770189
92112	0.002003418692
92113	0.003218989387
92114	0.0001770132457
92115	0.004880302744
92116	0.005510915624
92117	0.004389498743
92118	0.002730931999
92119	0.001465199568
92120	0.001975851841
92121	0.003708781486
92122	0.002964554116
92123	0.004560857336
92124	0.002574970277
92125	0.001145937016
92126	0.0008881249385
92127	0.004173501819
92128	0.01470383278
92129	0.002440962232
92130	0.003328419978
92131	0.000329380631
92132	0.003467531412
92133	0.004004939834
92134	0.007873520991
92135	0.003557559696
92136	0.00175030767
92137	0.002629913303
92138	0.000775124881
92139	0.002110145707
92140	0.01151958768
92141	0.007271083317
92142	0.003808027262
92143	0.0118251749
92144	5.40049382e-05
92145	0.0004863207028
92146	0.003111058168
92147	0.006374861168
92148	0.001144868055
92149	0.003771747119
92150	0.002580350541
92151	0.002168811445
92152	0.02297383664
92153	0.0176226157
92154	3.421575618e-05
92155	0.002415602335
92156	0.006814671747
92157	0.002599936644
92158	0.001543156125
92159	0.001254312465
92160	0.001087789316
92161	0.007959444578
92162	0.002026276054
92163	0.004098905661
92164	0.004580684455
92165	0.0005450841673
92166	0.003518051464
92167	0.01455934328
92168	0.003308849381
92169	0.001777073235
92170	0.002820758475
92171	0.01414730786
92172	0.003541495839
92173	0.004616257945
92174	0.0004190116176
92175	0.00131430235
92176	0.01515789943
92177	0.002810051387
92178	0.0002218070658
92179	0.0006220596211
92180	0.002930638245
92181	0.009258342254
92182	0.007019660328
92183	0.009347234527
92184	0.005156861456
92185	0.00487934897
92186	0.009407193742
92187	0.001802580376
92188	0.007216968732
92189	0.001031189978
92190	0.001376503073
92191	0.0004290726323
92192	0.002876690969
92193	0.005805072688
92194	0.003819064448
92195	0.001470993239
92196	0.0125603417
92197	0.01238980304
92198	0.001428474887
92199	0.001262194779
92200	0.001295874948
92201	0.005316140192
92202	0.006242169437
92203	0.01169477224
92204	0.007413232761
92205	0.001763781598
92206	0.0006000445834
92207	0.002469644922
92208	0.001937979394
92209	0.01048213546
92210	0.006027028466
92211	0.005787782909
92212	0.0002666455832
92213	0.005538608373
92214	0.006650203141
92215	0.005500888831
92216	0.003502939146
92217	0.004664153409
92218	0.005650690422
92219	0.006144112243
92220	0.00592751345
92221	0.003814107671
92222	0.002493641742
92223	0.002583696645
92224	0.00383796124
92225	0.003003996776
92226	0.0006569371057
92227	0.002337347554
92228	0.008201592246
92229	0.000232610206
92230	0.001859230698
92231	0.0004645189524
92232	0.0006029453225
92233	0.006381660397
92234	0.007049555099
92235	0.005493771376
92236	0.001827739048
92237	0.008939432852
92238	0.001373538005
92239	0.003171604478
92240	0.001718087172
92241	0.006497574936
92242	0.005355405487
92243	0.01438755924
92244	0.001840680802
92245	0.003693842241
92246	0.003471029176
92247	0.004644113469
92248	0.001187821302
92249	0.003733462897
92250	0.001402479339
92251	0.0009261446876
92252	0.003680684059
92253	0.002655858909
92254	0.0002769082446
92255	0.002837884559
92256	0.004922967522
92257	0.003279756755
92258	0.0006852263647
92259	7.67236318e-05
92260	0.001254397627
92261	0.006338828803
92262	0.003175022795
92263	0.008379225006
92264	0.00470429457
92265	0.006021610518
92266	0.008257988216
92267	0.0172775446
92268	0.00773540915
92269	0.003373791791
92270	0.002433316838
92271	0.002505104468
92272	0.001711462279
92273	0.0008355259445
92274	0.008155713726
92275	0.005119884093
92276	0.001598651824
92277	0.0004159227357
92278	0.005265031597
92279	0.001286917194
92280	0.00269936857
92281	0.0003466892721
92282	0.007691556905
92283	0.007697443479
92284	0.003253860051
92285	0.001102513987
92286	0.001006066775
92287	0.001431113339
92288	0.001919171388
92289	0.003322211576
92290	0.001232950339
92291	0.001005369326
92292	0.00466457196
92293	0.004239195056
92294	0.006402265362
92295	0.006695367338
92296	0.004306717453
92297	0.002580274504
92298	0.003769757147
92299	0.002894580471
92300	0.008210009971
92301	0.0002630435159
92302	0.001538046652
92303	0.0005168852055
92304	4.8224603e-05
92305	0.003154715916
92306	0.001946049387
92307	0.0008216556218
92308	0.007126937275
92309	0.000455593138
92310	0.0007142760201
92311	0.0003432615883
92312	0.001750562225
92313	0.001852186333
92314	0.0002010705209
92315	0.01184193219
92316	0.0003159269616
92317	0.01054120585
92318	0.003820299194
92319	0.002394110073
92320	0.001881846767
92321	0.000712322423
92322	0.002218650841
92323	0.004193418927
92324	0.01316235982
92325	0.003409734555
92326	0.01400946645
92327	0.00733128672
92328	0.004286657924
92329	0.009724065806
92330	0.0001707400167
92331	0.004939467024
92332	0.005691388696
92333	0.002789235198
92334	0.007749192854
92335	0.0121139636
92336	0.002218151489
92337	0.001385797597
92338	0.008777456165
92339	0.002677168867
92340	0.006065791116
92341	0.01167066423
92342	0.003366431894
92343	0.003250042289
92344	0.0003240327492
92345	0.002590040877
92346	0.008481558112
92347	0.001757603101
92348	0.005649691302
92349	0.006914476094
92350	8.770862318e-05
92351	0.009537260438
92352	0.01022657699
92353	0.00386798041
92354	0.006419099288
92355	0.001568690035
92356	0.006620450441
92357	0.0003297473638
92358	0.001242218837
92359	0.002333861256
92360	0.0007795209852
92361	0.001106693735
92362	0.01313597748
92363	0.00329471493
92364	0.007556281254
92365	0.006162287611
92366	0.007767470159
92367	0.006490554949
92368	0.000882211999
92369	0.002921622141
92370	0.001626316336
92371	3.375101762e-05
92372	0.0008138832077
92373	0.0008378990407
92374	0.001644252483
92375	0.006181739216
92376	0.0006712150608
92377	0.006481489135
92378	0.004624101239
92379	0.003961976541
92380	0.001886894738
92381	0.004901145741
92382	0.002283910318
92383	0.00195872392
92384	0.008446030023
92385	0.01071719388
92386	0.004040216054
92387	0.001611590978
92388	0.003670558699
92389	0.003007122736
92390	0.001048991882
92391	0.006041246052
92392	0.005472600218
92393	0.0002178973478
92394	0.0007641976717
92395	0.0006217160469
92396	4.474295264e-05
92397	0.002508618527
92398	0.00169031455
92399	0.006986608235
92400	0.001740687084
92401	0.01503418935
92402	0.004650892301
92403	0.001535640542
92404	0.001273171618
92405	0.0008115213253
92406	0.007022113419
92407	0.002627051508
92408	0.01552725445
92409	0.002578910309
92410	0.003987937204
92411	0.01280891745
92412	0.004614493367
92413	0.002882962763
92414	0.009901146965
92415	0.0006895942132
92416	0.00125837224
92417	0.001780779348
92418	0.01277221073
92419	0.0006400547826
92420	0.004258627676
92421	0.001782898157
92422	0.001841214823
92423	0.005515032539
92424	0.001974120552
92425	0.0003672478029
92426	0.003425424043
92427	0.004637932504
92428	0.002875742196
92429	0.006526476803
92430	0.005860615237
92431	0.008254304343
92432	0.001941504576
92433	0.002253291021
92434	0.008338812726
92435	0.001006045601
92436	0.001524437211
92437	0.01762143867
92438	0.0005598881925
92439	0.0006953109412
92440	0.008069647616
92441	0.0002551895716
92442	0.0008524586283
92443	0.0006769971997
92444	0.002894237928
92445	0.001625451622
92446	0.002412974327
92447	0.001580398169
92448	0.002480642304
92449	0.001853021697
92450	0.0007654809366
92451	0.001901273991
92452	0.009071389957
92453	0.001764936636
92454	0.006948437492
92455	0.002311132144
92456	0.001480708586
92457	0.00195031196
92458	0.001737542071
92459	0.001174134217
92460	0.002207199567
92461	0.01534849369
92462	0.003016409987
92463	0.005951308526
92464	0.005518424027
92465	0.001531370994
92466	0.0120701859
92467	0.005820115553
92468	0.003171394072
92469	0.003474840617
92470	0.002221264403
92471	0.001905447522
92472	0.003159737578
92473	0.007796669812
92474	0.004860798559
92475	0.003281971764
92476	0.006002330105
92477	0.009349078827
92478	0.00945039254
92479	6.805681686e-05
92480	0.002046050564
92481	0.00095660158
92482	0.005695153971
92483	0.002218603867
92484	0.0009057264893
92485	0.001392849696
92486	0.003044899778
92487	0.005991955035
92488	0.002142744959
92489	0.001515198075
92490	0.002053369699
92491	0.008401956177
92492	0.006303502281
92493	0.006343238016
92494	0.0001713245512
92495	0.000858236097
92496	0.001932241233
92497	0.001752773818
92498	0.01049316709
92499	0.0003386400369
92500	0.003371948311
92501	0.005208870408
92502	0.003647489279
92503	0.0005118652199
92504	0.004625827999
92505	0.007450309475
92506	0.002698494081
92507	0.005068434051
92508	0.0001918487936
92509	0.000572371045
92510	0.00370925258
92511	0.001774879507
92512	0.005464537261
92513	0.002969579929
92514	0.001749457575
92515	0.002673953014
92516	0.001368139759
92517	0.00889676315
92518	0.009811390104
92519	0.002563767051
92520	0.003106882074
92521	0.002052536177
92522	0.006185557888
92523	0.003077586749
92524	0.001830989242
92525	0.0003456560082
92526	0.003257888097
92527	0.001475992238
92528	0.0004036037595
92529	0.01733577598
92530	0.00422144416
92531	0.005439305651
92532	0.0007951257757
92533	0.00770945746
92534	0.0006177275402
92535	0.002089356062
92536	0.0006975541422
92537	0.001052683734
92538	0.002928382799
92539	0.001128036924
92540	0.002734001872
92541	0.0005409778689
92542	0.01177656744
92543	0.001561581575
92544	0.004284260707
92545	0.001780241156
92546	0.001333132398
92547	0.002342878371
92548	0.001136824744
92549	0.00122987604
92550	0.00743793974
92551	0.001906594189
92552	0.00073965622
92553	0.00204922084
92554	0.004807056524
92555	0.005014292755
92556	0.003066830275
92557	0.005247672711
92558	0.0006202294728
92559	0.001912367074
92560	0.001966205076
92561	0.003740636677
92562	0.005381274668
92563	0.00560853481
92564	0.00730715702
92565	0.002850872182
92566	0.006807423791
92567	0.003027502567
92568	0.005689943194
92569	0.0001055064455
92570	0.0009943949797
92571	0.001106115322
92572	0.007144657069
92573	0.01012415604
92574	0.0003595211864
92575	0.001819490566
92576	0.00328282553
92577	0.0063542205
92578	0.003203500561
92579	0.002508210356
92580	0.006327708518
92581	0.001844835361
92582	0.006300623855
92583	0.00228622519
92584	0.0002742402812
92585	0.000270232058
92586	0.00356011827
92587	0.006035041825
92588	0.009443036111
92589	0.004056291827
92590	0.003940548758
92591	0.002843268821
92592	0.02471225554
92593	0.01415233831
92594	0.005248359687
92595	0.003602492316
92596	0.0004153315201
92597	0.00248090668
92598	0.006505974246
92599	0.0002798697404
92600	0.003415387689
92601	0.0008450429365
92602	0.0009258444045
92603	0.003339026996
92604	0.001616349409
92605	0.0005389472358
92606	0.001043985526
92607	0.001643633962
92608	0.008985059413
92609	0.00160118678
92610	0.001860357455
92611	0.003248612199
92612	0.005330000744
92613	0.001584250551
92614	0.001403390372
92615	0.005562219639
92616	0.001736924343
92617	0.008682797632
92618	0.00039827886
92619	0.002971838743
92620	0.0006595169705
92621	0.004735974124
92622	0.0003686091489
92623	0.0002936660894
92624	0.0006411561126
92625	0.002204506171
92626	0.0006402293233
92627	0.0001859653999
92628	0.0006870381594
92629	0.002863168219
92630	6.512891931e-05
92631	0.002249958563
92632	0.001220736984
92633	0.0004822714821
92634	0.001527447255
92635	0.001510746519
92636	0.0009170740652
92637	0.0129145421
92638	0.001596712737
92639	0.002084585626
92640	0.001715312379
92641	0.003997757551
92642	0.001641612864
92643	0.0001200690193
92644	0.001011380639
92645	0.00565793612
92646	0.005133387232
92647	0.01237076465
92648	0.0009356106288
92649	0.009733523123
92650	0.001941125324
92651	0.004146669077
92652	0.007002099498
92653	0.008343510621
92654	0.0003163678927
92655	0.001869863206
92656	0.007328857668
92657	0.006882919929
92658	0.001650471799
92659	0.002804354398
92660	0.01419166133
92661	0.003342327639
92662	0.003024094569
92663	0.003841441104
92664	0.001805129067
92665	0.001732921805
92666	0.002699719717
92667	0.00570228873
92668	0.0009315035292
92669	0.001282121639
92670	0.001233063942
92671	0.006118832734
92672	0.003397468496
92673	0.001076087722
92674	0.0003950952732
92675	0.0002390009008
92676	0.001374187155
92677	0.0009129993496
92678	0.0008990057532
92679	0.0008621232247
92680	0.001051507752
92681	0.001986099916
92682	0.0007174107021
92683	0.002360985855
92684	0.001675042568
92685	0.002018104116
92686	0.002836078973
92687	0.006549177217
92688	0.002241926476
92689	0.0007501836447
92690	0.001333132153
92691	0.001197649805
92692	0.000838027819
92693	0.0004791762556
92694	0.002585437704
92695	0.003195649816
92696	0.0007404885999
92697	8.346308707e-06
92698	0.0007083756747
92699	0.0009522180466
92700	2.810200144e-05
92701	0.004263106437
92702	0.001983121403
92703	8.95320832e-05
92704	0.001206451935
92705	0.0004719611261
92706	0.001513651968
92707	0.0009995833498
92708	0.0009670288268
92709	0.000168080277
92710	0.0009690635469
92711	0.0008167014278
92712	0.0001255750957
92713	0.0009908297825
92714	0.0009596176152
92715	0.001222117257
92716	0.0101616754
92717	0.0123360378
92718	0.00271175225
92719	0.008921019439
92720	0.006326844693
92721	0.002360997811
92722	0.006958865839
92723	0.002438577329
92724	0.007866913403
92725	0.003914005686
92726	0.00811840592
92727	0.005008753114
92728	0.001708991715
92729	0.004587710697
92730	0.001295915425
92731	0.0005140894721
92732	0.0002180984641
92733	0.001263229634
92734	0.001152620747
92735	0.004869265745
92736	0.00932768292
92737	0.003546139547
92738	0.006934150317
92739	0.002318688249
92740	0.002559186425
92741	0.01046881318
92742	0.002314889042
92743	0.0009765993521
92744	0.01081289575
92745	0.002124958029
92746	0.004424900803
92747	0.005185852658
92748	0.005387641926
92749	0.0009597458214
92750	0.00196515335
92751	0.0004303205959
92752	0.003625470439
92753	0.004703052597
92754	0.00194975616
92755	0.00162991769
92756	0.001456899538
92757	0.001915659863
92758	0.004180314324
92759	0.001620226891
92760	0.009069213417
92761	0.001553253092
92762	0.008658940829
92763	0.0009578825905
92764	0.01127967562
92765	0.002162738628
92766	0.006057552828
92767	0.0102723038
92768	0.01002071668
92769	0.004127820853
92770	0.003260744249
92771	0.009514694144
92772	0.003996504466
92773	0.002040576264
92774	0.005706788869
92775	0.006301938979
92776	0.004576665626
92777	0.008162071265
92778	0.000443859875
92779	0.002666034814
92780	0.005298086363
92781	0.006861665071
92782	0.004873737091
92783	0.006219269672
92784	0.001858804828
92785	0.003433590974
92786	0.01408940283
92787	0.004999372021
92788	0.004086527066
92789	0.004627086873
92790	3.336268258e-05
92791	0.004219000238
92792	0.005989445503
92793	0.003921387324
92794	0.001946157407
92795	0.001713291571
92796	0.0166592178
92797	0.0003437215039
92798	0.001311316825
92799	0.001764451425
92800	0.008296757397
92801	0.001305847833
92802	0.003881451312
92803	0.005431769694
92804	0.0003795707149
92805	0.005339763648
92806	0.008558871313
92807	0.01372674443
92808	0.000495111194
92809	0.008292371045
92810	0.002818257709
92811	0.000298173303
92812	0.0007131438726
92813	0.0005163256527
92814	0.0002620993149
92815	0.00407723113
92816	0.002112875275
92817	0.007281332601
92818	0.01145988416
92819	0.00887261191
92820	0.007634881999
92821	0.005819155495
92822	0.0008305419429
92823	0.0001726682914
92824	0.0006130038526
92825	0.0004740971314
92826	0.0008378020617
92827	0.0002877943898
92828	0.0005993853531
92829	3.829577333e-05
92830	0.0005717053053
92831	0.0003883532158
92832	0.0004243873558
92833	5.147377995e-05
92834	0.0002463863688
92835	0.0002051499447
92836	1.563416413e-05
92837	0.0004356332394
92838	0.0003123245221
92839	0.0003887828779
92840	2.239179542e-05
92841	5.374606179e-05
92842	0.0005903200222
92843	0.0003064210743
92844	0.0008939456647
92845	0.0006893108012
92846	0.001688787711
92847	0.002557617852
92848	0.01100961618
92849	0.004890610601
92850	0.00216450056
92851	0.0005428768647
92852	0.003570083826
92853	0.0005853399122
92854	0.00784151693
92855	0.01398508957
92856	0.004535323483
92857	0.003017525081
92858	0.01464597881
92859	0.00374674848
92860	0.01908219592
92861	0.008451312455
92862	0.006567405527
92863	0.005571334857
92864	0.001842115312
92865	0.003234103731
92866	0.004027543463
92867	0.005327257453
92868	0.00241099815
92869	0.006580618795
92870	0.001318317723
92871	0.005264860139
92872	0.006719180306
92873	0.007612357496
92874	1.995126142e-05
92875	0.0002477293354
92876	0.0007267266446
92877	0.004746459625
92878	0.001601666242
92879	0.001387816616
92880	0.002503520397
92881	0.0009261603293
92882	0.0002834432584
92883	0.001010139089
92884	0.00489164988
92885	0.003790059819
92886	0.005250754551
92887	0.00848706359
92888	0.01175128382
92889	0.0007006247027
92890	0.008316681237
92891	0.002281800482
92892	0.0002466333175
92893	0.003420390746
92894	0.004926821418
92895	0.001540534146
92896	0.002866103807
92897	0.0009406119789
92898	0.01564243542
92899	0.006035889681
92900	0.001085090717
92901	0.001692100864
92902	0.0168108105
92903	0.004073431456
92904	0.003434751806
92905	0.0003413628279
92906	0.005579883164
92907	0.002803686408
92908	0.006374804332
92909	0.008167488824
92910	0.001521572933
92911	0.0002906280717
92912	0.005902157007
92913	0.003322705311
92914	0.008423998368
92915	0.01190842086
92916	0.005728815458
92917	0.01083369774
92918	0.006912101564
92919	0.005549886817
92920	0.005702018563
92921	0.004323325993
92922	0.005523626777
92923	0.0009934840043
92924	0.001876095415
92925	0.006547744797
92926	0.009547808532
92927	0.000920258886
92928	0.002979162862
92929	0.002055045668
92930	0.01080115615
92931	0.003456415459
92932	0.006798622743
92933	0.005162664938
92934	0.001960781747
92935	0.0009445365756
92936	0.001012197784
92937	0.01000224676
92938	0.001048531914
92939	0.001071796691
92940	3.813469999e-05
92941	0.001250397001
92942	0.00550463987
92943	0.003112362525
92944	0.001134192415
92945	0.007437969414
92946	0.004297541187
92947	0.005721620557
92948	0.00519341296
92949	0.0002314078173
92950	0.001006277201
92951	0.0009052300247
92952	0.0007876162567
92953	0.00189166849
92954	0.004192008008
92955	0.006123299796
92956	0.001998918204
92957	0.006016732588
92958	0.003516679913
92959	0.002509862835
92960	0.003569182442
92961	0.002426246199
92962	0.002442808736
92963	0.009682227011
92964	0.002940001208
92965	0.007899108819
92966	0.0004903429159
92967	0.003062716576
92968	0.001043175723
92969	0.0008898877921
92970	0.0006725757496
92971	0.001528789715
92972	0.0008402481556
92973	0.0009987549696
92974	0.004882501026
92975	0.006224275798
92976	0.001065493229
92977	0.007217914675
92978	0.00920953673
92979	0.009339543214
92980	0.0009199818459
92981	0.002148367102
92982	0.002788762642
92983	0.000304962818
92984	0.0005864719513
92985	0.002383798023
92986	0.002691163967
92987	0.0007074947197
92988	0.0004435208913
92989	0.002150827663
92990	0.001674014486
92991	0.0008117900334
92992	0.0006633762291
92993	0.001015809775
92994	0.001140890393
92995	0.002571479453
92996	0.000689907194
92997	0.001713174188
92998	0.009716456558
92999	0.00318580078
93000	0.0001730492324
93001	0.001673133105
93002	0.000724681318
93003	0.003253177034
93004	0.00942341115
93005	0.0007484198933
93006	0.0008959760137
93007	0.002984901254
93008	0.001112718729
93009	0.001200664769
93010	0.001069131729
93011	0.001237356744
93012	8.577655715e-05
93013	0.0001489607192
93014	0.001320186229
93015	0.001632058929
93016	0.001201943962
93017	0.002717387735
93018	0.0001716148011
93019	0.001315127636
93020	0.0005753594373
93021	0.002617971197
93022	0.000570115408
93023	0.004696147366
93024	0.001849374363
93025	0.000342463949
93026	0.0009783842837
93027	0.004170545199
93028	0.00466979618
93029	0.000763174115
93030	6.807718592e-05
93031	0.0001369447813
93032	0.0002295285374
93033	0.0002822841041
93034	6.719124963e-05
93035	7.541707447e-05
93036	0.005795484976
93037	0.001117680363
93038	0.004199462121
93039	0.004868126469
93040	0.0165854273
93041	0.004437603561
93042	0.004237883856
93043	0.004326602674
93044	0.009529722061
93045	0.004374099477
93046	0.002512001351
93047	0.01378879713
93048	0.000973446029
93049	0.002080508917
93050	0.001622247793
93051	0.0004611256456
93052	0.002118027018
93053	0.001278712486
93054	0.001198369858
93055	0.01976497533
93056	0.0005505626138
93057	0.0006797353927
93058	0.001231627234
93059	0.0009930363697
93060	0.002712105816
93061	0.005233646885
93062	0.006435858775
93063	5.072963314e-05
93064	0.001241699938
93065	0.004037710475
93066	0.0004355802113
93067	0.000377197954
93068	0.003364587721
93069	0.002879014105
93070	0.003665624364
93071	0.001990196308
93072	0.01439780459
93073	0.009944554107
93074	0.0123447546
93075	0.01011126233
93076	0.003764217989
93077	0.00839028332
93078	0.009456696529
93079	0.0008786151039
93080	0.003464791368
93081	0.001616024887
93082	0.002188086828
93083	0.005261562164
93084	0.002050825416
93085	0.000487616145
93086	0.002122873845
93087	0.003868991221
93088	0.002925644015
93089	0.001260634474
93090	0
93091	0.0002809380363
93092	0.0005005731606
93093	0.001333349531
93094	0.006873260654
93095	0.002848030341
93096	0.002827959268
93097	0.0007981982474
93098	0.003088799082
93099	0.006462502479
93100	0.005862971732
93101	0.005482748676
93102	0.001245899281
93103	0.005033846614
93104	0.0063535403
93105	0.001101652672
93106	0.01090718399
93107	0.00705154272
93108	0.006422604992
93109	0.01532956262
93110	0.001862718719
93111	0.009810568289
93112	0.001811902407
93113	0.005893397549
93114	0.001293638932
93115	0.0006188495745
93116	0.003649773809
93117	0.0005558104881
93118	0.0007829560881
93119	0.0002819308474
93120	0.0008293861031
93121	0.0003810456384
93122	0.003458482906
93123	0.004515738655
93124	0.007854098637
93125	0.003158542109
93126	0.001081347283
93127	0.004261778679
93128	0.002908161797
93129	0.004868706095
93130	0.001611141119
93131	0.002876745344
93132	0.000374959065
93133	0.006590291897
93134	0.001264758011
93135	0.001100351835
93136	0.002407887972
93137	0.000434939246
93138	0.001026905785
93139	0.001476402106
93140	0.009019165906
93141	0.004230031254
93142	0.0004915305491
93143	0.001553058863
93144	0.000118895485
93145	0.002000828679
93146	0.01003423062
93147	0.009284624967
93148	0.001443164596
93149	0.002332186939
93150	0.001771407844
93151	0.001605056967
93152	0.002094599499
93153	0.006618831364
93154	0.0005588671548
93155	0.004171711123
93156	0.006008813489
93157	0.009792609672
93158	0.008623989492
93159	0.004899763792
93160	0.001937719004
93161	0.001375185765
93162	0.007257034699
93163	0.002110141466
93164	0.002150046403
93165	0.009691622157
93166	0.004744581538
93167	0.002444579082
93168	0.01282516637
93169	0.02208695774
93170	0.01287265996
93171	0.0006249081919
93172	0.005716550922
93173	0.0008187150015
93174	0.0006996601182
93175	0.004144731874
93176	0.002050144499
93177	0.01207891536
93178	0.003881839775
93179	0.0009214818293
93180	0.004175478501
93181	0.001782115061
93182	0.001369208484
93183	0.01261136517
93184	0.0045611668
93185	0.0017630907
93186	0.001530257415
93187	0.005736299334
93188	0.007140868281
93189	0.007671845658
93190	0.006325654261
93191	0.002400929665
93192	0.005686255256
93193	0.005779881403
93194	0.0006529627994
93195	0.0003990537183
93196	0.001259873804
93197	0.001448003024
93198	0.006770586124
93199	0.0009183007537
93200	0.003676547555
93201	0.005172704831
93202	0.006237468395
93203	0.003370670283
93204	0.006093363021
93205	0.001854825981
93206	0.009278909783
93207	0.003391774913
93208	0.0004151309796
93209	0.007984793304
93210	0.009201866975
93211	0.004377830387
93212	0.007878958604
93213	0.007975412977
93214	0.003663465219
93215	0.01248475363
93216	0.001124232543
93217	0.001612319429
93218	0.0005747848969
93219	0.001759597718
93220	0.007068885374
93221	0.007272024042
93222	0.003090491148
93223	0.004753942055
93224	6.326785527e-05
93225	0.005327532851
93226	0.0008420225264
93227	0.0002506681297
93228	0.0003152233671
93229	0.009858558316
93230	0.0003849085905
93231	0.001606780682
93232	0.005544896722
93233	0.001935184354
93234	0.006444540496
93235	0.004590019536
93236	0.005156499667
93237	0.003787954881
93238	0.002056720983
93239	0.01025169257
93240	0.007882236015
93241	0.007732698728
93242	6.851300245e-06
93243	0.004660791248
93244	0.005530421384
93245	0.00816561575
93246	0.00404660945
93247	0.02309330752
93248	0.0006832589022
93249	0.00207869354
93250	0.0009148545965
93251	0.0008480434125
93252	0.0006392823422
93253	0.006721515174
93254	0.005654116808
93255	0.002827599972
93256	0.002267988665
93257	0.007208021259
93258	0.002798652284
93259	0.0006680892817
93260	0.002105502651
93261	0.002458228381
93262	0.003878942887
93263	0.007563694048
93264	0.002048849334
93265	0.002489218944
93266	0.00133110579
93267	0.006252177288
93268	0.01179407878
93269	0.002521642336
93270	0.002312278631
93271	0.001044822902
93272	0.004494943486
93273	0.001095056779
93274	0.004213958446
93275	0.001892965244
93276	0.01306075069
93277	0.001887129046
93278	0.007743279537
93279	0.01060009191
93280	0.006274088014
93281	0.007630440816
93282	0.005520952898
93283	0.001817776545
93284	0.001752149134
93285	0.001880325664
93286	0.001199435911
93287	0.000882400214
93288	0.002416854409
93289	0.006008347919
93290	0.0002438355019
93291	0.0005558601197
93292	0.001341293595
93293	0.006887984786
93294	0.005814382139
93295	0.005277269371
93296	0.00188424808
93297	0.001764583481
93298	0.006110335585
93299	0.002486834812
93300	0.002237983127
93301	0.01034813954
93302	0.003124456965
93303	0.001796864724
93304	0.01307430888
93305	0.01398399416
93306	0.01444023767
93307	0.0005036640584
93308	0.001442010659
93309	0.002811460741
93310	0.003138593082
93311	0.003019559479
93312	0.003065738742
93313	0.0002298151014
93314	0.001470456933
93315	0.0004058629459
93316	0.002362582219
93317	0.00153545858
93318	0.002771592564
93319	0.001691348864
93320	0.0006232041227
93321	0.006380932158
93322	0.007850119759
93323	0.002622375472
93324	0.001193637235
93325	0.0006082521036
93326	0.001685444208
93327	0.002676117393
93328	0.01041630786
93329	0.009786788657
93330	0.001603770052
93331	0.0178426057
93332	0.000586862637
93333	0.003292259857
93334	0.00155026422
93335	0.000345194667
93336	0.01216105144
93337	0.001945815905
93338	0.0030933137
93339	0.003821675301
93340	0.005209223754
93341	0.002543954439
93342	0.004655058838
93343	0.0006989377417
93344	0.001299680794
93345	0.002218125805
93346	0.005847665102
93347	0.009040903016
93348	0.001332346355
93349	0.004645682857
93350	0.001756019188
93351	0.003496032396
93352	0.0002003070093
93353	0.006832736794
93354	0.0009571544441
93355	0.005963713945
93356	0.002345051901
93357	0.006210743914
93358	0.002708742113
93359	0.0005173836351
93360	0.002186643883
93361	0.004775424014
93362	0.003439632139
93363	0.000388835585
93364	0.00968623628
93365	0.01550081274
93366	0.001478745315
93367	0.00298434795
93368	0.001908794275
93369	0.01085299416
93370	0.005343071499
93371	0.002025127439
93372	0.001212832813
93373	0.002368109524
93374	0.0007042340321
93375	0.0008797133563
93376	0.003116757062
93377	0.01044910532
93378	0.007238983849
93379	0.008417755624
93380	0.002175065922
93381	0.002802817894
93382	0.005067739907
93383	0.003287636666
93384	0.0001033424854
93385	0.001062096846
93386	0.009890989454
93387	0.006061472647
93388	0.001610156318
93389	0.006719848784
93390	0.005773969346
93391	0.0153147464
93392	0.00277022558
93393	0.001968047255
93394	0.001635969986
93395	0.004003467787
93396	0.005899000315
93397	0.02248062558
93398	0.001375456152
93399	0.0009541502387
93400	0.00363256089
93401	0.001727761806
93402	0.0001706974132
93403	0.002023928818
93404	0.0009588567722
93405	0.02020466517
93406	0.003380921786
93407	0.006297824507
93408	0.003963831441
93409	0.0009214813137
93410	0.01051211985
93411	0.001045005009
93412	0.005067885231
93413	0.001465580087
93414	0.005433048852
93415	0.002520869055
93416	0.01911565713
93417	0.003994846979
93418	0.001078578044
93419	0.006744328516
93420	0.00474008067
93421	0.0006453245631
93422	0.004794469512
93423	0.007382460206
93424	0.01552864227
93425	0.01672458678
93426	0.00709296246
93427	0.02163639395
93428	0.0003523563979
93429	0.01570570856
93430	0.01101812909
93431	0.003403737438
93432	0.01550710817
93433	0.004202795707
93434	0.003430073144
93435	0.003174497946
93436	0.001857650056
93437	0.001536591234
93438	0.00387847907
93439	0.008226748968
93440	0.005444429744
93441	0.01928953408
93442	0.00210828873
93443	0.004523488202
93444	0.0001482787912
93445	0
93446	0.007336493123
93447	0.003107896088
93448	0.009533785393
93449	0.008732243029
93450	0.001835234731
93451	0.003605527223
93452	0.006410040361
93453	0.004580337985
93454	0.01143625786
93455	0.009434396664
93456	0.0003878061403
93457	0.005938591772
93458	0.00243912782
93459	0.0002477101972
93460	0.006201257098
93461	0.001482337407
93462	0.007421879753
93463	0.002032291712
93464	0.001209586912
93465	0.0004326154675
93466	0.0002077342666
93467	0.0008292093449
93468	0.001038310515
93469	0.001656408839
93470	0.006425348576
93471	0.0007787391681
93472	0.005196778352
93473	0.003789628475
93474	0.002114968539
93475	0.004483307833
93476	0.004618520586
93477	0.003541800402
93478	0.0007055098361
93479	0.000332616245
93480	0.0007228192571
93481	0.001876090882
93482	0.004086200282
93483	0.007267368533
93484	0.001958456549
93485	0.007855398373
93486	0.004287310518
93487	0.009409130495
93488	0.006957722891
93489	0.0009561578107
93490	0.01223474599
93491	0.005970132033
93492	0.01167656102
93493	0.007926364388
93494	0.001507932536
93495	0.007662011447
93496	0.008133466514
93497	0.005975621998
93498	0.001991164915
93499	0.000545672667
93500	0.01260290301
93501	0.004832146894
93502	0.01088318618
93503	0.007757145786
93504	0.003813864531
93505	0.007523745188
93506	0.006591916711
93507	0.001207223693
93508	0.0004948274096
93509	0.005539899393
93510	0.001982551277
93511	0.006526199233
93512	0.006525017139
93513	0.003637474873
93514	0.01234490837
93515	0.01141265642
93516	0.004062418474
93517	0.01080365275
93518	0.007085085382
93519	0.01917131394
93520	0.004726284354
93521	0.009583173079
93522	0.01544848556
93523	0.01198755875
93524	0.005441751947
93525	0.01332207235
93526	0.00572247447
93527	0.00912059404
93528	0.01368967585
93529	0.006355673688
93530	0.003224584003
93531	0.0004360440005
93532	0.002622028373
93533	0.0002195770487
93534	0.001988043111
93535	0.00222712903
93536	0.002679882906
93537	0.009731161037
93538	0.005256850487
93539	0.007493025184
93540	0.001674722499
93541	0.002969080655
93542	0.01136760257
93543	0.009984143997
93544	0.004832018267
93545	0.001667382104
93546	0.0005500096995
93547	0.002049778572
93548	0.007916926967
93549	0.002029123706
93550	0.01119890183
93551	0.004400710643
93552	0.007828771627
93553	0.004597416507
93554	0.0008778510164
93555	0.01136482107
93556	0.01267343518
93557	0.00102049577
93558	0.002542524388
93559	0.001787049746
93560	0.02425981612
93561	0.01314465724
93562	0.001540975534
93563	0.003673678836
93564	0.003945690188
93565	0.0028974321
93566	0.01314936426
93567	0.01497027593
93568	0.000425426676
93569	0.003196559934
93570	0.005942593704
93571	0.006934607991
93572	0.004963543664
93573	0.002939856354
93574	0.01481498268
93575	0.0003265801757
93576	0.0003512944486
93577	0.005515960351
93578	0.008790779462
93579	0.0005059612469
93580	0.001988663508
93581	0.002589135693
93582	0.002824526617
93583	0.005496364644
93584	0.003721153163
93585	0.005247262733
93586	0.006520945462
93587	0.0007978305079
93588	0.01606930414
93589	0.0002277079148
93590	0.0008623116818
93591	0.004603695364
93592	0.007039129209
93593	0.004469855706
93594	0.009978927328
93595	0.003368919607
93596	0.001800287735
93597	0.0008417574097
93598	0.007070444657
93599	0.0008290693694
93600	0.0007582022609
93601	0.00165445194
93602	0.000324843253
93603	0.001723604616
93604	0.0006127966634
93605	0.0007939426838
93606	0.0008034302572
93607	0.001024613087
93608	0.00401540383
93609	0.001168271941
93610	0.0006974563222
93611	0.006947917052
93612	0.003016371344
93613	0.003498675213
93614	0.008296096466
93615	0.004057840347
93616	0.001191717445
93617	0.01242319528
93618	0.006958197974
93619	0.001001451279
93620	0.00257149674
93621	0.006219405529
93622	0.006711166207
93623	0.01037675364
93624	0.001378780077
93625	0.0006806363379
93626	0.001280167196
93627	0.001683383412
93628	0.005347033141
93629	0.006918914572
93630	0.005150234007
93631	4.205849008e-05
93632	0.008021782741
93633	0.01019312912
93634	0.008844978456
93635	0.00752016976
93636	0.003990298517
93637	0.007955730228
93638	0.005629467353
93639	0.004201462514
93640	0.006644941726
93641	0.003440517329
93642	0.0009272865298
93643	0.0009446932286
93644	0.001360055481
93645	0.00311034851
93646	0.001061275787
93647	0.003653696488
93648	0.004608502754
93649	0.0004586750362
93650	0.002034915271
93651	0.0009279061439
93652	0.00430550729
93653	0.0003683464002
93654	0.000281494241
93655	0.001053728026
93656	0.003220634475
93657	0.005039591734
93658	0.003744169158
93659	0.0006364634448
93660	0.004557063872
93661	0.003184189528
93662	0.003485336965
93663	0.004131350453
93664	0.002625659959
93665	4.16319161e-05
93666	0.004121535111
93667	0.0001416149041
93668	0.003874860453
93669	0.004673146416
93670	0.006371916699
93671	0.0001320574504
93672	0.0002604570417
93673	0.005037764773
93674	0.00174250653
93675	0.003224821622
93676	0.0003953102367
93677	0.001037197486
93678	0.003351871375
93679	0.004125355953
93680	0.001401003047
93681	0.001436656495
93682	0.003093625277
93683	0.003219926558
93684	0.0002634673267
93685	0.001624634894
93686	0.00302773698
93687	0.002790915316
93688	0.003346385467
93689	0.002942755614
93690	0.0002491031232
93691	0.001214024918
93692	0.006106641934
93693	0.005462528611
93694	0.003073626004
93695	0.004420048332
93696	0.002944977885
93697	0.000518532662
93698	0
93699	0.003720885944
93700	0.0006408676741
93701	0.0006943990157
93702	0.004925995732
93703	0.001049255035
93704	0.002254297331
93705	3.561523383e-07
93706	0.0004618929266
93707	0.002788468089
93708	0.002688525193
93709	0.001065288934
93710	0.001070526513
93711	0.0009089600692
93712	0.002499315732
93713	0.002635515668
93714	0.003355899909
93715	0.001037633489
93716	0.006524168842
93717	0.0005496642619
93718	0.004400900578
93719	0.002933602018
93720	0.002302128818
93721	0.0009159331759
93722	0.003874951313
93723	0.001054046483
93724	0.0007714630116
93725	0.0002755356276
93726	0.005856433959
93727	0.003350769516
93728	0.00108385386
93729	0.002393748595
93730	1.117574153e-06
93731	0.0005286587613
93732	0.001184898493
93733	0.004412384496
93734	0.00291219455
93735	0.00349151377
93736	0.004943968019
93737	0.004022223288
93738	0.003487772428
93739	0.001854426828
93740	0.005608652497
93741	0.00012899008
93742	0.000843983305
93743	0.004141698258
93744	0.001471844706
93745	0.000133110334
93746	0.003062162941
93747	0.002653296031
93748	0.003188404538
93749	0.003880043493
93750	0.005300981932
93751	0.0003017367416
93752	0.003478103349
93753	0.003754478503
93754	0.0009608306872
93755	0.000134485139
93756	0.001084509111
93757	0.004141365839
93758	0.003309762517
93759	0.0009319664592
93760	0.003216595689
93761	0.0006651475822
93762	0.00267311971
93763	0.001844726355
93764	0.00114132513
93765	0.006131148817
93766	0.002068878772
93767	0.001763440154
93768	6.511976976e-05
93769	0.001915070647
93770	0.002734789747
93771	0.00333089889
93772	0.01464297005
93773	0.006576392917
93774	3.218601623e-05
93775	0.00033966386
93776	0.009381638414
93777	0.002765757062
93778	0.001426042371
93779	0.008151390209
93780	0.01169461246
93781	0.003610532411
93782	0.004236870854
93783	0.001396269746
93784	0.002867862347
93785	0.0005276751443
93786	0.0006352156656
93787	0.0004991425056
93788	0.001685206323
93789	0.0008023727666
93790	0.008306922519
93791	0.01220326361
93792	0.006973538634
93793	0.007403381756
93794	0.005572043279
93795	0.002887720224
93796	0.005412561097
93797	0.0009726514
93798	0.006832478671
93799	0.007516622456
93800	0.004423288779
93801	0.001112849665
93802	0.0004446645925
93803	0.003487673088
93804	0.00731903063
93805	0.001567875424
93806	0.003203349352
93807	0.004260234713
93808	0.004432062483
93809	0.008144790001
93810	0.001804372808
93811	0.01404325892
93812	0.01294787027
93813	0.002835095986
93814	0.003980976433
93815	0.005325310712
93816	0.00270457194
93817	0.007609767678
93818	0.01772401659
93819	0.002832842861
93820	0.003328429817
93821	0.003466747649
93822	0.004082663994
93823	0.00173816988
93824	0.007012683243
93825	0.006351370995
93826	0.008780105329
93827	0.006245884037
93828	0.0004479876121
93829	0.006321684349
93830	0.009818090511
93831	0.003783595513
93832	0.0004608795466
93833	0.001001419333
93834	0.0003861270775
93835	0.002215698707
93836	0.01624717126
93837	0.003531022068
93838	0.001517997747
93839	0.0101716229
93840	0.002292189889
93841	0.00580683181
93842	0.006495693954
93843	0.00153234419
93844	0.01308554795
93845	0.002026449513
93846	0.003925063675
93847	0.001677291742
93848	0.006088790511
93849	0.002817364703
93850	0.004017960753
93851	0.0009805049733
93852	0.003639269649
93853	0.00685823238
93854	0.001602837228
93855	0.005773233255
93856	0.01267571951
93857	0.0004226803679
93858	0.01319267005
93859	0.003144606306
93860	0.01212620744
93861	0.004763395666
93862	0.002901467053
93863	0.006104094763
93864	0.005541096469
93865	0.009415124075
93866	0.001226510555
93867	0.009417170773
93868	0.00684520573
93869	0.00477798777
93870	0.00132397075
93871	0.007202769409
93872	0.0009470015287
93873	0.004698933921
93874	0.006992079003
93875	0.006010900165
93876	0.0006860277217
93877	0.007252838386
93878	0.02070559317
93879	0.009348875787
93880	0.01969200964
93881	0.005229043395
93882	0.001277913904
93883	0.00772878748
93884	0.007184897018
93885	0.01245914363
93886	0.01340572877
93887	0.002307868483
93888	0.00548741551
93889	0.002003803345
93890	0.001171121725
93891	0.004105324518
93892	0.002727460056
93893	0.001883828358
93894	0.003012816669
93895	0.0170229399
93896	0.0005132803592
93897	0.005599664684
93898	0.001056744046
93899	0.0009098506502
93900	0.004543763193
93901	0.007524178474
93902	0.0002377197677
93903	0.0004111864048
93904	0.000493333312
93905	0.0007039653055
93906	0.001428376632
93907	0.002234398508
93908	0.0002440871684
93909	0.005441055425
93910	0.004687431648
93911	0.00286972165
93912	0.008795707152
93913	0.003202944435
93914	0
93915	0.01336280611
93916	0.001464033938
93917	0.008576014771
93918	0.002237251322
93919	0.003410496952
93920	0.01042142964
93921	0.008154104261
93922	0.0008033251128
93923	0.004397491829
93924	0.0003230938415
93925	0.001035245291
93926	0.01003078402
93927	0.007966822353
93928	0.007590548594
93929	0.01406402219
93930	0.002255815272
93931	0.002129602759
93932	0.0035988061
93933	0.004500938115
93934	0.005586808255
93935	3.927052102e-05
93936	0.0003479813973
93937	0.002631703016
93938	0.003706260659
93939	0.003667229165
93940	0.001374673935
93941	0.004180824226
93942	0.01327202481
93943	0.002432728973
93944	0.0003046406025
93945	0.001625905741
93946	0.008771134958
93947	0.0001232955321
93948	0.00665132196
93949	0.008606345626
93950	0.001298079853
93951	0.004973080682
93952	0.01459549999
93953	7.300521598e-05
93954	0.01510469291
93955	0.002099538749
93956	0.003203037578
93957	0.009949470306
93958	0.0008017566336
93959	0.005448842239
93960	0.002926533984
93961	0.0006975190447
93962	0.002447073495
93963	0.002266711663
93964	0.005244683751
93965	0.002907460533
93966	0.003235460997
93967	0.01082719861
93968	0.002110321951
93969	0.001882055703
93970	0.0004125528936
93971	0.003500160897
93972	0.006155989569
93973	0.001426456733
93974	0.003270669065
93975	0.003653289278
93976	0.008906478971
93977	0.0007434026301
93978	0.005860772696
93979	0.008492029832
93980	0.00126928559
93981	7.078291444e-05
93982	0.001182678347
93983	0.007840309056
93984	0.004180571609
93985	0.001252048594
93986	0.008213229188
93987	0.006165163073
93988	0.006374992117
93989	0.009849225255
93990	0.005180788232
93991	0.0001580633635
93992	0.004479820194
93993	0.001746750466
93994	0.005142054558
93995	0.0006099031491
93996	0.006694055759
93997	0.000888973424
93998	0.00725395054
93999	0.005059343665
94000	0.003430565295
94001	0.003738776399
94002	0.01618576128
94003	0.006228629061
94004	0.004239943709
94005	0.01184773405
94006	0.0008448492328
94007	0.00209063223
94008	0.00382692745
94009	0.0038456475
94010	0.004974013699
94011	0.0008476222165
94012	0.004922653746
94013	0.0169959341
94014	0.0130791696
94015	0.008647645395
94016	5.584156991e-05
94017	0.003478815286
94018	0.00515576184
94019	0.007845978123
94020	0.001857870879
94021	0.0002281756947
94022	0.00632159234
94023	0.004972462621
94024	0.01645764469
94025	0.01475452845
94026	0.005474140909
94027	0.001012716232
94028	0.01243369979
94029	0.004398884451
94030	0.005698173149
94031	0.001145031557
94032	0.002245376007
94033	0.007354398108
94034	0.009816798927
94035	0.003642895651
94036	0.003319238675
94037	0.0009903920391
94038	0.005286173596
94039	0.003979447584
94040	0.006138901856
94041	0.002417048633
94042	0.00967861729
94043	0.008487805431
94044	0.0002954840723
94045	0.01147753375
94046	0.007491353949
94047	0.0006548667682
94048	0.009158182106
94049	0.00807031998
94050	0.0001679585759
94051	0.002063010219
94052	0.006867593535
94053	0.008144092969
94054	0.002278289335
94055	0.008409402618
94056	0.003279781845
94057	0.005450219377
94058	0.0006566823266
94059	0.001978535692
94060	0.0140790001
94061	0.002797150324
94062	0.01356176593
94063	0.001240919429
94064	0.01422915233
94065	0.002275410598
94066	0.0007264640665
94067	0.0166057806
94068	0.01539416384
94069	0.009235846513
94070	0.01320142789
94071	0.005015289095
94072	0.005423223635
94073	0.0005878089835
94074	0.0001213442919
94075	0.008503768475
94076	0.002698651692
94077	0.009292449592
94078	0.009530634164
94079	0.01327496222
94080	0.0007515925683
94081	0.001263996145
94082	0.002931039261
94083	0.005252868346
94084	0.00264417634
94085	0.002760666344
94086	0.004966496896
94087	0.003944284737
94088	0.004221608011
94089	0.003300482485
94090	0.007237098821
94091	0.005893323065
94092	0.003932925289
94093	0.002171363836
94094	0.002008783159
94095	0.0001669642385
94096	0.009775290969
94097	0.003086973674
94098	0.003493590788
94099	0.001012327756
94100	0.01244559168
94101	0.02427093526
94102	0.0173926801
94103	0.005250529316
94104	0.009131191805
94105	0.0007224385271
94106	0.007288975845
94107	0.01581101022
94108	0.001302613087
94109	0.005161760346
94110	0.001474656504
94111	0.0195492027
94112	0.001107504365
94113	0.002753329526
94114	0.00189516546
94115	0.01456944627
94116	0.004904792742
94117	0.005416121321
94118	0.001978795491
94119	0.001991728426
94120	0.008512525557
94121	0.004761585226
94122	0.006757922349
94123	0.007828224509
94124	0.006485311611
94125	0.002044965468
94126	0.002080927047
94127	0.001434873409
94128	0.005206033146
94129	0.003862033225
94130	0.00653942769
94131	0.00390958431
94132	0.001668630056
94133	0.007636979387
94134	0.006807563384
94135	0.01161212951
94136	0.002971628384
94137	0.004841574293
94138	0.007720594316
94139	0.002906495537
94140	0.01278494918
94141	0.008451521325
94142	0.006006216613
94143	0.001997855776
94144	0.01858735899
94145	0.0003292328777
94146	0.0009657973182
94147	0.005420768105
94148	0.0006808170543
94149	0.00479790389
94150	0.001085383526
94151	0.0003207771968
94152	0.01496948557
94153	0.000268255483
94154	0.004676638339
94155	0.001267285934
94156	0.007329157319
94157	0.005814451513
94158	0.008921900102
94159	0.009235385573
94160	0.0008254951697
94161	0.001781496624
94162	0.01832679675
94163	0.004203892575
94164	0.01437737294
94165	0.002144924057
94166	0.007931505348
94167	0.007363891596
94168	0.001271965969
94169	0.007290328855
94170	0.001858967752
94171	0.002032227771
94172	0.001689973957
94173	0.003720022843
94174	0.006761552283
94175	0.006536914946
94176	0.0008892718707
94177	0.003974776785
94178	0.01312569056
94179	5.684080238e-05
94180	0.004881522627
94181	0.002209098273
94182	8.698081594e-05
94183	0.002971803312
94184	0.001764677933
94185	0.001460420493
94186	0.002288528407
94187	0.008595010712
94188	0.007895160425
94189	0.0005344452085
94190	0.005927659121
94191	0.008315835738
94192	0.003814849635
94193	0.01775346655
94194	0.005317808106
94195	0.004808670776
94196	0.004876639052
94197	0.001750681941
94198	0.00417757805
94199	0.007042724978
94200	0.00224448713
94201	0.001548389549
94202	0.004553539422
94203	0.002358918449
94204	0.005984262298
94205	0.006900357969
94206	0.009453346977
94207	0.003169913521
94208	0.02166197176
94209	0.01299299739
94210	0.00174658151
94211	0.004473180407
94212	0.01272890302
94213	0.00310718138
94214	0.01077292501
94215	0.008585426509
94216	0.002478469163
94217	0.001407075534
94218	0.001933065412
94219	0.004944299737
94220	0.00157882131
94221	0
94222	0.01117761375
94223	0.003716853703
94224	0.001330719545
94225	0.004681861945
94226	0.01148186217
94227	0.004309535684
94228	0.002154240313
94229	0.002981118364
94230	0.00445477777
94231	0.006125932205
94232	0.001027938989
94233	0.0179444863
94234	0.00284901396
94235	0.00782051117
94236	0.01115253934
94237	0.0100728109
94238	0.007167637464
94239	0.001617591741
94240	0.003850046612
94241	0.008889885038
94242	0.0118214419
94243	0.001358765868
94244	0.02089470708
94245	0.007606367551
94246	0.002655459316
94247	0.009514510649
94248	0.006167626268
94249	0.009195377306
94250	0.009439992021
94251	0.02072069206
94252	0.0009905402795
94253	0.002847913942
94254	0.004169589735
94255	0.001198356988
94256	0.008309706125
94257	0.003817643187
94258	0.01351104263
94259	0.004280983256
94260	0.006133146188
94261	0.0007281243254
94262	0.003534387164
94263	0.01765267043
94264	0.002231827256
94265	0.002059611
94266	0.01387017018
94267	0.02429266084
94268	0.005728902294
94269	0.002398530741
94270	0.001406208589
94271	0.008521311298
94272	0.006541212167
94273	0.001794628521
94274	0.00208285376
94275	0.002991763208
94276	0.01610872509
94277	0.0007439845629
94278	0.01171398512
94279	0.01199472785
94280	0.003630875767
94281	0.01025562355
94282	0.002454335609
94283	0.002049213984
94284	0.01353489176
94285	0.002220457574
94286	0.006163147672
94287	0.0006734110938
94288	0.0007525394234
94289	0.008523587559
94290	0.00555732645
94291	0.006087240544
94292	0.01316094614
94293	0.0005484407588
94294	0.003764714365
94295	0.001068695745
94296	0.002266116346
94297	0.004825293965
94298	0.003573634908
94299	0.003355425055
94300	0.002784135583
94301	0.001791660614
94302	0.009403542089
94303	0.002523803838
94304	0.008241633154
94305	0.0006727093005
94306	0.002423671217
94307	0.005461437213
94308	0.008990745629
94309	0.001441862614
94310	0.0003932433674
94311	0.01048204859
94312	0.003852936472
94313	0.005110102149
94314	0.007088563511
94315	0.002242694942
94316	0.01994541713
94317	0.0003074683793
94318	0.005747992723
94319	0.007824020688
94320	0.0001254808388
94321	0.005870454567
94322	0.01171167377
94323	0.01148136552
94324	0.0005185158523
94325	0.00561169379
94326	0.0003552062745
94327	0.0001928819424
94328	0.01161796598
94329	0.001445829146
94330	0.00607757164
94331	0.004556371628
94332	0.005342897414
94333	0.005028222751
94334	0.00291000504
94335	0.00219658119
94336	0.00495538535
94337	0.003798149126
94338	0.00168787156
94339	0.01650940884
94340	0.001730484664
94341	0.00465887786
94342	0.003708547666
94343	0.005513848147
94344	0.007494215397
94345	0.001471047015
94346	0.007311863585
94347	0.006160411166
94348	0.002738829725
94349	0.006605501209
94350	0.00468648505
94351	0.003965625803
94352	0.006130707385
94353	0.008979699915
94354	0.005394360639
94355	0.01169949468
94356	0.005749348314
94357	0.003213215151
94358	0.009782148902
94359	0.002874801369
94360	0.004759027714
94361	0.001858611068
94362	0.005254996466
94363	0.005237599313
94364	0.005739941586
94365	0.004726372753
94366	0.00615754686
94367	0.001076350724
94368	0.003578867273
94369	0.0005344136548
94370	0.001726825808
94371	0.001085451904
94372	0.003145320277
94373	0.0004573063468
94374	0.0017560827
94375	0.004639736345
94376	0.004716831723
94377	0.000222675302
94378	0.007247196714
94379	0.0134187799
94380	0.006883390546
94381	0.01517863526
94382	0.002392242413
94383	0.008282731518
94384	0.009204689987
94385	0.0005175703684
94386	0.001707403817
94387	0.002208637576
94388	0.007922223244
94389	0.001772060903
94390	0.005831986446
94391	0.004863536054
94392	0.005916182179
94393	0.000517869361
94394	0.006245854202
94395	0.005097645517
94396	0.001521350002
94397	0.00328849371
94398	0.007432350368
94399	0.01205695797
94400	0.01165030617
94401	0.003862374062
94402	0.006390205084
94403	0.00328071
94404	0.00971801785
94405	0.0007676921106
94406	0.0008113379037
94407	0.009780340139
94408	0.007843778413
94409	0.006646398512
94410	0.0009290254741
94411	0.002244825951
94412	0.004592242192
94413	0.00492659731
94414	0.01268810481
94415	0.007149961977
94416	0.006285099535
94417	0.01129306749
94418	4.030910942e-05
94419	0.002598480831
94420	0.003114543452
94421	0.004948128359
94422	0.001864406796
94423	0.005682643557
94424	0.007550340372
94425	0.0006358654607
94426	0.001779796863
94427	0.007269679755
94428	0.001987413117
94429	0.005884119936
94430	0.005524556239
94431	0.005863203453
94432	0.009197921545
94433	0.003872947394
94434	0.00379117514
94435	0.00227175406
94436	0.008993543128
94437	0.01528925698
94438	0.01451207925
94439	0.01607313191
94440	0.0004683180802
94441	0.002269988447
94442	0.01034144576
94443	0.002954430289
94444	0.004343021951
94445	0.002039716685
94446	0.00791402688
94447	0.01027884138
94448	0.003006326885
94449	0.003580105648
94450	0.001561669976
94451	0.004368612811
94452	0.01000814216
94453	0.009797878946
94454	0.01138154071
94455	0.009385166163
94456	0.002089442778
94457	0.002554405063
94458	0.007978465516
94459	0.006704670143
94460	0.009200444131
94461	0.00917721616
94462	0.0006004703627
94463	0.001640062681
94464	0.0003448028253
94465	0.0005424763184
94466	0.01925668078
94467	0.001319039617
94468	0.001959931155
94469	0.01073014092
94470	0.001567408399
94471	0.01049271969
94472	0.005542467628
94473	0.01966441646
94474	0.005031655669
94475	0.02106284674
94476	0.01012768904
94477	0.0003431551425
94478	0.008839889522
94479	0.008153529888
94480	0.009811881919
94481	0.007952845094
94482	6.921878908e-05
94483	0.01111341379
94484	0.0008583361106
94485	0.01882822039
94486	0.000175326061
94487	0.0006507940935
94488	0.002850758818
94489	0.009665851418
94490	0.01262308466
94491	0.001205712151
94492	0.006947904952
94493	0.01687775738
94494	0.003028313176
94495	0.01005145283
94496	0.003858848276
94497	0.0004676066639
94498	0.0003843721832
94499	0.006798570132
94500	0.008819892813
94501	0.007422668081
94502	0.000708999762
94503	0.003623809808
94504	0.004074714319
94505	0.004929585697
94506	0.0006509603968
94507	0.01559346683
94508	0.01043786784
94509	0.009019586778
94510	0.000748296205
94511	0.007101660032
94512	0.003519990323
94513	0.009077941532
94514	0.01050672175
94515	0.003408468173
94516	0.001711417312
94517	0.00449859096
94518	0.002052761495
94519	0.001927316751
94520	0.0002449156383
94521	0.003830377327
94522	0.007084492579
94523	0.0043083032
94524	0.004743675069
94525	0.013899625
94526	0.002248881038
94527	0.004957844652
94528	0.00150988135
94529	0.001421574311
94530	0.01176786252
94531	0.01637959674
94532	0.002824693589
94533	0.002343162311
94534	0.006437045392
94535	0.002378550731
94536	0.003520206469
94537	0.0002710722532
94538	0.0003360119353
94539	0.009082361828
94540	0.008288379139
94541	0.01017239308
94542	0.0003608479217
94543	0.002297986812
94544	0.001006237102
94545	0.003768710665
94546	0.005183101462
94547	0.005501102115
94548	0.003524878227
94549	0.004400869198
94550	0.009904377485
94551	0.01367053827
94552	0.003944767374
94553	0.01485591583
94554	0.006582196208
94555	0.009922025687
94556	0.005827978124
94557	0.006258644546
94558	0.004073293309
94559	0.002432466516
94560	0.0004389043952
94561	0.003379682191
94562	0.007995643404
94563	0.0009145090622
94564	0.004139416711
94565	0.007328766373
94566	0.004266413443
94567	0.0003784700301
94568	0.01058532668
94569	0.006967889258
94570	0.006670973883
94571	0.004842903699
94572	1.706429705e-06
94573	0.004829072726
94574	0.0136451451
94575	0.01020011842
94576	0.006253944155
94577	0.003502680304
94578	0.002630677111
94579	0.007617803176
94580	0.001866110248
94581	0.006652974308
94582	0.004882051172
94583	0.01623034646
94584	0.008143356053
94585	0.005105271881
94586	0.002158182908
94587	0.005435626679
94588	0.002571200932
94589	0.004099663192
94590	0.007825142061
94591	0.01506175816
94592	0.01194524599
94593	0.000763728133
94594	0.00813221118
94595	0.0006845167876
94596	0.001661091317
94597	0.0004622785708
94598	0.01002982601
94599	0.01301153279
94600	0.003121113356
94601	0.003152410441
94602	0.01946342798
94603	0.002940023359
94604	0.0001421040468
94605	0.001911236468
94606	0.00243027214
94607	0.001321002998
94608	0.004443339578
94609	0.007762970253
94610	0.007983221028
94611	0.01587257036
94612	0.003697830627
94613	0.003286407838
94614	0.003306311953
94615	0.0005911040315
94616	4.211507628e-05
94617	0.01766347486
94618	0.005279797143
94619	0.0009660807601
94620	0.007053557868
94621	0.000323232021
94622	0.01655102621
94623	0.008204082662
94624	0.0003510004257
94625	0.004976970714
94626	0.001557141177
94627	0.01346235702
94628	0.001355624122
94629	0.01081731204
94630	0.004854081605
94631	0.0002533301277
94632	0.003598624101
94633	0.007946329429
94634	0.01367054735
94635	0.01039668799
94636	0.006703955513
94637	0.01516622847
94638	0.01179963725
94639	0.003364000666
94640	0.0007900286607
94641	0.005367116409
94642	3.072867113e-05
94643	0.001037495146
94644	0.002804831634
94645	0.01850691603
94646	0.005901222809
94647	0.00302469888
94648	0.002482096699
94649	0.004468365402
94650	0.00344329769
94651	0.00721296055
94652	0.008636981872
94653	0.001604936909
94654	0.007795876217
94655	0.0031368126
94656	0.008987121112
94657	0.008373517548
94658	0.002319777153
94659	0.0003978913986
94660	0.003817565571
94661	0.008467351969
94662	0.001982008428
94663	0.009968057241
94664	0.005267724074
94665	0.002624366107
94666	0.0102566956
94667	0.005070495798
94668	0.00621342426
94669	0.02123515262
94670	0.003804663543
94671	0.003220672751
94672	0.0008732827171
94673	0.003800030219
94674	0.0006994070967
94675	0.01031672027
94676	0.00606818952
94677	0.0002847922645
94678	0.00596743641
94679	0.005780395985
94680	0.007403230938
94681	0.004774520003
94682	0.00277180629
94683	0.01367916313
94684	0.002970112931
94685	0.002209373915
94686	0.003195283402
94687	0.001627692505
94688	0.004835515205
94689	0.009015598563
94690	0.002036030155
94691	0.001028750903
94692	0.004100560493
94693	0.001930149454
94694	0.001824365072
94695	0.002135699315
94696	0.00335176169
94697	0.001504883267
94698	0.0001996405163
94699	0.001837841707
94700	0.0002536049426
94701	0.0007652084847
94702	0.0003434033353
94703	0.004166873054
94704	0.001401138017
94705	0.004242793522
94706	0.0008361049981
94707	0.0009295184334
94708	0.004741886289
94709	0.00113918987
94710	0.002776264702
94711	0.01685975092
94712	0.0009493857383
94713	0.0047798723
94714	0.006334684626
94715	0.001971501934
94716	0.001632704723
94717	0.003026311678
94718	0.001940245072
94719	0.00109825524
94720	0.002246559425
94721	0.001179479167
94722	0.0004104816105
94723	0.002224124008
94724	0.001590160808
94725	2.787455136e-05
94726	0.002173892494
94727	0.002414860595
94728	0.003637437488
94729	0.004145747102
94730	0.0009801894232
94731	0.003177106543
94732	0.001118019462
94733	0.0003172551871
94734	0.001362320955
94735	0.003728137557
94736	0.004377514302
94737	9.711179651e-05
94738	0.00114480899
94739	0.0006957207735
94740	0.0007700966369
94741	0.001486156367
94742	0.0003885035663
94743	0.001410131832
94744	0.004788257369
94745	0.0007769783639
94746	0.002862051957
94747	0.002317938419
94748	0.000506788797
94749	0.001067435719
94750	0.001712666082
94751	0.001124509505
94752	0.001712150338
94753	0.002315950783
94754	0.005783192367
94755	0.001406497672
94756	0.001600689792
94757	0.002174495889
94758	0.0003392615326
94759	0.0007103569123
94760	0.0009414727744
94761	0.002117856015
94762	0.0007432172269
94763	0.000408841502
94764	0.001587159335
94765	0.001160722879
94766	0.001491919496
94767	0.0001291117695
94768	0.00140554949
94769	0.001538787328
94770	0.0004047677058
94771	0.00048426994
94772	0.006016124965
94773	0.00369626386
94774	0.01434457023
94775	0.01022977647
94776	0.01881259417
94777	0.005764789652
94778	0.01292315369
94779	0.003152605046
94780	0.01682838733
94781	0.01658276321
94782	0.01093663967
94783	0.005145731313
94784	0.008612624099
94785	0.005250001584
94786	0.003362489528
94787	0.01127702865
94788	0.002697415721
94789	0.002498551026
94790	0.001313035639
94791	0.0033172564
94792	0.003280721642
94793	0.003131386993
94794	0.005623977635
94795	0.003447326896
94796	0.006269149222
94797	0.005622048013
94798	0.002926548779
94799	0.006819101505
94800	0.002651506517
94801	0.002034185565
94802	0.001461550757
94803	0.01593409942
94804	0.004961883815
94805	0.005396922154
94806	0.0005058319566
94807	0.002063706634
94808	0.002007730005
94809	0.002084914096
94810	0.007849325941
94811	0.007754462314
94812	0.004111290059
94813	0.01494110912
94814	0.0002417269846
94815	0.003646111952
94816	0.002398758573
94817	0.0008883227839
94818	0.001060442042
94819	0.002782263087
94820	0.0006068713596
94821	0.003470634963
94822	0.0005072541201
94823	0.003659163144
94824	0.00149109784
94825	0.007081880352
94826	0.006335806485
94827	0.0005795451505
94828	0.000995548907
94829	0.002588154529
94830	0.0001992772396
94831	0.0138317951
94832	0.01272534121
94833	0.00466379897
94834	0.007575607478
94835	0.002088913609
94836	0.008080250721
94837	0.003764978774
94838	0.006633525583
94839	4.265283003e-06
94840	0.0002959852097
94841	0.010239602
94842	0.004450134723
94843	0.005149119475
94844	0.001745738378
94845	0.001895755938
94846	0.01564312865
94847	0.002231352039
94848	0.001737044708
94849	0.002254349871
94850	0.00203203382
94851	0.0003357302008
94852	0.002273281311
94853	0.000171479964
94854	0.002960702924
94855	0.008856007471
94856	0.000974661964
94857	0.001000679676
94858	0.002446133242
94859	0.003763149228
94860	0.00079401134
94861	0.003802690073
94862	0.005870455446
94863	0.005905939441
94864	0.00873060355
94865	0.003295457724
94866	0.003472158875
94867	0.003993029879
94868	0.009496305164
94869	0.005562029478
94870	0.004464551185
94871	0.02187766626
94872	0.003601302844
94873	0.005411164386
94874	0.002277484637
94875	0.0005119762722
94876	0.005629801389
94877	0.002283744081
94878	0.008794374315
94879	0.004428776853
94880	0.002409539231
94881	0.01117415673
94882	0.001145874819
94883	0.0004604505817
94884	0.0009460114469
94885	0.006483259122
94886	0.007506954795
94887	0.002920237015
94888	0.00722638755
94889	0.00480456584
94890	0.003834326255
94891	0.005087864744
94892	0.0002365143215
94893	0.006075131618
94894	0.01060752062
94895	0.001554765383
94896	5.511591247e-05
94897	0.002282231953
94898	0.005068068154
94899	0.0005248408765
94900	8.405981276e-05
94901	0.002258293266
94902	0.001537860731
94903	0.00916783304
94904	0.0009101805867
94905	0.001660902648
94906	0.006166378717
94907	0.002438609322
94908	0.004959457189
94909	0.01151840518
94910	0.001735085641
94911	0.00768154358
94912	0.0008100740531
94913	0.007034664597
94914	0.0003176498222
94915	0.001810518597
94916	3.933218988e-05
94917	0.006015276526
94918	0.003483147108
94919	0.02158244328
94920	0.003420111552
94921	0.002549794899
94922	0.001651207686
94923	0.005156272878
94924	0.002491036234
94925	0.002067766025
94926	0.00533334648
94927	0.005697892818
94928	0.005152600003
94929	0.0006731181774
94930	0.0005655667952
94931	0.001595553406
94932	0.009279431483
94933	6.116656902e-05
94934	0.002121996255
94935	0.002240754552
94936	0.003550561454
94937	0.0009053849445
94938	0.002939129721
94939	0.006133992193
94940	0.001765543874
94941	0.0002365907007
94942	0.003710247873
94943	0.004921438765
94944	0.007274267602
94945	0.01646234018
94946	0.0008375240946
94947	0.0003610288165
94948	0.0004714557026
94949	0.0003868738304
94950	0.008522676326
94951	0.001843571545
94952	0.0003210103737
94953	0.0005877019548
94954	0.001765033105
94955	0.003107491201
94956	0.0008065389568
94957	0.0078930562
94958	0.005935151015
94959	0.002569292692
94960	0.003424413228
94961	0.009193026372
94962	0.0040589744
94963	0.001336379223
94964	0.007864980294
94965	0.001180637208
94966	0.003255990769
94967	0.001453648816
94968	0.0001302030317
94969	0.003274443018
94970	0.001579941985
94971	0.01012414285
94972	0.0001597707219
94973	0.0001369659692
94974	0.009717465541
94975	0.003028251107
94976	0.001622674524
94977	0.001855851666
94978	0.003350784064
94979	0.001857504578
94980	0.007431609404
94981	0.002423059816
94982	0.001082802472
94983	0.01211197384
94984	0.00664467505
94985	0.01539618002
94986	0.002764134139
94987	0.01167187311
94988	0.00123686061
94989	0.007000301485
94990	0.003853502855
94991	0.0002258895765
94992	0.003436813922
94993	0.002593475638
94994	0.00114855647
94995	0.008123953254
94996	0.007614529664
94997	0.005452059231
94998	0.0007232605094
94999	0.004212333322
95000	0.002633008843
95001	0.001646767768
95002	0.007286664169
95003	0.004778150216
95004	0.001065930477
95005	0.00227573269
95006	8.874938612e-06
95007	0.0006446339107
95008	0.001127821594
95009	0.007311128443
95010	0.002534960397
95011	0.003550497759
95012	0.00220456889
95013	0.01494412206
95014	0.007353293526
95015	0.01297337486
95016	0.003651732399
95017	0.002297576705
95018	0.0005012670209
95019	0.001792476741
95020	0.002283220568
95021	0.0219962915
95022	0.002601477585
95023	0.003846946861
95024	0.003051941529
95025	0.008556748574
95026	0.0004143602446
95027	0.01089588794
95028	0.006294970047
95029	0.01308350042
95030	0.002335591509
95031	0.003558446765
95032	0.0008379982618
95033	0.004891072209
95034	0.008894494032
95035	0.008039897194
95036	0.002242928435
95037	0.001685744642
95038	0.000189511451
95039	0.0009916738721
95040	0.00751229226
95041	0.002493154183
95042	0.004402631032
95043	0.001647763162
95044	0.00259040312
95045	0.003428889525
95046	0.005795125072
95047	0.008636819467
95048	0.0002015702945
95049	0.003370979494
95050	0.004785964773
95051	0.005789230286
95052	0.007687463952
95053	0.001742619354
95054	0.00422103896
95055	0.001528369229
95056	0.003068204952
95057	0.005535659939
95058	0.003419431337
95059	0.001438799275
95060	0.002310350738
95061	0.004317759912
95062	0.002081681238
95063	0.002768128757
95064	0.001784292525
95065	0.001998553691
95066	0.004313229165
95067	0.002735288068
95068	0.0007795245594
95069	0.003256501982
95070	0.004110745209
95071	0.001987704095
95072	0.003082302141
95073	0.004164869817
95074	0.003750754099
95075	0.01189587685
95076	0.003280319518
95077	0.005031875453
95078	0.0003275478136
95079	0.00503327072
95080	0.001778910435
95081	0.002323933587
95082	0.001680130128
95083	0.00077118731
95084	0.00206838118
95085	0.01208550461
95086	0.002346153442
95087	0.003111759812
95088	0.001185311134
95089	0.005172888544
95090	0.009288195607
95091	0.001667867816
95092	0.001305006597
95093	0.001291923887
95094	0.001591067451
95095	0.0008024497032
95096	0.002703227742
95097	0.001237408244
95098	0.003387008845
95099	0.00239422376
95100	0.005864829938
95101	0.004873756806
95102	0.003931391142
95103	0.003766662473
95104	0.006138872471
95105	0.003297432494
95106	0.00434773231
95107	0.002765201899
95108	0.001223277846
95109	0.001645301384
95110	0.002205834276
95111	0.002046337259
95112	0.005288338459
95113	0.01308502171
95114	0.002479024452
95115	0.003152126838
95116	0.001470280044
95117	0.001144603665
95118	0.003081143694
95119	0.007044590685
95120	0.002295571394
95121	0.004161666315
95122	0.001339866434
95123	0.003588293252
95124	0.002582421763
95125	0.006873520057
95126	0.001464705722
95127	0.0007308750785
95128	0.007656286656
95129	0.002890271966
95130	0.001402728223
95131	0.001521146493
95132	0.00384371955
95133	0.01332094045
95134	0.002477464083
95135	0.001548926541
95136	0.002246557093
95137	0.006081750765
95138	0.0009490016711
95139	0.005418307057
95140	0.001164182753
95141	0.006100230309
95142	0.006199639462
95143	0.004831435673
95144	0.002937750209
95145	0.0007991084766
95146	0.003007650439
95147	0.001149319923
95148	0.005024341596
95149	0.0008009687762
95150	0.005657449012
95151	0.001373468989
95152	0.00539725195
95153	0.001182349666
95154	0.0002576824819
95155	0.0002494623061
95156	0.001021293772
95157	0.006837193711
95158	0.002933412604
95159	0.008288109765
95160	0.004139136125
95161	0.006364596111
95162	0.0005450309217
95163	0.003442803357
95164	3.034808974e-05
95165	0.001237611575
95166	0.01003621587
95167	0.0006189560613
95168	0.0002965183595
95169	0.0002741681034
95170	0.001464333934
95171	0.001145459262
95172	0.008547395037
95173	0.0007420618588
95174	0.003074756647
95175	0.01991908052
95176	0.003133249593
95177	0.002818029713
95178	0.002869948097
95179	0.001283941325
95180	0.003635319407
95181	0.0002188696807
95182	0.0001356710543
95183	0.0003761002839
95184	0.00868743227
95185	0.001406071671
95186	0.003038865468
95187	0.01119453329
95188	0.000368448533
95189	0.000918280269
95190	0.01735168933
95191	0.001174905391
95192	0.001620560694
95193	0.008484735334
95194	0.001497891366
95195	0.005896383235
95196	5.192029117e-05
95197	0.006397220431
95198	0.007277294923
95199	0.003852086462
95200	0.005454108692
95201	0.002841914588
95202	0.000808629098
95203	0.0001725330082
95204	0.002253520527
95205	0.003706959213
95206	0.004620822156
95207	0.004851164255
95208	0.01090125817
95209	0.0001064914364
95210	0.00108895329
95211	0.0007809090768
95212	0.002219668484
95213	0.002794413651
95214	0.008693481952
95215	0.006376271963
95216	0.01065014563
95217	0.005952021928
95218	0.01575158955
95219	0.01133589406
95220	0.01232585833
95221	0.0004727673136
95222	0.00678924708
95223	0.0006048122149
95224	0.002057972132
95225	0.005383946143
95226	0.009290319688
95227	0.004135329525
95228	0.00587945617
95229	0.004998312973
95230	0.001502879177
95231	0.001243797773
95232	0.002303847784
95233	0.008016446863
95234	0.007629830535
95235	0
95236	0.001106835243
95237	0.001942922919
95238	0.004851894798
95239	3.716972372e-05
95240	0.008744066375
95241	0.005722301623
95242	0.01440541982
95243	0.01226976913
95244	0.007881017021
95245	0.005160377048
95246	0.002863252073
95247	0.004085686798
95248	0.001533814129
95249	0.001716657471
95250	0.001514065113
95251	0.002795406332
95252	0.008868692777
95253	0.005355903619
95254	0.003060693374
95255	0.006429988709
95256	0.016230112
95257	0.00917473588
95258	0.01176483221
95259	0.003285512059
95260	0.001896804883
95261	0.004225553706
95262	0.002411515347
95263	0.007807350904
95264	0.004556562537
95265	0.01122872676
95266	0.007565182081
95267	0.01101448378
95268	0.001530811503
95269	0.002439696595
95270	0.001784322404
95271	0.01184426018
95272	0.01455380631
95273	0.008494522637
95274	0.001855301738
95275	0.001107298615
95276	0.02022579052
95277	0.007121343547
95278	0.005696772574
95279	0.002050540795
95280	0.003785000751
95281	0.007250569258
95282	0.01478149601
95283	0.000367088777
95284	0.0003659025198
95285	0.007621678651
95286	0.003394999836
95287	0.001472056827
95288	0.005776679359
95289	0.003141127469
95290	0.005741802235
95291	0.001763235067
95292	0.002414091339
95293	0.001134537926
95294	0.0003203626876
95295	0.003256872371
95296	0.01491182287
95297	0.006074804275
95298	0.001798607376
95299	0.01265634195
95300	0.004552871641
95301	0.005906370639
95302	0.001464132024
95303	0.01002897011
95304	0.003425503956
95305	0.0007266784165
95306	0.01884075107
95307	0.004007949649
95308	0.0074913885
95309	0.004955799586
95310	0.005861938813
95311	0.003781442831
95312	0.004458746903
95313	0.007752841318
95314	0.005338251045
95315	0.007853034626
95316	0.005956151452
95317	0.002818261718
95318	0.0009590148634
95319	0.009994883465
95320	0.001432412578
95321	0.0002559454048
95322	0.005466121548
95323	0.004610441695
95324	0.003957815289
95325	0.002668616203
95326	0.001849826067
95327	0.008807161827
95328	0.00167834723
95329	0.004484473005
95330	0.002601332365
95331	0.0009487448988
95332	0.001121177697
95333	0.01195813073
95334	0.004634093467
95335	0.002631287672
95336	0.02277878739
95337	0.002774155715
95338	0.008417410418
95339	0.0005928901656
95340	0.005291126784
95341	0.007939331755
95342	0.004035360913
95343	0.001229209724
95344	0.004767120952
95345	0.006855163118
95346	0.002549814375
95347	0.01264666745
95348	0.005852359437
95349	0.001554525244
95350	0.0003598859414
95351	0.006563722237
95352	0.006692104335
95353	0.001274885853
95354	0.0008705137954
95355	0.0004354839495
95356	0.0008597328572
95357	0.000904187596
95358	0.003867772426
95359	0.001100620557
95360	0.001598378841
95361	0.0008444199422
95362	0.002211734387
95363	0.002616376238
95364	0.003584693977
95365	0.003389868201
95366	0.001891210455
95367	0.006144620206
95368	0.0002087454686
95369	0.007007019617
95370	0.007059512513
95371	0.007558538675
95372	0.005275914518
95373	0.00896353467
95374	0.006341034991
95375	0.0140487209
95376	0.006430752861
95377	0.004266831396
95378	0.001338788755
95379	0.003875184565
95380	0.0005667126198
95381	0.00691411409
95382	0.002186813024
95383	0.007278330733
95384	0.00350112192
95385	0.001486586526
95386	0.004749930643
95387	0.001891078845
95388	0.006916631329
95389	0.0008732231818
95390	0.000738664852
95391	0.000612914995
95392	0.00269663411
95393	0.002942991183
95394	0.00020836141
95395	0.006363158633
95396	0.003533731943
95397	0.008248860497
95398	0.002690577946
95399	0.001090170872
95400	0.0004894734884
95401	0.006428345659
95402	4.578747854e-05
95403	0.0009132525069
95404	0.01184373621
95405	0.00316603704
95406	0.002118943439
95407	0.005468730755
95408	0.000579538098
95409	0.01672531005
95410	0.003705425669
95411	0.004496279624
95412	0.009866111956
95413	0.003377563209
95414	0.004995988423
95415	0.002628157355
95416	0.003839208778
95417	0.002219978508
95418	0.009122860707
95419	0.001206385618
95420	0.01437956849
95421	0.001851621754
95422	0.002468468582
95423	0.006099094504
95424	0.0004389162965
95425	0.007829520236
95426	0.004662883937
95427	0.009548761152
95428	0.0009850156978
95429	0.002701207954
95430	0.001983388434
95431	0.0004601931718
95432	0.00254367326
95433	0.002679292645
95434	0.001670489675
95435	0.0001502065967
95436	0.001918332508
95437	0.004236037785
95438	0.003946393646
95439	0.003203430161
95440	0.001115914314
95441	0.00125461612
95442	0.00278961947
95443	0.005438369214
95444	0.005609744465
95445	0.002562676481
95446	0.001828335722
95447	0.0003037289186
95448	0.001567074228
95449	7.142543007e-05
95450	0.002153668143
95451	0.008668207935
95452	0.004091133616
95453	0.000880749945
95454	0.00150428203
95455	0.001852382378
95456	0.009828702115
95457	0.002638840343
95458	0.004118168989
95459	0.00587509295
95460	0.01376172092
95461	0.01113219568
95462	0.005033892665
95463	0.001947144821
95464	0.01135363861
95465	0.002072484459
95466	0.006299035437
95467	0.0005830769552
95468	0.003050355247
95469	0.00196953606
95470	0.00291115942
95471	0.003885659483
95472	0.01115125075
95473	0.00785473573
95474	0.00336309634
95475	0.0004918694451
95476	0.005098920638
95477	0.01476564898
95478	0.01801771373
95479	0.004232020195
95480	0.008319108879
95481	0.004428549163
95482	0.001057129494
95483	0.01264069367
95484	0.006814659038
95485	0.004759773149
95486	0.005240297112
95487	0.008093901402
95488	0.002554797208
95489	0.00452911078
95490	2.956886675e-05
95491	0.001528809813
95492	0.00364740456
95493	0.004334741501
95494	0.008813708431
95495	0.005426570394
95496	0.01034214505
95497	0.0003952734057
95498	0.004265021347
95499	0.002529289242
95500	0.01201109015
95501	0.01074848818
95502	0.004685881377
95503	0.005714041519
95504	0.003584843993
95505	0.0004139349815
95506	0.00450922412
95507	0.003797700994
95508	0.01180482736
95509	0.001588462135
95510	0.0005964689647
95511	0.003319514446
95512	0.0003580232621
95513	0.002871843362
95514	8.341694294e-06
95515	0.009536653198
95516	0.001033694978
95517	0.009193599121
95518	0.01812494516
95519	0.003670868344
95520	0.004158337701
95521	0.005252377855
95522	0.002335682031
95523	0.0004592897015
95524	0.007846123967
95525	0.001158654814
95526	0.0003030778425
95527	0.003778465103
95528	0.002021628393
95529	0.003185738129
95530	0.0001882644756
95531	0.001102892951
95532	0.002129012879
95533	0.006330079477
95534	0.001883933359
95535	0.007183529139
95536	0.003093247679
95537	6.13127315e-05
95538	0.003762938622
95539	0.0006384611674
95540	0.002226222572
95541	0.00635549161
95542	0.0002663937782
95543	0.001993317405
95544	0.0006983975739
95545	0.002008555366
95546	0.002844271902
95547	0.008254849465
95548	0.002195603875
95549	0.01304987151
95550	0.006140526733
95551	0.005304253785
95552	0.001871839049
95553	0.001318311329
95554	0.004821489849
95555	0.004885317745
95556	0.00754655426
95557	0.004073178836
95558	0.01725141996
95559	0.003042507119
95560	0.001690137802
95561	0.00268477318
95562	0.004850670014
95563	0.002726479546
95564	0.002280070207
95565	0.003759277814
95566	0.006156652782
95567	0.01020361923
95568	0.005058696768
95569	0.002739199449
95570	0.004345601237
95571	0.001683659384
95572	0.002742836045
95573	0.002904659226
95574	0.002455080307
95575	0.002321149373
95576	0.002152331071
95577	0.009414927256
95578	0.001666035031
95579	0.004463398285
95580	0.00162654972
95581	0.006446037072
95582	0.0006423819568
95583	0.004311034657
95584	0.004453735487
95585	0.008742084971
95586	0.001685914058
95587	0.007821754115
95588	0.002221505745
95589	0.002770785574
95590	0.004404849713
95591	0.003742669052
95592	0.00651938906
95593	0.005548476555
95594	0.003271833699
95595	0.002379162739
95596	0.001887587543
95597	0.0001056325085
95598	0.002711345704
95599	0.0003842131674
95600	0.003057833512
95601	0.005890625439
95602	0.002869279908
95603	0.003687132287
95604	0.003925330707
95605	0.007095536197
95606	0.001780882164
95607	0.0005810406163
95608	0.005307526558
95609	0.008270720758
95610	0.01521731906
95611	0.0002748399557
95612	0.007109304594
95613	0.007703696596
95614	0.002175375987
95615	0.0006649083091
95616	0.008235921464
95617	0.00225237411
95618	0.00797413396
95619	0.01140001774
95620	0.009678950265
95621	0.004886441238
95622	0.008122286777
95623	0.006154577559
95624	0.002813467736
95625	0.00493588538
95626	0.002263090124
95627	0.001667693457
95628	0.003382682072
95629	0.0007325512223
95630	0.01967451991
95631	0.002214207297
95632	0.0005518339619
95633	0.005313596343
95634	0.0007437022295
95635	0.001988839806
95636	0.001663004322
95637	0.001126507994
95638	0.001549781016
95639	0.0008551349857
95640	0.01068823963
95641	0.001215548083
95642	0.005952877859
95643	0.001406238017
95644	0.01463109014
95645	0.01021396244
95646	0.004755166285
95647	0.004388824222
95648	0.009716926944
95649	0.004070139562
95650	0.002384163904
95651	0.00147161539
95652	0.003058648903
95653	0.004443066608
95654	0.003923716317
95655	0.0008290447532
95656	0.0008143933996
95657	0.005603686097
95658	0.004472335214
95659	0.006141358051
95660	0.0002541162104
95661	0.004577646762
95662	0.005703560892
95663	0.003123055564
95664	0.006242916154
95665	0.002003641934
95666	0.0108969617
95667	0.008517366075
95668	0.004107710939
95669	0.003192897564
95670	0.006471636526
95671	0.002247733162
95672	0.01493715189
95673	0.004206440007
95674	0.007136482906
95675	0.003091721145
95676	0.008999409865
95677	0.003687907456
95678	0.0007547568789
95679	0.0001290778545
95680	0.001077695518
95681	0.0006320474791
95682	0.002375153825
95683	0.007291107956
95684	0.0003968393343
95685	0.00283588594
95686	0.0009387942695
95687	0.0009735148801
95688	1.906483341e-05
95689	0.0003427396943
95690	0.0002329989959
95691	0.005288447942
95692	0.006181051524
95693	0.0004392411992
95694	0.0005575914356
95695	0.0005271825652
95696	0.00352312763
95697	0.002744809741
95698	0.002712915679
95699	0.002652759859
95700	0.006189524382
95701	0.004676563653
95702	0.001313143703
95703	0.0037693025
95704	0.001635354268
95705	0.0003984167138
95706	0.008323666166
95707	0.004327780288
95708	0.002976029727
95709	0.003971257755
95710	0.002251278805
95711	0.001263608735
95712	0.003476242924
95713	0.002407727022
95714	0.001166323603
95715	0.002958377
95716	0.003041998136
95717	0.0005864113994
95718	0.00518379035
95719	0.002639107773
95720	0.001547942383
95721	0.0007452316304
95722	0.0004595495139
95723	8.401735942e-05
95724	0.0008652716607
95725	0.0002062481636
95726	0.001458156446
95727	0.002088269143
95728	0.001715316711
95729	0.0007320578649
95730	0.0003901811258
95731	0.000847669927
95732	0.001065692451
95733	0.002365218028
95734	0.0001185400835
95735	0.001826316714
95736	0.001641429322
95737	0.0009097738815
95738	0.001026178915
95739	0.001073709653
95740	0.01124504628
95741	0.001907080328
95742	0.001406272303
95743	0.008154398053
95744	0.009157475876
95745	0.004260647662
95746	0.01428396296
95747	0.01468467817
95748	0.01324436138
95749	0.0002172537374
95750	0.003818359311
95751	0.001466580704
95752	0.001148274344
95753	0.005769559239
95754	0.00481182494
95755	0.006248324845
95756	0.01089877674
95757	0.0008649307552
95758	0.005831929382
95759	0.001714491631
95760	0.01662503834
95761	0.004348388916
95762	0.004089939576
95763	0.0009207069809
95764	0.009465760995
95765	0.007289619379
95766	0.009245706022
95767	0.003996505321
95768	0.00534622588
95769	0.01198035513
95770	0.008974821789
95771	0.001361520948
95772	0.0003375153199
95773	0.002047113869
95774	0.01372872227
95775	0.0009003899423
95776	0.005165722869
95777	0.001739806307
95778	0.004628483487
95779	0.01148797972
95780	0.002273162131
95781	0.01342833275
95782	0.01488767551
95783	0.007536710424
95784	0.001041905599
95785	0.002376289299
95786	0.01012570489
95787	0.008554134137
95788	0.01216780141
95789	0.002816084186
95790	0.01055464338
95791	0.00949947981
95792	0.007716036857
95793	0.001764264699
95794	0.001407058143
95795	0.006416590931
95796	0.005554182788
95797	0.001499164801
95798	0.005777934937
95799	0.008254529979
95800	0.004403902125
95801	0.005199784374
95802	0.001811702465
95803	0.0122304235
95804	0.01867207291
95805	0.01132497629
95806	0.007013366371
95807	0.001508334272
95808	0.0006470256518
95809	0.0002715409503
95810	0.001884927131
95811	0.003796640012
95812	0.002282310742
95813	0.008600810088
95814	0.007661000352
95815	0.004557170428
95816	0.008726672338
95817	0.002905660154
95818	0.006237871782
95819	0.001798710439
95820	5.706350316e-05
95821	0.006801296669
95822	0.002897235388
95823	0.001736525874
95824	0.003592527297
95825	0.007749473845
95826	0.005450620395
95827	0.01362662936
95828	0.0005724621084
95829	0.001431423632
95830	0.01201744911
95831	0.004978156087
95832	0.0007967848393
95833	0.004009618871
95834	0.00804019937
95835	0.002097641879
95836	0.01150688606
95837	0.007147482915
95838	0.005194459862
95839	0.0004915090575
95840	0.001703116971
95841	0.0004074241374
95842	0.007094621251
95843	0.006646995168
95844	0.001042441355
95845	0.003942809605
95846	0.003790778368
95847	0.001650357571
95848	0.002465838053
95849	0.01012955938
95850	0.01664245472
95851	0.00604988516
95852	0.0004930769904
95853	0.0009130809429
95854	0.0008735049864
95855	0.001546934484
95856	9.313028432e-05
95857	0.0005100071503
95858	0.0004144224289
95859	3.941085709e-06
95860	6.884127048e-05
95861	0.0001419992515
95862	0.0005603909413
95863	0.0003274273574
95864	6.55945731e-05
95865	0.006482265965
95866	0.0006713341231
95867	0.01373387459
95868	0.006715891552
95869	0.005970501194
95870	0.0005688444262
95871	0.001128149149
95872	0.001450679315
95873	0.008041934375
95874	0.003130994944
95875	0.003730435943
95876	0.009111874921
95877	0.002712830189
95878	0.009412600089
95879	0.0007656703941
95880	0.004796353756
95881	0.01531950987
95882	0.002335677046
95883	0.0009066228575
95884	0.003276248866
95885	0.007519294234
95886	0.01106955057
95887	0.008243532857
95888	0.008463729129
95889	0.00138412151
95890	0.0003133655247
95891	0.001924542604
95892	0.003440818048
95893	0.005157241282
95894	0.01535588102
95895	0.009626370778
95896	0.007826060786
95897	0.00468679727
95898	0.005545445945
95899	0.009121774564
95900	0.004992257339
95901	0.02175900261
95902	0.002711559128
95903	0.002271731251
95904	0.02469558615
95905	0.006152765071
95906	0.003138963142
95907	0.0009044031922
95908	0.003825621541
95909	0.0004087459809
95910	0.00270533811
95911	0.0033005241
95912	2.60698007e-05
95913	0.005424854698
95914	0.00608605855
95915	0.001120880024
95916	0.004817055424
95917	0.001620322126
95918	0.0005322657241
95919	0.002739174268
95920	8.241190692e-05
95921	0.0001006209352
95922	0.0002538045907
95923	0.002210083625
95924	0.0002393385158
95925	0.001360515848
95926	0.0005996388757
95927	8.358479511e-08
95928	0.0002299961609
95929	0.0005805551626
95930	0.0001449906697
95931	0.0015191259
95932	0.000181635354
95933	0.003567800124
95934	7.093955699e-05
95935	8.489564016e-05
95936	0.0003906281485
95937	0.0006441968331
95938	0.0006805595079
95939	0.001839417953
95940	0.000853144928
95941	0.001531501408
95942	0.0008843861921
95943	0.0004185556585
95944	0.0006841022669
95945	0.001038680226
95946	0.0002472963859
95947	0.0003907206017
95948	0.0005903199488
95949	0.001495729337
95950	0.0007927521075
95951	9.109342904e-06
95952	0.0005489026486
95953	0.0001978132844
95954	0.0006484737496
95955	0.0006695363522
95956	0.000147045443
95957	0.0001051593425
95958	0.001756493993
95959	7.631779477e-05
95960	0.0001304864617
95961	2.170174472e-05
95962	0.00141883845
95963	0.0009859962831
95964	0.001474374503
95965	0.0001455145381
95966	0.0005971258039
95967	0.000340558621
95968	8.540862402e-06
95969	0.0008474385235
95970	0.0004036622784
95971	0.0003653026333
95972	0.002333931368
95973	0.0005199971362
95974	0.000281663742
95975	4.857831384e-05
95976	0.006610756995
95977	6.9083317e-05
95978	0.0005494067301
95979	0.0001369038716
95980	0.0001305796913
95981	0.001432204441
95982	0.0005058252426
95983	0.0001907408183
95984	8.92491407e-05
95985	0.002844398455
95986	0.008480925278
95987	0.0002631742218
95988	0.002031071972
95989	0.004539968971
95990	0.004643233822
95991	0.0009226527448
95992	0.002932163747
95993	0.001367032893
95994	0.004763477412
95995	0.0001171910744
95996	0.0009081626588
95997	0.002029921029
95998	0.003814105825
95999	8.663447355e-06
96000	0.006481260821
96001	0.00109198061
96002	0.0005995955595
96003	3.411162415e-08
96004	0.002202214563
96005	0.005710446543
96006	0.001216820501
96007	0.002841842194
96008	0.003614092747
96009	0.003459185144
96010	0.003616234878
96011	0.001489508994
96012	0.004570393508
96013	0.0109724785
96014	0.005552844411
96015	0.002930418922
96016	0.001854370706
96017	0.001552006411
96018	0.0001136917825
96019	0.006637827436
96020	0.01799504991
96021	0.001493089143
96022	0.003141507888
96023	0.01099854306
96024	0.002648376765
96025	0.009826133902
96026	0.006681856631
96027	0.004747717187
96028	0.0007061896888
96029	0.00364399888
96030	0.004180100636
96031	0.005305787678
96032	0.006158851184
96033	0.000927928468
96034	0.007763593661
96035	0.009605364331
96036	0.006641356652
96037	0.001455500697
96038	0.0065202314
96039	0.007436364227
96040	0.006836087722
96041	0.001588899499
96042	0.002143414359
96043	0.004469149398
96044	0.0002465563066
96045	0.00506341703
96046	0.0004854561733
96047	0.001060214175
96048	0.0009984269383
96049	0.001231247706
96050	0.008557255507
96051	0.007331937861
96052	5.073217781e-05
96053	0.0004567896455
96054	0.001544257812
96055	0.000671294221
96056	0.008880713635
96057	0.008555711599
96058	0.004309487625
96059	0.003587755097
96060	0.0003617102305
96061	0.0001131457609
96062	0.0009261178976
96063	0.000481677393
96064	0.0004739789895
96065	0.0003502792842
96066	2.093210008e-07
96067	0.0004595174238
96068	0.000114520834
96069	0.0004569397122
96070	0.0005791649852
96071	8.610567112e-05
96072	0.004398442079
96073	0.001601601731
96074	0.00315686848
96075	0.006233763171
96076	0.003858154404
96077	0.0104399416
96078	0.0004586520802
96079	0.002479764012
96080	0.005174071754
96081	0.004039176415
96082	0.01455206023
96083	0.005062389345
96084	0.001179385468
96085	0.004360132992
96086	0.005234962649
96087	0.003313942482
96088	0.004646529133
96089	0.003064145359
96090	0.004134403676
96091	0.003629536427
96092	0.003819972921
96093	0.00907233388
96094	0.001072875543
96095	0.003505607319
96096	0.005181964265
96097	0.004330632376
96098	0.004180787829
96099	0.003221358965
96100	8.333212186e-05
96101	0.00378961542
96102	0.005795091801
96103	0.005332804606
96104	0.00508608351
96105	0.001697310365
96106	0.00526364326
96107	0.009811057533
96108	0.003181156089
96109	0.004873031531
96110	0.01233618025
96111	0.001861539893
96112	0.0130909072
96113	0.007714926554
96114	0.01364387402
96115	0.00497359982
96116	0.002262320763
96117	0.003098026305
96118	0.009646880965
96119	0.007586111632
96120	0.003028437983
96121	0.02094250593
96122	0.01025567172
96123	0.006188062562
96124	0.0008567694259
96125	0.007977150914
96126	0.01449567122
96127	0.005918261428
96128	0.01977190074
96129	0.02233966617
96130	0.002450714871
96131	0.001732883042
96132	0.003353034245
96133	0.008264296439
96134	0.001348155098
96135	0.003118260923
96136	0.001960743301
96137	0.001384317355
96138	0.01047061346
96139	0.009273207975
96140	1.997424184e-05
96141	0.002567242392
96142	0.0006044554664
96143	0.005262779416
96144	0.008783874318
96145	0.004986556327
96146	0.002381168308
96147	0.002027298876
96148	0.003388858847
96149	0.002054785667
96150	0.003639352444
96151	0.004644764032
96152	0.003578726354
96153	0.001551432395
96154	0.00351020338
96155	0.005450890416
96156	0.001657857644
96157	0.003778197129
96158	0.002534720222
96159	0.003547283602
96160	0.001169021049
96161	0.0009227181764
96162	5.911699428e-05
96163	0.01127220122
96164	0.001662092371
96165	0.003557340202
96166	0.001558558575
96167	0.003644080377
96168	0.001937093774
96169	0.001565611325
96170	0.002772667392
96171	0.003422068613
96172	0.002968418202
96173	0.002126733824
96174	0.006761962563
96175	0.008820909217
96176	0.004085090912
96177	0.00444390023
96178	0.003471206017
96179	0.007797714943
96180	0.01323619293
96181	0.003947501605
96182	0.003904962674
96183	0.002402874124
96184	0.002291343987
96185	0.001884924824
96186	0.003554559021
96187	0.006739666587
96188	0.002807866899
96189	0.002518726486
96190	0.007666929983
96191	0.01530409442
96192	0.00656313714
96193	0.0009329444557
96194	0.002221946329
96195	0.004008533867
96196	0.005259450867
96197	0.0006833538832
96198	0.008866943037
96199	0.001527694717
96200	0.003989503282
96201	0.001699244263
96202	0.003608592635
96203	0.005373333142
96204	0.003339645046
96205	0.007273743192
96206	0.002074903348
96207	0.004322514032
96208	0.004529581299
96209	0.005088185483
96210	0.002590699911
96211	0.003835883497
96212	0.006549956804
96213	0.004936808721
96214	0.003378304697
96215	0.005033571935
96216	0.004249426934
96217	0.002032210288
96218	0.002990248507
96219	0.003213450189
96220	0.001437934395
96221	0.000867550596
96222	0.001062757988
96223	0.001244090456
96224	0.003913512176
96225	0.01061808885
96226	0.001270337253
96227	0.001554645799
96228	0.00424035733
96229	0.003065986711
96230	0.01086881107
96231	0.007352616915
96232	0.003020007219
96233	0.001321418227
96234	4.340316097e-05
96235	0.01135281804
96236	0.007260882951
96237	0.003809818823
96238	0.002528877056
96239	0.0003527842161
96240	0.004764252891
96241	0.005634261591
96242	0.004693266351
96243	0.001899708898
96244	0.002905963894
96245	0.003549359909
96246	0.0005228508088
96247	0.002978486216
96248	0.003768375702
96249	0.002642375005
96250	0.004250066792
96251	0.01247126863
96252	0.003287083743
96253	0.002649945463
96254	0.004695807536
96255	0.003258725748
96256	0.003554926371
96257	0.00664921729
96258	0.002003236911
96259	0.01159365955
96260	0.004421354007
96261	0.002898328393
96262	0.001501543598
96263	0.008165854484
96264	0.01489226265
96265	0.005484222222
96266	0.004570635759
96267	0.002955883538
96268	0.002525617463
96269	0.003687166675
96270	0.002232002375
96271	0.002810208237
96272	0.000221890742
96273	0.000332290151
96274	0.007510857684
96275	0.0008859113111
96276	0.00306765382
96277	0.003965412921
96278	0.003216722948
96279	0.006425677408
96280	0.004018069114
96281	0.00186207655
96282	0.002456431053
96283	0.0004340700505
96284	0.003365861109
96285	0.001487898667
96286	0.00415220349
96287	0.001804918612
96288	0.003534152713
96289	0.0034537257
96290	0.0006549260399
96291	0.002256197542
96292	0.001298625493
96293	0.00316980163
96294	0.003186648397
96295	0.003601425262
96296	0.004735752302
96297	0.005370130869
96298	0.002539584444
96299	0.01428989523
96300	0.001679254058
96301	0.003322352727
96302	0.002692394822
96303	0.0009539879799
96304	0.002339373593
96305	0.003289836915
96306	0.002914688931
96307	0.002119874611
96308	0.002763332301
96309	0.00511078647
96310	0.00386992064
96311	0.005193984409
96312	0.001260586515
96313	0.005171052245
96314	0.0143627326
96315	0.001061253334
96316	0.01297346027
96317	0.01532164606
96318	0.002313503296
96319	0.001118270037
96320	0.007113218748
96321	0.01187087619
96322	0.009001071048
96323	0.003648152068
96324	0.001819060206
96325	0.007337934277
96326	0.003435227023
96327	0.007227173915
96328	0.003733967815
96329	0.008432274158
96330	0.001313682647
96331	0.002215530998
96332	0.001964308518
96333	0.004077543758
96334	0.005621290307
96335	0.004398235877
96336	0.001014189108
96337	0.009748572979
96338	0.001544126062
96339	0.003709302637
96340	0.001141010857
96341	0.00598640117
96342	0.001409648712
96343	0.004543044033
96344	0.001111095637
96345	0.001132228745
96346	0.001952881258
96347	0.009073324292
96348	0.0007462230314
96349	0.002007058175
96350	0.004954080087
96351	0.005542869668
96352	0.01031137865
96353	0.004438186307
96354	0.003925442588
96355	0.004913738368
96356	0.00843990223
96357	0.001640864082
96358	0.001691837757
96359	0.002349703023
96360	0.004877826113
96361	0.001155349859
96362	0.01009230632
96363	0.005073470532
96364	0.0004065915147
96365	0.003137750777
96366	0.003489376416
96367	0.007317223818
96368	0.005715660203
96369	0.004891092742
96370	0.000484615868
96371	0.007620168631
96372	0.002217162784
96373	0.00353232015
96374	0.0003285228444
96375	0.01105463592
96376	0.002787978671
96377	0.01104531778
96378	0.01464096788
96379	0.0004759443907
96380	0.001389703413
96381	0.008916681172
96382	0.003165608467
96383	0.01066688346
96384	0.01019301953
96385	0.002022617847
96386	0.007086663644
96387	0.003096447438
96388	0.007191457139
96389	0.01350807251
96390	0.0003405347364
96391	0.00935535758
96392	0.003596753759
96393	0.01115675286
96394	0.005040311092
96395	0.005515235081
96396	0.002479460594
96397	0.0001421038365
96398	0.00228798105
96399	0.01172493491
96400	0.006484622067
96401	0.004304756491
96402	2.0279347e-05
96403	0.00332286366
96404	0.0004918665797
96405	0.002890332423
96406	0.0009076319842
96407	0.001107511247
96408	0.001908200981
96409	0.0002561633935
96410	0.001441210674
96411	0.0002868802188
96412	0.001796474492
96413	0.001592915454
96414	0.002290211076
96415	0.000425556765
96416	0.0007799231548
96417	0.001059525596
96418	0.0001541043511
96419	0.0002997131122
96420	8.424377321e-06
96421	0.0003125053895
96422	0.00124414752
96423	0.001266301263
96424	0.0007771224608
96425	0.0002614682758
96426	0.001189668991
96427	6.867884284e-05
96428	0.002392751964
96429	0.01145633722
96430	0.02343071588
96431	0.01160819581
96432	0.009987613989
96433	0.01180784582
96434	0.005597988207
96435	0.01006980933
96436	0.009234486906
96437	0.001530544233
96438	0.004012242038
96439	0.01012392973
96440	0.007094762633
96441	0.01119790459
96442	0.009085234182
96443	0.001413700749
96444	0.002512398221
96445	0.004241766478
96446	0.008390171153
96447	0.001577890137
96448	0.005043786853
96449	0.001889104297
96450	0.007057031486
96451	0.002648543065
96452	0.003388846646
96453	0.01190627149
96454	0.0005914173825
96455	0.002192251755
96456	0.007549631105
96457	0.00106048128
96458	0.00253284163
96459	0.0008212039759
96460	0.001265125107
96461	0.001329851743
96462	0.001857667711
96463	0.008677407907
96464	0.00673699463
96465	0.00373937726
96466	0.004214273228
96467	0.002479770845
96468	0.002845984666
96469	0.002092284293
96470	0.0005691407745
96471	0.0005732082723
96472	0.001363559935
96473	0.001307505853
96474	0.000968457076
96475	0.0004424907112
96476	0.002607697161
96477	0.00141219042
96478	0.004666732795
96479	0.0002774020394
96480	0.0008261120571
96481	0.0004804628126
96482	0.001785240687
96483	0.0005785512563
96484	0.001897856046
96485	0.001330971665
96486	0.0002627196361
96487	0.001523780981
96488	0.0004180981928
96489	0.0004874441122
96490	0.000212819486
96491	0.001910273106
96492	0.003326261291
96493	0.0125741028
96494	0.005975237249
96495	0.003945692304
96496	0.0001647453087
96497	0.002042954309
96498	0.001404093074
96499	0.003100397417
96500	0.001868988324
96501	0.0004158644046
96502	0.001575865873
96503	0.006574297579
96504	0.01293640073
96505	0.000902121145
96506	0.00214023269
96507	0.01330730677
96508	0.003839567353
96509	0.001671272276
96510	0.0054826772
96511	0.001248744406
96512	0.005786260465
96513	0.003496933436
96514	0.002262625565
96515	0.006981030023
96516	0.001132972263
96517	0.003910241312
96518	9.009824952e-05
96519	0.01339809015
96520	0.000480152522
96521	0.004009910392
96522	0.007746481525
96523	0.007991043204
96524	0.004345429313
96525	0.006598020569
96526	0.003833796421
96527	0.002565017237
96528	0.001422820041
96529	0.001644578767
96530	0.001888263867
96531	0.003361587355
96532	0.001940903325
96533	0.000172197633
96534	0.003420814743
96535	0.00287890678
96536	0.001533264858
96537	0.004366642078
96538	0.001885814355
96539	0.002949579107
96540	0.0005112404772
96541	0.0003057554656
96542	0.001068735028
96543	0.005252982843
96544	0.004033642829
96545	0.004024712825
96546	0.004293517874
96547	0.002157866054
96548	0.003818092517
96549	0.006234164264
96550	0.002096900801
96551	0.003717887494
96552	0.008765700232
96553	0.001425581521
96554	0.007596644497
96555	0.001725631339
96556	0.01127306481
96557	0.002690980597
96558	0.001462874761
96559	0.004661152007
96560	0.006222188543
96561	0.0001136071685
96562	0.004733644461
96563	8.496653581e-05
96564	0.008590022746
96565	0.008445016061
96566	0.006331027168
96567	0.002490154001
96568	0.0003720923481
96569	0.003914006541
96570	0.002221909461
96571	0.00628970968
96572	0.004749167757
96573	0.001776562182
96574	0.001312446518
96575	0.00105769531
96576	0.0007197213869
96577	0.003139829062
96578	0.002735309703
96579	0.002246660349
96580	0.006397752373
96581	0.007841087043
96582	0.004702663385
96583	0.0006929018639
96584	0.003988890489
96585	0.00348511552
96586	0.0003616371177
96587	0.0003066975889
96588	0.002377080717
96589	0.004037209916
96590	0.002218411624
96591	0.000212051861
96592	0.005358860056
96593	0.004810978154
96594	0.0006839193527
96595	0.002308388336
96596	0.00121158563
96597	0.003392790798
96598	0.00181761281
96599	0.001554612044
96600	0.002587473754
96601	0.001955521861
96602	0.01190466368
96603	0.007505237489
96604	0.00105956555
96605	0.001480418443
96606	0.001983419492
96607	0.006811143519
96608	0.007044417219
96609	0.003464199112
96610	0.00348095678
96611	0.00240455576
96612	0.0003541992222
96613	0.001306770645
96614	0.002005033001
96615	0.0006351738046
96616	0.001119058159
96617	0.001319386093
96618	0.007072479956
96619	0.00189296257
96620	0.005721675189
96621	0.005856946744
96622	2.712426613e-05
96623	0.01652979104
96624	0.00212615063
96625	0.001205308919
96626	0.005502114732
96627	0.00240530793
96628	0.0008861066046
96629	0.002346238939
96630	0.02257849037
96631	0.0003928635854
96632	0.002552725553
96633	0.002943962967
96634	0.004150113557
96635	0.002667144602
96636	0.002259739794
96637	0.0004391971366
96638	0.007410595335
96639	0.000518283262
96640	0.001710952329
96641	0.001179701663
96642	0.001846100933
96643	0.003135598417
96644	0.0006261601765
96645	0.001307511265
96646	0.0003145642827
96647	0.002434142567
96648	0.0009904588053
96649	0.002546026724
96650	0.002581750372
96651	0.001223421097
96652	0.0006665823167
96653	0.004632223139
96654	0.003730160466
96655	0.002072513453
96656	0.001789510986
96657	0.005019059221
96658	0.0004882132034
96659	0.0005286069559
96660	0.0004504737002
96661	0.0001905180769
96662	0.002042083761
96663	0.001405311017
96664	0.003887613223
96665	0.003302851646
96666	0.009006205802
96667	0.0009463806385
96668	0.001172455266
96669	0.00119509372
96670	0.00333728223
96671	0.001947079432
96672	0.0001762008969
96673	0.0008695036851
96674	0.0001753319332
96675	0.004358326563
96676	0.0001948300896
96677	0.003684321369
96678	0.0003834622019
96679	0.00664883866
96680	0.002012003417
96681	0.008396657368
96682	0.01425090953
96683	0.003079775078
96684	0.004767224482
96685	0.001272103041
96686	0.002434193137
96687	0.006933183719
96688	0.006670747549
96689	0.004572488346
96690	0.001713306088
96691	0.004537702324
96692	0.002442019184
96693	0.001588339224
96694	0.002897673617
96695	0.004205776387
96696	0.003742114096
96697	0.00300776229
96698	0.0008404139685
96699	0.00362873403
96700	0.002364860754
96701	9.573308284e-05
96702	0.001186195784
96703	0.004570972936
96704	0.002204110467
96705	0.002483434351
96706	0.001750714224
96707	0.004421150763
96708	0.001092807359
96709	0.00261820037
96710	0.01056100421
96711	0.01736814008
96712	0.001099411738
96713	0.001880519856
96714	7.984022048e-05
96715	0.002092791047
96716	0.0007230252938
96717	0.0003596415633
96718	0.01005048925
96719	0.003114729007
96720	0.002390700221
96721	0.007172749193
96722	0.002868780248
96723	0.007107899602
96724	0.001229312041
96725	3.788937324e-05
96726	0.001675962775
96727	0.01552742196
96728	0.0006123866261
96729	0.001854807365
96730	0.001295281789
96731	9.419495436e-05
96732	0.003315718754
96733	0.0003296938188
96734	0.001071194266
96735	0.001962016079
96736	0.0008122728226
96737	0.0008172432692
96738	0.00398282996
96739	0.001842979451
96740	0.0004301981598
96741	0.0001741078738
96742	0.001324795623
96743	0.001556014523
96744	0.02088072567
96745	0.01647842295
96746	0.0006495820052
96747	0.002377551238
96748	0.008485286167
96749	0.007615926354
96750	0.002172321105
96751	0.004781297506
96752	0.007614530479
96753	7.931085517e-08
96754	0.002881707865
96755	0.003976799844
96756	0.005718850923
96757	0.002245657045
96758	0.003882510252
96759	0.007575888642
96760	0.001374762412
96761	0.005477343509
96762	0.00423965686
96763	0.001181187537
96764	0.002018400205
96765	0.01383939102
96766	0.007912009587
96767	0.01353653695
96768	0.01328400467
96769	0.01389768412
96770	0.002904132395
96771	0.01765178494
96772	0.00340062878
96773	0.007244966263
96774	0.001366556092
96775	0.008730462686
96776	0.007598363889
96777	0.002403809055
96778	0.006636004926
96779	0.0004654599727
96780	0.001615033952
96781	0.001191928468
96782	0.002739242163
96783	0.0001301117643
96784	0.001272087757
96785	0.0002669454201
96786	0.0005426540421
96787	0.0008186155347
96788	0.001378944345
96789	0.001193002258
96790	0.001122860388
96791	0.0005567489973
96792	0.0006718247296
96793	0.002549883279
96794	0.0004513571908
96795	0.001377566661
96796	0.001250698206
96797	0.0003651115946
96798	0.002910054345
96799	0.0002645783545
96800	0.0008140809774
96801	0.001007477784
96802	0.0004360701129
96803	0.0005064596856
96804	0.003662613613
96805	0.004461442995
96806	0.001002302015
96807	0.001358920774
96808	0.001244310436
96809	0.003105660911
96810	0.0005367280866
96811	0.002696604773
96812	0.001701131359
96813	0.0002959687719
96814	0.002955013377
96815	0.0007877223182
96816	0.001525833244
96817	0.001901084699
96818	2.58189905e-05
96819	0.0004508265329
96820	0.001106579744
96821	0.001080835727
96822	0.001069683624
96823	0.002650641335
96824	0.0009739213918
96825	0.00123913914
96826	0.0005090895497
96827	0.0001637492542
96828	0.000510855475
96829	0.002747042836
96830	0.0008131866957
96831	0.001068864961
96832	0.002408544155
96833	0.00428029171
96834	2.104057009e-06
96835	0.002042059531
96836	0.002583735753
96837	0.001192003685
96838	0.0005665432664
96839	0.001232226048
96840	0.003618522328
96841	0.001125769093
96842	0.0001701925899
96843	0.0009398551155
96844	0.000205141125
96845	0.001511832386
96846	0.0002687762858
96847	0.001239299607
96848	0.001238299973
96849	0.0006296777927
96850	0.0005879680793
96851	0.003249530793
96852	0.0005765161002
96853	1.478254025e-05
96854	0.0008354190392
96855	0.0001116064235
96856	0.0001396234504
96857	0.0008119049481
96858	0.0002980001567
96859	0.001606714454
96860	0.001601132672
96861	0.001883131497
96862	0.0006153963528
96863	0.001754389251
96864	0.004197133524
96865	0.002031400143
96866	0.001771581415
96867	0.0009619852958
96868	0.0004030196857
96869	0.003922812369
96870	0.0009918249739
96871	0.0002317349989
96872	0.001249691837
96873	2.060232061e-07
96874	3.097194111e-05
96875	0.001369997874
96876	0.003405747039
96877	0.0009382726314
96878	0.0004299795368
96879	0.0003211111834
96880	0.001891409292
96881	0.002157528787
96882	0.002837872419
96883	0.003623092778
96884	0.002020591969
96885	0.0006353393578
96886	0.0003900856056
96887	0.0008388106702
96888	0.0008052030284
96889	0.0007979149049
96890	0.000428792622
96891	0.0009493902189
96892	3.480342305e-05
96893	0.001107261737
96894	0.0009592302483
96895	0.0006510538557
96896	0.00190272364
96897	0.0001429002536
96898	0.003373722229
96899	0.001474129959
96900	0.003925226282
96901	1.16481946e-06
96902	0.00201402669
96903	0.001764590787
96904	1.373154583e-06
96905	0.0002790147008
96906	0.00350764099
96907	0.001750717641
96908	0.001874243666
96909	0.001487952457
96910	0.002163087874
96911	0.001471664464
96912	0.001609913008
96913	0.0007927910325
96914	0.0008055695329
96915	0.002013663694
96916	0.0008177978145
96917	0.002300326834
96918	5.557212044e-06
96919	0.002975368345
96920	0.002557657465
96921	0.002027313936
96922	0.00122491066
96923	0.001618675536
96924	0.001247718672
96925	0.001914025475
96926	0.001552358644
96927	0.002726548681
96928	0.001381971748
96929	0.001525403469
96930	0.001269550802
96931	0.002179765562
96932	0.002455592425
96933	0.003179275506
96934	0.01054610053
96935	0.002550250097
96936	0.0004653746486
96937	0.001651675818
96938	0.001869600031
96939	0.009531644607
96940	0.001528181274
96941	0.002895988358
96942	0.001329058922
96943	0.00403508556
96944	0.000916748655
96945	0.0015274846
96946	0.001465017096
96947	0.0003068457904
96948	0.001429779369
96949	0.001444527583
96950	0.0004301008808
96951	0.002243510476
96952	0.002551269839
96953	0.0009017116808
96954	0.001206073796
96955	0.003802738024
96956	0.0003867926158
96957	0.001783155673
96958	0.002257449432
96959	0.001780710589
96960	0.002772023929
96961	0.001541894538
96962	0.002034741059
96963	0.00137824847
96964	0.001761993143
96965	0.002387018231
96966	0.001035461908
96967	0.003670784723
96968	0.002459375468
96969	0.0005865902813
96970	0.004916401258
96971	0.00195226589
96972	0.0002598934316
96973	0.00338846825
96974	0.001418056539
96975	0.00189004063
96976	0.000941811839
96977	0.001874056373
96978	0.0003572597346
96979	0.001545023019
96980	0.0004406961514
96981	0.000961544591
96982	0.001512072691
96983	0.00293106673
96984	0.0008340376092
96985	0.004129562767
96986	0.000994750592
96987	0.008345920065
96988	0.001102076098
96989	0.002830567762
96990	0.002457471503
96991	0.0008420470568
96992	0.002541081637
96993	0.008312346122
96994	0.002431447938
96995	0.001984213984
96996	0.001533964984
96997	0.0006239531562
96998	0.005378257551
96999	0.003826567959
97000	0.0009423605981
97001	0.000591566847
97002	0.002279781795
97003	0.001842765612
97004	0.002082659801
97005	0.002415522614
97006	0.003904545221
97007	0.006568068951
97008	0.0005201147422
97009	0.001295524112
97010	0.001095219871
97011	0.001156678133
97012	0.008728336941
97013	0.004773237079
97014	0.001825294127
97015	0.007764358363
97016	0.001389268556
97017	0.003146557751
97018	0.001833781826
97019	0.004207792468
97020	0.001508995575
97021	0.0001267745996
97022	0.0009788945724
97023	0.01240073871
97024	0.004760445476
97025	0.002301875001
97026	0.001355094004
97027	0.0002129767915
97028	0.00341652
97029	0.001696454592
97030	0.002576985665
97031	1.872071816e-05
97032	0.003590211995
97033	0.002834312087
97034	0.000737901202
97035	0.0009372498126
97036	0.001504170141
97037	0.002868420317
97038	0.004063452686
97039	0.003151784894
97040	0.002396666517
97041	0.001217384042
97042	0.002284994638
97043	0.005750151007
97044	0.0007444127343
97045	0.002096914053
97046	0.003204542613
97047	0.001358771743
97048	0.001019944116
97049	0.0004327624333
97050	0.00521168354
97051	0.00151683753
97052	0.001531813938
97053	0.001648996172
97054	0.00128978645
97055	0.005239820331
97056	0.001951442683
97057	0.002889959233
97058	0.003861771757
97059	0.001344021423
97060	0.0008776616546
97061	0.0007566760171
97062	0.008501023459
97063	0.002212353718
97064	0.01027075317
97065	0.001579198351
97066	0.001431756725
97067	0.009842712201
97068	0.0005523811527
97069	0.0008991154139
97070	0.001386490386
97071	0.002825878804
97072	0.001742781228
97073	0.001894873699
97074	0.0006691051516
97075	0.0009958747976
97076	0.001264834939
97077	0.00139543756
97078	0.0002027432443
97079	0.00163561059
97080	0.001290604721
97081	0.0005722661917
97082	0.0002599357233
97083	0.001434750646
97084	0.001295907049
97085	0.002787848818
97086	0.002382785755
97087	0.004215441535
97088	0.003603426204
97089	0.003066965198
97090	0.005111086822
97091	0.001318450891
97092	0.0009713470973
97093	0.001972123929
97094	0.001642775686
97095	0.001717350076
97096	0.002758797289
97097	0.002633824512
97098	0.0006310521904
97099	0.0009017412741
97100	0.008259832924
97101	0.004476442264
97102	0.002079340765
97103	0.002441176662
97104	0.0006080994881
97105	0.001468709778
97106	0.004722198708
97107	0.001176452993
97108	0.007885424793
97109	0.00271645065
97110	0.002066110998
97111	0.003290104037
97112	0.0006783362282
97113	5.942919483e-05
97114	0.0009053566979
97115	0.004962595936
97116	0.004222778201
97117	0.001587634438
97118	0.005958716478
97119	0.007183630857
97120	0.002710790607
97121	0.0006438642644
97122	0.004101577607
97123	0.006279475617
97124	0.001440462987
97125	0.0008931629639
97126	0.002585843547
97127	0.0006398525299
97128	0.002675591027
97129	0.002051520257
97130	0.003080141831
97131	0.0009107164885
97132	0.004361185852
97133	0.001518398008
97134	0.001139000989
97135	0.002466762168
97136	0.001551834224
97137	0.001549446241
97138	0.00049607635
97139	0.004807683
97140	0.00147646013
97141	0.002810072942
97142	0.001323215725
97143	0.001276318919
97144	0.00164129846
97145	0.005647813571
97146	0.002561636702
97147	0.000452578167
97148	0.003221519648
97149	0.01007432353
97150	0.001469756472
97151	0.0002287514132
97152	0.007465967528
97153	0.001039492349
97154	0.002944298451
97155	0.001675713429
97156	0.0002274558695
97157	0.003739669222
97158	0.002333228589
97159	0.0002542037819
97160	0.001559432001
97161	0.001320527614
97162	0.002013446429
97163	0.002742151558
97164	0.001579433227
97165	0.004925987719
97166	0.002111643987
97167	0.002054958145
97168	0.001990855183
97169	0.004244398167
97170	0.005372157376
97171	0.003953998144
97172	0.002638395968
97173	0.002356892357
97174	0.0008408595959
97175	0.005633264519
97176	0.001331759475
97177	0.001320017004
97178	0.0007935959659
97179	0.002512219006
97180	0.01053720015
97181	0.00381078996
97182	0.001788587699
97183	0.004564048569
97184	0.0002668968649
97185	0.001528392731
97186	0.002573562706
97187	0.001409797134
97188	0.004556929021
97189	0.0009298066297
97190	0.001735861995
97191	0.002759681819
97192	0.001317222979
97193	0.00235527961
97194	0.001389202867
97195	0.003126266361
97196	0.00727440254
97197	0.003904149931
97198	0.00154256662
97199	0.001914904764
97200	0.001820119511
97201	0.0008260671277
97202	0.001294796803
97203	0.002632999639
97204	0.001111957406
97205	0.0002583914108
97206	0.00322417578
97207	0.005306844186
97208	0.0007115389429
97209	0.001520779855
97210	0.00130826691
97211	0.003678192066
97212	0.001937485923
97213	0.003782695258
97214	0.001349421111
97215	0.0001168147129
97216	0.001296214344
97217	0.002145296949
97218	0.003074217026
97219	0.003276748563
97220	0.001663916636
97221	0.0007421704183
97222	0.001058852964
97223	0.001945596934
97224	0.005276588996
97225	0.002914470065
97226	0.001579882352
97227	0.001186958334
97228	0.0008001536589
97229	0.001588142264
97230	0.006000726909
97231	0.00310119652
97232	0.00172983789
97233	0.002018395242
97234	0.001091118482
97235	0.002606052651
97236	0.004353189474
97237	0.001118644994
97238	0.0009370985538
97239	0.0005985589955
97240	0.002640246898
97241	0.0001308588165
97242	0.002260825749
97243	0.004616851027
97244	0.0004932085983
97245	0.002026407309
97246	0.002080965776
97247	0.001834941391
97248	0.002030637598
97249	0.0002380794417
97250	0.001604385217
97251	0.002750189538
97252	0.001760213668
97253	0.004712128389
97254	0.004347902437
97255	0.0003021411324
97256	0.003143944623
97257	0.001016499791
97258	0.002287838895
97259	0.0008843336686
97260	0.00187992876
97261	0.003705090081
97262	0.001877785106
97263	0.0003759537065
97264	0.002602955312
97265	0.005314636154
97266	0.0007519393805
97267	0.001626202447
97268	0.003890768471
97269	0.008771693315
97270	1.762187749e-05
97271	0.001132709237
97272	0.002344317438
97273	0.004039261585
97274	0.002751663972
97275	0.003875058327
97276	0.001185622575
97277	0.006049040697
97278	0.006977719055
97279	0.006690085268
97280	0.002584987767
97281	0.002582238816
97282	0.004131452474
97283	0.001484989384
97284	0.0004859829699
97285	0.00105363791
97286	0.007527630918
97287	0.001102133101
97288	0.001963267897
97289	0.002725500003
97290	0.002169138102
97291	0.005301953898
97292	0.002050903309
97293	0.004723893876
97294	0.002012612694
97295	0.0008979594592
97296	0.002766512771
97297	0.003748706251
97298	0.001018925251
97299	0.002930248263
97300	0.004299646175
97301	0.002595211871
97302	0.0002118797143
97303	0.004390431511
97304	0.003851037423
97305	0.0009392878226
97306	0.00132546385
97307	0.0008928990068
97308	0.002428601416
97309	0.004044254836
97310	7.764408732e-05
97311	0.001812911907
97312	0.000298501485
97313	0.004131358658
97314	0.01265819729
97315	0.001412894728
97316	0.003146204125
97317	0.001624645044
97318	0.006549644993
97319	0.009491696696
97320	0.001630694772
97321	0.003051969312
97322	0.002442665245
97323	0.007900074842
97324	0.001541417797
97325	0.002029080026
97326	0.001656879092
97327	0.004030762955
97328	0.001925527051
97329	0.002182123963
97330	0.001179732117
97331	0.00155967822
97332	0.001525799608
97333	0.0001556921694
97334	0.001734913515
97335	0.0009568989173
97336	0.003428471485
97337	0.005093430933
97338	0.002425578606
97339	0.002323881247
97340	0.001553475804
97341	0.003275350755
97342	0.002595280333
97343	0.003813997586
97344	0.004629203047
97345	0.0005302864339
97346	0.001642533233
97347	0.001556161766
97348	0.0009579415454
97349	0.00180555746
97350	0.002169312314
97351	0.0011198635
97352	0.006881676281
97353	0.004243110221
97354	0.003622546162
97355	0.001256004403
97356	0.002467735135
97357	0.004057674507
97358	0.006634458565
97359	0.001949228267
97360	0.002079838576
97361	0.00107536844
97362	0.001318496737
97363	0.001195649627
97364	0.0001620587337
97365	0.003509684302
97366	0.002578935999
97367	0.005096267145
97368	0.001266067529
97369	0.002658457172
97370	0.001480909936
97371	0.00173007556
97372	0.001875934661
97373	0.001827996862
97374	0.009656243784
97375	0.002551963308
97376	0.003172613026
97377	0.002365316441
97378	0.001753797667
97379	0.003166571136
97380	0.002512339175
97381	0.002379075214
97382	0.0004805946658
97383	0.002548458979
97384	0.001122317762
97385	0.0004730285789
97386	0.002934041006
97387	0.002457069715
97388	0.005611273965
97389	0.001340487457
97390	0.004651809448
97391	0.003740318959
97392	0.0004839799735
97393	0.0007555535742
97394	0.003144301397
97395	0.007767135019
97396	0.0002490441286
97397	0.004282117611
97398	0.0001724011883
97399	0.004248913831
97400	0.006230674207
97401	0.0008712915446
97402	0.001523601858
97403	0.001254112406
97404	0.001179597406
97405	0.001305790572
97406	0.006358060033
97407	0.002216534552
97408	0.005750340905
97409	0.000734233496
97410	0.002834686044
97411	0.001251194377
97412	0.003086458897
97413	0.0003895023325
97414	0.0005573392873
97415	0.006624685149
97416	0.002682308879
97417	0.001334527331
97418	0.004745319491
97419	0.001608602904
97420	0.0006579067171
97421	0.001827086729
97422	0.001945541947
97423	0.003506395617
97424	0.00260248296
97425	0.004737752264
97426	0.001907920155
97427	0.002184211396
97428	0.001141050198
97429	0.00216877026
97430	0.003497967069
97431	0.00622181639
97432	0.003148464114
97433	0.004237723524
97434	0.0005358281851
97435	0.0006917170443
97436	0.001944772954
97437	0.00169999584
97438	0.0004207285849
97439	0.001816239709
97440	0.00122475988
97441	0.006167416852
97442	0.0009811319022
97443	0.001879234962
97444	0.0005078683163
97445	0.007133370111
97446	0.006195519309
97447	0.005421659642
97448	0.016926726
97449	0.01356163672
97450	0.00269371303
97451	0.002026275391
97452	0.006638129743
97453	0.008739271887
97454	0.0002283958129
97455	0.0001998655033
97456	0.00267553806
97457	0.004118855479
97458	5.779746768e-05
97459	0.003793912489
97460	0.001026817124
97461	0.01184319848
97462	0.003532629989
97463	0.003099424621
97464	0.001045948509
97465	0.0002904439906
97466	0.0001713107431
97467	0.002949100819
97468	0.001646369222
97469	0.00139050093
97470	0.0005551560302
97471	0.0009835309873
97472	0.008913905837
97473	0.003067554506
97474	0.001092776139
97475	0.004266822299
97476	0.0009228377795
97477	0.0003884866258
97478	0.0175076913
97479	0.002273578671
97480	0.001414866688
97481	0.00376091376
97482	0.0002618145734
97483	0.002130681943
97484	0.0002034062413
97485	0.004644283739
97486	0.00316586512
97487	0.00119723799
97488	0.003320224885
97489	0.0005345366133
97490	0.00123389921
97491	0.0009332078011
97492	0.00916972152
97493	0.0007121441194
97494	0.001601667496
97495	0.000358990982
97496	0.002825116466
97497	0.008482225686
97498	0.000299210721
97499	0.0004649587725
97500	0.0004522296508
97501	0.002212842373
97502	0.004071920548
97503	0.003893097799
97504	0.0005306864644
97505	0.0007044018544
97506	0.002375680417
97507	0.004505399298
97508	0.0007988959548
97509	0.001405727389
97510	0.002108494157
97511	0.006475798916
97512	0.001641412681
97513	0.0004912826925
97514	0.008843274767
97515	0.002923556547
97516	0.002688551094
97517	0.01538656586
97518	0.0009944489995
97519	0.009356193264
97520	0.0007916347171
97521	0.005511399784
97522	0.002171162701
97523	0.007994204955
97524	0.004978376361
97525	0.00418220402
97526	0.000594799024
97527	0.0009361803908
97528	0.01275904926
97529	0.007531989428
97530	0.002193879424
97531	0.001869450039
97532	0.0004464994326
97533	0.00162430717
97534	0.002668667745
97535	0.003656717361
97536	0.002216915335
97537	0.007107214529
97538	0.005885568053
97539	0.01800781936
97540	0.002570315221
97541	0.003928756979
97542	9.596259061e-05
97543	0.005268045395
97544	0.006601300279
97545	0.007776257742
97546	0.006706354561
97547	0.007282752365
97548	0.002045005422
97549	0.008322135077
97550	0.003827465314
97551	0.006299397106
97552	0.01585014675
97553	0.0001657511522
97554	0.000811412068
97555	0.007663221866
97556	0.0007121521643
97557	0.008756262332
97558	0.006994889081
97559	0.009755886366
97560	0.0005675065845
97561	0.003915165041
97562	0.01077139637
97563	0.004006140747
97564	0.001752422354
97565	0.005599475467
97566	0.004001609168
97567	0.001446514934
97568	0.005196086165
97569	0.01026095196
97570	0.01481849141
97571	0.001416647089
97572	0.002268963604
97573	0.0001233592524
97574	0.006282853574
97575	0.009449782918
97576	0.01198762112
97577	0.002413013302
97578	0.004643535779
97579	0.004666719485
97580	0.004749387819
97581	0.004320607188
97582	0.006951212672
97583	0.002646008595
97584	0.001433514505
97585	0.004526833165
97586	0.01372143073
97587	0.001923413225
97588	0.008861970184
97589	0
97590	0.01046605017
97591	0.004372824033
97592	0.001428638163
97593	0.001702154702
97594	0
97595	0.00729632883
97596	0.01712685612
97597	0.0003029611473
97598	0.01105807492
97599	0.0009367301193
97600	0.004988843151
97601	0.0101785377
97602	0.002532665081
97603	0.0005016630908
97604	0.002226874401
97605	0.008724340668
97606	0.01115187043
97607	0.002947155631
97608	0.003033307504
97609	0.0009208262056
97610	0.0004042530176
97611	0.00947792341
97612	0.006154244153
97613	0.0004006513603
97614	0.001098540333
97615	0.001811572419
97616	0.001693152454
97617	0.004664753901
97618	0.008441984643
97619	0.0009265597895
97620	0.001816367539
97621	0.001726324172
97622	0.00172363114
97623	0.001215811137
97624	0.003745808532
97625	0.002113647369
97626	0.003047231681
97627	0.0004603425564
97628	0.001858817229
97629	0.006995081212
97630	0.009285900803
97631	0.002271170416
97632	0.0002099114929
97633	0.002483066691
97634	0.001537325491
97635	0.00868687102
97636	0.002315965514
97637	0.0003821696636
97638	0.006433616908
97639	0.001290017712
97640	0.0006020938435
97641	0.001224670491
97642	0.003004147884
97643	0.008587166032
97644	0.006609974356
97645	0.0007983857521
97646	0.0030613385
97647	0.001535818347
97648	0.0003527262352
97649	0.001885081355
97650	0.003055226007
97651	0.00246411866
97652	0.0001876174764
97653	0.003037664539
97654	0.002270830906
97655	0.007335383495
97656	0.006582935164
97657	0.00835847475
97658	0.01395598699
97659	0.005370326332
97660	0.005803222317
97661	0.00334884079
97662	0.001923626782
97663	0.003994511507
97664	0.008751089918
97665	0.007147607721
97666	0.006771856989
97667	0.002081935778
97668	0.0006919192953
97669	0.0009382369813
97670	0.001489926273
97671	0.009628983603
97672	0.001685333337
97673	0.0071537862
97674	0.01137118421
97675	0.005189721517
97676	0.002299079715
97677	0.001733700177
97678	0.009961565525
97679	0.0006257393542
97680	0.006550757187
97681	0.003040245349
97682	0.004969447441
97683	0.003190770095
97684	0.003752981171
97685	6.816672351e-06
97686	0.001076649414
97687	0.007773064856
97688	0.003144960683
97689	0.001939121755
97690	0.004488021031
97691	0.001858744988
97692	0.001334264179
97693	0.001684214302
97694	0.002301679213
97695	0.004066980898
97696	0.007320892639
97697	0.0001794800913
97698	0.01014131855
97699	0.01022498397
97700	0.004105886505
97701	0.005559119495
97702	0.002377310023
97703	0.002601427585
97704	0.007700410364
97705	0.001483619927
97706	0.002727229337
97707	0.003097665692
97708	0.005199512683
97709	0.01061177536
97710	0.01169379452
97711	0.007258045204
97712	0.0007838391651
97713	0.007512553883
97714	0.001021399496
97715	0.01616604845
97716	0.002856956407
97717	0.001576580386
97718	0.005283323063
97719	0.001517401517
97720	0.002242782825
97721	0.009932583681
97722	0.0009426431342
97723	0.01483917837
97724	0.001220743571
97725	0.001432028988
97726	0.0003064045907
97727	0.001018499758
97728	0.003815630819
97729	0.001364191725
97730	0.01969313382
97731	0.003301653389
97732	0.0002583960464
97733	0.0005135451274
97734	0.001001803824
97735	0.003273663845
97736	0.0004341985387
97737	0.003112866109
97738	0.01143861209
97739	0.002392723554
97740	0.0009978403578
97741	0.007491382435
97742	0.008596937944
97743	0.002224466374
97744	0.00613910133
97745	0.002817066526
97746	0.002883634913
97747	0.01503302294
97748	0.00234826882
97749	0.002791087662
97750	0.003952951642
97751	0.0005508956089
97752	0.007959106745
97753	0.004824822062
97754	0.003692161562
97755	0.008143558011
97756	0.009069520152
97757	0.008723034405
97758	0.0009181701336
97759	0.004180074185
97760	0.006052778596
97761	0.0005512013951
97762	0.0001981395267
97763	0.001534352979
97764	0.0002237854529
97765	0.005065299675
97766	0.004192128145
97767	0.0007928273535
97768	0.001878146404
97769	0.0172930511
97770	0.004345066385
97771	0.003173758141
97772	0.002753477526
97773	0.005403071278
97774	0.01178146343
97775	0.005551385022
97776	0.009832711437
97777	0.003514678549
97778	0.001105261041
97779	0.003753769886
97780	0.004354063576
97781	0.01324414811
97782	0.006286570284
97783	0.004876431245
97784	0.004321330753
97785	0.005697600174
97786	0.0003924589955
97787	0.0008734761573
97788	0.0009380725654
97789	0.006981253071
97790	0.0004320471929
97791	0.003700461949
97792	0.00176481985
97793	0.006348816799
97794	0.01593226595
97795	0.008720000005
97796	0.0008907957198
97797	0.001243681168
97798	0.0009408258394
97799	8.253837557e-05
97800	0.003327448135
97801	0.003101147445
97802	0.004584438272
97803	0.002250557515
97804	0.001609261048
97805	0.003570600967
97806	0.005481527482
97807	0.005794738386
97808	0.005620988222
97809	0.004222640464
97810	0.004626219303
97811	0.0117529836
97812	0.002928935933
97813	0.005979967375
97814	0.01931410827
97815	0.00393433569
97816	0.0007180349138
97817	0.009004804086
97818	0.01049785695
97819	0.003395837963
97820	0.0003510289236
97821	0.001941060664
97822	0.003805496785
97823	0.002547089939
97824	0.004633284312
97825	0.001219901464
97826	0.008402963484
97827	0.002563909853
97828	0.001069390451
97829	0.01320637024
97830	0.005277960012
97831	0.004928879802
97832	0.007386448685
97833	0.01742480742
97834	0.003629259009
97835	0.004159641849
97836	0.004385322522
97837	0.0001832650304
97838	0.003387167947
97839	0.02100981142
97840	0.01392475063
97841	0.004673786859
97842	0.0005090857892
97843	0.01054435414
97844	0.00429201271
97845	0.003792712222
97846	0.0125228511
97847	0.0027798661
97848	0.0087837354
97849	0.002009815775
97850	0.01281946681
97851	0.002249003363
97852	0.001075503971
97853	0.003847166876
97854	0.007920520458
97855	0.007002787679
97856	0.0003176443256
97857	0.002460485998
97858	0.001332889149
97859	0.005347627005
97860	0.001449371694
97861	0.01383426615
97862	0.0009394463726
97863	0.004536796588
97864	0.004191350575
97865	0.005287055917
97866	0.005814185307
97867	0.005075688352
97868	0.005277611297
97869	0.00355782168
97870	0.006147835778
97871	0.0004039337792
97872	0.002793883029
97873	0.005096792768
97874	0.005345384815
97875	0.003212407657
97876	0.003085269213
97877	0.001750807677
97878	0.01385681081
97879	0.002316807327
97880	0.008796992106
97881	0.00125941764
97882	0.00160515193
97883	0.01582429405
97884	0.006108668986
97885	0.0004874410116
97886	0.004923217538
97887	0.01016296817
97888	0.0006804803714
97889	0.0007486442144
97890	0.0009315241728
97891	0.0006186618243
97892	0.009098078782
97893	0.002093108123
97894	0.0001459481563
97895	0.005304943081
97896	0.002007526357
97897	0.005056415516
97898	0.004642415477
97899	0.01412074792
97900	0.005223217864
97901	0.01306978969
97902	0.004194825496
97903	0.005688544196
97904	0.002802150485
97905	0.002258581211
97906	0.001638947605
97907	0.001709079971
97908	0.001711925026
97909	0.002426769068
97910	0.002566720815
97911	0.001552792863
97912	0.002419837893
97913	0.001141383059
97914	0.0001448455057
97915	0.002421001892
97916	0.001439039973
97917	0.002986319938
97918	1.699433305e-06
97919	0.009164070898
97920	0.01143359324
97921	0.007707119576
97922	0.004601862757
97923	0.007154939876
97924	0.001145919998
97925	0.005749948901
97926	0.0005280329842
97927	0.001904050883
97928	0.0005705112891
97929	0.002423002149
97930	0.0002378678497
97931	0.008593776062
97932	0.002157631465
97933	0.004601814933
97934	0.008259826647
97935	0.01333284881
97936	0.007407016703
97937	0.002022348085
97938	0.003347546651
97939	0.005258789535
97940	0.01164926294
97941	0.00760293698
97942	0.004408434052
97943	0.004317185456
97944	0.003051925569
97945	0.002640449702
97946	0.002862154517
97947	0.00144036155
97948	0.00172747684
97949	0.01560565793
97950	0.0119754222
97951	0.01746527462
97952	0.01891166489
97953	0.003444828847
97954	0.004561800878
97955	0.001193435887
97956	0.00624213804
97957	0.008692867807
97958	0.005371845628
97959	0.01365740221
97960	0.01268617869
97961	0.003306390441
97962	0.002203248392
97963	0.002792272932
97964	0.01309501616
97965	0.004818559565
97966	0.0001036706291
97967	0.00376552212
97968	0.004522390763
97969	0.002043806871
97970	0.007982127052
97971	0.007789632985
97972	0.002161787473
97973	0.001289199942
97974	0.0007462889376
97975	0.003378273209
97976	0.004728115713
97977	0.00721738705
97978	0.003180179595
97979	0.005652702943
97980	0.002459512604
97981	0.008424833811
97982	0.01309849633
97983	0.002748084835
97984	0.006054188194
97985	0.01928580884
97986	0.001266735465
97987	0.008724061257
97988	0.001545986401
97989	0.003817239191
97990	0.001177375582
97991	0.003415824179
97992	0.01320255318
97993	0.001630249639
97994	0.001798916628
97995	0.004319399362
97996	0.001430682898
97997	0.003754384856
97998	0.005204410673
97999	0.001265794993
98000	0.005467150574
98001	0.0007441011004
98002	0.006015088875
98003	0.004036195091
98004	0.001673720063
98005	0.00910154859
98006	0.006713010816
98007	0.0007185629617
98008	0.008668375073
98009	0.008415206048
98010	0.0002767652032
98011	0.007419307559
98012	0.002876414689
98013	0.001672630552
98014	0.001881761908
98015	0.004621489451
98016	0.0004730287113
98017	0.003503228647
98018	0.004246904642
98019	0.005281191357
98020	0.002894468164
98021	0.007783416443
98022	0.005264937917
98023	0.008212655655
98024	0.002841436055
98025	0.002570211429
98026	0.007079677042
98027	0.002543484164
98028	0.006746004324
98029	0.006048223485
98030	0.003586976963
98031	0.001922010972
98032	0.008670506731
98033	0.001571836188
98034	0.002551641749
98035	0.01371749378
98036	0.004835052301
98037	0.005756410191
98038	0.008253828242
98039	0.01257977331
98040	0.002412080821
98041	0.007177218841
98042	0.003991307766
98043	0.004796356621
98044	0.0142686147
98045	0.01128098882
98046	0.008670506731
98047	0.0001375130163
98048	0.003640889145
98049	0.006383318833
98050	0.001688897259
98051	0.009415569938
98052	0.01241917134
98053	0.01087792901
98054	0.006151849293
98055	0.008370492631
98056	0.003116419865
98057	0.004857696606
98058	0.008681890507
98059	0.005624027124
98060	0.002360308443
98061	0.005762896065
98062	0.004266018368
98063	0.001657459269
98064	0.005081173093
98065	0.004720216248
98066	0.001658241772
98067	0.001363420721
98068	0.005647252777
98069	0.005974386657
98070	0.007312304932
98071	0.005644885964
98072	0.001784035579
98073	0.007775021689
98074	0.004486113947
98075	0.002796298433
98076	0.002657140154
98077	0.003344588218
98078	0.001302982924
98079	0.0004180088008
98080	0.003435463721
98081	0.02152233755
98082	0.005916750805
98083	0.01502480629
98084	0.006792586379
98085	0.003775304034
98086	0.001696464802
98087	0.001678828695
98088	0.006986017744
98089	0.0009195353843
98090	0.01370289256
98091	0.001351052568
98092	0.006991461435
98093	0.001864140867
98094	0.002099278339
98095	0.005675302928
98096	0.004404678569
98097	0.01069484654
98098	0.01547152704
98099	0.01167207469
98100	0.004584365568
98101	0.004774212422
98102	0.001818342798
98103	0.002602604414
98104	0.0007121140227
98105	0.003009537049
98106	0.004063974993
98107	0.006504675604
98108	0.004443631334
98109	0.0008682324958
98110	0.001994835843
98111	0.01029965154
98112	0.001856979788
98113	0.005153743751
98114	0.007332619325
98115	0.001710830902
98116	0.001627015181
98117	0.0009125853374
98118	0.0004420005774
98119	0.004559148655
98120	0.0001030939743
98121	0.006996307274
98122	0.002936980821
98123	0.0008655346835
98124	2.067881747e-05
98125	0.002371177925
98126	0.0147566974
98127	0.0001624087881
98128	0.001660705019
98129	0.000802414765
98130	0.003703076998
98131	0.01122536105
98132	0.0001829956518
98133	0.001517715888
98134	0.005008664689
98135	0.004066829952
98136	0.006364308127
98137	0.002896975932
98138	0.003419580037
98139	3.866423155e-06
98140	0.002329042507
98141	0.0007587262341
98142	0.00228338717
98143	0.003668181073
98144	0.005493932325
98145	0.003836192958
98146	0.003018688793
98147	0.006927582411
98148	0.001785333447
98149	0.004626804949
98150	0.001133400664
98151	0.00302071813
98152	0.004220836621
98153	0.005296944876
98154	0.005389981588
98155	0.002190839903
98156	0.005617672267
98157	0.004803615425
98158	0.002282180197
98159	0.006647873775
98160	0.006594181371
98161	0.008537990947
98162	0.008409004797
98163	0.00585619608
98164	0.008934101809
98165	0.0009959177891
98166	0.0001583076379
98167	0.0029751853
98168	0.002692582379
98169	0.002433100493
98170	0.0123585399
98171	0.008805615531
98172	0.006117914078
98173	0.0008643283057
98174	0.004300660311
98175	0.005051014356
98176	0.003750638709
98177	0.01591826017
98178	0.004760527211
98179	0.001017249553
98180	0.001577240944
98181	0.005485712335
98182	0.008582374215
98183	0.007107877011
98184	0.006993302978
98185	0.004268134478
98186	0.008858227361
98187	0.01086716771
98188	0.01074646957
98189	0.006022739847
98190	0.007832348386
98191	0.008267351691
98192	0.00820948905
98193	0.008295098502
98194	0.01251660749
98195	0.005969672276
98196	0.008764398014
98197	0.01053290573
98198	0.001211231046
98199	0.001752733591
98200	0.002624684013
98201	0.003102140894
98202	0.002677940221
98203	0.001963667447
98204	0.001851990698
98205	0.0002512801973
98206	0.007477833906
98207	0.005180882364
98208	0.009234032547
98209	0.004579620941
98210	0.002189153094
98211	0.00613332825
98212	0.003634511238
98213	0.0008358289299
98214	0.008123310008
98215	0.002167130276
98216	0.01308448678
98217	0.001350817962
98218	0.003337981713
98219	0.00171905648
98220	0.003137703855
98221	0.003767679338
98222	0.008752006173
98223	0.003503881207
98224	0.002242673218
98225	0.006027061978
98226	0.002486031437
98227	0.00921017625
98228	0.0006622239501
98229	0.0006457602958
98230	0.003802800703
98231	0.004670820009
98232	0.005259827063
98233	0.0003771093836
98234	0.005690636855
98235	0.003172977639
98236	0.002941754569
98237	0.005875497869
98238	0.002025152244
98239	0.0002902454473
98240	0.0007711000343
98241	0.0005589554238
98242	0.001741232313
98243	0.0008326289855
98244	2.134553619e-05
98245	0.00053923354
98246	0.0002368012525
98247	0.001977990595
98248	0.0007530520397
98249	0.0003004227044
98250	0.0006817986991
98251	0.0006763151902
98252	0.01075677219
98253	0.0001849133573
98254	0.0001430711766
98255	1.734203625e-05
98256	0.0003869810033
98257	0.0007762371048
98258	0.0006402904695
98259	0.0009386975061
98260	0.0006942183897
98261	0.0001679200441
98262	0.001068379247
98263	0.0002202960896
98264	0.0003111566731
98265	0.001669947402
98266	0.0009470873778
98267	0.001484864121
98268	0.0005784157449
98269	0.0006602690502
98270	0.000701952559
98271	0.0008551698986
98272	0.001048864639
98273	0.0001493914277
98274	0.0002637843555
98275	0.002297836979
98276	0.0005361295624
98277	0.004020373965
98278	0.01137593541
98279	0.0004696488254
98280	0.004771790458
98281	0.009757710581
98282	0.0006993957337
98283	0.002916618061
98284	0.00466884336
98285	0.003414076527
98286	0.0003270654354
98287	0.008248796528
98288	0.003600305822
98289	0.0001386192457
98290	0.00178025506
98291	0.0004936415568
98292	0.006038933384
98293	0.002204026576
98294	0.01752865331
98295	0.005781050275
98296	0.004426851652
98297	0.005189035265
98298	0.00143664002
98299	0.003943353972
98300	0.001202814653
98301	0.003613152261
98302	0.00414427338
98303	0.002093742971
98304	0.01515978274
98305	0.00486742995
98306	0.002221760429
98307	0.00228086025
98308	0.004847790952
98309	0.007446166351
98310	0.002591339982
98311	0.004283524044
98312	0.001340152577
98313	0.003977973752
98314	0.007711115196
98315	0.004701567728
98316	0.001888128519
98317	0.001772081151
98318	0.01768570566
98319	0.003444085272
98320	0.004191465845
98321	0.01079081939
98322	0.01417493857
98323	0.0001713280204
98324	0.001046436806
98325	0.02001340769
98326	0.003872824816
98327	0.0005562195817
98328	0.01116427753
98329	0.007585361342
98330	0.006998256427
98331	0.001159533885
98332	0.001071022146
98333	0.004716376633
98334	0.004962256764
98335	0.003896589111
98336	0.0007802447386
98337	0.0009804217936
98338	0.003811896022
98339	0.008249863366
98340	0.01214042449
98341	0.002861892293
98342	0.0136442622
98343	0.003732795855
98344	0.007026409454
98345	0.00257469514
98346	0.0008590972426
98347	0.005389148336
98348	0.003453850873
98349	0.002093218134
98350	0.003266220412
98351	0.0003117294147
98352	0.007035448039
98353	0.0177903156
98354	0.01562050479
98355	0.001825806611
98356	0.009511090068
98357	0.002056726455
98358	0.005401256001
98359	0.001845297368
98360	0.01027604387
98361	0.001383599873
98362	0.002224080581
98363	0.002726504234
98364	0.003130557131
98365	0.0004796782628
98366	6.839349978e-05
98367	0.009894089318
98368	0.003057189788
98369	0.001738426183
98370	0.00416693495
98371	0.005681530872
98372	0.01006654384
98373	0.002541692795
98374	0.0003126486159
98375	0.01192269652
98376	0.007842428472
98377	0.01048238052
98378	0.007621450105
98379	0.007410458826
98380	0.001529082013
98381	0.002441113045
98382	0.006306015435
98383	0.002302530314
98384	6.050471648e-05
98385	0.01270919703
98386	0.002840245381
98387	0.01037940174
98388	0.01254316363
98389	0.006011390549
98390	0.001188368422
98391	0.006830099688
98392	0.00650784017
98393	0.0007844932168
98394	0.007837053306
98395	0.01125511059
98396	0.0001163276044
98397	0.001838180379
98398	0.007716326174
98399	0.005041184514
98400	0.009213939164
98401	0.02610789498
98402	0.001392569247
98403	0.004635942637
98404	0.006871585737
98405	0.002817116731
98406	0.01103487162
98407	0.002217005794
98408	0.01218074705
98409	0.003103838015
98410	0.001282404217
98411	0.004350082743
98412	0.006688342041
98413	0.004459672217
98414	0.007073791276
98415	0.008373324819
98416	0.001153997932
98417	0.002153932973
98418	0.009937032604
98419	0.0009926987539
98420	0.01050133595
98421	0.00337139973
98422	0.0051723361
98423	0.0009829442594
98424	0.002145860551
98425	0.004506190721
98426	0.0002414601465
98427	0.003124131929
98428	0.01198909073
98429	0.02495714054
98430	0.004307781058
98431	0.01041989884
98432	0.009291460731
98433	0.02816561226
98434	0.003583870483
98435	0.0003731524509
98436	0.003671816364
98437	0.002338905458
98438	0.006754560443
98439	0.02181273772
98440	0.00916235114
98441	0.01110266496
98442	0.02055548181
98443	0.0105490785
98444	0.007222212183
98445	0.005296380362
98446	0.00620567762
98447	0.007551676266
98448	0.00185364391
98449	0.01379833048
98450	0.002848298455
98451	0.01373418132
98452	0.005014834605
98453	0.001682587617
98454	0.004316105642
98455	0.003037382083
98456	0.01602217458
98457	0.002118413277
98458	0.008323953389
98459	0.001407317182
98460	0.0003600540226
98461	0.004432925291
98462	0.006134925334
98463	0.00101634689
98464	0.005352381372
98465	0.008863639331
98466	0.007242836626
98467	0.02346835875
98468	0.002975689344
98469	0.003277719481
98470	0.01406182083
98471	0.0122426959
98472	0.00409787436
98473	0.004658622923
98474	0.00553740489
98475	0.002130173847
98476	0.008239565753
98477	0.003183870821
98478	0.003119443642
98479	0.01242709121
98480	0.006152168143
98481	0.004172711556
98482	0.001131860119
98483	0.007319830405
98484	0.0182712666
98485	0.0004411855238
98486	0.0113757877
98487	0.001899234354
98488	0.001702493043
98489	0.003925102642
98490	0.009216053587
98491	0.01170138817
98492	0.004039704562
98493	0.001490938052
98494	0.00234215341
98495	0.004673413198
98496	0.006642432707
98497	0.005465671706
98498	0.0008396136118
98499	0.0103301791
98500	0.005864845067
98501	0.01124289088
98502	0.004579364942
98503	0.003667104374
98504	0.005663272274
98505	0.007904132837
98506	0.02245096605
98507	0.003387400538
98508	0.001186941571
98509	0.007148862967
98510	0.00423825688
98511	0.01805909284
98512	0.002407833662
98513	0.00783112446
98514	0.01196205058
98515	0.008641647652
98516	0.0006671097152
98517	0.004816302972
98518	0.0185093648
98519	0.002954323906
98520	0.01053507508
98521	0.01029263521
98522	0.00396448426
98523	0.001263760167
98524	0.008592449725
98525	0.002937241721
98526	0.005579819652
98527	0.006097984488
98528	0.002134038612
98529	0.01000415268
98530	0.0006412015403
98531	0.0007467695235
98532	0.008314320295
98533	0.004232906708
98534	0.008233481553
98535	0.008275256148
98536	0.002941120473
98537	0.01216186905
98538	0.01313991485
98539	0.00475418795
98540	0.004143217099
98541	0.006059960101
98542	0.003328529629
98543	0.01324730063
98544	0.01522744734
98545	0.009886993462
98546	0.002547620986
98547	0.004420687031
98548	0.006949642532
98549	0.007060868097
98550	0.0008440017195
98551	0.0008903759023
98552	0.01455620537
98553	0.001860997532
98554	0.01428461709
98555	0.00117354931
98556	0.002596471841
98557	0.007680453434
98558	0.01132420475
98559	0.004576249517
98560	0.005197466292
98561	0.006285363712
98562	0.0002574618148
98563	0.009167334502
98564	0.006439583283
98565	0.001904881348
98566	0.005810421192
98567	0
98568	0.0009087872891
98569	0.00169586347
98570	0.001679304592
98571	0.003574195425
98572	0.007824104139
98573	0.007171986732
98574	0.002884768667
98575	0.02058287725
98576	0.0007076554379
98577	0.004309787759
98578	0.008579227202
98579	0.001160334348
98580	0.003030810405
98581	0.0001634695772
98582	0.01001931923
98583	0.002002340948
98584	0.01318552422
98585	0.008906982017
98586	0.01459761021
98587	0.01093935499
98588	0.00756130181
98589	0.0005581625872
98590	0.0005937559042
98591	0.0003202819675
98592	0.01308455595
98593	0.004891055086
98594	0.02460428267
98595	0.0123204366
98596	0.002563001175
98597	0.01002419026
98598	0.009553543231
98599	0.002957137967
98600	0.006011549509
98601	0.00428536014
98602	0.01559369874
98603	0.009287881247
98604	0.005900024624
98605	0.002081379132
98606	0.01266716692
98607	0.001322634796
98608	0.006166975378
98609	0.001853140573
98610	0.006685176339
98611	0.02486287575
98612	0.003925668754
98613	0.002315716636
98614	0.008550084772
98615	0.002801419706
98616	0.002390652593
98617	0.001862595371
98618	0.001602530245
98619	0.01833360294
98620	0.01369289244
98621	0.005154507874
98622	0.004595173882
98623	0.001894046626
98624	0.006187952105
98625	0.003044882323
98626	0.008999061998
98627	0.01775588795
98628	0.002145580015
98629	0.002786633231
98630	0.00427129522
98631	0.01115699631
98632	0.0008788252591
98633	0.002392877992
98634	0.002517613419
98635	0.02203035239
98636	0.007064416679
98637	0.005566647918
98638	0.006461140606
98639	0.002526784139
98640	0.01026435271
98641	0.002757289375
98642	0.009400280361
98643	0.001117390846
98644	5.614218531e-05
98645	0.008462860049
98646	0.001547472851
98647	0.004179434863
98648	0.005707101527
98649	0.00523161143
98650	0.009102182101
98651	0.0005836614357
98652	0.005298383998
98653	0.0007124108846
98654	0.0151316633
98655	0.01340253689
98656	0.02001381723
98657	0.007722712822
98658	0.001908491499
98659	0.003730239058
98660	0.0006352866371
98661	0.008573209562
98662	0.0006331962944
98663	0.001712449478
98664	0.0031645564
98665	0.004274795029
98666	0.001285639658
98667	0.002579324827
98668	0.001590314945
98669	0.00252837113
98670	0.002903066946
98671	0.0030600701
98672	0.0005021467659
98673	0.001947573599
98674	0.0005405852516
98675	0.001587975305
98676	0.0004109569616
98677	0.001712376319
98678	0.001962676739
98679	0.001589152852
98680	0.001129496394
98681	0.001404998696
98682	0.0003792291672
98683	0.006219589029
98684	0.002360713819
98685	0.008886169363
98686	0.001498603046
98687	0.003721977749
98688	0.00221939285
98689	0.002161622611
98690	0.00312335968
98691	0.0007737171085
98692	0.001097579659
98693	0.005313138624
98694	0.002738076001
98695	0.0009026650426
98696	0.004569170898
98697	0.002065848679
98698	0.01219932468
98699	0.0004442144439
98700	0.00735523341
98701	0.007887275132
98702	0.005600419113
98703	0.003045800665
98704	0.004515850894
98705	0.001759006716
98706	0.006068232461
98707	0.00354463924
98708	0.00687776037
98709	0.00504393477
98710	0.005325655263
98711	0.003599707339
98712	0.009978613881
98713	0.003523548968
98714	0.008843494005
98715	0.004241033187
98716	0.004312567528
98717	0.0007809789042
98718	0.003847012425
98719	0.007713666099
98720	0.008808458926
98721	0.002736011757
98722	0.001631776618
98723	0.008316099767
98724	0.009760833726
98725	0.0004596016825
98726	0.001430244266
98727	0.005148097086
98728	0.001586686128
98729	0.001135108004
98730	0.0104985209
98731	0.01145570316
98732	0.001996445143
98733	0.008622855452
98734	0.004166454175
98735	0.002755324813
98736	0.002191389228
98737	0.005540063214
98738	0.006819450302
98739	0.000213020834
98740	0.01174462324
98741	0.001790699053
98742	0.001236275652
98743	0.001400850747
98744	0.003208784998
98745	0.006020748904
98746	0.01093640294
98747	0.004508573493
98748	0.0004870652658
98749	0.01007144902
98750	0.006280708815
98751	0.01949283829
98752	0.002207712427
98753	0.008213758317
98754	0.007080401819
98755	0.0001076711642
98756	0.007243525818
98757	0.00221887275
98758	0.001125092092
98759	5.953849947e-05
98760	0.0006170055118
98761	0.001818759094
98762	0.001291272424
98763	0.003289705088
98764	0.0007164811027
98765	0.0009009932691
98766	0.0005424716558
98767	0.0023017654
98768	0.003752180891
98769	0.006805405702
98770	0.004924222523
98771	0.003885557275
98772	0.002877544719
98773	0.0008295634437
98774	0.005260642632
98775	0.009060360837
98776	0.001306261781
98777	0.001102593419
98778	0.002691510487
98779	0.0007452792313
98780	0.0005316604461
98781	0.001117389897
98782	0.001433073331
98783	0.00516390165
98784	0.005261214397
98785	0.01173004529
98786	0.01212267065
98787	0.005152350345
98788	0.0006803388986
98789	0.0005230710033
98790	0.0006899770016
98791	0.001939845034
98792	0.001247243045
98793	0.003020418013
98794	0.008318129175
98795	0.00206113816
98796	0.01265103364
98797	0.001391404192
98798	0.0009795969036
98799	0.002025502232
98800	0.001164056437
98801	0.001095485221
98802	1.267257825e-05
98803	0.0007363578631
98804	0.004965166133
98805	0.002009069029
98806	0.0008773885435
98807	0.000956398909
98808	0.0007371821941
98809	0.001080884106
98810	0.0006189798286
98811	0.002108879514
98812	0.01035395881
98813	0.007111790937
98814	0.002168228252
98815	0.0002057366416
98816	0.004279273873
98817	0.002354602605
98818	0.0003124644851
98819	0.0004540001013
98820	0.0008692296097
98821	0.003295735964
98822	0.006216404208
98823	0.004926822686
98824	0.004527816051
98825	0.0009640455669
98826	0.01084368983
98827	0.005881097495
98828	0.008601291348
98829	0.007100093861
98830	0.002962609376
98831	0.004394216349
98832	0.0001690443026
98833	0.003683275462
98834	0.004398570631
98835	0.002234110076
98836	0.000199103852
98837	0.001946927905
98838	0.0005146924831
98839	0.001844612295
98840	0.0005569771242
98841	0.001155843245
98842	0.0006036307531
98843	0.00131359382
98844	0.00169682864
98845	0.00119132946
98846	0.001575892694
98847	0.001511781133
98848	0.001129831277
98849	0.0009070874739
98850	0.0008187384248
98851	0.0001627024312
98852	0.001051240342
98853	0.001254528334
98854	0.002061310378
98855	0.009426351982
98856	0.005440841404
98857	0.0004219414185
98858	0.001615675335
98859	0.0002404933314
98860	0.009742546693
98861	0.008063961601
98862	0.003902428357
98863	0.001363854412
98864	0.005311000669
98865	0.007301368196
98866	0.001098052479
98867	0.005060752042
98868	0.007914401515
98869	0.01164758706
98870	0.0116977497
98871	0.01114492707
98872	0.01612739102
98873	0.01769542623
98874	0.007674676566
98875	0.0005490826154
98876	0.00545920518
98877	0.006267804229
98878	0.001906312185
98879	0.01040531551
98880	0.007379053251
98881	0.008193284701
98882	0.001171035969
98883	0.0002466406871
98884	0.006614619163
98885	0.001389014924
98886	0.00130465396
98887	0.0003256690829
98888	0.007071805338
98889	0.004202109499
98890	0.001737348855
98891	2.559221699e-05
98892	0.001266457095
98893	0.000703679135
98894	0.001070215751
98895	0.001218909496
98896	0.001421945714
98897	3.057351425e-05
98898	0.0001783296129
98899	0.0006344088087
98900	0.0008240663768
98901	0.001777331819
98902	0.0005229667811
98903	0.0003530104382
98904	0.0008191514021
98905	0.0002020571256
98906	0.0009691515915
98907	0.001290428655
98908	0.0006799133381
98909	0.0006088967437
98910	0.000760116278
98911	0.001190018055
98912	0.001308014856
98913	0.0136136858
98914	0.008004649276
98915	0.007494263555
98916	0.008792018082
98917	0.005263979416
98918	0.008305449404
98919	0.0074777714
98920	0.006112871124
98921	0.005626168971
98922	0.000868429578
98923	0.001087725036
98924	0.01180611598
98925	0.007484095779
98926	0.002567590105
98927	0.008564343188
98928	0.0085845037
98929	0.005188915178
98930	0.00468551018
98931	0.003622626444
98932	0.00418186262
98933	0.00189536886
98934	0.006642145564
98935	0.001042094525
98936	0.007910963535
98937	0.001269173224
98938	0.006447109017
98939	0.0006893555443
98940	0.002819500848
98941	0.0002213063268
98942	0.01387522162
98943	0.001560330429
98944	0.0008854891589
98945	0.01693606243
98946	0.003214278613
98947	0.01041750004
98948	0.01018248347
98949	0.0009048017957
98950	0.00463628432
98951	0.006338981163
98952	0.001326587937
98953	0.0005088521095
98954	0.00194507699
98955	0.0002031756472
98956	0.0009464099032
98957	0.000789873924
98958	2.300279051e-05
98959	0.000989835324
98960	0.0009085025269
98961	0.00082265085
98962	0.0007898837561
98963	9.359111337e-05
98964	0.0006639831566
98965	0.0008562678229
98966	0.001472802553
98967	0.001189075283
98968	0.0006314874571
98969	0.0002637938518
98970	0.0005142368297
98971	0.0001140667686
98972	0.000516848813
98973	0.0004287242916
98974	0.0004677562505
98975	0.001105256576
98976	0.0005128913884
98977	0.0002116213485
98978	0.0001011225977
98979	0.0001663569536
98980	0.0005565618339
98981	0.0004766891092
98982	0.00114483097
98983	0.0003907994076
98984	0.00109029416
98985	0.0007118772284
98986	0.001125767843
98987	0.001096111814
98988	0.001296291203
98989	0.00169333528
98990	0.001132635776
98991	0.001455023465
98992	0.006381189391
98993	0.003340436051
98994	0.0009117642874
98995	0.001963975089
98996	0.001424304845
98997	0.0006520812594
98998	0.003064191695
98999	0.002225075796
99000	0.009069251882
99001	0.0007010469021
99002	0.002767522898
99003	0.001052914839
99004	0.0013747605
99005	0.008439786851
99006	0.002191606255
99007	0.003676876713
99008	0.002838787258
99009	0.008773258832
99010	0.008329833959
99011	0.004232174125
99012	0.004723008326
99013	0.003364967312
99014	0.004272167427
99015	0.01088851121
99016	0.005108349008
99017	0.00584932346
99018	0.01247761388
99019	0.004071788737
99020	0.003446072798
99021	0.001232689715
99022	0.005244900905
99023	0.003606463202
99024	0.009172714963
99025	0.008782760966
99026	0.0001279797009
99027	0.009243096271
99028	0.004020204729
99029	0.003447922581
99030	0.005053285343
99031	0.006462413341
99032	0.001513916693
99033	0.0006901250861
99034	0.01067090376
99035	0.005287761166
99036	0.003287216643
99037	0.004702969284
99038	0.01341490997
99039	0.007955391396
99040	0.002657646414
99041	0.005546468596
99042	0.003136386947
99043	0.001236841808
99044	0.008137673697
99045	0.002669556824
99046	0.00689897031
99047	0.00320889551
99048	0.003380402193
99049	4.286818931e-05
99050	0.0008943814336
99051	0.00128151109
99052	0.004976118631
99053	0.0006807995457
99054	0.003015972696
99055	0.003024533037
99056	0.01113621344
99057	0.001707000208
99058	0.005629816553
99059	0.003589799109
99060	0.006658454944
99061	0.01040116293
99062	0.0116438704
99063	0.001441167186
99064	0.002599743815
99065	0.0059946023
99066	0.003050862234
99067	0.0007308799908
99068	0.0002393738151
99069	0.001783394986
99070	0.001641469404
99071	0.0001793583761
99072	0.008342223509
99073	0.00622778051
99074	0.000563997328
99075	0.001108430052
99076	0.0008301274816
99077	0.002809513062
99078	0.004184739315
99079	0.000541297044
99080	0.0008226137957
99081	0.004342967486
99082	0.0005255883707
99083	0.002727404083
99084	0.002725800408
99085	0.002879434264
99086	0.003414425234
99087	0.0002239484807
99088	0.0009859511135
99089	0.007213288712
99090	0.008160697836
99091	0.001400099141
99092	0.002589576605
99093	0.0001066014527
99094	0.0001077277139
99095	0.0001061154458
99096	0.0001008002918
99097	0.0001022918371
99098	8.596790567e-05
99099	8.060162715e-05
99100	9.538429758e-05
99101	8.152094295e-05
99102	9.430201496e-05
99103	0.001034074739
99104	0.005321748101
99105	0.006007484676
99106	0.00154394572
99107	0.005434449402
99108	0.0003776219494
99109	0.007600067931
99110	0.003235540326
99111	0.01150400278
99112	0.005025266743
99113	0.0001182879054
99114	0.0001229726043
99115	0.001190914798
99116	0.005759585993
99117	0.009752652386
99118	0.0008349107868
99119	0.002917949906
99120	0.007570646318
99121	0.0001830875503
99122	0.001545453091
99123	0.004824371563
99124	0.0006302616571
99125	0.004295148998
99126	0.002792208659
99127	0.004900328051
99128	0.007333974251
99129	0.01549666416
99130	0.006036694128
99131	0.00454311943
99132	0.006845863918
99133	0.00405640114
99134	0.004615482454
99135	0.004936322231
99136	0.003773345897
99137	0.003277578557
99138	0.003038463271
99139	0.006530378546
99140	0.00308182032
99141	0.002069257629
99142	0.003141407581
99143	0.001369899088
99144	0.005372803141
99145	0.004668912989
99146	0.005089342436
99147	0.005057386782
99148	0.002775101824
99149	0.004601021687
99150	0.004468418881
99151	0.00662370831
99152	0.004764817996
99153	0.004804442097
99154	0.004165420596
99155	0.004328511046
99156	0.002978719336
99157	0.003972425508
99158	0.004585220117
99159	0.003817784845
99160	0.00388938149
99161	0.00419162688
99162	0.00311823118
99163	0.002614643414
99164	0.004753188348
99165	0.005011969797
99166	0.005589907354
99167	0.002592816807
99168	0.004806384301
99169	0.005027042526
99170	0.004881455725
99171	0.003348948872
99172	0.005080562273
99173	0.001336365852
99174	0.004140405782
99175	0.001700342213
99176	0.005405168416
99177	0.0001976810246
99178	0.0023625104
99179	0.003739890542
99180	0.002029484009
99181	0.002132540151
99182	0.0007871505155
99183	0.005003746144
99184	0.01280620699
99185	0.01582610228
99186	0.005297345049
99187	0.0006028650739
99188	0.005053801594
99189	0.00121260738
99190	0.004016930696
99191	0.01125619608
99192	0.007046946574
99193	0.003414160477
99194	0.002605416314
99195	0.006174138467
99196	0.007960828316
99197	0.004560096122
99198	0.02103766963
99199	0.0001821177308
99200	0.0004885216869
99201	0.006070626223
99202	0.003620731212
99203	0.02055469989
99204	0.01054758337
99205	0.005924225723
99206	0.01305611482
99207	0.003702071899
99208	0.0009354488861
99209	0.01073518755
99210	0.007142040721
99211	0.002420136191
99212	0.005877529503
99213	0.001707695077
99214	0.006279921088
99215	0.0008125758838
99216	0.0103446522
99217	0.007070532136
99218	0.007523905444
99219	0.005764801702
99220	0.009804099599
99221	0.01125585
99222	0.008970060424
99223	0.001216698226
99224	0.009289374485
99225	0.005663783372
99226	0.004419740151
99227	0.01084049184
99228	0.0005583045366
99229	0.003277612336
99230	0.002394360045
99231	0.002221342206
99232	0.001726107164
99233	0.003651879466
99234	0.004517546291
99235	0.004591472134
99236	0.0006014134381
99237	0.003009389685
99238	0.003912941563
99239	0.006871158534
99240	0.009958756394
99241	0.001315083207
99242	0.009761834083
99243	0.005752413219
99244	0.002162513437
99245	0.001486648764
99246	0.004325296712
99247	0.002142199161
99248	0.001942564216
99249	0.004574841276
99250	0.008619294058
99251	0.001114113882
99252	0.0006316980004
99253	0.005632850451
99254	0.000505404187
99255	0.0008910931621
99256	0.001168400803
99257	0.007784375564
99258	0.005750921907
99259	0.002201463231
99260	0.005744701386
99261	0.000964276227
99262	0.0006359682306
99263	0.003758073944
99264	0.00467326208
99265	0.01212543034
99266	0.003779963137
99267	0.0104280363
99268	0.007604370039
99269	0.008908087472
99270	0.007231773639
99271	0.01846151576
99272	0.01603299575
99273	0.006464977382
99274	0.02046408945
99275	0.006183448731
99276	0.007550153015
99277	0.005450080296
99278	0.01387507157
99279	0.004223041911
99280	0.003936321548
99281	0.001808568824
99282	0.007202153714
99283	0.008163900019
99284	0.0249214747
99285	0.008475409794
99286	0.005112194172
99287	0.004410950676
99288	0.002610239019
99289	0.008093981245
99290	0.004765956479
99291	0.004022509111
99292	0.003451441598
99293	0.005976121741
99294	0.005540909205
99295	0.0005923277078
99296	0.0004074050905
99297	0.002793293877
99298	0.001024867387
99299	0.006712029151
99300	0.003243878594
99301	0.005142079257
99302	0.004826670535
99303	0.001160649429
99304	0.006196999437
99305	0.002446205162
99306	0.007615174059
99307	0.00173740965
99308	0.00343888877
99309	0.0004226408096
99310	0.01184687368
99311	0.005205169883
99312	0.0116894138
99313	0.0002433592662
99314	0.008000381093
99315	0.007562157626
99316	0.002867702073
99317	0.004999230792
99318	0.006810466822
99319	0.008478767888
99320	0.01771033327
99321	0.0005076440051
99322	0.00383692618
99323	0.00649737768
99324	0.004731507572
99325	0.0174051059
99326	0.0006215819612
99327	0.00121072211
99328	0.009476685279
99329	0.0008838425979
99330	0.00586984481
99331	0.0006554050269
99332	0.0007409653759
99333	0.006891229225
99334	0.002643268173
99335	0.002997178987
99336	0.004786476932
99337	0.01380302148
99338	0.003963825973
99339	0.002480452023
99340	0.00871621388
99341	0.003530545135
99342	0.004677739917
99343	0.01269946126
99344	0.0005496657442
99345	0.003981538058
99346	0.00607765832
99347	0.004305677626
99348	0.0003345358744
99349	0.002483482293
99350	0.0004450818365
99351	0.001195051714
99352	0.007680231516
99353	0.0007064001515
99354	0.001504166353
99355	7.797406915e-05
99356	0.002020074587
99357	0.01379463208
99358	0.00987534887
99359	0.0008093578778
99360	0.001639120751
99361	0.001433933954
99362	0.009247884148
99363	0.004026059792
99364	0.008712947018
99365	0.001936925029
99366	0.005447619956
99367	0.0006548143521
99368	0.003832488462
99369	0.0004950220233
99370	0.007059517233
99371	0.0007298934283
99372	0.004318010587
99373	0.01359379143
99374	0.003856629773
99375	0.0007041980448
99376	0.00350892719
99377	0.000595081586
99378	0.001770911113
99379	0.003398281368
99380	0.006500822993
99381	0.009300528294
99382	0.002526938677
99383	0.01582529064
99384	0.002823321996
99385	0.007362598397
99386	0.0002944478559
99387	0.002266726393
99388	0.003105351921
99389	0.01507231437
99390	0.003532732823
99391	0.005721014701
99392	0.002433828715
99393	0.00406300004
99394	0.004971673224
99395	0.005885092558
99396	0.001509886657
99397	0.007068321804
99398	0.006506856096
99399	0.003557527473
99400	0.009167604616
99401	0.0005586543994
99402	0.009967590153
99403	0.005324888204
99404	0.005740795687
99405	0.001416889973
99406	0.002645408311
99407	0.002007319509
99408	0.01971879705
99409	0.003285966649
99410	0.009317742427
99411	0.004804539144
99412	0.006191089605
99413	0.001810511434
99414	0.009146161577
99415	0.01073479405
99416	0.006760679389
99417	0.01587442627
99418	0.004393830031
99419	0.006785683682
99420	0.01677346232
99421	0.01345741038
99422	0.002049494318
99423	0.01948023258
99424	0.001079791547
99425	0.001269876549
99426	0.005577417455
99427	0.001726320073
99428	0.003925236056
99429	0.01446771197
99430	0.001215117006
99431	0.002899862633
99432	0.0001048620023
99433	0.00302801256
99434	0.001034939256
99435	0.001208007731
99436	0.008665372616
99437	0.004406721626
99438	0.001080000893
99439	0.0003162679795
99440	0.003917861656
99441	0.0157872203
99442	0.0001854125149
99443	0.002047232053
99444	0.006022410585
99445	0.01164929387
99446	0.007366490761
99447	0.004530516799
99448	0.008025526498
99449	0.002059883313
99450	0.003609707939
99451	0.0005664861325
99452	0.003714505194
99453	0.006203611829
99454	0.00573292657
99455	0.003594326928
99456	0.001059030144
99457	0.005242051797
99458	0.003510900386
99459	0.001425669247
99460	0.002801128765
99461	0.005620428049
99462	0.005645991842
99463	0.003745834872
99464	0.01859969734
99465	0.004032116973
99466	0.0006850341233
99467	0.001808064596
99468	0.007781976381
99469	0.01071186296
99470	0.02104474238
99471	0.002270487429
99472	0.004947432192
99473	0.009018478788
99474	0.007284615128
99475	0.009893067831
99476	0.003010056849
99477	0.008278796214
99478	0.0225987029
99479	0.006690174873
99480	0.01140658214
99481	0.007557356314
99482	0.0005891984735
99483	0.0136543676
99484	0.002176108793
99485	0.0009719053623
99486	0.006503764618
99487	0.0002627157798
99488	0.0004005774452
99489	0.003640523438
99490	0.00413932428
99491	0.0005375158122
99492	0.006554014775
99493	0.002621177331
99494	0.0007857183839
99495	0.002035687132
99496	0.007392070091
99497	0.009986565624
99498	0.01388981688
99499	0.004907622487
99500	0.004246967133
99501	0.006695256756
99502	3.159748929e-06
99503	0.007433280147
99504	0.009433676678
99505	0.004014384304
99506	0.001730859541
99507	0.00621168658
99508	0.001167769586
99509	0.007273700307
99510	0.004154275158
99511	0.004707970608
99512	0.001669095981
99513	0.00477830375
99514	0.006456494427
99515	0.0008633998008
99516	0.004931415579
99517	0.001145617155
99518	0.001696822909
99519	0.0009533909836
99520	0.001633323625
99521	0.003083157249
99522	0.01609253074
99523	0.005696269783
99524	0.007256850301
99525	0.009625479569
99526	0.004270318502
99527	0.001986548184
99528	0.005963933316
99529	0.0002836609351
99530	0.009574215103
99531	0.0002093698252
99532	0.007130581331
99533	0.00508850318
99534	0.004935411821
99535	0.002750740074
99536	0.01189555209
99537	0.001536077577
99538	0.0002852063375
99539	0.002883065059
99540	0.003362234785
99541	0.004600588155
99542	0.00026420663
99543	0.0002914473251
99544	1.190528676e-05
99545	0.009819835394
99546	0.01019398747
99547	0.002316067665
99548	0.001061070668
99549	0.001050428954
99550	0.0003005252565
99551	0.003527239309
99552	0.01322900639
99553	0.0003135026408
99554	0.01454110908
99555	0.008761659705
99556	0.002972285363
99557	0.005911888466
99558	0.002880514655
99559	0.0003158665884
99560	0.002372958117
99561	0.002012506696
99562	0.002048924417
99563	0.01688016273
99564	0.001151339161
99565	0.002097295882
99566	0.00504750607
99567	0.001613900241
99568	0.004108697057
99569	0.01435927319
99570	0.003998526426
99571	0.0001818721865
99572	0.006216643053
99573	0.0006899756956
99574	0.0008492955685
99575	0.0006670575651
99576	7.151562497e-05
99577	0.001982915103
99578	0.0007545816633
99579	0.00338165548
99580	0.00141333383
99581	0.005732462736
99582	0.007168685588
99583	0.009172864073
99584	0.001105856448
99585	0.009363896348
99586	0.004512619362
99587	0.001296185333
99588	0.003400638205
99589	0.004237905395
99590	0.004235849568
99591	0.002980012007
99592	0.01115627321
99593	0.001507805517
99594	0.0002762072914
99595	0.002811488269
99596	0.004926910344
99597	0.0005489464253
99598	0.002458068174
99599	0.007622857689
99600	0.005252352199
99601	0.01430665046
99602	0.007047649614
99603	0.001205202861
99604	0.006387603111
99605	0.001252217688
99606	0.005192567667
99607	0.001398519786
99608	0.007049616837
99609	0.001672459487
99610	0.001404033405
99611	0.01150900117
99612	0.002681500654
99613	0.0002208800907
99614	0.001709380153
99615	0.0001311769357
99616	0.006962668514
99617	0.01028757344
99618	0.0006437750105
99619	0.006240203062
99620	0.002666608642
99621	0.000713632936
99622	0.007233328003
99623	0.007262364171
99624	0.01441350949
99625	0.007434345854
99626	0.01031469263
99627	0.006171595854
99628	0.02147098044
99629	0.004143362844
99630	0.002697491457
99631	0.009839261182
99632	0.004011647166
99633	0.008606112029
99634	0.003842139507
99635	0.007419322736
99636	0.0002624274959
99637	0.0009035796603
99638	0.01484689642
99639	0.001159400108
99640	0.008447925095
99641	0.001723098663
99642	0.005862140354
99643	0.001831776085
99644	0.000386847569
99645	0.0005463947127
99646	0.00304414142
99647	0.0004677180999
99648	0.008651204117
99649	0.002037159779
99650	0.001592698481
99651	0.001343549254
99652	0.006560019151
99653	0.01781316711
99654	0.002216913848
99655	0.001018210954
99656	0.009330147851
99657	0.008869257995
99658	0.003144767349
99659	0.002211933477
99660	0.009682842401
99661	0.002861129292
99662	0.001342667083
99663	0.01083371514
99664	0.002416827248
99665	0.002204062397
99666	0.004253007243
99667	0.003684828376
99668	0.0006318936394
99669	0.008618079474
99670	0.009065156976
99671	8.279864301e-05
99672	0.002280725543
99673	0.007013389779
99674	0.002424793044
99675	0.0002196760238
99676	0.001602338615
99677	0.0009405903393
99678	0.004064438018
99679	0.003926700113
99680	0.01901244428
99681	0.004421904338
99682	0.00312788116
99683	0.005498550749
99684	0.003989322333
99685	0.002100026816
99686	0.009791814182
99687	0.002367562991
99688	0.01071394949
99689	0.0004306530342
99690	0.001420235312
99691	0.009818223047
99692	0.0001147915211
99693	0.003687173599
99694	0.00793934468
99695	0.004631449347
99696	0.000775348721
99697	0.001022881672
99698	0.006644185576
99699	0.0003285398049
99700	0.01105781557
99701	0.002413853477
99702	0.007012870918
99703	0.001822993154
99704	0.002357086882
99705	0.002646839212
99706	0.006729622044
99707	0.00277812051
99708	0.005656587031
99709	0.006359623548
99710	0.007129696808
99711	0.002509250351
99712	0.001474285578
99713	0.004919786483
99714	0.0174209439
99715	0.004848480776
99716	0.005975232152
99717	0.0004292448313
99718	0.005649781442
99719	0.003442859199
99720	0.002929801198
99721	0.002002630936
99722	0.0008093778412
99723	0.0005789822078
99724	0.001392741703
99725	0.002551520061
99726	0.004855818528
99727	0.004084366757
99728	0.009440528669
99729	0.001075157402
99730	0.003435464012
99731	0.001252476987
99732	0.003162757624
99733	0.002661801232
99734	0.004912977047
99735	0.005396175471
99736	0.002656681089
99737	0.007098820903
99738	0.01525262168
99739	0.004552100991
99740	0.001681676966
99741	0.01318925613
99742	0.009141015396
99743	0.00300644708
99744	0.006269140917
99745	0.007777177498
99746	0.006915135803
99747	4.75496758e-05
99748	0.003016212239
99749	0.008566207539
99750	0.00157713857
99751	0.01477086888
99752	0.0001781252982
99753	0.009933885787
99754	0.004987068007
99755	0.003315961768
99756	0.01483083422
99757	0.001466377828
99758	0.002975302528
99759	0.01158283194
99760	2.233184369e-05
99761	0.004312862118
99762	0.001571117076
99763	0.003613048366
99764	0.003355208075
99765	0.009301584401
99766	0.003439690295
99767	0.001468467645
99768	0.005778655618
99769	0.004837974811
99770	0.01368706904
99771	0.007528712064
99772	0.002207868276
99773	0.01323074996
99774	0.001390944502
99775	0.000894388448
99776	0.001852848392
99777	0.008281630512
99778	0.008404694068
99779	0.002698599854
99780	0.00433468197
99781	0.005432020407
99782	0.002474593882
99783	0.0004662245698
99784	0.006968238623
99785	0.004666001519
99786	0.01327614805
99787	0.001481958936
99788	0.006402235147
99789	0.01443310129
99790	0.0002937601682
99791	0.000465188188
99792	0.000906735791
99793	0.002746578427
99794	0.003705063669
99795	0.0156782408
99796	0.01145504075
99797	0.003151220251
99798	0.004010124948
99799	0.001719553067
99800	0.003645019708
99801	0.00343886454
99802	0.004553581176
99803	0.001236301091
99804	0.0124123424
99805	0.001818158598
99806	0.001331019026
99807	0.006907176079
99808	0.0009790219684
99809	0.01252166169
99810	0.00227731888
99811	0.002389585896
99812	0.002457370988
99813	0.00395195982
99814	0.004240151877
99815	0.0002712715101
99816	0.009068325395
99817	0.002238260213
99818	0.01442777646
99819	0.01089567196
99820	0.002878446195
99821	0.001146574294
99822	0.005789981982
99823	0.0002050026226
99824	0.004285686494
99825	0.009505489699
99826	0.005568601146
99827	0.01675629509
99828	0.01641846062
99829	0.01211636254
99830	0.009627642575
99831	0.0122449947
99832	0.003305711607
99833	0.01677148315
99834	0.01503289588
99835	0.003713592972
99836	0.008923469322
99837	0.007026969952
99838	0.001541813028
99839	0.00462045041
99840	0.001436111885
99841	0.007020242168
99842	0.0002290392909
99843	0.003402640478
99844	0.008088310675
99845	0.004310597234
99846	0.005452916468
99847	0.007066008121
99848	0.006880224283
99849	0.001119380025
99850	0.002178148762
99851	0.0006217756215
99852	0.005721340349
99853	0.005837206907
99854	0.003232953003
99855	0.003101651597
99856	0.01695825558
99857	0.01057898359
99858	0.008304587117
99859	0.002011219399
99860	0.003398053674
99861	0.02034508069
99862	0.0009771678266
99863	0.004505605772
99864	0.001840195132
99865	0.0006672580151
99866	0.006686392548
99867	0.00231263974
99868	0.009144817347
99869	0.00235630757
99870	0.006529558015
99871	0.003083641938
99872	0.01772390827
99873	0.006100359653
99874	0.007862173597
99875	0.006842967791
99876	0.006985626535
99877	0.008813914056
99878	0.001317484268
99879	0.002957599212
99880	0.01091604715
99881	0.004227722715
99882	0.007304486612
99883	0.0004129911393
99884	0.0006354861198
99885	0.006021513006
99886	0.0036998346
99887	0.007553076794
99888	0.00284287936
99889	0.001656979946
99890	0.001242940925
99891	0.02795232456
99892	0.01631162858
99893	0.00896024377
99894	0.001140563331
99895	0.01003112532
99896	0.01143918505
99897	0.0009103121451
99898	0.007778702754
99899	0.01250769247
99900	0.001788393705
99901	0.006508511818
99902	0.004024675677
99903	0.01268174163
99904	0.01373492666
99905	0.008178792136
99906	0.002582455842
99907	0.01251346711
99908	0.002458922363
99909	0.004711600186
99910	0.003337800441
99911	0.003035075487
99912	0.002717877407
99913	0.001262440299
99914	0.003046101889
99915	2.3143425e-08
99916	0.002875882792
99917	0.00348613853
99918	0.0008036053781
99919	0.005930259848
99920	0.001258453313
99921	0.006945141159
99922	0.0006983051179
99923	0.001431521602
99924	0.003843927083
99925	0.00414132203
99926	0.0001454992517
99927	0.0004879018053
99928	0.005900427381
99929	0.003979233436
99930	0.002574442034
99931	0.008683893997
99932	0.001763837742
99933	0.004272603049
99934	0.00659478391
99935	0.01064201398
99936	0.008515869091
99937	0.004107084613
99938	0.001067722011
99939	0.005095220004
99940	0.001594435619
99941	0.003067486806
99942	1.05032831e-05
99943	0.002086906299
99944	0.005652181645
99945	0.003495481281
99946	0.0007842739228
99947	0.005515712678
99948	0.01828984973
99949	0.002788593338
99950	0.001134445961
99951	0.001404780211
99952	0.002146333931
99953	0.007848800048
99954	0.003790035231
99955	0.01205889629
99956	0.002882017005
99957	0.005160215547
99958	1.701939525e-05
99959	0.0011533028
99960	0.005067744107
99961	0.008142491587
99962	0.005288829639
99963	0.0204026951
99964	0.001851400478
99965	0.001391404233
99966	0.01365666691
99967	0.01329554125
99968	0.0004715312251
99969	0.01776762865
99970	0.01296757681
99971	0.01484992185
99972	0.0125032027
99973	0.01154349846
99974	0.01317147247
99975	0.01384868398
99976	0.01235601083
99977	0.01460757324
99978	0.01145812996
99979	0.01271686862
99980	0.01016342276
99981	0.01031561
99982	0.01315234671
99983	0.01339968185
99984	0.004778140356
99985	0.000503414641
99986	0.000799678359
99987	0.0001546374744
99988	0.008455606246
99989	0.004468099741
99990	0.003309163398
99991	0.0007259571453
99992	0.001602989991
99993	0.002048124818
99994	0.0002763934935
99995	0.001372579242
99996	0.009585106601
99997	0.006174894474
99998	5.900702498e-05
99999	0.007561401255
100000	0.004602379117
100001	0.01042330563
100002	0.002420094534
100003	0.002798159149
100004	0.005275155683
100005	0.004550363365
100006	0.006793184037
100007	0.007699894841
100008	0.003178417109
100009	0.001518039215
100010	0.004688803146
100011	0.002531972372
100012	0.01071744362
100013	0.005287931719
100014	0.0007314989588
100015	0.005644586231
100016	0.002566047251
100017	0.006017887588
100018	0.001219275511
100019	0.01172119839
100020	0.01212314139
100021	0.005634694561
100022	0.006569067581
100023	0.007112174822
100024	0.003783734919
100025	0.003559338238
100026	0.004995225349
100027	0.002396548935
100028	0.001980253482
100029	0.007924683098
100030	0.002347269042
100031	0.002972882881
100032	0.01290904277
100033	0.01607459395
100034	0.01135947521
100035	0.002034391946
100036	0.01266712322
100037	0.0006502456907
100038	0.006205204088
100039	0.003825184535
100040	0.001981004917
100041	0.003475224129
100042	0.01472059188
100043	0.008148539472
100044	0.01530839566
100045	0.002735573967
100046	0.01390833609
100047	0.001933614762
100048	0.0006325981271
100049	0.003052948994
100050	0.002726460829
100051	0.003437739314
100052	0.008062374931
100053	0.01330812792
100054	0.001277835337
100055	0.006199929287
100056	0.004014837194
100057	6.574521383e-06
100058	0.001040499199
100059	0.02251410743
100060	0.000714567003
100061	0.0003174197836
100062	0.0003736838583
100063	0.001697335467
100064	0.001196078115
100065	0.004809753271
100066	0.002996563285
100067	0.006480593354
100068	0.002594110831
100069	0.007840665441
100070	0.008027827052
100071	0.0004130967096
100072	0.01149607094
100073	0.0009101720177
100074	0.007296030167
100075	0.004115772955
100076	0.004430576917
100077	0.003483971197
100078	0.007062257223
100079	0.003732823546
100080	0.0006040750088
100081	0.0134599641
100082	0.0008582428781
100083	0.007172739371
100084	0.006632041348
100085	0.01081404564
100086	0.00602268829
100087	0.001377438396
100088	0.002502671704
100089	0.00881940552
100090	4.583860397e-05
100091	0.01074182523
100092	0.004539322578
100093	0.003949600729
100094	0.002039925319
100095	0.001523627456
100096	0.002847868044
100097	0.0003728649744
100098	0.007123877282
100099	0.002675921095
100100	0.009541439616
100101	0.0002708335899
100102	0.0002594380788
100103	0.00102503722
100104	0.002941381889
100105	0.005837104528
100106	0.008570872287
100107	0.01046582445
100108	0.001981890143
100109	0.00701401284
100110	0.01216183787
100111	0.004637323681
100112	0.008482353786
100113	0.009930254543
100114	0.001324331964
100115	0.007442900361
100116	0.004678486844
100117	0.002892779383
100118	0.01559381816
100119	0.01048889578
100120	0.003461883225
100121	0.009780056379
100122	0.001234217079
100123	0.007375473016
100124	0.002350192574
100125	0.006634736616
100126	0.006125092084
100127	0.007676384177
100128	0.0005210022893
100129	0.00401273719
100130	0.0005465813778
100131	0.0009249245057
100132	0.0007738391893
100133	0.000555119366
100134	0.0008994663563
100135	0.0005097183944
100136	0.0009729862865
100137	0.0006864699879
100138	0.006704069055
100139	0.001200630177
100140	7.477843642e-05
100141	0.001805142381
100142	0.002220280224
100143	0.0003781667536
100144	0.0004051888187
100145	0.001505838881
100146	0.0004291279649
100147	0.0002463342392
100148	0.0001024453475
100149	0.0159231955
100150	0.0005753497772
100151	0.01198013575
100152	0.0005308614911
100153	0.01271617461
100154	0.004161623318
100155	0.003260864061
100156	0.008041239788
100157	0.009947425292
100158	0.01161292645
100159	0.0008418211176
100160	0.004527543099
100161	0.003032379531
100162	0.005343861765
100163	0.008056102654
100164	0.004116787859
100165	0.002984137372
100166	0.00472402127
100167	0.001717056483
100168	0.007858884431
100169	0.008309347298
100170	0.00355395399
100171	0.002888215815
100172	0.007055633624
100173	0.007828388579
100174	0.005146200244
100175	0.01010936819
100176	0.0006855571039
100177	0.00540337174
100178	0.003145306336
100179	0.003904725346
100180	0.01077543637
100181	0.005266961142
100182	0.002638609468
100183	0.01609031382
100184	0.005186369489
100185	0.00229598406
100186	0.002448938603
100187	0.009463892748
100188	0.008104312806
100189	0.005485439042
100190	0.004239408576
100191	0.001815316844
100192	0.007879763067
100193	0.0005133474847
100194	0.001275250216
100195	0.004182730138
100196	0.007916284073
100197	0.01137511901
100198	0.001999366477
100199	0.0005260298652
100200	0.01079581944
100201	0.00288278461
100202	0.002835637779
100203	0.00921840775
100204	0.008302132323
100205	0.009025419812
100206	0.003312870163
100207	0.007550724096
100208	0.02242179359
100209	0.001455220094
100210	0.00858002736
100211	0.001309906361
100212	0.0002555049421
100213	0.008209286549
100214	0.002482782106
100215	0.006303201543
100216	0.003643042958
100217	0.007039454946
100218	0.004691103701
100219	0.01240829128
100220	0.002585718713
100221	0.00148870834
100222	0.001600835246
100223	0.009913662659
100224	0.0007378039106
100225	0.0006264281944
100226	0.0004487317153
100227	0.000367441657
100228	0.003318395361
100229	0.002650614122
100230	0.008069954153
100231	0.006611126884
100232	0.002580624808
100233	0.0008610185519
100234	0.0003799089372
100235	0.004034023366
100236	0.009934466608
100237	0.005968500875
100238	0.003701617848
100239	0.01587721669
100240	0.002456371501
100241	0.004987218746
100242	0.002689519074
100243	0.0008996969757
100244	0.01215818991
100245	0.004347880281
100246	0.0004147853929
100247	0.00914088594
100248	0.0003209793404
100249	0.0035263765
100250	0.007866001196
100251	0.0008263469059
100252	0.006303141437
100253	0.01849543665
100254	0.008449368652
100255	0.01560484008
100256	0.006053946046
100257	0.005019732571
100258	0.01707960218
100259	0.0007084394996
100260	0.005964988714
100261	0.005167269704
100262	0.01413060105
100263	0.009118299662
100264	0.01041275869
100265	0.008249365484
100266	0.002384477048
100267	0.001290616794
100268	0.0006390262344
100269	0.003278053693
100270	0.002050164111
100271	0.002359249973
100272	0.008480955124
100273	0.001371947664
100274	0.01390113289
100275	0.004703382939
100276	0.01249533237
100277	0.0102263443
100278	0.008287078555
100279	0.008792381269
100280	0.003624711422
100281	0.004089865853
100282	0.01317446773
100283	0.005489902833
100284	0.002045417357
100285	0.01208725458
100286	0.008609429479
100287	0.0004614649544
100288	0.0001203000167
100289	0
100290	0.009442055859
100291	0.0188410614
100292	0.001958255834
100293	0.004132648412
100294	0.01038428229
100295	0.001431969381
100296	0.001271974047
100297	0.006374502675
100298	0.0005699305261
100299	0.00381031592
100300	0.01352374848
100301	0.005381707049
100302	0.002828302515
100303	0.001242924347
100304	0.003502099242
100305	0.01063664423
100306	0.004270706932
100307	0.001000072479
100308	0.003588123124
100309	0.0007461416962
100310	0.009661543236
100311	0.0114257047
100312	0.0006774947413
100313	0.001362370582
100314	0.01570239828
100315	0.01225367304
100316	0.005278727956
100317	0.009124795028
100318	0.008071036525
100319	0.004811280301
100320	0.002334655434
100321	0.01204922261
100322	0.004391802168
100323	0.01987779462
100324	0.008077371447
100325	0.001797532677
100326	0.006769097653
100327	0.005206086601
100328	0.01004213445
100329	0.007475931434
100330	0.000808266685
100331	0.00131509322
100332	0.002151160905
100333	0.002730503276
100334	0.004875036781
100335	0.00644088787
100336	0.004626582361
100337	0.001651314441
100338	0.001107200639
100339	0.001065781383
100340	0.001708546884
100341	0.001952399559
100342	0.001083455889
100343	0.0002045716012
100344	0.003772052492
100345	0.0009438715253
100346	0.002481499545
100347	0.00599492399
100348	0.01302648906
100349	0.003135848689
100350	0.0140792302
100351	0.00408988082
100352	0.003795994026
100353	0.01095406704
100354	0.004140320986
100355	0.01505943822
100356	0.008538740781
100357	0.003280646935
100358	0.01080579786
100359	0.003393684037
100360	0.0005385130104
100361	0.01141154217
100362	0.0059015687
100363	0.002916259949
100364	0.008719856147
100365	0.009055718967
100366	0.02333064644
100367	0.0003354855423
100368	0.001700396267
100369	0.01193506511
100370	0.001987625284
100371	0.013148455
100372	0.009941789781
100373	0.004066471914
100374	0.004506824949
100375	0.01434708207
100376	0.01665720922
100377	0.001060206804
100378	0.0009376983667
100379	0.001415608367
100380	0.001105297644
100381	0.003950006487
100382	0.002193783029
100383	0.0003425487708
100384	0.006480524543
100385	0.002952921269
100386	0.003282102893
100387	0.002869439313
100388	7.028186551e-06
100389	0.005581791377
100390	0.0065187689
100391	0.0005553804587
100392	0.001656613604
100393	0.0007004543797
100394	0.0009079266303
100395	0.001146846218
100396	0.001765320666
100397	0.001770368585
100398	0.003934547042
100399	0.0007376258647
100400	0.0180513039
100401	0.002946711296
100402	0.003534923211
100403	0.006712235704
100404	0.001252166051
100405	0.004371450981
100406	0.008847252924
100407	0.001047011595
100408	0.002843755281
100409	0.009206322362
100410	0.004261711243
100411	0.002817081892
100412	0.01096596849
100413	0.002306081143
100414	0.002659329594
100415	0.00684339707
100416	0.01418126152
100417	0.006774742801
100418	0.0155971577
100419	0.01017300316
100420	0.01126941887
100421	0.007352106473
100422	0.004195568156
100423	0.003692542213
100424	0.007337671268
100425	2.483117741e-06
100426	0.01387272273
100427	0.001963693514
100428	0.002885107783
100429	0.00984100877
100430	0.0008274600531
100431	0.007916197167
100432	0.01078038594
100433	0.00621909951
100434	0.008867927899
100435	0.002201713208
100436	0.01445304539
100437	0.01158386216
100438	0.001506242585
100439	0.01005114522
100440	0.006067702592
100441	0.01360550245
100442	0.01173589324
100443	0.0006411909465
100444	0.001065656851
100445	0.0001233298069
100446	0.0001574780479
100447	0.00639703347
100448	0.006447898358
100449	0.01204655734
100450	0.01033572007
100451	0.004391104255
100452	0.002204396975
100453	0.002861441456
100454	0.0002533286915
100455	0.003690211675
100456	0.009793239211
100457	0.01147609316
100458	0.001991364266
100459	0.001507272647
100460	0.002212620821
100461	0.01115890005
100462	0.008816063391
100463	0.008509170753
100464	0.0002983707483
100465	0.003546289292
100466	0.003551316583
100467	0.00045139527
100468	0.0007655460399
100469	0.0007373508008
100470	0.003109936566
100471	0.003239924498
100472	0.0003136020221
100473	0.003101921941
100474	0.0008961967502
100475	0.0004590990551
100476	0.002968562187
100477	0.0001310790245
100478	9.814476274e-07
100479	0.003129779973
100480	0.003119507851
100481	0.003740379183
100482	0.0001927480705
100483	0.006769633541
100484	0.01267875092
100485	0.006727920857
100486	0.004015625111
100487	0.008642305866
100488	0.005190401164
100489	0.002681310023
100490	0.008587375046
100491	0.0001322074008
100492	0.003624407595
100493	0.01252253915
100494	0.002183617786
100495	0.007124533968
100496	0.003012531494
100497	0.001483488541
100498	0.004493978584
100499	0.008659463182
100500	0.00347873839
100501	0.01062452688
100502	0.005270181474
100503	0.0009121182718
100504	0.009025758944
100505	0.005792534404
100506	0.003713333962
100507	0.0122666287
100508	0.001920040148
100509	0.008079849905
100510	0.01360566187
100511	0.0004356402171
100512	0.001669632606
100513	0.002438238451
100514	0.00373570663
100515	0.003066462867
100516	0.01136099948
100517	0.002574251798
100518	0.01997961956
100519	7.038762385e-05
100520	0.00595977886
100521	0.007471914996
100522	0.007260879389
100523	0.005872402039
100524	0.005798172929
100525	0.009174284728
100526	0.001936594755
100527	0.002324638907
100528	0.008432748491
100529	0.008788967426
100530	0.004948591687
100531	0.005216153001
100532	0.008240220394
100533	0.001007675162
100534	0.01587893004
100535	0.01540688705
100536	0.00165536884
100537	0.00611168137
100538	0.006238263124
100539	0.001387586804
100540	0.006275329993
100541	0.00297633235
100542	0.001309552167
100543	5.110641077e-05
100544	0.002066420469
100545	0.004807429366
100546	0.0005587419046
100547	0.0002500603578
100548	0.001396680624
100549	0.00238130597
100550	0.007781888774
100551	0.0131863738
100552	0.003528672785
100553	0.007329411191
100554	0.005329711714
100555	0.004050667628
100556	0.005537970455
100557	0.003653204564
100558	0.008180745653
100559	0.01118196146
100560	0.004775569289
100561	0.008410605116
100562	0.0004750598694
100563	0.006549381759
100564	0.01965421334
100565	0.001353392935
100566	0.00303513521
100567	0.002743602033
100568	4.080273121e-05
100569	0.006229929373
100570	0.008006746547
100571	0.0005416300475
100572	0.008449249775
100573	0.0006787374882
100574	0.006412161411
100575	0.008447640001
100576	0.005659178593
100577	0.002904069187
100578	0.01496363959
100579	0.00477445451
100580	0.002606675763
100581	0.0003804408089
100582	0.004929133098
100583	0.006397650822
100584	0.0030972689
100585	0.001510174416
100586	0.005595483037
100587	0.003606447414
100588	0.02295120521
100589	0.009857881043
100590	0.0007861389802
100591	0.00718981974
100592	0.006252433866
100593	0.009977011147
100594	0.008017213147
100595	0.01035842302
100596	0.003792931341
100597	0.004968751947
100598	0.003575430041
100599	0.006065534819
100600	0.003029660835
100601	0.002981864556
100602	0.001722245765
100603	0.001766077819
100604	0.002719847289
100605	0.003090065562
100606	0.000198508832
100607	0.01043336556
100608	0.007112204111
100609	0.0003982926307
100610	0.006493136728
100611	0.004923447932
100612	0.0009376689133
100613	0.01779706475
100614	0.009116805666
100615	0.007253500311
100616	0.005979739215
100617	0.002536435872
100618	0.002686772539
100619	0.01001878068
100620	0.003530799032
100621	0.001749038498
100622	0.002208285963
100623	0.003147101354
100624	0.005256629435
100625	0.01554593188
100626	0.005686949883
100627	0.002836536513
100628	0.000604427809
100629	0.005881880338
100630	0.007459676676
100631	0.001010882248
100632	0.001561014024
100633	0.01422612327
100634	0.005561566854
100635	0.004759404111
100636	0.00479970842
100637	0.00602639673
100638	0.009220557654
100639	0.007813261779
100640	0.005493894007
100641	0.006949387736
100642	0.0104820402
100643	0.001947459177
100644	0.001263418017
100645	0.003368107985
100646	0.0005451603482
100647	0.000167536225
100648	0.005540027987
100649	0.004802962524
100650	0.006275466445
100651	0.005652676643
100652	0.008861379724
100653	0.005875221313
100654	0.002976173699
100655	0.01484328964
100656	0.00684284964
100657	0.007144098093
100658	0.000568087008
100659	0.0008509249079
100660	0.006443816499
100661	0.00191575968
100662	0.000440283592
100663	0.007568656734
100664	0.004022128942
100665	0.005888105065
100666	0.008394320996
100667	0.008545840149
100668	0.004966127383
100669	0.009762425655
100670	0.006168957462
100671	0.001228097313
100672	0.003959164898
100673	0.01101166074
100674	0.001706451335
100675	0.006220157566
100676	0.002131927728
100677	0.008927019008
100678	0.004958996142
100679	0.01061176166
100680	0.005398340359
100681	0.006482493919
100682	4.894606032e-05
100683	0.003297053127
100684	0.006855237248
100685	0.003058139414
100686	0.0003206063348
100687	0.001047151299
100688	0.01149845004
100689	0.001747294858
100690	0.001175055924
100691	0.01348639548
100692	0.006145023056
100693	0.008176352679
100694	0.0125771412
100695	0.0005360680175
100696	0.003226723031
100697	0.00514104772
100698	0.006774708865
100699	0.001173898224
100700	0.01323676022
100701	0.01674650323
100702	0.002590470579
100703	0.002282094316
100704	0.004191701578
100705	0.0009745721842
100706	0.01156533995
100707	0.001264985632
100708	0.00783347833
100709	0.003990658423
100710	0.008711949183
100711	0.008999471702
100712	0.01667805044
100713	0.0009144335432
100714	0.007063086889
100715	0.00266341454
100716	0.0085901293
100717	0.003258744867
100718	0.006317567039
100719	0.002881211715
100720	0.006963812784
100721	0.01786311277
100722	0.008567016465
100723	0.002502672757
100724	0.001767760696
100725	0.005036736701
100726	0.004621613333
100727	0.004812328574
100728	0.01261191113
100729	0.01280184974
100730	0.00265567996
100731	0.01066389552
100732	0.006114622422
100733	0.01151602825
100734	0.007237402
100735	0.003716931086
100736	0.001040209679
100737	0.00141013953
100738	0.004588326421
100739	0.00287672492
100740	0.004016832485
100741	0.007837685302
100742	0.0002040495484
100743	0.0176543573
100744	0.0003416868751
100745	0.00151286225
100746	0.006176045972
100747	0.0007403016783
100748	0.002812345853
100749	0.006404157296
100750	0.01203119821
100751	0.0008162321518
100752	0.008702966894
100753	0.003174596045
100754	0.0001358239091
100755	0.009767685661
100756	0.004710088989
100757	0.003438267978
100758	0.005454550826
100759	0
100760	0.01283192364
100761	0.00475591024
100762	0.006089198489
100763	0.00932155306
100764	0.001602872429
100765	0.008212707651
100766	0.001948505652
100767	0.0008526362151
100768	0.005787534505
100769	0.01907730652
100770	0.004489511009
100771	0.008610052768
100772	0.01287706067
100773	0.002873603544
100774	0.0006652682196
100775	0.006276383386
100776	0.00694377248
100777	0.01267354954
100778	0.01880180708
100779	0.004580059819
100780	0.001459254568
100781	0.01702180143
100782	0.001337620902
100783	0.0006455954844
100784	0.005880298261
100785	0.002849884185
100786	0.01028954619
100787	0.01362274284
100788	0.002538796184
100789	0.01483182325
100790	0.0003421548578
100791	0.002843715005
100792	0.00117837776
100793	0.01330639236
100794	0.002832377221
100795	0.0053527783
100796	0.001247661219
100797	0.01390170267
100798	0.003019638855
100799	0.01066909299
100800	0.0005283806959
100801	0.004155861218
100802	0.002525429849
100803	0.00652567418
100804	0.003458955074
100805	0.005724847288
100806	0.01317686326
100807	0.001842034485
100808	0.0007154350185
100809	0.001386966453
100810	0.003375776463
100811	0.0002027187538
100812	0.0004940095934
100813	0.002190368142
100814	0.002668446524
100815	0.006431654489
100816	0.001677328132
100817	0.003563180023
100818	0.01631225025
100819	0.003187420727
100820	0.00665857671
100821	0.007818463586
100822	0.002926404172
100823	0.0002333662181
100824	0.006299584285
100825	0.006875197701
100826	0.01202407694
100827	0.0008431248285
100828	0.005743430085
100829	0.01424233044
100830	0.005095309512
100831	0.01104973453
100832	0.005952158877
100833	0.007247268745
100834	0.003181211393
100835	0.0006735318691
100836	0.00405147729
100837	0.003077559311
100838	0.008333991853
100839	0.001402662114
100840	0.006989558503
100841	0.009265425645
100842	0.001869147637
100843	0.0111008239
100844	0.0106061449
100845	0.007909239626
100846	0.0008694493206
100847	0.001116295638
100848	0.003642474477
100849	0.002972493284
100850	0.002862988598
100851	0.003090818292
100852	0.005152364387
100853	0.01169247312
100854	0.003489675909
100855	0.005490150062
100856	0.001509537025
100857	0.0003778764575
100858	0.0003703386001
100859	0.01297132208
100860	0.001108833564
100861	0.0007894922496
100862	0.008498527409
100863	0.003296289544
100864	0.004390678631
100865	0.0001709424806
100866	0.0119905287
100867	0.006217460613
100868	0.001717768885
100869	0.0001466500179
100870	0.01824010063
100871	0.004963656798
100872	0.003331540538
100873	0.005567817719
100874	0.007908047595
100875	0.007691598648
100876	0.005386474422
100877	0.00857614312
100878	0.009898601531
100879	0.002425500365
100880	0.009498633869
100881	0.001085429767
100882	0.01046820904
100883	0.005390094983
100884	0.007789086757
100885	0.02053754585
100886	0.0003248929716
100887	0.006194603407
100888	0.005827179306
100889	0.002661507244
100890	0.002151058357
100891	0.001651453477
100892	0.001308186187
100893	0.002502026448
100894	0.002204744939
100895	0.003895100622
100896	0.0004683162284
100897	0.01396997188
100898	0.006077167074
100899	0.009110026193
100900	0.006300985529
100901	0.004101441744
100902	0.006940710939
100903	0.001622625922
100904	0.001057906427
100905	0.003644062508
100906	0.002776626531
100907	0.005862908305
100908	0.02305343955
100909	0.007264075599
100910	0.001925766197
100911	0.003306682419
100912	0.0002534168605
100913	0.000374474712
100914	0.0002481158897
100915	0.0002510623393
100916	0.0004913690732
100917	0.0004953846422
100918	0.0006159501892
100919	8.821765033e-07
100920	0.0004929628126
100921	0.0006157313531
100922	0.0003766628717
100923	0.001697926328
100924	0.001956975645
100925	0.001686919133
100926	0.0001210401337
100927	0.001953218747
100928	0.002073399103
100929	0.000244709167
100930	1.830355185e-06
100931	0.002315474456
100932	0.001575712031
100933	0.002950930388
100934	0.001706571953
100935	0.002455754413
100936	0.001447863073
100937	0.001248516424
100938	0.002564216262
100939	6.315707628e-07
100940	0.002075686616
100941	0.001692143459
100942	0.0006304446071
100943	0.0006276829985
100944	0.0008782320645
100945	0.0007567575155
100946	0.002443191905
100947	0.0002501760356
100948	0.0001230628459
100949	1.137626491e-06
100950	0.0002551962929
100951	1.902473737e-06
100952	0.001129257375
100953	0.0002522067831
100954	0.0008826520032
100955	0.006501123753
100956	0.003524654908
100957	0.00314146113
100958	0.002162404404
100959	0.0004644339997
100960	0.0001677517911
100961	0.01008044706
100962	0.002242537393
100963	0.0005489164684
100964	0.004007946649
100965	0.001426805559
100966	0.0116926576
100967	0.001615837912
100968	0.01982760827
100969	0.02007392696
100970	3.419495631e-05
100971	0.00374031116
100972	0.01042257165
100973	0.00263671888
100974	0.0007149153585
100975	0.005252460107
100976	0.005243706885
100977	0.0008447637122
100978	0.007903364315
100979	0.0003960936887
100980	0.003677413976
100981	0.001768832908
100982	0.004168673495
100983	0.009083189108
100984	0.009891859166
100985	0.001470001266
100986	0.006182316681
100987	0.0007006501545
100988	0.0168525516
100989	0.005140614752
100990	0.002140376011
100991	0.003461244415
100992	0.006866333392
100993	0.003042085048
100994	0.002553130786
100995	0.0005607205489
100996	0.0002135566966
100997	0.004074659204
100998	0.0005905230831
100999	0.01205386441
101000	0.006954508814
101001	0.01707652706
101002	0.007740011679
101003	0.0006504797565
101004	0.00135954013
101005	0.01489733048
101006	0.001459161377
101007	0.005357893397
101008	0.0005281671584
101009	0.003069303157
101010	0.002956365775
101011	0.007616916255
101012	0.0001750041505
101013	0.004266889381
101014	0.0001801788751
101015	0.0004257232873
101016	0.007164569054
101017	0.009824173116
101018	0.0004101171633
101019	0.01108434322
101020	0.004900885294
101021	0.00413133415
101022	0.008710170613
101023	0.001865273907
101024	0.005676784376
101025	0.007665705502
101026	0.01473809284
101027	0.0007957932552
101028	0.004929649214
101029	0.007948714209
101030	0.008383386139
101031	6.346213019e-06
101032	2.572149402e-06
101033	6.020574312e-06
101034	3.083121228e-07
101035	0.002507584738
101036	0.00715728457
101037	0.00867730883
101038	0.007885979125
101039	0.0005660840976
101040	0.0001716617212
101041	0.0004926793565
101042	0.01426032234
101043	0.001303809769
101044	0.001438475213
101045	0.0148941639
101046	0.001927510454
101047	0.002440815018
101048	0.003771233139
101049	0.007632441537
101050	0.004573134268
101051	0.0006176815152
101052	0.002943370933
101053	0.001197165641
101054	0.00809047142
101055	0.002791500445
101056	0.01386498679
101057	0.001410115965
101058	0.01000736242
101059	0.0111231749
101060	0.00796986595
101061	0.0004139258075
101062	0.0002519413527
101063	0.0007436942636
101064	0.0006596717467
101065	3.901699111e-05
101066	0.0005079920638
101067	0.002143728389
101068	0.00127163972
101069	0.0002084633126
101070	0.0001824406652
101071	0.000245373228
101072	0.0002400370585
101073	0.001295756619
101074	0.008535315188
101075	0.01527454014
101076	0.003271682952
101077	0.001283953848
101078	0.002828777182
101079	0.007801817993
101080	0.00347818286
101081	0.002739684991
101082	0.007125056145
101083	0.009424333304
101084	5.824680827e-05
101085	0.00144136082
101086	0.00189174277
101087	0.01820662267
101088	0.000923291591
101089	0.00148199076
101090	0.0007755885472
101091	0.005111085361
101092	0.002977367326
101093	0.001207749763
101094	0.009301060025
101095	0.001514247513
101096	0.00211891597
101097	0.002425020365
101098	0.002402857561
101099	0.000302056848
101100	0.006608276236
101101	0.005181719161
101102	0.0009967075078
101103	0.00654822577
101104	0.001022933164
101105	0.002248147436
101106	0.001817498532
101107	0.00391891156
101108	0.004145193439
101109	0.00892322235
101110	0.007326595695
101111	0.001226267033
101112	0.001417862807
101113	0.006106022981
101114	0.0005051182495
101115	0.003555587375
101116	0.002449412902
101117	0.001557428749
101118	0.002448620843
101119	0.01011146633
101120	0.001421930099
101121	0.002944365365
101122	0.001755904659
101123	0.005781016599
101124	0.0005794293801
101125	0.02108026612
101126	0.01899445096
101127	0.007102511512
101128	0.0005270214046
101129	0.001652964075
101130	0.002575775993
101131	0.0009287026298
101132	0.00346803763
101133	0.006748760316
101134	0.003783457776
101135	0.006009027476
101136	0.002864993156
101137	0.002282158299
101138	0.007534994498
101139	0.01176319929
101140	0.0004774386261
101141	0.002359598221
101142	0.0006862276269
101143	0.006785385102
101144	0.00392065476
101145	0.000283090866
101146	0.001057847628
101147	0.002867873707
101148	0.003213649802
101149	0.002535946848
101150	0.0008102810994
101151	0.001419909042
101152	0.001456974168
101153	0.002647583006
101154	0.0007118647626
101155	0.002139949174
101156	0.0008691241606
101157	0.0004725904076
101158	0.001939728161
101159	0.002784105091
101160	0.004626739423
101161	0.002629776475
101162	0.003203136969
101163	0.0007151211879
101164	0.004385481653
101165	0.001375215484
101166	0.0002307588957
101167	0.001111536191
101168	0.001036863077
101169	8.200998905e-05
101170	0.0008021709107
101171	0.002986369298
101172	0.001205032656
101173	0.001154800474
101174	0.0003900203069
101175	0.0007641041906
101176	0.001191584068
101177	0.008283731557
101178	0.002469141567
101179	0.002904540372
101180	0.006866892123
101181	0.002127959743
101182	0.01183784287
101183	0.002129922552
101184	0.004852582664
101185	0.004842013736
101186	0.0006387426211
101187	0.009580887258
101188	0.007616616715
101189	6.169060631e-05
101190	0.002231335348
101191	0.003335607796
101192	0.003077074806
101193	0.004544697188
101194	0.003806939426
101195	0.01424069688
101196	0.00623031593
101197	0.004706055493
101198	0.008558900666
101199	0.0002679145324
101200	0.004099859095
101201	0.00887158043
101202	0.007271288295
101203	0.001938513886
101204	0.004521011067
101205	0.01252320359
101206	0.0001687356212
101207	0.007749636423
101208	0.002695805597
101209	0.0005792829643
101210	0.0201288132
101211	0.02366023281
101212	0.001753734233
101213	0.006491610313
101214	0.005022657012
101215	7.131929977e-05
101216	0.001970920336
101217	0.004353115372
101218	0.009156252442
101219	0.005461493196
101220	0.004435558111
101221	0.01565967321
101222	0.003075498264
101223	0.0005415006961
101224	0.004178318874
101225	0.006964403741
101226	0.001178596873
101227	0.004573768247
101228	0.003770715163
101229	0.006779571467
101230	0.01361892267
101231	0.005671321142
101232	0.005189462497
101233	0.004910997146
101234	0.004998014652
101235	0.001083859814
101236	0.001047154122
101237	0.005509423287
101238	0.002450256638
101239	0.005536166716
101240	0.002174263604
101241	0.001644399678
101242	0.005590258935
101243	0.0006278723608
101244	0.0004881397649
101245	0.002081743642
101246	0.01314250505
101247	0.001346345672
101248	0.01010697859
101249	0.001003969389
101250	0.0008601750995
101251	0.005453750927
101252	0.003081622304
101253	0.003728759285
101254	0.001280787991
101255	0.000362448453
101256	0.0008721768248
101257	0.001469871738
101258	0.003330577984
101259	0.0002769853199
101260	0.0001066298441
101261	0.001190370363
101262	7.613872337e-05
101263	0.0006226145834
101264	0.003619150219
101265	0.002209947492
101266	0.008733881164
101267	0.004412998912
101268	0.00221065965
101269	0.007849765832
101270	0.004548067845
101271	0.004989974852
101272	0.0006054957812
101273	0.001233854326
101274	0.002641627775
101275	0.004211159168
101276	0.009691683773
101277	0.006383782173
101278	0.01130080801
101279	0.01832606964
101280	0.0005675935734
101281	0.002475795799
101282	0.0002146789988
101283	0.001465574745
101284	0.001193957847
101285	0.007761885626
101286	0.002688391834
101287	0.001885845341
101288	0.00203007138
101289	0.01006067063
101290	0.0008328694154
101291	0.005909746026
101292	0.005286517062
101293	0.002603150133
101294	0.000778890618
101295	0.003140455406
101296	0.007681656044
101297	0.004345560904
101298	0.004748119352
101299	0.0006271742539
101300	0.001347086799
101301	0.00313812506
101302	0.0006683080032
101303	0.004024756951
101304	0.0008357026105
101305	0.002300885895
101306	0.004913863018
101307	0.0008789950923
101308	0.000140992644
101309	0.005290171758
101310	0.001872373621
101311	0.001168249691
101312	0.002459930138
101313	0.00175028931
101314	0.006034215716
101315	0.008677497275
101316	0.001966885988
101317	0.004792113283
101318	0.002333452053
101319	5.578567728e-05
101320	1.574041158e-05
101321	0.0003171431168
101322	0.001445456687
101323	0.001365131983
101324	0.00308770225
101325	0.004160228997
101326	0.0007589805273
101327	0.001964430597
101328	0.001295441896
101329	0.004048632772
101330	0.004468624531
101331	0.001601964176
101332	0.006234817281
101333	0.004793467586
101334	0.004169764899
101335	0.0002752684976
101336	0.003503719175
101337	0.002890384159
101338	0.002209705384
101339	0.00470452369
101340	0.004697076309
101341	0.001908108594
101342	0.006375072353
101343	0.002177266573
101344	0.002880293741
101345	0.000460508094
101346	0.005040322891
101347	0.006058997706
101348	0.003336018378
101349	0.002059984578
101350	0.009760443312
101351	0.002325486967
101352	0.005195287674
101353	0.005341024697
101354	0.008924638705
101355	0.007073784305
101356	0.004012649471
101357	0.0007846597632
101358	0.001673328189
101359	0.002286517497
101360	0.002148279293
101361	0.004930283754
101362	0.009527669572
101363	0.005880350095
101364	0.01221508648
101365	0.002907814727
101366	0.001382014978
101367	0.001768748126
101368	0.01199081066
101369	0.01288176799
101370	0.0001886367664
101371	0.01239741357
101372	0.004978419465
101373	0.005171052065
101374	0.01051016975
101375	0.008015314296
101376	0.01098710617
101377	0.002460626788
101378	0.003492076856
101379	0.006922814367
101380	0.005271321414
101381	0.004286019862
101382	0.007702464924
101383	0.006568677046
101384	0.007419396751
101385	0.004926599809
101386	0.0144931193
101387	0.00609717333
101388	0.007123782986
101389	0.006958958277
101390	0.004116307679
101391	0.01476276617
101392	0.01817844588
101393	0.0002997600488
101394	0.003226694535
101395	0.003238698011
101396	0.002350168402
101397	0.0009722262162
101398	0.003303465186
101399	0.0004560681066
101400	0.002587223519
101401	0.006112620985
101402	0.0009841324821
101403	0.006143578305
101404	0.002315296065
101405	0.01491348615
101406	0.001854841155
101407	0.004594765875
101408	0.008221279657
101409	0.004834913104
101410	0.004070316166
101411	0.01415041177
101412	0.002272920859
101413	0.004260524535
101414	0.00397341793
101415	0.005461622188
101416	0.003243911282
101417	0.0002989946974
101418	0.002380549383
101419	0.003050455501
101420	0.006779600986
101421	0.01613289592
101422	0.001546617196
101423	0.003552797874
101424	0.00324380426
101425	0.003082945262
101426	0.004513434825
101427	0.009711984995
101428	0.009249235503
101429	0.003715946154
101430	0.008498965801
101431	0.01032270256
101432	0.008143370981
101433	0.00365879759
101434	0.01500785691
101435	0.01399637079
101436	0.009214103585
101437	0.006756791254
101438	0.0005909489867
101439	0.001960451084
101440	0.02077237203
101441	0.00646228889
101442	0.0001899971031
101443	0.00820903306
101444	0.01352076353
101445	0.001937851534
101446	0.006980693188
101447	0.01016598595
101448	0.007214191428
101449	0.0002846890421
101450	0.005048461931
101451	0.003571049171
101452	0.003656761219
101453	0.008122453089
101454	0.0009136478516
101455	0.002952329118
101456	0.01530699535
101457	0.01009623792
101458	0.005670900958
101459	0.007503940779
101460	0.00488924277
101461	0.002411379641
101462	0.01046971386
101463	0.01436551248
101464	0.00746917964
101465	0.01115322881
101466	0.002114702187
101467	0.006223342951
101468	0.003541617748
101469	0.006959280981
101470	0.005451703785
101471	0.0004087480074
101472	0.01600534595
101473	0.004436654994
101474	0.01521456114
101475	0.0009824413087
101476	0.006530121835
101477	0.00175904306
101478	0.001556201301
101479	0.001670537772
101480	0.005764016917
101481	0.004745706289
101482	0.005332933173
101483	0.01248092043
101484	0.001518881459
101485	0.006403518648
101486	0.001651219678
101487	0.0009961887841
101488	0.01433283857
101489	0.00442958192
101490	0.004302013931
101491	0.005195284687
101492	0.01187873652
101493	0.01045039002
101494	0.006901556713
101495	0.01153638326
101496	0.005144599282
101497	0.01630076556
101498	0.002009590453
101499	0.0006596632349
101500	0.007707754458
101501	0.0006657212784
101502	0.00129178896
101503	0.00595319827
101504	0.005278082092
101505	0.003972259211
101506	0.01251753437
101507	0.003948365991
101508	0.001218795825
101509	0.001373644055
101510	0.003464699458
101511	0.002974066812
101512	0.01348345076
101513	0.0001140953579
101514	0.00298838343
101515	0.002899782748
101516	0.003654347364
101517	0.008783014288
101518	0.003797499983
101519	0
101520	0.002871180113
101521	0.01217977367
101522	0.0006502614062
101523	0.004637168879
101524	0.003660518231
101525	0.001963895066
101526	0.007018686252
101527	0.001634892911
101528	0.008291996002
101529	0.00193740229
101530	0.001245819026
101531	0.00442307954
101532	0.005121565936
101533	0.004322751808
101534	0.005657025438
101535	0.002657758311
101536	0.001653937567
101537	0.0007010525402
101538	0.01378945591
101539	0.007519738115
101540	0.00701734136
101541	0.008353795206
101542	0.00196347625
101543	0.01097515873
101544	0.004453515318
101545	0.01607382805
101546	0.0012777531
101547	0.01416829602
101548	0.003698997401
101549	0.001560071978
101550	0.002355168119
101551	0.009375869814
101552	0.01753676571
101553	0.001469872639
101554	3.857161619e-05
101555	0.0003213437955
101556	0.005232850171
101557	0.0008607320574
101558	0.0005303731848
101559	0.0001635895196
101560	0.0008886060117
101561	0.008039348654
101562	0.001889076731
101563	0.003424492616
101564	0.0004125735329
101565	0.000367428201
101566	0.003612188663
101567	0.00560087807
101568	0.005256440072
101569	0.005468299603
101570	0.0002624620767
101571	0.004091482656
101572	0.0007086010436
101573	0.006696896086
101574	0.001049936638
101575	0.001276250768
101576	0.00217923455
101577	0.006923007885
101578	0.0004545133248
101579	0.008228959226
101580	0.006070633445
101581	0.002311547657
101582	0.004688693682
101583	0.006480594938
101584	0.01062518841
101585	0.008483131128
101586	0.0002814674503
101587	0.002648075497
101588	0.007564366037
101589	0.008022206455
101590	0.008539560777
101591	0.0009426179393
101592	0.007185955382
101593	0.002039001898
101594	0.0031861498
101595	0.0005156241772
101596	0.008036419355
101597	0.01185353254
101598	0.0007038734309
101599	0.001335139585
101600	0.00809488112
101601	0.002894401155
101602	0.002254314353
101603	0.007002675619
101604	6.167832108e-05
101605	0.0008772678554
101606	0.004018395565
101607	0.003351753415
101608	0.005358573026
101609	0.0003949548311
101610	0.006536995781
101611	0.002643937478
101612	0.006764140422
101613	0.001698678206
101614	0.002899867095
101615	0.002166698341
101616	0.01114235878
101617	0.003911098554
101618	0.0006454355138
101619	0.001470628917
101620	0.0008211251481
101621	0.0005816234545
101622	0.0004760186971
101623	2.108069162e-07
101624	9.84888232e-07
101625	0.001527347679
101626	0.00130225634
101627	0.001068417834
101628	0.0002273295502
101629	0.001742220546
101630	0.00149800724
101631	0.001740320008
101632	5.438672708e-07
101633	0.001199388253
101634	0.0005098776634
101635	0.0006449929111
101636	0.0003681269657
101637	0.0001415137695
101638	0.0008200899098
101639	0.001390577922
101640	0.0004870144673
101641	0.001740885555
101642	0.001631917918
101643	0.0001274988443
101644	0.001256205186
101645	0.0004403189192
101646	0.0007931247588
101647	0.0004743982097
101648	0.0002361493106
101649	0.0002195728193
101650	0.0009562899305
101651	0.0005894361537
101652	0.001625620498
101653	0.0030419321
101654	0.001072756691
101655	0.002553157493
101656	0.004288550601
101657	0.006157092217
101658	0.007433805062
101659	0.004810088753
101660	0.000779245089
101661	0.003976336041
101662	0.004504770488
101663	0.002545293399
101664	0.00695110002
101665	0.005244590203
101666	0.008043489619
101667	0.001675812195
101668	0.003395389412
101669	0.008535110858
101670	0.009032309494
101671	0.007367777319
101672	0.00294308266
101673	0.002860050351
101674	0.0001305994538
101675	0.001692697888
101676	0.004082809139
101677	0.004967536907
101678	0.007510848767
101679	0.003312480754
101680	0.005262189464
101681	0.002892143657
101682	0.01229643816
101683	0.004312881802
101684	0.001433616988
101685	0.007586540152
101686	0.001196842238
101687	0.0008677500141
101688	0.005455496951
101689	0.001033800457
101690	0.001017333737
101691	0.001840284251
101692	0.01616090041
101693	0.002797290647
101694	0.003688852392
101695	0.0001158760384
101696	0.002477152436
101697	0.002705836841
101698	0.01066863819
101699	0.01031305634
101700	0.01240031777
101701	0.0006106988697
101702	0.0005461931921
101703	0.004338034097
101704	0.00520085335
101705	0.006604203833
101706	0.0006288625058
101707	0.0006016685389
101708	0.004711609091
101709	0.002333396959
101710	0.001467613812
101711	0.002047732447
101712	0.004287157862
101713	0.002316261674
101714	0.0003701607774
101715	0.003020025519
101716	0.001842118527
101717	0.005030378837
101718	0.001765686076
101719	0.00035215859
101720	0.002110447939
101721	0.002107270157
101722	0.001101700604
101723	0.0007225596216
101724	0.005280191327
101725	0.005155092997
101726	0.005152690378
101727	0.004359326689
101728	0.00285547715
101729	0.00503242219
101730	0.001303154067
101731	0.003646884181
101732	0.002527549958
101733	0.007488898685
101734	0.00525799905
101735	0.008739784191
101736	0.001354261294
101737	0.007349007214
101738	0.006137893172
101739	0.0009143884754
101740	0.002386354888
101741	0.003674652596
101742	0.007966428388
101743	0.00211913667
101744	0.01106902349
101745	0.009436103625
101746	0.0159819085
101747	0.007763519431
101748	0.0006766895269
101749	0.001053047617
101750	0.002094375591
101751	0.01207938107
101752	0.004446417061
101753	0.001700185799
101754	2.972491971e-05
101755	0.0001328710263
101756	0.005829406071
101757	0.001512603658
101758	0.002899290215
101759	0.003492024893
101760	0.001540014583
101761	0.009407532678
101762	0.006954099687
101763	0.0002096778801
101764	0.006549406299
101765	0.01078401439
101766	0.005662081052
101767	0.003975439563
101768	0.0006633931999
101769	0.006302933091
101770	0.007703606353
101771	0.01160165687
101772	0.001682080216
101773	0.002896255398
101774	0.004545915936
101775	0.005649322949
101776	0.005079939309
101777	0.001888125927
101778	0.005145362338
101779	0.0003865473187
101780	0.007490647838
101781	0.01066616548
101782	0.001679311842
101783	0.001344960508
101784	0.00408182207
101785	0.009844574661
101786	0.01701394167
101787	0.0150455519
101788	0.002010219028
101789	0.004678334483
101790	0.001055830482
101791	0.01029401472
101792	0.00297160569
101793	0.00354607195
101794	0.003483992081
101795	0.003250789407
101796	0.00147090164
101797	0.002835353095
101798	0.01054413186
101799	0.003593168127
101800	0.007988976608
101801	0.000189690087
101802	0.004664658662
101803	0.0145025218
101804	0.005428416194
101805	0.001919449726
101806	0.0004650037939
101807	0.007064555999
101808	0.008857773886
101809	0.00857012459
101810	0.005309809853
101811	0.002279262321
101812	0.007346997521
101813	0.004503189765
101814	0.005327017081
101815	0.01031737026
101816	0.00756316652
101817	0.01420739464
101818	0.005147737999
101819	0.003257067898
101820	0.0004823761258
101821	0.002577869752
101822	0.006347096815
101823	0.00160755073
101824	0.003055260743
101825	0.01413167759
101826	0.008313623746
101827	0.001099331489
101828	0.001806915451
101829	0.008591051482
101830	0.004581194429
101831	0.007215422105
101832	0.002699588444
101833	0.0007929921739
101834	0.0003951597395
101835	0.002143372648
101836	0.001667313935
101837	0.002928471259
101838	0.004012331699
101839	0.002496739352
101840	5.789570488e-05
101841	0.005705001298
101842	0.0003031676867
101843	0.003321813476
101844	0.007645679047
101845	0.0005444100152
101846	0.000879019312
101847	0.01041434983
101848	0.002002511041
101849	0.003236733388
101850	0.007315954524
101851	0.006341175834
101852	0.01005153316
101853	0.005739867918
101854	0.005344244367
101855	0.0005241055513
101856	0.005035385998
101857	0.002101160541
101858	0.00992552879
101859	0.001405056401
101860	3.496027362e-06
101861	0.003307865843
101862	0.001895029863
101863	0.001340314755
101864	0.00932792027
101865	0.005810963456
101866	0.002666087907
101867	0.0001874619001
101868	0.002080032871
101869	0.007093953462
101870	0.01044410959
101871	0.002750454966
101872	0.003463304507
101873	0.003795010064
101874	0.002308758635
101875	0.01001514505
101876	0.001304403746
101877	0.000500453001
101878	0.009421383835
101879	0.001490155705
101880	0.002912951049
101881	0.002939920897
101882	0.004822945958
101883	0.01101653196
101884	0.006051137664
101885	0.000664704059
101886	0.003886347473
101887	0.005737058541
101888	0.002439607245
101889	0.0007859842966
101890	0.002622042036
101891	0.0006402294008
101892	1.339688265e-05
101893	0.00130565022
101894	0.009844982161
101895	0.002677438484
101896	0.005138437305
101897	0.00658440564
101898	0.004878406643
101899	0.01348410949
101900	0.0002542874054
101901	0.001432256581
101902	0.002990920015
101903	0.002307283923
101904	0.001959286194
101905	0.001107152888
101906	0.0002364095507
101907	0.003424400308
101908	0.003269595475
101909	0.0110763441
101910	0.008068758083
101911	0.006005574704
101912	0.003373191483
101913	0.001534957003
101914	0.003858712952
101915	2.574519108e-05
101916	0.004015421817
101917	0.003363418635
101918	0.002667739994
101919	0.005662081562
101920	0.001647376281
101921	0.004057729828
101922	0.005696151803
101923	0.0009598227024
101924	0.002302551696
101925	0.0009871882652
101926	0.005243881622
101927	0.002330077248
101928	0.007638285393
101929	0.0007570620054
101930	0.0001269853458
101931	0.001720759855
101932	0.004632003673
101933	0.0004440554052
101934	0.01197461481
101935	0.01079368449
101936	0.002034158272
101937	0.006824333091
101938	0.01265291324
101939	0.006920087013
101940	0.004121993682
101941	0.01239927323
101942	0.004283038184
101943	0.002583309939
101944	0.004264276432
101945	0.000718232708
101946	0.0005790137609
101947	0.01042933738
101948	0.0005678261559
101949	0.001526344876
101950	0.002400290056
101951	0.0003002710261
101952	0.001416085181
101953	0.006966131758
101954	0.01149299179
101955	0.01850957871
101956	0.004839334627
101957	0.004029028487
101958	0.005077096834
101959	0.01032365177
101960	8.208761315e-05
101961	0.0004911620767
101962	0.001909441754
101963	0.004724816692
101964	0.0007433878408
101965	0.002068479565
101966	0.0003915007693
101967	0.00227993416
101968	0.001328618572
101969	0.002712500986
101970	0.0006462151459
101971	0.006560858271
101972	0.004436739206
101973	0.000500453519
101974	0.001025888507
101975	0.005744609117
101976	0.0005613927146
101977	0.001152003268
101978	0.003251137216
101979	7.131826088e-05
101980	0.001660801252
101981	0.001975513492
101982	0.0002844553212
101983	0.0001762305606
101984	0.002287664599
101985	0.001854350734
101986	0.003900726186
101987	0.001630023301
101988	0.0005487041709
101989	0.006954046863
101990	0.01293590568
101991	0.002104331792
101992	0.004322333688
101993	0.00469228662
101994	0.006048621913
101995	0.009542729904
101996	0.00147648596
101997	0.003642318502
101998	0.01016084739
101999	0.003077341219
102000	0.007677739373
102001	0.005776012685
102002	0.003941826497
102003	0.007552312867
102004	0.001952934807
102005	0.001282596456
102006	0.006451051806
102007	0.001506383817
102008	0.004912827904
102009	0.003349399816
102010	0.002789593988
102011	0.002649802194
102012	0.003754082466
102013	0.0001360340046
102014	0.002416619865
102015	0.008663748357
102016	0.003644703607
102017	0.010268056
102018	5.872132646e-05
102019	0.002595601707
102020	0.007793764129
102021	0.0009563830512
102022	0.02130992719
102023	0.00822743321
102024	0.0010592788
102025	0.01656639013
102026	0.008432439672
102027	0.004084409926
102028	0.004123425262
102029	0.002673813383
102030	0.01104535023
102031	0.01197045187
102032	0.001112409272
102033	0.005551998297
102034	0.001816105914
102035	0.0065943455
102036	4.433110251e-05
102037	0.005442355979
102038	0.01410652451
102039	0.0005827617817
102040	0.0006794258027
102041	0.0006224255903
102042	0.005643273612
102043	0.002595346405
102044	0.006907823778
102045	0.002235129487
102046	0.003203225356
102047	0.002270283081
102048	0.003271327215
102049	0.004606404517
102050	0.006196845077
102051	0.003291519075
102052	0.007845096477
102053	0.004513733547
102054	0.005356311083
102055	0.0225972385
102056	0.01790056491
102057	0.003091269647
102058	0.002343631012
102059	0.003443661515
102060	0.001937308951
102061	0.004337833972
102062	0.007629206142
102063	0.003637841207
102064	0.001408413663
102065	0.008377479664
102066	0.003084653792
102067	0.000141220538
102068	0.00139603793
102069	0.001900257753
102070	0.004870970655
102071	0.007634485922
102072	0.001600912332
102073	0.003201976719
102074	0.007962472422
102075	0.009164603503
102076	0.003955256009
102077	0.002058708143
102078	0.008759457722
102079	0.005259099725
102080	0.002506838395
102081	0.002546172341
102082	0.0001744373707
102083	0.001830678128
102084	0.0005555139457
102085	0.01074452611
102086	0.001645034139
102087	0.009298568465
102088	0.006871769248
102089	0.003546313277
102090	0.0008016839873
102091	0.00602972959
102092	0.003919318483
102093	0.005219297759
102094	0.0152234936
102095	0.009889770235
102096	0.002258765631
102097	0.004343122889
102098	0.00218999709
102099	0.003283951224
102100	0.00199221224
102101	0.002683960432
102102	0.003798465511
102103	0.00140757548
102104	0.000425510718
102105	0.00140587739
102106	0.0001395494859
102107	0.003078534086
102108	0.002799670639
102109	0.003222575906
102110	0.001028056594
102111	0.002754705836
102112	0.006819490352
102113	0.0006109593164
102114	0.01040524764
102115	3.563273772e-05
102116	0.01048137352
102117	0.004295770214
102118	0.004439786638
102119	0.004863923842
102120	0.009482730228
102121	0.01214703711
102122	0.0005901833675
102123	0.0009873674037
102124	0.01483932249
102125	0.00599949273
102126	0.006285901221
102127	0.008999606618
102128	0.006421791036
102129	5.322686729e-06
102130	0.00315719481
102131	0.002118235241
102132	0.001533502009
102133	0.003773181324
102134	6.693556643e-05
102135	0.008003489917
102136	0.002499011835
102137	0.01491515865
102138	0.01729884467
102139	0.002050477194
102140	0.002836088354
102141	0.007062388188
102142	0.0009867896563
102143	0.002527335049
102144	0.003267811268
102145	0.006368975554
102146	0.01357309977
102147	0.0002434850212
102148	0.002409483185
102149	0.01027938238
102150	0.0003027872619
102151	0.00145095837
102152	0.004238855864
102153	0.009005954674
102154	0.006934155153
102155	0.000528230887
102156	0.0003184331527
102157	0.001371757747
102158	0.008028345333
102159	0.003233765371
102160	0.003103822393
102161	0.005946525125
102162	0.003614768117
102163	0.004178688537
102164	0.01337028895
102165	0.005720863486
102166	0.00217213947
102167	0.005237823768
102168	0.006643576771
102169	0.001800845684
102170	0.01042261615
102171	0.007391036537
102172	0.005055605218
102173	0.004665426236
102174	0.006940397217
102175	0.006929099867
102176	0.007956340047
102177	0.01110552046
102178	0.01095282776
102179	0.003569637985
102180	0.009486635847
102181	0.003832104826
102182	0.004898247983
102183	0.004730526052
102184	0.003484802073
102185	0.005875330282
102186	0.004313176908
102187	0.004114009631
102188	0.009796119951
102189	0.008778011453
102190	0.003478368588
102191	0.006780104609
102192	0.0003902951212
102193	0.005206740331
102194	0.002888549689
102195	0.008118168393
102196	0.006915066155
102197	0.003800228532
102198	0.01183205551
102199	0.02264371912
102200	0.004175248441
102201	0.009769654801
102202	0.004684274713
102203	0.007537808561
102204	0.00308352663
102205	0.005958383296
102206	0.0058170565
102207	0.004184335542
102208	0.009545090642
102209	0.009424500576
102210	0.01225865046
102211	0.007061526171
102212	0.004449761527
102213	0.0158213184
102214	0.001923319349
102215	0.00901419522
102216	0.005488448314
102217	0.0001498278963
102218	0.003758032074
102219	0.007051841801
102220	0.001247842795
102221	0.006680558393
102222	0.001101760029
102223	0.003106334398
102224	0.001466160069
102225	0.001810842678
102226	0.005498304955
102227	0.004228508074
102228	0.01649036449
102229	0.01192970718
102230	5.847711731e-05
102231	0.005573236528
102232	0.005620771327
102233	0.00647975535
102234	0.003337313758
102235	0.000972139698
102236	0.0004889916958
102237	0.01394126517
102238	0.004856323455
102239	0.009875204646
102240	0.0001166596875
102241	0.003586182261
102242	0.004073297998
102243	0.008221702951
102244	0.003996086413
102245	0.001593878541
102246	0.0009536064048
102247	9.258519962e-05
102248	0.001790993363
102249	0.01684795971
102250	0.00312644339
102251	0.005692957313
102252	0.004242535379
102253	0.001208349783
102254	0.008876072078
102255	0.0004655765699
102256	0.001607338235
102257	0.008968356089
102258	0.001791937169
102259	0.009606436854
102260	0.0009824198882
102261	0.00795520023
102262	0.008328181315
102263	0.001714806395
102264	0.0001567681364
102265	0
102266	0.001871157439
102267	0.0009893136066
102268	0.003673004776
102269	0.0003129221084
102270	0.004089411772
102271	0.002097937994
102272	0.003952290271
102273	0.0008953038053
102274	0.003564904375
102275	0.01290166902
102276	0.00860108396
102277	0.003677902807
102278	0.006314856333
102279	0.000365338683
102280	0.007607176565
102281	0.004689841284
102282	0.008764958915
102283	0.001560165967
102284	0.000852214542
102285	0.004210558772
102286	0.004678991702
102287	0.01384886498
102288	0.007836950118
102289	0.01122118915
102290	0.006363070877
102291	0.009515223256
102292	0.008164793713
102293	0.01173321112
102294	0.0171657421
102295	0.01305454172
102296	0.01159369391
102297	0.001457657897
102298	0.002384516304
102299	0.0002951546132
102300	0.007451621563
102301	0.007636246821
102302	0.00869201037
102303	0.003539768295
102304	0.0004965351586
102305	0.008791643743
102306	0.002210774788
102307	0.005265341034
102308	0.001013088857
102309	3.613882924e-08
102310	0.0008054964696
102311	0.002212907443
102312	0.01630641522
102313	0.001271210291
102314	0.005721384904
102315	0.006684002376
102316	0.002676404627
102317	0.008671401818
102318	0.002873470204
102319	0.003843373553
102320	0.001803336931
102321	0.01068270827
102322	0.002488046902
102323	0.01587935611
102324	0.01044265534
102325	0.001400715851
102326	0.0004514429811
102327	0.001352348849
102328	0.004482057109
102329	0.004711460143
102330	0.0007560892544
102331	0.0006772230478
102332	0.00570692593
102333	0.008178097039
102334	0.0004870474255
102335	0.00452378277
102336	0.003900822205
102337	0.00399069282
102338	0.002916009225
102339	0.006684723191
102340	0.001015880454
102341	0.0008277993247
102342	0.01402654143
102343	0.006137936846
102344	0.007163403404
102345	0.001653922059
102346	4.527430499e-05
102347	0.0006298097453
102348	0.008801242439
102349	0.0007005544279
102350	0.001174805438
102351	0.003726899764
102352	0.001906354213
102353	0.009983496726
102354	0.004080222005
102355	0.0006206682992
102356	0.005255075034
102357	0.001393573061
102358	0.0148296546
102359	0.008753468543
102360	0.004439854615
102361	0.006497939573
102362	0.002514901007
102363	0.002193990301
102364	0.005516675593
102365	0.01324848783
102366	0.009611736833
102367	0.01368376511
102368	0.002317333302
102369	0.002782326676
102370	0.007349206526
102371	0.003113683794
102372	0.003770117902
102373	0.002788720806
102374	0.00342470475
102375	0.003964067464
102376	0.003972310298
102377	0.0006536031835
102378	0.003294609636
102379	0.001009540678
102380	0.002771054117
102381	0.003200881801
102382	0.001338732873
102383	0.003285780444
102384	0.003589494482
102385	0.003504912502
102386	0.003347397433
102387	0.003340679764
102388	0.003358379981
102389	0.00589623804
102390	0.01061865507
102391	0.00385499874
102392	0.002333882362
102393	0.001593529752
102394	0.0001508698607
102395	0.003632387034
102396	0.003085540815
102397	0.00347009904
102398	0.004057074363
102399	0.002758975775
102400	0.004702290819
102401	0.003822825589
102402	0.004589783959
102403	0.002843948333
102404	0.002928379893
102405	0.01223880468
102406	0.003917003786
102407	0.003395257824
102408	0.003394222066
102409	0.003469563565
102410	0.002944003109
102411	0.003338634289
102412	0.0119177036
102413	0.004489051266
102414	0.003130585359
102415	0.003295210036
102416	0.003621358759
102417	0.004017426801
102418	0.003117635319
102419	0.003326122754
102420	0.001543233286
102421	0.002644731864
102422	0.00319227619
102423	0.002062169529
102424	0.004299578736
102425	0.003212258827
102426	0.003292182949
102427	0.003196258999
102428	0.00298380494
102429	0.003184603715
102430	0.003695742434
102431	0.003087884228
102432	0.003951873504
102433	0.0005567216325
102434	0.004117620343
102435	0.001846156543
102436	0.004338813874
102437	0.0004857237208
102438	0.003259854289
102439	0.002076362806
102440	0.000829467287
102441	0.002019501133
102442	0.009839785058
102443	0.004541252837
102444	0.003022705291
102445	0.00442698713
102446	0.005481091267
102447	0.003065463241
102448	0.00622124507
102449	0.003326134735
102450	0.006309773226
102451	0.001338890442
102452	4.77529061e-07
102453	0.007547094084
102454	0.002917769598
102455	0.005119016949
102456	0.003372167705
102457	0.0008767883187
102458	0.004229022346
102459	0.001298190433
102460	0.005168123164
102461	0.0140010638
102462	0.001905774483
102463	0.0004362268256
102464	0.0002038603344
102465	0.006622660099
102466	0.003695536228
102467	0.006616992577
102468	0.004616103085
102469	0.008516509474
102470	0.002220157529
102471	0.002375920874
102472	0.0007646135549
102473	0.003248144788
102474	0.003205148351
102475	0.00173330919
102476	0.005355397839
102477	7.913427465e-05
102478	0.004290954966
102479	0.008283657031
102480	0.0007372761426
102481	0.000121026841
102482	0.0001049596819
102483	0.01365435999
102484	0.002407496054
102485	0.002271162006
102486	0.001804385344
102487	0.003280550145
102488	0.001729439885
102489	0.004305920067
102490	0.001663673179
102491	0.003972889696
102492	0.004890649128
102493	0.003436277662
102494	0.007827487082
102495	0.002186656043
102496	0.003103906808
102497	0.002752115766
102498	0.006325786873
102499	0.005341956269
102500	0.002189132345
102501	0.001292364232
102502	0.00114317499
102503	0.001374442621
102504	0.01372105022
102505	0.002494770294
102506	0.001428933104
102507	0.00176776726
102508	0.003919187112
102509	0.003765056229
102510	0.004447385605
102511	0.001420879602
102512	0.003277565045
102513	0.003966583821
102514	0.003403884211
102515	0.002169530657
102516	0.001674000367
102517	0.0008555846236
102518	0.003804538328
102519	0.006651402046
102520	0.003683452803
102521	0.0001391561703
102522	0.003632252257
102523	0.00589160005
102524	0.003696612006
102525	0.003501787393
102526	0.003822867855
102527	0.0006812670437
102528	0.005645448485
102529	0.004900003093
102530	0.0007543437883
102531	0.005338136256
102532	0.003607344482
102533	0.002783525669
102534	0.0007018217232
102535	0.00154479968
102536	0.0004459621396
102537	0.00400255365
102538	0.006172129994
102539	0.007117865517
102540	0.006914790314
102541	0.01022034699
102542	0.002277750831
102543	0.009806316292
102544	0.01786451204
102545	0.00318001324
102546	0.0023025282
102547	0.006757957942
102548	0.00363075409
102549	0.007082856595
102550	0.00355575032
102551	0.003656105668
102552	0.002396127883
102553	0.005321449719
102554	0.007061702958
102555	0.002683980161
102556	0.013373365
102557	0.004459263031
102558	0.004055845636
102559	0.004037650189
102560	0.002279780338
102561	0.003382252049
102562	0.003234724996
102563	0.004224847076
102564	0.005475963581
102565	0.002159361268
102566	0.00477610971
102567	0.003626197795
102568	0.00305613585
102569	0.00373202579
102570	0.004908444694
102571	0.003723665725
102572	0.003885394044
102573	0.005130890541
102574	0.003199982693
102575	0.004331613518
102576	0.003796950775
102577	0.003286525423
102578	0.0001084922802
102579	0.0006521479111
102580	0.002323072973
102581	0.002191028416
102582	0.0008708809929
102583	0.004757161599
102584	0.001935137438
102585	0.0026832514
102586	0.0006033257612
102587	0.00252010151
102588	0.004138243175
102589	0.005276383084
102590	0.005791498474
102591	0.007549424598
102592	0.0050962379
102593	0.0005426709826
102594	0.003785047595
102595	0.0008639738784
102596	0.01303472147
102597	0.003601015466
102598	0.003685577516
102599	0.001627371481
102600	0.002643545658
102601	0.0001249397305
102602	0.00495471566
102603	0.001883333723
102604	0.001256670821
102605	0.002148908016
102606	0.004307072918
102607	0.004505027381
102608	0.007938569028
102609	4.252656408e-05
102610	0.00515030191
102611	0.007790646859
102612	0.002861947117
102613	0.002406548964
102614	0.0003350141271
102615	0.003235708413
102616	0.007390918102
102617	0.0004448167143
102618	0.006083289923
102619	0.007425621229
102620	0.002356121338
102621	0.001556900615
102622	0.002281820218
102623	0.001228892389
102624	0.001704379011
102625	0.003869397955
102626	0.002632031763
102627	0.003847754631
102628	0.003251523858
102629	0.005438699501
102630	0.01129845896
102631	0.0007794420386
102632	0.006305196806
102633	0.005089098686
102634	0.006638698437
102635	0.004730846326
102636	0.01189504627
102637	0.00195918947
102638	0.001697576581
102639	0.0002005040579
102640	0.002164123928
102641	0.003009553322
102642	0.001204315034
102643	0.005458737575
102644	0.0009108307192
102645	0.01050343676
102646	0.0007096658582
102647	0.002843238027
102648	0.002957392262
102649	0.0005044499269
102650	0.003460249129
102651	0.004060382372
102652	0.003887583194
102653	0.001557017808
102654	0.01148786275
102655	0.009232694
102656	0.003035401533
102657	0.0007159797201
102658	0.003393732162
102659	0.001504928336
102660	0.006707528593
102661	0.001739212979
102662	0.0009613649495
102663	0.001093853081
102664	0.0003168363809
102665	0.003128503522
102666	0.002073663659
102667	0.002817237632
102668	0.002439141161
102669	0.001731889961
102670	0.001060007777
102671	0.0009924830555
102672	0.001977727617
102673	0.001306203004
102674	0.0005022660349
102675	0.0002009030553
102676	5.18264691e-05
102677	0.001609603346
102678	0.0003534603746
102679	1.607116614e-05
102680	0.0007652128548
102681	0.002266962912
102682	0.002637650587
102683	0.002307378106
102684	0.007484012543
102685	0.0003293454046
102686	0.003441858924
102687	0.001204174859
102688	0.002325540567
102689	0.00120279689
102690	0.001055639383
102691	0.0002800630662
102692	0.002842429067
102693	0.0009677095093
102694	0.000915829664
102695	0.002992461144
102696	0.002360457485
102697	0.002234986346
102698	0.0007192983025
102699	0.001717811097
102700	0.0001636077648
102701	0.001344801019
102702	0.001234539095
102703	6.659151813e-05
102704	0.000559619292
102705	0.003207763998
102706	0.0001650623327
102707	8.414327112e-05
102708	0.01003650972
102709	0.00780910365
102710	0.003290312201
102711	0.0009449999142
102712	0.007223156265
102713	0.001264687288
102714	0.001558057994
102715	0.009651310694
102716	0.0150176944
102717	0.00260363467
102718	0.004249781686
102719	0.005145903242
102720	0.002092040454
102721	0.002153382183
102722	0.0008996586279
102723	0.01011935131
102724	0.001397693373
102725	0.01255954031
102726	0.008870510541
102727	0.009414624334
102728	0.0001272263998
102729	0.001402459404
102730	0.001919770894
102731	0.001173662997
102732	0.002970416023
102733	0.0004011081644
102734	0.001440281625
102735	0.001539974486
102736	0.002621973763
102737	0.0008626980525
102738	0.009746674295
102739	0.001474105486
102740	0.004455510575
102741	0.0009762086696
102742	0.001310329931
102743	0.001401985551
102744	0.001249272317
102745	0.005880838073
102746	0.0009588060624
102747	0.01592002562
102748	0.0006894431835
102749	0.005408524809
102750	0.005835246836
102751	0.01502354592
102752	0.001601809803
102753	0.0006342212245
102754	0.0001623868783
102755	0.005268119902
102756	0.005244731583
102757	0.001731840254
102758	0.0005914874777
102759	0.0006373471257
102760	0.003194164968
102761	0.0002931406965
102762	0.0006481444574
102763	0.0009912458387
102764	0.001650294064
102765	0.003892313109
102766	0.003390337648
102767	0.000458702224
102768	0.0009802321731
102769	0.006423027857
102770	8.846205966e-05
102771	0.0003697908147
102772	0.003538484466
102773	0.002984247781
102774	0.01151717799
102775	0.0008319389598
102776	0.01170949321
102777	0.008347253474
102778	0.005539662257
102779	0.01365509823
102780	0.00321186319
102781	0.01446572388
102782	0.01242303688
102783	0.000302444338
102784	0.003466340425
102785	0.00122510509
102786	0.01087547013
102787	0.001404585341
102788	0.001633786131
102789	0.004622476478
102790	0.01431995836
102791	0.00504270676
102792	0.0007968359691
102793	0.01355546893
102794	0.00715478329
102795	0.001412349502
102796	0.0005716349401
102797	0.01246560857
102798	3.588570114e-06
102799	0.006873468471
102800	0.0014298739
102801	0.002575864776
102802	0.004752750839
102803	0.004487610487
102804	0.00625506123
102805	0.01520271736
102806	0.0005381159173
102807	0.0004292362283
102808	0.001304196956
102809	0.002100546529
102810	0.002045438121
102811	0.001753977784
102812	0.008660227914
102813	0.004733533858
102814	0.003375127297
102815	0.006273273708
102816	0.007268017619
102817	0.002040943681
102818	0.00644306218
102819	0.008415186955
102820	0.0005346173403
102821	0.01016676122
102822	0.001849985662
102823	0.00743582094
102824	0.001843721373
102825	0.002481968608
102826	0.001633835853
102827	0.0001668013284
102828	4.976937805e-05
102829	0.0006949862925
102830	0.009086588454
102831	0.01532081967
102832	0.01613662493
102833	0.003209644506
102834	0.01230997427
102835	0.008522432687
102836	0.002573170226
102837	0.01337943323
102838	0.006795788565
102839	0.008140452237
102840	0.00168770858
102841	0.002700057307
102842	0.01496168299
102843	0.0009726945723
102844	0.002768798095
102845	0.002345614655
102846	0.002727329244
102847	0.007871515218
102848	0.0007465704256
102849	0.001201697327
102850	0.001352855452
102851	0.00295118873
102852	0.005719698318
102853	0.0004709290785
102854	4.219036387e-05
102855	0.01726691837
102856	0.015291852
102857	8.874235367e-05
102858	0.0008885329842
102859	0.005557486028
102860	0.0026391595
102861	0.0006752280014
102862	0.003944077903
102863	0.01182827024
102864	0.00314107726
102865	0.006815208498
102866	0.002736749817
102867	0.0005697957658
102868	0.005040358639
102869	0.00607139647
102870	0.00226653874
102871	0.006431371745
102872	0.006897130766
102873	0.00213934549
102874	0.006337878572
102875	0.004841136897
102876	0.003205627902
102877	0.001614462423
102878	0.001091208237
102879	0.001440145127
102880	0.00983878992
102881	0.009739403155
102882	0.009265518499
102883	0.001793286863
102884	0.008155768243
102885	0.005025673556
102886	0.003587606445
102887	0.007969484911
102888	0.005945225519
102889	0.0005811573273
102890	0.002788861111
102891	0.003059794483
102892	0.003897538261
102893	0.003631561001
102894	0.01125964187
102895	0.01296653615
102896	0.001487997363
102897	0.002329004147
102898	0.008743863984
102899	0.007142372251
102900	0.001043200498
102901	0.005192815274
102902	0.0009981424194
102903	0.001790509975
102904	0.005906511198
102905	0.005386953974
102906	0.007493124595
102907	0.0002927747467
102908	0.007755741743
102909	0.003677623523
102910	0.0005956822897
102911	0.006998969754
102912	0.007686702242
102913	0.01322138017
102914	0.001698784319
102915	0.002958311401
102916	0.003538595089
102917	0.001960155025
102918	0.00036612762
102919	0.008244101895
102920	0.002004380056
102921	0.0003454791214
102922	0.001011454052
102923	0.0001221686895
102924	0.004044793112
102925	0.001408400461
102926	0.001867545093
102927	0.00662162453
102928	0.0004692577861
102929	0.0004057176302
102930	0.006526455655
102931	0.001069462274
102932	0.000778260355
102933	0.002558147744
102934	0.002928947937
102935	0.002982406812
102936	0.02097800135
102937	0.001584596825
102938	0.002970515756
102939	0.0001521797503
102940	3.388064018e-05
102941	0.005456122697
102942	0.006821500333
102943	0.005458531308
102944	0.007404682061
102945	0.00983230966
102946	0.0006810360392
102947	0.004967574831
102948	0.01105258477
102949	0.008513307223
102950	0.02043564275
102951	0.007218929331
102952	0.0005986406175
102953	0.0029345783
102954	0.006020258818
102955	0.008487906089
102956	0.01196191494
102957	0.008546594235
102958	0.002844355614
102959	0.006649087712
102960	0.002632082108
102961	0.01130859985
102962	0.00515463128
102963	0.001998456314
102964	0.01646307712
102965	0.01017467564
102966	0.00570364986
102967	0.009523312687
102968	0.001225966964
102969	0.01105539243
102970	0.007409808659
102971	0.0006438852433
102972	0.00597059397
102973	0.01181574328
102974	0.0006686455437
102975	0.004745992538
102976	0.00819384052
102977	0.008306807407
102978	0.007655246453
102979	0.01292194968
102980	0.01108030919
102981	0.01100192425
102982	0.000214137394
102983	0.004133185686
102984	0.008094488351
102985	0.006441509082
102986	0.007624689312
102987	0.007573968549
102988	0.005334417278
102989	0.002849484327
102990	0.006698501362
102991	0.00859519808
102992	0.0004259731325
102993	0.003337536272
102994	0.0009102608846
102995	0.004890666449
102996	0.00356776566
102997	0.003631950741
102998	0.005332083767
102999	0.01062908655
103000	0.009783719025
103001	0.001545215613
103002	0.0157129171
103003	0.00320798826
103004	0.004149684133
103005	0.00873635442
103006	0.01180479319
103007	0.001009297173
103008	0.001098665621
103009	0.002009169455
103010	0.001233409469
103011	0.00173028592
103012	0.009044688586
103013	0.01167593893
103014	0.00177004597
103015	0.003410557462
103016	0.0004446215377
103017	0.002867710826
103018	0.008323980506
103019	0.006166441079
103020	0.003327395665
103021	0.00271812515
103022	0.004808224511
103023	0.00154216737
103024	0.003746615832
103025	0.004193326296
103026	0.001723620933
103027	0.004125855495
103028	0.003450056026
103029	0.002623076543
103030	0.01433714431
103031	0.0004074879246
103032	0.003105858231
103033	0.004941214154
103034	0.00155637431
103035	0.005253981181
103036	0.003804839918
103037	0.00793862377
103038	0.002835979855
103039	0.003935465875
103040	0.001881973559
103041	0.00220353659
103042	0.007847639779
103043	0.001085017431
103044	0.004479126347
103045	0.008580754569
103046	0.002959049278
103047	0.002387885392
103048	0.001829675066
103049	0.0003246461055
103050	0.002999492405
103051	0.01121793548
103052	0.01827742463
103053	0.002661775019
103054	0.005096460679
103055	0.0001149491639
103056	0.009298850106
103057	0.005409753846
103058	0.002695765055
103059	0.007650497138
103060	0.001629661311
103061	0.005579746172
103062	0.01916915492
103063	0.002635897512
103064	0.003791816965
103065	0.001745563959
103066	0.009147116366
103067	0.004169450712
103068	0.008543099902
103069	0.001610805356
103070	0.004407547105
103071	0.00250162464
103072	0.009138489742
103073	0.009164059549
103074	0.003213006137
103075	0.005687079778
103076	0.008506105486
103077	0.007594180005
103078	0.008326880727
103079	0.001477952958
103080	0.002680265345
103081	0.006808016739
103082	0.001570901017
103083	0.008357187515
103084	0.000947878134
103085	0.004646064537
103086	0.003304159647
103087	0.005197018798
103088	0.004736533369
103089	0.0009818132701
103090	0.002386201257
103091	0.001364133359
103092	0.01391721827
103093	0.003359444335
103094	0.004594658323
103095	0.003275262001
103096	0.001557096885
103097	0.006179043605
103098	0.009445847994
103099	0.003811291361
103100	0.005014242407
103101	0.005518124405
103102	0.01558836294
103103	0.003744817488
103104	0.01071441414
103105	0.01069581321
103106	0.008103626277
103107	0.01394072473
103108	0.0006586429767
103109	0.01345636397
103110	0.01136149571
103111	0.002451478422
103112	0.007313809337
103113	0.004779094396
103114	0.001031302164
103115	0.001175875471
103116	0.009824992305
103117	0.005419528389
103118	0.003887124215
103119	0.0007021799345
103120	0.002150130235
103121	0.0004105696695
103122	0.002127755878
103123	0.007959211323
103124	0.01257580993
103125	0.002079845329
103126	0.006197460955
103127	9.610444317e-05
103128	6.606204767e-05
103129	0.006791590763
103130	0.0009157613692
103131	0.006584228229
103132	0.002210895625
103133	0.00946243186
103134	0.007277915985
103135	0.004516537506
103136	0.01066964118
103137	0.005252291951
103138	0.01068094119
103139	0.006673641586
103140	0.0001890280906
103141	0.01498761807
103142	0.00395525959
103143	0.0032136019
103144	0.004635341693
103145	0.007599832077
103146	0.01894131203
103147	0.01553139484
103148	0.009876967891
103149	0.004787124112
103150	0.00399653433
103151	0.009812296249
103152	0.001621163861
103153	0.0009542312158
103154	0.001586013809
103155	0.004628821534
103156	0.001732137809
103157	0.009908682192
103158	0.00894186227
103159	0.006564599667
103160	0.002870738004
103161	0.006417189158
103162	0.002073425034
103163	0.006181202218
103164	0.003923712874
103165	0.007224088438
103166	0.003584174331
103167	0.01548162553
103168	0.004098486678
103169	0.004684990414
103170	0.0010551719
103171	0.006243086091
103172	0.01385057809
103173	0.001583425513
103174	0.01097266881
103175	0.01782476296
103176	0.006814659446
103177	0.00778824916
103178	0.007660977965
103179	0.006526382717
103180	0.0009058573753
103181	0.005544363396
103182	0.01140759467
103183	0.02655316713
103184	0.002145422587
103185	0.01100935159
103186	0.001004827607
103187	0.009738387823
103188	0.0007622261061
103189	0.004293934841
103190	0.003195530885
103191	0.008857549004
103192	0.006134279124
103193	0.01026566623
103194	0.001170657996
103195	0.01185026932
103196	0.006986388769
103197	0.0005863617889
103198	0.002980840937
103199	0.0009935679565
103200	0.00789306332
103201	0.002212449854
103202	0.002988780283
103203	0.0003585270306
103204	0.003842111101
103205	0.0006193590433
103206	0.0004246831689
103207	0.01726325669
103208	0.01724034678
103209	0.004810939346
103210	0.0124371082
103211	0.009426771759
103212	0.008857434643
103213	0.002933435107
103214	0.01248834415
103215	0.002022182852
103216	0.006045169384
103217	0.008598389448
103218	0.007550518639
103219	0.006517823709
103220	0.006324980564
103221	0.01308820204
103222	0.0001667591728
103223	0.01476999825
103224	0.004244683649
103225	0.005911934512
103226	0.009079110739
103227	0.007674057062
103228	0.00731748188
103229	0.009762155031
103230	0.003607605414
103231	0.01443875058
103232	0.001455714319
103233	0.00266381254
103234	0.01742019884
103235	0.003794210625
103236	0.008398536934
103237	0.001254834525
103238	0.000678521862
103239	0.0003359159258
103240	0.008006387028
103241	0.002822770762
103242	0.006284921831
103243	0.004367995301
103244	0.004794865045
103245	0.005827389197
103246	0.003149651786
103247	0.003684452231
103248	0.005544522203
103249	0.004998552499
103250	0.005738740689
103251	0.005100619318
103252	0.001232581522
103253	0.002182577436
103254	0.003040416785
103255	0.005820326307
103256	0.004172801642
103257	0.0001786763982
103258	0.00577395967
103259	0.004518512607
103260	0.002385609081
103261	0.004391332213
103262	0.001762710909
103263	0.004518868456
103264	0.008880641931
103265	0.009654241247
103266	0.004623035319
103267	0.004327366156
103268	0.004633466237
103269	0.01309151902
103270	0.001956629214
103271	0.005202388476
103272	0.01190424965
103273	0.01395879302
103274	0.005409577992
103275	0.005795674759
103276	0.0002561153364
103277	0.004189516276
103278	0.0005596999542
103279	0.003079655867
103280	0.004723085664
103281	8.466544715e-05
103282	0.004052682341
103283	0.002002257984
103284	0.004617881843
103285	0.0007571390187
103286	0.002668628292
103287	0.002612116289
103288	0.004943951283
103289	0.0001643732021
103290	0.005883946206
103291	0.008345532501
103292	0.001966465203
103293	0.0133026029
103294	0.009079769581
103295	0.01843982173
103296	0.002610521702
103297	0.008547422757
103298	0.001324573955
103299	0.002364477871
103300	0.01146787815
103301	0.004362421221
103302	0.004913688261
103303	0.004396321547
103304	0.009855076157
103305	0.001943240193
103306	0.006507840648
103307	0.00116799902
103308	0.01375741847
103309	0.002580047703
103310	0.002581716319
103311	0.004418652787
103312	0.02108325651
103313	0.004835304372
103314	0.002585659244
103315	0.002926387805
103316	0.001869337085
103317	0.008628313101
103318	0.008222840752
103319	0.000888883504
103320	0.006381485023
103321	8.834223612e-06
103322	0.0004649298831
103323	0.003011105176
103324	0.00100552238
103325	0.002114883338
103326	0.007765393874
103327	0.001084138737
103328	0.002631975801
103329	0.001447807569
103330	0.001265201889
103331	0.01014586481
103332	0.002102861081
103333	0.01496171131
103334	0.001911987708
103335	0.0007059815435
103336	0.000392684049
103337	0.004463083533
103338	0.007664575217
103339	0.002416338367
103340	0.006641928775
103341	0.00226541879
103342	0.008933398504
103343	0.009932598212
103344	0.004932815149
103345	0.003880031098
103346	1.183395555e-05
103347	0.004283967427
103348	0.001364001378
103349	0.008569639651
103350	0.006450179188
103351	0.008065806261
103352	0.0007453234821
103353	0.005440908552
103354	0.0001107596528
103355	0.00801605305
103356	0.002252950936
103357	0.0238213189
103358	0.006519217802
103359	0.01310148349
103360	0.0006483122591
103361	0.0002911343978
103362	0.0008744349912
103363	0.0006566449763
103364	0.001078990679
103365	0.0009988976488
103366	0.0003323858698
103367	0.0007013553214
103368	0.0004815519919
103369	0.0005850800591
103370	0.01113790092
103371	0.0009701745404
103372	0.001983004367
103373	0.0001723823417
103374	0.0005736263634
103375	0.0009650109625
103376	0.001615121102
103377	0.01253119043
103378	0.002846015815
103379	0.001428293325
103380	0.002706587584
103381	0.01129314989
103382	1.554849081e-06
103383	0.007114786233
103384	0.0007743438533
103385	0.006627565959
103386	0.01818632812
103387	0.005162059761
103388	0.005856611626
103389	0.0121997409
103390	0.004342778143
103391	0.004868898404
103392	0.004006842525
103393	0.00691077945
103394	0.002211310238
103395	0.003781943859
103396	0.0008309195308
103397	0.01468910512
103398	0.003493938016
103399	0.004431668205
103400	0.001842752743
103401	0.01507276266
103402	0.01035144553
103403	0.01239900573
103404	0.006076003137
103405	0.0003669718773
103406	0.007779457531
103407	0.01247697863
103408	0.00127383723
103409	0.002197094606
103410	0.001530391018
103411	0.002209813694
103412	0.0008258939898
103413	0.0009417278713
103414	0.004458895084
103415	0.0003477556378
103416	0.004067965125
103417	0.002388211904
103418	0.007435741375
103419	0.00952552962
103420	0.004074217153
103421	0.004744544551
103422	0.004620468297
103423	0.0003458159006
103424	0.009268684674
103425	0.001681291292
103426	0.005879654032
103427	0.006300799921
103428	0.01124931927
103429	0.003427846301
103430	0.003535365689
103431	0.007217429421
103432	0.006611187394
103433	0.01352365844
103434	0.004168102482
103435	0.002244619685
103436	0.00628037342
103437	0.004045816344
103438	0.007365575915
103439	0.006592286736
103440	0.01110288021
103441	0.003739958123
103442	0.01256029693
103443	0.002236807141
103444	0.0002485823172
103445	0.007219659549
103446	0.001008806613
103447	0.005176019278
103448	0.005577270795
103449	0.006734936187
103450	0.0007069523102
103451	0.004983287146
103452	0.002296340012
103453	0.0006396411963
103454	0.0006623069166
103455	0.005890844335
103456	0.005842277269
103457	0.009379025857
103458	0.01468245555
103459	0.002505714872
103460	0.004567626041
103461	0.00526561993
103462	0.006642561766
103463	0.004676263763
103464	0.001666145731
103465	0.002508856129
103466	0.006001985826
103467	0.01845196239
103468	0.01198563967
103469	0.003358225407
103470	0.005580984708
103471	0.009077587118
103472	0.005159378739
103473	0.004292096762
103474	0.006050993736
103475	0.003658283974
103476	0.01637710385
103477	0.01794671712
103478	0.004582130428
103479	0.003289490256
103480	0.004219216076
103481	0.001278138285
103482	0.01830875409
103483	0.004036285226
103484	0.01226410382
103485	0.003170800937
103486	0.00591568451
103487	0.006113340728
103488	0.001562959127
103489	0.0005038867994
103490	0.005968637245
103491	0.004469737315
103492	0.004107102931
103493	0.007160627619
103494	0.009265741495
103495	0.0001748859583
103496	0.0131646026
103497	0.004071310412
103498	0.002807505178
103499	0.01337662797
103500	0.004310270893
103501	0.005274405706
103502	0.006931325011
103503	0.0008585375162
103504	0.005563250073
103505	0.01114322981
103506	0.01389110117
103507	0.009821599561
103508	0.001198770004
103509	0.00651443749
103510	0.01006370187
103511	7.330066149e-05
103512	0.008818512776
103513	0.001122708208
103514	0.003043630198
103515	0.00114008056
103516	0.01313004946
103517	0.008074917606
103518	0.001007536293
103519	0.004369468409
103520	0.001342915338
103521	6.707392611e-07
103522	0.003068722761
103523	0.007133564189
103524	0.004344552089
103525	0.001683524428
103526	0.0005163361452
103527	0.005459968136
103528	0.0109730864
103529	0.01916272994
103530	0.001818979285
103531	0.001874829088
103532	0.00630373139
103533	0.02098878498
103534	0.0002130932578
103535	0.007896324289
103536	0.01198476543
103537	0.01396054299
103538	0.001691506078
103539	0.0002903721624
103540	0.002721352873
103541	0.007970271052
103542	0.004283311005
103543	0.00610061596
103544	0.002064600048
103545	0.00168661943
103546	0.02000166092
103547	0.009082246715
103548	0.003457739463
103549	0.002880378649
103550	0.004857258721
103551	0.003736441135
103552	0.007238759809
103553	0.004628928071
103554	0.0002471420839
103555	0.002978396106
103556	0.004290922417
103557	0.0004216559846
103558	0.002183058546
103559	0.003372394894
103560	0.000723439528
103561	0.0006182238901
103562	0.007684893519
103563	0.001212026126
103564	0.002317511588
103565	0.003706038247
103566	0.01451653916
103567	0.004676504431
103568	0.009215598834
103569	0.002566612805
103570	0.01123968474
103571	0.003395386192
103572	0.005991549812
103573	0.006512372584
103574	0.003377605669
103575	0.01296926434
103576	0.005555862156
103577	0.0008683480948
103578	0.009747637989
103579	0.006699614574
103580	0.009490486795
103581	0.001160192969
103582	0.005069513695
103583	0.006403303249
103584	0.004454408853
103585	0.007537450479
103586	0.01167331685
103587	0.002839672808
103588	0.001383668189
103589	0.01372567378
103590	0.0069529571
103591	0.01349428862
103592	0.01007387714
103593	0.006649052514
103594	0.008389680677
103595	0.006617640323
103596	0.00122561327
103597	0.008619664702
103598	0.007068918433
103599	0.004479026463
103600	0.002577504136
103601	0.00310318751
103602	0.006295689135
103603	0.001398497941
103604	0.0007251172266
103605	0.002915290022
103606	0.0006509737187
103607	0.000524159904
103608	0.00145295516
103609	0.002382325324
103610	0.008276912248
103611	9.248778156e-05
103612	0.004360463488
103613	0.001811356444
103614	0.002097324445
103615	0.002382947151
103616	0.0002992707073
103617	0.003661648466
103618	0.001875364035
103619	0.002710471035
103620	0.003841163613
103621	0.005516550551
103622	0.003169961381
103623	0.002793142807
103624	0.000548780096
103625	0.001597722267
103626	0.002916517191
103627	0.002734890139
103628	0.004236632102
103629	0.0001936754911
103630	0.003187084685
103631	0.001250881199
103632	0.01347685857
103633	0.001967925296
103634	0.002586701781
103635	0.01129780163
103636	0.004027566891
103637	0.00150788338
103638	0.005215469921
103639	0.003680518985
103640	0.006813507749
103641	0.002567084675
103642	0.002467857316
103643	0.004573150985
103644	0.003346597855
103645	0.002851208311
103646	0.0040353743
103647	0.006436143874
103648	0.009035397464
103649	0.007179685388
103650	3.963340955e-05
103651	0.00471946792
103652	0.009831411195
103653	0.0003569438687
103654	0.01041411035
103655	0.003746593964
103656	0.00786185669
103657	0.0003327622074
103658	0.001371059461
103659	0.008637360196
103660	0.005551863321
103661	0.005796036985
103662	0.001047113132
103663	0.003442440536
103664	0.001220030601
103665	0.001883320691
103666	0.005004753206
103667	0.00161236084
103668	0.006169725792
103669	0.003335462068
103670	0.00898132043
103671	0.004200979019
103672	0.003103664879
103673	0.003696435729
103674	0.01352898837
103675	0.002859397505
103676	0.008422749935
103677	0.003601663383
103678	0.003317111015
103679	0.001763367883
103680	0.008058590061
103681	0.004382201151
103682	0.0005096243752
103683	0.0002952598212
103684	0.0005481772249
103685	0.006390378785
103686	0.001154665582
103687	0.001347538567
103688	0.006458322944
103689	0.01389868632
103690	0.001132293132
103691	0.01250560946
103692	0.005617291849
103693	0.001912613048
103694	0.01418303034
103695	0.0004432330586
103696	0.006550266795
103697	0.001426773292
103698	0.006082195136
103699	0.0006218566233
103700	0.002776646082
103701	0.001615212052
103702	0.003618690407
103703	0.0154832207
103704	0.004252708395
103705	0.00510105669
103706	0.01262201327
103707	0.002269737602
103708	0.0004335821163
103709	0.00989776147
103710	0.006091855577
103711	0.003402777128
103712	0.01019441426
103713	0.002962997216
103714	0.002520802994
103715	0.001822438976
103716	0.002197391937
103717	0.01094735605
103718	0.006016147418
103719	0.002197348305
103720	0.00528046075
103721	0.001755940876
103722	0.00305258039
103723	0.01074573275
103724	0.002938053395
103725	0.003908785172
103726	0.0003298910551
103727	0.0008259628
103728	0.005840864998
103729	0.002819404377
103730	0.002649586286
103731	0.006903578909
103732	0.009840210298
103733	0.007332003979
103734	0.001715262652
103735	0.01453689342
103736	0.005342119025
103737	0.003672415536
103738	0.001529873874
103739	0.00475763875
103740	0.01598966215
103741	0.007543268967
103742	0.002632993364
103743	0.004530252346
103744	0.008413627133
103745	0.005785657909
103746	0.000950771305
103747	0.001117718121
103748	0.003505029291
103749	0.003850567746
103750	0.002276422014
103751	0.002630444979
103752	0.003557085222
103753	0.0003273288661
103754	0.005728402548
103755	0.002088686084
103756	0.001978077685
103757	0.00728877838
103758	0.005676149795
103759	0.001658748662
103760	0.004077115648
103761	0.003264116744
103762	0.00471178232
103763	0.0111986798
103764	0
103765	0.006156833593
103766	0.006169504617
103767	7.104666066e-05
103768	0.0006630240733
103769	0.007000570138
103770	0.001496478842
103771	0.001593650013
103772	0.002205830935
103773	0.008054854612
103774	0.0008235449365
103775	0.003394690614
103776	0.002492306847
103777	0.001241871004
103778	0.001533287844
103779	0.003102359776
103780	0.003412377501
103781	0.003400816537
103782	0.001918385326
103783	0.006267541016
103784	0.0006112287865
103785	0.001412898158
103786	0.003972349614
103787	0.0009855446602
103788	0.005438797179
103789	0.0108503809
103790	0.007419113748
103791	0.01136193636
103792	0.0009708122869
103793	0.008919612745
103794	0.006048487325
103795	0.001257825537
103796	0.002013161718
103797	0.0006442179258
103798	3.656192633e-05
103799	0.0007118694586
103800	0.001735837813
103801	0.00470535704
103802	0.001903546954
103803	0.004497084059
103804	0.01215628722
103805	0.009819594052
103806	0.0006225223066
103807	0.004815747875
103808	0.001708549722
103809	0.005660763599
103810	0.001964773512
103811	0.001546436412
103812	0.006935683879
103813	0.001382615262
103814	0.005164658992
103815	0.004810524871
103816	0.007345310484
103817	0.004175493985
103818	0.006986097191
103819	0.002648044992
103820	0.00200168999
103821	0.00574479505
103822	0.008135536457
103823	0.007883399519
103824	0.01438466005
103825	0.001162012433
103826	0.004045295743
103827	0.001535510777
103828	0.002251739971
103829	0.00242687309
103830	0.0009631237036
103831	0.002289523765
103832	0.0004576649886
103833	0.002168898774
103834	1.923895602e-08
103835	0.007054955706
103836	0.003105703694
103837	0.01042603534
103838	0.002054381234
103839	0.00296309123
103840	0.0003668127568
103841	0.002490321382
103842	0.003401173694
103843	0.001915742897
103844	0.0003754910756
103845	0
103846	0.006574239355
103847	0.002535137406
103848	5.682957365e-05
103849	0.001867578003
103850	0.003034119541
103851	0.004455175338
103852	0.001819643301
103853	0.0191158127
103854	0.005062405866
103855	0.001830472854
103856	0.0004910490023
103857	0.0006235721449
103858	0.000895092061
103859	0.004248114345
103860	0.002593216531
103861	0.001944498214
103862	0.003698886888
103863	0.007684614518
103864	0.007526214579
103865	0.005007571969
103866	0.0009982147621
103867	0.004662087815
103868	0.00642432118
103869	0.0003531152445
103870	0.01100810516
103871	0.003669484074
103872	0.001934140002
103873	0.001011072695
103874	0.002172752026
103875	0.0008992714428
103876	0.001402959679
103877	0.0005360775283
103878	0.004240772429
103879	0.006758976858
103880	0.001750200775
103881	0.003111107088
103882	0.002736848792
103883	0.003393063036
103884	0.001525209942
103885	0.000247774158
103886	0.001356886611
103887	0.002488462872
103888	0.005594823012
103889	0.0007966342809
103890	0.0004237945078
103891	0.001292733638
103892	0.002805559064
103893	0.002785800136
103894	0.0002416963617
103895	0.004872668473
103896	0.00721313789
103897	0.00185192552
103898	0.0004348125938
103899	0.002534503163
103900	0.0004885334371
103901	0.001796693759
103902	0.004071943294
103903	0.003926262573
103904	0.002423093119
103905	0.00911996294
103906	0.002110569468
103907	0.002578210389
103908	0.001164592065
103909	0.0007157829582
103910	0.0008622378944
103911	0.001455900137
103912	0.001768638696
103913	0.001959513939
103914	0.001051213296
103915	0.00336993544
103916	0.01385490271
103917	0.003855930704
103918	0.006371244673
103919	0.0004289959633
103920	0.009008918892
103921	0.004922869071
103922	1.929570536e-06
103923	0.0001170468457
103924	0.00218853025
103925	0.004881175267
103926	0.009024370838
103927	0.006485017231
103928	0.008162866059
103929	0.003663596404
103930	0.0006300035431
103931	0.001700343162
103932	0.008184952094
103933	0.008542761826
103934	0.008681246144
103935	0.004439834155
103936	0.007498540277
103937	0.003998435733
103938	0.007575397699
103939	0.001881432949
103940	0.00652864321
103941	0.001815704249
103942	0.001087007768
103943	0.002341270137
103944	0.0009206556013
103945	0.00437904782
103946	0.001272647695
103947	0.007039933944
103948	0.0001238209359
103949	0.001991702623
103950	0.0006216535901
103951	0.0006134601227
103952	0.00371712118
103953	0.006031466362
103954	0.008431936184
103955	0.0034343163
103956	0.0003799333911
103957	0.002496659657
103958	0.001881452804
103959	0.0005779385628
103960	0.006434025844
103961	0.001414260293
103962	0.00789198038
103963	0.0002556192048
103964	0.0004558606922
103965	0.005279415044
103966	0.001379640295
103967	0.007863230236
103968	0.002490079371
103969	0.003834910261
103970	0.008656050231
103971	4.97388555e-05
103972	0.004613790786
103973	0.004212039391
103974	0.002356552204
103975	0.0003980579901
103976	0.00421129724
103977	0.003353303136
103978	0.00572152849
103979	0.0004652303775
103980	0.0009411996155
103981	0.00208875474
103982	0.005685432685
103983	0.00022065963
103984	0.004022642181
103985	0.001442438002
103986	0.001688087225
103987	0.01529768586
103988	0.003212013029
103989	0.0007880792826
103990	0.002222682211
103991	0.0005514455708
103992	0.01130768776
103993	0.007424444667
103994	0.002140496545
103995	0.001818937141
103996	0.0009244934214
103997	0.004166811387
103998	0.004314869438
103999	0.003388535147
104000	0.007207978946
104001	0.001313484374
104002	0.005068985245
104003	0.000708829639
104004	0.009364689771
104005	0.0005505799444
104006	0.00575449401
104007	0.004235193553
104008	0.001046746405
104009	0.002105766712
104010	0.007644322909
104011	0.001554259467
104012	0.002593837133
104013	0.004202190605
104014	0.003308829458
104015	0.0006108051279
104016	0.001304365766
104017	0.003634003435
104018	0.001756142125
104019	0.01401546265
104020	0.001471905286
104021	0.004865441742
104022	4.669987112e-05
104023	7.520855535e-05
104024	0.001397939822
104025	0.006033583913
104026	0.0002553090917
104027	0.01051801952
104028	0.002144565356
104029	0.0008293847347
104030	0.006280419585
104031	0.004618892836
104032	0.004263550833
104033	0.003502441812
104034	0.005202953378
104035	0.0009670946759
104036	0.004313277422
104037	0.003308744545
104038	0.007238921769
104039	0.0003731776839
104040	0.00366552941
104041	0.001401881366
104042	0.001322379157
104043	0.0005332843699
104044	0.00445068409
104045	0.0007218991146
104046	0.002586806051
104047	0.007431392226
104048	0.001449846148
104049	0.0003672578186
104050	0.01267894757
104051	0.00104559731
104052	0.009142880204
104053	0.005830938789
104054	0.002855089652
104055	0.0003422785612
104056	0.001394304115
104057	0.003136034487
104058	0.003917596418
104059	0.002073614327
104060	0.0009096570637
104061	0.001416244815
104062	0.0009682987994
104063	0.003049431753
104064	0.002911993048
104065	0.004998774752
104066	0.01046650752
104067	0.0002093437917
104068	0.004005105389
104069	0.003234548657
104070	0.003151392676
104071	0.000966265151
104072	0.002221270664
104073	0.002533157678
104074	0.001952874751
104075	0.007644737564
104076	0.006400849538
104077	0.007096193897
104078	0.004201588444
104079	0.00221011258
104080	0.005804993187
104081	0.008753466867
104082	0.000937867856
104083	0.001118873101
104084	0.01360453197
104085	0.0053068128
104086	0.005599453702
104087	0.009255057672
104088	0.0008041109644
104089	0.01010094458
104090	0.001468075442
104091	0.007359665418
104092	0.001039525902
104093	0.005736692441
104094	0.001634112394
104095	0.002785161527
104096	0.004163333291
104097	0.002568689195
104098	0.0001614899899
104099	0.002414047206
104100	0.006426305676
104101	0.001310452573
104102	0.009427487803
104103	0.01001600338
104104	0.0008641363113
104105	0.014955741
104106	0.00132007329
104107	0.006844521437
104108	0.01107635758
104109	0.008711734855
104110	0.005042006283
104111	0.01089575157
104112	0.002078062368
104113	0.00759230606
104114	0.004031040182
104115	0.00317468136
104116	0.003318528683
104117	0.004789699143
104118	0.002124398246
104119	0.001522613407
104120	0.006226821034
104121	0.0143594911
104122	0.004883325258
104123	0.001198823036
104124	0.004843044373
104125	0.005234191688
104126	0.004497550925
104127	0.0009367532708
104128	0.008795261784
104129	1.750997096e-05
104130	0.001113943949
104131	0.0009212486015
104132	0.005261421377
104133	0.006388627342
104134	0.004345716438
104135	0.005574709738
104136	0.001934426753
104137	0.003807695648
104138	0.008260222848
104139	0.01159682912
104140	0.01220957918
104141	0.003416098889
104142	0.002059047899
104143	0.003677623711
104144	0.001366584768
104145	0.009436639573
104146	0.005368534062
104147	0.01082951599
104148	0.005802798589
104149	0.0003217752062
104150	0.004742167779
104151	0.001205609631
104152	0.01713270269
104153	0.005602253234
104154	0.002667427169
104155	0.004644538593
104156	0.005835108397
104157	0.01019707386
104158	0.01555997505
104159	0.002539411376
104160	0.003570825146
104161	0.005581791073
104162	0.00119912062
104163	0.007628323144
104164	0.005203615893
104165	0.005439274849
104166	0.004740524075
104167	0.001060779981
104168	0.005916707468
104169	0.001037241226
104170	0.001170652291
104171	0.0007082880728
104172	0.002614062593
104173	0.002580831097
104174	0.003395573093
104175	0.00337583585
104176	8.467661666e-05
104177	0.01623172742
104178	0.005292228559
104179	0.008247686807
104180	0.01337760779
104181	0.008972981741
104182	0.007073563249
104183	0.0007622120302
104184	0.01941420107
104185	0.005979641597
104186	0.001739580036
104187	0.007300246023
104188	0.002375846277
104189	0.001798112982
104190	0.01042769112
104191	0.002728082494
104192	0.0003370274221
104193	0.008615858924
104194	0.01157282544
104195	0.004364881581
104196	0.001426833823
104197	0.002884286329
104198	0.002325327048
104199	0.00538271493
104200	0.00132639616
104201	0.00338636386
104202	0.0026017089
104203	0.00271963227
104204	0.007687538199
104205	0.009394673453
104206	0.004369266111
104207	0.001083335707
104208	0.01294842126
104209	0.00963909439
104210	0.004924901843
104211	0.001259713478
104212	0.004029953053
104213	0.004061222178
104214	0.00261616718
104215	0.006682852717
104216	0.003742897278
104217	0.00454396743
104218	0.007046674696
104219	0.01598684253
104220	0.002191618364
104221	0.006895036396
104222	0.01466243829
104223	0.007473834296
104224	0.00279919655
104225	0.001483604946
104226	0.01117993804
104227	0.003101321352
104228	0.004502163525
104229	0.009346596171
104230	0.01403532743
104231	0.002175101719
104232	0.01305437244
104233	0.0008982715602
104234	0.004619828797
104235	0.00412827259
104236	0.002163133055
104237	0.009010613728
104238	0.000354341779
104239	0.001073942585
104240	0.008056573731
104241	0.003380368727
104242	0.00567004913
104243	0.001089674523
104244	0.01005407367
104245	0.004038141698
104246	0.004111702997
104247	0.0002680782094
104248	0.009557567601
104249	0.01022262313
104250	0.002478467263
104251	0.003186378608
104252	0.002599374735
104253	0.002415428705
104254	0.004114816026
104255	0.00798244339
104256	0.007125831325
104257	0.007905310455
104258	0.008613263155
104259	5.127068382e-05
104260	0.0127652324
104261	0.006309606207
104262	0.002247334707
104263	0.00052691139
104264	0.001424002963
104265	0.008666053053
104266	0.004259097148
104267	0.009329832062
104268	0.01191826331
104269	0.005945421416
104270	0.007542225277
104271	0.006915919008
104272	0.003737104496
104273	0.001021367973
104274	0.005457733997
104275	0.001340738078
104276	0.004316915721
104277	0.001746275347
104278	0.008267608613
104279	0.00520326203
104280	0.001088619163
104281	0.001752200222
104282	0.003053501108
104283	0.006725068528
104284	0.003861893457
104285	0.002420353869
104286	0.005689085431
104287	0.0009164505216
104288	0.005624132652
104289	0.009588517973
104290	0.006132018181
104291	0.005807906754
104292	0.006039948439
104293	0.004781259753
104294	0.006305592604
104295	0.001133827452
104296	0.002996490813
104297	0.0001495293838
104298	0.0009098959576
104299	0.0009427862292
104300	0.0003648003933
104301	0.001225414936
104302	0.0006685853642
104303	0.0001477475074
104304	0.003295591917
104305	0.003186535837
104306	0.002597725621
104307	0.003300346636
104308	0.002154787367
104309	0.008991338908
104310	0.002006347724
104311	0.00193829158
104312	0.004934489151
104313	0.000665035897
104314	0.01075223403
104315	0.003062595794
104316	0.002295244253
104317	0.004166464826
104318	0.004955525278
104319	0.0007192027843
104320	0.0001754761517
104321	0.002157655407
104322	0.006870307044
104323	0.00301061314
104324	0.00460165233
104325	4.786399119e-06
104326	0.0006322926119
104327	0.005727873618
104328	0.009492927882
104329	0.0016271494
104330	0.007794777066
104331	0.0109332561
104332	0.004014412805
104333	0.007637345224
104334	0.006569409842
104335	0.0002812228911
104336	0.002638348998
104337	0.005893041315
104338	0.00346810004
104339	0.005683593672
104340	0.005360400062
104341	0.008833691451
104342	0.002156076938
104343	0.004724974646
104344	0.003985266306
104345	0.007589311409
104346	0.0003917057816
104347	0.002238419291
104348	0.002642544558
104349	0.005055708837
104350	0.006799650421
104351	0.01079934616
104352	0.006884535753
104353	0.002506899191
104354	0.001183122644
104355	0.01060244903
104356	0.01351481764
104357	0.01573490149
104358	0.005256075083
104359	0.01056577035
104360	0.001443156958
104361	0.008315146283
104362	0.01283735277
104363	0.01140352795
104364	0.009730477504
104365	0.005210421889
104366	0.0002998579959
104367	0.02615998277
104368	0.01069841193
104369	0.0009613720838
104370	0.008420052979
104371	0.003345901572
104372	0.0007073555562
104373	0.01054469693
104374	0.002651174041
104375	0.002700946337
104376	0.003948051781
104377	0.004712158186
104378	0.004938460153
104379	0.001297634792
104380	0.00439554192
104381	0.001730561262
104382	0.006062671411
104383	0.01042798378
104384	0.003002623657
104385	0.005589970818
104386	0.01005145999
104387	6.94905441e-05
104388	0.002221705211
104389	0.003608227524
104390	0.002792849911
104391	0.001017147482
104392	0.006064732873
104393	0.00129236955
104394	0.0006116044561
104395	0.003597847884
104396	0.003917143065
104397	0.005040558154
104398	0.002131860766
104399	0.001214740519
104400	0.005247307489
104401	0.005459010967
104402	0.002255377476
104403	0.004489974242
104404	0.006019242597
104405	0.007735491108
104406	0.00304444157
104407	0.005469584554
104408	0.002283357183
104409	0.001321251449
104410	0.003328929019
104411	0.001418583577
104412	0.007329671957
104413	0.00351249762
104414	0.003028231683
104415	0.008168945949
104416	0.008071577654
104417	0.0005845466143
104418	0.003275917604
104419	0.000916714773
104420	0.0007188592591
104421	0.002039859118
104422	0.002186507382
104423	0.0001073531351
104424	0.0008281998278
104425	0.002032513433
104426	0.004982510045
104427	0.002685664365
104428	0.005929447372
104429	0.004867821271
104430	0.002365472365
104431	0.003852207217
104432	0.006141808026
104433	0.006928467285
104434	0.005573620236
104435	0.0004336707873
104436	0.002377204258
104437	0.00416778339
104438	0.001853060944
104439	0.006174692309
104440	0.003611574387
104441	0.005940309739
104442	0.0009205675058
104443	0.001165047249
104444	0.003952622038
104445	0.003586011964
104446	0.007134525824
104447	0.001658000318
104448	0.005924521339
104449	0.006003528012
104450	0.005541098709
104451	0.005222177224
104452	0.004420185535
104453	0.003004935942
104454	0.005338325592
104455	0.007043623903
104456	0.00319858838
104457	0.002413755397
104458	0.00142836345
104459	2.873733046e-05
104460	0.0002005305215
104461	0.0003641811031
104462	4.661588736e-05
104463	0.001728708004
104464	0.001186340646
104465	0.00158236186
104466	0.002378447339
104467	0.002623306991
104468	0.003034465394
104469	0.003133617806
104470	0.003630412129
104471	0.01336993727
104472	0.005138588361
104473	0.005599544311
104474	0.003443837369
104475	0.003680924954
104476	0.001987919424
104477	0.001969529
104478	0.003774788102
104479	0.00438067533
104480	0.001671998064
104481	0.004335590526
104482	0.01251197453
104483	0.003537102087
104484	0.001990154645
104485	0.004549494531
104486	0.002335910688
104487	0.00212280503
104488	0.002477799707
104489	0.003496783201
104490	0.001313167797
104491	0.006035994129
104492	0.01553267607
104493	0.001377755038
104494	0.010815493
104495	0.01510730948
104496	0.02720180136
104497	0.002280576108
104498	0.001891812313
104499	0.001887473213
104500	0.001994030428
104501	0.01875859228
104502	0.007469046122
104503	0.00336912821
104504	0.004167076907
104505	0.008690343676
104506	0.006929564546
104507	0.0002359946523
104508	0.001464580673
104509	0.003208055309
104510	0.006042861204
104511	0.002745758026
104512	0.009079006195
104513	0.003862572184
104514	0.00867612025
104515	0.0025141108
104516	0.001022881093
104517	0.01138771328
104518	0.004882397417
104519	0.0001978478224
104520	0.002313485341
104521	0.01611214403
104522	0.0001914835807
104523	0.003866525487
104524	0.002190954809
104525	0.002456880285
104526	0.006864640217
104527	0.01690411685
104528	0.01188405274
104529	0.0002385303308
104530	0.003953648499
104531	0.007823477746
104532	0.005563928076
104533	0.001236630889
104534	0.01146290067
104535	0.01112311991
104536	0.002817423722
104537	0.007132563781
104538	0.01189471871
104539	0.005810874321
104540	0.009750275718
104541	0.006415157544
104542	0.007610746384
104543	0.0005066670382
104544	0.004591700824
104545	0.0070139423
104546	0.01460309359
104547	0.002562798211
104548	0.01852384607
104549	0.009696431552
104550	0.005179369439
104551	0.003528152175
104552	0.001615056387
104553	0.001536100904
104554	0.006394682209
104555	0.004559740353
104556	0.0008542074312
104557	0.008385542217
104558	0.01242987225
104559	0.02075622494
104560	0.003128308352
104561	0.004482202508
104562	0.004605252605
104563	0.005880874366
104564	0.01516712571
104565	0.0005638876207
104566	0.004740762087
104567	0.01662225358
104568	0.00816913532
104569	0.01714794825
104570	0.0007596807622
104571	0.008411199044
104572	0.002223338068
104573	0.0015733404
104574	0.007262129066
104575	0.01071225015
104576	0.008328137707
104577	0.0004297110327
104578	0.006930648681
104579	0.003001671422
104580	0.0114421965
104581	0.0004103824123
104582	0.004590778968
104583	0.002621883783
104584	0.004407690193
104585	0.000245351139
104586	0.00610223938
104587	0.009349342286
104588	0.002563807256
104589	0.01139885553
104590	0.006483135991
104591	0.005945706066
104592	0.02491097718
104593	0.0005381026093
104594	0.004242172889
104595	0.00457687571
104596	0.007408361059
104597	0.006190726282
104598	0.01208437961
104599	0.001778677738
104600	0.002172859889
104601	0.006877483992
104602	0.0007493098314
104603	0.01156801425
104604	0.001584998557
104605	0.001694507425
104606	0.01094169212
104607	0.01137214893
104608	0.01874276765
104609	0.01551864209
104610	0.003976131423
104611	0.004997075153
104612	0.02214101821
104613	0.010052903
104614	0.005807877639
104615	0.005764647608
104616	0.001051276427
104617	0.002406642428
104618	0.006679921169
104619	0.006192266681
104620	4.586533069e-05
104621	0.01225756083
104622	0.006905103685
104623	0.0009246603796
104624	0.003947012969
104625	0.004751093429
104626	0.0008466359876
104627	0.01078239328
104628	0.005235257647
104629	0.005499348073
104630	0.005862446019
104631	0.005415373426
104632	0.01557327832
104633	0.001682453778
104634	0.009936092015
104635	0.01140097327
104636	0.008705859661
104637	0.002156463081
104638	0.0152188513
104639	0.0009566490029
104640	0.01269106498
104641	0.002030184634
104642	0.005890609699
104643	0.0149015736
104644	0.03090045616
104645	0.003490762349
104646	0.001961170287
104647	0.004923360769
104648	0.01221361029
104649	0.001633077941
104650	0.002706704945
104651	0.002765766808
104652	0.008595719236
104653	0.004012455628
104654	0.01576476701
104655	0.01286309597
104656	0.002127942945
104657	0.004440651985
104658	0.003174261862
104659	0.03864479002
104660	0.0003792728796
104661	0.001275032325
104662	0.000843859613
104663	0.006794739895
104664	0.008003474735
104665	0.01654232202
104666	0.004522194082
104667	0.01215584174
104668	0.0005728257426
104669	0.008976005257
104670	0.0006043385381
104671	0.007888972057
104672	0.001633610452
104673	0.007759109548
104674	0.003796295316
104675	0.008142708378
104676	0.005993152803
104677	0.005336236754
104678	1.620443819e-07
104679	0.002959618635
104680	0.005032335164
104681	0.002047575553
104682	0.004921846191
104683	0.001668582073
104684	0.0111666282
104685	0.001633783686
104686	0.02341584007
104687	0.0101664018
104688	0.002768876427
104689	0.0002273195321
104690	0.002010503426
104691	0.009919683593
104692	0.008421292265
104693	0.0006635298516
104694	0.009775943497
104695	0.001643646624
104696	0.005611817804
104697	0.01535822629
104698	0.003737019739
104699	0.00533997482
104700	0.0008178988416
104701	0.00636251116
104702	0.01526802452
104703	0.001735681743
104704	0.002046596452
104705	0.01929393582
104706	0.006501734393
104707	0.001207161639
104708	0.0004328665833
104709	0.0004780168429
104710	0.005311097332
104711	0.002657018454
104712	0.008326287233
104713	0.002191021092
104714	0.005464898169
104715	0.001432144759
104716	0.01201007467
104717	0.007391921967
104718	0.000514921103
104719	0.003148707371
104720	0.00698176339
104721	0.01290608527
104722	0.006217802845
104723	0.01042761535
104724	0.01587954673
104725	0.003683029311
104726	0.001678538204
104727	0.0115101197
104728	0.004547609033
104729	0.004297396336
104730	0.001596547071
104731	0.006351112027
104732	0.000657515269
104733	0.004268804496
104734	0.004599229519
104735	0.007674614657
104736	0.007597216525
104737	0.004912296439
104738	0.0005206830961
104739	0.01310417877
104740	0.01068398594
104741	0.01781285626
104742	0.006017397189
104743	0.002399140555
104744	0.003993136588
104745	0.006232527694
104746	0.001431744629
104747	0.002379111557
104748	0.005077722096
104749	0.0091408338
104750	0.002146810237
104751	0.002927446999
104752	0.002521806586
104753	0.004314053456
104754	0.003719878434
104755	0.001240884099
104756	0.001361379314
104757	0.004510938134
104758	0.004687849264
104759	0.02245976901
104760	0.01204546068
104761	0.005652763585
104762	0.0008953160101
104763	0.004047553058
104764	0.003166674994
104765	0.006353800652
104766	0.009789019598
104767	8.789352842e-05
104768	0.003986147627
104769	0.01114986389
104770	0.003737938536
104771	0.004969010003
104772	0.01933167957
104773	0.00985635846
104774	0.001356331062
104775	0.004435747035
104776	0.01105902082
104777	0.0002922568635
104778	0.002530465209
104779	0.003508699189
104780	0.0002375988345
104781	0.000798110651
104782	0.006527062923
104783	0.001899733285
104784	0.001879962182
104785	0.005566848729
104786	0.005402145156
104787	0.002892011781
104788	0.01120104886
104789	0.01577256374
104790	0.005697568941
104791	0.003419447057
104792	0.01006694777
104793	0.0001723031014
104794	0.003632560766
104795	0.01015571775
104796	0.004046874369
104797	0.002783177008
104798	0.01344220377
104799	0.001482363119
104800	0.001682190144
104801	0.002068527408
104802	0.003942978736
104803	0.002698280019
104804	0.002524211321
104805	0.002216017578
104806	0.00383833799
104807	0.002599730196
104808	0.002084976886
104809	0.01245151027
104810	0.01088238843
104811	0.003526662862
104812	0.006466083169
104813	0.002739647039
104814	0.001792047623
104815	0.01623140915
104816	0.004445386404
104817	0.001745329126
104818	0.002626803145
104819	0.003196936771
104820	0.001332918765
104821	0.005115627147
104822	0.002194960067
104823	0.001227828989
104824	0.001125822514
104825	0.007894671316
104826	0.005444445255
104827	0.00453327049
104828	0.008363385131
104829	0.0007036633455
104830	0.02133424155
104831	0.006315151626
104832	0.00253730474
104833	0.02207335613
104834	0.01538266864
104835	0.006830884886
104836	0.00123230606
104837	0.002940831676
104838	0.01240199893
104839	0.006575644789
104840	0.004270737467
104841	0.007609644239
104842	0.01152488801
104843	0.002441504871
104844	0.006921737151
104845	0.008837089281
104846	0.007481270819
104847	0.001439375709
104848	0.007107527717
104849	0.005779577513
104850	0.007369455165
104851	0.007076307713
104852	0.001615323965
104853	0.005500421977
104854	0.01444324356
104855	0.009129908779
104856	0.005213996603
104857	0.01655642862
104858	0.002861415101
104859	0.006286873529
104860	0.006964046353
104861	0.0001807302775
104862	0.00583301485
104863	0.004079976929
104864	0.02109470246
104865	0.01017658024
104866	0.02328301158
104867	0.01202913853
104868	0.007645198653
104869	0.00394315521
104870	0.01301626266
104871	0.00164989337
104872	0.005825345012
104873	0.006976582805
104874	0.01072405037
104875	0.002489403238
104876	0.01520950366
104877	0.0002434089053
104878	0.006436030005
104879	0.008718750886
104880	0.009654474956
104881	0.0005285711198
104882	0.0001895006878
104883	0.00497424288
104884	0.004191237169
104885	0.006568467102
104886	0.0008283265618
104887	0.002873227186
104888	0.003328636389
104889	0.002557701235
104890	0.003570491049
104891	0.002557642393
104892	0.003091447844
104893	0.001608107246
104894	0.005681009656
104895	0.004589381408
104896	0.0007649643681
104897	0.007154577527
104898	0.008366208165
104899	0.00860805409
104900	0.002550493559
104901	0.0059675103
104902	0.009636972176
104903	0.005994936366
104904	0.00849566346
104905	0.00797069157
104906	0.008910712273
104907	0.003213901017
104908	0.003663977181
104909	0.001448139989
104910	0.003079478019
104911	0.004920082602
104912	0.006144056208
104913	0.007400010366
104914	0.001136895377
104915	0.002229931856
104916	0.001416600773
104917	0.003908423554
104918	0.001569317027
104919	0.006012614394
104920	0.002379144009
104921	0.004912125595
104922	0.004685560686
104923	0.003625174088
104924	0.004826828576
104925	0.009652161209
104926	0.0209294455
104927	0.0191108524
104928	0.002185671415
104929	0.01038785101
104930	0.003924118407
104931	0.0060496017
104932	0.003795812118
104933	0.001128695148
104934	0.006810020928
104935	0.00796675898
104936	0.0006830644878
104937	0.01160367611
104938	0.001123689529
104939	0.01619101724
104940	0.004761325791
104941	0.000112355613
104942	0.001396224153
104943	0.01059986274
104944	0.009175829792
104945	0.01311248891
104946	0.01291734618
104947	0.009744422227
104948	0.01207676397
104949	0.007322376242
104950	0.002257952446
104951	0.00155699274
104952	0.003634698354
104953	0.003207171598
104954	0.001920411466
104955	0.006039936886
104956	0.01512660823
104957	0.0004230198585
104958	0.004796603777
104959	0.01985982646
104960	0.0008507431536
104961	0.005838048302
104962	0.01056621851
104963	0.003383879636
104964	0.01303587498
104965	0.0004389470169
104966	0.0002294343913
104967	0.009352414111
104968	0.002738033298
104969	0.003999717067
104970	0.002860767029
104971	0.01242759162
104972	0.00330075658
104973	0.000217534877
104974	0.0003406488012
104975	0.0006398418291
104976	0.001911169539
104977	0.003886799224
104978	5.957071999e-05
104979	0.005599531229
104980	0.0004896105564
104981	0.01125960817
104982	0.00036676689
104983	0.001238963985
104984	0.002242184993
104985	0.0008558111983
104986	0.006640517264
104987	0.002981345087
104988	0.0002943854906
104989	0.003633453043
104990	0.002944474766
104991	0.004845304729
104992	0.008446452636
104993	2.308709019e-05
104994	0.007046396465
104995	0.001764612371
104996	0.007513464235
104997	0.001080115886
104998	0.0002389880304
104999	0.01751362771
105000	0.005538114087
105001	0.00931585293
105002	0.01037412381
105003	0.009501642385
105004	0.007615110002
105005	0.006069377991
105006	0.002626171055
105007	0.009544525267
105008	0.003774472701
105009	0.004378255126
105010	0.008635896742
105011	0.003691776356
105012	0.008110284883
105013	0.00926955385
105014	0.008317557303
105015	0.002372216088
105016	0.0007049158971
105017	0.0004783114261
105018	0.0009574143846
105019	0.000922575062
105020	0.0007779473331
105021	0.001528824918
105022	0.003547067335
105023	0.01082057963
105024	0.003770554421
105025	0.01061096736
105026	0.01150405986
105027	0.000813182352
105028	0.005807034847
105029	0.001950609745
105030	0.004410087702
105031	0.0123319703
105032	0.001042155708
105033	0.01009382973
105034	0.006543153462
105035	0.0006893422316
105036	0.004580505525
105037	0.004863407629
105038	0.00834862314
105039	0.007699145526
105040	0.0007605642057
105041	0.002424812843
105042	0.001557183389
105043	0.001672822297
105044	0.005865958272
105045	0.004642149054
105046	0.007490194095
105047	0.004248165274
105048	0.004319644006
105049	0.003528038243
105050	0.008867125876
105051	0.001949300552
105052	0.0007255804682
105053	0.002752351563
105054	0.005394181607
105055	0.002188009669
105056	0.007585586928
105057	0.006258677888
105058	0.006215020934
105059	0.008594113807
105060	0.004541337403
105061	0.003932027151
105062	0.009329828947
105063	0.003228190337
105064	0.01509675656
105065	7.099643307e-05
105066	0.002744441498
105067	0.003614815781
105068	0.004209358689
105069	0.006200613805
105070	0.002781688931
105071	0.006079797913
105072	0.002922516184
105073	0.004950353329
105074	0.0007844968242
105075	0.00239389424
105076	0.006017861999
105077	0.003566740265
105078	0.005958495442
105079	0.02060648965
105080	0.005005948535
105081	0.0092616688
105082	0.002019976683
105083	0.005765490486
105084	0.0005917821258
105085	0.002152720984
105086	0.01134409187
105087	0.0168711111
105088	0.007713397359
105089	0.008819949196
105090	0.002842439451
105091	0.004519311283
105092	0.0006230535468
105093	0.006036492246
105094	0.0003476142718
105095	0.001870168794
105096	0.0006749859801
105097	0.003248577745
105098	0.004205162096
105099	0.004153702394
105100	0.01253399239
105101	0.003301758393
105102	0.005879148655
105103	0.007208359188
105104	0.005832134673
105105	0.001159266752
105106	0.003435250102
105107	0.002781646211
105108	0.001299544473
105109	0.02013745245
105110	0.01291793823
105111	0.001839953912
105112	0.0081438658
105113	0.007428573269
105114	0.002953523849
105115	0.007621021299
105116	0.003502490515
105117	0.0002688498348
105118	0.008478048771
105119	0.0007994002016
105120	0.01174219195
105121	0.01492288042
105122	0.003800696067
105123	0.000552804453
105124	0.005643649185
105125	0.01653026264
105126	0.004755647465
105127	0.002778484696
105128	0.00144570432
105129	0.001878289035
105130	0.003503569905
105131	0.003040113981
105132	0.002489516741
105133	0.001531250747
105134	3.180775243e-06
105135	0.006594803876
105136	0.002719876231
105137	0.01050151738
105138	7.870903315e-05
105139	0.006407443369
105140	0.0006423776039
105141	0.002133621415
105142	0.00177510082
105143	0.0007906519193
105144	0.001907091716
105145	0.004489455039
105146	0.004870349189
105147	0.001670407999
105148	0.0002661539891
105149	0.001830863505
105150	0.003330776199
105151	0.0006162711484
105152	0.009545182103
105153	0.001196745407
105154	0.000508067492
105155	0.001819851553
105156	0.001255670389
105157	0.0003710358493
105158	0.007169717279
105159	0.00154645902
105160	0.002461022921
105161	5.466289164e-05
105162	0.002553189546
105163	0.00213378617
105164	0.001143699964
105165	3.621464797e-05
105166	0.001776708323
105167	0.003211201805
105168	0.000418127586
105169	0.0002978423993
105170	0.001819166163
105171	0.002235048122
105172	0.00161654865
105173	0.0004106299392
105174	0.001460818785
105175	0.002284908674
105176	0.001757170926
105177	0.0009484025753
105178	0.0008798325607
105179	0.005430337665
105180	0.001671489196
105181	0.003941955998
105182	0.0003476299277
105183	0.0008697396975
105184	0.002191166339
105185	0.003937106542
105186	0.001674697967
105187	0.0001604838722
105188	0.001564501035
105189	0.004867856975
105190	0.0004636142713
105191	0.001092958019
105192	0.00176917193
105193	0.001398073478
105194	0.001398294448
105195	0.001879859077
105196	0.0002965663075
105197	0.002501114913
105198	0.0001105419188
105199	0.0006816348347
105200	0.001080139561
105201	0.001665134382
105202	0.002535304455
105203	0.0005240002666
105204	0.001142656681
105205	0.00381862887
105206	0.002660885995
105207	0.0002534020415
105208	0.0006302779572
105209	0.0002547638395
105210	0.001256303161
105211	0.002843595244
105212	0.000906797339
105213	0.008694220718
105214	0.002754844249
105215	0.006352919709
105216	0.00295058673
105217	0.003934768011
105218	0.005690493383
105219	0.0006305119149
105220	0.007870047548
105221	0.002535253079
105222	0.002970652061
105223	0.001003990356
105224	3.322125704e-05
105225	0.003562768775
105226	0.004585194654
105227	0.002808669925
105228	0.002244707804
105229	0.0005510222396
105230	0.0004037626801
105231	0.001325164197
105232	0.001565125521
105233	0.00178233583
105234	0.0005632120512
105235	6.850010036e-05
105236	0.001511026023
105237	0.004908692744
105238	0.001469260016
105239	0.001153129222
105240	0.003330811156
105241	0.001480027897
105242	0.004858569806
105243	0.0004858331536
105244	0.01056911632
105245	0.003351275974
105246	0.007896018847
105247	0.008541484017
105248	0.0008304270078
105249	0.002359131395
105250	0.01455673368
105251	0.002234019525
105252	0.0016673834
105253	0.004901173206
105254	0.00207731888
105255	0.001489615269
105256	0.001606596764
105257	0.001767283437
105258	0.006516252931
105259	0.001637037326
105260	0.002656268536
105261	0.001635071939
105262	0.003522748574
105263	0.007215818659
105264	0.008004840596
105265	0.004306913844
105266	0.001749691991
105267	0.0002659044399
105268	0.0003977809951
105269	0.002589489799
105270	0.01000115514
105271	0.0021095398
105272	7.258337876e-05
105273	0.001635840961
105274	0.001532924347
105275	0.0003339551707
105276	0.002690047749
105277	0.0004443323368
105278	0.0005724926819
105279	0.0004834416468
105280	0.005508154936
105281	0.003102052966
105282	0.001465082722
105283	0.001113041639
105284	0.01176323206
105285	0.004321253444
105286	0.01320593844
105287	0.001028614338
105288	0.001242517199
105289	0.001250639237
105290	0.0101144154
105291	0.005208058967
105292	0.007589846144
105293	0.01081072132
105294	0.01286059238
105295	0.007158160622
105296	0.007084011744
105297	0.008752480257
105298	0.01604509876
105299	0.004109605901
105300	0.001771287707
105301	0.001299687695
105302	0.0009663905045
105303	0.001007730892
105304	0.003461998801
105305	0.005880742135
105306	0.009935591818
105307	0.0003711634988
105308	0.0005621766096
105309	0.007979714802
105310	0.008239406174
105311	9.045367183e-05
105312	0.004113557957
105313	0.004444394142
105314	0.009390850702
105315	0.00663320938
105316	0.003835928867
105317	0.002561237329
105318	0.007079050442
105319	0.006781024065
105320	0.005402969932
105321	0.0013469577
105322	0.002742555913
105323	0.001086318808
105324	0.002738694303
105325	0.003000441214
105326	0.001119097003
105327	0.001074612936
105328	7.955701649e-05
105329	0.001064351411
105330	0.002223250204
105331	0.000969495506
105332	0.01172929354
105333	0.001570572223
105334	0.006181543441
105335	0.004958286072
105336	6.156314351e-05
105337	0.0007300720611
105338	0.0009436207225
105339	0.00913107271
105340	0.01587823383
105341	0.003449478699
105342	0.001745336835
105343	0.001889458465
105344	0.01202039506
105345	0.01079700464
105346	0.003073637264
105347	0.003046794376
105348	0.00439617282
105349	0.006801115855
105350	0.001891450121
105351	0.0007101924363
105352	0.0008251588712
105353	0.001371406919
105354	0.002341958638
105355	3.745631901e-05
105356	0.004892364088
105357	0.001099607609
105358	0.0005321063134
105359	0.008217881994
105360	0.004010545463
105361	0.003449260673
105362	0.002961583871
105363	0.003946500631
105364	0.008595718493
105365	0.006069023082
105366	0.0004101176126
105367	0.0001386345838
105368	0.001903565671
105369	0.0004691731516
105370	0.00229012617
105371	0.008559434155
105372	0.003732674093
105373	0.001052300844
105374	0.004968454002
105375	0.004117466667
105376	0.01205368751
105377	0.006120633105
105378	0.005095723757
105379	0.000537341446
105380	0.01152985701
105381	0.0006495303753
105382	0.005372802517
105383	3.047498508e-05
105384	0.0004391913252
105385	0.009954862237
105386	0.008377812128
105387	0.001103304574
105388	0.003625491456
105389	0.006585650055
105390	0.0007399402482
105391	0.002870210842
105392	0.004189474336
105393	0.003523431602
105394	0.001286645073
105395	0.0001873433258
105396	0.0004863226102
105397	0.004481383563
105398	4.584453435e-06
105399	0.01514573139
105400	0.002981849781
105401	0.004361962531
105402	0.002670648716
105403	0.004308926562
105404	0.00348559996
105405	0.008670762197
105406	0.004295776295
105407	0.01376201111
105408	0.006591605331
105409	0.004991971332
105410	0.001174573957
105411	0.008078679737
105412	0.003005705885
105413	0.006394758809
105414	0.00237596116
105415	0.002256821229
105416	0.01561710521
105417	0.01002872049
105418	0.0115584746
105419	0.005675976569
105420	0.001160532488
105421	0.01231003131
105422	0.003957198456
105423	0.006117383412
105424	0.0009677143298
105425	0.003239846165
105426	0.005305772979
105427	0.002848171497
105428	0.004772679383
105429	0.01432501993
105430	0.001497430178
105431	0.00471609174
105432	0.008691582281
105433	0.002272471125
105434	0.008932317016
105435	0.001926441338
105436	0.006570560871
105437	0.01460722864
105438	0.003516384309
105439	0.004475392998
105440	0.004385774657
105441	0.001260651541
105442	0.0008317642747
105443	0.005202045961
105444	0.00871877298
105445	0.01011821659
105446	0.002542127068
105447	0.007977178722
105448	0.001960593378
105449	0.006635955161
105450	0.002147762149
105451	0.004015155665
105452	0.002287750286
105453	0.001299278013
105454	0.007639652093
105455	0.0005193176612
105456	0.005207854328
105457	0.007248684153
105458	0.002903987591
105459	0.001155742226
105460	0.0007278009675
105461	0.003165887121
105462	0.01306822315
105463	0.007149876265
105464	0.01142121297
105465	0.01374282135
105466	0.01307956475
105467	0.0011922631
105468	0.007025687273
105469	0.01293842763
105470	0.01248560625
105471	0.002502079295
105472	0.0005374664893
105473	0.001335376478
105474	0.003915212324
105475	0.005470619389
105476	0.007088787337
105477	0.001157703986
105478	0.00105353575
105479	0.0009597792914
105480	0.01056570469
105481	0.02975365746
105482	0.008447824942
105483	0.007581137192
105484	0.005002701662
105485	0.006247700816
105486	0.004404447804
105487	0.001701383556
105488	0.002563958046
105489	0.001013925444
105490	0.003416967127
105491	0.004808635284
105492	0.01589680491
105493	0.008665559123
105494	0.004873842321
105495	0.001946312184
105496	0.011058892
105497	0.006020453983
105498	1.29853578e-05
105499	0.005694348666
105500	0.01337971007
105501	0.01134334974
105502	0.007331173924
105503	0.005751535354
105504	0.003362537258
105505	0.005923504329
105506	0.005937833719
105507	0.002940399076
105508	0.006615114134
105509	0.001004257237
105510	0.006333797894
105511	0.005233831423
105512	0.003767726976
105513	0.006964906635
105514	0.003703705732
105515	0.01208722485
105516	0.01155758655
105517	0.004621294041
105518	0.001945711609
105519	0.005145055515
105520	0.0005773434372
105521	0.00187664911
105522	0.0001726197499
105523	0.008980071831
105524	0.002081197862
105525	0.005209121389
105526	0.00056149262
105527	0.003212604057
105528	0.0007479259662
105529	0.00434906434
105530	0.004065556396
105531	0.003870289494
105532	0.004806497966
105533	0.003709033644
105534	0.00313967988
105535	0.005474283702
105536	0.008606509265
105537	0.002843220662
105538	0.01190114881
105539	0.002251706107
105540	0.007220898646
105541	0.02217688794
105542	0.005112315183
105543	0.002082030739
105544	0.01008172436
105545	0.001796260443
105546	0.002368980091
105547	0.0005795797074
105548	0.0311594291
105549	0.01907727946
105550	0.001824730191
105551	0.01133628026
105552	0.007046153691
105553	0.005447998514
105554	0.0004770889968
105555	0.005253269855
105556	0.002031914006
105557	0.01100911388
105558	0.0001029254153
105559	0.003233302273
105560	0.0001792300452
105561	0.007966412263
105562	0.003662808418
105563	0.001282022405
105564	0.001743061113
105565	0.001429209757
105566	0.003997631796
105567	0.00311490993
105568	0.004717934794
105569	0.004259096599
105570	0.00550483607
105571	0.005027736975
105572	0.009300553021
105573	0.007425705512
105574	0.01279724231
105575	0.007235305825
105576	0.0007157246821
105577	0.009996565926
105578	4.920281944e-07
105579	0.01811912436
105580	0.007676867656
105581	0.002788373581
105582	0.003604825389
105583	0.02073800333
105584	0.01031571386
105585	0.006340709355
105586	0.001155919487
105587	0.002220709616
105588	0.004946074062
105589	0.01728636587
105590	0.007088368363
105591	0.01040238564
105592	0.005123118967
105593	0.003783902458
105594	0.01491741612
105595	0.007245161363
105596	0.007669933341
105597	0.006448215533
105598	0.01198869424
105599	0.01383674035
105600	0.004127116303
105601	0.005859092461
105602	0.004121067114
105603	0.01144111271
105604	0.004919231862
105605	0.006328295372
105606	0.0009968200419
105607	0.0003123368491
105608	0.002803558372
105609	0.001099026138
105610	0.004854351216
105611	0.00140113256
105612	0.01618058668
105613	0.01014711721
105614	0.003675429535
105615	0.009710980711
105616	0.002141109288
105617	0.002610994327
105618	0.01008772056
105619	0.009760756915
105620	0.0002993260681
105621	0.01303296539
105622	0.004090681325
105623	0.007384507881
105624	0.005121230026
105625	0.0002592426255
105626	0.002333919332
105627	0.003878462164
105628	0.02270160387
105629	0.0009268359047
105630	0.008956992633
105631	0.003887158286
105632	0.01135840293
105633	0.007818629551
105634	0.001020424856
105635	0.002073649243
105636	0.0001630335292
105637	0.001490084387
105638	0.005547992217
105639	0.007430033923
105640	0.003166423208
105641	0.002342340903
105642	0.007126691359
105643	0.006202802388
105644	0.01249903817
105645	0.001328099442
105646	0.0151826914
105647	0.001947807849
105648	0.01630428713
105649	0.003164264259
105650	0.00312447325
105651	7.32857107e-05
105652	0.007412591258
105653	0.01350601965
105654	0.001176517797
105655	0.000394963854
105656	0.002309228891
105657	0.0133082035
105658	0.001221301808
105659	1.946874111e-06
105660	0.008717740467
105661	0.01064558508
105662	0.004277028091
105663	0.003219567652
105664	0.008656681178
105665	0.0009483657609
105666	0.002979680052
105667	0.004929128344
105668	0.005733412766
105669	0.00375888239
105670	0.004125965328
105671	0.007987659637
105672	0.005312268675
105673	0.008061646579
105674	0.009331286567
105675	0.005157861945
105676	0.002227867905
105677	0.009250460522
105678	0.002248774696
105679	0.005706694116
105680	0.003126581168
105681	0.0004176787394
105682	0.001065410715
105683	0.0003560930952
105684	0.01684517018
105685	0.003694181528
105686	0.002742834956
105687	0.006339612161
105688	0.001228706371
105689	0.0008971756145
105690	0.006305470027
105691	2.255332464e-05
105692	0.003084900625
105693	0.001651489077
105694	0.005614435374
105695	0.002877547977
105696	0.003228202834
105697	0.001362390585
105698	0.005387894901
105699	0.001162232961
105700	0.007766090114
105701	0.00319226271
105702	0.002847319794
105703	0.002003698079
105704	0.004623407716
105705	0.002907820848
105706	0.001157338707
105707	0.004434341361
105708	0.006312222244
105709	0.001662656416
105710	0.005295668315
105711	0.01045815181
105712	0.003316604415
105713	0.004202858969
105714	0.001170173762
105715	0.004823625916
105716	0.0005778215748
105717	0.0001119111618
105718	0.005063344663
105719	0.002525436583
105720	0.006503566774
105721	0.0001438919756
105722	0.01134469907
105723	0.008486896517
105724	0.01128510411
105725	0.002207606365
105726	0.004875209989
105727	0.001342073037
105728	0.000443008313
105729	0.004572120632
105730	0.0005859080184
105731	0.009080000441
105732	0.001388508055
105733	0.0009080573989
105734	0.001268032359
105735	0.001097049992
105736	0.001813278951
105737	0.002122854386
105738	0.01278896923
105739	0.0004341157767
105740	0.004011198367
105741	0.005347386077
105742	0.007842549699
105743	0.008208575911
105744	0.001580023481
105745	0.002474756353
105746	0.00141128655
105747	0.004597439144
105748	0.0004801884324
105749	0.002641133825
105750	0.000598930356
105751	0.0002518898128
105752	0.0006266059307
105753	0.004334896507
105754	0.002454723848
105755	0.002156379972
105756	0.002584247866
105757	0.009659038225
105758	0.01403465733
105759	9.219963533e-05
105760	0.001626484168
105761	0.002411372711
105762	0.003471990257
105763	0.0001430305449
105764	0.0001441942319
105765	0.000141957134
105766	7.236245024e-07
105767	9.506032495e-07
105768	0.0009115190789
105769	0.007200196097
105770	0.008333170935
105771	0.003437552905
105772	0.00628003671
105773	0.001200319006
105774	0.002331958868
105775	0.008473868981
105776	0.0006670833986
105777	0.008692263058
105778	0.0008908372685
105779	0.0005089800501
105780	0.004535279825
105781	0.001675220726
105782	0.009638062577
105783	0.001003229132
105784	0.01023772697
105785	0.001210285228
105786	0.005300993031
105787	0.01239376156
105788	0.0007078355463
105789	0.006857303414
105790	0.002527420124
105791	0.004223329377
105792	0.0003913502819
105793	8.592828161e-08
105794	0.001418907119
105795	0.0005528269184
105796	0.01012191267
105797	0.002957855154
105798	0.01342715444
105799	0.008161130622
105800	0.001089805651
105801	0.01054584242
105802	0.0009470057461
105803	0.008989521863
105804	0.0005565056314
105805	0.009915755072
105806	0.004645870074
105807	0.002679927827
105808	0.00504985853
105809	0.00558651502
105810	0.003223624512
105811	0.004095408221
105812	0.003497444445
105813	0.001324502434
105814	0.002442005789
105815	0.0004775071614
105816	7.102478994e-05
105817	0.002141113356
105818	0.003026320419
105819	0.0009742398742
105820	0.002853654218
105821	0.001230061218
105822	0.0003738076546
105823	0.0007028631762
105824	0.0001771738312
105825	2.001000669e-05
105826	0.01622365975
105827	0.006940373219
105828	0.004740806956
105829	0.007317091827
105830	0.002571919524
105831	0.004426147146
105832	0.003533080104
105833	0.003124303518
105834	0.004348907539
105835	0.003650458573
105836	0.0009616369343
105837	0.004399485941
105838	0.001392979897
105839	0.009577405494
105840	0.0006297906122
105841	0.0006944694289
105842	1.137278653e-05
105843	0.007658815362
105844	0.003982765811
105845	0.004833721331
105846	0.005973219571
105847	0.001241959805
105848	0.0009407266028
105849	0.000623438421
105850	0.0009594526958
105851	0.002225955366
105852	0.002150684503
105853	0.001897639379
105854	0.003493026764
105855	0.00176933396
105856	0.003193995529
105857	0.005102945793
105858	0.005555556037
105859	0.001527882356
105860	0.0005648974485
105861	0.002465224493
105862	0.0009811442549
105863	0.001440929637
105864	0.001285096694
105865	0.002964698808
105866	0.0005059674953
105867	0.002166676335
105868	0.002580188254
105869	0.002596892415
105870	0.004900345155
105871	0.001282257525
105872	0.001606207342
105873	3.136166756e-05
105874	0.005920465224
105875	0.0054606646
105876	0.008104128139
105877	0.005642684796
105878	0.004451361947
105879	0.00586742645
105880	0.004196994804
105881	0.00837484231
105882	0.004617159118
105883	0.005551266831
105884	0.006707573197
105885	0.0008701319116
105886	0.00498847858
105887	0.005803624185
105888	0.001644342206
105889	0.0001463171736
105890	0.007499699195
105891	0.005373601243
105892	0.01925662601
105893	0.004079814145
105894	0.00711604865
105895	0.0008031294859
105896	0.002155124182
105897	0.002227634947
105898	0.0003584724935
105899	0.01664440371
105900	0.007790727995
105901	0.002766966007
105902	0.002724442817
105903	0.008478397154
105904	0.01553431523
105905	0.002095148717
105906	0.008106400267
105907	0.002630190085
105908	0.0114415662
105909	0.01122955299
105910	0.006166478042
105911	0.004348584261
105912	0.003309076122
105913	0.001611760181
105914	0.0005378866452
105915	0.01003574654
105916	0.006075256267
105917	0.00390224937
105918	0.005549648699
105919	0.003383110228
105920	0.001198876187
105921	0.0009493244188
105922	0.00812860412
105923	0.004210188063
105924	0.01389801537
105925	0.002904072171
105926	0.004852291706
105927	0.0007294870295
105928	0.001299547535
105929	0.005994221148
105930	0.002206815716
105931	0.001625152951
105932	0.006531609755
105933	0.01294330405
105934	0.003400768914
105935	0.0009452658744
105936	0.003330269757
105937	0.005123615229
105938	0.005599182119
105939	0.000110280145
105940	0.0003672911921
105941	0.003843850622
105942	0.005275497042
105943	0.01696666117
105944	0.002685823037
105945	0.01429568841
105946	0.00315042823
105947	0.008979287536
105948	0.003509600636
105949	0.009565625287
105950	0.002222723528
105951	0.004087999414
105952	0.001285224704
105953	0.002551737316
105954	0.003018907424
105955	0.0006797335171
105956	0.004211084451
105957	0.004362299898
105958	0.0001947712969
105959	0.005890072242
105960	0.004738438939
105961	0.01312574464
105962	0.009771657208
105963	0.003150060875
105964	0.004363401233
105965	0.003372333526
105966	0.0015830737
105967	0.004852854198
105968	0.00333344064
105969	0.002094613264
105970	0.0006641480209
105971	0.0004077734502
105972	0.002259330709
105973	0.006985898527
105974	0.00212262343
105975	0.008649045446
105976	0.01181483439
105977	0.001621073525
105978	0.000459164511
105979	0.0005849792815
105980	0.007864045939
105981	0.0009791677059
105982	0.0007092433687
105983	0.002966787306
105984	0.0002551465241
105985	0.002772440805
105986	0.00787230773
105987	0.008059005464
105988	0.02284843149
105989	0.001221173667
105990	0.004811755495
105991	0.008767181689
105992	0.006355265199
105993	0.001471036694
105994	0.003582351691
105995	0.01557722919
105996	0.003362261292
105997	0.007128004169
105998	0.006727450365
105999	0.002980935732
106000	0.01018415326
106001	0.008783683985
106002	0.004265318614
106003	0.002076091708
106004	0.004852875844
106005	0.009094953195
106006	0.0007092433687
106007	0.01270534383
106008	0.008713826513
106009	0.0009594058308
106010	0.003643737764
106011	0.003102880814
106012	0.003580492828
106013	0.002520449005
106014	0.0004401888872
106015	0.001076167134
106016	0.006647574251
106017	0.00389981913
106018	0.0006145104813
106019	0.003933988994
106020	0.006519113628
106021	0.004698964402
106022	0.003339442715
106023	0.01004227835
106024	0.001421407426
106025	0.003223880395
106026	0.001809433232
106027	0.001716702776
106028	0.004420964101
106029	0.002356552552
106030	0.003650918946
106031	0.000984252655
106032	0
106033	0.0002878090339
106034	0.001355945045
106035	0.004073844945
106036	0.0002801677414
106037	0.003207436597
106038	0.002200407393
106039	0.003940464182
106040	0.002425605975
106041	0.002404003268
106042	0.008506367941
106043	0.0006277254046
106044	0.01215853532
106045	0.009839998198
106046	0.004574718835
106047	0.004698465095
106048	0.01475094219
106049	0.00734291823
106050	0.00424488975
106051	0.01141306998
106052	0.003425149359
106053	0.007633897411
106054	0.003596682219
106055	0.004918447336
106056	0.001886594344
106057	0.0006819472504
106058	0.006294944838
106059	0.01477354869
106060	0.008556146962
106061	0.001611229965
106062	0.0004464226085
106063	0.002564194981
106064	0.0001848108951
106065	0.0002411283171
106066	0.001454769012
106067	0.0007762337228
106068	0.004541988845
106069	0.001085430924
106070	0.0004719450741
106071	0.004959459642
106072	0.01214402519
106073	0.0005839780186
106074	0.009373701443
106075	0.0006075245939
106076	0.001821084289
106077	0.002228221347
106078	0.0009389937614
106079	0.00021377141
106080	0.003724607237
106081	0.002190453726
106082	0.001732905852
106083	0.003572690389
106084	0.00472132665
106085	0.003699352701
106086	0.01336531587
106087	0.003107206832
106088	0.001820340992
106089	0.001132394587
106090	0.000857513942
106091	0.003864541605
106092	0.0007128387875
106093	0.002868189112
106094	0.001917111807
106095	0.0007021282165
106096	0.002435446097
106097	0.006664147192
106098	0.001351002797
106099	0.012043321
106100	0.004702657491
106101	0.01236912828
106102	0.00518042382
106103	0.001656371927
106104	0.001481834292
106105	0.002940341194
106106	0.001829860423
106107	0.003004288118
106108	0.006395413
106109	0.001901266986
106110	0.006196896502
106111	0.004184264258
106112	0.001256641682
106113	0.0004038135635
106114	0.005232155643
106115	0.004103542646
106116	0.004490870966
106117	0.001681856548
106118	0.00397552703
106119	0.002546164456
106120	0.002550822661
106121	0.008278066334
106122	0.008789328775
106123	0.007334042521
106124	0.00350176059
106125	0.003576965918
106126	0.00247730991
106127	0.003845858599
106128	0.004041197607
106129	0.004782035712
106130	0.004586654599
106131	0.005820363342
106132	0.002551278034
106133	0.0009415273665
106134	0.0002994377768
106135	0.003759737729
106136	0.002269846354
106137	0.002990929629
106138	0.0001932632856
106139	0.00287136597
106140	0.0008894559705
106141	0.002901912977
106142	0.004758247119
106143	0.006366806902
106144	0.0006821800006
106145	0.002260955666
106146	0.002809097206
106147	0.003640912245
106148	0.00436548832
106149	0.002411376938
106150	0.007671407336
106151	2.595341127e-05
106152	0.0003537882825
106153	0.005831066863
106154	0.002627275383
106155	0.007194170291
106156	0.0005199134108
106157	0.003485108345
106158	0.003435876084
106159	1.240180976e-05
106160	4.403364404e-05
106161	0.002786834584
106162	0.0008732906249
106163	0.005406325226
106164	0.001648245376
106165	0.004751963334
106166	0.002051974674
106167	0.002345471759
106168	2.72290989e-07
106169	0.00468531344
106170	0.008137572958
106171	0.00298893749
106172	0.0004841653585
106173	0.001405869424
106174	0.002506611473
106175	0.001142381519
106176	0.001597187096
106177	0.003202983558
106178	0.0029319943
106179	0.003538166987
106180	0.007801075221
106181	0.008309941768
106182	0.005397319522
106183	0.00429137458
106184	0.002510911044
106185	0.01449611273
106186	0.008132761202
106187	0.01054850143
106188	0.007572553635
106189	0.005199449318
106190	0.01804401892
106191	0.002515521836
106192	0.003447223141
106193	0.00109837546
106194	0.01516262903
106195	0.004482002208
106196	0.001051629392
106197	0.006781656923
106198	0.002062540559
106199	0.003753963466
106200	0.01008010912
106201	0.004324833517
106202	0.004180581973
106203	0.003742880922
106204	0.008326619987
106205	0.01200955313
106206	0.010928145
106207	0.0018755291
106208	0.004201295761
106209	0.0131716183
106210	0.001361452279
106211	0.007739791256
106212	0.002112782265
106213	0.004966525234
106214	0.001367948418
106215	0.002061046358
106216	0.00944348333
106217	0.001464263856
106218	0.001097376417
106219	0.01017663797
106220	0.0002770583053
106221	0.002364319084
106222	0.002582194977
106223	0.0001575412603
106224	0.005145354265
106225	0.00242851046
106226	0.001372657367
106227	0.0006597648035
106228	0.01282249376
106229	0.003267612295
106230	0.001405547811
106231	0.001148732217
106232	0.006767529484
106233	0.004795158339
106234	0.0009464010193
106235	0.005310828869
106236	0.001170398321
106237	0.002306630531
106238	0.001250487244
106239	0.0009787431234
106240	0.001494568223
106241	0.007235942092
106242	0.002733830331
106243	0.0007257900965
106244	0.003968366939
106245	0.00350244923
106246	0.004969486694
106247	0.008777700354
106248	0.002394721574
106249	0.0003179330238
106250	0.0107340337
106251	0.007037783427
106252	0.002741994531
106253	0.0009731767686
106254	0.0003672797238
106255	0.01667867663
106256	0.004830107533
106257	0.0004170931388
106258	0.009385602072
106259	0.001648870281
106260	0.009194009096
106261	0.005045378658
106262	0.001750365386
106263	0.001626466073
106264	0.004087249974
106265	0.0002553664066
106266	8.679917629e-05
106267	0.0003825915574
106268	0.001114314517
106269	0.001339937033
106270	0.01715022617
106271	0.003838197503
106272	0.001882058551
106273	0.0042508432
106274	0.005688350248
106275	0.006798591704
106276	0.009942212466
106277	0.01967829153
106278	0.0119826384
106279	0.01211789659
106280	0.002330942709
106281	0.004224886844
106282	0.005337234347
106283	0.001103239331
106284	0.0008374134591
106285	0.004596282412
106286	0.0009658719431
106287	0.003342445204
106288	0.009664233999
106289	0.01186009319
106290	0.00205359084
106291	0.01434867484
106292	0.007149720766
106293	0.004093391779
106294	0.01118785569
106295	0.001240904875
106296	0.01205186027
106297	0.004461289308
106298	0.0003957198065
106299	0.003518274467
106300	0.0049190074
106301	0.00453977184
106302	0.008088695176
106303	0.01246838419
106304	0.0031340793
106305	0.0006984813057
106306	0.001566695619
106307	0.009430841341
106308	0.01390128665
106309	0.003066885049
106310	0.01273520398
106311	0.01827216223
106312	0.008626810028
106313	0.006949971877
106314	0.002250585113
106315	0.00396022792
106316	0.004399355808
106317	0.006005578291
106318	0.003340787565
106319	0.002784351836
106320	0.003712831757
106321	0.002048864106
106322	0.001168344341
106323	0.004428973387
106324	0.005673579494
106325	0.003227630577
106326	0.001869913242
106327	0.002491853034
106328	0.003583531237
106329	0.001722615414
106330	0.0164539307
106331	0.002603763494
106332	0.002562281693
106333	0.002543245104
106334	0.001519134847
106335	0.01336122738
106336	0.005626311433
106337	0.005841987589
106338	0.00308407098
106339	0.005958220671
106340	0.008716812663
106341	0.008035953506
106342	0.005033649396
106343	0.001799202748
106344	0.001078910906
106345	0.004698131362
106346	0.004465497133
106347	0.003369985658
106348	0.002842564427
106349	0.000270539103
106350	0.0002964708382
106351	0.004906069931
106352	0.006003543865
106353	0.003283243818
106354	0.001467983389
106355	0.00295871957
106356	0.002567995506
106357	0.01059109645
106358	0.0008181223754
106359	0.0001539162737
106360	0.0002096022521
106361	0.0004830595099
106362	0.006152011328
106363	0.006980007517
106364	0.008560575384
106365	0.0004602829709
106366	0.006651715654
106367	0.002954779995
106368	0.007233921246
106369	0.003727182894
106370	0.01193636934
106371	0.00782306341
106372	0.01377446458
106373	0.009275305811
106374	0.002960718014
106375	0.004410453789
106376	0.004776778082
106377	0.002110974126
106378	0.007172120527
106379	0.0007563673601
106380	0.01629479041
106381	0.00406841956
106382	0.006076061768
106383	0.01127513854
106384	0.004233647657
106385	0.003155516877
106386	0.008363422592
106387	0.002696377996
106388	0.0008876452376
106389	0.009454359363
106390	0.004562330414
106391	0.002146075553
106392	0.0007666000444
106393	0.004711466598
106394	0.0009328028627
106395	0.01773894128
106396	0.001483257656
106397	0.009486727391
106398	0.001660919238
106399	0.001188784208
106400	0.009023285497
106401	0.001125406648
106402	0.001036638271
106403	0.00329894704
106404	0.0006217996009
106405	0.009051180999
106406	0.004292647373
106407	0.004608358682
106408	0.00482796612
106409	0.00179136634
106410	0.019281667
106411	0.003274203707
106412	0.01063546897
106413	0.003485843123
106414	0.003083313711
106415	0.004639411964
106416	0.009783494576
106417	0.002927533248
106418	0.00102277138
106419	0.0005622606312
106420	0.006711576635
106421	0.00108233575
106422	0.0009410027799
106423	0.001059979904
106424	0.004477749506
106425	0.0007179244988
106426	0.002330024847
106427	0.0002744851273
106428	0.000808942845
106429	0.0002353110821
106430	0.006173333067
106431	0.0003616701427
106432	0.0005687044077
106433	0.0004433857761
106434	0.0002468327998
106435	0.002746355511
106436	0.0008369067517
106437	0.002742008137
106438	0.0002100483984
106439	0.002172937455
106440	0.002132321373
106441	0.009036271418
106442	0.0100312886
106443	0.00580540078
106444	0.004305034579
106445	0.003780440817
106446	0.006010503026
106447	0.002769476903
106448	0.0004405400852
106449	0.003092013185
106450	0.0002935601463
106451	0.002805062253
106452	0.003182618149
106453	0.006521281361
106454	0.008432625089
106455	0.0005296179608
106456	0.005412286426
106457	0.001087625582
106458	0.007997550788
106459	0.00112356641
106460	0.0006536695492
106461	0.001560163492
106462	0.002090090662
106463	0.001624751261
106464	0.001703636757
106465	0.0004602610144
106466	0.00457886336
106467	0.01536320369
106468	0.01597076725
106469	0.004818749393
106470	0.0007883404207
106471	0.003835779123
106472	0.00384866781
106473	0.006927726873
106474	0.008423162325
106475	0.003756146794
106476	0.01428525423
106477	0.01302676313
106478	0.01332859125
106479	0.002777054747
106480	0.0003372310644
106481	0.006247886391
106482	0.002777288559
106483	0.003937742405
106484	0.001971788859
106485	0.002099828821
106486	0.01188968427
106487	0.005126447328
106488	0.00148819748
106489	0.0001218168714
106490	0.003710895297
106491	0.0005417407455
106492	0.002021667255
106493	0.009216466232
106494	0.007455916307
106495	0.0007473671614
106496	0.01338614228
106497	0.0003584964563
106498	0.002222925627
106499	0.004195092191
106500	0.00244221333
106501	0.004600526814
106502	0.004572719468
106503	0.005178119527
106504	3.585143952e-06
106505	0.001904059736
106506	0.004957634727
106507	0.0007471965786
106508	0.006894053214
106509	0.004589671033
106510	0.00983220783
106511	0.005089603079
106512	0.001541941954
106513	0.001027590592
106514	0.01154383444
106515	0.004003076258
106516	0.007605364705
106517	0.0006157517326
106518	0.009544505616
106519	0.008921742408
106520	0.01014743847
106521	0.0002044630051
106522	0.003483271751
106523	0.004928513272
106524	0.00373045997
106525	0.006538734879
106526	0.001014881734
106527	0.004995898016
106528	0.005971092818
106529	0.01101576112
106530	0.01953044599
106531	0.00240323435
106532	0.001476856704
106533	0.007473636433
106534	0.003464440402
106535	0.005173359834
106536	0.001447330411
106537	0.01064088102
106538	0.005153855392
106539	0.001725809701
106540	0.009082006156
106541	0.006994605266
106542	0.0003434688772
106543	0.00362518332
106544	6.638114213e-05
106545	0.005888041433
106546	0.0002925221322
106547	0.007868334431
106548	0.003096266521
106549	0.004811839532
106550	0.002731903049
106551	0.009019816583
106552	0.001591043452
106553	0.002240815263
106554	0.001659311344
106555	0.001304392171
106556	0.002638057942
106557	0.006376481695
106558	0.001232627236
106559	0.003787342584
106560	0.004649448898
106561	0.0009692040618
106562	0.006325815942
106563	0.002958336999
106564	0.004715244135
106565	0.005523903369
106566	0.0007504480638
106567	0.002485201539
106568	0.002725956675
106569	0.002392785901
106570	0.007559697679
106571	0.00659813261
106572	0.003157587268
106573	0.00891620646
106574	0.002431753309
106575	0.004362163641
106576	0.003186195479
106577	0.01080922079
106578	0.001773322254
106579	0.008156664136
106580	0.00333646746
106581	0.004439816645
106582	0.01130610371
106583	0.004481185585
106584	0.006994864112
106585	0.005475284145
106586	0.007166088061
106587	0.002816689543
106588	0.0006152033372
106589	0.00076106161
106590	0.004401758404
106591	0.007588374463
106592	0.002590933645
106593	0.001086470595
106594	0.009387400475
106595	0.0002445080179
106596	0.008538414916
106597	0.0009857908408
106598	0.003102632805
106599	0.001203164711
106600	0.001323168981
106601	0.001928167692
106602	0.005007538741
106603	0.01417844494
106604	0.003316372119
106605	0.0003975204637
106606	0.002968859483
106607	0.005313736024
106608	0.00466808001
106609	0.001236775987
106610	0.001626160194
106611	0.001020543724
106612	0.0008069548695
106613	0.001046377659
106614	0.0007565923627
106615	0.005204902706
106616	0.008745701059
106617	0.00196283852
106618	0.00719971851
106619	0.005722687017
106620	0.002520669449
106621	0.01426046886
106622	0.009288051853
106623	0.01173933129
106624	0.0006696037248
106625	0.002646446096
106626	9.24007614e-05
106627	0.001363630495
106628	0.0004245729003
106629	0.01489693018
106630	0.006570905614
106631	0.001755774913
106632	0.01060186531
106633	0.009957196158
106634	0.0005955666168
106635	1.479810657e-06
106636	0.007162409093
106637	0.01055162692
106638	0.0003420132398
106639	0.004006023222
106640	0.006367026752
106641	0.0002743560554
106642	0.0007164650439
106643	0.004287614725
106644	0.004286039201
106645	0.003658303983
106646	0.001067767752
106647	0.00263850975
106648	0.005795676324
106649	0.003253891743
106650	0.005791017721
106651	0.001371213692
106652	0.002689286561
106653	0.009158010622
106654	0.0008880381217
106655	0.003146945749
106656	0.002998218543
106657	0.003852273628
106658	0.003365816218
106659	0.0005679578702
106660	0.002359139166
106661	0.0007644998735
106662	0.003670170447
106663	0.006083435715
106664	8.186789796e-09
106665	0.006228635056
106666	0.008145808029
106667	0.001859192227
106668	0.0001940232035
106669	0.002186232232
106670	0.0001968013452
106671	0.003705779181
106672	0.001366681924
106673	0.001611907148
106674	0.0005369902932
106675	0.002357465474
106676	0.001906467169
106677	0.0006043217119
106678	0.0003077679406
106679	0.0008584874767
106680	0.001489526177
106681	0.00198913292
106682	0.002420335655
106683	0.00123358028
106684	0.001531051154
106685	0.002008631919
106686	0.002496565532
106687	0.0007103025124
106688	0.001872080441
106689	0.001646574407
106690	0.0008522459782
106691	0.00960405607
106692	0.001507400364
106693	0.001947221811
106694	0.01190503221
106695	0.01020291028
106696	0.003574597655
106697	0.001468981009
106698	0.006642748834
106699	0.001130423732
106700	0.003068149614
106701	0.004892321522
106702	0.003044432738
106703	0.0009591786572
106704	0.002044848079
106705	0.004300465343
106706	0.01486520027
106707	0.002237631231
106708	0.004582962536
106709	0.003981992877
106710	0.009326625006
106711	0.008414209986
106712	0.0004201468866
106713	0.0006323688311
106714	0.001937156479
106715	0.0005955810636
106716	0.003071398245
106717	0.0001116842437
106718	9.683332042e-05
106719	0.003592851076
106720	0.003997523766
106721	0.002949120327
106722	0.001755431609
106723	0.0009474612675
106724	0.0006279231495
106725	0.000235760696
106726	0.001267184885
106727	0.000567882562
106728	0.0002963658154
106729	0.0005736960835
106730	0.004585636035
106731	0.003118788748
106732	0.002314258154
106733	0.0001029570218
106734	0.001573087126
106735	0.001842132495
106736	0.007405780581
106737	0.003967449232
106738	0.002794507273
106739	0.002891107701
106740	0.001328899889
106741	0.001214646242
106742	0.0007145341411
106743	0.005917006622
106744	0.003163065789
106745	0.01038675422
106746	0.008787097164
106747	0.008227860511
106748	0.001502332123
106749	0.00118476813
106750	0.0008223039428
106751	0.0005087203045
106752	0.0004991293804
106753	0.0005700503718
106754	0.0001803348415
106755	0.001670995697
106756	0.002106365092
106757	0.00203743521
106758	0.007728924982
106759	0.008143672694
106760	0.005441550032
106761	0.00816984584
106762	0.002662992779
106763	0.01172460484
106764	0.0009461189236
106765	0.001569850641
106766	0.006286969089
106767	0.002066356084
106768	0.01421963267
106769	0.01037495557
106770	0.002025937473
106771	0.01112164243
106772	0.002644264372
106773	0.00539019636
106774	0.001840892569
106775	0.005817912169
106776	0.008890630471
106777	0.0006428474939
106778	0.00436358111
106779	0.001160600782
106780	0.004410470686
106781	0.006066352708
106782	0.0114784687
106783	0.002697810011
106784	0.004097007382
106785	0.001431304115
106786	0.004780503461
106787	0.00298894678
106788	0.004878671906
106789	0.0007427558355
106790	0.01774516142
106791	0.009082378521
106792	0.003360128915
106793	0.0003368963397
106794	0.003674116618
106795	0.009917387823
106796	0.001143724127
106797	0.00653762018
106798	0.009183023466
106799	0.0008832614661
106800	0.001662097664
106801	0.005655578887
106802	0.004343136964
106803	0.008409091376
106804	0.002082680128
106805	0.01360418046
106806	6.428206513e-06
106807	0.0006757232179
106808	0.002030856753
106809	0.0005982628387
106810	0.002850532737
106811	0.007354555873
106812	0.01037724666
106813	0.003370187674
106814	0.004798768629
106815	0.005398837227
106816	0.004922192106
106817	0.002599241705
106818	0.001952228035
106819	0.00429354996
106820	0.01057008075
106821	0.001029746063
106822	0.007489163219
106823	0.0007925620143
106824	0.01096185458
106825	0.0008470391196
106826	0.004313206151
106827	0.01013981965
106828	0.0060786167
106829	0.01081039095
106830	0.02083427586
106831	0.0159579693
106832	0.0004207897849
106833	0.006664055268
106834	0.002814873218
106835	0.001037040507
106836	0.001347631997
106837	0.0006350057234
106838	0.005277607801
106839	0.001005870761
106840	0.003234086807
106841	0.001391407089
106842	0.00399284735
106843	0.004002739042
106844	0.003985827693
106845	0.01004663188
106846	0.002627616406
106847	0.009154145765
106848	0.004697422922
106849	0.002317102091
106850	0.0007677878118
106851	0.001919456289
106852	0.001416449243
106853	0.002598592198
106854	0.007801495724
106855	0.005346484665
106856	0.004862720071
106857	0.002741289241
106858	0.005260922074
106859	0.001959971484
106860	0.003777563493
106861	0.003517665136
106862	0.002566023886
106863	0.005778272154
106864	0.003028933008
106865	0.006526971732
106866	0.01091363828
106867	0.006815823946
106868	0.003729937313
106869	0.0005975035268
106870	0.02142639229
106871	0.001239879914
106872	0.002474972167
106873	0.004953863087
106874	0.006589353399
106875	0.008561802454
106876	0.009635577938
106877	0.007805103177
106878	0.004436374136
106879	0.008716046515
106880	0.001651994844
106881	0.0002337621875
106882	0.001053787098
106883	0.001260265943
106884	0.005951250986
106885	0.002666873694
106886	0.001303605229
106887	0.0001401251568
106888	0.0005752701718
106889	0.001563098338
106890	0.00347711656
106891	0.001118654518
106892	0.01722794477
106893	0.004353131409
106894	0.001896004379
106895	0.002170169725
106896	0.007911600389
106897	0.0005825789856
106898	0.005151704775
106899	0.01690629523
106900	0.001281886481
106901	0.0009326659413
106902	0.007775279218
106903	0.006243278043
106904	0.01298763092
106905	0.01312202398
106906	0.002115799014
106907	0.002537065377
106908	0.001395183108
106909	0.002900399782
106910	0.00235232139
106911	0.001518106369
106912	0.001357606532
106913	0.007615250494
106914	0.00924216752
106915	0.004538190832
106916	0.001539061332
106917	0.001168633929
106918	0.003000205231
106919	0.004775199085
106920	0.007987293879
106921	0.002123292476
106922	0.0001821267311
106923	0.006004030499
106924	0.0003417987178
106925	0.001583292391
106926	0.001030555533
106927	0.001117977951
106928	0.0005542646562
106929	0.00376621795
106930	0.002304604632
106931	0.007223798392
106932	0.01007115334
106933	0.007593879101
106934	0.000118181869
106935	0.009387838252
106936	0.008794545546
106937	0.003156764648
106938	0.00113170036
106939	0.00515448816
106940	0.006116601725
106941	0.001721531683
106942	0.00678049331
106943	0.005093527746
106944	0.001156404554
106945	0.0009768953042
106946	0.002820836439
106947	0.004118092985
106948	0.003464157086
106949	0.01616708986
106950	0.009434918441
106951	0.01747545146
106952	0.008611776734
106953	0.001391944909
106954	0.00254236907
106955	0.00711288732
106956	0.003124177437
106957	0.00193656669
106958	0.008012682733
106959	0.005144156886
106960	0.004824048816
106961	0.002302302012
106962	0.01707581031
106963	0.01025933423
106964	0.01255707974
106965	2.103255284e-05
106966	0.0006412410868
106967	0.0006531818179
106968	0.004835482928
106969	0.001569734208
106970	0.0004781861565
106971	0.01093420862
106972	0.006507549417
106973	0.003431693674
106974	0.001398371254
106975	0.002134833553
106976	0.008533941759
106977	0.01474494201
106978	0.005472838957
106979	2.087631398e-07
106980	0.0007603753793
106981	0.0005853526889
106982	7.406205062e-05
106983	0.001617715951
106984	0.001700193077
106985	0.001083095254
106986	0.0007202829777
106987	0.002764712295
106988	0.005863217941
106989	0.006463286626
106990	0.001062330503
106991	0.01040239957
106992	0.01523626367
106993	0.007309437627
106994	0.002358997871
106995	0.00204865104
106996	0.001405984165
106997	0.007764616327
106998	0.008365100382
106999	0.009836680045
107000	0.007955579679
107001	0.001579586003
107002	0.0006225614217
107003	0.00284630067
107004	0.004398622264
107005	0.004353280851
107006	0.003084845564
107007	0.002293231162
107008	0.0058255632
107009	0.01717294652
107010	0.001624160434
107011	0.00214367738
107012	0.00647446764
107013	0.007797827226
107014	0.01681664201
107015	0.001103002718
107016	0.003365757852
107017	0.007189739875
107018	0.01469879166
107019	0.0006962930933
107020	0.002348124384
107021	0.002368992501
107022	0.005781318122
107023	0.003347314522
107024	0.005147577586
107025	0.009265392634
107026	0.0001167696401
107027	0.004804583095
107028	0.0001575331192
107029	0.001181491861
107030	0.009049615226
107031	0.01886276273
107032	0.01285484059
107033	0.003905045539
107034	0.002065225507
107035	0.006806685655
107036	0.004083027102
107037	0.003120459117
107038	0.004626569876
107039	0.006716387681
107040	0.01823456309
107041	0.006639100539
107042	0.007312479487
107043	0.004404555428
107044	0.005623406681
107045	0.003280437539
107046	0.002905740273
107047	0.002982332971
107048	0.01625988456
107049	0.006800991413
107050	0.003184632319
107051	0.001260033284
107052	0.001241721796
107053	0.0003875306154
107054	0.003213819289
107055	0.001842814961
107056	0.001843185354
107057	0.001974504624
107058	0.001865623124
107059	0.0002549567266
107060	0.009035078057
107061	0.003855908847
107062	0.00220150846
107063	0.008002702189
107064	0.006350285094
107065	0.002917182642
107066	0.008820888122
107067	0.0106299119
107068	0.003447726404
107069	0.009242811654
107070	0.006049888029
107071	0.01944685875
107072	0.0068766524
107073	0.005499152784
107074	0.002948482166
107075	0.002170071696
107076	0.0006665623805
107077	0.007807809434
107078	0.003091588868
107079	0.004527415203
107080	0.00991529364
107081	0.001027944145
107082	0.01156771032
107083	0.003892739985
107084	0.006223726904
107085	0.005214505922
107086	0.004088439452
107087	0.000964381815
107088	0.002314833243
107089	0.0002210921442
107090	0.001831038909
107091	0.002964467556
107092	0.001658663668
107093	0.002203081206
107094	0.001866236025
107095	0.003389689631
107096	0.0102483309
107097	0.005439756606
107098	0.009775564221
107099	0.008450091104
107100	0.0006404914378
107101	0.001171161232
107102	0.004152344253
107103	0.0002116473166
107104	0.001895039389
107105	0.0005840230245
107106	0.0009962844943
107107	0.004566492577
107108	0.002014905248
107109	0.005063628826
107110	0.0005912879492
107111	0.002814174076
107112	0.004644560648
107113	0.005523266103
107114	0.0004752883124
107115	0.004051192124
107116	0.000947819976
107117	0.007486825773
107118	0.002336326756
107119	0.00739777972
107120	2.150331424e-05
107121	0.009548810482
107122	0.0008131012439
107123	0.009121040595
107124	0.004854330039
107125	9.748032754e-05
107126	0.0007417985978
107127	0.009379265292
107128	0.01156709159
107129	0.007891250806
107130	0.00286660354
107131	0.005838220481
107132	0.002166818725
107133	0.00257131045
107134	0.00290671887
107135	0.006664117227
107136	0.00634788211
107137	0.006268002064
107138	0.01390961164
107139	0.01248673789
107140	0.009193069453
107141	0.0009306756871
107142	0.001359524645
107143	0.004259321547
107144	0.002143136838
107145	0.002737959731
107146	0.001414514074
107147	0.009766120762
107148	0.006503309805
107149	0.01474973587
107150	0.008080510427
107151	0.01102713351
107152	0.01021779172
107153	0.007880735853
107154	0.0011738702
107155	0.004155773265
107156	0.008606819464
107157	0.01113555958
107158	0.004354690838
107159	0.003562205192
107160	0.008847419086
107161	0.01376776969
107162	0.001267164341
107163	0.005638577829
107164	0.0002212987369
107165	0.001940423909
107166	0.009605366043
107167	0.003661287049
107168	0.001911545686
107169	0.002584872148
107170	0.0004068176041
107171	0.001354146913
107172	0.01237294487
107173	0.00322044119
107174	0.01131978076
107175	0.004931908249
107176	0.002185742755
107177	0.004210161155
107178	0.007776944409
107179	0.006802592117
107180	0.002101505355
107181	0.001553162832
107182	0.0009144725255
107183	0.003352674364
107184	0.003830627504
107185	0.002165065706
107186	0.001699385306
107187	0.003970710129
107188	0.004978235304
107189	0.01175010891
107190	0.00833995643
107191	0.003730635907
107192	0.008262227776
107193	0.003977488248
107194	3.742761879e-05
107195	0.004372685388
107196	0.0008540725213
107197	0.004540263018
107198	0.004456148613
107199	0.004288076108
107200	0.002545057665
107201	0.005052448175
107202	0.00118488853
107203	0.02221701093
107204	0.0001259844731
107205	0.002606016084
107206	0.003967354473
107207	0.004597471136
107208	0.0009715819355
107209	0.0001101721802
107210	0.001078747086
107211	0.003452481535
107212	0.0003132032368
107213	9.492928562e-05
107214	0.0003658487936
107215	0.0002270299424
107216	0.003236601203
107217	0.005403413704
107218	0.001440077262
107219	0.002616060576
107220	0.002799712242
107221	4.134548857e-05
107222	0.003725736723
107223	0.0006736214954
107224	0.003044810818
107225	0.0001378443839
107226	0.0009290382769
107227	0.002869263816
107228	0.008600963091
107229	0.0212632405
107230	0.00528746691
107231	0.003615849005
107232	0.003845858617
107233	0.001166664378
107234	0.004371036012
107235	0.0001441798347
107236	0.01006001974
107237	0.001666322238
107238	0.001917968074
107239	0.000944638979
107240	0.001683929978
107241	0.001998935579
107242	0.001683559034
107243	0.0007361844775
107244	0.002250402463
107245	0.0003252706361
107246	0.004538388177
107247	0.002348467856
107248	0.000476004326
107249	0.001863347634
107250	0.001619767368
107251	0.0005887659129
107252	0.0006180070708
107253	0.001698701212
107254	0.002679585137
107255	0.003176825387
107256	0.001855813661
107257	0.01353647089
107258	0.0008047195937
107259	0.0037620653
107260	0.003425106479
107261	0.002673298366
107262	0.002015653318
107263	0.00528584324
107264	0.003976569455
107265	0.002025051361
107266	0.00315135256
107267	0.002977329385
107268	0.006423464594
107269	0.006695971993
107270	0.001135978652
107271	0.001257340776
107272	0.00191031744
107273	0.0007914776726
107274	0.0003185491308
107275	0.001323628739
107276	0.001314524221
107277	0.0001783079345
107278	0.001311838601
107279	0.001131328203
107280	0.0005147766451
107281	0.0007579766017
107282	0.0004364075787
107283	0.002090433803
107284	0.005006207609
107285	0.01210204668
107286	0.009589553209
107287	0.001543022584
107288	0.00679346521
107289	0.006452614999
107290	0.01014852119
107291	0.001915485876
107292	0.003253100535
107293	0.004383761029
107294	0.00113302367
107295	0.0005869210674
107296	0.0007991317432
107297	0.002015410583
107298	0.001962981915
107299	0.008486403498
107300	0.00827893959
107301	0.002265243579
107302	0.000538014253
107303	0.0005489550406
107304	0.000388100357
107305	0.007509509275
107306	0.003240551473
107307	0.003874388275
107308	0.009938814675
107309	0.002946147234
107310	0.002398452104
107311	0.000281073114
107312	0.01098444091
107313	0.00121586284
107314	0.001575651967
107315	0.001745108136
107316	0.001498305497
107317	0.003656654132
107318	0.001146200424
107319	0.005511070865
107320	0.007893874101
107321	0.001016368659
107322	0.004413113032
107323	0.0140244974
107324	0.004978629575
107325	0.0002703685183
107326	0.0003690989884
107327	0.0007969594137
107328	0.0004878456112
107329	0.003624677727
107330	0.004896154648
107331	0.007349712175
107332	0.005651395607
107333	0.0003813140658
107334	0.004205258801
107335	0.002855172325
107336	0.001491704961
107337	0.0003949187714
107338	0.003345001828
107339	0.0008805571464
107340	0.01375137608
107341	0.004013379927
107342	0.00735407482
107343	0.008380207306
107344	0.00538035394
107345	0.002503625691
107346	0.0006715473908
107347	0.00566566969
107348	0.005947833962
107349	0.005048940395
107350	0.001034431226
107351	0.00551017439
107352	0.008007094591
107353	0.002943955302
107354	0.006261779323
107355	0.0001024882177
107356	0.0104414403
107357	0.0055032774
107358	0.00134653602
107359	0.002313873076
107360	6.874856731e-07
107361	0.0001217250943
107362	0.0001198077102
107363	0.008117799702
107364	0.01605707287
107365	0.01563837919
107366	0.003297080384
107367	0.0119265127
107368	0.002554822942
107369	0.01025496535
107370	0.0108323261
107371	0.0006543398425
107372	0.0009651289207
107373	0.009484869481
107374	0.0008624019292
107375	0.006213531419
107376	0.004349070886
107377	0.003797405595
107378	0.0114977752
107379	0.00148744543
107380	0.001018788514
107381	0.01928454238
107382	0.002640751183
107383	0.008866858224
107384	0.0006168183283
107385	0.009146104632
107386	0.01027294701
107387	0.0003474184546
107388	0.01229802513
107389	0.001330743523
107390	0.0008162839067
107391	0.009988903306
107392	0.001120086652
107393	0.006454768397
107394	0.002305284916
107395	0.00265931849
107396	0.003890340013
107397	0.0001829900458
107398	0.0005782310022
107399	0.01114647696
107400	0.009011765628
107401	0.0005623355152
107402	0.0009071488468
107403	0.001112771254
107404	0.007768196562
107405	0.0006248007484
107406	0.001396931385
107407	0.007039806816
107408	0.001597401169
107409	0.002327176334
107410	0.002362912531
107411	0.00332193147
107412	0.004100175111
107413	0.004493373751
107414	0.01753309935
107415	0.004230699929
107416	0.007424839392
107417	0.004841675706
107418	0.001142115535
107419	0.003179470923
107420	0.002229281985
107421	0.004037976999
107422	0.01241959206
107423	0.01226233273
107424	0.006297872897
107425	0.0007187478472
107426	0.007117113163
107427	0.002307489106
107428	0.00162141456
107429	0.002908950987
107430	0.00502946793
107431	0.001148595018
107432	0.0002646492051
107433	0.001576203481
107434	0.0005221557658
107435	0.0009108099585
107436	0.0008334780324
107437	0.0005581293444
107438	0.0008252823418
107439	0.0003161735963
107440	0.000189383074
107441	0.004376834743
107442	0.004609185474
107443	0.0008282667763
107444	0.006532924626
107445	0.0009517424335
107446	0.00145394517
107447	0.007210562161
107448	0.004575996838
107449	0.0003851770067
107450	0.0001322837669
107451	0.0001271511968
107452	0.0002305869203
107453	0.003922061967
107454	0.008743078595
107455	0.003231965896
107456	0.004455374773
107457	0.006078510475
107458	0.0007675410359
107459	0.01476953047
107460	0.00139359323
107461	0.001742471758
107462	0.004331236917
107463	0.0004894375937
107464	0.002546625931
107465	0.003543842348
107466	0.002451048673
107467	0.0004579939005
107468	0.01016802002
107469	0.003898547038
107470	0.003658057635
107471	0.0025653738
107472	0.004595785802
107473	0.006267406085
107474	0.006297085344
107475	0.0178325793
107476	0.003999722246
107477	0.01886376671
107478	0.01390677186
107479	0.0145032396
107480	0.003496215872
107481	0.0007034222046
107482	0.0001814056295
107483	0.00646659234
107484	0.009055733645
107485	0.00165237548
107486	0.009279510197
107487	0.006004049447
107488	0.002931157087
107489	0.00454048617
107490	0.002183217867
107491	0.004827293888
107492	0.0003012963052
107493	0.005379561933
107494	0.001226305495
107495	0.002761693291
107496	0.004550011838
107497	0.001422157321
107498	0.0003840685185
107499	0.004664174668
107500	0.0003848762267
107501	0.003644505258
107502	0.006933023362
107503	0.001901062161
107504	0.006450702464
107505	0.000509886258
107506	0.009170845874
107507	0.002409876233
107508	0.009702247059
107509	0.01206357415
107510	0.000431025285
107511	0.00782371675
107512	0.00406887553
107513	0.003611612867
107514	0.01040853204
107515	0.01165946155
107516	0.013578818
107517	0.004771197641
107518	0.007390280783
107519	0.000244567395
107520	0.002790286847
107521	0.002170437173
107522	0.01409480653
107523	0.006871092157
107524	0.00152051207
107525	0.00300449533
107526	0.009064063415
107527	0.004430052872
107528	0.001547811295
107529	0.002116244417
107530	0.00647869682
107531	0.001983928271
107532	0.01121150268
107533	0.0005492716426
107534	0.01146487852
107535	0.002666430779
107536	0.007642305404
107537	0.002352528077
107538	0.004418235497
107539	0.01175286703
107540	0.009741704371
107541	0.0005792833602
107542	0.002334086846
107543	0.006169633303
107544	0.008042189938
107545	0.0006177686802
107546	0.0151931072
107547	0.01937489666
107548	0.005382163275
107549	0.003803725465
107550	0.002804229396
107551	0.002431705191
107552	0.003748140998
107553	0.002453152279
107554	0.0009775407964
107555	0.02006154236
107556	0.01377336776
107557	0.005195875812
107558	0.008783359526
107559	0.01521631717
107560	0.01291354572
107561	0.005360604063
107562	0.009304594919
107563	0.01016117362
107564	0.001568482477
107565	0.001271585948
107566	0.01094637985
107567	0.002335304437
107568	3.894403924e-05
107569	0.002659224419
107570	0.001218650051
107571	0.02293198612
107572	0.0007848720517
107573	0.002065546895
107574	0.01394496445
107575	0.009639891139
107576	0.002780216412
107577	0.003525076814
107578	0.0002043856186
107579	0.005447357048
107580	0.01735740574
107581	0.01610020109
107582	0.001487947021
107583	0.003781323333
107584	0.002992289613
107585	0.001145230533
107586	0.01047129795
107587	0.01165815492
107588	0.001920294273
107589	0.006110765816
107590	0.01390453168
107591	0.004023745473
107592	0.01642754266
107593	0.0164194412
107594	0.01116005943
107595	0.0003129719339
107596	0.002716700982
107597	0.00488274504
107598	0.001062654172
107599	0.000920125258
107600	0.001116038475
107601	0.0001664444586
107602	0.002282878837
107603	0.004264293452
107604	0.00289965544
107605	0.001766893894
107606	0.001509595699
107607	0.001321490818
107608	0.001522323582
107609	0.0002729333106
107610	0.002407873377
107611	0.00129393765
107612	0.009039871033
107613	0.002290999476
107614	0.0157389516
107615	0.005478636039
107616	0.01488151129
107617	0.004906030984
107618	0.015799795
107619	0.001731732391
107620	0.004268829094
107621	0.003175904294
107622	0.01408634721
107623	0.0004501169782
107624	0.001592510387
107625	0.003401443528
107626	0.0008736028237
107627	6.748712228e-05
107628	0.007120178017
107629	0.005502569949
107630	0.003434687123
107631	0.002121972549
107632	0.002139039624
107633	0.01318842052
107634	0.01380221838
107635	0.001049941769
107636	0.0005275626492
107637	0.006513102911
107638	0.001749449772
107639	0.004728469463
107640	8.287118395e-05
107641	0.001109619196
107642	0.003222656975
107643	0.001887353222
107644	0.01340572354
107645	0.003937097718
107646	0.004910252477
107647	0.005462372503
107648	0.002565964569
107649	0.001238220182
107650	0.0003974339488
107651	0.000380737156
107652	0.00450129525
107653	0.007892206559
107654	0.002210872404
107655	0.004398636281
107656	0.0006534157514
107657	0.007769850515
107658	0.006025073728
107659	0.004764014648
107660	0.002359040607
107661	0.000285686555
107662	0.0003759383488
107663	0.0008241826527
107664	0.002792607621
107665	0.002507818072
107666	0.001308444117
107667	0.01063876451
107668	0.008564988778
107669	0.005366092584
107670	0.002717698235
107671	9.637968509e-05
107672	0.000419101098
107673	0.0001647791741
107674	0.0003862663479
107675	0.000751983644
107676	0.0003127256066
107677	0.001446577183
107678	0.0004641489014
107679	0.0006067316447
107680	0.001047255972
107681	0.001537533603
107682	0.001000019141
107683	0.0002097146604
107684	0.006278715474
107685	0.004034833643
107686	0.004758576565
107687	0.01177760073
107688	0.002333316261
107689	0.01533580629
107690	0.01018540287
107691	0.002946101529
107692	0.004291436827
107693	0.001482761284
107694	0.01015029491
107695	0.01101363364
107696	0.01057432936
107697	0.006586551868
107698	0.002993801261
107699	0.01286239216
107700	0.01089868
107701	0.01428699935
107702	0.001310785567
107703	0.009950944782
107704	0.002789799283
107705	0.002545741109
107706	0.004518787752
107707	0.003340726522
107708	0.0009206613739
107709	0.01322951434
107710	0.0006199950181
107711	0.005503798101
107712	0.000384225814
107713	5.334177372e-05
107714	0.00193838827
107715	0.001229506473
107716	0.003344909131
107717	0.0004800499213
107718	0.003898119944
107719	0.001617640792
107720	0.001176251786
107721	0.001564831483
107722	0.01397303317
107723	0.004444502816
107724	0.003801253461
107725	0.005508048935
107726	0.004926635739
107727	0.004431641857
107728	0.01069367269
107729	0.004762825132
107730	0.009716319289
107731	0.0108490194
107732	0.0002471100975
107733	0.002572496533
107734	0.01036976938
107735	0.001649404727
107736	0.006291677099
107737	0.0003296986702
107738	0.0001415325013
107739	0.0005226264285
107740	0.0004621498306
107741	0.005128624091
107742	0.003440875299
107743	0.002944222086
107744	0.001234298126
107745	0.006277283545
107746	0.002052881542
107747	0.001713590912
107748	0.005748398336
107749	0.006595808146
107750	0.001122330644
107751	0.0003890406157
107752	0.00427060383
107753	0.002656855597
107754	0.004850399096
107755	0.00493457316
107756	0.005908325975
107757	0.002691689734
107758	0.001499831695
107759	0.00188280446
107760	0.006049810532
107761	0.01022701074
107762	0.003319097972
107763	0.01113014296
107764	0.003199246492
107765	0.0003431873217
107766	0.001272085537
107767	0.002008815902
107768	0.005810591702
107769	0.0006493532426
107770	0.01182325849
107771	0.006794684663
107772	0.005137034927
107773	0.009920721736
107774	0.0004341368569
107775	0.0008294336522
107776	0.0004439132671
107777	0.001072427475
107778	0.01056242764
107779	0.007779538396
107780	0.01194452792
107781	0.0007268057933
107782	0.001370158506
107783	0.001879270571
107784	0.004049706035
107785	0.004827281373
107786	0.004705419323
107787	0.00435689712
107788	0.001562566878
107789	0.005935613697
107790	0.001043728451
107791	0.0003652542577
107792	0.003339654038
107793	0.00368508305
107794	0.0002843781258
107795	0.01486871477
107796	0.009565998974
107797	0.005631954801
107798	0.00069381371
107799	2.64278604e-05
107800	0.001222093177
107801	0.007484733704
107802	0.000776057527
107803	0.0009702433943
107804	0.004663027436
107805	0.001577499596
107806	0.01423962493
107807	0.003132622315
107808	0.000598392507
107809	0.006018927992
107810	0.001431490806
107811	2.717713325e-05
107812	0.002449940642
107813	0.01530384799
107814	0.002275861459
107815	0.006020703256
107816	0.001832559055
107817	0.002971932303
107818	0.00409967167
107819	0.002687812973
107820	0.006205938584
107821	0.001621238791
107822	0.005374965797
107823	0.00122739442
107824	0.002190153017
107825	0.006506199734
107826	0.006877720728
107827	0.0007874987557
107828	0.008339991152
107829	0.002602834053
107830	0.002351299829
107831	0.002435398136
107832	0.004072027857
107833	0.001374855825
107834	0.0001703643834
107835	0.007138669626
107836	0.002687226981
107837	0.004281796622
107838	0.002199741034
107839	0.0004621624901
107840	0.006160493798
107841	0.003260354239
107842	0.0001082931119
107843	0.009520417781
107844	0.004255029238
107845	0.002195546048
107846	0.007787878655
107847	0.01270325068
107848	0.0068379996
107849	0.001515193776
107850	0.003934813408
107851	0.002811642559
107852	0.0004814457192
107853	0.01231804606
107854	0.003217766355
107855	0.001812505901
107856	0.006752793525
107857	0.002745921086
107858	0.0001514917795
107859	0.00974634098
107860	0.004440896182
107861	0.0002086318764
107862	0.002507776572
107863	0.003869648037
107864	0.001798962568
107865	0.004898074584
107866	0.002851453996
107867	0.0122404034
107868	0.005525772801
107869	0.008590568472
107870	0.008703651804
107871	0.0003304780228
107872	0.002175944516
107873	0.004208239469
107874	0.003282767127
107875	0.006579137569
107876	0.002759096137
107877	0.0008680907075
107878	0.0003019433399
107879	0.006556123461
107880	0.0008443091335
107881	0.00367446459
107882	0.002953340072
107883	0.001226964745
107884	0.0009212607706
107885	0.004298396588
107886	0.004039729716
107887	0.002567677555
107888	0.0005003599908
107889	0.0001122828541
107890	0.003796065724
107891	0.001689980502
107892	1.341595064e-05
107893	0.003796389658
107894	0.002420540343
107895	0.0038616618
107896	0.001434546309
107897	0.001833778967
107898	0.008352864472
107899	0.005295295914
107900	0.008555490756
107901	0.0023608042
107902	0.005780361799
107903	0.002744534337
107904	0.003272020475
107905	0.003003982165
107906	0.006223553208
107907	0.0002934211578
107908	0.003255135607
107909	0.004481207363
107910	0.001255401403
107911	0.00955887253
107912	0.001935179473
107913	0.008190310079
107914	0.005737864028
107915	0.002373370942
107916	0.000601659286
107917	0.01953805556
107918	0.002749951098
107919	0.007128519442
107920	0.003931569491
107921	0.003785523746
107922	0.00200572026
107923	0.004600037114
107924	0.005040790712
107925	0.001195096512
107926	0.0006065998394
107927	0.002682628858
107928	0.00355478497
107929	0.002375187666
107930	0.003894319997
107931	0.0029037679
107932	0.002677001195
107933	0.002529314901
107934	0.0001438865411
107935	0.004936292518
107936	0.009102879568
107937	0.006343299592
107938	0.0003796279245
107939	0.009078991619
107940	0.005946824301
107941	0.0005680253009
107942	0.007693683745
107943	0.003693538813
107944	0.0002817138754
107945	0.007576656239
107946	0.003809267263
107947	0.006033028974
107948	0.003342533165
107949	0.01019630255
107950	0.01638242219
107951	0.01153874725
107952	0.002616125108
107953	0.008277838626
107954	0.0006887104208
107955	0.005192385209
107956	0.01142062147
107957	0.003913739587
107958	0.00211921951
107959	0.001911084276
107960	0.006372208466
107961	0.001588664233
107962	0.005740567028
107963	0.01236171827
107964	0.004886687427
107965	0.00956719388
107966	0.006163263761
107967	0.0007829381973
107968	0.00761104229
107969	0.001958483655
107970	0.009757453583
107971	0.001937347011
107972	0.007241266062
107973	0.002484098812
107974	0.01186760677
107975	0.001558041291
107976	0.001376172205
107977	0.001546797601
107978	0.003379832989
107979	0.003998392986
107980	0.00360336001
107981	0.01148826071
107982	0.00817674618
107983	0.0004652241184
107984	0.009299379171
107985	0.002853772301
107986	0.01570129648
107987	0.006982282993
107988	0.001725448314
107989	0.0009800177752
107990	0.002449611206
107991	0.002205006234
107992	0.001619017474
107993	0.00166234279
107994	0.009563097584
107995	0.01165544332
107996	0.003258474056
107997	0.005485261139
107998	0.002690130269
107999	0.002315426053
108000	0.001857107872
108001	0.004943966231
108002	0.0002601791731
108003	0.002452062906
108004	0.001254289284
108005	0.0002160012012
108006	0.001682093367
108007	0.000245666813
108008	0.002388703947
108009	0.002604604696
108010	0.005142194054
108011	0.001055994303
108012	0.008954902487
108013	0.001130187632
108014	0.01131977114
108015	0.01140916151
108016	0.005017716478
108017	0.001743906761
108018	0.002738536455
108019	0.001957155009
108020	0.0004052215314
108021	0.007885592675
108022	0.0160647391
108023	0.001824476824
108024	0.001009140632
108025	0.005796023119
108026	0.007096574179
108027	0.001483176949
108028	0.0003225311725
108029	0.003208766232
108030	0.001490801034
108031	0.002371504639
108032	0.002762822985
108033	0.002574827175
108034	0.01113823952
108035	0.009884126384
108036	0.003878638071
108037	0.005234863658
108038	0.009408100395
108039	0.004112985197
108040	0.001166055942
108041	0.0009365561003
108042	0.00205441854
108043	0.004526269685
108044	0.002046377321
108045	0.00153873479
108046	0.02013542212
108047	0.0002850851967
108048	0.002350082961
108049	0.0008957356583
108050	0.005883131973
108051	0.01649541197
108052	0.001035330622
108053	0.002431570857
108054	0.002337071879
108055	0.003333793102
108056	0.009602175275
108057	0.0006135662882
108058	0.001888808783
108059	0.01759118639
108060	0.00738902781
108061	0.003480673167
108062	0.01133965694
108063	0.0003098494466
108064	0.002708901618
108065	0.01141140955
108066	0.003395374077
108067	0.001492631245
108068	0.007092012519
108069	0.004178715356
108070	0.002388686984
108071	0.0001387649958
108072	0.0002166644537
108073	0.01973816644
108074	0.005119774224
108075	0.008991520644
108076	0.01036906077
108077	0.009373334219
108078	0.003910456794
108079	0.003289284663
108080	0.01276719143
108081	0.01207985008
108082	0.0159928037
108083	0.00293250638
108084	0.002301164824
108085	0.01016338433
108086	0.0003351379906
108087	0.00965842585
108088	0.003533780685
108089	0.01190619799
108090	0.01802540022
108091	0.008022301248
108092	0.007352215246
108093	0.01573463012
108094	0.0001292506489
108095	0.002493901513
108096	0.01053603083
108097	0.01642062068
108098	0.006455917387
108099	0.01578639387
108100	0.004320350626
108101	0.001893755601
108102	0.001851192506
108103	0.002031163527
108104	0.004840403348
108105	0.01204733383
108106	0.003151263457
108107	0.002091056393
108108	0.002267536346
108109	0.002396004484
108110	0.009953924947
108111	0.01355398153
108112	0.0086998294
108113	0.003252616826
108114	0.0004101214044
108115	0.00760877946
108116	0.01155559616
108117	0.00413107296
108118	0.005818825959
108119	0.004406405674
108120	0.003801547564
108121	0.01261362986
108122	0.00793066413
108123	0.001989411941
108124	0.00541682945
108125	0.005261988168
108126	0.01142328271
108127	0.009831867327
108128	0.003718968289
108129	0.01396249808
108130	0.00388637367
108131	0.002085624546
108132	0.003819826517
108133	0.007980501722
108134	0.001142884697
108135	0.002956655669
108136	0.0144096702
108137	0.004693902774
108138	0.0002524413454
108139	0.008428224452
108140	0.00872175243
108141	0.003895097818
108142	0.0007016707448
108143	0.009341702957
108144	0.0005969894214
108145	0.001382337111
108146	0.0005234008986
108147	0.0001538776493
108148	0.004422251735
108149	0.001442554983
108150	0.006179939098
108151	5.032296025e-06
108152	0.003031434257
108153	0.001125779914
108154	0.003441935622
108155	0.002546119431
108156	0.0004549885271
108157	0.01265597741
108158	0.009535042616
108159	0.0104598476
108160	0.004141859139
108161	0.004003467081
108162	0.003435418113
108163	0.003132811211
108164	0.006525302817
108165	0.002370754094
108166	0.0003078845922
108167	0.008541203104
108168	0.00623330982
108169	0.0144787768
108170	0.005334437058
108171	0.01092015821
108172	0.003516509743
108173	0.01438333779
108174	0.002484792449
108175	0.004453870723
108176	0.00200698475
108177	0.01918199473
108178	0.008252742558
108179	0.004706117356
108180	0.0043479065
108181	0.006352504262
108182	0.004524454731
108183	0.0002550166685
108184	0.007643398978
108185	0.002459640836
108186	0.004986727832
108187	0.009461571243
108188	0.009556181952
108189	0.002914657322
108190	0.01686348371
108191	0.003906581577
108192	0.00114320195
108193	0.004718463828
108194	0.0114162093
108195	0.002380055503
108196	0.006774294158
108197	0.001639303146
108198	0.002925740743
108199	0.006250520117
108200	0.002781513257
108201	0.001322142798
108202	2.025451237e-05
108203	0.002744710478
108204	0.001012049494
108205	0.001269075066
108206	0.001764928427
108207	0.01162693411
108208	0.001911102435
108209	0.01251908067
108210	0.004047503931
108211	0.00749447347
108212	0.003097735231
108213	0.002433762377
108214	0.0008416132233
108215	0.006439130183
108216	0.002870718508
108217	0.0001088336677
108218	0.002305608278
108219	0.004470623056
108220	0.01070422718
108221	0.005729949096
108222	8.553932767e-05
108223	0.0006881424011
108224	0.001137537355
108225	0.001789753937
108226	0.0002568106174
108227	0.003648247838
108228	0.00692304336
108229	0.001286359859
108230	0.00869176218
108231	0.002734692902
108232	0.0009754269719
108233	0.001112632492
108234	0.01779143953
108235	0.009487193546
108236	0.002081015745
108237	0.01391776205
108238	0.007591737795
108239	0.009578835411
108240	0.006953554418
108241	0.003447750456
108242	0.01407510642
108243	0.003423717918
108244	0.006862774753
108245	0.005562136767
108246	0.00367534495
108247	0.0002034081589
108248	0.001744979551
108249	0.001248451697
108250	0.005613151829
108251	0.001071026925
108252	0.0113545546
108253	0.01451265683
108254	0.002076377597
108255	0.003429918156
108256	0.005246230043
108257	0.002238886839
108258	0.01142030737
108259	0.008137250845
108260	0.002152758029
108261	0.008134071707
108262	0.002608145282
108263	0.01240091074
108264	0.005562397319
108265	0.005582780751
108266	0.008194666761
108267	0.00577573761
108268	0.008206892941
108269	0.004375303528
108270	0.004375707704
108271	0.01173614117
108272	0.0007855387879
108273	0.001099027613
108274	0.007389927153
108275	0.01832295218
108276	0.004571497539
108277	0.003431252024
108278	0.004985750118
108279	0.01309990624
108280	0.004428310073
108281	0.004765623711
108282	0.01256795246
108283	0.004142311194
108284	0.01091674401
108285	0.008929562521
108286	0.01874990015
108287	0.001637127218
108288	0.0009125531831
108289	0.001455178364
108290	0.0004168149599
108291	0.004396750959
108292	0.0001911585461
108293	0.01905078047
108294	0.002966518581
108295	0.002859571353
108296	0.000143637713
108297	0.001493441836
108298	0.01253946906
108299	0.002884348975
108300	0.01041959357
108301	0.0100340898
108302	0.002748728333
108303	0.003741268549
108304	0.006738570721
108305	0.003810721152
108306	0.009375411105
108307	0.01241862242
108308	0.006569411155
108309	0.005953231547
108310	0.004046590073
108311	0.003720432995
108312	0.003538579513
108313	0.0005121769064
108314	0.000440301002
108315	0.001179010776
108316	0.0102049684
108317	0.01045229536
108318	0.01357846735
108319	0.0002273091962
108320	0.006261614629
108321	0.005319277868
108322	0.0005885895852
108323	0.01518824072
108324	0.004262465776
108325	0.003564547548
108326	0.0275804231
108327	0.01544105238
108328	0.01418383949
108329	0.003814249148
108330	0.02337813779
108331	0.001917865987
108332	0.001090942204
108333	0.006979289664
108334	0.005569117346
108335	0.0053728202
108336	0.01379104411
108337	0.01109674049
108338	0.003119639069
108339	0.00955148273
108340	0.001908804842
108341	0.01768456168
108342	0.006253600849
108343	0.005553930906
108344	0.0006480131187
108345	0.000859807035
108346	0.003561154931
108347	0.0009952127677
108348	0.0007516133002
108349	0.00504093342
108350	0.006467496884
108351	0.0005785305015
108352	0.001161624425
108353	0.001203795778
108354	0.001860146624
108355	7.85791843e-05
108356	0.002516739192
108357	0.007637056829
108358	0.001522834593
108359	0.002833786169
108360	0.003201282957
108361	0.00210477212
108362	0.004237727958
108363	0.00478880394
108364	0.008952941681
108365	0.01233491114
108366	0.002122673426
108367	0.009846738829
108368	0.006139939682
108369	0.007158067402
108370	0.006220589921
108371	0.007787393867
108372	0.001696604607
108373	0.004747101749
108374	0.0005206993923
108375	0.001259546263
108376	0.0005261552457
108377	0.0002576723519
108378	0.001295760232
108379	0.0009371134189
108380	0.002220742181
108381	0.005419423587
108382	0.006266508227
108383	0.002253799245
108384	0.01059097598
108385	0.00773120593
108386	0.01643527319
108387	0.001237321628
108388	0.0005871784152
108389	0.002280126062
108390	0.006589678854
108391	0.003262215575
108392	0.000842709823
108393	0.001368495695
108394	0.004086698942
108395	0.00320587618
108396	0.00342201892
108397	0.009444330991
108398	0.007877622722
108399	0.0036880461
108400	0.009286153214
108401	0.004745262421
108402	0.0237198736
108403	0.002102837442
108404	0.008231478214
108405	0.001574824546
108406	0.007691394582
108407	0.004134134848
108408	0.006966840389
108409	0.004708238339
108410	0.01125456337
108411	0
108412	0.01233098286
108413	0.002300997766
108414	0.01078734165
108415	0.00115354697
108416	0.0001112650139
108417	0.003691119761
108418	0.002349701455
108419	0.0007208872783
108420	0.001452052568
108421	0.004824525758
108422	0.005017783221
108423	0.009240773691
108424	0.005581308226
108425	0.02016075972
108426	0.003472094551
108427	0.008236093484
108428	0.003180360958
108429	0.003810921734
108430	0.01274219214
108431	0.001398403437
108432	0.002505026557
108433	0.006369564492
108434	0.003348264393
108435	0.001603164432
108436	0.003351818169
108437	0.003390514054
108438	0.002851026491
108439	0.003785628626
108440	0.002839142586
108441	0.002860200346
108442	0.005834588985
108443	0.005412883349
108444	0.004214749609
108445	0.0007732724712
108446	0.01323875571
108447	0.006744930475
108448	0.009394523996
108449	0.005267089007
108450	0.0011850953
108451	0.001959042843
108452	0.003960544599
108453	0.01206734208
108454	0.01120220419
108455	0.006061534667
108456	0.01341787496
108457	0.01134779193
108458	0.006952789148
108459	0.0005014072973
108460	0.001501602501
108461	0.006056343859
108462	0.001063114274
108463	0.002410997111
108464	0.01394564674
108465	0.0028242235
108466	0.002483087695
108467	0.01046371526
108468	0.00636024743
108469	0.01592723878
108470	0.002954266287
108471	0.01613135399
108472	0.0007860102817
108473	0.005013961983
108474	0.0003776533248
108475	0.01025985617
108476	0.01046822084
108477	0.004202459027
108478	0.003846744322
108479	0.001401175524
108480	0.01334446833
108481	0.02530480887
108482	0.003176186846
108483	0.01217877504
108484	0.007450031456
108485	0.00291514529
108486	0.003702692693
108487	0.009335295737
108488	0.002654393302
108489	0.0005717574202
108490	0.02076146729
108491	0.003426362629
108492	0.02254155714
108493	0.004884775884
108494	0.01053692926
108495	0.01169120596
108496	0.003911088116
108497	0.001527780817
108498	0.01159366628
108499	0.007830334585
108500	0.007675862196
108501	0.005070565618
108502	0.002329820772
108503	0.003180074882
108504	0.008024774649
108505	0.01070341316
108506	0.01983916099
108507	0.01554137259
108508	0.001932550751
108509	0.009370988952
108510	0.003225744244
108511	0.008562341297
108512	0.003132102945
108513	0.003720978667
108514	0.01513224128
108515	0.007149071367
108516	0.0005581396542
108517	0.005887644894
108518	0.0008726775305
108519	0.002183057249
108520	0.009074953087
108521	0.006674283629
108522	0.00878273974
108523	0.009792147684
108524	0.005301532814
108525	0.005262646702
108526	0.01419112914
108527	0.001077951943
108528	0.001380046725
108529	0.001975449055
108530	0.0004480932545
108531	0.001998415751
108532	0.0004879316738
108533	0.01053130971
108534	0.002115665408
108535	0.0008005081281
108536	0.01328846152
108537	0.01162165709
108538	0.005507028311
108539	0.0109402374
108540	0.0006891333052
108541	0.004669153836
108542	0.001370215732
108543	0.0002069037555
108544	0.008046710289
108545	0.00209427235
108546	0.005684552076
108547	0.003253378859
108548	0.002399749559
108549	0.008376192989
108550	0.002189866741
108551	0.02066994853
108552	0.00310584268
108553	0.0112965607
108554	0.002144107721
108555	0.001208578899
108556	0.001351530258
108557	0.007381870479
108558	0.010927688
108559	0.007099407828
108560	0.005194622688
108561	0.006431821989
108562	0.0005671909794
108563	0.0159485895
108564	0.004557016082
108565	0.005582497264
108566	0.003204857842
108567	5.338659435e-05
108568	0.00982513595
108569	0.006758270652
108570	0.001034581934
108571	0.01435039384
108572	0.01568717214
108573	0.002347185727
108574	0.001225669392
108575	0.007588350585
108576	0.01109789096
108577	0.01648370276
108578	0.002814170497
108579	0.002797812152
108580	0.01002123786
108581	0.01840829763
108582	0.0005816618051
108583	0.01579847852
108584	0.0027277702
108585	0.01894882069
108586	0.003332774299
108587	0.02416373555
108588	0.007520149818
108589	0.0006578938997
108590	0.002155766167
108591	0.01465536629
108592	0.001765810287
108593	0.002834146132
108594	0.01225555218
108595	0.0005427175499
108596	0.01385995144
108597	0.005683116355
108598	0.002457506189
108599	0.01600475377
108600	0.008081996059
108601	0.004390232901
108602	0.001069344458
108603	0.00480105504
108604	0.01033915624
108605	0.008564248191
108606	0.003822331841
108607	0.01057011043
108608	0.005651878979
108609	0.003717477875
108610	0.01471160065
108611	0.00699792945
108612	2.436902351e-05
108613	0.001078965981
108614	0.0006499912867
108615	0.00870359082
108616	0.006538855006
108617	0.005351745393
108618	0.01401269802
108619	0.009030773207
108620	0.004239983551
108621	0.008258875978
108622	0.0005982665975
108623	0.005150319677
108624	0.0008803773564
108625	0.001809442266
108626	9.459385138e-05
108627	0.01351304142
108628	0.008916982281
108629	0.0165658435
108630	0.00146025183
108631	0.006321401634
108632	0.00292909256
108633	0.001222271296
108634	0.008345237628
108635	0.00122520065
108636	0.007662533655
108637	0.0061066187
108638	0.003522511884
108639	0.005805924619
108640	0.002825299399
108641	0.004589898478
108642	0.003969308026
108643	0.0003916354522
108644	0.004637158261
108645	0.005369147329
108646	0.005347244062
108647	0.005526307372
108648	0.001487144015
108649	0.002892366585
108650	0.007772999958
108651	0.02183392134
108652	0.0008363184995
108653	0.004170878238
108654	0.006705204432
108655	0.001819119656
108656	0.007740475235
108657	0.002140117962
108658	0.007429213148
108659	0.005788889852
108660	0.007274466271
108661	0.0154657182
108662	0.0004173970555
108663	0.01572163614
108664	0.003751420846
108665	0.004572507364
108666	0.01727774068
108667	0.00649995971
108668	9.230248462e-05
108669	0.01605737013
108670	0.00649899659
108671	0.01200396045
108672	0.009170935886
108673	0.002530970596
108674	0.01000065745
108675	0.003387566669
108676	0.0004233440201
108677	0.0006448670109
108678	0.001945409318
108679	0.009980340586
108680	0.008924811009
108681	0.005796433875
108682	0.006208260694
108683	0.002464710873
108684	0.01199392285
108685	0.008977726635
108686	0.01419347033
108687	0.00216972027
108688	0.03347812165
108689	0.006036894813
108690	0.002975408655
108691	0.02044588464
108692	0.00226232088
108693	0.00525234202
108694	0.00481412501
108695	0.008443112669
108696	0.003352220711
108697	0.00705772763
108698	0.009016864598
108699	0.000885837904
108700	0.004861869654
108701	0.01308719105
108702	0.003657931242
108703	0.01001659961
108704	0.01484368413
108705	0.009985029747
108706	0.01283406015
108707	0.005739238679
108708	0.01152425846
108709	0.006552878565
108710	0.03375042516
108711	0.01379863137
108712	0.01763619162
108713	0.00148376939
108714	0.005914920615
108715	0.006271698031
108716	0.003763344339
108717	0.001072868102
108718	0.002073345132
108719	0.01134320943
108720	0.02032889662
108721	0.007809116415
108722	0.008313783901
108723	0.003709815596
108724	0.004346843195
108725	0.0112887342
108726	0.00278598331
108727	0.01111457436
108728	0.004684849376
108729	0.01537953478
108730	0.01207588965
108731	0.004357537211
108732	0.01589452738
108733	0.002835532785
108734	0.006331407848
108735	0.002253553307
108736	0.00272745409
108737	0.0003832405594
108738	0.0006429608935
108739	0.004252125229
108740	0.008339516888
108741	0.0001905163293
108742	0.01954691941
108743	0.01797558659
108744	0.0007199549986
108745	0.005367062021
108746	0.01362968496
108747	0.00823127023
108748	0.005236889016
108749	0.006107503493
108750	0.003842045629
108751	0.00594668878
108752	0.002491339941
108753	0.00524307676
108754	0.006321601457
108755	0.003183047891
108756	4.313584643e-05
108757	0.01020895522
108758	0.002417283558
108759	0.01146552945
108760	0.006998182708
108761	0.001276673408
108762	0.003561369779
108763	0.02318612286
108764	0.004192957446
108765	0.008812247807
108766	0.01290236454
108767	0.005293706856
108768	0.00201265892
108769	0.006594175772
108770	0.001599213258
108771	0.002374973023
108772	0.01359055043
108773	0.004523321518
108774	0.0006838741543
108775	0.00163002678
108776	0.01747665707
108777	0.0007200585938
108778	0.01441419805
108779	0.007670083238
108780	0.002096100054
108781	0.008495174179
108782	0.003225767843
108783	0.008092596186
108784	0.01496699753
108785	0.02344030025
108786	0.01534812416
108787	0.0007590358472
108788	0.004826571891
108789	0.009636727061
108790	0.01211163214
108791	0.005493530104
108792	0.006480908686
108793	0.001427646133
108794	0.01395403127
108795	0.0005465796853
108796	0.002717579741
108797	0.00160604406
108798	0.01391257497
108799	0.001070794479
108800	0.005866454684
108801	0.01118957475
108802	0.00534418328
108803	0.007950717457
108804	0.01215324607
108805	0.004400768318
108806	6.934811963e-05
108807	0.00235659274
108808	0.003649648743
108809	0.002965175256
108810	0.004277981531
108811	0.001094761117
108812	0.003326164822
108813	0.003783838785
108814	0.0007554759496
108815	0.001617955362
108816	0.005427027218
108817	0.003949318129
108818	0.00789751372
108819	0.004838816661
108820	0.007683821609
108821	0.0007388670637
108822	0.01188595389
108823	0.007107886243
108824	0.008430805204
108825	0.000717778119
108826	0.005215077103
108827	0.004166486065
108828	0.0002482773284
108829	0.006952430813
108830	0.009671211714
108831	0.003338612653
108832	0.003187433864
108833	0.00461344726
108834	0.001835753372
108835	0.00555535758
108836	0.003281701443
108837	0.005330844706
108838	0.002986276776
108839	0.005161471361
108840	0.00141593281
108841	0.008197683106
108842	0.008897950329
108843	0.0117810108
108844	0.01284656566
108845	0.00637764472
108846	0.0007564965507
108847	0.0009542900545
108848	0.0008383791459
108849	0.002606837926
108850	0.00594184313
108851	0.004039661315
108852	0.004148648403
108853	0.0007775672933
108854	0.005983255703
108855	0.0004435793601
108856	0.004420997753
108857	0.006197164189
108858	0.006953931403
108859	0.003944139493
108860	0.01395014482
108861	0.01475919596
108862	0.009789288447
108863	0.0004557598351
108864	0.003698532002
108865	0.008836977311
108866	0.001227287755
108867	0.007584418244
108868	0.004260125302
108869	0.009399539807
108870	0.003501939921
108871	0.004916400827
108872	0.007310034663
108873	0.005020153438
108874	0.003642282983
108875	0.007992516276
108876	0.00041732827
108877	0.001386142055
108878	0.002382707911
108879	0.007808229797
108880	0.001018222713
108881	0.003323065061
108882	0.00130741137
108883	0.005056592128
108884	4.975851891e-05
108885	0.00610561832
108886	0.006821092865
108887	0.00174003538
108888	0.006912165657
108889	0.002543147691
108890	0.0015892847
108891	0.0007349464835
108892	0.002277591146
108893	0.003398060165
108894	0.004267986173
108895	0.005709452585
108896	0.007441454219
108897	0.003493492898
108898	0.001351724888
108899	0.001015724619
108900	0.0005742732564
108901	0.0008913986886
108902	0.005323833133
108903	0.00642475921
108904	0.00156450764
108905	0.008620177433
108906	0.0001695937378
108907	0.0005167542379
108908	0.00147790019
108909	0.00817960209
108910	0.002543031908
108911	0.01794861607
108912	0.004643130967
108913	0.005299737164
108914	0.004256722403
108915	0.001116025046
108916	0.004084550293
108917	0.007338170776
108918	0.003978579747
108919	0.0007447588816
108920	0.0002914567127
108921	0.0008403968985
108922	0.002401984813
108923	0.001314475903
108924	0.007355734879
108925	0.00300647761
108926	0.0003923007672
108927	0.01424522953
108928	0.01449592789
108929	0.004238081128
108930	0.002490884138
108931	0.003829381275
108932	0.01156344551
108933	0.01281392121
108934	0.008445349603
108935	0.004536899432
108936	0.007660518018
108937	0.0003859714559
108938	0.01121253475
108939	0.009692664017
108940	8.19152594e-06
108941	0.01470038269
108942	0.001173508082
108943	0.01127181713
108944	0.009178028529
108945	0.004678460297
108946	0.005439078631
108947	0.01074785146
108948	0.0003278518173
108949	0.0006175592089
108950	0.005809486221
108951	0.009072493038
108952	0.007278133835
108953	0.009542536997
108954	0.004188273969
108955	0.00509514545
108956	0.003367046636
108957	0.00152999483
108958	0.01251314598
108959	0.005112987401
108960	0.005871435064
108961	0.000323676672
108962	0.001860241976
108963	0.006394590883
108964	0.01005277227
108965	0.01028036135
108966	0.003354550119
108967	0.003725962245
108968	0.007531609754
108969	0.001698668608
108970	0.006178269944
108971	0.00642499281
108972	0.003779567189
108973	0.006107274352
108974	0.001556298801
108975	0.006999520194
108976	0.02013375393
108977	0.01526829755
108978	0.0007610111295
108979	0.003181777081
108980	0.006901264739
108981	0.009721515193
108982	0.007479438419
108983	0.003347403124
108984	0.002206665111
108985	0.009794671076
108986	0.003013006299
108987	0.01099401465
108988	0.0009947748752
108989	0.008768989691
108990	0.002152370067
108991	0.01092723018
108992	0.0009077056023
108993	0.004019268979
108994	0.003022075949
108995	0.0009569903082
108996	0.004092429428
108997	0.00389032314
108998	0.01470964501
108999	0.01288031138
109000	0.008412417908
109001	0.002637117349
109002	0.0007317939098
109003	0.006376811489
109004	0.0007130365057
109005	0.007775378548
109006	0.009320734196
109007	0.004946391873
109008	4.593005538e-05
109009	0.004838337139
109010	0.002829641762
109011	0.005497384833
109012	0.003692326681
109013	0.001294530273
109014	0.000629443864
109015	0.003278105574
109016	0.003935163996
109017	0.0002578187494
109018	0.0006837490588
109019	0.002363484282
109020	0.009785771713
109021	0.002926551115
109022	0.008583498297
109023	0.01008565091
109024	0.001033908445
109025	0.009397853822
109026	0.007653343047
109027	0.004072243506
109028	0.004191449298
109029	0.00179195018
109030	0.0006073710832
109031	0.02083441154
109032	0.001837808262
109033	0.003352640928
109034	0.002160207686
109035	0.005623018596
109036	0.007842030314
109037	0.01074343735
109038	0.007306449981
109039	4.886448129e-05
109040	3.035259039e-06
109041	0.01101214959
109042	0.002664179658
109043	0.002412419218
109044	0.009396339146
109045	0.008425756586
109046	0.005084586756
109047	0.004775898789
109048	0.006906468369
109049	0.005009351257
109050	0.0004892205288
109051	0.01231637378
109052	0.003335475065
109053	0.005764981569
109054	0.001242783509
109055	0.01433152032
109056	0.00483316778
109057	0.009349363335
109058	0.01617046333
109059	0.005245992244
109060	0.008028483325
109061	0.002712380672
109062	0.009381786005
109063	0.01637998758
109064	0.001123083553
109065	0.01194659102
109066	0.01497308502
109067	0.006567826552
109068	0.007786577169
109069	0.002928356807
109070	0.006457206185
109071	0.001618818051
109072	0.01070469816
109073	0.006848595525
109074	0.006067033347
109075	0.009161903987
109076	0.003874260197
109077	0.006760232796
109078	0.01475670774
109079	0.01570095041
109080	0.009319053269
109081	0.002494012027
109082	0.00043692891
109083	0.01807375601
109084	0.001292396722
109085	0.002355450685
109086	0.007560747132
109087	0.001569356852
109088	0.0165658822
109089	0.003061830611
109090	0.006140772999
109091	0.004018914277
109092	0.0008530343072
109093	0.002377434832
109094	0.001593371564
109095	0.007790103763
109096	0.01504285334
109097	0.004509359424
109098	0.009428601507
109099	0.004637543246
109100	0.001322279055
109101	0.000190414888
109102	0.01209047207
109103	0.001819106554
109104	0.003352203278
109105	0.0003540222978
109106	0.00040346867
109107	0.003468833769
109108	0.00854538261
109109	0.00269415382
109110	0.00767653056
109111	0.008234654819
109112	0.0003651074863
109113	0.0005074437934
109114	0.0002154430183
109115	0.0006851494884
109116	0.001591547672
109117	0.003813367387
109118	0.004632305491
109119	0.001190283345
109120	0.003575295156
109121	0.007749657075
109122	0.002261063588
109123	0.0007500974488
109124	0.001374179676
109125	0.0148003596
109126	0.006148584375
109127	0.001002850533
109128	0.0006642232695
109129	0.0007024191429
109130	0.005063616027
109131	0.001205212372
109132	0.001474064741
109133	0.004502742592
109134	0.009073924639
109135	0.002765484829
109136	0.01111966338
109137	0.0001309766069
109138	0.01292018665
109139	0.0005057085385
109140	0.01051159528
109141	0.00589634288
109142	0.00531511643
109143	0.004523053074
109144	0.0005757167822
109145	0.005318505874
109146	0.006734980621
109147	0.005563513132
109148	0.006555851272
109149	0.000780685614
109150	0.009292996494
109151	0.001159280272
109152	0.005103880314
109153	0.00445973349
109154	0.01591343505
109155	0.006567022509
109156	0.0002194847772
109157	0.007407959138
109158	0.009981037792
109159	0.01359055785
109160	0.004220847871
109161	0.0009291120418
109162	0.01529978333
109163	0.02881639024
109164	0.000729703328
109165	0.0002351917697
109166	0.005111648149
109167	0.005544539784
109168	0.0009233523884
109169	0.004104589747
109170	0.01612285498
109171	0.01155849692
109172	0.003024885065
109173	0.003940337845
109174	0.002353620207
109175	0.001174377398
109176	0.0005582014876
109177	0.005601709159
109178	7.944193658e-05
109179	0.003757518207
109180	0.006882398065
109181	0.002362535707
109182	0.001317543071
109183	0.007946350948
109184	0.005564529092
109185	0.008661818607
109186	0.0006867477894
109187	0.002954040023
109188	0.004724329987
109189	0.00265372218
109190	0.00449990021
109191	0.00876488027
109192	0.003913631344
109193	0.00165548755
109194	0.001489705154
109195	0.003039109218
109196	0.006383357008
109197	0.00444729456
109198	0.00430932649
109199	0.02199947833
109200	0.001186938038
109201	0.001459261336
109202	0.001705553015
109203	0.0004958922078
109204	0.002320230553
109205	0.0001349216446
109206	0.00486232751
109207	0.004705453538
109208	0.005223146099
109209	0.0003998015596
109210	0.000775442003
109211	0.003371378265
109212	0.0009223925062
109213	0.002492145229
109214	0.004674874304
109215	0.002064566429
109216	0.001595696745
109217	0.005206358161
109218	2.075373307e-07
109219	0.000602940978
109220	0.003511598111
109221	0.004266337916
109222	0.003930293783
109223	0.004300652692
109224	0.00352154085
109225	0.0005447516211
109226	0.00171138286
109227	0.005147528788
109228	0.01042900298
109229	0.003393970991
109230	0.008797702606
109231	0.005394007694
109232	0.0003119511816
109233	0.006885165054
109234	0.007480092107
109235	0.0008132269636
109236	0.0001494235333
109237	0.003007481834
109238	0.005519385819
109239	0.00768021764
109240	0.0041989273
109241	0.001803900741
109242	0.008158791953
109243	0.01007881209
109244	0.005269747123
109245	0.001116503068
109246	0.006982056544
109247	0.001448888605
109248	0.002840999003
109249	0.006854655625
109250	0.01148423522
109251	0.001664556034
109252	0.001634020661
109253	0.0003048263327
109254	0.00827496323
109255	0.002517923335
109256	0.002703793428
109257	0.0003058354052
109258	0.002365789804
109259	0.002687889741
109260	0.002111150894
109261	0.002760156529
109262	0.0001304299318
109263	0.0004227385304
109264	0.006905623458
109265	0.005366136249
109266	0.006996103021
109267	0.006635502736
109268	0.0001496856424
109269	0.001206066728
109270	0.004283419855
109271	0.00096192716
109272	0.007881243948
109273	0.01664856666
109274	0.003399716235
109275	0.006671774762
109276	0.00371199855
109277	0.00196195141
109278	0.003891377443
109279	0.002914095149
109280	0.002379801136
109281	0.0005152263994
109282	0.0009140025006
109283	0.007364652916
109284	0.007956643728
109285	0.003466597392
109286	0.002122898855
109287	0.00434459863
109288	0.004709480276
109289	0.00719513472
109290	0.0001311886284
109291	0.01020814937
109292	0.00921489193
109293	0.002035727699
109294	0.00503389349
109295	0.0133242791
109296	0.0007719549236
109297	0.001856637794
109298	0.0007339835544
109299	0.0003749942165
109300	0.003550449444
109301	0.0006890785147
109302	0.004575895392
109303	0.004801342241
109304	0.005673498975
109305	0.002309765097
109306	0.001540338819
109307	0.0006110945318
109308	0.001495304657
109309	0.003703193123
109310	0.002613540376
109311	0.00666726653
109312	0.004475614327
109313	0.0003841512977
109314	0.005582919158
109315	0.006985406429
109316	0.01335660315
109317	0.0007629208073
109318	0.001577433557
109319	0.007932196582
109320	0.003511880045
109321	0.0008709855162
109322	0.0003081600181
109323	0.009761299438
109324	0.008779120238
109325	0.008524018619
109326	0.007057371411
109327	0.0004796196108
109328	0.0004535552721
109329	0.01223827858
109330	0.00302957115
109331	0.00616329096
109332	0.002941813655
109333	0.0002944934548
109334	0.001507545014
109335	0.0002102073651
109336	0.01095313595
109337	0.00923410337
109338	0.01287390043
109339	0.01093671402
109340	0.004883808702
109341	0.01386861075
109342	0.007652169593
109343	0.002592037574
109344	0.002166589145
109345	0.0004120899191
109346	0.01209482903
109347	0.001066043049
109348	0.008218355779
109349	9.02532849e-05
109350	0.008702187476
109351	0.01300811836
109352	0.0006417548277
109353	0.0008619327541
109354	0.0001722357204
109355	0.01371817996
109356	0.0001957218241
109357	0.003834636905
109358	0.0001291520227
109359	0.004513392841
109360	0.004895642799
109361	0.01032910423
109362	0.01422082997
109363	0.003036826214
109364	0.002419063841
109365	0.009354383432
109366	0.008448682664
109367	0.002235417196
109368	0.002022903979
109369	0.0002293876797
109370	0.008258932741
109371	0.006160950939
109372	0.00683078503
109373	0.005251528416
109374	0.001847772295
109375	0.0002268336792
109376	0.0006367452834
109377	0.0008386532191
109378	0.0005754185361
109379	0.0003692498683
109380	0.01097430239
109381	0.0006952849325
109382	0.002943785427
109383	0.004963780672
109384	0.0006127848494
109385	0.002343668011
109386	0.001658934454
109387	0.003273040884
109388	0.00679318691
109389	0.00907885519
109390	0.01211645849
109391	0.01001782495
109392	0.01333883538
109393	0.006565094123
109394	0.000983072911
109395	0.001397704037
109396	0.000991674224
109397	0.006257819717
109398	0.00513990391
109399	0.003159390016
109400	0.000137197634
109401	0.002602566776
109402	0.00629089124
109403	0.003383507981
109404	0.01111506393
109405	0.0135925875
109406	0.007044592424
109407	0.01021275993
109408	0.01086078832
109409	0.001597865972
109410	0.00356583979
109411	0.001500736002
109412	0.006510459352
109413	0.001615683466
109414	0.002358279363
109415	0.004981066121
109416	0.006217878038
109417	0.005238671824
109418	0.001626303232
109419	5.154501548e-05
109420	0.01040033988
109421	0.003328208655
109422	0.0003312261277
109423	0.004958878507
109424	0.000494560402
109425	0.0003894599787
109426	0.004355979778
109427	0.008315671161
109428	0.003973013473
109429	0.001825545248
109430	0.01140352826
109431	0.003077734727
109432	0.00174308333
109433	0.01106455884
109434	0.006251936062
109435	0.006242183903
109436	0.003481070623
109437	0.003125271205
109438	0.00149495633
109439	0.007173830403
109440	8.07698647e-05
109441	0.00717674008
109442	0.001372587138
109443	0.001480887978
109444	0.0008895179553
109445	0.001087819954
109446	0.008161665718
109447	0.01062669955
109448	0.01438461344
109449	0.01598941626
109450	0.005633851739
109451	0.002130134965
109452	0.002629009973
109453	0.0005939065243
109454	0.002177101505
109455	0.009037996616
109456	0.004593172914
109457	0.01638068245
109458	0.003807039074
109459	0.002951835914
109460	0.0001230323825
109461	0.0005867073134
109462	0.01558494896
109463	0.021829898
109464	0.006471522152
109465	0.01545176875
109466	0.004271658943
109467	0.01418811681
109468	0.002458048898
109469	0.01236549357
109470	0.01893377297
109471	0.009937168759
109472	0.007462221024
109473	0.003523263718
109474	0.009935465054
109475	0.007195859997
109476	0.002176388866
109477	0.01155746949
109478	0.004874386196
109479	0.01715000279
109480	0.001148370226
109481	0.003972184125
109482	0.005038211529
109483	0.01666918204
109484	0.004654496232
109485	0.005062359519
109486	0.01410395222
109487	0.001365270771
109488	0.0119036299
109489	0.0001510786788
109490	0.002704701395
109491	0.001285113525
109492	0.01031701116
109493	0.01201754714
109494	0.0001370245479
109495	0.006479266596
109496	0.003347254172
109497	0.0008182663129
109498	0.008602441055
109499	0.004541056798
109500	0.001961787031
109501	0.008433417401
109502	0.01880221606
109503	0.00482267995
109504	0.001300099052
109505	0.002086902061
109506	0.001405120464
109507	0.004002368072
109508	0.003970419689
109509	0.01312853039
109510	0.005784149959
109511	0.007700853918
109512	0.002883219781
109513	0.01426831672
109514	0.008513422016
109515	0.001670529401
109516	0.008531893506
109517	0.002346373868
109518	0.007070827408
109519	0.005058539047
109520	0.01024103957
109521	0.009785260386
109522	0.002665620946
109523	0.002528411607
109524	0.004623715269
109525	0.0003847028216
109526	0.01583067333
109527	0.002591172084
109528	0.00658719517
109529	0.01136706634
109530	0.01237873011
109531	0.0002157669334
109532	0.003366239532
109533	0.004635970515
109534	0.000275557218
109535	0.002288610231
109536	0.005448661193
109537	0.006432460034
109538	0.003633877429
109539	0.0006964354155
109540	0.01138117772
109541	0.006355449638
109542	0.006273548478
109543	0.0002302688421
109544	0.01401451185
109545	0.008474342444
109546	0.00437924111
109547	0.001836474218
109548	0.0006565742219
109549	0.00296123713
109550	0.001151496257
109551	0.002858755057
109552	0.009661270263
109553	0.009051198319
109554	0.002994947733
109555	0.004049956758
109556	0.004833224006
109557	0.001021297114
109558	0
109559	0.002458768391
109560	0.003717218516
109561	0.0214558955
109562	0.002342022798
109563	0.003468180687
109564	0.006581086106
109565	0.001307489081
109566	0.008117097735
109567	0.006936607467
109568	0.007045831268
109569	0.0055132005
109570	0.005655439333
109571	0.002932222513
109572	0.00397602678
109573	0.01053660746
109574	0.001320600748
109575	0.01417044501
109576	0.001102816672
109577	0.001130070814
109578	0.004041184463
109579	0.002725496781
109580	0.004317058392
109581	0.008446259476
109582	0.001433820636
109583	0.01213356736
109584	0.0001693514636
109585	0.001726686599
109586	0.02058164493
109587	0.008434071442
109588	0.007126886926
109589	0.006114879443
109590	0.009576753999
109591	0.01515488016
109592	0.001067674989
109593	0.009031873843
109594	0.003041956912
109595	0.01974924086
109596	0.002374473542
109597	0.001791702489
109598	0.001012569953
109599	0.009576674901
109600	0.001340216058
109601	0.01788797441
109602	0.01053237553
109603	0.003575001424
109604	0.008024280374
109605	0.002227089982
109606	0.009519566484
109607	0.008559516771
109608	0.01164500862
109609	0.001485814949
109610	0.002224219626
109611	0.001039306833
109612	0.006114571855
109613	0.008961034629
109614	0.002995812209
109615	0.00526867644
109616	0.01122065465
109617	0.0002943851424
109618	0.002051378317
109619	0.005807549314
109620	0.01317974468
109621	0.001157669208
109622	0.004362882775
109623	2.811990041e-05
109624	0.004064912358
109625	0.01267880884
109626	0.02052018123
109627	0.003498377188
109628	0.01311765016
109629	0.002593707248
109630	0.004547382511
109631	0.007220870099
109632	0.01155833609
109633	0.009870037528
109634	0.001072741713
109635	0.002196745974
109636	0.000866134904
109637	0.004213898574
109638	0.006919710862
109639	0.004816719478
109640	0.01744279057
109641	0.01472118278
109642	0.002654129996
109643	0.003158681028
109644	0.01295010204
109645	0.008858762132
109646	0.005634355924
109647	0.004301132066
109648	0.006348812673
109649	0.001587597347
109650	0.009828494606
109651	0.0002859705206
109652	0.001813732751
109653	0.003352307347
109654	0.001196970058
109655	0.009944017898
109656	0.003631652439
109657	0.00198560215
109658	0.008895121806
109659	0.00165675244
109660	0.004072693956
109661	0.001336999339
109662	0.0005475753057
109663	0.007084860531
109664	0.009251725803
109665	0.006484996467
109666	0.02590916235
109667	0.01022033454
109668	0.001321588514
109669	0.01301500597
109670	0.009762142286
109671	0.008697781741
109672	0.003157621704
109673	0.005152551858
109674	0.007802277757
109675	0.00241730676
109676	0.002047666243
109677	0.0100148225
109678	0.008487483507
109679	0.004749553506
109680	0.004112123058
109681	0.002422901988
109682	0.004713461977
109683	0.0002196474295
109684	0.0105853853
109685	0.004558046941
109686	0.004554924621
109687	0.002518257271
109688	0.01223550403
109689	0.005756363694
109690	0.001348025305
109691	0.005954727482
109692	0.001621153307
109693	0.004403831306
109694	0.00891119085
109695	0.006774837001
109696	0.005128823605
109697	0.001452986091
109698	0.0002920096092
109699	0.001879357301
109700	0.002316060522
109701	0.00631527231
109702	0.0001214755058
109703	6.457412617e-05
109704	0.003813694436
109705	0.00296270129
109706	0.009600560194
109707	0.00959545601
109708	0.0005488708169
109709	0.001781443346
109710	0.01262671076
109711	0.002515712747
109712	0.01375909699
109713	0.0002529671341
109714	0.007160671222
109715	0.006282432224
109716	0.01088325594
109717	0.003537958991
109718	0.001369914525
109719	0.006081336704
109720	0.008664901088
109721	0.009201642873
109722	0.004530418143
109723	0.002555816623
109724	0.002296064591
109725	0.0009647426213
109726	0.002944396254
109727	0.0005906810611
109728	0.0001009492829
109729	0.005162791999
109730	0.001225601395
109731	0.004236055877
109732	0.001236876335
109733	0.0004889650569
109734	0.01096489781
109735	0.02832752032
109736	0.02011998391
109737	0.002439919506
109738	0.004413590948
109739	0.009460837309
109740	0.0008546648317
109741	0.007297973236
109742	0.01077483617
109743	0.0002286484817
109744	0.001168512573
109745	0.01817749528
109746	0.001855246069
109747	0.0007074771333
109748	2.302960297e-07
109749	0.002183680748
109750	0.009241294344
109751	0.003716365738
109752	0.001835050691
109753	0.01409580549
109754	0.002662805698
109755	0.01256077041
109756	0.01067493619
109757	0.006423258141
109758	0.0138865414
109759	0.006039544399
109760	0.003586540999
109761	0.001479934867
109762	0.00949917537
109763	0.004861390809
109764	0.009053192803
109765	0.01333803726
109766	0.01346301562
109767	0.004020092343
109768	0.009625267036
109769	0.008297329155
109770	0.0007479888206
109771	0.01158171398
109772	0.01492517328
109773	0.0009628319637
109774	0.01398816515
109775	0.00803775143
109776	0.01134877257
109777	0.005911568444
109778	0.002075027414
109779	0.0004181944595
109780	0.0123449837
109781	0.01584274841
109782	0.004985708
109783	0.0001145657675
109784	0.000735258105
109785	0.002969432672
109786	0.007113902451
109787	0.001505785508
109788	0.01298836799
109789	0.005221668543
109790	0.00733597543
109791	0.01094019307
109792	0.01226241874
109793	0.01243538931
109794	0.004049121784
109795	0.01089488316
109796	0.01553179271
109797	0.002862431575
109798	0.008661240831
109799	0.009305533729
109800	0.002946442945
109801	0.003703279142
109802	0.009007968008
109803	0.01157125016
109804	0.001805427276
109805	0.00136104961
109806	0.006853637478
109807	0.01348175743
109808	0.003879675986
109809	0.009581207289
109810	0.01025307273
109811	0.004585202988
109812	0.002108224437
109813	0.001480794728
109814	0.003613880733
109815	0.00137058153
109816	0.001035794169
109817	0.01588227803
109818	0.00175493928
109819	0.001178779759
109820	0.004580476239
109821	0.004793458635
109822	0.01214452518
109823	0.004412155711
109824	0.001286089906
109825	0.0004525048476
109826	0.001800609213
109827	0.005199271287
109828	0.005167370643
109829	0.01377187332
109830	0.01935326504
109831	0.004676529281
109832	0.00211399341
109833	0.01066477245
109834	0.01338182302
109835	0.01464121791
109836	0.0009539615803
109837	0.001320134469
109838	0.004154794363
109839	0.0002112331357
109840	0.0007301096131
109841	0.002375381539
109842	0.002658598092
109843	0.001193405946
109844	0.00905297856
109845	0.004026741821
109846	0.0096176225
109847	0.008791434842
109848	0.001209418223
109849	0.003759979232
109850	0.002087082853
109851	0.007579445854
109852	0.008060920293
109853	0.001738645674
109854	0.0107943644
109855	0.002226980406
109856	0.001801203679
109857	0.0034146365
109858	0.00116063259
109859	0.003720837233
109860	0.001595138015
109861	0.003079628203
109862	0.002950756034
109863	0.0008575935396
109864	0.0006241436315
109865	0.006146564742
109866	0.007302255358
109867	0.008609401079
109868	0.009345765959
109869	0.001323184174
109870	0.004400362951
109871	0.001811104439
109872	0.01387783424
109873	0.01769617211
109874	0.007208285604
109875	0.001587474074
109876	0.0111223933
109877	0.002247303168
109878	0.01206654922
109879	0.008879825286
109880	0.008990918691
109881	0.001282293762
109882	0.01244072034
109883	0.0005933175434
109884	0.007262816793
109885	0.007483488774
109886	0.001104673254
109887	0.0009871348319
109888	0.009033618443
109889	0.0007180339932
109890	0.002454710968
109891	0.004284961215
109892	0.004393487923
109893	0.002171910912
109894	0.004588957951
109895	0.002261218174
109896	0.001135627362
109897	0.001421362072
109898	0.0001150974763
109899	0.004969997002
109900	0.001723542552
109901	0.001387635417
109902	0.006992664233
109903	0.00932004577
109904	0.004648834099
109905	0.009662386587
109906	0.005003500818
109907	0.006267338839
109908	0.009809324646
109909	0.001259128894
109910	0.008705475117
109911	0.00820377197
109912	0.003837873208
109913	0.006291460913
109914	0.004552923666
109915	0.0004259621801
109916	0.007961811194
109917	0.002033786859
109918	0.004249773121
109919	0.0001565816308
109920	0.001824489622
109921	0.001738512135
109922	0.004987612843
109923	0.01384511037
109924	0.00330198918
109925	0.01224341512
109926	0.003875561195
109927	0.01126724934
109928	0.00999733579
109929	0.004876768845
109930	0.002337682884
109931	0.006023521982
109932	0.003369522201
109933	0.004640585927
109934	0.002294770258
109935	0.001382644081
109936	0.01480199602
109937	0.01681904647
109938	0.002366970292
109939	0.00640276074
109940	0.006234297652
109941	0.006491564439
109942	0.005027084578
109943	0.0137373652
109944	0.001733335092
109945	0.00118146187
109946	0.004968523151
109947	0.003295129135
109948	0.003262580813
109949	0.004454408846
109950	0.0006422272029
109951	0.003807172482
109952	0.00314452459
109953	0.004342430834
109954	0.004389345018
109955	0.002662770192
109956	0.000166175615
109957	0.005902952384
109958	0.002789407587
109959	0.003551864075
109960	0.01162129269
109961	0.002165460502
109962	0.007657846583
109963	0.006722612876
109964	0.01675119979
109965	0.001830132003
109966	0.005206265741
109967	0.003542961141
109968	0.006679914523
109969	0.002745801914
109970	0.009320968493
109971	0.01206741985
109972	0.007075587811
109973	0.02017688392
109974	0.003961838447
109975	0.004057177678
109976	0.008743481277
109977	0.003507019252
109978	0.002518378998
109979	0.004022686184
109980	0.0004946884931
109981	0.003375073258
109982	0.003033970705
109983	0.00404603623
109984	0.004604009797
109985	0.00312530039
109986	0.01911263387
109987	0.0005854244156
109988	0.0002229754237
109989	0.007617077059
109990	0.01715823448
109991	0.0005869912567
109992	0.000885954607
109993	0.0006672223619
109994	0.00453818321
109995	0.004876299911
109996	0.0007514130142
109997	0.003954871517
109998	0.006321433653
109999	0.01524143439
110000	0.003365495548
110001	0.006883849557
110002	0.001930362364
110003	0.001446892743
110004	0.003081832763
110005	0.0001401717107
110006	0.0003920367613
110007	0.0008020226668
110008	0.006919669399
110009	0.01635598601
110010	0.004261556412
110011	0.01209726781
110012	0.001801801425
110013	0.0009243904932
110014	0.001013517876
110015	0.007294867833
110016	0.003696160716
110017	0.01040036718
110018	0.000593583465
110019	0.004110138445
110020	0.00923396631
110021	0.002514646351
110022	0.004876958614
110023	0.001859978022
110024	0.003440454189
110025	0.000558471699
110026	0.006973935537
110027	0.004941549792
110028	0.00297837131
110029	0.002646067531
110030	0.0006505483
110031	0.006036859668
110032	0.01601602959
110033	0.004419998629
110034	0.008476170877
110035	0.00210657479
110036	0.009723050078
110037	0.003600410571
110038	0.004885251063
110039	0.002183950079
110040	0.004099422983
110041	0.01213301311
110042	0.006160591807
110043	0.003759903813
110044	0.01158626907
110045	0.002365570969
110046	0.001433413052
110047	0.002160865773
110048	0.0005445315543
110049	0.005541410761
110050	0.001383051781
110051	0.01126539064
110052	0.003250738665
110053	0.006716063569
110054	0.00921992265
110055	0.002770342328
110056	0.009393637158
110057	0.0009220911485
110058	0.01017845418
110059	0.0009451936879
110060	0.00646639515
110061	0.001749087832
110062	0.006225154645
110063	0.004631869859
110064	0.002156589726
110065	0.004368445656
110066	0.002033361465
110067	0.001355647695
110068	0.003154630776
110069	0.007397714742
110070	0.006631069633
110071	0.001798119977
110072	0.01019022955
110073	0.006733219657
110074	0.01553756858
110075	0.004848218582
110076	0.01261015933
110077	0.000602778647
110078	0.004363700821
110079	0.003341548616
110080	0.01252003351
110081	0.001474641719
110082	0.01319866882
110083	0.009526896261
110084	0.005949416122
110085	0.00561770408
110086	0.005079024609
110087	7.536728551e-05
110088	0.004826499222
110089	0.009108347316
110090	0.001563354993
110091	0.001278785552
110092	0.006024715951
110093	0.001608788322
110094	0.01189957153
110095	0.01306008576
110096	0.01248128649
110097	0.008754597086
110098	0.004303449329
110099	0.0084842761
110100	0.0004841788613
110101	0.01014964723
110102	0.01158854619
110103	0.01175058885
110104	0.006240019323
110105	0.003007173712
110106	0.00257402719
110107	0.007870907335
110108	0.006602709383
110109	0.005297136302
110110	0.00193990692
110111	0.0007155607546
110112	0.0004716234175
110113	0.008914419158
110114	0.005520631679
110115	0.002331514253
110116	0.002024013339
110117	0.01060060665
110118	0.01117478279
110119	0.007970742949
110120	0.01467697793
110121	0.005535678746
110122	0.008746964281
110123	0.001048551741
110124	0.002928090094
110125	0.004389345342
110126	0.00245801047
110127	0.0003647370317
110128	0.0005392257296
110129	0.002633511952
110130	0.007684323854
110131	0.006425450421
110132	0.010258987
110133	0.006461837287
110134	0.003654547448
110135	0.007049900731
110136	0.0001483306175
110137	0.0005855324289
110138	0.006074689527
110139	0.01422980478
110140	0.001522953498
110141	0.004108371944
110142	0.001602445849
110143	0.01738264647
110144	0.008102967848
110145	0.001264104844
110146	0.001765813439
110147	0.005298988004
110148	0.006301145812
110149	0.006719927264
110150	0.005414343601
110151	0.008142931435
110152	0.008287727674
110153	0.0009111061467
110154	0.001882186232
110155	0.004239605122
110156	0.01237440666
110157	0.002072127659
110158	0.002921493173
110159	2.617191537e-05
110160	0.0007101514744
110161	0.001970595757
110162	0.000125128815
110163	0.003787011056
110164	0.001093290356
110165	0.003649780042
110166	0.007762818775
110167	0.001031992368
110168	0.01023470113
110169	0.001023205047
110170	0.00551314205
110171	6.239044977e-05
110172	0.01648716977
110173	0.006223696034
110174	0.009552674182
110175	0.002406418143
110176	0.008701930831
110177	0.01020959795
110178	0.0009764711616
110179	0.003424780085
110180	0.002090632804
110181	0.003515560385
110182	0.004352806246
110183	0.005523860503
110184	0.02407619983
110185	0.002212876234
110186	0.005801160422
110187	0.003190314427
110188	0.0009233400007
110189	0.006779944888
110190	0.006530778886
110191	2.399169289e-05
110192	0.002262690703
110193	0.0005453541345
110194	0.003298882025
110195	0.02194417401
110196	0.006565131879
110197	0.003702899135
110198	0.004254744037
110199	0.01580609822
110200	0.004637037236
110201	0.0007022886556
110202	0.007771287623
110203	0.0007410904834
110204	0.008011108778
110205	0.0001637637058
110206	0.00521796682
110207	8.335874079e-05
110208	0.001694730272
110209	0.0007893697223
110210	0.00282440606
110211	0.005267850091
110212	0.006210843072
110213	0.008143737517
110214	0.007186557678
110215	0.003145108382
110216	0.006192959449
110217	0.005044695761
110218	0.0008057786732
110219	0.0009684124156
110220	0.0005200405974
110221	0.01400808086
110222	0.006323263732
110223	0.004925020198
110224	0.005404978635
110225	0.001898594309
110226	0.002439279965
110227	0.01265220521
110228	0.005908290529
110229	0.001219602057
110230	0.01485253001
110231	0.00896578561
110232	0.0008834804484
110233	0.002953812722
110234	0.0006926084321
110235	0.02098349472
110236	0.0004790266734
110237	9.181595634e-05
110238	0.008176653516
110239	0.002079666171
110240	0.002410014556
110241	0.007983440556
110242	0.0185625968
110243	0.006995687156
110244	0.0006097891382
110245	0.01540873264
110246	0.002947767142
110247	0.005438433074
110248	0.009179510021
110249	0.001148266022
110250	0.006947554888
110251	0.009968364911
110252	0.0106164169
110253	0.01026391921
110254	0.005485243621
110255	0.001861989081
110256	0
110257	0.009298848674
110258	0.001062085034
110259	0.0009180429095
110260	0.002088242755
110261	0.004854547492
110262	0.00291287533
110263	0.001223058079
110264	0.002552931867
110265	5.168710157e-05
110266	0.007827030197
110267	0.00538493843
110268	0.010219334
110269	0.006067624023
110270	0.00251128816
110271	2.127689248e-05
110272	0.009059896282
110273	0.001137731971
110274	0.001175771568
110275	0.003367455972
110276	0.005625735566
110277	0.00178406842
110278	0.005311430876
110279	0.008568641816
110280	0.01059937379
110281	0.003367679653
110282	0.003072458799
110283	0.0001757475277
110284	0.01109428456
110285	0.001869731801
110286	0.003376707994
110287	0.001996799359
110288	0.002859151848
110289	0.01396397587
110290	0.006202697609
110291	0.002136172884
110292	0.004369593002
110293	0.007945668977
110294	0.001207333679
110295	0.005271134551
110296	0.004410865242
110297	0.003646556947
110298	0.004978999822
110299	0.002082230666
110300	0.008048392477
110301	0.005898405369
110302	0.02065308879
110303	0.005365935929
110304	0.00919542931
110305	0.001221187208
110306	0.005877096845
110307	0.000354023321
110308	0.000804030835
110309	0.0008787287468
110310	0.002679200276
110311	0.00544894093
110312	0.002483740121
110313	0.002622212492
110314	0.005099583552
110315	0.01375119257
110316	0.001041788219
110317	0.007950184398
110318	0.006764458578
110319	0.005292217481
110320	0.004914977653
110321	0.00817986693
110322	0.005433044274
110323	0.004738910232
110324	0.008651057857
110325	0.01335385445
110326	0.002431522096
110327	0.002044871197
110328	0.004980464899
110329	0.003594150196
110330	0.002095205517
110331	0.0006280259014
110332	0.009564849102
110333	0.003449469969
110334	0.0141304331
110335	0.0004607934087
110336	0.01015918917
110337	0.001883894591
110338	0.001046334523
110339	0.003713917446
110340	0.008921097442
110341	0.005811373781
110342	0.00727796994
110343	0.01269074665
110344	0.00803739598
110345	0.01145922387
110346	0.003936595173
110347	0.01114608415
110348	0
110349	0.005360277459
110350	0.003814736641
110351	0.0006624016819
110352	0.006796656111
110353	0.003622287091
110354	0.0005855407759
110355	0.0005482213803
110356	0.001285223352
110357	0.007356982411
110358	0.001285760384
110359	0.003671272975
110360	0.000624285372
110361	0.001586132002
110362	0.01068201643
110363	0.0188590921
110364	0.004229234843
110365	0.003383450129
110366	0.006759901669
110367	0.0071054586
110368	0.003107409077
110369	0.0005703127158
110370	0.00868926101
110371	0.006504687627
110372	0.003780785356
110373	0.002131183413
110374	0.002414950626
110375	0.001029480638
110376	0.009173248366
110377	0.0006067220759
110378	0.004455250651
110379	0.003797475482
110380	0.009819792337
110381	0.001269021271
110382	0.01277487972
110383	0.006231458367
110384	0.009123276043
110385	0.0007624618717
110386	0.01037587722
110387	0.01324890986
110388	0.009921459775
110389	0.004315104667
110390	0.001937208929
110391	0.004381361595
110392	0.004349819472
110393	0.005430373291
110394	0.004112076242
110395	0.009728014702
110396	0.0008349178677
110397	0.001363390229
110398	0.002879379941
110399	0.004427232417
110400	0.0009871348319
110401	0.003580690567
110402	0.004048549783
110403	0.006218943216
110404	0.0118637202
110405	0.0008807416289
110406	0.01092561378
110407	0.01884962389
110408	0.002203201704
110409	0.005503923067
110410	0.008099071923
110411	0.003923079002
110412	0.001182791607
110413	0.0007358406679
110414	0.008401729226
110415	0.005747422678
110416	0.005239149235
110417	0.001509773712
110418	0.006204402255
110419	0.001739107517
110420	0.004490604609
110421	0.002395545618
110422	0.0004368261173
110423	0.0005116029303
110424	0.003891207927
110425	0.002232400993
110426	0.003806794269
110427	0.001270340797
110428	0.005766117681
110429	0.004385858197
110430	0.004439570975
110431	0.0007014808828
110432	0.005610325032
110433	0.001195061878
110434	0.001414345627
110435	0.01517666533
110436	0.001655182548
110437	0.003181392535
110438	0.0003988398602
110439	0.00204487353
110440	0.0009770983807
110441	1.229050385e-05
110442	0.008331029826
110443	0.001561594827
110444	0.005858752799
110445	0.003505384205
110446	0.006103075513
110447	0.004334916348
110448	0.01004048728
110449	0.001649317027
110450	0.00736987459
110451	0.003046649622
110452	0.0002008224488
110453	0.01641544595
110454	0.0006194148872
110455	0.005446075143
110456	0.01800876235
110457	0.0001263162924
110458	0.002015163023
110459	0.0007091408712
110460	0.01567404377
110461	0.001438982539
110462	0.004594583357
110463	0.008592329638
110464	0.004648082545
110465	0.003464798437
110466	0.001510299326
110467	1.065062368e-07
110468	0.004758320795
110469	0.004613038154
110470	0.004614041507
110471	0.002553996968
110472	0.002036628166
110473	0.001221045136
110474	0.001274321643
110475	0.007255855163
110476	0.004073214322
110477	0.004002397321
110478	0.005584826298
110479	0.002405780672
110480	0.002553005507
110481	0.004851069437
110482	0.005818446979
110483	0.01583708316
110484	0.005314535177
110485	0.0003965747211
110486	0.004785846665
110487	4.607289543e-05
110488	0.01197891043
110489	0.001254225426
110490	4.863151032e-05
110491	0.007273556872
110492	0.001838512998
110493	0.005496888122
110494	0.0008937050311
110495	0.003387378998
110496	0.01129883876
110497	0.007159549658
110498	0.008905032336
110499	0.003223214767
110500	0.001144357371
110501	0.00481045226
110502	0.0009323832894
110503	0.006283751788
110504	0.002099673196
110505	0.004126569417
110506	0.009717190141
110507	0.01441445902
110508	0.01291291852
110509	0.001250560375
110510	0.005601205924
110511	0.005279804797
110512	0.0006604290651
110513	0.01206800928
110514	0.003626389543
110515	0.01056251064
110516	0.005104903096
110517	0.001052960388
110518	0.005998171129
110519	0.005409462644
110520	0.0009091273032
110521	0.008774097783
110522	0.0007177336789
110523	0.004611755732
110524	0.001296913591
110525	0.00700973647
110526	0.009598960743
110527	0.001422762688
110528	0.006212622666
110529	0.002689466922
110530	0.0037930479
110531	0.006538057595
110532	0.00479551768
110533	0.004872349683
110534	0.0001445503939
110535	0.002739884348
110536	0.003034421492
110537	0.001816367799
110538	0.008822111458
110539	0.0009931530742
110540	0.001863613059
110541	0.004215919633
110542	0.006392734002
110543	0.0033760247
110544	0.00559453101
110545	0.0006129495826
110546	0.0005413393623
110547	0.005138900362
110548	0.006136158415
110549	0.002201250978
110550	0.001711771638
110551	0.005125578933
110552	0.0006090571305
110553	0.003569003491
110554	0.003607151887
110555	0.003340861384
110556	0.002749846996
110557	0.0008790678254
110558	0.0005758046469
110559	0.009592684405
110560	0.01271704726
110561	0.0028036973
110562	0.02008977895
110563	0.01827635043
110564	0.01563525094
110565	0.001106153161
110566	0.0001840002248
110567	0.006708271485
110568	0.005611395478
110569	0.0006726851254
110570	0.002034443775
110571	0.009991151539
110572	0.0138511591
110573	0.003469694646
110574	0.003786367291
110575	0.0004298062794
110576	0.001334867198
110577	0.003011276083
110578	0.008303010693
110579	0.001860802924
110580	0.002146521478
110581	0.005257007209
110582	0.008421466264
110583	0.001218460513
110584	0.005072680769
110585	0.000210431187
110586	0.0002207123334
110587	0.01687752799
110588	0.005537377275
110589	0.003373300233
110590	0.00247673283
110591	0.0001497350085
110592	0.003200992877
110593	0.004611876895
110594	0.008565919529
110595	0.007804776519
110596	0.01914131439
110597	0.006401262995
110598	0.003058098435
110599	0.0003472600299
110600	0.004448255204
110601	0.001252108909
110602	0.0001908370583
110603	0.00111026595
110604	0.001284725721
110605	0.003034735829
110606	0.004019524004
110607	0.003064491568
110608	0.002549594854
110609	0.0007084819397
110610	0.002016708916
110611	0.001074152058
110612	0.002294190347
110613	0.003540808585
110614	0.008592562187
110615	0.003003378699
110616	0.002173083371
110617	0.002456224449
110618	0.0008251671888
110619	0.00690618888
110620	0.003289318741
110621	0.00398220253
110622	0.001827561719
110623	0.001247278531
110624	0.008889593163
110625	0.002072519515
110626	0.002977814373
110627	0.001219466869
110628	0.006493748395
110629	0.003327104796
110630	0.002819684881
110631	0.01203861093
110632	0.008483790429
110633	0.003490377996
110634	0.009670976641
110635	0.01745586579
110636	0.006432344544
110637	0.002202808782
110638	0.002871054553
110639	0.01061471821
110640	0.0007005390892
110641	0.004510988883
110642	0.01280389684
110643	0.01044741667
110644	0.0104020885
110645	0.003247876339
110646	0.01871329668
110647	0.001379951557
110648	0.005031857085
110649	0.002276655332
110650	0.0183200282
110651	0.008699165487
110652	0.00326026637
110653	0.01317131738
110654	0.003542895351
110655	0.007917809526
110656	0.002595174396
110657	0.01904614008
110658	0.0009344410184
110659	0.003214887918
110660	0.0004091240014
110661	0.006404537748
110662	0.001569748229
110663	0.01798551245
110664	0.008583652334
110665	0.01065125162
110666	0.001144808501
110667	0.00325448554
110668	0.001001122529
110669	0.0007400228584
110670	0.005880799015
110671	0.001640086318
110672	0.00920426763
110673	0.00118722073
110674	0.01270249507
110675	0.01609864959
110676	0.003668526242
110677	0.01866614857
110678	0.006218692447
110679	0.001317525456
110680	8.936422236e-05
110681	0.001775435465
110682	0.0004602527714
110683	0.003653468725
110684	0.01180456856
110685	0.005715823003
110686	0.01168393679
110687	0.0009371076853
110688	0.0002456243368
110689	0.006573613673
110690	0.0111095614
110691	0.00479022046
110692	0.001536303624
110693	0.0008423217284
110694	0.0008297168081
110695	0.01155803651
110696	0.003173536035
110697	0.004362236431
110698	0.01356670926
110699	0.003269857165
110700	0.008780421788
110701	0.002520010708
110702	0.006502447248
110703	0.003245984963
110704	0.001892827859
110705	0.00672130592
110706	0.005878063415
110707	0.009341537974
110708	0.001424115912
110709	0.000587098855
110710	0.008450918056
110711	0.0006702258569
110712	0.01119532953
110713	0.005613714731
110714	0.008926040926
110715	0.001336470396
110716	0.00123197736
110717	0.0009687335786
110718	0.0009909750169
110719	0.01168495153
110720	0.005878101884
110721	0.001438701984
110722	0.008265012255
110723	0.004817791019
110724	4.100734235e-05
110725	0.02291193724
110726	0.004641763286
110727	0.0001061406527
110728	0.000526561195
110729	2.046697449e-08
110730	0.002344711704
110731	0.0001254552767
110732	0.002035749813
110733	0.002064256457
110734	0.01033897491
110735	0.0008612787265
110736	0.003251111463
110737	0.003083764286
110738	0.001510585218
110739	0.001210611468
110740	0.003913182008
110741	0.0005077955732
110742	0.001862823842
110743	0.01882151901
110744	0.004811578529
110745	0.004815423874
110746	0.0042625356
110747	0.004390777186
110748	0.00323678184
110749	0.006003117418
110750	0.01207378245
110751	0.0007815041596
110752	0.001221556277
110753	0.006918692877
110754	0.002974081094
110755	0.007078913283
110756	0.00301866761
110757	0.008815142558
110758	0.006131630576
110759	0.004699901576
110760	0.006068201933
110761	0.002009993136
110762	0.0005730460303
110763	0.007986069745
110764	0.003695919103
110765	0.004827431239
110766	0.004888295872
110767	0.005915085361
110768	0.001460315338
110769	0.0003018428742
110770	0.001405349153
110771	0.00294174898
110772	0.00367085545
110773	0.0039097824
110774	0.01008784225
110775	0.002667098654
110776	0.009638769828
110777	0.001396247116
110778	0.007250432374
110779	0.001217509882
110780	0.01242995412
110781	0.005454093106
110782	0.007136284359
110783	0.005408406061
110784	0.007795796104
110785	0.01047795561
110786	0.006658070171
110787	0.006103131305
110788	0.004847761256
110789	0.001599343434
110790	0.002921024707
110791	0.005520980664
110792	9.986335598e-05
110793	0.006385205529
110794	0.002226221597
110795	0.0008769527059
110796	0.008957139739
110797	0.01710708889
110798	0.00360183858
110799	0.0006261698851
110800	0.006851439483
110801	0.001644032675
110802	0.003334943489
110803	0.001542207941
110804	0.0008528022096
110805	0.004369523057
110806	0.003691135919
110807	0.001125930033
110808	0.006580639264
110809	0.0034350545
110810	0.007240243123
110811	0.009201796966
110812	0.007042783858
110813	0.003856952856
110814	0.01301832042
110815	0.001147809415
110816	0.001894923874
110817	0.002962202598
110818	0.007878261467
110819	0.007284896166
110820	0.006445360287
110821	0.001179440305
110822	0.006064157116
110823	0.009872245222
110824	0.00416428501
110825	0.002550443313
110826	0.0002479942126
110827	9.86969435e-05
110828	0.01198525481
110829	0.007390349085
110830	0.01474077335
110831	0.001144952034
110832	0.0065011715
110833	0.002615138999
110834	0.0007532658724
110835	0.0003942411318
110836	0.00509766124
110837	0.003698045278
110838	0.005685388933
110839	0.0007714678138
110840	0.007570984683
110841	0.004873793843
110842	0.001307780438
110843	0.007102641999
110844	0.003895445701
110845	0.006108606289
110846	0.0007479421971
110847	0.001707661401
110848	0.0002207845452
110849	0.000871314121
110850	0.003800079889
110851	0.002475974155
110852	0.0110109649
110853	0.004010641108
110854	0.01086873976
110855	0.01328669814
110856	0.0008605387361
110857	0.003967263284
110858	0.01138023586
110859	0.0004527080459
110860	0.01040512761
110861	0.004229252144
110862	0.0004493915662
110863	0.02272561366
110864	0.001642565778
110865	0.009314830616
110866	0.003467777926
110867	0.01437935353
110868	0.005008480559
110869	0.007649826832
110870	0.01172331331
110871	0.001156514629
110872	0.002069312291
110873	0.0002676125403
110874	0.00245154619
110875	0.004130239706
110876	0.00454455894
110877	0.01690839024
110878	0.02761605569
110879	0.008322016814
110880	0.0123957767
110881	0.001878508914
110882	0.002313401991
110883	0.0004945963202
110884	0.004815697884
110885	0.008651109222
110886	0.001353721258
110887	0.007094369388
110888	0.007836665832
110889	0.008051048798
110890	0.005512388308
110891	0.02004451254
110892	0.008783544215
110893	0.01400458533
110894	0.004963305938
110895	0.00229040024
110896	0.002165341063
110897	0.01412075118
110898	0.001447562726
110899	0.006677040153
110900	0.005818574046
110901	0.01054885054
110902	0.002590424206
110903	0.005059546223
110904	0.001742120377
110905	0.00451603828
110906	0.007544328351
110907	0.01244222584
110908	0.007232969698
110909	0.004813885461
110910	0.01473817859
110911	0.004341006173
110912	0.0001545876644
110913	0.004710311729
110914	0.002329406304
110915	0.002121671397
110916	0.002150633273
110917	0.00719331338
110918	0.0001442621654
110919	0.005283533256
110920	9.029311105e-05
110921	0.007465465886
110922	0.007948554998
110923	0.001891697614
110924	0.004632597538
110925	0.002379107961
110926	0.002242765751
110927	0.007665033367
110928	0.01134924724
110929	0.004423148839
110930	0.0002438411969
110931	0.001039268726
110932	0.006399238856
110933	0.0007429505627
110934	5.490039399e-05
110935	0.0002891092638
110936	7.233495971e-05
110937	0.01507395462
110938	0.005145391956
110939	0.01052412562
110940	0.01052562364
110941	0.001593567797
110942	0.001622438918
110943	0.01075796825
110944	0.001763375398
110945	0.004526939095
110946	0.02605248658
110947	0.01042819554
110948	0.00665108871
110949	0.003602768436
110950	0.008983358624
110951	0.007141855544
110952	0.01365285504
110953	0.004317585402
110954	0.002679008993
110955	0.002961080236
110956	0.004050036869
110957	0.003405401264
110958	0.003891429995
110959	0.007312521787
110960	0.002666688051
110961	0.004190620693
110962	0.0001580677625
110963	0.004943993659
110964	0.006213960187
110965	0.01004539141
110966	0.0003886570508
110967	0.004677241999
110968	0.009741217849
110969	0.007261215987
110970	0.01371665486
110971	0.003287655796
110972	0.003658182402
110973	0.001412999448
110974	0.00271842722
110975	0.003288774378
110976	0.005617051149
110977	0.007573161613
110978	0.006109092354
110979	0.0002921105323
110980	0.008808473977
110981	0.008970542252
110982	0.002608964086
110983	0.002092320852
110984	0.008600798356
110985	0.01178911904
110986	0.007728606856
110987	0.0006969919428
110988	0.00149768762
110989	0.003370274372
110990	0.005109591441
110991	0.002092059836
110992	0.00415997956
110993	0.008138294023
110994	0.004433816046
110995	0.00673156411
110996	0.006828378689
110997	0.004111381437
110998	0.004890558141
110999	0.003567265112
111000	0.003462762789
111001	0.002931630834
111002	0.009276416635
111003	0.004544585434
111004	0.008278737518
111005	0.004488004967
111006	0.005533983038
111007	0.002428700336
111008	0.002583918704
111009	0.0004044960848
111010	0.0002186162623
111011	0.009597957311
111012	0.008250773099
111013	0.008835424446
111014	0.001407132059
111015	0.002217897343
111016	0.002573578154
111017	0.003667829031
111018	0.00339749193
111019	0.002064802308
111020	0.0009383812769
111021	0.005667920095
111022	0.01381844436
111023	0.006716605095
111024	0.008821715488
111025	0.004715283139
111026	0.002912851402
111027	0.01548937777
111028	0.009183379498
111029	0.01199811574
111030	0.000927397453
111031	0.008265907504
111032	0.001563352965
111033	0.002633565829
111034	0.0007505670531
111035	0.002758594198
111036	0.0164633008
111037	0.005697310319
111038	0.00740155488
111039	0.003815590133
111040	0.01029294073
111041	0.003352484451
111042	0.005186887947
111043	0.01639995902
111044	0.006477644063
111045	0.01133676305
111046	0.005862599236
111047	0.008803836082
111048	0.004984489286
111049	0.01097537463
111050	0.004938101838
111051	0.003887375531
111052	0.003343782951
111053	0.006770197985
111054	0.003476619559
111055	0.002204850502
111056	0.001595430624
111057	0.002252774345
111058	0.004758318705
111059	0.003356668214
111060	0.006464000886
111061	0.002082612512
111062	0.00435374766
111063	0.0002383612192
111064	0.003112351948
111065	0.005004299475
111066	0.006126068084
111067	0.001098169644
111068	0.005121925143
111069	0.001484234851
111070	0.006431325221
111071	0.00118896813
111072	0.001521877978
111073	0.006814140315
111074	0.003348989946
111075	0.0011585961
111076	8.772310952e-05
111077	0.01497177687
111078	0.01943568893
111079	0.01325957072
111080	0.01352341725
111081	0.003049055577
111082	0.003029692334
111083	0.004309933862
111084	0.003725677717
111085	0.0003310369154
111086	0.004002905553
111087	0.003359891371
111088	0.008548188792
111089	0.006847296198
111090	0.003051798053
111091	0.002761423941
111092	0.0005384777613
111093	0.00207986271
111094	0.007057883963
111095	0.003919500527
111096	0.00102404754
111097	0.01001818048
111098	0.0004108712084
111099	0.0009934178996
111100	0.009422870258
111101	0.006662870343
111102	0.001925351548
111103	0.01222194322
111104	0.007879202774
111105	0.00306968106
111106	0.000911903526
111107	0.004235923263
111108	0.01088918064
111109	0.001297359163
111110	0.0071278317
111111	0.00188795378
111112	0.006632507692
111113	0.007207486599
111114	0.01539233587
111115	0.005902810053
111116	0.01076693843
111117	0.003960771005
111118	0.003375294373
111119	0.006510322928
111120	0.0121665254
111121	2.005655763e-05
111122	0.002401710168
111123	0.009389981883
111124	0.0002527898281
111125	0.002441723298
111126	0.008838124418
111127	0.005119956279
111128	0.006677380575
111129	0.003607959501
111130	0.0006587922665
111131	0.006089207132
111132	4.413370871e-05
111133	0.01295832074
111134	0.002247810541
111135	0.002079256843
111136	0.007449619514
111137	0.003769271643
111138	0.006226390164
111139	0.000993125474
111140	0.01231362473
111141	0.005660337571
111142	0.008791125308
111143	0.005606259288
111144	0.002842070693
111145	0.01021667301
111146	0.003627819577
111147	0.00138163248
111148	0.00389741381
111149	0.005236095535
111150	0.0009835522656
111151	0.003121919391
111152	0.003025519554
111153	0.00478706745
111154	0.009416279285
111155	0.003622434944
111156	0.009671799782
111157	0.00215675909
111158	0.0004175414164
111159	0.00154341294
111160	0.0003340686839
111161	0.006807932447
111162	0.00416470186
111163	0.009595906989
111164	0.003693599131
111165	0.002967117211
111166	0.00699710697
111167	0.0006753637726
111168	0.0004095295331
111169	0.004727805339
111170	0.003543794325
111171	0.001801414254
111172	0.003301647534
111173	0.005960795449
111174	0.007635079235
111175	0.0009522042522
111176	0.00467559966
111177	0.02333822625
111178	0.004898099632
111179	0.0003970438714
111180	0.003360004227
111181	0.0007227754029
111182	0.001878679968
111183	0.002145332581
111184	9.547802532e-05
111185	0.00326524093
111186	0.01693689315
111187	1.720247295e-05
111188	5.098717743e-05
111189	0.0001020808531
111190	0.002191585461
111191	0.003736113224
111192	0.00424640197
111193	0.002810321983
111194	0.003655539212
111195	0.0006746138024
111196	0.004708540441
111197	0.0004965361464
111198	0.003770957718
111199	0.0002041122767
111200	0.0007245825066
111201	0.01033237668
111202	0.006613531268
111203	0.007064435082
111204	0.001266338424
111205	0.00765362406
111206	0.004514851955
111207	0.0008950301646
111208	0.001138462912
111209	0.01525012873
111210	0.007192747845
111211	0.005688184829
111212	0.009441085387
111213	0.002716496767
111214	0.01378344663
111215	0.0015925575
111216	0.006969133657
111217	0.005492284704
111218	0.00300765349
111219	8.490994512e-05
111220	0.003956709082
111221	0.001718973342
111222	0.008551166687
111223	0.003518903879
111224	0.005704603594
111225	0.006905585112
111226	0.001525284753
111227	0.003527394461
111228	0.009823189569
111229	0.0004351271522
111230	0.001387105609
111231	0.01329966935
111232	0.0003409815719
111233	0.0009125452434
111234	0.0091875314
111235	0.0002961220167
111236	0.002916016709
111237	5.779899969e-05
111238	0.0003482230659
111239	0.00570179337
111240	0.009671637063
111241	0.005021194945
111242	0.0046191277
111243	0.004208838927
111244	0.003982569329
111245	0.00725828
111246	0.002072093737
111247	0.0001199949893
111248	0.00232903759
111249	0.0009262659639
111250	0.0006747115965
111251	0.01306680379
111252	0.008841884126
111253	0.01105173119
111254	0.002011036077
111255	0.004768754078
111256	0.003513380958
111257	0.00604284156
111258	0.001240019257
111259	0.00115090847
111260	0.010392844
111261	0.003946888325
111262	0.002053554791
111263	0.003097505693
111264	0.003036532094
111265	0.006052886916
111266	0.003533759278
111267	0.00621146131
111268	0.001264184068
111269	0.0001285454189
111270	0.0020748096
111271	0.001519151064
111272	0.01020334448
111273	0.0004796851138
111274	0.001325658783
111275	0.000430776907
111276	0.01083131681
111277	0.003346089661
111278	0.0007276319827
111279	0.001459542049
111280	0.002709289585
111281	0.007680694969
111282	0.006977965657
111283	0.002974999017
111284	1.734062895e-05
111285	0.0004365789711
111286	0.002510674863
111287	0.009301628932
111288	0.002464875118
111289	0.01530406263
111290	0.01381977002
111291	0.00233091236
111292	0.004862720156
111293	0.007833993646
111294	0.0009332184697
111295	0.00311328226
111296	0.002955038049
111297	0.0001680604655
111298	0.003746635557
111299	0.01160728963
111300	0.01181619465
111301	0.0102819824
111302	0.002275018337
111303	0.001896014885
111304	0.006590902506
111305	0.002078085922
111306	0.005091799045
111307	0.0153914828
111308	0.01287151227
111309	0.001259950897
111310	0.001455121946
111311	0.004778345432
111312	0.005595598321
111313	0.009452991078
111314	0.002519083999
111315	0.004716309588
111316	0.005748079506
111317	0.003852474325
111318	0.01078034933
111319	0.005581186844
111320	3.101543441e-05
111321	0.007546083921
111322	0.00643662436
111323	0.004943063483
111324	0.001331521956
111325	0.00348228931
111326	0.00445306819
111327	0.004745680564
111328	0.0003754870197
111329	0.003633570231
111330	0.001277523564
111331	0.007663400502
111332	0.005397939588
111333	0.008421029672
111334	0.005762150097
111335	0.002615640736
111336	2.286713188e-06
111337	0.002907142819
111338	0.0009610510804
111339	0.009391902582
111340	0.006681684821
111341	0.0003984172701
111342	0.005591819683
111343	0.01538869619
111344	0.0003216068693
111345	0.005034572933
111346	0.008846380923
111347	0.006816378742
111348	0.00259685987
111349	0.0007441158646
111350	0.004167505817
111351	0.00351770828
111352	0.009029231528
111353	0.0005784839569
111354	0.01122768858
111355	0.00022513835
111356	0.001272088563
111357	0.001075399476
111358	0.0118745821
111359	0.00102795942
111360	0.004522751905
111361	0.005791178785
111362	3.803291636e-05
111363	0.004704632556
111364	0.007087469076
111365	0.004186845753
111366	0.005748432425
111367	0.003217953898
111368	0.00315217066
111369	0.0115771159
111370	0.003728667939
111371	0.009327897225
111372	0.0008792103551
111373	0.007769505938
111374	0.001078090732
111375	0.003130794421
111376	0.009073017578
111377	0.01389040745
111378	0.003090612878
111379	0.003641058728
111380	0.00170047848
111381	0.004307032838
111382	0.002562151174
111383	0.001947413207
111384	0.004656746444
111385	0.005881751579
111386	0.002551640115
111387	0.00450357969
111388	0.007695564326
111389	0.002745140157
111390	0.00489962997
111391	0.00210582184
111392	0.004592987748
111393	0.002407707848
111394	0.01059490161
111395	0.009520771187
111396	0.001200338714
111397	0.001012725782
111398	0.001476362808
111399	0.003339240684
111400	0.0001556088525
111401	0.001718287809
111402	0.001738071128
111403	0.001338692965
111404	0.0008994831695
111405	0.005664602953
111406	0.01436078734
111407	0.005279682855
111408	0.003971923792
111409	0.0008152775833
111410	0.004446767086
111411	0.001951343799
111412	0.005268515575
111413	0.006817834986
111414	0.002327732396
111415	0.003365854794
111416	0.01429620359
111417	0.003511416564
111418	0.005671216981
111419	0.006964164347
111420	0.0051982171
111421	0.001647018902
111422	0.002856042171
111423	0.0122131518
111424	0.00920221814
111425	0.00192842721
111426	0.009254071017
111427	0.01304706967
111428	0.0009775938871
111429	0.00586257316
111430	0.008941672826
111431	0.005814158708
111432	0.00521344148
111433	0.002178664125
111434	0.001253496446
111435	0.01789526626
111436	0.002434493352
111437	0.008647377493
111438	0.007165731207
111439	0.0030965217
111440	0.006526530631
111441	0.001442254246
111442	0.008961022757
111443	9.149383878e-05
111444	0.001360660262
111445	0.001306924112
111446	0.001937656446
111447	0.0007179713041
111448	0.007414808417
111449	0.002519050529
111450	0.0002536607789
111451	0.0008525557248
111452	0.005073457435
111453	0.0017717915
111454	0.01575269465
111455	0.005368622869
111456	0.001129197267
111457	0.002551311521
111458	0.005003640428
111459	0.00717424802
111460	0.0006195738102
111461	0.01179406821
111462	0.001599041024
111463	0.0007225943758
111464	0.003184444972
111465	0.003991919346
111466	0.007608703351
111467	0.002050794566
111468	0.004805388246
111469	0.005350840212
111470	0.0002969330989
111471	0.008678367528
111472	0.00133594347
111473	0.007702735282
111474	0.005084432806
111475	0.004068513857
111476	0.002063273308
111477	0.001678739097
111478	0.003675498043
111479	0.006696474064
111480	0.0008572322951
111481	0.0107235841
111482	0.004844269059
111483	0.01001684877
111484	0.009952317873
111485	0.004545896052
111486	0.008477890547
111487	0.002324563597
111488	0.00188983705
111489	0.002986665901
111490	0.002503061857
111491	0.00889438284
111492	0.002724292951
111493	0.0002421721708
111494	0.0003334067538
111495	0.001924011737
111496	0.00104862506
111497	0.003766355689
111498	0.0002688684212
111499	0.004813384855
111500	0.002992480635
111501	0.007771891296
111502	0.006212428063
111503	0.000103182773
111504	0.008877471415
111505	0.00182130552
111506	0.001842826073
111507	0.003340497181
111508	0.004514929039
111509	0.001506990112
111510	0.0022289191
111511	0.004102851283
111512	0.005697702777
111513	0.0003514259494
111514	0.002372832225
111515	0.001144821859
111516	0.005048579636
111517	0.003222749013
111518	0.00830554256
111519	0.0008321288546
111520	0.01506377606
111521	0.007154855768
111522	0.0003953431958
111523	0.003028886165
111524	0.006036898247
111525	0.008271937177
111526	0.007256033074
111527	0.01023374846
111528	0.001649927696
111529	0.002985293214
111530	0.007102481435
111531	0.007850134364
111532	0.005960465294
111533	0.001205479339
111534	0.002218835812
111535	0.007231767582
111536	0.0002164617374
111537	0.003756677002
111538	0.01342589707
111539	0.0005346668064
111540	0.0004156582564
111541	0.009817878933
111542	0.005198305171
111543	0.001010463453
111544	0.00222327058
111545	0.005336159751
111546	0.003379303709
111547	0.002274730633
111548	0.01078123417
111549	0.002406143872
111550	0.009951419087
111551	0.007036007248
111552	0.001541569999
111553	0.0006493829762
111554	0.0004097476447
111555	0.002113531569
111556	0.0003920008776
111557	0.005085725027
111558	0.002766080304
111559	0.0004729536122
111560	0.004989734596
111561	0.0007771623005
111562	0.001633500875
111563	0.009086989382
111564	0.01048299607
111565	0.008796308453
111566	0.007898411893
111567	0.004943210968
111568	0.007108703894
111569	0.0009738822042
111570	0.00815559669
111571	0.01537237608
111572	0.001080899513
111573	0.0007865105682
111574	0.001602384927
111575	0.001411654501
111576	0.004402213217
111577	0.007642530824
111578	0.01213978489
111579	0.002753467209
111580	0.002296094662
111581	0.001226472893
111582	0.002944195969
111583	0.009630051648
111584	0.001535857603
111585	0.001492885681
111586	0.004861606474
111587	0.011865942
111588	0.004591529312
111589	0.0001514859825
111590	0.004102072717
111591	0.006870003392
111592	0.004698582165
111593	0.003910214396
111594	0.001416983255
111595	0.005036511629
111596	0.002154509008
111597	2.827714641e-06
111598	0.002173279749
111599	0.004588870465
111600	0.005296355032
111601	0.001481089752
111602	0.002116202866
111603	0.005426153699
111604	0.0006495432926
111605	0.008185870888
111606	0.01971492651
111607	0.002485416171
111608	0.01215128464
111609	0.001154475829
111610	0.002600195245
111611	0.0008416694026
111612	0.0009303897249
111613	0.001050504864
111614	0.01283429659
111615	0.009299218363
111616	0.02442575603
111617	0.001162378258
111618	0.001756700564
111619	0.00280395001
111620	0.0034935498
111621	0.001652826446
111622	0.002138801652
111623	0.001463358474
111624	0.004471590274
111625	0.007521988677
111626	0.008053327035
111627	0.008342106357
111628	0.01209167516
111629	0.01065172829
111630	0.007526904095
111631	0.01110456082
111632	0.009659190735
111633	0.006467101019
111634	0.004005473831
111635	0.007863944034
111636	0.008920565851
111637	0.004363074487
111638	0.007435513472
111639	0.007144775848
111640	0.007145064018
111641	0.001936265918
111642	0.007731466242
111643	0.007407454596
111644	0.008484330291
111645	0.01035993286
111646	0.006982602572
111647	0.008122839157
111648	0.007999487414
111649	0.006639986072
111650	0.0056892749
111651	0.00511805169
111652	0.002588081625
111653	0.002444570905
111654	0.005190162231
111655	0.005585782622
111656	0.0006797302128
111657	0.000816334513
111658	0.001333904729
111659	0.001266381184
111660	0.0008709536875
111661	0.002147985506
111662	0.001785884153
111663	0.002551051246
111664	0.0004531172539
111665	0.001800511026
111666	0.0009248401021
111667	0.0009586498894
111668	0.001607741866
111669	0.0004896813537
111670	0.0003794181866
111671	0.002305763921
111672	1.546603432e-05
111673	0.002769234647
111674	0.002013129194
111675	0.006791072397
111676	0.0005594049461
111677	0.0006373281686
111678	0.005536220825
111679	0.003801040509
111680	0.0003769824484
111681	0.00120196111
111682	0.0008995640016
111683	0.002626850618
111684	0.002188746784
111685	0.004419856435
111686	0.0006009344137
111687	0.0002683043104
111688	0.0006264111689
111689	0.002310656052
111690	0.0005133650153
111691	0.001146271622
111692	0.0005880276938
111693	0.0002394931457
111694	0.0002972598143
111695	0.002046547027
111696	0.0001752586957
111697	0.001099117905
111698	0.0005775070856
111699	0.0008983553225
111700	6.498974645e-05
111701	0.0008130715153
111702	0.0005724531428
111703	0.001213205012
111704	7.27124215e-05
111705	0.001070525766
111706	0.0007323454043
111707	0.002626765547
111708	0.001213525191
111709	0.0004566363258
111710	0.001777905607
111711	0.001172414338
111712	0.0005434037066
111713	0.002246249907
111714	0.0006628077223
111715	0.0006189751333
111716	0.00275038395
111717	0.000113672099
111718	0.001942688653
111719	0.001845134099
111720	0.001079550529
111721	0.005054734236
111722	0.0006443565446
111723	0.0009533856907
111724	0.003140635669
111725	0.002456953806
111726	0.002056285299
111727	0.00199836785
111728	0.004344671298
111729	0.0001901765959
111730	0.00151377419
111731	0.0002990978389
111732	0.0005175586217
111733	0.001309713873
111734	0.002619596358
111735	0.00262729755
111736	0.001227837687
111737	0.0005366646115
111738	0.002347519784
111739	0.0002502812563
111740	0.001715613937
111741	0.001189080038
111742	0.0005502772887
111743	0.001574560764
111744	0.002157482637
111745	0.0002050022445
111746	0.001427837434
111747	0.0007401148642
111748	0.002607392243
111749	0.00131515477
111750	0.00050801047
111751	0.0005235692849
111752	0.0001972390214
111753	0.002127222979
111754	0.003020927677
111755	0.00203334595
111756	0.001552717399
111757	0.00109143327
111758	0.003725655079
111759	0.0008923228964
111760	0.001619552149
111761	0.002051373766
111762	3.893581544e-05
111763	0.0007738506044
111764	0.0002699379904
111765	0.0003138988646
111766	0.002201946766
111767	0.0005243447593
111768	0.002010242407
111769	0.002213915555
111770	0.001750594328
111771	0.0009493798014
111772	0.001333358013
111773	0.0004899673367
111774	6.770142766e-05
111775	0.0008934537956
111776	0.003209573757
111777	2.774668152e-05
111778	9.629387204e-05
111779	0.002628556829
111780	0.0005625407205
111781	0.0008847585521
111782	0.002585265984
111783	0.0009035617532
111784	0.0009265048272
111785	0.002141424119
111786	0.0001026933085
111787	0.000913215223
111788	0.002499123386
111789	0.002651922889
111790	0.0007941695298
111791	0.001089831633
111792	0.001569616671
111793	0.002070543638
111794	0.0005978561278
111795	0.0007768019936
111796	0.0002982109457
111797	0.000595279208
111798	0.001976550512
111799	0.001242353444
111800	0.004785404901
111801	0.003150550321
111802	0.0035124711
111803	0.001722668018
111804	0.01027801789
111805	0.001811540796
111806	0.0009767378717
111807	0.002159722136
111808	0.001482245424
111809	0.007765616382
111810	0.001917626188
111811	0.004716168215
111812	0.002945789826
111813	0.00937442101
111814	0.0008222377579
111815	0.005986963283
111816	0.01313436504
111817	0.00141186555
111818	5.077604122e-05
111819	0.001732595379
111820	0.002415720765
111821	0.01151471882
111822	0.004133810226
111823	0.005273015772
111824	0.008978164406
111825	0.005892676543
111826	0.0007486261742
111827	0.002414161233
111828	0.001796840119
111829	0.0001269238748
111830	0.0006525828501
111831	0.002970109375
111832	0.001694448412
111833	0.009358214317
111834	0.009795581181
111835	0.007069138613
111836	0.002271554167
111837	0.01098635056
111838	0.002521362015
111839	0.0006927935421
111840	0.01202976504
111841	0.00509750361
111842	0.002008118205
111843	0.01474826906
111844	0.006868979803
111845	0.003681505274
111846	0.005764127399
111847	0.006712452829
111848	0.003976945152
111849	0.000803143929
111850	0.001893652233
111851	0.0009780764045
111852	0.0003850603017
111853	0.001707195127
111854	0.001348536394
111855	0.003336154897
111856	0.0002099652585
111857	0.001553534455
111858	0.001700570825
111859	0.002266881962
111860	0.0005687779184
111861	0.0003139183924
111862	0.0009548200183
111863	0.0005126687765
111864	0.0001979280711
111865	0.003043675304
111866	0.005159580632
111867	0.0017886493
111868	0.0003544482444
111869	0.004496384111
111870	0.005577718289
111871	0.0009616346335
111872	0.003716407995
111873	0.008093278805
111874	0.00129003319
111875	0.008108378771
111876	0.003854932004
111877	0.007203386223
111878	0.007972032821
111879	0.0001017695203
111880	0.009942905475
111881	0.003492733291
111882	0.004695242318
111883	0.001057733391
111884	0.003927464191
111885	0.003743074756
111886	0.002579100616
111887	0.006272537683
111888	0.000698212766
111889	0.0006039181401
111890	0.007318694624
111891	0.006493881442
111892	0.01366964825
111893	0.001359727405
111894	0.003420137404
111895	0.006546700872
111896	0.005665597432
111897	0.003232302865
111898	0.000637048237
111899	0.004619757628
111900	0.002928871708
111901	0.002423352182
111902	0.002224717454
111903	0.007298643471
111904	0.01475637953
111905	8.070135688e-05
111906	0.006133261758
111907	0.002300280854
111908	0.001255719542
111909	0.003873222574
111910	0.005062768286
111911	0.004979190831
111912	0.007033648905
111913	0.006345054229
111914	0.007194174688
111915	0.01227348078
111916	0.003672787757
111917	0.002111661248
111918	0.009052074751
111919	0.0001146029542
111920	0.002850442357
111921	0.0005994359707
111922	0.002647119125
111923	0.008596037696
111924	0.007689697525
111925	0.002529211505
111926	0.009322186409
111927	0.005408910586
111928	0.01566991273
111929	0.009172122027
111930	0.000304767158
111931	0.002466004056
111932	0.001441884264
111933	8.656457309e-05
111934	0.006861541932
111935	0.002952780205
111936	0.001949950349
111937	0.0026857695
111938	0.002221391888
111939	0.005713118821
111940	0.006368501692
111941	0.002875825969
111942	0.0007332042149
111943	0.005038359176
111944	0.008601881434
111945	0.008757649424
111946	0.001522821016
111947	0.001917401738
111948	0.002426365018
111949	0.003735213682
111950	0.001940899693
111951	0.002860178371
111952	0.01165082359
111953	0.001077149281
111954	0.001574291181
111955	0.0007914010578
111956	0.003267002305
111957	0.003621344369
111958	0.006205834925
111959	0.001148470479
111960	0.008847893177
111961	0.003651483952
111962	0.001764284973
111963	0.002066832057
111964	0.006943224744
111965	0.003464932987
111966	0.003946114038
111967	0.001070864225
111968	0.001229775011
111969	0.008193745386
111970	0.003544481525
111971	0.005534581729
111972	0.00424575951
111973	0.006184858037
111974	0.001300029169
111975	0.003798004693
111976	0.001260263224
111977	0.001144288201
111978	0.007827822994
111979	0.007777998148
111980	0.01081876609
111981	0.001901273862
111982	0.002890977781
111983	0.003731923928
111984	0.0003218249096
111985	0.002004751551
111986	0.0002107123088
111987	0.001257821894
111988	0.006743998789
111989	0.004038256997
111990	0.0004463855842
111991	0.00576118304
111992	0.005795514251
111993	1.278481199e-05
111994	0.005209562197
111995	0.001947702566
111996	0.0009569596642
111997	0.00121666421
111998	0.003645202525
111999	0.001304424149
112000	0.002726670362
112001	0.003837087835
112002	0.002532650766
112003	0.001542627524
112004	0.01072032686
112005	0.007298185394
112006	0.003679512311
112007	0.001968259616
112008	0.0004227157061
112009	0.00460488148
112010	0.005891832287
112011	0.001641023475
112012	0.0007197509405
112013	0.004259113897
112014	0.0003896847689
112015	0.00320026428
112016	0.001423730026
112017	0.006057450061
112018	5.837459283e-05
112019	0.001939388395
112020	0.002853597796
112021	0.00221947985
112022	0.001114016983
112023	0.001952490903
112024	0.0008238227401
112025	0.0003082231582
112026	0.003014467073
112027	0.0006677661116
112028	0.002324950977
112029	0.005551693269
112030	0.0002087846244
112031	0.006918634295
112032	0.004570579974
112033	0.004594438011
112034	0.004681815173
112035	0.0007717645136
112036	0.003007818529
112037	0.0005739359136
112038	0.001387423265
112039	0.002367826496
112040	0.004729439513
112041	0.0008277091108
112042	0.0009138964224
112043	0.002326678274
112044	0.0005101609848
112045	0.004842324768
112046	0.004636254433
112047	0.00212438586
112048	0.005133892604
112049	0.003099494419
112050	0.00229170876
112051	0.001511573081
112052	0.008491771085
112053	0.002747619421
112054	0.0004043425633
112055	0.006431590966
112056	0.003200217978
112057	0.004318606383
112058	0.000145761225
112059	0.0004474140538
112060	0.0006302534218
112061	0.01050558629
112062	0.001976749274
112063	0.002728621728
112064	0.0009994738369
112065	0.001693658723
112066	0.001212422057
112067	0.002406800875
112068	0.0006066961606
112069	0.000208064169
112070	0.001427971915
112071	0.0006919623989
112072	0.008286176809
112073	0.01630122898
112074	0.003541691136
112075	0.0062836499
112076	0.001759566756
112077	0.006762404227
112078	0.0158946359
112079	0.0006242710776
112080	0.0008280082162
112081	0.0002638546163
112082	0.002677517698
112083	0.0006217619009
112084	0.004372438647
112085	0.0006730476486
112086	0.0007956611099
112087	0.002372449014
112088	0.0005713608749
112089	0.0003367399742
112090	0.004274126861
112091	0.0005044044529
112092	0.002526897844
112093	0.001685851326
112094	0.0005737731565
112095	0.005823762492
112096	0.001542462811
112097	0.004252333268
112098	0.0003566953141
112099	0.008089715458
112100	0.004210813548
112101	0.004463331888
112102	0.004877073156
112103	0.003923469622
112104	0.005855984769
112105	0.009767668812
112106	0.002488836199
112107	0.001286681304
112108	0.001544150642
112109	0.003638405157
112110	0.002337396933
112111	0.003474733851
112112	0.005343381899
112113	0.005083416813
112114	5.083890134e-05
112115	0.003721449182
112116	0.001536505787
112117	0.0001131906969
112118	0.0005418569699
112119	0.0004075135734
112120	7.927967541e-05
112121	0.0013390189
112122	0.0001994706644
112123	0.001015639247
112124	0.001578813512
112125	0.0003857745573
112126	0.001858866883
112127	0.003800783926
112128	0.0008908844367
112129	0.006588452594
112130	0.001594907868
112131	0.001612764057
112132	0.001326110927
112133	0.001613203572
112134	0.001677907109
112135	0.003238887073
112136	0.005382352263
112137	0.001425645124
112138	0.000824145017
112139	0.00370946743
112140	0.002080269569
112141	0.002793229829
112142	0.0008680459256
112143	0.0008236350579
112144	0.0007347987034
112145	0.002720809577
112146	4.670022306e-05
112147	0.0002277937967
112148	0.001147604068
112149	0.0001348388503
112150	0.0008282957082
112151	0.001265642096
112152	0.0002238707407
112153	0.0005102964752
112154	6.139963933e-05
112155	0.001064634624
112156	0.0009841485643
112157	0.0006809158824
112158	0.001298643266
112159	0.00108202633
112160	0.0002213184112
112161	0.0002319739112
112162	0.004698405668
112163	0.0002662938403
112164	0.001198771956
112165	0.0006346273946
112166	0.0004971177058
112167	0.0008073400963
112168	0.0007575108716
112169	0.001575915104
112170	0.0005623132888
112171	0.0002666052031
112172	0.0001287556136
112173	1.451053659e-05
112174	0.001565289277
112175	0.0007131757867
112176	0.001265821231
112177	0.001086061861
112178	0.0004163816411
112179	0.000658404058
112180	0.001420666189
112181	0.001992390365
112182	2.196539e-05
112183	0.0003454690798
112184	0.001112175111
112185	0.0003417333448
112186	0.0002733540933
112187	0.002890582992
112188	0.0009918875366
112189	0.005526241332
112190	0.0004269098526
112191	0.0009023471819
112192	0.0007587011118
112193	0.0007722782975
112194	0.002189406631
112195	0.0009836846697
112196	0.001658311953
112197	0.001891009197
112198	0.001169283169
112199	0.008802894117
112200	0.001568870424
112201	0.004478697099
112202	0.003350563633
112203	0.00578284352
112204	0.004311468956
112205	0.002100892272
112206	0.01005181026
112207	0.001677823217
112208	0.00254064545
112209	0.006387823165
112210	0.0007763662365
112211	0.004888512279
112212	0.002553472693
112213	0.0003943632689
112214	0.005778953201
112215	0.01416821638
112216	0.002173428557
112217	0.001777556762
112218	0.0001052738167
112219	0.001230671997
112220	0.002614973979
112221	0.00645744172
112222	0.001297013306
112223	0.004620857904
112224	0.007005189417
112225	0.01132470387
112226	0.001096052689
112227	0.006108942193
112228	0.002329839101
112229	0.005369972015
112230	0.01064597475
112231	0.007584853019
112232	0
112233	0.001951573719
112234	0.007536137135
112235	0.003379382902
112236	0.0009786574407
112237	0.002098809661
112238	0.007814632775
112239	0.006973491881
112240	0.0004237583614
112241	0.002060033779
112242	0.006664421787
112243	0.002035401719
112244	0.007366965987
112245	0.008626231026
112246	0.001838902393
112247	0.006668857092
112248	0.001387420131
112249	0.002714404842
112250	0.005283234402
112251	0.003641371326
112252	0.01167329015
112253	0.005211096261
112254	0.0001771615781
112255	0.0006454824881
112256	0.0009220003262
112257	0.00143107569
112258	0.00400842137
112259	0.01205145256
112260	0.007827160057
112261	0.0107231991
112262	0.01599220479
112263	0.008957768815
112264	0.002111012687
112265	0.003105210469
112266	0.002290690203
112267	0.0007509048803
112268	0.001094308239
112269	0.0009227155142
112270	0.000231924822
112271	0.00032035323
112272	0.001356485275
112273	0.0001995454632
112274	0.001166123632
112275	0.001061785239
112276	0.0005705379806
112277	0.002024630096
112278	2.740450754e-05
112279	0.0008745819125
112280	0.002198783545
112281	0.003025229939
112282	0.0007126685428
112283	0.0007974820316
112284	0.0001026540305
112285	0.001538867301
112286	0.004202356645
112287	0.001647655554
112288	0.000680928974
112289	0.002424809812
112290	0.002401909727
112291	0.001351057761
112292	0.01036367167
112293	0.001194759093
112294	0.003778521522
112295	0.007673103515
112296	0.002603332174
112297	0.001087950054
112298	0.008167189337
112299	0.0103357896
112300	0.01020780173
112301	0.006230754695
112302	0.007904571786
112303	0.001131143091
112304	0.01129935756
112305	0.004272050146
112306	0.006541752006
112307	0.002390534811
112308	0.001643811909
112309	0.002559406888
112310	0.001596577222
112311	0.00125717785
112312	0.0008504870486
112313	0.0001234747591
112314	0.0004122935378
112315	0.0002524181181
112316	0.000789505634
112317	0.0003923659289
112318	0.000673232892
112319	0.001575947341
112320	0.003107871299
112321	0.00152533321
112322	0.001402038186
112323	0.0004197942534
112324	0.003472836319
112325	0.003973975529
112326	0.0005776308587
112327	0.0009451128281
112328	0.0007499198989
112329	0.001108882302
112330	0.0004585649966
112331	0.001912568212
112332	0.0006781252398
112333	0.001095225962
112334	0.003802323839
112335	0.0002069864797
112336	3.90222788e-05
112337	0.00296204823
112338	0.002194115637
112339	0.001093768613
112340	0.0006019359227
112341	0.003639593313
112342	0.0003173829092
112343	0.000351246219
112344	0.0001560971426
112345	0.00115270442
112346	0.0003943362436
112347	0.000218030148
112348	0.0004569120317
112349	0.001894362309
112350	0.0001773143256
112351	0.0001177191117
112352	0.0005832459447
112353	0.0003633052912
112354	0.0008283129361
112355	0.001307907365
112356	0.0005888480585
112357	0.001703204729
112358	0.001756345219
112359	0.0004199534226
112360	0.001053320933
112361	0.002673290704
112362	0.0001275387684
112363	0.001067476748
112364	0.0008488948484
112365	0.001047590387
112366	0.001247745844
112367	0.0002943402277
112368	0.006072321629
112369	0.0008087270795
112370	0.001427103638
112371	0.002231486784
112372	4.558668992e-05
112373	0.00298207483
112374	0.001351791463
112375	0.0002152011719
112376	0.001466824082
112377	0.001539294095
112378	0.000683984377
112379	0.0005436884298
112380	0.0004140488735
112381	0.0002877768498
112382	0.002027895707
112383	0.0008033084507
112384	0.000539500813
112385	0.002055684444
112386	0.0008483762084
112387	0.0009165969325
112388	0.0007908197854
112389	0.0002001481922
112390	0.00394128066
112391	1.923670128e-06
112392	0.002076633717
112393	0.0001903389978
112394	0.002915204061
112395	0.001755042335
112396	0.003610232493
112397	0.0007412150128
112398	0.0004409106549
112399	0.0008991200873
112400	0.002123683663
112401	0.001175511923
112402	0.0008052088112
112403	0.001202722581
112404	0.0009384877114
112405	0.0008255269622
112406	0.0004492439872
112407	0.002116762592
112408	0.002434589284
112409	0.001589167771
112410	0.0005791661889
112411	0.0002829348206
112412	0.00025841955
112413	0.002081622252
112414	0.001474747249
112415	0.003914652575
112416	0.002977272159
112417	0.001884033377
112418	0.001725291075
112419	0.004167076712
112420	0.006919752495
112421	0.00239076802
112422	0.001560286657
112423	0.00378063315
112424	0.005140221033
112425	0.002545304427
112426	0.001173843888
112427	0.002416836952
112428	0.004587673153
112429	0.000740146792
112430	0.001410169359
112431	0.004972343048
112432	0.001206016489
112433	0.001052329222
112434	0.009204612263
112435	0.000278097773
112436	0.007196377754
112437	0.0004573387135
112438	0.002737658835
112439	0.0008806279933
112440	0.002108055312
112441	5.89586557e-05
112442	0.00218211804
112443	0.001738905374
112444	0.0009549474273
112445	0.0005785634945
112446	0.0006557940701
112447	0.001987199767
112448	0.0007423300422
112449	0.0002405767258
112450	0.005539276783
112451	0.002663812765
112452	0.002587611114
112453	0.0006314818541
112454	0.007426821036
112455	0.00316555258
112456	0.001775278905
112457	0.002722517261
112458	0.001659853649
112459	0.004611475779
112460	0.0003005993096
112461	0.008407152496
112462	0.006763961632
112463	0.002386987702
112464	5.211149332e-07
112465	0.0001613065659
112466	0.008236643117
112467	0.002346991724
112468	0.002613675713
112469	0.0005683611066
112470	0.009454879601
112471	0.001368112127
112472	0.009003562922
112473	0.0005568377343
112474	0.006410049491
112475	0.0009276486832
112476	0.003759633775
112477	0.0005445362749
112478	0.006227139199
112479	0.00526309078
112480	0.0001245710767
112481	0.002779674208
112482	0.0007630109198
112483	0.001890172518
112484	0.006254114453
112485	0.002316303029
112486	0.007164739996
112487	0.001568397696
112488	0.007225253591
112489	0.002771511448
112490	0.006363190441
112491	0.005566252894
112492	0.003004088488
112493	0.004177640577
112494	0.01015979231
112495	0.0003237900481
112496	6.718041681e-05
112497	0.004902932751
112498	0.003811363654
112499	0.007929308001
112500	0.007344685345
112501	0.004599444396
112502	0.006725477744
112503	0.006178173684
112504	0.002107026998
112505	0.002249586971
112506	0.002063534994
112507	0.007427062512
112508	0.0007217927325
112509	0
112510	0.001753156092
112511	0.006415683657
112512	0.003943871699
112513	0.006072989384
112514	0.005000296069
112515	0.0011856404
112516	0.0001488158641
112517	0.002545257378
112518	0.0002127225663
112519	0.01769691743
112520	0.009126149568
112521	0.007124956222
112522	0.005479646214
112523	0.002063838724
112524	0.002244453749
112525	0.002145949824
112526	0.008268244298
112527	0.00431261609
112528	0.004572172538
112529	0.005290781113
112530	0.003401634048
112531	0.003973641763
112532	0.0003883434422
112533	0.003877265424
112534	0.004330203454
112535	0.00184478
112536	0.003602746702
112537	0.009543260628
112538	0.0007559443616
112539	0.005638476094
112540	0.005244182127
112541	0.0004098459722
112542	0.004583086954
112543	0.005646859369
112544	0.005051465317
112545	0.004500493255
112546	0.0004957044809
112547	0.005375590955
112548	0
112549	0.000111942691
112550	0.005738832626
112551	0.003150287541
112552	0.001147330253
112553	0.00625355534
112554	0.006240174898
112555	0.002374284596
112556	0.001190939174
112557	0.003063258196
112558	0.006108619114
112559	0.0002911384018
112560	0.002992826634
112561	0.01156932303
112562	0.002894924861
112563	0.001188542855
112564	0.00366094046
112565	0.0001364104046
112566	0.0004086001642
112567	0.003043042522
112568	0.009466689851
112569	0.003085024772
112570	0.002782221694
112571	0.0007233441097
112572	0.004029875293
112573	0.00418748183
112574	0.002945445537
112575	0.003410490351
112576	0.003010790455
112577	0.00164011071
112578	0.001562439827
112579	0.0007526070105
112580	0.005309368426
112581	0.007536270884
112582	0.002974262947
112583	0.01105312814
112584	0.00679028249
112585	0.00320065452
112586	0.001277049586
112587	0.003767294067
112588	0.0006825621332
112589	0.003100989431
112590	0.004094771493
112591	0.002310915763
112592	0.002974820521
112593	0.007827287826
112594	0.002460637371
112595	0.002691097782
112596	0.003155754717
112597	0.001707640179
112598	0.0006861174593
112599	0.0005080351634
112600	0.001649609089
112601	0.001686083342
112602	0.001471620102
112603	0.001353985435
112604	0.001065453794
112605	0.0007492983805
112606	0.003190736172
112607	0.0001424262939
112608	0.003348022255
112609	0.0003469744079
112610	0.005506169428
112611	0.001602628219
112612	0.005537980377
112613	0.0001287731543
112614	0.008771673785
112615	0.007918029956
112616	0.01283030147
112617	0.00379947451
112618	0.004571688462
112619	0.000120366473
112620	0.002821275673
112621	0.01073380058
112622	0.0008302787537
112623	0.0007323407283
112624	0.001825215562
112625	0.01143681823
112626	0.00616295706
112627	0.0008315118521
112628	0.003712296735
112629	0.0009763253082
112630	0.001642291654
112631	0.006934307185
112632	0.002882713471
112633	0.004866089481
112634	0.003131512982
112635	0.0002236190174
112636	0.002265405958
112637	0.0004867006693
112638	0.001187114895
112639	0.00715138717
112640	0.005432922167
112641	0.006743405425
112642	0.003078105151
112643	0.01096885696
112644	2.939405911e-08
112645	0.006994240497
112646	0.007194944816
112647	0.003957398338
112648	0.008652308275
112649	0.003139560541
112650	0.001137484118
112651	0.001651021687
112652	0.005504292298
112653	0.001037574089
112654	0.0003718685161
112655	0.006009600183
112656	0.01247563377
112657	0.002821482353
112658	0.01688449082
112659	0.008756829209
112660	0.006653724822
112661	0.00452667344
112662	0.00200452799
112663	0.01064928179
112664	0.009847012764
112665	0.0128962869
112666	0.002067876354
112667	0.0008844430537
112668	0.003629625637
112669	0.0072397919
112670	0.01204617582
112671	0.003779039381
112672	0.007447151813
112673	0.009147774895
112674	0.008808461977
112675	0.0004615948689
112676	0.008972276922
112677	0.00431329199
112678	0.004811528359
112679	0.008806609035
112680	0.00593774804
112681	0.005826233796
112682	0.01708671841
112683	0.007972768086
112684	0.00847890079
112685	0.0005118416028
112686	0.009020139599
112687	0.004525018478
112688	0.003812274561
112689	0.004833952898
112690	0.006487646
112691	0.004156606668
112692	0.009037823633
112693	0.006047277585
112694	0.01905343128
112695	0.007054975036
112696	0.006215685534
112697	0.01246481803
112698	0.006588738806
112699	0.003862322567
112700	0.004615040392
112701	0.009886862893
112702	0.000106350756
112703	0.0003288872953
112704	0.001289833434
112705	0.003203830184
112706	0.003293461083
112707	0.009639896208
112708	0.003713306873
112709	0.002184773414
112710	0.003812524885
112711	0.0006880016122
112712	0.002467054687
112713	0.001148787208
112714	0.003224108804
112715	0.0001374468729
112716	0.002445565343
112717	0.0004562582207
112718	0.009007376225
112719	0.00214970576
112720	0.005463624153
112721	0.007169373093
112722	0.008675908192
112723	0.006988424292
112724	0.00195892786
112725	0.003647009796
112726	0.003065704663
112727	0.008477394845
112728	0.003995376922
112729	0.008696127182
112730	0.003676194933
112731	0.009279868734
112732	0.003136780542
112733	0.001534449683
112734	0.003173655997
112735	0.01721541027
112736	0.002913117629
112737	0.02182204525
112738	0.005968943995
112739	0.007112088268
112740	0.001105259088
112741	0.005647490071
112742	0.001338946908
112743	0.003005567021
112744	0.002794439643
112745	0.003040772814
112746	0.007084551465
112747	0.001389664358
112748	0.01134338152
112749	0.0008563693938
112750	0.0003858380425
112751	0.01273742005
112752	0.003316323171
112753	0.007949018293
112754	0.004070783283
112755	0.009632161962
112756	0.01029397117
112757	0.003012268738
112758	0.006574186232
112759	0.004408303951
112760	0.006342732989
112761	0.003994070071
112762	7.784772303e-05
112763	0.008220459131
112764	0.006559504413
112765	0.0006090671406
112766	0.003726484526
112767	0.004761259666
112768	0.004286146497
112769	0.003269363007
112770	0.0002736617615
112771	0.007955924619
112772	0.003304057011
112773	0.0004776467711
112774	0.0009067666792
112775	0.0169922292
112776	0.009339830319
112777	0.0009336239086
112778	0.00183784312
112779	0.002808515315
112780	0.01701483538
112781	0.006527256105
112782	0.00326725292
112783	0.001019725456
112784	0.005423411577
112785	0.002793800063
112786	0.0003513036157
112787	0.001891705055
112788	0.003782125991
112789	0.002094219184
112790	0
112791	0.007556715147
112792	0.005218966217
112793	0.002389251683
112794	0.0006938728879
112795	0.003161794829
112796	0.003738585135
112797	0.00360997182
112798	0.001044152837
112799	0.001965090655
112800	0.0004477160727
112801	0.005459536909
112802	0.0008437303716
112803	0.0003816867894
112804	0.004717599028
112805	0.0006310373968
112806	0.002947898134
112807	0.0008794086307
112808	0.0004311846128
112809	0.004154085222
112810	0.001848376432
112811	0.004032778955
112812	0.006990193912
112813	0.005845329578
112814	0.00385863905
112815	0.0001108883454
112816	0.001549827174
112817	0.0002015786953
112818	0.0006258080699
112819	0.002863999274
112820	0.01136366918
112821	0.006352888386
112822	0.00727037339
112823	0.00531050441
112824	0.001676983218
112825	0.00115195458
112826	0.001437951338
112827	0.00288674952
112828	0.001066402092
112829	0.006245893724
112830	0.004911907211
112831	0.005483363169
112832	0.006658037334
112833	0.01372082295
112834	0.004044617873
112835	0.002551624381
112836	0.001727478044
112837	0.01010304821
112838	0.00618879777
112839	0.006569523534
112840	0.003112312063
112841	0.004195243868
112842	0.008213799996
112843	0.005081787082
112844	0.006329793733
112845	0.004335677563
112846	0.004130634157
112847	0.007476921926
112848	0.002937282951
112849	0.005491033217
112850	0.006074598594
112851	0.01690258689
112852	0.002344362554
112853	0.002072160959
112854	0.004646272501
112855	0.002999209296
112856	0.001560241214
112857	0.001493348865
112858	0.002848253624
112859	0.009339636224
112860	0.001772751014
112861	0.00122586031
112862	0.009424757666
112863	0.002892767068
112864	0.002789619798
112865	0.004863993987
112866	0.001609944576
112867	0.004715335809
112868	0.002547930938
112869	0.006167009771
112870	0.006524868956
112871	0.006682878369
112872	0.008246725166
112873	0.007441819436
112874	0.002658934771
112875	0.003159640174
112876	0.001653457356
112877	0.0004166736469
112878	0.0002685980563
112879	0.002892143076
112880	0.01059914229
112881	0.003223982775
112882	7.190456665e-05
112883	0.0002454980055
112884	0.0005882111667
112885	0.001617744485
112886	0.005419151239
112887	0.003070166941
112888	0.002831552132
112889	0.007820628655
112890	0.01313130031
112891	0.005099720038
112892	0.008035248145
112893	0.006910662872
112894	0.008460521693
112895	0.004970828774
112896	0.0008924199629
112897	0.002714338202
112898	0.00349078874
112899	0.006610695594
112900	0.00123290434
112901	0.002210819087
112902	0.003746313737
112903	0.004762559906
112904	0.0004529167417
112905	0.001831574563
112906	0.00576535317
112907	0.000395499079
112908	0.0006354969337
112909	0.002090367106
112910	0.003374695853
112911	0.004632143465
112912	0.006936290659
112913	0.001378481189
112914	0.005057642451
112915	0.000194849685
112916	0.003315144746
112917	0.004608109509
112918	0.005609471031
112919	0.01358292586
112920	0.00576744303
112921	0.002035120303
112922	0.007531684516
112923	0.0007883029828
112924	0.01679142861
112925	0.005708760703
112926	0.008843816869
112927	0.0009731730466
112928	0.003244176667
112929	0.005022278574
112930	0.001002562556
112931	0.005233590396
112932	0.002868240362
112933	5.410887984e-05
112934	0.001597303353
112935	0.006990567707
112936	0.01736829998
112937	0.002217869117
112938	0.01271064637
112939	0.005989880095
112940	0.004684344778
112941	0.002785359733
112942	0.005134409512
112943	7.297324271e-06
112944	0.00390792611
112945	0.0005550251205
112946	0.006123453803
112947	0.01421887127
112948	0.001043218203
112949	0.0125211253
112950	0.007810553241
112951	0.01247053473
112952	0.003800650378
112953	0.004207612578
112954	0.005300228388
112955	0.0004210373931
112956	0.004759482671
112957	0.006136082941
112958	0.004901862974
112959	0.01143281691
112960	0.01399820734
112961	0.01350663939
112962	0.005618914728
112963	0.01758551092
112964	0.004174303746
112965	0.00410459145
112966	0.003286987935
112967	0.005808469575
112968	0.003701705226
112969	0.006516325465
112970	0.004346018599
112971	0.002993766918
112972	0.003776469165
112973	0.003773016689
112974	0.002264452225
112975	0.005013786919
112976	0.003792213216
112977	0.007053543069
112978	0.001548781053
112979	0.004293499609
112980	0.0008651070377
112981	0.005910492105
112982	0.001368934038
112983	0.002928341186
112984	0.002364057459
112985	0.000555515329
112986	0.0009919324904
112987	0.002933255219
112988	0.007292471117
112989	0.001708411618
112990	0.005092251477
112991	0.00488283956
112992	0.00124543942
112993	0.006672663377
112994	0.0009753906134
112995	0.002778209517
112996	0.002616223382
112997	0.0005402422895
112998	0.0005427933681
112999	0.001096539202
113000	0.0008008306592
113001	0.001111958056
113002	0.00598959724
113003	0.0015678565
113004	0.009992339369
113005	0.006123556667
113006	0.005582906953
113007	0.004036999377
113008	0.001155321408
113009	0.001954302958
113010	0.005314226274
113011	3.256223257e-05
113012	0.006057392023
113013	0.00341483976
113014	0.008448164798
113015	0.001305261796
113016	0.004397678487
113017	0.004687710644
113018	0.006008618928
113019	0.0008474667769
113020	0.002344021426
113021	0.01034123518
113022	0.001936674705
113023	0.00675527028
113024	0.005544034201
113025	0.002566099683
113026	0.005746074746
113027	0.01198327946
113028	0.0008130552925
113029	0.001850746929
113030	0.0006331723315
113031	0.002171608455
113032	0.002011177299
113033	0.002411834839
113034	0.002003292626
113035	0.000750704955
113036	0.002127608832
113037	0.001290787928
113038	0.002041674792
113039	0.00039345317
113040	0.002295538833
113041	0.002790280871
113042	0.0004117299589
113043	0.01284130432
113044	0.005716213716
113045	0.00223546975
113046	0.009760798656
113047	0.003310352354
113048	0.007136584679
113049	0.0039901456
113050	0.003189987174
113051	0.0005684111823
113052	0.004061430166
113053	0.003603082905
113054	0.005015360512
113055	0.00128934208
113056	0.0003645574989
113057	0.002220284725
113058	0.00795402543
113059	0.001496894069
113060	0.002476176551
113061	0.006798639135
113062	0.01516843021
113063	0.01397799447
113064	0.001882152221
113065	0.005212220241
113066	0.0073613863
113067	0.002107360613
113068	0.0008355641818
113069	0.002739365309
113070	0.000253002855
113071	0.002457684023
113072	0.001576125322
113073	0.002198946679
113074	0.003300340863
113075	0.002038533652
113076	0.005362678987
113077	0.002777106966
113078	0.0007546585072
113079	0.0005362833385
113080	0.0004432851109
113081	0.002290269751
113082	0.003309251133
113083	0.0009389523975
113084	0.002214324319
113085	0.0004180183604
113086	0.001521363416
113087	0.0009310763696
113088	0.002023047426
113089	0.0005726313639
113090	0.001709090217
113091	0.004772975087
113092	3.389261166e-06
113093	0.003478105315
113094	0.001418811214
113095	0.005630466952
113096	0.001123665284
113097	0.002337523311
113098	0.003060297777
113099	0.00221270046
113100	0.001019426305
113101	0.002677528583
113102	0.004382550283
113103	0.0007397730593
113104	0.00253646451
113105	0.002670475711
113106	0.007637418453
113107	0.0007804747776
113108	0.001961170757
113109	0.004913018399
113110	0.0008642152182
113111	0.00157083341
113112	0.000291915374
113113	0.003549668194
113114	0.002986190898
113115	0.00291555407
113116	0.00062017099
113117	0.005877642878
113118	0.003857070549
113119	0.001013302938
113120	0.00200780562
113121	0.005754268219
113122	0.0007843120278
113123	0.002444314433
113124	0.000899675237
113125	0.006157876224
113126	0.0001524652278
113127	0.001125217642
113128	0.003502004917
113129	0.005665067326
113130	0.0007715921379
113131	0.01004593794
113132	0.002500939382
113133	0.005125330452
113134	0.004954659943
113135	0.002148210506
113136	0.003708128878
113137	0.0007781651187
113138	0.001032436121
113139	0.004344380684
113140	0.007959440381
113141	0.003934803648
113142	0.0006587397047
113143	0.003538213294
113144	0.001174273464
113145	0.002945334223
113146	0.002177129033
113147	0.00226891728
113148	0.0005642933355
113149	0.002311840001
113150	0.004573902855
113151	0.001478072589
113152	0.005359183152
113153	0.004829938842
113154	0.003909405919
113155	0.0003005422525
113156	0.00106101001
113157	0.0006597080637
113158	3.878165162e-05
113159	0.000118319074
113160	0.0003330974675
113161	0.001702398402
113162	0.002924603046
113163	0.001818805952
113164	0.002012922613
113165	0.001485612313
113166	0.001986554724
113167	0.006349228158
113168	0.001059188279
113169	0.0021746105
113170	0.005777570825
113171	0.002197680116
113172	0.001794954795
113173	0.002204783905
113174	0.006487869945
113175	0.00045684926
113176	0.0007523560412
113177	0.00283574812
113178	0.009995757143
113179	0.001792531158
113180	0.002190173163
113181	0.006551561429
113182	0.001560303321
113183	0.009234557115
113184	0.004148579699
113185	0.004504730565
113186	0.0003094888438
113187	0.001891553632
113188	0.009269463252
113189	0.008336888712
113190	0.0008408329985
113191	0.00629551817
113192	0.0007299154031
113193	0.002463894604
113194	0.005105847681
113195	0.001082932278
113196	0.005671214952
113197	0.001789873942
113198	0.002539850897
113199	0.001585142759
113200	0.00290187823
113201	0.001152329938
113202	0.002221341958
113203	0.002313824791
113204	0.005388626541
113205	0.0005266321719
113206	0.001124146013
113207	4.255993565e-05
113208	0.003264754065
113209	0.003237091454
113210	0.005267830937
113211	0.003165362552
113212	0.0009427909439
113213	0.002989932305
113214	0.002436025994
113215	0.0008763923448
113216	0.003550918024
113217	0.004257178901
113218	0.001876285952
113219	0.0001460661309
113220	0.004044936206
113221	0.004284986396
113222	0.004312858189
113223	0.004069215928
113224	0.00451990627
113225	0.001894282009
113226	0.002175533625
113227	0.001815569558
113228	0.00288484711
113229	0.0005286839034
113230	0.004277226344
113231	0.007101355251
113232	1.235947316e-05
113233	0.001511833228
113234	0.004092842818
113235	0.004484634928
113236	0.004745733062
113237	0.0007369967159
113238	0.001988639709
113239	0.002595386947
113240	0.003232247648
113241	0.0003720026867
113242	0.002977462307
113243	0.004353599017
113244	0.001245518441
113245	0.002675641228
113246	0.002247279235
113247	0.007895090112
113248	0.004017129085
113249	0.005203833837
113250	0.009851483299
113251	0.001422339639
113252	0.004391539045
113253	0.003897561672
113254	0.007427975851
113255	0.001322055556
113256	0.007248057266
113257	0.000116412742
113258	0.001309255865
113259	0.008588542024
113260	0.0008318861595
113261	0.01007490502
113262	0.0008016169467
113263	0.0006244848656
113264	0.001397354633
113265	0.004048833474
113266	0.001666209812
113267	0.007814794541
113268	2.767156238e-07
113269	0.0003980278217
113270	0.00322421859
113271	0.003548511486
113272	0.002705587721
113273	0.002158362881
113274	3.84423173e-08
113275	0.000460378083
113276	0.006245278217
113277	0.00198967618
113278	0.003362783423
113279	0.003681286306
113280	0.003650116354
113281	0.00404504975
113282	0.002904117323
113283	0.00166108345
113284	0.003097634547
113285	0.004440511693
113286	0.001074498946
113287	0.0008172544559
113288	0.004277738259
113289	7.688173979e-05
113290	0.005255757178
113291	0.0008847214958
113292	0.00592940551
113293	0.0008798157934
113294	0.001204561145
113295	0.006126444242
113296	0.0003506941832
113297	0.0002701122809
113298	0.002851017272
113299	0.00183398758
113300	0.001380448159
113301	0.002958838358
113302	0.00162513001
113303	0.001599201769
113304	0.00171540721
113305	0.005158920421
113306	0.003045786338
113307	0.004421992533
113308	0.007145301314
113309	0.0006995650529
113310	0.000245527383
113311	0.003247597515
113312	0.005547560055
113313	0.003589277892
113314	0.000385476256
113315	0.008375708386
113316	0.002414966297
113317	0.001878141289
113318	0.005652546673
113319	0.001798211036
113320	0.005881305061
113321	0.0008768937788
113322	0.003245858843
113323	0.009197044936
113324	0.0004347764168
113325	0.003806760396
113326	0.001988522638
113327	0.007875783059
113328	0.001664141462
113329	0.005193826418
113330	0.001769679742
113331	0.001892567412
113332	0.006962526267
113333	0.0118653157
113334	0.008782117734
113335	0.003839963638
113336	0.002182048009
113337	0.001952745125
113338	0.002561854251
113339	0.000915341407
113340	0.002208120255
113341	0.001147656784
113342	0.001527618394
113343	0.0009373034816
113344	0.005582865038
113345	0.004807478377
113346	0.0005213802529
113347	2.009484768e-08
113348	0.001947263383
113349	0.007932214538
113350	0.001737246631
113351	0.003084715536
113352	0.002080364783
113353	0.0009869219604
113354	0.0007223702002
113355	0.01286847048
113356	0.001000018685
113357	0.01621522781
113358	0.02001536618
113359	0.01191260889
113360	0.005400109664
113361	0.004250650742
113362	0.01606716762
113363	0.02215685968
113364	0.003122409963
113365	0.01579990618
113366	0.00829908974
113367	0.003166626741
113368	0.0176851843
113369	2.870576146e-07
113370	0.002773907647
113371	0.005458684297
113372	0.002854835122
113373	1.157440361e-06
113374	0.002972406903
113375	0.005531262417
113376	0.0006802460082
113377	0.0002038364785
113378	0.006122831669
113379	0.00203614956
113380	0.004225295729
113381	0.00383931032
113382	0.0008808920798
113383	0.001316550956
113384	0.002902936791
113385	0.007106146898
113386	0.003466421007
113387	0.0004133235219
113388	0.005027614464
113389	0.002896167838
113390	0.00434433262
113391	0.003462393018
113392	0.005756519915
113393	0.001821936568
113394	0.002350590417
113395	5.771851867e-07
113396	0.001263035657
113397	0.005949365964
113398	0.0007522548265
113399	0.003059346215
113400	0.001651612369
113401	0.004196285834
113402	0.003548588018
113403	0.003075649679
113404	0.004569857141
113405	0.004310617035
113406	0.005132357572
113407	0.002239386282
113408	0.002517891809
113409	0.001578534465
113410	0.00171953215
113411	0.002186016903
113412	0.00195499786
113413	0.002639303396
113414	0.01007394988
113415	0.001494926499
113416	0.002006158896
113417	0.00492275469
113418	0.002441630722
113419	0.003169023384
113420	0.004164329111
113421	0.001935955622
113422	0.0007288130655
113423	0.004489272252
113424	0.001636572357
113425	0.0007833405456
113426	0.001748131236
113427	0.000931092331
113428	0.0002925377217
113429	0.006038209415
113430	0.003112623093
113431	0.001360666844
113432	0.005755102156
113433	0.002301894391
113434	0.002092599768
113435	0.00474831674
113436	0.001504589822
113437	0.007767758823
113438	0.004775077318
113439	0.006497502721
113440	0.0007514265073
113441	0.001906410014
113442	0.002989028734
113443	0.003186295905
113444	0.004279492283
113445	0.005045860047
113446	0.003198119254
113447	0.002900003987
113448	0.0001891514418
113449	0.0005571742963
113450	0.0004126908822
113451	0.00112368369
113452	0.002535127662
113453	0.005318929899
113454	0.007589410403
113455	0.001333218967
113456	0.0007139638217
113457	0.003648318145
113458	0.0059233901
113459	0.005061260356
113460	0.006820192164
113461	0.000555080707
113462	0.006799512659
113463	0.006258231167
113464	0.002673361437
113465	0.0001343962273
113466	0.004280202018
113467	0.005467525525
113468	0.003503769326
113469	0.003945594846
113470	0.001597537082
113471	0.008279686057
113472	0.002984742572
113473	0.005060096929
113474	0.001514172693
113475	0.0001484005488
113476	0.002818231166
113477	0.003637235949
113478	0.003324816335
113479	0.00433822344
113480	0.0004099945334
113481	0.005971113861
113482	0.005624584179
113483	0.004752194107
113484	0.0006283808436
113485	0.00147618378
113486	0.0007409231428
113487	0.003546271811
113488	0.007099783202
113489	0.005463117343
113490	0.008289624129
113491	0.008620619602
113492	0.004028565863
113493	0.002522792427
113494	0.00440800829
113495	0.005427577057
113496	0.001055638146
113497	0.002003055472
113498	5.741152312e-07
113499	0.005757192674
113500	0.001472620686
113501	0.003022349956
113502	0.00341321733
113503	0.003500861055
113504	0.005000806176
113505	0.001371704517
113506	0.0001418047775
113507	0.002405714203
113508	6.351385528e-05
113509	0.0001368407634
113510	0.005053106506
113511	0.001701098478
113512	0.002534520279
113513	0.0002744259678
113514	0.00502843839
113515	0.005192687349
113516	0.000931864853
113517	0.001425553146
113518	0.001141944596
113519	0.0005012170942
113520	0.004926928598
113521	0.004335975692
113522	0.001438153365
113523	0.006880793325
113524	0.0006005012039
113525	0.004578722344
113526	0.007206797946
113527	0.00212133509
113528	7.266932134e-05
113529	0.004976989813
113530	0.005755699314
113531	0.002611210901
113532	0.005469137495
113533	0.009228043972
113534	0.003342770166
113535	0.001695395211
113536	0.002352270519
113537	0.006138651942
113538	0.0002787770909
113539	0.003342842285
113540	0.003390616043
113541	0.002027419262
113542	0.005764265531
113543	0.001412853897
113544	0.002885165278
113545	0.009087885666
113546	0.005176799938
113547	0.00103230787
113548	0.002963300196
113549	0.002267276047
113550	0.001172834361
113551	0.00304781783
113552	0.004016262611
113553	0.003403611323
113554	0.004572168852
113555	0.01810467023
113556	0.01236450844
113557	0.009696884678
113558	0.002055740978
113559	0.003843869658
113560	0.0003365975188
113561	0.01342081713
113562	0.0007739182887
113563	0.005773551794
113564	0.007343544324
113565	0.003388393249
113566	0.001111757617
113567	0.005728976427
113568	0.009215455481
113569	0.01703156281
113570	0.004166110353
113571	0.001343330591
113572	0.003209082881
113573	0.003641421465
113574	0.001551025967
113575	0.004198073373
113576	0.001002635957
113577	0.01521053303
113578	0.001814646592
113579	0.002348210052
113580	0.0005915495471
113581	0.007942208788
113582	0.002208470184
113583	0.007893816297
113584	0.01290351168
113585	0.01159426416
113586	0.009994145431
113587	0.01249384471
113588	0.0006424790491
113589	0.001206705299
113590	0.001742330978
113591	0.002692706569
113592	0.0008869313646
113593	0.004859098111
113594	0.008228316076
113595	0.003717048583
113596	0.002149009656
113597	0.002672695798
113598	0.00972270876
113599	0.01061711604
113600	0.007898335777
113601	0.003401335853
113602	0.002543121274
113603	0.006452350236
113604	0.001116113806
113605	0.001324373446
113606	0.01771239738
113607	0.003293761159
113608	0.003373128396
113609	0.02213091163
113610	0.003649359184
113611	0.01064395165
113612	0.004704977562
113613	0.01781089601
113614	0.002218656425
113615	0.001170784962
113616	0.003118891155
113617	0.005037462728
113618	0.004450013487
113619	0.006779376806
113620	0.004722493624
113621	0.0041814218
113622	0.0001747607461
113623	0.003932897146
113624	0.003901905544
113625	0.003663259016
113626	0.00915557666
113627	0.002855638515
113628	0.00443628803
113629	6.854424303e-05
113630	5.372641909e-05
113631	0.002909130033
113632	0.0007407306465
113633	0.005062984967
113634	0.0004235498654
113635	0.002662011129
113636	0.003667191746
113637	0.001328321734
113638	0.003214177291
113639	0.001482615851
113640	0.007778991526
113641	0.003389755661
113642	2.255001368e-06
113643	0.0001345680933
113644	0.000126875735
113645	0.0001234279766
113646	0.004165436634
113647	0.01167201788
113648	0.003309491005
113649	0.003587854472
113650	0.001555356947
113651	0.002879456086
113652	0.007367104543
113653	0.01374701287
113654	0.003278483494
113655	0.0005638349883
113656	0.003212791912
113657	0.002219702897
113658	0.0006553232384
113659	0.002138448013
113660	0.002295784867
113661	0.006028829252
113662	0.004099778779
113663	0.004149913021
113664	0.004099881935
113665	0.002930576211
113666	0.001195962917
113667	0.004594999628
113668	0.0004976215972
113669	0.001093491462
113670	0.0001162577382
113671	0.004053009963
113672	0.004227790039
113673	0.0002358124433
113674	0.006665654006
113675	0.0002250356915
113676	0.006983652922
113677	0.0005638252146
113678	0.003016780098
113679	0.002540638641
113680	0.005289382002
113681	0.004664760947
113682	0.008914867908
113683	0.0001024703739
113684	0.002003051143
113685	0.005298266889
113686	0.0005860049991
113687	0.003221438065
113688	0.001374384077
113689	0.005528054412
113690	0.006756522355
113691	0.002365271553
113692	0.008119470193
113693	0.0002883892002
113694	0.004843153403
113695	0.002367920449
113696	0.0111661355
113697	0.002485893446
113698	0.005982780487
113699	0.001816775653
113700	0.01199773449
113701	0.001165887446
113702	0.01073511421
113703	0.008771990722
113704	0.004179531594
113705	0.0004490253108
113706	0.001985003082
113707	0.004135216361
113708	0.009211309895
113709	0.009739387245
113710	0.009869823285
113711	0.001019268697
113712	0.002135528283
113713	0.0089760195
113714	0.002269896803
113715	0.004577238971
113716	0.0005613326876
113717	0.007251675099
113718	0.004533288758
113719	0.004832943588
113720	0.0002670799627
113721	0.00582574661
113722	0.004767436315
113723	0.008663289121
113724	0.0001423046082
113725	0.0001410855242
113726	0.003505984162
113727	0.001765580121
113728	0.005924304936
113729	0.003198410317
113730	0.001846561262
113731	0.003182465832
113732	0.002678186449
113733	0.0004835285629
113734	0.011129619
113735	0.008213500628
113736	0.01058968296
113737	0.004004633914
113738	0.002473203339
113739	0.001242949463
113740	0.01910157575
113741	0.001584143946
113742	0.004183128636
113743	0.005685323618
113744	0.006997260604
113745	0.003830328828
113746	0.002257161664
113747	0.0176857446
113748	0.00115978834
113749	0.006177422604
113750	0.001061926598
113751	0.003845624377
113752	0.005747231213
113753	0.009890344434
113754	0.003921598898
113755	0.007004472046
113756	0.000579955215
113757	0.002610195598
113758	0.001178749693
113759	0.01477586256
113760	0.0008777327548
113761	0.003614915541
113762	0.0005525946467
113763	0.003035058335
113764	0.00911636146
113765	0.005286973532
113766	0.002501364441
113767	0.0002424514218
113768	0.002617202061
113769	0.0004329028216
113770	0.007625603841
113771	0.001280991453
113772	0.01002964071
113773	0.00192205119
113774	0.008597596451
113775	0.003742944691
113776	0.0004721473658
113777	0.005183811752
113778	0.004448477274
113779	0.00817912037
113780	0.003363218967
113781	0.002539046555
113782	0.0001795289391
113783	0.0004434638397
113784	0.00170677083
113785	0.007470894678
113786	0.006273278048
113787	0.001094339121
113788	0.007517008976
113789	0.003296952283
113790	0.009779140551
113791	0.000677692274
113792	0.0033316878
113793	0.002561341809
113794	0.002079722057
113795	0.002053737303
113796	0.001560673162
113797	0.003115161327
113798	0.002792598853
113799	0.001517650633
113800	0.002592741128
113801	0.00110960073
113802	0.003202011914
113803	0.003191547153
113804	0.001909049558
113805	0.002377997897
113806	0.003110960359
113807	0.001639018142
113808	0.0009519935226
113809	0.002222014953
113810	0.001902303205
113811	0.001290693164
113812	0.003813915448
113813	0.001565895168
113814	0.006098770337
113815	7.277017479e-05
113816	0.0001307080083
113817	0.002175567859
113818	0.001032495755
113819	0.008363059439
113820	0.007293523959
113821	0.001645856954
113822	0.003244189586
113823	0.003263478922
113824	0.003283243517
113825	0.001215888652
113826	0.0001214869613
113827	0.005920931817
113828	0.006366883573
113829	0.006108258597
113830	0.0004681108444
113831	0.009710975662
113832	0.007682126456
113833	0.006702081454
113834	0.00631519629
113835	0.008891744323
113836	0
113837	0.00258334373
113838	0.00826215467
113839	0.001022847268
113840	0.002688485263
113841	0.01275975372
113842	0.001581874509
113843	0.005524968607
113844	0.008167170683
113845	0.003517634092
113846	0.004871926852
113847	0.006781656329
113848	0.01422430072
113849	0.004158733604
113850	0.00155702478
113851	0.0003029103273
113852	0.0005010851618
113853	0.0009295738119
113854	0.005946069316
113855	0.003603094925
113856	0.01522355171
113857	0.0007734426939
113858	0.006070567201
113859	0.007731972693
113860	0.004433452717
113861	0.001002512986
113862	0.004199924197
113863	0.002043556137
113864	0.002194305878
113865	0.01552991013
113866	0.003686024104
113867	0.01031463491
113868	0.002687033534
113869	0.0006880345471
113870	0.006450778927
113871	0.00117675893
113872	0.01158292719
113873	0.01191059843
113874	0.002357009276
113875	0.0004961543882
113876	0.003484070978
113877	0.003085445245
113878	0.0006606018067
113879	0.002513670618
113880	0.002565532584
113881	0.002710179702
113882	0.002958925078
113883	0.008611812109
113884	0.002119967341
113885	0.0003372980891
113886	0.003989619372
113887	0.0008355636991
113888	0.004539896212
113889	0.007261694017
113890	0.0003165758429
113891	0.00485938903
113892	0.0007184963722
113893	0.005582932419
113894	0.01174409809
113895	0.01582627903
113896	0.007093547625
113897	0.002323152873
113898	0.001586417762
113899	0.009475676105
113900	0.003277608286
113901	0.003097896031
113902	0.006485548457
113903	0.0002250700644
113904	0.0008196986608
113905	0.0001433403918
113906	0.00468576679
113907	0.002118681597
113908	0.009671399627
113909	0.001968231837
113910	0.01225626011
113911	0.0007705118621
113912	0.004720552714
113913	0.007056485585
113914	0.001788958283
113915	0.01273403186
113916	0.002141845936
113917	0.005043696911
113918	0.004737513152
113919	0.001150993733
113920	0.003708412266
113921	0.004615619041
113922	0.003729786603
113923	0.00139426297
113924	0.008061962473
113925	0.006855240939
113926	0.01454181708
113927	0.006265847583
113928	0.003880209506
113929	0.005634239701
113930	0.01337322728
113931	0.001771632162
113932	0.007625932671
113933	0.001276033909
113934	0.001917233121
113935	0.0004783066789
113936	0.001070482316
113937	1.939546619e-05
113938	0.005928198338
113939	0.002107602017
113940	0.0008996890589
113941	0.01277446518
113942	0.003527085329
113943	1.107108047e-05
113944	0.0189471101
113945	0.001544779423
113946	0.004281849798
113947	0.001011459664
113948	0.007202429025
113949	0.001734216912
113950	0.008871037653
113951	0.002793443785
113952	0.0009680103812
113953	0.002303359043
113954	0.002838725211
113955	0.01064677014
113956	0.006580063136
113957	0.002117015066
113958	0.01819653394
113959	0.006371051969
113960	0.004263303661
113961	0.003371557425
113962	0.007051524841
113963	0.0003143509184
113964	0.002660912382
113965	0.001297212661
113966	0.01035801999
113967	0.004950716667
113968	0.0004268025894
113969	0.001113124848
113970	0.003392559787
113971	0.005210614871
113972	0.00474235681
113973	7.135413022e-05
113974	0.001350792617
113975	0.002919023876
113976	0.002502725924
113977	0.001256806168
113978	0.009025937298
113979	0.0001915514095
113980	0.006426857198
113981	0.001001071482
113982	0.01027881389
113983	0.001570914564
113984	0.007247431795
113985	0.003697711044
113986	0.005347951088
113987	0.01087236897
113988	0.007646228585
113989	0.0004667490346
113990	0.00690754715
113991	0.01077666321
113992	0.002475909836
113993	0.00773647411
113994	0.008428832875
113995	0.00413105448
113996	0.004846492184
113997	0.01683909827
113998	0.007627973126
113999	0.004476146118
114000	0.0009786939853
114001	0.001277401688
114002	0.01267068325
114003	0.009165089127
114004	0.008879081343
114005	0.0002237551281
114006	0.003205814904
114007	0.001501795083
114008	0.003235349993
114009	0.006983637547
114010	0.00372395807
114011	0.005076637657
114012	0.002803914813
114013	0.002429780825
114014	0.0007105553297
114015	0.00427031963
114016	0.0001162618577
114017	0.002222201443
114018	0.0119294846
114019	0.00130410148
114020	0.003186055278
114021	0.003567050286
114022	0.009741347482
114023	0.001426468834
114024	0.004268568223
114025	0.0008780876251
114026	0.00667750438
114027	0.0006351180103
114028	0.002931794411
114029	0.009160320269
114030	0.0002474712229
114031	0.005848425363
114032	0.01021570512
114033	0.002857074483
114034	0.001609025183
114035	0.007534208666
114036	0.004925555115
114037	0.003570014729
114038	0.00393189882
114039	0.00449617368
114040	0.003067257226
114041	0.002424313286
114042	0.009047143448
114043	0.003624467601
114044	0.001904581815
114045	0.009989122343
114046	0.001592997667
114047	0.0005765390418
114048	0.01067586475
114049	0.003099166542
114050	0.003700320486
114051	0.003553311092
114052	0.01065289465
114053	0.001279861596
114054	0.007878718621
114055	0.008782663728
114056	0.00468654883
114057	0.004531712729
114058	0.004823081613
114059	0.003438852556
114060	0.003348025343
114061	0.01837606669
114062	0.01977641644
114063	0.001183948342
114064	0.002788870417
114065	0.00644801414
114066	0.01130280874
114067	0.007011255599
114068	0.007955618349
114069	0.008982479883
114070	0.009396890655
114071	0.006774421058
114072	0.004345557567
114073	0.0005267659049
114074	0.0004316124953
114075	0.007994821664
114076	0.01293864556
114077	0.008525849964
114078	0.0009381578377
114079	0.0002309839579
114080	0.005240778538
114081	0.005401022332
114082	0.01083830259
114083	0.0005155421905
114084	0.001295273289
114085	0.01213168746
114086	0.001750921729
114087	0.006539190466
114088	0.004117394917
114089	0.01825916195
114090	0.001069109164
114091	0.01163385194
114092	0.007372575792
114093	0.001866973491
114094	0.003991120822
114095	0.006057077304
114096	0.002333063922
114097	0.001807281193
114098	0.0007993043856
114099	0.002089343342
114100	0.01220005157
114101	0.008565238097
114102	0.01614019675
114103	0.005236457373
114104	0.002826123493
114105	0.001876105999
114106	0.002018335817
114107	0.003308806288
114108	0.00101554805
114109	0.007507589493
114110	0.0001804967592
114111	0.0008726617294
114112	0.0002815160487
114113	0.0006971256163
114114	0.001624430775
114115	0.00515328378
114116	0.004440701255
114117	0.01335400262
114118	0.005501341751
114119	0.009965649308
114120	0.003797252851
114121	0.009036985643
114122	0.01193048919
114123	0.005520967845
114124	0.003784635858
114125	0.004332620783
114126	0.0007806397146
114127	0.001669651234
114128	0.001223508519
114129	0.008013372144
114130	0.005985425079
114131	0.00430371552
114132	0.001981280805
114133	0.007777826259
114134	0.008715799578
114135	0.0005719452386
114136	0.0002832481778
114137	0.003279190949
114138	0.002273417853
114139	0.01076453298
114140	0.0118561222
114141	0.005227988051
114142	0.01103848441
114143	0.007309036106
114144	0.001355191836
114145	0.001031732557
114146	0.0005497574376
114147	0.004485134039
114148	0.0006040435829
114149	0.006490937826
114150	0.006643213715
114151	0.01611515719
114152	0.0006366795169
114153	0.001524107198
114154	0.00170254242
114155	0.01162421249
114156	0.0004665026803
114157	0.002609452018
114158	0.002033294086
114159	0.003958565185
114160	0.003805300992
114161	0.01046097814
114162	0.005108260614
114163	0.00187897425
114164	0.005669316356
114165	0.001227040137
114166	0.001560768328
114167	0.001154687181
114168	0.004404575553
114169	0.001323362423
114170	0.005243240361
114171	0.0003014313581
114172	0.006387151994
114173	0.0136983343
114174	0.008388618781
114175	0.005266476078
114176	0.002556783521
114177	0.001269164662
114178	0.001947632097
114179	0.0121580914
114180	0.01060032024
114181	0.001592963516
114182	0.0003095460037
114183	0.001680460495
114184	0.008275359175
114185	0.002123623797
114186	0.00507598849
114187	0.001076922046
114188	0.001398455885
114189	0.002065112493
114190	0.005807733985
114191	0.01345887502
114192	0.002885165708
114193	0.01499596366
114194	3.791095325e-06
114195	0.002459590182
114196	0.0001881593817
114197	0.006187077722
114198	0.01445961236
114199	0.01206678734
114200	0.0001915644886
114201	0.002755398075
114202	0.004750818345
114203	0.005930491683
114204	0.008628603673
114205	0.0003698483544
114206	0.007807076168
114207	0.001350637893
114208	0.000960992297
114209	0.00813091162
114210	0.01049549724
114211	0.005278062413
114212	0.01179040894
114213	0.001382313978
114214	0.001695846356
114215	0.002575290291
114216	0.01156751612
114217	0.001389671456
114218	0.008591374882
114219	0.008234153692
114220	2.292812394e-07
114221	0.008168380486
114222	0.0134119421
114223	0.0008240451348
114224	0.007797073323
114225	0.005708572199
114226	0.01249152944
114227	0.0126813445
114228	0.01132244257
114229	0.005819670716
114230	0.01431941395
114231	0.003918790565
114232	0.003439649643
114233	0.002146128182
114234	0.002150612902
114235	0.007677356174
114236	0.0001919070813
114237	0.002741932893
114238	0.005157497261
114239	0.005917788135
114240	0.002569176059
114241	0.0002358209604
114242	0.00356445423
114243	0.004859482898
114244	0.001221137992
114245	0.00344893
114246	0.003368130667
114247	0.003602007931
114248	0.000314277261
114249	0.00131698417
114250	0.00828351296
114251	0.002280026292
114252	0.002847813877
114253	0.005866651404
114254	0.01379620152
114255	0.01541695839
114256	0.01468414999
114257	0.01137523338
114258	0.01301253174
114259	0.003407089646
114260	0.0005559768129
114261	0.01488933852
114262	0.0001411762029
114263	0.008822516905
114264	0.01323523688
114265	0.004288217703
114266	0.002457268508
114267	0.002608342793
114268	0.005453741816
114269	0.002989752149
114270	0.003162163149
114271	0.009595202963
114272	0.005767173033
114273	0.004146739647
114274	0.007760782001
114275	0.002316436356
114276	0.006963918402
114277	0.00780554824
114278	0.002168259361
114279	0.001892939365
114280	0.005777450259
114281	0.005907724569
114282	0.007941425313
114283	0.001632066363
114284	0.001688291238
114285	0.0003452722619
114286	0.005443273524
114287	0.001925060189
114288	0.01882237508
114289	0.002919059209
114290	0.0002840712863
114291	0.0008930818854
114292	0.007118926053
114293	0.001227638379
114294	0.001443896108
114295	0.01564839729
114296	0.0002881911677
114297	0.005349688744
114298	0.0006445208816
114299	0.001874347641
114300	0.0001871179886
114301	0.006101418129
114302	0.003507827063
114303	0.001298601518
114304	0.006983935978
114305	0.007137905011
114306	0.01157230391
114307	0.01045753942
114308	0.001619604934
114309	0.0006190688782
114310	0.002476465898
114311	0.01170460904
114312	0.001879432987
114313	0.006227140417
114314	0.001733827639
114315	0.001045721699
114316	0.0117016591
114317	0.001899579401
114318	0.004107157988
114319	0.005290126208
114320	0.005323344349
114321	0.006681632705
114322	0.004901578125
114323	0.01318989823
114324	0.008419977207
114325	0.008279625306
114326	0.01031111392
114327	0.006334011942
114328	0.002401893258
114329	0.008675587734
114330	0.00635237253
114331	0.00592561727
114332	0.005729558077
114333	0.004275850753
114334	0.003391024458
114335	0.002473657342
114336	0.008751333896
114337	0.002751005558
114338	0.009764707545
114339	0.0002368988804
114340	0.006401671207
114341	0.001029171935
114342	0.004127418204
114343	0.004691038687
114344	0.001327692791
114345	0.002564062105
114346	0.004275934204
114347	0.004443204523
114348	0.002695615238
114349	0.0009456005242
114350	0.007005838724
114351	0.006172477913
114352	0.001760175207
114353	0.003951257868
114354	0.002301467045
114355	0.003753584973
114356	0.0007335821495
114357	0.003942022575
114358	0.000918020429
114359	0.001879973498
114360	0.0004876995207
114361	0.000536179567
114362	0.001751319788
114363	0.01190917553
114364	0.001492958114
114365	0.001483601477
114366	0.004295698258
114367	0.001762448599
114368	0.0004113428019
114369	0.007074554479
114370	0.005827159917
114371	0.002014973124
114372	0.004183253109
114373	0.003413474139
114374	0.00468420702
114375	8.281014555e-05
114376	0.003813747626
114377	0.001915104487
114378	0.002132185136
114379	0.000143518117
114380	0.0007553618755
114381	0.0008904033076
114382	0.006842714886
114383	0.0008339984972
114384	0.003179150424
114385	0.0002098984958
114386	0.01099069824
114387	0.006059076211
114388	0.006187926457
114389	0.004949025175
114390	0.002915016119
114391	0.003822976989
114392	0.002276821459
114393	0.0003086132133
114394	0.0002552416962
114395	0.006049436368
114396	0.002009173049
114397	0.007996506911
114398	0.003740185985
114399	0.01658748503
114400	0.002213547243
114401	0.006264240406
114402	0.001394694305
114403	0.002421278436
114404	0.01221965272
114405	0.002318392218
114406	0.001950021824
114407	0.01578054235
114408	0.0003333091597
114409	0.00637242762
114410	0.01396601602
114411	0.005645922673
114412	0.002728346029
114413	0.003869525661
114414	0.003285261029
114415	0.002193284285
114416	0.0003336220467
114417	0.002102372937
114418	0.002407183945
114419	0.002745110703
114420	0.0021498073
114421	0.002851443537
114422	0.002215193722
114423	0.00306498309
114424	0.0001448361961
114425	0.001704712292
114426	0.01222314267
114427	0.002409800228
114428	0.001298820258
114429	0.001461469409
114430	0.004766061385
114431	0.004881221607
114432	0.00839111312
114433	0.001117381121
114434	0.0035538506
114435	0.004202741375
114436	0.004284759685
114437	0.006372439592
114438	0.01355493938
114439	0.004531427389
114440	0.004420526336
114441	0.008750274158
114442	0.004061981639
114443	0.0094749973
114444	0.005755503083
114445	0.001374066975
114446	0.01070125591
114447	0.001961211004
114448	7.923915642e-06
114449	0.007784941865
114450	0.009498030919
114451	0.001047938598
114452	0.007223441481
114453	0.002147956465
114454	0.002761958978
114455	0.01070259463
114456	0.01396053375
114457	0.009219560768
114458	0.01398600563
114459	0.001004705665
114460	0.004380236225
114461	0.008962771045
114462	0.009680665466
114463	0.006313306679
114464	0.001773198394
114465	0.0008817644072
114466	0.0003995569181
114467	0.002593140102
114468	0.003184806374
114469	0.002981580326
114470	0.003256276007
114471	0.003240784906
114472	0.003111446082
114473	0.006506688195
114474	0.001144124648
114475	0.007156064798
114476	0.002936367077
114477	0.005550406078
114478	0.003642532688
114479	0.006337034058
114480	0.002069419789
114481	0.0002760937388
114482	0.005801276627
114483	0.004525503935
114484	0.003532213985
114485	0.000830963656
114486	0.004510533242
114487	0.001913214716
114488	0.006639104092
114489	0.002952213115
114490	0.005150012119
114491	0.0039633943
114492	0.009204152349
114493	0.01555181726
114494	0.01174806002
114495	0.002752124998
114496	0.01387512741
114497	0.009632755109
114498	0.003522075231
114499	0.002765950989
114500	0.008169770608
114501	0.0008470460143
114502	0.01433970941
114503	0.01000766358
114504	0.002104254259
114505	0.01017952795
114506	0.01589637588
114507	0.01494878631
114508	0.002312772306
114509	0.003137015624
114510	0.01323548906
114511	0.002761518185
114512	0.004789612301
114513	0.0064392892
114514	0.005975370576
114515	0.00569384551
114516	0.006813910906
114517	0.005811412312
114518	0.002996910084
114519	0.000156866405
114520	0.003877177398
114521	0.004475573208
114522	0.007825024619
114523	0.003102675668
114524	4.430853921e-05
114525	0.01059939377
114526	0.007730142363
114527	0.002441649211
114528	0.001569402083
114529	0.002086942274
114530	0.007368816034
114531	0.000417723681
114532	0.01430527922
114533	0.02374111212
114534	0.004519248257
114535	0.004381702037
114536	0.0004839651711
114537	0.00189720922
114538	0.002410151482
114539	0.002240266079
114540	0.001546378873
114541	0.002489883767
114542	0.00451070793
114543	0.00751283859
114544	0.001210266696
114545	0.0002045529658
114546	0.003960240017
114547	0.005769158917
114548	0.003543259439
114549	6.387265447e-05
114550	0.003823350267
114551	0.007438878816
114552	0.004148960552
114553	0.007274319412
114554	0.002418690088
114555	0.002877355331
114556	0.006314857031
114557	0.001597772964
114558	0.008404216136
114559	0.008490061379
114560	0.00298844974
114561	0.003674747776
114562	0.005811271761
114563	0.003531478625
114564	0.008590902849
114565	0.01022922782
114566	0.004518434468
114567	0.000749650317
114568	0.002024715101
114569	0.001048346637
114570	0.002497015684
114571	0.00135401357
114572	0.0008242630257
114573	0.004936992711
114574	0.01175093473
114575	0.009910270466
114576	0.008848292629
114577	0.005458902647
114578	0.00920733315
114579	0.002951512875
114580	0.000791281176
114581	0.0082928089
114582	0.0006651559581
114583	0.003529300056
114584	0.007479209053
114585	0.001604671852
114586	0.003792800254
114587	0.01047418223
114588	0.008876171385
114589	0.001769200939
114590	0.003113109751
114591	0.007267106081
114592	0.002001297781
114593	0.002992639328
114594	0.004870490218
114595	0.006348291222
114596	0.003885765076
114597	0.004955230534
114598	0.001198363575
114599	0.008816326602
114600	0.004938387843
114601	0.004389024314
114602	0.003166691957
114603	0.002717589062
114604	0.006667826902
114605	0.007530446084
114606	0.007410596035
114607	0.009164414484
114608	0.007180909982
114609	0.001286827413
114610	0.01311703394
114611	0.002371676591
114612	0.003374228847
114613	0.009316672286
114614	0.008954363358
114615	0.006388832958
114616	0.001905433198
114617	0.001032304222
114618	0.01308231186
114619	0.0002988716941
114620	0.009313373452
114621	0.007887065932
114622	0.002899679131
114623	0.002493435034
114624	0.001171478436
114625	0.005144168409
114626	0.004320302494
114627	0.01117211027
114628	0.002064480088
114629	0.001055559564
114630	0.001210327434
114631	0.0001288208735
114632	0.005044202884
114633	0.007124968578
114634	0.001403853828
114635	0.000716719604
114636	2.033501636e-06
114637	8.186789796e-09
114638	9.783213806e-07
114639	0.002523618404
114640	0.002559353648
114641	0.0006862864712
114642	0.0004818616781
114643	0.001160546209
114644	0.004985680782
114645	0.008151559239
114646	0.005741915753
114647	0.001321135521
114648	0.005391318472
114649	0.005987676957
114650	0.0007006958555
114651	0.003439160024
114652	0.0133999325
114653	0.01280914326
114654	0.002421387913
114655	0.00875463044
114656	0.001580552017
114657	0.002371909639
114658	0.005271688707
114659	0.001641434209
114660	0.003455304974
114661	0.003982367973
114662	0.01772974773
114663	0.0120968462
114664	0.00551037599
114665	0.005823328939
114666	0.00365177115
114667	0.000820298234
114668	0.005327669365
114669	0.01033659232
114670	0.007242699792
114671	0.009274569145
114672	0.005391728365
114673	0.005067760835
114674	0.008592256362
114675	0.00849719084
114676	0.001915701083
114677	0.001379930083
114678	0.001057405928
114679	0.003459430342
114680	0.006085285159
114681	0.005534858891
114682	0.000222563243
114683	0.0002919107618
114684	0.005710390579
114685	0.001198173834
114686	0.007506185753
114687	0.003120658336
114688	0.003975367665
114689	0.0144617419
114690	0.00379381267
114691	0.001015820957
114692	0.0006799153818
114693	0.009465809607
114694	0.008702981098
114695	0.0185848336
114696	0.002953431587
114697	0.007623938522
114698	0.004852064001
114699	0.002696506996
114700	0.001384242889
114701	0.003372949682
114702	0.0048652665
114703	0.003380924165
114704	0.0002600172491
114705	0.001349624564
114706	0.007013433056
114707	0.005783737337
114708	0.006500404743
114709	0.002075860381
114710	0.0001061151629
114711	0.01606032072
114712	0.007412480323
114713	0.005375440027
114714	0.01458453801
114715	0.0003706516294
114716	0.00131561873
114717	0.008078595702
114718	0.008846031192
114719	0.005585258259
114720	0.006971541686
114721	0.004680590972
114722	4.912073878e-08
114723	0.003101786874
114724	0.00704623457
114725	0.005708008792
114726	0.008335832134
114727	0.002583857539
114728	0.003331828137
114729	0.001109097355
114730	0.006324610405
114731	0.004809021419
114732	0.002963730138
114733	0.00350679728
114734	0.00883854649
114735	0.001053181072
114736	0.009121870192
114737	0.01066241103
114738	0.004654137102
114739	0.001066171955
114740	0.004377883601
114741	0.006616747616
114742	0.002626805231
114743	0.00591786142
114744	0.006213529239
114745	0.0126273099
114746	0.001880678459
114747	0.01386466783
114748	0.002278512634
114749	0.002486036946
114750	0.01410860274
114751	0.007771174105
114752	0.0007486016399
114753	0.007752012179
114754	0.003462471033
114755	0.002907438962
114756	0.0051316527
114757	0.009835645381
114758	0.005506462467
114759	0.00649678656
114760	0.006807710831
114761	0.002305389574
114762	0.001461224347
114763	0.001898439794
114764	0.007967068239
114765	0.004116793418
114766	0.003013182654
114767	0.0007986901153
114768	0.002169193977
114769	0.003260936042
114770	0.01683621406
114771	0.01125549449
114772	0.00490250853
114773	0.02439140799
114774	0.001639392526
114775	0.001252653554
114776	0.003139322627
114777	0.001919921533
114778	0.003081759593
114779	0.00246798585
114780	0.006725796662
114781	0.006416614057
114782	0.001658120162
114783	0.004001183689
114784	0.005653509399
114785	0.001448657881
114786	0.00293658591
114787	0.007637877286
114788	0.0001002130123
114789	0.007726039057
114790	0.004915043042
114791	2.258854511e-05
114792	0.000823979189
114793	0.004218950967
114794	0.007315341988
114795	0.00337211803
114796	0.008082524006
114797	0.007353914035
114798	0.0167222507
114799	0.004894586634
114800	0.005431416669
114801	0.006829849382
114802	0.0006698803396
114803	0.002328813983
114804	0.000571807261
114805	0.003712097396
114806	0.002176634569
114807	0.004154555625
114808	0.006393283491
114809	0.007683415586
114810	0.002690545095
114811	0.001856144651
114812	0.004431503641
114813	0.0006899410155
114814	0.002488455164
114815	0.004360862315
114816	0.005325469604
114817	0.004418965036
114818	0.003258665726
114819	0.0001106709005
114820	0.0003415885343
114821	0.006497422352
114822	0.006100572275
114823	0.007778207741
114824	0.003030997933
114825	0.002028271394
114826	0.004641646771
114827	0.01398245654
114828	0.006370189132
114829	0.002398020113
114830	0.002029512592
114831	0.002018161631
114832	0.00383431209
114833	0.004759420032
114834	0.003324555115
114835	0.001204938304
114836	0.006588570851
114837	0.007162672914
114838	0.002954507557
114839	0.006827849721
114840	0.004233322777
114841	0.003496772885
114842	0.004866791166
114843	0.006483834879
114844	0.000563228266
114845	0.003492082679
114846	0.001714240952
114847	0.01457479624
114848	0.0003723091291
114849	0.0009634477554
114850	0.0007570847548
114851	0.003377981365
114852	0.0004546476075
114853	0.01251431771
114854	0.001081864399
114855	0.002118233982
114856	0.01274583248
114857	0.004266818325
114858	0.01279427414
114859	0.02085576677
114860	0.007315241119
114861	0.001261835262
114862	0.00896617757
114863	0.001698839772
114864	0.001123565434
114865	0.0006430869663
114866	0.00165373525
114867	8.159743998e-05
114868	0.002027632012
114869	0.0001264147678
114870	0.0008902182961
114871	0.0003118612558
114872	0.0003879977321
114873	0.0007356416481
114874	0.002255632805
114875	0.0006008734754
114876	0.00134539419
114877	0.0006741057592
114878	0.01437570945
114879	0.008305990603
114880	0.00188445678
114881	0.003891897574
114882	0.001421714331
114883	0.001975515731
114884	0.01658823971
114885	0.0168867489
114886	0.002847766221
114887	0.01684176526
114888	0.003540892468
114889	0.003141908074
114890	0.007463480918
114891	0.008844128845
114892	0.001069311221
114893	0.0008490304014
114894	0.01192489382
114895	0.00502150582
114896	0.003746346053
114897	0.003879857242
114898	0.0005433913522
114899	0.01078502277
114900	0.006224403124
114901	0.0007421816759
114902	0.005491188625
114903	0.005297238365
114904	0.001320818193
114905	0.005372384788
114906	0.003978968996
114907	0.004832004986
114908	0.0001851341708
114909	0.007031214946
114910	0.0121040048
114911	0.005440190765
114912	2.533243454e-05
114913	7.029203832e-05
114914	0.007777601147
114915	0.01486741776
114916	0.005432392904
114917	0.02203340673
114918	0.001056849599
114919	0.004451045702
114920	0.007078090872
114921	0.001446108455
114922	0.002733520506
114923	0.01833684694
114924	0.003941680613
114925	0.008395426235
114926	0.0001513964991
114927	0.003504771853
114928	0.001022305757
114929	0.003738891017
114930	0.004959696391
114931	0.001887593921
114932	0.009081910293
114933	0.002881404558
114934	0.004210708819
114935	0.006656763546
114936	0.0039474721
114937	0.01459701243
114938	0.001821022506
114939	0.002172541409
114940	0.004277098639
114941	0.01024585832
114942	0.002716916141
114943	0.0006012832515
114944	0.000883069636
114945	0.0116719522
114946	7.515502384e-05
114947	0.003379509799
114948	0.001149022583
114949	0.006994685386
114950	0.0178222775
114951	0.003288862194
114952	0.001404130844
114953	0.007265304366
114954	0.002586867643
114955	0.001141701137
114956	0.008986083404
114957	0.004370680104
114958	0.009892858808
114959	0.005219390991
114960	0.007400020143
114961	0.001568898362
114962	0.005038166936
114963	5.544966669e-05
114964	0.003429624238
114965	0.004487388835
114966	0.001969865005
114967	0.007488440413
114968	0.006683270627
114969	0.003873097501
114970	0.003989348894
114971	0.004513613985
114972	0.008884654654
114973	0.007096257254
114974	0.002541741475
114975	0.01127054171
114976	0.003562001802
114977	0.0006388925168
114978	0.005918807601
114979	0.005478705242
114980	0.002371331464
114981	0.00242388331
114982	0.004042341437
114983	0.0005190740775
114984	0.001116250966
114985	0.01302792354
114986	0.0002330838881
114987	0.006881841963
114988	0.005592324303
114989	0.006208479829
114990	0.002694655292
114991	0.006167861036
114992	0.00297779821
114993	0.001023583927
114994	0.004741833119
114995	0.009084425672
114996	0.003896850856
114997	0.002484757824
114998	0.003065925
114999	0.009223285769
115000	0.0006225900437
115001	0.0005445667042
115002	0.005162563752
115003	0.00372874561
115004	0.001430766038
115005	0.0008135266439
115006	0.0005856307548
115007	0.009314717357
115008	0.004589513434
115009	0.01353094146
115010	0.004617098722
115011	0.002681218784
115012	0.003415077748
115013	0.005965244739
115014	0.003478092967
115015	0.005234488261
115016	0.0006428221656
115017	0.004872652703
115018	0.0002828450902
115019	0.0001007072943
115020	0.003688920404
115021	0.003737811461
115022	0.00113798335
115023	0.001501380143
115024	0.004039303532
115025	0.004193915565
115026	0.0003806027273
115027	0.001725770745
115028	0.0001467394411
115029	0.003977983303
115030	0.0009619975202
115031	0.004771059661
115032	0.00132028749
115033	0.00301006285
115034	0.001726158442
115035	0.004891157394
115036	0.001285051621
115037	0.005502488474
115038	0.004760391898
115039	0.002037079987
115040	0.004034108815
115041	0.000417413677
115042	0.0001409659526
115043	0.002262548357
115044	0.0003683893632
115045	0.001094830873
115046	0.0008872418015
115047	0.004907861931
115048	0.0004609396149
115049	0.0003474799225
115050	0.00325877693
115051	0.002419474273
115052	0.008847923857
115053	0.01033039674
115054	0.01008063611
115055	0.003433252055
115056	0.005201838266
115057	0.002679953967
115058	0
115059	0.0007508817734
115060	0.01047769243
115061	0.005210209459
115062	0.009231675612
115063	0.006215300237
115064	0.003183056343
115065	0.00530232696
115066	0.004371922949
115067	0.0120993122
115068	0.0066908322
115069	0.00443352052
115070	0.008260915003
115071	0.001262693096
115072	0.005317619355
115073	0.0006224538869
115074	0.02208922503
115075	0.00459671235
115076	0.001498315756
115077	0.001370886933
115078	0.002420657411
115079	0.01082837246
115080	0.006615955155
115081	0.0178588215
115082	0.008464231461
115083	0.01725896219
115084	0.005498535756
115085	0.00265308967
115086	0.007473208459
115087	0.004431857339
115088	0.001782071967
115089	0.002212282206
115090	0.005221034292
115091	0.003271356037
115092	0.007696119564
115093	0.003140217527
115094	0.004953040283
115095	0.006865473358
115096	0.005412247483
115097	0.004261908946
115098	0.001089714069
115099	0.001348542106
115100	0.008294797755
115101	0.005816934007
115102	0.002086307423
115103	0.008618780569
115104	0.01379747826
115105	0.0037971669
115106	0.009689840356
115107	0.01272200461
115108	0.003147910437
115109	0.005151386862
115110	0.007139977752
115111	0.0001737179158
115112	0.005876841875
115113	0.006797565067
115114	0.002269519289
115115	0.0009033140696
115116	0.01602574811
115117	0.004264191261
115118	0.01147794407
115119	0.005858329104
115120	0.007322527109
115121	0.002317399199
115122	0.01103693928
115123	0.003713338371
115124	0.009626592917
115125	0.00716086381
115126	0.004561723789
115127	0.0003157031978
115128	0.01130493304
115129	0.004156699382
115130	0.003361398464
115131	0.0002148128139
115132	0.01252352327
115133	0.001509477043
115134	0.000983419295
115135	0.0005422814456
115136	0.0006254431941
115137	0.0004631752483
115138	0.01617868656
115139	0.0125976705
115140	2.358270826e-05
115141	0.004368953835
115142	0.005977257995
115143	0.005342097232
115144	0.01180408462
115145	0.002878244225
115146	0.004364997998
115147	0.0003790432186
115148	0.007582686048
115149	0.0002509897995
115150	0.01290118856
115151	0.00978912753
115152	0.002019862313
115153	0.005278364109
115154	0.004809158163
115155	0.005297280046
115156	0.003333858426
115157	0.001578500674
115158	0.0008374964209
115159	0.01070630524
115160	0.000575154603
115161	0.01163319692
115162	0.0008245872915
115163	0.005283959325
115164	0.006118748674
115165	0.002205650139
115166	0.002987707073
115167	0.0020021628
115168	0.009767620389
115169	0.001933639925
115170	0.003787022577
115171	0.001977219945
115172	0.01068736163
115173	0.002966120713
115174	0.002637587647
115175	0.02060485274
115176	0.0005772996493
115177	0.0002509184511
115178	0.002457846735
115179	0.0006745184801
115180	0.008478638391
115181	0.006329363575
115182	0.003176381765
115183	0.002122098147
115184	0.002276271537
115185	0.004097539128
115186	0.001478304536
115187	0.00355723366
115188	0.006847768178
115189	0.002638721691
115190	0.009046876291
115191	0.0002367440006
115192	0.002727365763
115193	0.004605086682
115194	0.003357152514
115195	0.008472147377
115196	0.007641552297
115197	0.007877169829
115198	0.00239453069
115199	0.002932022475
115200	0.002161172995
115201	0.008743978275
115202	0.0002484343481
115203	0.001514139972
115204	0.002962944739
115205	0.0003920153946
115206	0.000389014525
115207	0.006006503138
115208	0.00177486768
115209	0.001651131671
115210	0.0004293381534
115211	0.001192166901
115212	0.0002756962562
115213	0.00606913547
115214	0.002788696567
115215	0.006337877419
115216	0.004701815429
115217	0.003101130273
115218	0.001028175677
115219	0.0001759757986
115220	0.002128768296
115221	0.0001494933942
115222	0.007749087596
115223	0.01434976458
115224	0.002292958743
115225	0.0006468853915
115226	0.001306732435
115227	0.0006251415582
115228	0.006690203932
115229	0.01555977491
115230	0.001267937849
115231	0.003432419838
115232	0.006333754678
115233	0.00762198713
115234	0.008015899082
115235	0.01658160304
115236	0.002202964273
115237	0.007235948612
115238	0.01049152947
115239	0.001562603375
115240	0.003597062677
115241	0.005008120249
115242	0.0006369642802
115243	0.001949457033
115244	6.63024824e-05
115245	0.01281631967
115246	0.003819744051
115247	0.01045930394
115248	0.0009681593715
115249	0.00825183913
115250	0.004888730791
115251	0.007655359621
115252	0.0001136901169
115253	0.0003004884076
115254	0.005615629967
115255	0.004134650593
115256	0.002445020753
115257	0.005373053183
115258	0.004420564469
115259	0.006876879921
115260	0.004765650127
115261	0.000684947351
115262	0.003279176393
115263	0.005681221844
115264	0.001596310127
115265	0.002588307221
115266	0.005439837266
115267	0.001238542598
115268	0.003448302871
115269	0.0006532448246
115270	0.004094345615
115271	3.070046173e-08
115272	0.001283621806
115273	0.0009024556576
115274	0.00337446065
115275	0.003022193661
115276	0.004231419255
115277	0.003944350914
115278	0.003844912788
115279	0.002717736189
115280	0.004937200008
115281	0.002854409672
115282	0.004309847091
115283	0.00335801572
115284	0.004028356995
115285	0.007121635029
115286	0.0002186509779
115287	0.0001042764625
115288	0.006082777389
115289	0.01214607517
115290	0.0005133528749
115291	0.01214216688
115292	0.01192487999
115293	0.01040730306
115294	0.01044141023
115295	0.0007724194976
115296	0.001720518483
115297	0.00438550805
115298	0.0037088382
115299	0.004113943494
115300	0.006986178433
115301	0.01147787511
115302	0.003304814093
115303	0.003584499823
115304	0.0007059351128
115305	0.001860949936
115306	0.0008699770429
115307	0.001265537765
115308	0.01035963767
115309	0.002902431168
115310	0.006819821707
115311	0.007002793034
115312	0.002515380281
115313	0.003182725699
115314	0.004009738685
115315	0.001623995814
115316	0.002722926652
115317	0.01308675977
115318	0.0001914145316
115319	0.003041998725
115320	0.0009436760354
115321	0.001489966363
115322	0.002536191083
115323	0.00243606764
115324	0.002367586409
115325	0.002223366738
115326	0.00252000919
115327	0.0007893939046
115328	0.000136417484
115329	0.004794660679
115330	0.01111733162
115331	0.008979627395
115332	0.01505099364
115333	0.007202491319
115334	0.0004395673053
115335	0.002227618926
115336	0.004715234543
115337	0.01751734425
115338	0.01128189875
115339	0.002300000252
115340	0.001328547302
115341	0.009623420422
115342	0.0009274594748
115343	0.006583867872
115344	0.008376501429
115345	0.003242634382
115346	0.004568844228
115347	0.002814286623
115348	0.003423627482
115349	0.001001283898
115350	0.005396055173
115351	0.00491697153
115352	0.0005412062924
115353	0.004497467859
115354	0.003838679759
115355	0.003596176525
115356	0.004067627701
115357	0.005647825119
115358	0.005635913848
115359	0.005818104465
115360	0.00221502284
115361	0.0005990953612
115362	0.001241301697
115363	0.004561390679
115364	0.004959225357
115365	0.001776091838
115366	0.01746957668
115367	0.009429529997
115368	0.0002818512901
115369	0.0005977831913
115370	0.009854997742
115371	5.569897202e-06
115372	0.001855228484
115373	0.002931336439
115374	0.01021058652
115375	0.004774572968
115376	0.01181119351
115377	0.006300506526
115378	0.009426209949
115379	0.01010189643
115380	0.002015119026
115381	0.005304516847
115382	0.003084953946
115383	0.002389013045
115384	0.002017938149
115385	0.006260584282
115386	0.002109443138
115387	0.002495112048
115388	0.002337019083
115389	0.00309041811
115390	0.004476398199
115391	0.001151891995
115392	0.0001828334067
115393	0.004515778512
115394	0.004213666908
115395	0.01245719859
115396	0.000740760409
115397	0.0004813470316
115398	0.003257114546
115399	0.0001746212523
115400	0.001614144023
115401	0.001069110243
115402	0.02146076795
115403	0.007191429786
115404	0.005795234579
115405	0.006492194068
115406	0.0009268848414
115407	0.0007895262713
115408	2.104590669e-05
115409	0.0009302498664
115410	0.003244605873
115411	0.0001123588374
115412	0.001817208455
115413	0.000874361707
115414	0.002649429715
115415	0.001989298962
115416	0.001050882488
115417	0.002834396009
115418	0.001890320488
115419	0.0002994559685
115420	0.001736436466
115421	0.001747411068
115422	0.0008520967563
115423	0.0009241183016
115424	0.002703737258
115425	0.001935752324
115426	0.003418152271
115427	0.001874588329
115428	0.0005335546563
115429	0.002862725763
115430	0.0004309270525
115431	0.002304773759
115432	0.001559229811
115433	0.004422284543
115434	0.002359909561
115435	0.001796437269
115436	0.0003917597731
115437	0.00227129482
115438	0.01438491423
115439	0.002643641824
115440	0.0007483725693
115441	0.003153654364
115442	0.00265283349
115443	0.0008951638116
115444	0.002510758148
115445	0.0004026484362
115446	0.001188394691
115447	0.001619416963
115448	0.0009249921375
115449	0.002689033712
115450	0.001777795638
115451	0.002913125506
115452	0.001729494018
115453	0.0004253810805
115454	0.001666926663
115455	0.002417088444
115456	0.0006744520492
115457	0.00248026344
115458	0.0004318168593
115459	0.0004805462785
115460	0.0003756777006
115461	0.002712163059
115462	0.0002320777107
115463	0.0009290293917
115464	0.003230486761
115465	0.001008261655
115466	0.001084524867
115467	0.0005567408144
115468	0.001230705101
115469	0.0009759059827
115470	0.005009513022
115471	0.006179570672
115472	0.001900048632
115473	0.001316125816
115474	0.001456708019
115475	0.003447224727
115476	0.001955072762
115477	0.002199427283
115478	0.0001469238207
115479	0.001076934635
115480	0.001327628564
115481	0.003769055808
115482	0.003254101588
115483	0.002176912569
115484	0.000226707318
115485	0.0007876553496
115486	0.001751455588
115487	0.001589980646
115488	0.006574115101
115489	2.340873053e-05
115490	0.001324686577
115491	0.002005548811
115492	0.002439599872
115493	0.001309211897
115494	0.001378039227
115495	0.002747571059
115496	0.002895637795
115497	0.0008411614773
115498	0.0003438844622
115499	0.001515681999
115500	0.001028541774
115501	0.0001230566431
115502	0.003360275794
115503	0.0008702861164
115504	0.005360398313
115505	0.001446371595
115506	0.002397175848
115507	0.0007422793956
115508	0.0002188060878
115509	0.0008688211869
115510	0.00113356517
115511	0.0005836531014
115512	0.001806437694
115513	3.136843383e-05
115514	0.004634639835
115515	0.002149471081
115516	0.002385535293
115517	0.0001875249463
115518	0.002224829939
115519	0.00251353454
115520	0.001252027636
115521	0.0007435832497
115522	0.002625350538
115523	0.004174335946
115524	0.004227502271
115525	0.003523180315
115526	0.007627895938
115527	0.0004575393366
115528	0.0005783361279
115529	0.0002486304051
115530	0.002008452784
115531	0.0001767307718
115532	0.002498217311
115533	0.003302422234
115534	0.001628135258
115535	0.002785197234
115536	0.0009235455265
115537	0.0004980147166
115538	0.001433462073
115539	0.002822304145
115540	0.001202998209
115541	0.001996831723
115542	0.001386229533
115543	0.002018554398
115544	0.001604426211
115545	0.0002026085493
115546	0.0007659428972
115547	0.001401827028
115548	0.001731790558
115549	0.00121325191
115550	0.0003423566338
115551	0.003174691739
115552	0.001042871313
115553	0.005508989377
115554	0.0001851948716
115555	0.002915098699
115556	0.002949476819
115557	0.001972707734
115558	0.006723528836
115559	0.001436857459
115560	0.001179904501
115561	0.001057282366
115562	0.001053185246
115563	0.001130112572
115564	0.001480043416
115565	0.001852530841
115566	0.0001978937898
115567	0.0001826068339
115568	0.003525373342
115569	0.001739897507
115570	0.001509639695
115571	0.001420174971
115572	0.001330584193
115573	0.001426849511
115574	0.00200006114
115575	0.001465838214
115576	0.01264952402
115577	0.01146850016
115578	0.000976205992
115579	0.0007436687156
115580	0.006526655193
115581	0.008657139572
115582	0.0006486387426
115583	0.004215835388
115584	0.003423084344
115585	0.004209896472
115586	0.002166281541
115587	0.003117830872
115588	0.01207991495
115589	0.00312297361
115590	0.008341596216
115591	0.002321116556
115592	0.0009561841588
115593	0.01179416943
115594	0.002760723793
115595	0.002963815783
115596	0.001662623084
115597	0.002238749961
115598	0.001389402862
115599	0.0084259408
115600	0.0007748957822
115601	0.00242713878
115602	0.001208804887
115603	0.01346831611
115604	0.0006430498157
115605	0.006342825642
115606	0.0003433708942
115607	0.001553321642
115608	0.005303958033
115609	0.007203762068
115610	0.003830386652
115611	0.001608937521
115612	0.002214354607
115613	0.001168036458
115614	0.01262731983
115615	0.001663035873
115616	0.004191145466
115617	0.005054045535
115618	0.003694074334
115619	0.002172969476
115620	0.00185762578
115621	0.007609115099
115622	0.005677881787
115623	0.001005521065
115624	0.0005910879315
115625	9.793516762e-05
115626	0.01444140673
115627	0.006457662459
115628	0.004999523315
115629	0.006258528601
115630	0.007426828931
115631	0.0005378687978
115632	0.0002060691323
115633	0.004716103684
115634	0.01167054384
115635	0.01000580603
115636	0.003116173911
115637	0.009328477993
115638	0.003442911957
115639	0.006813122434
115640	0.002937561592
115641	0.005983241465
115642	0.001450022903
115643	0.008551376797
115644	0.01332037728
115645	0.001132378062
115646	0.001316693388
115647	0.0007200920528
115648	0.0141473512
115649	0.004008322172
115650	0.001115828698
115651	0.001866808498
115652	0.001118407571
115653	0.00262314465
115654	0.004904446584
115655	0.001176955637
115656	0.000541631855
115657	0.0009537071778
115658	0.001279567957
115659	0.002104821976
115660	0.001527470106
115661	0.000173708231
115662	0.001810427134
115663	0.00366036665
115664	0.0001956497559
115665	0.00634828007
115666	7.556865067e-05
115667	0.00188770233
115668	0.001552136799
115669	0.0006780464261
115670	0.0024995103
115671	0.002414997944
115672	0.002741381672
115673	0.003048043541
115674	0.0007635415394
115675	0.001965183731
115676	0.001128130215
115677	0.001234365424
115678	0.0002477276045
115679	0.0009913646803
115680	0.001180182717
115681	0.001494158893
115682	0.0001226339854
115683	0.01084290437
115684	0.01142549784
115685	0.004465741676
115686	0.0006530367092
115687	0.00181513409
115688	8.757182351e-05
115689	0.001656424229
115690	0.00015516467
115691	0.00253743663
115692	0.001630558474
115693	0.0002040044537
115694	5.12514033e-08
115695	0.0009442271236
115696	0.001106647933
115697	0.0009425286273
115698	0.0002919227861
115699	0.004573968511
115700	0.001231093329
115701	0.006061685466
115702	0.001807180093
115703	0.003881580954
115704	0.0007013432538
115705	0.0004749083746
115706	0.007274243488
115707	0.009968431033
115708	0.000751949196
115709	0.007589396779
115710	0.002387530494
115711	0.00954281051
115712	0.001360773144
115713	0.002121184866
115714	0.001557133114
115715	0.01476885669
115716	0.002587425586
115717	0.01203830808
115718	0.002823574566
115719	0.002990060184
115720	0.009834646333
115721	0.00308521251
115722	0.002133615755
115723	0.001955598689
115724	0.00129840322
115725	0.004234450518
115726	0.01222767383
115727	0.00682385914
115728	0.007077778426
115729	0.001139414411
115730	0.01155355633
115731	0.01763600595
115732	0.003477000612
115733	0.000687626227
115734	0.002905973221
115735	0.00177078478
115736	0.002072432328
115737	0.003925938332
115738	0.003518911301
115739	0.009950166595
115740	0.00389086498
115741	0.004071636157
115742	0.002356282724
115743	0.001226580374
115744	0.01262926628
115745	0.00539694806
115746	0.0004484182192
115747	0.01668614232
115748	0.01406226488
115749	0.0140959907
115750	0.001885444909
115751	0.001247146497
115752	0.004018715366
115753	0.0001631740605
115754	0.01494424418
115755	0.002233754799
115756	0.00037203872
115757	5.838767303e-06
115758	0.01094619169
115759	0.005818501563
115760	0.002366318732
115761	0.004451244242
115762	0.001923940143
115763	0.007211284971
115764	0.001112295369
115765	0.002745095091
115766	0.005946638771
115767	0.0008186181273
115768	0.007468048119
115769	0.01491884808
115770	0.002844575493
115771	0.008713180241
115772	0.01180489642
115773	0.001983027594
115774	0.005260398992
115775	0.01827343944
115776	0.01129361612
115777	0.000632462826
115778	0.01015188277
115779	0.01973281855
115780	0.00847548514
115781	0.001563403608
115782	0.004063199025
115783	0.0002501050387
115784	0.002026228804
115785	0.004472655701
115786	0.002262746634
115787	0.004229067652
115788	0.002929752519
115789	0.0005551730428
115790	0.001279685017
115791	0.001840564747
115792	0.003547611575
115793	0.0005247382931
115794	0.0005916907411
115795	0.008384654756
115796	0.003599573884
115797	0.002457531047
115798	0.00135213133
115799	0.01475690647
115800	0.009746300397
115801	0.001897456474
115802	0.004135227754
115803	0.01238578461
115804	0.001832906255
115805	0.002372987676
115806	0.003642261958
115807	0.002757489741
115808	0.006996163752
115809	0.001613674001
115810	0.001944592609
115811	0.003856085798
115812	0.00377316888
115813	0.001371963985
115814	0.009880105668
115815	0.001812362922
115816	0.002033159001
115817	0.007039866554
115818	0.0001702049099
115819	0.001959223065
115820	0.003788349915
115821	0.001508048652
115822	0.00661789655
115823	0.002612065362
115824	0.0001690319738
115825	0.007619523021
115826	0.000121698117
115827	0.0005409278391
115828	0.0002510449144
115829	0.02581212492
115830	0.004684824966
115831	0.01538687945
115832	0.01026220883
115833	0.002769919401
115834	0.0007380625901
115835	0.007780812015
115836	0.007182128018
115837	0.008254254134
115838	0.002397822241
115839	0.0004333078633
115840	0.002544340446
115841	0.003548808575
115842	0.005302925375
115843	0.004919477365
115844	0.00653232047
115845	0.003148159162
115846	0.00063703784
115847	0.0003977593975
115848	0.003012842023
115849	0.004811305906
115850	0.008204484533
115851	0.002028772242
115852	0.0001390839928
115853	0.007793630506
115854	0.005126097332
115855	0.005735932804
115856	0.006535196927
115857	0.003265577915
115858	0.004291967186
115859	0.01388633808
115860	0.005497872494
115861	0.002665324894
115862	0.00353393475
115863	0.008856969509
115864	0.001735648817
115865	0.007066219202
115866	0.006628102173
115867	0.002402303936
115868	0.0009373891069
115869	0.001566028294
115870	0.01028179865
115871	0.0006252142698
115872	0.01362896058
115873	0.01600854256
115874	0.002614323458
115875	0.01640174893
115876	0.001425213007
115877	4.079617367e-05
115878	0.0189602599
115879	0.01612033734
115880	0.005822836529
115881	0.005749379597
115882	0.009458678401
115883	0.02026379195
115884	0.01150303013
115885	0.01384741545
115886	0.02085802189
115887	0.01570331358
115888	0.004989230087
115889	0.01360458012
115890	0.01585423359
115891	0.0161725043
115892	0.008214953671
115893	0.01485992038
115894	0.008672954875
115895	0.01632294468
115896	0.01184225564
115897	0.002281359977
115898	0.006113321985
115899	0.008991183189
115900	0.01708572912
115901	0.01362018296
115902	0.0131609684
115903	0.01287848739
115904	0.01407652358
115905	0.007684143384
115906	0.003889271784
115907	0.01469462112
115908	0.008052992597
115909	0.0009849150337
115910	0.0004760779863
115911	0.01042202599
115912	0.0001858848841
115913	0.001942585981
115914	0.004964062984
115915	0.00196397537
115916	0.007596943438
115917	0.002666553547
115918	0.004972784473
115919	0.001446770038
115920	0.002805290357
115921	0.002461379716
115922	0.000100813119
115923	0.0005669230752
115924	0.01188124887
115925	0.01282752642
115926	0.001334452196
115927	0.01663118023
115928	0.001910019124
115929	0.004621942443
115930	0.003303135024
115931	0.003015779232
115932	0.0033595736
115933	0.003591580582
115934	0.001005253203
115935	0.001983001853
115936	0.005745390955
115937	0.001318359761
115938	0.0079513094
115939	0.008712891794
115940	0.001473727739
115941	0.001114285383
115942	0.004469898063
115943	0.008118556437
115944	0.003089128279
115945	0.004400802274
115946	0.0006297418684
115947	0.002101023913
115948	0.006895395313
115949	0.005355365238
115950	0.008148552079
115951	0.009568199645
115952	0.01077100359
115953	0.001228026737
115954	0.004962877364
115955	0.009466303412
115956	0.003006299029
115957	0.003990592217
115958	0.003378369963
115959	0.0003322407635
115960	0.0003688957257
115961	0.006855422978
115962	0.0006153347866
115963	0.002999785741
115964	0.004533894199
115965	0.002410740352
115966	0.007503841173
115967	0.0005439236936
115968	0.002710795065
115969	0.006796214462
115970	0.004126514011
115971	0.006339662142
115972	0.003068573277
115973	0.006497403158
115974	0.01142830801
115975	0.0044037035
115976	0.01260313583
115977	0.003793854908
115978	0.007407462302
115979	0.01049637256
115980	0.006785128562
115981	0.00773393509
115982	0.004873718977
115983	0.0002280945849
115984	0.0008322706092
115985	0.008323598976
115986	0.004833268383
115987	0.002883908547
115988	0.01026077598
115989	0.004776264827
115990	0.002769297453
115991	0.009142545477
115992	0.0007161582673
115993	0.009742173906
115994	0.005199832295
115995	0.0008835422012
115996	0.01076577843
115997	0.007391696973
115998	0.0004309548574
115999	0.002859759936
116000	0.004341079405
116001	0.003028695551
116002	0.0009885158
116003	0.02505853762
116004	0.001180955418
116005	0.01094233286
116006	0.005965135217
116007	0.00928078691
116008	0.008575375749
116009	0.002928588021
116010	0.005212203794
116011	0.01152424523
116012	0.0122239782
116013	0.00910307523
116014	0.008489102568
116015	0.002039789851
116016	0.006928040903
116017	0.00466886373
116018	0.004638105299
116019	0.002829833926
116020	0.0001346458149
116021	0.006512834118
116022	0.001603442856
116023	0.0007952093505
116024	0.00069069666
116025	0.003902592727
116026	0.0007157072235
116027	0.002009252916
116028	0.01134895393
116029	0.005401819501
116030	0.002057968038
116031	0.0005447996142
116032	0.00144273222
116033	0.000159042926
116034	0.0008306910046
116035	0.002758371697
116036	0.0002324803727
116037	0.00674022078
116038	0.001162947149
116039	0.0008069626987
116040	0.003846937333
116041	0.003827087657
116042	0.001949461261
116043	0.0002743071889
116044	0.001561354733
116045	0.002062432231
116046	0.0009217500084
116047	0.0007315784724
116048	0.008955566334
116049	0.001692502664
116050	0.0005942569681
116051	0.001466282595
116052	0.008602696895
116053	0.001102408875
116054	8.37887614e-05
116055	0.002688293526
116056	0.003440178069
116057	0.003119512752
116058	0.002135837352
116059	0.0006542345492
116060	0.00211450006
116061	0.007354017937
116062	0.001034385083
116063	0.00846789545
116064	0.004402937635
116065	0.006159447731
116066	0.0004797532526
116067	0.00446583812
116068	0.001466145825
116069	1.670043944e-05
116070	0.008153463748
116071	0.007911688533
116072	0.005155961915
116073	0.001857342798
116074	0.002507426952
116075	0.005192921164
116076	0.001193394457
116077	0.001021000548
116078	0.001543115429
116079	0.008883462096
116080	0.001641765526
116081	0.0006186214653
116082	0.008204752871
116083	0.002500882195
116084	0.001732691296
116085	0.0004959787609
116086	0.000732443286
116087	0.007607791949
116088	0.0009989663786
116089	9.263667148e-05
116090	0.00842016196
116091	0.004877264871
116092	0.01219170848
116093	0.01555841256
116094	0.002610602348
116095	0.002734066011
116096	0.001098836154
116097	0.001754941441
116098	0.01206901331
116099	0.005763205608
116100	0.002110734122
116101	0.0015016768
116102	0.00061400464
116103	0.001457387897
116104	0.008097971011
116105	0.007084871644
116106	0.004044457883
116107	0.008012142604
116108	0.003490001583
116109	0.007702793116
116110	0.003669830302
116111	0.002121142941
116112	0.006061295221
116113	0.00405132428
116114	0.009144446545
116115	0.001384121085
116116	0.001210418807
116117	0.006513173771
116118	0.007225204574
116119	0.009846266357
116120	0.006826483106
116121	0.00036842467
116122	0.0007017445059
116123	0.00637853099
116124	0.0001774179878
116125	0.002171467907
116126	0.0007332253059
116127	0.003545005596
116128	0.008406217088
116129	0.0003476268061
116130	0.002926523053
116131	0.01061896883
116132	0.000993919131
116133	0.002639479659
116134	0.003852360077
116135	0.01169359836
116136	0.0065532821
116137	0.004556053139
116138	0.001303869832
116139	0.003055578048
116140	0.002736274473
116141	0.004705390786
116142	0.002323778193
116143	0.00278072311
116144	0.01163879143
116145	0.00482762471
116146	0.009091863905
116147	0.002745783025
116148	0.003929651123
116149	0.0007126915001
116150	0.003982435804
116151	0.001960224195
116152	0.005757496263
116153	0.0009943933789
116154	0.001886027884
116155	0.004530805321
116156	0.0009106641099
116157	0.00669251975
116158	0.003427727402
116159	0.003478798789
116160	0.003651764454
116161	0.0007054927291
116162	0.001809690497
116163	0.005837538161
116164	0.0009919686198
116165	0.0003279780658
116166	0.002888614487
116167	0.0001621796382
116168	0.001654756947
116169	0.0009330871786
116170	0.0009253527621
116171	0.003256259423
116172	0.003577957616
116173	0.001430915334
116174	0.0008138002206
116175	0.003203139406
116176	0.002158649323
116177	0.0003820476111
116178	0.002454346824
116179	0.010919509
116180	0.003448023184
116181	0.002353472644
116182	0.01038150221
116183	0.006328507407
116184	0.0007264800507
116185	0.01180755243
116186	0.001428427984
116187	0.0005685394843
116188	0.002721745541
116189	0.003838685056
116190	0.00203751458
116191	0.0005997811351
116192	0.001356448977
116193	0.003055423253
116194	0.003086057657
116195	0.00381185964
116196	0.01000108314
116197	0.003454204985
116198	0.001264762025
116199	0.00454744591
116200	0.003381657573
116201	0.001206069883
116202	0.003598135583
116203	0.001524366683
116204	0.0005391463488
116205	0.002898937921
116206	0.0003386703346
116207	0.007111879581
116208	0.0005871734815
116209	0.002296018551
116210	0.0003547225102
116211	0.002972284813
116212	0.001325584531
116213	0.002062606275
116214	0.0005722475915
116215	0.0008813397169
116216	0.00164329546
116217	0.001134790218
116218	0.0007648166319
116219	0.003602433817
116220	0.0006517918595
116221	0.001344396231
116222	0.00860840495
116223	0.004113342207
116224	0.002892474948
116225	0.006456905708
116226	0.003760435807
116227	0.0002064684063
116228	0.003730520459
116229	0.01283515617
116230	0.01324448531
116231	0.001253224775
116232	0.003407495631
116233	0.007127345765
116234	0.01953958202
116235	0.003142006092
116236	0.005468014669
116237	0.0001608923513
116238	0.004101494627
116239	0.008773297321
116240	0.0004383140385
116241	0.002581841523
116242	0.0001940199907
116243	0.001874045865
116244	0.0003160452819
116245	0.004230686189
116246	0.001432340852
116247	0.00162644624
116248	0.0008672125765
116249	0.001227063293
116250	0.006053212238
116251	0.004365009549
116252	0.004574179145
116253	0.001105681602
116254	0.00508206231
116255	0.004250305214
116256	0.01311361349
116257	0.004839884502
116258	0.002390710376
116259	0.001667493179
116260	0.003731912569
116261	0.003533117341
116262	0.00271362372
116263	0.007218920672
116264	0.001008583797
116265	0.002822766645
116266	0
116267	0.002068926882
116268	0.002785978789
116269	0.005367200238
116270	0.00654091836
116271	0.0004406723722
116272	0.01598499369
116273	0.001336836356
116274	0.0007395073755
116275	0.0002563341291
116276	0.003630092411
116277	0.001516017858
116278	0.004751416121
116279	0.01188503637
116280	0.006089234413
116281	0.0007539346481
116282	0.0007364175741
116283	0.004912751412
116284	0.001272932341
116285	0.001332618801
116286	0.002539616199
116287	0.006898367488
116288	0.00482353921
116289	0.005394384475
116290	0.0008343799034
116291	0.003687726076
116292	0.01133951229
116293	0.001329974419
116294	0.01455431971
116295	0.003199098713
116296	0.001358161164
116297	0.004466360846
116298	0.006186103457
116299	0.004206025659
116300	0.003203669632
116301	0.00363900199
116302	0.003362863796
116303	0.005058209622
116304	0.004403360448
116305	0.003286631784
116306	0.001470013488
116307	0.0009215334571
116308	0.00103719811
116309	0.004484741011
116310	0.000511194052
116311	0.001004883838
116312	0.0189335159
116313	0.01549637895
116314	0.01244375287
116315	0.001112420088
116316	0.005445759072
116317	9.599142564e-05
116318	0.008696671019
116319	0.001869751445
116320	0.006248866191
116321	0.00113845306
116322	0.01461542431
116323	0.005476687307
116324	0.006573330258
116325	0.003622499443
116326	0.006210704197
116327	0.002827507672
116328	0.01012639517
116329	0.005545893975
116330	0.006423382531
116331	0.0009291257453
116332	0.0005927267043
116333	0.002686780212
116334	0.007288520211
116335	0.001111454853
116336	0.003668343038
116337	0.006993100901
116338	0.002467614937
116339	0.003614899946
116340	0.004184198132
116341	0.001954635486
116342	0.002870760042
116343	0.006120138339
116344	0.004873862291
116345	0.003440064046
116346	0.01301064291
116347	0.001914716978
116348	0.0007457827129
116349	0.005588654817
116350	0.01055392535
116351	0.008374246518
116352	0.004337592053
116353	0.01215552404
116354	0.007817307782
116355	0.01301143433
116356	0.001710537343
116357	0.005857908538
116358	0.0002610218069
116359	0.0008945968825
116360	0.007786442947
116361	0.002691279921
116362	0.00952386538
116363	0.006765209701
116364	0.003081234042
116365	0.006316483208
116366	0.0002272466731
116367	0.006740204461
116368	0.005699854015
116369	0.002712505622
116370	0.001831588069
116371	0.0005909148766
116372	0.008204385618
116373	0.0005110681445
116374	0.002120635397
116375	0.005494699485
116376	0.01154477809
116377	0.0008886938836
116378	0.01165903636
116379	0.005777658604
116380	0.01158272864
116381	0.004124215024
116382	0.00858034843
116383	0.008936442878
116384	0.001536975977
116385	0.002470963038
116386	0.005865979509
116387	0.005526533601
116388	0.005600956266
116389	0.008220488787
116390	0.007831310055
116391	0.008295310329
116392	0.003706310258
116393	0.004490655158
116394	0.01211270276
116395	0.0047111291
116396	0.01037004228
116397	0.009228570059
116398	0.005907345097
116399	0.003762054394
116400	0.007481436281
116401	0.001355827409
116402	0.000814215025
116403	0.001682531561
116404	0.002133771075
116405	0.006855054395
116406	0.02005748889
116407	0.004491397457
116408	0.01704168703
116409	0.001164615944
116410	0.006304753785
116411	0.002394000793
116412	0.001602100713
116413	0.002625319975
116414	0.001931430158
116415	0.002370360348
116416	0.00300655907
116417	7.134571297e-05
116418	0.001000326371
116419	0.001138447636
116420	0.001281368838
116421	0.000171115401
116422	0.003162170103
116423	0.001046449741
116424	0.0005888825562
116425	0.008955994905
116426	0.001191106512
116427	0.001875030548
116428	0.0005041305566
116429	0.001728115812
116430	0.0005759126474
116431	0.0017561093
116432	0.003096799305
116433	0.0005244999116
116434	0.005784514376
116435	0.008493796627
116436	0.004118295052
116437	0.002876929357
116438	0.005763211926
116439	0.002884403568
116440	0.001479067376
116441	0.01417201504
116442	0.002184413821
116443	0.003177909504
116444	0.007599141326
116445	0.001677903934
116446	0.003961572241
116447	0.01365650582
116448	0.003907407709
116449	0.01214992233
116450	0.005916660072
116451	0.002057203931
116452	0.004246402696
116453	0.004861563816
116454	0.004704187547
116455	0.004964039209
116456	0.00163375451
116457	0.00536907653
116458	0.001952890504
116459	0.00402758346
116460	0.001683853388
116461	0.001448579289
116462	0.001024320233
116463	0.007914272155
116464	0.00174391991
116465	0.008737713656
116466	0.00731962887
116467	0.0004061399372
116468	0.009702293226
116469	0.00180306011
116470	0.007021193577
116471	0.001231299397
116472	0.00355013853
116473	0.005600512882
116474	0.001117680637
116475	0.003400495558
116476	0.00039775004
116477	0.001952832814
116478	0.00181847626
116479	0.00203146161
116480	0.001646182496
116481	0.001902323229
116482	0.004524625798
116483	0.001025712841
116484	0.002496603226
116485	0.0002476586834
116486	0.002998556975
116487	0.001892785744
116488	0.01193871973
116489	0.006788494623
116490	0.003976415027
116491	0.002760125347
116492	0.005227487236
116493	0.004705649907
116494	0.002797694667
116495	0.002888863408
116496	0.003082046198
116497	0.002005282064
116498	0.004281548167
116499	1.366181505e-05
116500	0.008838374959
116501	0.002140359584
116502	0.0008707982439
116503	0.004360493665
116504	0.002842873522
116505	0.001918471068
116506	0.004154053098
116507	0.005707677471
116508	0.002221903236
116509	0.005130895738
116510	0.004729452605
116511	0.002039652308
116512	0.005645443644
116513	0.0007853726889
116514	0.0005161227068
116515	0.0004248241348
116516	0.004097045864
116517	0.008728018308
116518	0.004365761881
116519	0.003867778946
116520	0.008275000203
116521	0.0005547828768
116522	0.005169041208
116523	0.00632181697
116524	0.002275974679
116525	0.0008876797979
116526	0.003245839743
116527	0.003543894769
116528	0.006256432942
116529	0.007327406793
116530	0.01369722061
116531	0.0114397043
116532	0.0001829244461
116533	0.005474120103
116534	0.003922040694
116535	0.002693859081
116536	0.007615460345
116537	0.006569733983
116538	0.002562259997
116539	0.007824068598
116540	0.003634746167
116541	0.005604606398
116542	0.004261020877
116543	0.002648492932
116544	0.005577215388
116545	0.003736286858
116546	0.003188204346
116547	0.01699042858
116548	0.01300781863
116549	0.005093989248
116550	0.005624960251
116551	0.005370863688
116552	0.008204682844
116553	0.001241030722
116554	0.003607032321
116555	0.01565896074
116556	0.003193285829
116557	0.006819149993
116558	0.0007901944769
116559	0.0003518800537
116560	0.001789062888
116561	0.002348305663
116562	0.001140560411
116563	0.00154189286
116564	0.001810181467
116565	0.0002546629597
116566	0.0003736187836
116567	0.001807096894
116568	0.0005355772289
116569	0.001951668501
116570	0.005097820629
116571	0.001818395527
116572	0.001465530911
116573	0.0006584352039
116574	0.003573016071
116575	0.002958238258
116576	0.001609311633
116577	3.118480705e-07
116578	0.002122690185
116579	0.0005155125171
116580	0.0005299246606
116581	0.001060637793
116582	0.004422844902
116583	0.005203067328
116584	0.0006584676152
116585	0.00394662091
116586	0.001077322487
116587	0.001942937806
116588	0.002678169381
116589	0.001630119258
116590	0.0007863655304
116591	0.002893173194
116592	0.001326265486
116593	0.002538835931
116594	0.002413580975
116595	0.003895754161
116596	0.0005473935982
116597	0.001419438405
116598	0.003909210873
116599	0.00727227917
116600	0.007993350478
116601	0.0006482445562
116602	0.002458888362
116603	0.0002539506014
116604	0.001039473626
116605	0.0009004934304
116606	0.0002543737424
116607	0.001031516275
116608	0.001267998752
116609	0.0004130250639
116610	0.001158725512
116611	0.000132189757
116612	0.0003623778253
116613	0.0008878663545
116614	0.0007803822323
116615	0.001800875542
116616	0.0001031703849
116617	0.0001322479666
116618	0.001866530316
116619	0.01079938874
116620	0.001796693349
116621	3.933955687e-05
116622	0.009164022949
116623	0.01647924917
116624	0.0006635635291
116625	0.00597281359
116626	0.01449290851
116627	0.004156345247
116628	0.006204553428
116629	0.002694399502
116630	0.008912979901
116631	0.002200095716
116632	0.0005067483707
116633	0.00264699253
116634	0.003724950702
116635	0.0003148491201
116636	0.004751007786
116637	0.004419386277
116638	0.006895974914
116639	0.006660451311
116640	0.004310887195
116641	0.006566952428
116642	0.002175705663
116643	0.0004829835812
116644	0.001390601668
116645	0.006816130528
116646	0.002704372841
116647	0.008064208317
116648	0.004021835377
116649	0.004966000341
116650	0.00586332508
116651	0.001502636058
116652	0.006436940786
116653	0.0007015084314
116654	0.008468444499
116655	0.0001422281969
116656	0.001540173651
116657	0.01419097957
116658	0.00303704425
116659	0.009581341313
116660	0.004994986049
116661	0.006247331548
116662	0.002044978517
116663	0.001611127214
116664	0.002961874909
116665	0.003931895133
116666	0.004195951904
116667	0.001106107472
116668	0.007969136795
116669	0.0005031909244
116670	0.005896309538
116671	0.005398585366
116672	0.01261352265
116673	0.009662921663
116674	0.009640457923
116675	0.003370793349
116676	0.0008009283869
116677	0.002607946123
116678	0.009543280489
116679	0.00212981855
116680	0.009680344384
116681	0.004525828373
116682	0.0004335131126
116683	0.001137167387
116684	0.0008435688647
116685	0.007729238496
116686	0.00476134024
116687	0.0004934088086
116688	0.0005538925074
116689	0.003553653823
116690	0.0009505754912
116691	0.003565141342
116692	0.00843774584
116693	0.007148130678
116694	0.005992288261
116695	0.001984809289
116696	0.005359401528
116697	0.004975230116
116698	0.002040477595
116699	0.001022954225
116700	0.003203441678
116701	0.008105031244
116702	0.003125287487
116703	0.001568221789
116704	0.000919317701
116705	0.001564339923
116706	0.001435716094
116707	0.001051781214
116708	0.0001242749034
116709	0.0006076803536
116710	0.01197966368
116711	0.00213011491
116712	0.004376410705
116713	0.00265567063
116714	0.0009527373662
116715	0.001453064227
116716	0.003949399583
116717	0.0002414004651
116718	0.002262017068
116719	0.01493463242
116720	0.000994485504
116721	0.00223898904
116722	0.0001525629615
116723	0.003219711312
116724	6.321491044e-05
116725	0.001000835094
116726	0.001101810125
116727	0.007018929362
116728	0.009522422673
116729	0.006604976385
116730	0.0006289194671
116731	0.004037009483
116732	0.008795568555
116733	0.0006808382607
116734	0.004495732837
116735	0.004048448056
116736	0.002232703236
116737	0.0002665749012
116738	0.002813978179
116739	0.001288973709
116740	0.004094653172
116741	0.00340471823
116742	0.0003170313982
116743	0.001351564946
116744	0.005108518461
116745	0.00279862333
116746	0.01011921769
116747	0.001764373112
116748	0.005960725599
116749	0.007751946901
116750	0.01499246995
116751	0.001338760358
116752	0.0004275260778
116753	0.0001180209003
116754	0.0004946804707
116755	0.006060493678
116756	0.002565419564
116757	0.002562978553
116758	0.0001693422532
116759	0.002559362659
116760	0.002843076857
116761	0.001051364931
116762	0.007035681858
116763	0.005179882204
116764	0.0005374638091
116765	0.003494662312
116766	0.00859826998
116767	0.01097901833
116768	0.002199205201
116769	0.001749518704
116770	0.006066022987
116771	0.008661006095
116772	0.004220157987
116773	0.003541008904
116774	0.003119270326
116775	0.00462234747
116776	0.006981755404
116777	0.00505393857
116778	0.006159846227
116779	0.0008058312926
116780	0.007367864441
116781	0.007669208313
116782	0.0003973070508
116783	0.0002877451237
116784	0.001782437343
116785	0.001149104914
116786	0.003363615022
116787	0.002219772482
116788	0.006878260933
116789	0.003890998173
116790	0.0005564009534
116791	0.002422271778
116792	0.00876963799
116793	0.002090965751
116794	0.005065005759
116795	0.002609227059
116796	0.005490184817
116797	0.004773605533
116798	0.002638047079
116799	0.007682123237
116800	0.002609227059
116801	0.008292142159
116802	0.001340641135
116803	0.007265738468
116804	0.0006582741537
116805	0.007208473963
116806	0.001791275134
116807	0.003862045348
116808	0.003953033769
116809	0.00325008668
116810	0.008783810711
116811	0.01251399672
116812	0.006637921531
116813	0.009047344778
116814	0.001231423484
116815	0.005209593467
116816	0.005442719832
116817	0.0008259247597
116818	0.01258222665
116819	0.01307340303
116820	0.001162797797
116821	0.01385454744
116822	0.006758262861
116823	0.01241895842
116824	0.007572769804
116825	0.004025217725
116826	0.002528807631
116827	0.0101957817
116828	0.01641143082
116829	0.003787665496
116830	0.001818562971
116831	0.005679917108
116832	0.002981047855
116833	0.007260812847
116834	0.007952168636
116835	0.002129696763
116836	0.0002543001394
116837	0.01230984471
116838	0.0004547762607
116839	0.003116642354
116840	0.002098753288
116841	0.004325497678
116842	0.003674046338
116843	0.001810826518
116844	0.005699252389
116845	0.003243638601
116846	0.002259997755
116847	0.007532142127
116848	0.003411693349
116849	0.002888097532
116850	0.0006656449258
116851	0.0141388437
116852	0.001396193938
116853	0.0004036944444
116854	0.001244022118
116855	0.002706387883
116856	0.001918131661
116857	0.0002551011879
116858	0.002156206903
116859	0.01123212991
116860	9.852543528e-06
116861	0.0008065396254
116862	0.005268636566
116863	0.001561427954
116864	0.009510172575
116865	0.007420176175
116866	0.008780089251
116867	0.00550679279
116868	0.001367667023
116869	0.01040861991
116870	0.0001757491649
116871	0.0050009327
116872	0.005536742179
116873	0.005699308523
116874	0.004739951147
116875	0.008375530339
116876	0.00357370208
116877	0.003188691636
116878	0.008704460287
116879	0.004645460717
116880	0.003240989854
116881	0.005933338388
116882	0.008407217597
116883	0.001217947347
116884	0.008999437509
116885	0.0008730135382
116886	0.005469621167
116887	0.006462098513
116888	0.0121188209
116889	0.001825884631
116890	0.002417223988
116891	0.004766777787
116892	0.005902830277
116893	0.0005888085137
116894	0.002740074119
116895	0.0006833188122
116896	0.005790306527
116897	0.0008395011075
116898	0.008986479078
116899	0.0179977113
116900	0.0002207810256
116901	0.01350085943
116902	0.00325122702
116903	0.004970966566
116904	0.00337104368
116905	0.001369855749
116906	0.00326777674
116907	0.01078152997
116908	0.007970221357
116909	0.000441122343
116910	0.00623079871
116911	0.00267757701
116912	0.0007238387853
116913	0.003242152751
116914	0.01018205918
116915	0.002459744794
116916	0.003123574534
116917	0.0107853087
116918	0.00385386722
116919	0.004725305897
116920	0.01503332388
116921	0.02412466427
116922	0.004596334537
116923	0.01073548079
116924	0.001563021455
116925	0.009117862875
116926	0.001897209605
116927	0.00467568757
116928	0.001303346537
116929	3.831728624e-05
116930	0.001294468036
116931	0.0007620692604
116932	0.00350528637
116933	0.0007749570236
116934	0.004588410634
116935	0.001809985266
116936	0.00457918481
116937	0.002142780413
116938	0.001496356806
116939	0.002312795095
116940	0.003096130717
116941	0.0020669451
116942	0.001542411954
116943	0.002861215386
116944	4.066844376e-06
116945	0.002992737151
116946	0.003367704067
116947	0.004942061069
116948	0.003890536517
116949	0.004723341889
116950	0.003803035003
116951	0.0008826717384
116952	0.0006692920065
116953	0.002338299831
116954	0.009705020381
116955	0.006667604033
116956	0.0004793418577
116957	0.006562865595
116958	0.00344874187
116959	0.006147182541
116960	0.01301891085
116961	0.005741100282
116962	0.001169603514
116963	0.001274530615
116964	0.001800959812
116965	0.002541432607
116966	0.00179142288
116967	0.006741180225
116968	0.003387270748
116969	0.002187590076
116970	0.001949830717
116971	0.004965765051
116972	0.009730150949
116973	0.00899844685
116974	0.003209575281
116975	0.001266623661
116976	0.007043063339
116977	0.002049488043
116978	0.0003595286902
116979	0.00638946815
116980	0.004280449099
116981	0.003347136797
116982	0.004715823476
116983	0.003825172652
116984	0.006237670457
116985	0.0005420246601
116986	0.008564159829
116987	0.0005609984413
116988	0.00154343785
116989	0.01463704163
116990	0.007416284723
116991	0.006286485237
116992	0.005773395555
116993	0.0008266897128
116994	0.004967946386
116995	0.0001205253389
116996	0.003201698541
116997	0.005117306481
116998	0.001075016684
116999	0.00600970439
117000	0.008059025763
117001	0.000119072638
117002	0.004809838975
117003	0.0006945054348
117004	0.002955092382
117005	0.002052104177
117006	0.01016071374
117007	0.008039088667
117008	0.001551147023
117009	0.00213595428
117010	0.005489543984
117011	0.00662659205
117012	0.0007291342444
117013	0.00446641561
117014	0.00317354694
117015	0.00628396069
117016	0.007031766773
117017	0.004450848955
117018	0.003193293263
117019	0.001318560569
117020	0.004366879577
117021	0.007168005795
117022	0.004624030732
117023	0.0006684722774
117024	0.001764508859
117025	0.000369511516
117026	0.003387960472
117027	0.009443768122
117028	0.003220571904
117029	0.002825963194
117030	0.003157569462
117031	0.009983770411
117032	0.0005186171162
117033	0.009726697315
117034	0.005148690175
117035	0.0005334534889
117036	0.0007807942802
117037	0.01024161763
117038	0.0005902229713
117039	0.0008528537116
117040	0.0001057650551
117041	0.0007808665882
117042	0.0009701395307
117043	0.0009568890164
117044	0.0002990989866
117045	0.003491177263
117046	0.006562237987
117047	0.002767402516
117048	0.001054884375
117049	0.006726942894
117050	0.002835037728
117051	0.0006310432294
117052	0.002895082719
117053	0.00394973035
117054	0.01018112012
117055	0.000793705316
117056	0.002825395134
117057	0.0005614435855
117058	0.001073263121
117059	0.0003161966937
117060	0.006185247799
117061	0.001303960578
117062	0.0005481454578
117063	0.00157819573
117064	0.001072765458
117065	0.000269804909
117066	0.003003021178
117067	0.0002256662448
117068	0.001466117038
117069	0.001582509828
117070	0.0003908414878
117071	0.0003168201306
117072	0.0006972188168
117073	0.001182528756
117074	0.0004396853548
117075	0.001249406887
117076	0.01344784296
117077	0.00222717712
117078	0.0004317232065
117079	0.005588755748
117080	0.005575938027
117081	0.008038542556
117082	0.001417987394
117083	0.0001613683232
117084	1.728318164e-05
117085	0.01002295294
117086	0.007028486787
117087	0.006980320151
117088	0.002028626831
117089	0.004688295643
117090	0.007603282372
117091	0.009673345528
117092	0.002232652675
117093	0.005017551537
117094	0.01078229079
117095	0.009121693648
117096	0.007730841667
117097	0.007834136451
117098	0.01080572653
117099	0.002215403774
117100	0.01375776701
117101	0.00709879739
117102	0.001817308615
117103	0.003791623069
117104	0.001949263365
117105	0.01144968751
117106	0.00623783816
117107	0.004670102227
117108	0.003120922223
117109	0.008673319605
117110	0.0135838646
117111	0.005368699276
117112	9.855246115e-05
117113	0.002660155208
117114	0.005411426549
117115	0.002408636002
117116	0.006732070449
117117	0.002419110255
117118	0.002498182415
117119	0.006826528338
117120	0.006038695227
117121	0.0001424297506
117122	0.00195368915
117123	0.00789696768
117124	0.0003447429026
117125	0.00197846412
117126	0.0006517272986
117127	0.00265079143
117128	0.006515452332
117129	0.002282212215
117130	0.001171364084
117131	0.009756584565
117132	0.007653086156
117133	0.008901657429
117134	0.001010497791
117135	0.003925655943
117136	0.0007760490899
117137	0.004476222848
117138	0.01219080251
117139	0.01203955305
117140	0.004046376546
117141	0.01229735937
117142	0.006598224284
117143	0.003519209016
117144	0.0009023998558
117145	0.00208673095
117146	0.009156728311
117147	0.009727158762
117148	0.0003275112718
117149	0.008121328286
117150	0.004015451654
117151	0.0009707630045
117152	0.00598201994
117153	0.00560431376
117154	0.003149819855
117155	1.015823817e-05
117156	0.003984085834
117157	0.00440107617
117158	0.0006690988739
117159	0.00404171801
117160	0.01392639664
117161	0.008679400315
117162	0.002890517128
117163	0.001890392841
117164	0.004000815898
117165	0.00307616367
117166	0.01891128506
117167	0.01048055988
117168	0.008208417626
117169	0.003796344576
117170	0.004925271836
117171	0.01482508943
117172	0.01086661714
117173	0.02273504416
117174	0.000165584875
117175	0.0005978969003
117176	0.002809826211
117177	0.004947170577
117178	0.007357579126
117179	0.004887741647
117180	0.001468451255
117181	0.001191971337
117182	0.002637411384
117183	0.001743112924
117184	0.0007566603042
117185	0.003392319763
117186	0.001416739385
117187	0.002274545878
117188	0.004264550733
117189	0.006962813705
117190	0.005853066393
117191	0.006158884756
117192	0.004745263747
117193	0.004774841835
117194	0.002781282518
117195	0.001420796773
117196	0.001314778755
117197	0.0001645687425
117198	0.002973720135
117199	0.0007647466709
117200	0.0009979956901
117201	0.002321622031
117202	0.007484462347
117203	0.009729245916
117204	0.003947362322
117205	0.001215305905
117206	0.0005223585093
117207	0.000873738782
117208	0.003152067606
117209	0.005544646291
117210	0.008806798
117211	0.004083396952
117212	0.002015795862
117213	0.002580396517
117214	0.005561714032
117215	0.006318417064
117216	0.001748855264
117217	0.00697484581
117218	0.0001440059949
117219	0.004704838876
117220	0.00446252769
117221	0.002783888954
117222	0.009631309656
117223	0.002647861762
117224	0.006951259361
117225	0.005606496359
117226	0.001005918466
117227	0.004995234197
117228	0.0112592138
117229	0.0020745134
117230	0.006930395707
117231	0.006263511818
117232	0.007931569527
117233	0.0008903494034
117234	0.0006266933336
117235	0.0003763863116
117236	0.01372956284
117237	0.007368809523
117238	0.005941110599
117239	0.0008314458951
117240	0.001740467494
117241	6.140092347e-09
117242	0.003344233952
117243	0.006321027099
117244	0.0002657800494
117245	0.0004708268597
117246	0.001863909251
117247	0.0002438375273
117248	0.004348093263
117249	0.001138951022
117250	0.00710023526
117251	0.001800474954
117252	0.004589310742
117253	0.002897653061
117254	0.004398594185
117255	0.008101849098
117256	0.008540744272
117257	0.0009475158767
117258	0.003339814198
117259	0.001750667481
117260	0.006632549486
117261	0.008019459404
117262	0.006758950022
117263	0.004590012066
117264	0.003121104398
117265	0.0003391038953
117266	0.01855408072
117267	0.001530509553
117268	0.002002973831
117269	0.0006840548724
117270	0.004909019381
117271	0.005729653287
117272	0.008621573136
117273	0.001859783654
117274	0.005274761892
117275	0.0007646066723
117276	0.001200586279
117277	0.0009301060202
117278	0.005691985788
117279	0.004459840658
117280	0.0005689716961
117281	0.01456412675
117282	0.0008336889343
117283	0.007893273779
117284	0.006719385529
117285	0.008934262454
117286	0.002438199051
117287	0.001037177127
117288	0.0008907929589
117289	0.01803840378
117290	0.001619391054
117291	0.0004974999073
117292	0.000407853281
117293	0.0001637280599
117294	0.0006526604814
117295	0.001928515378
117296	0.001133377597
117297	0.01143614783
117298	0.00353695991
117299	0.002191712118
117300	0.007063783071
117301	0.004178012708
117302	0.0002390220716
117303	0.005834494515
117304	0.009086007724
117305	0.0007511885962
117306	0.0004556730552
117307	0.004421556316
117308	0.0003645008835
117309	0.005970590037
117310	0.02222638669
117311	0.001575007531
117312	0.004573105435
117313	0.002992793049
117314	0.0009178438006
117315	0.01348937021
117316	0.003155686025
117317	0.0127238993
117318	0.0003598785807
117319	0.00128067187
117320	0.001618722109
117321	0.009163847042
117322	0.008634183681
117323	0.006780216619
117324	0.01014276477
117325	0.002717103431
117326	0.004139267906
117327	0.009459711297
117328	0.005677165982
117329	0.003213893204
117330	0.01233132816
117331	0.01422563954
117332	0.01021302486
117333	0.001634018515
117334	0.01168074
117335	0.01536610403
117336	0.006192592528
117337	0.001196142356
117338	0.001250754571
117339	0.0003547416216
117340	0.005162077463
117341	0.0210276337
117342	0.011473519
117343	0.0009530842782
117344	0.006568083712
117345	0.01365539286
117346	0.0002715835125
117347	0.01671516692
117348	0.001909285884
117349	0.005124314623
117350	0.01127451646
117351	0.003635537354
117352	0.007456061252
117353	0.01317916042
117354	0.005848443239
117355	0.001457563963
117356	0.0003988778564
117357	0.004373812908
117358	0.00802519218
117359	0.01474698608
117360	0.00516629966
117361	0.00363349816
117362	0.005613734857
117363	0.02066561668
117364	0.002221382959
117365	0.002582701749
117366	0.000506303383
117367	0.0008983593031
117368	0.002301679852
117369	0.005839811274
117370	0.004605063043
117371	0.01279733651
117372	0.005860912674
117373	0.001283861829
117374	0.005518216503
117375	0.005237513069
117376	0.002463190412
117377	0.002040048686
117378	0.01042635207
117379	0.001848547547
117380	0.001807609954
117381	0.01083752814
117382	0.00921830529
117383	0.003829593485
117384	0.006747998337
117385	0.002683954699
117386	0.0153051783
117387	0.009189795062
117388	0.01346018003
117389	0.01385369791
117390	0.001689837166
117391	0.002938241805
117392	0.007184190828
117393	0.0008794040901
117394	0.009362147355
117395	0.02161645031
117396	0.00234812838
117397	0.005435082153
117398	0.0005383314211
117399	0.02492200163
117400	0.007512702714
117401	0.005916402467
117402	0.003107250867
117403	0.007218925399
117404	0.01211568155
117405	0.01537447539
117406	0.00184337679
117407	0.003130806125
117408	0.006946528159
117409	0.001500237783
117410	0.004717248343
117411	0.006070473287
117412	0.01412686085
117413	0.0001854587443
117414	0.002696108616
117415	0.02489655796
117416	0.001614033035
117417	0.006193484336
117418	0.001671044027
117419	0.001908916479
117420	0.005020298573
117421	0.007924531374
117422	0.00179524486
117423	0.0002868005656
117424	0.0005471256736
117425	0.002878895513
117426	0.00875898695
117427	0.0007222488525
117428	0.01713786122
117429	0.001913914491
117430	0.0008349794824
117431	0.009810055384
117432	0.009959275521
117433	0.003240321225
117434	0.0007705395553
117435	0.001935146313
117436	0.002693848515
117437	0.003715628577
117438	0.003536115573
117439	0.002317769397
117440	0.0006514087639
117441	0.02053149123
117442	0.0009055433426
117443	0.009970622108
117444	0.009660890083
117445	0.002888459119
117446	0.008621675943
117447	0.0001629348644
117448	0.01078841952
117449	0.002796502457
117450	0.003138566113
117451	0.01481563998
117452	0.0002839369224
117453	0.009361074781
117454	0.00414332059
117455	0.001999903198
117456	0.006371070762
117457	0.001818154479
117458	0.006650430594
117459	0.005526274214
117460	0.002477310922
117461	0.01636760752
117462	0.009897217093
117463	0.001448381986
117464	0.001344415935
117465	0.007804313035
117466	0.006202987318
117467	0.004963474039
117468	0.01163358308
117469	0.007280122734
117470	0.001032737093
117471	0.001130608746
117472	0.00649828956
117473	0.01546032442
117474	0.0007033352925
117475	0.01617486576
117476	0.009858950341
117477	0.02511040337
117478	0.007676733718
117479	7.522906959e-05
117480	0.003908765033
117481	0.0131644542
117482	0.00633986281
117483	0.01825489473
117484	0.004351428939
117485	0.01898906583
117486	0.006164925149
117487	0.008800925406
117488	0.001622391473
117489	0.00121682904
117490	0.0006582302573
117491	0.00617182606
117492	0.007711618192
117493	0.001719841914
117494	2.515899745e-05
117495	0.0007114268044
117496	0.002244654115
117497	0.01045319801
117498	0.000472921361
117499	0.006403061229
117500	0.01152836895
117501	0.006765071683
117502	0.01091080396
117503	0.002241728886
117504	0.007397916975
117505	0.01082748644
117506	0.01286270599
117507	0.001634211313
117508	0.000939521793
117509	0.001323260619
117510	0.00549301889
117511	0.002493301819
117512	0.008533312686
117513	0.001637228946
117514	0.002817330399
117515	0.0002532170129
117516	0.006940061522
117517	0.007253792027
117518	0.001165880101
117519	0.01276514164
117520	0.005610702279
117521	0.007998213493
117522	0.003401269111
117523	0.002689928274
117524	0.004637422792
117525	0.001539553851
117526	0.01394622721
117527	0.002422230207
117528	0.01053582912
117529	0.003596998978
117530	0.00172061088
117531	0.01421269384
117532	0.003189441362
117533	0.01358370544
117534	0.001215904913
117535	0.003686406693
117536	0.00330482301
117537	0.02260170134
117538	0.01676863917
117539	0.009647478764
117540	0.0001574075223
117541	0.001576316236
117542	0.001990185004
117543	0.001436710819
117544	0.002595127223
117545	0.003805570355
117546	0.01183784585
117547	0.01645087701
117548	0.006357374866
117549	0.007229042199
117550	0.003245659636
117551	0.0003827086711
117552	0.007435894348
117553	0.009226251336
117554	0.001928896116
117555	0.002633943728
117556	0.008487864365
117557	0.01952704952
117558	0.006364454602
117559	0.006660243383
117560	0.004159801797
117561	0.004325839479
117562	0.002121524103
117563	0.01833880215
117564	0.001538319847
117565	0.003726338575
117566	0.003232877633
117567	0.01380472464
117568	0.002921320978
117569	0.002037522356
117570	0.007602314832
117571	0.004943058821
117572	0.005894457942
117573	0.008234467352
117574	0.003613658836
117575	0.008189742334
117576	0.00597938227
117577	0.009177731161
117578	0.008917066722
117579	0.007275811192
117580	0.005891567385
117581	0.004594294461
117582	3.046485379e-06
117583	0.006422780624
117584	0.005508108284
117585	0.006765980051
117586	0.003230292791
117587	0.004006169146
117588	0.0068132397
117589	0.001255574963
117590	0.005741184245
117591	0.003528919131
117592	0.001479953993
117593	0.008859215321
117594	0.004267391932
117595	0.005806244759
117596	0.009725897515
117597	0.004191570494
117598	0.0004952544415
117599	0.000211873528
117600	0.002748424517
117601	0.003038832325
117602	0.004008276647
117603	0.01212571771
117604	0.005079118346
117605	0.002705997341
117606	0.008507055463
117607	0.008075490773
117608	0.0002150904569
117609	0.008896083625
117610	0.009736192867
117611	0.002888609918
117612	0.003933984857
117613	0.005954198398
117614	0.006433348162
117615	0.01526629844
117616	0.009043346128
117617	0.004843641905
117618	0.01494094137
117619	0.002700061694
117620	0.01015900498
117621	0.002801234151
117622	0.01526625523
117623	0.01298522484
117624	0.01183817544
117625	0.008730230013
117626	0.0132024639
117627	0.005326477225
117628	0.003466370301
117629	0.0005203389311
117630	0.0005379829649
117631	0.0003113096177
117632	0.001638811748
117633	0.002401205176
117634	0.008449134166
117635	0.00166945702
117636	0.002551104862
117637	0.0002033643235
117638	0.002092561714
117639	0.002769641781
117640	0.002947525847
117641	0.001778408735
117642	0.005114857638
117643	0.005791169643
117644	0.0007752103915
117645	0.001842399099
117646	0.001748658132
117647	0.002898467316
117648	0.0001385512936
117649	0.003493761652
117650	0.0004476328151
117651	0.005596880766
117652	0.002946080969
117653	0.007149934618
117654	0.004502103813
117655	0.001820531675
117656	0.001402698118
117657	0.003182904742
117658	0.0001648756582
117659	0.001217313653
117660	0.01138486579
117661	0.009978243735
117662	0.00882010511
117663	0.008281367299
117664	5.161418856e-05
117665	0.0052176329
117666	0.003277213708
117667	0.0003203020887
117668	0.003015770227
117669	0.01164995756
117670	0.00418224893
117671	0.00138707432
117672	0.006766060572
117673	0.001191980589
117674	0.0003549813908
117675	0.001586178014
117676	0.00559300821
117677	0.000494651452
117678	0.001257613737
117679	0.009739007526
117680	0.001625430926
117681	0.00929498767
117682	0.002104630095
117683	0.0003766245422
117684	0.005533131038
117685	0.005912184581
117686	0.004754108287
117687	0.01296679461
117688	0.01760164151
117689	0.005321015355
117690	0.005867698955
117691	0.006788668886
117692	0.001431096124
117693	0.004299918552
117694	0.0007763254155
117695	0.0005851899366
117696	0.00178240491
117697	0.008509976224
117698	0.0004669202472
117699	0.003034005209
117700	0.0008668316058
117701	0.0006497439725
117702	0.01172856321
117703	0.0001501715373
117704	0.00120578129
117705	0.001937033678
117706	0.004481379662
117707	0.0003789402082
117708	0.007047610556
117709	0.001595628277
117710	0.01046835741
117711	0.01096197697
117712	0.0001037167249
117713	0.0006233165296
117714	0.001737839647
117715	0.003617261071
117716	0.004841459402
117717	0.002133066271
117718	0.001144319733
117719	0.000396959962
117720	0.001428670779
117721	0.003476734531
117722	0.001414308099
117723	0.002845847015
117724	0.0009091009567
117725	0.005209706409
117726	0.002328055725
117727	6.820127188e-07
117728	0.001892253786
117729	0.004841645383
117730	0.002006972725
117731	0.001354700621
117732	0.003220045323
117733	0.005757785268
117734	0.003786035228
117735	0.0113786923
117736	0.00140011417
117737	0.009625340732
117738	0.001992634861
117739	0.0009689167499
117740	0.0009767103159
117741	0.001255682792
117742	0.01110728679
117743	0.001551142139
117744	1.34112605e-05
117745	0.0124030097
117746	0.002957851254
117747	0.001476701688
117748	0.001605676571
117749	0.003762079681
117750	0.002062757902
117751	0.005421586801
117752	0.001096673801
117753	0.002298314258
117754	0.001460891567
117755	0.00302903308
117756	0.01257542478
117757	0.006088689915
117758	0.009786135953
117759	0.001583645459
117760	0.005048308024
117761	0.004767556264
117762	0.002036728654
117763	0.007165500962
117764	0.002212049665
117765	0.0004825707433
117766	0.005740262362
117767	0.004005166757
117768	0.0004179463946
117769	0.001187590883
117770	0.008495574854
117771	0.0008679623071
117772	0.001387491847
117773	0.0070936659
117774	0.007045335157
117775	0.001238775356
117776	0.00337895954
117777	0.0106966913
117778	0.02221118024
117779	0.004958649532
117780	0.001647995422
117781	0.006728102383
117782	0.001485603132
117783	0.003275375252
117784	0.002438963278
117785	0.003763363805
117786	0.003115687019
117787	0.0006825939952
117788	0.002613432188
117789	0.00366370252
117790	0.0007643352611
117791	0.002488008043
117792	0.004107695604
117793	0.001216263128
117794	0.007482358001
117795	0.003890922587
117796	0.00359773039
117797	0.001702672055
117798	0.0006895415468
117799	0.007109926872
117800	0.005241202906
117801	0.005038068763
117802	0.0002131696034
117803	0.002964098872
117804	0.001315692622
117805	0.0006675864449
117806	0.003717988023
117807	0.007081760161
117808	0.01536657062
117809	0.002301709666
117810	0.001876722158
117811	0.001636678711
117812	0.006747343042
117813	0.006525264685
117814	0.002649374393
117815	0.002102701451
117816	0.002955849739
117817	0.006048754257
117818	0.0004137078203
117819	0.0008795602053
117820	0.01526008568
117821	0.003530971006
117822	0.0004149946857
117823	0.008245327092
117824	0.02401926138
117825	0.002060430873
117826	0.00192042657
117827	0.006992158028
117828	0.001039977091
117829	0.0006032077425
117830	0.002117668718
117831	0.001344712885
117832	0.001067581361
117833	0.001774285618
117834	0.01193306509
117835	0.0005228119105
117836	0.00353936567
117837	0.007747356036
117838	0.009427565025
117839	0.001887611827
117840	0.0002298621261
117841	0.0007141613173
117842	8.69243598e-05
117843	0.003265629732
117844	0.001003326026
117845	0.005418182867
117846	0.002959844621
117847	0.01450430545
117848	0.0002550160324
117849	0.0009881098311
117850	0.004595208422
117851	0.01208178041
117852	0.003563842744
117853	0.0006703535853
117854	0.0004515288045
117855	0.001501577501
117856	0.001709961718
117857	0.002601714124
117858	0.001190168445
117859	0.003586680173
117860	0.01045106847
117861	0.006081391942
117862	0.01263858494
117863	0.0002273901215
117864	0.002065701524
117865	0.00407058
117866	0.0006979561109
117867	0.002176143483
117868	0.00931420096
117869	0.006717403605
117870	0.004830348436
117871	0.004292669149
117872	0.0005707079635
117873	0.01040306867
117874	0.0004292993512
117875	0.001398655568
117876	0.01044128366
117877	0.003602976861
117878	0.001360582499
117879	0.003767278182
117880	0.006412985941
117881	0.004009938785
117882	0.0009931263166
117883	0.004851359429
117884	0.01735497217
117885	0.001156070088
117886	0.009592183517
117887	0.002804269887
117888	0.001347973044
117889	0.003248201446
117890	0.002562069707
117891	0.003226885781
117892	0.01223745883
117893	0.003891787574
117894	0.00201268083
117895	0.004082379681
117896	0.002215191445
117897	0.008364342029
117898	0.001460838531
117899	0.006963519733
117900	0.00105850584
117901	0.0009688931211
117902	0.002223823259
117903	0.0002572271969
117904	0.004166250116
117905	0.0003128458175
117906	0.006947019634
117907	0.001984439804
117908	0.002480052802
117909	0.006337728505
117910	0.001933020365
117911	0.00624808644
117912	0.001106922023
117913	0.003584160277
117914	0.005788895216
117915	0.002244419932
117916	0.0009818365955
117917	0.01171613483
117918	0.007615264
117919	0.004872070275
117920	0.01098516569
117921	0.003359346172
117922	0.00411455608
117923	0.005094802904
117924	0.002364493119
117925	0.003735484749
117926	0.002398208424
117927	0.0003325609666
117928	0.007033004086
117929	0.001750890595
117930	0.009886329608
117931	0.00322044471
117932	0.000449263951
117933	0.0008063688637
117934	8.83209456e-05
117935	0.005173424242
117936	0.0005745418947
117937	0.006589437968
117938	0.002759101184
117939	0.002382512958
117940	0.002192843436
117941	0.008218033602
117942	0.002115590875
117943	0.008554448887
117944	0.007589893454
117945	0.003192577516
117946	0.003604540265
117947	0.0006412519723
117948	0.001192511774
117949	0.0002904464002
117950	0.0009157437774
117951	0.01126085825
117952	0.00195558634
117953	0.006250016549
117954	0.0006280609214
117955	0.01082939806
117956	0.0002463008682
117957	0.005549352337
117958	0.001897269274
117959	0.002405255043
117960	0.01330079901
117961	0.001828946269
117962	0.001077126995
117963	0.001323630397
117964	0.00237660583
117965	0.009623351515
117966	0.001369541556
117967	0.003634382782
117968	0.004682654458
117969	0.0030244369
117970	0.0006734367009
117971	0.0001807812793
117972	0.0123409038
117973	0.001123259371
117974	0.004339159008
117975	0.003383284725
117976	0.000883358971
117977	0.01913333658
117978	0.006416024617
117979	0.001364882548
117980	0.004361807738
117981	0.002524456897
117982	0.001211970672
117983	0.004660704818
117984	0.001505120602
117985	0.002248420178
117986	0.003147858291
117987	9.850654563e-05
117988	0.004069545846
117989	0.003800226854
117990	0.002791104044
117991	0.007038417205
117992	0.01190669372
117993	0.00652824295
117994	0.009834765509
117995	0.01149968874
117996	0.001507327303
117997	0.001516195838
117998	0.005705830645
117999	0.002409792982
118000	0.0009376794241
118001	0.00344025128
118002	0.0008804995492
118003	3.06627888e-05
118004	0.004188157438
118005	0.002130985247
118006	0.003260099895
118007	0.003152596893
118008	0.004104685936
118009	0.0006144541049
118010	0.001350642172
118011	0.0008061780432
118012	0.00385192829
118013	0.0003192423911
118014	0.003057611884
118015	0.007579068642
118016	0.001987262771
118017	0.001395035563
118018	0.001704005641
118019	0.002450382584
118020	0.00535362248
118021	0.003057804499
118022	0.01212208412
118023	0.002616898966
118024	0.003691170185
118025	0.01280554782
118026	0.001559520568
118027	0.001141452047
118028	0.002666682997
118029	0.009790173748
118030	0.001191469561
118031	0.005997561189
118032	0.006082869697
118033	0.01031118465
118034	0.00208664965
118035	0.002969882488
118036	0.001480521374
118037	0.001746852662
118038	0.002341154504
118039	0.001223527235
118040	0.006371502092
118041	0.00709394995
118042	0.001751570082
118043	0.00546163866
118044	0.007215805777
118045	0.006390413633
118046	0.007356711331
118047	0.0005738299552
118048	0.007641952889
118049	0.003065253596
118050	0.001085234514
118051	0.02451973885
118052	0.001476991472
118053	0.003905782973
118054	0.00487193632
118055	0.001502393658
118056	0.000736678621
118057	0.00196893141
118058	0.0006930469248
118059	0.001870210355
118060	0.001670663594
118061	0.001566812464
118062	0.012569229
118063	0.00458713417
118064	0.0008790649825
118065	0.001914723397
118066	0.001380517185
118067	0.002873726372
118068	0.0001109194001
118069	0.008871344602
118070	0.001015714465
118071	0.002474384802
118072	0.003781519747
118073	0.004790578691
118074	0.002209338739
118075	0.001954799793
118076	0.0005820889169
118077	0.005247443659
118078	0.002587915689
118079	0.002714289404
118080	0.003173474677
118081	0.001514118778
118082	0.002223088372
118083	2.367598467e-05
118084	0.005461887992
118085	0.02928416634
118086	0.01766676421
118087	0.005914120926
118088	0.00679141152
118089	0.003911841244
118090	0.007386787935
118091	0.001798090566
118092	0.002721444473
118093	0.00406694887
118094	0.002842926158
118095	0.00108811715
118096	0.004454653436
118097	0.007178216405
118098	0.002787347264
118099	0.0007945162812
118100	0.0006362184993
118101	0.001375294918
118102	0.003632831882
118103	0.001388661309
118104	0.008576376589
118105	0.0002435086318
118106	0.0003573524883
118107	0.00193648972
118108	0.002672079852
118109	0.0007359916453
118110	0.004576229128
118111	0.002039245898
118112	0.00104718396
118113	0.001026861643
118114	0.0004886899675
118115	0.001413573101
118116	0.008513332226
118117	0.007142351511
118118	0.01326625929
118119	0.003917023901
118120	0.01605310246
118121	0.001137378363
118122	0.005184068708
118123	0.008975812164
118124	0.006579938764
118125	0.002081528298
118126	0.01804239109
118127	0.003869041598
118128	0.00904561426
118129	0.001364008211
118130	0.001511121113
118131	0.01608601731
118132	0.009239685485
118133	0.006223004322
118134	0.006972697893
118135	0.002784943314
118136	0.000263539589
118137	0.004403312502
118138	0.002649689867
118139	0.001348721078
118140	0.01451878811
118141	0.0153668087
118142	0.001313753169
118143	0.0003214186838
118144	0.001089578242
118145	0.001033163155
118146	0.006795001889
118147	0.003771559942
118148	0.01266501156
118149	0.007570269869
118150	0.0008814008844
118151	4.333556939e-05
118152	0.001312160961
118153	0.001070857118
118154	0.0002778542457
118155	0.001880973895
118156	0.002373478315
118157	0.00916638283
118158	0.01622684539
118159	0.0009219601901
118160	0.006827147838
118161	0.003589468736
118162	0.00350081861
118163	0.009690179517
118164	0.004081075075
118165	0.001502087084
118166	0.002709794835
118167	0.001271197796
118168	0.0167827722
118169	0.004680191808
118170	0.005072784185
118171	0.001720471854
118172	0.002049228408
118173	0.009625836284
118174	0.006241523228
118175	0.005489070013
118176	0.003501663693
118177	0.002813255152
118178	0.002561924507
118179	4.266724609e-07
118180	0.004839490012
118181	0.0007670867368
118182	0.002485552097
118183	0.007283598569
118184	0.0003460564178
118185	0.0006060964634
118186	0.0004768461368
118187	0.002688031619
118188	0.0004343811444
118189	0.002332330842
118190	0.006033457675
118191	0.005555612777
118192	0.0004129216928
118193	0.00370801887
118194	0.0002361937581
118195	0.002624789746
118196	0.0001550091033
118197	0.00715758413
118198	0.00416541355
118199	0.00126772942
118200	4.711956131e-05
118201	0.0003793106455
118202	0.002350209238
118203	0.006869963092
118204	0.008236841417
118205	0.0002144614087
118206	0.01645384337
118207	0.009272065421
118208	0.002648625509
118209	0.004691318455
118210	0.00279371975
118211	0.00981003415
118212	0.007338435121
118213	0.001338493382
118214	0.001591634743
118215	0.007254006806
118216	0.009534963224
118217	0.003582933161
118218	0.002366744821
118219	0.001248856348
118220	0.005339604309
118221	6.158695537e-05
118222	0.006095124698
118223	0.007070412448
118224	0.008669561948
118225	0.0008922480475
118226	0.01735975044
118227	0.01509615733
118228	0.00637398189
118229	0.005093861136
118230	0.02375980114
118231	0.002108946475
118232	0.002983195867
118233	0.007319705628
118234	0.003599022258
118235	0.005664837728
118236	0.007229296372
118237	0.001050513101
118238	0.01170926642
118239	0.006401355868
118240	0.001460372253
118241	0.01591974804
118242	0.007750684385
118243	0.0008148250124
118244	0.001161060743
118245	0.001856666443
118246	0.001003859853
118247	0.001535728145
118248	0.001298659433
118249	0.001171323533
118250	0.001191871638
118251	0.001032466181
118252	0.0009745319595
118253	0.001861621125
118254	0.002420607192
118255	0.001246014347
118256	0.0002578878883
118257	0.008811399345
118258	0.001393379579
118259	0.0109788068
118260	0.002370836708
118261	0.006708988539
118262	0.002729074578
118263	0.004060922049
118264	0.00238175311
118265	0.003886525213
118266	0.007400087982
118267	0.004653686992
118268	0.01020300254
118269	0.001683606118
118270	0.005874720057
118271	0.007735149094
118272	0.003943510053
118273	0.007929200632
118274	0.006872755661
118275	0.001329042464
118276	0.00326884239
118277	0.004146244116
118278	0.00120091724
118279	0.001315896338
118280	0.001112715049
118281	0.001718292683
118282	0.0009625801487
118283	0.0006164631568
118284	0.00133038189
118285	0.0026416132
118286	0.002660475936
118287	0.001333151159
118288	0.001276351714
118289	0.004954744483
118290	0.0004209474625
118291	0.004673926187
118292	0.001986211165
118293	0.001415190793
118294	0.002609261449
118295	0.001284210569
118296	0.0001952693122
118297	0.01172217019
118298	0.0004247197984
118299	0.0008335669103
118300	0.00392823398
118301	0.001625502365
118302	0.002992660459
118303	0.005173565347
118304	0.002171185077
118305	0.006385828267
118306	0.007644370286
118307	0.0003839800037
118308	0.001516971099
118309	0.004038579633
118310	0.01483232102
118311	0.001148807675
118312	0.01503207421
118313	0.004882511375
118314	0.0008233867266
118315	0.0007270319925
118316	0.0008852114227
118317	0.002188507421
118318	0.008147903483
118319	0.00623877329
118320	0.005742830946
118321	0.008258084915
118322	4.918602597e-05
118323	0.005353312747
118324	0.009054762882
118325	0.002733000449
118326	0.004131735626
118327	0.01217895556
118328	0.007849439246
118329	0.000899047133
118330	0.005032195755
118331	0.001794577802
118332	0.006955275646
118333	0.01680433527
118334	0.006360029229
118335	0.001783115072
118336	0.001185462917
118337	0.0005502132655
118338	0.001658082017
118339	0.001492485708
118340	0.0007012764018
118341	0.0002586703637
118342	0.0008623285489
118343	0.001129801543
118344	0.001569556028
118345	3.298655421e-07
118346	0.001881889901
118347	0.001113871822
118348	0.002003917251
118349	0.0007319626016
118350	0.0001014852453
118351	0.0002832345122
118352	0.002357437334
118353	0.002308250945
118354	0.006090600498
118355	0.001528505374
118356	0.0002563126756
118357	0.0002513850392
118358	0.0003655541043
118359	0.001387060869
118360	0.001899367005
118361	0.002236850026
118362	0.005268770013
118363	0.00260701855
118364	0.006478593476
118365	0.001404958579
118366	0.006423308907
118367	0.002782729647
118368	0.001635337201
118369	0.0001593426085
118370	7.924812523e-08
118371	0.002169940944
118372	0.001813068016
118373	0.001495309073
118374	0.004534449018
118375	0.001937997783
118376	0.001390822349
118377	0.0004687940847
118378	0.000551731333
118379	0.0002655652197
118380	0.002256287093
118381	0.0007520062264
118382	0.00452810422
118383	0.00171667188
118384	0.002572404837
118385	0.0008944723027
118386	0.0009771946192
118387	0.0003698437787
118388	0.003327507208
118389	0.001923900616
118390	0.004779773283
118391	9.037512115e-05
118392	0.0004850562533
118393	0.005038666939
118394	0.001803244679
118395	0.001412113272
118396	0.001898622756
118397	0.0004036934477
118398	0.00696000602
118399	0.0005319798225
118400	0.001776641466
118401	0.002364791317
118402	0.002625881852
118403	0.0002425966874
118404	0.001462037278
118405	0.0001105725179
118406	0.001248917157
118407	0.001087553308
118408	0.001625053311
118409	0.002319554883
118410	0.0001182803835
118411	0.001116800804
118412	0.002229752413
118413	0.002116725564
118414	0.001724752725
118415	0.00336068192
118416	0.0002228387092
118417	0.003386047085
118418	0.003401976489
118419	0.0001744474291
118420	0.0008674412591
118421	0.002827734363
118422	0.002538531383
118423	0.004919996463
118424	0.01157467673
118425	0.003281119659
118426	0.008581400172
118427	0.005981920429
118428	0.001889271153
118429	0.002573762694
118430	0.001810470761
118431	0.0008873581934
118432	0.006619963869
118433	0.00399846266
118434	0.003266148601
118435	0.001489016648
118436	0.005750841636
118437	0.006428655155
118438	0.001673600296
118439	0.001273904713
118440	0.006249014632
118441	0.0009189031234
118442	0.001022486249
118443	0.003015124332
118444	0.003302376078
118445	0.001564844709
118446	0.001151715989
118447	0.005881461865
118448	0.00803875791
118449	0.002643477646
118450	0.0002767100167
118451	0.003382182176
118452	0.0005038939373
118453	9.561335915e-06
118454	0.006916828537
118455	0.00262918308
118456	6.577692437e-05
118457	0.00272990033
118458	0.001272759918
118459	0.006460603352
118460	0.008341842126
118461	0.006215415446
118462	0.0003372235341
118463	0.007652649949
118464	0.001865072661
118465	0.003991327068
118466	0.005722489921
118467	0.001023443416
118468	0.001655649123
118469	0.000154199586
118470	0.003724676869
118471	0.006799285236
118472	0.004004362169
118473	0.008877144756
118474	0.003053584401
118475	0.008328271948
118476	0.006509912403
118477	0.02335377102
118478	0.0005236061889
118479	0.0009500234875
118480	0.008550426174
118481	0.00614763838
118482	0.004933717863
118483	0.002274264018
118484	0.002237503081
118485	0.003186336949
118486	0.005936214415
118487	1.690004957e-05
118488	0.003828635309
118489	0.0121881231
118490	0.003258945939
118491	0.001760221903
118492	0.0005132802137
118493	0.0007756305046
118494	0.008334777617
118495	0.01558661823
118496	0.001272594306
118497	0.0003506785097
118498	0.006556697817
118499	0.006149040726
118500	0.001368576669
118501	0.003521331165
118502	0.0002161997128
118503	0.0004856485294
118504	0.004875641045
118505	0.0005704561215
118506	0.00421970797
118507	0.001955357808
118508	0.00573280736
118509	0.005010605372
118510	0.0117010126
118511	0.003467357245
118512	0.00151656594
118513	0.001781551479
118514	0.001037900569
118515	0.001009079653
118516	0.003983686332
118517	0.001538574799
118518	0.002761950355
118519	0.003189789708
118520	0.0001053386544
118521	0.001649598318
118522	0.006876962536
118523	0.005652588499
118524	0.004410117502
118525	0.00274368123
118526	0.002927159843
118527	0.005915722935
118528	0.0006054101547
118529	0.004105284937
118530	0.006657722349
118531	0.01019943904
118532	0.004218267412
118533	0.001421415106
118534	0.007901534691
118535	0.0004676882108
118536	0.002299832918
118537	0.01207297377
118538	0.004554990022
118539	6.682851911e-07
118540	0.004624163857
118541	0.004184418083
118542	0.001527882214
118543	0.002795770757
118544	0.002359116263
118545	0.008085719439
118546	0.004693205982
118547	0.006635520216
118548	0.004148508494
118549	0.0008073794728
118550	0.002040960915
118551	0.00696138379
118552	0.003882145202
118553	0.001002510427
118554	0.001871746593
118555	0.0003429169743
118556	0.0118442582
118557	0.005081117015
118558	0.009827462448
118559	0.002082679783
118560	0.004613377172
118561	0.008245839737
118562	0.0008771823437
118563	0.002554758449
118564	0.01470419744
118565	0.005553241291
118566	0.00390876734
118567	0.003645278343
118568	0.01529035323
118569	0.001144890939
118570	0.003647714761
118571	0.005488235089
118572	0.001298119388
118573	0.006308441675
118574	0.001109852705
118575	0.0002430054996
118576	0.003227405873
118577	0.008697081265
118578	0.001561691345
118579	0.01264010637
118580	0.006246838471
118581	0.001769330563
118582	0.003158772505
118583	0.005779072117
118584	0.007190874581
118585	0.01280488274
118586	0.0005458994466
118587	0.004983985051
118588	0.001358562907
118589	0.003454371069
118590	0.0008171682328
118591	0.006687667259
118592	0.007658548611
118593	0.004934983823
118594	0.002647773148
118595	0.006341195335
118596	0.0067592225
118597	0.0006213469387
118598	0.001311634672
118599	0.00715673706
118600	0.006340555047
118601	0.0003264485388
118602	0.01151749381
118603	0.0008079400228
118604	0.001306647119
118605	0.004387137326
118606	0.002597906833
118607	0.002472742619
118608	0.0005919521844
118609	0.008381132696
118610	0.001981267463
118611	0.001176221589
118612	0.006381676384
118613	0.007578676632
118614	0.01421537772
118615	0.0108643855
118616	0.007723018493
118617	0.002901854413
118618	0.006369539989
118619	0.01098001484
118620	0.004293117366
118621	0.006429907635
118622	0.004131621057
118623	0.002877216044
118624	0.00208936389
118625	0.002184889252
118626	0.004854842398
118627	0.004422677037
118628	0.003722383033
118629	0.001075816635
118630	0.008020685434
118631	0.001707221981
118632	0.01568511205
118633	0.006112390244
118634	0.006513121564
118635	0.001295241577
118636	0.009464532985
118637	0.002899266483
118638	0.00117392169
118639	0.003556654767
118640	0.0005798624869
118641	0.005652341683
118642	0.008230971012
118643	0.003332853052
118644	0.002115888848
118645	0.003922556523
118646	0.01364270858
118647	0.0004146523176
118648	0.0004088887227
118649	0.007987760729
118650	0.0002239804198
118651	0.01190997196
118652	0.009197897639
118653	0.003019384291
118654	0.00754722053
118655	0.001756802548
118656	0.0006893420493
118657	0.002152660138
118658	0.007227031933
118659	3.574975991e-05
118660	0.009208535841
118661	0.001316706408
118662	0.01425366669
118663	0.0006693576062
118664	0.01007040085
118665	0.0002140380704
118666	0.003524497647
118667	0.00260307729
118668	0.009146320674
118669	0.0007926971072
118670	0.008798065597
118671	0.02296313339
118672	0.003253940877
118673	0.000162453429
118674	0.00283158413
118675	0.00334097424
118676	0.003664941047
118677	0.005488068871
118678	0.009506552723
118679	0.0001894382519
118680	0.007029139587
118681	3.4842475e-05
118682	0.001856569068
118683	0.0005672279751
118684	0.003444733504
118685	0.007013103261
118686	0.007949483538
118687	0.01034564918
118688	0.005438090582
118689	0.001205381333
118690	0.01090988896
118691	0.002388657494
118692	0.002863927612
118693	0.008325494977
118694	0.0002676282376
118695	0.001222191918
118696	0.005466323479
118697	0.002060362285
118698	0.006145443929
118699	0.003670806928
118700	0.0002391232964
118701	0.0002912488584
118702	0.002143188044
118703	0.002828016852
118704	0.004048869924
118705	0.00497914997
118706	0.01106848973
118707	0.007138920426
118708	0.0009984520285
118709	0.006622160532
118710	0.0001011281083
118711	0.008779092463
118712	0.0006282738963
118713	0.001981593686
118714	0.004275238759
118715	0.0003978618614
118716	0.007525539748
118717	0.00624024618
118718	0.00976430281
118719	0.003615412906
118720	0.001193349276
118721	0.013160507
118722	0.004814771373
118723	0.00244154744
118724	0.0009280794524
118725	0.002510825132
118726	0.0002824708128
118727	0.003777920695
118728	0.0004365306514
118729	0.0001270195864
118730	0.008298329625
118731	0.005526320225
118732	0.01314221316
118733	0.005674449833
118734	0.001473486101
118735	0.002841642435
118736	0.007780473828
118737	0.01069174902
118738	0.01296945392
118739	0.000688309641
118740	0.0007629474334
118741	0.002251172395
118742	0.002184021633
118743	0.002455840064
118744	0.009545361914
118745	0.002790545594
118746	0.00134508798
118747	0.0003282851611
118748	0.000344880164
118749	0.002535937194
118750	0.01434942543
118751	0.009237125929
118752	0.002235302302
118753	0.01457191971
118754	0.0002321033115
118755	0.005738333286
118756	0.001570779599
118757	0.001924584706
118758	0.001521723165
118759	0.001443427189
118760	0.001696542795
118761	0.00871373572
118762	0.003920720962
118763	0.0007835714414
118764	0.008908557041
118765	0.004559945025
118766	0.01050805002
118767	0.00241417365
118768	0.001316110115
118769	0.005706240439
118770	0.01042295742
118771	0.001854424521
118772	0.001824191857
118773	0.001653855753
118774	0.008040244348
118775	0.00866977999
118776	0.0008437828012
118777	0.00586865504
118778	0.004367955774
118779	0.002028940273
118780	0.003266517083
118781	0.00290363331
118782	0.001622968004
118783	0.003267000548
118784	0.0007630459817
118785	0.0001378177727
118786	0.004789789816
118787	0.008211761357
118788	0.0006065154318
118789	0.001547498643
118790	0.01070693054
118791	0.00786954129
118792	0.01062984473
118793	0.002087744194
118794	0.008913063865
118795	0.0007973661236
118796	0.0005638468838
118797	0.004664927427
118798	0.0002790016034
118799	0.001976992169
118800	0.003188736731
118801	0.00464985959
118802	0.00858511895
118803	0.002557660985
118804	0.005369172772
118805	0.001923991737
118806	0.003032668371
118807	0.00706683755
118808	0.002248821253
118809	0.006664498725
118810	0.0004163860782
118811	0.0001051104468
118812	0.002991500592
118813	0.009191809947
118814	0.001015429965
118815	0.002927242123
118816	0.0001579263754
118817	0.002191951497
118818	0.004764457505
118819	0.004205170779
118820	0.003992017093
118821	0.01079097054
118822	0.008879846578
118823	0.003212413985
118824	0.01027077764
118825	0.0008491387921
118826	0.00738857554
118827	0.003115983818
118828	2.569580294e-06
118829	0.002325520417
118830	0.009336561993
118831	0.001850865925
118832	0.0004325515818
118833	0.0104896586
118834	7.551328534e-05
118835	0.001807155518
118836	0.00131000511
118837	0.0003357247992
118838	0.009725926632
118839	0.002365040343
118840	0.0009653435028
118841	0.003838325313
118842	0.003694419722
118843	0.00427027362
118844	0.000647610071
118845	0.00279298356
118846	0.005423393039
118847	0.001748463879
118848	0.008491303065
118849	0.002322069219
118850	0.0002428359245
118851	0.003827462898
118852	0.0006443722428
118853	0.01596113189
118854	0.0001320161218
118855	0.0132950682
118856	0.002484705523
118857	0.01316475244
118858	0.008297059324
118859	0.001428412785
118860	0.005518242807
118861	0.003616843099
118862	0.003447151271
118863	0.001060020012
118864	0.01064262409
118865	0.004835868655
118866	0.0009954273123
118867	0.01026429951
118868	0.0007814299269
118869	0.001500766969
118870	0.007232452958
118871	0.00133951485
118872	0.004229935465
118873	0.009296994044
118874	0.008930719439
118875	0.004313649132
118876	0.001106220886
118877	0.004121872318
118878	0.003545254008
118879	8.632530767e-05
118880	0.001155898669
118881	0.002932365913
118882	0.002659054025
118883	0.002066878048
118884	0.001707530473
118885	0.01108795826
118886	0.003999063704
118887	0.00567598596
118888	0.002131941228
118889	0.004241009248
118890	0.007516533174
118891	0.004851559537
118892	0.002162571893
118893	0.0001235654459
118894	0.002500387836
118895	0.005630032247
118896	0.007087999481
118897	0.0008321207123
118898	0.002376193965
118899	0.0100397542
118900	0.001194258646
118901	0.006979712622
118902	0.01094388372
118903	0.009033782478
118904	0.0001423863186
118905	0.008612363079
118906	0.003126078932
118907	0.0008747941676
118908	0.009276034405
118909	0.009215625424
118910	0.002429579664
118911	0.001203521967
118912	0.009026170885
118913	0.00348976304
118914	0.0002043379709
118915	0.000646638778
118916	0.000181864791
118917	0.006505915145
118918	0.006107296767
118919	0.002235304178
118920	0.00400156631
118921	0.006889393909
118922	0.003719167895
118923	0.003697319693
118924	0.001853624815
118925	0.0004570376912
118926	0.001068794206
118927	0.008613375606
118928	0.003602283667
118929	0.006680829211
118930	0.01318960365
118931	0.01224859846
118932	0.0008435649721
118933	0.01087897138
118934	0.001540903651
118935	0.009382198988
118936	0.00342933728
118937	0.0004237824713
118938	0.001309421124
118939	0.003012966984
118940	0.004308951431
118941	0.003007106826
118942	0.004043550133
118943	0.01237659907
118944	0.008304565013
118945	0.001448065619
118946	0.006123477908
118947	0.01086981002
118948	0.0006050350058
118949	0.000679818033
118950	0.003175675092
118951	0.01529851686
118952	0.004404486658
118953	0.001715667029
118954	0.00774174936
118955	0.00110675033
118956	0.01184396501
118957	0.001876271825
118958	0.00647835403
118959	0.002338929177
118960	0.008277180547
118961	0.004319108811
118962	0.0004543850244
118963	0.01070240884
118964	0.0007471677845
118965	0.01400184728
118966	0.01141414789
118967	0.007741882908
118968	0.0002878261428
118969	0.008199918338
118970	0.006238859112
118971	0.01390878774
118972	0.002968246543
118973	0.002114688687
118974	0.0006824699081
118975	0.002922698121
118976	0.001555446842
118977	0.007990430818
118978	0.002688082393
118979	0.0003559702073
118980	0.003282362814
118981	0.004871010709
118982	0.001124395614
118983	0.003493578444
118984	4.904125271e-05
118985	0.003966660799
118986	0.009922471277
118987	0.00208783079
118988	0.006339581828
118989	0.0002719489579
118990	0.005985353273
118991	0.003640207456
118992	0.004317549157
118993	0.002320380777
118994	0.001253991695
118995	0.001740951831
118996	0.006767882022
118997	0.003229032421
118998	0.01126468506
118999	0.005489754207
119000	0.007119522861
119001	0.01621057923
119002	0.008566753869
119003	0.0001794954192
119004	0.000310513747
119005	0.004673976021
119006	0.001678205866
119007	0.004356171644
119008	0.003594714474
119009	0.002458982413
119010	0.003805897141
119011	0.003007695473
119012	0.001155024999
119013	0.007809543539
119014	0.004294536103
119015	0.006359445911
119016	0.004077496525
119017	0.00124437234
119018	0.006652651143
119019	0.001573535564
119020	0.00465949619
119021	0.001096712383
119022	0.0031680754
119023	0.001424566417
119024	0.003666042801
119025	0.008846185556
119026	0.006883438074
119027	0.0006599959006
119028	0.004302461468
119029	0.002218110147
119030	0.004412260438
119031	0.00601007227
119032	0.003821714423
119033	0.0007906905809
119034	0.0017940157
119035	0.001699037999
119036	0.009439603123
119037	0.001856123043
119038	0.001574424999
119039	0.002477199116
119040	0.004311249873
119041	0.01038319699
119042	0.0007837464518
119043	0.005069820277
119044	0.004724047203
119045	0.001555677919
119046	0.003725545093
119047	0.004680019038
119048	0.001635686207
119049	0.01275428101
119050	0.003768490105
119051	0.00308828018
119052	0.003631808781
119053	0.005820353704
119054	0.001681131813
119055	0.002085722424
119056	0.009023189427
119057	0.003310216348
119058	0.00115564884
119059	0.00127338799
119060	0.00118937891
119061	0.00218606309
119062	0.008571025399
119063	0.0131594932
119064	0.003951485381
119065	0.004409012032
119066	0.002665603683
119067	0.006941977749
119068	0.006294322757
119069	0.003076271512
119070	0.01032653575
119071	0.006369800586
119072	0.0164021592
119073	0.003593753997
119074	0.007787437789
119075	0.009578161583
119076	0.003125089247
119077	0.008642246081
119078	0.004006522603
119079	6.949256082e-05
119080	0.002417412006
119081	0.005849387189
119082	0.00241219916
119083	0.001822194547
119084	0.001446312421
119085	0.007033578885
119086	0.01503025627
119087	0.004759306838
119088	0.002855227498
119089	0.002027849983
119090	0.001005734111
119091	0.001113643342
119092	0.0007962100328
119093	0.009625937457
119094	0.001085588746
119095	0.002398434379
119096	0.006728251893
119097	0.0001327355912
119098	0.009758198145
119099	0.004203595816
119100	7.21931963e-05
119101	0.01696958393
119102	0.0004109836521
119103	0.00391070018
119104	0.005466570345
119105	0.005668906561
119106	0.009752705383
119107	0.005053061544
119108	0.0009457520147
119109	0.001576183006
119110	0.008262985283
119111	0.003323469279
119112	0.005044401153
119113	0.001842441457
119114	0.004421796692
119115	0.008684088574
119116	0.005698219464
119117	0.005107548212
119118	0.001368072024
119119	0.00137773364
119120	7.969824485e-05
119121	9.328419369e-05
119122	0.01083726596
119123	0.01172390541
119124	0.002490199388
119125	0.002067640347
119126	0.01036564918
119127	0.001633630713
119128	8.338653571e-05
119129	0.0001042850135
119130	0.006836371271
119131	0.003537164283
119132	0.003200726731
119133	0.009288040333
119134	0.001711527497
119135	0.006214518553
119136	0.003630477519
119137	0.01317275212
119138	0.006562885767
119139	0.0003779325246
119140	0.008334665314
119141	0.002367955546
119142	0.006515405638
119143	0.003053984023
119144	0.007854828002
119145	0.01103994097
119146	0.003392983799
119147	0.0002081618015
119148	8.022390513e-05
119149	0.01077289746
119150	0.001190587527
119151	0.01094113327
119152	0.0003678846087
119153	0.002084759417
119154	0.005509682126
119155	0.001371847159
119156	0.007745942592
119157	0.003702147712
119158	0.01132020567
119159	0.0001453724266
119160	0.005450392398
119161	0.01007661568
119162	0.0005159446028
119163	0.005103072303
119164	0.006602750621
119165	0.005824653305
119166	0.004309664564
119167	0.0004823140236
119168	0.002147888243
119169	0.001165282631
119170	0.006084006946
119171	0.002254907401
119172	0.01707023799
119173	0.003098639775
119174	0.002101109883
119175	0.01728418173
119176	0.01732781556
119177	0.001664648779
119178	0.00847635823
119179	0.001207922901
119180	0.0005136875053
119181	0.004607049899
119182	0.01401307157
119183	0.001154477186
119184	0.005162698143
119185	0.009667674875
119186	0.001907387445
119187	0.001097837875
119188	0.01000378554
119189	0.01912488745
119190	0.0007697905327
119191	0.001514626118
119192	0.001000141717
119193	0.007139437511
119194	0.00502019807
119195	0.0003698749725
119196	0.005314777174
119197	0.005241293603
119198	0.002197586265
119199	0.001296745961
119200	0.01124932595
119201	0.005744491035
119202	0.002899386187
119203	0.001466077494
119204	0.0009889273165
119205	0.003447043868
119206	0.003379282742
119207	0.01057501855
119208	0.001857093346
119209	0.002059981722
119210	0.00874401884
119211	0.002821609443
119212	0.00125192269
119213	0.000185813951
119214	0.006926342863
119215	0.0005234661518
119216	0.001793385015
119217	0.004227722651
119218	0.008562915364
119219	0.0002992611401
119220	0.004583999623
119221	0.006543280944
119222	0.0003971859028
119223	0.005083509373
119224	0.001842393939
119225	0.001154277917
119226	3.746149796e-05
119227	0.0002159286718
119228	0.01326893674
119229	0.01099706991
119230	0.0002557805092
119231	0.002371429712
119232	0.003890920093
119233	0.001545081804
119234	0.001407586569
119235	0.00693699826
119236	0.01067274355
119237	0.001817242106
119238	0.001502648172
119239	6.447946887e-05
119240	0.008754436874
119241	0.009987527842
119242	0.00133028533
119243	0.001746215298
119244	0.004163753562
119245	0.005504792745
119246	0.004004851443
119247	0.01048346528
119248	0.002962619583
119249	0.003284421532
119250	0.007426956754
119251	0.002019754942
119252	0.01207477931
119253	0.004018245711
119254	0.005682936665
119255	0.009635695126
119256	0.005462131128
119257	0.000944375424
119258	0.0006092369798
119259	6.413641988e-06
119260	5.086722428e-05
119261	0.0001275157731
119262	0.006811365684
119263	0.005454072753
119264	0.01067374364
119265	0.01451264001
119266	0.01111223017
119267	0.0003803182066
119268	0.005216421613
119269	0.003421774798
119270	0.0006628105537
119271	0.0141236627
119272	0.001386688432
119273	0.006717123413
119274	0.0007410342003
119275	0.0008255749476
119276	0.01422052273
119277	0.007177907677
119278	0.001603917489
119279	0.002798168634
119280	0.006370368358
119281	0.0003899280807
119282	0.001682976617
119283	0.002206663255
119284	0.007034842026
119285	0.008749798058
119286	0.001343297734
119287	0.008031452468
119288	0.002443673042
119289	0.01314346253
119290	0.0005043211573
119291	0.001046949104
119292	0.0009630200471
119293	0.002824211128
119294	0.01026191651
119295	0.005368321933
119296	0.01118385954
119297	0.0002962200118
119298	0.003984741531
119299	0.001934631511
119300	0.001101710607
119301	0.005649315742
119302	0.000783736301
119303	0.001259561277
119304	0.001335302546
119305	0.01232187605
119306	0.0047882611
119307	9.630469601e-06
119308	0.003847887432
119309	0.001069626629
119310	0.009655076759
119311	0.007403123423
119312	0.003758335203
119313	0.0004066514984
119314	0.005438914569
119315	0.000261850239
119316	0.0113940561
119317	0.0006737035942
119318	0.007419364733
119319	0.0001621252375
119320	0.002434305277
119321	0.01064093241
119322	0.004003386567
119323	0.004139715414
119324	0.005016173729
119325	0.0025315649
119326	0.001335117443
119327	0.0004498649881
119328	0.003529308169
119329	0.004926028474
119330	0.003722378119
119331	0.001820676695
119332	0.004504263503
119333	0.004204079033
119334	0.001664048052
119335	0.01024586231
119336	0.001458227907
119337	0.002130858328
119338	0.003919931001
119339	0.0100533893
119340	0.00349628907
119341	0.003047382347
119342	0.002024849728
119343	0.005930963345
119344	0.02481390223
119345	0.007372333781
119346	0.0003480342278
119347	0.0002491072978
119348	0.002501227738
119349	0.003580045728
119350	0.004292113433
119351	0.001312224987
119352	0.002896754692
119353	0.000547840146
119354	0.0009616958696
119355	9.30229863e-05
119356	0.003538133246
119357	0.001127577146
119358	0.0008454191063
119359	0.001747350388
119360	0.004297184371
119361	0.002028156152
119362	0.01043176934
119363	0.00208789396
119364	0.004088423755
119365	0.001098840761
119366	0.0004308298017
119367	0.006843746206
119368	0.007778457617
119369	0.008061016096
119370	0.002997885873
119371	0.008573023219
119372	0.001014783443
119373	7.587505585e-05
119374	0.003176877225
119375	0.004960035811
119376	0.006078300315
119377	0.001038296776
119378	0.003027553334
119379	0.003073595163
119380	0.0008948863762
119381	0.001208913304
119382	0.006815188894
119383	0.0003306522937
119384	0.002739443568
119385	0.002513845301
119386	0.001411244505
119387	0.001448070204
119388	0.004829882886
119389	0.001870868218
119390	0.002201419309
119391	0.0006253805519
119392	0.002398638577
119393	0.0008406245859
119394	0.001210254782
119395	0.001806869703
119396	0.01335816887
119397	0.001495263499
119398	0.002819528445
119399	0.000463018266
119400	0.008411770538
119401	0.008893342263
119402	0.00221740108
119403	0.0003604304428
119404	0.004341304968
119405	0.001851997171
119406	0.003960909228
119407	0.001273887687
119408	0.006790750994
119409	0.001340669446
119410	0.0008711714573
119411	0.004353685839
119412	0.003563107634
119413	0.01437059528
119414	0.00443082195
119415	0.007951800499
119416	0.0005207853124
119417	0.003624522434
119418	0.007424003728
119419	9.179462896e-05
119420	0.009002782937
119421	0.006105767382
119422	0.0120534346
119423	0.001601824562
119424	0.000915485971
119425	0.005775322376
119426	0.009883492073
119427	0.003101076482
119428	0.03066588417
119429	0.009027422068
119430	0.001354132763
119431	0.004266964487
119432	0.0002212521648
119433	0.001839066987
119434	0.01569957893
119435	0.004022739754
119436	0.002195701486
119437	0.004398389607
119438	0.004635678374
119439	0.0009710372937
119440	0.00393626586
119441	0.01035779252
119442	0.006506649549
119443	0.004214066169
119444	0.003073269576
119445	0.0006341573018
119446	0.005758757574
119447	0.004686637308
119448	0.001370255263
119449	0.0002644717987
119450	0.003355498204
119451	0.00146571892
119452	0.001529631807
119453	0.0001312575816
119454	0.0008684687819
119455	0.002277484996
119456	0.003614077242
119457	0.001829730073
119458	0.003298686153
119459	0.001443436516
119460	0.001458981143
119461	0.001259262213
119462	0.001927121954
119463	0.0002377029966
119464	0.002082492075
119465	0.002212535399
119466	0.0001848536299
119467	0.007045607504
119468	0.007269081455
119469	0.002066936222
119470	0.001045037982
119471	0.005516911556
119472	0.0009285049788
119473	0.004463497598
119474	0.0002292711859
119475	0.004570119493
119476	0.0009183586841
119477	0.007959037922
119478	0.007394825289
119479	0.004045162484
119480	0.003999708521
119481	0.001232545563
119482	0.002782397058
119483	0.0110076817
119484	0.00267319186
119485	0.003018133896
119486	0.0004218455283
119487	0.004260467926
119488	0.01878724698
119489	0.0001710364589
119490	0.003299279895
119491	0.00101782415
119492	0.004271887291
119493	0.000829146364
119494	0.005934833612
119495	0.001801857375
119496	0.006797764702
119497	0.0004359776128
119498	0.004044752495
119499	0.00361707168
119500	0.00332356
119501	0.002604450624
119502	0.006821662205
119503	0.004133271631
119504	0.006556149627
119505	0.0004765171667
119506	0.0009669827369
119507	0.0006460692497
119508	0.01340276352
119509	0.005380292855
119510	0.01983812855
119511	0.001457868743
119512	0.0008850247938
119513	2.260097204e-06
119514	0.0003764116786
119515	0.003053124139
119516	0.008488317414
119517	0.002322492408
119518	0.008148480564
119519	0.006141489602
119520	0.008424889832
119521	0.001682695678
119522	0.006303430513
119523	0.004989606076
119524	0.006232940256
119525	0.001985243533
119526	0.009236436439
119527	0.01398773949
119528	0.002874286807
119529	0.0001384740794
119530	0.01197573744
119531	0.003977628906
119532	0.01406179889
119533	0.004643746609
119534	0.003321759811
119535	0.005371903961
119536	0.005626586367
119537	0.002033081832
119538	0.001109584562
119539	0.001286989749
119540	0.008179435867
119541	0.01103472494
119542	0.008082150431
119543	0.002553706122
119544	0.001942574262
119545	0.002397288116
119546	0.009673287487
119547	0.002046316055
119548	0.006240480781
119549	0.004335221065
119550	0.004782858855
119551	0.001007612035
119552	0.0009157316853
119553	0.002019351142
119554	0.01134782288
119555	0.00384578564
119556	0.001970699802
119557	0.02051207548
119558	0.01299882859
119559	0.003598456417
119560	0.0129202758
119561	0.008244503889
119562	0.00903980723
119563	0.007552099814
119564	0.002562495521
119565	0.009917431798
119566	0.0007588635643
119567	0.0081230188
119568	0.01407210955
119569	0.004745662076
119570	0.002056938119
119571	0.006536467425
119572	0.003240650549
119573	0.001579673221
119574	0.004519821926
119575	0.02505071526
119576	0.002512277604
119577	0.003274319769
119578	0.0008159808434
119579	0.01133527033
119580	0.001508336386
119581	0.01146520013
119582	0.01937584836
119583	0.004171967759
119584	0.002727411663
119585	0.008893496604
119586	0.003710699217
119587	0.005036072497
119588	0.002514740682
119589	0.006640795559
119590	0.006948603242
119591	0.002121734399
119592	0.008414266056
119593	0.005638542132
119594	0.002700370145
119595	0.003877726956
119596	0.00182928051
119597	0.006537672336
119598	0.002136963263
119599	0.01021288782
119600	0.007043444974
119601	0.003636386033
119602	0.00356030347
119603	0.0003955526121
119604	0.008378457621
119605	0.004285780728
119606	0.00818682891
119607	0.01466776979
119608	0.002562347084
119609	0.01394289693
119610	0.001194916968
119611	0.008992959466
119612	0.008950994506
119613	0.004106540255
119614	0.01050234506
119615	0.008041222706
119616	0.01785281742
119617	0.007482149325
119618	0.002756037076
119619	0.002782915452
119620	0.004978706505
119621	0.005254961037
119622	0.005046718299
119623	0.00750317429
119624	0.009900104783
119625	0.006984105378
119626	0.002789766674
119627	0.02079372042
119628	0.003801838295
119629	0.004362864624
119630	0.001247639362
119631	0.006651757953
119632	0.002029617891
119633	0.005369741577
119634	0.004860373996
119635	0.007292414873
119636	0.003769581575
119637	0.0003714433232
119638	0.007305998278
119639	0.001038670522
119640	0.004042166488
119641	0.002197309818
119642	0.01213601148
119643	0.00433999153
119644	0.00638679734
119645	0.0006124584728
119646	0.0004089811527
119647	0.007141622204
119648	0.0006812766739
119649	0.0005563641903
119650	0.009893576314
119651	0.007637978066
119652	0.004408566568
119653	0.005163207771
119654	0.0007528473856
119655	0.003154747939
119656	0.001213639594
119657	0.0006119341182
119658	0.0007966426449
119659	0.0004582397382
119660	0.001534860445
119661	0.001240454855
119662	3.361988428e-06
119663	0.001231662111
119664	0.0006136772943
119665	0.001076693951
119666	0.001531623538
119667	0.00107285855
119668	0.0004640915393
119669	0.001067004859
119670	0.0009114042631
119671	0.0001314595085
119672	0.0003246247916
119673	0.001532450657
119674	0.00153140509
119675	0.001393335278
119676	0.001073583502
119677	0.0006199550708
119678	0.000157716684
119679	0.0009158287403
119680	0.004010495555
119681	0.006313189417
119682	0.003252702418
119683	0.0003404352672
119684	0.001733862629
119685	0.004819154389
119686	0.003980710002
119687	0.002994357691
119688	0.00773713526
119689	0.001189652861
119690	0.00244640726
119691	0.005767253498
119692	0.003565919923
119693	0.004175545439
119694	0.002786986897
119695	0.00556898665
119696	0.002904558507
119697	0.01026584239
119698	0.001521894997
119699	0.01322051707
119700	0.009522992577
119701	0.004585693831
119702	0.001076835477
119703	0.0006332380158
119704	0.0002244352913
119705	0.001519059082
119706	0.002962352224
119707	0.000894807073
119708	0.001837990091
119709	0.001483577135
119710	0.001561752346
119711	0.001366259953
119712	0.00116725729
119713	0.001444387048
119714	0.00062070168
119715	0.0003090105015
119716	0.0002378540824
119717	0.00147514979
119718	0.001214020756
119719	0.002086146476
119720	0.001335004791
119721	0.001451754132
119722	0.0002887866667
119723	0.001804020426
119724	0.001113273527
119725	0.001749215855
119726	0.000735962024
119727	0.001890701167
119728	0.002591211184
119729	0.00132482629
119730	0.00104518331
119731	0.003231112788
119732	0.0004963371783
119733	0.001567258223
119734	0.000844222151
119735	0.0009305105491
119736	0.001408671584
119737	0.0005629616616
119738	0.001856722471
119739	0.002982215759
119740	0.004231212318
119741	0.001965586334
119742	0.0006129109746
119743	0.001455359922
119744	0.001703734321
119745	0.00196393662
119746	0.0008406062546
119747	0.0006755801816
119748	0.00113938336
119749	0.000952815065
119750	0.0003362508219
119751	0.0007693096338
119752	0.001116634973
119753	0.001601181098
119754	0.009695450206
119755	0.0009241058919
119756	0.001795065164
119757	0.001761996932
119758	0.001141184841
119759	0.002975487728
119760	0.001455766561
119761	0.002661445666
119762	0.001227085562
119763	0.0001095861081
119764	6.69113386e-05
119765	0.0007394199864
119766	0.0002229328337
119767	0.001472443507
119768	0.001398773856
119769	0.0007500400816
119770	0.001172438526
119771	0.0007068782187
119772	0.0006604094201
119773	0.002013675182
119774	0.0022063608
119775	0.002832837806
119776	0.001971919856
119777	4.521282139e-06
119778	0.001273043177
119779	0.001774449195
119780	0.001138110083
119781	0.001717485421
119782	0.002263883896
119783	0.002806303959
119784	0.0007077805741
119785	0.003039300044
119786	0.001534808076
119787	0.01996678707
119788	0.006330384438
119789	0.01164703485
119790	0.003775375609
119791	0.002722942078
119792	0.005343103061
119793	0.0002907761033
119794	0.006862270589
119795	0.001653715902
119796	0.001441585593
119797	0.003199890022
119798	0.007830973808
119799	0.003366389706
119800	0.0003243785544
119801	0.002292887005
119802	0.006938281933
119803	0.005363373687
119804	0.008212382233
119805	0.01510660096
119806	7.933427229e-05
119807	0.003999933595
119808	0.001972471943
119809	0.0004995972685
119810	0.004971230899
119811	0.001241304729
119812	0.000528325303
119813	0.005883104325
119814	0.01556730366
119815	0.006199865289
119816	0.003549230303
119817	0.002594962338
119818	0.002279599686
119819	0.009721753828
119820	0.0008075888865
119821	5.489296845e-05
119822	0.007715174332
119823	0.001502817342
119824	0.007171165338
119825	0.004774857754
119826	0.003613376413
119827	0.007380473152
119828	0.001284590495
119829	0.003069573478
119830	0.001504869804
119831	0.001022058837
119832	0.004044448898
119833	0.005628602664
119834	0.00470358007
119835	0.001177903917
119836	0.001989386808
119837	0.01261036011
119838	0.01316912734
119839	0.004957764101
119840	0.001238932169
119841	0.004435107328
119842	0.0006768794492
119843	3.800251885e-05
119844	0.001977814779
119845	0.003828621602
119846	0.004905677448
119847	0.0003206298045
119848	0.001109305512
119849	0.005607240083
119850	0.004080274387
119851	0.001705012499
119852	0.009358175886
119853	0.006483676871
119854	0.0004782037299
119855	0.005366642271
119856	0.007587331831
119857	0.004583684493
119858	0.0009943987571
119859	0.002742194444
119860	0.01015606761
119861	0.0009508898396
119862	0.00577851728
119863	0.00509247834
119864	0.002185298582
119865	0.01019896255
119866	0.001938940453
119867	0.004008009725
119868	0.005179956284
119869	0.001243297073
119870	0.008305976636
119871	0.003331870207
119872	0.001912295339
119873	0.001741813685
119874	0.01890554877
119875	0.01247933743
119876	0.0007431718202
119877	0.003546219702
119878	0.008222166841
119879	0.004629203164
119880	0.004400598961
119881	0.01622386679
119882	0.009120747866
119883	0.002151384516
119884	0.00499448976
119885	0.001303614771
119886	0.004498736051
119887	0.00159754886
119888	0.003558518286
119889	0.002395358021
119890	0.009510663863
119891	0.001969549679
119892	0.0002211861876
119893	0.0005496022097
119894	0.001493309036
119895	0.0005200274049
119896	0.0006753215503
119897	0.0008344271347
119898	0.0001056334618
119899	0.0006738727304
119900	0.0002573450566
119901	0.0003071017204
119902	0.0006702648493
119903	0.0004555432545
119904	0.0002959456442
119905	4.947115909e-06
119906	0.0006852610765
119907	2.034700965e-07
119908	0.0004185895216
119909	0.0003131753223
119910	0.003169071985
119911	0.002363760228
119912	0.001491035331
119913	0.0002706047757
119914	0.001840177441
119915	0.00174423053
119916	0.001825732901
119917	0.001114791985
119918	0.00112120942
119919	0.001907326438
119920	0.0004970713396
119921	0.002386336389
119922	0.0009176852349
119923	0.001764249838
119924	0.001216069756
119925	0.002726100389
119926	0.002787235507
119927	0.0005006951295
119928	0.001573327322
119929	0.001019783569
119930	0.0009461375561
119931	0.0001419097996
119932	0.00103007114
119933	0.000412564503
119934	0.002016194861
119935	0.0008787664208
119936	0.00209575953
119937	0.0005325299517
119938	0.003511334813
119939	0.001715551492
119940	0.0009649810985
119941	0.001144615404
119942	0.0004973880627
119943	3.403145768e-05
119944	1.262851072e-05
119945	1.596254447e-05
119946	2.958868496e-05
119947	1.375010274e-05
119948	2.078045172e-05
119949	2.910416223e-06
119950	8.534970817e-06
119951	6.893385594e-06
119952	2.236455045e-05
119953	2.478074088e-05
119954	1.63574312e-05
119955	2.860991594e-05
119956	4.759257346e-06
119957	2.145600159e-05
119958	1.816771474e-05
119959	1.601489781e-05
119960	1.8148133e-05
119961	1.597140512e-05
119962	2.697048941e-05
119963	2.400259991e-05
119964	7.189639975e-06
119965	2.522392099e-05
119966	2.639515556e-05
119967	1.255534703e-05
119968	1.968418358e-05
119969	2.78999904e-05
119970	1.821784035e-06
119971	1.708930274e-05
119972	8.212578963e-06
119973	2.60560828e-05
119974	1.856304136e-05
119975	2.995339819e-05
119976	0.0007623199304
119977	0.002344925053
119978	0.003937731899
119979	0.001356401987
119980	0.001130711261
119981	0.0007315201433
119982	0.002344207569
119983	0.001811353815
119984	7.049248e-07
119985	0.00104427438
119986	0.0003062216094
119987	0.002344772165
119988	0.00164783302
119989	0.001459491375
119990	3.90287524e-06
119991	0.001995749234
119992	0.001657495486
119993	0.002001565144
119994	0.002186810022
119995	0.001426068759
119996	0.00215733505
119997	0.001457193558
119998	0.0004683584899
119999	0.001034813243
120000	0.002299118203
120001	0.003831779581
120002	0.000540541042
120003	0.0003453669448
120004	0.0006579545256
120005	0.00309498951
120006	0.00172260129
120007	8.892999977e-05
120008	0.003288710406
120009	0.001261303595
120010	0.003155279569
120011	0.002093005395
120012	0.000544464848
120013	8.058236254e-05
120014	0.0010587446
120015	0.002667407436
120016	0.001323259574
120017	8.52741977e-05
120018	0.002757654698
120019	0.003385515063
120020	0.002105204726
120021	0.0003997494424
120022	0.004379173128
120023	3.064744826e-05
120024	0.004223241988
120025	0.001801854516
120026	0.002483875111
120027	0.002113035693
120028	0.00146602578
120029	0.002526430254
120030	0.004526502602
120031	0.0005392623106
120032	0.00109570337
120033	0.004524637875
120034	0.0001088842115
120035	0.004208307062
120036	0.003532173855
120037	0.0007919269694
120038	0.004397067594
120039	0.002370383526
120040	0.004177283692
120041	0.0005325548043
120042	0.002846625284
120043	0.004225291243
120044	0.003404447951
120045	0.003544030152
120046	9.733494106e-07
120047	0.003844033681
120048	0.004371759422
120049	0.003691987605
120050	3.250042624e-05
120051	0.002684225224
120052	0.003836630383
120053	0.003376081151
120054	0.001122315332
120055	0.007551764402
120056	9.976821373e-07
120057	0.001106129743
120058	0.001686718269
120059	0.0001063568435
120060	0.002723578538
120061	0.003801437938
120062	0.002810436696
120063	0.0001127810153
120064	0.001337148837
120065	0.0002254835723
120066	0.001646063586
120067	0.004050945958
120068	0.0007764409136
120069	0.0006527016226
120070	0.002713726573
120071	0.002420189643
120072	0.001457336251
120073	0.003422854675
120074	0.002270360707
120075	0.0004726504532
120076	0.001002313112
120077	0.001782447328
120078	0.00225799752
120079	0.001199668061
120080	0.002423120356
120081	0.001388242128
120082	0.003465357794
120083	0.003390837778
120084	0.003618882168
120085	0.0002648760113
120086	0.0001549246434
120087	0.001918583178
120088	0.002217417088
120089	0.004035102501
120090	0.003459998593
120091	0.00117992719
120092	0.002153389666
120093	0.0004274517824
120094	0.000535170962
120095	0.00206729547
120096	0.002202927757
120097	0.0006890206555
120098	0.0001475959622
120099	0.0008567068121
120100	0.00241326358
120101	0.0007270418986
120102	0.0004463448096
120103	0.005150751625
120104	0.003469472179
120105	0.0001497915889
120106	0.001462569294
120107	0.001641379489
120108	0.0001008261401
120109	0.003259361957
120110	0.0006428514373
120111	0.0004706286822
120112	0.0003659389429
120113	0.0028426967
120114	0.0008821024179
120115	0.001533852625
120116	0.0005350742684
120117	0.005148674059
120118	0.001817424039
120119	0.000863795643
120120	0.002134134593
120121	0.002968155907
120122	0.0007547509731
120123	0.007328807672
120124	0.005853444621
120125	0.004557400762
120126	0.0005719573206
120127	0.0006950239083
120128	0.002826942966
120129	0.002187187428
120130	0.002724070692
120131	0.006876865311
120132	0.002069255987
120133	0.004987192653
120134	0.003931636212
120135	0.004251773593
120136	0.002177257072
120137	0.007283643403
120138	0.005448424589
120139	0.007124191345
120140	0.0009717493833
120141	0.003038586569
120142	5.798563404e-05
120143	0.004353109957
120144	0.01071430968
120145	0.0003226873117
120146	0.006399048898
120147	0.004924950952
120148	0.0045074501
120149	0.001210154892
120150	0.0003179604305
120151	0.0009636887908
120152	0.005302879299
120153	0.002769310738
120154	0.0007500698095
120155	0.005164037359
120156	0.008760498886
120157	0.001338325157
120158	0.003187637495
120159	0.0006513008241
120160	0.002855482651
120161	0.0008150227194
120162	0.00227364667
120163	0.007609865801
120164	0.001795922468
120165	0.001862846498
120166	0.004361195288
120167	0.002811088797
120168	0.004287651653
120169	0.005419501527
120170	0.01139226593
120171	0.00211560569
120172	0.002662547422
120173	0.007500944157
120174	0.01172429428
120175	0.0005773225257
120176	0.00464818714
120177	0.001571211943
120178	0.00741813084
120179	0.004716196969
120180	0.001479819668
120181	0.0002661066051
120182	0.001503490447
120183	0.002201983578
120184	0.001715709236
120185	0.004202548475
120186	0.0006044716283
120187	0.003647596656
120188	0.006769536773
120189	0.001314530609
120190	0.005188237686
120191	0.001914034643
120192	5.418816138e-05
120193	0.00268725891
120194	0.001262964931
120195	0.001994473353
120196	0.00450017516
120197	0.000938548966
120198	0.003561908617
120199	0.001288603404
120200	0.0007286157565
120201	0.0001600334181
120202	0.000312088584
120203	0.008810236263
120204	0.001151758106
120205	0.003013653821
120206	0.01320726725
120207	0.001508593378
120208	0.007685145326
120209	0.000325367279
120210	0.008941360909
120211	0.01111794807
120212	0.01096484561
120213	0.0204821632
120214	0.0007667293412
120215	0.007968848257
120216	0.003598278966
120217	2.026551337e-05
120218	0.002469721456
120219	0.003505181665
120220	0.004686314405
120221	0.008432142738
120222	0.0081247608
120223	0.00876350737
120224	0.003362642284
120225	0.002736883647
120226	0.001276141135
120227	2.728945108e-05
120228	0.002046675342
120229	0.003429224146
120230	0.0008403151647
120231	0.004447141833
120232	0.004468981917
120233	0.006130814061
120234	0.00258926373
120235	0.003560342894
120236	0.001394232197
120237	0.002065486661
120238	0.003822333932
120239	0.0003624692718
120240	0.005612237583
120241	0.0005595120437
120242	0.005609098104
120243	0.00354002591
120244	0.001324927429
120245	7.700806089e-05
120246	0.006784642443
120247	0.001686799084
120248	0.01352478411
120249	0.001223732909
120250	0.00436479037
120251	0.01732978241
120252	0.001496342436
120253	0.003668013992
120254	0.004534898047
120255	0.001381244525
120256	0.0005038297131
120257	0.00201193317
120258	0.004550692653
120259	0.0007110303245
120260	0.000603111925
120261	0.002902061
120262	0.000304226583
120263	0.00893588376
120264	0.004303002078
120265	0.003456601608
120266	0.003653913448
120267	0.002727729242
120268	0.0081443889
120269	0.006791234131
120270	0.002624937803
120271	0.002979103042
120272	0.000582656063
120273	0.001396824166
120274	0.008267580156
120275	0.0003579823189
120276	0.004097664577
120277	0.005199302403
120278	0.002221090626
120279	0.003815744633
120280	0.001020237487
120281	0.0053715955
120282	0.0003889802806
120283	0.003556772157
120284	0.006893577259
120285	0.002386775336
120286	0.001753032305
120287	0.0008780089864
120288	0.007630053192
120289	0.002302479857
120290	0.01151415061
120291	0.0007623822947
120292	0.00615508835
120293	0.002722096453
120294	0.001302458966
120295	0.007564750013
120296	0.003579501538
120297	0.002376829983
120298	0.001113619589
120299	0.009852028157
120300	0.002051280148
120301	0.0005470851025
120302	0.001116231751
120303	0.0006210236249
120304	0.0006888897273
120305	0.001637699414
120306	0.002277643796
120307	0.0014518345
120308	0.0009861920801
120309	0.0006452469973
120310	0.0001188595067
120311	0.0005132038773
120312	0.003364669461
120313	0.0008819726572
120314	4.179409325e-05
120315	0.001985504903
120316	0.002402655122
120317	0.001404659328
120318	0.004190339401
120319	0.0007886359734
120320	0.004362564395
120321	0.006316643555
120322	0.00142594657
120323	0.01690676194
120324	0.001289460248
120325	0.00791169312
120326	0.003128849899
120327	0.0100307319
120328	0.003963581565
120329	0.01587098485
120330	0.004583272159
120331	0.01328623286
120332	0.008662637355
120333	0.003869141762
120334	0.001980042832
120335	0.001919590184
120336	0.00719943015
120337	0.0001086060403
120338	0.00698662923
120339	0.008083500131
120340	0.01019138118
120341	0.003650162105
120342	0.004678564553
120343	0.008652837977
120344	0.002396108752
120345	0.008098285158
120346	0.005873141305
120347	0.008298773406
120348	0.00377104334
120349	0.0005122523444
120350	0.01137946058
120351	0.01243733592
120352	0.02011059335
120353	0.0003080581829
120354	0.00063252689
120355	0.00858461486
120356	0.009608197922
120357	0.006645437546
120358	0.01172660966
120359	0.02037824111
120360	0.004430892724
120361	0.002992847257
120362	0.009463085363
120363	0.000614001152
120364	0.0005526674574
120365	0.001043661042
120366	0.001260345987
120367	9.912054285e-05
120368	0.003468192193
120369	0.005011847865
120370	0.006279155255
120371	0.005400641204
120372	0.001781162865
120373	0.00996857916
120374	0.01158390353
120375	0.000467886297
120376	0.02005941505
120377	0.01562792627
120378	0.004698846297
120379	2.258473335e-06
120380	0.003578967066
120381	0.00285947371
120382	0.0004345148403
120383	0.001523841284
120384	0.005816831983
120385	0.0003290515591
120386	0.00569842727
120387	0.008001323235
120388	0.009578096178
120389	0.01426083874
120390	0.004605255678
120391	0.001284112022
120392	0.001199887896
120393	0.003116508041
120394	0.00541374416
120395	0.002536620669
120396	0.003338439993
120397	0.009441064062
120398	0.001136565375
120399	0.00232068609
120400	0.005360936401
120401	0.005189150121
120402	0.01176299495
120403	0.003308620061
120404	0.003266376435
120405	0.0005580609471
120406	0.000644846947
120407	0.001974338573
120408	0.01368804092
120409	0.003249611921
120410	0.01302873872
120411	0.009798697015
120412	0.008963437488
120413	0.0009895019632
120414	0.006054345321
120415	0.002244242627
120416	0.002978016835
120417	0.0305204198
120418	0.005665536101
120419	0.001675220359
120420	0.02070354076
120421	0.004870716244
120422	0.01066135462
120423	0.01613274931
120424	0.01297866236
120425	0.008102223802
120426	0.0004011460139
120427	0.00329683908
120428	0.00644835743
120429	0.001739416081
120430	0.006297729755
120431	0.005093196261
120432	6.738448702e-06
120433	0.0006593317799
120434	0.00683857287
120435	0.0005545155404
120436	0.009127887385
120437	0.01351224956
120438	0.0005484563992
120439	0.001507106064
120440	0.002333388811
120441	0.002748576222
120442	0.009050016894
120443	0.006003625683
120444	0.0020736567
120445	0.009598492996
120446	0.002502146416
120447	0.00311506902
120448	0.01075009003
120449	0.003888162919
120450	0.02547209608
120451	0.0009468867137
120452	0.001653915808
120453	0.006319495183
120454	0.00133434299
120455	0.005101640531
120456	0.0004542097561
120457	0.002769354458
120458	0.002777236283
120459	0.01515461453
120460	0.008265062654
120461	0.007297745846
120462	0.009114870515
120463	0.00291330631
120464	0.002400733132
120465	0.006492194649
120466	0.0005670878078
120467	0.01504577185
120468	0.0150100817
120469	0.01415536126
120470	0.0003964137788
120471	0.006759216866
120472	0.001725110177
120473	0.01321973475
120474	0.002941024717
120475	0.0009916864035
120476	0.004572579458
120477	0.01097074244
120478	0.006424739803
120479	0.001927496418
120480	0.003454068785
120481	0.01636237112
120482	0.005514406388
120483	0.002624359023
120484	0.004476576744
120485	0.004738206196
120486	0.0008191032503
120487	0.007867995089
120488	0.01045535678
120489	0.006753793702
120490	0.001387241967
120491	0.003905577583
120492	0.01020455094
120493	0.0002630684567
120494	0.004198310958
120495	0.004793459593
120496	0.009322062566
120497	0.01346700983
120498	0.004958652538
120499	0.01471893852
120500	0.001117590066
120501	0.00138130856
120502	0.00522839331
120503	0.005645785548
120504	0.01812560011
120505	0.00154580797
120506	0.01043027756
120507	0.004160510965
120508	0.004196671143
120509	0.01016141607
120510	0.0103367152
120511	0.007354773999
120512	0.003375951971
120513	0.006224355206
120514	0.002654126532
120515	0.0006296927184
120516	0.008824994295
120517	0.004370214452
120518	0.01410901439
120519	0.002147624399
120520	0.007176621125
120521	0.0005314676502
120522	0.009127667791
120523	0.00249231572
120524	0.0009464293739
120525	0.00578590877
120526	0.008949663778
120527	0.009457289544
120528	0.00798253837
120529	0.007864544787
120530	0.007164663725
120531	0.0004300956624
120532	0.003248132339
120533	0.0007049681912
120534	0.001215562335
120535	0.002254004942
120536	0.006455782539
120537	0.007855156306
120538	0.004611874562
120539	0.001395478422
120540	0.002791888038
120541	0.0007160623767
120542	0.01798295894
120543	0.004685928036
120544	0.000397978911
120545	0.001565814343
120546	0.0003199206319
120547	0.00322878367
120548	0.001152008259
120549	0.009620995116
120550	0.001121814233
120551	0.0006485020418
120552	0.01119718638
120553	0.009763283962
120554	0.00504206093
120555	0.001249298341
120556	0.0006946145442
120557	6.855611905e-06
120558	0.0005670477411
120559	0.003446099984
120560	0.0009932103436
120561	0.001690838312
120562	0.001063221283
120563	0.009648603593
120564	0.003501905261
120565	0.0002535703298
120566	0.007351761787
120567	0.0009329992153
120568	0.0149826258
120569	0.003620859746
120570	0.007804567587
120571	0.008647359384
120572	0.0009221077634
120573	0.005466084388
120574	0.008774395022
120575	0.00448531083
120576	0.0002319471646
120577	0.008417630725
120578	0.003592600008
120579	0.007127515866
120580	0.0007311584862
120581	0.007264945459
120582	0.005056045953
120583	0.01117047564
120584	0.001850052477
120585	0.01419824858
120586	0.007468888178
120587	0.007065337943
120588	0.004925191136
120589	0.0004644883985
120590	0.001243541905
120591	0.001553620669
120592	0.001860818453
120593	0.0007752307503
120594	0.000927952545
120595	0.0007696942559
120596	0.0004694820167
120597	0.0007742204076
120598	0.001550356432
120599	0.002924771111
120600	0.001578925469
120601	0.003207290244
120602	0.004909006738
120603	0.00510309736
120604	0.0003515113912
120605	0.001350304995
120606	0.002118167419
120607	0.004648610017
120608	0.002191520387
120609	0.003973396554
120610	0.00399368638
120611	0.002944544453
120612	0.001070670303
120613	0.001891000125
120614	0.001445309712
120615	0.00545050603
120616	0.004308779085
120617	0.01092625975
120618	0.002488297085
120619	0.003397721036
120620	0.001283675914
120621	0.006958576819
120622	0.002731168489
120623	0.005817762688
120624	0.009773243203
120625	0.009456923538
120626	0.004774203251
120627	0.005628119957
120628	0.002097678769
120629	0.01232199345
120630	0.003374187571
120631	0.005439867133
120632	0.01248618806
120633	0.01739328055
120634	0.007011539692
120635	0.005392223322
120636	0.0001875126357
120637	0.001392042148
120638	0.00192705515
120639	0.0003227685548
120640	0.002520055051
120641	0.006398715339
120642	0.002951391599
120643	0.007888818079
120644	0.0008903066418
120645	0.001542861375
120646	0.002853922244
120647	0.0016498852
120648	0.0111993163
120649	0.003793800361
120650	0.01271052641
120651	0.001747102025
120652	0.00236562092
120653	0.01193905368
120654	0.01372067143
120655	0.003887689074
120656	0.007386138508
120657	0.002183551245
120658	0.001824634147
120659	0.0142212413
120660	0.005726819013
120661	0.009876648913
120662	0.00389850689
120663	0.002607583721
120664	0.005641585737
120665	0.007315456068
120666	0.003248404848
120667	2.795747128e-06
120668	0.006662539701
120669	0.007306729832
120670	0.001015083976
120671	0.005106318808
120672	0.002893021655
120673	0.001684601353
120674	0.00620340521
120675	0.001563914186
120676	0.001839493118
120677	0.004049756032
120678	0.00656433767
120679	0.00174973284
120680	0.0163993766
120681	0.01067401999
120682	0.01378752794
120683	0.0007104069164
120684	0.004308162865
120685	0.0005516235434
120686	0.002311307215
120687	0.004315923426
120688	0.00678517892
120689	0.009861478917
120690	0.008730790018
120691	0.005115333871
120692	0.001941799066
120693	0.009226834063
120694	0.01507194619
120695	0.00602904281
120696	0.005175686463
120697	0.007996007976
120698	0.003432518448
120699	0.006042271286
120700	0.00387501091
120701	0.000872943571
120702	0.0006902934546
120703	0.003229316243
120704	0.007704812255
120705	0.001998525232
120706	0.006429690636
120707	0.004157153649
120708	0.006042305318
120709	0.01256251115
120710	0.002737915178
120711	0.006012766565
120712	0.004209950482
120713	0.01558809369
120714	0.0009801775621
120715	0.02124169829
120716	0.01304946882
120717	0.001392253549
120718	0.004226373333
120719	0.006487742244
120720	0.01529305261
120721	0.006428106269
120722	0.004381233439
120723	0.002707573931
120724	0.001513256572
120725	4.725681635e-05
120726	0.0003493756003
120727	0.000842931293
120728	0.0107087831
120729	0.01212745206
120730	0.00170333467
120731	0.004785437238
120732	0.001945811448
120733	0.005448618696
120734	0.0003951290526
120735	0.001482298882
120736	0.006554094174
120737	0.00181008242
120738	0.0009828718587
120739	0.003136838779
120740	0.0004216402226
120741	0.005181805755
120742	0.002765389299
120743	0.0008339139732
120744	0.0002467557948
120745	0.00388008696
120746	0.007266327746
120747	0.01194384117
120748	0.001533328618
120749	0.007145892213
120750	0.0009544423081
120751	0.0003765833177
120752	0.002741124652
120753	0.005011844278
120754	0.0005358529196
120755	0.007793535685
120756	0.0006024548876
120757	0.0068793013
120758	0.0008301264892
120759	0.002567080242
120760	0.0001637782071
120761	0.00922748778
120762	0.009092414702
120763	0.009763449654
120764	5.482023475e-05
120765	0.002856118314
120766	0.00278621628
120767	0.001817442614
120768	0.0002023218971
120769	0.001480244802
120770	0.005494468664
120771	0.01324899888
120772	0.0009410803129
120773	0.0012070003
120774	0.00633316938
120775	0.0007964439327
120776	0.006421649399
120777	0.0003704665197
120778	0.007336177819
120779	0.006504742637
120780	0.004037220416
120781	0.005708372106
120782	0.002174018063
120783	0.0006018325175
120784	0.003439173227
120785	0.002600608767
120786	0.004466852936
120787	0.0004419025885
120788	0.004491956899
120789	4.484767491e-05
120790	0.0004161856785
120791	0.004319063415
120792	0.002255417274
120793	0.01259981815
120794	0.01015172782
120795	0.01263719475
120796	0.004557729464
120797	0.01189354921
120798	0.01183541134
120799	0.001626447689
120800	0.004083640947
120801	0.0006850106957
120802	0.003910925979
120803	0.0004993594545
120804	0.002440696544
120805	0.005642215577
120806	0.001261728879
120807	0.003395160844
120808	0.001752061337
120809	0.007533371522
120810	0.002703800905
120811	0.003857635971
120812	0.007878027563
120813	0.01248193433
120814	0.001241496968
120815	0.006206346425
120816	0.01109415202
120817	0.009368176833
120818	0.01700511978
120819	0.0005576220318
120820	0.004460211384
120821	0.0009405180622
120822	0.00104391176
120823	0.000590298452
120824	0.0003773889351
120825	0.004038457348
120826	0.001424495573
120827	0.0156387114
120828	0.0004995399566
120829	0.0003278699783
120830	0.005841297701
120831	0.005678806436
120832	0.001198430194
120833	0.001231319469
120834	0.005781791855
120835	0.0001832181361
120836	0.01845695268
120837	0.001802869227
120838	0.01220999644
120839	0.003587795155
120840	0.00966749955
120841	0.002174125907
120842	0.004256374466
120843	0.0006679940057
120844	0.003353991049
120845	0.01046105353
120846	0.001768702122
120847	0.0006033125598
120848	0.004412527094
120849	0.001791677787
120850	0.0006910406381
120851	0.00347404129
120852	0.00252526533
120853	0.002091060522
120854	0.0002670702196
120855	0.002416861644
120856	0.005550465642
120857	0.003698151021
120858	0.001178731907
120859	0.004894488534
120860	0.007319183602
120861	0.0002549098601
120862	0.0009935352266
120863	0.007508964065
120864	0.003062473474
120865	0.006308832065
120866	0.01003891491
120867	0.002614224336
120868	0.001413696405
120869	0.003621805522
120870	0.0115885924
120871	0.01114345822
120872	0.00163459069
120873	0.007675214769
120874	0.00493629221
120875	0.0001712395883
120876	0.0009550597561
120877	0.0004914354935
120878	0.006339441963
120879	0.005236770975
120880	0.004631428052
120881	0.005316048699
120882	0.004176613382
120883	0.002563739261
120884	0.002514467936
120885	0.0001269981272
120886	0.006413489659
120887	0.01390653728
120888	0.008160640147
120889	0.0007365713564
120890	0.008302979583
120891	0.0007263859902
120892	0.004422970281
120893	0.001913161537
120894	0.003481512524
120895	0.005716551447
120896	0.0001515957042
120897	0.001173233977
120898	0.0005963631945
120899	0.0006620230099
120900	0.001679044673
120901	0.002512760302
120902	0.00148594367
120903	0.003369580481
120904	0.007173685978
120905	0.003427663839
120906	0.0002551403432
120907	0.003700873958
120908	0.0002287800966
120909	0.01366970193
120910	0.01223621029
120911	0.00585004227
120912	0.0008037187296
120913	0.001097819507
120914	0.002240168652
120915	0.008060123578
120916	0.0008589612449
120917	0.0002891336119
120918	0.0002944191255
120919	0.0007076629712
120920	0.005634801515
120921	0.001608570502
120922	0.006822229622
120923	0.0009402873719
120924	0.001749250149
120925	0.0007585094742
120926	0.0006603598333
120927	0.0005740219129
120928	0.01479838147
120929	0.005071112469
120930	0.008599386296
120931	0.004899695109
120932	0.01694472207
120933	0.004455329409
120934	0.002437917767
120935	0.004639569079
120936	0.000781622321
120937	0.003852663193
120938	0.00667261702
120939	0.0007152532436
120940	0.0005339125158
120941	0.005325054867
120942	0.005838622995
120943	0.003034294788
120944	0.000647933783
120945	0.01111730128
120946	0.006189815549
120947	0.00522131564
120948	0.006108562551
120949	0.009039890552
120950	0.006525943851
120951	0.00188983208
120952	0.0009050852046
120953	0.006210715718
120954	0.004340819555
120955	0.008188141292
120956	0.004060319644
120957	2.029754086e-05
120958	0.000887928315
120959	0.003009172921
120960	0.003259936814
120961	0.001704380138
120962	0.0008771806787
120963	0.007339083686
120964	0.005186375485
120965	0.0002053505292
120966	0.001983633124
120967	0.0004657539215
120968	0.003340409732
120969	0.00159696121
120970	0.002148759736
120971	0.0004525302732
120972	0.0007659980774
120973	0.002082938807
120974	0.0006160364462
120975	0.008087487797
120976	0.0003412757481
120977	0.004314731981
120978	0.00158806642
120979	0.004884994698
120980	0.003873960721
120981	0.002540558945
120982	0.002000453619
120983	0.004978226535
120984	0.00380637009
120985	0.004731842726
120986	0.002003209484
120987	0.005943462966
120988	0.002075310462
120989	0.0009375607561
120990	0.002286513706
120991	0.001838986853
120992	0.008638588917
120993	0.004234012222
120994	0.000560551246
120995	0.002878555064
120996	0.004177346593
120997	0.003763300873
120998	0.003994743556
120999	0.001043833566
121000	0.003700017807
121001	0.001833027218
121002	0.001797183574
121003	0.004582649777
121004	0.009634783415
121005	0.00018721308
121006	5.44215877e-05
121007	0.007520559393
121008	0.01027054456
121009	0.004594145188
121010	0.006039851617
121011	0.005625226935
121012	0.005321692006
121013	0.004876215244
121014	0.007550458677
121015	0.01417195442
121016	0.001869592012
121017	0.001147503865
121018	0.001971951146
121019	0.005923820523
121020	0.004630354964
121021	0.005656849699
121022	0.001883364056
121023	0.004045672554
121024	0.002186291981
121025	0.005348325371
121026	0.01272940628
121027	0.0006661735092
121028	0.009863326934
121029	0.003637631533
121030	0.003149180224
121031	0.001290415525
121032	0.00308319943
121033	0.001499535439
121034	0.01343367131
121035	0.0003842651796
121036	0.001934632344
121037	0.002003044721
121038	0.004024220957
121039	0.005015621979
121040	0.002275810337
121041	0.002353186035
121042	0.002415523331
121043	0.002131416608
121044	0.001239055929
121045	0.005186190956
121046	0.000805612789
121047	0.0009108535621
121048	0.009424775623
121049	0.001566731797
121050	0.003444957953
121051	0.002303634319
121052	0.002473353155
121053	0.001018822398
121054	0.0007158475112
121055	0.001239693827
121056	0.002824651729
121057	0.003353056845
121058	0.0003069331376
121059	0.0002003609403
121060	0.002474976336
121061	0.001488325066
121062	0.001753510991
121063	0.003695364412
121064	0.005707800199
121065	0.001385312384
121066	0.00376758517
121067	0.001091034967
121068	0.001855721116
121069	0.002706276946
121070	0.001171811685
121071	0.001259830141
121072	0.001508325438
121073	0.002693434248
121074	0.002261426941
121075	0.002351540687
121076	0.001523101567
121077	0.00443051763
121078	0.005901628918
121079	0.0001312001819
121080	0.001566194253
121081	0.006392708154
121082	0.001501391358
121083	0.002642259249
121084	0.007100671302
121085	0.01774398609
121086	0.005642935397
121087	0.003231877852
121088	0.01182900829
121089	0.005341362245
121090	0.003711914673
121091	0.001018974119
121092	0.008146305101
121093	0.001820362449
121094	0.002228001798
121095	0.0130034541
121096	0.002368855243
121097	0.001372992383
121098	0.002938358058
121099	0.01075923547
121100	0.001122052799
121101	0.001385887475
121102	0.002149844439
121103	0.001941248607
121104	0.001422165052
121105	0.0002172692547
121106	1.716082103e-05
121107	0.005189018022
121108	0.006782196052
121109	0.007506393325
121110	4.334116105e-05
121111	0.008927082227
121112	0.01121347314
121113	0.0118011589
121114	0.003023767598
121115	0.01035330471
121116	0.001858114545
121117	0.01114940744
121118	0.008487195821
121119	0.003603576588
121120	0.007349074877
121121	0.008468108481
121122	0.0001385201074
121123	0.002892194547
121124	0.007312242803
121125	0.005924893298
121126	0.004165819671
121127	0.002044670928
121128	0.005263278507
121129	0.009672327813
121130	0.01258328885
121131	0.002842606032
121132	0.01624390008
121133	0.002960140248
121134	0.0009497328413
121135	0.000374750086
121136	0.008337051909
121137	0.00612742708
121138	0.01170541147
121139	0.0001292787565
121140	0.01071234941
121141	0.0003466065789
121142	0.0002327978679
121143	0.006101421247
121144	0.006368251737
121145	0.01782200307
121146	3.650662097e-06
121147	0.0008938607177
121148	0.008438781338
121149	0.01031754284
121150	0.001706378638
121151	0.0004386986986
121152	0.001687788945
121153	0.009048018956
121154	0.002864506674
121155	0.004844604564
121156	0.009110576111
121157	0.01425656067
121158	0.01183122642
121159	0.0008642955865
121160	0.0001567203463
121161	0.01428227743
121162	0.01024788995
121163	0.0001906879331
121164	0.0001197238418
121165	0.004393195424
121166	0.0008867236817
121167	0.0001668771248
121168	0.01303842665
121169	0.00308037556
121170	0.009238916959
121171	0.004545862865
121172	0.006824630711
121173	0.0007911774447
121174	0.0008667009097
121175	0.01233674886
121176	0.008920257477
121177	0.008653434609
121178	0.001426939592
121179	0.006706758279
121180	0.005491145697
121181	0.002937244726
121182	0.007087510564
121183	0.000569725858
121184	0.002162844954
121185	0.0001011238431
121186	0.0003294225565
121187	0.0004027694474
121188	0.003716376078
121189	0.000795559864
121190	0.009255282779
121191	0.0009289857512
121192	0.004416591168
121193	0.002334868012
121194	0.0003010344791
121195	0.002526564018
121196	0.005678403218
121197	0.0004143378795
121198	0.0116242148
121199	0.002805405922
121200	0
121201	0.001833948055
121202	0.001845194992
121203	0.002545637157
121204	0.00470661576
121205	0.002147573939
121206	0.001765892298
121207	0.0004868738669
121208	0.0004022242776
121209	0.0008233218351
121210	0.001181180666
121211	0.002801367745
121212	0.01647593854
121213	0.007279183242
121214	0.001575121857
121215	0.006249150404
121216	0.003720408405
121217	0.003358535488
121218	0.003269754642
121219	0
121220	0.0009179575949
121221	0.003964130671
121222	0.008837257673
121223	0.0004550028689
121224	0.00303546525
121225	0.003817664423
121226	0.003218277853
121227	0.01105980764
121228	0.001980799975
121229	0.01173020698
121230	0.01397284289
121231	0.0007853795555
121232	0.0001497763906
121233	0.008168766164
121234	0.004172354039
121235	0.000685743327
121236	0.008116645478
121237	0.0005056422712
121238	0.005402089127
121239	0.01258845245
121240	0.00569616793
121241	0.00906168578
121242	0.0008805080783
121243	0.004197060769
121244	0.01216740346
121245	0.008171020191
121246	0.001629120059
121247	0.004667603305
121248	0.002903624743
121249	0.008026503989
121250	0.005868836874
121251	0.003149918027
121252	0.005977367554
121253	0.003585834442
121254	0.0006140834231
121255	0.003871171014
121256	0.0007173651821
121257	0.003513008948
121258	0.005505345403
121259	0.008219880909
121260	0.003401677374
121261	0.00553908968
121262	0.002004742577
121263	0.003533124537
121264	0.005506107751
121265	0.002399518672
121266	0.004876729112
121267	0.0147817979
121268	0.002183261435
121269	0.003824954742
121270	0.002383061029
121271	0.006867231301
121272	2.475689749e-05
121273	0.005230060713
121274	0.003452787919
121275	0.0008036872051
121276	0.001348736688
121277	0.004578059999
121278	0.001951631306
121279	0.005113029203
121280	0.001545264644
121281	0.002153343475
121282	0.00233518882
121283	0.00129140138
121284	0.00296732302
121285	0.006748345651
121286	0.0004730429316
121287	0.0006739709518
121288	0.003756265474
121289	0.001438396954
121290	0.003927643785
121291	0.001947827085
121292	0.01151917326
121293	0.01684398486
121294	0.01904685199
121295	0.008997012713
121296	0.01730595136
121297	0.01152619113
121298	0.003471388011
121299	0.00219705776
121300	0.001133122423
121301	0.004279402278
121302	0.01272015791
121303	0.0001568539154
121304	0.002565212958
121305	0.003187520467
121306	0.006863709805
121307	0.004482521917
121308	0.002739511567
121309	0.002357324553
121310	0.0008162886896
121311	0.003697896805
121312	0.01157467816
121313	0.006519512413
121314	0.002261185543
121315	0.004269583521
121316	0.008307030529
121317	0.0005956338598
121318	0.001885450803
121319	0.006328821291
121320	0.005280801172
121321	0.01170149661
121322	0.001690885643
121323	0.006123734758
121324	0.000348887654
121325	0.0009987121197
121326	0.005763062153
121327	0.002776572862
121328	0.003012853993
121329	0.009833763698
121330	0.001853071941
121331	0.006724598867
121332	0.002702677958
121333	0.004355642565
121334	0.000527804151
121335	0.002450855358
121336	0.005633115634
121337	0.005789274824
121338	0.003336478506
121339	0.001648380659
121340	0.002825018409
121341	0.003684658165
121342	0.00407360915
121343	0.0006800119793
121344	0.005443273778
121345	0.0006285173541
121346	0.0005249526347
121347	0.001015879552
121348	0.002997670928
121349	0.0003391390296
121350	0.006860648197
121351	0.0050287999
121352	0.002700598373
121353	0.00291986215
121354	0.003451733491
121355	0.0001514299851
121356	0.009620430055
121357	0.005084488915
121358	0.002158677886
121359	0.008381108102
121360	0.005375000569
121361	0.001852956402
121362	0.006733157905
121363	0.007171135388
121364	0.0007640414602
121365	0.002614662746
121366	0.009969574416
121367	0.005466047037
121368	0.004690511542
121369	0.0002918361715
121370	0.004628402227
121371	0.0009532656356
121372	0.00209431338
121373	0.01081632512
121374	0.002848732209
121375	0.008154603275
121376	0.005163793009
121377	0.002700081332
121378	0.003389002058
121379	0.004763055843
121380	0.0005337482168
121381	0.004771220197
121382	0.002098474805
121383	0.004212169676
121384	0.003830171674
121385	0.004240619415
121386	0.00401880509
121387	0.001285868292
121388	0.009463829671
121389	0.003556123527
121390	0.002549374068
121391	0.009057111556
121392	0.002254129828
121393	0.0221601261
121394	0.0001666484974
121395	0.0104588254
121396	0.02509205596
121397	0.00606146445
121398	0.0008287504469
121399	0.01228485595
121400	0.002647278365
121401	0.005762942058
121402	0.01294689691
121403	0.003632313047
121404	0.006977141027
121405	0.01826892003
121406	0.000330768801
121407	0.01401194566
121408	0.0008989971178
121409	0.01808147086
121410	0.003834154919
121411	0.01798007078
121412	0.00382702183
121413	6.401329338e-05
121414	0.004341466173
121415	0.0009608499016
121416	0.001072538123
121417	0.0009577156544
121418	0.002541098467
121419	0.00262530952
121420	0.0008990575997
121421	0.00450221348
121422	0.0005197216849
121423	0.0004785396652
121424	0.001046104846
121425	0.00156591981
121426	0.0006676667689
121427	0.001187064529
121428	0.0009849542379
121429	0.002218003224
121430	0.001426171386
121431	0.001533149591
121432	0.003220173926
121433	9.190901114e-05
121434	0.002345896032
121435	0.001099648715
121436	0.000485585018
121437	0.0001189502972
121438	0.001263687583
121439	0.0004047651735
121440	0.0007382343474
121441	0.001262131033
121442	0.002066754411
121443	0.0009923210902
121444	5.21028023e-05
121445	0.0009709101405
121446	0.0008458819523
121447	0.001849095708
121448	0.001232125819
121449	0.0008117182363
121450	0.0003124356864
121451	0.003754068525
121452	0.001299021552
121453	5.146916557e-05
121454	0.0006846171345
121455	0.004101012558
121456	0.001042033146
121457	0.001304278531
121458	0.002929955976
121459	0.001583634869
121460	0.0006441679209
121461	0.002310025473
121462	0.0001939289541
121463	0.0001738715219
121464	0.0008860248254
121465	0.002630317536
121466	0.0001345878558
121467	0.001329149811
121468	0.0007230870078
121469	0.001527968088
121470	0.0007265537482
121471	0.00117023212
121472	0.0005436510086
121473	0.0006827866721
121474	0.0003001989501
121475	0.0005335551448
121476	0.0001046581731
121477	0.001405990143
121478	6.997473403e-05
121479	0.0008179920171
121480	0.001576620519
121481	0.0008992491007
121482	0.002352522611
121483	0.001110513469
121484	0.001032758368
121485	0.0005642236571
121486	0.00226177756
121487	0.002396376833
121488	0.001554699118
121489	5.921628083e-05
121490	0.002794672656
121491	0.0001394195586
121492	0.001004392248
121493	0.000530496965
121494	0.001248091679
121495	0.001351305792
121496	0.001752340218
121497	0.0009444433396
121498	0.0009281925006
121499	0.0004551411978
121500	0.001278113046
121501	0.003685671468
121502	7.503666146e-05
121503	0.004769968686
121504	0.001922986368
121505	0.001052104471
121506	0.002366963941
121507	0.00195601568
121508	0.001528602208
121509	0.0003152003926
121510	0.002515523961
121511	0.002031840708
121512	0.001244251027
121513	0.001573974728
121514	0.0007454396192
121515	0.004988707326
121516	0.0005330766021
121517	2.652361435e-06
121518	0.001704141138
121519	0.00477633709
121520	0.0009423027745
121521	0.002137277234
121522	0.0009600410722
121523	0.002914905067
121524	0.002953913958
121525	0.001559427928
121526	0.0009419931106
121527	0.003581641639
121528	0.004161863407
121529	0
121530	0.002610949181
121531	0.001682108604
121532	0.001812501515
121533	0.00446754933
121534	0.0006301205909
121535	0.006974596648
121536	0.002968067913
121537	0.004170472126
121538	0.001030702111
121539	0.00139116538
121540	0.005252014379
121541	0.004513948719
121542	0.004615813303
121543	0.005782146845
121544	0.0007810841832
121545	0.004456022586
121546	0.0008799245044
121547	0.005468145132
121548	0.001711642602
121549	0.0003152498076
121550	0.002827169498
121551	0.00260494533
121552	0.004775595821
121553	0.0001562248471
121554	0.002757670588
121555	0.002471943869
121556	0.0026395145
121557	0.00573330007
121558	0.0001523537268
121559	0.001084596205
121560	0.004320216026
121561	0.001343588262
121562	0.001132992594
121563	0.00462396961
121564	0.001555670277
121565	0.002955717058
121566	0.0007833766522
121567	0.002472031312
121568	0.00461904039
121569	0.0007783282174
121570	0.001618871314
121571	0.002664889091
121572	0.00181840861
121573	0.003558666129
121574	1.581225762e-07
121575	0.00636118579
121576	0.004320386804
121577	0.0001524256793
121578	0.00477969226
121579	0.0003104278559
121580	0.00109317683
121581	0.0007057945325
121582	0.002814825963
121583	0.004835011445
121584	0.002629049921
121585	0.001895528768
121586	0.001103313052
121587	0.003683110374
121588	0.004475478052
121589	0.001484307248
121590	0.003763576516
121591	0.006214202787
121592	0.00604887356
121593	0.0003133534054
121594	0.001834380629
121595	0.003512637074
121596	0.002324611802
121597	0.004385670321
121598	0.0001611297055
121599	0.007023376124
121600	0.003671425339
121601	0.005723014235
121602	0.002262218372
121603	0.002432685109
121604	0.000310157699
121605	0.004966288422
121606	0.004468634932
121607	0.002259300497
121608	0.004225415231
121609	0.002185600705
121610	0.002475443903
121611	0.004153987988
121612	0.004377115595
121613	0.001246763732
121614	0.001870694219
121615	0.003051537653
121616	0.003894481538
121617	0.001565766649
121618	0.002943236474
121619	0.001903409153
121620	0.004774977162
121621	0.003534715779
121622	0.002787903459
121623	0.00297391399
121624	0.0006785074389
121625	3.327345281e-08
121626	9.055207351e-05
121627	0.0005799234992
121628	0.001275880905
121629	0.002896992671
121630	0.0006140472593
121631	0.004302621674
121632	0.005008415634
121633	0.003219178858
121634	0.001319987316
121635	0.004652528479
121636	0.003509701884
121637	0.003321636075
121638	0.01248244383
121639	0.004115500115
121640	0.004184252539
121641	0.002979544494
121642	0.003731196308
121643	0.003433557302
121644	0.002992689739
121645	0.003536456436
121646	0.003501120297
121647	0.003759765584
121648	0.00194799056
121649	0.004131848784
121650	0.003210236463
121651	0.004103541467
121652	0.00326525092
121653	0.004101609831
121654	0.003448247131
121655	0.004112981326
121656	0.002804313021
121657	0.002532997124
121658	0.004359460022
121659	0.002811242434
121660	0.00116095223
121661	0.005456277413
121662	0.003421361962
121663	0.003525007486
121664	0.002300694381
121665	0.004222140598
121666	0.003710734854
121667	0.00374534162
121668	0.001968675449
121669	0.009874369581
121670	0.002948213517
121671	0.003499474549
121672	0.003627885764
121673	0.002743594546
121674	0.000537529333
121675	0.002254213254
121676	0.002515010769
121677	0.001264266763
121678	0.002958279947
121679	0.001793491198
121680	0.0034256692
121681	0.003225192319
121682	0.003478942408
121683	0.007383611047
121684	0.002955872539
121685	0.003719767275
121686	0.003718806789
121687	0.003822784104
121688	0.003180001586
121689	0.004368604515
121690	0.0001721651023
121691	0.002337419674
121692	0.002910607337
121693	0.002875251719
121694	0.001423957054
121695	0.002095896317
121696	0.002317752743
121697	0.001870813241
121698	0.003954994426
121699	0.00306476971
121700	0.004205410013
121701	0.003129160121
121702	0.002923180324
121703	0.002802419562
121704	0.00413849978
121705	0.002736203479
121706	0.003511907018
121707	0.003630044428
121708	0.002567311861
121709	0.003070348303
121710	0.004133713416
121711	0.002371568629
121712	0.002631694626
121713	0.003280579154
121714	0.006849703667
121715	0.002448630321
121716	0.003443389491
121717	0.003229139786
121718	0.00175220627
121719	0.00385479964
121720	0.003563755074
121721	0.002787901516
121722	0.002177720298
121723	0.002509282151
121724	0.004160276812
121725	0.004081851232
121726	0.002909139618
121727	0.003695527655
121728	0.001604377844
121729	0.001970045412
121730	0.002424060722
121731	0.001911154959
121732	0.00377978835
121733	0.002812867033
121734	0.00354891259
121735	0.004628431895
121736	0.00288708385
121737	0.003567967238
121738	0.003614896833
121739	0.002891937444
121740	0.003235000214
121741	0.004147570752
121742	0.002867566932
121743	0.002866725744
121744	0.002824864562
121745	0.005164677106
121746	0.002904963214
121747	0.002825383411
121748	0.004135014803
121749	0.003057153024
121750	0.003774535283
121751	0.002433205623
121752	0.0028676207
121753	0.005357894548
121754	0.002325507283
121755	0.003739723878
121756	0.003152381779
121757	0.004528112325
121758	0.003189218984
121759	0.003288378499
121760	0.002361623228
121761	0.001294997458
121762	0.003534779554
121763	0.003062045383
121764	0.0024131777
121765	0.002954306032
121766	0.003256286114
121767	0.003481918469
121768	0.0017971447
121769	0.000494124852
121770	0.002530628808
121771	0.001416100527
121772	0.002930445964
121773	0.003921322062
121774	0.001221498307
121775	0.003654893488
121776	0.002007853777
121777	0.002854349288
121778	0.002178595805
121779	0.00101270299
121780	0.002181975049
121781	0.001310700016
121782	0.002965878023
121783	0.001832475748
121784	0.00177057947
121785	0.0006015050763
121786	0.0001580637459
121787	0.003005347396
121788	0.0007810161573
121789	0.00222582535
121790	0.002914739223
121791	0.001634648428
121792	0.003002482156
121793	0.001813476205
121794	0.00264322335
121795	0.003157407705
121796	0.002646914714
121797	0.003568225565
121798	0.005116992837
121799	0.002041823429
121800	0.002686932732
121801	0.001797106147
121802	0.002372064221
121803	0.002496606081
121804	0.002718011022
121805	0.003194424763
121806	0.002639515255
121807	0.003430329485
121808	0.01048125891
121809	0.002466558244
121810	0.003061627471
121811	0.002663319108
121812	0.00238183341
121813	0.0008336344423
121814	0.003023001793
121815	0.002720879012
121816	0.003903994328
121817	0.003156869096
121818	0.00253921278
121819	0.001757907921
121820	0.00221463587
121821	0.002021868584
121822	0.003849226163
121823	0.003001184372
121824	0.002817397317
121825	0.002132422854
121826	0.002898716067
121827	0.004119713717
121828	0.003730592532
121829	0.004410219792
121830	0.00247231883
121831	0.002848924816
121832	0.002680488752
121833	0.003214933474
121834	0.00629001783
121835	0.003912683254
121836	0.003352479282
121837	0.003327642045
121838	0.005052453112
121839	0.003286753879
121840	0.002837120345
121841	0.003289295666
121842	0.003479381456
121843	0.005084094303
121844	0.001265928272
121845	0.003367175585
121846	0.007572732182
121847	0.005893996056
121848	0.003784061875
121849	0.003551465741
121850	0.003044840483
121851	0.004042983628
121852	0.002734917816
121853	0.003943460455
121854	0.002753851399
121855	0.003044697896
121856	0.002687551166
121857	0.00326640103
121858	0.001192301623
121859	0.0004543040527
121860	0.003393408682
121861	0.002586397774
121862	5.606104277e-05
121863	0.001047253759
121864	0.003922068327
121865	0.002957172316
121866	0.002478897074
121867	0.00316178248
121868	0.00312231931
121869	0.003056052022
121870	0.01112471135
121871	0.003472395473
121872	0.002783026083
121873	0.003881726025
121874	0.004055318951
121875	0.006263967218
121876	0.002996415211
121877	0.002047470855
121878	0.004146681126
121879	0.001659273028
121880	0.003871373767
121881	0.002400809837
121882	0.002410003484
121883	0.002912055246
121884	0.002474538112
121885	0.00310947813
121886	0.0009707211498
121887	0.003469218595
121888	0.003141752764
121889	0.003466413507
121890	0.004553958882
121891	0.003120406707
121892	0.003361763468
121893	0.007915358037
121894	0.001720795431
121895	0.001368441545
121896	0.00224236678
121897	0.002715044102
121898	0.004312648537
121899	0.002428835064
121900	0.002456579065
121901	0.0009114014112
121902	0.003292024169
121903	0.002803180602
121904	0.001746043526
121905	0.003863002495
121906	0.003144070843
121907	0.003689577849
121908	0.009307014089
121909	0.002295695649
121910	0.001877481981
121911	0.00326940898
121912	0.004189263227
121913	0.00299255113
121914	0.003207622049
121915	0.003634741805
121916	0.00328936296
121917	0.002771237272
121918	0.002858050454
121919	0.003501323679
121920	0.003179826921
121921	0.006915589359
121922	0.006255120038
121923	0.005111477805
121924	0.002842565223
121925	0.0004926860476
121926	0.004170466088
121927	0.006461863389
121928	0.002459805967
121929	0.003681234188
121930	0.004265265433
121931	0.00408513557
121932	0.003893473652
121933	0.002411228253
121934	0.003201843264
121935	0.00273207539
121936	0.002960291062
121937	0.003093210752
121938	0.003210890743
121939	0.002572617921
121940	0.002311659475
121941	0.001931488605
121942	0.003418601839
121943	0.004385264977
121944	0.003469499447
121945	0.003006776216
121946	0.002901644413
121947	0.002931914204
121948	0.003905264671
121949	0.002150897829
121950	0.006759523447
121951	0.003777799618
121952	0.007022063818
121953	0.002135880473
121954	0.003212266508
121955	0.006537188166
121956	0.004277643391
121957	5.420577273e-05
121958	0.002956618511
121959	0.003112806922
121960	0.002861636746
121961	0.003304019208
121962	0.002466212884
121963	0.002790279149
121964	0.002281014323
121965	0.002956854945
121966	0.003736388145
121967	0.002781287918
121968	0.002529779316
121969	0.002566821163
121970	0.002639429862
121971	0.003468336412
121972	0.003637116953
121973	0.002360379793
121974	0.002855134587
121975	0.002621479417
121976	0.002699409607
121977	0.004239874129
121978	0.001801825663
121979	0.002636203482
121980	0.003353020863
121981	0.006337909472
121982	0.002942059773
121983	0.003159045012
121984	0.003259109898
121985	0.004157364443
121986	0.002354477342
121987	0.005822848054
121988	0.00313663515
121989	0.003212525324
121990	0.003170857579
121991	0.00301405072
121992	0.003456458728
121993	0.00335673502
121994	0.003035479927
121995	0.002947504303
121996	0.002876972391
121997	0.00241900612
121998	0.00332341873
121999	0.002920673321
122000	0.002811271412
122001	0.002748689575
122002	0.002991379368
122003	0.002373858421
122004	0.005385892374
122005	0.003274574917
122006	0.003758761531
122007	0.002518143373
122008	0.002443634732
122009	0.002601870934
122010	0.003132836059
122011	0.0052799482
122012	0.002932537026
122013	0.004072834896
122014	0.006253675723
122015	0.002984839886
122016	0.002605264536
122017	0.003518512239
122018	0.003184986972
122019	0.00347968617
122020	0.002286116141
122021	0.001068696629
122022	0.003539487854
122023	0.002463562115
122024	0.006732461269
122025	0.004352529502
122026	0.003165914705
122027	0.003174968776
122028	0.002469150965
122029	0.004700444806
122030	0.002326652672
122031	0.007839344003
122032	0.003804347394
122033	0.003072291984
122034	0.004115042746
122035	0.0008256870871
122036	0.003332836201
122037	0.001484282859
122038	0.002218590788
122039	0.001996091603
122040	0.003136089884
122041	0.00322743772
122042	0.004643208565
122043	0.001797502974
122044	0.003435608458
122045	0.003044157017
122046	0.003895428663
122047	0.001310859593
122048	0.00459690852
122049	0.00397667007
122050	0.003991635703
122051	0.01275704712
122052	0.003759637385
122053	0.00443329032
122054	0.0116371282
122055	0.006122817847
122056	0.003587218625
122057	0.003085312321
122058	0.005180353718
122059	0.008813048026
122060	0.003429775112
122061	0.003028813401
122062	0.00222269399
122063	0.001640097787
122064	0.003142469586
122065	0.001902286267
122066	0.003036082461
122067	0.005402639812
122068	0.001274253687
122069	0.003186916665
122070	0.001628780963
122071	0.004231485648
122072	0.004001535666
122073	0.002112849082
122074	0.005177603264
122075	0.002108674939
122076	0.003501976662
122077	0.005224249256
122078	0.003837346058
122079	0.001880021685
122080	0.0009283424967
122081	0.002427336569
122082	0.003358920356
122083	0.00335968094
122084	0.003473302294
122085	0.004954072453
122086	0.00332664551
122087	0.004582982938
122088	0.005427150635
122089	0.004123520401
122090	0.001859055743
122091	0.003720522262
122092	0.002171532116
122093	0.001816205178
122094	0.003393583475
122095	0.002862753653
122096	0.004493640557
122097	0.00294317705
122098	0.006304799322
122099	0.004066152693
122100	0.003438252693
122101	0.002660930804
122102	0.002169141522
122103	0.003913216238
122104	0.004111584456
122105	0.003141450221
122106	0.002569434068
122107	0.003072589987
122108	0.003330028909
122109	0.003609474034
122110	0.002799506568
122111	0.002499504849
122112	0.002120075069
122113	0.003313446884
122114	0.00308708255
122115	0.002885602744
122116	0.001095078673
122117	0.00181912923
122118	0.003437291038
122119	0.003867432063
122120	0.003661617502
122121	0.003643920864
122122	0.002589205306
122123	0.003361518418
122124	0.003564919535
122125	0.002593761376
122126	0.003031367221
122127	0.001097612932
122128	0.003346710339
122129	0.004109672865
122130	0.002814675342
122131	0.002719933009
122132	0.00302244065
122133	0.003014782112
122134	0.004206906347
122135	0.002791696046
122136	0.003763478935
122137	0.001381166898
122138	0.00250330372
122139	0.003024347492
122140	0.002147620933
122141	0.003753947246
122142	0.004199025098
122143	0.001980157407
122144	0.002422608807
122145	0.002934503026
122146	0.00322295955
122147	0.004732158957
122148	0.002960711237
122149	0.003029548697
122150	0.003404214114
122151	0.001673890584
122152	0.002341776848
122153	0.003421608781
122154	0.003411403853
122155	0.002791082862
122156	0.003412635746
122157	0.004603192413
122158	0.002171724735
122159	0.003948283828
122160	0.002608394256
122161	0.0003413221033
122162	0.003669108067
122163	0.008731602082
122164	0.0001772257999
122165	0.002913500544
122166	0.004163344221
122167	0.003784228802
122168	0.003011683382
122169	0.003298702018
122170	0.001870051215
122171	0.003734498254
122172	0.004167956887
122173	0.002795923656
122174	0.002410360698
122175	0.001333574759
122176	0.004031521923
122177	0.003692765989
122178	0.002832325874
122179	0.00364755876
122180	0.002876879814
122181	0.003356879521
122182	0.004168090836
122183	0.003384142612
122184	0.004033188384
122185	0.002775959989
122186	0.002746693359
122187	0.004356373051
122188	0.004310645857
122189	0.004177082805
122190	0.003145920643
122191	0.001490833266
122192	0.00295153457
122193	0.002564891935
122194	0.004156948158
122195	0.00357186831
122196	0.002628255624
122197	0.003873204095
122198	0.004035734175
122199	0.004884039736
122200	0.003837245227
122201	0.003023698355
122202	0.003903191733
122203	0.003561246176
122204	0.00388700406
122205	0.003807243819
122206	0.00290011784
122207	0.003444785748
122208	0.002669530725
122209	0.0021480963
122210	0.006551068815
122211	0.0002905725604
122212	0.008224844842
122213	0.001565550906
122214	0.005509981382
122215	0.003145795079
122216	0.002070622382
122217	0.003684930661
122218	0.002078280398
122219	0.002804405398
122220	0.001709431052
122221	0.003470815101
122222	0.002397842001
122223	0.00309951338
122224	0.002598002256
122225	0.003073956028
122226	0.00490866652
122227	0.003258243861
122228	4.821743499e-05
122229	0.0024458342
122230	0.002352110118
122231	0.001638468861
122232	0.003127625506
122233	0.002283050054
122234	0.001871258794
122235	0.00172193751
122236	0.002789564122
122237	0.002467535204
122238	0.003386730396
122239	0.00347042683
122240	0.002756035367
122241	0.002739093156
122242	0.001696102808
122243	0.003128325219
122244	0.003838797286
122245	0.002221421475
122246	0.003856864992
122247	0.003472230397
122248	0.003631431489
122249	0.002227876108
122250	0.003195992473
122251	0.006806306445
122252	0.003693679432
122253	0.0001702439461
122254	0.002394925982
122255	0.002088166438
122256	0.002939382075
122257	0.002624615277
122258	0.0004714991719
122259	0.001762746216
122260	0.003523657769
122261	0.002131817878
122262	0.002941037749
122263	0.00357279841
122264	0.002659140276
122265	0.003461167968
122266	0.002311972059
122267	0.003027971387
122268	0.002264202243
122269	0.001485126263
122270	0.002845542499
122271	0.003320922339
122272	0.007692060932
122273	0.001279773451
122274	0.001956300417
122275	0.002295599325
122276	0.002902738452
122277	0.001673207225
122278	0.002879825265
122279	0.00152945021
122280	0.002245252581
122281	0.003736839801
122282	0.003108273576
122283	0.003781487081
122284	0.001244023889
122285	0.002208798106
122286	0.003923105914
122287	0.00167973424
122288	0.00334492486
122289	0.002902821746
122290	0.002727686162
122291	0.003190980605
122292	0.003430308381
122293	0.004205476753
122294	0.002780529974
122295	0.0005868886661
122296	0.001383140323
122297	0.003731873787
122298	0.002479958561
122299	0.001757548873
122300	0.002420270701
122301	0.003836250728
122302	0.005058120715
122303	0.004654124086
122304	0.005669895326
122305	0.001723929069
122306	0.004455193161
122307	0.002419177561
122308	0.003181449251
122309	0.003549629181
122310	0.002660491105
122311	0.003291683552
122312	0.005610680028
122313	0.002454450753
122314	0.001423437327
122315	0.002254972135
122316	0.004140131441
122317	0.002892661612
122318	0.002223401852
122319	0.004016579628
122320	0.003572621257
122321	0.003760622489
122322	0.00204548702
122323	0.001305762287
122324	0.004691963737
122325	0.001213088601
122326	0.001959829805
122327	0.001906734699
122328	0.002525807035
122329	0.00331513589
122330	0.00254456927
122331	0.0002577760133
122332	0.01183550668
122333	0.003726594997
122334	0.001848931214
122335	0.00322309484
122336	0.0002271324497
122337	0.003525057339
122338	0.002112303108
122339	0.003040731936
122340	0.0038682539
122341	0.003609218779
122342	0.003059469402
122343	0.004062740919
122344	0.00338966547
122345	0.004228709395
122346	0.003180390286
122347	0.003839481582
122348	0.003747533777
122349	0.002754642486
122350	0.003820447152
122351	0.002915389634
122352	0.003851902463
122353	0.003098481308
122354	0.004382992596
122355	0.002833900027
122356	0.004088523672
122357	0.003949373094
122358	0.003337611244
122359	0.002534251423
122360	0.002856679743
122361	0.004600226337
122362	0.002445100432
122363	0.003257007813
122364	0.002776661119
122365	0.003254504451
122366	0.002094283316
122367	0.002909821177
122368	0.002520919917
122369	0.002631978148
122370	0.003311053518
122371	0.001748576764
122372	0.003353495418
122373	0.003282366185
122374	0.003657457285
122375	0.004859537716
122376	0.0002053883962
122377	0.001872888046
122378	0.002933889523
122379	0.003304324835
122380	0.002061942054
122381	0.002235984099
122382	0.002621127429
122383	0.002926724644
122384	0.003917854469
122385	0.003108690252
122386	0.00218565992
122387	0.003095018975
122388	0.002801827885
122389	0.003405358064
122390	0.002066692192
122391	0.003680798112
122392	0.003064886437
122393	0.004707121479
122394	0.004024743788
122395	0.003938986241
122396	0.004522994377
122397	0.004085303764
122398	0.0026386647
122399	0.003962156697
122400	0.003251522215
122401	0.00382115261
122402	0.003051983304
122403	0.00214062664
122404	0.003563559212
122405	0.004130887239
122406	0.004037656768
122407	0.003720904705
122408	0.002975328397
122409	0.003656066607
122410	0.003924717427
122411	0.003007960841
122412	0.003301831687
122413	0.004530588638
122414	0.00359296276
122415	0.003078695255
122416	0.004454870451
122417	0.002618620776
122418	0.003056976218
122419	0.003477776839
122420	0.002927106705
122421	0.002867542832
122422	0.001556924821
122423	0.002575873101
122424	0.001649041363
122425	0.002028076629
122426	0.001920351983
122427	0.003155625295
122428	0.003374079985
122429	0.001586065982
122430	0.001425818606
122431	0.002170082012
122432	0.0002090948339
122433	0.001330089753
122434	0.002834362051
122435	0.00280989215
122436	0.003434513648
122437	0.003648188115
122438	0.004149384267
122439	0.002244533104
122440	0.003783790447
122441	0.003407901875
122442	0.004190798536
122443	0.001363407715
122444	0.002397725589
122445	0.004523657701
122446	0.003116117178
122447	0.00330863989
122448	0.003115647634
122449	0.002486928469
122450	0.00300698398
122451	0.003429049184
122452	0.003574514573
122453	0.002570202649
122454	0.001649067461
122455	0.003779357068
122456	0.003352369475
122457	0.002249517275
122458	0.001765137561
122459	0.006628668609
122460	0.002606001524
122461	0.002351835214
122462	0.002858702468
122463	0.002771520478
122464	0.003142619481
122465	0.000929667856
122466	0.001498600578
122467	0.00237738205
122468	0.003654505251
122469	0.003719804172
122470	0.003436328718
122471	0.002380072615
122472	0.002913917186
122473	0.002558100922
122474	0.003038419656
122475	0.001341544279
122476	0.002335573747
122477	0.001263488878
122478	0.002383758119
122479	0.002978395411
122480	0.004267799341
122481	0.003146536535
122482	0.002473152982
122483	0.00156877755
122484	0.002051865468
122485	0.003438881299
122486	0.003035878164
122487	0.002417552573
122488	0.001347946122
122489	0.005907616227
122490	0.003389885335
122491	0.003180658973
122492	0.002483945183
122493	0.003203167121
122494	4.473793357e-05
122495	0.006919733964
122496	0.002215587634
122497	0.003820603276
122498	0.007182367957
122499	0.002298736456
122500	0.0008251799885
122501	0.002910118738
122502	0.003044549983
122503	0.0009710938145
122504	0.003598143053
122505	0.001201265278
122506	0.001976768513
122507	0.002174183723
122508	0.003346520665
122509	0.002275945651
122510	0.001227592137
122511	0.008417522202
122512	0.00143871907
122513	0.003799859703
122514	0.002924587488
122515	0.0003488287468
122516	0.002939023074
122517	0.002376696346
122518	0.002836790943
122519	0.002427615958
122520	0.003371725797
122521	0.004072208094
122522	0.001130503125
122523	0.002504377556
122524	0.003779830755
122525	0.001797766893
122526	0.002565025511
122527	0.001527330968
122528	0.004040789024
122529	0.003062951425
122530	0.00313284986
122531	0.003878017909
122532	0.002874141314
122533	0.002799347363
122534	0.002459275843
122535	0.002691579168
122536	0.003320183147
122537	0.003373081693
122538	0.003234728217
122539	0.003639496831
122540	0.003344137191
122541	0.002310749841
122542	0.002925805086
122543	0.002717904248
122544	0.004275169019
122545	0.004281739851
122546	0.002615642843
122547	0.002691681469
122548	0.004037197888
122549	0.00281087855
122550	0.002638997201
122551	0.003006209609
122552	0.002507285987
122553	0.003178286194
122554	0.00336937545
122555	0.003616222723
122556	0.002950185361
122557	0.003328542216
122558	0.002960584069
122559	0.003257578831
122560	0.002095706403
122561	0.003148232239
122562	0.003387045591
122563	0.002886124624
122564	0.002928240941
122565	0.002796757369
122566	0.001798256414
122567	0.002143643564
122568	0.005815314463
122569	0.003333354258
122570	0.00375906702
122571	0.002500018714
122572	0.003413896878
122573	0.001539752662
122574	0.002563915947
122575	0.003537095781
122576	0.003295360574
122577	0.001461121381
122578	0.001415228571
122579	0.005777338238
122580	0.0006797308375
122581	0.002112342585
122582	0.002804543418
122583	0.00217175338
122584	0.002911794493
122585	0.002329122154
122586	0.004218782984
122587	0.001439839478
122588	0.003541354637
122589	0.001458158457
122590	0.001790162658
122591	0.00232431241
122592	0.00178880061
122593	0.003361509108
122594	0.001740608082
122595	0.003449596124
122596	0.002587259561
122597	0.003340019717
122598	0.008303291784
122599	0.0006662110342
122600	0.003545362454
122601	0.001164936269
122602	0.001807325675
122603	0.002677491244
122604	0.004010522747
122605	0.002204265454
122606	0.00216326992
122607	0.002719633918
122608	0.0006883936427
122609	0.002600039808
122610	0.0025859097
122611	0.001551515489
122612	0.001820967679
122613	0.001333081364
122614	0.001985435553
122615	0.002404438457
122616	0.003026413604
122617	0.002741654714
122618	0.002347815278
122619	0.003297608342
122620	0.002933152921
122621	0.003026185991
122622	0.001863545597
122623	0.002680284441
122624	0.002603867511
122625	0.003355053281
122626	0.002926526037
122627	0.002748423559
122628	0.00341595581
122629	0.004798877634
122630	0.00129074508
122631	0.002625311525
122632	0.001333138269
122633	0.00440935837
122634	0.002708496437
122635	0.002795305796
122636	0.00280100497
122637	0.0003807553285
122638	0.004333809812
122639	0.003625385944
122640	0.003958686676
122641	0.004131815491
122642	0.002053962448
122643	0.003628908026
122644	0.004238949101
122645	0.002656036338
122646	0.002620927838
122647	0.002886207175
122648	0.002345607848
122649	0.009058553175
122650	0.003385836538
122651	0.004298751658
122652	0.004318876725
122653	0.003549542303
122654	0.008734043752
122655	0.004246999395
122656	0.002285144099
122657	0.003112102864
122658	0.003898995075
122659	0.002976574255
122660	0.002991140524
122661	0.003582830653
122662	0.004977870872
122663	0.008459190591
122664	0.003451532406
122665	0.00364256665
122666	0.002143894522
122667	0.002629702654
122668	0.002335118778
122669	0.002009992427
122670	0.003396452251
122671	0.001683611271
122672	0.0009837228183
122673	0.003905481083
122674	0.001636691849
122675	0.007093636584
122676	0.003077925892
122677	0.003662998463
122678	0.002072592892
122679	0.002814539335
122680	0.002360901602
122681	0.00149550592
122682	0.001619537271
122683	0.003375610128
122684	0.003374274428
122685	0.002049745784
122686	0.00269803157
122687	0.003206309516
122688	0.002360197122
122689	0.0003261883754
122690	0.002549020905
122691	0.0004931504454
122692	0.003920782979
122693	0.002621900648
122694	0.003204707447
122695	0.002565748582
122696	0.003576209245
122697	0.001965260885
122698	0.002507748685
122699	0.003050398802
122700	0.003337776241
122701	0.003603028461
122702	0.00406531856
122703	0.003083018302
122704	0.001520105381
122705	0.003240775164
122706	0.003271814518
122707	0.003879582499
122708	0.003292035511
122709	0.003633960664
122710	0.003973135303
122711	0.002034570722
122712	0.003248288993
122713	0.002581291686
122714	0.003309399423
122715	0.004421266272
122716	0.0042007546
122717	0.002376621088
122718	0.002557479752
122719	0.003444308672
122720	0.002998101136
122721	0.004794232186
122722	0.002930242396
122723	0.001020764976
122724	0.002547167797
122725	0.003927429816
122726	0.0006306120952
122727	0.00308993753
122728	0.002638391174
122729	0.003055963931
122730	0.003293207515
122731	0.00225132039
122732	0.0007127593938
122733	0.004150376294
122734	0.0005475167985
122735	0.003327784627
122736	0.001723738517
122737	0.002766173146
122738	0.003255704198
122739	0.002820101326
122740	0.003164873583
122741	0.00164400972
122742	0.001370102765
122743	0.002381904224
122744	0.004629898214
122745	0.002668939112
122746	0.001165689674
122747	0.002447250129
122748	0.0006659306929
122749	0.001247212884
122750	0.009083475659
122751	7.212369307e-05
122752	0.0005773549676
122753	0.001888259217
122754	0.0009695950105
122755	0.002012536319
122756	0.002402282673
122757	0.002085591805
122758	0.0001127412673
122759	0.0008426476764
122760	0.003628647506
122761	0.002212812675
122762	0.001317721833
122763	0.001184072038
122764	0.00296699774
122765	0.007739805336
122766	0.003750000305
122767	0.001330229589
122768	0.001351099042
122769	0.004809980833
122770	0.001724648711
122771	0.004099840784
122772	0.001966075861
122773	0.003906755631
122774	0.001142492209
122775	0.0003300336519
122776	0.001845764678
122777	0.003187532225
122778	0.002670159673
122779	0.001092337703
122780	0.002342936496
122781	0.001229001795
122782	0.002039818345
122783	0.001226852003
122784	0.0007684843986
122785	0.001770258242
122786	0.001994707042
122787	0.002448133061
122788	0.002420781777
122789	0.0009985345393
122790	0.001300878184
122791	0.0006546907998
122792	0.003299969906
122793	0.002170633449
122794	0.00260513381
122795	0.0003520921525
122796	0.006328554799
122797	0.001367261346
122798	0.00230896353
122799	0.0016837148
122800	0.00165115902
122801	0.003644790451
122802	0.002195796925
122803	0.002907916507
122804	0.0009459442995
122805	0.00160373631
122806	0.003104785204
122807	0.001663373207
122808	0.002169117866
122809	0.003452061096
122810	0.003509927564
122811	0.008141637849
122812	0.003039970748
122813	0.00380760411
122814	0.00251790027
122815	0.001840381936
122816	0.001419546028
122817	0.01017810291
122818	0.001745371685
122819	0.004320603005
122820	0.0005965073945
122821	0.001872973324
122822	0.004140475133
122823	0.001814329301
122824	0.001670136968
122825	0.00359028085
122826	0.001016790983
122827	0.002581723095
122828	0.001961370813
122829	0.002693948317
122830	0.002432418548
122831	0.002296780405
122832	0.002285440738
122833	0.002242915991
122834	0.00545508263
122835	0.002414686837
122836	0.00160264992
122837	0.005784614183
122838	0.002740022514
122839	0.003070063406
122840	0.004701686328
122841	0.002678658311
122842	0.002491177629
122843	0.002025294207
122844	0.003016256242
122845	0.00252285012
122846	0.003579836154
122847	0.006044924318
122848	0.001236766661
122849	0.003862884296
122850	0.002074839476
122851	0.0008881570063
122852	0.003053789629
122853	0.001676874522
122854	0.003071561313
122855	0.003051739017
122856	0.002093293167
122857	0.00673640627
122858	0.003297290612
122859	0.003401553429
122860	0.000397328141
122861	0.00156586056
122862	0.00407183041
122863	0.004407839676
122864	0.00243973969
122865	0.002380915642
122866	0.003226580356
122867	0.003497821708
122868	0.005642119479
122869	0.00214380334
122870	0.003690430986
122871	0.002293061345
122872	0.0006617950196
122873	0.001543460577
122874	0.004095512075
122875	0.004110064919
122876	0.005877463715
122877	0.00174217262
122878	0.004014531794
122879	0.00290381134
122880	0.00203131737
122881	0.00250917163
122882	0.002051275622
122883	0.004208408832
122884	0.002945898016
122885	0.001156350339
122886	0.002358151833
122887	0.001408161942
122888	0.002528546801
122889	0.002950873315
122890	0.001715239471
122891	0.002513321945
122892	0.00179271227
122893	0.001640675516
122894	0.0002426707033
122895	0.001052129616
122896	0.001949950655
122897	0.002954974091
122898	0.003322045238
122899	0.002285389844
122900	0.002340877196
122901	0.002910108528
122902	0.002711912513
122903	0.002387754755
122904	0.0002796615909
122905	0.001747352279
122906	0.0002574139082
122907	0.0008226486238
122908	0.0003386672324
122909	0.003166339941
122910	0.00164852926
122911	0.002505996763
122912	0.002381850601
122913	0.01288189811
122914	0.003808622493
122915	0.004309733751
122916	0.003580761885
122917	0.005112618053
122918	0.003376382106
122919	0.001793718118
122920	0.005988418629
122921	0.00310623177
122922	0.001983397599
122923	0.003011151161
122924	0.005227566153
122925	0.001596377192
122926	0.004519214156
122927	0.002203309144
122928	8.218103871e-05
122929	0.002639993467
122930	0.002889286514
122931	0.005118789143
122932	0.003670520211
122933	0.002592714803
122934	0.003260634313
122935	0.00404356453
122936	0.001488339629
122937	0.001016428688
122938	0.003759886472
122939	0.002010677283
122940	0.002233803379
122941	0.003559887477
122942	0.002773369242
122943	0.0002032864692
122944	0.00128712118
122945	0.002756644674
122946	0.003965860029
122947	0.002457134778
122948	0.001847070756
122949	0.003106104208
122950	0.008539775195
122951	0.002637605794
122952	0.003326904594
122953	0.001506465221
122954	0.002600510956
122955	0.004025681355
122956	0.01184486239
122957	0.003222629765
122958	0.005429162727
122959	0.002542624687
122960	0.004705312222
122961	0.002873695083
122962	0.002853130065
122963	0.003572115882
122964	0.001917739723
122965	0.003514673068
122966	0.002042639506
122967	0.003225444296
122968	9.530817573e-05
122969	0.002408560146
122970	0.001383050975
122971	0.002714796995
122972	0.003114753114
122973	0.003286303786
122974	0.00433798434
122975	0.001985350159
122976	0.01083470708
122977	0.00274509023
122978	0.006376295294
122979	0.0003896890493
122980	0.0007917752434
122981	0.001360215795
122982	0.00229786822
122983	0.001571597778
122984	0.004360305597
122985	0.002852547814
122986	0.00246320771
122987	0.004560570046
122988	0.003883686265
122989	0.004170463432
122990	0.002401065396
122991	0.002228090049
122992	0.003530278243
122993	0.002654248422
122994	0.001742723642
122995	0.0009166332914
122996	0.002839034753
122997	0.002252713235
122998	0.002667899531
122999	0.001761584893
123000	0.002228643933
123001	0.002685752465
123002	0.002597859691
123003	0.004565959374
123004	0.003362492986
123005	0.002951988462
123006	0.00204381111
123007	0.002887605081
123008	0.003468095142
123009	0.003036032244
123010	0.002953087542
123011	0.003809479994
123012	0.002642592009
123013	0.003933943469
123014	0.003126299523
123015	0.007718498985
123016	0.003748367684
123017	0.001890306611
123018	0.002260301681
123019	0.001457038704
123020	0.007357120716
123021	0.002241545421
123022	0.002570179283
123023	0.002469143837
123024	0.001287580465
123025	0.002573007277
123026	0.002837383607
123027	0.002697396428
123028	0.003808314441
123029	0.001533397089
123030	0.002637631522
123031	0.002057148066
123032	0.003847286015
123033	0.001703390754
123034	0.003235917388
123035	0.007812910466
123036	0.003585956551
123037	0.001843584516
123038	0.0005410078225
123039	0.0004149773847
123040	0.003673023257
123041	0.007259536437
123042	0.002441234964
123043	0.001361213019
123044	0.002183400563
123045	0.002315059545
123046	0.002888722765
123047	0.01523398763
123048	0.005051485202
123049	0.009971702317
123050	0.006897214661
123051	0.009264657184
123052	0.0007165673409
123053	0.001503902749
123054	0.01561380356
123055	0.0001004816639
123056	0.004608562546
123057	0.0002656973255
123058	0.0008905326195
123059	0.006847810696
123060	0.005042515162
123061	0.003355869635
123062	0.003099276079
123063	0.004034830947
123064	0.0003079113336
123065	0.01082026255
123066	0.002248963285
123067	0.003811533534
123068	0.002874648019
123069	0.01480810065
123070	0.002342491349
123071	0.002355906529
123072	0.0006249519936
123073	0.01111895569
123074	0.009632229825
123075	0.0005931954809
123076	0.004091560107
123077	0.01695641546
123078	0.0001315602606
123079	0.004345066479
123080	0.002090793374
123081	0.007102589307
123082	0.006326781815
123083	0.01030294748
123084	0.002319301556
123085	0.005239466229
123086	0.0008834244317
123087	0.00606556901
123088	0.01467838658
123089	0.0002541169222
123090	0.001635445735
123091	0.005801418619
123092	0.003207958683
123093	0.01685880596
123094	0.003458678199
123095	0.01214698504
123096	0.001706164148
123097	0.0002470858673
123098	0.001482377584
123099	0.006868849236
123100	0.004160586982
123101	0.003605974184
123102	0.01431615633
123103	0.002654450627
123104	0.001361848156
123105	0.009418845469
123106	0.001824176936
123107	0.005465321635
123108	0.009495256305
123109	0.00605105781
123110	0.004498299879
123111	0.005946232859
123112	0.00227083925
123113	0.01507942974
123114	0.009696397261
123115	0.01439927598
123116	0.004038097097
123117	0.002185831463
123118	0.005714648029
123119	0.01202768793
123120	8.516315111e-06
123121	0.004538361537
123122	0.004038600567
123123	0.0003662311325
123124	0.002732060797
123125	0.001945896696
123126	0.002484986957
123127	0.002908070805
123128	0.002536850351
123129	0.003900644022
123130	0.01009655514
123131	0.005516574081
123132	0.0002067747208
123133	0.001751924876
123134	0.003794240973
123135	0.004194849163
123136	0.002460672937
123137	0.005695863343
123138	0.001949284518
123139	0.005045014041
123140	0.009395298638
123141	0.003813402506
123142	0.01175324068
123143	0.009399673698
123144	0.01419744956
123145	0.005682649886
123146	0.001654294795
123147	0.0235338874
123148	0.004392338519
123149	0.01141832054
123150	0.004363543675
123151	0.006490683018
123152	0.002547705076
123153	0.005434612337
123154	0.007396950364
123155	0.003137941597
123156	0.01149617548
123157	0.00139453612
123158	0.002727391179
123159	0.003789789915
123160	0.01525154743
123161	0.005103240487
123162	0.001537901478
123163	0.01337879333
123164	0.009921400222
123165	0.000625580047
123166	0.01088726529
123167	0.008600969067
123168	0.007884532875
123169	0.005179706559
123170	0.003265693777
123171	0.004919736391
123172	0.003327858533
123173	0.003350398228
123174	0.01401763817
123175	0.01151492882
123176	0.00777720405
123177	0.009756591434
123178	0.001624254048
123179	0.01439951512
123180	0.007675357485
123181	0.00501274035
123182	0.0001208812573
123183	0.001788970332
123184	1.699350469e-07
123185	0.004977809373
123186	0.005133121165
123187	0.003968697554
123188	0.000152879661
123189	0.004295758964
123190	0.003828675162
123191	0.0004401665804
123192	0.001320294884
123193	0.0009891600434
123194	0.001435026365
123195	0.0002845914603
123196	0.002261711379
123197	0.01481689467
123198	0.009141332889
123199	0.004752454213
123200	0.007273526792
123201	0.002496611504
123202	0.005600943776
123203	0.0004445677012
123204	0.005822644219
123205	0.001203152921
123206	0.002342783504
123207	0.003121008787
123208	0.004268718051
123209	0.002104451609
123210	0.01135980937
123211	0.003993548592
123212	0.006156562048
123213	0.004915400028
123214	0.005687429451
123215	0.00637795136
123216	0.001603224168
123217	0.009210406214
123218	0.002952321326
123219	0.001400803305
123220	0.002106637712
123221	0.01575255801
123222	8.947869316e-05
123223	0.01373738991
123224	0.004492357387
123225	0.005812676002
123226	0.002711441318
123227	0.001398646222
123228	0.006318563945
123229	7.964274735e-05
123230	0.005206851382
123231	0.002264282029
123232	0.005255097992
123233	0.001453531039
123234	0.001753530593
123235	0.005660210926
123236	0.004586608239
123237	0.002376230659
123238	0.004187571686
123239	0.001866116886
123240	0.000913954291
123241	0.001213069531
123242	0.003429526947
123243	0.0001318149007
123244	0.00464130908
123245	0.01293988337
123246	0.01129204539
123247	0.006953217461
123248	0.0009104278477
123249	0.001744306484
123250	0.001867556701
123251	0.005696885605
123252	0.003548851833
123253	0.002456946621
123254	0.001148055696
123255	0.001115998016
123256	0.001886380658
123257	0.0007210987303
123258	0.005417741503
123259	0.001953858959
123260	6.786815902e-05
123261	0.0039039389
123262	0.004754710876
123263	0.002185581321
123264	0.00241475184
123265	0.002341991892
123266	0.004415439333
123267	0.009704070779
123268	0.01428878594
123269	0.007453513591
123270	0.007344842719
123271	0.0201273041
123272	0.002659105491
123273	0.002441385328
123274	0.01005293402
123275	0.00926641175
123276	0.0001258256053
123277	0.003996674245
123278	0.00348472021
123279	0.003765683879
123280	0.004693333723
123281	0.001253474095
123282	0.001918018337
123283	0.001093251032
123284	0.001605652658
123285	0.008240871599
123286	0.005504313923
123287	0.004825959924
123288	0.00582408439
123289	0.0004883482341
123290	0.003969265583
123291	0.002587110126
123292	7.145638157e-07
123293	0.004035647452
123294	0.01204236698
123295	0.002608098633
123296	0.004041378685
123297	0.01020973308
123298	0.005833150117
123299	0.005606887863
123300	0.009228588639
123301	0.001738531198
123302	0.0006279777406
123303	0.002253678582
123304	0.003182715308
123305	0.00522870672
123306	0.003317239624
123307	0.005880568814
123308	0.000384190276
123309	0.007053989754
123310	0.004702467041
123311	0.001475018157
123312	0.005550324654
123313	0.003376300845
123314	0.002494509605
123315	0.009270405877
123316	0.006805580103
123317	0.01104921931
123318	0.007164406832
123319	0.005901848416
123320	0.009668320512
123321	0.003007183145
123322	0.0143528629
123323	0.006313665853
123324	0.01333649253
123325	0.0009747704293
123326	0.0003587314757
123327	0.01014207767
123328	0.01246327832
123329	0.01328161072
123330	0.006201273638
123331	0
123332	0.006135866398
123333	0.0003253718519
123334	0.006255540726
123335	0.009576043056
123336	0.002324309166
123337	0.0006163296199
123338	0.0003376923691
123339	0.003280878444
123340	0.001117756689
123341	4.952781333e-05
123342	0.001187652792
123343	0.001066535842
123344	0.001000344096
123345	0.006763831512
123346	0.006245333006
123347	0.003017575818
123348	0.01024165213
123349	0.00233898242
123350	0.005444156232
123351	0.0005794527042
123352	0.02130790527
123353	0.0003121618719
123354	0.002472146605
123355	0.00198915131
123356	0.001519026866
123357	0.003868279933
123358	0.00733300821
123359	0.008865774113
123360	0.005236061527
123361	9.580169876e-05
123362	0.0003201420605
123363	0.001790676071
123364	0.003075936487
123365	0.006478629523
123366	0.01141171295
123367	0.01322810467
123368	0.00206236142
123369	0.0003140145489
123370	0.01336207534
123371	0.01499019844
123372	0.01136136468
123373	0.004322469021
123374	0.001301454216
123375	0.006870743672
123376	0.003046145776
123377	0.01066111597
123378	0.001305260096
123379	0.01001186444
123380	0.006494975361
123381	0.0005290132081
123382	0.00554289226
123383	0.01242860582
123384	0.01296668327
123385	0.002162905039
123386	0.003025642966
123387	0.00855969509
123388	0.0008731177532
123389	0.006917227758
123390	0.000134529136
123391	0.009170376681
123392	0.0005466847496
123393	0.007520607304
123394	0.003744126362
123395	0.0009849161572
123396	0.00726319695
123397	0.0002250177625
123398	0.007154214625
123399	0.01023771483
123400	0.01360709624
123401	0.0002298047597
123402	0.005727395378
123403	0.004370213017
123404	0.00536237356
123405	0.001104892649
123406	0.01133282035
123407	0.002312189524
123408	0.0001294742269
123409	0.001545386633
123410	0.01852025361
123411	0.003064774269
123412	0.001820021814
123413	0.01107658929
123414	0.0004109899885
123415	0.001596042746
123416	0.0001840757709
123417	0.005972140306
123418	0.00474079689
123419	0.0008952139768
123420	0.004525922473
123421	0.002245221472
123422	0.01210521554
123423	0.002943680546
123424	0.0001670141931
123425	0.008327260906
123426	0.01647215408
123427	0.01075941861
123428	0.00581730129
123429	0.003875940947
123430	0.001724491625
123431	0.003985317959
123432	0.009740620698
123433	0.009668690214
123434	0.0008415161719
123435	0.007186322223
123436	0.0007884588345
123437	0.002215441364
123438	0.004061633996
123439	0.01485123606
123440	0.001543768327
123441	0.001038165354
123442	0.001814862472
123443	0.005362601592
123444	0.01691662808
123445	0.009029736584
123446	0.004247909109
123447	0.001264536701
123448	0.01250569708
123449	0.003346093665
123450	0.0001103601075
123451	0.0001225356942
123452	2.339580601e-05
123453	0.0007421206936
123454	2.321780043e-05
123455	0.0001857944909
123456	0.001456316869
123457	0.002032828272
123458	0.002009970576
123459	0.001595216342
123460	0.002080373707
123461	0.002161767244
123462	0.001516165834
123463	0.001751780195
123464	0.004822828251
123465	0.001893832153
123466	0.001818753472
123467	0.00129037705
123468	0.001418577173
123469	0.002197318964
123470	0.001695985535
123471	0.002249913259
123472	0.001972481311
123473	0.001725462588
123474	0.001644509124
123475	0.001960703101
123476	0.001797769971
123477	0.001386785783
123478	0.001009243539
123479	0.001958239453
123480	0.002382742683
123481	0.001719014323
123482	0.001516512666
123483	0.001466077525
123484	0.001735115069
123485	0.001513340039
123486	0.002015845018
123487	0.00179940228
123488	0.001936018247
123489	0.001830324576
123490	0.002081569394
123491	0.001431147233
123492	0.002093841422
123493	0.002052122342
123494	0.006232935178
123495	0.006089509467
123496	0.006182693922
123497	0.006270841172
123498	0.005934371106
123499	0.005933303905
123500	0.005591098894
123501	0.005655200939
123502	0.005727241289
123503	0.005993058287
123504	0.006171280464
123505	0.005059000749
123506	0.005850176098
123507	0.005566354556
123508	0.005392153982
123509	0.005874054416
123510	0.006260517153
123511	0.006226046291
123512	0.005642949736
123513	0.00590959912
123514	0.005923636067
123515	0.005436711804
123516	0.006274079679
123517	0.005799019219
123518	0.005195032469
123519	0.004904655115
123520	0.005318461264
123521	0.006251431383
123522	0.005867257235
123523	0.004938525866
123524	0.00632536459
123525	0.005622687599
123526	0.005802990909
123527	0.005737937455
123528	0.005192624055
123529	0.005765515207
123530	0.006105237141
123531	0.005832902187
123532	0.004021943601
123533	0.00606321857
123534	0.005628062127
123535	0.005422591448
123536	0.005497627044
123537	0.006496327854
123538	0.004380353941
123539	0.004798616825
123540	0.005110572534
123541	0.004624081657
123542	0.005728815507
123543	0.004954665297
123544	0.00538769462
123545	0.007982899737
123546	0.005692452757
123547	0.00460941604
123548	0.005350523813
123549	0.005857021127
123550	0.005900980837
123551	0.006538541068
123552	0.005945685803
123553	0.005623155617
123554	0.005488018718
123555	0.0002764433902
123556	0.002050733235
123557	0.0003380225762
123558	0.000449955686
123559	0.0005428737798
123560	0.002099531772
123561	0.0003495997161
123562	0.001503090471
123563	0.002077778374
123564	0.001925782561
123565	9.255890181e-05
123566	0.0002486994884
123567	0.005200023231
123568	0.0009878403463
123569	0.000479853052
123570	0.0009541337735
123571	0.001374472242
123572	0.002479957206
123573	0.0005712106145
123574	0.001248377721
123575	0.0004627331499
123576	0.001832230503
123577	0.00149386542
123578	0.0003481735019
123579	0.001584355071
123580	0.0004791570772
123581	0.0001358507869
123582	0.0007920738019
123583	0.005012017421
123584	0.00317253421
123585	0.002305139897
123586	0.004102636092
123587	0.003664550015
123588	0.004223475101
123589	0.004172258861
123590	0.003743662623
123591	0.003576796762
123592	0.00443290665
123593	0.003682508805
123594	0.002712533266
123595	0.0042243666
123596	0.003668772687
123597	0.004200079735
123598	0.004141406926
123599	0.003657637908
123600	0.003214649505
123601	0.004754747912
123602	0.004729253867
123603	0.003987592501
123604	0.001771978096
123605	0.004889117444
123606	0.00239579101
123607	0.004295756183
123608	0.005246193224
123609	0.004651802918
123610	0.00274265979
123611	0.005241971485
123612	0.002803903691
123613	0.004057832306
123614	0.002896926015
123615	0.003358301354
123616	0.003503578793
123617	0.004345955581
123618	0.004663012246
123619	0.004946132294
123620	0.003764491116
123621	0.003957050925
123622	0.004410025678
123623	0.003572862432
123624	0.004133149915
123625	0.00460052856
123626	0.004100764496
123627	0.003483199593
123628	0.003619221046
123629	0.004158827169
123630	0.004160464577
123631	0.002424782672
123632	0.004300341426
123633	0.002591044375
123634	0.003289635464
123635	0.003966133509
123636	0.002855835894
123637	0.004012647459
123638	0.00423739081
123639	0.003685532772
123640	0.003848865417
123641	0.003428192933
123642	0.002879890839
123643	0.004769814311
123644	0.004208634835
123645	0.004472743335
123646	0.003451643312
123647	0.003182697295
123648	0.004051020636
123649	0.0008079899088
123650	0.001743408667
123651	0.001806681648
123652	0.0008242586964
123653	0.001394396101
123654	0.0004354476532
123655	0.000473745953
123656	0.003226161119
123657	4.675345041e-05
123658	0.001518955084
123659	0.009357340857
123660	0.002688343353
123661	0.002572592654
123662	0.001945965247
123663	0.002514643325
123664	0.001599460752
123665	0.002562141581
123666	0.002593329875
123667	0.0014894023
123668	0.002961817279
123669	0.004595985067
123670	0.001133661246
123671	0.001937641075
123672	0.002816474915
123673	0.00344693207
123674	0.004759039771
123675	0.002104536319
123676	0.003824112924
123677	0.00554376487
123678	0.003804940817
123679	0.003880030701
123680	0.005475434867
123681	0.005956164501
123682	0.004578644691
123683	0.005579880969
123684	0.001683747518
123685	0.00877286429
123686	0.005292488041
123687	0.00507192821
123688	0.005685442733
123689	0.005232602342
123690	0.006522878631
123691	0.001790985795
123692	0.0002611733892
123693	0.007251603971
123694	0.004747314733
123695	0.005540489963
123696	0.004813294287
123697	0.005330782269
123698	0.004911817511
123699	0.003746834491
123700	0.004734408633
123701	0.006800240844
123702	0.004919291193
123703	0.006937657325
123704	0.006497978947
123705	0.003578979642
123706	0.007046907592
123707	0.005026104582
123708	0.005634008039
123709	0.003338310031
123710	0.007585557608
123711	0.005769166928
123712	0.00482766797
123713	0.004518909496
123714	0.005591520632
123715	0.0001513206617
123716	0.009052156544
123717	0.006253389134
123718	0.00491532558
123719	0.01267040356
123720	0.00568535296
123721	0.004305223947
123722	0.004243608706
123723	0.003784956479
123724	0.005594650499
123725	0.005590777974
123726	0.004115444377
123727	0.003230578793
123728	0.005641058182
123729	0.005736931788
123730	0.0053831633
123731	0.003462010644
123732	0.006358177573
123733	0.004270270409
123734	0.004113855064
123735	0.002719010943
123736	0.004842105151
123737	0.006986013591
123738	0.006011699317
123739	0.005669454722
123740	0.006812365834
123741	0.006341361307
123742	0.006128935896
123743	0.004410700379
123744	0.006096936953
123745	0.006441683506
123746	0.006659907275
123747	0.007898943555
123748	0.006331235974
123749	0.006330777133
123750	0.002825004874
123751	0.006263387317
123752	0.0005871017478
123753	0.005597465324
123754	0.005561490479
123755	0.004879349708
123756	0.004913180791
123757	0.007564909111
123758	0.006196405758
123759	0.005263038293
123760	0.006140441472
123761	0.009627535933
123762	0.008452764965
123763	0.004448631019
123764	0.008436866928
123765	0.004812715023
123766	0.005428382233
123767	0.006024688842
123768	0.00735619822
123769	0.004853810249
123770	0.003152106596
123771	0.004723347323
123772	0.004483353301
123773	0.004560533024
123774	0.004168200085
123775	0.004091724036
123776	0.003305769586
123777	0.006053998675
123778	0.006767168197
123779	0.005816871908
123780	0.004131583457
123781	0.004427781355
123782	0.004954907687
123783	0.003584258984
123784	0.00599382159
123785	0.004847795758
123786	0.007014715264
123787	0.003921820227
123788	0.01010314853
123789	0.007174527083
123790	0.004300627608
123791	0.006327242079
123792	0.00281820072
123793	0.004646270396
123794	0.004162002089
123795	0.007906078201
123796	0.001774519238
123797	0.004146564603
123798	0.004256317711
123799	0.005177071228
123800	0.004151881927
123801	0.005277127178
123802	0.005330431102
123803	0.00334570651
123804	0.00530673534
123805	0.004626137341
123806	0.003152994843
123807	0.006118309666
123808	0.002411876382
123809	0.001459914954
123810	0.004849454863
123811	0.003520668422
123812	0.003348298599
123813	0.004588307572
123814	0.004055197618
123815	0.002180772375
123816	0.003647608002
123817	0.001968551589
123818	0.004353611492
123819	0.003217144636
123820	0.003860460914
123821	0.0001226195714
123822	0.004028524271
123823	0.0009256361983
123824	0.006233505006
123825	0.003244889465
123826	0.004323627926
123827	0.01184050232
123828	0.01132400456
123829	0.01350370373
123830	0.01172651472
123831	0.01148601785
123832	0.01228048447
123833	0.01131461436
123834	0.01195139877
123835	0.01228673408
123836	0.01231404107
123837	0.01191253857
123838	0.01004507308
123839	0.0117550594
123840	0.01206893982
123841	0.01059110101
123842	0.01470497917
123843	0.01032470642
123844	0.01168752754
123845	0.006999056267
123846	0.01101147023
123847	0.01137928436
123848	0.01085346585
123849	0.01045926743
123850	0.01040812842
123851	0.007928614267
123852	0.01210168405
123853	0.01025997079
123854	0.01554598465
123855	0.01238732448
123856	0.005031123319
123857	0.006376977795
123858	0.006481527067
123859	0.00880013225
123860	0.006798408211
123861	0.005081334552
123862	0.006620027742
123863	0.001592352892
123864	0.004164564435
123865	0.001787980729
123866	0.002863693578
123867	0.002445428165
123868	0.006893415298
123869	0.004818051843
123870	0.009977942503
123871	0.002181094725
123872	0.008499937056
123873	0.002238048827
123874	0.00463665529
123875	0.003295813152
123876	0.001638542759
123877	0.001772881093
123878	0.007011174886
123879	0.005198864609
123880	0.0003552196228
123881	0.0007012529741
123882	0.007871713661
123883	0.0001228021937
123884	0.006357835528
123885	0.009852410349
123886	0.01041625428
123887	0.003045076913
123888	0.004498617924
123889	0.01265823462
123890	0.000137604208
123891	0.001571071596
123892	0.009424163584
123893	0.004952590275
123894	0.00298089668
123895	0.0009395068853
123896	0.004672036281
123897	0.00640714665
123898	0.003176836588
123899	0.01936644538
123900	0.007476471526
123901	0.002936833655
123902	0.004836717088
123903	0.002073410866
123904	0.003061674284
123905	0.007016093599
123906	0.0001356160706
123907	0.006390696327
123908	0.000550990381
123909	0.002010395168
123910	0.0007518692967
123911	0.001763054019
123912	0.002892567327
123913	0.0007753626248
123914	0.00873638985
123915	0.002960021909
123916	0.0007601045691
123917	0.002532701826
123918	0.002002526653
123919	0.01198826543
123920	0.003254453309
123921	0.0005922689916
123922	0.003548781641
123923	0.0007998995714
123924	0.003838974004
123925	0.0006502952401
123926	0.001565258549
123927	0.002183990506
123928	0.005402015119
123929	0.005583814302
123930	0.00367985711
123931	0.004112161654
123932	0.005342520473
123933	0.005821751701
123934	0.002132128582
123935	0.007455154925
123936	0.002546447763
123937	0.003171026616
123938	0.002117876431
123939	0.004245222966
123940	0.003724858351
123941	0.007984345569
123942	0.002011499802
123943	0.01588172542
123944	0.001636773099
123945	0.005480143004
123946	0.005784403551
123947	0.00295651151
123948	0.01468016756
123949	0.001227469995
123950	0.009769119239
123951	0.01559114083
123952	0.0003067842574
123953	0.02558866825
123954	0.01688949681
123955	0.003444060971
123956	0.007880310089
123957	0.001274871901
123958	0.001820697186
123959	0.001306879911
123960	0.0003914082703
123961	0.008933737076
123962	0.01084187894
123963	0.009249633878
123964	0.01624030552
123965	0.001896812254
123966	0.01038534001
123967	0.003673089217
123968	0.003128184841
123969	0.01723179959
123970	0.006495963466
123971	0.01247067826
123972	0.001777541325
123973	0.001952349084
123974	0.0006863352067
123975	0.001922588381
123976	0.0007303445012
123977	0.0001979327966
123978	0.002115996777
123979	0.001635146807
123980	0.002362737346
123981	0.002326666456
123982	0.000201198326
123983	6.462277214e-05
123984	0.00572603617
123985	0.001761102516
123986	0.01134854956
123987	0.00187016157
123988	0.001057836659
123989	0.0007620371871
123990	0.0006371827059
123991	0.00814810993
123992	0.009483457862
123993	0.009113072294
123994	0.001683136748
123995	0.001091254809
123996	0.002512019039
123997	0.0137931194
123998	0.007476427314
123999	0.01309736128
124000	0.01363148934
124001	0.01450654724
124002	0.0008265485385
124003	0.0061193267
124004	0.001992520542
124005	0.003700355837
124006	0.0001539330832
124007	0.001513544832
124008	0.003271092976
124009	0.001270577537
124010	0.008489186648
124011	0.001743298467
124012	0.007917227236
124013	0.002706441794
124014	0.007250106587
124015	0.01074312262
124016	0.009215798256
124017	0.0006410880033
124018	0.005892572818
124019	0.0004216146713
124020	0.006258595026
124021	0.001331508507
124022	0.001327816837
124023	0.00263107705
124024	0.01103414354
124025	0.01544653669
124026	0.008035207746
124027	0.001822778553
124028	0.003656086256
124029	0.004306473454
124030	0.004914477474
124031	0.0006742214158
124032	0.007976099751
124033	0.01054327934
124034	0.009347357393
124035	0.001468613078
124036	0.002485766296
124037	0.003878808264
124038	0.006081980899
124039	0.0003410917545
124040	0.007672464879
124041	0.006161296026
124042	0.0002890397875
124043	0.001033950947
124044	3.837557717e-08
124045	0.009529156604
124046	0.009695212635
124047	0.01006789386
124048	0.001906307571
124049	0.005537921454
124050	0.01777693909
124051	0.007399573719
124052	0.0009778977588
124053	0.003359542774
124054	0.01220936019
124055	0.01086772089
124056	0.0001745071278
124057	0.01020389002
124058	0.003754150895
124059	0.007759629374
124060	0.002447214573
124061	0.003767998241
124062	0.009145267263
124063	0.002720065369
124064	0.005315560778
124065	0.002810732157
124066	0.00532861251
124067	0.009741668296
124068	0.004765790447
124069	0.005559895939
124070	0.007762528674
124071	0.009833380739
124072	0.003427332493
124073	0.0005997153795
124074	0.0004793526722
124075	0.01099242863
124076	0.01658838824
124077	0.008522372397
124078	0.00882066524
124079	0.003003970887
124080	0.00672627219
124081	0.00403801745
124082	0.01340544711
124083	0.001836025912
124084	0.0008752639242
124085	0.01415659426
124086	0.003082072709
124087	0.002039941334
124088	0.00292249179
124089	0.006535800071
124090	0.002159083415
124091	0.001972423629
124092	0.004038600148
124093	0.004518941963
124094	0.0002243547851
124095	0.006476567106
124096	0.005698385199
124097	0.007405557069
124098	0.01053169436
124099	0.001653199257
124100	0.0002260656861
124101	0.001587428856
124102	0.007441002029
124103	0.001730075643
124104	0.002908410974
124105	0.003936799752
124106	0.003613051039
124107	0.003831319337
124108	0.003116375807
124109	0.001320850147
124110	0.002827488391
124111	0.003898528325
124112	0.006036455192
124113	0.001202872966
124114	0.009984070291
124115	0.005982067205
124116	0.001860902311
124117	0.0009604965978
124118	0.0004604737363
124119	0.004552966235
124120	0.005572367976
124121	0.00936410258
124122	0
124123	0.002301547806
124124	0.005643727851
124125	0.003583955161
124126	0.0004557489625
124127	0.0004101463918
124128	0.000335932003
124129	0.001595392019
124130	0.002169108173
124131	0.0005769145886
124132	0.008332922216
124133	0.000383396565
124134	0.01426260525
124135	0.006689099134
124136	0.002603819091
124137	0.01564114186
124138	0.008910013606
124139	0.000976548601
124140	0.00568915183
124141	0.01283085244
124142	0.005435004317
124143	0.006384895555
124144	0.005024512206
124145	0.008757364343
124146	0.0182553149
124147	0.00451382418
124148	0.008476547006
124149	0.005674351967
124150	0.009168460456
124151	0.009482105975
124152	0.002711728754
124153	0.002081664413
124154	0.002419046969
124155	0.005442035908
124156	0.01953264626
124157	0.01079808932
124158	0.01268677729
124159	0.005567293102
124160	0.007026799443
124161	0.004866537804
124162	0.008858092647
124163	0.003703730169
124164	0.006793174083
124165	0.01020098776
124166	0.0008549267953
124167	0.008764300345
124168	0.008880745231
124169	0.01066092652
124170	0.00465321594
124171	0.01600829765
124172	0.005012114174
124173	0.008838286552
124174	0.00957533147
124175	0.007716237967
124176	0.008965288007
124177	0.003338374431
124178	0.003182450513
124179	0.01025165191
124180	0.003653084424
124181	0.001596924172
124182	0.001453782408
124183	0.01401094281
124184	0.009720808396
124185	0.0004335547845
124186	0.002714971742
124187	0.01118105853
124188	0.006058479206
124189	0.001173159482
124190	0.005503035307
124191	0.002490853589
124192	0.000679821972
124193	0.005209742792
124194	0.001095317951
124195	0.00943132714
124196	0.001702449376
124197	0.006122454812
124198	0.004429682708
124199	0.008623551986
124200	0.007019114377
124201	0.006998713473
124202	8.606362773e-08
124203	0.01013717624
124204	0.01091359631
124205	0.002372872662
124206	0.007580308119
124207	0.01043183581
124208	0.01007851933
124209	0.004493835732
124210	0.003185745966
124211	0.00196034738
124212	0.0002747811058
124213	0.001397702714
124214	0.005435109868
124215	0.003053322222
124216	0.001881295444
124217	6.224070037e-05
124218	0.007881921257
124219	0.002720255102
124220	0.00785579996
124221	0.002953942024
124222	0.003267147632
124223	0.002683462995
124224	0.001747427546
124225	0.008477275192
124226	0.002062880192
124227	0.0005347688141
124228	0.001595179612
124229	0.0007986697682
124230	0.007743860385
124231	0.007945797463
124232	0.001492645003
124233	0.002141599243
124234	0.007778613347
124235	0.009662015861
124236	0.007970971734
124237	2.289776883e-07
124238	0.008046789719
124239	0.001438134088
124240	0.002980103205
124241	0.001153220379
124242	0.002361644603
124243	0.003548537934
124244	0.002384855726
124245	0.004422893958
124246	0.008607590932
124247	0.002508334418
124248	0.002823346589
124249	0.001338529478
124250	0.0002990721621
124251	0.001691034422
124252	0.002625821859
124253	0.002801980252
124254	0.008301048182
124255	0.004576392979
124256	0.001615542592
124257	0.006321244638
124258	0.00439374166
124259	0.007419682688
124260	0.01027117868
124261	0.005111925142
124262	0.005816963838
124263	0.000632362893
124264	0.00111633298
124265	0.01175636637
124266	0.0101472412
124267	0.0008779375771
124268	0.0149976939
124269	0.01521935028
124270	0.01055230782
124271	0.007968880401
124272	0.01321974561
124273	0.005496311641
124274	0.01071025561
124275	0.006754570548
124276	0.0003623287529
124277	0.00998907753
124278	0.005918185385
124279	0.008374030933
124280	0.008364836264
124281	0.006157721616
124282	0.001953052398
124283	0.007359128922
124284	0.0008159855537
124285	0.000773986183
124286	0.009551059912
124287	0.007890796189
124288	0.0008239128267
124289	0.004186023933
124290	0.00955284193
124291	0.001020022436
124292	0.0006338971267
124293	0.006910220543
124294	0.003794039759
124295	0.001021350357
124296	0.0004340497111
124297	0.004520532879
124298	0.007939961635
124299	0.004686784934
124300	0.0008387052338
124301	0.0007440160953
124302	0.004920954221
124303	0.002294099997
124304	0.001263143956
124305	0.0108775342
124306	0.01007279536
124307	0.005040852107
124308	0.006283827445
124309	0.001843444228
124310	0.008484660132
124311	0.007568571395
124312	0.003430568268
124313	0.009159892089
124314	0.006546394641
124315	0.01031049043
124316	0.008111582922
124317	0.0008826818713
124318	0.01402212753
124319	0.0102266543
124320	0.00381489401
124321	0.0004607540852
124322	0.004681656901
124323	0.0001874769892
124324	0.004525528446
124325	0.001986515451
124326	0.007502308535
124327	0.006380976235
124328	0.001629429001
124329	0.003049683054
124330	0.0207028405
124331	0.001630103162
124332	0.001057036325
124333	0.0005301335328
124334	0.002371763683
124335	0.0006578246387
124336	0.01297988356
124337	0.005400707891
124338	0.0005240581792
124339	0.0002984492591
124340	0.008104860379
124341	7.677349261e-05
124342	0.01159276394
124343	0.00441803255
124344	0.0005146544992
124345	0.004921067817
124346	0.002736011424
124347	0.01113864712
124348	0.0009955656927
124349	0.004546270687
124350	0.006111474227
124351	0.000138715436
124352	0.003028303979
124353	0.008109449279
124354	0.005237526902
124355	0.001334170656
124356	0.001688688448
124357	0.003311812512
124358	0.002451438741
124359	0.004224128272
124360	0.00635590902
124361	0.0008928425585
124362	0.0009725062393
124363	0.006176570092
124364	0.0008785633702
124365	0.001184877147
124366	0.004668620036
124367	0.00104521647
124368	0.001732465186
124369	0.003975517433
124370	0.001325729965
124371	0.003228106721
124372	0.002843212885
124373	0.0009267393371
124374	0.003772127264
124375	0.0009314515782
124376	0.0007029585952
124377	0.009157744176
124378	0.004026771137
124379	0.0126108225
124380	0.00790996072
124381	0.003831462759
124382	0.004734888112
124383	0.002023593346
124384	0.003260374074
124385	0.01035910153
124386	0.002032151016
124387	0.009796965766
124388	0.006685848896
124389	0.008553145233
124390	0.003044193976
124391	0.002096390624
124392	0.004320360927
124393	0.005532036107
124394	0.001603488946
124395	0.001861745609
124396	0.006512825442
124397	0.007807690296
124398	0.004104682445
124399	0.009354166166
124400	0.002472296682
124401	0.005227823168
124402	0.00376480792
124403	0.006330017981
124404	0.005738123719
124405	0.00315470357
124406	0.007997083658
124407	0.001221353769
124408	0.001426743509
124409	0.0004700397897
124410	0.005073763199
124411	0.0007494131402
124412	0.001894242823
124413	0.001199910704
124414	0.0003198763282
124415	0.002386511693
124416	0.003457827997
124417	0.005017242945
124418	0.0011254534
124419	0.00623670649
124420	0.002859551343
124421	0.001228694931
124422	0.006870500432
124423	0.006858594918
124424	0.01028201452
124425	0.001570638134
124426	0.01307278184
124427	0.004575813368
124428	0.001876079893
124429	0.00127681553
124430	0.01485569076
124431	0.003265814037
124432	0.00990525741
124433	0.0009581963145
124434	0.009372535694
124435	0.0004209064487
124436	0.00559173712
124437	0.001507140804
124438	0.0006942507545
124439	0.008217370993
124440	0.002313706173
124441	0.000150382473
124442	0.004168285991
124443	0.001751880869
124444	0.00247233369
124445	0.009581707697
124446	0.001741773881
124447	0.0009165417906
124448	0.001399521465
124449	0.002646795193
124450	0.0004856484251
124451	0.00478286098
124452	0
124453	7.651549831e-05
124454	0.01126436376
124455	0.01075331608
124456	0.01463348768
124457	0.01090829393
124458	0.007467681091
124459	0.01216809995
124460	0.003169889783
124461	0.000859464505
124462	0.006305398334
124463	0.005981345651
124464	0.02237547209
124465	0.002542240755
124466	0.00086659926
124467	0.004025083287
124468	0.001965515315
124469	0.01050879506
124470	0.003390858234
124471	0.001650619604
124472	0.005094781488
124473	0.004455736112
124474	0.003959131759
124475	0.006271057861
124476	0.005473745665
124477	0.001313660054
124478	0.002705795455
124479	0.0008692001311
124480	0.003708571197
124481	0.007236751681
124482	0.0007804073624
124483	0.00204602649
124484	0.00971437269
124485	0.005074635058
124486	0.01041511349
124487	0.004910101213
124488	0.0002169532773
124489	0.007369962726
124490	0.0007179022285
124491	0.004361978493
124492	0.00226171726
124493	0.003875129219
124494	0.0004933433129
124495	9.730826782e-05
124496	0.004859034688
124497	0.01010081388
124498	0.001266323135
124499	0.004212840334
124500	0.006784489837
124501	0.0008658326006
124502	0.007416762918
124503	0.001033083411
124504	0.002921074669
124505	0.0002780746395
124506	0.006968453473
124507	0.0004291131353
124508	0.001537356018
124509	0.003390260424
124510	0.002927361669
124511	0.001806687934
124512	0.00202968668
124513	0.0008582656818
124514	0.002887812366
124515	0.004194133921
124516	0.01680771514
124517	0.00276803095
124518	0.001865889804
124519	0.004599164338
124520	0.005470676222
124521	0.005885745109
124522	0.008224100314
124523	0.0008842983935
124524	0.002232686027
124525	0.002154695292
124526	0.002414140449
124527	0.004387962511
124528	0.003171527648
124529	0.003569033399
124530	0.004325425103
124531	0.005437509937
124532	0.00253215053
124533	0.0001668756458
124534	0.003302754638
124535	0.0126673129
124536	0.012118424
124537	0.005979357232
124538	0.003131376398
124539	0.0007545232963
124540	0.003925848373
124541	0.001457225854
124542	0.004433605012
124543	0.007904438799
124544	0.0007920314733
124545	0.003614727872
124546	0.008800609807
124547	0.003304978797
124548	0.0007070849415
124549	0.004503553609
124550	0.006424640942
124551	0.00155851646
124552	6.745926638e-05
124553	0.005437649966
124554	0.00865882954
124555	0.01029879827
124556	0.005551481359
124557	0.001938841098
124558	0.00198166247
124559	0.007156959762
124560	0.01097526338
124561	0.007233043584
124562	0.003708868211
124563	0.006318916493
124564	0.002134777229
124565	0.03102717649
124566	0.0008680079794
124567	0.006755763365
124568	0.0088469541
124569	0.001784015
124570	0.01046612052
124571	0.0009104411562
124572	0.003761385587
124573	0.007504494395
124574	0.002522967951
124575	0.005273492531
124576	0.004356323955
124577	0.004977206054
124578	0.01017385004
124579	0.01221792981
124580	0.006922837005
124581	0.003027929299
124582	0.005579719114
124583	0.002062221282
124584	0.0005237172822
124585	0.00301056877
124586	0.002272026555
124587	0.001824184098
124588	0.005224645129
124589	0.003289837544
124590	0.008696611877
124591	0.005336253403
124592	0.004890947832
124593	0.001613165072
124594	0.0003055833436
124595	0.0148373226
124596	0.006820602254
124597	0.003578785185
124598	0.001333769174
124599	0.0009820140122
124600	0.00721073221
124601	0.002450493378
124602	0.01365841926
124603	0.01004107183
124604	0.0008640065184
124605	0.004194658293
124606	0.002220160603
124607	0.003331572982
124608	0.001633997244
124609	0.001549743143
124610	0.001931014809
124611	0.003331345773
124612	0.00245499821
124613	0.001924311296
124614	0.002390140548
124615	0.001752401266
124616	0.002061044226
124617	0.001601737094
124618	0.001608866811
124619	0.002480367074
124620	0.002833025257
124621	0.002283547489
124622	0.001036984369
124623	0.003703860548
124624	0.001805475663
124625	0.003005208919
124626	0.00850871251
124627	0.005235576501
124628	0.008857385689
124629	0.0001116578274
124630	0.002816040168
124631	0.001056518539
124632	0.00137311864
124633	0.004705502262
124634	0.0007249253559
124635	0.007276475341
124636	0.008024414566
124637	0.003043259759
124638	0.009361655523
124639	0.002427195128
124640	0.004178001283
124641	0.004256845905
124642	0.003495196113
124643	0.009125581215
124644	0.007487095797
124645	0.01679110244
124646	0.01308942262
124647	0.01349986083
124648	0.005019704124
124649	0.005779741452
124650	0.0008323076178
124651	0.008943221741
124652	0.0036487211
124653	0.003623676917
124654	0.01149854614
124655	0.004622991895
124656	0.008454628034
124657	0.002450692988
124658	0.01840368279
124659	0.002317558892
124660	0.000309367871
124661	0.002563214392
124662	0.004650701611
124663	0.00249580004
124664	0.01053209501
124665	0.001215465494
124666	0.008668611608
124667	0.006570129219
124668	0.001127698413
124669	0.001556692681
124670	0.0006883634854
124671	0.00211458073
124672	0.01103076802
124673	0.007481567378
124674	0.006817082969
124675	0.0003583166148
124676	0.01213100528
124677	0.008736041601
124678	0.0005712931326
124679	0.005165060309
124680	0.01000460579
124681	0.0001668326257
124682	0.01262186403
124683	0.004338067097
124684	0.005984219313
124685	0.000203851641
124686	0.01599475268
124687	0.0006299295918
124688	0.003003116
124689	0.003382794219
124690	0.005681207347
124691	0.002693068864
124692	0.005226938599
124693	0.00126596938
124694	0.002066689136
124695	0.003161010836
124696	0.002530479261
124697	0.003896373426
124698	0.003415066716
124699	0.003106597014
124700	0.001314434804
124701	0.00725374592
124702	0.00805808998
124703	0.002226881584
124704	0.003929115545
124705	0.00501890193
124706	0.004187599515
124707	0.004885805577
124708	0.01066652296
124709	0.00286378153
124710	0.005011642474
124711	0.0002142858056
124712	0.01888819999
124713	0.006792829864
124714	0.009151618011
124715	0.002896280907
124716	0.002229049762
124717	0.005440461523
124718	0.004560109166
124719	0.001508392742
124720	0.001479000189
124721	0.001450356112
124722	0.005751906214
124723	0.000690356516
124724	0.006418401528
124725	0.009969942785
124726	0.003658253081
124727	0.001873904449
124728	0.0071948873
124729	0.001884702566
124730	0.007705540096
124731	0.01997478978
124732	0.003401684298
124733	0.001938699498
124734	0.0003631926028
124735	0.002937883879
124736	3.858341267e-05
124737	0.0008150492957
124738	0.009938174716
124739	0.004538790201
124740	0.001134739618
124741	0.004490584546
124742	0.004343316401
124743	0.006471558795
124744	0.006467283817
124745	0.001293320131
124746	0.003395494428
124747	0.005427310722
124748	0.004801382763
124749	0.006533004725
124750	0.00788279361
124751	0.009517405468
124752	0.001553260538
124753	0.003236159219
124754	0.01229496261
124755	0.01684126205
124756	0.01595932886
124757	0.004793185044
124758	0.004275211138
124759	0.002593606348
124760	0.0008767765895
124761	0.00354010623
124762	0.008217674817
124763	0.003575228529
124764	0.002064255902
124765	0.006051945828
124766	0.00491807374
124767	0.006339700189
124768	0.001075954006
124769	0.0005338002115
124770	0.00144712458
124771	0.001403968819
124772	0.001593955322
124773	0.0006457888841
124774	0.001407434511
124775	0.002314651079
124776	0.0020332152
124777	0.001726359017
124778	0.001868157002
124779	0.002935455137
124780	0.002528540285
124781	0.001483702695
124782	0.002836141785
124783	0.002500448142
124784	0.001661334782
124785	0.002749429091
124786	0.0007882620238
124787	0.001516038045
124788	0.002004008711
124789	0.001314321759
124790	0.002035186072
124791	0.001976688484
124792	0.002483971288
124793	0.001631358281
124794	0.002569883706
124795	0.001430265603
124796	0.001494895099
124797	0.0008398546451
124798	0.002874244819
124799	0.002425184897
124800	3.765250079e-05
124801	0.00159983386
124802	0.0007824688395
124803	0.001441002827
124804	0.01071231739
124805	0.01282865826
124806	0.01570154128
124807	0.003449700296
124808	0.007868235934
124809	0.001997741786
124810	0.002146660425
124811	0.01402327077
124812	0.002595810252
124813	0.005377494503
124814	0.009636485703
124815	0.0001179196325
124816	0.0007562457586
124817	0.002524278634
124818	0.001288444787
124819	0.002218126873
124820	0.002171541721
124821	0.0009418416891
124822	0.00169764634
124823	0.003894900482
124824	0.01113251544
124825	0.005719340998
124826	0.01317662805
124827	0.0001695951915
124828	0.0007395804559
124829	0.0002015388753
124830	0.001652333001
124831	0.002524830538
124832	0.00466391454
124833	0.0008139083594
124834	0.01516162328
124835	0.0004978669041
124836	9.76525515e-06
124837	0.002273933729
124838	0.0142536837
124839	0.001543971114
124840	0.0004253059849
124841	0.003897869539
124842	0.01180127197
124843	0.006189459224
124844	0.004992616632
124845	0.01046844608
124846	0.0001428159597
124847	0.01214782329
124848	0.002792285774
124849	0.0003668423361
124850	0.0008553201081
124851	0.00875597721
124852	0.003393687095
124853	0.008197036331
124854	0.002072121924
124855	0.001433145383
124856	0.003107527447
124857	0.005241298231
124858	0.001300508917
124859	0.004729728193
124860	0.001800695548
124861	0.001246644005
124862	0.005541144732
124863	0.00929009453
124864	0.00609474003
124865	0.006176501931
124866	0.003157731778
124867	0.006162146468
124868	0.01943296771
124869	0.003496975696
124870	0.01203348926
124871	0.004289362941
124872	0.001162353468
124873	0.01362841513
124874	0.003807348641
124875	0.01556476425
124876	0.003238548222
124877	0.007928960815
124878	0.005562928295
124879	0.006316050221
124880	0.005718012239
124881	0.001617255073
124882	0.003217999843
124883	0.001966648511
124884	0.003383615708
124885	0.0007204167365
124886	0.004768457526
124887	0.003670456107
124888	0.001064851434
124889	0.001174789678
124890	0.006300702865
124891	0.00795285829
124892	0.00525034226
124893	0.004822970688
124894	0.005376265153
124895	0.002735124824
124896	0.006490823519
124897	0.002768511026
124898	0.004099154618
124899	0.005158146016
124900	0.0005378811253
124901	0.0008067818787
124902	0.0001532043392
124903	0.01651518507
124904	0.002125774963
124905	0.002249510474
124906	0.001317778981
124907	0.0006963334449
124908	0.001223068293
124909	0.005816125864
124910	0.008261870099
124911	0.000765314855
124912	0.00522263134
124913	0.005141487391
124914	0.01003634557
124915	0.003971387458
124916	0.000811853048
124917	0.005740101769
124918	0.004952647316
124919	0.00154441817
124920	0.002163827512
124921	0.001528941953
124922	0.002303969156
124923	0.003181389491
124924	0.002129080897
124925	0.001574412974
124926	0.0102349368
124927	0.007006859222
124928	0.01071875162
124929	0.007177317093
124930	0.001803505236
124931	0.006428449249
124932	0.0008025192554
124933	0.003079475945
124934	0.002669813713
124935	0.008712787797
124936	0.004749492547
124937	0.001664025377
124938	0.006424081521
124939	0.00280013194
124940	0.001136893757
124941	0.001291200274
124942	0.01108847395
124943	0.0007075735267
124944	0.000481025358
124945	0.01131200688
124946	0.009773486463
124947	0.003912839586
124948	0.003564122724
124949	0.004301433649
124950	0.004169472775
124951	0.01519993769
124952	0.001164065614
124953	0.006888223633
124954	0.01106447138
124955	0.002673921367
124956	0.004532459002
124957	0.002204161416
124958	0.008930644013
124959	0.00514706414
124960	0.001956378509
124961	0.01140539919
124962	0.0007441419703
124963	0.0004912780738
124964	0.004876742841
124965	0.0001394587834
124966	0.003000488245
124967	0.0007262371133
124968	0.001301678301
124969	0.00239631213
124970	0.001079181182
124971	0.009567868901
124972	0.009120565046
124973	0.005599948621
124974	0.0005331722938
124975	0.0001705040324
124976	0.00200601174
124977	0.002177367259
124978	0.009028383237
124979	0.006833476044
124980	0.005224078403
124981	0.007075852626
124982	0.007614767219
124983	0.003864394834
124984	0.007374385407
124985	0.00323098779
124986	0.0005967068076
124987	0.004394107122
124988	0.002012138803
124989	0.003078969927
124990	0.007945717939
124991	0.01373595794
124992	0.01069263853
124993	0.0016874849
124994	0.01316653485
124995	0.005865533502
124996	0.0001562093688
124997	0.004590170017
124998	0.00988894672
124999	0.004149120677
125000	0.005241479691
125001	0.009539536211
125002	0.01846229195
125003	0.008665518476
125004	0.005800294246
125005	0.002387294889
125006	0.00555573584
125007	0.009689538711
125008	0.003045716758
125009	0.007741463277
125010	0.01256205729
125011	0.007947709485
125012	0.004409233228
125013	0.005640829546
125014	0.005615826076
125015	0.004789340546
125016	0.01457604396
125017	0.005320956336
125018	0.009476435592
125019	0.003126911286
125020	0.005733061822
125021	0.005592741375
125022	0.003396837036
125023	0.005045081551
125024	0.004491823545
125025	0.003806400867
125026	0.002157844381
125027	0.01491840538
125028	0.004432283362
125029	0.01725676238
125030	0.004033404149
125031	0.001109439992
125032	0.003090931109
125033	0.0043960581
125034	0.003530887639
125035	0.0001557515769
125036	0.006647797843
125037	0.00716987601
125038	0.006698781063
125039	0.003188411807
125040	0.005792399392
125041	0.002061016338
125042	0.01417084307
125043	0.001939753048
125044	0.003016833026
125045	0.0008755644908
125046	0.006893640554
125047	0.008281085851
125048	0.000254179947
125049	0.001636829014
125050	0.0007364938641
125051	0.00434940543
125052	0.001487034543
125053	0.002462774737
125054	0.002813765535
125055	0.004646658938
125056	0.009854141904
125057	0.0003471549782
125058	0.0085516182
125059	0.0004306609914
125060	0.008703072503
125061	0.01811909106
125062	0.005826517732
125063	0.009814396683
125064	0.00663284873
125065	0.002652941817
125066	0.002543173023
125067	0.001509920389
125068	0.003377748135
125069	0.01854796677
125070	0.00604630434
125071	0.008074814759
125072	0.003721816258
125073	0.003394238674
125074	0.009030234266
125075	0.003264115196
125076	0.003578193841
125077	0.004656599581
125078	0.007700989885
125079	0.005052974171
125080	0.002282574098
125081	0.008575670524
125082	0.002935705521
125083	0.001235996768
125084	0.004815377961
125085	0.006792398433
125086	0.0098433568
125087	0.0119574916
125088	0.007689842224
125089	7.303608836e-07
125090	0.002398185472
125091	0.002846742031
125092	0.006140004632
125093	0.003667206838
125094	0.0006817284648
125095	0.003269450763
125096	0.001546057351
125097	0.00447339227
125098	0.01091845703
125099	0.00144074325
125100	0.002826577364
125101	0.01270750799
125102	0.005005659115
125103	0.002627871587
125104	0.001161358387
125105	0.001590389044
125106	0.003914830087
125107	0.007112713357
125108	0.002879066688
125109	0.001459089871
125110	0.0001665833339
125111	0.001616631327
125112	0.0001613969431
125113	0.001627331562
125114	0.0009588259235
125115	0.0006391248412
125116	0.001617105037
125117	0.007154225108
125118	0.002912994077
125119	0.005495956504
125120	0.000201851752
125121	0.003288764429
125122	0.01058704184
125123	0.001740514974
125124	0.0008812786131
125125	0.0004995821405
125126	0.004196026924
125127	0.00206291066
125128	0.001255837133
125129	0.001506278519
125130	0.001418552463
125131	0.0009872546136
125132	0.001983182959
125133	0.001604097954
125134	0.0006494382001
125135	0.0022485848
125136	0.0002145323655
125137	0.001311339267
125138	0.001175623135
125139	0.005985960826
125140	0.002673153991
125141	0.002902745597
125142	0.0002880880409
125143	0.002801328275
125144	0.0007253969879
125145	0.004237326224
125146	0.001668203518
125147	0.002925169784
125148	0.001842675033
125149	0.0003657310134
125150	0.0003328007838
125151	0.0009199303922
125152	0.001341517821
125153	2.347901165e-06
125154	0.003384114375
125155	0.002744370236
125156	0.0009463920887
125157	0.0004458144658
125158	0.004930577543
125159	0.001938641395
125160	0.001454812813
125161	0.01287600205
125162	0.003063264265
125163	0.0006642560807
125164	0.00359500751
125165	0.0008229408421
125166	0.0002544281077
125167	0.002402129546
125168	0.002803995791
125169	0.001327766676
125170	0.005370101345
125171	0.0008186922205
125172	0.004684370162
125173	0.007138087236
125174	0.004030975275
125175	0.002071946867
125176	0.001665559011
125177	0.0009367423813
125178	0.0002066826397
125179	0.0003784526703
125180	0.001420870668
125181	0.0003898600091
125182	0.0002264821614
125183	0.0009518781301
125184	0.0005590304227
125185	0.005054419669
125186	3.506674409e-05
125187	0.001674684216
125188	0.001103201477
125189	0.001748556526
125190	0.0005687338119
125191	0.003349522643
125192	0.001630252711
125193	0.001054737368
125194	0.001126456115
125195	0.0002804505788
125196	0.001446812426
125197	0.001174460533
125198	0.000829283159
125199	0.0002301349696
125200	0.0005132043127
125201	0.0007002162153
125202	0.0018094073
125203	0.0009701509668
125204	0.002321405469
125205	0.001465597801
125206	0.008350163539
125207	0.005953298245
125208	0.005229865293
125209	0.0007304977032
125210	0.003559412091
125211	0.007587336822
125212	0.008868947871
125213	0.004968936569
125214	0.009471818218
125215	0.005899988954
125216	0.01318218386
125217	0.01177446604
125218	0.002645583368
125219	0.004849497015
125220	0.001415161114
125221	0.002229031272
125222	0.007915824752
125223	0.0008618873664
125224	0.0045286946
125225	0.00552770924
125226	0.0005773720371
125227	0
125228	0.004836024781
125229	0.004414217805
125230	0.007985591937
125231	0.002901014912
125232	0.002933143016
125233	0.0009965748893
125234	0.0003476661112
125235	0.00128138188
125236	0.003984496161
125237	0.0009549534794
125238	0.006976453598
125239	0.002163936713
125240	0.006952432544
125241	0.00394126661
125242	0.002188776064
125243	0.01123727287
125244	0.004331498435
125245	0.008962248616
125246	0.009486471187
125247	0.006532487216
125248	0.004745684544
125249	0.006049742066
125250	0.0103725595
125251	0.006135082005
125252	0.002722412171
125253	0.004849222835
125254	0.001195531318
125255	0.0002018730514
125256	0.008133313799
125257	0.0101177094
125258	0.005318661971
125259	0.002851958534
125260	0.01163462673
125261	0.01231423565
125262	0.00251243796
125263	0.004647671118
125264	0.0003180447402
125265	0.003394237885
125266	0.003234525966
125267	0.00280556285
125268	0.0005224109258
125269	0.006589442068
125270	0.007953968831
125271	0.005670840838
125272	0.005479363368
125273	0.0083538171
125274	0.005845917355
125275	0.002026418734
125276	0.0008777115075
125277	0.003739413487
125278	0.0008415173767
125279	0.0006942993015
125280	0.0006450867034
125281	0.01110916467
125282	0.0007470862917
125283	0.004225568966
125284	0.0004581279925
125285	0.002516632496
125286	0.001468933995
125287	9.120527816e-05
125288	0.01158446952
125289	0.01510026691
125290	0.001291557819
125291	0.00244365524
125292	0.003505160898
125293	0.004632895426
125294	0.0005847835512
125295	0.007041573959
125296	0.005579362893
125297	0.001134323146
125298	0.01184169506
125299	0.008230036929
125300	0.02302380906
125301	0.005863804981
125302	0.01408968036
125303	0.001004841356
125304	0.0009581156148
125305	0.006807819066
125306	0.001581015125
125307	0.002231922611
125308	0.0004334260351
125309	0.000660164776
125310	0.001112713284
125311	0.00416665104
125312	0.003140575971
125313	0.004764729475
125314	0.0002429899796
125315	0.007544827016
125316	0.002481920484
125317	0.005048884258
125318	0.0064655877
125319	0.005945912576
125320	0.003019443586
125321	0.001685922582
125322	0.0007537457786
125323	0.000535608694
125324	0.001273029455
125325	0.0003512034998
125326	0.0007889643161
125327	0.00153094223
125328	4.749716605e-05
125329	0.0003137599316
125330	0.005142448586
125331	0.004805800008
125332	0.004216675722
125333	0.01142579907
125334	0.004696806105
125335	0.0008472603159
125336	0.003036715106
125337	0.001734647572
125338	0.003481174291
125339	0.005955169089
125340	0.004674094074
125341	0.007855939067
125342	0.00289535328
125343	0.0005110370065
125344	0.005109639923
125345	0.00428755341
125346	0.002565531434
125347	0.003746852618
125348	0.003557516564
125349	0.004641323242
125350	0.00229041157
125351	0.003116465609
125352	0.00354092281
125353	0.004681338772
125354	0.01452504467
125355	0.003091234804
125356	0.0007273102482
125357	0.007730821247
125358	0.0002749091944
125359	0.0002461645618
125360	0.001980244098
125361	0.003340985294
125362	0.005736592767
125363	0.00423640617
125364	0.0004130024569
125365	0.0001703602702
125366	0.001867007887
125367	0.005791661971
125368	0.00440657126
125369	0.006978312977
125370	0.006305312637
125371	0.001910257558
125372	0.000744781038
125373	0.005654729588
125374	0.006423928144
125375	0.002477249764
125376	0.00809127985
125377	0.001281295215
125378	0.004147033803
125379	4.357066239e-05
125380	0.005209250366
125381	0.00267546644
125382	0.003058170276
125383	0.002016161193
125384	5.854266894e-05
125385	0.006633464086
125386	0.008025661208
125387	0.0158313864
125388	0.008498434711
125389	0.01764987053
125390	0.003561656439
125391	0.004774001723
125392	0.0005565534585
125393	0.002425218819
125394	0.01274104966
125395	0.004244932679
125396	0.009907991794
125397	0.004408107237
125398	0.01476444455
125399	0.003964445989
125400	0.003625156697
125401	0.0001904954983
125402	0.002869598355
125403	0.00323354857
125404	0.001072952035
125405	0.008529033847
125406	0.004574064506
125407	0.0008099239091
125408	0.003432202296
125409	0.0003346480452
125410	0.004096784365
125411	0.006329320953
125412	0.002107906538
125413	0.003792304065
125414	0.005538905139
125415	0.007089223376
125416	0.004030817253
125417	0.004876434373
125418	0.00259947925
125419	0.0041409168
125420	0.008753190438
125421	0.004706094568
125422	0.005315186023
125423	0.009029391975
125424	0.004635610398
125425	0.003659495506
125426	0.001580388047
125427	0.001364504917
125428	0.01287076661
125429	0.0008398434923
125430	0.001890210793
125431	0.001610189851
125432	0.02970011701
125433	0.005765205433
125434	0.01140252656
125435	0.0005791239896
125436	0.003693318892
125437	0.008822575463
125438	0.001238357419
125439	0.01527314753
125440	0.009560378406
125441	0.002187622833
125442	0.0002877146752
125443	0.007226280324
125444	0.005091390723
125445	0.003377267915
125446	0.004703543752
125447	0.0003093032602
125448	0.00102434202
125449	0.003171197407
125450	0.00731743039
125451	0.002373355257
125452	0.003975872051
125453	0.005716277255
125454	0.005227863108
125455	0.01203326693
125456	0.0001852399997
125457	0.002811840938
125458	0.003832730948
125459	0.005480253116
125460	0.00946704674
125461	0.0103640492
125462	0.007536580061
125463	0.007211813747
125464	0.01063788703
125465	0.01581582823
125466	0.0002882170845
125467	0.0005181865262
125468	0.0005263137003
125469	0.0007370151566
125470	0.001106308402
125471	0.001714148892
125472	0.0001379481374
125473	0.000468964897
125474	0.001369461455
125475	0.0005838567052
125476	0.009266694922
125477	0.001519570454
125478	0.0005965078102
125479	0.0006859723048
125480	0.0005737233387
125481	0.003538119178
125482	0.000588686967
125483	0.000730732697
125484	0.0009895456987
125485	0.000553156937
125486	0.000839997896
125487	0.0005484999382
125488	0.0001334451153
125489	0.0002805708743
125490	0.000580661727
125491	0.0001793127067
125492	0.0003559620258
125493	0.0004716546912
125494	0.0001015374301
125495	0.0006675463055
125496	0.00113476381
125497	0.0005157519842
125498	0.0004592337826
125499	0.0001044661844
125500	0.0005540613502
125501	0.001038671781
125502	0.0005938178968
125503	0.0006116668978
125504	0.0003584319145
125505	0.00180273825
125506	0.007563711683
125507	0.01182392123
125508	0.004900747235
125509	0.001487680907
125510	0.005793449126
125511	0.00529236538
125512	0.001221251868
125513	0.0002178721375
125514	0.004558213617
125515	0.001147707554
125516	0.0008372540369
125517	0.000837071633
125518	0.0005611826184
125519	0.0002755576616
125520	0.0009762260994
125521	0.0005538100083
125522	0.0001397560176
125523	0.000282411844
125524	0.0001369800887
125525	0.000696266531
125526	0.005945925195
125527	0.005031177161
125528	4.868517948e-05
125529	0.0005218985471
125530	0.01041864069
125531	0.0004116010333
125532	0.006212504726
125533	0.0005832886466
125534	0.001271143785
125535	0.008440239187
125536	0.001457080359
125537	0.02108431023
125538	0.02686082311
125539	0.005237190152
125540	0.01544100146
125541	0.00401346092
125542	0.01134880612
125543	0.004286830533
125544	0.01396872323
125545	0.00209083479
125546	0.01081244811
125547	0.003944639672
125548	0.008249591095
125549	0.02089629395
125550	0.000483288618
125551	0.001032868255
125552	0.009025896421
125553	0.004893361349
125554	0.01312898798
125555	0.007525496204
125556	0.001228763808
125557	0.01007333439
125558	0.0004816080559
125559	0.002530146965
125560	0.002798596063
125561	0.001103703182
125562	0.0009035180355
125563	0.00173963015
125564	0.0004402699488
125565	0.002138084154
125566	0.001885195963
125567	0.002872685356
125568	0.007332454971
125569	0.00222351708
125570	0.003045377659
125571	0.001241432587
125572	0.002223703291
125573	0.001844513386
125574	0.001618398421
125575	0.002899208661
125576	0.00349900155
125577	0.001748409659
125578	0.003454485244
125579	0.002782353946
125580	0.003227459038
125581	0.002939612831
125582	0.0007160952788
125583	0.002563141327
125584	0.001462109426
125585	0.008002521043
125586	0.005964921381
125587	0.003759318161
125588	0.0006554143758
125589	0.01088158223
125590	0.003574493543
125591	0.001618645445
125592	0.006236688403
125593	0.00152990528
125594	0.004330765687
125595	0.004857301732
125596	8.347340189e-05
125597	0.004247502495
125598	0.006169792391
125599	0.003613259034
125600	0.004992977001
125601	0.001643862333
125602	0.005081442624
125603	0.002337248267
125604	0.006306534737
125605	0.007466101821
125606	0.001103348
125607	0.001702453091
125608	0.003148511706
125609	0.008249628726
125610	0.009222680088
125611	0.001982716858
125612	0.002448406325
125613	0.002509765023
125614	0.003381148654
125615	0.0007205147064
125616	0.002269722735
125617	0.009045905824
125618	0.0007748860505
125619	0.0002486247382
125620	0.002492513768
125621	0.003136852555
125622	0.001586424615
125623	0.002890465985
125624	0.0001984638263
125625	0.007934276708
125626	0.003304690693
125627	0.003573062053
125628	0.002935634968
125629	0.00531483489
125630	0.0001496725619
125631	0.002934961501
125632	0.002781589254
125633	0.002917649973
125634	0.0006201654042
125635	0.0001801373635
125636	0.004149486465
125637	0.0006227236779
125638	0.0003703814822
125639	0.00108472519
125640	0.003304588606
125641	7.457740562e-07
125642	0.0005953530875
125643	0.002748954512
125644	0.001211703572
125645	0.000134861264
125646	0.004809642311
125647	0.00373030684
125648	0.003079626376
125649	0.006142896646
125650	0.009658346375
125651	0.01202375315
125652	0.01828460275
125653	0.005471461209
125654	0.00433955691
125655	0.002417878093
125656	0.004435235906
125657	0.00671521401
125658	0.00174160831
125659	0.007393907012
125660	0.005773301658
125661	0.0009747357915
125662	0.009275133035
125663	0.007998398435
125664	0.004969132195
125665	0.0004460459743
125666	0.004950513483
125667	0.005235865236
125668	0.01489584148
125669	0.002243826471
125670	0.002324325305
125671	0.004728172908
125672	2.886050226e-05
125673	0.002605465626
125674	0.002191371367
125675	0.001403102161
125676	0.004883570132
125677	0.001391898537
125678	0.008253349826
125679	0.002321818246
125680	0.008366897601
125681	0.0006204564968
125682	0.005447877316
125683	0.002699180478
125684	0.01200211858
125685	0.003476450209
125686	0.003901150718
125687	0.005154159081
125688	0.00449299512
125689	0.006724507703
125690	0.006095345251
125691	0.00471818155
125692	0.002360309108
125693	0.004969188681
125694	0.01304871325
125695	0.001733744808
125696	0.005253579639
125697	0.02106425228
125698	0.004775078996
125699	0.008833359666
125700	0.0008334736301
125701	0.005774059751
125702	0.00352463135
125703	0.002226743291
125704	0.003742253463
125705	0.005522672001
125706	0.0009682373175
125707	0.003506867739
125708	0.0008643369467
125709	0.008182892574
125710	0.001171771982
125711	0.001425988521
125712	0.00967111341
125713	0.005773725032
125714	0.009641280159
125715	0.008275729342
125716	0.001650503033
125717	0.00569820368
125718	0.005178928778
125719	0.01372498513
125720	0.0139178497
125721	0.007180613783
125722	0.01085820983
125723	0.004153036391
125724	0.01353014011
125725	0.005026173179
125726	0.00889544669
125727	0.01515539412
125728	0.009622834445
125729	0.0006233157895
125730	0.003068126535
125731	0.008303068599
125732	0.01136332489
125733	0.009138969083
125734	0.00969428116
125735	0.0001285023963
125736	0.002680331965
125737	0.006984309721
125738	0.003154030703
125739	0.007498183545
125740	0.00432555779
125741	0.01265564537
125742	0.005922702276
125743	0.00297874676
125744	0.006004823536
125745	0.002824840119
125746	0.01551149606
125747	0.0112975948
125748	0.008681825961
125749	0.01313996392
125750	0.006754585946
125751	0.006374111787
125752	0.01089701625
125753	0.001301190207
125754	0.005744914482
125755	0.002357338094
125756	0.0005652687961
125757	0.004576095338
125758	0.01334158509
125759	0.008487888417
125760	0.0009321915373
125761	0.01491980218
125762	0.004190390497
125763	0.00392186804
125764	0.003720173091
125765	0.001071683661
125766	0.003857725204
125767	0.01252464176
125768	0.004186392039
125769	0.01632105807
125770	0.005347487715
125771	0.008031682456
125772	0.003831494729
125773	0.001573898955
125774	0.003182939306
125775	0.0009534691431
125776	0.007675456041
125777	0.00783646517
125778	0.001900138652
125779	0.004872839685
125780	0.01398796316
125781	0.006406861763
125782	0.006705091788
125783	0.006258966109
125784	0.00267432746
125785	0.001807991083
125786	0.008791569511
125787	0.002183255046
125788	0.00180370115
125789	0.000123687721
125790	0.001996715847
125791	0.001047966317
125792	0.007370799835
125793	0.006153438376
125794	0.003874263418
125795	0.001663460064
125796	0.01632052238
125797	0.01213844417
125798	0.0001343594354
125799	0.0001087628476
125800	0.001407682314
125801	0.004492075621
125802	0.0004226552822
125803	0.005222346102
125804	0.001397093563
125805	0.01436086528
125806	0.001981700298
125807	0.003401852271
125808	0.0001072598028
125809	0.01538510026
125810	0.009146283898
125811	0.01628110887
125812	0.001707927831
125813	0.004521810782
125814	0.01214742155
125815	0.01064148471
125816	0.005286577285
125817	0.00130008342
125818	0.004175741485
125819	0.0005631662388
125820	0.01386142056
125821	0.005312223104
125822	0.007153135737
125823	0.003273672552
125824	0.003567061423
125825	0.01058842301
125826	0.001126046185
125827	0.0001471041482
125828	0.007380500438
125829	0.002200177217
125830	0.002176400481
125831	0.001672652985
125832	0.003214827191
125833	0.002695220135
125834	0.01259139789
125835	0.003207282662
125836	0.003063216771
125837	0.003500938411
125838	0.004554044809
125839	0.01553033786
125840	0.00245954196
125841	0.006566691128
125842	0.005046433451
125843	0.006916712998
125844	0.002800910843
125845	0.01039819802
125846	0.001753773111
125847	0.0007005049238
125848	0.002703756695
125849	0.002662718776
125850	0.003146037459
125851	0.0003309410902
125852	0.003706070134
125853	0.007073284159
125854	0.001668838081
125855	0.002225308343
125856	0.006306157234
125857	0.002601213276
125858	0.002008089505
125859	0.008421654691
125860	0.002755423046
125861	0.001330913566
125862	4.136992028e-05
125863	0.001714713384
125864	0.004350547564
125865	0.001830115442
125866	0.002335796962
125867	0.001624334428
125868	0.001608338182
125869	0.001749102938
125870	0.008140983195
125871	0.01161952794
125872	0.005009659756
125873	0.001340560831
125874	0.002236293479
125875	0.004367311186
125876	0.007860618604
125877	0.0006465645421
125878	0.0007375247143
125879	0.01064651152
125880	0.004839029938
125881	0.001111276044
125882	0.00172800778
125883	0.001270283708
125884	0.00143371581
125885	0.0003969399932
125886	0.007632710075
125887	0.002051811544
125888	0.0008996000098
125889	0.0005930893906
125890	0.0003347216692
125891	0.0003136408646
125892	0.01143432045
125893	0.002451725491
125894	0.01056732458
125895	0.007662131406
125896	0.005283070148
125897	0.001569821022
125898	0.001474981596
125899	0.009595376491
125900	0.009508730528
125901	0.001449158822
125902	0.001323732606
125903	0.007467551865
125904	0.006039044274
125905	3.795760086e-05
125906	0.0007447798613
125907	0.003880702881
125908	0.001171051739
125909	0.002736798091
125910	0.00457136142
125911	0.01312906392
125912	0.0008974148889
125913	3.043350633e-05
125914	0.0004737355617
125915	0.004594141876
125916	0.001252320033
125917	0.004720041476
125918	0.008529962463
125919	0.008249466762
125920	0.001123743151
125921	0.01298236617
125922	0.005451546004
125923	0.001954633017
125924	0.002707064233
125925	0.01637342302
125926	0.000674998932
125927	0.009264619942
125928	0.002291916855
125929	0.0009148306224
125930	0.005346628974
125931	0.0004442506316
125932	0.001000394917
125933	0.003086646782
125934	9.935853953e-08
125935	0.005325068396
125936	0.005656334067
125937	0.002718842529
125938	0.001274222354
125939	0.001305915783
125940	0.01100697675
125941	0.01850807716
125942	0.00678634061
125943	0.005326696338
125944	0.001270918026
125945	0.00901374778
125946	0.00369629869
125947	6.341001395e-05
125948	0.004021538489
125949	0.006817563624
125950	0.002188942856
125951	0.00231219197
125952	0.01251811009
125953	0.005651396477
125954	0.002930571095
125955	0.0024064419
125956	0.001006696442
125957	0.003336039861
125958	0.007018776964
125959	0.0004180341692
125960	0.007788506141
125961	0.008913909237
125962	0.002800912409
125963	0.01084938036
125964	0.008363847633
125965	0.0008672839024
125966	0.00459337576
125967	0.013194242
125968	0.01115872491
125969	0.004790204839
125970	0.01129040761
125971	0.0102513495
125972	0.006044970225
125973	0.01012545314
125974	0.001409806568
125975	0.007844308457
125976	0.00674806201
125977	0.0003861611663
125978	0.002593920813
125979	0.001337393894
125980	0.003740486209
125981	0.001936399658
125982	0.006605729337
125983	0.004033035818
125984	0.001219458313
125985	0.007355452752
125986	0.01009475975
125987	0.002127767454
125988	0.008350111028
125989	0.00309386593
125990	0.002602085593
125991	0.00259533388
125992	0.005061768474
125993	0.001273296022
125994	0.00391370213
125995	0.002326579731
125996	0.01413594574
125997	0.002263359041
125998	0.006906063147
125999	0.001993723373
126000	0.004312563539
126001	0.003805057643
126002	0.01095768939
126003	0.001685130628
126004	0.003543034033
126005	0.005967859368
126006	0.006410610973
126007	0.01347207162
126008	0.002510267432
126009	0.0003177579771
126010	0.0007504560333
126011	0.002453788735
126012	0.009029400127
126013	0.007035787927
126014	0.001024563569
126015	0.001261557844
126016	0.004534783316
126017	0.006675327079
126018	0.006727374436
126019	0.006964381992
126020	0.00704785744
126021	0.0006129911666
126022	0.002806755694
126023	0.01417200596
126024	0.002959703023
126025	0.00271681655
126026	0.004052559397
126027	0.00020678593
126028	0.004945973909
126029	0.008281500426
126030	0.002131388108
126031	0.00487750434
126032	0.003582025182
126033	0.0008995909516
126034	0.007954535064
126035	0.007497179352
126036	0.002433666706
126037	0.01290144375
126038	0.005192914388
126039	0.01119942057
126040	0.003861105705
126041	0.008330925129
126042	0.006202663944
126043	0.0004913541044
126044	0.001298464895
126045	0.0005973625709
126046	0.002956967161
126047	0.005872128575
126048	0.007788203903
126049	0.009234234653
126050	0.003891700768
126051	0.0007149406453
126052	0.0008906927144
126053	0.00311894408
126054	0.003564043579
126055	0.002466329408
126056	0.007150659049
126057	0.001716732906
126058	0.0004399127716
126059	0.005725260882
126060	0.0006179868993
126061	0.001200702801
126062	0.003091710395
126063	0.003852026722
126064	0.007034864658
126065	0.002381516759
126066	0.005349703386
126067	0.001587498552
126068	0.001806876387
126069	0.009115970535
126070	0.002405748256
126071	0.003730915158
126072	0.00198010376
126073	0.002609039585
126074	0.00026803475
126075	0.005586852325
126076	0.002487802148
126077	0.001401891317
126078	0.00302357341
126079	0.005151973053
126080	1.417216123e-05
126081	0.004147448231
126082	0.008661417921
126083	0.008224108161
126084	0.00280691279
126085	0.006317084722
126086	0.004883391116
126087	0.001085754911
126088	0.004149546095
126089	0.008250458257
126090	0.0004577442837
126091	0.006108624198
126092	0.005814181224
126093	0.004367859243
126094	0.0002279756245
126095	0.003715202528
126096	0.002493904502
126097	0.003661990737
126098	0.003173689323
126099	0.002655618951
126100	3.216923514e-05
126101	0.003668495076
126102	0.004908776177
126103	0.0008117191524
126104	0.002814274019
126105	0.001221855276
126106	0.003910162218
126107	0.003075744184
126108	0.005208970201
126109	0.002114043856
126110	0.0004374426729
126111	0.003416937774
126112	0.001275732215
126113	0.0044680795
126114	0.005143342809
126115	0.002206343805
126116	0.002381030848
126117	0.005589341591
126118	0.0008298153101
126119	0.001809292184
126120	0.009722406407
126121	0.008173112625
126122	0.001970723002
126123	0.001309192242
126124	0.01209629328
126125	0.0009994096694
126126	0.00356797198
126127	0.00077063797
126128	0.004617681645
126129	0.0006775248254
126130	0.004135467363
126131	0.01003081551
126132	0.006591950916
126133	0.002033332964
126134	0.001989613866
126135	0.007100272617
126136	0.003692614509
126137	0.001050026252
126138	0.009711495068
126139	0.00598645441
126140	0.00548855096
126141	0.0004061780058
126142	0.008895370348
126143	0.01020789622
126144	0.009843143364
126145	0.01976368727
126146	0.0006434432288
126147	0.00465695397
126148	0.007032583343
126149	0.002485311895
126150	0.01484960858
126151	0.005614443822
126152	0.001781583077
126153	0.0009680786823
126154	0.002242763788
126155	0.002002773425
126156	0.0008582529049
126157	0.004546416665
126158	0.003763000187
126159	0.002371081828
126160	0.007510634676
126161	0.003497702383
126162	0.005942723251
126163	0.007087542921
126164	0.002091186836
126165	0.001871420213
126166	0.01220168591
126167	0.00591352831
126168	0.01694522163
126169	0.006986576699
126170	0.005838995941
126171	0.0008287550443
126172	0.004519790044
126173	0.01399132284
126174	0.0002706008331
126175	0.01259670694
126176	0.005129043481
126177	0.001208521848
126178	0.006273455958
126179	0.002891266854
126180	0.004503544782
126181	0.01679715571
126182	0.00218559945
126183	0.01028782853
126184	0.008441328271
126185	0.01161695298
126186	0.01056909506
126187	0.003973985713
126188	0.006343067448
126189	0.001487878197
126190	0.004651282083
126191	0.001334383823
126192	0.006662918535
126193	0.009723981183
126194	0.008655688045
126195	0.001139574225
126196	0.003273943347
126197	0.009610239911
126198	0.00808283641
126199	0.01932487339
126200	6.243189574e-05
126201	0.001128351445
126202	0.002021824107
126203	0.007894605881
126204	0.003399166898
126205	0.0116845402
126206	0.007943498679
126207	0.004403926788
126208	0.00698013439
126209	0.001418524535
126210	0.01613825955
126211	0.008583070597
126212	0.007887492552
126213	0.002334477877
126214	0.005485757403
126215	0.005864117807
126216	0.005804619277
126217	0.0005240118001
126218	0.005012641773
126219	0.01384762628
126220	0.006807812626
126221	0.0006670439509
126222	0.004683829554
126223	0.009540476592
126224	0
126225	0.01000868647
126226	0.01745135956
126227	0.001843197747
126228	0.01128378009
126229	0.003115070447
126230	0.01282005898
126231	0.01350910751
126232	0.01400633117
126233	0.003988418763
126234	0.001450843174
126235	0.0007515277818
126236	0.005908009754
126237	0.002680218186
126238	0.005757334499
126239	0.002356161688
126240	0.02594982848
126241	7.234746615e-05
126242	0.007855552329
126243	0.003549519495
126244	0.0006242801193
126245	0.001484670481
126246	0.009328252494
126247	0.01325573341
126248	0.002349082762
126249	0.003547730267
126250	0.00179278828
126251	0.002745718768
126252	0.01254423962
126253	0.01210238477
126254	0.002818620217
126255	0.002142930226
126256	0.00756850955
126257	0.001717537357
126258	0.003975931209
126259	0.004372313418
126260	0.001923240955
126261	0.00283054649
126262	0.004537485647
126263	0.00406768436
126264	0.005555217062
126265	0.002648236463
126266	0.00178878761
126267	0.0006433694253
126268	0.008661279674
126269	0.02117216735
126270	0.01660306376
126271	0.007478350034
126272	0.01094893269
126273	0.008452935048
126274	0.004498342164
126275	0.006368632814
126276	0.001311936094
126277	0.009514541254
126278	0.001059268696
126279	0.0161298176
126280	0.009074398848
126281	0.006383415858
126282	0
126283	0.002363935324
126284	0.0002897110567
126285	0.006484281164
126286	0.007378115611
126287	0.002839785883
126288	0.0004686535956
126289	0.004670898359
126290	0.01149470384
126291	0.002869058564
126292	0.003415787543
126293	0.0002145727838
126294	0.007867955542
126295	0.002855859273
126296	0.01644784326
126297	0.006256904575
126298	0.009927154783
126299	0.0159349584
126300	0.0005608289141
126301	0.004114125198
126302	0.002127460729
126303	0.0105334027
126304	0.01502084717
126305	0.001424138673
126306	0.003511681014
126307	0.0003128844802
126308	0.0004061889377
126309	0.00216422445
126310	0.0003126353113
126311	0.00719726913
126312	0.0006601759872
126313	0.007545310548
126314	0.001598992121
126315	0.01242042243
126316	0.002063069382
126317	0.009459403639
126318	0.004563259992
126319	0.01704054879
126320	0.001587852106
126321	0.005719783557
126322	0.0124163568
126323	0.01085540351
126324	0.007076633398
126325	0.00642913277
126326	0.008912697036
126327	0.006979097558
126328	0.01927556957
126329	0.01762686444
126330	0.003126379257
126331	0.002919744886
126332	0.0001087552185
126333	0.002250964881
126334	0.009170829308
126335	0.01224858261
126336	0.01614219518
126337	0.004138864556
126338	0.01170386549
126339	0.006881110902
126340	0.003081943524
126341	0.004545141378
126342	0.007339810372
126343	0.0006998020998
126344	0.004881619299
126345	0.007440358796
126346	0.01650105044
126347	0.01589777826
126348	0.003715672955
126349	0.004716745948
126350	0.0005510762069
126351	0.01393291575
126352	0.02295715604
126353	0.008512410659
126354	0.005511977338
126355	0.007108194444
126356	0.003278796331
126357	0.009375428372
126358	0.004059175873
126359	0.005352932708
126360	0.000354127943
126361	0.007603080039
126362	0.003378064395
126363	0.01145182083
126364	0.003562116494
126365	0.003453633164
126366	0.008334266472
126367	0.000292995108
126368	0.006979005609
126369	0.005332758193
126370	0.002471439629
126371	0.01142395462
126372	0.01054151804
126373	0.008278453114
126374	0.00407582805
126375	0.005737729259
126376	0.003290516407
126377	0.01453050517
126378	0.009705276239
126379	0.006686210485
126380	0.005220173386
126381	0.006647374264
126382	0.0007255955399
126383	0.002233137897
126384	0.003391640366
126385	0.006260988597
126386	0.01304371283
126387	0.001877164755
126388	0.01053975479
126389	0.007613154022
126390	0.0104132299
126391	0.00528938684
126392	0
126393	0.003457133286
126394	0.00325109395
126395	0.01315775036
126396	0.009755806537
126397	0.009217204723
126398	0.0006159533098
126399	0.006090518175
126400	0.004925570955
126401	0.004475935308
126402	0.01852133022
126403	0.00538317767
126404	0.01425032346
126405	0.004389765361
126406	0.001294525275
126407	0.01164460544
126408	0.006381491565
126409	0.0008479631337
126410	0.00860346053
126411	0.008334695
126412	0.001274099798
126413	0.003750622434
126414	0.006935733449
126415	0.007924975453
126416	0.0178373888
126417	5.126537825e-05
126418	0.001009747366
126419	0.003767256575
126420	0.01258076318
126421	0.003204265413
126422	0.003337829998
126423	0.002368252507
126424	0.00130430269
126425	0.001615413919
126426	0.004064106379
126427	0.001685695672
126428	0.001164003892
126429	0.01342181304
126430	0.002377369012
126431	0.009446054221
126432	0.0004224386191
126433	0.007829040072
126434	0.01122305391
126435	0.009778775977
126436	0.01168191337
126437	0.005784605261
126438	0.005249798479
126439	0.003019457406
126440	0.004042020725
126441	0.01159007791
126442	0.006537378144
126443	0.01235765568
126444	0.01464705936
126445	0.002937744578
126446	0.008568434767
126447	0.007769897204
126448	0.002164434104
126449	0.001345080338
126450	0.01276352579
126451	0.002285951591
126452	0.006016661021
126453	0.00364921116
126454	0.01277505605
126455	0.002000393019
126456	3.029942801e-05
126457	0.007573519234
126458	0.0002830256878
126459	0.01645712202
126460	0.00690145819
126461	0.01264305923
126462	0.008203829516
126463	0.006145649244
126464	0.001066243293
126465	0.001792798244
126466	0.003142396122
126467	0.01240179241
126468	0.002106323374
126469	0.004758739948
126470	0.008379967186
126471	0.002596143456
126472	0.003023075194
126473	0.009389919844
126474	0.003538522053
126475	0.005501985108
126476	0.01030749702
126477	0.003110542101
126478	0.008271783889
126479	0.001884767403
126480	0.02064079561
126481	0.006525533419
126482	0.007678932449
126483	0.003065028955
126484	0.0007093046877
126485	0.001126822856
126486	0.002681861456
126487	0.008345766904
126488	0.00528530747
126489	0.002240268273
126490	0.002450785264
126491	0.007458097118
126492	0.0003047402228
126493	0.002703037594
126494	0.00898214629
126495	2.648112172e-05
126496	0.002788143225
126497	0.004367259345
126498	0
126499	0.00018088359
126500	0.01433442075
126501	0.003578003838
126502	0.006942330934
126503	0.004676522942
126504	0.00475641424
126505	0.007656458734
126506	0.004962266301
126507	0.006646287996
126508	0.003662205152
126509	0.002692139826
126510	4.506400554e-05
126511	0.001445188404
126512	0.01913002007
126513	0.00847480245
126514	0.001265341931
126515	0.01285606714
126516	0.009606058288
126517	0.0006348533412
126518	0.007592725925
126519	0.004468863104
126520	0.01027920129
126521	0.01196771285
126522	0.001765046221
126523	0.01654845175
126524	0.007135804892
126525	0.004520719575
126526	0.02918862515
126527	0.009994152616
126528	0.01358946063
126529	0.008542853908
126530	0.01081669159
126531	0.004637544504
126532	0.004753975461
126533	0.002458946971
126534	0.001277233267
126535	0.005434055857
126536	0.008112056634
126537	0.002967121736
126538	0.003157734085
126539	0.006380797931
126540	0.002846929426
126541	0.009411099453
126542	0.0100634905
126543	0.0004258621668
126544	0.01805560326
126545	0.01018960704
126546	0.00246900329
126547	0.006360220792
126548	0.005130339141
126549	0.001335888739
126550	0.002815701081
126551	0.002296182889
126552	0.01633753635
126553	0.003417099684
126554	0.01376144239
126555	0.002702805234
126556	0.01253335225
126557	0.008245765505
126558	0.001586916763
126559	0.01368713573
126560	0.0001626093424
126561	0.0005650657404
126562	0.005181382826
126563	0.003794158561
126564	0.001729386803
126565	0.004006288908
126566	0.001778836961
126567	0.007624388247
126568	0.00911538988
126569	0.00459285944
126570	0.008247447459
126571	0.007281425494
126572	0.01603614497
126573	0.005672597953
126574	0.00105516947
126575	0.02253502657
126576	0.01161760462
126577	0.00407978554
126578	0.002490293383
126579	9.298918157e-05
126580	0.003515743983
126581	0.01150595797
126582	0.01274895782
126583	0.009343049754
126584	0.002010640233
126585	0.006458256212
126586	0.01049757358
126587	0.001447119334
126588	0.004971781038
126589	0.004140252131
126590	0.0006724554536
126591	0.001082146236
126592	0.008663950567
126593	0.005718088676
126594	0.00050015592
126595	0.0125671926
126596	0.01354763617
126597	0.01047346855
126598	0.007372838405
126599	0.001498592054
126600	0.01301415854
126601	0.003784346318
126602	0.00712130805
126603	0.004606957824
126604	0.01867954871
126605	0.007205560521
126606	0.002706528741
126607	0.001099838469
126608	0.0008068937019
126609	0.01048799481
126610	0.009311683868
126611	0.01275108942
126612	0.01031353141
126613	0.001969837877
126614	0.001192687931
126615	0.01084802983
126616	0.01285483393
126617	0.01512980053
126618	0.01334193975
126619	0.01864240065
126620	0
126621	0.001030685566
126622	0.00358809701
126623	0.001523120216
126624	0.003026900316
126625	0.008633920174
126626	0.003233722384
126627	0.003432579538
126628	0.001192480439
126629	0.00203155177
126630	0.001549020713
126631	0.003905633604
126632	0.003986827515
126633	0.005123183831
126634	0.01038846019
126635	0.00233220165
126636	0.005356108483
126637	0.0004014057902
126638	0.003935107914
126639	0.005296062625
126640	0.0006969322809
126641	0.01969584503
126642	0.001960729687
126643	0.003999843852
126644	0.01237175818
126645	0.0003590363747
126646	0.003330298563
126647	0.008102828057
126648	0.006074331152
126649	0.01465404648
126650	0.002563577928
126651	0.0008935896407
126652	0.00894575435
126653	0.0009059140098
126654	0.01917288649
126655	0.001912697328
126656	0.00271603099
126657	0.00498232363
126658	0.0225187579
126659	0.01262874217
126660	0.003921022814
126661	0.008094465902
126662	0.0009653700503
126663	0.004756004477
126664	0.008175579639
126665	0.02161064904
126666	0.006198953488
126667	0.002246581154
126668	0.0004980248037
126669	0.00241609579
126670	0.008977570439
126671	0.01041648654
126672	0.01023902245
126673	0.004243416723
126674	0.00112695003
126675	0.008569202362
126676	0.01121069963
126677	0.002368421122
126678	0.00325252918
126679	0.001072139632
126680	0.01169685754
126681	0.00150915294
126682	0.002076166468
126683	0.004946718246
126684	0.01264095138
126685	0.001118728425
126686	0.005522395004
126687	0.001247786483
126688	0.01093220729
126689	0.004164690212
126690	0.01612762073
126691	0.003703243683
126692	0.003574261033
126693	0.004707901449
126694	0.01157037796
126695	0.001814599634
126696	0.0006948901023
126697	0.001735890112
126698	0.001145648041
126699	0.002965938727
126700	0.01109294192
126701	0.00233262446
126702	0.001974786414
126703	0.003217085872
126704	0.001626330234
126705	0.003912028158
126706	0.006636322524
126707	0.001200429847
126708	0.0001499795679
126709	0.01151812672
126710	0.002155853284
126711	0.005163622967
126712	0.01135479595
126713	0.01439952962
126714	0.0006848806718
126715	0.006919866254
126716	0.00232128436
126717	0.004189743964
126718	0.005207473556
126719	0.006561854124
126720	0.002873312701
126721	0.007009699136
126722	0.008896297319
126723	0.003119801185
126724	0.00705752465
126725	0.0009679793672
126726	0.007199344312
126727	0.008880789848
126728	0.0009089214745
126729	0.007301158487
126730	0.01524148697
126731	0.01088612087
126732	0.004791419367
126733	0.009918187897
126734	0.0007841644846
126735	0.008804893309
126736	0.0001499017074
126737	0.01256919487
126738	0.003761833636
126739	0.0112254316
126740	0.003178489054
126741	0.007762950439
126742	0.005966997382
126743	0.006907736085
126744	0.00620338033
126745	0.002685924548
126746	0.001453285729
126747	0.0002700903443
126748	0.002613956671
126749	0.0003007392885
126750	0.007709941469
126751	0.001634583265
126752	0.002420459421
126753	0.01122267661
126754	0.0006184837145
126755	0.002050980859
126756	0.008414258767
126757	0.008311373504
126758	0.003379648357
126759	0.001060743375
126760	0.003096937579
126761	0.007939503428
126762	0.001656969845
126763	0.004269607418
126764	0.01104563484
126765	0.002881363206
126766	0.001722982615
126767	0.01572106545
126768	0.01815319055
126769	0.01371365661
126770	0.001303800404
126771	0.006926601934
126772	0.003809062455
126773	0.01344523474
126774	0.03043513356
126775	0.004027074792
126776	0.01758969219
126777	0.0006040558486
126778	0.02580265007
126779	0.01508323561
126780	0.008377315626
126781	0.008086015924
126782	0.004413791193
126783	0.008603098288
126784	0.0006725217129
126785	0.003369878779
126786	0.01351593003
126787	0.01470629498
126788	0.002532496268
126789	0.008354949418
126790	0.01127386335
126791	0.007772309795
126792	0.004006949487
126793	0.001907490421
126794	0.004288908605
126795	0.005512357693
126796	0.01206918684
126797	0.005943527433
126798	0.005298327356
126799	0.002454422865
126800	0.002366563749
126801	0.002754445816
126802	0.001958205263
126803	0.006910076164
126804	0.001366493341
126805	0.004391072726
126806	0.005882517808
126807	0.001242055446
126808	0.01101184186
126809	0.006600682604
126810	0.0008705911355
126811	0.001013835703
126812	0.00675535707
126813	0.004303597449
126814	0.005735407263
126815	0.001381875619
126816	0.007854490665
126817	0.009942719824
126818	0.001283985996
126819	0.00177733031
126820	0.002537395516
126821	0.008300231643
126822	0.0007167022465
126823	0.002475522335
126824	0.01721643955
126825	0.003538918371
126826	0.01015298642
126827	0.001357796629
126828	0.008797547062
126829	0.0009771050651
126830	0.005159733894
126831	0.003183620239
126832	0.001891686489
126833	0.009681801038
126834	0.005181563332
126835	0.0007096355499
126836	0.01119527093
126837	0.008487627686
126838	0.002908593835
126839	0.002816735009
126840	0.0009446700566
126841	0.00410848652
126842	0.005153806581
126843	0.004596870724
126844	0.002220091755
126845	0.002258740277
126846	0.02332133156
126847	0.003718898257
126848	0.0009384883105
126849	0.001696255294
126850	0.001220699947
126851	0.006411808164
126852	0.002915869601
126853	0.001567280075
126854	0.007899105893
126855	0.003441837728
126856	0.003367929892
126857	0.01112645188
126858	0.003464750498
126859	0.005868830236
126860	0.005127453348
126861	0.0009162462968
126862	0.004980433636
126863	0.002922532665
126864	0.003789112799
126865	0.003532805858
126866	0.005567203872
126867	0.006610323644
126868	0.005723091299
126869	0.003173645086
126870	0.01067924799
126871	0.002318239172
126872	0.008336329387
126873	0.007624115767
126874	0.002049389971
126875	0.004045088151
126876	0.003557302901
126877	0.00645267988
126878	0.01021756669
126879	0.003261050392
126880	0.008804751075
126881	0.005913806998
126882	0.002025568554
126883	0.001052983272
126884	0.002866729579
126885	0.001494527641
126886	0.003335411889
126887	0.00291244724
126888	0.003575209941
126889	0.002140490145
126890	0.001605145406
126891	0.01225957429
126892	0.008720226683
126893	0.006270031032
126894	0.006719529161
126895	0.001298739211
126896	0.005376703524
126897	0.00677716365
126898	0.005529864662
126899	0.001031734707
126900	0.00146703698
126901	0.008800123949
126902	0.006988728589
126903	0.001694522196
126904	0.006071432528
126905	0.006417400576
126906	0.002375854875
126907	0.009893850404
126908	0.004850084243
126909	0.01014003279
126910	0.003554474648
126911	0.006111003558
126912	0.001639008489
126913	0.002657595891
126914	0.01068584055
126915	0.006263805725
126916	0.00854734191
126917	0.00574067386
126918	0.001363697135
126919	0.01377356891
126920	0.01021432442
126921	0.003157378792
126922	0.005700693481
126923	0.007522418413
126924	0.005336038474
126925	0.0009496147502
126926	0.009217606769
126927	0.01436039983
126928	0.001189263015
126929	0.008655125323
126930	0.002670579866
126931	0.006625102533
126932	0.01982618975
126933	0.007101459641
126934	0.0009521442817
126935	0.004306613934
126936	0.005122774525
126937	0.01485930557
126938	0.007986212061
126939	0.00269230275
126940	0.003887125452
126941	0.003055860518
126942	0.009678422675
126943	0.0008495163152
126944	0.006783366524
126945	0.01330743445
126946	0.01014391128
126947	0.003978379608
126948	0.008184397889
126949	0.00337948955
126950	0.001610089199
126951	0.01126134487
126952	0.002716976998
126953	0.002103992552
126954	0.001565773076
126955	0.009086684286
126956	0.009891104899
126957	0.002963824531
126958	0.005333040402
126959	0.003357232706
126960	0.00544911395
126961	0.003192084949
126962	0.004424910032
126963	0.008535970965
126964	0.0005381419382
126965	0.0009048331362
126966	0.01043807131
126967	0.0005440994813
126968	0.003327833979
126969	0.01601449816
126970	0.002054234221
126971	0.01338515266
126972	0.002317198179
126973	0.02137074154
126974	0.00842428964
126975	0.005783018891
126976	0.007440385861
126977	0.007328143315
126978	0.005411813491
126979	0.007086841892
126980	0.008593394095
126981	0.0007208123822
126982	0.001612282394
126983	0.0103560479
126984	0.01378466974
126985	0.002004739236
126986	0.001038082345
126987	0.01074800078
126988	0.003747298621
126989	0.001202689062
126990	0.002501730274
126991	5.867157943e-06
126992	0.005696557785
126993	0.001936130836
126994	0.00126769443
126995	0.01501201639
126996	0.006208169207
126997	0.01769772505
126998	0.003272521214
126999	0.001878742767
127000	0.00369896665
127001	0.005860082657
127002	0.002314524328
127003	0.002919519103
127004	0.004859582802
127005	0.004395720159
127006	0.004968085466
127007	0.003901488877
127008	0.004443952214
127009	0.001298516899
127010	0.001192903329
127011	0.0002566152108
127012	0.002436760223
127013	0.0006148891476
127014	0.004293050936
127015	0.0006045383387
127016	0.00394584071
127017	0.002111489273
127018	0.003717029251
127019	0.001582017077
127020	0.0009836853895
127021	0.008119712127
127022	0.0007210154946
127023	0.02066650602
127024	0.0001533298328
127025	2.251367194e-08
127026	2.668893473e-07
127027	0.001023600387
127028	0.001491548379
127029	0.00651911156
127030	0.004030709332
127031	0.0009396499113
127032	0.004991131278
127033	0.005526930425
127034	0.006699873664
127035	0.001881192009
127036	0.007526055191
127037	0.0001110474191
127038	0.002687618339
127039	0.0004800730097
127040	0.00510269257
127041	0.01616226743
127042	0.002882226695
127043	0.0005950487821
127044	0.0004571588992
127045	0.006499109814
127046	0.01041011963
127047	0.01475518418
127048	0.002759230678
127049	0.007939642299
127050	0.0141583877
127051	0.01383762053
127052	0.0005993047608
127053	0.01489582002
127054	0.003023494068
127055	0.01332171802
127056	0.005037419249
127057	0.002542268612
127058	0.004539735039
127059	0.009704470557
127060	0.001128342869
127061	0.01058284261
127062	0.006177130224
127063	0.003106617398
127064	0.01480382436
127065	0.006612927148
127066	0.00624695093
127067	0.0001244425732
127068	0.006067925033
127069	0.01208860641
127070	0.01127917648
127071	0.006308343863
127072	0.0004404593279
127073	0.0004899891457
127074	0.001592253073
127075	0.001803083193
127076	0.002089229752
127077	0.000616401861
127078	0.0006009483731
127079	0.009727178955
127080	0.008444605905
127081	0.003817433537
127082	0.01025239391
127083	0.006868245021
127084	0.01563465273
127085	0.002794317273
127086	0.02008171489
127087	0.002510186232
127088	0.003420034372
127089	0.006410801356
127090	0.0006646420166
127091	0.004608201075
127092	0.007292695222
127093	0.004988526371
127094	0.003451578109
127095	0.006008828991
127096	0.004309172677
127097	0.003062459372
127098	0.004653353825
127099	0.01016423091
127100	0.004487343621
127101	0.001465942094
127102	0.006749806234
127103	0.00283381025
127104	0.003797025279
127105	0.002087629771
127106	0.001441182612
127107	0.002464404991
127108	0.0007543562512
127109	0.003133931006
127110	2.772862646e-05
127111	0.002661446049
127112	8.169934652e-05
127113	0.0100899189
127114	0.008150904944
127115	0.001820080388
127116	0.00198370581
127117	0.00186115412
127118	0.005078685085
127119	0.0106145539
127120	0.01333775624
127121	0.0138038217
127122	0.006198900617
127123	0.002784934321
127124	0.008370861354
127125	0.003735364541
127126	0.002438289784
127127	0.006782273595
127128	0.00963190667
127129	0.005593784635
127130	1.58144482e-05
127131	0.002235704071
127132	0.01751434437
127133	0.006345179929
127134	0.0006886574218
127135	0.0004443561214
127136	0.00207016259
127137	0.0002998472993
127138	0.004942889362
127139	0.00200554728
127140	0.001351920813
127141	0.002221643255
127142	0.0009090933874
127143	0.00173367367
127144	0.001365901285
127145	0.0006347576869
127146	0.001526175993
127147	0.004392060032
127148	0.01571677716
127149	0.01359323655
127150	0.0001381317141
127151	0.003342544909
127152	0.001413012163
127153	0.009272960361
127154	0.0006207335719
127155	0.00198452439
127156	0.00381213371
127157	0.003056711481
127158	0.003626213178
127159	0.004644981507
127160	0.007809629143
127161	0.007561767227
127162	0.007147303415
127163	0.006722980384
127164	0.01292654792
127165	0.00314599775
127166	0.002126118172
127167	0.009980577509
127168	0.003920435147
127169	0.0147669782
127170	0.005353219789
127171	0.005762070188
127172	0.001282371527
127173	0.001382805961
127174	0.008449458
127175	0.002504592348
127176	0.01432611439
127177	0.009662738468
127178	0.0003222777948
127179	0.001162256517
127180	0.006779162604
127181	0.002078172365
127182	0.009508353746
127183	0.007611343366
127184	0.008738988551
127185	0.0008813525908
127186	0.001218739956
127187	0.005794964522
127188	0.007573000545
127189	0.002184244238
127190	0.001069266045
127191	0.001851366764
127192	0.001694094164
127193	0.007736526766
127194	0.001305894284
127195	0.004479169589
127196	0.006935111543
127197	0.003007712082
127198	0.003032352269
127199	0.00418584646
127200	0.00430722685
127201	0.00462594943
127202	0.01851037706
127203	0.0008701263106
127204	0.004595511822
127205	0.006431786086
127206	0.00111620627
127207	0.005168498802
127208	0.002753849052
127209	0.008944807279
127210	0.009256711232
127211	0.0006802054201
127212	0.009493787589
127213	0.008597393516
127214	0.004151354362
127215	0.003744980262
127216	0.006412062254
127217	0.00142304827
127218	0.007512542846
127219	0.004765477791
127220	0.001562285567
127221	0.001081045761
127222	0.00458305104
127223	0.01335878291
127224	0.0009487087601
127225	0.01251521283
127226	0.005209502978
127227	0.006634071622
127228	0.02040239486
127229	0.006256628976
127230	0.001391198589
127231	0.0007088979971
127232	0.009196049173
127233	0.004165190309
127234	0.0076782989
127235	0.002285674172
127236	0.001070324778
127237	0.002578223789
127238	0.005955725603
127239	0.003720028537
127240	0.002494846934
127241	0.006186689906
127242	0.001296278891
127243	0.002953424343
127244	0.002208540391
127245	0.002404257965
127246	0.008884230145
127247	0.001729592475
127248	0.001970747498
127249	0.000834249885
127250	0.009245843292
127251	0.006342016705
127252	0.001101138391
127253	0.000925757582
127254	0.002024505193
127255	0.003462628921
127256	0.002855991866
127257	0.0009079370368
127258	0.001233140241
127259	0.008695557577
127260	0.004597742085
127261	0.006546447897
127262	0.007518136138
127263	0.007645701696
127264	0.003329084699
127265	0.005313677358
127266	0.005114144547
127267	0.005415110979
127268	0.003118619547
127269	0.006170558796
127270	0.001955543327
127271	0.008308197414
127272	0.009426916897
127273	0.001847602802
127274	0.004768654251
127275	0.001514020032
127276	0.0004710229327
127277	2.419001611e-06
127278	0.002946756583
127279	0.01254765625
127280	0.002759780421
127281	0.004437109643
127282	0.0007619856128
127283	0.01271840369
127284	0.003319531939
127285	0.006249461346
127286	0.01455177426
127287	0.009492653297
127288	0.0007629985711
127289	0.007859961003
127290	0.001867961369
127291	0.0007534273834
127292	0.001828870272
127293	0.01206656137
127294	0.0009577988644
127295	0.003042829728
127296	0.002441715531
127297	1.255037716e-05
127298	0.003532576757
127299	0.009077708073
127300	0.002202659913
127301	0.00347659836
127302	0.01823064034
127303	0.006097189622
127304	0.00179760761
127305	0.007913046155
127306	0.002788196265
127307	0.009038155524
127308	0.002330701557
127309	0.0001984503454
127310	0.000714335839
127311	0.002439667392
127312	0.002986261789
127313	0.009092454832
127314	0.005285053544
127315	0.0006528890677
127316	0.005624718455
127317	0.004294894902
127318	0.01006324979
127319	0.001876181609
127320	0.00189443563
127321	0.002722330066
127322	0.003883804482
127323	0.000371976757
127324	0.005046586392
127325	0.002409406588
127326	0.0008882553616
127327	0.001610900388
127328	0.01218632042
127329	0.001544146851
127330	0.002648720269
127331	0.01192279101
127332	0.003217081023
127333	0.001600379531
127334	0.004328459999
127335	0.002299981799
127336	0.01255176844
127337	0.0006242746069
127338	0.001680092139
127339	0.001429502523
127340	0.005012718932
127341	0.007956485367
127342	0.002692855305
127343	0.007136195947
127344	0.00637238041
127345	0.001390499321
127346	0.009109337168
127347	0.009608692647
127348	0.004601145798
127349	0.0008939009621
127350	0.004308721313
127351	0.006057597795
127352	0.01514238691
127353	0.008330780725
127354	0.000783752052
127355	0.01063492492
127356	0.001786973333
127357	0.0104415255
127358	0.01086823587
127359	9.250055899e-05
127360	0.01004772533
127361	0.0003417568657
127362	0.001653508948
127363	0.0005022038483
127364	0.005967701664
127365	0.005534988727
127366	0.0007414568467
127367	0.008152300603
127368	0.0007913334824
127369	0.01237553459
127370	0.00496199437
127371	0.009279684588
127372	0.01012959816
127373	0.007937267893
127374	0.0004721027625
127375	4.340960838e-05
127376	0.004900208654
127377	0.003390718752
127378	0.003859871711
127379	0.003814076695
127380	0.003480569045
127381	0.003510397076
127382	0.00224870959
127383	0.001601890286
127384	0.004168746438
127385	0.001646655043
127386	0.003366874874
127387	0.003360193077
127388	0.001442502289
127389	0.008252067329
127390	0.005771756366
127391	0.001072499233
127392	0.003446978031
127393	0.005820927736
127394	0.0003197643353
127395	0.00174416525
127396	0.00394917304
127397	0.0004089965248
127398	0.005035265487
127399	0.005985998773
127400	0.003833119258
127401	0.00160283263
127402	0.006470718011
127403	0.001439601931
127404	0.00581776567
127405	0.003021044278
127406	0.0002452778943
127407	0.001161994121
127408	0.0004695429957
127409	0.001094677757
127410	0.003955626468
127411	0.0008790262327
127412	0.002453103081
127413	0.001446845117
127414	0.009579757302
127415	0.002559537933
127416	4.188599406e-05
127417	0.007526956739
127418	0.002338541846
127419	0.0005322226383
127420	0.0007943609009
127421	0.0007655289605
127422	0.01384137123
127423	0.001262830682
127424	0.005945704277
127425	0.001067801486
127426	0.0008288390005
127427	0.001710075377
127428	0.005160971917
127429	0.003278672484
127430	0.002682393748
127431	0.009638110939
127432	0.004433413455
127433	0.00893085661
127434	0.01178336891
127435	0.0004532319501
127436	0.007041290552
127437	0.000491493793
127438	0.006411715658
127439	0.005021337245
127440	0.008882999608
127441	0.0001065129021
127442	0.002463338754
127443	0.004183198444
127444	0.002127413385
127445	0.0006932508892
127446	0.0002307072965
127447	0.001882618332
127448	0.01172158262
127449	0.01415743438
127450	0.007229938284
127451	0.0003196889284
127452	0.01199106501
127453	0.01303718724
127454	0.01557593529
127455	0.005111128346
127456	0.007177800301
127457	0.001272730776
127458	0.005361858809
127459	0.01372317129
127460	0.0005332940471
127461	0.003502933527
127462	0.002068035033
127463	0.002951857816
127464	0.0004715577575
127465	0.007646225223
127466	0.0005099037227
127467	0.003302044072
127468	0.007511800408
127469	0.004800971889
127470	0.008988891442
127471	0.001149105781
127472	0.004854834874
127473	0.004473058089
127474	0.004902562154
127475	0.001158322532
127476	0.0008914410391
127477	0.001627920015
127478	0.00443609213
127479	0.0006931335538
127480	0.008528009123
127481	0.006920343917
127482	0.002168730199
127483	0.0009424141303
127484	0.01157713102
127485	4.683330551e-05
127486	0.003251920768
127487	0.008625661446
127488	0.0002123660122
127489	0.0002298572091
127490	0.0005082211893
127491	0.0001194812021
127492	0.001123080617
127493	0.001914802567
127494	0.00349707025
127495	0.0001557135755
127496	0.0007549627572
127497	0.009700770079
127498	0.001420686359
127499	0.001401867118
127500	0.003819207402
127501	0.006839772644
127502	0.01106188392
127503	0.001974275749
127504	0.00232836907
127505	0.002084227468
127506	0.01661716821
127507	0.0008173542918
127508	0.0001703012328
127509	0.005788228797
127510	0.00307194663
127511	0.005599106903
127512	0.0020669925
127513	0.007137075905
127514	0.002057217888
127515	0.002321001374
127516	0.003719236769
127517	0.01236436482
127518	0.006063148897
127519	0.001336940513
127520	0.008328432761
127521	0.001943621194
127522	0.004028553673
127523	0.005203578526
127524	0.001117680485
127525	0.0004244729714
127526	0.005573053453
127527	0.002974914855
127528	0.000781835601
127529	0.001884560009
127530	0.0005497514263
127531	0.00186056958
127532	0.001700031109
127533	0.0008286143802
127534	0.001300032937
127535	0.005274735128
127536	0.005127835473
127537	0.001639995685
127538	0.01044767532
127539	0.003951554059
127540	0.005939084352
127541	0.004137435272
127542	0.007606973224
127543	0.002526864482
127544	0.0002884285193
127545	0.002247565473
127546	0.006326246579
127547	0.0008624041008
127548	0.0008688630252
127549	0.001884060196
127550	0.0007165890469
127551	0.002481033345
127552	0.008163244338
127553	0.00249262061
127554	0.0001024806467
127555	0.009295453242
127556	0.004696091989
127557	0.009345416355
127558	0.002188453574
127559	0.006113342603
127560	0.001676322598
127561	0.008883143435
127562	0.005199576119
127563	0.002812554332
127564	0.01106935647
127565	0.003039018028
127566	0.006036190617
127567	0.005900171976
127568	0.002164019192
127569	0.00104142134
127570	0.005622321823
127571	0.0009965386647
127572	0.001471409684
127573	0.004426550722
127574	0.002306855199
127575	0.0003054787702
127576	0.008118626575
127577	0.001434905821
127578	0.001665969572
127579	0.004564901572
127580	0.005847428844
127581	0.007487044245
127582	0.0004510785936
127583	0.01167113111
127584	0.006535210271
127585	0.007475989194
127586	0.004486118546
127587	0.01380605622
127588	0.002582973518
127589	0.003005461115
127590	0.007503446136
127591	0.004774255407
127592	0.0115672942
127593	0.0008359834748
127594	0.004560080453
127595	0.002589955212
127596	0.00608005215
127597	0.003818717812
127598	0.01333553643
127599	0.006370709057
127600	0.009266406243
127601	0.00459705344
127602	0.001396330414
127603	0.00318390235
127604	0.003005525005
127605	0.005435840159
127606	0.0007909684624
127607	0.002711005048
127608	0.00210005446
127609	0.005230362398
127610	0.006906409801
127611	0.002966096172
127612	0.003459802296
127613	0.009977044412
127614	0.001491927812
127615	0.003969130064
127616	0.01197297456
127617	0.003841170766
127618	0.001999109636
127619	0.004627746996
127620	0.009405155568
127621	0.001977862946
127622	0.004356133264
127623	0.0007675300597
127624	0.001453315633
127625	0.004748580979
127626	0.002721785539
127627	0.009558652626
127628	0.008081493719
127629	0.006311528672
127630	0.007423855999
127631	0.007695129746
127632	0.003553747582
127633	0.008105799438
127634	0.008386518778
127635	0.007502523582
127636	0.003440279918
127637	0.007093749402
127638	0.002181329784
127639	0.003023887031
127640	0.01162445566
127641	0.0131012135
127642	0.006502669844
127643	0.007659718864
127644	0.01695659186
127645	0.0137074252
127646	0.008592009676
127647	0.0006748044769
127648	0.002424119786
127649	0.003350181757
127650	0.002015032469
127651	0.002568528244
127652	0.01413128421
127653	0.004512887939
127654	0.0009813933187
127655	0.005206646416
127656	0.01412335462
127657	0.001317611434
127658	0.001318612504
127659	0.003038066499
127660	0.0007340000649
127661	0.002209313982
127662	0.0005487503004
127663	0.00348874452
127664	0.008597076244
127665	0.00485028379
127666	0.001811678945
127667	0.00988942802
127668	0.01111808482
127669	0.009374104618
127670	0.0035264974
127671	0.003526300661
127672	0.009169564328
127673	0.005183896936
127674	0.008118213208
127675	0.005683613264
127676	0.002661112703
127677	0.005684716427
127678	0.008629479246
127679	0.004409770049
127680	0.002163120511
127681	0.009957231982
127682	0.00264525053
127683	0.01728747989
127684	0.0008110276289
127685	0.002333356289
127686	0.0001959114717
127687	0.002877016428
127688	0.0006594717893
127689	0.00536332724
127690	0.0004114482179
127691	0.008494605208
127692	0.01030460684
127693	0.01445306141
127694	0.009394799713
127695	0.006151959539
127696	0.02126177241
127697	0.001894470414
127698	0.006331035602
127699	0.002972817684
127700	0.002583655722
127701	0.01177916815
127702	0.01274126675
127703	0.006459315908
127704	0.0007803857232
127705	0.007135939129
127706	0.003299217137
127707	0.01264007865
127708	0.003044232236
127709	0.003462900527
127710	0.0007360484744
127711	0.003842005501
127712	0.0008832614929
127713	0.005396011388
127714	0.006647390559
127715	0.007176148776
127716	0.005233388918
127717	0.003992745044
127718	0.00639820257
127719	0.002089763731
127720	0.005038171043
127721	0.001268658129
127722	0.005322250127
127723	0.003503024248
127724	0.000377065156
127725	0.004264827776
127726	0.005684707731
127727	0.007544638131
127728	0.00200488874
127729	0.002306215208
127730	0.006142214898
127731	0.01455270005
127732	0.004225540005
127733	4.931361491e-05
127734	0.005715193923
127735	0.002456310191
127736	0.00048841529
127737	0.005464032357
127738	0.005568632436
127739	0.005617059047
127740	0.004884097862
127741	0.004501908767
127742	0.008724090167
127743	0.007308067738
127744	0.001235457655
127745	0.002170458312
127746	0.001243919633
127747	0.01227777124
127748	0.003635864409
127749	4.965874146e-05
127750	0.01596207171
127751	0.01159757838
127752	0.00275976572
127753	0.003788107905
127754	0.006282334718
127755	0.01019473186
127756	0.004096333822
127757	0.001843254564
127758	0.001871171096
127759	0.006150002039
127760	0.008734373067
127761	0.008747739487
127762	0.01274012161
127763	0.002119395654
127764	0.01158152119
127765	0.01657803222
127766	8.983810145e-06
127767	0.004583349766
127768	0.003793492302
127769	0.003415350736
127770	0.0004465072895
127771	0.004499051533
127772	0.002071448758
127773	0.002411168264
127774	0.006319369118
127775	0.003532448632
127776	0.006476880831
127777	0.00447772498
127778	0.002585178239
127779	0.01043750915
127780	0.009117137305
127781	0.01067267863
127782	0.006648648401
127783	0.0007217834265
127784	0.01114447543
127785	0.007590405301
127786	0.01373788016
127787	0.00556549433
127788	0.007557079075
127789	0.00519988784
127790	0.005457079435
127791	0.007091869951
127792	0.006103047815
127793	0.004010252062
127794	0.004698993155
127795	0.004579912476
127796	0.005179439498
127797	0.005770040033
127798	0.004377789894
127799	0.006329191312
127800	0.005475946226
127801	0.006310509494
127802	0.006080842782
127803	0.00580432175
127804	0.004193862227
127805	0.005939571433
127806	0.004688826205
127807	0.005802420539
127808	0.006263379267
127809	0.00455157599
127810	0.005223919349
127811	0.006483675773
127812	0.00535547633
127813	0.005258304828
127814	0.006147522842
127815	0.004802451397
127816	0.005960946601
127817	0.006277419672
127818	0.003886513145
127819	0.006454866416
127820	0.005154682955
127821	0.004600583657
127822	0.005476995346
127823	0.006272269457
127824	0.00615121965
127825	0.001441060821
127826	0.006493910818
127827	0.01014565367
127828	0.009896277142
127829	0.008667019834
127830	0.007072411364
127831	0.002938680166
127832	0.0006460517396
127833	0.002439104885
127834	0.00371063477
127835	0.004925807646
127836	0.003027704405
127837	0.009600626725
127838	0.01149303658
127839	0.009355585128
127840	0.004053531539
127841	0.01372519391
127842	0.01979620543
127843	0.007465283355
127844	0.00332748951
127845	0.001790291493
127846	0.006120875301
127847	0.005157660758
127848	0.004281438971
127849	0.003104286894
127850	0.004737361686
127851	0.0007642874943
127852	0.008463187237
127853	0.006742331247
127854	0.003260227639
127855	0.0005762090524
127856	0.001387350667
127857	0.0008303756598
127858	0.004250822144
127859	0.01267359978
127860	0.002932617462
127861	0.0004203347266
127862	0.01631263813
127863	0.01432606029
127864	0.00944947414
127865	0.005049986197
127866	9.282897262e-05
127867	0.003835978633
127868	0.004188173746
127869	0.0002449849984
127870	0.006852792274
127871	0.008914391955
127872	0.003320781964
127873	0.009039247656
127874	0.002664057017
127875	0.005374228168
127876	0.01151304996
127877	0.005951759619
127878	0.0009887276451
127879	0.006207399202
127880	0.005445567069
127881	0.005821228838
127882	0.005434730582
127883	0.005178248209
127884	0.005425189169
127885	0.005023374615
127886	0.005163580748
127887	0.004548094096
127888	0.005254445727
127889	0.004575325191
127890	0.005800409628
127891	0.005468208374
127892	0.004925217148
127893	0.005977873822
127894	0.004679692249
127895	0.006771072265
127896	0.007496608564
127897	0.005480355854
127898	0.005838370136
127899	0.00539658205
127900	0.004728256506
127901	0.006100145874
127902	0.004792798324
127903	0.001463433496
127904	0.004432663567
127905	0.008119946327
127906	0.004060999269
127907	0.005283873264
127908	0.005610265454
127909	0.005624991502
127910	0.006190546151
127911	0.005547336836
127912	0.005822141995
127913	0.005509674361
127914	0.006001414768
127915	0.006189685386
127916	0.004810949059
127917	0.006329204528
127918	0.004584791506
127919	0.004869747527
127920	0.004530200307
127921	0.00688647079
127922	0.004374234974
127923	0.001979761215
127924	0.002968518176
127925	0.006363810103
127926	0.006274903623
127927	0.003030400125
127928	0.004979108104
127929	0.005614359909
127930	0.004927622538
127931	0.005988017039
127932	0.004406235567
127933	0.005057942079
127934	0.005035642214
127935	0.005371342293
127936	0.006257167818
127937	0.004995322822
127938	0.005927635755
127939	0.005217214106
127940	0.006120783698
127941	0.004970576438
127942	0.003680644166
127943	0.005976060584
127944	0.005784224785
127945	0.006170165143
127946	0.007052630077
127947	0.005753657162
127948	0.006403695368
127949	0.006583674858
127950	0.004359396917
127951	0.004813546234
127952	0.006095529693
127953	0.005674240856
127954	0.005538838738
127955	0.006559296117
127956	0.004943452611
127957	0.00464198632
127958	0.005697706371
127959	0.005979194775
127960	0.006087889481
127961	0.003280299961
127962	0.005289606551
127963	0.005618483501
127964	0.005218303256
127965	0.006426359427
127966	0.004567285847
127967	0.004451529121
127968	0.005897742492
127969	0.006239058799
127970	0.005301598109
127971	0.005794586443
127972	0.005995650564
127973	0.006441895364
127974	0.006001801234
127975	0.004952479561
127976	0.005638875996
127977	0.005941792058
127978	0.005171114408
127979	0.005898732442
127980	0.005117987493
127981	0.006846832305
127982	0.003484714881
127983	0.003543387382
127984	0.0102796958
127985	0.001837118607
127986	0.003021204418
127987	0.002050521007
127988	0.01049909539
127989	0.01557790255
127990	0.00567714585
127991	0.0009135673929
127992	0.003783288166
127993	0.006255749219
127994	0.001664655194
127995	0.005233443197
127996	0.004847108209
127997	0.01973548174
127998	0.0003462456379
127999	0.005677670734
128000	0.007190359633
128001	0.003076891423
128002	0.002530011025
128003	0.005197311895
128004	0.002766880323
128005	0.0004502608957
128006	0.0006797168872
128007	0.001089953758
128008	0.001249686868
128009	0.003527414763
128010	0.003669123663
128011	0.0013595549
128012	0.0031653071
128013	0.0005489687188
128014	0.006222827235
128015	0.005234336663
128016	0.0005320324706
128017	0.0008739652588
128018	0.0001849982261
128019	0.0005554997141
128020	0.0008281163982
128021	0.0005427693291
128022	0.0004959765313
128023	0.0006769640727
128024	0.0006679146194
128025	0.0006041000488
128026	0.000501193064
128027	0.0001902202058
128028	0.0005528237185
128029	0.000464151764
128030	0.0004951377989
128031	0.0004172414419
128032	0.0005820299493
128033	0.0004740004389
128034	0.0005813958993
128035	0.0006675387785
128036	0.0004411278837
128037	0.0005377404985
128038	0.0004780355913
128039	0.0006084840981
128040	0.0005875000385
128041	0.0005628917738
128042	0.0006971817288
128043	0.0005587776493
128044	0.0005828356336
128045	0.0004169856089
128046	0.001108755923
128047	0.0004890795939
128048	0.0006205775534
128049	0.0005971117917
128050	0.0005507011389
128051	0.0005724554513
128052	0.0005652194691
128053	0.0006629433034
128054	0.001266312569
128055	0.0005116812612
128056	0.0006205614938
128057	0.000910667289
128058	0.0004963805389
128059	0.0004631211712
128060	0.0006209914493
128061	0.01115432679
128062	0.007869238566
128063	0.004884735206
128064	0.0004307188409
128065	0.0004301089617
128066	0.0005403039485
128067	0.0005830875912
128068	0.000571482074
128069	0.0005697490513
128070	0.0007760313339
128071	0.0006728560736
128072	0.0005730839793
128073	0.005140945207
128074	0.0004783585716
128075	0.0001924776554
128076	0.0005767741439
128077	0.0005252179113
128078	0.002737836487
128079	0.02346691794
128080	0.000779828418
128081	0.0005451353188
128082	0.0009338175378
128083	0.0005403865185
128084	0.0004809749886
128085	0.0004627163034
128086	0.0006123057418
128087	0.002202656449
128088	0.005939061807
128089	0.0004595720941
128090	0.0004348403132
128091	0.0004640707714
128092	0.0006012561785
128093	0.0006841803888
128094	0.0002749463708
128095	0.0004573923021
128096	0.0005822147285
128097	0.0005036465641
128098	0.0004839035839
128099	0.003902378568
128100	0.0004073094321
128101	0.0009073208537
128102	0.0008015330685
128103	0.0004882365019
128104	0.0009993010189
128105	0.0005330488419
128106	0.0005411657534
128107	0.0005598226485
128108	9.684152023e-05
128109	0.0007146930985
128110	0.0006443290534
128111	0.0005522961985
128112	0.0004987330989
128113	0.001529922094
128114	0.0005104423485
128115	0.0002324316308
128116	0.0005015262188
128117	0.0006286346693
128118	0.0003988666294
128119	0.0006251835319
128120	0.0002716878504
128121	0.0005906156989
128122	0.000453767064
128123	0.0004413486212
128124	0.0004138687289
128125	0.0004982277814
128126	6.19511452e-05
128127	0.0006209327291
128128	0.0007695934537
128129	0.000812385275
128130	0.0001410743439
128131	0.0005373718986
128132	0.0006784719413
128133	0.001999060827
128134	0.0004553483391
128135	0.0005338404711
128136	0.0006577880033
128137	0.0002275177324
128138	0.0005402043106
128139	0.0006025749485
128140	0.0005858912637
128141	0.0006765662808
128142	0.0004944064412
128143	0.0004735826112
128144	0.0004732660601
128145	0.0005728849717
128146	0.001157125309
128147	0.0004267685521
128148	0.0005786406191
128149	0.0006411353691
128150	0.0004995424937
128151	0.0006868215985
128152	0.0007603121918
128153	0.0006621665217
128154	0.0007154615731
128155	0.0006060701685
128156	0.0006016346685
128157	0.0006595230985
128158	0.0004447152539
128159	0.0007384389517
128160	0.0006195604781
128161	0.0006604163834
128162	0.0005116081288
128163	0.0008116009817
128164	0.0005089883471
128165	0.0002804098171
128166	0.0002250197819
128167	1.047851498e-05
128168	0.0002718177302
128169	0.0008653337299
128170	0.00687788465
128171	0.0005907334013
128172	0.0006145646113
128173	0.0005856955708
128174	0.0004869136408
128175	0.0003872359647
128176	0.004977539795
128177	0.003758077971
128178	0.006057085694
128179	0.002674438395
128180	0.007994370292
128181	0.00915631865
128182	0.007502076167
128183	0.01358412482
128184	0.000210608435
128185	0.0006012208899
128186	0.0005142796712
128187	0.0006365369139
128188	0.0005496028731
128189	0.0005902486785
128190	0.0005225480885
128191	0.0007449532908
128192	0.001960628675
128193	0.003718062772
128194	0.00170249463
128195	0.002422516838
128196	0.01123574178
128197	0.003330198665
128198	0.006589539874
128199	0.005133432381
128200	0.0169602381
128201	0.001696625118
128202	0.007590290952
128203	0.01505672889
128204	0.004382725525
128205	0.002603650117
128206	0.006550326077
128207	0.008877435636
128208	0.006743711942
128209	0.003730706149
128210	0.003810473618
128211	0.002077088322
128212	0.002201146603
128213	0.006710288003
128214	0.006421249539
128215	0.01183141798
128216	0.01123783791
128217	0.009190222264
128218	0.01051560517
128219	0.004707838817
128220	0.006396993692
128221	0.004798764675
128222	0.002714973208
128223	0.0001500701506
128224	0.000410398038
128225	0.001855410774
128226	0.003389718494
128227	0.006734480689
128228	0.005263953763
128229	0.01605954773
128230	0.0006997310416
128231	0.01178674053
128232	0.0005534841747
128233	0.00630630484
128234	0.008228547916
128235	0.007913164875
128236	0.005615165452
128237	0.003668093669
128238	0.004090628611
128239	0.008497045604
128240	0.0162683168
128241	0.001265854007
128242	0.001466553124
128243	0.0004370551545
128244	0.009305410189
128245	0.003669441021
128246	0.001778764067
128247	0.003125148077
128248	0.003463049118
128249	0.009511344703
128250	0.0005784933766
128251	0.004804845541
128252	0.003038096615
128253	0.007574279205
128254	0.006867460095
128255	0.01298126461
128256	0.005480311815
128257	0.01547922293
128258	0.006972546948
128259	0.0002976426782
128260	0.005734713842
128261	0.001238742212
128262	0.001249395773
128263	0.008762984442
128264	0.004423057838
128265	0.00096409145
128266	0.008983400808
128267	0.01358563097
128268	4.942485152e-06
128269	0.005812677092
128270	0.006696930309
128271	0.00786503489
128272	0.005352907937
128273	0.0001160585828
128274	0.01162933846
128275	0.006990041509
128276	0.005219811361
128277	0.001446604532
128278	0.007045560135
128279	0.01199478857
128280	0.00354311563
128281	0.01106946772
128282	0.008347319595
128283	0.001394291855
128284	0.004236274246
128285	0.003436265356
128286	0.005068379238
128287	0.008241052823
128288	0.01776087322
128289	0.00410708488
128290	0.001742985049
128291	0.0121681415
128292	0.003664406025
128293	0.002104792147
128294	0.009706360266
128295	0.002593579988
128296	0.00257805577
128297	0.002088510879
128298	0.0009614481792
128299	0.001946922668
128300	0.003631540195
128301	0.01142645503
128302	0.006428033747
128303	0.004023343111
128304	0.008749631206
128305	0.005770864942
128306	0.007399234822
128307	0.003130856289
128308	0.00178858963
128309	0.002596906073
128310	0.000285668346
128311	0.001990909184
128312	0.001275841723
128313	0.01314615209
128314	0.004976837552
128315	0.01358527488
128316	0.003491540972
128317	0.00317694301
128318	0.008968027905
128319	0.004460270115
128320	0.00271353303
128321	0.004427572604
128322	0.002543952073
128323	0.004517550588
128324	0.005907590607
128325	0.001669652507
128326	0.0006285004241
128327	0.0009417263666
128328	0.001875427397
128329	0.002669715637
128330	0.001555044099
128331	0.006802348032
128332	0.0009159008011
128333	0.005457809688
128334	0.002253622184
128335	0.006246139212
128336	0.004539472436
128337	0.002554947265
128338	0.0107192403
128339	0.002411372624
128340	0.009682660254
128341	0.01832674883
128342	0.00232709813
128343	0.002300657139
128344	0.005601870293
128345	0.001907337354
128346	0.003469881147
128347	0.005651272795
128348	0.0032450924
128349	0.00545034061
128350	0.005659807364
128351	0.0001096741587
128352	0.005462760114
128353	0.009239073773
128354	0.0001888885747
128355	0.007896050677
128356	0.004055548407
128357	0.0006418120096
128358	0.000152482533
128359	0.0008578099139
128360	0.00250307775
128361	0.002191999324
128362	0.008667264416
128363	0.001927542739
128364	0.002887321389
128365	0.0001398943551
128366	0.004381916036
128367	0.005185558834
128368	0.006948054633
128369	0.002874119478
128370	0.001149097979
128371	0.01167608749
128372	0.007563077019
128373	0.003951801409
128374	0.002033661219
128375	0.008989281795
128376	0.0007414122307
128377	0.0002130751424
128378	0
128379	0.00140797995
128380	0.002467051659
128381	0.001121987266
128382	0.002166806171
128383	0.002061605076
128384	0.005300518351
128385	0.005934502387
128386	0.00371977733
128387	0.0001457075414
128388	0.008090385841
128389	0.007371517638
128390	0.001487123812
128391	0.0001967527775
128392	0.004185230097
128393	0.00161313976
128394	0.002536852707
128395	0.005300722586
128396	0.005059894055
128397	0.01551850737
128398	0.003166624713
128399	0.002068797226
128400	0.01439433127
128401	0.01268227374
128402	0.008566918538
128403	0.003768217229
128404	0.004384964223
128405	0.01015895372
128406	0.003295264237
128407	0.01379478251
128408	0.005567865117
128409	0.006937927109
128410	0.002810083536
128411	0.001865370434
128412	0.004067652818
128413	0.01008520712
128414	0.003039083252
128415	0.001264025952
128416	0.003058932051
128417	0.01151064611
128418	0.004961289725
128419	0.001419699164
128420	0.01132666551
128421	0.003268243902
128422	0.002549679788
128423	0.002258378133
128424	0.006597571574
128425	0.002992323301
128426	0.0007563378431
128427	0.005485139141
128428	0.004766181594
128429	0.003835139908
128430	0.004533800921
128431	0.0008397157583
128432	0.01332330483
128433	0.00366553656
128434	0.01597960159
128435	0.00896891933
128436	0.006179965504
128437	0.002423243476
128438	0.004642079559
128439	0.0004515347424
128440	0.003187122995
128441	0.001909652663
128442	0.017841043
128443	0.003816030442
128444	0.004295915727
128445	0.001940275349
128446	0.005870896819
128447	0.00177387181
128448	0.007938560816
128449	0.004909996511
128450	0.002015774796
128451	0.0004511983429
128452	0.0007569243638
128453	0.004736874631
128454	3.372736962e-05
128455	0.007007894719
128456	0.001204988257
128457	0.003458652975
128458	0.002972640513
128459	0.01926878593
128460	0.01793437203
128461	0.002424587953
128462	0.0001181004121
128463	0.01391022134
128464	0.002587492756
128465	0.003599355771
128466	0.002268834343
128467	0.01741505099
128468	0.000853175311
128469	0.005093400158
128470	0.002984088665
128471	0.00649578838
128472	0.01409088221
128473	0.004151869019
128474	0.005282764881
128475	0.004989784991
128476	0.002878439432
128477	0.004288775261
128478	0.002450433364
128479	0.02263513162
128480	0.0008396891206
128481	0.008660769879
128482	0.003546746131
128483	0.01273740205
128484	0.00450206157
128485	0.00639441025
128486	0.0007818152456
128487	0.005430140513
128488	0.00113734203
128489	0.01202274792
128490	0.001476467343
128491	0.00097800674
128492	0.01080597037
128493	0.003970514303
128494	0.0002003236899
128495	0.003537881507
128496	0.0158460289
128497	0.01020077254
128498	0.01479029882
128499	0.002477609243
128500	0.01336994847
128501	0.01406592337
128502	0.01151205159
128503	0.0103235329
128504	0.0001436840095
128505	0.006129677853
128506	0.002041722936
128507	0.006341471608
128508	0.00364712382
128509	0.008734985422
128510	0.001738239926
128511	0.001632727719
128512	0.008069129003
128513	0.0005332271564
128514	0.002353643023
128515	0.008681735242
128516	0.002574461884
128517	0.001287990808
128518	0.0083255772
128519	0.008397135391
128520	0.003861225278
128521	0.001556690213
128522	0.01703400776
128523	0.006573791604
128524	0.003935219523
128525	0.002941749746
128526	3.227641877e-06
128527	0.01124936764
128528	0.003697381012
128529	0.001778502597
128530	0.003084239274
128531	0.004212718708
128532	0.001175903505
128533	0.0008049444835
128534	0.004916011297
128535	0.001302971548
128536	0.001324296208
128537	0.008134926231
128538	0.006095341902
128539	0.00802051236
128540	0.002181941203
128541	0.006873992827
128542	0.009343360058
128543	0.01335323974
128544	0.00470899993
128545	0.001158012946
128546	0.00242321592
128547	0.0009306160216
128548	0.004480496385
128549	0.0005808040366
128550	0.0006630127396
128551	0.00401798924
128552	0.006207906859
128553	0.001097358607
128554	0.004213074253
128555	0.001544339152
128556	0.006641283573
128557	0.001493019781
128558	0.001267259154
128559	0.008564854149
128560	0.006064552988
128561	0.01101815289
128562	0.01354946138
128563	0.0007703814751
128564	0.001913895281
128565	0.004788353394
128566	0.008746827469
128567	0.00126127613
128568	0.0005007506586
128569	0.004969029244
128570	0.00211588782
128571	0.005220640286
128572	0.0006942922715
128573	0.002462654894
128574	0.001601278289
128575	0.009930710302
128576	0.009733500038
128577	0.0009005861282
128578	0.006224575905
128579	0.00181622814
128580	0.006997575095
128581	0.004575180164
128582	0.003749830302
128583	0.007637273571
128584	0.009912191034
128585	0.002621139995
128586	0.0009979353647
128587	0.001615060441
128588	0.02185290054
128589	0.004438123784
128590	0.006425554173
128591	0.001017755286
128592	0.004695575699
128593	0.00117558455
128594	0.0004165656534
128595	0.000260205527
128596	0.003280540045
128597	0.01504773051
128598	0.009295847855
128599	0.002079480136
128600	0.002152837419
128601	0.0003399120175
128602	0.002358712448
128603	0.01180720685
128604	0.008034336183
128605	0.0057167306
128606	0.004086787416
128607	0.002255277972
128608	0.01302707594
128609	0.003546093275
128610	0.0003763298158
128611	0.004482134829
128612	0.003649055778
128613	0.01167474064
128614	0.004049101951
128615	0.004095895021
128616	0.003905039716
128617	0.006633668297
128618	0.003351335361
128619	0.01177170014
128620	0.01598823209
128621	0.01067311824
128622	0.01588598822
128623	0.008915454418
128624	0.003651399395
128625	0.0007172000389
128626	0.004543783586
128627	0.01475676138
128628	0.000299995937
128629	0.01866318909
128630	0.008679307672
128631	0.006456193587
128632	0.008895747435
128633	0.0004044428944
128634	0.004983249871
128635	0.004227088357
128636	0.01231919795
128637	0.00826032703
128638	0.01306255342
128639	0.01213927188
128640	0.01175627723
128641	0.01104727445
128642	0.002433441108
128643	0.003064588217
128644	0.005158788676
128645	0.006874905
128646	0.01130846498
128647	0.01090837809
128648	0.001567626013
128649	0.007338569292
128650	0.006684382215
128651	0.007064684809
128652	0.005687681666
128653	0.002831533622
128654	0.002993265278
128655	0.004863266483
128656	0.01092716064
128657	0.002734421921
128658	0.004981066864
128659	0.002690046119
128660	0.005649760758
128661	0.01714293868
128662	0.01616543378
128663	0.009827524662
128664	0.009466153769
128665	0.008492278863
128666	0.002730056227
128667	0.002081285333
128668	0.00295715422
128669	0.001257362748
128670	0.00982840909
128671	0.00678754546
128672	0.003364043971
128673	0.007123988234
128674	0.005675724259
128675	0.01084915444
128676	0.008877696741
128677	0.004762840372
128678	0.0134060912
128679	0.004479979263
128680	0.002505281532
128681	0.008525433632
128682	0.005190480756
128683	0.001808373643
128684	0.01227667076
128685	0.005065294283
128686	0.0001190812517
128687	0.003497824845
128688	0.01581029028
128689	0.005382923133
128690	0.008338190899
128691	0.004111039626
128692	0.001173169063
128693	0.002316744064
128694	0.0008834870169
128695	0.01120647468
128696	0.008533323516
128697	0.007105764296
128698	0.009501952542
128699	0.003887326937
128700	0.00295851353
128701	0.008718357912
128702	0.000463303452
128703	0.006142129197
128704	0.01361265748
128705	3.540519041e-05
128706	0.0002791188294
128707	0.000678243202
128708	0.01642383325
128709	0.000633384019
128710	0.01039510455
128711	0.01050703659
128712	0.01293501126
128713	0.002215628144
128714	0.001516063308
128715	0.00399757405
128716	0.002757296173
128717	0.002078716186
128718	0.002566093064
128719	0.001339111122
128720	0.001428087416
128721	0.0004469887996
128722	0.001025023317
128723	0.006135287196
128724	0.001517368752
128725	0.004073760636
128726	0.003261203737
128727	0.001843238862
128728	0.01059451381
128729	0.006625698983
128730	0.01105380892
128731	0.001709399412
128732	0.003571253351
128733	0.004226484093
128734	0.008718922964
128735	0.009774745117
128736	0.004209251103
128737	0.0003159845062
128738	0.003324718779
128739	0.01003168027
128740	0.004143363153
128741	0.001264127619
128742	0.006063330653
128743	0.009241991906
128744	0.0103818463
128745	0.001800476551
128746	0.009282125632
128747	0.006920699546
128748	0.004338365471
128749	0.004389251642
128750	0.004456862479
128751	0.001494173984
128752	0.002135751057
128753	0.01290369538
128754	0.01269021251
128755	0.003119558992
128756	0.0007992498039
128757	0.0002662748698
128758	0.0002774792189
128759	0.0009279384226
128760	0.01206628284
128761	0.005364025163
128762	0.004352227302
128763	0.008033569937
128764	0.0139501438
128765	0.006094534559
128766	0.006191118937
128767	0.007398405974
128768	0.01141577483
128769	0.01648799607
128770	0.001406228289
128771	0.005022670093
128772	0.004274700609
128773	0.003251808094
128774	0.009700772611
128775	0.0009727916022
128776	0.005996099802
128777	0.006950560869
128778	0.003227284904
128779	0.002029093276
128780	0.007152310791
128781	0.01069322441
128782	0.001427488167
128783	0.002368836321
128784	3.155885329e-05
128785	0.009733810564
128786	0.00771795703
128787	0.009418222785
128788	0.002060968754
128789	0.006169188153
128790	0.001069134129
128791	0.006677697762
128792	0.005269091929
128793	0.0001068454495
128794	0.005723894317
128795	0.008013520883
128796	0.00178708819
128797	0.002910688991
128798	0.0007639593302
128799	0.003286581177
128800	0.007939386005
128801	0.007724660273
128802	0.0009910569162
128803	0.004392842897
128804	0.0005365029587
128805	0.006402472836
128806	0.001747587189
128807	0.001950112478
128808	0.006865036591
128809	0.000386240853
128810	0.001410652091
128811	3.563693361e-05
128812	0.00831798144
128813	0.0006905082623
128814	0.00283618551
128815	0.004726973853
128816	0.000569183419
128817	0.002707227748
128818	0.002022207785
128819	0.004329922769
128820	0.0008715980802
128821	0.0009191321707
128822	0.005583394197
128823	0.002112041862
128824	0.002201786118
128825	0.006601859119
128826	0.00172409618
128827	0.003445112903
128828	0.00401216362
128829	0.0003570065375
128830	0.002476086233
128831	0.002073525697
128832	0.001726937845
128833	0.001473851309
128834	0.008519302965
128835	0.001661374752
128836	0.0003350277222
128837	0.003628428816
128838	0.002674801894
128839	0.01132374287
128840	0.0009751287515
128841	0.001998937128
128842	0.006506385025
128843	0.00607738732
128844	0.007964942476
128845	0.004966269221
128846	0.001026552822
128847	0.00860605872
128848	0.01219502088
128849	0.001360329306
128850	0.003216670079
128851	0.001722243724
128852	0.005665040394
128853	0.0002414910255
128854	0.0002567349576
128855	0.00500660399
128856	0.001207241242
128857	0.004765104849
128858	0.003043256971
128859	0.008032991414
128860	0.00628997626
128861	0.00424933347
128862	0.003647846425
128863	0.008549063462
128864	0.009935886968
128865	0.001595921184
128866	0.01295324949
128867	0.000829395424
128868	0.01699962031
128869	0.01387614297
128870	0.003896159605
128871	0.01102695127
128872	0.001206597442
128873	0.001259537436
128874	0.01124645242
128875	0.005012236986
128876	0.006109156662
128877	0.007236787638
128878	0.006915136809
128879	0.001577852998
128880	0.003307106801
128881	0.001939331982
128882	0.003240829724
128883	0.005062927683
128884	0.005023968882
128885	0.007211586646
128886	0.005167867707
128887	0.0005993251276
128888	0.005540355129
128889	0.004946981362
128890	0.001441498088
128891	0.0008272874366
128892	0.009229357326
128893	0.004925974694
128894	0.005745735645
128895	0.0008143972128
128896	0.004082403571
128897	0.001213515177
128898	0.003631921287
128899	0.003933532204
128900	0.002339532374
128901	0.001169479865
128902	0.007400941904
128903	0.0118139785
128904	0.006561206209
128905	0.001528988991
128906	0.00391040829
128907	0.005189086996
128908	0.0007533493711
128909	0.00519070202
128910	0.01645437178
128911	0.0005114435955
128912	0.00397520405
128913	0.002250367356
128914	0.001283923577
128915	0.005495617029
128916	0.005134368435
128917	0.01197514476
128918	0.0003498582624
128919	0.001164521156
128920	0.004937721523
128921	0.01032777361
128922	0.0006640103408
128923	0.002184555766
128924	0.006030637619
128925	0.004081781735
128926	0.00309488257
128927	0
128928	0.006241563766
128929	0.008978802595
128930	0.0072100432
128931	0.009004920041
128932	0.01479212027
128933	0.006338800482
128934	0.0006088725284
128935	0.01013732432
128936	0.01343917311
128937	0.004110384726
128938	0.003918965911
128939	0.002340813957
128940	6.020516259e-05
128941	0.006120981732
128942	0.0003729668016
128943	0.01331930507
128944	0.01210464202
128945	0.000529365988
128946	0.001810803362
128947	0.002425737577
128948	0.006761140232
128949	0.003494494579
128950	0.005361453144
128951	0.002352266241
128952	0.005291165502
128953	0.01181202991
128954	0.004480723726
128955	0.005201181719
128956	0.00905969202
128957	0.004603240521
128958	0.0117097542
128959	0.007200029224
128960	0.00705538668
128961	0.005570447689
128962	0.0006949682148
128963	0.001215754499
128964	0.007836331734
128965	0.01159649633
128966	0.00123577705
128967	0.001277296284
128968	0.007218138162
128969	0.001360100168
128970	0.009720665195
128971	0.0187074164
128972	0.003864752372
128973	0.001887836218
128974	0.003105932708
128975	0.0001515666164
128976	0.002971986613
128977	0.002816633353
128978	0.002967478243
128979	0.002817300011
128980	0.002973987407
128981	0.01349961522
128982	0.00180783338
128983	0.01202042988
128984	0.0006279773688
128985	0.0007300976193
128986	0.0007782179172
128987	0.002803017966
128988	0.0001305882669
128989	0.002489956091
128990	0.0007279586184
128991	0.003226402928
128992	0.002799957009
128993	0.008244271801
128994	0.0046566938
128995	0.00903938995
128996	0.002914417414
128997	0.008953641703
128998	0.001521057333
128999	0.005968611812
129000	0.001816172829
129001	0.002063833999
129002	0.001220502671
129003	0.01160889986
129004	0.0007172930591
129005	0.003288668988
129006	0.00912076355
129007	0.01046080124
129008	0.002054105671
129009	0.0009000292917
129010	0.0003750725698
129011	0.01260306326
129012	0.01017475666
129013	0.0004758500325
129014	0.01503194195
129015	0.0009567659727
129016	7.922880121e-05
129017	0.00586114817
129018	0.01100371805
129019	0.001568507927
129020	0.008638566561
129021	0.01032635544
129022	0.00783679865
129023	0.001862823629
129024	0.005641215391
129025	0.00508564642
129026	0.002128324092
129027	0.005456642136
129028	0.002731447657
129029	0.01552012629
129030	0.004793226706
129031	0.007328764932
129032	0.002019864043
129033	0.007717923427
129034	0.00610945278
129035	0.007424786097
129036	0.006714369745
129037	0.007805982693
129038	0.00514952268
129039	0.003664630323
129040	0.002294268382
129041	0.001082990965
129042	0.009818725045
129043	0.002308073338
129044	0.01744865864
129045	0.004952176391
129046	0.00158716557
129047	0.001176566364
129048	0.008998634448
129049	0.003631939212
129050	0.003395290806
129051	0.002473730844
129052	0.00229345045
129053	0.002677924356
129054	0.007476504166
129055	0.003669670573
129056	0.00429522876
129057	0.000120803884
129058	0.001966001495
129059	0.005261100437
129060	0.00587685779
129061	0.008759827131
129062	0.009195906446
129063	0.002336051799
129064	0.006755010842
129065	0.001342622944
129066	0.0008521492884
129067	0.001784817914
129068	0.0003102167751
129069	0.005111884384
129070	0.001969653576
129071	0.003398657828
129072	0.0005741081242
129073	0.003394665815
129074	0.0008980124008
129075	0.008298873295
129076	0.004468909474
129077	0.01108754614
129078	0.0001229843929
129079	0.001726539932
129080	0.007902043767
129081	0.005198839735
129082	0.005959237884
129083	0.003488761187
129084	0.009913884749
129085	0.006781485158
129086	0.008425183942
129087	0.007648404436
129088	0.005397765239
129089	0.00505782089
129090	0.009591769333
129091	0.006224816278
129092	0.004730136004
129093	0.003879805667
129094	0.0001343416783
129095	0.001665249093
129096	0.002158454854
129097	0.006958918732
129098	0.006894436392
129099	0.01005434237
129100	0.002654015072
129101	0.005755187957
129102	0.00306365983
129103	0.001265663308
129104	0.006744728203
129105	0.00267389831
129106	0.0001673867658
129107	0.01036079828
129108	0.0007050279529
129109	0.01036150657
129110	0.006067053572
129111	0.01593785911
129112	0.003684069179
129113	0.0008742976689
129114	0.00708466514
129115	0.001659774892
129116	0.0009343953171
129117	0.002461905747
129118	0.001198561917
129119	0.003107227952
129120	0.01363108413
129121	0.001912662439
129122	0.007291615177
129123	0.0002566479778
129124	0.001256497508
129125	0.002746945552
129126	0.0004898753343
129127	0.001076200961
129128	0.001499828601
129129	0.01011818494
129130	0.005317148905
129131	0.001129285584
129132	0.009366029029
129133	0.0006170680163
129134	0.006533141255
129135	0.004381216629
129136	0.002029536545
129137	0.002961464813
129138	0.003161154034
129139	0.0009760210198
129140	0.001391957432
129141	0.002167295455
129142	0.002650196428
129143	0.009827479224
129144	0.0058724955
129145	0.004333377921
129146	0.0006714752486
129147	0.008679999856
129148	0.009646460118
129149	0.001361248981
129150	0.01096916181
129151	0.001262387239
129152	0.007780590752
129153	0.006732797112
129154	0.0001448993052
129155	0.003006287468
129156	0.001267510978
129157	0.00570722116
129158	0.008275604106
129159	0.002099158876
129160	3.240624697e-05
129161	0.008239678192
129162	0.001659385665
129163	0.008162705684
129164	0.008079434872
129165	0.01058258429
129166	0.001407064148
129167	0.0004134555063
129168	0.00504270488
129169	0.001400142913
129170	0.002265899727
129171	0.0007793354101
129172	0.003785636508
129173	0.004307526832
129174	0.003919481721
129175	0.009957314214
129176	0.009584517613
129177	0.008673716333
129178	0.001020886519
129179	0.008091040496
129180	0.001283263346
129181	0.0008718791541
129182	0.002058568911
129183	0.01011686781
129184	0.01782679624
129185	0.0005273588051
129186	0.01088685214
129187	0.001352697418
129188	0.004023847112
129189	0.006956276589
129190	0.002639871059
129191	0.004544642653
129192	0.002376097744
129193	0.003526039119
129194	0.01116554023
129195	0.007086785138
129196	0.004310033603
129197	0.0004855286933
129198	0.002034640725
129199	0.004433641885
129200	0.0018120843
129201	0.003667705701
129202	0.007701329374
129203	0.003332085976
129204	0.001773339957
129205	0.0021861767
129206	0.00199874005
129207	0.001719103418
129208	0.002911482489
129209	0.001985323493
129210	0.006096838461
129211	0.0007539525228
129212	0.005106079096
129213	0.01200395152
129214	0.003920639171
129215	0.007766656365
129216	0.005830842975
129217	0.002490057658
129218	0.002575064907
129219	0.01116014143
129220	0.004624647719
129221	0.001871414236
129222	0.005415867188
129223	0.001255095849
129224	0.003014279807
129225	0.0122376992
129226	0.01191244586
129227	0.0006417230248
129228	0.003944996041
129229	0.000780139029
129230	0.004390107275
129231	0.01232190628
129232	0.005966275903
129233	0.006488842379
129234	0.007617953568
129235	0.005568914665
129236	0.0178407272
129237	0.00199220227
129238	0.01501448651
129239	0.002799690217
129240	0.002789556158
129241	0.005512940891
129242	0.006142764459
129243	0.01362186562
129244	0.004126698176
129245	0.005764347725
129246	0.002636464692
129247	0.004100049257
129248	0.00788325365
129249	0.0006932280325
129250	0.0002026982379
129251	0.00359070454
129252	0.006545019031
129253	0.001837066107
129254	0.008716810885
129255	0.003414666371
129256	0.001127450105
129257	0.01074446147
129258	0.005951443715
129259	0.003951683654
129260	0.01274873068
129261	0.000145906879
129262	0.0001244123382
129263	0.007175847312
129264	0.005494618221
129265	0.002809069695
129266	0.001659909333
129267	0.0008567476277
129268	0.006646979424
129269	0.002056509324
129270	0.001837857001
129271	0.00259610465
129272	0.0009455885284
129273	0.01997080004
129274	0.0005859929588
129275	0.002838776516
129276	0.002817055048
129277	0.004636033095
129278	0.007519242103
129279	0.0009803332406
129280	0.0009731691323
129281	0.005769995607
129282	0.003329875484
129283	0.01013349535
129284	0.01449340323
129285	0.004986169129
129286	0.0002674391881
129287	0.01193305813
129288	0
129289	0.004402610568
129290	0.006669809254
129291	0.003083760568
129292	0.004887368613
129293	0.0007953946004
129294	0.009219906112
129295	0.01371279851
129296	0.01003963185
129297	0.005725573238
129298	0.003825909653
129299	0.00666444978
129300	0.006603358721
129301	0.002747258766
129302	0.004053965227
129303	0.0006863164112
129304	0.01431885791
129305	0.0006315876366
129306	0.001341847158
129307	0.0099695485
129308	0.0008971156846
129309	0.02236180009
129310	0.002940159657
129311	0.004753655298
129312	0.004378649854
129313	0.004932724638
129314	0.006780228279
129315	0.01073047922
129316	0.001224433815
129317	0.003770458121
129318	0.01335689279
129319	0.0114699716
129320	0.005368246582
129321	0.003468626507
129322	0.00128534961
129323	0.0003224634799
129324	0.004196999765
129325	0.001339071114
129326	0.01022711548
129327	0.002953752435
129328	0.001669607947
129329	0.001679889236
129330	0.002540272571
129331	0.007572942297
129332	0.002247774242
129333	0.002661888236
129334	0.001760516969
129335	0.004036586237
129336	0.01000128199
129337	0.02154922188
129338	0.01028035654
129339	0.002591773892
129340	0.001866524262
129341	0.01216537828
129342	0.007430852232
129343	0.003644486405
129344	0.01289973035
129345	0.00608550152
129346	0.009704387847
129347	0.005343518733
129348	0.01298582972
129349	0.007652965099
129350	0.0008347775193
129351	0.0003510423079
129352	0.002509474429
129353	0.003498575982
129354	0.007821394991
129355	0.0002002581238
129356	0.004897955656
129357	0.003475776215
129358	0.002849825431
129359	0.001489949028
129360	0.005792250084
129361	0.006698758662
129362	0.004714760613
129363	0.01525748946
129364	0.009590117133
129365	0.008552953378
129366	0.0002240667525
129367	0.007473614689
129368	0.001149701136
129369	0.01120071859
129370	0.006048664498
129371	0.01564580918
129372	0.004934202064
129373	0.006392709982
129374	0.002321646077
129375	0.002013207702
129376	0.007836219158
129377	0.0001559052627
129378	0.008819480284
129379	0.004138198564
129380	0.006555994473
129381	0.002561155333
129382	0.003316531941
129383	0.008021631845
129384	0.004671479445
129385	0.0005391510615
129386	0.002354051481
129387	0.002314818356
129388	0.003325044744
129389	0.01563260682
129390	0.01438283708
129391	0.01054568346
129392	0.005472361519
129393	0.0002134207891
129394	0.00224514152
129395	0.004656897219
129396	0.003784984715
129397	0.0003863115263
129398	0.004818867526
129399	0.008921438618
129400	0.0006357550212
129401	0.003899357672
129402	0.005734187754
129403	0.01023706172
129404	0.0005960885403
129405	0.004144541269
129406	0.004647081778
129407	0.02050260305
129408	0.005355787038
129409	0.003723315487
129410	0.0001126272532
129411	0.009185185252
129412	0.00350645667
129413	0.004772952475
129414	0.006033679178
129415	0.01863249972
129416	0.001347432023
129417	0.01009165834
129418	0.01362594648
129419	0.01968711937
129420	0.003305906288
129421	0.01729530967
129422	0.01018909448
129423	0.001912201094
129424	0.002730631221
129425	0.002331188484
129426	0.001308551233
129427	0.007663911878
129428	0.009960805755
129429	0.006978609886
129430	0.01091610073
129431	0.003761122416
129432	0.003725205459
129433	0.0029527544
129434	0.003528747032
129435	0.002583485255
129436	0.0006405798938
129437	0.005098584138
129438	0.002188930786
129439	0.001299129132
129440	0.009800429765
129441	0.00206377862
129442	0.004847672679
129443	0
129444	0.01371563346
129445	0.004721331205
129446	0.008905630244
129447	0.007274662531
129448	0.006756903246
129449	0.0008432881024
129450	0.002171106842
129451	0.007297078458
129452	0.01336492073
129453	0.0006590280905
129454	0.007378980714
129455	0.004503504694
129456	0.00506249272
129457	0.006545877755
129458	0.0004103227152
129459	0.01292470206
129460	0.00297372772
129461	0.01056952248
129462	0.004976331299
129463	0.001611226367
129464	0.009333328393
129465	0.006527992363
129466	0.003444526379
129467	0.0009967406996
129468	0.001221506431
129469	0.0009281189957
129470	0.01012740456
129471	0.002675161181
129472	0.02465741253
129473	0.0113427338
129474	0.0007836700217
129475	0.007105114151
129476	0.0006108190272
129477	0.02011306189
129478	0.01065207561
129479	0.002722177799
129480	0.001517598572
129481	0.005634266208
129482	0.004878217498
129483	0.004223607796
129484	0.007586512921
129485	0.006230505777
129486	0.00405578493
129487	0.0125738061
129488	0.0002690710363
129489	0.003481474593
129490	0.002957305978
129491	0.002877944764
129492	0.001689738221
129493	0.0003627783244
129494	0.00713727798
129495	0.01176419014
129496	0.000623800755
129497	0.003209193551
129498	0.01069792058
129499	0.005315975398
129500	0.0004879306334
129501	5.597407803e-06
129502	0.0006687860066
129503	0.002190810418
129504	0.004572903055
129505	0.00215978147
129506	0.008135551053
129507	0.007625413719
129508	0.001892638827
129509	0.004942439744
129510	0.002650367999
129511	0.00182514087
129512	0.002810906939
129513	0.007289943974
129514	0.003202938249
129515	0.005383718376
129516	0.003450736018
129517	0.0007681716363
129518	0.002083474694
129519	0.001029682176
129520	0.00567688091
129521	0.004821521297
129522	0.001410704523
129523	0.005589248699
129524	0.008737464223
129525	0.001380866797
129526	0.003473364133
129527	0.007738922883
129528	0.01379098403
129529	0.007727626253
129530	0.005021301755
129531	0.005181822556
129532	0.0138144356
129533	0.007197422361
129534	0.001790496336
129535	0.003490071998
129536	0.004677940703
129537	0.006098415979
129538	0.002899602484
129539	0.01346161118
129540	0.005683238205
129541	0.01412471796
129542	8.068470315e-05
129543	0.001415984963
129544	0.007232662983
129545	0.002009941675
129546	0.001593850394
129547	0.001156291808
129548	0.008164265416
129549	0.01593772674
129550	0.001972291523
129551	0.00299363277
129552	0.001107634243
129553	0.004024607809
129554	0.01605924125
129555	0.004891835877
129556	0.004982941967
129557	0.0002116986488
129558	0.0009100254041
129559	0.0121744927
129560	0.01542806127
129561	0.003598111542
129562	0.01344527419
129563	0.005865980918
129564	0.008401019494
129565	0.01733020704
129566	0.006544352299
129567	0.0007464032441
129568	0.001003530582
129569	0.0003679110006
129570	0.003888388878
129571	0.003454942328
129572	0.0128372563
129573	0.01640709514
129574	0.006776325584
129575	0.008097047064
129576	0.007192245439
129577	0.002518196485
129578	0.008076102879
129579	0.009318790186
129580	0.004158117795
129581	0.008480497925
129582	0.008435950687
129583	0.009534316742
129584	0.003764300869
129585	0.0005746768801
129586	0.01041538262
129587	0.00349822315
129588	0.004728329426
129589	0.004016930459
129590	0.004865750932
129591	0.01489564111
129592	0.004801276882
129593	0.002045027162
129594	0.004395868519
129595	0.004649007545
129596	0.005697956794
129597	0.01066029659
129598	0.0005253202365
129599	0.01495547511
129600	0.002440430337
129601	0.000704077024
129602	0.001541565519
129603	0.0002567764894
129604	0.002945920083
129605	0.002337452502
129606	0.002778717188
129607	0.00732440692
129608	0.0002974265472
129609	0.01034059267
129610	0.01864116372
129611	0.004452676328
129612	0.00074645916
129613	0.01366304631
129614	0.01180871601
129615	0.004376546152
129616	0.01689324787
129617	0.009683185521
129618	0.0003490294019
129619	0.005848711946
129620	0.002756411804
129621	0.01392515781
129622	0.00700445424
129623	0.004277891229
129624	0.008587289494
129625	0.002714661346
129626	0.007855617976
129627	0.0002742245037
129628	0.0004793627001
129629	0.004904136124
129630	0.000721113674
129631	0.0008782452183
129632	0.0008084348887
129633	0.005588920117
129634	0.006119773817
129635	0.003088374276
129636	0.007369540887
129637	0.002991808228
129638	0.007003136385
129639	0.003424244777
129640	0.003822091153
129641	0.005700454483
129642	0.006211551002
129643	0.01231314655
129644	0.01252135732
129645	0.009422661123
129646	0.007272836759
129647	0.004996261764
129648	0.003378626024
129649	0.001297852189
129650	0.001082653833
129651	0.009673988858
129652	0.002571997441
129653	0.007392439892
129654	0.01968927874
129655	0.0008652543424
129656	0.008608306517
129657	0.01055468785
129658	0.007523607302
129659	0.0003464585212
129660	0.0005760945057
129661	0.01330953156
129662	0.004577254023
129663	0.003589140458
129664	0.005791277586
129665	0.0007584645317
129666	0.001787963338
129667	0.001035230868
129668	0.005270466228
129669	0.0007323163173
129670	0.0009788494986
129671	0.001007295805
129672	0.005366339265
129673	0.004804277327
129674	0.004041125282
129675	0.005419054523
129676	0.01645207002
129677	0.004751696289
129678	0.006467814518
129679	0.002572357939
129680	0.001537328581
129681	0.001301205727
129682	0.004309272217
129683	0.005826712624
129684	0.01574372117
129685	0.01296147244
129686	0.00805650212
129687	0.009190771429
129688	0.003038111706
129689	0.001813125034
129690	0.0002155918981
129691	0.0009828164769
129692	0.0008536636033
129693	0.0005961952348
129694	0.00500201825
129695	0.008567737289
129696	0.001484865226
129697	0.003710017767
129698	0.004335116754
129699	0.002851863576
129700	0.0002296409578
129701	0.0006450749337
129702	0.001156292314
129703	0.001385698763
129704	0.002449710407
129705	0.002400494421
129706	0.002881722867
129707	0.001390982766
129708	0.007107066655
129709	0.0002568339859
129710	0.004609310642
129711	0.002626746128
129712	0.001278803175
129713	0.00484868123
129714	0.003259438977
129715	0.003410529491
129716	0.01898388357
129717	0.004479337494
129718	0.004994248467
129719	0.0009064972541
129720	0.005354678636
129721	0.001857749613
129722	0.001725770221
129723	0.0008173976335
129724	0.0005714766462
129725	0.0009986900175
129726	0.001985656997
129727	0.00234187831
129728	0.00426527679
129729	0.003150917797
129730	0.0001412976427
129731	0.002314502406
129732	0.004749886174
129733	0.002805242244
129734	0.001367336804
129735	0.01212196369
129736	0.005097497666
129737	0.000518925816
129738	0.008585360416
129739	0.01115523964
129740	0.008600104055
129741	0.002326454376
129742	0.004314809936
129743	0.007380873676
129744	0.006692983671
129745	0.007173119925
129746	0.006895985042
129747	0.00709589421
129748	0.005879420749
129749	0.00673480986
129750	0.006882121544
129751	0.007146890954
129752	0.007056030884
129753	0.01057822992
129754	0.008087790831
129755	0.006829697022
129756	0.008110946246
129757	0.007579227684
129758	0.0050286294
129759	0.006212664416
129760	0.008105318136
129761	0.009649150536
129762	0.008523591428
129763	0.008371870267
129764	0.00722631834
129765	0.006015718541
129766	0.006490148263
129767	0.008264248873
129768	0.008611168063
129769	0.005952437862
129770	0.01342394413
129771	0.009987557371
129772	0.0157771238
129773	0.01255128059
129774	0.01160147578
129775	0.01199476452
129776	0.0115416477
129777	0.01079760727
129778	0.008701964291
129779	0.01174862527
129780	0.01170245725
129781	0.009456022338
129782	0.01067852985
129783	0.01082564603
129784	0.01024445767
129785	0.01219818058
129786	0.01032058755
129787	0.007356382234
129788	0.01101363725
129789	0.009322125244
129790	0.01081134013
129791	0.007277174875
129792	0.01084090724
129793	0.01155172471
129794	0.006038412916
129795	0.00538497129
129796	0.004960147595
129797	0.004640290041
129798	0.005337201424
129799	0.005601086429
129800	0.005861295411
129801	0.00578917033
129802	0.00529258405
129803	0.005429851633
129804	0.004516409339
129805	0.00862428759
129806	0.005611897955
129807	0.005637581365
129808	0.005155578905
129809	0.005087256249
129810	0.008652135302
129811	0.008481516977
129812	0.009491979355
129813	0.007753671621
129814	0.00809578852
129815	0.009146014185
129816	0.009204862435
129817	0.006812616982
129818	0.007808129493
129819	0.009239094133
129820	0.009103550975
129821	0.009215559385
129822	0.008215365403
129823	0.003032697141
129824	0.006186940348
129825	0.007531279576
129826	0.007117651648
129827	0.008205477935
129828	0.005339472885
129829	0.002363606972
129830	0.00700052072
129831	0.005429794778
129832	0.007528170746
129833	0.007303517865
129834	0.007514079981
129835	0.007359384915
129836	0.008203425682
129837	0.006837929252
129838	0.007239786685
129839	0.006487311629
129840	0.00607703075
129841	0.00638025633
129842	0.006256496408
129843	0.006719882533
129844	0.0114908615
129845	0.008398409458
129846	0.0008864272089
129847	0.001496155857
129848	0.001059840458
129849	0.002932091073
129850	0.003519819433
129851	0.0107424385
129852	0.008949340305
129853	0.009363949702
129854	0.009336369611
129855	0.007240887771
129856	0.009902890184
129857	0.008795115206
129858	0.007322021649
129859	0.008354366835
129860	0.01031899236
129861	0.008378932389
129862	0.01070410459
129863	0.01012570791
129864	0.008516705857
129865	0.009175686795
129866	0.006235365632
129867	0.004375552168
129868	0.004044052904
129869	0.002754759551
129870	0.005802228834
129871	0.004638907664
129872	0.005170626945
129873	0.006290250709
129874	0.006627510954
129875	0.008280709594
129876	0.005950046235
129877	0.007444314559
129878	0.005455075863
129879	0.01143676171
129880	0.005817784627
129881	0.006879007024
129882	0.009569015615
129883	0.005823755296
129884	0.00564603642
129885	0.004422565363
129886	0.005119850624
129887	0.005496150287
129888	0.003362354195
129889	0.005703340973
129890	0.005673101569
129891	0.005292271923
129892	0.004768611604
129893	0.006141305057
129894	0.005240909559
129895	0.00513730007
129896	0.005178797231
129897	0.005558656866
129898	0.0003574161795
129899	0.0070432744
129900	0.00649329486
129901	0.005051950024
129902	0.005559262934
129903	0.007063294624
129904	0.005358984828
129905	0.00721847008
129906	0.006857533553
129907	0.006318931506
129908	0.005775159412
129909	0.002580098667
129910	0.006564924046
129911	0.006876323267
129912	0.003961951096
129913	0.01254025111
129914	0.009911699048
129915	0.01366828567
129916	0.01467266998
129917	0.007840543639
129918	0.01338417648
129919	0.01286882176
129920	0.01153128649
129921	0.01286497703
129922	0.01312174585
129923	0.01138980464
129924	0.01279496206
129925	0.01338028148
129926	0.01107282794
129927	0.0006774686179
129928	0.01528170886
129929	0.01365665664
129930	0.01463256181
129931	0.0147926387
129932	0.01462947358
129933	0.01418800936
129934	0.01386314214
129935	0.01461491223
129936	0.01401881245
129937	0.01474721934
129938	0.01349167119
129939	0.01318242825
129940	0.01482216038
129941	0.01430660536
129942	0.01535426603
129943	0.01389339166
129944	0.01059191926
129945	0.01518317106
129946	0.01373343702
129947	0.01495903567
129948	0.001698976568
129949	0.001523565445
129950	0.001955274393
129951	0.003838886881
129952	0.003698886584
129953	0.005179338858
129954	0.001539534597
129955	0.004113511516
129956	0.00594166047
129957	0.003929828119
129958	0.004355831048
129959	0.003891006383
129960	0.006046728538
129961	0.001289153461
129962	0.003140370137
129963	0.00406393993
129964	0.003029931878
129965	0.003947159718
129966	0.004380950309
129967	0.005508230875
129968	0.00426344648
129969	0.004391132844
129970	0.01640172695
129971	0.006079660116
129972	0.002633150525
129973	0.00155267427
129974	0.0002195919908
129975	0.005396078286
129976	0.004723089314
129977	0.005756066291
129978	0.006533971883
129979	0.002923144651
129980	0.007708362044
129981	0.005937807815
129982	0.006375868543
129983	0.006515537045
129984	0.002083635885
129985	0.007060698205
129986	0.007733614962
129987	0.004047559076
129988	0.008232900246
129989	0.01662150508
129990	0.01754081413
129991	0.0156278212
129992	0.01606765633
129993	0.0155903987
129994	0.01266071279
129995	0.01830601109
129996	0.01557206567
129997	0.01599905815
129998	0.01506897512
129999	0.01576142662
130000	0.01707375881
130001	0.01737996838
130002	0.005291979134
130003	0.005340657005
130004	0.004589604644
130005	0.004886245451
130006	0.004076979523
130007	0.005297873218
130008	0.005263550238
130009	0.005666289337
130010	0.0008942680095
130011	0.003765454059
130012	0.005241481606
130013	0.01111562504
130014	0.005448653757
130015	0.002474610871
130016	0.003880520149
130017	0.003857654299
130018	0.005534194243
130019	0.004794095743
130020	0.005616876199
130021	0.003219997353
130022	0.002540828817
130023	0.001239260013
130024	0.001181908414
130025	0.001004088047
130026	0.0007717009264
130027	0.000201042985
130028	0.0008617081067
130029	0.001048151214
130030	0.001408254963
130031	0.0008243286324
130032	0.0009457338074
130033	0.001023474354
130034	0.0007346118034
130035	0.001036209256
130036	0.0006186665174
130037	0.009699983916
130038	0.009487427535
130039	0.006575508517
130040	0.01064926092
130041	0.01054119743
130042	0.009120342377
130043	0.0110686435
130044	0.008591946556
130045	0.009918407332
130046	0.01067657579
130047	0.008678655996
130048	0.009747966038
130049	0.009103369996
130050	0.01019196072
130051	0.01068282018
130052	0.008260155676
130053	0.0105196921
130054	0.007530482258
130055	0.008998016452
130056	0.009915217995
130057	0.01015866711
130058	0.002110342364
130059	0.0101900295
130060	0.004316554835
130061	0.005102804156
130062	0.003431186881
130063	0.004038676354
130064	0.004088637617
130065	0.001774906343
130066	0.004989781944
130067	0.001573429956
130068	0.002628386929
130069	0.002495644714
130070	0.003704455054
130071	0.007357043337
130072	0.003123712252
130073	0.00492907879
130074	0.00355040249
130075	0.002723900999
130076	0.003394730244
130077	0.004931312558
130078	0.002258747217
130079	0.005302326201
130080	0.006021007265
130081	0.00663374651
130082	0.005648357154
130083	0.00568766553
130084	0.005243898834
130085	0.005627826773
130086	0.004449614768
130087	0.006557311641
130088	0.005008578983
130089	0.006253336149
130090	0.005155399249
130091	0.003368069185
130092	0.005028941011
130093	0.002898014032
130094	0.002853448657
130095	0.002656290386
130096	0.002621929532
130097	0.001849402853
130098	0.003030569051
130099	0.004976466025
130100	0.002185593899
130101	0.005902601174
130102	0.002247979045
130103	0.0024850865
130104	0.001736900583
130105	0.001401526855
130106	0.001991909889
130107	0.00254964342
130108	0.002472063232
130109	0.00225749662
130110	0.002068584609
130111	0.002105557911
130112	0.002335796315
130113	0.002643144113
130114	0.002217662737
130115	0.002077171201
130116	0.002054651273
130117	0.003456569641
130118	0.0003904621906
130119	0.002836880211
130120	0.0004410503133
130121	0.001173310116
130122	0.0002574079135
130123	0.0001641303316
130124	0.0003368261648
130125	0.0002303081008
130126	0.0006549392361
130127	0.000406382385
130128	0.000123141296
130129	0.001076215283
130130	0.001300059577
130131	0.0007271186233
130132	0.0008287563587
130133	7.397958902e-05
130134	0.0007188595236
130135	0.003081265886
130136	0.0004357802833
130137	0.0005153857211
130138	0.007516863082
130139	0.0001678192899
130140	0.0004391088294
130141	0.008619452325
130142	0.007558278042
130143	0.0005460998708
130144	0.00135354676
130145	0.0002454278396
130146	0.001107053272
130147	0.0002702697621
130148	0.0002982914331
130149	0.01127530001
130150	0.001098167378
130151	0.004129897836
130152	0.002672383076
130153	0.0003517252588
130154	0.002706875187
130155	0.0004350299315
130156	0.0007902898162
130157	0.003234087843
130158	0.001405925777
130159	0.003623164911
130160	0.0006687548488
130161	0.003925874459
130162	0.0003326893088
130163	0.001577456137
130164	0.0003112859208
130165	0.005648497146
130166	4.510251662e-05
130167	0.002979929498
130168	0.001930748509
130169	0.004594532826
130170	0.004007171525
130171	0.00365461645
130172	0.006061905376
130173	0.0005123979912
130174	0.00256379245
130175	0.003518828
130176	0.0007434583848
130177	0.0008710651448
130178	0.01018006186
130179	0.0003734670411
130180	0.001558644594
130181	0.00233570455
130182	0.004635528088
130183	0.001185737474
130184	0.0005760838428
130185	0.0005318032236
130186	0.001083929022
130187	0.001693108796
130188	0.002024083753
130189	0.004710652627
130190	0.000309992617
130191	0.0008575554651
130192	0.0005918015668
130193	0.0001246640757
130194	0.001492704901
130195	0.01181746097
130196	0.0007988773603
130197	0.0008315014865
130198	0.001556554042
130199	0.0001477023464
130200	0.0009693602367
130201	0.01531999572
130202	0.003056585282
130203	0.009033504614
130204	0.003219875124
130205	0.003889453232
130206	0.01900512621
130207	0.006405171466
130208	0.004837749511
130209	0.002020267188
130210	0.0008218168423
130211	0.01523504955
130212	0.0003135020028
130213	0.009559058084
130214	0.004066580404
130215	0.006782304824
130216	0.004758694497
130217	0.000964463504
130218	8.627362428e-05
130219	0.007003016079
130220	0.007293314792
130221	0.006918707642
130222	0.005033296066
130223	0.006605499377
130224	0.005746602792
130225	0.006386658474
130226	0.002220904097
130227	0.002708260443
130228	0.002797216067
130229	0.0133397329
130230	0.0102210643
130231	0.005650207379
130232	0.005153565888
130233	0.003577953512
130234	0.01037644253
130235	0.01334824256
130236	0.002058272896
130237	0.004596882201
130238	0.01343040327
130239	0.003716133423
130240	0.00393282202
130241	0.00303363596
130242	0.004647064895
130243	0.001127764227
130244	0.004405906426
130245	0.01083635918
130246	0.004140961872
130247	0.01411701796
130248	0.0009574775585
130249	0.008958882768
130250	9.071762872e-05
130251	0.00744738223
130252	0.000997502497
130253	0.001580171078
130254	0.01344319014
130255	0.01069662695
130256	7.805845753e-05
130257	0.002397174103
130258	0.003157163165
130259	0.004105033782
130260	0.003204979699
130261	0.001037770645
130262	0.00772666311
130263	0.00177791981
130264	0.005632891554
130265	0.004630382052
130266	0.006626339749
130267	0.002825181195
130268	0.0007003839614
130269	0.003078261459
130270	0.004068581374
130271	0.001320479654
130272	0.006879457802
130273	0.0006814626151
130274	0.005901242671
130275	0.005757199752
130276	0.001993862435
130277	0.0002046788388
130278	0.002985588965
130279	0.004871960351
130280	0.003256542585
130281	0.001179080555
130282	0.0007090430553
130283	0.001964148021
130284	0.002724212712
130285	0.001345948916
130286	0.00318552378
130287	0.009554688224
130288	0.004408646367
130289	0.0001611544255
130290	0.000471587825
130291	0.001889176754
130292	0.002814956235
130293	0.002669490515
130294	0.003425710461
130295	0.00248889423
130296	0.003116137162
130297	0.0007083822895
130298	0.003400775766
130299	0.002678836759
130300	0.005558225918
130301	0.007918560016
130302	0.003241106537
130303	0.01616972792
130304	0.005610506616
130305	0.0003871815627
130306	0.009348239928
130307	0.005404974313
130308	0.007103085416
130309	0.006293880242
130310	0.0007379056366
130311	0.005115968281
130312	0.002018486312
130313	0.005606066194
130314	0.005265650245
130315	0.007116985975
130316	0.005207882689
130317	0.02119719108
130318	0.000490173312
130319	0.001601980023
130320	0.005830548236
130321	0.007289022601
130322	0.003088705764
130323	0.004131465873
130324	0.0004208000914
130325	0.005415139867
130326	0.003133879249
130327	0.0004784491988
130328	0.007555391473
130329	0.003670693611
130330	0.003902235824
130331	0.003717132959
130332	0.01104751233
130333	0.004362753769
130334	0.005017600751
130335	0.005784656553
130336	0.001942125781
130337	0.01076173397
130338	0.01357403532
130339	0.0106341572
130340	0.001706198817
130341	0.001118199929
130342	0.0009708833321
130343	0.006886459868
130344	0.00366510111
130345	0.0006571720671
130346	0.003641580891
130347	0.01186003056
130348	0.00255207919
130349	0.001580403439
130350	0.007204065177
130351	0.01018735982
130352	0.00206346012
130353	0.008146312234
130354	0.009447372532
130355	0.0004917514576
130356	0.002351631306
130357	0.004670315261
130358	0.003854305503
130359	0.008480280978
130360	0.003858948325
130361	0.006948328001
130362	0.008354409209
130363	0.002693110667
130364	0.0008596437144
130365	0.002046444974
130366	0.003589082228
130367	0.00345838478
130368	0.005992526503
130369	0.001819845209
130370	0.001926257725
130371	0.001261240589
130372	0.001434123885
130373	0.0006161289272
130374	0.00835782805
130375	0.0005579886569
130376	0.001010779858
130377	0.00125587647
130378	0.004461758365
130379	0.007293968593
130380	0.0007413630178
130381	0.003444678382
130382	0.002608369829
130383	0.001290378575
130384	0.008892193541
130385	0.005436682848
130386	0.006031141835
130387	0.007214905032
130388	0.005400010721
130389	0.000350513165
130390	0.007967849692
130391	0.003009241585
130392	0.001078007479
130393	0.009635008245
130394	0.0006278476047
130395	0.007558138492
130396	0.007087854435
130397	0.006424904087
130398	0.00231807887
130399	0.008032787258
130400	0.007066991907
130401	0.006542963057
130402	0.002303434175
130403	0.0005474114179
130404	0.004939002319
130405	0.006000899417
130406	0.002294217644
130407	0.006549944037
130408	0.008461334477
130409	0.007144168407
130410	0.001883109883
130411	0.00954513616
130412	0.001602383502
130413	0.00212884974
130414	0.001732247188
130415	0.001759904659
130416	0.001976946988
130417	0.001179265061
130418	0.004973096836
130419	0.0007083816655
130420	0.001647072954
130421	0.007118143202
130422	0.000647770987
130423	0.003476747547
130424	0.004055639961
130425	0.007957320736
130426	0.0024615226
130427	0.006578280312
130428	0.00113280667
130429	0.0005189150155
130430	0.003420171346
130431	0.002328957588
130432	0.002262102325
130433	0.00388792768
130434	0.001799864951
130435	0.003815886357
130436	0.007645575317
130437	0.007196847145
130438	0.001747938976
130439	0.01053720584
130440	0.008642650122
130441	0.007061109471
130442	0.00063039811
130443	0.002155930245
130444	0.004784937104
130445	0.0126019961
130446	0.006401870804
130447	0.001026187956
130448	0.01338567445
130449	0.00657069889
130450	0.0001749932165
130451	0.002877732198
130452	0.01084096706
130453	0.006523025139
130454	0.0009364610779
130455	0.003085128666
130456	0.004022034854
130457	0.006192205183
130458	0.01277062926
130459	0.01004869393
130460	0.006964118073
130461	0.005160565054
130462	0.002125401534
130463	0.0004843286732
130464	0.001954158212
130465	0.006559748345
130466	0.003799050464
130467	0.004428949095
130468	0.001594307494
130469	0.004777875772
130470	0.000776617888
130471	0.002222588445
130472	0.006749650084
130473	0.003755118705
130474	0.002322248419
130475	0.01008538342
130476	0.0005249487987
130477	0.01069859028
130478	0.01009265529
130479	0.001938799432
130480	0.0008794237608
130481	0.00374433034
130482	0.006713638873
130483	0.0005100725645
130484	0.009197304639
130485	0.003801805734
130486	0.001679569429
130487	0.006081764946
130488	0.003233148892
130489	0.001808576362
130490	0.001271639816
130491	0.00465791063
130492	0.003931568224
130493	0.003374143089
130494	0.006584632211
130495	0.001594754583
130496	0.006079631659
130497	0.002645118069
130498	0.003232130371
130499	0.004820197292
130500	0.01260612626
130501	0.001326170753
130502	0.00202721662
130503	0.001047653001
130504	0.0009734289275
130505	0.003904553355
130506	0.01050026547
130507	0.005924318696
130508	0.006660056546
130509	0.008071414349
130510	0.0004932910861
130511	0.007026069436
130512	0.005710579891
130513	0.0001810414358
130514	0.005913046801
130515	0.004566094707
130516	0.003481916104
130517	0.001742720736
130518	0.005173483532
130519	0.003187915031
130520	0.002004235974
130521	0.00822658986
130522	0.004833866571
130523	0.004591813595
130524	0.007194312615
130525	0.01563699097
130526	0.001946011782
130527	0.003207934608
130528	0.005154385286
130529	0.001767992744
130530	0.004983899104
130531	0.01102302864
130532	0.000938775874
130533	0.0001042081416
130534	0.001115957473
130535	0.00256960149
130536	0.01261566404
130537	0.009167175238
130538	0.009230094525
130539	0.008822819499
130540	0.001192974073
130541	0.004165031979
130542	0.0006645920823
130543	0.0002416654882
130544	0.003871248305
130545	0.0003706358037
130546	0.01521031237
130547	0.01546030425
130548	0.009859546851
130549	0.001050269755
130550	0.001801821956
130551	0.007346908136
130552	0.006512608533
130553	0.003812494382
130554	0.004923929675
130555	0.002577657973
130556	0.0009376915786
130557	0.007489332014
130558	0.001939033364
130559	0.01579779664
130560	0.002723204684
130561	0.004152018797
130562	0.002465777498
130563	0.004895385318
130564	0.001405059524
130565	0.002158249272
130566	0.000803795262
130567	0.01476540373
130568	0.001189978325
130569	0.008261211543
130570	0.006673621533
130571	0.001154113343
130572	0.008266439955
130573	0.0006088215203
130574	0.001537299988
130575	0.01096162596
130576	0.004266543372
130577	0.007412304351
130578	0.01214782615
130579	0.009642654741
130580	0.007891631894
130581	0.01079750156
130582	0.0003849600686
130583	0.008379866846
130584	0.007647684631
130585	0.01320278114
130586	0.005632356987
130587	0.001290439196
130588	0.002638826404
130589	0.009967154346
130590	0.003817834163
130591	0.002259770281
130592	0.0009553992285
130593	0.00417098944
130594	0.002439783023
130595	0.02171857748
130596	0.001817915503
130597	0.01002004222
130598	0.0006489763886
130599	0.001410479308
130600	0.0008949057864
130601	0.0008630549189
130602	0.002938828759
130603	0.002628792663
130604	0.003168312732
130605	0.008763473464
130606	0.004891806504
130607	0.002943563113
130608	0.00277930991
130609	0.004907913013
130610	0
130611	0.0007395545277
130612	0.002293057739
130613	0.00456180006
130614	0.002602433503
130615	0.006589994361
130616	0.004640259316
130617	0.0002936791131
130618	0.001263359855
130619	0.002659084087
130620	0.001353596087
130621	0.01100618211
130622	0.006106618725
130623	0.005101142851
130624	0.006726321069
130625	0.001222128821
130626	9.485012994e-05
130627	0.003314839583
130628	0.0004128372995
130629	0.002772530393
130630	0.001220495397
130631	0.005211261177
130632	0.003416725595
130633	0.002194080148
130634	0.002559909292
130635	0.002773345077
130636	0.004027016748
130637	0.0001790606413
130638	0.001027907716
130639	0.01093725509
130640	0.01058885146
130641	0.00312948387
130642	0.0001480578313
130643	0.0005866378579
130644	0.003018891315
130645	0.004842816895
130646	0.004779940243
130647	0.005948203495
130648	0.002444753257
130649	0.001050664452
130650	0.004419554209
130651	0.0004802079388
130652	0.005052419516
130653	0.004426141739
130654	0.009047405446
130655	0.004377685892
130656	0.00434463509
130657	0.001651341702
130658	0.000961556185
130659	0.01236741132
130660	0.0006354679245
130661	0.005438908683
130662	0.001209798139
130663	0.003577104656
130664	0.001200623279
130665	0.001332773159
130666	0.005555535553
130667	0.00500759925
130668	0.003399957058
130669	0.0009258411322
130670	0.005710105854
130671	0.00834805985
130672	0.004379576132
130673	0.001111328784
130674	0.002305895625
130675	0.0007723231527
130676	0.001131947585
130677	0.003713653547
130678	0.008193027916
130679	0.002699163336
130680	3.51738329e-06
130681	0.004025170552
130682	8.387869352e-05
130683	0.001248310068
130684	0.003581151426
130685	0.004188256964
130686	0.008567366397
130687	0.0001545337542
130688	0.005884384275
130689	0.01022790552
130690	0.01617672252
130691	0.004398985623
130692	0.01238269734
130693	0.006383214654
130694	0.008330162027
130695	0.008360234837
130696	0.01212394389
130697	0.003000197939
130698	0.0006950377885
130699	0.0001987835349
130700	0.0002565343827
130701	0.002023659152
130702	0.00131690872
130703	0.0004473330748
130704	0.0001103085184
130705	0.0004417162126
130706	0.001837095882
130707	0.00425850282
130708	0.004129844166
130709	0.001690603037
130710	0.008140449464
130711	0.007367100936
130712	0.00664690482
130713	0.006386389805
130714	0.005522234573
130715	0.006664082753
130716	0.003635850299
130717	0.006348892245
130718	0.008262575416
130719	0.001297631729
130720	0.006531731697
130721	0.002400205036
130722	9.930529414e-05
130723	0.001174658858
130724	0.000985178373
130725	0.002513922522
130726	0.008512752638
130727	0.00259649572
130728	0.002132802254
130729	0.0008779459319
130730	0.002065044266
130731	0.002071822808
130732	0.007267465647
130733	0.003624458099
130734	0.001066034955
130735	0.001333458281
130736	0.006727638485
130737	0.00266907304
130738	0.003338203764
130739	0.0002874467546
130740	0.002503413212
130741	0.01128335188
130742	0.002959094828
130743	0.0002538082722
130744	0.0008138521539
130745	0.007861586114
130746	0.008132292656
130747	0.008336720197
130748	0.0127628326
130749	0.01056355339
130750	0.01189364909
130751	0.001525129323
130752	0.003512370109
130753	0.004396703329
130754	0.003333900413
130755	0.009230326639
130756	0.004587257947
130757	0.0004573648483
130758	0.003771010552
130759	0.01268363013
130760	0.01560053545
130761	0.001325248587
130762	0.002083188464
130763	0.002004490422
130764	0.01571321378
130765	0.00561497452
130766	0.009318033207
130767	0.008092506001
130768	0.002768022921
130769	0.002196333437
130770	0.002175182681
130771	0.0006555958989
130772	0.005955976726
130773	0.003410030566
130774	0.001558765781
130775	0.0004310515152
130776	0.002789968691
130777	0.003693092442
130778	0.005037449895
130779	0.005075850084
130780	0.0003328327664
130781	0.004126574205
130782	0.01663603445
130783	0.0009660390588
130784	0.002981768235
130785	0.0009895802616
130786	0.004236852243
130787	0.006024429409
130788	0.0003913151686
130789	0.001726825167
130790	0.0008386250307
130791	0.008593100533
130792	0.008395469416
130793	0.005871921043
130794	0.008983684777
130795	0.002996347518
130796	0.005387113414
130797	0.01157584905
130798	0.004362976172
130799	0.006689360323
130800	0.01107097173
130801	0.002769211721
130802	0.001440942024
130803	0.007041049772
130804	0.0001172093769
130805	0.00380615078
130806	0.002120597062
130807	0.004623728509
130808	0.006152378271
130809	0.003723942793
130810	0.0002088778931
130811	0.005464984563
130812	0.002853840965
130813	0.001141629895
130814	0.004004057096
130815	0.002336884734
130816	0.006767130631
130817	0.000245024107
130818	0.006141017279
130819	0.00684126118
130820	0.003151594851
130821	0.002104533861
130822	0.005315618405
130823	0.008627213073
130824	0.0001980872189
130825	0.004367101321
130826	0.001215658346
130827	0.003029635525
130828	0.004254417182
130829	0.002316529049
130830	0.005412497926
130831	0.0009926139957
130832	0.00214953271
130833	0.005712659841
130834	0.003348030291
130835	0.001873103437
130836	0.0007445436541
130837	0.004172816084
130838	0.004584353404
130839	0.0005639319493
130840	0.001825375439
130841	0.00110532514
130842	0.001203728426
130843	0.0005041547078
130844	0.001384304084
130845	0.0009977260129
130846	0.000813325274
130847	0.001364963909
130848	0.0008462961477
130849	0.0002631561473
130850	0.0004603714784
130851	0.0013860588
130852	0.003676900908
130853	0.002284932037
130854	0.002226732103
130855	0.0009134062792
130856	7.664594264e-07
130857	0.0009386947725
130858	0.001579879518
130859	0.0005723342402
130860	0.0009765151271
130861	0.0006992428982
130862	0.0131247086
130863	0.001577223209
130864	0.0103952007
130865	0.008764457885
130866	0.001449423159
130867	0.004812457484
130868	0.001707919957
130869	0.0005590407944
130870	0.0004178679381
130871	0.007813284648
130872	0.0003976923064
130873	0.003252125752
130874	0.00023591202
130875	0.001557858864
130876	0.0004356080694
130877	0.007679246457
130878	0.0004778801378
130879	0.002469650906
130880	0.004089989144
130881	0.008430920723
130882	5.81949339e-05
130883	0.004412657486
130884	0.006538500584
130885	0.00170957853
130886	0.003928368603
130887	0.002080995351
130888	0.002449498489
130889	0.001468611041
130890	0.01845724703
130891	0.0003182722492
130892	0.000177816453
130893	0.002769027493
130894	0.0005326666624
130895	0.0006494698295
130896	0.007186404251
130897	0.003159788468
130898	0.002029892561
130899	0.001312222402
130900	0.004709338813
130901	0.0006824031641
130902	0.005384612108
130903	0.0004997665734
130904	0.003062283766
130905	0.001227543434
130906	0.003608421378
130907	0.004279095768
130908	0.003381942066
130909	0.008852780971
130910	0.005359864931
130911	0.001716904778
130912	0.0002913097185
130913	9.20614935e-05
130914	0.005206572239
130915	0.01287196143
130916	0.005913893193
130917	0.001386631544
130918	0.001533353192
130919	0.00797039454
130920	0.01088323499
130921	0.0009129911411
130922	0.00815131693
130923	0.01082442645
130924	0.003071680743
130925	8.142865467e-05
130926	0.001582037107
130927	0.001324621354
130928	0.003294285837
130929	0.007261155618
130930	0.0004878598086
130931	0.00224721622
130932	0.0009527942843
130933	0.01024485013
130934	0.004135527156
130935	0.0001350147701
130936	0.003297107063
130937	0.007553746563
130938	0.0005307567914
130939	0.01524368583
130940	2.499017585e-06
130941	0.01678388932
130942	0.01075545554
130943	0.003495074892
130944	0.005426986677
130945	0.003430495169
130946	0.005149450861
130947	0.0007247220065
130948	0.003156303844
130949	0.01005830182
130950	0.002191543887
130951	0.006083027183
130952	0.002575490469
130953	0.002387476014
130954	0.0006853421914
130955	0.008334285923
130956	0.0006598404161
130957	0.005104437583
130958	0.002310697331
130959	0.01591082763
130960	0.005142488511
130961	0.002854027318
130962	0.00960581769
130963	0.01364514881
130964	0.0004119095051
130965	0.001743617502
130966	0.008490740129
130967	0.003786469582
130968	0.007373221531
130969	0.001730871038
130970	0.0002862932306
130971	0.0001331402213
130972	0.001993797487
130973	0.00141896373
130974	0.004229836734
130975	0.002847028703
130976	0.005289803854
130977	0.004991940986
130978	4.949944765e-05
130979	0.001083397066
130980	0.004148258377
130981	0.001495773474
130982	0.002408316599
130983	0.002233521967
130984	0.01082705204
130985	0.001569926991
130986	0.0002009572021
130987	0.003083594928
130988	0.005605608424
130989	0.001852356593
130990	0.0003472209388
130991	0.0009779802913
130992	0.009236957564
130993	0.0003078896228
130994	0.008890135989
130995	0.00312879277
130996	0.0007909914525
130997	0.01025865901
130998	0.002962521175
130999	0.0002469629223
131000	0.002874879328
131001	0.0004245534297
131002	0.0001586990327
131003	0.01666585198
131004	1.564726433e-05
131005	0.005877518191
131006	0.0002562024136
131007	4.188551541e-05
131008	0.01365578987
131009	0.0002492444714
131010	0.0001011363897
131011	1.655906216e-05
131012	0.0007503422282
131013	0.0002334176611
131014	0.000191656067
131015	0.001553316063
131016	0.0006026744439
131017	0.0002845684052
131018	0.002747199668
131019	0.004564043972
131020	0.005343889415
131021	0.0004064957387
131022	0.00959220225
131023	0.01107122998
131024	0.008994027119
131025	0.004516025487
131026	0.003969529584
131027	0.00524248098
131028	0.004707934706
131029	0.00402633342
131030	0.005292190234
131031	0.002321590455
131032	0.002436049291
131033	0.002445692495
131034	0.000590032484
131035	0.002569089658
131036	0.008600934594
131037	0.01400298832
131038	0.01114723478
131039	0.004935904227
131040	0.001992140448
131041	2.523466826e-05
131042	0.009624881921
131043	0.001519050748
131044	0.006764278031
131045	0.003091248628
131046	0.003984766436
131047	0.003314296961
131048	0.007073444745
131049	0.003797944747
131050	0.004880869098
131051	0.003396734434
131052	0.003191280423
131053	0.006901138869
131054	0.00157944703
131055	0.006759978074
131056	0.00413776233
131057	0.005783666612
131058	0.004723257465
131059	0.002033208316
131060	0.01284761743
131061	0.005110636331
131062	0.005909924668
131063	0.0008446757009
131064	0.005676927619
131065	0.004951207067
131066	0.0007178482087
131067	0.002049057044
131068	0.01103936698
131069	0.00396164423
131070	0.008828492886
131071	0.006991009953
131072	0.005443384695
131073	0.002754594717
131074	0.003107017744
131075	0.003115268126
131076	0.005334289622
131077	0.004446852213
131078	0.01444077986
131079	0.004512882605
131080	0.0009585139492
131081	0.004129410789
131082	0.009781988289
131083	0.005732240837
131084	0.0101217082
131085	0.005041896857
131086	0.001782549466
131087	0.0103668377
131088	0.004240109871
131089	0.002607440596
131090	0.009630602033
131091	0.002801624633
131092	0.002704281977
131093	0.005025592561
131094	0.013500929
131095	0.01072930234
131096	0.0057332748
131097	0.003557585605
131098	0.000554708213
131099	0.003093894252
131100	0.01181942946
131101	0.0008173350649
131102	0.007922159579
131103	0.01414707272
131104	0.005214859456
131105	0.004921751481
131106	0.0006134958102
131107	0.0103168694
131108	0.0001035332676
131109	0.0007082246412
131110	0.002236200705
131111	0.000202085294
131112	0.003863114473
131113	0.007003337041
131114	0.001171177874
131115	0.001853878995
131116	0.01390500317
131117	0.002933299209
131118	0.00140541305
131119	0.001775499634
131120	0.00434513404
131121	0.003194687183
131122	0.001734067837
131123	0.006422614148
131124	0.0003370302888
131125	0.005040669464
131126	0.005332706538
131127	0.005384354048
131128	0.001796214406
131129	0.01117890799
131130	0.004089492501
131131	0.0004847602448
131132	0.001805674547
131133	0.008871286145
131134	0.003468270474
131135	0.001454567114
131136	0.00354577125
131137	0.002262807624
131138	0.003853355535
131139	0.006280178853
131140	0.01557958001
131141	0.00670132028
131142	0.001432651895
131143	0.001369217846
131144	0.005653483584
131145	0.005687670389
131146	0.003987730571
131147	0.001260552678
131148	0.001494950504
131149	0.001793089945
131150	0.01316655788
131151	0.007845398499
131152	0.001853226921
131153	0.001011474952
131154	0.005519048059
131155	0.01558445232
131156	0.00114732331
131157	0.01408564056
131158	0.0001568954416
131159	0.001224152989
131160	0.001793226027
131161	0.006340315541
131162	0.01792984751
131163	0.002545913278
131164	0.003175598764
131165	0.001084396897
131166	0.0005286157579
131167	0.001349661731
131168	0.006853819895
131169	0.002440200188
131170	0.002481716074
131171	0.002024209275
131172	0.001027355396
131173	0.0006447363499
131174	0.001905089268
131175	0.00030073744
131176	5.745119854e-05
131177	0.0009265497714
131178	0.0005736149866
131179	0.004565062185
131180	0.0006339691266
131181	0.0008533571944
131182	0.003475833024
131183	0.0005262170389
131184	0.004900071982
131185	0.005263204836
131186	0.01058653921
131187	0.0004798169772
131188	0.003394481176
131189	0.003645807309
131190	0.004283445439
131191	0.004074122523
131192	0.000872686445
131193	0.003645809967
131194	0.001179625065
131195	0.005771199736
131196	0.001415563435
131197	0.001206176329
131198	0.0005243479225
131199	0.0001208398439
131200	0.0007288272918
131201	0.001175532046
131202	0.000426007636
131203	0.0007707561906
131204	0.001119669614
131205	5.942964411e-05
131206	0.001577779523
131207	0.001575113589
131208	0.0005433326515
131209	0.000401734114
131210	0.0002520832122
131211	0.0008249453513
131212	0.0008238040794
131213	0.000434757323
131214	0.001563374112
131215	0.0001051395247
131216	0.0007199157127
131217	0.0004627272643
131218	0.0001894135233
131219	0.0008369928599
131220	0.0007842200338
131221	0.0002112904732
131222	0.002613466176
131223	0.0009266414603
131224	0.00471741066
131225	0.005683276305
131226	0.002276093091
131227	0.004529229867
131228	0.0006837287484
131229	0.00457157295
131230	0.01626873019
131231	0.001978277319
131232	0.003050798924
131233	0.01265987499
131234	0.006184484449
131235	0.001779040098
131236	0.002890799417
131237	0.001420301387
131238	0.001820666285
131239	0.0007905454236
131240	0.001178068215
131241	0.007768981375
131242	0.003523664868
131243	0.003419463387
131244	0.001182870908
131245	0.004634190992
131246	0.01132274624
131247	0.00138363246
131248	0.001092536957
131249	0.002449286446
131250	0.0103627344
131251	0.004043836783
131252	0.0005808368419
131253	0.002035556852
131254	0.0003767124138
131255	0.002925531669
131256	0.0004850504334
131257	0.005090149857
131258	0.003870483419
131259	0.005247954305
131260	0.001108364741
131261	0.0009357906289
131262	0.001420695026
131263	0.001249173192
131264	0.004933126896
131265	0.0006200307643
131266	0.0003117578023
131267	0.002606321711
131268	0.003383251744
131269	0.00372809118
131270	0.005560516045
131271	0.001508366898
131272	0.002119399692
131273	0.0007794659524
131274	0.001341569972
131275	0.001653726976
131276	0.0001555479043
131277	0.003847403147
131278	0.005732617003
131279	0.01256998196
131280	0.002788621478
131281	0.001450897018
131282	0.008387668488
131283	0.001632029328
131284	0.004077853202
131285	0.00235004048
131286	0.007953005981
131287	9.769623315e-05
131288	0.01041313713
131289	0.007628771919
131290	0.01137246468
131291	0.01113015111
131292	0.003075569788
131293	0.01331946791
131294	0.005984894679
131295	0.004405882846
131296	0.004868957668
131297	0.000410502708
131298	0.003286334263
131299	0.01079760347
131300	0.003534121081
131301	0.0007353065717
131302	0.0002885282142
131303	0.008582984505
131304	0.01076931722
131305	0.002642587228
131306	0.0003329756448
131307	0.006634006281
131308	0.01648400754
131309	0.02341260031
131310	0.004869678065
131311	0.006479652284
131312	0.003704280509
131313	0.000327064834
131314	0.01114425861
131315	0.006897444359
131316	0.007647110196
131317	0.003935827025
131318	0.0001640936756
131319	0.0006971391802
131320	0.003123218977
131321	0.001990721545
131322	0.0001759276944
131323	0.008458167353
131324	0.00342197974
131325	0.002825213148
131326	0.00302097611
131327	0.002081865856
131328	0.003905953216
131329	0.004842480849
131330	0.0009739423898
131331	0.001866937178
131332	0.008467424804
131333	0.0002014935213
131334	0.009038666187
131335	0.006382086523
131336	0.00852572694
131337	0.002463634635
131338	0.0026541225
131339	0.005705378847
131340	0.006831262765
131341	0.001361389107
131342	0.001588979719
131343	0.009077753224
131344	0.01792696477
131345	0.006609983275
131346	0.003486626454
131347	0.0003011270883
131348	0.0007347692313
131349	2.550191695e-05
131350	0.002690333364
131351	0.00274292358
131352	0.001668183611
131353	0.001083301382
131354	0.001216385273
131355	1.152900676e-05
131356	0.000122044332
131357	0.002432117703
131358	0.006465518163
131359	0.001746894879
131360	0.004380600444
131361	0.0003312854879
131362	0.004936236611
131363	0.001509015372
131364	0.001203560878
131365	0.001387719775
131366	0.001211957691
131367	0.003467941964
131368	0.00354724267
131369	0.003354183689
131370	2.137340869e-05
131371	0.00169774512
131372	0.0009302256167
131373	0.003867356315
131374	0.001244528438
131375	0.004078371184
131376	0.0003559935327
131377	0.01043396895
131378	0.000342563215
131379	0.002632187323
131380	0.001803911708
131381	0.0010381381
131382	0.007686123074
131383	5.805373636e-06
131384	0.01174927651
131385	0.001272278211
131386	0.001671854827
131387	0.002255271638
131388	0.0003736948184
131389	0.000925085967
131390	4.957501918e-05
131391	0.01143608555
131392	0.007012334956
131393	0.006115212703
131394	0.004368054251
131395	0.0005162245292
131396	0.002776764664
131397	0.002388485906
131398	0.002516298537
131399	0.003232561457
131400	0.002726923826
131401	0.00378953235
131402	0.001226009441
131403	0.009109913975
131404	0.005631733515
131405	0.01517513392
131406	0.008673882009
131407	0.009102000185
131408	0.00669435547
131409	0.005144498219
131410	0.01138477184
131411	0.0007311682761
131412	0.007867961074
131413	0.0003536006452
131414	0.01140595202
131415	0.007992079112
131416	0.003615310235
131417	0.003135920947
131418	0.0009997816424
131419	0.00552341288
131420	0.001676026422
131421	0.002477602613
131422	0.003997272109
131423	0.01622162361
131424	0.003907533385
131425	0.0007542934148
131426	0.003548260167
131427	0.007899649558
131428	0.001107704122
131429	0.004647525134
131430	0.001426230398
131431	0.0007584834267
131432	0.01299413497
131433	0.0004795219727
131434	0.008526523964
131435	0.003473347542
131436	0.001990751365
131437	0.002505487348
131438	0.007485270327
131439	0.00194329521
131440	0.003426223614
131441	0.005733992607
131442	0.001811495799
131443	0.001879475094
131444	0.004341410681
131445	0.0004419808911
131446	0.008222985623
131447	0.01015696844
131448	0.001706122878
131449	0.002136296278
131450	0.001886546216
131451	0.004836052269
131452	0.002976940964
131453	0.0176854063
131454	0.001797323347
131455	0.008987752507
131456	0.007029084743
131457	0.01350716969
131458	0.002757165226
131459	0.008625679052
131460	0.00857797354
131461	0.003935279826
131462	0.001069558272
131463	0.002523476516
131464	0.006301011305
131465	0.002070841365
131466	0.009886933245
131467	0.005625402574
131468	0.003350236312
131469	0.007199527708
131470	0.00195059864
131471	0.005342639464
131472	0.008781843819
131473	0.009780405183
131474	0.002373265996
131475	0.0002381390114
131476	0.0006946805094
131477	0.01063649568
131478	0.0009669723627
131479	0.006305820172
131480	0.006059844493
131481	0.004427143523
131482	0.009241502043
131483	0.002034376415
131484	0.00562591206
131485	0.0001536875364
131486	0.008763965091
131487	0.004832056174
131488	0.0001759876512
131489	0.006038194321
131490	0.0006236387365
131491	0.006201148459
131492	0.007913394306
131493	0.01281826385
131494	0.01142286537
131495	0.02003829762
131496	0.01344896877
131497	0.001878727196
131498	0.0003539958104
131499	0.009194636402
131500	0.004502638297
131501	0.007285297798
131502	0.005654551916
131503	0.0003612534777
131504	0.004705729368
131505	0.0002770740463
131506	0.004818979945
131507	0.002948125603
131508	0.007559062604
131509	0.00109796002
131510	0.0009175018949
131511	0.00410098514
131512	0.003731888563
131513	0.0007010266629
131514	0.001537987431
131515	0.001235863454
131516	0.004817379006
131517	0.006877261603
131518	0.006902579501
131519	0.01627523587
131520	0.002945595484
131521	0.005638123342
131522	0.0001278709734
131523	0.0154999526
131524	0.006679401232
131525	0.004779505199
131526	0.0001969335111
131527	1.291137593e-05
131528	0.0002930720816
131529	0.0006993333362
131530	0.005727227566
131531	0.002198253998
131532	0.005399352747
131533	0.01408752597
131534	0.003900762543
131535	0.01109220147
131536	0.001541892108
131537	0.0005050940054
131538	0.008390669796
131539	0.005808657681
131540	0.00358511763
131541	0.004686790801
131542	0.009413651353
131543	0.002684369209
131544	0.008447320053
131545	0.0132748062
131546	0.01270509683
131547	0.005624860426
131548	0.005303558126
131549	0.007633641209
131550	0.00558410437
131551	0.00330856582
131552	0.008441327815
131553	0.002325201799
131554	0.009749794231
131555	0.001997094239
131556	0.0004131780865
131557	0.002163787783
131558	0.01210437488
131559	0.001013197239
131560	0.002982207044
131561	0.01088470149
131562	0.006843536844
131563	0.006534658952
131564	0.00110073193
131565	0.00736935792
131566	0.01730509614
131567	0.008301833871
131568	0.00199467387
131569	0.005187661935
131570	0.001400595435
131571	0.001032502698
131572	0.002522444062
131573	0.005847141297
131574	0.01089316385
131575	0.001463261565
131576	0.001906993432
131577	0.009565275721
131578	0.003626038953
131579	0.0001941860506
131580	0.007939621362
131581	0.002041412806
131582	0.005097904402
131583	0.004408444541
131584	0.002372838446
131585	0.003311542126
131586	0.001889585924
131587	0.0002447967253
131588	0.001361084359
131589	0.004342047627
131590	0.001500097169
131591	0.006441129941
131592	0.003750805044
131593	0.007056981244
131594	0.01028157321
131595	0.01314607504
131596	0.005337814188
131597	0.01171528683
131598	0.001801820076
131599	0.01203618755
131600	0.009708796811
131601	0.002094963606
131602	0.001154365931
131603	0.01042394729
131604	0.002024201286
131605	0.002926451277
131606	0.003746557689
131607	0.002395881932
131608	0.004744571579
131609	0.007625908451
131610	0.006819283008
131611	0.0004015380892
131612	0.008094523322
131613	0.002780532088
131614	0.0105441597
131615	0.009467029781
131616	0.002185080253
131617	0.001067568279
131618	0.001555840235
131619	0.005321608716
131620	0.005254965729
131621	0.00509008133
131622	0.009235586057
131623	0.01627116712
131624	0.000631482805
131625	0.0009101463039
131626	0.006503383868
131627	0.0002321979086
131628	0.003903228047
131629	0.0007313759558
131630	0.005244674459
131631	0.0009931651903
131632	0.01192989957
131633	0.004092364848
131634	0.007215017426
131635	0.00101207138
131636	0.0007991539145
131637	1.260324343e-05
131638	0.0008016728297
131639	0.0007853569491
131640	0.002119392788
131641	0.0001408407583
131642	0.0003665131143
131643	0.01149125965
131644	0.0004316020289
131645	0.007523320822
131646	0.002743081442
131647	0.002089981095
131648	0.002109791081
131649	0.001941439535
131650	0.002752608745
131651	0.003072129055
131652	0.001392729443
131653	0.00397374602
131654	0.002877990552
131655	0.006133578083
131656	0.004107047499
131657	0.00272508904
131658	0.001266939197
131659	0.007898088185
131660	0.001185882385
131661	0.01128890484
131662	0.007412955606
131663	0.001519931749
131664	0.001415395095
131665	0.001174096364
131666	0.0005641670155
131667	0.0006462467792
131668	0.01252525923
131669	0.002664991858
131670	0.000378352814
131671	0.001928373389
131672	0.02183615883
131673	0.0008351146045
131674	0.0004793957747
131675	0.0003251937323
131676	0.0003601838723
131677	0.0001382093809
131678	1.892804948e-05
131679	0.002140938454
131680	0.00187729283
131681	0.001610427163
131682	0.008913811265
131683	0.001692494215
131684	0.000870923894
131685	0.0005172428624
131686	0.0002431100692
131687	0.0001897941238
131688	0.0009694957078
131689	6.901403192e-06
131690	0.002313027783
131691	0.0008483052252
131692	0.001565019627
131693	0.001126629573
131694	0.0004630183987
131695	0.002014991024
131696	0.0005338475302
131697	0.01973425387
131698	0.002319420458
131699	0.002930461291
131700	0.00893638655
131701	0.0006054063718
131702	0.009083668442
131703	0.005402585572
131704	0.007048345468
131705	0.001679802054
131706	0.00134852338
131707	0.008883625476
131708	0.00627329918
131709	0.00155834821
131710	0.0005418910769
131711	0.003521279558
131712	0.001544751145
131713	0.001683625212
131714	0.005128618223
131715	0.01118814238
131716	0.000266891919
131717	0.004373276438
131718	0.0003908223437
131719	0.004344969401
131720	0.01302060319
131721	0.003991370014
131722	0.001211314078
131723	0.01018756783
131724	0.008321772976
131725	0.003449268665
131726	0.00171780212
131727	0.0006669128674
131728	0.002063435526
131729	0.0001436921954
131730	0.0003709337979
131731	0.0007804655172
131732	0.0002913757852
131733	0.002243656711
131734	0.0007518757582
131735	0.0006771965019
131736	0.0002670857532
131737	0.001552001893
131738	0.001683743117
131739	0.0003763276508
131740	0.0001454922747
131741	0.001916100761
131742	0.000118251591
131743	9.354671817e-05
131744	0.006554273642
131745	0.0006094946976
131746	0.0008771560781
131747	0.0006368861739
131748	0.01068329409
131749	0.004139704659
131750	0.005816449037
131751	0.002167180537
131752	0.002986329973
131753	0.007612966313
131754	0.00184497107
131755	0.007817279062
131756	0.002185025306
131757	0
131758	0.01760455136
131759	0.002167185288
131760	0.004483353321
131761	0.0109689564
131762	0.004138636528
131763	0.001094741373
131764	0.005533416164
131765	0.002949882307
131766	0.002223548086
131767	0.006733033361
131768	0.001292921633
131769	0.007836871496
131770	0.001691958019
131771	0.01239160839
131772	0.01623984007
131773	0.005848174625
131774	0.003765501576
131775	0.005790291892
131776	0.02104927508
131777	0.00288108408
131778	0.02721516353
131779	0.02420356237
131780	0.026623675
131781	0.02650665711
131782	0.001572058726
131783	0.02396355012
131784	0.02636642414
131785	0.02508376392
131786	0.02482714858
131787	0.02685963599
131788	0.02630282214
131789	0.009263534812
131790	0.02129788821
131791	0.007886596531
131792	0.0071206116
131793	0
131794	0.02641939398
131795	0.02082811883
131796	0.02085424828
131797	0.02772054778
131798	0.01375170225
131799	0
131800	0.02702335708
131801	0.02141572787
131802	0.004832350884
131803	0.02721920737
131804	0.01054036077
131805	0.007716962192
131806	0
131807	0.0183515237
131808	0.002030132542
131809	0.02095878798
131810	0.002422704394
131811	0.02093014512
131812	0.02256144853
131813	0.000761786273
131814	0.02637660423
131815	0.003814019486
131816	0.02791152179
131817	0.02527696907
131818	0.02591695709
131819	0.02425602002
131820	0.02755534367
131821	0.02876466075
131822	0.00966927874
131823	0.004598573627
131824	0.0001710544023
131825	0.0003549399829
131826	0.007356599129
131827	0.01339037284
131828	0.005871923569
131829	0.00968100124
131830	0.001116361759
131831	0.002270579782
131832	0.005809589534
131833	0.002107856297
131834	0.004108821247
131835	0.0122368037
131836	0.004228780924
131837	0.004615123694
131838	0.002518158953
131839	0.01324421796
131840	0.003542833895
131841	0.0006762406146
131842	0.0006059640336
131843	0.004272254635
131844	0.002778150693
131845	0.005383636264
131846	0.005325020381
131847	0.0009896304187
131848	0.00452346029
131849	0.01408681128
131850	0.0009122447593
131851	0.0001808649881
131852	0.007933862868
131853	0.002990308496
131854	0.003019800734
131855	0.003587225773
131856	0.00323691105
131857	0.002145914785
131858	0.0008416987708
131859	0.000443584965
131860	0.02753031077
131861	0.004588817824
131862	0.0109622022
131863	0.01656483282
131864	0.0002641132169
131865	0.01203975242
131866	0.01333019353
131867	0.0030290222
131868	0.007958784067
131869	9.80801601e-05
131870	0.004970269987
131871	0.005743627041
131872	0.004581514546
131873	0.006094450367
131874	0.004882412823
131875	0.00754876651
131876	0.004395752597
131877	0.006626279856
131878	0.000649644767
131879	0.002101091148
131880	0.008048990965
131881	0.001271999046
131882	0.004028995364
131883	0.007417009654
131884	0.02297315226
131885	0.00414615978
131886	0.0141665341
131887	0.006990994935
131888	0.002672762581
131889	0.004766399
131890	0.009498335475
131891	0.01643740956
131892	0.01410247645
131893	0.0007336561866
131894	0.001737790927
131895	0.00397083069
131896	0.005088337728
131897	0.006937351672
131898	0.001185299639
131899	0.001672641378
131900	0.007649768845
131901	0.009577950971
131902	0.001737035053
131903	0.003408484867
131904	0.01740910729
131905	0.0002950431645
131906	0.003663625502
131907	0.004270164523
131908	0.002828939389
131909	0.004583573082
131910	0.011724799
131911	0.00408625936
131912	0.006208318093
131913	0.008968029019
131914	0.00155516189
131915	0.01715778621
131916	0.01262380129
131917	0.0010077431
131918	0.001162108465
131919	0.001961954871
131920	0.01040810783
131921	0.00843500812
131922	0.01669688715
131923	0.0001042850533
131924	0.005053193737
131925	0.0005412855175
131926	0.001022097822
131927	0.0007727382537
131928	0.0002991635106
131929	0.004849931756
131930	0.0002575324346
131931	0.001971120921
131932	0.004290188453
131933	0.0006505855116
131934	0.007178244488
131935	0.001781530313
131936	0.009824879639
131937	0.01444272385
131938	0.001398993773
131939	0.005512306203
131940	0.001830397325
131941	0.002268936883
131942	0.001219880488
131943	0.006839575567
131944	0.003738209195
131945	0.0003728607501
131946	0.003169152219
131947	0.00837150887
131948	0.006421410647
131949	0.00392051909
131950	0.005766309187
131951	0.01084717286
131952	0.008971510713
131953	0.001245891513
131954	0.0109461863
131955	0.01060837088
131956	0.008913566531
131957	0.0002377220651
131958	0.00774264365
131959	0.001721079695
131960	0.01812409155
131961	0.002084406313
131962	8.636028012e-06
131963	0.00218577405
131964	0.004101684051
131965	0.009518893885
131966	0.004392131634
131967	0.007038069113
131968	0.003491522173
131969	0.004617896239
131970	0.01162354537
131971	0.003054875168
131972	0.0003314696274
131973	0.002356698901
131974	0.007794088759
131975	0.006100417803
131976	0.003778172409
131977	0.003827386435
131978	0.006013431942
131979	0.004749483444
131980	0.003794501748
131981	0.002515033042
131982	0.004314271451
131983	0.001449413528
131984	0.008597754145
131985	0.002507544636
131986	0.002289879513
131987	0.002170174378
131988	0.003123744854
131989	0.004809994136
131990	0.009908225909
131991	0.0001648603816
131992	0.01535181229
131993	0.001374031088
131994	0.005353212854
131995	0.002933726971
131996	0.003789649575
131997	0.007260725728
131998	0.01643592001
131999	0.0004309474563
132000	0.007620009102
132001	0.00177613959
132002	0.007331573438
132003	0.007943890556
132004	0
132005	0.007573058279
132006	0.005667553295
132007	0.00444523004
132008	0.003972116915
132009	0.01373178211
132010	0.01634165315
132011	0.02173654909
132012	0.004630158614
132013	0.005804134471
132014	0.0001750258816
132015	0.005719787369
132016	0.008578959492
132017	0.0002555821349
132018	0.01152355801
132019	0.02101605506
132020	0.0008951710136
132021	0.01460302578
132022	0.005015865614
132023	0.0029927951
132024	0.003881460498
132025	0.007484010316
132026	0.0001433977825
132027	0.004138086784
132028	0.001058497121
132029	0.01313066327
132030	0.002937445593
132031	0.0008769453944
132032	0.004125531343
132033	0.004875547099
132034	0.005340094607
132035	0.0008226434579
132036	0.0003295054405
132037	0.0149548637
132038	0.004221099943
132039	0.002995548135
132040	0.00900174527
132041	0.0008033164131
132042	0.005497836441
132043	0.001792987688
132044	0.006419616336
132045	0.00773722487
132046	0.02072497282
132047	0.004080714079
132048	0.004730402434
132049	0.001752394741
132050	0.006475672701
132051	0.005210702944
132052	0.01023141403
132053	0.003282208124
132054	0.001686262482
132055	0.005286824405
132056	0.00532748443
132057	0.003251478404
132058	0.005458564101
132059	0.001317243696
132060	0.001649227986
132061	0.0001729475098
132062	0.002053198949
132063	0.003625026834
132064	0.001714489354
132065	0.0008682855531
132066	0.001004366836
132067	0.000677560374
132068	0.0001841064566
132069	0.001115781847
132070	0.001117096925
132071	0.001657031641
132072	0.005006129314
132073	0.007665844182
132074	0.02411804361
132075	0.0001477117326
132076	0.0008879810389
132077	0.0003640681291
132078	0.0005007507997
132079	0.0006598687539
132080	0.001376529555
132081	0.001498307706
132082	0.000769604514
132083	0.002503297886
132084	0.001402159934
132085	0
132086	0.003957912755
132087	0.002624213518
132088	0.001056050532
132089	0.001276982232
132090	5.724221003e-05
132091	0.001224481678
132092	0.001621950032
132093	6.666042941e-05
132094	0.004044956327
132095	0.003892691818
132096	0.005071459574
132097	0.002706624717
132098	0.001494836604
132099	0.0007882543521
132100	0.00405473084
132101	0.0005010652106
132102	0.006078084031
132103	0.003144974934
132104	0.005389511661
132105	0.00356468805
132106	0.01071755717
132107	0.01085092587
132108	0.01264044784
132109	0.01672216524
132110	0.002398861201
132111	0.005844411256
132112	0.01770416185
132113	0.007929984935
132114	0.0002677613035
132115	0.01408265089
132116	0.002960350952
132117	0.0002265590426
132118	0.0005904644991
132119	0.0003132972795
132120	0.004404368466
132121	0.0023775291
132122	0.009623228882
132123	0.01593570062
132124	0.0003100222754
132125	0.005784497736
132126	0.00993166881
132127	0.009194835546
132128	0.01137654269
132129	0.006821077844
132130	0.008971926628
132131	0.0005614578658
132132	0.001697571523
132133	0.009874372214
132134	7.965612423e-05
132135	0.02063131291
132136	0.0008219582232
132137	0.003201318409
132138	0.005291044875
132139	0.005476011042
132140	0.003259745891
132141	0.002558885498
132142	0.001069712751
132143	0.001079395794
132144	0.0009316435337
132145	0.001847285096
132146	0.001396894802
132147	0.002593012133
132148	0.001685159071
132149	0.007663819799
132150	0.0005390052755
132151	0.002344101688
132152	0.0008573791072
132153	0.008851815862
132154	0.0004834554343
132155	0.003552256039
132156	0.001424266507
132157	0.004786710906
132158	0.00846260992
132159	0.01750187001
132160	0.006336903087
132161	0.005398669837
132162	0.00171614051
132163	0.0008976095395
132164	0.003000854416
132165	0.006838755416
132166	0.01012750053
132167	0.008040112417
132168	0.004875783986
132169	0.002724731624
132170	0.0005945249705
132171	0.01249647494
132172	0.001708905215
132173	0.0105959962
132174	0.001385277804
132175	0.000989409227
132176	0.004508549022
132177	0.004678968157
132178	0.007381848908
132179	0.007459681389
132180	0.001606642151
132181	0.001606200065
132182	0.0007320783181
132183	0.002371218583
132184	0.01292395124
132185	0.007411149966
132186	0.002465045064
132187	0.001317230766
132188	0.000179492006
132189	0.006844388979
132190	0.007385312677
132191	0.01480050707
132192	0.004229549428
132193	0.004171339192
132194	0.01825098281
132195	0.002130864391
132196	0.01342129094
132197	0.006665594042
132198	0.001195494928
132199	0.0009776076381
132200	0.003000929266
132201	0.01064746382
132202	0.01208592041
132203	0.004894358655
132204	0.0216723015
132205	0.01150458108
132206	0.001242691286
132207	0.0008590994347
132208	0.0002892471689
132209	0.001393635754
132210	0.003204029404
132211	0.003666213795
132212	0.006270779846
132213	0.006501399873
132214	0.0008394756322
132215	0.005133652959
132216	0.00662148826
132217	0.004882732207
132218	0.0134276609
132219	0.00467163375
132220	0.002334427699
132221	0.002093488152
132222	0.00311429937
132223	0.001177248713
132224	0.00984992846
132225	0.002707043493
132226	0.002373684405
132227	0.001825370604
132228	0.001417460244
132229	0.002332143427
132230	0.002303507132
132231	0.006279678167
132232	0.001670504611
132233	0.005181233239
132234	0.01044046117
132235	0.003493113051
132236	0.003261839807
132237	0.0004285528944
132238	0.001475536532
132239	0.01062915049
132240	0.0003978962651
132241	0.003049360171
132242	0.003316420082
132243	0.004485007633
132244	0.001523817862
132245	0.006676735909
132246	0.002773795487
132247	0.01147124945
132248	0.0003677227008
132249	0.004445434008
132250	0.004799246038
132251	0.007243097676
132252	0.009669192978
132253	0.002540223639
132254	0.0130905759
132255	0.003905196453
132256	0.00531556782
132257	0.001473563794
132258	0.001550752528
132259	0.002663168457
132260	0.01389176152
132261	0.007922352261
132262	0.01383925723
132263	0.002758969899
132264	0.008161254265
132265	0.0003950477677
132266	0.007275223271
132267	0.005951791182
132268	0.001599273468
132269	0.001835712819
132270	0.002593079875
132271	0.005114693537
132272	0.0001392288939
132273	0.003563346101
132274	0.001934325194
132275	0.001938008355
132276	0.003418916219
132277	0.001855982956
132278	0.003079032749
132279	0.001315051243
132280	0.003499752081
132281	0.002520085185
132282	0.001634410213
132283	0.001392775264
132284	0.0007741024173
132285	0.002851846777
132286	0.008854212529
132287	0.004082581615
132288	0.006331567947
132289	0.005740709256
132290	0.01662706913
132291	0.003129412796
132292	0.007648183565
132293	0.00277158409
132294	0.009336460924
132295	0.00781854078
132296	0.002349759097
132297	0.007321279892
132298	0.005774729368
132299	0.001007355747
132300	0.006047259574
132301	0.003786942576
132302	0.002340081616
132303	0.01116768018
132304	0.0011018636
132305	0.001556986104
132306	0.008426363361
132307	0.002278665
132308	0.01637881616
132309	0.001279010091
132310	0.004061262866
132311	0.001255804015
132312	0.00252541292
132313	0.002722545414
132314	0.002869730172
132315	0.01088898177
132316	4.772726686e-05
132317	0.001988510469
132318	0.005817705186
132319	0.000653552392
132320	0.01585662145
132321	0.001370098179
132322	0.004791287638
132323	0.001224909396
132324	0.01221629594
132325	0.004618877609
132326	0
132327	0.003355125679
132328	0.0009165691702
132329	0.002788324562
132330	0.006233107579
132331	0.01027938258
132332	0.003415267586
132333	0.0001777953545
132334	0.00687351128
132335	0.003913395043
132336	0.0146580995
132337	0.01448090909
132338	0.001739220618
132339	0.0008970196482
132340	0.00597737782
132341	0.005449875455
132342	0.0070785619
132343	0.002604448107
132344	0.0002947517941
132345	0.002102066077
132346	0.004524687513
132347	0.001480741878
132348	0.001820253185
132349	0.001012255175
132350	0.00242425977
132351	0.002101575008
132352	0.0009491498904
132353	0.003523073975
132354	0.002301123134
132355	0.01555121695
132356	0.01460601521
132357	0.01590099341
132358	0.007341101144
132359	0.005264587876
132360	0.004404947009
132361	0.0110642953
132362	0.01020717372
132363	0.002468883634
132364	0.004665541022
132365	0.0005969425828
132366	0.00118827794
132367	0.005154470308
132368	0.001171473818
132369	0.01271173164
132370	0.004929081893
132371	0.002545046718
132372	0.001556700812
132373	0.0001827994873
132374	0.005631999998
132375	0.003617551228
132376	0.003637549142
132377	0.008014264848
132378	0.006230995244
132379	0.008148864428
132380	0.001310120415
132381	0.002668539895
132382	0.002299306504
132383	0.0048016235
132384	0.002012814128
132385	0.002822668636
132386	0.001334164
132387	0.0007817635101
132388	0.003964744348
132389	0.004020774667
132390	0.0003907742661
132391	0.002304804228
132392	0.002324259742
132393	0.001767577668
132394	0.006642307063
132395	0.000513779097
132396	0.005060319806
132397	0.003008190898
132398	0.001516753234
132399	0.004990633662
132400	0.008408467415
132401	0.005254840158
132402	0.002026360162
132403	0.003528395734
132404	0.001824032458
132405	0.001424073329
132406	0.003675824266
132407	0.006025811941
132408	0.006069983313
132409	0.001530837726
132410	0.006501227928
132411	0.003591852598
132412	0.005126289942
132413	0.005916118338
132414	0.01148601303
132415	0.005421849257
132416	0.008911021045
132417	0.01941664888
132418	0.003786955945
132419	0.000174986969
132420	0.0004979131094
132421	0.006108449798
132422	0.0009357832677
132423	0.004692542808
132424	0.005108632225
132425	0.01355913195
132426	0.00024251108
132427	0.009726669583
132428	0.01603793104
132429	0.009167941242
132430	0.002174097067
132431	0.01003511806
132432	0.01019192931
132433	0.007393750255
132434	0.001450840888
132435	0.005053009693
132436	0.01060728189
132437	0.001827690102
132438	0.003460090426
132439	0.003609419712
132440	0.0009705054133
132441	0.005410786285
132442	0.001062948011
132443	0.001079435288
132444	0.0005171837748
132445	0.01526371345
132446	0.009926003308
132447	0.002221433991
132448	0.00205811303
132449	0.006549488389
132450	0.0007111118984
132451	0.0090885216
132452	0.003028546739
132453	0.004399875869
132454	0.009283108185
132455	0.005426579667
132456	0.00217992852
132457	0.01369706477
132458	0.001024264751
132459	0.001456589886
132460	0.001605118781
132461	0.003165811333
132462	0.001950309424
132463	0.01148311784
132464	0.005022565212
132465	0.0007922670077
132466	0.001558699374
132467	0.00153515349
132468	0.007596562775
132469	0.0003031105005
132470	0.001753198315
132471	0.006037921472
132472	0.006828676918
132473	0.0077459984
132474	0.007672784797
132475	0.01300037751
132476	0.001338789864
132477	0.004483011686
132478	0.01102546901
132479	0.000913598754
132480	0.006633929552
132481	0.004043789015
132482	0.006942301222
132483	0.002918154126
132484	0.00363285895
132485	0.005293612518
132486	0.003179631459
132487	0.004133505329
132488	0.001658038254
132489	0.002421894572
132490	0.002965059582
132491	0.009860427721
132492	0.00128015431
132493	0.003343354946
132494	0.002097534642
132495	0.0007775644242
132496	0.005680107249
132497	0.005642518681
132498	0.009074707977
132499	0.001935325814
132500	0.005054563567
132501	0.001668306466
132502	0.002812868249
132503	0.0003761873725
132504	0.001465140612
132505	0.007713849444
132506	0.007226307319
132507	0.00114649269
132508	0.006517146216
132509	0.002744310273
132510	0.006517901833
132511	0.00521441474
132512	0.008093297846
132513	0.007690293316
132514	0.01118958237
132515	0.0007929272586
132516	0.00758053264
132517	0.000141669584
132518	0.005469875719
132519	0.0005738762155
132520	0.0007765348492
132521	0.007331489556
132522	0.0009992547813
132523	0.001636299187
132524	0.01901739918
132525	0.006245513207
132526	7.715940268e-06
132527	0.0014578851
132528	0.006434265448
132529	0.001677279378
132530	0.001428466743
132531	0.003458939441
132532	0.006474379798
132533	0.01055355357
132534	0.00158825307
132535	0.001875250096
132536	0.007667860807
132537	0
132538	0.008603568315
132539	0.01159800696
132540	0.002545686744
132541	0.001077089024
132542	0.001563479389
132543	0.001211984447
132544	0.00837713955
132545	0.003931791076
132546	0.00703482557
132547	0.007682442155
132548	0.002290923501
132549	0.005875295998
132550	0.00535953719
132551	5.291529181e-05
132552	0.004256891642
132553	0.007119903051
132554	0.00362446969
132555	0.005193786605
132556	0.001219512059
132557	0.00993271232
132558	0.001740992437
132559	0.01404634656
132560	0.00106241057
132561	0.009924144299
132562	0.0007329851862
132563	0.002637756067
132564	0.01366966644
132565	0.005427006973
132566	0.005445005584
132567	0.005200168126
132568	0.003601979642
132569	0.0008663806745
132570	0.001777998138
132571	0.00890819048
132572	0.002391138336
132573	0.002098160337
132574	0.008861315978
132575	0.004915748904
132576	0.001650314274
132577	0.002804884967
132578	0.0002974349744
132579	0.009158942987
132580	0.01486510907
132581	0.002860407266
132582	0.004622735915
132583	0.002422210714
132584	0.005790688645
132585	0.006575332214
132586	0.005837458252
132587	0.01004782633
132588	0.004898885637
132589	0.003632676749
132590	0.001395400668
132591	0.01003362292
132592	0.006581000931
132593	0.001366349912
132594	0.006351973346
132595	0.003191179064
132596	0.004458261588
132597	0.001105265115
132598	0.01373051568
132599	0.003229677652
132600	0.0006086854975
132601	0.002175083266
132602	0.002686787894
132603	0.004309086928
132604	0.002584554655
132605	0.001351102744
132606	0.01090560915
132607	0.004397657403
132608	0.01359534742
132609	0.004627451693
132610	0.003397723695
132611	0.00152934682
132612	0.00823645948
132613	0.001815610244
132614	0.01796297965
132615	0.001774646844
132616	0.006076748329
132617	0.00393459817
132618	6.235478271e-05
132619	0.009698485263
132620	0.0009336984919
132621	0.009102968199
132622	0.0102259715
132623	0.01226713543
132624	0.003721014638
132625	0.006094254186
132626	0.00382343854
132627	0.01323591191
132628	0.004519204215
132629	0.005774723144
132630	0.003805258308
132631	0.0006261690276
132632	0.002612510565
132633	0.005987253881
132634	0.001811603712
132635	0.004362984309
132636	4.824830351e-05
132637	0.01664669814
132638	0.005060151997
132639	0.002948730177
132640	0.01138315698
132641	0.01070535574
132642	0.00121856127
132643	0.008593060341
132644	0.00625083098
132645	0.01269686312
132646	0.002369767852
132647	0.01019562251
132648	0.001546886228
132649	0.006311642001
132650	0.001389729752
132651	0.01072060425
132652	0.002971098978
132653	0.003368358219
132654	0.001118268084
132655	0.004920248862
132656	0.002132805092
132657	0.01132809787
132658	0.005200065347
132659	0.006061926039
132660	0.002430766308
132661	0.002702686399
132662	0.002210107689
132663	0.0018015745
132664	0.007230175689
132665	0.005253175003
132666	0.01206835757
132667	0.008569425516
132668	0.004653110402
132669	0.006516114223
132670	0.001908931413
132671	0.002148447297
132672	0.005479574776
132673	0.005095560805
132674	0.003061569958
132675	0.001457383404
132676	0.006787290153
132677	0.004532122572
132678	0.006257348208
132679	0.0001885200821
132680	0.006783310716
132681	0.008202005916
132682	0.005789061416
132683	0.005191775126
132684	0.007944427161
132685	0.007372125272
132686	0.003228681083
132687	0.006947638262
132688	0.0131023588
132689	0.001807200308
132690	0.005292594852
132691	0.008627485752
132692	0.001798173605
132693	0.007216539632
132694	0.00248002007
132695	0.004230103818
132696	0.006626053405
132697	0.009030524392
132698	0.02197629154
132699	0.008861783072
132700	0.002591370551
132701	0.01902023755
132702	0.003540115669
132703	0.01391965041
132704	0.01106101151
132705	0.009289903386
132706	0.001163834652
132707	0.01765713619
132708	0.0068521188
132709	0.004234112186
132710	0.01452577158
132711	0.009712903016
132712	0.01289225354
132713	0.004134929524
132714	0.01113192155
132715	0.003253407852
132716	0.02336673088
132717	0.008210986307
132718	0.003323701915
132719	0.01218018235
132720	0.003828350315
132721	0.001176970297
132722	0.009143345852
132723	3.74493025e-05
132724	0.0003994832768
132725	0.004997297195
132726	0.009200879601
132727	0.002275404782
132728	0.01421965283
132729	0.003920673913
132730	0.004885251792
132731	0.00133008303
132732	0.0003681377816
132733	0.01657437125
132734	0.004932725529
132735	0.01114150221
132736	0.01862406069
132737	0.01132389867
132738	0.004924077098
132739	0.0006372795896
132740	0.003187736772
132741	0.002695373749
132742	0.01455679434
132743	0.005330475521
132744	0.002236898025
132745	0.003449811834
132746	0.003412724625
132747	0.001170476496
132748	0.005071049103
132749	0.008882940157
132750	0.0007944137159
132751	0.002416739082
132752	0.008162608594
132753	0.004864517484
132754	0.0009419978349
132755	0.001554200618
132756	0.004041803643
132757	0.002397722318
132758	0.002423859435
132759	0.002017082423
132760	0.002020346508
132761	0.003780986985
132762	0.002669856519
132763	0.0008091555251
132764	0.006996358366
132765	0.003183921208
132766	0.008130329716
132767	0.003736291787
132768	0.006256603529
132769	0.01089677107
132770	0.004018189049
132771	0.004708184849
132772	0.006076187744
132773	0.003948676151
132774	0.02130566478
132775	0.002228326235
132776	0.006573981468
132777	0.00935655132
132778	0.004060091757
132779	0.0009691185681
132780	0.007544544572
132781	0.001895368607
132782	0.001204362973
132783	0.009468711213
132784	0.003692726852
132785	0.01125573505
132786	0.0008439660003
132787	0.003189725715
132788	4.615121771e-06
132789	0.004238514532
132790	0.006772471863
132791	0.0102004895
132792	0.005082108427
132793	0.007084511366
132794	0.0005551589946
132795	0.003768678351
132796	0.0007759062491
132797	0.000103254442
132798	0.0004514812884
132799	0.00756931138
132800	0.007851091623
132801	0.0006922949556
132802	0.006509763704
132803	0.007411396029
132804	0.0059461257
132805	0.002260833385
132806	0.003827871746
132807	0.003238901081
132808	0.002702902574
132809	0.0003801954881
132810	2.685416169e-06
132811	0.01449134486
132812	0.00512658964
132813	0.008412621633
132814	0.003779979604
132815	0.002584175
132816	0.002037491181
132817	0.000998698225
132818	0.006020778239
132819	0.002514794892
132820	0.01277242363
132821	0.01236513653
132822	0.005197176287
132823	0.00877113299
132824	0.0002974008173
132825	0.0007650222548
132826	0.01542171076
132827	0.007215230694
132828	0.006022522879
132829	0.01264441996
132830	0.001646889879
132831	0.003978276556
132832	0.003900197296
132833	0.005267009847
132834	0.003075583709
132835	0.007923742277
132836	0.0009831361236
132837	0.0005062407894
132838	0.006262438824
132839	0.004221273373
132840	0.002510981833
132841	0.003847321972
132842	0.000988981061
132843	0.01311779105
132844	0.007911344083
132845	0.008404979869
132846	0.00517816258
132847	0.002924641478
132848	0.005407892775
132849	0.0008558638518
132850	0.01232609556
132851	0.01716196771
132852	0.007059128265
132853	0.002160147819
132854	0.006797763508
132855	0.000262739043
132856	0.0002078987608
132857	0.002861676535
132858	0.004842846357
132859	0.002970717909
132860	0.006919433252
132861	0.001188408407
132862	0.002831850822
132863	0.000137039725
132864	0.006571199606
132865	0.008047617291
132866	0.002763578053
132867	0.004263591932
132868	0.007300535378
132869	0.002434604838
132870	0.008104184271
132871	0.00720123631
132872	0.004982577962
132873	0.004976466482
132874	0.001229594896
132875	0.002395199639
132876	0.002056521886
132877	0.008309781479
132878	0.00937196414
132879	0.003949566093
132880	0.01585181579
132881	0.01009073475
132882	0.003965169512
132883	0.0138510078
132884	0.00294788269
132885	0.002381566736
132886	0.00267960095
132887	0.001057464356
132888	0.0008057580492
132889	0.0002201318813
132890	0.0008450384504
132891	0.003827810783
132892	0.001503131362
132893	0.002112824032
132894	0.002126194764
132895	0.00736641997
132896	0.006212823484
132897	0.001247332262
132898	0.003509806576
132899	0.0005294556313
132900	0.006615674589
132901	0.0008203359997
132902	0.006216938326
132903	0.003978901003
132904	0.002002326211
132905	0.008906702629
132906	0.006766682292
132907	0.002447770524
132908	0.002427888014
132909	0.004746012758
132910	0.001691291504
132911	0.004053175139
132912	0.0007040704659
132913	0.002572277133
132914	0.003600849412
132915	0.003675418642
132916	0.00428729458
132917	0.002535100368
132918	0.001407785435
132919	8.063361997e-05
132920	0.002229246664
132921	0.01121879844
132922	0.01256879822
132923	0.00188244864
132924	0.005628666779
132925	0.002091536108
132926	0.01143027656
132927	0.00630316055
132928	0.001372416883
132929	0.004726848611
132930	0.008754920814
132931	0.01701718025
132932	0.008172619035
132933	0.002169891166
132934	0.00964372764
132935	0.004707738629
132936	0.000848362233
132937	0.01727202659
132938	0.007600718035
132939	0.00908428501
132940	0.01001603131
132941	0.002535609039
132942	0.003440174501
132943	0.005782542906
132944	0.007365765437
132945	0.004876793033
132946	0.002424608126
132947	0.0009997128937
132948	0.004954928899
132949	0.002587702806
132950	0.002760206531
132951	0.004120684649
132952	0.002898465895
132953	0.0003664863247
132954	0.004306747148
132955	0.0007763768999
132956	0.001037469388
132957	0.0007946773985
132958	0.0005009765794
132959	0.0001238203115
132960	3.956948401e-08
132961	0.0002599206734
132962	0.001941844923
132963	0.003279616975
132964	0.001350432997
132965	0.001559413549
132966	0.001222697476
132967	0.001759430898
132968	0.002710704618
132969	0.0009993135978
132970	0.0008563889501
132971	0.000386948352
132972	0.005326907356
132973	0.000301337851
132974	0.001394683043
132975	0.004884378977
132976	0.001735242731
132977	0.002509638903
132978	0.0002438821312
132979	0.005642015165
132980	0.002354011071
132981	0.0002573069612
132982	0.00683703264
132983	0.007691906955
132984	0.00194561782
132985	0.007087360637
132986	0.01279769144
132987	0.005559057759
132988	0.008721370754
132989	0.003788238212
132990	0.004846999077
132991	0.002160907378
132992	0.005720135276
132993	0.005511803188
132994	0.003830525854
132995	0.006947628032
132996	0.001945603524
132997	0.00177895671
132998	0.002674697888
132999	0.005537763836
133000	0.004733187976
133001	0.0001717122024
133002	0.001488876981
133003	0.0005343516688
133004	0.00293517198
133005	0.0004104013392
133006	0.0006485875116
133007	0.001455034841
133008	0.0008146604009
133009	0.0059455008
133010	0.001065774604
133011	0.001444105213
133012	0.005388782127
133013	0.001182606744
133014	0.0002098859768
133015	0.001085445424
133016	0.0002239116065
133017	0.0006951124039
133018	0.0004418773199
133019	0.001017109052
133020	0.001277626706
133021	0.004034047462
133022	0.004735736537
133023	0.003664023399
133024	0.004115454735
133025	0.004795798874
133026	0.005081188502
133027	0.004145660171
133028	0.004346350454
133029	0.005166369396
133030	0.004533597731
133031	0.0004869274908
133032	0.005243241604
133033	0.005108121414
133034	0.005326068801
133035	0.006084349738
133036	0.003321035404
133037	0.0041505182
133038	0.005608375574
133039	0.002933641195
133040	0.004758700327
133041	0.006209817022
133042	0.004368816069
133043	0.004066988184
133044	0.003889685008
133045	0.0001848188981
133046	0.005498712793
133047	0.001198706094
133048	0.002990274793
133049	0.00402654419
133050	0.005949443776
133051	0.003750870308
133052	0.005049559869
133053	0.005150072659
133054	0.004148521753
133055	0.00302195962
133056	0.003424681769
133057	0.00243909203
133058	0.005408258513
133059	0.005738022057
133060	0.005312321683
133061	0.002975242552
133062	0.005103020178
133063	0.005364408932
133064	0.004361678259
133065	0.004924742383
133066	0.004937353655
133067	0.004968630086
133068	0.003448353034
133069	0.004801581385
133070	0.005103325286
133071	0.00577833003
133072	0.004737179412
133073	0.003985016163
133074	0.004537089314
133075	0.004868878605
133076	0.00464907121
133077	0.004926572818
133078	0.003983782506
133079	0.004627984601
133080	0.003857738168
133081	0.003507374095
133082	0.00479543454
133083	0.004535292257
133084	0.00600259339
133085	0.005303564514
133086	0.00432572557
133087	0.003529402913
133088	0.004011859814
133089	0.004841324693
133090	0.004557378571
133091	0.003939001782
133092	0.004915572655
133093	0.004596231992
133094	0.003578648415
133095	0.004231319446
133096	0.005006118749
133097	0.004745659535
133098	0.004693135332
133099	0.004538143162
133100	0.003759512276
133101	0.005109869002
133102	0.005362285573
133103	0.00673911415
133104	0.005114660493
133105	0.00471055064
133106	0.005010856176
133107	0.004573371005
133108	0.00391213919
133109	0.003825302148
133110	0.003831918338
133111	0.004831398438
133112	0.003738418948
133113	0.004684277974
133114	0.00496721966
133115	0.004946451901
133116	0.00434275553
133117	0.00528802547
133118	0.004279756748
133119	0.005672979198
133120	0.004406060729
133121	0.003933603852
133122	0.004102508374
133123	0.005098092249
133124	0.005095474906
133125	0.004638936633
133126	0.003959809974
133127	0.004606913615
133128	0.004560032936
133129	0.00450666919
133130	0.003712538483
133131	0.004347802185
133132	0.005092743092
133133	0.004077023045
133134	0.004276991109
133135	0.005016857262
133136	0.004364626512
133137	0.004658276073
133138	0.001997634298
133139	0.005702680968
133140	0.006302233325
133141	0.009916924595
133142	0.005443971995
133143	0.006308039141
133144	0.002499859725
133145	0.001391854656
133146	0.004253924121
133147	0.004431348002
133148	0.004222512373
133149	0.003985652108
133150	0.005513380036
133151	0.004204828525
133152	0.004129574071
133153	0.005027043251
133154	0.005692347954
133155	0.004640356583
133156	0.004813755041
133157	0.004238365152
133158	0.004961032434
133159	0.004958421361
133160	0.004388564508
133161	0.004594100058
133162	0.003940055341
133163	0.005126374908
133164	0.00489457681
133165	0.003657585416
133166	0.005956059242
133167	0.003776691614
133168	0.001930144418
133169	0.005160735046
133170	0.004376917223
133171	0.003306296926
133172	0.002850226546
133173	0.005571967322
133174	0.004208493632
133175	0.004047481652
133176	0.005177086837
133177	0.002184401905
133178	0.004785496625
133179	0.004601454138
133180	0.004270516122
133181	0.005765998393
133182	0.005117697708
133183	0.006578348239
133184	0.005025498135
133185	0.003614180798
133186	0.005648321785
133187	0.003707901748
133188	0.004630966815
133189	0.004682987319
133190	0.003902632982
133191	0.005029558863
133192	0.004586136867
133193	0.005638223793
133194	0.004770875106
133195	0.00553915653
133196	0.00583452896
133197	0.005550290872
133198	0.005956389507
133199	0.00509591492
133200	0.003607116308
133201	0.00462225835
133202	0.007474822189
133203	0.00533374497
133204	0.005833296821
133205	0.0042518648
133206	0.0004696205056
133207	0.004971552251
133208	0.003649785485
133209	0.005326532884
133210	0.004854460977
133211	0.005238002702
133212	0.004631277932
133213	0.003911276454
133214	0.005741608061
133215	0.004677474484
133216	0.003439336609
133217	0.004012426822
133218	0.005338521448
133219	0.005898371673
133220	0.005085602981
133221	0.005910435859
133222	0.005123554762
133223	0.003906589385
133224	0.005061592485
133225	0.004585164391
133226	0.003960178242
133227	0.005122971934
133228	0.00457675122
133229	0.005228862739
133230	0.003242036602
133231	0.004635210475
133232	0.005373735944
133233	0.005559847409
133234	0.005034086361
133235	0.004072036463
133236	0.004996722893
133237	0.004072484934
133238	0.004643230043
133239	0.004627011936
133240	0.003791449721
133241	0.004679646553
133242	0.00504556969
133243	0.004683121014
133244	0.003478394178
133245	0.004359203481
133246	0.004749303629
133247	0.003977535666
133248	0.005573441039
133249	0.003945310961
133250	0.005215810603
133251	0.004189062185
133252	0.004381436243
133253	0.003908427453
133254	0.004023972436
133255	0.004395463436
133256	0.00524561498
133257	0.00583863321
133258	0.00478087786
133259	0.003268814149
133260	0.002398514257
133261	0.005516487295
133262	0.004980089109
133263	0.004894526765
133264	0.004350818143
133265	0.004298391731
133266	0.002391787502
133267	0.004552963024
133268	0.005080754685
133269	0.004973136083
133270	0.003927789256
133271	0.004194793532
133272	0.0037626283
133273	0.005891150613
133274	0.005175814769
133275	0.004494876128
133276	0.005055019065
133277	0.005790331367
133278	0.004459750139
133279	0.003601336749
133280	0.005947592086
133281	0.005454532384
133282	0.004576231804
133283	0.001832317519
133284	0.003793354163
133285	0.001474442307
133286	0.004587094109
133287	0.00429850975
133288	0.004726244548
133289	0.004141160227
133290	0.002416099617
133291	0.00423152556
133292	0.004492642432
133293	0.003571543468
133294	0.004191874411
133295	0.005793852727
133296	0.005542705762
133297	0.003938002081
133298	0.001128630421
133299	0.0005794978649
133300	0.001325349663
133301	0.001971154327
133302	0.000928516653
133303	0.0005024038527
133304	0.001775491083
133305	0.00580590864
133306	0.01023414725
133307	0.00522836984
133308	0.008274193151
133309	0.006301315421
133310	0.002895150798
133311	0.0006961278804
133312	0.007718407057
133313	0.003625459476
133314	0.001469833455
133315	0.003818043796
133316	0.003831756913
133317	0.01327200621
133318	0.0003505644148
133319	0.001812567841
133320	4.568272905e-05
133321	0.004940193707
133322	0.001207412239
133323	0.0007898112477
133324	0.007567223731
133325	0.002677682281
133326	0.007063602204
133327	0.01021057785
133328	0.007992495748
133329	0.007339328205
133330	0.005693125775
133331	0.004781177346
133332	0.001245778272
133333	0.005740776328
133334	0.0005845690597
133335	0.009172996063
133336	0.01445231784
133337	0.001314333897
133338	0.01134719317
133339	0.004493698861
133340	0.005177317443
133341	0.003491704263
133342	0.00209862864
133343	0.0007667623664
133344	0.002068167443
133345	0.004684384877
133346	0.004810844077
133347	0.0003834183879
133348	0.01107959056
133349	0.008287114963
133350	0.001887772418
133351	0.003222618473
133352	0.01560841837
133353	0.0004996492724
133354	0.01342530559
133355	0.00196905897
133356	0.005726642698
133357	0.007896272945
133358	0.003386456763
133359	0.003700661679
133360	0.002701215357
133361	0.009371374961
133362	0.0003514358277
133363	0.003234323515
133364	0.003775944937
133365	0.00841897655
133366	0.001380964955
133367	0.002718736838
133368	0.0003048948471
133369	0.001307881216
133370	0.002025597379
133371	0.001150509756
133372	0.0009139567478
133373	0.0009477271538
133374	0.001735762832
133375	0.0004949005375
133376	0.002468889235
133377	0.001365739633
133378	0.001052310046
133379	0.001032996166
133380	0.001828322824
133381	0.002213219097
133382	0.0003285967591
133383	0.001380519151
133384	0.000251398305
133385	0.001940002595
133386	0.0001993388858
133387	0.001180182206
133388	4.828944958e-05
133389	0.001325484728
133390	0.0008043884498
133391	0.0006305935628
133392	0.002922320194
133393	0.001389091429
133394	0.001401865843
133395	0.0007982277129
133396	0.001984929876
133397	0.001699889383
133398	0.0007556669705
133399	0.0005058679188
133400	0.002333067323
133401	0.001821405361
133402	0.0001049009757
133403	0.001757083121
133404	0.002285779943
133405	0.00122191805
133406	0.001126924695
133407	0.0006162162439
133408	0.001698512406
133409	0.001652200016
133410	0.0009232602884
133411	0.0005054029386
133412	0.001780239336
133413	0.00156660484
133414	0.001499596046
133415	0.001412077947
133416	0.001897012618
133417	0.000840069891
133418	0.006728897554
133419	0.004619746798
133420	0.0002906516368
133421	0.003245201212
133422	0.005146596304
133423	0.001150153993
133424	0.01035297575
133425	0.0005284370044
133426	0
133427	0.002338819552
133428	0.008215798263
133429	0.002881007291
133430	0.002650692455
133431	0.01316760404
133432	0.003597550193
133433	0.0009710336957
133434	0.01051512725
133435	0.002559048679
133436	0.01005826129
133437	0.0054303457
133438	0.007099754355
133439	0.001055709782
133440	0.004828425041
133441	0.007088094155
133442	0.002906008627
133443	0.01476344412
133444	0.002931835636
133445	0.0002883151456
133446	0.001693975131
133447	0.003407944732
133448	0.01217211326
133449	0.001657908115
133450	0.002896617036
133451	0.009197047092
133452	0.002130065031
133453	0.004550759812
133454	0.005274070028
133455	0.0059756518
133456	0.01482753753
133457	0.006068124083
133458	0.005535888461
133459	0.004419867941
133460	0.0003458498337
133461	0.0006137651333
133462	0
133463	0.003175277603
133464	0.006632869063
133465	0.004428706733
133466	0.005983312478
133467	0.0007841491073
133468	0.01719378767
133469	0.002477162693
133470	0.0009588552202
133471	0.004269355606
133472	0.00441978813
133473	0.000661756581
133474	0.006803791965
133475	0.003735392216
133476	0.008149512001
133477	0.006903272503
133478	0.009074019028
133479	0.003334638449
133480	0.005646395185
133481	0.007493428728
133482	0.0007126761125
133483	0.0003949746904
133484	0.003977524806
133485	0.005427658926
133486	0.007199549495
133487	0.0005835760904
133488	0.004163386078
133489	0.0005573733174
133490	0.001319023864
133491	0.004541018472
133492	0.005780990463
133493	0.004790252988
133494	0.00282277857
133495	0.01261120607
133496	0.00548745237
133497	0.001017081136
133498	0.009301493836
133499	0.0025197788
133500	0.001223476489
133501	0.008627718665
133502	0.003104779161
133503	0.0128393248
133504	0.002312959016
133505	0.01968488272
133506	0.01058368963
133507	0.003944105228
133508	0.007831708938
133509	0.00184937465
133510	0.0009843792629
133511	0.003626582286
133512	0.000998822622
133513	0.01130564671
133514	0.006244653025
133515	0.0005766399869
133516	0.002315531577
133517	0.001539516017
133518	0.008473573352
133519	0.004741658167
133520	0.005509502556
133521	0.00223346742
133522	0.00170251666
133523	0.005913208989
133524	0.00649541773
133525	0.006779232555
133526	0.005478693636
133527	0.009539600017
133528	0.007600715613
133529	0.004911256463
133530	0.0006814871135
133531	0.003793420017
133532	0.008552683682
133533	0.003141296403
133534	0.00310552596
133535	0.005346755432
133536	0.008141583085
133537	0.001866702173
133538	0.01331939908
133539	0.00467323987
133540	0.002603280352
133541	0.002354550434
133542	0.0009552167138
133543	0.002367983657
133544	0.004629547723
133545	0.0007755776165
133546	0.001854276241
133547	0.001457944778
133548	0.0006010808727
133549	0.002697159261
133550	0.001612114744
133551	0.001819350477
133552	0.0007244920246
133553	0.001793476053
133554	0.003315625113
133555	0.0001196898768
133556	0.001537691134
133557	0.0009269486435
133558	0.0008676545317
133559	0.001490972629
133560	0.003688634728
133561	0.001181076328
133562	0.0009352189011
133563	0.001196918218
133564	0.0006321638041
133565	0.001505170797
133566	0.0004014748371
133567	0.001258817473
133568	0.001176968035
133569	0.00121601161
133570	0.0003265797359
133571	0.002106611993
133572	0.001179167971
133573	0.001760880798
133574	0.00132996426
133575	0.001502780322
133576	0.001454183143
133577	0.001583664407
133578	0.001626970125
133579	2.64609256e-05
133580	0.002921072182
133581	0.001736315468
133582	0.0005354261702
133583	0.0003415681541
133584	0.002122661103
133585	0.0009553940604
133586	0.001870332768
133587	0.0006513522161
133588	0.0005051570484
133589	0.0006085578773
133590	0.00284440636
133591	0.001879312584
133592	0.001503312769
133593	0.001288304559
133594	0.001955901579
133595	0.0007559482696
133596	0.001139462448
133597	0.0007915104109
133598	0.001120127046
133599	0.001021398246
133600	0.001038942873
133601	0.001640136457
133602	0.001090740117
133603	0.001881762503
133604	0.001554089447
133605	7.237094271e-05
133606	0.001411110022
133607	0.001506297407
133608	0.001429241838
133609	0.001314344389
133610	0.000941697437
133611	0.001809042069
133612	0.0004316237915
133613	0.0015760413
133614	0.002024551496
133615	0.001382280561
133616	0.0006389836021
133617	0.001744750207
133618	0.0004113140837
133619	0.001526811722
133620	0.0008089146906
133621	0.00161750309
133622	0.00162003483
133623	0.0001096062125
133624	0.001126960057
133625	0.002112881047
133626	0.001669709733
133627	0.001269734256
133628	0.001771261983
133629	0.00121087974
133630	0.001496185631
133631	0.002961621407
133632	0.0007435781429
133633	0.000217675072
133634	0.001462387796
133635	0.002197139912
133636	0.001673461788
133637	0.0006872878568
133638	0.0009706245275
133639	0.001235854972
133640	0.002711658846
133641	0.001403749856
133642	0.0008304785471
133643	0.001112417838
133644	0.0004080877021
133645	0.0009175228487
133646	0.001028702136
133647	0.0008070592707
133648	0.001857232769
133649	0.001265621331
133650	0.001880573379
133651	0.001562640357
133652	0.001294804369
133653	0.001240707532
133654	0.001693086429
133655	0.001299284834
133656	0.001168486167
133657	0.0006943819562
133658	0.001658712917
133659	0.001659104785
133660	0.0009294613715
133661	0.0008006049921
133662	0.0008142165965
133663	0.002184074715
133664	0.0008407298093
133665	0.002306117602
133666	0.0008933698565
133667	0.001965468117
133668	0.001693862486
133669	0.0005136012018
133670	0.003285198638
133671	0.002469911987
133672	0.001735020752
133673	0.0002919862042
133674	0.001490881622
133675	7.996754315e-05
133676	0.00135112619
133677	0.001168637485
133678	0.001839532437
133679	0.001404651939
133680	0.001278329537
133681	0.002359296433
133682	0.001504372062
133683	0.003497640713
133684	0.0008175083612
133685	7.079845082e-05
133686	0.001973866491
133687	0.001762891811
133688	0.002266970608
133689	0.0007588853619
133690	0.001086809235
133691	0.001296734723
133692	0.001478939969
133693	0.003150949144
133694	0.004439209917
133695	0.008806040021
133696	0.0002962946429
133697	0.002589246834
133698	0.006069643034
133699	0.004167747233
133700	0.00789459643
133701	0.0004014090381
133702	0.004862750349
133703	0.001858711684
133704	0.006853070671
133705	0.000342048275
133706	0.01210710379
133707	0.004529720766
133708	0.005646496721
133709	0.001244424651
133710	0.002033086236
133711	0.0005639578229
133712	0.001786885854
133713	0.0006634985547
133714	0.001520037246
133715	0.001676995245
133716	0.001314211517
133717	0.002204008572
133718	0.001706485743
133719	0.001269172654
133720	0.0004644209634
133721	0.0005814098851
133722	0.001281231085
133723	0.002366904832
133724	0.0005644012483
133725	0.001252004686
133726	0.001237750791
133727	0.001466208871
133728	0.001413537899
133729	0.0004711044446
133730	0.001484704817
133731	0.0007592118783
133732	0.001768171761
133733	0.0006881768416
133734	0.001113083806
133735	0.0004645960593
133736	0.0001062052231
133737	0.003399498977
133738	0.001850107919
133739	0.00102524381
133740	0.002990299205
133741	0.001867451162
133742	0.001638130283
133743	0.00118407607
133744	0.002142054206
133745	0.001694028294
133746	0.003003554586
133747	0.000801073243
133748	0.001543304498
133749	0.0008781799353
133750	0.0008463012356
133751	0.001533628138
133752	0.001320071806
133753	0.002072849229
133754	0.0009867613936
133755	0.001590064441
133756	0.002190975779
133757	0.002223689497
133758	0.000220451078
133759	0.001270147562
133760	0.006632544283
133761	0.0007789795261
133762	0.001166602886
133763	0.002716090826
133764	0.002043810897
133765	0.001966231226
133766	0.0007374165487
133767	0.001170552298
133768	0.0003330292697
133769	0.001452238998
133770	0.0008149691796
133771	0.0009381673502
133772	0.002028987376
133773	0.0006714588984
133774	0.001312092411
133775	0.003082536432
133776	0.002126748391
133777	0.00142568019
133778	0.001161532612
133779	0.001381529123
133780	0.001409226114
133781	0.000800936861
133782	0.0008596797052
133783	0.0007279025777
133784	0.001046446863
133785	0.001846522166
133786	0.000576927126
133787	0.001323445758
133788	0.002740542222
133789	0.001779336415
133790	0.0006743394849
133791	0.001614084299
133792	0.001176632471
133793	0.001692225698
133794	0.001246782897
133795	0.00130232901
133796	0.002440033628
133797	0.001134792031
133798	0.001654063779
133799	0.001708089898
133800	0.002189324326
133801	0.0005400891163
133802	0.001650492405
133803	0.00224318283
133804	0.0003438325333
133805	0.00293017294
133806	0.001372278735
133807	0.001463521418
133808	0.002043279875
133809	0.001201603455
133810	0.001130994078
133811	0.003280810473
133812	0.001566549266
133813	0.001502643809
133814	0.0008852070469
133815	0.001797477098
133816	0.001203151781
133817	0.00147854966
133818	0.001239308385
133819	0.000803506558
133820	0.0006226445956
133821	0.001641790925
133822	0.0006493753873
133823	0.000754761731
133824	0.00103771656
133825	0.0009729271202
133826	0.001697855141
133827	0.0009846548924
133828	0.0005320996037
133829	0.001153438319
133830	0.0008642084055
133831	0.001297330789
133832	0.001132776173
133833	0.0005892691942
133834	0.0001413593328
133835	0.000986763629
133836	0.001680525014
133837	3.973952264e-05
133838	0.0008322504388
133839	0.00159910637
133840	0.001060429699
133841	0.0002934473174
133842	0.0007225867678
133843	0.0006057887884
133844	0.0009288043209
133845	0.001230488352
133846	0.001338601239
133847	0.001020338407
133848	0.002451738687
133849	0.0008076917987
133850	0.001650607437
133851	0.00322540658
133852	0.008796384652
133853	0.001828290056
133854	0.001204884982
133855	0.008498002735
133856	0.00713694685
133857	0.01225641266
133858	0.003667974213
133859	0.0005737582744
133860	0.0009261334784
133861	0.006646939575
133862	0.0003900786544
133863	0.006385540387
133864	0.003028741469
133865	0.009558184873
133866	0.002495772432
133867	0.00635675135
133868	0.003208216949
133869	0.01135049542
133870	0.002865036031
133871	0.01302160629
133872	0.008705833705
133873	0.007798734461
133874	0.003374255712
133875	0.008039665644
133876	0.0001086414402
133877	0.01314019946
133878	0.01157767339
133879	0.002923011703
133880	0.003940190433
133881	0.0009843792629
133882	0.0001946365582
133883	0.002084615246
133884	0.006597721446
133885	0.003945340903
133886	0.01763995737
133887	0.003715146063
133888	0.001441445848
133889	0.001660122289
133890	0.001935299508
133891	4.62846085e-05
133892	0.001382078634
133893	0.001993249886
133894	0.00055642492
133895	0.0006016406703
133896	0.00147554719
133897	0.001617623101
133898	0.001348149406
133899	0.001412916509
133900	0.001648727506
133901	0.0002966315088
133902	0.001165915597
133903	0.00234176409
133904	0.0004582225044
133905	0.0004350483494
133906	0.000930967351
133907	0.001804936468
133908	0.001491078085
133909	0.0009376288735
133910	0.002060783578
133911	0.001794209792
133912	0.001052252162
133913	0.0009917742484
133914	0.0006190165044
133915	0.0007465869922
133916	0.001320817006
133917	0.0006969107723
133918	0.001998566008
133919	0.001034591036
133920	0.0009016122346
133921	0.0004170012906
133922	0.0001357576949
133923	0.0006135112504
133924	0.0003267850993
133925	0.0018391508
133926	0.00313832506
133927	0.005062783626
133928	0.00445910302
133929	0.006014093644
133930	0.00177456665
133931	0.001389690787
133932	0.00597172555
133933	0.001690931005
133934	0.00123057592
133935	0.005401362046
133936	0.000661027753
133937	0.002272981773
133938	0.01429900317
133939	0.005647561383
133940	0.002984329726
133941	0.009165364494
133942	0.000896367011
133943	0.0005553756956
133944	0.001879837418
133945	0.001240780303
133946	0.001044204152
133947	0.0003936140088
133948	0.001374054631
133949	0.001645142347
133950	0.000651911081
133951	0.001559179948
133952	0.001425329986
133953	0.0002418503372
133954	0.001777168867
133955	0.0001646407991
133956	0.0002347775994
133957	0.00167998624
133958	0.001768058688
133959	0.0007547694568
133960	0.001871123276
133961	0.0003488699914
133962	0.001520019143
133963	0.0009564530746
133964	0.001464649961
133965	0.001882055933
133966	0.0008692672183
133967	0.002384197074
133968	0.002139077933
133969	0.0001299000842
133970	0.001982049671
133971	0.00374644089
133972	0.001433561136
133973	0.0001848786139
133974	0.0002520143434
133975	0.0001793939353
133976	0.002126238391
133977	0.0009625901236
133978	0.001503236997
133979	0.002226965272
133980	0.0004910449882
133981	0.0004883505856
133982	0.005931368667
133983	0.001446476945
133984	0.0007371459096
133985	0.001087082057
133986	0.0007756372641
133987	0.001602701136
133988	0.001153358427
133989	0.001062740219
133990	0.001195253418
133991	0.001375957777
133992	0.0004827620306
133993	0.00182115614
133994	0.001470998228
133995	0.0007269304636
133996	0.002112597737
133997	0.00161498732
133998	0.002397066098
133999	0.001196937977
134000	0.001395110868
134001	0.00491618594
134002	0.007610781074
134003	0.01762856383
134004	0.003830160227
134005	0.005293634558
134006	0.009437327846
134007	0.002137533162
134008	0.007115431631
134009	0.004247141789
134010	0.005512464831
134011	0.01232436711
134012	0.00164567904
134013	0.008834569695
134014	0.006113575132
134015	0.002793562967
134016	0.01473158094
134017	0.003047480978
134018	0.006296469586
134019	0.005684686147
134020	0.001291524624
134021	0.01205725799
134022	0.005567657582
134023	0.001683758571
134024	0.002047714379
134025	0.008638781693
134026	0.001182351648
134027	0.006417756493
134028	0.002257785915
134029	0.002273883993
134030	0.001210062833
134031	0.006892966508
134032	0.01298594727
134033	0.004954297812
134034	0.005725790081
134035	0.0007241668793
134036	0.01358337492
134037	0.001371209713
134038	0.01071161367
134039	0.004488278693
134040	0.005289100563
134041	0.00243482255
134042	0.005537803653
134043	0.006079808507
134044	0.000932506668
134045	0.001082453362
134046	0.001159933991
134047	0.001592703717
134048	0.00176825606
134049	0.0007268576798
134050	0.0006911363214
134051	0.0006066786617
134052	0.001609554443
134053	0.0004619293726
134054	0.001442527939
134055	0.001107060352
134056	8.32075131e-05
134057	0.001253958923
134058	0.0009030724182
134059	0.002671672885
134060	0.001173072635
134061	0.003424447133
134062	0.001187909761
134063	0.0001159854978
134064	0.001295238865
134065	0.0004222837165
134066	0.001567138891
134067	0.001213150128
134068	0.001720926057
134069	0.0009088341842
134070	0.001559158682
134071	0.001633856599
134072	0.001148797336
134073	0.002490123953
134074	0.001177932671
134075	0.0005390535219
134076	0.001387866827
134077	0.001098727464
134078	0.002144040818
134079	0.0009529682152
134080	0.001697286864
134081	0.001419121071
134082	0.0007858074854
134083	0.001892483962
134084	0.002024784516
134085	0.0005846725029
134086	0.002320287333
134087	0.001612631358
134088	0.001624137696
134089	0.0007258246771
134090	0.001791264766
134091	0.0005034473783
134092	0.001720961155
134093	0.001545034303
134094	0.00144048139
134095	0.0003008056524
134096	0.001029418046
134097	0.0003547114
134098	0.001133677872
134099	0.001687253374
134100	0.0006808231912
134101	4.613558459e-06
134102	0.001168908662
134103	0.0020631141
134104	0.002068095454
134105	0.001011946752
134106	0.002151408313
134107	0.002153471421
134108	0.0009217451141
134109	0.001295385592
134110	0.0008346072997
134111	0.001204999735
134112	0.001041909753
134113	0.001828585371
134114	0.001079082007
134115	0.001198948349
134116	0.001394769854
134117	0.0002840751861
134118	0.000287247692
134119	0.001779740563
134120	0.001935064106
134121	0.0006180834562
134122	0.001518538293
134123	0.001235504472
134124	0.0001268308035
134125	0.002319264089
134126	0.001563638258
134127	0.001299669822
134128	0.002266061061
134129	0.001137856682
134130	0.00196347861
134131	0.0007198726254
134132	0.001509341301
134133	0.001200134223
134134	0.001090232988
134135	0.0006960022945
134136	0.001605564597
134137	0.0003895395548
134138	0.001328337643
134139	0.0007340756488
134140	0.001749941681
134141	0.002688439029
134142	0.0009541959137
134143	0.0002785631571
134144	0.0009070372196
134145	0.001304304475
134146	0.001935671052
134147	0.00100258855
134148	0.0005225664104
134149	0.001078036194
134150	0.001034633546
134151	0.00167806017
134152	0.0002348265079
134153	0.001489209245
134154	0.002167726153
134155	0.001735676085
134156	0.001411902066
134157	0.001011643451
134158	0.0005122533487
134159	0.001630808805
134160	0.0009582692814
134161	0.0008212891574
134162	0.001259078001
134163	0.0002818787579
134164	0.002289745695
134165	0.001688538441
134166	0.000389023562
134167	0.0008519969148
134168	0.001637192975
134169	0.001122652773
134170	0.0008840286398
134171	0.001746797548
134172	0.002013776955
134173	0.001516191456
134174	0.001027364371
134175	0.001589154321
134176	0.001071373409
134177	0.001085765445
134178	0.001246905241
134179	0.001442486595
134180	0.0009119184769
134181	0.0002920894166
134182	0.001716193511
134183	0.0009052320899
134184	0.002837492965
134185	0.001011086228
134186	0.002038729282
134187	0.001477343233
134188	0.0001277357523
134189	0.0008931356648
134190	0.001335483337
134191	0.001240606696
134192	0.001135885425
134193	0.0003422156955
134194	0.001353914676
134195	0.001246480912
134196	0.001026791365
134197	0.0007782093413
134198	0.001061061887
134199	0.001936397875
134200	0.001605113125
134201	0.001179977311
134202	0.001564551406
134203	0.0002145935853
134204	0.001367416212
134205	0.001456120626
134206	0.0009890964118
134207	0.001463746528
134208	0.0005074327722
134209	0.001328030823
134210	0.001754324074
134211	0.001013226091
134212	0.001800453872
134213	0.001347406743
134214	0.0008716980114
134215	0.0006741710659
134216	0.0001967107674
134217	0.001849390802
134218	0.001286471331
134219	0.001501586978
134220	0.0006045016294
134221	0.001074459341
134222	0.001449432498
134223	0.0008836402506
134224	0.001100352614
134225	0.0006120070727
134226	0.001166930371
134227	0.0001273539776
134228	0.00220458942
134229	0.0009288628828
134230	0.00255933419
134231	0.001212111882
134232	0.001603110311
134233	0.001680154746
134234	0.001412669441
134235	0.0008660952815
134236	0.0008138972146
134237	0.001772963165
134238	0.001443484237
134239	0.0003221512636
134240	0.001340063821
134241	0.000706361137
134242	0.001166508632
134243	0.0009245055575
134244	0.0007629926008
134245	0.000633607526
134246	0.001350672871
134247	0.002219001007
134248	0.0007630112757
134249	0.00109372859
134250	0.0005723011953
134251	0.001327474552
134252	0.001425116942
134253	0.001599118176
134254	0.001702039203
134255	0.0005561490769
134256	0.0007396448886
134257	0.001504484669
134258	0.001024584257
134259	0.001073487747
134260	7.791733277e-05
134261	0.002441531406
134262	0.001772348481
134263	0.001953758864
134264	0.001628434807
134265	0.001161462514
134266	0.0005717926414
134267	0.0001056759374
134268	0.001295099476
134269	0.0005595810899
134270	0.001442635305
134271	0.001522953068
134272	0.005705594139
134273	0.006013075621
134274	0.003373823346
134275	0.002074277981
134276	0.006150013908
134277	0.001196509698
134278	0.00126360109
134279	0.008211356294
134280	0.009670198758
134281	0.008378780346
134282	0.005852032995
134283	0.007990632439
134284	0.01955864796
134285	0.00208580669
134286	0.008257984981
134287	0.01686434884
134288	0.002107675352
134289	0.003689164859
134290	0.005689012751
134291	0.0001918691019
134292	0.006700884437
134293	0.007887061953
134294	0.004503532983
134295	0.001384100882
134296	0.007023747829
134297	0.002165249754
134298	0.005561147809
134299	0.0002627102822
134300	0.007232445219
134301	0.001376805554
134302	0.01487937431
134303	0.009298933434
134304	0.0009223297152
134305	0.001523987713
134306	0.008686709672
134307	0.002951753363
134308	0.007372016566
134309	0.001786000578
134310	0.006873609282
134311	0.01412470129
134312	0.005307584259
134313	0.005987235591
134314	0.01256283193
134315	0.005985892162
134316	0.003611392292
134317	0.009794381718
134318	0.01297484235
134319	0.00978829425
134320	0.001469023548
134321	0.007897712928
134322	0.001818995689
134323	0.01366878314
134324	0.002628869273
134325	0.005168800032
134326	0.004321346015
134327	0.009148434453
134328	0.005166088733
134329	0.00650708496
134330	0.002201745174
134331	0.003627713434
134332	0.003670804997
134333	0.01088391713
134334	0.009937739435
134335	0.003994271872
134336	0.005519318123
134337	0.005759461728
134338	0.0122250297
134339	0.003827752991
134340	0.002066885177
134341	0.003154966436
134342	0.002865186452
134343	0.01177019751
134344	0.01809566952
134345	0.006078057432
134346	0.0001687483734
134347	0.003951818256
134348	0.01110485013
134349	0.00629471469
134350	0.001715890821
134351	0.0006308527421
134352	0.02015409798
134353	0.002894776924
134354	0.009719019381
134355	0.009723105587
134356	0.009031378442
134357	0.002669136819
134358	0.01873364861
134359	0.007311389112
134360	0.001297422316
134361	0.0005831030599
134362	0.005182551603
134363	0.01697064158
134364	0.0005659710159
134365	0.005826620379
134366	0.0001744039181
134367	0.005797635098
134368	0.0008144581723
134369	0.005202181297
134370	0.001884102814
134371	0.001430563384
134372	0.002753314265
134373	0.001574220172
134374	0.006189081487
134375	0.01416525478
134376	0.01002351905
134377	0.0004848352969
134378	0.006698554126
134379	0.009800500284
134380	0.01563928747
134381	0.008042438939
134382	0.003986022869
134383	0.002336570225
134384	0.006847665243
134385	0.02013378634
134386	0.003290792085
134387	0.003106356451
134388	0.0007171849214
134389	0.002700437134
134390	0.003649999561
134391	0.006584479419
134392	0.01306144157
134393	0.001784508081
134394	0.006885509777
134395	0.002574442955
134396	0.004476171097
134397	0.007343425241
134398	0.005877587371
134399	0.01025375955
134400	0.00101102037
134401	0.003382337407
134402	0.001115466761
134403	0.007633847144
134404	0.001952889515
134405	0.0003488008009
134406	0.002233893605
134407	0.0009891341705
134408	0.003764645069
134409	0.008969698091
134410	0.001611786814
134411	0.004792106169
134412	0.008066450703
134413	0.0004893132768
134414	0.001050986564
134415	0.0009916041828
134416	0.00261851094
134417	0.007707276703
134418	0.01719898488
134419	0.007254120645
134420	0.001684156007
134421	0.004790328355
134422	0.006597498853
134423	7.562154611e-05
134424	0.009868389114
134425	0.006400733974
134426	0.001675726367
134427	0.00989384533
134428	0.005430441522
134429	0.003564993067
134430	0.003641315061
134431	0.007768496395
134432	0.008687280598
134433	0.0002115885881
134434	0.004251236537
134435	0.01088958076
134436	0.005921887281
134437	0.001084575808
134438	0.003788418543
134439	0.0005554085121
134440	0.007375984097
134441	0.003809044434
134442	0.001817978752
134443	0.01138388117
134444	0.0004479176903
134445	0.0007432844274
134446	0.006909762394
134447	0.001790111828
134448	0.007407902321
134449	0.006513559944
134450	0.005943767876
134451	0.001441560613
134452	0.01009601083
134453	3.09892138e-05
134454	0.0004824634509
134455	0.002625948911
134456	0.008495429702
134457	0.002258666951
134458	0.001394675227
134459	0.001481231713
134460	0.007188042199
134461	1.540971618e-05
134462	0.006850835452
134463	0.002945284563
134464	0.0004854186304
134465	0.0004598833023
134466	0.001012417275
134467	0.001718906614
134468	0.002305566441
134469	0.006803656315
134470	0.00250505205
134471	0.00173219131
134472	0.001812776767
134473	0.003170984202
134474	0.0005874603845
134475	0.01171472968
134476	0.001002132678
134477	0.003874961145
134478	0.004467928179
134479	0.001976605628
134480	0.003799246434
134481	0.002112315302
134482	0.0004095853659
134483	0.004257823063
134484	0.002814263749
134485	0.00527690733
134486	0.002665068826
134487	0.004791934537
134488	9.64531975e-05
134489	0.009928071302
134490	0.00916345137
134491	0.004931689214
134492	0.003568080189
134493	0.002350121283
134494	0.003385059981
134495	0.004491114185
134496	0.007460622899
134497	0.00845681048
134498	0.002554942136
134499	0.0007451910156
134500	0.0008794921031
134501	0.004915404212
134502	0.01378047686
134503	0.003751293784
134504	0.01068592704
134505	0.0009495236557
134506	0.004007956337
134507	0.002084008939
134508	0.0002790795358
134509	0.008194829355
134510	0.001731523617
134511	0.002309401617
134512	0.01439252612
134513	0.0140837261
134514	0.0031316718
134515	0.003784058615
134516	0.00625650364
134517	0.007303829524
134518	0.00633763577
134519	0.007743716589
134520	0.01294662041
134521	8.785839269e-05
134522	0.007093102915
134523	0.006148852682
134524	0.001076759432
134525	0.0002087646303
134526	0.002484934693
134527	0.00748427973
134528	0.009261617247
134529	0.005412581127
134530	0.003128764087
134531	0.001144505345
134532	0.003901958968
134533	0.003922700574
134534	0.005154158213
134535	0.0009027478567
134536	0.0003052077984
134537	0.005748904293
134538	0.01997021931
134539	0.02165848599
134540	0.002893524671
134541	0.02154923746
134542	0.001803152737
134543	0.007217252583
134544	0.009165949485
134545	0.01121577861
134546	0.01158647136
134547	0.006682168549
134548	0.002875135308
134549	0.003998345793
134550	0.00517216726
134551	0.002261457839
134552	0.002741345945
134553	0.007780093884
134554	0.006659484483
134555	0.004346555168
134556	0.00299544027
134557	0.002377736362
134558	0.001775755435
134559	0.003301725887
134560	0.006823314507
134561	5.722058223e-05
134562	0.003971366813
134563	0.01118193364
134564	0.01445578573
134565	0.008037808102
134566	0.006503198762
134567	0.0004655211774
134568	0.0006970002431
134569	0.003683090721
134570	0.004120942253
134571	0.007794595404
134572	6.689931366e-05
134573	0.01186746969
134574	0.0003131332053
134575	0.0002461232706
134576	0.007547461967
134577	0.002749843672
134578	0.003867196863
134579	0.001333515804
134580	0.006547083317
134581	0.005283847756
134582	0.002085204943
134583	0.003311266146
134584	0.00133503268
134585	0.01638597332
134586	0.01226549989
134587	0.01362068419
134588	0.006467504499
134589	0.006550474837
134590	0.0003081849891
134591	0.005801175894
134592	0.01189899805
134593	0.003567652533
134594	0.001717528137
134595	0.002439789962
134596	0.007836904927
134597	0.002900380795
134598	0.002349679069
134599	0.001837757762
134600	0.01565376482
134601	0.007623406367
134602	0.003154154905
134603	0.01368312897
134604	0.001632619758
134605	0.005518535258
134606	0.009161695848
134607	0.006779798641
134608	0.004966827875
134609	0.002893478291
134610	0.003418557201
134611	0.006614866368
134612	0.0005940653214
134613	0.01623534927
134614	0.0001393162788
134615	0.00307909903
134616	0.005286233858
134617	0.003748890168
134618	0.01062179183
134619	0.003348958791
134620	0.001375202862
134621	0.0002896498853
134622	0.01155375961
134623	0.002937677009
134624	0.009580409303
134625	0.01062380015
134626	0.009082538282
134627	0.002584984263
134628	0.006551046816
134629	0.01639453744
134630	0.0028416132
134631	0.005405535029
134632	0.006455155341
134633	0.005422500415
134634	0.002143696338
134635	0.003458665914
134636	0.002317886442
134637	0.000582637142
134638	0.01310170529
134639	0.003835550344
134640	0.00264547348
134641	0.0066774141
134642	0.008509064192
134643	0.01567200708
134644	0.007774802109
134645	0.009591629771
134646	0.002198679145
134647	0.007845493999
134648	7.546033947e-08
134649	0.007822172273
134650	0.006813936406
134651	0.005440084069
134652	0.00446970664
134653	0.001393374765
134654	0.004406011746
134655	0.001857751999
134656	0.002664096904
134657	0.004931050702
134658	0.005749391872
134659	0.006538106117
134660	0.00213051523
134661	0.001842101177
134662	0.01042411292
134663	0.005391811169
134664	0.0003474232425
134665	0.004424470337
134666	0.005282578343
134667	0.0007920803873
134668	0.002865616885
134669	0.002311501769
134670	0.0004570730375
134671	0.002506543434
134672	0.006189427086
134673	0.004123383598
134674	0.01712505856
134675	0.001910282966
134676	0.006725610916
134677	0.002586540538
134678	0.002489963423
134679	0.005237362017
134680	0.002759609959
134681	0.002460421976
134682	0.008443812071
134683	0.006908040167
134684	0.004716827255
134685	0.005185270938
134686	0.01102174551
134687	0.00235387763
134688	0.01426385352
134689	0.000494018444
134690	0.0166431766
134691	0.008257228436
134692	0.0002674984479
134693	0.01164349769
134694	0.00303159676
134695	0.004082627687
134696	0.00330291755
134697	0.004268660425
134698	0.004081404316
134699	0.01265224401
134700	0.003527997015
134701	2.192433017e-05
134702	0.01089014831
134703	0.004148844586
134704	0.001715108928
134705	0.009380118524
134706	0.004274608413
134707	0.0009710014296
134708	0.01779522743
134709	0.0008478790362
134710	0.005040343801
134711	0.005550702317
134712	0.001377278136
134713	0.006987569868
134714	0.007394961719
134715	0.007142742797
134716	0.002630964236
134717	0.01006320328
134718	0.006036215753
134719	0.008266674798
134720	0.002860410596
134721	0.005007685575
134722	0.00922247285
134723	0.003419166383
134724	0.001984919348
134725	0.003078750027
134726	0.006351248954
134727	0.003539199395
134728	0.007874770785
134729	0.006207290646
134730	0.006882096536
134731	0.002550589341
134732	0.001760589051
134733	0.002508554486
134734	0.0002550443212
134735	0.01116419964
134736	0.008205766759
134737	0.001576871371
134738	0.001138602979
134739	0.009706451473
134740	0.01402316691
134741	0.004926695843
134742	0.003060043058
134743	0.003725949231
134744	0.002880052928
134745	0.003641203569
134746	0.005305572524
134747	0.0008460134029
134748	0.0009330415403
134749	0.004702934459
134750	0.003219806686
134751	0.01109342284
134752	0.000249068763
134753	0.001962786339
134754	0.00502590074
134755	0.001604364453
134756	0.002518915785
134757	0.0001814014514
134758	0.002215099647
134759	0.003718215499
134760	0.001612141195
134761	0.006592847239
134762	0.002307184326
134763	0.001041908517
134764	0.0002763833794
134765	0.00560287863
134766	0.002035147609
134767	0.005804215152
134768	0.001487680082
134769	0.002274816126
134770	0.001058576928
134771	0.001834192973
134772	0.002138771288
134773	0.001049688033
134774	0.0001408194229
134775	0.004021157917
134776	0.00337892738
134777	0.001601461367
134778	0.002073624965
134779	0.001515704959
134780	0.004536922311
134781	0.01783052726
134782	0.001200736795
134783	0.002088930199
134784	0.00180608308
134785	0.003385873906
134786	0.01095082465
134787	0.0021830241
134788	0.0008847158043
134789	0.003351611654
134790	0.02110680942
134791	0.001676468101
134792	0.01177771991
134793	0.003079765452
134794	0.00185778998
134795	0.007618980374
134796	0.006027181024
134797	0.009480529873
134798	0.0006144587804
134799	0.003630002211
134800	0.007068334733
134801	0.005318611043
134802	0.003394269674
134803	0.0008243809901
134804	0.002775961734
134805	0.003345178892
134806	0.006033980323
134807	0.01358277744
134808	0.007481847522
134809	0.001660099519
134810	0.008799470765
134811	0.006784166984
134812	0.004739945465
134813	0.0003817220211
134814	0.00145622601
134815	0.004776461625
134816	0.002098172987
134817	0.004378395723
134818	0.005015921642
134819	0.006468624432
134820	0.00204125523
134821	0.008341415519
134822	0.01073301432
134823	0.003603607265
134824	0.0004437306091
134825	0.0007429840372
134826	0.003596286934
134827	0.0008942893654
134828	0.001365770024
134829	0.002930950685
134830	0.01396773293
134831	0.006178636217
134832	0.00674704946
134833	0.0008778855919
134834	0.01334543321
134835	0.005078012004
134836	0.004848210281
134837	0.003375238444
134838	0.0008968916778
134839	0.01132935219
134840	0.007553471484
134841	0.005524604093
134842	0.000906537726
134843	0.01225271544
134844	0.002667934324
134845	0.006729317311
134846	0.006212779776
134847	0.004381521462
134848	0.003201414374
134849	0.01277121844
134850	0.006382422129
134851	0.007897532628
134852	0.001695201407
134853	0.006376474686
134854	0.01116959137
134855	0.00486965976
134856	0.001737976615
134857	0.006549158143
134858	0.004602595852
134859	0.01084417163
134860	0.006707848361
134861	0.004384300863
134862	0.008391631425
134863	0.007045273661
134864	0.006077819325
134865	0.005812788791
134866	0.002589840772
134867	0.004631015541
134868	0.004073949446
134869	0.009103996523
134870	0.003582075434
134871	0.00361822049
134872	0.005359172714
134873	0.00229235778
134874	0.00231631574
134875	0.007376191352
134876	0.005817266061
134877	0.003551904135
134878	0.004888293686
134879	0.007323322532
134880	0.01391486045
134881	0.006515532662
134882	0.01032110822
134883	0.004398968607
134884	0.002739155559
134885	0.00438342446
134886	0.004452227529
134887	0.008669002879
134888	0.003620904037
134889	0.003884113923
134890	0.002518242763
134891	0.004882731502
134892	0.005607960418
134893	0.01192772243
134894	0.005634763634
134895	0.01116290247
134896	0.006304827268
134897	0.02341880688
134898	0.0105472295
134899	0.001161536913
134900	0.005373613373
134901	0.002913504551
134902	0.01080389655
134903	0.01613449104
134904	0.002071596301
134905	0.003749612145
134906	0.003391222061
134907	0.01155011272
134908	0.006198382056
134909	0.006875581197
134910	0.003799303776
134911	0.003601702962
134912	0.01648439992
134913	0.001697054181
134914	0.001170612091
134915	0.000504139757
134916	0.009643705167
134917	0.00271436083
134918	0.0001849775454
134919	0.00251120466
134920	0.007329119971
134921	0.007312142741
134922	0.0003623913599
134923	0.004060819002
134924	0.004547175349
134925	0.0009190917493
134926	0.005602236793
134927	0.008376524891
134928	0.0007036968812
134929	0.007422731673
134930	0.001527166957
134931	0.00114811569
134932	0.001239415382
134933	0.0236817952
134934	0.009280320101
134935	0.001032678729
134936	0.00143859078
134937	0.01321371333
134938	0
134939	0.001010166358
134940	0.00588236646
134941	0.001631369949
134942	0.002376905292
134943	0.003940131621
134944	6.906187381e-05
134945	0.009912687032
134946	0.003528598876
134947	0.0007019529362
134948	0.004337204379
134949	0.006441256467
134950	0.0004168905923
134951	0.002925175857
134952	0.001100154485
134953	0.006738232604
134954	0.010478921
134955	0.00487210279
134956	0.005614292068
134957	0.005682308801
134958	0.001081893047
134959	0.0004171318065
134960	0.0009694680558
134961	0.001917620103
134962	0.004830811282
134963	0.002018286976
134964	0.001953870688
134965	0.004124782094
134966	0.004345820481
134967	0.002876839902
134968	0.01956791027
134969	0.004919635507
134970	0.0109924438
134971	0.007047684621
134972	0.0004635801853
134973	0.01346792372
134974	0.0003064322098
134975	0.01465086149
134976	0.009922891011
134977	0.006131059156
134978	0.0117494101
134979	0.0191062829
134980	0.004724145945
134981	0.00476996867
134982	0.001623139889
134983	0.005349803016
134984	0.006003328603
134985	0.001444831712
134986	0.002711377793
134987	0.000591903728
134988	0.001758011461
134989	0.006141851196
134990	0.008903852359
134991	0.005893054338
134992	0.002069393446
134993	0.001810042921
134994	8.254743844e-05
134995	0.000591671456
134996	0.005737811909
134997	0.001485315644
134998	0.009895984478
134999	0.003732696349
135000	0.003630451454
135001	0.005184960045
135002	0.004576184968
135003	0.004215442743
135004	0.0009129977925
135005	9.332940367e-07
135006	9.837858989e-05
135007	0.003503474893
135008	0.006761801366
135009	0.01150877272
135010	0.001491027456
135011	0.004258115776
135012	0.009902664965
135013	0.01198105185
135014	0.0004622477446
135015	0.0007031519133
135016	0.01181924659
135017	0.001796040858
135018	0.01628355181
135019	0.009042701674
135020	0.001671188677
135021	0.0006437388537
135022	0.002027298515
135023	0.004912326951
135024	0.006942948164
135025	0.004216007764
135026	0.001628523989
135027	0.009779834424
135028	0.01654313446
135029	0.004358153031
135030	0.004648315797
135031	0.002481994733
135032	0.0004048399308
135033	0.001110980051
135034	0.00310757809
135035	0.003521344262
135036	0.006924789394
135037	0.001996215095
135038	0.0002333301479
135039	0.002126020781
135040	0.001338304107
135041	0.01132696497
135042	0.003047836012
135043	0.005040083317
135044	0.0122480922
135045	0.006274997606
135046	0.004798030006
135047	0.002221137953
135048	0.0100293569
135049	0.01453198184
135050	0.0004597861986
135051	0.003168722278
135052	0.006982730253
135053	1.228018469e-08
135054	0.001250832721
135055	0.00667347758
135056	0.0003924693845
135057	0.01066591114
135058	0.002610081581
135059	0.00409306301
135060	0.003787799931
135061	0.002241980157
135062	0.003348611165
135063	0.005865220824
135064	0.00200342407
135065	0.005447513182
135066	0
135067	0.01248320545
135068	0.009963803116
135069	0.003516876555
135070	0.0007591444712
135071	0.007870509084
135072	0.003332117659
135073	0.001047819966
135074	0.0001314764193
135075	0.00334278989
135076	0.001949706565
135077	0.0004140376256
135078	0.007960690102
135079	0.003241968281
135080	0.002717397773
135081	0.006551720059
135082	0.0001216821892
135083	0.005059523015
135084	0.008196399826
135085	0.0007191066105
135086	0.00148158051
135087	0.001364045633
135088	0.01492140468
135089	0.003304183007
135090	0.00315309498
135091	0.004700100866
135092	0.005779229658
135093	0.00836682446
135094	0.0006413072955
135095	0.0101976413
135096	0.001540052988
135097	0.002863635615
135098	0.0006708022162
135099	0.0004448388107
135100	0.001922480418
135101	0.006334661135
135102	0.0004512182582
135103	0.005345089187
135104	0.006718135097
135105	0.007861392812
135106	0.001348004123
135107	0.004360575255
135108	0.01362808449
135109	0.009657461216
135110	0.003530374977
135111	0.00792047677
135112	0.003337275101
135113	0.00874790406
135114	0.0006906839998
135115	0.01901420669
135116	0.0003171276708
135117	0.0058640429
135118	0.001093556524
135119	0.004649734685
135120	0.003720339892
135121	0.0004833271741
135122	0.007058890395
135123	0.006683250557
135124	0.005991408572
135125	0.0001463686079
135126	0.000462109772
135127	0.01259852293
135128	0.005329534134
135129	0.007311156263
135130	0.002302724444
135131	0.009510302853
135132	0.003481703892
135133	0.001750283774
135134	0.00544128657
135135	0.002841270695
135136	0.001043221788
135137	0.001918064503
135138	0.001305980964
135139	0.0002160483421
135140	0.01050261106
135141	0.005817245801
135142	0.008480312152
135143	0.002800632629
135144	0.002057273784
135145	0.003516953618
135146	0.001630549076
135147	0.001929598638
135148	0.01598922919
135149	0.007729611363
135150	0.005514823287
135151	0.0007735456216
135152	0.006316864765
135153	0.008427372214
135154	0.01210174506
135155	0.00346797356
135156	0.004725647864
135157	0.001069069011
135158	6.065970462e-05
135159	0.003345065943
135160	0.01117193302
135161	0.002306199488
135162	0.002698264404
135163	0.0007778014645
135164	0.003863198176
135165	0.003765508461
135166	0.008060981566
135167	0.002962144737
135168	0.002491030447
135169	0.01983431862
135170	0.005086475824
135171	0.001402841866
135172	0.0008938276844
135173	0.008162707921
135174	0.002267758519
135175	0.0001769785072
135176	0.001317230072
135177	0.006569991698
135178	0.002289966539
135179	0.0009791595482
135180	0.01227838126
135181	0.001247944004
135182	0.006731251585
135183	0.01684570243
135184	0.008869636914
135185	0.002577426216
135186	0.0007492291059
135187	0.005722475772
135188	0.0009374855583
135189	0.008858769873
135190	0.005915589682
135191	0.006030691586
135192	0.01705271868
135193	0.001216049241
135194	0.00901022702
135195	0.003993492304
135196	0.007546050264
135197	0.01974885167
135198	0.005027102595
135199	0.00296847495
135200	0.00369311761
135201	0.01116442655
135202	0.017772988
135203	0.008754977254
135204	0.01221761576
135205	0.001615762233
135206	0.0107423052
135207	0.001894935061
135208	0.0005560278503
135209	0.005929836701
135210	0.007088723835
135211	0.005856377868
135212	0.001705646243
135213	0.006351245677
135214	0.01633158716
135215	0.007774304928
135216	0.001278416548
135217	0.002138966087
135218	0.01806827755
135219	0.002003373831
135220	0.00601219065
135221	0.0140736234
135222	0.006665856108
135223	0.01066826252
135224	0.003653912888
135225	0.0007901295858
135226	0.007324775308
135227	0.007626865016
135228	0.01332130895
135229	0.001832372438
135230	0.00452342046
135231	0.01039887381
135232	0.009086760128
135233	0.0011127032
135234	0.002377455608
135235	0.01343970575
135236	0.01168891592
135237	0.003447095581
135238	0.00654593824
135239	0.001429564686
135240	0.003480431528
135241	0.01596529269
135242	0.007555011395
135243	0.002103750693
135244	0.009638503068
135245	0.0100325354
135246	0.01053058507
135247	0.0009212002172
135248	0.005061232254
135249	0.001075358293
135250	0.00767444321
135251	0.004828682648
135252	0.01491473678
135253	0.007653972704
135254	0.00699472877
135255	0.007494889086
135256	0.001388611108
135257	0.009618128733
135258	0.001961548544
135259	0.002441067887
135260	0.002113673221
135261	0.006540595645
135262	0.0002033179615
135263	0.004543023272
135264	0.01591927828
135265	0.001222478739
135266	0.006717930765
135267	0.00644898602
135268	0.0004638198254
135269	0.0110249885
135270	0.002126996978
135271	0.001339729928
135272	0.003934538796
135273	0.01453579465
135274	0.0001187262909
135275	0.003839055207
135276	0.006069022293
135277	0.008241455175
135278	0.001782136836
135279	0.005308853655
135280	0.005387584797
135281	0.001391424724
135282	0.005994133582
135283	0.007084970578
135284	0.0009187504737
135285	0.003531627799
135286	0.001595283218
135287	0.007687707043
135288	0.002537642823
135289	0.00248820627
135290	0.002126898846
135291	0.0150742947
135292	0.0185074742
135293	0.001276092652
135294	0.001531976287
135295	0.007145496541
135296	0.003085654254
135297	0.001777685007
135298	0.004064442871
135299	0.006535382672
135300	0.00240748999
135301	0.0008285315277
135302	0.007531702757
135303	0.002124562654
135304	0.0009408492604
135305	0.00186336437
135306	0.005765265119
135307	0.000852343597
135308	0.001032801122
135309	0.00036682519
135310	0.002076206618
135311	0.0003489708876
135312	0.001945202588
135313	0.01575007713
135314	0.0008720397702
135315	0.002248973427
135316	0.005961773427
135317	0.003147364745
135318	0.01144886283
135319	0.002253631113
135320	0.005719486121
135321	0.003791121992
135322	0.014121702
135323	0.004016602228
135324	0.008895306126
135325	0.0007866311316
135326	3.557986519e-05
135327	0.001714211448
135328	0.001849530726
135329	0.001111818262
135330	0.005555034065
135331	0.00474742438
135332	0.005435885503
135333	0.002381835563
135334	0.002240845255
135335	0.002896740466
135336	0.0004039941603
135337	0.001511747898
135338	0.0005767625601
135339	0.0007061026322
135340	0.009822071314
135341	0.007231147347
135342	0.0007931726941
135343	0.008089149643
135344	0.005834186309
135345	0.004140086823
135346	0.002112473288
135347	0.0008636733387
135348	0.004204258034
135349	0.008729536704
135350	0.0003227558207
135351	0.002873701099
135352	0.004473572387
135353	0.001669022877
135354	0.01152924337
135355	0.002075913063
135356	0.002321018725
135357	0.002164891255
135358	0.001379347208
135359	0.0004986600569
135360	0.0005959029698
135361	0.0004113377569
135362	0.0007443746628
135363	0.0008888908918
135364	0.002266508954
135365	0.003062854003
135366	0.00759840164
135367	0.0007895157893
135368	0.006470841756
135369	0.0003175264017
135370	0.002416691677
135371	0.01276680466
135372	0.001769542407
135373	0.007958750458
135374	0.004916741993
135375	0.002428396676
135376	0.0004874279026
135377	0.004176109495
135378	0.004400620816
135379	0.002018599032
135380	0.002967644501
135381	0.007734375305
135382	0.01807328386
135383	0.01204925535
135384	0.007596310168
135385	0.008461750445
135386	0.003955556148
135387	0.006414216328
135388	0.001464199643
135389	0.0005999782651
135390	0.007831147534
135391	0.003958815188
135392	0.003885379211
135393	0.002277789959
135394	0.002519045437
135395	0.01624784913
135396	0.006046371875
135397	0.01064551642
135398	0.007579964912
135399	0.00166792651
135400	0.002005068075
135401	0.0004790824952
135402	0.001723298843
135403	0.01048864547
135404	0.004496432754
135405	0.001884494974
135406	0.0009590213345
135407	0.0004115643121
135408	0.007832345271
135409	0.003638944522
135410	0.0006729008466
135411	0.001299542216
135412	0.002530695093
135413	0.00265425704
135414	0.001823115732
135415	0.01088233713
135416	0.01103791088
135417	0.002581777768
135418	0.01592747293
135419	0.01080766091
135420	0.007376160123
135421	0.005817067125
135422	0.004497386204
135423	0.01471855635
135424	0.003007203628
135425	0.0001088447653
135426	0.003997847295
135427	0.004198851437
135428	0.004264513698
135429	0.00683045472
135430	0.0207949643
135431	0.0001481410715
135432	0.0009074464922
135433	0.00476401045
135434	0.001004621663
135435	0.008004859084
135436	0.002472002469
135437	0.0034439984
135438	0.01143323741
135439	0.006839405318
135440	0.006924818706
135441	0.001976954277
135442	0.004339187903
135443	0.002414088792
135444	0.001081935461
135445	1.801310118e-05
135446	0.0009118266058
135447	0.004089561875
135448	0.002320303781
135449	0.005039103968
135450	0.01697058229
135451	0.003444945108
135452	0.01236604465
135453	0.002626459833
135454	0.005871251046
135455	0.004241982973
135456	0.004081643901
135457	0.005871673544
135458	0.002837811345
135459	0.002857930567
135460	0.0009630224762
135461	0.001070532964
135462	0.003902986348
135463	0.003172736198
135464	0.0002575913153
135465	0.005706415058
135466	0.007920211179
135467	0.0110388688
135468	0.007292931234
135469	0.001469129382
135470	0.005213883466
135471	0.001268672387
135472	0.005063198356
135473	0.01525071794
135474	0.002835049302
135475	0.005086263485
135476	0.005233087213
135477	0.004791059031
135478	0.01103665393
135479	0.02160708745
135480	0.0009937027678
135481	0.008332256687
135482	0.0002915666094
135483	0.006038527555
135484	0.006830185028
135485	0.001115539267
135486	0.009296045127
135487	0.003191262886
135488	0.00407385803
135489	0.007082338788
135490	0.005930952713
135491	0.0005264273829
135492	0.004167515776
135493	0.005338333852
135494	0.00372952463
135495	0.002241452295
135496	0.0007526790799
135497	0.006555632741
135498	0.007766177481
135499	0.004650203663
135500	0.004817376128
135501	0.006806212027
135502	0.00157375355
135503	0.006270618965
135504	0.01425052029
135505	0.001864312345
135506	0.01638431201
135507	0.0002767523639
135508	0.001550317648
135509	0.00493924427
135510	0.001752490038
135511	0.005440199937
135512	0.00272342819
135513	0.002091085704
135514	0.003409018079
135515	0.002849024923
135516	0.004553697938
135517	0.002003599427
135518	0.007357234487
135519	0.001473041977
135520	0.003928835357
135521	0.0005750998101
135522	0.01078819804
135523	0.008692677203
135524	0.006755031575
135525	0.004624317953
135526	0.003023429879
135527	0.003722733117
135528	0.02002025064
135529	0.00153246975
135530	0.002230329212
135531	0.001123619383
135532	0.00591193244
135533	0.005729436109
135534	0.0006666199954
135535	0.004553433783
135536	0.001445658373
135537	0.00303624171
135538	0.008963818738
135539	0.0009252248456
135540	0.004998536882
135541	0.005068229139
135542	0.005323338681
135543	0.001398041251
135544	0.008132483699
135545	0.009178993969
135546	0.003352785662
135547	0.008891415582
135548	0.006285485827
135549	0.000784130725
135550	0.0004563350313
135551	0.0001463427705
135552	0.001673448416
135553	0.005820021303
135554	0.008341252493
135555	0.02237379905
135556	0.0007601548645
135557	0.003607618537
135558	0.001599226172
135559	0.0009377922843
135560	0.006133937693
135561	0.01261149311
135562	0.005527295753
135563	0.002474031309
135564	0.003702321755
135565	0.001401607696
135566	0.002757537591
135567	0.008075855274
135568	0.003830141269
135569	0.006565291734
135570	0.0001999417459
135571	0.006630054609
135572	0.004641804343
135573	0.01768134282
135574	0.00167872686
135575	0.0006675393952
135576	0.005864055776
135577	0.004595913632
135578	0.001399083792
135579	0.006347881555
135580	0.009268636298
135581	0.0115923702
135582	0.008050944573
135583	0.000719847873
135584	0.007352779896
135585	0.004293660476
135586	0.003085888679
135587	0.001258837474
135588	0.002585646286
135589	0.004232641141
135590	0.003040636551
135591	0.003046759552
135592	0.001408533201
135593	0.006482118838
135594	0.005671916402
135595	0.007063085233
135596	0.002888401852
135597	0.005175842503
135598	0.001225091812
135599	0.007200749007
135600	0.0003641699702
135601	0.003443909884
135602	0.003236584491
135603	0.00146804362
135604	0.003447237291
135605	0.000714588406
135606	0.01466584319
135607	0.00146804362
135608	0.00146804362
135609	0.002464547907
135610	0.007298700574
135611	0.0007106831471
135612	0.007668624342
135613	0.01396043944
135614	0.003386736208
135615	0.005704228718
135616	0.01461119632
135617	0.005239275182
135618	0.005919334975
135619	0.005759893956
135620	0.002178005873
135621	0.0004168719846
135622	0.007661472242
135623	0.006168249542
135624	0.008478766013
135625	0.003769777053
135626	0.003487272025
135627	0.007746274122
135628	0.008243606544
135629	0.009768846845
135630	0.00383457659
135631	0.006594964711
135632	0.003131321229
135633	0.001684350657
135634	0.007151588906
135635	0.002508684884
135636	0.0008641587493
135637	0.005506964471
135638	0.000798862773
135639	0.002314676931
135640	0.01101085795
135641	0.006384218342
135642	0.006935403429
135643	0.001250554415
135644	0
135645	0.01420118881
135646	0.02291037489
135647	0.002214754809
135648	0.004606223988
135649	0.009428266898
135650	0.008248436624
135651	0.009169558149
135652	0.01381912274
135653	0.0008483587856
135654	0.005138940534
135655	0.005786516097
135656	0.006678328061
135657	0.002059103494
135658	0.001613387082
135659	0.009241797687
135660	0.005280151758
135661	0.006597460857
135662	0.002257890733
135663	0.005447441801
135664	0.00716423907
135665	0.0001462883159
135666	0.001623674324
135667	0.003350774467
135668	0.005793818884
135669	0.002348008984
135670	0.008273144759
135671	0.0006313024608
135672	0.005325613394
135673	0.003695711193
135674	9.437242032e-05
135675	0.005915220301
135676	0.01112145993
135677	0.003508781157
135678	0.001798800342
135679	0.006089878066
135680	0.004153222966
135681	0.01009641658
135682	0.008316738215
135683	0.001953265659
135684	0.008204080226
135685	0.0112209176
135686	0.0003276447524
135687	0.01722775955
135688	0.01039611607
135689	0.01262840597
135690	0.001409748869
135691	0.00370067227
135692	0.006120357762
135693	0.005758154303
135694	0.007428944792
135695	0.004400730376
135696	0.0009003100505
135697	0.009696845888
135698	0.0009957859527
135699	0.0007445041487
135700	0.003233790531
135701	0.004998827679
135702	0.003653529981
135703	0.008496877193
135704	0.01005052409
135705	0.00722686369
135706	8.552117877e-05
135707	0.002363041208
135708	0.0006031010567
135709	0.003125274228
135710	0.00201272284
135711	0.0004921601571
135712	0.003658778042
135713	0.001963128627
135714	0.003356603914
135715	0.0002983853247
135716	0.002435107297
135717	0.003297813337
135718	0.002831157187
135719	0.00170699391
135720	0.001693808201
135721	0.004316110134
135722	0.001311049029
135723	0.0002431502246
135724	0.007593763061
135725	0.005085700462
135726	0.0005472047054
135727	0.01359381523
135728	0.001133719828
135729	0.002177864888
135730	0.001207994204
135731	0.003398609743
135732	2.66296841e-05
135733	0.009187860196
135734	0.00374861588
135735	0.0001773101631
135736	0.02084636476
135737	0.002340612018
135738	0.004551383644
135739	0.002050109648
135740	0.0007664716514
135741	0.0005269629321
135742	0.0006983330802
135743	0.000752217269
135744	0.001526352438
135745	0.001559252405
135746	0.003748111115
135747	0.0006738115039
135748	0.002818512088
135749	0.002600538227
135750	0.003467355935
135751	0.01316240948
135752	0.001919438473
135753	0.00283400293
135754	0.01119269916
135755	0.01335541336
135756	0.003268487562
135757	3.421651263e-05
135758	0.00199266745
135759	0.002750933746
135760	0.002585663893
135761	0.0102275202
135762	0.007499952881
135763	0.002202078108
135764	0.002773073627
135765	0.001891523361
135766	0.008709571118
135767	0.008285939135
135768	0.01002467467
135769	0.003779785295
135770	0.01042961885
135771	0.002734457312
135772	0.0002629868569
135773	0.01207354556
135774	0.003275669169
135775	0.001872363634
135776	0.003077065544
135777	0.002100305433
135778	0.0008194784476
135779	0.003763600802
135780	0.00106963184
135781	3.387492413e-05
135782	0.002731939794
135783	0.003244565454
135784	0.001518098224
135785	0.001867190834
135786	0.002988452606
135787	0.002507405913
135788	0.007220833864
135789	0.003226796837
135790	0.003029562614
135791	0.00478896942
135792	0.002671787765
135793	0.003628878921
135794	0.001006032737
135795	0.001695468062
135796	0.0054372919
135797	0.001390723542
135798	0.00701296511
135799	0.002044749051
135800	0.004407122518
135801	0.003653257747
135802	0.003202564809
135803	0.0006297603565
135804	0.003001922976
135805	0.001173473459
135806	0.002202932311
135807	0.005265451051
135808	0.00216872481
135809	0.00321728054
135810	0.004211779959
135811	0.002514211546
135812	0.001142990106
135813	0.002515843536
135814	4.132671303e-05
135815	0.002355264495
135816	0.002624808758
135817	0.0007866670005
135818	0.006367293464
135819	0.004698794515
135820	0.003585627375
135821	0.0003511824713
135822	0.002006295475
135823	0.001955311078
135824	0.002836531495
135825	0.001382545155
135826	0.001506821484
135827	0.003567595688
135828	0.005379358477
135829	0.001732179771
135830	0.0009412631941
135831	0.003464757626
135832	0.00172692351
135833	0.01104540708
135834	0.006260540112
135835	0.0007979590024
135836	0.004668287597
135837	0.00454471538
135838	0.006558964799
135839	0.001995849927
135840	0.0004667142515
135841	0.003279825517
135842	0.003092288657
135843	0.0007911828571
135844	0.004302089285
135845	0.0007759739917
135846	0.003854121128
135847	0.001261195321
135848	0.002248481042
135849	3.105269057e-05
135850	0.0001807865684
135851	0.001841192176
135852	0.001836630757
135853	0.006852260841
135854	0.000232589745
135855	0.005520885914
135856	0.001222085716
135857	0.0007744068811
135858	0.001397030365
135859	0.003749256638
135860	0.0001601626809
135861	0.002195659002
135862	0.0009070172831
135863	0.002622923789
135864	0.0001619268554
135865	0.002088091017
135866	7.161040522e-06
135867	0.001698254782
135868	0.0004727443251
135869	0.00825904262
135870	0.002379716177
135871	0.0009361181533
135872	0.003033130267
135873	0.0005640636657
135874	0.00422606313
135875	0.005225898699
135876	0.0004742975688
135877	0.004831599295
135878	0.004378604013
135879	0.004952925378
135880	0.0004494090614
135881	0.003120700131
135882	0.001063652993
135883	0.006674324779
135884	0.0007682224168
135885	0.005007900735
135886	0.01070598869
135887	0.001382672802
135888	0.007860849457
135889	0.001878435712
135890	0.001833236002
135891	0.004952216311
135892	0.005742448679
135893	0.0004614634007
135894	0.004534513707
135895	0.002469491434
135896	0.002334837188
135897	0.002633125523
135898	0.003609141128
135899	0.002420788658
135900	0.001569445102
135901	0.005411339099
135902	0.002330617438
135903	0.002717776188
135904	6.50099043e-06
135905	0.000158823428
135906	0.001214739233
135907	0.001735684236
135908	0.006672074158
135909	0.0003831254237
135910	0.002310814689
135911	0.001792567834
135912	9.468971668e-06
135913	0.001148547077
135914	0.003054777581
135915	0.002958208289
135916	0.001713201303
135917	0.004869023432
135918	0.001098560235
135919	0.0003160430452
135920	0.0192701229
135921	0.007638736411
135922	0.005182254384
135923	0.0006710514299
135924	0.005357982596
135925	0.00805136495
135926	0.002966453704
135927	0.005056488991
135928	0.01247434147
135929	0.006481623309
135930	0.0155663411
135931	0.003821704637
135932	0.007483107086
135933	0.004318017585
135934	0.006211391938
135935	0.01022943437
135936	0.001305697567
135937	0.0008495198491
135938	0.01496623752
135939	0.007839129843
135940	0.002944103156
135941	0.02416482816
135942	0.004986391632
135943	0.006906214571
135944	0.009647061666
135945	0.003755723749
135946	0.001137239763
135947	0.0005682921185
135948	0.0002238885455
135949	0.0007607504478
135950	0.007692360097
135951	0.007536186335
135952	0.007803907491
135953	0.006250415496
135954	0.003885721572
135955	0.002254525534
135956	0.00708189783
135957	0.005190325017
135958	0.006051960903
135959	0.001708332555
135960	0.005841880207
135961	0.002163847131
135962	0.00427425694
135963	0.004808772645
135964	0.001707595755
135965	0.003536697717
135966	0.009088810172
135967	0.001791025274
135968	0.007463164865
135969	0.001175095834
135970	0.01413338393
135971	8.232420121e-05
135972	0.006840991006
135973	0.01064375542
135974	0.003304432114
135975	0.002351142735
135976	0.01515235834
135977	0.001434980109
135978	0.003331779521
135979	0.004605411024
135980	0.003691268731
135981	0.001075929363
135982	0.002094344005
135983	0.001128674756
135984	0.0004610497312
135985	0.00598684638
135986	0.004361246536
135987	0.004399746417
135988	0.0008827210579
135989	0.0001712452475
135990	0.005547741199
135991	0.006189386676
135992	0.001826951115
135993	0.0002189294181
135994	0.004971831809
135995	0.003419708672
135996	0.008736301388
135997	0.0003974249105
135998	0.0004933162775
135999	0.003019865548
136000	0.0002583990059
136001	8.193367108e-06
136002	0.0009742938116
136003	0.01166936656
136004	0.0002418556371
136005	0.008980616998
136006	0.0007858735827
136007	0.001734405656
136008	0.009300821634
136009	0.009914732824
136010	0.005574548678
136011	0.007684618183
136012	0.01207921261
136013	0.004053522531
136014	0.00234851081
136015	0.004853650272
136016	0.001020249464
136017	0.000474962546
136018	0.0002318251007
136019	0.01059452664
136020	0.002143020771
136021	0.006826448612
136022	0.002410845223
136023	0.001872746308
136024	3.567242609e-05
136025	0.0121028011
136026	0.003360616301
136027	0.0006574068509
136028	0.0008127264831
136029	0.003273604676
136030	0.0005958885957
136031	0.0008078651366
136032	0.0005659904555
136033	0.001145068418
136034	0.0004097163627
136035	0.0009276495686
136036	0.0008403611856
136037	0.0006284752826
136038	0.0003972416291
136039	0.000329924704
136040	0.001236895705
136041	0.001695767039
136042	0.002941445185
136043	0.0007501982854
136044	0.001710262965
136045	0.001112834613
136046	0.0004222601866
136047	0.0003204605548
136048	0.0005496908092
136049	0.0006096384522
136050	0.0006685908882
136051	0.000377670146
136052	0.001293708483
136053	0.006951879244
136054	0.005206305187
136055	0.005586869295
136056	0.003942381129
136057	0.005391092712
136058	0.008912327203
136059	0.005900371478
136060	0.004411004041
136061	0.005000359951
136062	0.005126233336
136063	0.006520577103
136064	0.0009983066649
136065	0.0007603496512
136066	0.001144901606
136067	0.001516617277
136068	0.0003778377301
136069	0.006178696585
136070	0.003281884763
136071	0.006048741601
136072	0.005183914417
136073	0.003313300546
136074	0.003656354458
136075	0.0001005646666
136076	0.008520395149
136077	0.001482876346
136078	0.001116204184
136079	0.001363867147
136080	0.005988298701
136081	0.006272431772
136082	0.00437384649
136083	0.004896626292
136084	0.004540254443
136085	0.003728583231
136086	0.004452930554
136087	0.004441272582
136088	0.004425891271
136089	0.003154702657
136090	0.003734862615
136091	0.003646904019
136092	0.004634865101
136093	0.00515820533
136094	0.003309641353
136095	0.004073195475
136096	0.003647182319
136097	0.004299794269
136098	0.002935962156
136099	0.004169790971
136100	0.002905627924
136101	0.003366218096
136102	0.004547953369
136103	0.003866497428
136104	0.003930665528
136105	0.004860562711
136106	0.003716408328
136107	0.01052758749
136108	0.003756264138
136109	0.003894749912
136110	0.003055238594
136111	0.004532435646
136112	0.004361887439
136113	0.004207110797
136114	0.003449803863
136115	0.002760617137
136116	0.004456940058
136117	0.003108444504
136118	0.003745750265
136119	0.004313442453
136120	0.003085592024
136121	0.003611013316
136122	0.004192681902
136123	0.004230567883
136124	0.003614623209
136125	0.0009466111961
136126	0.00388440627
136127	0.00352944997
136128	0.003393340915
136129	0.004586903773
136130	0.003650965577
136131	0.001952076012
136132	0.007811565294
136133	0.00202196577
136134	0.004135508117
136135	0.004505642997
136136	0.003191432685
136137	0.002589825653
136138	0.003800170955
136139	0.002988654562
136140	0.002328408614
136141	0.004433402125
136142	0.004162393817
136143	0.003357818182
136144	0.002455484214
136145	0.002712402083
136146	0.003593333231
136147	0.003809534233
136148	0.004273342503
136149	0.003917840763
136150	0.002537622738
136151	0.004059516669
136152	0.002947414391
136153	0.003139723973
136154	0.003693788493
136155	0.003672028151
136156	0.004061800971
136157	0.004053833215
136158	0.003884731671
136159	0.0039373054
136160	0.004398801808
136161	0.004629572904
136162	0.004212350031
136163	0.004211532201
136164	0.003613182709
136165	0.003838213375
136166	0.002946231805
136167	0.00478388233
136168	0.004205168558
136169	0.003896686601
136170	0.00155572699
136171	0.002237963565
136172	0.008129275889
136173	0.0009287273775
136174	0.002368521093
136175	0.003540675223
136176	0.004929700783
136177	0.001500899787
136178	0.002622859232
136179	3.379536237e-05
136180	0.001340981739
136181	0.0007779795728
136182	0.003888882905
136183	0.002433057871
136184	0.001380180671
136185	0.001210493209
136186	0.001904530781
136187	0.002520631871
136188	0.00346773902
136189	0.001428516837
136190	0.001414105691
136191	0.002045442193
136192	0.001565939141
136193	0.001416040818
136194	0.005646629668
136195	0.0001767373001
136196	0.0006772428766
136197	0.0005461435679
136198	0.001984722211
136199	0.001292142859
136200	0.0009118821278
136201	0.001870541562
136202	0.0008848643081
136203	0.001804234337
136204	0.001837471353
136205	0.0001731641893
136206	0.001824992193
136207	0.001910382235
136208	0.001496207478
136209	0.0026350319
136210	0.00154316103
136211	0.001972244494
136212	0.0001963441011
136213	0.002173532291
136214	0.002295660248
136215	0.002167607041
136216	0.002055704661
136217	0.002185772828
136218	0.003320103056
136219	0.0002855816418
136220	0.0004057384938
136221	0.002794252009
136222	0.0002251282221
136223	0.002155103447
136224	0.001997374524
136225	0.001799841147
136226	0.001970793156
136227	0.001377969143
136228	0.002799137752
136229	0.005997882355
136230	0.005837475659
136231	0.001759016663
136232	0.002921454839
136233	0.0001431968515
136234	0.001503394742
136235	0.002447001751
136236	0.007107225685
136237	0.0004792174809
136238	0.006490446066
136239	0.001778963783
136240	0.0002802257808
136241	0.004433674283
136242	0.005979023995
136243	0.003202487193
136244	0.008646845222
136245	0.004018915503
136246	0.002063525641
136247	0.001742922382
136248	0.003787136834
136249	0.001923064808
136250	0.0008025147365
136251	0.00112528418
136252	0.001392392073
136253	0.003553174632
136254	0.00302533126
136255	0.002986682677
136256	0.003090698688
136257	0.004621207302
136258	0.004096084107
136259	0.003004954771
136260	0.003244931896
136261	0.005079269131
136262	0.004073966079
136263	0.00335703204
136264	0.003850113729
136265	0.004520993591
136266	0.003127816704
136267	0.002877820024
136268	0.005120112005
136269	0.003296179179
136270	0.003606227763
136271	0.004650056878
136272	0.003394437661
136273	0.004625082421
136274	0.003399957474
136275	0.003798146296
136276	0.002808821889
136277	0.003821421084
136278	0.004374242169
136279	0.003145016875
136280	0.005412075075
136281	0.003672485658
136282	0.005623403944
136283	0.0008105175406
136284	0.00323507694
136285	0.0017651867
136286	0.00305226442
136287	0.002746193496
136288	0.002160127302
136289	0.00775366079
136290	0.009947192661
136291	0.002328538097
136292	0.0009266627344
136293	0.008738245081
136294	0.005777866904
136295	0.0002015330003
136296	0.003439173991
136297	0.001300027711
136298	0.0007443148044
136299	0.003736286068
136300	0.00383210083
136301	0.008378922962
136302	0.004993828824
136303	0.00265668021
136304	0.0103105613
136305	0.005290962536
136306	0.000589981662
136307	0.006227863703
136308	0.00425195757
136309	0.003516211776
136310	0.008525745887
136311	0.0003150039369
136312	0.01157559147
136313	0.0004178619566
136314	0.004919219514
136315	0.0008795210336
136316	0.006949545794
136317	0.0004839072267
136318	8.764124041e-05
136319	0.0001168465285
136320	0.007015646454
136321	0.002504293372
136322	0.008143926922
136323	0.01273845599
136324	0.00895431056
136325	0.002903843074
136326	0.004693272542
136327	0.001045610287
136328	0.01227950095
136329	0.003068963515
136330	0.004835591759
136331	0.01095427488
136332	0.006328143245
136333	0.009747901521
136334	0.01302180377
136335	0.0027105125
136336	0.002513276414
136337	0.01274828178
136338	0.01865962919
136339	0.0002709782068
136340	0.0159293725
136341	0.0008452324067
136342	0.000896591507
136343	0.001518304014
136344	4.336343475e-05
136345	0.007450543321
136346	0.001597519657
136347	0.001985156555
136348	0.005121360125
136349	0.004104452555
136350	0.005482391506
136351	0.004348374728
136352	0.001210493287
136353	0.003326850972
136354	0.0006069996112
136355	0.001755169625
136356	0.02414187797
136357	0.01067262886
136358	0.01416361672
136359	0.00181109605
136360	0.005527952024
136361	0.001598726824
136362	0.007270239433
136363	0.0001312459403
136364	0.007058868026
136365	0.006737154599
136366	0.01392929888
136367	0.0001000912645
136368	0.004111786151
136369	0.005372651328
136370	0.01017151583
136371	0.008722755164
136372	0.004605814255
136373	0.002557537792
136374	0.001228897386
136375	0.001092225111
136376	0.0005369794876
136377	0.003294967693
136378	0.001089361953
136379	0.001447373311
136380	0.0008248412815
136381	0.0009178150731
136382	9.849235795e-05
136383	0.001074952447
136384	0.001760010963
136385	0.00142879596
136386	0.003067152019
136387	0.001178281432
136388	0.002953102364
136389	0.003143602888
136390	0.001558105276
136391	0.000475534922
136392	0.00139780131
136393	0.007080918552
136394	0.003574868679
136395	8.730604881e-06
136396	0.001632843179
136397	0.004970442238
136398	1.388251808e-05
136399	0.0006330418721
136400	0.01154863037
136401	0.007249586308
136402	0.001065269144
136403	0.002286857157
136404	0.0002772922567
136405	0.004387527694
136406	0.002816567421
136407	0.002865142895
136408	0.002511330033
136409	0.0003687649243
136410	0.007335626797
136411	0.003920645541
136412	0.0125152295
136413	0.008251939952
136414	0.008657171081
136415	0.01833553357
136416	0.005764821559
136417	0.001029006906
136418	0.004008200271
136419	6.54362408e-05
136420	0.001654197833
136421	0.003227868955
136422	0.009268830175
136423	0.0001987878143
136424	0.0006913766019
136425	0.001654942168
136426	0.003538810451
136427	0.00601129486
136428	0.001358608882
136429	0.009055193301
136430	0.001151649409
136431	0.002412102614
136432	0.00301419733
136433	0.006694298322
136434	0.003935612836
136435	0.005283697742
136436	0.001139787438
136437	0.002717879082
136438	0.005173124375
136439	0.00913416888
136440	0.001180465677
136441	0.001842771625
136442	0.01394078762
136443	0.001881566462
136444	0.003976107914
136445	0.009914291568
136446	0.004687665351
136447	0.003833364091
136448	0.002224663992
136449	0.007218185593
136450	0.005193364673
136451	0.001334971721
136452	0.01033550351
136453	0.002734549924
136454	0.005952283885
136455	0.005727837433
136456	0.01091475649
136457	0.0003392596569
136458	0.00685101934
136459	0.007865795477
136460	0.0006068657133
136461	0.0002908597833
136462	0.0001676019757
136463	0.008148911361
136464	0.0162490412
136465	0.0002241822968
136466	0.005478363966
136467	0.0001915609443
136468	0.001687917731
136469	0.006561233052
136470	0.0001469331934
136471	0.004941104381
136472	0.008347841659
136473	0.00524459782
136474	0.004280857302
136475	0.00358081902
136476	0.004857691019
136477	0.01544911387
136478	0.008348714959
136479	0.006836441105
136480	0.002292783154
136481	0.001908205024
136482	0.0008266726146
136483	0.01301094578
136484	0.006040176875
136485	0.01255751856
136486	0.00357981282
136487	0.005284814277
136488	0.005074898398
136489	0.02014154499
136490	0.00406212349
136491	0.002084087021
136492	0.005850633469
136493	0.002711438822
136494	0.004352237506
136495	0.001774626564
136496	0.01149554386
136497	0.004924814007
136498	0.009976331078
136499	0.01137267177
136500	0.006494233141
136501	0.01397248426
136502	0.007179607555
136503	0.004130473499
136504	0.007022581191
136505	0.004530120885
136506	0.003234107989
136507	0.009736892622
136508	0.01273005452
136509	0.0003276307127
136510	0.005150989744
136511	0.004694605342
136512	0.0008689806607
136513	0.000879211968
136514	0.0005552177511
136515	0.007428720713
136516	0.01306987947
136517	0.005518809954
136518	0.001597703405
136519	0.00163272864
136520	0.004140317342
136521	0.0005787674223
136522	0.005139557343
136523	0.000528427716
136524	0.0002004752831
136525	0.01810253414
136526	0.004972994491
136527	0.00973972968
136528	0.003674832231
136529	0.007249329152
136530	0.00624265253
136531	0.0003328910788
136532	0.002281934778
136533	0.008034534686
136534	0.01195915771
136535	0.01310010012
136536	0.001999049007
136537	0.004884815629
136538	0.01118948687
136539	0.009082875044
136540	0.003665808166
136541	0.0001298099624
136542	0.00993672397
136543	0.00149195617
136544	0.006274643159
136545	0.0002349989498
136546	0.00636062861
136547	0.006746195116
136548	0.0002342647704
136549	0.00690407717
136550	0.001666229185
136551	0.0127073868
136552	0.007136114641
136553	0.0009198712234
136554	0.003250943124
136555	0.0004131383739
136556	0.008931096529
136557	0.006153157662
136558	0.0005178956767
136559	0.0009497093265
136560	0.002165985045
136561	0.006195658335
136562	0.000190795428
136563	0.001700013174
136564	0.005611612088
136565	0.01323911646
136566	0.002607483954
136567	0.007062669804
136568	0.01155342452
136569	0.003287494655
136570	0.0001275571065
136571	0.001953670905
136572	0.003095462292
136573	0.0002977574733
136574	0.0003259454983
136575	0.001781456416
136576	0.004681088923
136577	0.002836095704
136578	0.0005128560639
136579	0.00174374691
136580	0.001051332372
136581	0.00168641451
136582	7.79120306e-05
136583	1.064450518e-05
136584	0.001118588519
136585	0.000541140807
136586	0.000891161386
136587	0.009322629074
136588	0.006379956118
136589	0.01567641422
136590	2.984323567e-05
136591	0.005601907179
136592	0.001804911865
136593	0.0008666053356
136594	0.002250556943
136595	0.002906427274
136596	0.001034927992
136597	0.007937177572
136598	0.001585968308
136599	0.008335694028
136600	0.0032030017
136601	0.000631715831
136602	6.08190577e-06
136603	0.003644989808
136604	0.006774449108
136605	0.001778996974
136606	0.002506218991
136607	0.02555140463
136608	0.01136493023
136609	0.01174374623
136610	0.005558607271
136611	0.002448636339
136612	0.002255238784
136613	0.0008957931694
136614	0.001233821759
136615	0.008334650069
136616	0.01421637424
136617	0.001707367545
136618	0.001020454296
136619	0.002889200794
136620	0.0003373196787
136621	0.002147278266
136622	0.01047200296
136623	0.001029857431
136624	0.0008231049717
136625	0.004570527215
136626	0.00412011267
136627	0.004183967422
136628	0.007905020247
136629	0.001576998945
136630	0.002302837863
136631	0.003528779893
136632	0.00101282037
136633	0.002428525113
136634	0.001827464433
136635	0.0008157832087
136636	0.0008673715344
136637	0.002727323021
136638	0.003534201122
136639	0.00626176988
136640	0.0009485893182
136641	0.001009437738
136642	0.002413609433
136643	0.001171796247
136644	0.001762936513
136645	0.0006461251207
136646	0.0004282908396
136647	0.001716719232
136648	0.00102093736
136649	0.001089054151
136650	0.001997347324
136651	0.002274229648
136652	0.001247985759
136653	0.005065330504
136654	0.01967100423
136655	0.001659854204
136656	0.001882719448
136657	0.001204132134
136658	0.0003703165542
136659	0.0008921231229
136660	0.0001748428497
136661	0.001098460359
136662	0.0004294316171
136663	0.0005861041172
136664	0.002500100546
136665	0.001729899524
136666	0.001164010449
136667	0.003510214728
136668	0.002829998305
136669	0.0007143445942
136670	0.001914236717
136671	0.003705170136
136672	0.001291771838
136673	0.003964737231
136674	0.0006483532585
136675	0.004511785865
136676	0.001611778608
136677	0.005428340781
136678	0.002138125358
136679	0.003990925646
136680	0.001316008723
136681	0.002647066632
136682	0.01255775888
136683	0.003237258496
136684	0.003378412937
136685	0.0103130811
136686	0.0003645443136
136687	0.01419266831
136688	0.001221703314
136689	0.0009375051104
136690	0.004402780024
136691	0.006641492887
136692	0.003868994894
136693	0.007528190556
136694	0.009660870527
136695	0.004520335574
136696	0.004822419658
136697	0.01140230253
136698	0.002061367617
136699	0.001737800802
136700	0.006448203483
136701	0.006179836339
136702	0.002154629551
136703	0.004053433125
136704	0.004551029798
136705	0.003292818336
136706	0.002252158381
136707	0.004737731256
136708	0.001471732957
136709	0.004605788036
136710	0.00196992216
136711	0.003891264131
136712	0.003356938661
136713	0.01149060111
136714	0.0005166528356
136715	0.003455081722
136716	0.001649843744
136717	0.006316444139
136718	0.0001555131388
136719	0.005297146824
136720	0.01438623275
136721	0.004761582932
136722	0.005976997627
136723	0.001695968317
136724	0.004333407315
136725	0.0004607531329
136726	0.0120115432
136727	0.01344601136
136728	0.001511092757
136729	0.00238955654
136730	0.001451995051
136731	0.001707271793
136732	0.003339192016
136733	0.004377683039
136734	0.005383196641
136735	0.002126504908
136736	0.002965293473
136737	0.01114259412
136738	0.00687626702
136739	0.015746011
136740	0.001796585078
136741	0.01322811598
136742	0.001037321144
136743	0.004566489585
136744	0.006933412147
136745	0.004261246149
136746	0.002076335996
136747	0.00285942767
136748	0.0003787600699
136749	0.002273176796
136750	0.008227974493
136751	0.01290494168
136752	0.008590782596
136753	0.003744082178
136754	0.005672625941
136755	0.005711771236
136756	0.003941983975
136757	0.01252177769
136758	0.01130268064
136759	0.006862871017
136760	0.001524266119
136761	0.006469673314
136762	0.0004945933188
136763	0.003201538195
136764	0.004182551795
136765	0.01174408602
136766	0.001872416141
136767	0.004817049268
136768	0.001828208523
136769	0.01041340185
136770	0.0005350120748
136771	0.006240492569
136772	0.00357695338
136773	0.007768787161
136774	0.0008890494296
136775	0.008083890319
136776	0.005237642627
136777	0.001440294649
136778	0.002960778639
136779	0.001678176152
136780	0.001628817184
136781	0.0004671721874
136782	0.001562814538
136783	0.002038348259
136784	0.001171742728
136785	0.001559967889
136786	0.005980573301
136787	0.001125482241
136788	0.005979325144
136789	0.000776646866
136790	0.0009175331723
136791	0.005386106394
136792	0.001284364808
136793	0.007382305603
136794	0.001273942658
136795	0.006110833529
136796	0.0008023576093
136797	0.004108852661
136798	0.0007561996056
136799	0.003603119993
136800	0.002623741228
136801	0.003529355098
136802	0.0006223951412
136803	0.006953407969
136804	0.004107394339
136805	0.002149687008
136806	0.001011771087
136807	0.004104110512
136808	0.0144491926
136809	0.002740873595
136810	0.004564964098
136811	0.002886748871
136812	0.002209573453
136813	0.005336475548
136814	0.005931642416
136815	0.004814419031
136816	0.005866123873
136817	0.0006918149172
136818	0.002823756912
136819	0.002914582007
136820	0.006315102028
136821	0.001637166535
136822	0.0001121358906
136823	0.0005965223524
136824	0.006310686033
136825	0.007734194822
136826	0.001545724543
136827	0.0006717429729
136828	0.002219485262
136829	0.00527096844
136830	0.001150092281
136831	0.0002653897032
136832	0.0005438036466
136833	0.0009792297087
136834	0.0009421367179
136835	0.002061531356
136836	0.0004284903711
136837	0.003958014299
136838	0.008760391675
136839	0.00174462916
136840	0.0009846042967
136841	0.003547016135
136842	0.001964176192
136843	0.01057901369
136844	0.01101273705
136845	0.001021800513
136846	0.00929948988
136847	2.643729461e-05
136848	0.01031206218
136849	0.00474844213
136850	0.009749562118
136851	0.0004426444229
136852	0.008087657597
136853	0.000438528551
136854	0.003926474034
136855	0.003512788649
136856	0.004803125238
136857	0.01443696399
136858	0.001247319742
136859	0.001383641426
136860	0.004484951363
136861	0.0001720324094
136862	9.571930573e-06
136863	0.0008108865129
136864	0.003195228604
136865	0.001835157249
136866	0.005332878539
136867	0.008613680531
136868	0.0138412253
136869	0.01035691128
136870	0.008702359566
136871	0.004290311624
136872	0.003203174283
136873	0.0004336288778
136874	0.007368272063
136875	0.005690707309
136876	0.00115849017
136877	0.001693415874
136878	0.001371833388
136879	0.0002347496936
136880	0.0044004758
136881	0.0006510956295
136882	0.003075469464
136883	0.006879981298
136884	0.008533147864
136885	0.007914599879
136886	0.008671920211
136887	0.006302312843
136888	0.001764155527
136889	0.002039440909
136890	0.004917447246
136891	0.009426659056
136892	6.379620364e-05
136893	0.003631809543
136894	5.146513636e-05
136895	0.0005345192804
136896	0.002686198894
136897	0.01422336665
136898	0.004179809404
136899	0.008462142442
136900	0.001346312456
136901	0.007746145604
136902	0.009108321419
136903	0.003177421641
136904	0.005042570051
136905	0.006308826466
136906	0.00507931326
136907	0.0007753548033
136908	0.002396311522
136909	0.0004101813782
136910	0.001427427284
136911	0.004863100866
136912	0.001777384877
136913	0.001000745108
136914	0.01233935497
136915	0.01621825545
136916	0.01503660351
136917	1.651933154e-05
136918	0.003774180733
136919	0.002264807257
136920	0.001757779538
136921	0.003467148894
136922	0.0003563097921
136923	0.004927843009
136924	0.001670975158
136925	0.005241320943
136926	0.002613575605
136927	0.001383985958
136928	0.001567026754
136929	0.005235813679
136930	0.002551916316
136931	0.0005525216577
136932	0.001128488351
136933	0.0059612486
136934	0.0004460553265
136935	0.008398973962
136936	0.0003530721293
136937	0.007128821985
136938	0.0007254071479
136939	0.0006316781398
136940	0.00077284898
136941	0.006480441689
136942	0.004597597524
136943	0.002826987767
136944	0.008060704794
136945	0.002061385194
136946	0.006860532791
136947	0.0009794394219
136948	0.001009011525
136949	0.0008546622537
136950	0.0009527084794
136951	0.001616154079
136952	0.0005899502473
136953	0.0007927282548
136954	4.88271821e-05
136955	0.001079973499
136956	0.0001225328144
136957	0.002454464991
136958	0.0005168656777
136959	0.0001014772553
136960	0.001000988184
136961	0.0003873279613
136962	0.0004722400754
136963	0.005175749217
136964	0.0003329179958
136965	0.001102358496
136966	0.003573329351
136967	0.0002548672704
136968	0.0003421241981
136969	0.0006077491225
136970	0.0001871053799
136971	0.0008133999032
136972	0.00120264048
136973	0.001014525862
136974	0.002064572294
136975	0.007111207653
136976	0.0002145253017
136977	0.001239836225
136978	0.001556949001
136979	0.00146304953
136980	0.001945559118
136981	0.0009716092609
136982	0.01018210646
136983	0.0017757549
136984	0.003826959582
136985	0.001758447321
136986	0.004448197361
136987	0.006433613631
136988	0.001314036742
136989	0.001768591058
136990	0.004735811747
136991	0.0004859842057
136992	0.005625105112
136993	0.003577671079
136994	0.01031245051
136995	0.0006157631643
136996	0.003092272262
136997	0.009616078739
136998	0.002433743582
136999	0.003638025596
137000	0.007312642201
137001	0.004012154321
137002	0.004510019619
137003	0.002663607435
137004	0.0005262110854
137005	0.007044229142
137006	0.003292609168
137007	0.003810510215
137008	0.001389934196
137009	0.001673345647
137010	0.000945590415
137011	0.001316535526
137012	0.001916613179
137013	0.002361903637
137014	0.002937323413
137015	0.003540099355
137016	0.002175139435
137017	0.004720989389
137018	0.004546901222
137019	0.005369995306
137020	0.001414404833
137021	1.479885934e-05
137022	0.002119983689
137023	0.006427449816
137024	0.004033711892
137025	0.001217680768
137026	0.001977845538
137027	0.0003786451906
137028	0.001139055984
137029	0.006412209641
137030	0.004904555805
137031	0.001455449199
137032	0.0001841166643
137033	0.0007424997328
137034	0.001317692642
137035	0.001345027569
137036	0.006932624288
137037	0.0003882988423
137038	0.001046881514
137039	0.001873150907
137040	0.002201964458
137041	0.001952591826
137042	0.002795208713
137043	0.005550035909
137044	0.004633517517
137045	0.001736529179
137046	3.264255659e-05
137047	0.002118715567
137048	0.005753017952
137049	0.003258997674
137050	0.001374820924
137051	0.0006537468257
137052	0.004410345825
137053	0.003367033859
137054	0.001240202646
137055	0.003153257862
137056	0.001162764247
137057	0.003103532291
137058	0.008137118074
137059	0.0008765592277
137060	0.001667933715
137061	0.002286374464
137062	0.001689005122
137063	0.01305597186
137064	0.003115182826
137065	0.0005045838407
137066	0.001223092153
137067	0.01299190023
137068	0.001028194469
137069	0.002734417996
137070	0.0008398937102
137071	0.008712825167
137072	2.532882266e-07
137073	0.0009998216861
137074	0.0001463826416
137075	0.0001678609675
137076	0.002924451457
137077	0.000113963204
137078	0.004366980147
137079	0.004625396748
137080	0.0005790595389
137081	0.0005042280138
137082	0.002317563021
137083	0.0004301432603
137084	0.002899004631
137085	0.003624755464
137086	0.00199281817
137087	0.004972150719
137088	0.008039232798
137089	0.001775313454
137090	0.001585932316
137091	0.00264160238
137092	0.002490074254
137093	0.0005330987331
137094	0.0002777977664
137095	0.004808742716
137096	0.002034052285
137097	0.00091815635
137098	5.308546329e-05
137099	0.004443417844
137100	0.003221737485
137101	0.001292856315
137102	0.009186240373
137103	0.0003876744857
137104	0.0002750626222
137105	0.008337399883
137106	0.004906477706
137107	0.002344401677
137108	0.00228833669
137109	0.002654476354
137110	0.00281026442
137111	0.0002215012851
137112	0.002571135613
137113	0.0003945425287
137114	0.005775293477
137115	0.0005455728963
137116	0.0009035746093
137117	0.004104163458
137118	0.00401378032
137119	0.002000709605
137120	0.005875259845
137121	0.0005318952231
137122	0.001757189451
137123	0.002369621697
137124	0.003821570973
137125	0.0001217575394
137126	0.001089040962
137127	0.005382572544
137128	0.000210554058
137129	0.002064593539
137130	0.008113259276
137131	0.001110243665
137132	0.002026388091
137133	0.005534877338
137134	0.0003842111857
137135	0.004157778286
137136	0.01374830322
137137	0.002108375204
137138	0.00293681591
137139	0.005906145243
137140	0.006907500989
137141	0.0008542289772
137142	0.002847743788
137143	0.004490986961
137144	0.007269750861
137145	0.002143207105
137146	0.0009254432753
137147	0.003582123119
137148	0.003827455565
137149	0.003474770819
137150	0.007557995767
137151	0.002413111711
137152	0.0008472492736
137153	0.0006126850571
137154	0.005463247398
137155	0.005214539767
137156	0.002240022346
137157	0.0009782785703
137158	0.003149174773
137159	0.0006203840264
137160	0.003388251185
137161	0.00013494438
137162	0.0009255752969
137163	0.0001320811315
137164	0.001694070576
137165	0.0090711934
137166	0.003384772264
137167	0.002907667481
137168	0.004143132075
137169	0.007228981785
137170	0.001998579732
137171	0.001957952343
137172	0.005945379727
137173	0.0005102791284
137174	0.001716432723
137175	0.001833092542
137176	0.001065396924
137177	0.005508347228
137178	0.003789248142
137179	0.003338769408
137180	0.0003365629478
137181	0.003516569257
137182	0.002859093216
137183	0.000696891745
137184	0.001991581125
137185	0.002611010057
137186	0.0044608063
137187	0.008529297499
137188	0.0004582244893
137189	0.0007171608193
137190	0.0004611308627
137191	0.0002415837166
137192	0.0007630733639
137193	0.01084995198
137194	0.007230779128
137195	0.008916497364
137196	0.003418516797
137197	0.00068532075
137198	0.003150987425
137199	0.01374460381
137200	0.0105007511
137201	0.005252432847
137202	0.00148253005
137203	0.007046701877
137204	0.006865281696
137205	0.008541423617
137206	0.006945772183
137207	0.006518270686
137208	0.002512187131
137209	0.007753734735
137210	0.009584763105
137211	0.01339849403
137212	0.007410085029
137213	0.001586480796
137214	0.00811980272
137215	0.009451689142
137216	0.00286940131
137217	0.008290193613
137218	0.01524206623
137219	0.001968205296
137220	0.006071943893
137221	0.0007125694244
137222	0.006441477618
137223	0.0002671753291
137224	0.01866226181
137225	0.008616917799
137226	0.005639300139
137227	0.011149998
137228	0.01182358218
137229	0.009468856559
137230	0.001161332156
137231	0.008719881922
137232	0.01105690895
137233	0.002389465294
137234	0.004761178903
137235	0.008483125185
137236	0.006474871893
137237	0.001476050015
137238	0.002943735679
137239	0.009999620012
137240	0.007774340322
137241	0.01109652684
137242	1.105216622e-07
137243	0.01248451529
137244	0.015911595
137245	0.01274788944
137246	0.01338859481
137247	0.0124142896
137248	0.001623677934
137249	0.007118365909
137250	0.004654454782
137251	0.01110184137
137252	0.009588714558
137253	0.007522399327
137254	0.002222507962
137255	0.001732296041
137256	0.0008736910308
137257	0.01187685998
137258	0.002289587866
137259	0.003751811782
137260	0.001174051076
137261	0.004362002475
137262	0.003673425685
137263	0.006926366741
137264	0.004642526515
137265	0.004698932764
137266	4.270216415e-05
137267	0.001622071485
137268	0.0013046188
137269	0.003544039414
137270	0.007005290649
137271	0.002589795197
137272	0.001858832533
137273	0.003731323608
137274	0.001750700382
137275	0.0001121118837
137276	0.00515909501
137277	0.001704120865
137278	0.006380074133
137279	0.003286291466
137280	0.00128087842
137281	0.001153316616
137282	0.002871640414
137283	0.0006917410789
137284	0.001324121438
137285	0.002173021407
137286	0.001333049001
137287	0.001371621556
137288	0.008051080981
137289	1.724974553e-05
137290	0.001275503995
137291	0.004743543684
137292	0.001025665145
137293	0.01423669707
137294	0.00607521769
137295	0.003728760656
137296	0.0054266816
137297	0.005195035067
137298	0.006565072583
137299	0.005123046797
137300	0.004252249408
137301	0.003501921063
137302	0.004167754897
137303	0.004868792128
137304	0.004492876689
137305	0.003973718519
137306	0.003579583159
137307	0.004120277999
137308	0.004905092336
137309	0.006278544975
137310	0.005379556002
137311	0.002285614738
137312	0.005127556532
137313	0.0041745579
137314	0.005131211801
137315	0.005112347665
137316	0.004148168689
137317	0.004628467468
137318	0.004928701184
137319	0.00495577055
137320	0.003657526132
137321	0.01291903236
137322	0.001389895673
137323	0.001209046753
137324	0.0006293718661
137325	0.005878812999
137326	0.0003507026302
137327	0.001401351076
137328	0.003234588348
137329	0.0005046066158
137330	0.0008881675304
137331	0.001252586988
137332	0.0001248586196
137333	0.00758364259
137334	0.002694249559
137335	0.005243081454
137336	0.006957853203
137337	0.001322013216
137338	0.007721327392
137339	0.002833077061
137340	0.00427034731
137341	0.003489685824
137342	0.0140588985
137343	0.01038908588
137344	0.01086825227
137345	0.006147086863
137346	0.008670781506
137347	0.004914146955
137348	0.004352091378
137349	0.003412110874
137350	0.00609066822
137351	0.007131651218
137352	7.465522677e-05
137353	0.01150206909
137354	0.002887311429
137355	0.01325225175
137356	0.004590469804
137357	0.0007239783574
137358	0.002755038634
137359	0.001120931492
137360	0.003904832403
137361	0.008446215963
137362	0.004246188567
137363	0.005842543378
137364	0.003003157848
137365	0.00519442544
137366	0.0005164141668
137367	0.006517942159
137368	0.0004251395899
137369	0.003763733912
137370	0.005387134361
137371	0.007363892583
137372	0.008387420931
137373	0.01955231935
137374	0.01106392067
137375	0.000282227721
137376	0.008265253234
137377	0.002491566539
137378	0.0003620195625
137379	0.003890788717
137380	0.0005036176698
137381	0.01057840844
137382	0.005897379733
137383	0.003079341124
137384	9.331241372e-05
137385	0.004382495592
137386	0.007485672143
137387	0.004886933026
137388	0.002598437674
137389	0.001767267672
137390	0.01250366422
137391	0.00408972619
137392	0.00701935843
137393	0
137394	0.0001961005684
137395	0.0005702641943
137396	0.0162244301
137397	0.0009149292741
137398	0.001643620663
137399	0.001787509323
137400	0.0009814390137
137401	0.0009595071846
137402	0.0007293886156
137403	0.000378166611
137404	0.0009852632769
137405	0.001246857705
137406	0.001354073058
137407	0.001248344565
137408	0.001332995538
137409	0.0003002441824
137410	0.0009162872711
137411	0.008424195949
137412	0.001395689905
137413	0.001048413068
137414	0.002087755494
137415	0.0003275080518
137416	0.01237612883
137417	0.0008160218479
137418	0.001448714865
137419	0.001824932063
137420	0.001121959751
137421	0.0004476384725
137422	0.0001919833626
137423	0.001250789399
137424	0.001477446633
137425	0.0007457524818
137426	0.001003605763
137427	0.0005883302421
137428	0.001660156467
137429	0.001031919118
137430	0.000717236822
137431	0.001174041221
137432	0.001637039074
137433	0.0008270621331
137434	0.0006335312612
137435	0.0007420206609
137436	0.001833298528
137437	0.001243335276
137438	0.001095199749
137439	0.0007275035152
137440	9.871957824e-05
137441	0.001704310688
137442	0.006123887777
137443	0.008413251938
137444	0.006632271653
137445	0.000108457572
137446	0.0007034194626
137447	0.005701837937
137448	0.007246518353
137449	0.003725398759
137450	8.29818136e-06
137451	0.001041555429
137452	0.001198559817
137453	0.009678184273
137454	0.00879797104
137455	0.007650107348
137456	0.007169054877
137457	0.00454462483
137458	0.01327041718
137459	0.007337917992
137460	0.003847799531
137461	0.001146380251
137462	0.002176442522
137463	0.009494712963
137464	7.963324385e-06
137465	0.002958259491
137466	0.01610998272
137467	0.001326558302
137468	0.00739269903
137469	0.003104619351
137470	0.009623793885
137471	0.00334992265
137472	0.004005434693
137473	0.00963458669
137474	0.01336899933
137475	0.001318525981
137476	0.001835884462
137477	0.003890743895
137478	0.007884401166
137479	0.005101993535
137480	0.005050481083
137481	0.006958746693
137482	0.005619071731
137483	0.001892789293
137484	0.0006244509315
137485	0.006714952641
137486	0.01036381902
137487	0.000792847215
137488	0.008606674685
137489	0.001495476184
137490	0.000753218498
137491	0.0007906474674
137492	0.00175954899
137493	0.0007699777582
137494	0.0003414745736
137495	0.0004054184798
137496	0.0002287684131
137497	0.001811041206
137498	0.003820169663
137499	0.0005045934422
137500	0.002240761209
137501	0.004008607767
137502	0.0005968609646
137503	0.001721541746
137504	0.0005114284511
137505	0.0005555465011
137506	4.487764027e-06
137507	0.01038171895
137508	0.001762918439
137509	0.008576250682
137510	0.001966673934
137511	0.001554088323
137512	0.004289386074
137513	0.001044601166
137514	0.0001675304799
137515	0.01312977652
137516	0.001175689617
137517	0.0002330661244
137518	9.24149753e-05
137519	0.001066603325
137520	0.0008024545734
137521	0.0001617114162
137522	0.001020991611
137523	0.001448674936
137524	0.008532214496
137525	0.003152734891
137526	0.001454935091
137527	0.003216711119
137528	0.0001897560041
137529	0.000844168406
137530	0.006900353779
137531	0.000392230591
137532	0.003702389758
137533	0.0005842401997
137534	0.01226079319
137535	0.001047054228
137536	0.003711934234
137537	0.005043228727
137538	0.00763835807
137539	0.001355151086
137540	0.004216553646
137541	0.008846538201
137542	0.0002221309799
137543	0.0003116471107
137544	0.003174697338
137545	0.001812691679
137546	0.000685473575
137547	0.003047958896
137548	0.0005843896954
137549	0.0005860974693
137550	0.001302892104
137551	0.0009162528668
137552	0.002210020061
137553	0.00221761471
137554	0.001324101757
137555	0.001510585657
137556	0.0005649143328
137557	0.002178100625
137558	0.003433734556
137559	0.001354404817
137560	0.002589061495
137561	0.009603210962
137562	0.00187182216
137563	0.001510868588
137564	0.000446270801
137565	0.001504366834
137566	0.001537845096
137567	0.001154677914
137568	0.0009368607886
137569	0.001724286438
137570	0.001131451092
137571	0.0006605963005
137572	0.01894330853
137573	0.00012226777
137574	0.0006004863073
137575	0.001668555551
137576	0.001245092186
137577	0.001239799279
137578	0.0009090486162
137579	0.0003674893565
137580	0.0004132788022
137581	0.0006526250871
137582	0.0016524204
137583	0.001831509245
137584	0.0006692462709
137585	0.001450305885
137586	0.001259699503
137587	0.0002437158643
137588	0.001633079596
137589	0.0006183344343
137590	0.0009118570737
137591	0.001926659674
137592	0.01238749302
137593	0.004727089526
137594	0.001901654832
137595	0.0001488630219
137596	0.0005762784038
137597	0.001536534035
137598	0.01170059233
137599	0.004944458993
137600	0.0001711686188
137601	0.001549256337
137602	0.01280010634
137603	0.0009052068282
137604	0.005829361544
137605	0.008623440814
137606	0.01366232788
137607	0.001824864808
137608	0.01401593107
137609	0.004082202106
137610	0.004191177854
137611	0.002758294186
137612	0.001152934357
137613	0.002776057252
137614	0.003273354732
137615	0.001490113652
137616	0.005150021221
137617	0.004522280159
137618	0.004205690402
137619	0.002469455391
137620	0.00650209151
137621	0.01073343653
137622	0.01189399425
137623	0.003137866859
137624	0.005379190418
137625	0.003062619225
137626	0.002424427162
137627	0.0001678129378
137628	0.002455444459
137629	0.003900103449
137630	0.007901945916
137631	0.002880881789
137632	0.004123596403
137633	0.008010525244
137634	0.003987437152
137635	5.780833641e-05
137636	0.0003379260474
137637	0.0155215911
137638	0.0003462716512
137639	0.002310114732
137640	0.005192987461
137641	0.002269429224
137642	0.007713009372
137643	0.00118789671
137644	0.01276259243
137645	0.01535936731
137646	0.002446640621
137647	0.007447127135
137648	0.004849293815
137649	0.005479575839
137650	0.002061832187
137651	0.002525815026
137652	0.002756768172
137653	0.004705950972
137654	0.003889895655
137655	0.01192654771
137656	0.002629012716
137657	0.005863556101
137658	0.002625185592
137659	0
137660	0.006487077904
137661	0.004008027154
137662	0.01345207127
137663	0.008064586232
137664	0.009798858843
137665	0.0005352368164
137666	0.01037955376
137667	0.006457953025
137668	0.001354089899
137669	0.005313840006
137670	0.007429978449
137671	0.009663327669
137672	0.01168506693
137673	0.01122460815
137674	0.005131167699
137675	0.0008669500497
137676	0.005075499775
137677	0.000649073075
137678	0.00698206424
137679	0.003475360567
137680	0.001218627675
137681	0.008519358662
137682	0.01538824557
137683	0.004616855819
137684	0.015115492
137685	0.002345348253
137686	0.000719335104
137687	0.0001825621206
137688	0.009764434922
137689	4.719715142e-05
137690	0.002931253105
137691	0.001052707113
137692	0.002268092809
137693	0.005947227371
137694	0.01692467295
137695	0.004220641244
137696	0.005163094162
137697	0.002340327652
137698	0.0001640422456
137699	0.004000841244
137700	0.001261863252
137701	0.002700819106
137702	0.00457185988
137703	0.008652427626
137704	0.001979797415
137705	0.0006649414579
137706	0.001179665212
137707	0.002206750932
137708	0.008276590989
137709	0.003098630764
137710	0.00159534925
137711	0.001652864906
137712	0.001309167086
137713	0.002665606695
137714	0.003657765823
137715	0.01042617595
137716	0.004898132585
137717	0.007609756996
137718	0.0004761339425
137719	0.01235308566
137720	0.008860816525
137721	0.002142475797
137722	0.005372342024
137723	0.01206335645
137724	0.02144758435
137725	0.005577772298
137726	0.00107883161
137727	0.006154262622
137728	0.009198353508
137729	0.002855428843
137730	0.006937428556
137731	0.009277544897
137732	0.0001628121137
137733	0.009056570431
137734	0.01419387955
137735	0.007340013201
137736	0.002523292382
137737	0.01849898271
137738	0.009624867356
137739	0.001816089739
137740	0.008245757326
137741	0.008382715884
137742	0.01135074096
137743	0.005455278824
137744	0.005083810663
137745	0.007583185973
137746	0.002880794987
137747	0.006977192616
137748	0.0003499197114
137749	0.004747368531
137750	0.004188764065
137751	0.01176084358
137752	0.002131542723
137753	0.001965345718
137754	0.01515471427
137755	0.01054105817
137756	0.002909354804
137757	0.0004569840585
137758	0.02214548272
137759	0.00587159924
137760	0.003803297872
137761	0.001846168472
137762	0.01804821702
137763	0.003475709242
137764	0.01330245445
137765	0.002083187671
137766	0.007806827716
137767	0.0004436839472
137768	0.002386410133
137769	0.01600404379
137770	0.00573507668
137771	0.001925725335
137772	0.01128431238
137773	0.008428725675
137774	0.00145529606
137775	0.01087833652
137776	0.002805008502
137777	0.003607474187
137778	0.01043779624
137779	0.0002710159136
137780	0.001316734128
137781	0.001659160531
137782	0.002504247559
137783	0.0009070390214
137784	0.003714161027
137785	0.003851871568
137786	0.003565151395
137787	0.00888332356
137788	0.004082574688
137789	0.002832786867
137790	0.0003844995751
137791	0.001123159688
137792	0.006455710381
137793	0.01640065146
137794	0.01988720136
137795	0.007728766729
137796	0.01180434947
137797	0.001688145315
137798	0.02084462817
137799	0.0007110535191
137800	0.0003056114972
137801	0.005183750271
137802	0.01305378137
137803	0.001389263769
137804	0.006772380441
137805	0.004204986224
137806	0.01717303057
137807	0.004180674985
137808	0.0009469817793
137809	0.01175432853
137810	0.007592462636
137811	0.01307883516
137812	0.009444178227
137813	0.001782371501
137814	0.003112883319
137815	0.0005599969632
137816	0.01453437407
137817	0.003649195394
137818	0.002880492378
137819	0.001344027735
137820	0.001089402248
137821	0.00256903732
137822	0.004414800495
137823	0.0004644798965
137824	0.009940493179
137825	0.004487569049
137826	0.00178827414
137827	0.005339902363
137828	0.008825159401
137829	0.0007479334218
137830	0.01232518081
137831	0.0004757092154
137832	0.004286529683
137833	0.0003656431713
137834	0.002260504484
137835	0.006381426391
137836	0.006920718224
137837	0.005412428401
137838	0.01691131688
137839	0.006178632536
137840	0.002578175891
137841	0.003474409352
137842	0.002114252904
137843	0.002918107203
137844	0.004781953521
137845	0.009119292226
137846	0.001258938001
137847	0.008435497881
137848	0.00255984511
137849	0.006113043617
137850	0.001201750447
137851	0.005385308097
137852	0.01522572041
137853	0.007430971769
137854	0.007748979369
137855	0.004275809008
137856	0.006881664245
137857	0.01408573855
137858	0.00979020817
137859	0.004866617027
137860	0.004724439762
137861	0.006431181801
137862	0.006296717104
137863	0.001300324871
137864	0.0002889397396
137865	0.005823273245
137866	0.009863282488
137867	0.01372972461
137868	0.001540776042
137869	0.003913450137
137870	0.01082986435
137871	0.002846412122
137872	0.002578541868
137873	0.006596000137
137874	0.003359832356
137875	0.004558200321
137876	0.005951722388
137877	0.005597017598
137878	0.004585524212
137879	0.01778214561
137880	0.002173710394
137881	0.001485599864
137882	0.0006097470927
137883	0.008196097289
137884	0.01868339591
137885	0.0005262787361
137886	0.0001844850439
137887	0.006554961333
137888	0.01282671537
137889	0.0008774020548
137890	0.01285148953
137891	0.002993263026
137892	0.00658821063
137893	0.0004661699784
137894	0.00117267404
137895	0.002264333399
137896	0.006264057813
137897	0.01589395169
137898	0.002524312513
137899	0.007126281145
137900	0.006149467056
137901	0.01328804483
137902	0.01112297005
137903	0.005737915794
137904	0.004038113372
137905	0.006128895422
137906	0.005336860085
137907	0.002338171366
137908	0.02445816792
137909	0.01621667437
137910	0.007249014869
137911	0.007090345259
137912	0.003527739704
137913	0.003119795541
137914	0.00316610838
137915	0.003820234645
137916	0.00176087887
137917	0.001839676671
137918	0.008779124501
137919	0.004342283733
137920	0.01055954532
137921	0.01242261893
137922	0.00723279559
137923	0.002799542009
137924	0.00323764714
137925	0.009432015778
137926	0.003315356126
137927	0.01018173893
137928	0.002541232375
137929	0.0009648102701
137930	0.000762150656
137931	0.0001673521139
137932	0.01096298089
137933	0.008607173335
137934	0.008121679072
137935	0.009322778052
137936	0.003967815568
137937	0.01007845226
137938	0.005289580774
137939	0.001278880154
137940	0.003411651753
137941	0.00166579128
137942	0.002458962562
137943	0.002382757735
137944	0.003293737717
137945	0.001391432397
137946	0.003961822736
137947	0.002818602128
137948	0.01527492967
137949	0.008195375368
137950	0.002310071513
137951	0.00110997219
137952	0.00212644663
137953	0.0022060419
137954	0.003278516357
137955	0.005259345033
137956	0.01360828024
137957	0.001015810626
137958	0.009507178106
137959	0.0009957889763
137960	0.0004507759759
137961	0.0004147123362
137962	0.00371495966
137963	0.007989051494
137964	0.004923740502
137965	0.001315633127
137966	0.00759468215
137967	0.002494359893
137968	0.004333720389
137969	0.002708999391
137970	0.002501547909
137971	0.002504818262
137972	0.001849073813
137973	0.003958648157
137974	0.002003267816
137975	0.002257861878
137976	0.006854419236
137977	0.001704465476
137978	0.002417695914
137979	0.004170805233
137980	0.009187320918
137981	0.0125576523
137982	0.0005963526821
137983	0.008700223506
137984	0.007550952861
137985	0.00896816851
137986	0.004793384942
137987	0.0005592464742
137988	0.004313260806
137989	0.01184114547
137990	0.003011771036
137991	0.003351761546
137992	0.001361979106
137993	0.01087714078
137994	0.008259237033
137995	0.007540093163
137996	0.002412888462
137997	0.002394665805
137998	0.01062068469
137999	0.002197256589
138000	0.006258329859
138001	0.002212984122
138002	0.007711506944
138003	0.001113371494
138004	0.01401480829
138005	0.01359280564
138006	0.0008547235456
138007	0.005181747383
138008	0.007321023868
138009	0.01136303992
138010	0.001957522922
138011	0.003785406149
138012	0.004043100494
138013	0.002250832077
138014	0.009399908825
138015	0.003509390507
138016	0.01409081116
138017	0.01455075834
138018	0.00530622531
138019	0.01586525257
138020	0.002835242778
138021	0.01053817667
138022	0.00595417361
138023	0.005298264779
138024	0.00187388277
138025	0.005540992392
138026	0.0006319308536
138027	0.008061388746
138028	0.00368841641
138029	0.01728723999
138030	0.001208300226
138031	0.006981457366
138032	0.001494177077
138033	0.005621399186
138034	0.005076975479
138035	0.01074935016
138036	0.0008790806261
138037	0.006485615481
138038	0.00601547477
138039	0.0006530766047
138040	0.00290427111
138041	0.0001203164288
138042	0.001989336262
138043	0.00540726435
138044	0.006886267592
138045	0.001323980582
138046	0.007310996125
138047	0.001798283666
138048	0.006765623618
138049	0.01340130606
138050	0.00533839897
138051	1.667408078e-05
138052	0.005649532651
138053	0.0122561177
138054	0.006372737406
138055	0.001684185143
138056	0.006770750452
138057	0.008636412097
138058	0.0007310063501
138059	0.001305579201
138060	0.005131377619
138061	0.0023370748
138062	0.0007871550142
138063	0.0009860825834
138064	0.01240135873
138065	0.002754039776
138066	0.001281290936
138067	0.003276646047
138068	0.000758013063
138069	0.000148725089
138070	0.006604342498
138071	0.003320388237
138072	0.0007973808321
138073	0.007349326112
138074	0.0006680645204
138075	0.005365024737
138076	0.008380459722
138077	0.003061930986
138078	0.01304848756
138079	0.01008225345
138080	0.00243004459
138081	0.00227951894
138082	0.00980218194
138083	0.006055326408
138084	0.002709249376
138085	0.00813051537
138086	0.00926322487
138087	0.009322167169
138088	0.001270939639
138089	0.01186615639
138090	0.003483899047
138091	0.002753901159
138092	0.0004910540115
138093	0.002580688923
138094	0
138095	0.003104901898
138096	0.005623758144
138097	0.005124952951
138098	0.01213912194
138099	0.006723713241
138100	6.841279461e-05
138101	0.002028591823
138102	0.006366137925
138103	0.001376465676
138104	0.004984174532
138105	0.01270191418
138106	0.01555774719
138107	0.002939823082
138108	0.009781325354
138109	0.002388994815
138110	0.008430978206
138111	0.009837473515
138112	0.01129187857
138113	0.002690710589
138114	0.0004864528062
138115	0.007372487976
138116	0.003377547448
138117	0.005389927489
138118	0.01832873444
138119	0.01344506545
138120	0.0004383854702
138121	0.001229474981
138122	0.01167919301
138123	0.00813685055
138124	0.002266765316
138125	0.01074483193
138126	0.01173416309
138127	0.00214634767
138128	0.003889119894
138129	0.008032968015
138130	0.01284396345
138131	0.005116305352
138132	0.008854785877
138133	0.002650651467
138134	0.0006958542517
138135	0.00276281724
138136	0.006023465364
138137	0.0004792326143
138138	0.004042436145
138139	0.001552355434
138140	0.007973094794
138141	0.0005505658417
138142	0.00502564907
138143	0.001632176018
138144	0.002187682757
138145	0.001025477954
138146	0.008342479724
138147	0.001713587113
138148	0.002046095614
138149	0.00500494223
138150	0.004607756095
138151	0.008990509637
138152	0.01229297402
138153	0.002185590058
138154	0.005415984147
138155	0.002653669
138156	0.003438942347
138157	0.0003557819261
138158	0.003253086246
138159	0.01069308974
138160	0.003349914847
138161	0.005599089491
138162	0.007166530248
138163	0.001064711514
138164	0.001198546052
138165	0.001518988512
138166	0.001878895189
138167	0.005039418665
138168	0.01471977843
138169	0.0007929722124
138170	0.006671284265
138171	0.0009197397121
138172	0.005420274928
138173	0.0009774300716
138174	0.01013770164
138175	0.005490714257
138176	0.00477023437
138177	0.004210979541
138178	0.0006114124182
138179	0.003009250641
138180	0.01322855281
138181	0.0004836354023
138182	0.006072610154
138183	0.0005610840803
138184	0.003686302702
138185	0.01250627424
138186	0.005865332153
138187	0.001473227062
138188	0.006596754244
138189	0.002009223829
138190	0.0007185359919
138191	0.0145705711
138192	0.002896248473
138193	0.002457917945
138194	0.002747816659
138195	0.01364884223
138196	0.004766332325
138197	0.004299047787
138198	0.007338474769
138199	0.002507582602
138200	0.006476423005
138201	0.000462667443
138202	0.01161457206
138203	0.003872360263
138204	0.006119614472
138205	0.00341512824
138206	0.001749476064
138207	0.006860982213
138208	0.006915803758
138209	0.005296764051
138210	0.0001406585136
138211	0.0004061185317
138212	0.004160175763
138213	0.007455766437
138214	0.006206013992
138215	0.008060523225
138216	0.00480264728
138217	0.003940763427
138218	0.003954865443
138219	0.001615588258
138220	0.006789334163
138221	0.0117589584
138222	0.006055859409
138223	0.006684327129
138224	0.0005554358766
138225	0.002413729926
138226	0.009163513799
138227	0.00887753824
138228	0.008300042938
138229	0.002682564796
138230	0.001436210433
138231	0.001341143501
138232	0.001477403501
138233	0.003059612076
138234	0.01292342894
138235	0.00242847437
138236	0.0008857644881
138237	0.002796006152
138238	0.001533123907
138239	0.006265457507
138240	0.003666316514
138241	0.001569419031
138242	0.01332582103
138243	0.003307605966
138244	0.00137707024
138245	0.0005795961706
138246	0.0004640353497
138247	0.005499794634
138248	0.01580366574
138249	0.007832150727
138250	0.00106459314
138251	0.001133084391
138252	0.004756415087
138253	0.001907792725
138254	0.005817613386
138255	0.0002864357667
138256	0.006630773058
138257	0.001188866249
138258	0.001116215061
138259	0.002973123386
138260	0.0008932079202
138261	0.005750411011
138262	0.009064458043
138263	0.003446774918
138264	0.004816450315
138265	0.002028225928
138266	0.003328271194
138267	0.001151222851
138268	0.001536057004
138269	0.001447593541
138270	0
138271	0.005699013305
138272	0.002730514927
138273	0.001795684176
138274	0.0007619467292
138275	0.00224430657
138276	0.006782645458
138277	0.005267674994
138278	0.005103309458
138279	0.001037164831
138280	0.003793288042
138281	0.001924713297
138282	0.0004802750313
138283	0.003900189766
138284	0.008899732323
138285	0.002925677681
138286	0.001412962172
138287	0.005481212237
138288	0.003829197453
138289	0.009934691748
138290	0.004827015291
138291	0.0004681599002
138292	0.004844039921
138293	0.004021301412
138294	0.01121455425
138295	0.001278662092
138296	0.001513551189
138297	0.002196575895
138298	0.009707900836
138299	0.005635540087
138300	0.003220067995
138301	0.003769847234
138302	0.001824795834
138303	0.0032961386
138304	0.002922875049
138305	0.0003765107442
138306	0.00518229074
138307	0.00617605792
138308	0.005655471957
138309	0.00381034743
138310	0.001587878975
138311	0.01587403862
138312	0.01054968253
138313	0.003132989148
138314	0.003061696001
138315	0.009792039311
138316	0.004882636899
138317	0.0008644128869
138318	0.005440615555
138319	0.00398367502
138320	0.01117078352
138321	0.002860473785
138322	0.01284094093
138323	0.002321195586
138324	0.003352658457
138325	0.007113625319
138326	0.001425646773
138327	0.00262302569
138328	0.0065672221
138329	0.004435968686
138330	0.006241159721
138331	0.001164067563
138332	0.0008764359326
138333	0.0004329562207
138334	0.005767126322
138335	0.007016460146
138336	0.01306611941
138337	0.002398106224
138338	0.002187054262
138339	0.006914586815
138340	0.002664951985
138341	0.006129003326
138342	0.01017345022
138343	0.002457248581
138344	0.000776125684
138345	0.0005645954098
138346	0.0056060411
138347	0.001695256903
138348	0.001938706532
138349	0.001144255289
138350	0.001808875633
138351	0.01764535905
138352	0.008279226463
138353	0.0004737954893
138354	0.002904280971
138355	0.007682935366
138356	0.0009667135088
138357	0.000894857068
138358	0.001383021543
138359	0.008992286015
138360	0.0009652391844
138361	0.002906604374
138362	0.001165371609
138363	0.003408124258
138364	0.00239295327
138365	0.005993850071
138366	0.002704756479
138367	0.007131580555
138368	0.001239427865
138369	0.009488893303
138370	0.008927212105
138371	0.01115354664
138372	0.002663351453
138373	0.001701718316
138374	0.003935120801
138375	0.002773296844
138376	0.001578406723
138377	0.003961827033
138378	0.005753116942
138379	0.008587340874
138380	0.005301933213
138381	0.003113722816
138382	0.007062043008
138383	0.0104989226
138384	0.002102283727
138385	0.007131688915
138386	0.00210888994
138387	0.01107717744
138388	0.0067769501
138389	0.004771469038
138390	0.002509233037
138391	0.0005786767516
138392	0.0007761727226
138393	0.0006309226201
138394	0.000712845178
138395	0.009585596101
138396	0.009361331436
138397	0.004084236505
138398	0.001539190994
138399	0.006127414734
138400	0.006014045013
138401	0.001585346182
138402	0.001804212943
138403	0.0002267215751
138404	0.009541481838
138405	0.00593938692
138406	0.00547303433
138407	0.01667561239
138408	0.007027997265
138409	0.002886547401
138410	0.005070464969
138411	0.003371525146
138412	0.00259012332
138413	0.002966131061
138414	0.003389267851
138415	0.004760340249
138416	0.007813337836
138417	0.000220030096
138418	0.005690097167
138419	0.003559237925
138420	0.006183600188
138421	0.00423095902
138422	0.0007125932271
138423	0.001685720207
138424	0.009436812598
138425	0.01332090447
138426	0.002100578712
138427	0.002461711787
138428	0.001271283365
138429	0.001589085623
138430	0.0004313090337
138431	0.001808510512
138432	0.01671232325
138433	0.003511546018
138434	0.002644939075
138435	0.003513850076
138436	0.003176156035
138437	0.001687338296
138438	0.002941802916
138439	0.0007020907412
138440	0.002549985658
138441	0.005513010818
138442	0.009705118439
138443	0.005366038182
138444	0.002322429333
138445	0.003119355898
138446	0.005760484307
138447	0.009508883881
138448	0.001808668193
138449	0.01000184176
138450	0.0004895064423
138451	0.005269491814
138452	0.001622772371
138453	0.001477678365
138454	0.0006774983108
138455	0.001969936875
138456	0.001573861396
138457	0.004363325898
138458	0.01870375132
138459	0.002870331251
138460	0.004436785032
138461	0.003649052793
138462	0.0003993772413
138463	0.005773939306
138464	0.002732414981
138465	0.01135280604
138466	0.003306956796
138467	0.00048349839
138468	0.002401653553
138469	0.0001750909415
138470	0.009107418081
138471	0.001186249957
138472	0.004762478746
138473	0.0005459708556
138474	0.004184298961
138475	0.001568333924
138476	0.009998052322
138477	0.001044583295
138478	0.01048908464
138479	0.01013824201
138480	0.00746297139
138481	0.003664305915
138482	0.0002552682945
138483	0.004112062564
138484	0.002509256957
138485	0.001095013183
138486	0.001042628002
138487	0.002062718585
138488	0.00390636513
138489	0.001273849764
138490	0.0002344878311
138491	0.002338702145
138492	0.000579359656
138493	0.005627934357
138494	0.001687044222
138495	0.006573722367
138496	0.002498413603
138497	0.0003204100639
138498	0.005032990661
138499	0.002078966447
138500	0.004931401425
138501	0.006590043156
138502	0.005214071107
138503	0.005350842346
138504	0.007732633769
138505	0.002554853271
138506	0.001572511091
138507	0.006007086719
138508	0.003955801361
138509	0.008197928316
138510	0.01004853686
138511	0.002132826368
138512	0.001947286432
138513	0.0008666726514
138514	0.009321064541
138515	0.003105225659
138516	0.003182764665
138517	0.007349249982
138518	0.006941635168
138519	0.001388443335
138520	0.002189048624
138521	0.007716316037
138522	0.005839444003
138523	0.0005011761092
138524	0.005129600007
138525	0.00526215849
138526	0.004691085563
138527	0.003413040367
138528	0.01010228455
138529	0.0005119554441
138530	0.001400665648
138531	0.00462556488
138532	0.002008408574
138533	0.0001784425253
138534	0.003664494978
138535	0.006643945733
138536	0.001207402661
138537	0.01211173089
138538	0.0008878156748
138539	0.003370081119
138540	0.003168387868
138541	0.01081954707
138542	0.007109891968
138543	0.001597158071
138544	0.00194259531
138545	0.004469206001
138546	0.003290363016
138547	0.00550078336
138548	0.0008309539345
138549	0.0126134036
138550	0.000770485342
138551	0.001355136471
138552	0.003990489937
138553	0.003117663146
138554	0.0004253598513
138555	0.006184549243
138556	0.01111864079
138557	0.01506971584
138558	0.004611536532
138559	0.01149949336
138560	0.007898206595
138561	0.006379428684
138562	0.003076186424
138563	0.0003912177905
138564	0.004333702017
138565	0.0001975305184
138566	0.004971591449
138567	0.004386524834
138568	0.004515314799
138569	0.002107995632
138570	0.007125959562
138571	0.004013749486
138572	0.003427041417
138573	0.003702461432
138574	0.004606580432
138575	0.004710555587
138576	0.002009470492
138577	0.002828549162
138578	0.009128237374
138579	0.01178214078
138580	0.003048392281
138581	0.007502731693
138582	0.005630457988
138583	0.008316044885
138584	0.001401053933
138585	0.004190724878
138586	0.001792419443
138587	0.003149638353
138588	0.01001251625
138589	0.001641620202
138590	0.003927812266
138591	0.001518217007
138592	0.006028740898
138593	0.004691165092
138594	0.0002402150101
138595	0.002327652498
138596	0.001591222417
138597	0.003044740208
138598	0.004031571464
138599	0.007486942215
138600	0.003519973769
138601	0.003183950643
138602	0.0005672473928
138603	0.001127990247
138604	0.00431919654
138605	0.005380855723
138606	0.001839997833
138607	0.002153306056
138608	4.945921576e-05
138609	0.003146584241
138610	0.004233452863
138611	0.002198762115
138612	0.005625011193
138613	0.001422745446
138614	0.00480954008
138615	0.005329527791
138616	0.001506921502
138617	0.01429495542
138618	0.002552568102
138619	0.003842721748
138620	0.001422699914
138621	0.001900807566
138622	0.005730223445
138623	0.01654462397
138624	0.002237043479
138625	0.008948442353
138626	0.01493358834
138627	0.002250521083
138628	0.0102209943
138629	0.002816577066
138630	0.006783105702
138631	0.0002196327983
138632	0.001878898755
138633	0.01521755436
138634	0.007494422088
138635	0.005048532759
138636	0.007143255887
138637	0.001468700511
138638	0.004188640367
138639	0.0007358052956
138640	0.001741366754
138641	0.0001931430397
138642	0.01457521479
138643	0.004745837472
138644	0.0009066098346
138645	0.002220759271
138646	0.0004489027763
138647	0.002479104659
138648	0.003756540978
138649	0.02745734749
138650	0.007489769754
138651	0.004678409831
138652	0.00458882874
138653	0.005183871284
138654	0.01267220432
138655	0.0116569434
138656	0.007115907136
138657	0.00186877632
138658	0.006497375728
138659	0.005146915188
138660	0.01064699815
138661	0.002986314224
138662	0.01281531764
138663	0.01036825832
138664	0.003761486304
138665	0.0004648514368
138666	0.001442288923
138667	0.01428142557
138668	0.0002884683116
138669	0.002496144083
138670	0.007288613378
138671	4.034311548e-05
138672	0.002991371453
138673	0.005311974986
138674	0.005606990974
138675	0.001324514952
138676	0.004321646096
138677	0.002456976757
138678	0.01615438957
138679	0.002961322292
138680	0.0005494860465
138681	0.01292403174
138682	0.003227976089
138683	0.003339633414
138684	0.008445429583
138685	0.005002844745
138686	0.0006916494716
138687	0.004277491515
138688	0.0006438817012
138689	0.006365905357
138690	0.001838977029
138691	0.006809762147
138692	0.002800424683
138693	0.001035816215
138694	0.007433975625
138695	0.004507850558
138696	0.004192783933
138697	0.005556883339
138698	0.003638999359
138699	0.01169878393
138700	0.004508284024
138701	0.0003234708772
138702	0.006045168033
138703	0.002622667433
138704	0.0006275053846
138705	0.01012965703
138706	0.01498193036
138707	0.01263382876
138708	0.006778647681
138709	0.001112110071
138710	0.008273699005
138711	0.004755505818
138712	0.006159429794
138713	0.008341097564
138714	0.006152142303
138715	0.01013094095
138716	0.01072038459
138717	0.004525034952
138718	0.005162207228
138719	0.008243900456
138720	0.01622092222
138721	0.0005034444453
138722	9.961307104e-05
138723	0.0098967667
138724	0.009917099718
138725	0.003723105305
138726	0.008250826973
138727	0.00241902434
138728	0.004020893307
138729	0.005341126997
138730	0.01211135341
138731	4.181983248e-05
138732	0.003385920434
138733	0.01016145201
138734	0.008400607935
138735	0.000604524506
138736	0.01378722524
138737	0.005024504623
138738	0.001927719655
138739	0.004081688719
138740	0.001309789504
138741	0.007827491249
138742	0.001654787784
138743	0.008870117346
138744	0.002077186502
138745	0.00873705034
138746	0.002376052147
138747	0.003861690935
138748	0.008696410151
138749	0.000488853736
138750	0.01431011626
138751	0.001477734086
138752	0.0008297106519
138753	0.008672128423
138754	0.007752859421
138755	0.007897039634
138756	0.004093336591
138757	0.0009269921249
138758	0.0004149378456
138759	0.006095754944
138760	0.006921279488
138761	0.002451684704
138762	0.001684191909
138763	0.01709625081
138764	0.005688314149
138765	0.009122334625
138766	0.005310465121
138767	0.005455932125
138768	0.001326140023
138769	0.003128933166
138770	0.0001337377159
138771	0.01016731572
138772	0.002195080153
138773	0.003446744244
138774	0.001000418473
138775	0.005605113268
138776	0.009555926813
138777	0.006813130573
138778	0.01137275471
138779	0.006562306912
138780	0.02574746282
138781	0.001318345702
138782	0.00364865698
138783	0.0004240417674
138784	0.0170066632
138785	0.003815269872
138786	0.004559446939
138787	0.001090769627
138788	0.01149396502
138789	0.01204631988
138790	0.009240268063
138791	0.01025550023
138792	0.0003134800584
138793	0.01014731838
138794	0.0007318358712
138795	0.004554166885
138796	0.009541012226
138797	0.000208899627
138798	0.001282493897
138799	0.005169706927
138800	0.006505464455
138801	0.002087113432
138802	0
138803	0.00878744815
138804	0.01125647056
138805	0.002862641442
138806	0.006664700122
138807	0.001031366331
138808	0.007047247739
138809	0.003452030666
138810	0.008030929762
138811	0.006760275558
138812	0.008673249347
138813	0.01624965428
138814	0.0043728019
138815	0.003693345851
138816	0.007883093782
138817	0.003194877772
138818	0.004929500566
138819	0.002607740767
138820	0.003890870255
138821	0.008548743364
138822	0.004097135874
138823	0.004267834656
138824	0.001519893491
138825	0.006464878203
138826	0.007917943212
138827	0.004609903438
138828	0.0006660299276
138829	0.0006810504348
138830	0.001717424277
138831	0.009021533033
138832	0.003983578936
138833	5.540939776e-05
138834	4.935543533e-05
138835	0.004060369791
138836	0.00307965643
138837	0.0006493394714
138838	0.005164418656
138839	0.002804354348
138840	0.005318607217
138841	0.0002274132965
138842	0.0004110208234
138843	0.001712847634
138844	0.001738825327
138845	0.003837462798
138846	0.007232993349
138847	0.008349991202
138848	0.003570397781
138849	0.004041918142
138850	0.009791944379
138851	0.002154539961
138852	0.008948701996
138853	0.01265868117
138854	0.002069068607
138855	0.0001203411888
138856	0.0005379728233
138857	0.00684579387
138858	0.003300828755
138859	0.00479872709
138860	0.009668527333
138861	0.01336147619
138862	0.0006072601073
138863	0.00726796029
138864	0.0009774409808
138865	0.001688351934
138866	0.001018950232
138867	0.0003549895685
138868	0.003410576839
138869	0.003719232871
138870	0.01064780874
138871	0.005849227798
138872	0.001945438159
138873	0.002393468588
138874	0.003381020995
138875	0.007297563446
138876	0.01180966598
138877	0.001630385207
138878	0.00736732
138879	0.003243153736
138880	0.004514141279
138881	0.002392548166
138882	0.008688115766
138883	0.002502182821
138884	0.003899401398
138885	0.005736469026
138886	0.007521976642
138887	0.004366564191
138888	0.00643728508
138889	0.0114994476
138890	0.01658483152
138891	0.003142036652
138892	0.0001791578864
138893	0.008368392715
138894	0.005058810239
138895	0.007795378859
138896	0.001939690827
138897	0.005562138879
138898	0.002178445633
138899	0.0004010435972
138900	0.001915632676
138901	0.0003956914267
138902	0.0006145143603
138903	0.001484573922
138904	0.0009667462559
138905	0.002402555104
138906	0.001726910298
138907	0.0008955268119
138908	0.002881398205
138909	0.0007453441688
138910	0.01383488806
138911	0.0008170681248
138912	0.007205530434
138913	0.00357202734
138914	0.01594331573
138915	0.01070155503
138916	0.002718037731
138917	0.001679004347
138918	0.01050434138
138919	0.001077277976
138920	0.001533598168
138921	0.01384644146
138922	0.01159781599
138923	0.001587585462
138924	0.004192451451
138925	0.002408931892
138926	0.002386790161
138927	0.000251479188
138928	0.0006213328589
138929	0.004720148102
138930	0.01632821368
138931	0.005790129447
138932	0.003775792288
138933	0.004240540575
138934	0.0001855809619
138935	0.004025117255
138936	0.007128256772
138937	0.002926465141
138938	0.002474735274
138939	0.002667360827
138940	0.01192913327
138941	0.005378734448
138942	0.007640596158
138943	0.0002386557573
138944	0.006717943115
138945	0.004474624329
138946	0.004351266191
138947	0.01109122147
138948	9.193333596e-05
138949	0.009981421927
138950	0.002777870284
138951	0.004367238257
138952	0.006901456214
138953	0.001382993704
138954	0.008907146441
138955	0.0001243464102
138956	0.01104619483
138957	0.00477305436
138958	0.0004217205386
138959	0.001091391012
138960	0.005507959562
138961	0.009702537577
138962	0.002882944776
138963	0.006334293968
138964	0.01401783376
138965	0.0007551364002
138966	0.01670939822
138967	0.00312537799
138968	0.004032909992
138969	0.01166350247
138970	0.008725576417
138971	0.004315886411
138972	0.00409931029
138973	0.006823957511
138974	0.003013730806
138975	0.001247105945
138976	0.003647979678
138977	0.00288661986
138978	0.0007878319516
138979	0.004460735587
138980	0.002427450639
138981	0.006414510691
138982	0.001347756119
138983	0.003372652232
138984	0.004704883299
138985	0.008848719023
138986	0.003737960895
138987	0.0007100021504
138988	0.003880800159
138989	0.007137053878
138990	0.01132768008
138991	0.0005852726454
138992	0.002713063656
138993	0.02157195203
138994	0.0006309911828
138995	0.0007837249869
138996	0.003064884432
138997	0.004260155767
138998	0.008885878837
138999	0.001087515852
139000	0.001045229229
139001	0.0009891367884
139002	0.001202629388
139003	0.005750355149
139004	0.002679694215
139005	0.005871550834
139006	0.00123049074
139007	0.0009503290342
139008	0.008118093084
139009	0.003531098603
139010	0.0004686784391
139011	0.001303732802
139012	0.002212916416
139013	0.002153868799
139014	0.0008612635952
139015	0.007159896282
139016	0.003745052804
139017	0.005073577379
139018	0.000995439416
139019	0.008874004852
139020	0.003664621871
139021	0.0008299910414
139022	0.002740593825
139023	0.008266544815
139024	0.001635416579
139025	0.0006904567672
139026	0.002332112172
139027	0.01293335085
139028	0.005292221296
139029	0.004747156859
139030	0.005311470529
139031	0.001929910037
139032	0.0016691625
139033	0.006266086612
139034	0.002128872377
139035	0.00241100115
139036	0.0008548555806
139037	0.006174088922
139038	0.004229794715
139039	0.004974609107
139040	0.006860836518
139041	0.002781652283
139042	0.01421272623
139043	0.004038266031
139044	0.001768615082
139045	0.002682596466
139046	0.01247642931
139047	0.004196893907
139048	0.00102761118
139049	0.003834632889
139050	0.01791014551
139051	0.004986362335
139052	0.00181672621
139053	0.004770258988
139054	0.002274346568
139055	0.002956745224
139056	0.001434945957
139057	0.001315958747
139058	0.008836317446
139059	0.0008096268325
139060	0.003386179745
139061	0.00445656784
139062	0.00737079393
139063	0.002159930518
139064	2.052223681e-05
139065	0.003733258873
139066	0.001632007301
139067	0.005971391897
139068	0.003962128905
139069	0.009873535051
139070	0.004386044715
139071	0.006946591391
139072	0.00138439108
139073	0.001464036637
139074	0.0108246083
139075	0.00155131297
139076	0.005612025579
139077	2.457979729e-05
139078	0.0004877424701
139079	0.009484506836
139080	0.001413054434
139081	0.01074033246
139082	0.001997424033
139083	0.002617221893
139084	0.002808258629
139085	0.008636759504
139086	0.001801350729
139087	0.0004046949005
139088	0.005212598234
139089	0.001996177127
139090	0.01356018159
139091	0.001000595555
139092	0.005956553484
139093	0.01441197459
139094	0.005768634657
139095	0.01000513805
139096	0.006901269373
139097	0.003849263898
139098	0.007460906592
139099	0.000637128185
139100	0.003136093201
139101	0.001102137871
139102	0.001001065576
139103	0.00214840545
139104	0.006407245379
139105	0.004628155817
139106	0.00166650758
139107	0.01179320945
139108	0.004130725557
139109	0.004033428048
139110	0.005497473674
139111	0.002005326019
139112	0.01929212553
139113	0.005513080095
139114	0.007955370324
139115	0.007066184475
139116	0.0001348073664
139117	0.001281146889
139118	0.0008568714334
139119	0.001794138752
139120	0.003391486861
139121	0.008413820124
139122	0.0007502922873
139123	0.00236367392
139124	0.004288693061
139125	0.008575938281
139126	0.00489619649
139127	0.01310142447
139128	0.0002950939737
139129	0.003090430198
139130	0.000879482519
139131	0.0004256580974
139132	0.005012257333
139133	0.01363499105
139134	0.001823940811
139135	0.0003269965427
139136	0.003408754168
139137	0.007563324347
139138	0.002486882394
139139	0.005592894832
139140	0.01048453405
139141	0.001824285024
139142	0.002196297451
139143	0.003588393946
139144	0.002804286593
139145	0.00516363329
139146	0.0001268593489
139147	0.00208646411
139148	0.002739726141
139149	0.001458906595
139150	0.007753797385
139151	0.01066115669
139152	0.008275232428
139153	0.001832278798
139154	0.002266483857
139155	0.01506184889
139156	0.0005935170995
139157	0.004480782107
139158	0.007041629542
139159	0.0005875009879
139160	0.00273134586
139161	0.003408519166
139162	0.0020858634
139163	0.001916811978
139164	0.001067272631
139165	0.005613935131
139166	0.0006143991426
139167	0.002183061077
139168	0.001561400435
139169	0.006686706999
139170	0.0004176695935
139171	0.002534341737
139172	0.0007127282185
139173	0.005573730729
139174	0.005563148662
139175	0.0001278654521
139176	0.00223675608
139177	0.002135303538
139178	0.005609074506
139179	0.002779314092
139180	0.0009748061848
139181	0.007832307586
139182	2.39244903e-05
139183	0.003663269622
139184	0.0007023584622
139185	0.01854988526
139186	0.002013942042
139187	0.003310221672
139188	0.003432753936
139189	0.002279000943
139190	0.004043417925
139191	0.0006310675233
139192	0.00368952183
139193	0.002428088876
139194	0.006012252365
139195	0.004240056837
139196	0.005710119646
139197	0.005969820012
139198	0.007681940672
139199	0.003903899725
139200	0.001142984528
139201	0.01057422188
139202	0.0137511992
139203	0.0001957935053
139204	0.000723801108
139205	0.0002873451368
139206	0.005130777738
139207	0.0021082249
139208	0.0006774508635
139209	0.002570316259
139210	0.002545951128
139211	0.003100436423
139212	0.0002026564246
139213	0.0009656500013
139214	0.007645753144
139215	0.002507833657
139216	0.00288800176
139217	0.009545258547
139218	0.001359445076
139219	0.0005262055228
139220	0.01469616821
139221	0.002494570023
139222	0.001276280017
139223	0.001871650124
139224	0.007361627243
139225	0.001135833308
139226	0.0005158626397
139227	5.396357882e-05
139228	0.002690128041
139229	0.00398041465
139230	0.006327662958
139231	0.001528548283
139232	0.001104174598
139233	0.003388089521
139234	0.001287706308
139235	0.0009217583302
139236	0.004278034522
139237	0.004641763233
139238	0.004559002105
139239	0.003914860567
139240	0.009800352176
139241	0.006360581157
139242	0.0007580250285
139243	0.007146883726
139244	0.001100819482
139245	0.0008780627944
139246	0.001086321046
139247	0.003172164545
139248	4.366764855e-05
139249	0.002222585868
139250	0.001607980488
139251	0.004288643265
139252	0.001558478637
139253	0.005172866289
139254	0.00830732834
139255	0.001992126624
139256	0.001489768723
139257	0.0008479202833
139258	0.008551659395
139259	0.006658030778
139260	0.005738694504
139261	0.01112830677
139262	0.003778617826
139263	0.005737786611
139264	0.006523819378
139265	0.006327401379
139266	0.004493979266
139267	0.009375681807
139268	0.0004951689001
139269	0.005347412307
139270	0.002434326212
139271	0.01762258688
139272	0.002165357796
139273	0.001183736578
139274	0.004878592969
139275	0.0008252825606
139276	0.00823965777
139277	0.001211450091
139278	0.008707041601
139279	0.003140010704
139280	0.002199093383
139281	0.007608690923
139282	0.004421068823
139283	0.008857108216
139284	0.001914172274
139285	5.646227229e-05
139286	0.006324571223
139287	0.001315902758
139288	0.003357239158
139289	0.00251248816
139290	0.001370294719
139291	0.0001426730773
139292	0.0007312775265
139293	0.005963793558
139294	0.01405717085
139295	0.0001806956437
139296	0.006165799273
139297	0.0001664847495
139298	0.002625882376
139299	0.002469335407
139300	0.00786136503
139301	0.001632957062
139302	0.01198462865
139303	0.0007869839803
139304	0.001503999595
139305	0.008482422027
139306	0.008404127599
139307	0.0141741455
139308	0.002826572278
139309	0.002175949955
139310	0.004014235264
139311	0.005216079945
139312	0.003548316935
139313	0.00120494578
139314	0.002422195502
139315	0.00134989055
139316	0.003746014474
139317	0.001025548574
139318	0.001013720029
139319	0.004089066166
139320	0.0147270591
139321	0.000661852396
139322	0.009606526566
139323	0.002951692854
139324	0.002026697541
139325	0.002782001937
139326	0.002793781716
139327	0.001265364673
139328	0.0009398269532
139329	0.001556094573
139330	0.00531543538
139331	0.004479435507
139332	0.01035321475
139333	0.006393028179
139334	0.009728443637
139335	0.003252973371
139336	0.008054940604
139337	0.00279801887
139338	0.003562915649
139339	0.001379285752
139340	0.007322810687
139341	0.008059562814
139342	0.005740189614
139343	0.00221786956
139344	0.01183076544
139345	0.0001697981674
139346	0.001041533283
139347	0.002677080449
139348	0.002221700511
139349	0.004880487861
139350	0.005794871299
139351	0.003523947862
139352	0.003540625664
139353	0.00381555443
139354	0.009389006709
139355	0.002018529935
139356	0.01188579129
139357	0.0002803267349
139358	0.0007060497759
139359	0.001570555859
139360	0.0006161096617
139361	0.001666730725
139362	0.0002375973509
139363	4.958467257e-05
139364	0.0001013429464
139365	0.0005191441107
139366	7.879533842e-05
139367	0.001020137896
139368	0.001021586253
139369	0.000641871407
139370	0.001490839723
139371	0.000531247388
139372	0.000508962488
139373	0.0001136291576
139374	0.01397535714
139375	0.001296265876
139376	0.001917437585
139377	0.0007037499415
139378	0.0052350341
139379	0.007921388623
139380	0.01927739248
139381	0.004541316617
139382	0.00157624086
139383	0.002243149022
139384	8.297065172e-05
139385	0.003948477008
139386	0.004463200173
139387	0.006680929394
139388	0.003389290955
139389	0.001106501268
139390	0.0001365383372
139391	0.0002878342434
139392	0.004754828977
139393	0.007395849876
139394	0.002413326929
139395	0.005577727299
139396	0.0009859166117
139397	0.002827271554
139398	0.006571285427
139399	0.003424476131
139400	0.002373846905
139401	0.003422658206
139402	0.003506399736
139403	0.0002596137255
139404	0.0002475581752
139405	0.001726263183
139406	0.001064493182
139407	0.004726273488
139408	0.005260267985
139409	0.002395972132
139410	0.001538155989
139411	0.002413474208
139412	0.002457597939
139413	0.001049635837
139414	0.0009613019892
139415	0.0006889136536
139416	0.0007300853688
139417	0.006588689711
139418	0.01172357929
139419	0.001019696254
139420	0.01269890376
139421	0.0003736739287
139422	0.00227976298
139423	0.00420930293
139424	0.001880381766
139425	0.0001842466972
139426	0.003996225593
139427	0.01097940208
139428	0.002327207911
139429	0.01041817868
139430	0.007895809554
139431	0.005472626468
139432	0.001027486946
139433	0.009025308682
139434	0.005313007284
139435	0.01239021286
139436	0.00448985037
139437	0.00854071681
139438	0.004897286297
139439	0.006445745412
139440	0.000577244627
139441	0.0009782104067
139442	0.001592087537
139443	0.006850557984
139444	0.001652156561
139445	0.002418754627
139446	0.003270027078
139447	0.002132902486
139448	0.0008812666997
139449	0.000355628469
139450	0.002412418549
139451	0.0001077230149
139452	0.002696761921
139453	0.003174537598
139454	0.002348049745
139455	0.004666380081
139456	0.003662658359
139457	0.003153927236
139458	0.004266851571
139459	0.002412140113
139460	0.008510696006
139461	0.005976059402
139462	0.007405078391
139463	0.004696879978
139464	0.004677155705
139465	0.005415602758
139466	0.007337693196
139467	0.004400001416
139468	0.01014668501
139469	0.002384712621
139470	0.009610184691
139471	0.00329169913
139472	0.004656006846
139473	0.001877833703
139474	0.008825534211
139475	0.001249542668
139476	0.01020722215
139477	0.009210469799
139478	0.005533091121
139479	0.001199616677
139480	0.002979349957
139481	0.005284299095
139482	0.004463072626
139483	0.0004409939934
139484	0.004530197298
139485	0.0004588162284
139486	0.003086267041
139487	0.0108609761
139488	0.001377394291
139489	0.007657796396
139490	0.0043335622
139491	0.004489892268
139492	0.002708578257
139493	0.0004919134061
139494	0.007919175012
139495	0.01178381593
139496	0.01775195277
139497	0.005502473445
139498	0.01071422208
139499	0.005118891074
139500	0.002970473843
139501	0.001880119386
139502	0.01009130712
139503	0.00321381896
139504	0.001196685398
139505	0.001142521488
139506	0.007049928729
139507	0.004322346507
139508	0.003193110267
139509	0.0002466257452
139510	7.5420801e-07
139511	0.001008231475
139512	0.0006386843792
139513	0.0001852093647
139514	0.003437441423
139515	0.005775976356
139516	0.0132842904
139517	0.001821324595
139518	0.00697097908
139519	0.001820178542
139520	0.005112003016
139521	0.0003131446744
139522	0.001686517462
139523	0.0009235262588
139524	0.003401942758
139525	0.001983081208
139526	0.0001185100124
139527	0.002029198838
139528	0.005107884631
139529	0.002626402717
139530	0.001556078676
139531	0.0003797565526
139532	0.004120171125
139533	0.0003382316432
139534	0.0008710637344
139535	0.0005398421878
139536	0.0005643503921
139537	0.001557161705
139538	0.002720412393
139539	0.002040436133
139540	0.0002641117662
139541	0.004097523234
139542	0.001771082343
139543	0.002828400783
139544	0.0004572338759
139545	0.0005218686672
139546	0.002375888661
139547	0.002356838782
139548	0.001551406123
139549	0.0008949510252
139550	0.0005292203213
139551	0.0002146417963
139552	0.001003413179
139553	0.001621398851
139554	0.007038536372
139555	0.007048324657
139556	0.0007033062401
139557	0.0001071735618
139558	0.002689371049
139559	0.004951456372
139560	0.003768931294
139561	9.546136829e-07
139562	0.002948732185
139563	0.004996089645
139564	0.002177745134
139565	0.0003123432441
139566	0.002127023053
139567	0.002076135092
139568	0.0007784242036
139569	0.0007794856179
139570	0.004411479433
139571	0.001911965663
139572	0.0008133467089
139573	0.001057315437
139574	0.004188005471
139575	0.001704704961
139576	0.0002484671598
139577	0.0003154026888
139578	0.0041474591
139579	0.001955338952
139580	0.005991445232
139581	0.003097438736
139582	0.001435235582
139583	0.004724907059
139584	0.002456089659
139585	0.003353955693
139586	0.001147798823
139587	0.002933548368
139588	0.005761641887
139589	0.0004205946904
139590	0.0003090823105
139591	0.001506294047
139592	0.001966276633
139593	0.001235439388
139594	0.003616745794
139595	0.00825104769
139596	0.005195863894
139597	0.0008237286852
139598	0.002035124527
139599	0.0001223811459
139600	0.0002824748026
139601	0.001308941101
139602	0.004519588598
139603	0.000122353946
139604	0.006801398086
139605	0.001296462649
139606	0.005314761829
139607	0.00801348581
139608	0.0002751733211
139609	0.005266068569
139610	0.001197474424
139611	0.002729304973
139612	0.0003962205714
139613	0.00124988866
139614	0.0007626177871
139615	0.003395715016
139616	0.0006881684197
139617	8.910862512e-05
139618	0.001213096165
139619	0.00618488651
139620	0.001843194555
139621	0.003421718354
139622	0.003475140612
139623	0.003246200549
139624	0.002654682572
139625	0.0007687229966
139626	0.005991603735
139627	0.0007966673058
139628	0.0006474092381
139629	0.002287904437
139630	0.002851992516
139631	0.006961771791
139632	0.0001694109921
139633	0.00673700429
139634	0
139635	0.001984815086
139636	0.002631505055
139637	0.005305288331
139638	0.003583216033
139639	0.007309316524
139640	0.007293964357
139641	0.001736911212
139642	0.002772803298
139643	0.003689664217
139644	0.0007999458016
139645	0.003308205856
139646	0.001450628561
139647	0.00200297455
139648	0.001321135582
139649	0.002713268876
139650	0.006485636605
139651	0.002369507799
139652	0.005011295404
139653	0.0002027806501
139654	0.0005185057331
139655	0.002008667068
139656	0.001410535305
139657	0.0005572367949
139658	0.0003332492635
139659	0.0007120382402
139660	0.001158957627
139661	9.715735753e-05
139662	0.0002388124622
139663	0.002261321478
139664	0.0003339462788
139665	0.001433582317
139666	0.000875676928
139667	2.901664397e-07
139668	0.001631439744
139669	0.0003595452976
139670	0.0005104960111
139671	6.367026169e-05
139672	0.0004921007878
139673	0.0008369761332
139674	0.0006976750809
139675	7.977728904e-05
139676	0.0007598874147
139677	0.004248580052
139678	0.002350592994
139679	0.0001512460893
139680	0.002418971237
139681	0.0001643466439
139682	0.003244759021
139683	0.00212406694
139684	0.00196973415
139685	0.0004041660634
139686	0.001298542819
139687	0.002822996935
139688	0.002337982645
139689	0.003865934567
139690	0.004768006196
139691	0.001784459837
139692	0.0003182866503
139693	0.002002830704
139694	0.001296274215
139695	0.003597482708
139696	0.001063020851
139697	0.0003614802388
139698	0.002428735076
139699	0.0008109269986
139700	0.001047325018
139701	0.000828472089
139702	0.001063234805
139703	0.002653762642
139704	0.001187501789
139705	0.0004196353428
139706	0.003734621604
139707	0.0007129130204
139708	0.001889216439
139709	0.001653757371
139710	0.003381503029
139711	0.001135718943
139712	0.005153499336
139713	0.004701445474
139714	0.0008817361984
139715	0.002684436215
139716	0.001845315075
139717	0.0006493773858
139718	0.003238178028
139719	0.001005274126
139720	0.0004530360422
139721	0.0009179327227
139722	0.001531904133
139723	0.001219810335
139724	0.002416119488
139725	0.00100757052
139726	0.0007873058728
139727	0.000366481728
139728	0.002326433289
139729	0.0007123721156
139730	0.002298728011
139731	0.000169739991
139732	0.001636584094
139733	0.002621942289
139734	0.002073786977
139735	0.002418008054
139736	0.0006436482514
139737	0.00130040717
139738	0.0001616859016
139739	0.0005631288557
139740	0.001861053651
139741	0.005340688569
139742	0.002214804472
139743	0.0006400986356
139744	0.0004274641495
139745	0.002699387333
139746	0.0009980418342
139747	0.002533875753
139748	0.0003895387491
139749	0.001671283027
139750	0.0002117445864
139751	0.001388540629
139752	0.0006090065335
139753	2.657052416e-05
139754	0.000757764595
139755	0.005254857917
139756	6.895171257e-07
139757	0.0007754459718
139758	1.048233776e-06
139759	0.001459413193
139760	0.002213931979
139761	0.0006859160756
139762	0.002576114746
139763	0.002173713577
139764	0.002426572634
139765	0.0009488075718
139766	0.001636179868
139767	0.000656951676
139768	0.0001818542186
139769	0.004832701235
139770	0.0008796743789
139771	0.001101773946
139772	0.001105234131
139773	0.002845211692
139774	0.00142181835
139775	0.006157018804
139776	0.0002440161667
139777	7.715215738e-06
139778	0.003954695243
139779	0.000616342491
139780	0.000311932336
139781	0.002192089922
139782	0.0008540916413
139783	0.001425964644
139784	0.002874955547
139785	0.00157979907
139786	0.0009514663955
139787	0.002861949137
139788	0.02134464855
139789	6.182010223e-05
139790	0.003693304854
139791	0.01010767655
139792	0.003469415544
139793	0.004203803336
139794	0.005829766543
139795	0.004082751075
139796	0.001073812048
139797	0.002334770052
139798	0.000671754243
139799	0.002141066645
139800	0.00963934661
139801	0.001145958251
139802	0.0005512999688
139803	0.005715927832
139804	0.006825607507
139805	0.001998006394
139806	0.001611698407
139807	0.003445846056
139808	0.001160942726
139809	0.003041102532
139810	0.007325967276
139811	0.002163256026
139812	0.003032233416
139813	0.002574850896
139814	0.005229200258
139815	0.002339402681
139816	0.005836686325
139817	0.01112907977
139818	0.0006907561054
139819	0.0001724051447
139820	0.002951146882
139821	0.000177812617
139822	0.0001188221525
139823	0.005297153249
139824	0.002529768716
139825	0.005020742934
139826	0.0001435328922
139827	0.0124029899
139828	0.002695481382
139829	0.001042691784
139830	0.005359833578
139831	0.003166548097
139832	0.001175342213
139833	0.004221525013
139834	0.0003080698826
139835	0.003452898435
139836	0.006094748101
139837	0.01524554454
139838	0.0003981587957
139839	0.0003171868845
139840	0.00179150313
139841	0.0007577334498
139842	0.001777520722
139843	0.002254801679
139844	0.007662387986
139845	0.007678118583
139846	0.0003921267728
139847	0.02038783915
139848	0.004589901308
139849	0.002514672715
139850	0.01177575487
139851	0.01259263511
139852	0.00263822065
139853	0.008257082467
139854	0.001769296189
139855	0.002128529613
139856	0.001594109423
139857	0.002492807215
139858	0.0003850239152
139859	0.0001653940684
139860	0.000229023802
139861	0.001472741241
139862	0.0006713979243
139863	0.004271641893
139864	0.002544696288
139865	0.002109106421
139866	0.001068361898
139867	0.007119489751
139868	0.001048290741
139869	0.003652430665
139870	1.948419951e-05
139871	0.002674714144
139872	2.982026007e-05
139873	0.002795511242
139874	0.002394892292
139875	5.254357858e-05
139876	0.0008439189373
139877	0.001407225252
139878	0.0006640916938
139879	0.0003227114904
139880	0.0003366047757
139881	0.001945470693
139882	0.002489151213
139883	0.001558311988
139884	0.001732791631
139885	0.003401698076
139886	0.0006837381093
139887	0.0001824663339
139888	0.001402089903
139889	0.003073273788
139890	0.0003842011732
139891	0.002519776222
139892	0.0007680064879
139893	0.0001405214897
139894	0.003327034281
139895	0.002668432683
139896	0.001557718619
139897	0.000959061571
139898	0.00159792142
139899	0.001002487773
139900	0.0006875318617
139901	0.001017953664
139902	0.001466413919
139903	0.0001739627279
139904	0.002338239497
139905	0.00225336443
139906	0.003123684239
139907	0.001703479419
139908	0.006411311618
139909	0.001103376146
139910	0.001587732149
139911	0.001477534149
139912	0.0005887872214
139913	8.05868445e-06
139914	0.01036438926
139915	0.006640130405
139916	0.005550495142
139917	0.0003110716052
139918	0.003702702982
139919	0.001831840884
139920	0.003335299391
139921	0.0005961533182
139922	0.0008319342689
139923	0.001083471605
139924	0.001054400652
139925	0.002273823066
139926	0.0008604882213
139927	0.009348047048
139928	0.01545402494
139929	1.657824934e-06
139930	2.836722664e-06
139931	0.002542048455
139932	0.0008907072086
139933	0.00444153983
139934	0.007688957008
139935	0.01402525909
139936	0.001574350835
139937	0.0004138558676
139938	0.004294600706
139939	0.005185422184
139940	0.008162897526
139941	0.002782759026
139942	0.00727213472
139943	0.002387690153
139944	0.002224762934
139945	0.0006707365734
139946	0.00645001629
139947	0.006370646098
139948	0.004449911162
139949	0.004947798951
139950	0.004379190294
139951	0.001803843553
139952	0.003103561435
139953	0.005568436776
139954	0.009873095331
139955	0.01430352799
139956	0.01013014271
139957	0.001409502857
139958	0.01005531492
139959	0.007701314524
139960	0.003924088177
139961	0.01178581642
139962	0.00163639653
139963	0.0009714976668
139964	9.982440017e-05
139965	0.003287695183
139966	0.001021275539
139967	0.01661218569
139968	0.0001444686254
139969	0.01178290274
139970	0.01462963846
139971	0.005158653817
139972	0.006335974066
139973	0.002031616497
139974	0.001068750102
139975	0.005258791314
139976	0.001781570263
139977	0.003880878406
139978	0.0003155243397
139979	0.0005838871289
139980	0.005640562537
139981	0.003170076733
139982	0.006966248769
139983	0.005668885197
139984	0.01052714617
139985	0.01098965553
139986	0.003218929682
139987	0.007574024009
139988	0.001082124728
139989	0.003722184121
139990	0.005029373553
139991	0.006479505231
139992	0.002828133321
139993	0.01230882563
139994	0.003655682385
139995	0.008482125878
139996	0.001519084716
139997	0.003266273729
139998	7.067898233e-05
139999	0.002999131645
140000	0.009165473079
140001	0.003720527581
140002	0.002388478269
140003	0.005384605908
140004	0.008390766575
140005	0.002727517469
140006	0.007112537852
140007	0.003331349378
140008	0.0005526771746
140009	0.001493638039
140010	0.0007373846792
140011	0.007370912625
140012	0.01087325926
140013	0.003438584256
140014	0.001386955857
140015	0.003149786991
140016	0.0002377842227
140017	0.009116843671
140018	0.0135620065
140019	0.005551923576
140020	0.00793180693
140021	3.131737382e-05
140022	0.002922569679
140023	0.0077107699
140024	0.0008034211548
140025	0.002214425455
140026	0.01124160761
140027	0.01505681207
140028	0.001061830057
140029	0.002154163198
140030	0.00182931827
140031	0.0032821596
140032	3.2585623e-05
140033	0.0006490180387
140034	0.01005717576
140035	0.007173645497
140036	0.003583032143
140037	0.004601451057
140038	0.0008422085049
140039	0.003030603592
140040	0.002424543783
140041	0.00518790984
140042	0.01031657544
140043	0.004574320152
140044	0.002670397575
140045	0.004209776124
140046	0.002103722811
140047	0.00925263154
140048	0.00151371403
140049	0.007817034685
140050	0.0009797143771
140051	0.002177673342
140052	0.003001503982
140053	0.002327606335
140054	0.001918277711
140055	0.0005889014531
140056	0.008646573798
140057	0.0002453824946
140058	0.01209383546
140059	0.0002682597746
140060	0.01752972159
140061	0.003232073975
140062	0.003519695137
140063	0.00282504418
140064	0.006255999425
140065	0.0002727517485
140066	0.006937719009
140067	0.00110141493
140068	0.008964492575
140069	0.003958997515
140070	0.001861585326
140071	0.002344485298
140072	0.009460415237
140073	0.003183176389
140074	0.003958857375
140075	0.01054858174
140076	0.009738876314
140077	0.01248607567
140078	0.005182945055
140079	0.009917871052
140080	0.005514118913
140081	0.005551274301
140082	0.0007616353979
140083	0.003165339142
140084	0.0009029870703
140085	0.01118593382
140086	0.006769130844
140087	0.01837821376
140088	0.001745031772
140089	0.0113524741
140090	0.002710973585
140091	0.00112392522
140092	0.002079150701
140093	0.001826032735
140094	0.0002417059427
140095	0.006116789457
140096	0.006156781613
140097	0.002038593019
140098	0.001458578696
140099	0.01369206439
140100	0.00357770166
140101	0.009898235214
140102	0.004234940788
140103	0.01435743182
140104	0.004367289199
140105	0.003974642325
140106	0.006080139457
140107	0.01292656243
140108	0.01018851622
140109	0.001868673302
140110	0.0002536239962
140111	0.008323688548
140112	0.007700390559
140113	0.003292996871
140114	0.005032295837
140115	0.005484110476
140116	0.001239757284
140117	0.006097380921
140118	0.002870247679
140119	0.002976060002
140120	0.003486801772
140121	0.005741963065
140122	0.002267375761
140123	0.003244005495
140124	0.003163529654
140125	0.007749746796
140126	0.0003705045791
140127	0.007971075931
140128	0.002588037399
140129	0.00826115791
140130	0.001405092404
140131	0.0006936515889
140132	0.0012734423
140133	0.009204416946
140134	0.002626214499
140135	5.578078951e-05
140136	0
140137	0.005864170885
140138	0.00911337017
140139	0.001659768203
140140	0.008147190233
140141	0.005377437659
140142	0.001196220519
140143	0.0019823121
140144	0.002973676926
140145	0.01217123055
140146	0.003637845698
140147	0.01338498216
140148	0.001240110581
140149	0.01342146762
140150	0.005792247772
140151	0.0001722153355
140152	0.0002956510815
140153	0.008929108528
140154	0.00965198169
140155	0.001175013131
140156	0.00580852875
140157	0.005793067384
140158	0.002264793802
140159	0.00245558056
140160	0.01688433004
140161	0.0009354562505
140162	0.004610697022
140163	0.005916780729
140164	0.0004901919031
140165	0.001392198984
140166	0.002632523034
140167	0.002636461025
140168	0.002582516185
140169	0.000199378437
140170	0.001139740691
140171	0.002052672935
140172	2.137713888e-05
140173	0.002880749815
140174	0.006887896356
140175	0.003940472957
140176	0.0009594070497
140177	0.003888083767
140178	0.006570899366
140179	0.00793669486
140180	0.003480749913
140181	0.001505629331
140182	0.008255042218
140183	0.01140707613
140184	0.009803755489
140185	0.005031029297
140186	0.004908950098
140187	0.008142706562
140188	0.0124023012
140189	0.005860741823
140190	0.0008003266639
140191	0.00389772099
140192	0.002458480014
140193	0.002004415679
140194	0.004194018109
140195	0.01467032109
140196	0.001950625938
140197	0.01066895574
140198	0.0005558474305
140199	0.006595272785
140200	0.00405785644
140201	0.006462285538
140202	7.555795985e-05
140203	0.005771774127
140204	0.003957622971
140205	0.008007775412
140206	0.001060642842
140207	0.00535505916
140208	0.002156876767
140209	0.002673262912
140210	0.00297559472
140211	0.0004660269358
140212	0.01351208996
140213	0.005039405107
140214	0.006127374384
140215	0.00112182066
140216	0.0008226958529
140217	0.01052710277
140218	0.003874226676
140219	0.003998228777
140220	0.0004925667977
140221	0.005255859226
140222	0.001037925635
140223	0.003041086749
140224	0.006741798614
140225	0.003185451571
140226	0.003081170834
140227	0.008180633442
140228	0.009703450394
140229	0.005437537045
140230	0.00432253185
140231	0.003721524169
140232	0.004927440781
140233	0.01807622885
140234	0.01852692282
140235	0.01439949992
140236	0.003535980695
140237	0.01068541098
140238	0.007431564865
140239	0.003569660647
140240	0.006181603064
140241	0.006428075445
140242	0.008004642376
140243	0.004623314637
140244	0.005178475385
140245	0.005253483645
140246	0.002255143428
140247	0.002305541241
140248	0.01044734126
140249	0.009031219709
140250	0.01181217292
140251	0.003529071965
140252	0.001091114217
140253	0.005053305321
140254	0.01351204358
140255	0.01085310571
140256	0.001058392649
140257	0.01724192137
140258	0.006128574891
140259	0.00180859666
140260	0.000697119205
140261	0.004306432479
140262	0.0008500595172
140263	0.006844016148
140264	0.0001656504953
140265	0.006148052207
140266	0.0007416203639
140267	0.0007777779945
140268	0.0153385269
140269	0.01239723041
140270	0.01420986915
140271	0.0001453886513
140272	0.001598857155
140273	0.002763406869
140274	0.0022772179
140275	0.002639686746
140276	0.004779119021
140277	8.19888672e-05
140278	0.00420885293
140279	0.003656532807
140280	0.01124850268
140281	0.003532173009
140282	0.001875479595
140283	0.003260857871
140284	0.0005566125546
140285	0.01236842863
140286	3.011209903e-05
140287	0.0009962811025
140288	0.001818948513
140289	0.0009213702042
140290	0.001867272461
140291	0.003384389611
140292	0.003251829255
140293	0.004101961246
140294	0.003198645073
140295	0.00569934677
140296	0.003789824488
140297	0.008544797758
140298	0.003292193359
140299	0.008799129029
140300	0.01013019511
140301	0.001084848931
140302	0.006249470528
140303	0.0005268995517
140304	0.002538656043
140305	0.0002234940492
140306	0.002595996362
140307	0.003725958191
140308	0.001479138709
140309	0.002374754591
140310	0.005557025843
140311	0.002885164973
140312	0.01005662113
140313	0.005670077125
140314	0.003851412727
140315	0.0004400444938
140316	0.01119407111
140317	0.004194235535
140318	0.0004263748339
140319	0.003593479036
140320	0.002998276636
140321	0.004633886272
140322	0.0007412150245
140323	0.002435660605
140324	0.0005085999464
140325	0.001788155146
140326	0.007040130461
140327	0.002014077115
140328	0.004405965112
140329	0.003724878818
140330	0.008990520115
140331	0.0004387284257
140332	0.001845673904
140333	0.007773679611
140334	0.01271861216
140335	0.007523396433
140336	0.0001453846749
140337	0.001202895373
140338	0.00406937097
140339	0.003277124439
140340	0.002968500725
140341	0.0003562944006
140342	0.006114245534
140343	0.01088889414
140344	0.001120100518
140345	0.005907032469
140346	0.001789741339
140347	0.0007797944808
140348	7.175918697e-05
140349	0.002437804409
140350	0.002313373475
140351	0.001276872854
140352	0.003352972595
140353	0.01346666591
140354	0.006289308576
140355	0.003578878732
140356	0.009557682375
140357	0.007077366743
140358	0.0005403573669
140359	0.002243758389
140360	0.001639001789
140361	0.002813255681
140362	8.596129286e-08
140363	0.005341740502
140364	0.00338055302
140365	0.007578564652
140366	0.01036404042
140367	0.005088870077
140368	0.007530684646
140369	0.01081789656
140370	0.003067634841
140371	0.001657285887
140372	0.007166081446
140373	0.001791667594
140374	0.001277234355
140375	0.0006693903645
140376	0.008028606729
140377	0.001067035538
140378	0.004885222752
140379	0.0003675746173
140380	0.007961308927
140381	0.001610793233
140382	0.004903906297
140383	0.0008694327748
140384	0.00480386592
140385	0.004743120591
140386	0.0005763505512
140387	0.003800729089
140388	0.001121930581
140389	0.005735781992
140390	0.001261651042
140391	0.002219746144
140392	9.634894692e-08
140393	0.00302717565
140394	0.005282270216
140395	0.002372308886
140396	0.005410744247
140397	0.003424366791
140398	0.007013905889
140399	0.004443318923
140400	0.01432596881
140401	0.005554129713
140402	0.009643023505
140403	0.001526210684
140404	0.0003618369655
140405	0.002467650212
140406	0.0003932648573
140407	0.0006728763745
140408	0.001356524081
140409	0.001343365733
140410	0.0007917688014
140411	0.0005591685469
140412	0.0008417331173
140413	0.0004759125365
140414	0.0003885708456
140415	0.001172790616
140416	0.002594529664
140417	0.0001942061527
140418	0.002168135604
140419	0.0007576416137
140420	0.0006099324466
140421	9.910413979e-05
140422	0.001895017541
140423	0.0006710752947
140424	0.00025605542
140425	0.000607516762
140426	0.0001589284326
140427	0.0009729288989
140428	0.001037571752
140429	0.0001940901704
140430	0.0008549985218
140431	0.0007155335733
140432	0.0005526542498
140433	0.0007853589849
140434	0.0006186506158
140435	0.0001182915524
140436	0.001002909858
140437	0.001769000987
140438	0.0006319612682
140439	5.27009942e-05
140440	0.0004602426521
140441	0.001425365901
140442	0.000554047733
140443	0.001318341661
140444	6.366844003e-07
140445	0.001302702406
140446	0.0003142242593
140447	4.739790796e-05
140448	0.001294574391
140449	0.001844840562
140450	0.001015606714
140451	7.014171667e-05
140452	0.0001439797803
140453	0.0007132073226
140454	0.004393507479
140455	1.091987027e-05
140456	0.0008163552576
140457	0.001169846772
140458	0.0009681115765
140459	0.001416626735
140460	0.0007985138183
140461	0.002258779666
140462	0.001369599993
140463	7.153908243e-05
140464	0.0001715319691
140465	0.0003003102591
140466	0.005129687846
140467	0.003893612472
140468	2.109373238e-05
140469	0.001547896
140470	0.001791239862
140471	0.0009910337642
140472	0.001601306152
140473	0.006921511842
140474	0.002009870693
140475	0.001013675456
140476	0.001941198908
140477	0.001115375204
140478	0.001284656403
140479	0.002660662604
140480	0.002373243691
140481	0.001737858312
140482	0.001812612579
140483	0.000574163647
140484	0.0008668267354
140485	0.0007771687385
140486	0.0013255365
140487	0.0008590657709
140488	0.001156834824
140489	0.001153514137
140490	0.001244643764
140491	0.0007486312835
140492	0.001318028883
140493	3.166521782e-05
140494	0.001559222462
140495	0.00131156508
140496	0.001410072687
140497	0.001252808204
140498	0.001504701292
140499	0.001033363631
140500	0.0008999012642
140501	0.0007440466883
140502	0.001007502232
140503	0.001166494951
140504	0.0007336999261
140505	0.001278312365
140506	0.00157456812
140507	0.001256791982
140508	0.0005611491057
140509	0.0007225056373
140510	0.0001213912336
140511	0.00143856017
140512	0.0001635637542
140513	0.0008017733418
140514	0.001630276772
140515	0.0006134830715
140516	0.0008095915628
140517	0.001119641974
140518	0.001347733263
140519	0.001779328691
140520	0.001056961614
140521	0.0003571215734
140522	0.001119098962
140523	0.0006965530641
140524	0.0001891459586
140525	0.0008366528407
140526	0.0006253790438
140527	0.0005217132434
140528	0.0008606842373
140529	0.0008309572904
140530	0.0009529159896
140531	0.0005226629745
140532	0.001306698858
140533	0.0006058004627
140534	0.0009302865507
140535	0.002327145989
140536	0.002341139707
140537	0.0007418498475
140538	0.001065105589
140539	0.0008222441057
140540	0.001163837378
140541	0.00111914252
140542	0.002517565902
140543	0.0006786083146
140544	0.0005953566999
140545	0.0006333562206
140546	0.001380571612
140547	0.0001432260573
140548	0.002377292464
140549	0.007391837123
140550	0.01128790137
140551	0.01059909083
140552	0.006117016018
140553	0.001065554232
140554	0.005146674474
140555	0.001921507898
140556	0.0003482280721
140557	0.002144064414
140558	0.007063281084
140559	0.003825266639
140560	0.0007581074041
140561	0.004525337064
140562	0.0008743376424
140563	0.005846450128
140564	0.0007573889978
140565	0.002813947089
140566	0.003782168462
140567	0.00368471712
140568	0.003282052635
140569	0.00829736164
140570	0.01301292335
140571	0.005417306189
140572	0.001842836222
140573	0.01001098026
140574	0.005950037681
140575	0.001282495705
140576	0.01994358553
140577	0.01387850856
140578	0.002253232167
140579	0.004263554129
140580	0.007550136655
140581	0.005006106735
140582	3.862571784e-05
140583	0.002952924793
140584	0.002304686085
140585	0.004762939746
140586	0.008452043356
140587	0.006736695477
140588	0.005311545663
140589	0.0007606150209
140590	0.008852269947
140591	0.006896200309
140592	0.006212471013
140593	0.01005581643
140594	0.00238915603
140595	0.00401759232
140596	0.008451224682
140597	0.004074494293
140598	0.003552581012
140599	0.003271922587
140600	0.001900619599
140601	0.004214104471
140602	0.0006939514101
140603	0.004932809919
140604	0.002714290782
140605	0.0009422488508
140606	0.002298386674
140607	0.0007041348773
140608	0.001293910914
140609	0.005954097443
140610	0.0006205101533
140611	0.001899635247
140612	0.006456607321
140613	0.003794121568
140614	0.004638646442
140615	0.0002088710095
140616	0.007616018782
140617	0.001067244438
140618	0.005751257406
140619	0.0006360381617
140620	0.001872870175
140621	5.694891072e-05
140622	0.0005512435709
140623	0.001285244786
140624	0.005886244501
140625	0.001025054325
140626	0.007210435042
140627	0.004068784348
140628	0.0001309330348
140629	0.002380051151
140630	0.0008906481315
140631	0.0003918612119
140632	0.003852178126
140633	0.001719203734
140634	0.001836266554
140635	7.161799189e-05
140636	0.002806887395
140637	0.0005624188425
140638	0.0009387381857
140639	0.00669792473
140640	0.0008119487071
140641	0.0007753385857
140642	0.00223649371
140643	0.004327661458
140644	0.00745924544
140645	0.0004309505012
140646	0.002396580642
140647	0.001590188363
140648	0.001707303027
140649	0.006510820904
140650	0.002076653336
140651	0.00558368293
140652	0.001588342232
140653	0.0003768732115
140654	0.002725559578
140655	7.252078475e-05
140656	0.01000256273
140657	0.01128553998
140658	0.01331863655
140659	0.000233448356
140660	0.005559992332
140661	0.0003176365361
140662	0.005951979943
140663	0.004468606277
140664	0.002554343525
140665	0.006543114677
140666	0.009419752347
140667	0.0005322551307
140668	0.004311260269
140669	0.001379764363
140670	0.0002536797489
140671	0.008763430759
140672	0.004291159957
140673	0.001880261174
140674	0.003856670898
140675	0.0004888028057
140676	0.0001550600619
140677	0.007623209187
140678	0.002447255782
140679	0.0002501315448
140680	0.004649893065
140681	0.0008370439931
140682	0.0002448466013
140683	0.007870863638
140684	0.0008840793418
140685	0.00643862612
140686	0.004233994348
140687	0.0003833585586
140688	0.0005810934362
140689	0.0007195897087
140690	0.001716419682
140691	0.005971006372
140692	0.006953166923
140693	0.003054553
140694	0.005309073553
140695	0.005703149755
140696	0.0009385364963
140697	0.002952990121
140698	0.007473091236
140699	0.006676583114
140700	0.003948586868
140701	0.001487315525
140702	0.01021995563
140703	0.0006554088455
140704	0.01460405276
140705	0.00432468353
140706	0.007074386454
140707	0.002463127608
140708	0.001465722927
140709	0.009045752516
140710	0.005222518846
140711	0.0003898158871
140712	0.002604925711
140713	0.002077250073
140714	0.003444289723
140715	0.0008147228484
140716	0.004482880316
140717	0.002959988738
140718	0.005566375598
140719	0.0008222975223
140720	0.003462231651
140721	0.01198042379
140722	0.004631828236
140723	0.0007899469819
140724	0.001321309797
140725	0.004329749783
140726	0.005753724449
140727	0.003402447559
140728	0.003536347846
140729	0.003943013867
140730	0.001793451747
140731	0.003113721069
140732	0.001080360426
140733	0.0002831631072
140734	0.001571122823
140735	0.003717012193
140736	0.00351115685
140737	0.001366977228
140738	0.009255977008
140739	0.001596048107
140740	0.005865777276
140741	0.004553149104
140742	0.002818794032
140743	0.001973917407
140744	0.0007243813468
140745	0.0001319439011
140746	0.001426763839
140747	0.00118344549
140748	0.005053256515
140749	0.004569793304
140750	0.0005974411122
140751	0.001302488177
140752	0.001728784609
140753	0.001285112316
140754	0.0009080526682
140755	0.001744385514
140756	0.001510654297
140757	0.0008254376607
140758	0.003503325644
140759	0.0007980552092
140760	0.002838907525
140761	0.0074441574
140762	0.003498902224
140763	0.00364446788
140764	0.004656565378
140765	0.009788382934
140766	0.008319850986
140767	0.002445726792
140768	0.006579601964
140769	0.009620641684
140770	0.001712249101
140771	0.003831104683
140772	0.01141958292
140773	0.004394386503
140774	0.0006941783404
140775	0.002308486289
140776	0.0009756479824
140777	0.00803997669
140778	0.0004642980728
140779	0.001929872729
140780	0.003799604665
140781	0.0001338105502
140782	0.002778393107
140783	6.427170547e-05
140784	0.00140032964
140785	0.003628088147
140786	0.00600814358
140787	0.005552546731
140788	0.001176113578
140789	0.00647136932
140790	0.005346230398
140791	0.000312062354
140792	0.002876530055
140793	0.01004374521
140794	0.002970783363
140795	0.001903623335
140796	0.001560801681
140797	0.0008372760623
140798	0.007535358822
140799	0.006534852094
140800	0.009094269056
140801	0.002798959404
140802	0.002115641415
140803	0.006129453974
140804	0.00225009815
140805	0.002117873092
140806	0.004003393265
140807	0.001702065739
140808	0.001678665181
140809	0.01055226821
140810	0.004493997793
140811	0.005244174918
140812	0.0001078332937
140813	0.001849969819
140814	0.0004256269487
140815	0.004019042482
140816	0.002746464732
140817	0.004679084356
140818	0.00551529154
140819	0.009453839333
140820	0.002766759125
140821	0.003678576572
140822	0.00392359482
140823	0.0002359977338
140824	0.003442411141
140825	0.002546503197
140826	0.0009881578729
140827	0.005774347548
140828	0.0007589833472
140829	0.006189804201
140830	0.004484107925
140831	0.002025067852
140832	0.007354201751
140833	0.006246778313
140834	0.002402180841
140835	0.009402672837
140836	0.0007366843649
140837	0.006466703045
140838	1.16481234e-05
140839	0.005727266793
140840	0.005395154208
140841	0.003923825445
140842	0.004563955021
140843	0.00149516567
140844	0.006899997362
140845	0.00246824689
140846	0.002834240861
140847	0.007483850541
140848	0.0004359683858
140849	0.005312101855
140850	0.001102680042
140851	0.0001702210536
140852	0.001312193624
140853	5.364069024e-05
140854	0.004581070999
140855	0.005366701378
140856	0.0002538279688
140857	0.0005367072108
140858	0.003021436209
140859	0.002214683905
140860	0.002823929418
140861	0.0009376838262
140862	0.002920456345
140863	0.01012417082
140864	0.004316079604
140865	0.0001170695167
140866	0.006473969989
140867	0.001151897202
140868	0.005506954916
140869	0.00231730466
140870	0.004518954833
140871	0.004477113883
140872	0.0008917140181
140873	0.005314591347
140874	0.0007824516876
140875	0.003829260392
140876	0.0005129806781
140877	0.008818821549
140878	0.003267224714
140879	0.00182270036
140880	0.002184521792
140881	0.003464961127
140882	0.002031754414
140883	0.001222579047
140884	0.00315495063
140885	0.003718624997
140886	0.00118730007
140887	0.01455154221
140888	0.009978687738
140889	0.003084807104
140890	0.004512002938
140891	0.003956034117
140892	0.001718441302
140893	0.001355807198
140894	0.009077392476
140895	0.003694718485
140896	0.006490248068
140897	0.006051768219
140898	0.005611108682
140899	0.003173346163
140900	4.135554566e-05
140901	0.005085403946
140902	0.0003878414982
140903	0.002487078722
140904	0.0005184704552
140905	0.0009775188255
140906	0.0005817345198
140907	0.001132338053
140908	0.003235450336
140909	0.003453619574
140910	0.004178266109
140911	0.000223742918
140912	0.004255977952
140913	0.002976274745
140914	0.00700863285
140915	0.004183359562
140916	0.005208052387
140917	0.003902542505
140918	0.001959968791
140919	0.009991206898
140920	0.01091494825
140921	0.007665649735
140922	0.004272978161
140923	0.005190220122
140924	0.005620145871
140925	0.00331042529
140926	0.00281377792
140927	0.006452386417
140928	0
140929	0.005217832543
140930	0.003878037115
140931	0.001384351829
140932	0.004155937372
140933	0.003764490281
140934	0.003414183281
140935	0.0004879163906
140936	0.002061656115
140937	0.00292311851
140938	0.004918432258
140939	0.005353971723
140940	0.004002876767
140941	0.008486065189
140942	0.00989282787
140943	0.001147081239
140944	0.0004711947757
140945	0.005499418935
140946	0.003284246633
140947	0.001075011163
140948	0.004179173612
140949	0.002043839263
140950	0.0008808540131
140951	0.004419017075
140952	0.002817514063
140953	0.004263449029
140954	0.002484247493
140955	0.0001454132116
140956	0.002417199785
140957	0.002953198659
140958	0.002243867388
140959	0.0004807808199
140960	0.006327312291
140961	0.003417911333
140962	0.003715834085
140963	0.003162131666
140964	0.0002761268231
140965	0.004349166102
140966	0.001908801416
140967	0.01618997217
140968	0.006439631995
140969	0.001638600651
140970	0.005832182751
140971	0.001031544675
140972	0.003225466013
140973	0.0008623446991
140974	0.00243603543
140975	0.002019182434
140976	0.007378393808
140977	0.004092293657
140978	0.006988369703
140979	0.0001852234525
140980	0.002110478466
140981	0.002073717033
140982	0.004904429139
140983	0.005411068943
140984	0.002374774843
140985	0.003687790069
140986	0.004432757804
140987	0.007046478425
140988	0.001708605637
140989	0.002847518978
140990	0.006174329017
140991	0.002137638445
140992	0.008317135167
140993	0.001622053697
140994	0.004046206639
140995	0.001092604029
140996	0.0008875431997
140997	0.0002163578515
140998	0.006135619782
140999	0.007671219268
141000	0.01257265519
141001	0.002134872215
141002	0.007271431433
141003	0.004919562905
141004	0.00424644636
141005	0.0027694605
141006	0.0005711219127
141007	0.002982001374
141008	0.01547442808
141009	0.0003770702186
141010	0.001044323211
141011	0.00202793625
141012	0.01148794158
141013	0.004604011003
141014	0.004192390119
141015	0.009212222199
141016	8.790592046e-05
141017	0.004964637276
141018	0.01110220989
141019	0.0002386077694
141020	0.0195034517
141021	0.008158574444
141022	0.0003790229262
141023	0.009818585937
141024	0.009823305713
141025	0.004119030872
141026	0.007295708217
141027	0.001545100153
141028	0.0006848743906
141029	0.007362198406
141030	0.001677383135
141031	0.001599270265
141032	0.01636962152
141033	0.008178251663
141034	0.0002818345464
141035	0.01162812925
141036	0.007097855091
141037	0.00731292575
141038	0.00938791264
141039	0.007231316813
141040	0.008483164891
141041	0.007845658444
141042	0.008298655373
141043	0.007860144411
141044	0.007967951626
141045	0.008291837988
141046	0.008099846669
141047	0.00874941987
141048	0.007165995731
141049	0.007500921789
141050	0.007757767656
141051	0.005531214442
141052	0.009051059579
141053	0.008566505154
141054	0.008296872873
141055	0.008113190492
141056	0.00838771832
141057	0.009661699712
141058	0.007806378864
141059	0.009485562147
141060	0.007525495749
141061	0.008148427774
141062	0.005719265559
141063	0.008342900325
141064	0.008322903291
141065	0.007915924509
141066	0.007801756787
141067	0.007563003121
141068	0.008030407622
141069	0.002994569459
141070	0.006949015775
141071	0.001873613386
141072	0.001850740728
141073	0.002459029075
141074	0.001617469716
141075	0.00253172572
141076	0.001224343063
141077	0.0007608351074
141078	0.0023315679
141079	0.001207446051
141080	0.002846089316
141081	0.003793985561
141082	0.003526246328
141083	0.001532935311
141084	0.005020840942
141085	0.002783221784
141086	0.000515290924
141087	0.0002339063584
141088	0.004457052687
141089	0.003379456467
141090	0.003790566091
141091	0.008500633857
141092	0.004152691436
141093	0.002556171352
141094	0.002467174559
141095	0.003324979994
141096	0.00399418834
141097	0.001832484312
141098	0.001278313489
141099	0.000913262052
141100	0.002108815688
141101	0.002793283846
141102	0.002246665731
141103	0.0007412522909
141104	0.001270107562
141105	0.003321767452
141106	0.001702913901
141107	0.002796946861
141108	0.002905623868
141109	0.002018660459
141110	0.00123047494
141111	0.001625217559
141112	0.005216104869
141113	0.001319200031
141114	0.002285012106
141115	0.001515091855
141116	0.00221738905
141117	0.001696176041
141118	0.001520133697
141119	0.002158293101
141120	0.001806669607
141121	0.001972547381
141122	0.001863163145
141123	0.002366795824
141124	0.00254599281
141125	0.003115073073
141126	0.002745408192
141127	0.002456941749
141128	0.002808361351
141129	0.01101981517
141130	0.001025984774
141131	0.0005132493026
141132	0.002261549772
141133	0.002043134315
141134	0.0004121747377
141135	0.0008483069449
141136	0.001120683354
141137	0.0007582042055
141138	0.002765473162
141139	0.002642755804
141140	0.001318611475
141141	0.002359384289
141142	0.001865756202
141143	0.002395136977
141144	0.002542857169
141145	0.01012082327
141146	0.001424361048
141147	0.002243769371
141148	0.002599474407
141149	0.001747511169
141150	0.003429417448
141151	0.001934574705
141152	0.0004471608897
141153	0.001178717318
141154	0.0006052990723
141155	0.0004872190097
141156	9.121574994e-05
141157	0.0005259623294
141158	0.0001045910525
141159	0.0001238646185
141160	5.107321635e-05
141161	0.0008605505777
141162	0.0001369880337
141163	0.001089759433
141164	0.0001651533817
141165	0.005494483724
141166	0.002647230375
141167	0.002061091484
141168	0.0002773090678
141169	0.00108266568
141170	0.0003864159985
141171	0.0007870137734
141172	0.0002300595039
141173	0.0001583901596
141174	0.004780757801
141175	0.00154931716
141176	0.0003674807748
141177	0.0005930156949
141178	0.00369253697
141179	0.002964570673
141180	0.0002476185461
141181	0.0003358168347
141182	0.0032980092
141183	0.002604244553
141184	0.0002309564697
141185	0.00223948504
141186	0.004478405605
141187	0.003570971982
141188	0.0001114159657
141189	0.004723226341
141190	0.003382541676
141191	0.003166274217
141192	0.002150670771
141193	0.002897007929
141194	0.007610277762
141195	0.003977362382
141196	0.002833688964
141197	0.002837627114
141198	0.003619286202
141199	0.005087090064
141200	0.003432086432
141201	0.002540336711
141202	0.002551971021
141203	0.003795937372
141204	0.002095684496
141205	0.002210625694
141206	0.00186519695
141207	0.003210930374
141208	0.00209970077
141209	0.002390812497
141210	0.003220877515
141211	0.003000575078
141212	0.003411222967
141213	0.003744325154
141214	0.001704896609
141215	0.003401721749
141216	0.0028111161
141217	0.003890651841
141218	0.002747700436
141219	0.002514517206
141220	0.00261239133
141221	0.001767139801
141222	0.002299942913
141223	0.003596715173
141224	0.003260502519
141225	0.003303878222
141226	0.003006428121
141227	0.004017094219
141228	0.003236988668
141229	0.002344392705
141230	0.001228161048
141231	0.001110476011
141232	0.001207915218
141233	0.004070446171
141234	0.0006620180472
141235	0.004080672119
141236	0.004917475912
141237	0.01053190166
141238	0.004325211001
141239	0.002103330178
141240	0.001181988083
141241	0.0003568687661
141242	0.001393133327
141243	0.001060336369
141244	0.000394097939
141245	0.0004518640551
141246	0.001062745703
141247	0.001130427937
141248	0.0002007053449
141249	0.000303320173
141250	0.000482981289
141251	0.001287712078
141252	0.0003642005558
141253	0.004337760642
141254	0.0005682318638
141255	0.002406730243
141256	0.003611491917
141257	0.0007355489697
141258	0.004495381454
141259	0.0001523302923
141260	0.0004050132006
141261	0.0010288251
141262	0.002183808841
141263	0.0003849376663
141264	0.0004395179158
141265	0.0005183311656
141266	0.0003973612413
141267	0.0007601550919
141268	0.0005311792497
141269	0.002015097454
141270	0.001596522768
141271	0.0002976898996
141272	0.0003737238222
141273	0.002152488664
141274	0.00210989346
141275	0.0007269625483
141276	9.661593423e-05
141277	0.0006798281914
141278	6.724041743e-06
141279	0.004177267578
141280	0.003467377913
141281	0.0004981932737
141282	0.001377676365
141283	0.001654649004
141284	0.001817555569
141285	0.001580102789
141286	0.00146306994
141287	0.00345938393
141288	0.001921566273
141289	0.00263718734
141290	0.00131450801
141291	0.000623163164
141292	0.0004872753398
141293	0.001228197953
141294	0.001382505756
141295	0.001579952019
141296	0.001057361163
141297	0.00161381373
141298	0.002123520187
141299	0.0003846066681
141300	0.0006776876116
141301	0.005795864076
141302	0.005004870408
141303	0.005414140656
141304	0.002036357491
141305	0.004414239236
141306	0.0006738112461
141307	7.162802032e-05
141308	0.001700314942
141309	0.008288927081
141310	9.944206317e-05
141311	0.002306850083
141312	0.001801605227
141313	0.0003074048045
141314	0.008482824308
141315	0.002633879056
141316	0.007230083424
141317	0.000122357466
141318	0.00277441489
141319	0.003945124572
141320	0.005071966045
141321	0.003644144864
141322	0.005829141322
141323	0.004579049361
141324	0.004593742942
141325	0.005949122098
141326	0.007907011074
141327	0.0003698164936
141328	0.004495569573
141329	0.005104249745
141330	0.005062232406
141331	0.005012264548
141332	0.005649860157
141333	0.002626407227
141334	0.005463400459
141335	0.004902899342
141336	0.002193712869
141337	0.006145782778
141338	0.004496390497
141339	0.004130019147
141340	0.004973010877
141341	0.006115103783
141342	0.003761336835
141343	0.006726336442
141344	0.00186333506
141345	0.005131216915
141346	0.005063282507
141347	0.005199207482
141348	0.003178911479
141349	0.004291324407
141350	0.004659647317
141351	0.002753037406
141352	0.004896619472
141353	0.004554178785
141354	0.004727104895
141355	0.005692086941
141356	0.0005495931424
141357	0.005250753729
141358	0.002600874638
141359	0.002583373137
141360	0.005359867441
141361	0.004515116057
141362	0.00160237141
141363	0.0002524997109
141364	0.001895904082
141365	0.002867451323
141366	0.004458169001
141367	0.000525170169
141368	0.001848699863
141369	0.002320707219
141370	0.003714182723
141371	0.001865443671
141372	0.003591637376
141373	0.0009162257442
141374	0.003359649425
141375	0.00174374191
141376	0.002809460198
141377	0.005734117361
141378	0.003600370417
141379	0.001584526607
141380	0.0006489416007
141381	0.005945931695
141382	0.0002709455455
141383	0.001490134516
141384	0.004609333099
141385	0.002847247918
141386	0.001415862175
141387	0.001478023184
141388	0.003128535277
141389	0.0006310071343
141390	0.002078752783
141391	0.001129921577
141392	0.001085399409
141393	0.0005676880688
141394	0.002403433828
141395	0.002078972976
141396	0.001839335297
141397	0.002578053727
141398	0.001093199638
141399	0.001985223172
141400	0.001593062171
141401	0.00134735678
141402	0.001433001844
141403	0.0006094426573
141404	0.002374493346
141405	0.00254733173
141406	2.729093364e-05
141407	0.002132729508
141408	0.002755657074
141409	0.001541494677
141410	0.002318605039
141411	0.002127299524
141412	0.001435746716
141413	0.0005619450313
141414	0.001709982833
141415	0.002278403041
141416	0.002924830149
141417	0.001684475863
141418	0.001836684914
141419	0.0015331482
141420	0.002760647687
141421	0.002832003615
141422	0.001531687305
141423	0.0003435651717
141424	0.002684770496
141425	0.002189154974
141426	0.002656223846
141427	0.001406219628
141428	0.001459864558
141429	0.0016469484
141430	0.002596425551
141431	0.002010165207
141432	0.001362175294
141433	0.001310681552
141434	0.002191878469
141435	0.002657425177
141436	0.002268704169
141437	0.003516152152
141438	0.003515644711
141439	0.004219023231
141440	0.003990079466
141441	0.003557843953
141442	0.004444465153
141443	0.004614896243
141444	0.003926143796
141445	0.003214789194
141446	0.003313260794
141447	0.00412104243
141448	0.004910514099
141449	0.004622589121
141450	0.002798939285
141451	0.00258229104
141452	0.004192179198
141453	0.004612859722
141454	0.004006873436
141455	0.003743841043
141456	0.003761800301
141457	0.003684812152
141458	0.003398013641
141459	0.003714811459
141460	0.002594527785
141461	0.003056412347
141462	0.003442144452
141463	0.0001490920373
141464	6.988344826e-05
141465	0.0003948233911
141466	0.0001909189857
141467	0.0001815922501
141468	0.0001737741393
141469	0.0003556153062
141470	7.254288596e-05
141471	0.0003589186389
141472	0.0002770710816
141473	0.0002378738674
141474	5.175636862e-05
141475	0.0001804811275
141476	1.395955298e-05
141477	0.0001919094038
141478	0.0002628655028
141479	0.0001429134186
141480	0.0002584780573
141481	0.0002245425458
141482	0.0002053253481
141483	0.0002234563749
141484	5.572350382e-05
141485	8.062713112e-05
141486	4.375940614e-05
141487	0.0003244779055
141488	0.0004339139906
141489	0.000196833538
141490	0.0002783965415
141491	0.0006292445594
141492	0.0002595496356
141493	1.952469572e-05
141494	0.0001751870026
141495	0.001855226921
141496	4.861791019e-05
141497	0.007452013152
141498	0.007440996015
141499	0.006829014407
141500	0.005814126422
141501	0.006407250774
141502	0.005162529047
141503	0.005231914128
141504	0.009333712349
141505	0.008286850141
141506	0.007045148358
141507	0.007278754708
141508	0.007173184613
141509	0.006869637568
141510	0.007523268505
141511	0.006833971968
141512	0.007899432562
141513	0.006954063395
141514	0.006785379418
141515	0.007258026638
141516	0.00689527852
141517	0.006613234597
141518	0.003358875385
141519	0.00266192445
141520	0.004003207137
141521	0.003118366076
141522	0.003328177668
141523	0.003438240941
141524	0.001894039048
141525	0.00220667677
141526	0.003915133898
141527	0.003043951727
141528	0.004555885604
141529	0.002467780928
141530	0.003954550853
141531	0.004721236295
141532	0.003533147395
141533	0.003457626721
141534	0.003704864562
141535	0.004431209724
141536	0.003505972937
141537	0.002792986231
141538	0.002063081939
141539	0.002511111762
141540	0.003439822336
141541	0.003373214813
141542	0.002649688249
141543	0.002791048283
141544	0.003729856616
141545	0.003133106771
141546	0.003425391131
141547	0.003714718117
141548	0.003596383897
141549	0.003725953273
141550	0.002378248842
141551	0.003756931194
141552	0.00359213073
141553	0.003322497855
141554	0.003124158749
141555	0.001907578593
141556	0.005490105082
141557	0.00344303438
141558	0.001610996833
141559	0.001069690839
141560	0.005129734717
141561	0.001515391856
141562	0.002523901473
141563	0.003491410899
141564	0.0001990366068
141565	0.002937408993
141566	0.002615147541
141567	0.007231051622
141568	0.003293703775
141569	0.00419027033
141570	0.005644562988
141571	0.004320070999
141572	0.002065998636
141573	0.001889145259
141574	0.00317423081
141575	0.006270421434
141576	0.0001555631748
141577	0.003334764671
141578	0.001765618234
141579	8.589312482e-05
141580	0.0009340535095
141581	0.002962896441
141582	0.003912892327
141583	0.005935445815
141584	0.00298277097
141585	0.002526909565
141586	0.007321189341
141587	0.006020511615
141588	0.004581536385
141589	0.002900534146
141590	0.008757848672
141591	0.00296906789
141592	0.01627964173
141593	0.001266380279
141594	0.007403509347
141595	0.01197094241
141596	0.01040391819
141597	0.004829875484
141598	0.00557357574
141599	0.006886771945
141600	0.00517514101
141601	0.004672193039
141602	0.005163455758
141603	0.002378130984
141604	0.002750966565
141605	0.00039666702
141606	0.00766174052
141607	0.006957382845
141608	0.001369383659
141609	0.003122740429
141610	0.0006894940251
141611	0.002671046117
141612	0.00272632933
141613	0.00546445305
141614	0.007086318703
141615	7.129999008e-07
141616	0.01644376436
141617	0.001075077908
141618	0.001052449042
141619	0.005915700881
141620	0.001988224052
141621	0.008222235608
141622	0.01096859474
141623	0.001145938261
141624	0.0004819104687
141625	0.0138489523
141626	0.006595927459
141627	0.00343683974
141628	0.003242596351
141629	0.0001268687776
141630	0.005832147233
141631	0.01302159212
141632	0.003329406996
141633	0.006591361918
141634	0.007776785835
141635	0.003371992797
141636	0.004342447211
141637	0.008069114686
141638	0.0005930523071
141639	0.001310812897
141640	0.008850455235
141641	0.002642503098
141642	0.01385243158
141643	0.002235544166
141644	0.002738873716
141645	0.002607902908
141646	0.0005474025199
141647	0.001998585598
141648	0.006868544241
141649	0.006294731459
141650	0.007588752199
141651	0.007874810503
141652	0.001911016957
141653	0.004300577497
141654	0.005928706679
141655	0.002880000562
141656	0.003328704894
141657	0.001348152775
141658	0.002918955279
141659	0.008200032456
141660	0.001196256629
141661	8.498119807e-05
141662	0.001978474576
141663	0.005906219537
141664	0.001229033789
141665	0.007190574464
141666	0.005836744308
141667	0.005136206939
141668	0.00041968773
141669	0.0006244283295
141670	0.003762547828
141671	0.004909783383
141672	0.001053477297
141673	0.008914840278
141674	0.002062772196
141675	0.002406261902
141676	0.002328373227
141677	0.01731873255
141678	0.0116682448
141679	0.0008675684284
141680	0.0001676154266
141681	0.000351099358
141682	0.0009219021067
141683	0.008240237435
141684	0.004884878796
141685	0.002421673609
141686	0.006838280092
141687	0.005389766193
141688	0.0001015403269
141689	0.001144099671
141690	0.01190053764
141691	0.0005750580978
141692	0.005040818649
141693	0.009385502283
141694	0.00187029649
141695	0.003681954565
141696	0.009979144341
141697	0.004802071137
141698	0.001697746017
141699	0.0006973219668
141700	0.009485683589
141701	0.0003495362851
141702	0.001981494199
141703	0.0004823474557
141704	0.003120891404
141705	0.002186945743
141706	0.0006388693549
141707	0.00109029719
141708	4.269051158e-05
141709	0.006297819583
141710	0.01036490731
141711	0.009113815274
141712	0.003083999325
141713	0.002088374107
141714	0.006761420848
141715	0.001852924455
141716	0.002652246527
141717	0.003988668025
141718	0.0009205722724
141719	0.0009339687343
141720	0.0003996116553
141721	0.002388544183
141722	0.00196740146
141723	0.004302900469
141724	0.001788592401
141725	0.008697029871
141726	0.0106774915
141727	0.004048320156
141728	0.005544202526
141729	0.001719584956
141730	0.0001031456499
141731	0.002158562844
141732	0.00126673516
141733	0.007984218685
141734	0.00184739906
141735	0.009627241208
141736	0.004887747454
141737	0.003626373854
141738	0.005780553827
141739	0.01000008095
141740	0.001743306632
141741	0.008365039041
141742	0.007111014145
141743	0.01286116859
141744	0.01332830992
141745	0.002712358009
141746	0.004645856677
141747	0.01170612516
141748	0.0003701715329
141749	0.008378538778
141750	0.006174911867
141751	0.003261748149
141752	0.001826637581
141753	0.00165810394
141754	0.005148233415
141755	0.002136698738
141756	0.002577280854
141757	0.001601272014
141758	0.01042988029
141759	0.001091542177
141760	0.01255710439
141761	0.007601523517
141762	0.0008490517547
141763	0.0007515570605
141764	0.003326556142
141765	0.01124289002
141766	0.00443279239
141767	0.001719486607
141768	0.004582129261
141769	0.002114257323
141770	0.01195893161
141771	0.001210117637
141772	0.002873584341
141773	0.001340230224
141774	0.002223411377
141775	0.0003658469685
141776	0.0003176456795
141777	0.01036082627
141778	0.007410620745
141779	0.008651945601
141780	0.007720187936
141781	0.00773019974
141782	0.0004489459751
141783	0.002251579086
141784	0.0003599450636
141785	0.009226266706
141786	0.001957667931
141787	3.983078152e-06
141788	0.0007841710199
141789	0.0005235633093
141790	0.005602832943
141791	0.002410063426
141792	0.006954472302
141793	0.01367137096
141794	0.004015143127
141795	0.004032657626
141796	0.01060113498
141797	0.003296102615
141798	0.002558580506
141799	0.003203567572
141800	0.003626190555
141801	0.004364431772
141802	0.009718015609
141803	0.001415845132
141804	0.004032558646
141805	0.003390019918
141806	0.001301895357
141807	0.003734200826
141808	0.00184093587
141809	0.004993418515
141810	0.009812911571
141811	0.01119256887
141812	0.008841594281
141813	0.001824495473
141814	0.002382772449
141815	0.0005609242209
141816	0.0007136715184
141817	0.001190689454
141818	0.001682620004
141819	0.003878012213
141820	0.004458082595
141821	0.0002243452853
141822	0.002744053824
141823	0.004743281457
141824	0.0004171391301
141825	0.0009211697474
141826	0.00100550118
141827	1.185989232e-05
141828	0.0007778777426
141829	0.002543771895
141830	0.002920907811
141831	0.002542526653
141832	0.002009639489
141833	0.007602378277
141834	0.006833306701
141835	0.00692877804
141836	0.01287925963
141837	0.004194302003
141838	0.001128512945
141839	0.003077865423
141840	0.01357297753
141841	0.001891860007
141842	0.002014932099
141843	0.0107522689
141844	0.004674491285
141845	0.008398535081
141846	0.009427756655
141847	0.0001245374049
141848	0.005552842965
141849	0.007194662437
141850	0.0002292148222
141851	0.0007787414361
141852	0.0009502267001
141853	0.008496082589
141854	0.002286017866
141855	0.005260608004
141856	0.004162647448
141857	0.001675022522
141858	0.009288808575
141859	0.009384439483
141860	0.007495848796
141861	0.001053897858
141862	0.008108498806
141863	0.008498349824
141864	0.01953713279
141865	0.003100722486
141866	0.01532712117
141867	0.001123527559
141868	9.484502904e-05
141869	0.001359935447
141870	0.002485139163
141871	0.008479492833
141872	9.143650382e-05
141873	0.0008132325439
141874	0.005178478665
141875	6.020083928e-05
141876	0.001026043888
141877	0.007209370835
141878	0.0004929088743
141879	0.001868971288
141880	0.004019510894
141881	0.001298670366
141882	7.021529592e-05
141883	0.0003086281181
141884	0.0007168598311
141885	0.0001208899575
141886	0.002496839761
141887	0.0009083832985
141888	0.00112660498
141889	0.0004565290011
141890	0.0004250450204
141891	0.0002556077717
141892	0.001427925595
141893	0.006562070656
141894	0.0001368138233
141895	0.009045045866
141896	0.001216891038
141897	0.002579599221
141898	0.00508373607
141899	0.002040292357
141900	0.001754010506
141901	0.0006067672893
141902	0.003965801885
141903	0.002882583491
141904	0.004713528429
141905	0.003178884904
141906	0.005042901656
141907	0.001137263641
141908	0.005430634598
141909	0.001125912481
141910	0.001560102829
141911	0.00974950637
141912	0.002790636863
141913	0.002880255965
141914	0.002139291404
141915	0.0006507390111
141916	0.001978775144
141917	0.01000595623
141918	0.0005042141513
141919	0.004368315532
141920	0.001976837786
141921	0.0002558647675
141922	0.004378324898
141923	7.236028621e-05
141924	0.0008359519099
141925	0.001771299226
141926	0.002714930432
141927	0.0008895062053
141928	0.0001516636663
141929	0.009153002909
141930	0.002476459753
141931	0.01139713714
141932	0.009226800823
141933	0.008621027495
141934	0.002075108995
141935	0.0002909451259
141936	0.01292338677
141937	0.0004557849846
141938	0.002333403527
141939	0.008226823681
141940	0.001401093743
141941	0.002124269435
141942	0.0007567624169
141943	0.002044039335
141944	0.011496684
141945	0.001121213218
141946	0.001402314624
141947	0.009772440002
141948	0.0003659432722
141949	0.007700526559
141950	0.001539470317
141951	0.003762648202
141952	0.0004819546064
141953	0.001592232261
141954	0.01455360627
141955	0.0007823872236
141956	0.0008930211097
141957	0.00713270044
141958	0.006973384051
141959	0.0008540798566
141960	0.0008077608982
141961	0.006180733528
141962	0.002323529535
141963	0.008473542463
141964	0.00166415887
141965	0.004031890072
141966	0.003946381737
141967	0.006832364266
141968	0.000274160042
141969	0.005084411579
141970	0.004073427026
141971	0.0008117396967
141972	0.004995040905
141973	0.001268750854
141974	0.005134293592
141975	0.01640571793
141976	0.002476329955
141977	0.00798421581
141978	0.002158660228
141979	0.002926748436
141980	0.01405979978
141981	0.01641392861
141982	0.0009641347773
141983	0.000832144514
141984	0.005995170451
141985	0.007161267701
141986	0.009102202775
141987	0.01030401614
141988	0.01608549821
141989	0.007861467959
141990	0.01167202017
141991	0.01306564087
141992	0.0003922806921
141993	0.003415489737
141994	0.00452590081
141995	0.001100993621
141996	0.003086978053
141997	0.006608826299
141998	0.001336828363
141999	0.007039655435
142000	0.001367131849
142001	0.0006557457207
142002	0.001583618724
142003	0.002895456884
142004	0.01080262954
142005	0.006813502088
142006	0.00295688916
142007	0.008211035819
142008	0.0008642522248
142009	6.791975374e-05
142010	0.002447556161
142011	0.004133715441
142012	0.005121935778
142013	0.002834070465
142014	0.004503003884
142015	0.003287603184
142016	0.002267865924
142017	0.004102629166
142018	0.0004173259754
142019	0.009312776408
142020	0.01148891966
142021	0.002429872984
142022	0.0005469676795
142023	0.005451093963
142024	0.006287414194
142025	0.0005710814178
142026	0.003133798901
142027	0.003180680056
142028	0.003997371657
142029	0.005227583175
142030	0.005541683725
142031	0.01207503972
142032	0.002310198405
142033	0.001948795413
142034	0.0008583842967
142035	0.001126896107
142036	0.006257158347
142037	0.001651511142
142038	0.005921669865
142039	0.003915786702
142040	0.005128389709
142041	0.0003927313637
142042	0.003648009699
142043	0.002242452855
142044	0.004907941585
142045	0.001844655502
142046	0.006887769947
142047	0.009892114305
142048	0.0007573332904
142049	0.0004305042133
142050	0.001635902818
142051	0.004653313095
142052	0.001264624373
142053	0.009028612685
142054	0.005851962283
142055	0.0004651404537
142056	0.00494299443
142057	0.005816415238
142058	0.000365791835
142059	0.004926195041
142060	0.002533909543
142061	0.004030018224
142062	0.001116638965
142063	0.002368611664
142064	0.003645333999
142065	0.003785140998
142066	0.003600147797
142067	0.006943998658
142068	0.005229884339
142069	0.008003977053
142070	0.008913974246
142071	0.008099248263
142072	0.007727804463
142073	0.000887004422
142074	0.01483266818
142075	0.004159779823
142076	0.003307916936
142077	0.002572515617
142078	0.006290393809
142079	0.003180465305
142080	0.006634562858
142081	0.003371634159
142082	0.001628218364
142083	0.002500509194
142084	0.0002295738807
142085	0.005289454074
142086	0.004177461472
142087	0.0004228641028
142088	0.002694327676
142089	0.0002519204415
142090	0.007703570283
142091	0.006994543684
142092	0.01477310554
142093	0.00335084907
142094	0.005324680254
142095	0.005804960405
142096	0.005046306107
142097	0.0119552633
142098	0.005926424166
142099	0.003598096401
142100	0.002512138489
142101	0.0001481364222
142102	0.0005119872161
142103	0.001343381014
142104	0.007802661366
142105	0.005128126736
142106	0.001070549992
142107	0.001374478174
142108	0.001978492758
142109	0.006328170719
142110	0.0008100242738
142111	0.003202266426
142112	0.006115977226
142113	0.004572811969
142114	0.01144895965
142115	0.0001587330143
142116	0.001331992846
142117	0.008705203568
142118	0.001581819629
142119	0.009197698432
142120	0.001313616647
142121	0.009295800985
142122	0.006688490142
142123	0.001907837424
142124	0.0003998375718
142125	0.003148072438
142126	0.002889981112
142127	0.001276865276
142128	0.01145288497
142129	0.008570888516
142130	0.0007139883975
142131	7.504557313e-07
142132	0.003988920293
142133	0.004207265262
142134	0.001124059421
142135	9.948981091e-05
142136	0.004093506545
142137	0.0009834884734
142138	0.002184229838
142139	0.003068572833
142140	0.004989944721
142141	0.0002859856857
142142	0.008386766019
142143	0.01156090629
142144	0.005227049622
142145	0.01790052919
142146	0.001996843269
142147	0.02554903017
142148	0.02071437678
142149	0.00788156665
142150	0.001029487308
142151	0.0008970509351
142152	0.002559473536
142153	0.0004022779187
142154	0.0003756834928
142155	0.0005485866032
142156	9.402727767e-05
142157	0.0002076471765
142158	0.003417280727
142159	0.001579744001
142160	0.0006074893632
142161	0.00177381865
142162	0.0003166191179
142163	0.001687387706
142164	0.0003429658103
142165	0.003441965385
142166	0.001170480691
142167	0.003640809269
142168	0.001679810051
142169	0.0005242739316
142170	0.0005538665986
142171	8.631897996e-05
142172	0.000504350661
142173	0.0009348148583
142174	0.002912031426
142175	0.002987181395
142176	0.002180232568
142177	0.001349394583
142178	0.01527498121
142179	0.002563290208
142180	0.001049069647
142181	0.005859429784
142182	0.0009655273832
142183	0.0008336786281
142184	0.0004098397122
142185	0.004404022207
142186	0.007317422385
142187	0.001205173081
142188	0.001366342242
142189	0.003752487164
142190	0.0004776391384
142191	0.002052687913
142192	0.01313144469
142193	0.0007937973833
142194	0.008997232921
142195	0.001700312636
142196	0.005294860543
142197	0.002838786893
142198	0.003007996152
142199	0.006629321963
142200	0.01286917568
142201	0.006896433308
142202	0.007193789437
142203	0.01160357447
142204	0.0008783682996
142205	0.005812978019
142206	0.007508176809
142207	0.0002590642149
142208	0.005317259193
142209	0.0009510199179
142210	0.00386261043
142211	0.004338596047
142212	0.002575009566
142213	0.001676929863
142214	0.00286198545
142215	0.000544400403
142216	0.003815992472
142217	0.00123804075
142218	0.006191390173
142219	0.007626477112
142220	0.005343837824
142221	0.007597394449
142222	0.0057736228
142223	0.01564839399
142224	0.002604594208
142225	0.009221300441
142226	0.005582630239
142227	0.01136751988
142228	0.01336421598
142229	0.009799841997
142230	0.0124362567
142231	0.003791779045
142232	0.002414021564
142233	0.00330985574
142234	0.0007266631259
142235	0.002555334559
142236	0.02027180636
142237	0.007661959303
142238	0.007565252736
142239	0.005766715439
142240	0.004306363931
142241	0.008534180733
142242	0.0008423427351
142243	0.0002304812302
142244	0.01192728953
142245	0.005942303447
142246	0.008485624211
142247	0.0188954938
142248	0.0003473236857
142249	0.001078222901
142250	0.0001927070783
142251	4.214247509e-08
142252	0.0004248306181
142253	0.0002009052428
142254	0.002248883143
142255	0.0002366659625
142256	0.0001141175947
142257	0.0009840375015
142258	0.002590918343
142259	0.001709613335
142260	0.003854668774
142261	0.001565498698
142262	0.000864006729
142263	0.0007776910701
142264	0.0001580640683
142265	0.001077067729
142266	0.0002708827067
142267	2.237672522e-05
142268	0.001046099934
142269	0.004358136709
142270	0.003457356654
142271	0.004397700038
142272	0.0006722197289
142273	0.004259622943
142274	0.004521153172
142275	0.001298459557
142276	0.001513888759
142277	0.002053416272
142278	0.005213118528
142279	0.008567976591
142280	0.007272219487
142281	0.001575867602
142282	4.000168435e-05
142283	0.002795749672
142284	0.001860414921
142285	0.001685975186
142286	0.001579253646
142287	0.001062443605
142288	0.0009540936461
142289	0.002168613702
142290	0.005139029369
142291	0.003640304789
142292	8.072504211e-05
142293	0.001796215453
142294	0.003139290856
142295	0.0005193784378
142296	0.0008075001298
142297	0.001012409305
142298	0.001348995419
142299	8.281358231e-05
142300	0.001145512223
142301	0.0001755683439
142302	0.001377990044
142303	0.0002476409821
142304	0.0003116650929
142305	0.002300117466
142306	0.002688842353
142307	0.0005770692554
142308	0.0006483469653
142309	9.282216586e-05
142310	0.00187602317
142311	0.004122880343
142312	0.007364273325
142313	0.001706578601
142314	0.0004176090396
142315	0.000217634358
142316	0.004220191921
142317	0.005558466107
142318	0.0006259665799
142319	0.0004494344633
142320	0.003610661013
142321	0.0004214142542
142322	0.001029312701
142323	0.004446387668
142324	0.01181086028
142325	0.0007232544667
142326	0.007410687749
142327	0.00222995156
142328	0.004618621159
142329	0.0004322800775
142330	0.00202745929
142331	0.007803572463
142332	0.002552560294
142333	0.0001180505038
142334	0.006066209279
142335	0.002534804647
142336	0.00283311881
142337	0.001762793352
142338	0.00221819432
142339	0.00105858413
142340	0.0006319998747
142341	0.002463911429
142342	0.004640711726
142343	0.002012497551
142344	0.0008657726451
142345	0.004067109265
142346	0.009348487992
142347	5.481404629e-05
142348	0.0001087888955
142349	0.004560702256
142350	0.0041589629
142351	0.004594694152
142352	0.0007130858424
142353	0.001700214609
142354	0.0008511444023
142355	0.005610990991
142356	0.004077301784
142357	0.0005853981647
142358	6.804473414e-05
142359	0.005916600039
142360	0.0001207420171
142361	0.0002155039472
142362	6.647556099e-05
142363	0.007144635387
142364	0.007220854773
142365	0.002856545047
142366	0.001095761893
142367	0.005575125187
142368	0.003332795185
142369	0.005354363204
142370	0.00133342231
142371	0.002930882468
142372	0.00203798052
142373	0.00118289032
142374	0.002207453479
142375	0.002043131132
142376	8.268783245e-05
142377	6.733891276e-05
142378	0.008111075268
142379	0.006268385646
142380	0.002615875597
142381	0.0002552207097
142382	0.005537918345
142383	0.001199288813
142384	0.005281623128
142385	0.001823832644
142386	0.003143518552
142387	0.004772625936
142388	0.004154867862
142389	0.001614344873
142390	0.002161907749
142391	0.0006485358222
142392	0.0005363895681
142393	0.0002019311088
142394	0.00127910916
142395	0.0001128303995
142396	0.0003461014468
142397	0.0005057153878
142398	0.0009523574639
142399	0.009940677314
142400	0.0005927750001
142401	0.001388323816
142402	0.001042845369
142403	0.003551947282
142404	0.0008625980193
142405	0.001606874246
142406	0.01178307873
142407	0.007400708815
142408	0.001016624485
142409	8.385414479e-06
142410	0.001015338483
142411	0.0002738978221
142412	0.0006847813063
142413	0.0007958851781
142414	0.002365709066
142415	0.0003332380898
142416	0.0002054252121
142417	0.0004795477131
142418	9.991973891e-05
142419	0.0005560996161
142420	0.0005284319469
142421	0.0001738761509
142422	0.0007976972264
142423	0.0004705152661
142424	0.0004071367419
142425	0.0006054727242
142426	0.000477411954
142427	0.0009414244643
142428	0.003195990857
142429	0.004038596213
142430	0.000322225399
142431	0.008834003619
142432	0.003882606195
142433	0.002711686671
142434	0.006167816994
142435	0.003253977486
142436	0.009447813333
142437	0.009381514435
142438	0.005729015681
142439	0.008049374767
142440	0.007066733692
142441	0.000548711545
142442	0.002554891547
142443	0.001337170193
142444	0.0004335366995
142445	0.002850941922
142446	0.008038565072
142447	0.0008950396126
142448	0.0003325791274
142449	0.000779946095
142450	0.0004398618059
142451	0.0001840880342
142452	0.007203849595
142453	0.001604934458
142454	0.0004852770252
142455	0.003323592186
142456	0.002136977153
142457	0.001166554499
142458	0.01073527859
142459	0.001760722828
142460	0.002287567286
142461	0.0004549772643
142462	0.001826850472
142463	1.265247245e-07
142464	6.442345649e-05
142465	0.0004129079727
142466	0.0004387435923
142467	0.0006432144648
142468	0.0001261015453
142469	0.000607473604
142470	4.893167307e-06
142471	0.01182615957
142472	0.0003167673626
142473	0.001815942806
142474	0.0002278482227
142475	0.002962417019
142476	0.002529896402
142477	0.002035756646
142478	0.001484251116
142479	0.00476747104
142480	0.0002585768926
142481	0.002828298245
142482	0.001530021255
142483	0.00254271474
142484	0.001754359599
142485	0.001074544993
142486	0.001430517399
142487	0.001277658071
142488	0.0006903695738
142489	0.0009978026707
142490	0.002112162729
142491	0.0003318107879
142492	0.0001678064392
142493	0.004333483537
142494	0.0008844406785
142495	0.002479015775
142496	0.00245917243
142497	0.0006287555851
142498	0.00134126933
142499	0.001317450761
142500	0.00949011083
142501	0.002454399431
142502	0.001079439976
142503	0.0002320388724
142504	0.00130584938
142505	0.0005921001388
142506	0.0005026294117
142507	0.000744084918
142508	6.043869211e-05
142509	0.001102488575
142510	0.002144603684
142511	0.00468736259
142512	0.002537333376
142513	0.007272973993
142514	0.007338210365
142515	0.001546257007
142516	0.008418955853
142517	0.002821509823
142518	0.007842167292
142519	0.007086010405
142520	0.0002452276919
142521	0.00126531134
142522	0.001594946838
142523	0.01155720029
142524	0.0004426966523
142525	0.0042652899
142526	0.002471889472
142527	0.002497765932
142528	0.005591801406
142529	0.0002982363772
142530	0.003815080138
142531	0.002716740989
142532	0.004418053538
142533	0.00735440255
142534	0.001604275704
142535	0.000333775985
142536	0.001463294498
142537	0.0008865940981
142538	0.002018490171
142539	0.001741213941
142540	0.0004840194821
142541	0.00135814646
142542	0.0002436630861
142543	0.001795223393
142544	0.0004441115709
142545	0.0008758821061
142546	0.0002140922788
142547	0.005639361957
142548	3.991067437e-05
142549	0.00033652227
142550	0.0005855291395
142551	0.000862312137
142552	0.002404211801
142553	0.0003546335464
142554	0.001385534401
142555	0.0001112557885
142556	0.0005440641044
142557	0.0003944752694
142558	0.0005337416745
142559	0.004260396146
142560	0.0004095147567
142561	0.0005148938555
142562	0.0003598667936
142563	0.001367166521
142564	0.00114594782
142565	0.0008171427184
142566	2.621847579e-05
142567	0.0007161932371
142568	0.003411606876
142569	0.003914367527
142570	0.01364582924
142571	0.008588152476
142572	0.002486047309
142573	0.01489057304
142574	0.01166556017
142575	0.0004253062486
142576	0.006019802715
142577	0.001963634082
142578	0.0006526532845
142579	0.002192383187
142580	0.00562310016
142581	0.0006885529545
142582	0.0009144362727
142583	0.006830483839
142584	0.006463308792
142585	4.976293824e-05
142586	0.00156532016
142587	0.0002736625103
142588	0.0009540855002
142589	0.0001945759331
142590	0.0005976381638
142591	0.001377479942
142592	0.0003364941174
142593	0.0004478137465
142594	0.002607931463
142595	0.0006209903048
142596	0.006304698936
142597	0.0004460250395
142598	0.0008474610977
142599	0.001349401217
142600	0.0006414954904
142601	0.000929046251
142602	7.064599772e-05
142603	0.0006995629512
142604	0.0009840847322
142605	0.0002603974973
142606	0.0003935335594
142607	7.724531654e-05
142608	0.001351291144
142609	0.0003146360978
142610	0.0007556819815
142611	0.000633525838
142612	0.001813415889
142613	0.001211203877
142614	0.000370729379
142615	3.530747948e-05
142616	0.001434527984
142617	0.002006152871
142618	0.0002724896444
142619	2.810139842e-05
142620	0.008356736143
142621	0.0003307773746
142622	0.004016587238
142623	0.004507159246
142624	0.001346152481
142625	0.01156451897
142626	0.002887425296
142627	0.0006466633022
142628	0.003680471941
142629	0.005571008395
142630	0.004437877513
142631	0.002445738518
142632	0.005322919404
142633	0.01019732086
142634	0.00130254201
142635	1.717348552e-05
142636	0.0074068842
142637	0.006305526247
142638	0.0003713414893
142639	0.009076910533
142640	0.009502000909
142641	0.001019855087
142642	0.006680611666
142643	0.0002171309838
142644	0.002501628604
142645	0.001426886106
142646	0.0008020731048
142647	0.004344698979
142648	0.01299490383
142649	0.01175970447
142650	0.0003856833373
142651	0.005296577192
142652	0.004921996948
142653	0.00110884116
142654	0.003386866332
142655	0.001839306022
142656	0.007571944115
142657	0.02204071925
142658	0.006766056762
142659	0.002830783133
142660	0.01082344346
142661	0.01269095677
142662	0.007502015318
142663	0.002203242994
142664	0.01956792019
142665	0.008731159037
142666	0.00916683843
142667	0.001717770259
142668	0.007033721039
142669	0.00573717528
142670	0.01018271603
142671	0.006698498895
142672	0.004661697563
142673	0.01652123733
142674	0.01303585019
142675	0.009464803752
142676	0.003313187761
142677	0.007620037093
142678	0.0003203887667
142679	0.00417205727
142680	0.004676715254
142681	0.001551590436
142682	0.01498313429
142683	0.00869718965
142684	0.005942481049
142685	0.009043883732
142686	0.001493652536
142687	0.0138472584
142688	0.01069383361
142689	0.01296982936
142690	0.000167665052
142691	0.01217800753
142692	0.005376173547
142693	0.002840703036
142694	0.0004084810784
142695	0.01055056166
142696	0.004822695347
142697	0.00451602214
142698	0.005294072834
142699	0.01141256285
142700	0.009916958425
142701	0.0089503968
142702	0.01333682212
142703	0.009162874141
142704	0.002805783868
142705	0.001890803625
142706	0.008385081528
142707	0.008914126837
142708	0.006066056913
142709	0.001004004428
142710	0.009522191732
142711	0.00215627795
142712	0.002218963411
142713	0.0008051546228
142714	0.003220450071
142715	0.009497964887
142716	0.003242407955
142717	0.001389611277
142718	0.008415843292
142719	0.007433876727
142720	0.005173961378
142721	0.001454055088
142722	0.0003057680152
142723	0.005503980688
142724	0.003323504148
142725	0.002558926971
142726	0.0007529737507
142727	0.001507787052
142728	0.006381470794
142729	0.003504588512
142730	0.0005236281784
142731	0.003229897595
142732	0.0005006499487
142733	0.002077281357
142734	0.00120728623
142735	0.004821984874
142736	0.004811555783
142737	0.00396353877
142738	0.005874695698
142739	0.0007263572234
142740	0.002731202967
142741	0.003734867816
142742	0.0004267618361
142743	0.007470903359
142744	0.001255947085
142745	0.003687426237
142746	0.006762471458
142747	0.0003625748757
142748	0.01202091962
142749	0.006236209818
142750	0.0002571001307
142751	0.0004394399426
142752	0.003356735841
142753	0.0002337621358
142754	0.0008529917927
142755	0.0004789452218
142756	0.006971156969
142757	0.002010755231
142758	0.0004083397951
142759	0.001790175784
142760	0.001667703003
142761	1.3147494e-05
142762	0.002317997156
142763	0.004458746788
142764	0.0103561243
142765	0.001575038863
142766	0.005861612064
142767	0.003018753605
142768	0.006863536793
142769	9.305625068e-05
142770	0.001465220265
142771	3.400974566e-05
142772	0.002708992866
142773	0.002457208758
142774	0.005388320878
142775	0.003027934618
142776	0.00228826337
142777	0.002887606295
142778	0.002563829016
142779	0.001360576953
142780	0.00170393108
142781	0.004201581398
142782	0.0007518752335
142783	0.0001575613057
142784	0.002663247515
142785	0.004762961293
142786	0.0007590490045
142787	0.005502040426
142788	0.001437502713
142789	8.923065839e-05
142790	0.002224262085
142791	0.002895914051
142792	0.001663799047
142793	0.005425257211
142794	0.003333868104
142795	0.004151864208
142796	0.001250088829
142797	0.002461152575
142798	0.002582061102
142799	0.008352751828
142800	0.002295965983
142801	0.004345323508
142802	0.005853041686
142803	0.009406482083
142804	0.006050692887
142805	0.001208081588
142806	0.001898375839
142807	0.007460121578
142808	0.001055179633
142809	0.01389563663
142810	7.782940183e-05
142811	0.006848753242
142812	0.005043158078
142813	0.0003758873309
142814	0.006905623105
142815	0.00266230972
142816	0.0007787058521
142817	0.00529093934
142818	0.003992363458
142819	0.002578351716
142820	0.002432474235
142821	0.01123603828
142822	0.004065555553
142823	0.002258705408
142824	0.006137138634
142825	0.005232198739
142826	0.004800871564
142827	0.005413838186
142828	0.001355543058
142829	0.00332451747
142830	0.005095156182
142831	0.002027582344
142832	0.004660335265
142833	0.01034181316
142834	0.0007332831781
142835	0.003706787348
142836	0.005327258131
142837	0.003551601222
142838	0.002378156599
142839	0.0003748781722
142840	0.002213600766
142841	0.002218520276
142842	0.0003256228575
142843	0.01030189538
142844	0.01372344712
142845	0.0001608274883
142846	0.002482046983
142847	0.0007099862805
142848	0.009187288437
142849	0.008377600866
142850	0.01125093553
142851	0.004171670519
142852	0.0116850822
142853	0.000522236441
142854	0.002507883614
142855	0.00605033893
142856	0.005145035282
142857	0.001478854888
142858	0.003257343354
142859	0.002054568853
142860	0.004191606599
142861	0.007098129395
142862	0.0004262808672
142863	0.00581806061
142864	0.002182239067
142865	0.004225938899
142866	0.007007395423
142867	0.002584115
142868	0.004942823973
142869	0.002312113691
142870	0.004958619803
142871	0.00976340133
142872	0.001177984343
142873	0.006227181576
142874	0.0002427531102
142875	0.0001423809323
142876	0.003746560691
142877	0.006326807761
142878	0.004552200524
142879	0.005196552599
142880	0.01533367778
142881	0.00704989877
142882	0.006263053544
142883	0.005055496011
142884	0.0001511618667
142885	0.00578884838
142886	0.003622666105
142887	0.004973508301
142888	0.005888494512
142889	0.002621710253
142890	0.01568351206
142891	0.00246513869
142892	0.002039866017
142893	0.009914787268
142894	0.004139066444
142895	0.006716005655
142896	0.002854033408
142897	0.003323004994
142898	0.001196973722
142899	0.005279955524
142900	0.006742501823
142901	0.006532823874
142902	0.004045027585
142903	0.005041803851
142904	0.001284315521
142905	0.002466763091
142906	0.01043665757
142907	0.003919452581
142908	0.001285722795
142909	0.005279908523
142910	0.003653454265
142911	0.005900501604
142912	0.0008581459666
142913	0.0005114395315
142914	0.003072981896
142915	0.002118842
142916	0.00452360931
142917	0.003726659442
142918	0.01444882231
142919	0.0008548613697
142920	0.008011244597
142921	2.66771964e-05
142922	0.006053815663
142923	3.833353181e-05
142924	0.002586424917
142925	0.0005227224522
142926	0.007255475434
142927	0.0009030737464
142928	0.0003637735641
142929	0.00130131685
142930	0.006372809556
142931	0.01276162341
142932	0.001184604575
142933	0.005035355556
142934	1.942420912e-05
142935	0.0001194371489
142936	0.004258504822
142937	0.001763378044
142938	0.0030677187
142939	0.002949913851
142940	0.003400213457
142941	0.0109757585
142942	0.004195044175
142943	0.006332864826
142944	0.0022463946
142945	0.001823850752
142946	0.006733853433
142947	0.003605388695
142948	0.01535336381
142949	0.004531650562
142950	0.001063563918
142951	0.004269790322
142952	0.002120010071
142953	0.0005041944271
142954	0.0005576102908
142955	0.0001053242983
142956	0.001501674162
142957	0.0003619997963
142958	0.003781380878
142959	0.001145778143
142960	0.006717216156
142961	0.01129742056
142962	0.0005672210394
142963	0.0156826342
142964	0.007533085662
142965	0.001789827711
142966	0.001109979505
142967	0.0005254501794
142968	0.001639982463
142969	0.000559945092
142970	0.002591588667
142971	0.004293777942
142972	0.002017067633
142973	0.004657238313
142974	7.936867169e-05
142975	0.001073376439
142976	0.0007648441651
142977	0.001621610218
142978	0.001099606324
142979	0.0003238849802
142980	0.004072279548
142981	0.001431787781
142982	0.0006793329502
142983	0.0004636517367
142984	0.00326563817
142985	0.002842222876
142986	0.001337767927
142987	0.003434890217
142988	0.004873734852
142989	0.004335610778
142990	0.009522514681
142991	0.007562422897
142992	0.009465840439
142993	0.008824830314
142994	0.004746151392
142995	0.0023845633
142996	0.001107964749
142997	0.001648190218
142998	0.003423461047
142999	0.002727571028
143000	0.003209978909
143001	0.002086523621
143002	0.006497974207
143003	0.003497225456
143004	0.001718012774
143005	0.004829964782
143006	0.001146684392
143007	0.006207870067
143008	0.0009474962322
143009	0.00169633506
143010	0.009143928348
143011	0.001342092288
143012	0.003220439669
143013	0.002409878685
143014	0.001217703611
143015	0.001818108587
143016	0.0007689486514
143017	0.006494358287
143018	0.003628787048
143019	0.002421117032
143020	0.001692358212
143021	0.0005169630949
143022	0.0005145298332
143023	0.0005448524287
143024	0.0002873487856
143025	0.004470447275
143026	0.002049192595
143027	0.0005484686817
143028	0.00945248087
143029	0.0001473125121
143030	0.001407315778
143031	0.001653133815
143032	0.003190152406
143033	0.003041561388
143034	0.0004895536778
143035	0.001953401718
143036	0.001773949452
143037	0.00270861322
143038	0.0004392430685
143039	0.0006815350717
143040	0.00549169193
143041	0.01152324912
143042	0.004370040642
143043	0.008006377638
143044	0.003649078328
143045	0.00137913853
143046	0.005082736622
143047	0.001314391589
143048	0.001735372982
143049	0.005077935453
143050	0.01348239387
143051	0.000387325426
143052	0.004588999998
143053	0.0007682797505
143054	0.002338816994
143055	0.006448423131
143056	0.001755469449
143057	0.004609688568
143058	0.0008734380847
143059	0.0006980228056
143060	0.001569654246
143061	0.001440173226
143062	0.0008732929963
143063	0.0004396576594
143064	0.01158928206
143065	0.008093122557
143066	0.0009066770554
143067	0.001009661129
143068	0.004540573665
143069	0.001424158403
143070	0.001058946886
143071	0.006238603992
143072	0.003951065701
143073	0.005869394593
143074	0.009393279213
143075	0.0001878880636
143076	0.002233162634
143077	0.0001637219422
143078	0.002201451119
143079	0.0001166291048
143080	0.00895781491
143081	6.1385161e-05
143082	0.001594397854
143083	0.005648739864
143084	0.001390127616
143085	0.004417536392
143086	0.005044299355
143087	0.0005552388764
143088	0.002826853612
143089	0.00155288007
143090	0.0006768291209
143091	0.01066811455
143092	0.001439513325
143093	0.006867227154
143094	0.001940860956
143095	0.005987323347
143096	0.01132327093
143097	0.005891229925
143098	0.00145721203
143099	0.009467251581
143100	0.001271456913
143101	0.01352612903
143102	0.01291758073
143103	0.003629350712
143104	0.004501327233
143105	0.005733173207
143106	0.002913775325
143107	0.001366414934
143108	0.000757059223
143109	0.003197352913
143110	0.006668013791
143111	0.005391475269
143112	0.005262148818
143113	0.001460618671
143114	0.0007421107287
143115	0.003320565527
143116	0.002121308443
143117	0.0008219194538
143118	0.002197798628
143119	0.003077619692
143120	0.004633568681
143121	0.006469100988
143122	0.0002109347449
143123	0.001683703102
143124	0.0002566319507
143125	0.007938989237
143126	0.005068209609
143127	0.0008299841258
143128	0.0003233167687
143129	0.00131721046
143130	0.003608226811
143131	0.01381096204
143132	0.0008102352846
143133	0.004758232021
143134	0.001177848721
143135	0.0003363188091
143136	0.0004475672763
143137	0.01078564506
143138	0.008637486517
143139	0.003349337818
143140	0.01000985595
143141	4.566790759e-05
143142	0.0004152260317
143143	0.0009091406192
143144	0.001247865521
143145	0.004641583847
143146	0.00688857489
143147	0.0005419006069
143148	0.007092334606
143149	0.00346666447
143150	0.00189870259
143151	0.0005316188176
143152	0.0009923786802
143153	0.00262488446
143154	0.002027998084
143155	0.004644276232
143156	0.004864216389
143157	0.005317637757
143158	0.006010422921
143159	0.008698312087
143160	0.003132517093
143161	0.001762861207
143162	0.002509896694
143163	0.004321413919
143164	0.001695088044
143165	0.002182264756
143166	0.0007279932826
143167	0.004149730592
143168	0.00940264232
143169	0.00467381577
143170	0.003960379018
143171	0.00164294535
143172	0.01147465747
143173	0.009212523389
143174	0.007719297177
143175	0.008834478653
143176	0.0040428561
143177	0.004708381584
143178	0.001884765814
143179	0.001186053619
143180	0.002274223174
143181	0.002150556841
143182	0.003834567236
143183	0.006690857957
143184	0.0008146867679
143185	0.0007804645474
143186	0.006904926103
143187	0.004572824507
143188	0.00237021473
143189	0.0009593209831
143190	0.008023490923
143191	0.002693701092
143192	0.005889154103
143193	0.002347980107
143194	0.0006980473285
143195	0.0008945276019
143196	0.001296301413
143197	0.0009390211096
143198	0.00212527763
143199	0.003335412059
143200	0.005173153973
143201	0.001260857427
143202	0.001009731714
143203	0.001783158263
143204	0.0007055614112
143205	0.0009805309947
143206	0.004849554129
143207	0.0006203878934
143208	0.001858528629
143209	0.000156549311
143210	1.1885241e-05
143211	0.003164308224
143212	0.003081464616
143213	0.003447625392
143214	0.0004283474768
143215	0.000449168324
143216	0.005033268489
143217	2.997303356e-05
143218	0.002292716296
143219	0.001832804543
143220	0.002394177225
143221	3.744483242e-05
143222	0.0004848873444
143223	0.001039966183
143224	0.007297987812
143225	0.003044442637
143226	0.006859066015
143227	0.003369859836
143228	0.004788006907
143229	0.001162284271
143230	0.009777109734
143231	0.002553763645
143232	0.0005105628158
143233	0.00314032361
143234	0.004291888793
143235	0.004118856132
143236	0.0009499766608
143237	0.009614796935
143238	0.0018808133
143239	0.004842856426
143240	0.003151018435
143241	0.001113287379
143242	0.008305232243
143243	0.003403801914
143244	0.004008584515
143245	0.0056267786
143246	0.008724046961
143247	0.0002363495945
143248	0.003510350025
143249	0.00309623742
143250	0.002748351849
143251	0.001095327777
143252	0.003818760378
143253	0.001889753404
143254	0.004508755021
143255	0.002780656558
143256	0.006663319898
143257	0.009687945878
143258	0.003943498848
143259	0.001605866838
143260	0.001775381418
143261	0.00628943328
143262	0.0009395962411
143263	0.005005175161
143264	0.003609549414
143265	0.01943313918
143266	0.001219517946
143267	0.001260206498
143268	0.001166686258
143269	0.004292553593
143270	0.0004824756092
143271	0.002550532938
143272	0.00110043285
143273	0.001227001632
143274	0.004464647246
143275	0.0005067099202
143276	0.0008759816683
143277	0.015275249
143278	0.01066537756
143279	0.001240187223
143280	0.001163851282
143281	0.001836117732
143282	0.002215918115
143283	0.0107929631
143284	0.002250849227
143285	0.0008821910062
143286	0.0007082721537
143287	0.006907813776
143288	0.002340428257
143289	0.00245140197
143290	0.00228860434
143291	0.0008933843633
143292	0.001376562229
143293	0.00149160127
143294	0.0006461181488
143295	0.00387100901
143296	0.007060493473
143297	0.0002628999111
143298	0.001525148615
143299	0.004320426999
143300	0.001814705041
143301	0.001269704558
143302	0.004619327156
143303	0.002369799682
143304	0.007288112167
143305	0.005085934557
143306	0.003043010759
143307	0.003892616939
143308	0.002476675233
143309	0.001222796495
143310	0.01518860665
143311	0.01743088605
143312	0.0001172583746
143313	0.002082183646
143314	0.002380209886
143315	0.004925245732
143316	0.005138092166
143317	0.002004219495
143318	0.0002258163118
143319	0.007180492313
143320	0.004895060728
143321	0.0002883428504
143322	0.002099506758
143323	0.000773818565
143324	0.001396574103
143325	0.008963406369
143326	0.01113995331
143327	0.008669488102
143328	0.006088474215
143329	0.007230113798
143330	0.007943699417
143331	4.778732215e-05
143332	0.005701819618
143333	0.0003793338048
143334	0.0006967808388
143335	0.001086233083
143336	0.00469574438
143337	0.001842860433
143338	0.0005788403478
143339	0.0001326778688
143340	0.0041617129
143341	0.001093239986
143342	0.001995516033
143343	0.00457998188
143344	0.002054523365
143345	0.0005390189026
143346	0.0004614292706
143347	0.008911342558
143348	0.007907195956
143349	0.003247773464
143350	0.002197313581
143351	0.00859352309
143352	0.003364373509
143353	0.0008006534252
143354	0.002893893166
143355	0.005669662828
143356	0.002018037511
143357	0.0008520772638
143358	0.004408693376
143359	0.001204797549
143360	0.001140635687
143361	0.001522937508
143362	0.0002641652437
143363	0.009663470275
143364	0.003070061033
143365	0.003081979107
143366	0.004227693131
143367	7.511644161e-05
143368	0.001255064548
143369	0.001376820948
143370	0.0008100606628
143371	0.002728065403
143372	0.007490870429
143373	0.003424219113
143374	0.001127196996
143375	0.0003987597711
143376	0.0005422948265
143377	0.007526305328
143378	0.005852028657
143379	0.001418016052
143380	0.0007012737737
143381	0.005019375927
143382	0.00553787901
143383	0.001961931478
143384	0.0003196341806
143385	0.003764213968
143386	0.002886511441
143387	0.001094419578
143388	0.0001483943
143389	0.001332002627
143390	0.009307840666
143391	0.0003445259122
143392	0.002113374027
143393	0.0002803081191
143394	0.002825386901
143395	0.005221016915
143396	0.002269380949
143397	0.0009531516972
143398	0.000904450772
143399	0.0004318890122
143400	0.0001465553494
143401	0.005401015197
143402	0.004250857679
143403	0.001045360733
143404	0.007991476575
143405	0.006039058075
143406	0.00470332583
143407	0.0007064883078
143408	0.0009768900303
143409	2.956987562e-05
143410	0.001226791553
143411	0.003593777963
143412	0.001181668443
143413	0.005261496575
143414	0.0007557824313
143415	0.001520521662
143416	0.005296435127
143417	0.005390115099
143418	0.001739913138
143419	0.0107179594
143420	0.00407884678
143421	0.004297843978
143422	0.004081920801
143423	0.01208173696
143424	0.00489192223
143425	0.002211514761
143426	0.002376217053
143427	0.001691390406
143428	0.005254782217
143429	0.004316421941
143430	0.002310843427
143431	0.009889090733
143432	0.0005263292006
143433	0.006038621756
143434	0.004248704845
143435	0.01194833785
143436	0.003018661265
143437	0.002819880288
143438	0.002052356095
143439	0.002898814744
143440	0.0008624179821
143441	0.008746833265
143442	0.001416089188
143443	0.005110701094
143444	0.001050306005
143445	0.006186138953
143446	0.0005290226624
143447	0.001850403687
143448	0.004050656101
143449	0.001345623705
143450	0.003436942351
143451	0.003311891257
143452	0.001937006722
143453	0.0005680193587
143454	0.006970197996
143455	0.001231576788
143456	0.0007559879561
143457	0.001355096086
143458	0.0008414497778
143459	0.0009915208854
143460	0.001110835822
143461	0.001304049313
143462	0.0007505379436
143463	0.0004581373227
143464	0.001030602217
143465	0.001452170803
143466	0.002021899897
143467	0.003764925118
143468	0.003087970195
143469	0.001840943066
143470	0.003397538682
143471	0.004625010669
143472	0.01221566153
143473	0.007317864198
143474	0.007264626777
143475	0.002948257199
143476	0.0009080294349
143477	0.0002639784016
143478	0.005242891537
143479	0.0005975300159
143480	0.001665253397
143481	0.009041139199
143482	0.01024142368
143483	0.003824474206
143484	0.003472010528
143485	0.003594498614
143486	0.005342955053
143487	0.004386463996
143488	0.003100296504
143489	0.006699024218
143490	0.00438468504
143491	0.001296107122
143492	0.001420856791
143493	0.003566118879
143494	0.009883231297
143495	0.004264850445
143496	0.004999926607
143497	0.001832007329
143498	0.001906372682
143499	0.002051917511
143500	0.001012883261
143501	0.004201280948
143502	0.004827254624
143503	0.005993044698
143504	0.001943797783
143505	0.0008217675292
143506	0.003491186193
143507	0.001781672911
143508	0.01035056209
143509	0.0009266450667
143510	0.003667179834
143511	0.001691460541
143512	0.002569373703
143513	0.003233493793
143514	0.0007423143033
143515	0.0007432812716
143516	0.007422867129
143517	0.008440097951
143518	0.001233179074
143519	0.009030495707
143520	0.002593300909
143521	0.008452454976
143522	0.008631479008
143523	0.001744269756
143524	0.001501539913
143525	0.007317645772
143526	0.004385216264
143527	0.005794994417
143528	0.0001959231732
143529	0.002695725493
143530	0.002376434451
143531	0.005086170578
143532	0.006022641616
143533	0.0006857813408
143534	0.001344044649
143535	0.002237192201
143536	0.005472946442
143537	0.006636707998
143538	0.001884310358
143539	0.004871279594
143540	0.002444998503
143541	0.001659130351
143542	0.0008692188887
143543	0.001692732423
143544	0.003788834347
143545	0.0007293718487
143546	0.004285507488
143547	0.001973604861
143548	0.0002828542786
143549	9.416220233e-05
143550	0.001376458278
143551	0.0009798352293
143552	0.002065828587
143553	0.005520587494
143554	0.002605282789
143555	0.003505465291
143556	0.001348111054
143557	0.0007641419418
143558	0.007255839431
143559	0.004175563071
143560	0.00665299643
143561	0.002851525557
143562	0.0004984612514
143563	0.001715622661
143564	0.0008817200273
143565	0.001733494044
143566	0.008601933804
143567	0.000582238914
143568	0.002933177685
143569	0.003171841723
143570	0.004534538739
143571	0.003460375323
143572	0.00156506158
143573	0.0004162819768
143574	0.01037305188
143575	0.005536473183
143576	0.008234684328
143577	0.001507749358
143578	0.001735546437
143579	0.003287684222
143580	0.0003399062118
143581	0.004997558718
143582	0.001718098779
143583	0.01193617232
143584	0.009374575175
143585	0.003927152094
143586	0.001466847948
143587	0.004825783354
143588	0.00199229081
143589	0.002649869538
143590	0.002187599608
143591	0.0004592691086
143592	0.002754918278
143593	0.0003116919819
143594	0.001730893734
143595	0.0004345462897
143596	0.00102605371
143597	0.002878105536
143598	0.0003594458459
143599	0.003103387654
143600	0.008672099144
143601	0.0005515387715
143602	0.003388189037
143603	0.003905862964
143604	0.001775164283
143605	0.002738749253
143606	0.003817346038
143607	0.004327555103
143608	0.006957908596
143609	0.00160174364
143610	0.00118590291
143611	0.007798228161
143612	0.002188721989
143613	0.008755562822
143614	0.006414332511
143615	0.002107619334
143616	0.01476949979
143617	0.003532139505
143618	0.006177783431
143619	0.003862806037
143620	0.001914813898
143621	0.0001385493585
143622	0.003983521826
143623	0.0009201186918
143624	0.006178089417
143625	0.003407765374
143626	0.003547349951
143627	0.0002402263006
143628	0.008508232514
143629	0.001950022592
143630	0.002219710149
143631	0.0036909277
143632	0.002139584691
143633	0.002746177911
143634	0.0002070065119
143635	0.003490944398
143636	0.004205239713
143637	0.0001868897131
143638	0.004233843114
143639	0.004303193441
143640	0.003842942079
143641	0.004695949597
143642	0.0006897776846
143643	0.01108873752
143644	0.006119200995
143645	0.003423948114
143646	0.005186594282
143647	0.0005960404958
143648	0.0009909531335
143649	0.004132166867
143650	0.003774456791
143651	0.001242095625
143652	0.005277727757
143653	0.002704544452
143654	0.002641133277
143655	0.006100922739
143656	0.0086792883
143657	0.006724991546
143658	0.00660216248
143659	0.002043769264
143660	0.004918180559
143661	0.00941169955
143662	0.000477772075
143663	0.005002941424
143664	0.001036597993
143665	0.008735146044
143666	0.007612132604
143667	0.0001007554784
143668	0.008055805761
143669	0.01111231239
143670	0.000352713857
143671	0.006448862846
143672	0.009582630084
143673	7.120640721e-05
143674	0.007040816893
143675	0.001666943712
143676	0.009813975471
143677	0.002297073209
143678	0.004680223238
143679	0.0006947701233
143680	0.008388295855
143681	0.006750125686
143682	0.006983823498
143683	0.001124618144
143684	0.01068394905
143685	0.003475083635
143686	0.005635042045
143687	0.004271977207
143688	0.00187820277
143689	0.002917893258
143690	6.278672605e-05
143691	0.003650020174
143692	0.0007856305401
143693	0.001322276452
143694	0.004356603999
143695	0.003756352806
143696	0.004159503301
143697	0.0006318293627
143698	0.005223559818
143699	0.0007212603837
143700	0.0008547003976
143701	0.006443748264
143702	0.0009549912007
143703	0.003383293906
143704	0.001395750047
143705	0.002572546046
143706	0.003918085055
143707	0.004369093276
143708	0.001033029718
143709	0.0008293823829
143710	0.006997352684
143711	0.0005305042418
143712	0.005227323848
143713	0.003407955514
143714	0.00331704382
143715	0.002301599722
143716	0.0005438330528
143717	0.006029792767
143718	0.003503905969
143719	0.003236765505
143720	0.000933114931
143721	0.00573008349
143722	0.002907369047
143723	0.00559239788
143724	0.01014104603
143725	0.004377467608
143726	0.004377405531
143727	0.01384718296
143728	0.002761341565
143729	0.0001338442678
143730	0.005039756234
143731	0.0007086217082
143732	0.002563794556
143733	0.0005898460567
143734	0.004425172468
143735	0.00896617456
143736	0.006802387751
143737	0.007670448597
143738	0.002554230102
143739	0.0007508943818
143740	0.0110687515
143741	0.0009272197167
143742	0.0005433386979
143743	0.001016093067
143744	0.005905765152
143745	3.611354354e-07
143746	0.0008503964407
143747	0.0008002158753
143748	0.006399398307
143749	0.003483740532
143750	0.0002513161459
143751	0.003866818569
143752	0.002120739123
143753	0.005298110745
143754	0.007144967193
143755	0.003040004909
143756	0.002921987227
143757	0.003049208644
143758	0.004583237178
143759	0.002101317539
143760	0.008914944287
143761	0.008237614909
143762	0.001775653288
143763	0.006890644203
143764	0.008814619421
143765	0.009572686266
143766	0.001396034731
143767	0.00326055271
143768	0.003617114047
143769	0.002781139554
143770	0.006374293883
143771	0.002849894882
143772	0.0002687162426
143773	0.002882464471
143774	0.001605775506
143775	0.01359149944
143776	0.000358974946
143777	0.004481097231
143778	0.002872758034
143779	0.000363606554
143780	0.0004123580456
143781	0.001095797682
143782	0.001597305494
143783	3.749606517e-05
143784	0.006897837083
143785	0.001818599176
143786	0.003125793889
143787	0.004336868772
143788	0.009667277055
143789	0.006909503282
143790	0.004080105414
143791	0.002280272894
143792	0.00676240669
143793	0.0003298971135
143794	0.002087028476
143795	6.938444964e-05
143796	0.003176876045
143797	0.003491659957
143798	0.004082178445
143799	0.001924848222
143800	0.00176273976
143801	0.002368631431
143802	0.001530043342
143803	0.001428478008
143804	0.007482144577
143805	0.001876659868
143806	0.002725513164
143807	0.005002727066
143808	0.005414570715
143809	0.0006151100936
143810	0.000548273724
143811	0.003375802795
143812	0.003465538451
143813	0.0008042821604
143814	0.001410068664
143815	0.009528607625
143816	0.007413074443
143817	0.005338189707
143818	0.001266148809
143819	0.003146289258
143820	0.001636483609
143821	0.001580044646
143822	0.008311019513
143823	0.00242324149
143824	0.0006472182328
143825	0.002707153811
143826	0.005775985958
143827	0.003121311381
143828	0.0005865268267
143829	0.00818581592
143830	0.007041362536
143831	0.006224466423
143832	0.005086367983
143833	0.0009794105364
143834	0.001330740052
143835	0.01118476315
143836	0.0003082820451
143837	0.001828577805
143838	0.00585704381
143839	0.00266024248
143840	0.002162104812
143841	0.001705810815
143842	0.0008374064086
143843	0.00480309869
143844	0.005723484803
143845	0.001687410254
143846	0.001086512186
143847	0.001355985211
143848	0.00105371498
143849	0.003960876205
143850	0.001144907128
143851	0.004568831354
143852	0.0008423467636
143853	0.000635514953
143854	0.004303896968
143855	0.002612544154
143856	0.001907673018
143857	0.0003729268608
143858	0.003028518357
143859	0.00188594516
143860	0.002768347082
143861	0.01291817945
143862	0.008550946345
143863	0.007336315977
143864	0.006023992498
143865	0.007536106383
143866	0.007720616136
143867	0.001180381142
143868	0.003149346013
143869	0.001796171488
143870	0.001960754842
143871	0.003005021133
143872	0.001906326321
143873	0.01330208991
143874	0.001664267671
143875	9.149401599e-05
143876	0.004809121207
143877	0.004864112793
143878	0.002440967114
143879	0.00302666197
143880	0.001696803763
143881	0.001259129853
143882	0.003481270267
143883	0.003698029398
143884	0.003671664271
143885	0.003232561539
143886	0.001168121773
143887	0.0002135903202
143888	0.0009643491675
143889	0.004425468746
143890	0.002568466039
143891	0.003894336895
143892	0.00149993627
143893	0.0002478970013
143894	0.00751442187
143895	0.006558003146
143896	0.006804781498
143897	0.002314890853
143898	0.004071370597
143899	0.003067304733
143900	0.004141824149
143901	0.002069085042
143902	0.006756418468
143903	0.0004379342371
143904	0.0008691426841
143905	0.01070032718
143906	0.00244221196
143907	0.001699702657
143908	0.01052812732
143909	0.001527416829
143910	0.00414813371
143911	0.000604682703
143912	0.006874500517
143913	0.002966185988
143914	0.007067548732
143915	0.0135694752
143916	0.006748976458
143917	0.00308679151
143918	0.003687001784
143919	0.003087861021
143920	0.005869225481
143921	0.005400565669
143922	0.002553795469
143923	0.0006352672342
143924	0.002118069978
143925	0.003548260764
143926	0.004496914903
143927	0.001157258885
143928	0.001668632206
143929	0.008537053521
143930	0.002836571641
143931	0.003344823547
143932	0.001884012193
143933	0.0001395189687
143934	0.01019750571
143935	0.0008287694291
143936	0.0007021625477
143937	0.000238911491
143938	0.0005866146259
143939	0.001448466252
143940	0.004383035009
143941	0.000240559403
143942	0.000121471275
143943	0.002180818515
143944	0.002624334586
143945	0.003052250425
143946	0.003392319188
143947	0.002746712258
143948	0.001100010762
143949	0.007217234278
143950	0.001876159102
143951	0.003057352972
143952	0.004745449686
143953	0.0001408024392
143954	0.01177129489
143955	0.001757615167
143956	0.009266652734
143957	0.001099627204
143958	0.0007796337969
143959	0.005601000049
143960	0.001548197288
143961	0.001003391211
143962	0.002139584819
143963	0.001114692778
143964	0.004312219661
143965	0.0009518951626
143966	0.006096821684
143967	0.002500296794
143968	0.004367355986
143969	0.00389455273
143970	1.466811193e-06
143971	0.002947364831
143972	9.291968144e-05
143973	0.002049500404
143974	0.001992822528
143975	0.005023185116
143976	0.0005702558168
143977	0.002312171101
143978	0.0005822746434
143979	0.0002967119919
143980	0.0009709282177
143981	0.0005171464378
143982	0.003568335007
143983	0.006150102416
143984	0.01291835294
143985	0.003667593658
143986	0.003542120308
143987	0.0008978792823
143988	0.01151368391
143989	0.003209091529
143990	1.894919763e-05
143991	0.001402975459
143992	0.006639093011
143993	0.0002683295553
143994	0.002719811754
143995	0.00244239724
143996	0.004950236272
143997	0.0112940251
143998	0.007675723546
143999	0.0007961694214
144000	0.0002255029031
144001	0.01001146236
144002	0.008223382503
144003	0.0003461037857
144004	0.000917847373
144005	0.004597830979
144006	0.003969416734
144007	0.002017490219
144008	0.002146698043
144009	0.0008489538764
144010	0.01061359357
144011	0.003657990587
144012	0.002169429761
144013	0.004887883163
144014	0.008741217624
144015	0.001003020365
144016	0.01393338514
144017	0.001106415074
144018	0.0003302221471
144019	0.002443702916
144020	0.001147550383
144021	0.003697529537
144022	0.0008101236404
144023	0.0181048824
144024	0.0002650706315
144025	0.001328773095
144026	0.0094170857
144027	0.01148780362
144028	0.002681599518
144029	0.003153804397
144030	0.004727738329
144031	0.0001530951691
144032	0.001614728046
144033	0.000447284168
144034	0.001622266047
144035	0.006643889562
144036	0.00156892192
144037	0.004836845226
144038	0.01213459615
144039	0.001879153953
144040	0.01044839771
144041	0.006519936249
144042	0.00386263469
144043	0.002823239073
144044	0.001742251464
144045	0.0003282490621
144046	0.0008210596514
144047	5.687189555e-05
144048	0.005278297906
144049	0.005248740804
144050	0.0005662415614
144051	0.001424897922
144052	0.001013406044
144053	0.003246243893
144054	0.005656466966
144055	0.0009804673392
144056	1.56545641e-05
144057	0.001829211457
144058	0.003932420399
144059	0.004479277027
144060	0.0005864217066
144061	0.004667715511
144062	0.002608640883
144063	0.001226118656
144064	0.009502817679
144065	1.496285899e-05
144066	0.002710078465
144067	0.002423686378
144068	0.0005843175305
144069	0.0009148596359
144070	0.007930951709
144071	0.0004323504205
144072	0.002195905928
144073	0.009524291993
144074	0.01001600038
144075	0.006672418855
144076	0.002195438574
144077	0.008138121474
144078	0.005056798737
144079	0.007703756975
144080	0.002042739644
144081	0.0006895435927
144082	0.0002237723534
144083	0.008111897038
144084	0.001626332362
144085	0.0006889711949
144086	0.003919388934
144087	0.007313066676
144088	0.003438852707
144089	0.0009333169744
144090	0.006573189004
144091	0.008126880185
144092	0.001876683823
144093	0.002367654318
144094	0.002893199446
144095	0.0004848267044
144096	0.003353987501
144097	0.0006476502594
144098	0.00219121853
144099	0.002888370038
144100	0.0008475251986
144101	0.0005825571731
144102	0.003822826083
144103	0.007139963594
144104	0.0004807765333
144105	0.009905753696
144106	0.006239482602
144107	0.008112915886
144108	0.002471419441
144109	0.002693870307
144110	0.004207131661
144111	0.003658861257
144112	0.006421639052
144113	0.002492799132
144114	0.0004943223481
144115	0.006993970512
144116	0.0008206551144
144117	0.0007440035686
144118	0.003085333025
144119	0.002533947893
144120	0.0003888511795
144121	0.001373143123
144122	0.0006722741843
144123	0.001219951756
144124	0.001775472241
144125	0.004523228904
144126	0.002569193531
144127	0.005034030453
144128	0.004611036412
144129	0.003843124045
144130	0.005762368618
144131	2.389427411e-05
144132	0.003838182356
144133	0.007797330101
144134	0.00902554259
144135	0.0005197916168
144136	0.0009627003326
144137	0.006552926151
144138	0.003222323657
144139	0.002343895117
144140	0.0008822193706
144141	0.0002299873019
144142	0.0001403583723
144143	0.003089141513
144144	0.001124589822
144145	0.009082614321
144146	0.01220908998
144147	0.001259914123
144148	0.0004923732886
144149	0.00324038684
144150	0.0008284737548
144151	0.006329783824
144152	0.004020211348
144153	0.001154861893
144154	0.005759742687
144155	0.00283183072
144156	0.001528814475
144157	0.002798028398
144158	0.003129192506
144159	0.00093235075
144160	0.01152791013
144161	0.0004714826766
144162	0.01358994086
144163	0.0009425168325
144164	0.01295776033
144165	0.0007180992987
144166	0.003960268835
144167	0.00646091996
144168	0.0001889862121
144169	0.001009093638
144170	0.005799582055
144171	0.00490596938
144172	0.0006194564601
144173	0.0005336499149
144174	0.001556136804
144175	0.00820941417
144176	0.0001212594206
144177	0.001158866815
144178	0.003444313812
144179	0.004423161289
144180	0.0007907979802
144181	0.003504930392
144182	0.001881651758
144183	0.003833440101
144184	0.006702733959
144185	0.0002413229527
144186	0.001330092662
144187	0.002560869373
144188	0.008490737128
144189	0.004621824064
144190	0.01291209076
144191	0.0004441470608
144192	0.003468664428
144193	0.0002445054106
144194	0.000818758665
144195	0.007583624272
144196	0.003059891211
144197	9.094586866e-05
144198	0.0009356625893
144199	0.007112736787
144200	0.003563183357
144201	0.006213879702
144202	0.007226765536
144203	0.0009106146018
144204	0.006922204382
144205	0.0001220103646
144206	0.009362776627
144207	0.01207911131
144208	0.000279916892
144209	0.0002636344631
144210	0.006922351746
144211	0.001941149842
144212	0.003264224318
144213	0.0002238524084
144214	0.001441638042
144215	0.0005367475506
144216	0.007574971461
144217	0.007646482467
144218	0.001331562372
144219	0.004299217745
144220	0.004552783522
144221	0.0009637951281
144222	0.002673469325
144223	0.008240468753
144224	0.005751938703
144225	0.007634429544
144226	0.0002685653439
144227	0.001635974409
144228	0.009550672412
144229	0.001597601457
144230	0.0006393613776
144231	0.0008383566149
144232	0.001623341452
144233	0.001354289863
144234	0.001881598483
144235	0.006268545458
144236	0.004893303176
144237	0.002504922335
144238	1.223070905e-05
144239	0.005489091483
144240	0.003762216263
144241	0.007647279068
144242	0.002642234796
144243	0.0004913813704
144244	0.00246003765
144245	0.003676523599
144246	0.006478896343
144247	0.007367590313
144248	0.002412905243
144249	0.0009703518286
144250	0.0005245624258
144251	0.004097827645
144252	0.004508559911
144253	0.00426323054
144254	0.0004493853718
144255	0.0007249699044
144256	0.005569171603
144257	0.003805133395
144258	0.008851020797
144259	0.005907612478
144260	0.002999151519
144261	0.01101158311
144262	0.001179212848
144263	0.000264457207
144264	0.001547684911
144265	0.004023642896
144266	0.007097276594
144267	0.008678093837
144268	0.001832919132
144269	0.0003090633015
144270	0.00428115187
144271	0.003796590511
144272	0.000808841104
144273	0.002907386792
144274	0.0007580638436
144275	0.00239056661
144276	0.0006936941787
144277	0.003403992107
144278	0.001401091889
144279	0.004145263891
144280	9.723934199e-05
144281	0.00293123243
144282	0.00465867259
144283	0.001127742707
144284	0.00106105909
144285	0.0001155970681
144286	0.004662701038
144287	0.00707264883
144288	0.006819945426
144289	0.005873694074
144290	0.001067478677
144291	0.003376445137
144292	0.01779679244
144293	0.001273602473
144294	0.002688716524
144295	0.002132504036
144296	0.00918136848
144297	0.002851864738
144298	0.003570558345
144299	0.001957237276
144300	0.00102456026
144301	0.000688776592
144302	0.0005030786687
144303	0.006192529059
144304	0.006567121903
144305	0.001505858473
144306	0.0006286167046
144307	0.002739918877
144308	0.0005636682772
144309	0.009065628438
144310	0.002447811397
144311	0.008594433139
144312	0.002124617054
144313	0.004433885342
144314	0.009704107403
144315	0.009320668147
144316	0.0005036988579
144317	0.00795629771
144318	0.0006049436816
144319	0.002758606988
144320	0.002231932501
144321	0.01208503448
144322	0.00286738419
144323	0.002071185987
144324	0.005657203223
144325	0.005795481505
144326	0.005836481255
144327	0.007747609316
144328	0.005719091315
144329	0.002445755009
144330	0.003622685467
144331	0.005982236624
144332	0.001929667718
144333	0.0004215689987
144334	0.004158630291
144335	0.0008551614987
144336	0.001643236621
144337	0.003982727794
144338	0.002047983538
144339	0.0001697216354
144340	0.002104884329
144341	0.003206340583
144342	0.001366177163
144343	0.0008698469861
144344	0.003626854675
144345	0.005106446376
144346	0.005148561951
144347	0.005554940967
144348	0.001503271326
144349	0.00337406887
144350	0.0004418650582
144351	0.001744879686
144352	0.00221416382
144353	0.005061509382
144354	0.003622899357
144355	0.008310815621
144356	0.002739489439
144357	0.005455175246
144358	0.002784740474
144359	0.0008864274897
144360	0.004097508944
144361	2.239231308e-05
144362	0.01005505544
144363	0.004454596788
144364	0.006494948652
144365	0.003935004633
144366	0.0002400540447
144367	0.006859408161
144368	0.00182383617
144369	0.0005044674182
144370	0.002899674159
144371	0.001042403027
144372	0.002846488765
144373	0.0003716706247
144374	0.004611280212
144375	0.0003056097305
144376	0.002842151246
144377	0.009244340939
144378	0.001329080477
144379	0.005476175694
144380	0.001599922082
144381	0.0004904331903
144382	0.0007660315614
144383	0.0009208552979
144384	0.000235600151
144385	0.004590076757
144386	0.002118806028
144387	0.0002745404596
144388	0.007799071311
144389	0.002464443505
144390	0.0001691457513
144391	0.001111071638
144392	0.007154864909
144393	0.01168283203
144394	0.005140639602
144395	0.004058388824
144396	0.007468618424
144397	0.002833516863
144398	0.002615092218
144399	0.001479522388
144400	0.0001135574147
144401	0.009134156565
144402	0.0001901128301
144403	0.001307011321
144404	0.002487200199
144405	0.002896471774
144406	0.000916397344
144407	0.0007600929636
144408	0.00955388587
144409	0.004521505714
144410	0.0007544690604
144411	0.003499218353
144412	0.003643370637
144413	0.0008603113139
144414	0.00050450108
144415	0.004833918467
144416	0.00232843309
144417	0.0006783159675
144418	0.01600624975
144419	0.001152415728
144420	0.00175888766
144421	0.00339823893
144422	0.001985869162
144423	0.001177720286
144424	0.00267586223
144425	0.001159813412
144426	0.0006893915287
144427	0.009655959527
144428	0.0003287570608
144429	0.0006036959825
144430	9.136819198e-05
144431	0.002376906019
144432	0.007284516674
144433	0.0117232571
144434	0.007657406466
144435	0.002985075361
144436	0.001910428711
144437	0.0050345487
144438	0.001917571879
144439	0.001067480753
144440	3.39320376e-05
144441	0.00533473658
144442	0.0001492209943
144443	0.004667538983
144444	0.002122143176
144445	0.009168939368
144446	0.003271298938
144447	0.001718994674
144448	0.001893053444
144449	0.002202969212
144450	0.002243041588
144451	0.003753040617
144452	0.001503984572
144453	0.004970049606
144454	0.00717927524
144455	0.006770668967
144456	0.00263841364
144457	0.008572478812
144458	0.004840330545
144459	0.0008289080346
144460	0.0006334390799
144461	0.0001368670007
144462	0.00282004123
144463	0.0005840569191
144464	0.004202735747
144465	0.002012924833
144466	0.0006542466629
144467	0.003695524738
144468	0.000202020092
144469	0.001128462767
144470	0.0002353348452
144471	0.0008986126755
144472	0.001758429723
144473	0.006390585695
144474	0.009411407136
144475	0.0003498084305
144476	0.004397129805
144477	0.004665414623
144478	0.005297489032
144479	0.004133734105
144480	2.121443523e-05
144481	0.0003801015376
144482	0.002213868307
144483	0.001478958142
144484	0.01065321378
144485	0.00131261502
144486	0.000667384217
144487	0.001599241705
144488	0.003310397082
144489	0.002913302318
144490	0.0004528024847
144491	0.003269880917
144492	0.00109562256
144493	0.003976940167
144494	0.0008048760702
144495	0.000635110675
144496	0.001085574821
144497	0.0108084934
144498	0.001724954958
144499	0.003477356159
144500	0.002267799047
144501	0.007743402735
144502	0.004830311501
144503	0.01122036285
144504	0.00382160417
144505	0.0009547278451
144506	0.0002794682042
144507	0.001419735496
144508	0.00662936261
144509	0.001537482348
144510	0.006773137204
144511	0.005864407895
144512	0.00400713416
144513	0.00096498397
144514	0.004018821083
144515	0.002635009627
144516	0.009912580906
144517	0.0007640988852
144518	0.0001885963983
144519	0.002380188133
144520	0.0008596653665
144521	0.00698135628
144522	0.007378189295
144523	0.001629372306
144524	0.0008912450714
144525	0.001120404161
144526	0.002366903898
144527	0.00114579824
144528	0.008288274565
144529	0.01320649184
144530	0.001913207494
144531	0.007199227687
144532	0.0003088656795
144533	0.002588748288
144534	0.0048177398
144535	0.002186848517
144536	0.002043447805
144537	0.0001717817452
144538	0.003971356694
144539	0.00421328043
144540	0.002602390962
144541	0.008645338586
144542	0.001041083509
144543	4.535571984e-05
144544	0.001455697805
144545	0.0008384534221
144546	0.0009005495482
144547	0.0009232600841
144548	0.001945096241
144549	0.003485562939
144550	0.007683916214
144551	0.001752955509
144552	0.00615458879
144553	0.01198899035
144554	0.00101164793
144555	0.0003394963793
144556	0.001195006899
144557	0.0005309365413
144558	0.001270916809
144559	0.002250193266
144560	0.009336949415
144561	0.004826412983
144562	0.001861647202
144563	0.001040000741
144564	0.009010288127
144565	0.001612032435
144566	0.006376678748
144567	0.0003885609447
144568	0.003008310987
144569	0.01032496903
144570	0.002817913708
144571	0.00462738292
144572	0.006975885407
144573	0.003568141092
144574	0.0004841508657
144575	0.0008106447287
144576	0.001057214567
144577	0.00236063874
144578	0.002507346135
144579	0.0003187790014
144580	0.008624318006
144581	0.003407511361
144582	0.01337940619
144583	0.001756614155
144584	0.0009216128345
144585	0.004791243855
144586	0.00144949958
144587	0.006448133658
144588	0.00437203784
144589	0.001488445133
144590	0.0002062415974
144591	0.002731593453
144592	0.0007130071961
144593	0.010016599
144594	0.003960497982
144595	0.005125702287
144596	0.003051631672
144597	4.396808307e-05
144598	0.0001723718563
144599	0.003249052888
144600	0.0001900837318
144601	0.01128691018
144602	0.002249475099
144603	0.001383644709
144604	0.001119042721
144605	0.01001912277
144606	0.007138868912
144607	0.004698295058
144608	0.0008665363486
144609	0.003587527131
144610	0.00260832975
144611	0.01338115131
144612	0.001236466589
144613	0.006938312762
144614	0.00286520583
144615	0.00222678146
144616	0.002200429141
144617	0.004636226691
144618	0.004657053857
144619	0.001327698111
144620	0.0007034040097
144621	0.009432605782
144622	0.005147518019
144623	0.005274575152
144624	0.001476890426
144625	0.005259739774
144626	0.004276951635
144627	0.002291136529
144628	0.007541919546
144629	0.0006860834221
144630	0.0005616388691
144631	0.0001629253287
144632	0.0003975132717
144633	0.007640121034
144634	0.000613843644
144635	0.0157831828
144636	0.0009798602478
144637	0.001958413395
144638	0.005507251582
144639	0.001141957469
144640	0.002962539846
144641	0.001112999071
144642	0.001480545471
144643	0.01168082271
144644	0.002361866405
144645	0.0008440544938
144646	0.005971398633
144647	0.004087582936
144648	0.0001236359556
144649	0.004253906652
144650	0.0006007820855
144651	0.001395497203
144652	8.907730343e-05
144653	0.0009625562603
144654	0.002701690547
144655	0.007453779783
144656	0.000591710924
144657	0.01515889721
144658	0.004163556131
144659	0.0003241147214
144660	0.002647203198
144661	0.0006763088163
144662	0.001923924019
144663	0.0006235646045
144664	0.0008783537086
144665	0.0006627478095
144666	0.008932695265
144667	0.0003636555873
144668	0.0006225742219
144669	0.001432536705
144670	0.0001172454571
144671	0.01625733706
144672	0.01031607214
144673	0.01052185738
144674	0.004273307722
144675	0.00999207179
144676	0.01410967483
144677	0.005354248476
144678	0.001114263962
144679	0.002645557607
144680	8.814804299e-05
144681	0.003404945106
144682	0.0008301669574
144683	0.01072177724
144684	0.002944062724
144685	0.005870473963
144686	0.001600974698
144687	6.363856038e-05
144688	0.00173962768
144689	0.009893587269
144690	0.0006306773566
144691	0.001284724159
144692	0.00143304705
144693	0.0004493390196
144694	0.0005187543895
144695	0.002573349803
144696	0.001506324587
144697	0.005440170482
144698	0.001138660314
144699	0.005442417335
144700	0.006588881733
144701	0.0004722059051
144702	0.008019881522
144703	0.0006013017214
144704	0.0007033806555
144705	0.0008594088741
144706	0.008979907718
144707	0.001847896591
144708	0.001392360391
144709	5.206160185e-05
144710	0.002423394514
144711	0.0006935418514
144712	0.009176435198
144713	0.01028371845
144714	0.000279615685
144715	0.002726235826
144716	0.0002319269382
144717	0.008782685197
144718	0.008909915652
144719	0.01040709896
144720	0.002487652132
144721	0.0007397152386
144722	0.00226038736
144723	0.001594315234
144724	0.0003394747453
144725	0.002732499615
144726	0.001845323467
144727	0.008145462353
144728	0.0008713073241
144729	0.006322071489
144730	0.009959371772
144731	0.001300271016
144732	0.004165955993
144733	0.01014807095
144734	0.0006423885732
144735	0.007408422762
144736	0.006963660769
144737	0.002915380324
144738	0.008293001624
144739	0.005341479526
144740	0.0005487863166
144741	0.00256400108
144742	0.001321303918
144743	0.006411404018
144744	0.003510066153
144745	0.0101391357
144746	0.00243776045
144747	0.005878276477
144748	0.003726642006
144749	0.002638927113
144750	0.003219828919
144751	0.005815470253
144752	0.000957502439
144753	0.001320514572
144754	0.006223263634
144755	0.002530083814
144756	0.003107765696
144757	0.002588237107
144758	0.006621592197
144759	0.003090878639
144760	0.00374760796
144761	0.00952229792
144762	0.0003150788667
144763	0.001134094616
144764	0.007032874874
144765	0.005797542455
144766	0.0003872841561
144767	0.008721118241
144768	0.001701987415
144769	0.00438845634
144770	0.001663720482
144771	0.002599700047
144772	0.0003802066067
144773	0.003715993289
144774	0.005236005667
144775	0.004298213786
144776	0.004950519963
144777	0.0001050852989
144778	0.004785115487
144779	0.005715927624
144780	0.004677895173
144781	0.001508140464
144782	0.008594356066
144783	0.003088495875
144784	0.002178161905
144785	0.004752455564
144786	0.003804603769
144787	0.001150097007
144788	0.000586682182
144789	0.002144098694
144790	0.01070360338
144791	0.0006144089506
144792	0.004131767439
144793	0.00342708367
144794	0.008139816866
144795	0.003763632304
144796	0.007762686959
144797	0.004086295368
144798	0.0005215084164
144799	0.002353216632
144800	0.001785176585
144801	0.0001937953319
144802	0.009736565439
144803	0.0003992169992
144804	0.00606625452
144805	0.007611889671
144806	0.005409550778
144807	0.001590682507
144808	0.0001970573399
144809	0.0009512277595
144810	0.0006467201712
144811	0.004565495302
144812	0.009984268382
144813	0.003893630254
144814	0.002137117132
144815	0.00623628767
144816	0.00181932089
144817	0.002508242959
144818	0.001610593001
144819	0.0009333027836
144820	0.001520288821
144821	0.003310921204
144822	0.003223836226
144823	0.007985519564
144824	0.005403149461
144825	0.0008980760724
144826	0.001639485181
144827	0.0007990766663
144828	0.0004138521528
144829	0.008791554437
144830	0.003616924352
144831	7.986837764e-05
144832	0.003215860601
144833	0.0005265625136
144834	0.0007312679147
144835	0.001321255723
144836	0.003441314314
144837	0.0008241923729
144838	0.005533876708
144839	0.002563378544
144840	0.0009776913424
144841	0.002218252821
144842	8.057084654e-05
144843	0.0008547252494
144844	0.0008433092288
144845	0.002418937711
144846	0.005737828292
144847	0.006637853824
144848	0.0001791179424
144849	0.002827550492
144850	0.002303812835
144851	0.0001455361375
144852	0.002781497929
144853	0.00103963147
144854	0.001706890809
144855	0.007010143142
144856	0.0044243983
144857	0.002491063041
144858	0.007090884247
144859	0.006014697041
144860	0.0028704098
144861	0.007966789352
144862	0.0003672202719
144863	0.0001282319391
144864	0.001194043142
144865	0.0001810337196
144866	0.0006681864339
144867	0.009755522791
144868	0.0006452186851
144869	0.001133058743
144870	0.01072050034
144871	0.01006693645
144872	0.01322449231
144873	4.331982401e-05
144874	0.0003043886124
144875	0.0001445822508
144876	0.00358402879
144877	0.002152241417
144878	6.423309919e-05
144879	0.01378469167
144880	0.002806754445
144881	0.002681231415
144882	0.0003469952351
144883	0.002123186615
144884	0.002859105018
144885	0.005193913233
144886	0.0011438129
144887	0.001654535702
144888	0.003075090022
144889	0.0006971165377
144890	0.005460572429
144891	0.0001684629637
144892	0.002299483772
144893	0.004669234999
144894	0.003486153468
144895	9.180003889e-05
144896	0.01337570109
144897	0.006819698673
144898	0.007543171669
144899	0.0008438686209
144900	0.002817605454
144901	0.0007278099309
144902	0.001580072037
144903	0.005378982048
144904	0.003805763424
144905	0.002088000058
144906	0.0054880655
144907	0.0002809803042
144908	0.0009367474095
144909	0.0002168582643
144910	0.01080463375
144911	0.009161400447
144912	0.001100087894
144913	0.009893269595
144914	0.01185966674
144915	4.417876369e-05
144916	0.005314870146
144917	0.0009230897818
144918	0.005849505471
144919	0.002602882502
144920	0.003094344603
144921	0.003291431962
144922	0.0001479620346
144923	0.003590958773
144924	0.002374701252
144925	0.002972447418
144926	0.001003092165
144927	0.003051614031
144928	0.003180081715
144929	0.00232241811
144930	0.001368682131
144931	0.001761819924
144932	0.00329513687
144933	0.003759355908
144934	0.0134537616
144935	0.0007960343639
144936	0.002312910916
144937	0.0004722687627
144938	0.003104233605
144939	0.01091604013
144940	0.007679181454
144941	0.002331331157
144942	0.001457540647
144943	0.008232133054
144944	0.008418526184
144945	0.00484924842
144946	0.001730398447
144947	0.0008116203393
144948	0.002255298547
144949	0.00270457907
144950	0.002061034183
144951	0.001272486734
144952	0.001718087481
144953	0.0004227308078
144954	0.0003914238557
144955	0.001008415169
144956	0.0009282084821
144957	0.006599598464
144958	0.0006786638914
144959	0.0004696749471
144960	0.003473326273
144961	0.002432404473
144962	0.002790492153
144963	0.002891057432
144964	0.003244199087
144965	0.004841968253
144966	0.004176898874
144967	0.007484776341
144968	0.01325622048
144969	0.003799039728
144970	0.0004001564996
144971	0.005377332259
144972	0.0006274073814
144973	0.004564731908
144974	0.006400053352
144975	0.006408347676
144976	0.003824800043
144977	0.00100577545
144978	0.001929554658
144979	1.775416328e-05
144980	6.508285899e-05
144981	0.005398876752
144982	0.004740818187
144983	0.0004312196209
144984	0.008392142735
144985	0.00887342918
144986	0.002594283371
144987	0.0009276644234
144988	8.676129437e-05
144989	0.004169309728
144990	0.005928605576
144991	0.006154193791
144992	0.0006044792726
144993	0.001699104728
144994	0.004116166614
144995	0.0004159289276
144996	0.0005002163813
144997	0.002353625571
144998	0.000623187688
144999	0.009467650476
145000	0.0008309604987
145001	0.0009829835878
145002	0.0009631491383
145003	0.004962185479
145004	0.006877906761
145005	0.001249773953
145006	0.001509017009
145007	0.003790655255
145008	0.001383054586
145009	0.00222167407
145010	0.007523346865
145011	0.0003434111751
145012	0.0001256333953
145013	0.002209784925
145014	0.003189688298
145015	0.004697257144
145016	0.0006114398873
145017	0.01398786806
145018	0.001586340627
145019	0.004820487522
145020	0.005060050274
145021	0.005506815667
145022	0.003240057598
145023	0.001816496825
145024	0.006300887114
145025	0.005401122143
145026	0.002099592662
145027	0.002975758778
145028	0.0001337566431
145029	0.001307333591
145030	0.008631359847
145031	1.627980858e-05
145032	0.005959055874
145033	0.003655366728
145034	0.01124161988
145035	0.008734349678
145036	0.005692852401
145037	0.01001176273
145038	0.005153443821
145039	0.01321267156
145040	0.006453194093
145041	0.002073897265
145042	0.01126741047
145043	0.002133277022
145044	0.002554434364
145045	3.997313217e-05
145046	0.002736591983
145047	0.00243123727
145048	0.0003072938291
145049	0.003212558762
145050	0.0008197042924
145051	0.004460985574
145052	0.003318638379
145053	0.005742038372
145054	0.005377357437
145055	0.003813433643
145056	0.002167622904
145057	0.001093758351
145058	0.00537998687
145059	0.006277550916
145060	0.00810677293
145061	0.004112317877
145062	0.01945891059
145063	0.01016319511
145064	0.006820058331
145065	0.00268393004
145066	0.002269508528
145067	0.002494861619
145068	0.005232887572
145069	0.01407744989
145070	0.005386887521
145071	0.004783284917
145072	0.001029093363
145073	0.008362159998
145074	4.179561648e-05
145075	0.01301255913
145076	0.001826035534
145077	0.00509959916
145078	0.0008450075655
145079	0.004531789502
145080	0.002960026427
145081	0.007493476364
145082	0.00542012271
145083	0.001208449533
145084	5.943794611e-07
145085	0.001739275853
145086	0.0011315387
145087	0.002014775975
145088	0.0007289253775
145089	0.006583424548
145090	0.006030209533
145091	0.01693525906
145092	0.005272272973
145093	0.003971576625
145094	0.0002295147641
145095	0.000802805098
145096	0.01143488909
145097	0.007283171754
145098	0.004315186309
145099	0.0001729501895
145100	0.009512964714
145101	0.0004499874105
145102	0.004429913949
145103	0.001395251023
145104	0.005197710062
145105	0.000759733514
145106	0.004463178302
145107	0.001899545037
145108	0.001684686209
145109	0.005097262484
145110	3.35890776e-05
145111	0.002383967767
145112	0.01125925545
145113	0.002490725115
145114	0.0004011862538
145115	0.002377958194
145116	0.003370276148
145117	0.006664376707
145118	0.01813803717
145119	0.009083338772
145120	0.003589097569
145121	5.033609035e-06
145122	0.004506613149
145123	0.003227533474
145124	0.004349228852
145125	0.01208019535
145126	0.004395370804
145127	0.003245546451
145128	0.008539711836
145129	0.001998510355
145130	0.009667162626
145131	8.784515802e-05
145132	0.006776800171
145133	0.004233700039
145134	0.01142874277
145135	0.005323015571
145136	0.001928016162
145137	0.0004878584172
145138	0.003043952712
145139	0.008139826512
145140	0.001154647288
145141	0.003951308564
145142	0.009977912521
145143	0.009147453218
145144	0.00496933633
145145	0.001640562446
145146	0.003044642551
145147	0.005115999919
145148	0.003391307074
145149	0.009265148467
145150	0.006773516452
145151	0.008544919545
145152	0.00640004673
145153	0.0007828652837
145154	0.0004879691277
145155	0.004751499776
145156	0.006894493922
145157	0.003228842277
145158	0.006253127602
145159	0.005080047636
145160	0.0005232444446
145161	0.002442853969
145162	0.002697558893
145163	0.001407174252
145164	0.007383308594
145165	0.0002687513368
145166	0.001725635233
145167	0.006918552775
145168	0.0003090828889
145169	0.001460078473
145170	0.0008308337586
145171	0.006907468284
145172	0.0005786498113
145173	0.006614447522
145174	0.001206038442
145175	0.003507244619
145176	0.0002901323348
145177	0.006358373545
145178	0.01078106981
145179	0.0009058206062
145180	0.001800123944
145181	0.001503028394
145182	0.00218610209
145183	0.003953100586
145184	0.0008735657027
145185	0.009719369646
145186	0.003295121769
145187	0.004124902189
145188	0.003996312547
145189	0.01701046585
145190	0.0003130494555
145191	0.001134884986
145192	0.002941123122
145193	0.00176031018
145194	0.003680999257
145195	0.0009982911727
145196	0.0007838098872
145197	0.009909052551
145198	0.006227346912
145199	0.0004797023404
145200	0.005747187343
145201	0.002187384221
145202	0.001868283188
145203	0.001456601553
145204	0.002061349293
145205	0.001903205289
145206	0.002085302754
145207	0.007675266402
145208	7.171084634e-05
145209	0.001247481941
145210	0.006269329853
145211	0.001005756813
145212	0.006068035373
145213	0.001840628653
145214	0.001468819279
145215	0.009032360737
145216	0.01811011738
145217	0.00326096113
145218	0.01105002666
145219	0.0044486924
145220	0.001730356351
145221	0.0009543007844
145222	0.004100382251
145223	0.005603308057
145224	0.001096505557
145225	0.001677614616
145226	0.01252138415
145227	0.007864312823
145228	0.00322503277
145229	0.0003508033566
145230	0.0005354569331
145231	0.005656162679
145232	0.0005507113481
145233	0.005902642731
145234	0.004027752633
145235	0.0004952390031
145236	0.002878792255
145237	0.005146868873
145238	0.009831123025
145239	0.00568468165
145240	0.0007482659177
145241	0.001504427487
145242	0.001274275654
145243	0.0002642053281
145244	0.0001207168203
145245	0.002607439759
145246	0.005758794267
145247	3.224785278e-05
145248	0.003705865057
145249	0.00084279855
145250	0.001149625686
145251	0.005442517469
145252	0.006664629395
145253	0.002756036593
145254	0.0009373636803
145255	0.002473573782
145256	0.002204198306
145257	0.007741423518
145258	0.005475633849
145259	0.007317914229
145260	0.001202803746
145261	0.003298303516
145262	0.005059578847
145263	0.0008451134745
145264	0.003635677641
145265	0.00588710572
145266	0.008419232328
145267	0.0005006822412
145268	0.0003770924443
145269	0.001224172263
145270	0.0009726581376
145271	0.008439815332
145272	0.001959798818
145273	0.004890061802
145274	0.002474216544
145275	0.006321817318
145276	0.0001319576067
145277	0.00600274794
145278	0.002841694598
145279	0.002896293878
145280	0.005287322138
145281	0.007456921196
145282	0.0007806111986
145283	0.004870702728
145284	0.001962452444
145285	0.002488218329
145286	0.004534779308
145287	0.001339741316
145288	0.001823404761
145289	0.01516701305
145290	0.001260707036
145291	0.01112536452
145292	0.0004072979632
145293	0.00056429733
145294	0.003312413768
145295	0.007582959681
145296	0.0002003859598
145297	0.000948715645
145298	0.001225230011
145299	0.002392282574
145300	0.003623921412
145301	0.003920894839
145302	0.000637849682
145303	0.006710067169
145304	0.01118488555
145305	0.004465281081
145306	0.0003624646774
145307	0.00561825193
145308	0.000686352308
145309	0.001661626368
145310	0.0009763299164
145311	0.000135986576
145312	0.006141429241
145313	0.001331499351
145314	0.006849370476
145315	0.01036237101
145316	0.008116751266
145317	0.002935551945
145318	0.00951096097
145319	0.00424804856
145320	0.0003874443451
145321	0.01881476138
145322	0.0004866210743
145323	0.002760120113
145324	0.01213372649
145325	0.006944489395
145326	0.0002437936105
145327	0.005186562885
145328	0.0009555291994
145329	0.005111488175
145330	0.00800927967
145331	0.00849009269
145332	0.01310188724
145333	0.003143775313
145334	0.00569233159
145335	0.0008032509216
145336	0.005453958948
145337	0.003440731633
145338	0.00614472823
145339	0.01013251624
145340	0.007840772698
145341	0.008312584547
145342	0.001169843547
145343	0.0006602421328
145344	0.008141548723
145345	0.008713983823
145346	0.00264023265
145347	0.001207731243
145348	0.003297341887
145349	0.000291195549
145350	0.005105467867
145351	0.002338609659
145352	0.0008817820837
145353	0.00153967616
145354	0.006930978259
145355	0.005862481935
145356	0.001697140694
145357	0.001526534463
145358	0.003945513049
145359	0.005583384149
145360	0.0005352470218
145361	0.003681259151
145362	0.002488910254
145363	0.005178048853
145364	0.0005824101316
145365	0.003382105682
145366	0.001349165763
145367	0.0003737247284
145368	0.0005224664143
145369	0.001036127749
145370	0.0007389180574
145371	0.005110738447
145372	0.002947129223
145373	0.001400488365
145374	0.005745852234
145375	0.004157066557
145376	0.0002757917709
145377	0.003310296828
145378	0.004746274068
145379	0.0005133171849
145380	0.001081981365
145381	0.006763651605
145382	0.003172584623
145383	0.002179611561
145384	0.001234193112
145385	0.002217635719
145386	5.399029501e-05
145387	0.006397504376
145388	0.01373499939
145389	0.001343677303
145390	0.002926759582
145391	0.007014530249
145392	0.0008715774342
145393	0.002687667824
145394	0.0056762302
145395	0.003944754812
145396	0.001499426583
145397	0.0008110763491
145398	0.006564318691
145399	0.0003555736478
145400	0.004749913737
145401	0.006604572726
145402	0.006736292456
145403	0.009161486471
145404	0.002266076161
145405	0.007365178475
145406	0.008129825025
145407	0.00303431789
145408	0.00685583128
145409	0.007282557579
145410	0.00104964907
145411	0.00184963976
145412	0.001236731132
145413	0.002492451358
145414	0.0001682153136
145415	0.005621319585
145416	0.00498512467
145417	0.001460201384
145418	0.01442972867
145419	0.003781467688
145420	0.001460721124
145421	0.00260252712
145422	0.002312606739
145423	0.0009825789581
145424	0.006596185774
145425	0.007654279761
145426	0.008126914678
145427	0.002292936568
145428	0.0001985207502
145429	0.004518196412
145430	0.005740166082
145431	0.006081121604
145432	0.005472682143
145433	0.004205944149
145434	0.003388744093
145435	0.001622719124
145436	0.002787124982
145437	0.001491860892
145438	0.00268426462
145439	0.004349669414
145440	0.001115896899
145441	0.006765850084
145442	0.001287363401
145443	0.0007400589648
145444	0.004311376584
145445	0.001701775307
145446	0.001334799043
145447	0.004756519205
145448	0.002251028224
145449	0.0009039270579
145450	0.0002065405699
145451	0.0008099542245
145452	0.002949607181
145453	0.002423205183
145454	0.0009797217935
145455	0.002151619451
145456	0.0008008458942
145457	0.0005143726122
145458	0.00551202181
145459	0.001349577553
145460	0.01044383689
145461	0.002976844281
145462	0.003831422154
145463	0.002210062099
145464	0.005196879902
145465	0.0007140256945
145466	0.001373119922
145467	0.0008079445553
145468	0.0007499327682
145469	0.004828862749
145470	0.004677223518
145471	0.0003414736149
145472	0.00267338922
145473	0.006414273727
145474	0.009906462893
145475	0.001278896189
145476	0.001160966838
145477	0.009150361663
145478	0.003899853351
145479	0.0001527553126
145480	0.005365719038
145481	0.0007081864379
145482	0.003640909645
145483	0.001444044895
145484	1.629070046e-05
145485	0.006019852222
145486	0.0003415877816
145487	0.008200101437
145488	0.001407049766
145489	0.00141469927
145490	0.009018158537
145491	0.005343233216
145492	0.003748949797
145493	0.003791180428
145494	0.001200721575
145495	0.007735316229
145496	0.001542934554
145497	0.01159094723
145498	0.003798465119
145499	0.00150914931
145500	0.000111046238
145501	0.001161946916
145502	0.002280983939
145503	0.0009093262846
145504	0.01127525481
145505	0.00456019624
145506	0.0008869359207
145507	0.0003673464499
145508	0.003921814841
145509	0.005368339931
145510	0.009011253132
145511	0.003091791519
145512	0.01146960497
145513	0.0003525199169
145514	0.004320140496
145515	0.001174408548
145516	0.001298329355
145517	0.003213492914
145518	0.01448912014
145519	0.000880589484
145520	0.005063233316
145521	0.005574428927
145522	0.001279480518
145523	0.0005570413151
145524	0.003291211021
145525	0.001734278441
145526	0.002102032008
145527	0.00202658493
145528	0.006022287756
145529	0.003169780502
145530	0.001092283559
145531	0.01104209414
145532	0.003712259218
145533	0.00162479146
145534	0.002738027246
145535	0.006819697371
145536	0.005387107676
145537	0.0003019984477
145538	0.01081939372
145539	0.01556853123
145540	2.244038561e-05
145541	0.0001821476018
145542	0.001353331667
145543	0.005920177744
145544	0.004832772841
145545	0.001162898997
145546	0.001349144078
145547	0.00967518876
145548	0.003544244911
145549	0.01690171322
145550	0.002399437975
145551	0.002117412294
145552	0.009378538666
145553	0.0009386888677
145554	0.003640751323
145555	0.001496902545
145556	0.008858856956
145557	0.003463241364
145558	0.0006779379242
145559	0.00721529399
145560	0.004425323218
145561	0.0006368129084
145562	0.005730827616
145563	0.004590374232
145564	0.0009457020222
145565	0.009671614491
145566	0.009458861367
145567	0.005263686713
145568	0.01006278018
145569	0.008233037095
145570	0.0001247058877
145571	0.0005967059885
145572	0.003285641109
145573	0.002527478881
145574	0.0002263538415
145575	0.001355193882
145576	0.001726961174
145577	0.002665310742
145578	0.000240451236
145579	0.00335161151
145580	0.0004850676151
145581	0.002285728846
145582	0.0009199990857
145583	0.002641384223
145584	0.006848445691
145585	0.0006468294077
145586	0.006789787576
145587	0.00864634606
145588	0.00320822141
145589	0.001578639965
145590	0.003584921397
145591	0.006368324425
145592	0.002180505675
145593	0.003753730944
145594	0.005485672895
145595	0.005699586152
145596	0.008651071911
145597	0.009346207659
145598	0.001232067578
145599	0.002451446024
145600	0.003166253039
145601	0.001052800108
145602	2.870228142e-05
145603	0.00226312679
145604	0.005500474562
145605	0.005461914042
145606	0.007072227667
145607	0.000170551919
145608	0.0002609548149
145609	0.01197141614
145610	0.0004592254646
145611	0.0003444779403
145612	0.01193503653
145613	0.0001735977319
145614	0.00765472364
145615	0.009132537591
145616	0.004439924344
145617	0.002502163846
145618	0.0005484362397
145619	0.003735826882
145620	0.0001270309599
145621	0.01108127677
145622	0.002221142902
145623	0.0007483123153
145624	0.01168167952
145625	0.0008238357596
145626	0.006201136494
145627	0.0006071197457
145628	3.850129752e-06
145629	0.005321306533
145630	0.0009242843881
145631	0.001036441965
145632	0.004000040674
145633	0.002100519066
145634	0.0004974798692
145635	0.003429972183
145636	0.007688253442
145637	0.007061381391
145638	0.002614196147
145639	0.01230383706
145640	0.004890395087
145641	0.00992556583
145642	0.003581291602
145643	0.005198050171
145644	0.004296637797
145645	0.005875129913
145646	0.003955020477
145647	0.002567571581
145648	0.004840742795
145649	0.008033608697
145650	0.001176667684
145651	0.0160417025
145652	0.0003816999096
145653	0.002368274596
145654	4.854206438e-05
145655	0.003758916678
145656	0.0101539525
145657	0.005260164592
145658	0.002404221951
145659	0.004878704808
145660	0.003698091472
145661	0.001406426367
145662	0.0002392445329
145663	0.004091130462
145664	0.01228788783
145665	0.0002137953635
145666	0.003225909187
145667	0.008381484323
145668	0.001856021828
145669	0.007359369216
145670	0.008540189985
145671	0.003769134398
145672	0.007662222213
145673	0.001937821071
145674	0.003786716664
145675	0.01927353967
145676	0.0002183183964
145677	0.0007751200166
145678	0.002729374117
145679	0.0004996331498
145680	0.007809238398
145681	0.004975561299
145682	0.00183594498
145683	0.00584231751
145684	0.009104648524
145685	0.01156204735
145686	0.00152997552
145687	0.004264487706
145688	0.0008377732349
145689	0.001038283815
145690	0.001303536718
145691	0.0002269486739
145692	0.01290030516
145693	0.002846746542
145694	0.0009621859386
145695	0.00860930365
145696	0.003192797155
145697	0.002875625267
145698	0.002523694591
145699	0.01418839691
145700	0.001251882623
145701	0.005777185621
145702	0.0006230911619
145703	0.003246210165
145704	0.001534878951
145705	0.002307275231
145706	0.01795422616
145707	0.0001686779074
145708	0.002532513709
145709	0.001556453441
145710	0.0004360061152
145711	0.0008225826619
145712	0.006607643485
145713	0.001831382463
145714	0.0008147997376
145715	0.000766808009
145716	0.0007515885903
145717	0.002018722412
145718	0.004911939368
145719	0.01964458957
145720	0.001698556481
145721	0.0002638630814
145722	0.005316751547
145723	0.00204275311
145724	0.005717608086
145725	0.00429715464
145726	0.00858030036
145727	0.001037795061
145728	0.007750917807
145729	0.004536296812
145730	0.006277838025
145731	0.001211648463
145732	0.001257634299
145733	0.002992075549
145734	0.002969321575
145735	0.01026318841
145736	0.003132821679
145737	0.00038357616
145738	3.93205184e-05
145739	0.007444866139
145740	0.002286553417
145741	0.003031586141
145742	2.817789226e-06
145743	0.0004723063008
145744	0.001394925419
145745	0.002980226181
145746	0.008945398452
145747	0.002507192131
145748	0.0007830833961
145749	0.006611022977
145750	0.00360615177
145751	0.005401028949
145752	0.008558219988
145753	0.0006061120394
145754	0.005199727391
145755	0.003481661409
145756	0.001924248178
145757	0.0008751062928
145758	0.002794433776
145759	0.01624908013
145760	8.644703752e-05
145761	0.002652271704
145762	0.000370778633
145763	0.0003892626564
145764	0.004094325027
145765	0.005760613043
145766	0.0009201137045
145767	0.002927869408
145768	0.01125684123
145769	0.003712732862
145770	0.004289183038
145771	0.006193032393
145772	0.002158162215
145773	0.004591616142
145774	0.009458222429
145775	0.0009686957506
145776	0.0009418091957
145777	0.0002684905846
145778	0.005401116034
145779	0.001153853517
145780	0.0002326684714
145781	0.001164461193
145782	0.01149753086
145783	8.510188429e-05
145784	0.0008574623983
145785	6.531904904e-05
145786	0.012116412
145787	0.001186321827
145788	0.0001559219343
145789	0.0039424196
145790	2.095089627e-07
145791	0.002986803741
145792	0.00474516045
145793	0.009177568067
145794	0.0004348193208
145795	0.001009835674
145796	0.002151361653
145797	0.01183815796
145798	0.003078561632
145799	0.005081891444
145800	0.01059468555
145801	0.00286932739
145802	0.001586182987
145803	0.0008618737092
145804	0.006667118032
145805	0.001031697717
145806	0.0003411062508
145807	0.001249631797
145808	0.0008073478436
145809	0.001651854893
145810	4.817104801e-05
145811	0.0002146188085
145812	0.01074368153
145813	0.002853560655
145814	0.001271301168
145815	0.004157229648
145816	2.60215672e-05
145817	0.002131133408
145818	0.004146378712
145819	0.000833190617
145820	0.009685905843
145821	0.0004504228806
145822	7.879623826e-06
145823	0.0002117051954
145824	0.005127957112
145825	0.001998207323
145826	0.007826055864
145827	0.003617058272
145828	0.002694829666
145829	0.00238059124
145830	0.0001628169375
145831	0.007396234499
145832	0.01309495894
145833	0.01262346539
145834	0.001582332214
145835	0.0002279379649
145836	0.0004024625384
145837	0.007295405534
145838	0.006395743003
145839	0.002445292152
145840	0.006512519285
145841	0.002918750089
145842	0.004100502536
145843	0.007271751858
145844	0.01140804727
145845	0.002626160094
145846	0.0008049927452
145847	0.001290360807
145848	9.442193236e-05
145849	0.009390851145
145850	0.00881778529
145851	0.0005044383342
145852	0.004821036065
145853	0.002162307155
145854	0.00150255457
145855	0.001060628013
145856	0.00180264588
145857	0.00145179224
145858	0.003364038791
145859	0.002313720143
145860	0.004914167485
145861	0.00342866383
145862	0.001384458097
145863	3.43110771e-05
145864	0.0007330436423
145865	0.001679707018
145866	0.006292497422
145867	0.006133153876
145868	0.008750879197
145869	0.0006445240465
145870	0.0030095615
145871	0.01120317566
145872	0.004515294282
145873	0.002600837681
145874	0.008792529169
145875	0.004598712599
145876	0.0001075437935
145877	0.00664836655
145878	0.006383380864
145879	0.005535773997
145880	0.001458967105
145881	0.001408384417
145882	0.008816062739
145883	0.004847953838
145884	0.00508150765
145885	0.002308161021
145886	0.007783756843
145887	0.005436494696
145888	0.00350307047
145889	0.004855485129
145890	0.0006488237787
145891	0.01613529255
145892	0.0002438635717
145893	0.0004994064721
145894	0.01198130831
145895	0.007686287749
145896	0.007536141943
145897	0.009238877436
145898	0.006153023324
145899	0.005721873419
145900	0.003536508704
145901	0.004752620774
145902	0.004128125419
145903	0.008494206896
145904	0.009581826863
145905	0.0003402219445
145906	0.006039926068
145907	0.002811555926
145908	0.004499567497
145909	0.00567008518
145910	0.007768744151
145911	0.0116635247
145912	0.009109485835
145913	0.01281424429
145914	0.004165988772
145915	0.006864094782
145916	0.002366586047
145917	0.01153773501
145918	0.01333583907
145919	0.002820084304
145920	0.006056198436
145921	0.004594053508
145922	0.003477703038
145923	0.01210602174
145924	0.0068006544
145925	0.006414278343
145926	0.005475134699
145927	0.0004346958433
145928	0.01249603512
145929	0.0146016725
145930	0.005491163986
145931	0.003803561181
145932	0.001383297505
145933	0.003080854622
145934	0.004820700905
145935	0.008044796106
145936	0.01032931714
145937	0.008361130264
145938	0.004128850653
145939	0.007051030737
145940	0.006702582145
145941	0.009800165752
145942	0.006076457395
145943	0.01449959414
145944	0.00521249804
145945	0.004309745236
145946	0.009383187646
145947	0.004639131352
145948	0.01360261786
145949	0.00337351252
145950	0.005912504332
145951	0.004534869375
145952	0.006593039743
145953	0.005578825798
145954	0.005728392895
145955	0.00242018345
145956	0.005956154364
145957	0.02060312551
145958	0.001750120766
145959	0.003594540966
145960	0.003929134808
145961	0.001653994979
145962	0.006821156926
145963	0.01098358212
145964	0.00699198059
145965	0.00191534643
145966	0.009546271428
145967	0.008989187025
145968	0.006614285748
145969	0.006504725197
145970	0.006148231157
145971	0.007638095818
145972	0.007979617099
145973	0.009664354535
145974	0.005537464112
145975	0.001935382572
145976	0.005628130253
145977	0.001029523535
145978	0.008414737774
145979	0.004552710752
145980	0.003270459086
145981	0.002689518185
145982	0.01269865931
145983	0.006831521003
145984	0.006863950754
145985	0.004867181284
145986	0.006439438834
145987	0.008219521828
145988	0.01264889647
145989	0.01590306768
145990	0.002094661502
145991	0.00605452727
145992	0.005682984136
145993	0.009886674599
145994	0.009726136062
145995	0.005248748716
145996	0.00120298784
145997	0.007971702922
145998	0.004613164065
145999	0.008948219236
146000	0.00374933748
146001	0.005979316472
146002	0.002321441637
146003	0.0144933766
146004	0.007803367585
146005	0.00640592895
146006	0.006690813735
146007	0.006391455676
146008	0.01407557546
146009	0.003222198033
146010	0.001907305035
146011	0.0133985692
146012	0.006509116343
146013	0.004695356036
146014	0.004419409781
146015	0.004792623944
146016	0.006186117433
146017	0.008635481947
146018	0.001862879517
146019	0.007878059522
146020	0.006833994166
146021	0.006141218803
146022	0.005781342947
146023	0.00542380312
146024	0.01329750976
146025	0.007858172519
146026	0.009815010254
146027	0.0009259511047
146028	0.00085512217
146029	0.006367103426
146030	0.01047112369
146031	0.002176210305
146032	0.01182865355
146033	0.007745221959
146034	0.01067767611
146035	0.006735442787
146036	0.00614440639
146037	0.008859058955
146038	0.001717132696
146039	0.001760585969
146040	0.009623463695
146041	0.004160370743
146042	0.00092380345
146043	0.0002413219382
146044	0.003210249884
146045	0.005863982968
146046	0.002127508854
146047	0.004757455763
146048	0.01048592118
146049	0.01827332019
146050	0.006361297149
146051	0.006178847677
146052	0.002098409969
146053	0.01198798313
146054	0.01285522671
146055	0.00314786243
146056	0.004434861599
146057	0.006908218823
146058	0.005129770148
146059	0.006571260391
146060	0.000794493388
146061	0.01349257994
146062	0.009441134972
146063	0.001169857059
146064	0.004944184825
146065	0.002362296661
146066	0.006196716107
146067	0.008021378633
146068	0.008195135932
146069	0.009900727878
146070	0.009655776136
146071	0.006671407512
146072	0.006668657551
146073	0.00383582315
146074	0.0100712546
146075	0.001353015075
146076	0.01007471887
146077	0.003232723437
146078	0.009264988327
146079	0.0006128020636
146080	0.01310288267
146081	0.003452046597
146082	0.00769961632
146083	0.002988325641
146084	0.00536677753
146085	0.004647386128
146086	0.005271642216
146087	0.006132059357
146088	0.006066221797
146089	0.004871171837
146090	0.00315857636
146091	0.004208426428
146092	0.008298915824
146093	0.002117548864
146094	0.01142210417
146095	0.004262437802
146096	0.004994372884
146097	0.006056844518
146098	0.002444900964
146099	0.006522798383
146100	0.005674863005
146101	0.0002821651472
146102	0.004294008342
146103	0.01452946289
146104	0.006987104084
146105	0.004266123881
146106	0.004909756056
146107	0.002125029122
146108	0.008489386009
146109	0.004126467675
146110	0.002986289626
146111	0.005790933292
146112	0.01202154716
146113	0.006731429072
146114	0.00324276961
146115	0.007753094362
146116	0.01134635715
146117	0.004578326282
146118	0.004236855352
146119	0.001281960602
146120	0.007489420908
146121	0.001431279197
146122	0.01023148824
146123	0.003636035172
146124	0.001893231845
146125	0.009001957576
146126	0.009102479055
146127	0.008374038756
146128	0.008317234928
146129	0.01152191788
146130	0.0008923531649
146131	0.004465828747
146132	0.01046908128
146133	0.007706187667
146134	0.009599380613
146135	0.007545365745
146136	0.006221499901
146137	0.006353375654
146138	0.009979740054
146139	0.007448236654
146140	0.0007660369889
146141	0.008271693994
146142	0.005912189008
146143	0.002854659287
146144	0.002561155394
146145	0.001541401823
146146	0.009042327968
146147	0.008775095355
146148	0.003820577999
146149	0.002009681401
146150	0.006335398144
146151	0.005108885018
146152	0.007117726197
146153	0.004200151444
146154	0.002813157613
146155	0.001252378832
146156	0.0006956260845
146157	0.01748381066
146158	0.006261966141
146159	0.005012580073
146160	0.01162185137
146161	0.005380245011
146162	0.00609251715
146163	0.005571828063
146164	0.005999493904
146165	0.006007026902
146166	0.007756786183
146167	0.004849792841
146168	0.01300106592
146169	0.004442708025
146170	0.007148758549
146171	0.004310522096
146172	0.003651985921
146173	0.007155207861
146174	0.001660949515
146175	0.007684464314
146176	0.009453557497
146177	0.006729769663
146178	0.009059440475
146179	0.00562229178
146180	0.0007903510392
146181	0.005076719467
146182	0.00744751172
146183	0.0002192711973
146184	0.01262553413
146185	0.00259602907
146186	0.01225326951
146187	0.004075988583
146188	0.00919960405
146189	0.008898757989
146190	0.001283230497
146191	0.009524327899
146192	0.0005196468239
146193	0.0009736518666
146194	0.006537756854
146195	0.00726561364
146196	0.0002328139994
146197	0.005837605544
146198	0.003555919336
146199	0.00357754739
146200	0.006420739378
146201	0.001171573451
146202	0.008733536014
146203	0.00713178248
146204	0.01780706093
146205	0.003363201475
146206	0.004069315363
146207	0.006448378674
146208	0.001981313255
146209	0.00428248885
146210	0.005840873906
146211	0.01326993047
146212	0.003495072469
146213	0.005197507642
146214	0.003957224713
146215	0.003038368335
146216	0.007993329677
146217	0.004722165321
146218	0.0009461185059
146219	0.009675768854
146220	0.001390868048
146221	0.007224239289
146222	0.003450602675
146223	0.008239545759
146224	0.01061563535
146225	0.001996690654
146226	0.004976885159
146227	0.004723483925
146228	0.003492614394
146229	0.009642332123
146230	0.0003005627111
146231	0.004223707601
146232	0.006220034507
146233	0.01319345683
146234	0.007702785237
146235	0.00115867686
146236	0.00687584449
146237	0.006463837627
146238	0.004362470111
146239	0.01105708335
146240	0.004794796366
146241	0.003240497497
146242	0.006036089628
146243	0.001468625987
146244	0.0006869764074
146245	0.006513756705
146246	0.01259153085
146247	0.004032248751
146248	0.005406932557
146249	0.001211237341
146250	0.01219957587
146251	0.009046305736
146252	0.004925442006
146253	0.001909450323
146254	0.005469447331
146255	0.001381849051
146256	0.005796575595
146257	0.001646792109
146258	0.0131480243
146259	0.0005772298766
146260	0.007805445561
146261	0.007754521102
146262	0.003553001387
146263	0.002222565651
146264	0.003418552831
146265	0.006194804557
146266	0.01399617351
146267	0.005094866382
146268	0.009434709952
146269	0.003125788257
146270	0.007496597428
146271	0.003607402215
146272	0.002697544289
146273	0.007358694798
146274	0.003500528279
146275	0.007431663438
146276	0.01066711591
146277	0.006079899177
146278	0.0008720384443
146279	0.01376522538
146280	0.006033354057
146281	0.007315532762
146282	0.007475028153
146283	0.003019702138
146284	0.00181875911
146285	0.006460352673
146286	0.01039893893
146287	0.002922373233
146288	0.003717785159
146289	0.01445903172
146290	0.009734615194
146291	0.009907809998
146292	0.005835933896
146293	0.0051883019
146294	0.005562112764
146295	0.01168912128
146296	0.0001154198732
146297	0.009877553176
146298	0.006429353021
146299	7.624140026e-05
146300	0.009043666185
146301	0.004400596945
146302	0.007590697565
146303	0.005406540054
146304	0.01421873721
146305	0.01185274146
146306	0.009139087413
146307	0.003154879431
146308	0.0003641207035
146309	0.003336526626
146310	0.008616342549
146311	0.004343985505
146312	0.008904461677
146313	0.007239853498
146314	0.009424555928
146315	0.005458775945
146316	0.007211701881
146317	0.006515102537
146318	0.002750254137
146319	0.01022160953
146320	0.009087502864
146321	0.005850311093
146322	0.006754925634
146323	0.0005680945226
146324	0.008259020625
146325	0.007826718343
146326	0.004049170846
146327	0.002117081334
146328	0.005711663045
146329	0.001645570064
146330	0.003309918191
146331	0.006284625599
146332	0.02169583343
146333	0.000757681242
146334	0.004053827562
146335	0.004240119727
146336	0.0005570625998
146337	0.003076470663
146338	0.007297652123
146339	0.001165257301
146340	0.002262208986
146341	0.0003992845849
146342	0.002418991
146343	0.00172665108
146344	0.005721179598
146345	0.002929569084
146346	0.0005245136533
146347	0.00231154172
146348	0.001340106341
146349	0.0002947110361
146350	0.0001847212107
146351	0.002703118984
146352	0.002059620622
146353	0.001798151217
146354	0.0006768906103
146355	0.001455037603
146356	0.001276384446
146357	0.0008796757087
146358	0.002254831767
146359	0.001403683123
146360	0.01435865598
146361	0.0002050664608
146362	0.002455746771
146363	0.0002077061097
146364	0.000761151639
146365	0.001926210108
146366	0.0003949753741
146367	0.0008944522368
146368	0.001514677072
146369	5.705531075e-06
146370	0.003495405914
146371	0.0005545017671
146372	0.002040336363
146373	0.001065160479
146374	0.001170615523
146375	1.235573436e-05
146376	0.001498823076
146377	0.00387191476
146378	0.0010670208
146379	0.003052676645
146380	0.006397654111
146381	0.00496395941
146382	0.001534836564
146383	0.0118159425
146384	0.001703926115
146385	0.0002380881749
146386	0.001621657024
146387	0.007048471598
146388	0.002939276034
146389	0.001228005706
146390	0.00106753467
146391	0.001525319961
146392	0.001802588078
146393	0.003691629173
146394	0.003980880683
146395	0.003465909273
146396	0.002201058042
146397	0.0007940501556
146398	6.659396092e-05
146399	0.003055120184
146400	0.0008797894907
146401	0.001677490442
146402	0.003011760024
146403	0.0005111447255
146404	0.001436954949
146405	0.001086696428
146406	0.004489550679
146407	0.008051273325
146408	0.002210290523
146409	0.004321018272
146410	0.000970191844
146411	0.0009085590902
146412	0.001482039623
146413	0.002082022817
146414	0.003500931115
146415	0.005506113077
146416	0.000290519045
146417	0.001393149669
146418	0.00246954317
146419	0.007142761545
146420	0.000839697286
146421	0.001064326054
146422	0.0005246685085
146423	0.004703017788
146424	0.0002291107433
146425	0.003020980602
146426	0.001757682525
146427	0.001904218241
146428	0.002003848946
146429	0.001053688087
146430	0.002794290609
146431	0.0004305153648
146432	0.00245361951
146433	0.000254726152
146434	0.00011317328
146435	0.001968417764
146436	0.001562654406
146437	0.01109173792
146438	0.009537971133
146439	0.001724107956
146440	0.003533278003
146441	0.004486754594
146442	0.0009375406384
146443	0.001814196789
146444	0.0008692808147
146445	0.003225151556
146446	0.006671053967
146447	0.000425698913
146448	0.002020517885
146449	0.007171552352
146450	0.004581183793
146451	0.003707176151
146452	0.003327345762
146453	0.0005093725052
146454	0.004987181632
146455	0.001667245026
146456	1.483603994e-05
146457	0.00312063529
146458	0.002627645983
146459	3.826277969e-05
146460	0.0009814209762
146461	0.0002026762652
146462	0.001028299958
146463	0.003563361998
146464	0.007694249419
146465	0.00143181176
146466	0.005299732557
146467	0.0004225819099
146468	0.002205287792
146469	0.000380218404
146470	0.003507803121
146471	0.001192814669
146472	0.001783514622
146473	0.001636368104
146474	0.003980063388
146475	7.089935429e-06
146476	0.002497468341
146477	0.0008851590337
146478	0.006098101605
146479	0.0006370059311
146480	0.00509991585
146481	0.00125732243
146482	0.005976846554
146483	0.001369995187
146484	0.0002518061062
146485	0.001526130025
146486	0.0009658476918
146487	0.001340578878
146488	0.005950718713
146489	0.0006713415275
146490	0.001004686653
146491	0.0003983127694
146492	0.001447054309
146493	0.001225178972
146494	0.0006840629062
146495	0.002160845522
146496	0.002000476548
146497	0.004749901705
146498	0.0007587108992
146499	0.006202442514
146500	0.001710452132
146501	0.0004003907221
146502	0.003313035529
146503	0.0002224093436
146504	0.001074954561
146505	0.0002373290347
146506	0.0002846016436
146507	0.0003240621703
146508	0.001803217719
146509	0.001439675553
146510	0.007632115642
146511	0.001225613063
146512	0.006649556868
146513	0.008321320014
146514	0.005112956282
146515	0.001949635115
146516	0.0008053505008
146517	0.0009114527276
146518	0.0008533017491
146519	0.002323599144
146520	0.0004852276566
146521	0.002805570458
146522	0.00155530382
146523	0.0009600761018
146524	0.001272933916
146525	0.00233955987
146526	0.0005876128769
146527	0.0005249712872
146528	0.006819783232
146529	0.0006545329586
146530	0.0003093369485
146531	0.0008759888594
146532	0.00171197639
146533	0.001501375434
146534	0.001366958637
146535	0.006083906347
146536	0.002101060009
146537	0.0002533043097
146538	0.001823841552
146539	0.006298656545
146540	0.009923517424
146541	0.001159654318
146542	0.003326510979
146543	0.0005655671203
146544	0.0001779254529
146545	0.003281810704
146546	0.0002624091505
146547	0.00232210578
146548	0.0001675134128
146549	0.01031746787
146550	6.217675218e-05
146551	0.0002315397819
146552	0.001315945887
146553	0.001059589348
146554	0.0004308206439
146555	0.00608615866
146556	0.00529406174
146557	0.005095152211
146558	0.00380381698
146559	2.705170213e-05
146560	0.003543411391
146561	0.0004370105309
146562	0.000773086675
146563	0.0003384672655
146564	0.001207807059
146565	0.006096976333
146566	0.002440520175
146567	0.01023856511
146568	0.006282502689
146569	0.0008876319111
146570	0.01101955027
146571	0.00407673211
146572	0.004554573837
146573	0.000283877329
146574	0.0003408117566
146575	0.001488664632
146576	0.001214799984
146577	0.00091806979
146578	0.0006626578164
146579	0.0001674242665
146580	0.002608186986
146581	0.00530400163
146582	0.000602140528
146583	0.0009214767293
146584	0.001500568032
146585	0.0006646564092
146586	0.0003525332805
146587	0.01167732255
146588	0.002847025812
146589	0.001014182092
146590	0.002298695414
146591	0.004639468934
146592	0.008372083913
146593	0.006135981336
146594	0.001063622781
146595	0.0008750743089
146596	0.0009509318628
146597	0.005451914574
146598	0.0009530128624
146599	0.00236695345
146600	0.0005231091107
146601	0.0002301134608
146602	0.0005158192409
146603	0.007482608562
146604	0.003943822836
146605	0.002686857191
146606	0.001551422351
146607	0.002114003391
146608	0.004990966939
146609	0.0005751370752
146610	0.003453805816
146611	0.0008015810942
146612	0.001411930854
146613	0.001341424955
146614	0.00120720805
146615	0.0005228976054
146616	0.00300766699
146617	0.004173441316
146618	0.0003152270041
146619	0.0009438098791
146620	0.005542538176
146621	0.0008818463802
146622	0.0002797170001
146623	0.0003888513152
146624	0.0003617192419
146625	0.003356363979
146626	0.001749167304
146627	0.001359845548
146628	0.001306849825
146629	0.001351850443
146630	0.0003697061569
146631	0.003463955727
146632	0.003848012114
146633	0.002918529654
146634	0.001996529456
146635	0.002970439368
146636	0.002038486453
146637	0.00360353948
146638	0.00367129859
146639	0.00232135289
146640	0.002026366629
146641	0.0008439265565
146642	0.005599865695
146643	0.005690815345
146644	0.002325705172
146645	0.0005751272429
146646	0.002726580341
146647	0.0009500259343
146648	0.002629085117
146649	0.0006307251298
146650	0.001702890733
146651	0.0005277688438
146652	0.001475040666
146653	0.00106736665
146654	0.000482516046
146655	0.004532367478
146656	0.001551157465
146657	0.007728988631
146658	0.000443743152
146659	0.003019094849
146660	0.003949997456
146661	0.001181183
146662	0.0005648364841
146663	0.0002725942502
146664	0.002382357098
146665	0.012299577
146666	0.001177737484
146667	0.00235417496
146668	0.001120839913
146669	0.0004653154037
146670	0.003692052127
146671	0.0005530182366
146672	0.0002605164198
146673	0.00496685367
146674	0.001079328433
146675	1.876956423e-05
146676	0.001220596818
146677	0.002309235848
146678	0.001244400526
146679	0.006649501601
146680	0.003530413163
146681	0.001468043038
146682	0.001623803686
146683	0.002311477919
146684	0.005307944975
146685	0.001402256653
146686	0.00113387082
146687	0.00415942927
146688	0.004195869287
146689	0.003265602864
146690	0.005596072542
146691	0.003958733868
146692	0.001272164333
146693	0.003645787614
146694	0.002266407805
146695	0.001537242184
146696	0.004761111103
146697	0.002620484539
146698	0.003037530543
146699	0.002698286547
146700	2.136398402e-06
146701	0.002289077381
146702	0.006515072576
146703	0.0009195605351
146704	0.0006510313213
146705	0.01086391502
146706	0.001155396157
146707	0.0003268512141
146708	0.003474375333
146709	0.0003619953889
146710	0.001384011648
146711	0.000931333428
146712	0.01045032408
146713	0.001605949315
146714	0.009421474344
146715	0.002965905771
146716	0.00146418264
146717	0.0007289080149
146718	0.003691983624
146719	0.001444145308
146720	0.002409882641
146721	0.0008266169848
146722	1.587079332e-06
146723	0.0004907597544
146724	0.00394552163
146725	0.001073777519
146726	0.002635407178
146727	0.0004366033532
146728	0.000764217199
146729	0.002165218739
146730	0.002419761125
146731	0.0005498581464
146732	0.002182922129
146733	0.001633644082
146734	0.004780805098
146735	0.005759392616
146736	0.004528999557
146737	0.001877783123
146738	0.003987123535
146739	0.004007226811
146740	0.002875290193
146741	0.00297389061
146742	0.004705471881
146743	0.001963296746
146744	0.00225617629
146745	0.008460120546
146746	0.001205226563
146747	0.00262240217
146748	0.002521758171
146749	0.001157220686
146750	0.006839130465
146751	0.0009260338142
146752	0.001951112458
146753	0.001798116974
146754	0.003818951332
146755	0.001861474435
146756	0.002029422288
146757	0.0005893800153
146758	0.003420341444
146759	0.002311375283
146760	0.002340943175
146761	0.0008230396561
146762	0.01522038828
146763	0.01169507607
146764	0.0007042946769
146765	0.003629527734
146766	0.000654318824
146767	0.001985108457
146768	0.001458345686
146769	0.001270018663
146770	0.0003637421845
146771	0.0003171115362
146772	0.000945722581
146773	0.001227816369
146774	0.008661319394
146775	7.406955051e-05
146776	0.004234447226
146777	0.003540210123
146778	0.002795732372
146779	0.002241532744
146780	0.007440931556
146781	0.001956414704
146782	0.003789108382
146783	0.00142267193
146784	0.003969276722
146785	0.001444932212
146786	0.0001633924943
146787	0.001477819218
146788	0.001585088594
146789	0.005809493925
146790	0.001916472404
146791	0.00153267736
146792	0.001495759675
146793	0.0009486069743
146794	0.006641916641
146795	0.0005648394936
146796	0.003752309249
146797	0.00404062568
146798	0.004542022968
146799	0.0008860674252
146800	0.003678054328
146801	0.0009950575122
146802	0.001960121911
146803	0.002621494717
146804	0.0002831133455
146805	0.0008887116326
146806	0.002511476958
146807	0.004354545996
146808	0.004392026578
146809	0.002091293171
146810	0.000517000266
146811	0.002690025508
146812	0.004443751099
146813	0.004879292329
146814	0.003833292581
146815	0.001064060599
146816	0.00255683383
146817	0.003513741253
146818	0.001046013355
146819	0.001455810092
146820	0.01285016742
146821	0.0009614478777
146822	0.002282751274
146823	3.888223717e-05
146824	0.007506207751
146825	0.0001183655815
146826	0.007606338244
146827	0.0009189946839
146828	0.008190285604
146829	0.003681182664
146830	0.0006856333218
146831	0.0001816351499
146832	0.005816588668
146833	5.413940124e-05
146834	0.001128541079
146835	0.001837098153
146836	0.0009285364773
146837	0.0007073809131
146838	0.001952212449
146839	0.001426764444
146840	0.0003289868869
146841	0.0004236347255
146842	0.000466212857
146843	0.002473690062
146844	0.0003216991731
146845	0.005016146465
146846	8.094069224e-05
146847	0.0004144168345
146848	0.004902854385
146849	0.005683874111
146850	0.002365485031
146851	0.0001630969272
146852	0.0008753488349
146853	0.001420389671
146854	0.004119577723
146855	0.004754788078
146856	0.0007980427609
146857	0.000920052054
146858	0.001067036551
146859	0.002103570682
146860	0.007324675843
146861	0.000617269105
146862	6.870582789e-05
146863	0.0015885605
146864	0.00145356118
146865	0.0008476227532
146866	0.01260232085
146867	0.0006736065314
146868	0.0002347676709
146869	0.0002223914338
146870	0.0001749137938
146871	0.000959321199
146872	0.0008383540437
146873	0.001393673062
146874	0.0001300637954
146875	0.00334624221
146876	0.004092858887
146877	0.0003708276527
146878	0.002126227424
146879	0.005678625735
146880	0.0001450752645
146881	0.004784261179
146882	0.0002032252661
146883	0.0001596532825
146884	0.007725974169
146885	0.002286471679
146886	0.002513493981
146887	0.001236690418
146888	0.0008395597282
146889	0.003325647282
146890	0.001980978336
146891	0.006339514232
146892	0.002857484353
146893	0.0004024212201
146894	0.002403839986
146895	0.00383284947
146896	0.001710004778
146897	0.0006423675694
146898	0.005335793751
146899	0.001410243084
146900	0.00619223251
146901	0.001671331114
146902	0.01396212117
146903	0.0002310911234
146904	0.004932903806
146905	0.005762695119
146906	0.001820233308
146907	0.002526438464
146908	0.003163177926
146909	0.002229369194
146910	0.003100424362
146911	0.001727361758
146912	0.0007381895713
146913	0.001328208642
146914	6.569905517e-05
146915	0.002496228798
146916	0.000867946816
146917	0.0006301175778
146918	0.002459278745
146919	0.0003527166889
146920	0.0009793516715
146921	0.01374550983
146922	0.0003019647413
146923	0.00474133759
146924	6.039647645e-05
146925	0.0008935412818
146926	0.002035241842
146927	0.002585072219
146928	0.001164307689
146929	0.0007918260887
146930	0.0004321549822
146931	0.002295860445
146932	0.003533825194
146933	0.005517130937
146934	0.0002064225188
146935	0.001768357488
146936	0.0002110521886
146937	0.001332179051
146938	0.002702828144
146939	0.007317881571
146940	0.003676104468
146941	0.0009979929532
146942	0.007114234308
146943	0.004112108803
146944	0.008216109868
146945	0.001706770582
146946	0.001230486082
146947	0.003208185735
146948	0.002437055114
146949	0.0003936625166
146950	0.001138707766
146951	0.001274208631
146952	0.0006613130099
146953	0.002293007151
146954	0.0001773220216
146955	0.001954552218
146956	0.0004895367762
146957	0.003078456909
146958	0.001909986558
146959	0.003438079204
146960	0.007029447616
146961	0.000870534332
146962	0.006885583455
146963	0.0006629025835
146964	0.007359547603
146965	0.002722416812
146966	0.001316720065
146967	0.00230839044
146968	0.0002317530831
146969	0.001563934566
146970	0.002759775336
146971	0.003108810705
146972	0.003782764095
146973	0.00398487027
146974	0.0008630818297
146975	0.002317957564
146976	0.002909524409
146977	0.002747182119
146978	0.001618540731
146979	0.00251861914
146980	0.001184167907
146981	0.003628346602
146982	0.003438245517
146983	0.007708577417
146984	0.006283363455
146985	0.00488693286
146986	0.01044209617
146987	0.006907034562
146988	0.002380051592
146989	0.002857317541
146990	0.002527745306
146991	0.005166986989
146992	0.003365634191
146993	0.003226304557
146994	0.001751426689
146995	0.007120029824
146996	0.002872240773
146997	0.004398681053
146998	0.005126080432
146999	0.001464779497
147000	5.289081327e-05
147001	0.003433830762
147002	0.001797739657
147003	0.005537503622
147004	0.002075451396
147005	0.002812692235
147006	0.002570803134
147007	0.003050618767
147008	0.003356749313
147009	0.003864094087
147010	0.002880387842
147011	0.007701092027
147012	0.002721273776
147013	0.001420493747
147014	0.01481370199
147015	0.001073724347
147016	0.005659646918
147017	0.004707139047
147018	0.002392349353
147019	4.781903012e-05
147020	0.0003434302985
147021	0.002861847461
147022	0.0005187069005
147023	0.003844740937
147024	0.00590211499
147025	0.0004248386906
147026	0.00314796678
147027	0.002330944071
147028	0.001210072152
147029	0.003074221284
147030	0.001669562326
147031	0.004039331755
147032	0.003176356476
147033	0.0001430307903
147034	0.003164544834
147035	0.002995839249
147036	0.003865203391
147037	0.0002731717074
147038	0.002322558089
147039	0.0002158702921
147040	0.004918676066
147041	0.001871070776
147042	0.0004759833696
147043	0.0006018334846
147044	0.003836685675
147045	0.002423606999
147046	0.004602726399
147047	0.006233751708
147048	0.001301889175
147049	0.005400917356
147050	0.004817279169
147051	0.0004121950717
147052	0.002247631775
147053	0.003804505264
147054	0.002042692602
147055	0.004519784634
147056	0.009542782257
147057	0.007042919124
147058	0.004065184762
147059	0.001116297927
147060	0.0015605886
147061	0.002232837871
147062	0.0005518173861
147063	0.003063903379
147064	2.773022243e-06
147065	0.004820103683
147066	0.00230238162
147067	0.0004080859033
147068	0.001425133735
147069	0.005259376971
147070	0.002168847544
147071	0.001391547117
147072	0.006206700203
147073	0.002210905611
147074	0.002822219792
147075	0.00347927205
147076	0.002695098996
147077	0.004544400142
147078	0.0008653101772
147079	0.004060746818
147080	0.001050160097
147081	0.002444149497
147082	0.002640086004
147083	0.001896253074
147084	0.004584070676
147085	0.001328058098
147086	0.002376994439
147087	0.006915353195
147088	0.00126118829
147089	0.001754075539
147090	0.002843226524
147091	0.006207076972
147092	0.005621813767
147093	0.001444272862
147094	0.004627745801
147095	9.316181921e-05
147096	0.006167861756
147097	0.002314090398
147098	0.003586507677
147099	0.002410799535
147100	0.003113088527
147101	0.003931046433
147102	0.001804787247
147103	0.003900083224
147104	0.00409776328
147105	0.01021734493
147106	0.002700851471
147107	0.0009153860131
147108	0.003881643983
147109	0.001623941682
147110	0.001999482851
147111	0.01386675247
147112	0.003372464689
147113	0.005169909232
147114	0.0008076538776
147115	0.00147503607
147116	0.01102017352
147117	0.01068698864
147118	0.0003718206882
147119	0.001884570254
147120	0.001919850631
147121	0.0001231059392
147122	0.0005634711149
147123	0.0008628243904
147124	0.0008173030485
147125	0.008464397221
147126	0.0005149839357
147127	0.005634499493
147128	0.00237035055
147129	0.003136339214
147130	0.008391770566
147131	0.006281937943
147132	0.0008645192171
147133	0.004404426323
147134	0.001667701172
147135	0.001975783875
147136	0.004697485479
147137	0.004891231736
147138	0.0006344503705
147139	0.003943946426
147140	0.00254994354
147141	0.005382302302
147142	0.007487810761
147143	0.001692428931
147144	0.002028821145
147145	0.001302086235
147146	0.007714725122
147147	0.005978204074
147148	0.01355276194
147149	1.478753423e-06
147150	0.005723588232
147151	0.003452246254
147152	0.001189576758
147153	0.001770850582
147154	0.001315590273
147155	0.005946448496
147156	0.006866163251
147157	0.002491028355
147158	0.00175463737
147159	0.0009270736529
147160	0.0007833965704
147161	0.002712513805
147162	0.001857665061
147163	0.006020184329
147164	0.003458564786
147165	0.005353904535
147166	0.002298232198
147167	0.001443341439
147168	0.004551865478
147169	0.008953530079
147170	0.01223895234
147171	0.003419711466
147172	0.005869517639
147173	0.006734330106
147174	1.152475369e-05
147175	0.006673229041
147176	0.001711833138
147177	0.004237563304
147178	0.002868517049
147179	0.0111794669
147180	0.002377638842
147181	0.001892356306
147182	0.005647000538
147183	0.007662030554
147184	0.01108534166
147185	0.0009238552035
147186	0.003755471358
147187	0.002523620036
147188	0.01289834146
147189	0.002170629343
147190	0.002579018025
147191	0.00489686842
147192	0.004060277639
147193	0.002607054035
147194	0.001139326734
147195	0.001150675716
147196	0.001629369135
147197	0.003031391951
147198	0.001695158121
147199	0.004745435316
147200	0.0002671416878
147201	0.007942168172
147202	9.70733149e-06
147203	0.009047355729
147204	0.0003371317808
147205	0.002855452292
147206	0.01278842906
147207	0.005842256293
147208	0.003225366242
147209	0.001427597158
147210	0.002921436413
147211	0.001063851862
147212	0.001276657349
147213	0.005665219673
147214	0.0003336531381
147215	0.004354146736
147216	0.001922857584
147217	0.003990663887
147218	0.002251313545
147219	0.0003666948821
147220	0.0002724575677
147221	0.001780248948
147222	0.01186899425
147223	0.001042495193
147224	0.005458468931
147225	0.000691435927
147226	0.004850137528
147227	0.001789090218
147228	0.0001238855161
147229	0.00688371196
147230	0.004645528911
147231	0.003116778764
147232	0.005091339292
147233	0.0004332423359
147234	0.008536548967
147235	0.0006455277534
147236	0.002592544264
147237	0.0001081021409
147238	0.004536984242
147239	0.001919931352
147240	0.0005625823744
147241	0.006072470704
147242	0.01729920471
147243	0.004322713268
147244	0.0006150975927
147245	0.001484716764
147246	0.001891211067
147247	0.009864759252
147248	0.01058779967
147249	0.005657995347
147250	0.003278036672
147251	0.005909183353
147252	0.007054176853
147253	0.0004974636234
147254	0.006115097087
147255	0.002738735357
147256	0.0003148533592
147257	0.0009958394969
147258	0.00113547413
147259	0.002859162981
147260	0.003267825246
147261	0.01022777767
147262	0.006377978908
147263	0.003686252502
147264	0.002164995724
147265	0.0006989784488
147266	0.008501823639
147267	0.01332786476
147268	0.01291227151
147269	0.01166519536
147270	0.001125334695
147271	0.003722385252
147272	0.0009883043908
147273	0.006301883939
147274	0.02176453769
147275	0.007989845266
147276	0.001223282318
147277	0.0009793605042
147278	0.002944756142
147279	0.0009965250143
147280	0.005092569288
147281	0.006567787117
147282	0.003135957078
147283	0.001419959062
147284	0.01191378646
147285	0.004916207814
147286	0.005780203019
147287	0.003372146245
147288	0.006935723624
147289	0.003624391584
147290	0.00025483234
147291	0.000839687593
147292	0.002056544965
147293	0.0002981846998
147294	0.001428569524
147295	0.003793816145
147296	0.0006050102697
147297	0.003713316816
147298	0.0005943093067
147299	0.002063914443
147300	0.002644971594
147301	0.002296142424
147302	0.004360949307
147303	0.01328105941
147304	0.01125402067
147305	0.005624756473
147306	0.01632095072
147307	0.003857773866
147308	0.004382488997
147309	0.002462411268
147310	0.008392552064
147311	0.006771053265
147312	0.006489355277
147313	0.006871672653
147314	0.008978197509
147315	0.001230205192
147316	0.0006430951841
147317	0.001081966842
147318	0.002814826399
147319	0.002828799257
147320	0.0007735474208
147321	0.01167315537
147322	0.0004015570689
147323	0.004867141125
147324	0.003769673541
147325	0.0002340967286
147326	0.001492547122
147327	0.00555827532
147328	0.0102490855
147329	0.0001416231179
147330	0.006416604338
147331	0.005140678055
147332	0.0004667433925
147333	0.004823129635
147334	0.00495052877
147335	0.001990141896
147336	0.000191204889
147337	0.006392866465
147338	0.003186374946
147339	0.006230227188
147340	0.002936007011
147341	0.0004311228871
147342	0.006217340201
147343	0.005358155077
147344	0.0003401615576
147345	0.006903934876
147346	0.004368103761
147347	0.002117829062
147348	0.002957913446
147349	0.00166413172
147350	0.00315507261
147351	0.008718166565
147352	0.0006456296906
147353	0.006720354131
147354	0.00134279865
147355	0.003521514464
147356	0.006534452484
147357	0.002832904401
147358	0.004767328284
147359	0.0007779000843
147360	0.00335908342
147361	0.003474458245
147362	0.008908863209
147363	0.001389069039
147364	9.631599006e-05
147365	0.002738395114
147366	0.01030052685
147367	0.008719868448
147368	0.003042129997
147369	0.003867299702
147370	0.007735610799
147371	0.002722671696
147372	0.003967658947
147373	0.001381762287
147374	0.001622933237
147375	0.01494897113
147376	0.002468743199
147377	0.0005556999559
147378	0.004993197564
147379	0.009461663081
147380	0.0004940366248
147381	0.006235980953
147382	0.002818076322
147383	0.003597889584
147384	0.002818830954
147385	0.002620979373
147386	0.01163641289
147387	0.003869029155
147388	0.0007048885296
147389	0.002743486276
147390	0.004189549353
147391	0.00741685823
147392	0.00313759192
147393	0.003803114126
147394	0.006085200025
147395	9.667012469e-05
147396	0.002620766243
147397	0.003245978091
147398	0.01235452152
147399	0.007133026168
147400	0.0004204003936
147401	0.005182303916
147402	0.001959686909
147403	0.001447346688
147404	0.01169159908
147405	0.001209245216
147406	0.004688019621
147407	0.003570530473
147408	0.01822010596
147409	0.001466187534
147410	0.002249241229
147411	7.87501444e-05
147412	0.005047460202
147413	0.009086140652
147414	0.003900412941
147415	0.002674750158
147416	0.00489941147
147417	0.006660014606
147418	0.001530957283
147419	0.002732912919
147420	0.001596341629
147421	0.01337170741
147422	0.004864190783
147423	0.002807186351
147424	0.006398534402
147425	0.007290786003
147426	0.001969513944
147427	0.002528432035
147428	0.009433220396
147429	0.0005860958524
147430	0.01252949289
147431	0.002111562884
147432	0.001330791637
147433	0.003987897318
147434	0.003531463404
147435	0.01123698901
147436	0.0001642046876
147437	0.004194358915
147438	0.003303056033
147439	0.005682853242
147440	0.003768807361
147441	0.006646139342
147442	0.00648054025
147443	0.002369843328
147444	0.00445200795
147445	0.003972828282
147446	0.009024033846
147447	0.003955513057
147448	0.0007676737692
147449	0.0001717748827
147450	0.001765514738
147451	0.0055295809
147452	0.003292825326
147453	0.008953205312
147454	0.000766364119
147455	0.01052360396
147456	0.002370208517
147457	0.00108651606
147458	0.003218163006
147459	0.006121029744
147460	0.004282359035
147461	0.0005551728206
147462	0.0006086384661
147463	2.438632997e-05
147464	0.01010109269
147465	0.002159198757
147466	0.0003105556655
147467	0.007484053084
147468	0.0138510155
147469	0.006237888203
147470	8.55628579e-05
147471	0.004813148262
147472	0.0002287797826
147473	0.005404618889
147474	0.004213017012
147475	0.003427086281
147476	0.003697915908
147477	0.007135763725
147478	0.01304533816
147479	0.00497851226
147480	0.00319383652
147481	0.01089078317
147482	0.005544663298
147483	0.0009069403276
147484	0.01615369135
147485	0.003354041055
147486	0.008128196275
147487	0.002395239254
147488	0.004840442822
147489	0.001875390526
147490	0.0003996811216
147491	0.0004210638258
147492	0.001688629561
147493	0.005266901207
147494	0.001252108071
147495	0.002219542149
147496	0.003368764854
147497	0.002967877916
147498	0.0001085231696
147499	0.00395218272
147500	0.005378940594
147501	0.001768339913
147502	0.0001242815888
147503	0.0002613614369
147504	0.005043646039
147505	0.004422403122
147506	0.007562744338
147507	0.002203404805
147508	0.004442840716
147509	0.005335491261
147510	0.005261028732
147511	0.008403647904
147512	0.003912865411
147513	0.006262516071
147514	0.004472779631
147515	0.003037709578
147516	0.0004828049653
147517	0.006398545396
147518	0.001806493786
147519	0.004692667635
147520	0.003247394128
147521	0.004069529215
147522	0.003172461803
147523	0.002721816049
147524	0.01076684869
147525	0.01934598604
147526	0.001197810545
147527	0.002405712291
147528	0.004404076285
147529	0.0006394580444
147530	0.002366918992
147531	0.0009379305191
147532	0.002786218564
147533	0.003377038788
147534	0.001489956975
147535	0.006445154243
147536	0.01698174686
147537	0.008114872335
147538	0.0006706871098
147539	0.001902662988
147540	0.004100841431
147541	0.009010568333
147542	0.002082805167
147543	0.004427500174
147544	0.002115477459
147545	0.006501548126
147546	0.0003653202881
147547	0.008551176023
147548	0.0005966072529
147549	0.0005274640113
147550	0.001282350775
147551	0.007166494977
147552	0.001622471984
147553	0.007118378108
147554	0.003081912362
147555	0.009045631488
147556	0.0003596358527
147557	0.005470493895
147558	5.28586854e-05
147559	0.001777061731
147560	0.0001673391803
147561	0.00423614552
147562	0.01006816597
147563	0.003937129766
147564	0.01089847894
147565	0.01670948569
147566	0.005421792496
147567	0.004866461568
147568	0.001792345337
147569	0.004972504489
147570	0.001259590262
147571	0.001393992073
147572	0.001760588545
147573	0.008022616339
147574	0.00101683866
147575	0.0007135722478
147576	0.002215518922
147577	0.008540600637
147578	0.0005999096363
147579	0.00232939003
147580	0.01191382285
147581	0.001267967411
147582	0.001133116174
147583	0.002540122307
147584	0.004752059393
147585	0.004853118752
147586	0.001711075754
147587	0.002405483147
147588	0.00767810675
147589	0.00610434683
147590	0.005442253807
147591	0.0008881414794
147592	0.002023844643
147593	0.0006630846302
147594	0.0006212745931
147595	0.00549532324
147596	0.002433068651
147597	0.005864424136
147598	0.001079458028
147599	0.006750190576
147600	0.001500628326
147601	0.003421775985
147602	0.00235701364
147603	0.001084481986
147604	0.004362521272
147605	0.001611622636
147606	0.003137528282
147607	0.003759161451
147608	0.007199524737
147609	0.0009365739735
147610	0.01068685788
147611	0.003326849219
147612	0.001674341077
147613	0.003126337086
147614	0.002866035004
147615	0.01069551395
147616	0.001189409535
147617	0.003424515491
147618	0.00112971213
147619	0.006131304577
147620	0.002342119422
147621	0.009691780399
147622	0.001461639646
147623	4.971731632e-05
147624	0.0022251973
147625	0.00763795305
147626	0.003004620897
147627	0.0008870404508
147628	0.007459868554
147629	0.008050832187
147630	0.003470597615
147631	0.002705500935
147632	0.00354474709
147633	0.0007937167472
147634	0.002078831239
147635	0.002025781752
147636	0.004683618222
147637	0.001289356821
147638	0.000650258596
147639	0.005176421787
147640	0.001911027854
147641	0.00724705571
147642	0.0022735208
147643	0.0008924670475
147644	0.006446831621
147645	0.0003617249798
147646	0.001616981045
147647	0.007534480285
147648	0.004697608139
147649	0.006410957678
147650	0.003035823908
147651	0.006726276326
147652	0.004903216153
147653	0.002583363026
147654	0.005882083452
147655	0.00153565696
147656	3.087423404e-05
147657	6.24553818e-05
147658	0.002399121055
147659	0.004537518346
147660	0.002648680961
147661	0.002052176618
147662	0.01116308674
147663	0.01107672377
147664	0.002133732682
147665	0.00012199796
147666	0.001810863579
147667	0.009029139417
147668	0.001250134246
147669	0.004771314008
147670	0.002715900903
147671	0.009555276925
147672	0.0001953672084
147673	0.006886622018
147674	0.005505320187
147675	0.003620612827
147676	0.00250753299
147677	0.0008571024413
147678	0.001202635692
147679	0.00251419045
147680	0.002511979737
147681	0.004107667464
147682	0.007860590482
147683	0.003122839316
147684	0.001222163611
147685	0.00376801767
147686	0.01204724297
147687	0.002409752862
147688	0.02186637387
147689	0.01291647594
147690	0.01017900734
147691	0.002722216301
147692	0.00370248048
147693	0.0005761026221
147694	0.003371480383
147695	0.001424570023
147696	0.000104351987
147697	0.001527602158
147698	0.0007004100581
147699	0.003255488674
147700	0.00736066435
147701	0.006104429854
147702	0.002159197234
147703	0.002628798385
147704	0.00620003205
147705	0.01666852417
147706	0.004635358452
147707	0.0008063591451
147708	0.002604665207
147709	0.0145246928
147710	0.004181870569
147711	0.002244376603
147712	0.002315457983
147713	0.003795620997
147714	0.001466292693
147715	0.01055152885
147716	0.002658758996
147717	0.00428291674
147718	0.00319047166
147719	0.006503626117
147720	0.00309250349
147721	0.0009717448136
147722	0.003455270151
147723	0.002010271298
147724	0.0007668513018
147725	0.001407888039
147726	0.007775988463
147727	0.002798762372
147728	0.006252385835
147729	0.003677227367
147730	0.00187081155
147731	0.003408219671
147732	0.008421220756
147733	0.0001366293251
147734	0.002765265246
147735	0.00410554545
147736	0.001638698601
147737	0.0001826102989
147738	0.001676081741
147739	0.0003252870767
147740	0.002947169316
147741	0.002620416914
147742	0.00392414463
147743	0.004671368188
147744	0.001399607154
147745	0.0006835119421
147746	0.0115785161
147747	0.0006817675258
147748	0.01061140889
147749	0.0009216059774
147750	0.01092523643
147751	0.001869539711
147752	0.001654067775
147753	0.00433777243
147754	0.0004734286997
147755	0.002941183392
147756	0.002813814619
147757	0.005731270465
147758	0.005178848366
147759	0.0003307285758
147760	9.890375515e-05
147761	0.004049924682
147762	0.0008351199173
147763	0.009003777238
147764	0.005349009184
147765	0.004828035878
147766	0.008529059135
147767	0.004417990467
147768	0.0007897564277
147769	0.00669977708
147770	0.008365990985
147771	0.001003406758
147772	0.00187944323
147773	2.079636548e-05
147774	0.001529669281
147775	0.007954006773
147776	0.001578865652
147777	0.005446032476
147778	0.000428589733
147779	0.003620098949
147780	0.001802846364
147781	0.004621617032
147782	0.005837569641
147783	0.0009258658729
147784	0.005710211936
147785	0.004035022942
147786	2.38048372e-06
147787	0.0007334731083
147788	0.006110043173
147789	0.001616674336
147790	0.002767311772
147791	0.001014892092
147792	0.002806408408
147793	0.002478672313
147794	0.001121621707
147795	0.001564645056
147796	0.00281959328
147797	0.00385818453
147798	0.002923079974
147799	0.001336266871
147800	0.0007729127378
147801	0.02182626611
147802	0.004603174349
147803	0.00184197225
147804	0.0001393383245
147805	0.001468560111
147806	0.008826104654
147807	0.003222600417
147808	0.0004874755487
147809	0.004150418927
147810	0.0007148978628
147811	0.003213895868
147812	0.005953109354
147813	0.002474676733
147814	0.002034338797
147815	0.004615766401
147816	0.0006082451008
147817	0.004848249847
147818	0.0003352033425
147819	0.00289537449
147820	0.0007247997885
147821	0.001995358832
147822	0.001637777835
147823	0.002911658649
147824	0.004939615712
147825	0.0008242142032
147826	0.0002127008697
147827	0.000517242409
147828	0.0006808240832
147829	0.001221988713
147830	0.005153292593
147831	0.001598944799
147832	0.0005084448952
147833	0.001563989875
147834	0.0009654960852
147835	0.0004991698798
147836	0.002851589735
147837	0.009108329234
147838	0.006162662786
147839	0.001670598384
147840	0.001030643365
147841	0.0005238361983
147842	0.000752762344
147843	0.00303945769
147844	0.002709278018
147845	0.006595737559
147846	0.00343576591
147847	0.003846736738
147848	0.01655073396
147849	0.001324121707
147850	0.00228714969
147851	0.003974610397
147852	0.001112977339
147853	0.003063242409
147854	0.008571363304
147855	0.0002456249316
147856	0.007374502136
147857	0.0008699406736
147858	0.0007657989399
147859	0.007756349969
147860	0.008823428281
147861	0.01034890536
147862	0.004347077216
147863	0.006782269396
147864	0.007722978803
147865	0.004315223964
147866	0.001910076914
147867	0.01071800571
147868	0.009844596464
147869	0.002106400855
147870	0.004834053828
147871	0.005848433449
147872	0.002437839144
147873	0.01206965187
147874	0.002735647628
147875	0.0008841799486
147876	0.004707433136
147877	0.007831652732
147878	0.003606495083
147879	0.005189576807
147880	0.001504505256
147881	0.002471018039
147882	0.002125146155
147883	0.006111623006
147884	0.0002854574459
147885	0.004403257834
147886	0.0005405776269
147887	9.276282412e-05
147888	0.005344640695
147889	0.0003353149161
147890	0.0008556411972
147891	0.001741510335
147892	0.002611277408
147893	0.007683952089
147894	0.000416791208
147895	0.004582419355
147896	0.001702396116
147897	0.00910169975
147898	0.005657029686
147899	0.0004784051228
147900	0.004067010456
147901	0.00766488279
147902	0.01215702861
147903	0.00478446746
147904	0.009543312815
147905	0.0006089128213
147906	0.004559751805
147907	0.004096280626
147908	0.002170211411
147909	0.01004806339
147910	0.003515285926
147911	0.0009314294591
147912	0.001872214492
147913	0.005431443354
147914	0.001995472945
147915	0.00266982432
147916	0.001841413158
147917	0.009474815369
147918	0.003892158589
147919	0.007906684905
147920	0.001491837677
147921	0.001110949814
147922	0.005432579674
147923	0.006470057625
147924	0.004106760759
147925	0.001753597206
147926	0.005762961534
147927	0.007717411648
147928	0.00450996886
147929	0.002724918362
147930	0.003492932552
147931	0.002866384532
147932	0.001978841506
147933	0.0008660711059
147934	0.008235844598
147935	0.0001341834978
147936	0.005251581274
147937	0.001797335832
147938	0.002914868357
147939	0.002808834705
147940	0.001665701172
147941	0.003957759847
147942	0.004515212901
147943	0.001035941436
147944	0.007761690964
147945	0.007643155212
147946	0.007829791732
147947	0.0005139074059
147948	0.001354479895
147949	0.003034427475
147950	0.006059183846
147951	0.004724151044
147952	0.0002524526186
147953	0.001641607681
147954	0.005164761098
147955	0.002934141163
147956	0.005879927547
147957	0.005020472297
147958	0.006984038008
147959	0.002766116115
147960	0.01169614444
147961	0.001625490256
147962	0.007195262191
147963	0.0005209572777
147964	0.003189915188
147965	0.001769320698
147966	0.001587703301
147967	0.002788913031
147968	0.005004384326
147969	0.001116915566
147970	0.006050282408
147971	0.003067468975
147972	0.009684739114
147973	0.001680999152
147974	0.0004084497666
147975	0.005507540197
147976	0.0003970837299
147977	0.001055013021
147978	0.00536514345
147979	0.01102247339
147980	0.01746765227
147981	0.005648375065
147982	0.004547213931
147983	0.006624313523
147984	0.00194077241
147985	0.0002573314023
147986	0.004138445541
147987	0.001765973661
147988	0.001442638043
147989	0.0005660414694
147990	0.004091406861
147991	0.004490881639
147992	0.005185239082
147993	0.00189303309
147994	0.006337402895
147995	0.003293587684
147996	0.000879241612
147997	0.001973324024
147998	0.007965116169
147999	0.0007179235237
148000	0.003867519126
148001	0.003827722903
148002	0.003782530825
148003	0.01172124997
148004	0.001120566763
148005	0.004301734975
148006	0.002380593272
148007	0.01407106498
148008	0.001014770754
148009	0.002585475879
148010	0.005460519097
148011	0.00147519045
148012	0.003183332578
148013	0.002176003936
148014	0.0002026132212
148015	0.0008033438866
148016	0.001369537708
148017	0.004355415699
148018	0.009945522165
148019	0.004272341431
148020	0.004067893593
148021	0.00090634227
148022	0.002766988639
148023	0.00859453024
148024	0.00305251349
148025	0.005301070174
148026	0.0007239516248
148027	5.30864341e-05
148028	0.0003909812681
148029	0.003882649502
148030	0.002861138643
148031	0.005558552396
148032	0.008698560036
148033	0.001617436568
148034	0.001313319485
148035	0.001145745316
148036	0.007363867722
148037	0.003452889332
148038	0.001050704386
148039	0.001162737684
148040	0.001155958141
148041	0.01031056088
148042	0.0003821394425
148043	0.004755654898
148044	0.01330266769
148045	0.003984280268
148046	0.005564160146
148047	0.01391411362
148048	9.372191282e-05
148049	0.0003091950801
148050	0.001694767371
148051	0.003239538559
148052	0.004962282276
148053	0.003552387987
148054	0.0110169325
148055	0.003218646076
148056	0.001794476601
148057	0.005022047621
148058	0.0004133342965
148059	0.00428016786
148060	0.00237852433
148061	0.002477298429
148062	0.005684404235
148063	0.000268790533
148064	0.005517320771
148065	0.006803388024
148066	0.0004579677991
148067	0.001090240702
148068	0.006297040133
148069	0.006419806514
148070	0.003161828206
148071	0.01061584974
148072	0.002278771777
148073	0.005532104466
148074	0.002023512868
148075	0.0052352762
148076	0.003142772959
148077	0.008121287177
148078	0.004201469721
148079	0.004150643307
148080	0.0008277559475
148081	0.001740294388
148082	0.005114330407
148083	0.0006305294904
148084	0.001298422449
148085	0.002871224712
148086	0.008537560342
148087	0.003601970515
148088	0.004272453971
148089	0.009113277007
148090	0.007230784512
148091	0.007532111419
148092	0.003596252477
148093	0.002164552677
148094	0.009203409121
148095	0.003120401785
148096	0.004608899497
148097	0.004644799515
148098	0.003618504713
148099	0.005919590473
148100	0.004318362666
148101	0.001488293836
148102	0.0005333768906
148103	0.004245777443
148104	0.005245623257
148105	0.0008141486169
148106	0.001327623411
148107	0.003048244505
148108	0.001136975207
148109	6.060151021e-05
148110	0.01751283304
148111	0.001810086349
148112	0.002509286358
148113	0.001916163831
148114	0.005360197091
148115	0.0005903916832
148116	0.001311782479
148117	0.001156006735
148118	0.002771104358
148119	0.005666518421
148120	0.002811477151
148121	0.0009165199318
148122	0.01190673724
148123	0.0005678745503
148124	0.002377119748
148125	0.002144492284
148126	0.002531500151
148127	0.0001024529948
148128	0.006594560954
148129	0.004097488566
148130	0.005296620917
148131	0.01300120097
148132	0.008854389169
148133	0.001228181964
148134	5.311873539e-06
148135	0.005030019694
148136	0.006549954874
148137	0.002508959901
148138	0.0006337164252
148139	0.003253063276
148140	0.001865904302
148141	0.0007799793544
148142	0.01051115536
148143	0.006772788883
148144	0.00714047603
148145	0.00589655945
148146	0.002652553765
148147	0.003294841681
148148	1.433915722e-06
148149	0.0003517134966
148150	0.001770985682
148151	0.003107105077
148152	0.006050491168
148153	0.005283451562
148154	0.007736546471
148155	0.0003401039586
148156	0.003098094577
148157	0.001800099847
148158	0.0009031845538
148159	0.003421534788
148160	0.004511050007
148161	0.01612428636
148162	0.001191549082
148163	0.007872246875
148164	0.01519148405
148165	0.001718635236
148166	0.003532229437
148167	0.001269608642
148168	0.00555995493
148169	0.003929780439
148170	0.0009092882735
148171	0.001977588141
148172	0.002350836657
148173	0.001400822051
148174	0.007064530032
148175	7.707742704e-05
148176	0.008559804975
148177	0.004817124223
148178	0.003274711032
148179	0.0006754062443
148180	0.007558194188
148181	0.0003458800578
148182	0.003263251827
148183	0.0004049536035
148184	0.000787999902
148185	0.002813577401
148186	0.001309313772
148187	0.001428859855
148188	0.0006327319438
148189	0.001376263714
148190	0.01047278021
148191	0.00153891604
148192	0.0189246621
148193	0.002952101885
148194	0.01300201004
148195	0.004515463283
148196	0.004899486131
148197	0.005413227459
148198	0.004779601393
148199	0.007783701833
148200	0.004465706288
148201	0.005102015706
148202	0.004180390032
148203	0.0003695007677
148204	0.01141658076
148205	0.00445614906
148206	0.005673240189
148207	0.00147145908
148208	0.003446070992
148209	0.002143274916
148210	0.01230445352
148211	0.01036147336
148212	0.002237889721
148213	0.01007976153
148214	0.006421967563
148215	0.002446397338
148216	0.002934632508
148217	0.00110275036
148218	0.002433750782
148219	0.0076565599
148220	0.0007973075423
148221	0.0004334253741
148222	0.0001756145648
148223	0.007143333654
148224	0.008561425409
148225	0.002741229993
148226	0.001053359221
148227	0.006749857338
148228	0.002938743391
148229	0.0003767701712
148230	0.001096384912
148231	0.0007173147162
148232	0.0037604255
148233	0.003148742591
148234	0.01148958723
148235	0.007368493584
148236	0.002485531821
148237	0.0004625228603
148238	0.001154962816
148239	0.004175373445
148240	0.0007674281905
148241	0.004451881848
148242	0.003048334961
148243	0.0001684845598
148244	0.004210793861
148245	0.006541571099
148246	0.002397566719
148247	0.0009037482641
148248	0.0008491680839
148249	0.000724710417
148250	0.004407447067
148251	0.0005584702754
148252	0.0121930765
148253	0.0029144411
148254	0.004230536306
148255	0.004876683218
148256	0.005451039442
148257	0.01031539961
148258	0.003773555241
148259	0.01495931281
148260	0.007327094459
148261	0.00142745831
148262	0.0005171147311
148263	0.001209763524
148264	0.004752049024
148265	0.0006959512114
148266	0.01224743936
148267	0.01295756472
148268	0.005811705683
148269	0.001011348401
148270	0.001499110922
148271	0.001706507485
148272	3.712674232e-05
148273	0.006104997529
148274	0.002291769295
148275	0.002075891992
148276	0.003416179792
148277	0.006361577333
148278	0.00919270001
148279	0.005508972171
148280	0.002923164047
148281	0.001082115152
148282	0.003176777604
148283	0.008500773075
148284	6.559885707e-05
148285	0.006857466488
148286	0.0009856171977
148287	0.0001137246876
148288	0.003349035897
148289	0.002585480541
148290	0.007146988135
148291	0.0003155341369
148292	0.004347943928
148293	0.01236519376
148294	0.0002673849282
148295	0.00166718713
148296	0.00573418413
148297	0.002273822413
148298	0.0104087509
148299	0.004059258377
148300	0.001728855284
148301	0.003831496379
148302	0.0006084881495
148303	0.005523510357
148304	0.0001405179721
148305	0.002940501135
148306	0.005025781505
148307	0.002394637719
148308	0.01259583742
148309	0.0002114428884
148310	0.003243895714
148311	0.007298454401
148312	0.003499228562
148313	0.002996265866
148314	0.0005940893878
148315	0.003160089873
148316	0.003434333879
148317	6.139808246e-05
148318	0.004027567513
148319	0.004208032623
148320	0.003634867261
148321	0.002100839356
148322	0.001608025734
148323	0.004634510092
148324	0.005628255828
148325	0.004830551182
148326	0.003237458479
148327	0.001150853685
148328	4.82347921e-05
148329	0.0001493487684
148330	0.0002355898067
148331	0.003704379489
148332	0.00469403616
148333	0.001937901094
148334	0.003898649651
148335	0.007025971734
148336	0.007511680813
148337	0.004471029962
148338	0.004538336831
148339	0.002898711534
148340	0.0006959104057
148341	0.001952768949
148342	0.008310873391
148343	0.003084212879
148344	0.001363372348
148345	0.001194076261
148346	0.007835476017
148347	0.002762872442
148348	0.005345415936
148349	0.008476270967
148350	0.004951057393
148351	0.006987017595
148352	0.001318255369
148353	0.004109642142
148354	0.002221492841
148355	0.003750141372
148356	0.001991007885
148357	0.0005567899905
148358	0.00632613465
148359	0.01099886138
148360	0.00294367413
148361	0.002348534632
148362	0.004309313216
148363	0.004635391907
148364	0.004747684668
148365	0.001823407296
148366	0.001166477367
148367	0.01074060375
148368	0.001630798644
148369	0.007371774424
148370	0.00335483449
148371	0.00206453801
148372	0.002237356745
148373	0.000494363788
148374	0.0007738257149
148375	0.0004887457997
148376	0.003197251198
148377	0.005023718626
148378	0.005881434903
148379	0.0005880570914
148380	0.001495662089
148381	4.32676821e-05
148382	0.00157093851
148383	0.008518274298
148384	0.0001152687111
148385	0.008491534182
148386	0.0009643068558
148387	0.0002029474421
148388	0.002091139849
148389	0.01258643269
148390	0.009635829522
148391	0.002680869718
148392	0.003168546223
148393	0.001131013475
148394	0.000655139539
148395	0.003260440244
148396	0.001234664184
148397	0.0003404245618
148398	0.001253144339
148399	0.001330123277
148400	0.0008523972603
148401	0.001207867764
148402	0.0004653515078
148403	0.003483847475
148404	0.01054245382
148405	0.004465550532
148406	0.006580291552
148407	0.003135257996
148408	0.001561035248
148409	0.00515558675
148410	0.002747145308
148411	0.005368120203
148412	0.01095942118
148413	0.002893847451
148414	0.0001597247621
148415	0.004748073706
148416	0.01036882643
148417	0.004840306188
148418	0.004627022353
148419	0.0003242940521
148420	0.00194182089
148421	0.000405603739
148422	0.0004283587677
148423	0.00205218654
148424	0.006937016208
148425	0.004782764897
148426	0.0008881607921
148427	0.000434571136
148428	0.003724867313
148429	0.008313684819
148430	0.003455391838
148431	0.01710896642
148432	0.007989753615
148433	0.003852502636
148434	0.001377674785
148435	0.0007380312696
148436	0.003375488746
148437	0.003768753643
148438	0.001604464497
148439	0.002269130429
148440	0.005730315967
148441	0.003029316684
148442	0.001038830161
148443	0.005750354041
148444	0.002652755568
148445	0.005998787337
148446	0.004200341619
148447	0.004047894235
148448	0.01334031367
148449	0.003288664658
148450	4.648722957e-05
148451	0.000328409132
148452	0.003895342412
148453	0.004968041171
148454	0.001010397115
148455	0.001683567398
148456	0.007190041076
148457	0.002521865465
148458	0.003374635689
148459	0.004986259725
148460	0.0002473439624
148461	0.002254026133
148462	0.004755711573
148463	0.001723285832
148464	0.001663832902
148465	0.002297347866
148466	0.009160481895
148467	0.001884271298
148468	0.0006421139953
148469	0.001943252909
148470	0.002935293302
148471	0.002180910181
148472	0.002668969351
148473	0.0001056911563
148474	0.00420771596
148475	0.007920933737
148476	0.002246935948
148477	0.0009046367459
148478	0.001123452574
148479	0.005922919396
148480	0.003121719066
148481	0.001614775178
148482	0.001776115349
148483	0.003875422534
148484	0.008924612359
148485	0.002481204585
148486	0.0007035385963
148487	0.002649629377
148488	0.004723441336
148489	0.001669525873
148490	0.002498828387
148491	0.002491853703
148492	0.005191920747
148493	0.000677381095
148494	0.0007207731115
148495	0.004259475886
148496	0.003691549753
148497	1.354330439e-05
148498	0.0046661056
148499	0.003756790385
148500	0.002122984613
148501	0.0006214973959
148502	0.00808944943
148503	0.0008224398074
148504	0.002080214278
148505	0.00373506574
148506	0.0006464598915
148507	0.003306678091
148508	0.0004743565665
148509	0.003796780376
148510	0.001617646857
148511	0.0005016241054
148512	0.0006299224106
148513	0.001351957431
148514	0.002665449668
148515	0.007583602053
148516	0.005201513221
148517	0.001560000224
148518	0.01248164211
148519	0.002266188474
148520	0.0003341124655
148521	0.0105809062
148522	8.462746036e-05
148523	0.0003093213671
148524	0.002455943101
148525	0.003247192801
148526	0.003821228059
148527	0.005846672056
148528	0.0007945893201
148529	2.372301127e-05
148530	0.0004836578313
148531	0.006755242633
148532	0.003815915327
148533	0.0003106562269
148534	0.0008146477922
148535	0.003540388967
148536	0.01392918073
148537	0.001894551953
148538	0.00384098044
148539	0.002122070712
148540	0.001823429574
148541	0.0041142577
148542	0.004082999118
148543	0.003343992841
148544	0.00153534829
148545	0.001078455741
148546	0.004944533042
148547	0.001144639773
148548	0.0007040848971
148549	0.00568338203
148550	0.004771471091
148551	0.001032447256
148552	0.004868911939
148553	0.001662008657
148554	0.007091220061
148555	0.004940407486
148556	0.001902939887
148557	0.006660529871
148558	0.0005138780691
148559	0.006339463177
148560	0.001909034895
148561	0.002347102684
148562	0.006852648478
148563	0.001587871422
148564	0.001129708749
148565	0.002462565414
148566	0.0008222962411
148567	0.008545672729
148568	0.01572197202
148569	0.003443165089
148570	0.002645392566
148571	0.005333507841
148572	0.008987414243
148573	9.104205378e-05
148574	0.009951667542
148575	0.002700619352
148576	0.00164451129
148577	0.0008605020843
148578	0.003866847628
148579	0.005953967828
148580	0.00551687037
148581	0.009049500189
148582	0.002709177392
148583	0.002625273008
148584	0.003288359522
148585	0.002646158479
148586	0.00111782206
148587	0.001103808173
148588	0.002517190249
148589	0.004555053058
148590	0.0006872377012
148591	0.001965102552
148592	0.000228871007
148593	0.01162361036
148594	0.002634498078
148595	0.006628418269
148596	0.002638286037
148597	0.006703939242
148598	0.003179387884
148599	0.007498881431
148600	0.0003520328061
148601	0.006829536709
148602	0.004798697755
148603	0.001859013574
148604	0.001809897776
148605	0.0007973133435
148606	0.005953827382
148607	0.009712819302
148608	0.0008133355602
148609	0.0001735020882
148610	0.0002308361529
148611	0.003234436389
148612	0.00179258255
148613	0.0006601232089
148614	0.001620962376
148615	0.0007942560533
148616	0.001600075517
148617	0.006903942054
148618	0.01490008529
148619	0.001430334608
148620	1.227435535e-05
148621	0.0003836572873
148622	0.001251810782
148623	0.0009308182912
148624	0.01072972496
148625	0.003271985993
148626	0.0003052137754
148627	0.001568753116
148628	0.003181850942
148629	0.002539536686
148630	0.004763887909
148631	0.001420800458
148632	0.00161542597
148633	0.003790081394
148634	0.001616383818
148635	0.003688077044
148636	0.003947906028
148637	0.001839188342
148638	0.008359884706
148639	0.00240611125
148640	0.002256627272
148641	0.009185105808
148642	0.004889702653
148643	0.003831873354
148644	0.00367068119
148645	0.002895936005
148646	0.00460335563
148647	0.0007069339945
148648	0.004403854709
148649	0.0004054222963
148650	0.007292695068
148651	0.001379523014
148652	0.006955052747
148653	0.001644603655
148654	0.003367034825
148655	0.003045433051
148656	0.01008652054
148657	0.004333024612
148658	0.004799366537
148659	0.001293831059
148660	0.005356800076
148661	0.001395182849
148662	0.005782677275
148663	0.002293893572
148664	0.0005089464597
148665	0.003411389823
148666	0.002889955951
148667	0.0006946610719
148668	0.0004546096831
148669	0.00811738349
148670	0.0006921571634
148671	0.007263055099
148672	0.009364501714
148673	0.001097562105
148674	0.000319585446
148675	0.003020262011
148676	0.01152568704
148677	0.009683907916
148678	0.004068127438
148679	0.000549107857
148680	0.001069839899
148681	0.001106752036
148682	0.002814139462
148683	0.001113654375
148684	0.00361372869
148685	0.0004542906212
148686	0.0007309820888
148687	0.004137586746
148688	0.006105147809
148689	0.001658178492
148690	0.001771551617
148691	0.004652948776
148692	0.006539764936
148693	0.001975434908
148694	0.003746524859
148695	0.005267339049
148696	0.001530152746
148697	0.0006342890962
148698	0.0003235549372
148699	0.001475683072
148700	0.001704428687
148701	0.004083505211
148702	0.003698681276
148703	0.003799071795
148704	0.0005598604963
148705	0.0160271368
148706	0.00154905712
148707	0.008093787065
148708	0.002216591644
148709	0.001650392571
148710	0.003614494101
148711	0.0007067603026
148712	0.00166173168
148713	0.003619503807
148714	0.004616879127
148715	0.008460677022
148716	0.0150119976
148717	0.0007505264288
148718	0.005763722181
148719	0.003088697081
148720	0.01034220949
148721	0.002422065911
148722	0.005048508574
148723	0.001580580553
148724	0.0003725478471
148725	0.01339543267
148726	0.00114751989
148727	0.0004447733281
148728	0.00551555659
148729	0.0009179462795
148730	0.003863804314
148731	0.00394233422
148732	0.002399659095
148733	0.003733741596
148734	0.001508050365
148735	0.001355011383
148736	0.002586705793
148737	0.0001062585406
148738	0.00041649547
148739	0.0009650439428
148740	0.003085926648
148741	0.001259705468
148742	0.0008427004714
148743	0.003392413758
148744	0.006123154336
148745	0.003028118397
148746	0.003175422481
148747	0.002728312286
148748	0.003849771629
148749	0.001220132664
148750	0.0113044427
148751	0.002591230042
148752	0.006666067411
148753	0.002600777979
148754	0.000288553276
148755	0.002491834441
148756	0.0005374719243
148757	0.001436918445
148758	0.007354557962
148759	0.002596584843
148760	0.005960642248
148761	0.008857571744
148762	0.0004581974783
148763	0.001470212183
148764	0.002522020579
148765	0.001376188893
148766	0.002809998592
148767	0.004036789884
148768	0.0003550793443
148769	0.003768137968
148770	0.002333198342
148771	0.001187453944
148772	0.007419169381
148773	0.007006066199
148774	0.002639423387
148775	0.002142484758
148776	0.005947808864
148777	0.01137738437
148778	0.00139321873
148779	0.001874552613
148780	0.001290636349
148781	0.0001824418026
148782	0.0015840875
148783	0.003707722729
148784	0.00103122592
148785	0.007409939525
148786	0.001265229314
148787	0.00151840801
148788	0.0001571896671
148789	0.000336001491
148790	0.003972630586
148791	0.0005353872523
148792	0.00427891539
148793	0.001349944157
148794	0.004952454807
148795	0.0001544041693
148796	0.005554019214
148797	0.003801529311
148798	0.002365363342
148799	0.000276373172
148800	0.0004916952968
148801	0.003255954436
148802	0.001310281328
148803	0.007684651197
148804	0.006052479315
148805	0.00153025263
148806	0.007216009116
148807	0.005768012381
148808	0.005669719725
148809	0.007639708628
148810	0.0006750830439
148811	0.00427067564
148812	0.001418892067
148813	0.003268472334
148814	0.002475927087
148815	0.003327349183
148816	0.007315441652
148817	0.0003467205219
148818	0.00352716146
148819	0.003067522958
148820	0.0004196241288
148821	0.001777904262
148822	0.005646096278
148823	0.002358468308
148824	0.002303638083
148825	0.003277693716
148826	0.003282567576
148827	0.001989887051
148828	0.0007180517201
148829	0.002343127761
148830	0.00135396435
148831	0.0009259010021
148832	0.005171839947
148833	0.001980359829
148834	0.002738127323
148835	0.0005923323937
148836	0.00380439129
148837	0.004100898426
148838	0.004769058179
148839	0.002227201512
148840	0.0002180374754
148841	0.0003437850989
148842	0.000255264585
148843	0.009779769796
148844	0.0004150349976
148845	0.001810307188
148846	0.003179065288
148847	0.00541828019
148848	7.407692788e-05
148849	0.001628169834
148850	0.003923402427
148851	6.574968921e-05
148852	0.00454201888
148853	0.004271986005
148854	0.005772581002
148855	0.004080332258
148856	0.001738413374
148857	0.004059606694
148858	0.004870332758
148859	0.002155113392
148860	0.0003780535777
148861	0.004323817532
148862	0.01219070142
148863	0.00252581532
148864	0.003875484807
148865	0.0003399199891
148866	0.008039680701
148867	0.005499021691
148868	0.003497459221
148869	0.003817872079
148870	0.001434502168
148871	0.009854276196
148872	0.01413396543
148873	0.006985406529
148874	4.455462153e-05
148875	0.007091741926
148876	0.00365878017
148877	0.0001608042315
148878	0.004005976427
148879	0.0004506715667
148880	0.008954176989
148881	0.0001208870209
148882	0.01151755012
148883	0.001846056198
148884	0.001527624942
148885	0.009779393166
148886	0.008797616447
148887	0.009986670268
148888	0.002246288235
148889	0.004940354229
148890	0.0008594377769
148891	0.005918931708
148892	0.0008213136537
148893	0.001613444949
148894	0.005507740291
148895	0.003916323611
148896	0.0007158535175
148897	0.003943394357
148898	0.004823624253
148899	0.0006832453942
148900	0.003511974758
148901	0.00123233044
148902	0.003212886506
148903	3.413377691e-05
148904	0.0003049659738
148905	0.003748923392
148906	0.0005883920711
148907	0.0009960901855
148908	0.002499223666
148909	0.006350911674
148910	5.388528735e-05
148911	0.0008903176156
148912	0.00251748872
148913	0.001320810731
148914	0.001088495005
148915	0.004675900905
148916	0.0003630541207
148917	0.001900549155
148918	0.004828585482
148919	0.01197199753
148920	0.0009527148633
148921	0.002643888463
148922	0.007557970181
148923	0.001083454046
148924	0.004396451784
148925	0.0004403849716
148926	0.003745030684
148927	0.002431515052
148928	0.004358975738
148929	0.005918449483
148930	0.001995704474
148931	0.005616925066
148932	0.004965045211
148933	0.00574724809
148934	0.002397002014
148935	0.004167734016
148936	0.0009765805255
148937	0.003137235868
148938	0.0006423905862
148939	0.01288082076
148940	0.001834159884
148941	0.0001847299672
148942	0.01188412601
148943	0.00156884996
148944	0.005091530391
148945	0.002595547299
148946	0.001558463659
148947	0.005145231201
148948	0.006447690261
148949	0.004000351263
148950	0.00278465325
148951	0.001073673733
148952	0.01035935124
148953	0.002195993176
148954	0.003422289193
148955	0.003098924309
148956	0.01264942999
148957	0.001011542413
148958	0.000903653909
148959	0.007783663131
148960	0.01358484427
148961	0.001021896461
148962	0.00267328307
148963	0.004768979482
148964	0.0009240230223
148965	0.002755262473
148966	0.001087888504
148967	0.007750689586
148968	0.004885936221
148969	0.001937760815
148970	0.007040676803
148971	0.003139793172
148972	0.003430799664
148973	0.002750013583
148974	0.008813309332
148975	0.0002105203401
148976	0.0003172287961
148977	0.0008619757937
148978	0.005602919225
148979	0.01091935174
148980	0.009721294959
148981	0.006783644628
148982	0.00321002216
148983	0.0009460477808
148984	0.006792235612
148985	0.000269869743
148986	0.002294616627
148987	0.007253521835
148988	0.001831525819
148989	0.001835245317
148990	0.002258764867
148991	0.00410228983
148992	0.00294597784
148993	0.003702482491
148994	0.008099028693
148995	0.001927307871
148996	0.001993075092
148997	0.001283958489
148998	0.003013834509
148999	0.001913830884
149000	0.0009824329823
149001	0.01185284452
149002	0.01071461525
149003	0.008636036307
149004	0.0002118369791
149005	0.01261891551
149006	0.002232480975
149007	0.006683562098
149008	0.005680201079
149009	0.001440080914
149010	0.004284006624
149011	0.007993887581
149012	0.003846371886
149013	0.009767165772
149014	0.003082625474
149015	0.000278722503
149016	0.003280206818
149017	0.003281125405
149018	0.003177980947
149019	0.001982244864
149020	0.0002876285593
149021	0.00337866189
149022	0.0006846645879
149023	0.001000666033
149024	0.002070374346
149025	0.002115566313
149026	0.003247088921
149027	0.007010624338
149028	0.007110214025
149029	0.002902615789
149030	0.00296197902
149031	0.009681040448
149032	0.00107854862
149033	0.004610188098
149034	0.0004964145498
149035	0.002706956445
149036	0.005211031872
149037	0.002696333408
149038	0.001299488037
149039	0.00140547724
149040	0.00236274307
149041	0.0001074523541
149042	0.005062548444
149043	0.004933351392
149044	0.005265809104
149045	0.001392261693
149046	0.00474320141
149047	0.009694673171
149048	0.0128338909
149049	0.005538264683
149050	0.02319508023
149051	0.004663417524
149052	0.009555006074
149053	0.006898100083
149054	0.00497769485
149055	0.003131226326
149056	0.003306510549
149057	0.0008645929567
149058	0.007653319612
149059	0.008181678734
149060	0.001556367602
149061	0.002674531319
149062	0.001891867209
149063	0.00650452026
149064	0.004396228228
149065	0.008405467179
149066	0.004811318292
149067	0.001309270214
149068	0.008588010588
149069	0.01780750584
149070	0.000947958291
149071	0.00342520456
149072	0.001330977895
149073	0.002976783204
149074	0.005568190996
149075	0.004004604557
149076	0.0052524895
149077	0.0008885130122
149078	0.007028871808
149079	0.001079645017
149080	0.003247042418
149081	0.01297181055
149082	0.003877300575
149083	0.0003336820088
149084	0.009560774811
149085	0.006822656058
149086	0.008593000732
149087	0.005056331855
149088	0.006560120118
149089	0.002216407624
149090	0.007409170132
149091	0.001413538336
149092	0.003692894291
149093	0.01176770251
149094	0.009469942898
149095	0.00237839408
149096	0.005837536211
149097	0.0006598651311
149098	0.002842058051
149099	0.005176440097
149100	0.01269154759
149101	0.004747057541
149102	0.004138484842
149103	0.002596905192
149104	0.0104695434
149105	0.005093155965
149106	0.004497511841
149107	0.001453757482
149108	0.00828135765
149109	0.009204530215
149110	0.004347461134
149111	0.003706545497
149112	0.00940710731
149113	0.005544995931
149114	0.003951947552
149115	0.00468602955
149116	0.007235512141
149117	0.001403629019
149118	0.01098179909
149119	0.001319309711
149120	0.004984161154
149121	0.004371858139
149122	0.004085135545
149123	0.004797394055
149124	0.007657654466
149125	0.000890874733
149126	0.004473172288
149127	0.0002791610843
149128	0.01024721755
149129	0.002142644818
149130	0.005433286337
149131	0.01084309708
149132	0.0107619528
149133	0.007347283781
149134	0.002351244184
149135	0.003493868845
149136	0.003920766135
149137	0.0008778235561
149138	0.003795327735
149139	0.009447569049
149140	0.002861135787
149141	0.003351973047
149142	0.004212147704
149143	0.005823388541
149144	0.006955163878
149145	0.01073068782
149146	0.001217418395
149147	0.007091102795
149148	0.01067178575
149149	0.008864784372
149150	0.01210633241
149151	0.00299493586
149152	0.01034208249
149153	0.001497625876
149154	0.008085834506
149155	0.01178939543
149156	0.003830852572
149157	0.001494339517
149158	0.0037180913
149159	0.00355012392
149160	0.008739752667
149161	0.01050726279
149162	0.008784386877
149163	0.008112134198
149164	0.004008960721
149165	0.003772977033
149166	0.0005383944035
149167	0.01303578281
149168	0.002005776015
149169	0.004477828076
149170	0.006230748495
149171	0.00330197435
149172	0.003135357444
149173	0.007751280172
149174	0.007416621387
149175	3.070046173e-08
149176	0.008877149167
149177	0.00986637484
149178	0.002183461475
149179	0.008038989631
149180	0.003930803191
149181	0.002183519102
149182	0.001484562819
149183	0.001901975743
149184	0.005621467138
149185	0.0006098994601
149186	0.004163595199
149187	0.005375503145
149188	0.00496010615
149189	0.00485771225
149190	0.006715081814
149191	0.01500645895
149192	0.003748532948
149193	0.0008720278884
149194	0.002507696173
149195	0.0001254569772
149196	0.0005894090217
149197	0.009871601994
149198	0.001256279757
149199	0.009558512269
149200	0.008875764797
149201	9.879836683e-05
149202	0.00171608805
149203	0.002196966151
149204	0.002263211646
149205	0.00541095829
149206	0.007775867946
149207	0.008762951985
149208	0.008687926947
149209	0.001888257727
149210	0.009440861556
149211	0.002861478586
149212	0.00449050011
149213	0.001567905215
149214	0.0007750624316
149215	0.0003206749384
149216	0.00564341533
149217	0.001920853323
149218	0.01749772149
149219	0.0002475407498
149220	0.003347351878
149221	0.006673448749
149222	0.00774024969
149223	0.003004728747
149224	0.003849626271
149225	0.000303849993
149226	0.001509873298
149227	0.007322587267
149228	0.001886004506
149229	0.0008197276559
149230	0.0003234768283
149231	0.0103934963
149232	0.0001355928741
149233	0.003543471872
149234	0.005844401189
149235	0.002722941846
149236	0.002755404257
149237	0.008552743273
149238	0.0008237901455
149239	0.0005246472239
149240	0.00113619816
149241	0.01244105144
149242	0.0032223388
149243	0.01229048678
149244	0.001018285014
149245	0.0002139510681
149246	0.00149612145
149247	0.001983739527
149248	0.002941567313
149249	0.00816854261
149250	0.004602958089
149251	0.002429447687
149252	0.0007281852093
149253	0.006264762166
149254	0.002207279351
149255	0.007137733109
149256	0.0004828042179
149257	0.0002866322924
149258	0.0022493005
149259	0.001458211529
149260	0.006207643936
149261	0.005212613745
149262	0.007466666256
149263	0.01102660124
149264	0.001676688843
149265	0.000782274685
149266	0.0005710810513
149267	0.00397622515
149268	0.01248352482
149269	0.01246827108
149270	0.01139444067
149271	0.0009811931361
149272	0.01033362974
149273	0.001704178409
149274	0.005140197576
149275	0.004433059403
149276	0.01443263241
149277	0.002778859796
149278	0.0009705305047
149279	0.007176119455
149280	0.001207967141
149281	0.01879712869
149282	0.007368718892
149283	0.001697865146
149284	0.002931782485
149285	0.005274834875
149286	0.006840530727
149287	0.01210243702
149288	0.003616898765
149289	0.003264680296
149290	0.007471469468
149291	0.0005755474572
149292	0.004678653877
149293	0.01009431645
149294	0.002554700716
149295	0.001191611013
149296	0.005942792523
149297	0.004149949942
149298	0.005224161092
149299	0.002184830391
149300	0.00695599422
149301	0.01014732808
149302	0.01569407596
149303	0.0113932857
149304	0.0003934837277
149305	0.003870949139
149306	0.008026199533
149307	0.009282693143
149308	0.004328492258
149309	0.01208198368
149310	0.007826112318
149311	0.004601036506
149312	0.003346965783
149313	0.002936796645
149314	0.002791055191
149315	0.02447140197
149316	0.003166663672
149317	0.01262359257
149318	0.003574960715
149319	0.009594334169
149320	0.01209722626
149321	0.002302228335
149322	0.005388121806
149323	0.001906888494
149324	0.0005684305411
149325	0.00861064784
149326	0.007914382937
149327	0.008486588736
149328	0.0102263078
149329	0.003972103541
149330	0.002297524688
149331	0.005091209168
149332	0.0049763804
149333	0.0039520881
149334	0.0001570265541
149335	0.002389973897
149336	0.002116566539
149337	0.0003465469636
149338	0.009525555173
149339	0.003485786459
149340	0.004415100201
149341	0.0007095625112
149342	0.001341943745
149343	0.01088589504
149344	0.002062995716
149345	0.003557211744
149346	0.01437826584
149347	0.006179914156
149348	0.000833891131
149349	0.00212456344
149350	0.01623081489
149351	0.004703914525
149352	0.006270549748
149353	0.001175249614
149354	0.0007977867872
149355	0.003583326054
149356	0.007288944087
149357	0.007456545224
149358	0.003113783937
149359	0.00226236686
149360	0.01792393854
149361	0.001170619423
149362	0.00343208039
149363	0.006650854603
149364	0.002394971195
149365	0.0156508543
149366	0.006402666302
149367	0.001323791924
149368	0.0002929077944
149369	0.005105419377
149370	0.006635401898
149371	0.006753710801
149372	0.001720047194
149373	0.000331341607
149374	0.00965155416
149375	0.003902143837
149376	0.002333429796
149377	0.0008702262686
149378	0.001187617332
149379	0.0003065970408
149380	0.0003886528365
149381	0.0003039831734
149382	0.001267984749
149383	0.0008999880992
149384	0.00284825073
149385	0.00230961136
149386	0.000599395135
149387	3.701329912e-06
149388	2.461884702e-06
149389	0.002361398929
149390	0.0007708979013
149391	0.0002311733711
149392	1.756748644e-07
149393	0.001065775075
149394	0.001683389484
149395	0.002258414044
149396	0.0007525630942
149397	0.001544157048
149398	0.000236097421
149399	0.004789208631
149400	0.001652605116
149401	0.005898745185
149402	0.004059249052
149403	0.003491209139
149404	0.001468593236
149405	0.001066143616
149406	0.004738291848
149407	0.0006642945242
149408	0.01145708494
149409	0.01202832682
149410	0.01043211704
149411	0.002206893999
149412	0.002080775852
149413	0.004432936868
149414	0.005722487376
149415	0.01349467777
149416	0.006239250618
149417	0.001037133404
149418	0.01072694906
149419	0.002283191718
149420	0.006791520077
149421	0.004970851901
149422	0.003906290184
149423	0.005825717446
149424	0.01235987864
149425	0.002546616947
149426	0.01297666968
149427	0.002015334181
149428	0.0002449530101
149429	0.003048444623
149430	0.004158927317
149431	0.001278966295
149432	0.001193588452
149433	0.003669877749
149434	0.003001970185
149435	0.01197970348
149436	0.01134756355
149437	0.001521104063
149438	0.005788560859
149439	0.008834417353
149440	0.01082340737
149441	0.0003848486559
149442	0.001959931521
149443	0.001218482735
149444	0.0007899302851
149445	0.01944354942
149446	0.001642813865
149447	0.001654067253
149448	0.003722408696
149449	0.001816120433
149450	0.01799966336
149451	0.002841633811
149452	0.00399709239
149453	0.007107498753
149454	0.005427521861
149455	0.0002421828792
149456	0.00164676327
149457	0.0005676727691
149458	0.0002701420741
149459	0.008849834339
149460	0.004303484757
149461	0.005279520786
149462	0.004735544708
149463	0.001464438196
149464	0.006505565024
149465	0.01394035997
149466	0.006450704811
149467	0.0005978801299
149468	0.001936529494
149469	0.006343894407
149470	0.003873289946
149471	0.007954999088
149472	0.002788037125
149473	0.0007906058827
149474	0.007443268106
149475	0.0002187958112
149476	0.00947559985
149477	0.0104121145
149478	0.003447213353
149479	0.004312332919
149480	0.007144479531
149481	0.0107485071
149482	0.01169100664
149483	0.002359805427
149484	0.01097358512
149485	0.002848337747
149486	0.001324879951
149487	0.0007571988455
149488	0.0007531045184
149489	0.0006834153594
149490	0.002072093669
149491	0.003603314211
149492	0.002174381404
149493	0.003699032567
149494	0.001676549565
149495	0.0002275349219
149496	0.000811946964
149497	0.009866059429
149498	0.002930040709
149499	0.0008834427264
149500	0.005710017176
149501	0.001366060268
149502	0.00476255977
149503	4.987128008e-05
149504	0.0004043195274
149505	0.002889008085
149506	0.0069045267
149507	0.01363067652
149508	0.001892621032
149509	0.003302414078
149510	0.002531120806
149511	0.003258177212
149512	0.004666821607
149513	0.002284892513
149514	0.002990378931
149515	0.0002747932295
149516	0.003564575627
149517	0.0007016913618
149518	0.007593572803
149519	0.008734139163
149520	0.001516497223
149521	0.001243035558
149522	0.0005364314067
149523	0.002241261385
149524	0.005675731123
149525	0.0006015502392
149526	0.007105941509
149527	0.007848896399
149528	0.00149302947
149529	0.02061539651
149530	0.0009268888106
149531	0.001242968322
149532	0.005464635567
149533	0.0003325541584
149534	0.01139441802
149535	0.008860252836
149536	0.007139156806
149537	0.0008197782473
149538	0.006005296118
149539	6.87167539e-05
149540	0.002569910619
149541	0.007789846831
149542	0.001785494397
149543	0.005438289782
149544	0.00023686114
149545	0.002764245612
149546	0.001356984415
149547	0.001264082484
149548	0.003027781898
149549	0.0004051379692
149550	0.01507844395
149551	0.01787301113
149552	0.004416902953
149553	5.025244253e-05
149554	0.003914963681
149555	0.003345730652
149556	0.01507070687
149557	0.008281684812
149558	0.005735698705
149559	0.004121234609
149560	0.001447791324
149561	0.00111978141
149562	0.0005104044128
149563	0.01658917977
149564	0.00884565078
149565	0.004850946467
149566	0.002932140852
149567	0.001871831171
149568	0.002070066729
149569	0.01823537178
149570	0.007101360662
149571	9.629862731e-05
149572	0.006760160856
149573	0.0006820620283
149574	0.008213087925
149575	0.007301755029
149576	0.002072602226
149577	0.0007078167084
149578	0.006331976942
149579	0.00198592237
149580	0.01470324575
149581	0.0006715284219
149582	0.008924858576
149583	0.001668012227
149584	0.006745508943
149585	0.005804876354
149586	0.005372316534
149587	8.56922939e-05
149588	0.005520325819
149589	0.000276547014
149590	0.001210947975
149591	0.001885843581
149592	0.01224234298
149593	0.005167048839
149594	0.007556774998
149595	0.008934560417
149596	0.004017911607
149597	0.004540223802
149598	0.00736187955
149599	0.004187971543
149600	0.002830596301
149601	0.0002712693931
149602	0.002953949508
149603	0.002564808229
149604	0.0009374343338
149605	0.001559148721
149606	0.004322059299
149607	0.000821031316
149608	0.002687003604
149609	0.003357293405
149610	0.0001301342254
149611	0.001141337804
149612	0.004099739787
149613	0.00176516919
149614	0.0008041838762
149615	0.004975844788
149616	0.0006919854
149617	0.005638326779
149618	0.005414926514
149619	0.00143174629
149620	0.003179801939
149621	0.005070135672
149622	0.00333059
149623	0.004585285906
149624	0.005654557732
149625	0.004077542583
149626	0.00541058128
149627	0.008556860571
149628	0.003086664962
149629	0.004531971454
149630	0.003112660743
149631	0.004386615782
149632	0.001956384898
149633	0.0008585287899
149634	0.01109939568
149635	0.0003881761808
149636	0.006794401098
149637	0.004843460095
149638	0.002158608503
149639	0.003116228778
149640	0.001022797225
149641	0.005596060524
149642	0.008139899305
149643	0.005319366793
149644	0.0105079005
149645	0.001055727446
149646	0.002296629192
149647	0.0001938532832
149648	0.008121851359
149649	0.001200369354
149650	0.0005063382716
149651	0.004048829163
149652	0.002563749035
149653	6.454708671e-05
149654	0.009289697749
149655	0.002057792734
149656	0.01679695608
149657	0.001151869264
149658	0.007468012817
149659	0.007895315519
149660	0.01123035263
149661	0.002963023838
149662	0.005474306661
149663	0.0004066485276
149664	0.003624324216
149665	0.001382356586
149666	0.003701031503
149667	0.0007019197181
149668	0.001526275725
149669	0.004061062848
149670	0.003009785073
149671	0.005221540935
149672	0.01412607773
149673	0.001011150516
149674	0.002841996755
149675	0.001595049265
149676	0.004003076566
149677	0.002068594777
149678	0.001890582776
149679	0.006687863706
149680	0.006089816273
149681	0.001937829735
149682	0.007476958415
149683	0.003793925434
149684	0.00756598512
149685	0.002422561346
149686	0.006121212173
149687	0.006460986912
149688	0.002897952002
149689	0.00322661839
149690	0.01059164522
149691	0.003432786249
149692	0.00518514389
149693	0.004711190404
149694	0.003899990482
149695	0.003864410911
149696	0.0003602313244
149697	0.009213360412
149698	0.002155921944
149699	0.01307529296
149700	0.0004101133185
149701	0.004568982204
149702	0.001396219994
149703	0.006880482135
149704	0.005260229647
149705	0.001122665132
149706	0.001538324203
149707	0.002819102227
149708	0.006762961424
149709	0.00366968341
149710	0.001970250531
149711	0.007734472138
149712	0.009136366448
149713	0.003286273963
149714	0.002155800376
149715	0.0001181616959
149716	0.001424200185
149717	0.005636240135
149718	0.008777347261
149719	0.005110433505
149720	0.005601791749
149721	0.0005984654717
149722	0.009540067383
149723	0.003651983156
149724	0.000706032756
149725	0.002581615714
149726	0.01529415687
149727	0.002094058349
149728	0.0002438135398
149729	0.002417459145
149730	0.004077086315
149731	0.001182345861
149732	0.003380564777
149733	0.0006318106219
149734	0.0007985310359
149735	0.002707169883
149736	0.007113977979
149737	0.001760183882
149738	0.005616991851
149739	0.001051108754
149740	0.0007843346131
149741	0.00666828451
149742	0.002372281981
149743	0.009669538003
149744	0.02198078101
149745	0.001654027694
149746	0.005347114516
149747	0.002638084305
149748	0.008127009194
149749	0.0006162448304
149750	0.0008492489593
149751	0.004582004689
149752	0.003895168675
149753	0.01617448764
149754	0.002250520325
149755	0.001455537754
149756	0.001379208776
149757	0.000924989876
149758	0.004489359471
149759	0.02442621156
149760	0.008271182014
149761	0.008152055167
149762	0.006833863198
149763	0.004150865539
149764	0.008773870861
149765	0.009191117732
149766	0.004094558581
149767	0.006361792072
149768	0.009723173287
149769	0.01011590584
149770	0.004041091642
149771	0.002366801876
149772	0.005112238494
149773	0.00125894033
149774	0.008510123829
149775	0.004384094738
149776	0.008974363728
149777	0.002966468915
149778	0.01670982243
149779	0.004175770905
149780	0.005392847115
149781	0.003958142739
149782	0.01245928015
149783	0.0003174454533
149784	0.005129609829
149785	0.01657961551
149786	0.0002899766548
149787	0.005912227493
149788	0.002114408828
149789	0.0001700671646
149790	0.005558272396
149791	0.01007169716
149792	0.001064114493
149793	0.01130224858
149794	0.00447503905
149795	0.001581281232
149796	0.005806256299
149797	0.009630765824
149798	0.01011983225
149799	0.00542718018
149800	0.00317920557
149801	0.009599025425
149802	0.002094685895
149803	0.002533962003
149804	0.004282396794
149805	0.01186415152
149806	0.003939869197
149807	0.003660323437
149808	0.006940548488
149809	0.002854410053
149810	0.00179525739
149811	0.009636702412
149812	0.0003353727951
149813	0.01803748703
149814	0.001089346311
149815	0.004233822451
149816	0.007948818856
149817	0.01241823082
149818	0.0009563688528
149819	0.006844611077
149820	0.00346756839
149821	0.006942185961
149822	0.0003580768866
149823	0.005304004489
149824	0.003909623375
149825	0.004004065535
149826	0.0146068654
149827	0.00485523052
149828	0.003774399169
149829	0.002302630914
149830	0.006116443831
149831	0.01370941456
149832	0.002295266915
149833	0.003418668818
149834	0.002782614555
149835	0.003478489857
149836	0.01427678979
149837	0.006347285295
149838	0.01212208355
149839	0.0005781747809
149840	0.00225209095
149841	0.0009333910887
149842	0.01332474379
149843	0.008581418648
149844	0.006167397446
149845	0.001058159434
149846	0.000683064149
149847	0.0001624588953
149848	0.004568734543
149849	0.0009252823765
149850	0.002928339931
149851	0.001041261698
149852	0.005257583894
149853	0.01141135494
149854	0.00956927331
149855	0.0006106672633
149856	0.002883301091
149857	7.031891313e-05
149858	0.001059036673
149859	0.0008048653891
149860	0.003615176812
149861	0.0002536131397
149862	0.001307228414
149863	0.004742012422
149864	0.0009888241174
149865	0.003382687561
149866	0.001188683008
149867	0.001225724509
149868	0.002533164103
149869	0.002822196694
149870	0.002462819059
149871	0.0008005362169
149872	0.0009264266407
149873	0.004157367406
149874	0.004405127796
149875	0.004202959624
149876	0.001258194829
149877	0.005121418298
149878	0.0002269388645
149879	0.002856493171
149880	0.001862725763
149881	0.001631989561
149882	0.002545855713
149883	0.001170788396
149884	0.000913147953
149885	0.002490733912
149886	0.0007898503117
149887	0.001097704559
149888	0.0008660107032
149889	0.0008860719128
149890	0.005149306285
149891	0.002424079968
149892	0.003437607497
149893	0.003611151575
149894	0.01058556726
149895	0.002471840508
149896	0.001465801891
149897	0.01059713564
149898	0.008712362713
149899	0.01018027897
149900	0.0008022825073
149901	0.008433583332
149902	0.00255662948
149903	0.0007315908541
149904	0.001524828558
149905	0.008269582795
149906	0.003411599956
149907	0.000492756746
149908	0.0007972443185
149909	0.0006751887953
149910	0.004808461095
149911	0.001838591751
149912	0.001108564784
149913	0.004498060369
149914	0.002886299314
149915	0.008255885135
149916	0.003086009848
149917	0.001444583534
149918	0.0004015415714
149919	0.003805730875
149920	0.004999665492
149921	0.005603648243
149922	0.001612462603
149923	0.004037352384
149924	0.002243893545
149925	0.001636178862
149926	0.008225879782
149927	0.0003364866755
149928	0.003868944929
149929	0.01033773327
149930	0.000125281318
149931	0.004242497212
149932	0.008541127468
149933	0.006048133491
149934	0.007566221066
149935	0.007015935727
149936	0.0001796739615
149937	0.008588932545
149938	0.003172043176
149939	0.001029231151
149940	0.001675108163
149941	0.001870001429
149942	0.004115980521
149943	0.004757807838
149944	0.002672072354
149945	9.779462472e-05
149946	0.0005162789951
149947	0.01005378045
149948	0.00411381262
149949	0.00430251689
149950	0.006857043408
149951	0.003405234717
149952	0.007709977781
149953	0.0003137067437
149954	0.003360682124
149955	0.01146102375
149956	0.008550527539
149957	0.002201581294
149958	0.007725583028
149959	0.006299141838
149960	0.004481381336
149961	0.001583890799
149962	0.001697337219
149963	0.006779034077
149964	0.009201462248
149965	0.009674772669
149966	0.001664452832
149967	0.0006576710406
149968	0.002595700574
149969	0.00171981617
149970	0.003874728644
149971	0.00691202814
149972	0.005641343728
149973	0.005558256502
149974	0.008859307876
149975	0.0004927411802
149976	0.007763657337
149977	0.003171766608
149978	0.002067155317
149979	0.00239023493
149980	0.0002624755081
149981	0.005697664273
149982	0.001053030921
149983	0.001104624812
149984	0.001145221648
149985	0.0109529078
149986	0.003182046878
149987	0.001758750536
149988	0.007885240662
149989	0.006880331749
149990	0.002207796996
149991	0.01507325233
149992	0.01277902235
149993	0.0167007451
149994	0.005078695496
149995	0.0126724718
149996	0.01484335403
149997	0.0123259747
149998	0.006354601973
149999	0.01503142253
150000	0.01030352429
150001	0.01353544082
150002	0.00705149868
150003	0.001757104697
150004	0.004783608677
150005	0.0004393679853
150006	0.001389389378
150007	0.02064081075
150008	0.001261524254
150009	0.001447927674
150010	0.002179893611
150011	0.001128184646
150012	0.003429079996
150013	0.01277991744
150014	0.002384778086
150015	0.004732232398
150016	0.006832332837
150017	0.006983528533
150018	0.006398887675
150019	0.02623346753
150020	0.004712330578
150021	0.009161844752
150022	0.00957935388
150023	0.0009350727311
150024	0.01967774235
150025	0.003762843847
150026	0.01227718412
150027	0.01518886163
150028	0.004811027318
150029	0.02012716588
150030	0.002483431966
150031	0.0006760596732
150032	0.0002109298175
150033	0.003713100287
150034	0.000154776986
150035	0.01013372725
150036	0.0001002533073
150037	0.003738206894
150038	0.007733039183
150039	0.01081310946
150040	0.002041115474
150041	0.00278293958
150042	0.001209830133
150043	0.001395032595
150044	0.0001423418501
150045	0.004560103015
150046	0.002761233255
150047	0.0002007805911
150048	0.005754679004
150049	0.001358632718
150050	0.001975249519
150051	0.0002206233394
150052	0.006773306425
150053	0.02286735951
150054	0.001367684692
150055	0.003948867715
150056	0.001345576863
150057	0.001533362575
150058	0.000740960343
150059	0.00277976487
150060	0.0001809703044
150061	0.001057264719
150062	0.002026021423
150063	0.003653984238
150064	0.002164532641
150065	0.0002724151136
150066	0.001507605375
150067	0.008028789307
150068	0.003628295414
150069	0.003135200202
150070	0.005163382297
150071	0.005484866187
150072	0.0002126608017
150073	0.0005146426253
150074	0.009527303221
150075	0.003378470161
150076	0.001945216941
150077	0.001155359633
150078	0.001162456685
150079	0.001923171615
150080	0.000258043333
150081	0.002675021263
150082	0.0007954100782
150083	0.0002511815559
150084	0.0009372216196
150085	0.0007076294155
150086	0.005077775879
150087	0.002321935933
150088	0.0005982102356
150089	0.000959186372
150090	0.001984335668
150091	0.0007700855542
150092	0.009964249495
150093	0.003898388009
150094	0.002933232481
150095	0.003305906374
150096	0.003989573567
150097	0.00595357726
150098	0.002235643464
150099	0.004942290652
150100	0.0003147614687
150101	0.0008396100505
150102	0.001105390307
150103	0.0008057364067
150104	0.001057272068
150105	0.003480264574
150106	0.001179069097
150107	0.001892704711
150108	0.0009268012601
150109	0.004928377734
150110	0.009313158876
150111	0.002588101396
150112	0.0005971032872
150113	0.001266739958
150114	0.001854866995
150115	0.0008726552094
150116	0.002522476922
150117	0.004306580047
150118	0.000852900326
150119	0.006877996572
150120	0.006329661792
150121	0.01016352
150122	0.01382367042
150123	0.006330143426
150124	0.008386754048
150125	0.0004221541197
150126	0.003227570427
150127	0.007138019491
150128	0.001110003074
150129	0.007511001031
150130	0.0002392567565
150131	0.0008416617333
150132	0.00334057831
150133	0.00887758268
150134	0.00404035083
150135	0.002962398538
150136	0.004963900586
150137	0.002114902807
150138	0.0004384165094
150139	0.001419005896
150140	0.003696505562
150141	0.004435316393
150142	0.001736983514
150143	0.0007648192017
150144	0.0002163538051
150145	0.001912424161
150146	0.00602961747
150147	0.001305261505
150148	0.008429961964
150149	0.004616170953
150150	0.002913947054
150151	0.004790958494
150152	0.001228176819
150153	0.01228255636
150154	0.003154683737
150155	0.009330096915
150156	0.006233620237
150157	0.002979353849
150158	0.002373207339
150159	0.01087328234
150160	0.007728830577
150161	0.008204388075
150162	0.002509205537
150163	0.001134516365
150164	0.0008310072875
150165	0.002157350925
150166	0.0001184163114
150167	0.0104576676
150168	0.00146219755
150169	0.001470094127
150170	0.00432769458
150171	0.007428832294
150172	0.002456232571
150173	0.002269574063
150174	0.003722714159
150175	0.004099216163
150176	0.0003161770365
150177	0.009379487564
150178	0.001290558373
150179	0.01053767248
150180	0.004777991573
150181	0.0007299492536
150182	0.002832937293
150183	0.01378394806
150184	0.01427681139
150185	0.001413887804
150186	0.001276313666
150187	0.001449250077
150188	0.002613901279
150189	0.0105471682
150190	0.01582226963
150191	0.01061751596
150192	0.006287882447
150193	0.001026768648
150194	0.01253446569
150195	0.0058816204
150196	0.01080262336
150197	0.002225201355
150198	0.01659418934
150199	0.01008778663
150200	0.006895094048
150201	0.003711199111
150202	0.00974094929
150203	0.0002314935657
150204	0.01302923548
150205	0.0006416010397
150206	0.007377957947
150207	0.0001477109558
150208	0.004347234811
150209	0.008915295653
150210	0.004174381412
150211	0.006452388562
150212	0.002533902538
150213	0.0008345998718
150214	0.0001855551338
150215	0.0006295359399
150216	0.005392611808
150217	0.002062063142
150218	0.001585725939
150219	0.005458973752
150220	0.0213831288
150221	7.999381901e-05
150222	0.001708772963
150223	0.003966305531
150224	0.001846421523
150225	0.005059027782
150226	0.008873091084
150227	0.002822324686
150228	0.005408753735
150229	0.001236515543
150230	0.0006047712576
150231	0.006887396197
150232	0.003120241884
150233	0.002190402049
150234	0.004759862087
150235	0.01343341341
150236	0.01169291029
150237	0.002615294123
150238	0.006489176196
150239	0.004227565446
150240	0.002687670585
150241	0.001248357559
150242	0.00309528409
150243	0.002783828242
150244	0.003436643962
150245	0.006804251479
150246	0.004261826146
150247	0.007027334711
150248	0.01215543117
150249	0.002648681001
150250	0.006929499086
150251	0.001956655197
150252	0.006242326856
150253	0.004707080345
150254	0.003511635964
150255	0.00620670822
150256	0.01251188531
150257	0.009134612002
150258	0.0003982548146
150259	0.001156374133
150260	0.0151507077
150261	0.02374546314
150262	0.01065121425
150263	0.005709631955
150264	0.005763177018
150265	0.003470384737
150266	0.001401961843
150267	0.004843847567
150268	0.00239187593
150269	0.009201061643
150270	0.0007754674813
150271	0.003884740021
150272	0.004915297675
150273	0.001072184806
150274	0.02111334928
150275	0.0004887030979
150276	0.01174853426
150277	4.75043659e-05
150278	0.0007789570385
150279	0.003855339844
150280	0.003442992233
150281	0.002743466025
150282	0.009691686413
150283	0.00223834402
150284	0.00663565802
150285	0.01343048855
150286	0.003014018086
150287	0.001616947926
150288	0.0006889814226
150289	0.01579222091
150290	0.004550379715
150291	0.002981216366
150292	0.01907671748
150293	0.01274652083
150294	0.0003812560846
150295	0.009951977757
150296	0.006133402672
150297	0.01030021863
150298	0.004735843568
150299	0.005287043407
150300	0.005474526208
150301	0.003691928201
150302	0.005040348167
150303	0.006920247037
150304	0.01249274977
150305	0.005388799966
150306	0.01363987892
150307	0.001435218647
150308	0.007310160078
150309	0.002091844488
150310	0.002534973563
150311	0.0005621611647
150312	0.008301109284
150313	0.002581388296
150314	0.01534881265
150315	0.003219729203
150316	0.002674449939
150317	0.001120099763
150318	0.004231460585
150319	0.000511797775
150320	0.005749278862
150321	0.0004892733543
150322	0.01610197811
150323	0.0004141712742
150324	0.008615208215
150325	0.007299139969
150326	0.007587972742
150327	0.002992966717
150328	0.003222337546
150329	0.001418196781
150330	0.003334352631
150331	0.01194815534
150332	0.002256499035
150333	0.0003416252646
150334	0.003851497335
150335	0.0008704215455
150336	0.004328033129
150337	0.005398814958
150338	0.003304126788
150339	0.0007765614876
150340	0.0007581673079
150341	0.00111815541
150342	0.007519903926
150343	0.002628871908
150344	0.0005861685147
150345	0.0009935313976
150346	0.00171809984
150347	0.01041182516
150348	0.002429476041
150349	0.01298490834
150350	0.01650633093
150351	0.002051267575
150352	0.01031981824
150353	0.01077413415
150354	0.001600764285
150355	0.00836554541
150356	0.0005340324456
150357	0.006735169993
150358	0.004645256718
150359	0.004993167972
150360	0.01708418031
150361	0.001081883023
150362	0.004209480441
150363	0.002944794623
150364	0.003174165695
150365	0.009046603413
150366	0.002198522229
150367	0.001439738218
150368	0.008667212745
150369	0.001233910419
150370	0.002588831898
150371	0.002683702268
150372	0.002931810164
150373	0.008514608438
150374	0.003960631861
150375	0.001383461999
150376	0.008283837417
150377	0.01280010317
150378	0.01408290242
150379	0.00522756107
150380	0.002601278414
150381	0.002792287263
150382	0.003407237809
150383	0.004281889141
150384	0.006441357285
150385	0.009725400383
150386	0.003909495629
150387	0.001083557458
150388	0.005978524487
150389	0.0001994978224
150390	0.01032663443
150391	0.00725699725
150392	0.002112349418
150393	0.002092301928
150394	0.0009088646778
150395	0.005266998794
150396	0.001043295031
150397	0.008940582665
150398	0.004429622724
150399	0.0024796075
150400	0.003451860415
150401	0.0007424105007
150402	0.000434475738
150403	0.005182725007
150404	0.005142389576
150405	0.0001220178561
150406	0.0001484853658
150407	0.00734939821
150408	0.004067408477
150409	0.002232685488
150410	0.001368631308
150411	0.006319065369
150412	0.01043201055
150413	0.002503824777
150414	0.0001872502582
150415	0.001110380778
150416	0.01144485447
150417	0.01327138279
150418	0.003858761869
150419	0.005576147262
150420	0.00855014071
150421	0.005191478973
150422	0.007450588671
150423	0.0004871448063
150424	0.001241256027
150425	0.0008190181524
150426	0.0009216857323
150427	0.003515696961
150428	0.01102559197
150429	0.001533451019
150430	0.002575183876
150431	0.001973229727
150432	0.0001330870104
150433	0.005991584771
150434	0.002807722695
150435	0.0009296044701
150436	0.009806586225
150437	0.01575099224
150438	0.009815205841
150439	0.0007579967675
150440	0.002327134788
150441	0.00880362549
150442	0.001687258232
150443	0.007325184975
150444	0.01339560115
150445	0.004131827158
150446	0.001799399941
150447	0.0113252028
150448	0.001160363939
150449	0.0156961765
150450	0.00345440867
150451	0.00310929564
150452	0.002573603158
150453	0.01179490823
150454	0.006529657207
150455	0.006092447855
150456	0.002793960056
150457	0.0006603410713
150458	0.009098219837
150459	0.002904162408
150460	0.002967929815
150461	0.0007715705865
150462	0.007842698111
150463	0.00391045882
150464	0.002522131068
150465	0.001479369543
150466	0.006929689774
150467	0.00580162284
150468	0.0001196770651
150469	0.007500320988
150470	0.004259984121
150471	0.0001834819899
150472	0.0001623733358
150473	0.002613065343
150474	0.003825836006
150475	0.009158682281
150476	0.005577731807
150477	0.004111725422
150478	0.00529669984
150479	0.006122723986
150480	0.001668999972
150481	0.005701039814
150482	0.005301756605
150483	0.004094068556
150484	0.005350417474
150485	0.002930655494
150486	0.004364024023
150487	0.004690647296
150488	0.004076143097
150489	0.00498353859
150490	0.001643038746
150491	0.005013713445
150492	0.005305627355
150493	0.005369550643
150494	0.005415160519
150495	0.005347475481
150496	0.005448401379
150497	0.005643427878
150498	0.002320432312
150499	0.004512630047
150500	0.00505798114
150501	0.002616670456
150502	0.004970731268
150503	0.004699483339
150504	0.005243372765
150505	0.005084315715
150506	0.004126202844
150507	0.004873621238
150508	0.004280521038
150509	0.004574168638
150510	0.005485688621
150511	0.004804037273
150512	0.004181016157
150513	0.004952326692
150514	0.004702373577
150515	0.005321773818
150516	0.005312163409
150517	0.004975752121
150518	0.003939844451
150519	0.003969301641
150520	0.003996805236
150521	0.003539576475
150522	0.003877165494
150523	0.003309698512
150524	0.003759805938
150525	0.003628502934
150526	0.003590694556
150527	0.005256419902
150528	0.003557333467
150529	0.003398884959
150530	0.003875518225
150531	0.001889934516
150532	0.003419356427
150533	0.003459275744
150534	0.003022463717
150535	0.003334532172
150536	0.004012339956
150537	0.003523094699
150538	0.003518010904
150539	0.001125727862
150540	0.003506698531
150541	0.003727543459
150542	0.003864102376
150543	0.0033788149
150544	0.004205258197
150545	0.00239834089
150546	0.00358846689
150547	0.004047369843
150548	0.001353252878
150549	0.003426922113
150550	0.0001540393184
150551	0.002424882702
150552	0.008949487898
150553	0.01764224286
150554	0.002405178393
150555	0.007765197433
150556	0.004740493189
150557	0.0004767961228
150558	0.002019900835
150559	0.004533658329
150560	0.002077863104
150561	0.0006299183116
150562	0.000473935811
150563	0.003893831929
150564	0.005149661392
150565	0.01231558663
150566	1.822277794e-05
150567	0.0001272275244
150568	0.003789189866
150569	0.001182196911
150570	0.0006818654462
150571	0.002558779227
150572	0.001874143937
150573	0.01252575416
150574	0.0008066916418
150575	0.002364050797
150576	0.001130522798
150577	0.003246503477
150578	0.001104898749
150579	0.0003550365575
150580	0.001427440093
150581	0.004249273512
150582	0.004637386583
150583	8.223483389e-05
150584	0.005756411097
150585	0.005066733158
150586	0.003779165811
150587	0.0003243103993
150588	0.003866166202
150589	0.001594347057
150590	0.01142979086
150591	0.007957280071
150592	0.001833647547
150593	0.003111759753
150594	0.004907988123
150595	0.004618071487
150596	0.007413161426
150597	0.00448802927
150598	0.001128227267
150599	0.00112337988
150600	0.0009487452947
150601	0.002032420643
150602	0.002326507891
150603	0.007681451914
150604	0.00330932524
150605	0.005861611926
150606	9.586833739e-05
150607	0.004517926341
150608	0.002957955419
150609	0.0001475026331
150610	0.006579964373
150611	0.007643224274
150612	0.005514127147
150613	0.002535882755
150614	0.003802377028
150615	0.006536652012
150616	0.002862311638
150617	0.004035183055
150618	0.009079109994
150619	0.007341562337
150620	0.001758175881
150621	0.0006442429583
150622	0.001095809295
150623	0.01408004166
150624	0.01196818381
150625	0.00771986297
150626	0.01510381129
150627	0.006789617157
150628	0.002185239758
150629	0.003003024208
150630	0.003895841531
150631	0.001358166979
150632	0.009358555724
150633	0.02403843033
150634	0.008713399135
150635	0.0004134845775
150636	0.004404495888
150637	0.007757173565
150638	0.003973286111
150639	0.000477655167
150640	0.001698653599
150641	0.0008227617513
150642	6.797334623e-05
150643	0.003262138963
150644	0.001625310754
150645	0.002399242998
150646	0.0001593405506
150647	0.00133077133
150648	0.006296847461
150649	0.00142073434
150650	0.002667038123
150651	0.006735063183
150652	0.01193958048
150653	6.583165864e-05
150654	0.01119829807
150655	0.01382595636
150656	0.00212269377
150657	0.0005363633873
150658	0.006599859707
150659	0.004412153903
150660	0.008535421004
150661	0.01187831259
150662	0.01452198561
150663	0.004667714239
150664	0.003731013761
150665	0.008648057801
150666	0.01196163727
150667	0.0002679875928
150668	0.01117144217
150669	0.001284982126
150670	0.009661607072
150671	0.005967123026
150672	0.004667137736
150673	0.001014081307
150674	0.008014756874
150675	0.008233917137
150676	0.004763309467
150677	0.003442458411
150678	0.01184404003
150679	0.0009662989756
150680	0.006176802108
150681	0.002346777557
150682	0.01389121877
150683	0.004567658087
150684	0.004292160707
150685	0.003809502987
150686	0.01030941154
150687	0.004382450434
150688	0.004539914304
150689	0.001025937197
150690	0.0003153193569
150691	0.004759848001
150692	0.01265807383
150693	0.007500365903
150694	0.006361026382
150695	0.004397433263
150696	0.002331673766
150697	0.0003811906473
150698	0.0003335559636
150699	0.01261044841
150700	0.008760746712
150701	0.008913777829
150702	0.0007416186774
150703	0.006147853986
150704	0.005757867869
150705	0.004771021519
150706	0.0027544905
150707	0.001474096791
150708	0.002440396904
150709	0.005829093458
150710	0.004104829683
150711	0.01048669843
150712	0.001280788706
150713	0.01454504741
150714	0.001753813699
150715	0.003881397747
150716	0.0005784486096
150717	0.008638805646
150718	0.01500531716
150719	0.00459084583
150720	0.005171830964
150721	0.009191159749
150722	0.005628446478
150723	0.008171790885
150724	0.0006931026017
150725	0.004400655368
150726	0.008662975266
150727	0.006168242801
150728	0.01921323354
150729	0.006587108933
150730	0.00619859725
150731	0.002439407697
150732	0.001548475347
150733	0.01416832866
150734	0.00231858354
150735	0.002960876986
150736	0.001176588364
150737	0.001483867445
150738	0.001004879707
150739	0.009304720466
150740	0.006568956423
150741	0.003434537897
150742	0.00343110088
150743	0.004979191617
150744	0.001174381687
150745	0.006299272092
150746	0.0005960483183
150747	0.001200508696
150748	0.003755896789
150749	0.0009300250767
150750	0.009249331024
150751	0.007572435604
150752	0.01713125943
150753	0.0009727277129
150754	0.003062921335
150755	0.003032696716
150756	0.003400100103
150757	0.003689020991
150758	0.003155635152
150759	0.003179543787
150760	0.001386767491
150761	0.001712405443
150762	0.003201880165
150763	0.01338804111
150764	0.002341831883
150765	0.003352302619
150766	0.003130007263
150767	0.003268494433
150768	6.385266109e-05
150769	0.002457961591
150770	0.005678198116
150771	0.01371183683
150772	0.01008578067
150773	0.005521439789
150774	0.002417909917
150775	0.00979190098
150776	0.001845307572
150777	0.001562876496
150778	0.005219112635
150779	0.00457151521
150780	0.01158458285
150781	0.006601636568
150782	0.004960175933
150783	0.005698607807
150784	0.00461650238
150785	0.002054095337
150786	0.0008573887973
150787	0.001288893904
150788	0.01050654987
150789	0.006590562065
150790	0.008691585631
150791	0.002085621637
150792	0.009198124383
150793	0.001116244816
150794	0.0005849330694
150795	0.008141305197
150796	0.00138741722
150797	0.002214648771
150798	0.003556496879
150799	0.0005728244867
150800	0.004260897066
150801	0.001388063116
150802	0.001231050938
150803	0.003709342248
150804	0.002265116922
150805	0.008203644736
150806	0.003072818795
150807	0.004050465288
150808	0.001017812858
150809	0.01695596565
150810	0.001335890175
150811	0.003175967464
150812	0.001703962829
150813	0.01666272797
150814	0.01783100525
150815	0.008154496016
150816	0.006852721274
150817	0.000649705089
150818	0.01294734045
150819	0.01309508116
150820	0.007813508201
150821	0.002696576547
150822	0.02604532095
150823	0.004665573623
150824	0.01905342184
150825	0.001136814884
150826	0.01843583086
150827	0.005177523711
150828	0.001680850301
150829	0.008920919317
150830	0.009102360307
150831	0.005605148895
150832	0.001955064241
150833	0.001652074911
150834	0.001013494697
150835	0.0115465786
150836	0.002057676544
150837	0.01202408727
150838	0.0001197003035
150839	0.00462471617
150840	0.01299179811
150841	0.005984872107
150842	0.006826380132
150843	0.003974503693
150844	0.004977232845
150845	0.003044860424
150846	0.0003811906473
150847	0.006948585482
150848	0
150849	0.02602032993
150850	0.00107975715
150851	0.009459838624
150852	0.005613610037
150853	0.003552918694
150854	0.005107897815
150855	0.007590688837
150856	0.007547561037
150857	0.000999752175
150858	0.003359407578
150859	0.002484381747
150860	0.003948221568
150861	0.0008133484201
150862	0.007527535311
150863	0.0004510610822
150864	0.005047544014
150865	0.002857808349
150866	0.004788329727
150867	0.01002708137
150868	0.0001622543932
150869	0.004189243448
150870	0.01324561261
150871	0.0003232816279
150872	0.00290328793
150873	0.0007340140036
150874	0.002421948427
150875	0.006083922166
150876	0.002739560386
150877	0.001940020337
150878	0.00388788957
150879	0.01733896042
150880	0.00161263202
150881	0.005042361285
150882	4.308520863e-05
150883	0.0008205877451
150884	0.01145336723
150885	0.002122302401
150886	0.006990652888
150887	0.002682088574
150888	0.0175117945
150889	0.01264689529
150890	0.01365711777
150891	0.01306496391
150892	0.01724126512
150893	0.006715069209
150894	0.007664967206
150895	0.001653499407
150896	0.00146368431
150897	0.002971662233
150898	0.0002627743373
150899	0.00766924494
150900	0.01023002072
150901	0.01119233629
150902	0.006068765167
150903	0.004391831422
150904	0.007566719189
150905	0.002019944469
150906	0.009123929328
150907	0.003928061292
150908	0.005068768557
150909	0.002523017039
150910	0.006712691661
150911	0.01143342523
150912	0.005179660834
150913	0.007406379238
150914	0.009121996027
150915	0.0034679449
150916	0.001302726006
150917	0.007696735079
150918	0.0004679811631
150919	0.003609907954
150920	0.01096931899
150921	0.01142149918
150922	0.001367233025
150923	0.003132105069
150924	0.005012159379
150925	0.00513917773
150926	0.007012767966
150927	0.009770004077
150928	0.001371798696
150929	0.0150128649
150930	0.01148746807
150931	0.01549116393
150932	0.01075533733
150933	0.0007732326996
150934	0.007119694818
150935	0.004703296641
150936	0.0008613978191
150937	0.0107136886
150938	0.003162862332
150939	0.001715399095
150940	0.005574231453
150941	0.0006234749955
150942	0.008459222939
150943	0.002497577295
150944	0.005013875374
150945	0.005385504302
150946	0.008429717875
150947	0.005472510871
150948	0.01893671507
150949	0.002291670414
150950	0.01437791022
150951	0.0002459907359
150952	0.001107987453
150953	0.00505477902
150954	0.001236369796
150955	0.003763332074
150956	0.003030925067
150957	0.0008493321773
150958	0.01131046653
150959	0.00160738344
150960	0.003217719001
150961	0.006996523206
150962	0.0108889334
150963	0.0009639468485
150964	0.004027833181
150965	0.0007941066157
150966	0.003352468725
150967	0.001199228591
150968	0.01289344582
150969	0.001072624229
150970	0.00645244023
150971	0.001434138212
150972	0.0001128374262
150973	0.01732421054
150974	0.003627641487
150975	0.01758807279
150976	0.008682583752
150977	0.002262444593
150978	0.0006196343968
150979	0.00681501273
150980	0.008721835074
150981	0.003896840378
150982	0.001099384239
150983	0.008122920418
150984	0.002815433886
150985	0.005517153455
150986	0.002677025747
150987	0.008878540694
150988	0.006321940618
150989	0.0107675485
150990	0.005955382476
150991	0.000845388193
150992	0.000338415876
150993	0.005116170433
150994	0.00271026903
150995	0.003701481525
150996	0.004702689272
150997	0.004842532288
150998	0.006477736496
150999	0.002664296974
151000	0.001082698883
151001	0.006914886281
151002	0.001908407671
151003	0.005765293353
151004	0.0003543980811
151005	0.003901852325
151006	0.002667883615
151007	0.0001899550727
151008	0.004020588003
151009	0.002287597629
151010	0.007447270537
151011	0.01154546506
151012	0.001730531747
151013	0.003121384893
151014	0.0005077649512
151015	0.00939599923
151016	0.008717475426
151017	0.008169690777
151018	0.0009437296777
151019	5.130199712e-05
151020	0.0008964086916
151021	0.0009558731649
151022	0.01163064049
151023	0.002770179146
151024	0.03342392488
151025	0.004855985371
151026	0.006198770672
151027	0.00391590425
151028	0.0007980435964
151029	0.004230610124
151030	0.00242640417
151031	0.006990581051
151032	0.007095743453
151033	0.001755747255
151034	0.005739911617
151035	0.007096208525
151036	0.003050327222
151037	0.002369253537
151038	0.0115702726
151039	0.003445527722
151040	0.003438111169
151041	0.003775053623
151042	0.007270571415
151043	0.001779057862
151044	0.009540896794
151045	0.01737219643
151046	0.004494683211
151047	0.003794084446
151048	0.002363689837
151049	0.002661410452
151050	0.0002759638237
151051	0.003814454192
151052	0.008456073417
151053	0.00109456369
151054	0.003349289311
151055	0.01293671568
151056	0.001483250922
151057	0.008718154967
151058	0.00358683746
151059	0.004609983137
151060	0.004239108483
151061	0.008558074234
151062	0.01253365986
151063	0.007223420264
151064	0.004968303247
151065	0.004823430333
151066	0.003529420601
151067	0.01004259639
151068	0.002928110372
151069	0.004908577948
151070	0.002858288368
151071	0.004961548134
151072	0.001663315478
151073	0.006267777146
151074	0.009183964498
151075	0.00332472574
151076	0.002997960192
151077	0.008819556936
151078	0.01230050986
151079	0.006477960773
151080	0.009768971887
151081	0.0153993088
151082	0.0005637473821
151083	0.01124235145
151084	0.001797750412
151085	0.005001817652
151086	0.0007083990548
151087	0.006374506109
151088	0.008290627072
151089	0.003207191196
151090	0.002409901748
151091	0.01005983015
151092	0.002450541203
151093	0.002392240312
151094	0.01592833798
151095	0.009283072804
151096	0.005472824702
151097	0.003976660097
151098	0.004602703584
151099	0.00268613677
151100	0.01042581846
151101	0.0001236860077
151102	0.00639529184
151103	0.003262349777
151104	0.007804252068
151105	0.003091013496
151106	0.0001307171085
151107	0.003485505509
151108	0.002434640687
151109	0.009520008574
151110	0.005753671113
151111	0.00122429884
151112	0.0009055417279
151113	0.002555650019
151114	0.01332864025
151115	0.0001517625735
151116	0.002182998699
151117	0.006627908557
151118	0.001315204547
151119	0.001605550989
151120	0.0005734535373
151121	0.002263999909
151122	0.006873080724
151123	0.009654812279
151124	0.004395064637
151125	0.002250912306
151126	0.003020630732
151127	0.001724565727
151128	0.005899897674
151129	0.006622673346
151130	0.009650030286
151131	0.006753566144
151132	0.0007385695208
151133	0.005076960327
151134	0.008670621289
151135	0.01304207376
151136	0.006853739285
151137	0.003661041538
151138	0.0004573582783
151139	0.006528090915
151140	0.0002033068939
151141	0.008638929179
151142	0.0005724793697
151143	0.005859847996
151144	0.009738475929
151145	0.002045065987
151146	0.003964948877
151147	0.0001311531602
151148	0.001877499976
151149	0.00127802732
151150	0.007719847605
151151	0.008002108536
151152	0.001931111714
151153	0.01100121009
151154	0.003092158409
151155	0.01066633652
151156	0.002034127933
151157	0.001807103962
151158	0.001718204877
151159	0.005204347511
151160	0.003893603068
151161	0.002506712493
151162	0.001370285094
151163	0.005984868795
151164	0.008705327603
151165	0.007197333974
151166	0.003998528667
151167	0.004856406679
151168	0.002999569392
151169	0.004255804781
151170	0.002550599722
151171	0.001311401949
151172	0.002287918165
151173	9.33114569e-05
151174	0.00265229762
151175	0.008321901018
151176	0.002090645136
151177	0.002926303323
151178	0.002414392107
151179	0.0005653826517
151180	0.007779241562
151181	0.006171334582
151182	0.00204959524
151183	0.005132182958
151184	0.009156208222
151185	0.007104635766
151186	0.001713198312
151187	9.420649528e-05
151188	0.001093835532
151189	0.006291777194
151190	0.008932275734
151191	0.005381769227
151192	0.008100662442
151193	0.002220471085
151194	0.005611497054
151195	0.005108760813
151196	0.008489737187
151197	0.0004249339034
151198	0.01847970516
151199	0.005865383122
151200	0.0006356636679
151201	0.0002153600652
151202	0.003479529826
151203	0.00516558489
151204	0.0004468921489
151205	0.002488354349
151206	0.004009180422
151207	0.002788610856
151208	0.007834873601
151209	0.008477934219
151210	0.001946205916
151211	0.0005313973915
151212	0.007650917866
151213	0.007223525681
151214	0.0009750963001
151215	0.00328471946
151216	0.002259416259
151217	0.001908749329
151218	0.009664386527
151219	0.003106023745
151220	0.0100363226
151221	0.01638611891
151222	0.009823030483
151223	0.00422708166
151224	0.003823281687
151225	0.003972002969
151226	0.009330766035
151227	0.0001781039775
151228	0.0003683257676
151229	0.0008700677105
151230	0.009194161142
151231	0.006908066554
151232	0.01252326239
151233	0.003544063348
151234	0.01415187125
151235	0.01801798839
151236	0.008339651907
151237	0.005943350924
151238	0.0003969473816
151239	0.0009883206223
151240	0.0003542910077
151241	0.0005084208041
151242	0.000708169404
151243	0.004185839877
151244	0.007475673261
151245	0.00291862617
151246	0.02134474872
151247	0.007730999937
151248	0.00148794713
151249	0.001479411728
151250	0.006583650887
151251	0.002707380468
151252	0.0100873946
151253	0.0008961240715
151254	0.002792841815
151255	0.001589107576
151256	0.000187566491
151257	0.01456874584
151258	0.002807727108
151259	0.0002590305942
151260	0.007878820941
151261	0.009462838424
151262	0.008050993702
151263	0.0009514416252
151264	0.003145295609
151265	0.0006918467808
151266	0.001384137482
151267	0.004620395351
151268	0.00610847585
151269	0.006388446699
151270	0.001028630392
151271	0.002792614097
151272	0.002492831269
151273	0.009033937029
151274	0.0001717560447
151275	0.0003579806765
151276	0.0008521009649
151277	0.0001419427403
151278	1.606971161e-06
151279	0.007795828307
151280	0.0004009402291
151281	0.0001002475036
151282	0.0002137533979
151283	0.002305357598
151284	0.01058882069
151285	0.001603326146
151286	0.002090013046
151287	0.001336724701
151288	0.002591946416
151289	0.0003316305874
151290	0.002469529136
151291	0.0002057304902
151292	0.001599477256
151293	0.0008396827527
151294	0.0001280235526
151295	0.002395226317
151296	0.002441225328
151297	0.0005605451156
151298	0.0007570586486
151299	0.001457047132
151300	0.006132126061
151301	0.002438974709
151302	0.001170083251
151303	0.001401486178
151304	0.00162405093
151305	0.001914980647
151306	0.001347744442
151307	0.002187416596
151308	0.001680894612
151309	0.0001410807232
151310	0.0005995025519
151311	0.003745267779
151312	0.004270837388
151313	0.01110981399
151314	0.001600761846
151315	0.004641421168
151316	0.008263092828
151317	0.001902541974
151318	0.006703021752
151319	0.0003016873056
151320	0.0007968443656
151321	0.0004659675242
151322	0.003052038725
151323	0.0019927965
151324	0.004165942571
151325	0.003828041606
151326	0.0004257265319
151327	0.002154181051
151328	0.0001646508917
151329	0.0001647900991
151330	0.0007355485445
151331	0.003031295695
151332	0.00373742305
151333	0.004068556764
151334	0.004167741259
151335	0.004410030354
151336	3.71126133e-05
151337	0.003783844776
151338	0.000525290976
151339	0.001812025486
151340	0.002890115654
151341	0.003838843351
151342	0.007165299326
151343	0.00543026529
151344	0.006131169644
151345	0.004298483566
151346	0.0006956373934
151347	0.006039214772
151348	0.002102604513
151349	0.0005607089414
151350	0.00264616203
151351	0.001823324691
151352	0.00160805248
151353	0.001284543992
151354	0.001087022522
151355	0.003234333584
151356	0.002423435915
151357	0.001183732976
151358	0.003641552036
151359	0.000214475972
151360	0.002713173682
151361	0.003148338579
151362	0.00158627612
151363	0.0001354207385
151364	0.002416660336
151365	0.000464479271
151366	0.0008744685179
151367	0.000547527706
151368	0.00110734368
151369	0.001353136562
151370	0.01398261714
151371	0.001053812609
151372	0.007840030314
151373	0.003296808424
151374	0.00280220497
151375	0.005424885578
151376	0.0001318707644
151377	0.004392504387
151378	0.002024129412
151379	0.001834423157
151380	0.002069522582
151381	0.00876395923
151382	0.001573606001
151383	0.01828866485
151384	0.0004213185543
151385	0.003824263469
151386	0.01207406899
151387	0.007862930518
151388	0.002146985714
151389	0.006547587696
151390	0.003542645815
151391	0.009815285273
151392	1.475789116e-06
151393	0.006725006091
151394	0.02099745295
151395	0.001268756024
151396	0.0004639338933
151397	0.001284648036
151398	0.00291847074
151399	0.003194765859
151400	0.002513649991
151401	0.0002570979251
151402	0.004959701488
151403	0.01315583158
151404	0.003737548297
151405	0.009351948887
151406	0.002414004545
151407	0.01472758414
151408	0.005470937322
151409	0.001094239282
151410	0.0001355095015
151411	0.004253170469
151412	0.004360859828
151413	0.005897976923
151414	7.620799095e-07
151415	0.004910015451
151416	0.00358396731
151417	0.002337491198
151418	0.0018434632
151419	8.627294818e-05
151420	0.000434300811
151421	0.003489075391
151422	0.0008755065856
151423	0.004305818189
151424	0.0101567197
151425	0.001981441551
151426	0.001105162199
151427	0.001314830887
151428	0.008879908577
151429	0.01187081457
151430	0.01591377609
151431	0.002588235856
151432	0.009512035134
151433	0.008192315887
151434	7.574268097e-05
151435	0.003165616266
151436	0.005004231093
151437	0.006443361228
151438	0.01125710118
151439	0.001724136245
151440	0.01379202707
151441	0.001144891715
151442	0.003485651437
151443	0.002154237223
151444	0.00122491606
151445	0.002316214539
151446	0.008060513116
151447	0.001669560215
151448	0.005632891235
151449	0.006589706586
151450	0.002158624191
151451	0.003411512097
151452	0.006949255239
151453	0.002002394086
151454	0.000516174571
151455	0.005080631177
151456	0.004623850538
151457	0.00160535209
151458	0.001180374195
151459	0.002790734175
151460	0.0002056567568
151461	0.001968151882
151462	0.002536502
151463	0.003364172468
151464	0.001290322191
151465	0.001765893647
151466	0.002093628681
151467	0.007396221422
151468	0.00870390656
151469	0.0003037679355
151470	0.0131541882
151471	0.001416929821
151472	0.009176440962
151473	0.003212871255
151474	0.01330135799
151475	0.001279179021
151476	0.00873967855
151477	0.006191785079
151478	0.003885705707
151479	0.01267210939
151480	0.002309946041
151481	0.0004793622756
151482	0.006019028036
151483	0.0006910659015
151484	0.001023561911
151485	0.0006598673057
151486	0.01547129468
151487	0.002173469277
151488	0.001350236145
151489	0.003505645488
151490	0.002802612534
151491	0.0003835771783
151492	0.002751406208
151493	0.0002008805371
151494	0.005750275119
151495	0.001645906223
151496	0.003051554578
151497	0.001099058592
151498	0.001097300369
151499	0.001895579656
151500	0.003172902783
151501	0.0002426148731
151502	0.0008196827407
151503	0.000584642014
151504	0.002003444514
151505	0.002527602784
151506	0.005033984328
151507	0.005730118811
151508	0.003776280953
151509	0.0001760584414
151510	0.002523067952
151511	0.001606909577
151512	0.005690136913
151513	0.006662979204
151514	0.003674581482
151515	0.01186788199
151516	0.0009632744973
151517	0.001351134138
151518	0.004340560906
151519	0.005772790565
151520	0.0007088923583
151521	0.003996768964
151522	0.005905342292
151523	0.002012170756
151524	0.002020539451
151525	0.002984364317
151526	0.01030896388
151527	0.004861551668
151528	0.003504839841
151529	0.01554139726
151530	0.00168014764
151531	0.008417730321
151532	0.008178987814
151533	0.009166940774
151534	0.003092093002
151535	0.007137801506
151536	0.005973202835
151537	0.006701429872
151538	0.002321280755
151539	0.001763491506
151540	0.008989858688
151541	0.002744862435
151542	0.007174741484
151543	0.006369183662
151544	0.001829152398
151545	0.002192852704
151546	0.007823530515
151547	0.006252883376
151548	0.0006073934324
151549	0.002913035434
151550	0.002165136
151551	0.008610516099
151552	0.003257899288
151553	0.002219863663
151554	0.001775926439
151555	0.002423550713
151556	0.009926746978
151557	0.0005242082934
151558	0.002930333923
151559	0.006386563725
151560	0.003765275517
151561	0.008913779176
151562	0.01000176307
151563	0.003337432674
151564	0.0009236272845
151565	0.002910236299
151566	0.0003725011771
151567	0.005477721672
151568	0.005516855988
151569	0.001263430652
151570	0.008026940042
151571	0.002988575673
151572	0.001183163647
151573	0.008011654033
151574	0.0005248397606
151575	0.002979527299
151576	0.003119345083
151577	0.005260917895
151578	0.002426395835
151579	0.001046699411
151580	0.002913237868
151581	0.002468525126
151582	0.007690825317
151583	0.007434454632
151584	0.003211660592
151585	0.00538563515
151586	0.001630604978
151587	0.007889963305
151588	0.02393019127
151589	0.0004745534073
151590	0.008668754744
151591	0.004520842128
151592	0.009464997908
151593	0.004952283724
151594	0.00487797299
151595	0.0001174928796
151596	0.003039733052
151597	0.01303364481
151598	0.01171423433
151599	0.00628536634
151600	0.002924784117
151601	0.005380697341
151602	0.008878949199
151603	0.002832418625
151604	0.008662847847
151605	0.002518095138
151606	0.003362684085
151607	0.003332470976
151608	0.005734101069
151609	0.003488208071
151610	0.00655752604
151611	0.004071029102
151612	0.00567246426
151613	0.0040925435
151614	0.004163655616
151615	0.01167021312
151616	0.007829092053
151617	0.01472454892
151618	0.00104518297
151619	0.00409880223
151620	0.002917660578
151621	0.008441859682
151622	0.005822456036
151623	0.004635101981
151624	0.003246493175
151625	0.008644932729
151626	0.009919243773
151627	0.00686370858
151628	0.002028519911
151629	0.001198372991
151630	0.00648728975
151631	0.001160710149
151632	0.01107931559
151633	0.002859044243
151634	0.0006604237282
151635	0.004855051406
151636	0.002679415942
151637	0.003016750501
151638	0.002962318807
151639	0.001607491006
151640	0.003115452658
151641	0.006221512599
151642	0.002230020416
151643	0.01129960352
151644	0.004412494871
151645	0.00536539716
151646	0.01210439091
151647	0.006264742758
151648	0.005958735566
151649	0.00445192862
151650	0.01366061294
151651	0.003815242206
151652	0.0008848341773
151653	6.080196625e-06
151654	0.000872119799
151655	0.00740725099
151656	0.0002081385497
151657	0.001036482159
151658	0.01255713573
151659	0.005951662148
151660	0.002084698392
151661	0.006249764654
151662	0.004429005719
151663	0.008207572772
151664	0.001672976336
151665	0.01636145401
151666	0.006788442228
151667	0.001249209747
151668	0.0004218459442
151669	9.100436674e-05
151670	0.009185019855
151671	0.00960984217
151672	0.003514223781
151673	0.001440240998
151674	0.006244269443
151675	0.00733661672
151676	0.004321717801
151677	0.00279215225
151678	0.001101027159
151679	0.005543348134
151680	0.008777549034
151681	0.001457208531
151682	0.005056193232
151683	0.00816181264
151684	0.004912146224
151685	0.00265506406
151686	0.007950114488
151687	0.005498613265
151688	0.0006725158266
151689	0.002274308631
151690	0.006491946902
151691	0.002985625838
151692	0.005981992718
151693	0.0009932491241
151694	0.00413250278
151695	0.004765780212
151696	0.008107894506
151697	0.002696394356
151698	0.01115595937
151699	0.003318115619
151700	0.00290506845
151701	0.01335156495
151702	0.0009320618513
151703	0.00629578247
151704	0.004569267186
151705	0.00452701817
151706	0.0177003336
151707	0.001914167078
151708	0.004589543436
151709	0.003724087549
151710	0.01375865224
151711	0.001088329421
151712	0.007263654226
151713	0.005790513536
151714	0.006273407168
151715	0.003205351948
151716	0.008714392296
151717	0.000298249706
151718	0.005472478508
151719	0.005926966726
151720	0.00188196124
151721	0.002440722178
151722	0.00384712224
151723	0.006289212337
151724	0.001569108301
151725	0.009947548313
151726	0.0001143469143
151727	0.00546081574
151728	0.0008981459447
151729	0.003223509689
151730	0.008644094792
151731	0.001273111092
151732	0.002871888617
151733	0.007125591998
151734	0.005986106242
151735	0.0008791857303
151736	0.006028882112
151737	0.01124711136
151738	0.01016758916
151739	0.001046832613
151740	0.01328058791
151741	0.00255217091
151742	0.01146722321
151743	0.005065003964
151744	0.01071414387
151745	0.006004165627
151746	0.006428452407
151747	0.002134801948
151748	0.01334073824
151749	0.001795766408
151750	0.001862157496
151751	0.01572489089
151752	0.001376487681
151753	0.007965847627
151754	0.01072503312
151755	6.414630929e-05
151756	0.00519469467
151757	0.001976032376
151758	0.005840076503
151759	0.001314495103
151760	0.004409414263
151761	0.009189148747
151762	0.005613330795
151763	0.00211823697
151764	0.005849556134
151765	0.00256092515
151766	0.005837696074
151767	0.002851275302
151768	0.01241933436
151769	0.001242546267
151770	0.007646383582
151771	4.779618012e-05
151772	0.004203451203
151773	0.001331172133
151774	0.009560074682
151775	0.0010581645
151776	0.006361208521
151777	0.003114574146
151778	0.0007617167606
151779	0.0002042741478
151780	0.001007134302
151781	0.0001401161543
151782	0.00117938939
151783	0.0001167731495
151784	0.001225075803
151785	0.001084588305
151786	0.001009999408
151787	0.001712866747
151788	8.979489926e-05
151789	0.002818591321
151790	0.000798462174
151791	0.000779999613
151792	0.001376318312
151793	0.001403011903
151794	0.001397835501
151795	0.001884713512
151796	0.002660967158
151797	0.0009340594786
151798	0.001445828155
151799	6.966440748e-05
151800	0.0007046006112
151801	0.001225450855
151802	0.001191934652
151803	0.001031766914
151804	0.000757728804
151805	0.004023102127
151806	0.0006487084051
151807	0.0009287098812
151808	0.001723182186
151809	0.0007839762067
151810	0.0004270970866
151811	0.0003776934488
151812	0.0001432147709
151813	0.0005366610209
151814	0.002899027999
151815	0.0002052141707
151816	0.0008046297485
151817	0.004096221413
151818	0.001681350024
151819	0.000507670424
151820	0.0008206408486
151821	0.001493909476
151822	0.0007517515667
151823	4.094701794e-05
151824	0.0006453994149
151825	0.0008972695095
151826	0.00232940522
151827	0.00034792926
151828	0.0008416878389
151829	0.00404247991
151830	0.001181020095
151831	0.0003055191738
151832	0.001422481576
151833	0.001774028455
151834	0.001360917747
151835	0.0006757266061
151836	0.001255331652
151837	0.0005825701511
151838	0.0006287715984
151839	0.001006663894
151840	0.000686403134
151841	0.0006975760917
151842	0.0006535978385
151843	0.001719200135
151844	0.001353411201
151845	7.023768829e-06
151846	0.004272359984
151847	0.001297697749
151848	0.001208529121
151849	0.002469436349
151850	0.0007936428597
151851	0.001059289557
151852	0.001840095153
151853	0.001259308006
151854	0.000759188159
151855	0.0006901206303
151856	0.0009350240048
151857	0.003502816781
151858	0.001603840483
151859	0.00106266566
151860	0.0009074875951
151861	0.0006417083108
151862	0.0001708687985
151863	0.006626770132
151864	0.005324469126
151865	0.002117153451
151866	0.0002933677801
151867	0.01234607023
151868	0.005693873499
151869	7.34821292e-05
151870	0.003526305907
151871	0.006923702307
151872	0.0003399638772
151873	0.003057281542
151874	0.008065982444
151875	0.0005330804251
151876	0.01203027563
151877	0.003780612149
151878	0.003774401864
151879	0.004152076826
151880	0.005464527167
151881	0.0002487678382
151882	0.0009132552708
151883	0.004773009349
151884	0.001210758108
151885	0.007849285797
151886	0.003963343728
151887	0.004383813727
151888	0.006275653029
151889	0.003122155519
151890	0.007469230262
151891	0.01024364732
151892	0.004966745999
151893	0.002788180722
151894	0.001767575929
151895	0.005316663148
151896	0.001489709054
151897	0.0006768168833
151898	0.0003063220666
151899	0.003698771347
151900	0.001047751608
151901	0.0005540775032
151902	0.006541202926
151903	0.004359975905
151904	0.001718944302
151905	0.005506279515
151906	0.006143681491
151907	0.0134983952
151908	0.01864253947
151909	0.01126949596
151910	0.0004880227832
151911	0.0002959037634
151912	0.000314495306
151913	0.00328593565
151914	0.0008171482333
151915	0.005420226607
151916	0.002455193365
151917	0.001290331043
151918	0.0004109835648
151919	0.001732049511
151920	0.01318905862
151921	0.007722111052
151922	0.005489878462
151923	0.009648623497
151924	0.001638532157
151925	0.0008650122704
151926	0.003846410096
151927	0.0002232474912
151928	0.006000481594
151929	0.005393324572
151930	0.002868079953
151931	0.005066356439
151932	0.000946167498
151933	0.009388937694
151934	5.688727926e-05
151935	0.006171817059
151936	0.005407193637
151937	0.009425636347
151938	0.006213726757
151939	0.0002224387112
151940	0.003279153922
151941	0.001109039351
151942	0.007015887918
151943	0.00411214317
151944	0.006245309217
151945	0.003920068025
151946	0.00538228964
151947	0.01889357091
151948	0.005174642365
151949	0.006140869026
151950	0.003515388834
151951	0.002751537343
151952	0.003844965245
151953	0.002484231516
151954	0.0008061034883
151955	0.003570500711
151956	0.007530213317
151957	0.001299397441
151958	0.0008610849264
151959	0.006528390872
151960	8.746121624e-05
151961	0.002717812203
151962	0.001328438294
151963	0.002434800717
151964	0.0009406048382
151965	0.007757351542
151966	0.002108506817
151967	0.003052455017
151968	0.001301477395
151969	0.0068426677
151970	0.007313491683
151971	0.002233880833
151972	0.005898066984
151973	0.0004572996817
151974	0.005758663486
151975	0.001207066673
151976	0.003793047996
151977	0.005457777138
151978	0.0001267337789
151979	0.01109923112
151980	0.0104039271
151981	0.001648103563
151982	0.005975518585
151983	0.0006665008975
151984	0.002450925308
151985	0.008602226422
151986	0.0009664404344
151987	0.005016835018
151988	0.005654362082
151989	0.001410510512
151990	0.007348631192
151991	0.007636448696
151992	0.006094936114
151993	0.007657740637
151994	0.00813981284
151995	0.003392770026
151996	0.001778184081
151997	0.003139031154
151998	0.006784243185
151999	0.006228034195
152000	0.005015162541
152001	0.003907255517
152002	0.003543619208
152003	0.00305376957
152004	0.009071067656
152005	0.009113848579
152006	0.004066274575
152007	0.003751015242
152008	0.0003144812085
152009	0.004523010133
152010	0.0003757059903
152011	0.002990341236
152012	0.001900345849
152013	0.006962420989
152014	0.0006521898419
152015	0.01122110625
152016	0.001155394226
152017	0.007417111247
152018	0.005442011559
152019	0.003564944381
152020	0.002067909182
152021	0.005905127344
152022	0.0002208174712
152023	4.022175664e-05
152024	0.009998517879
152025	0.00476683291
152026	0.006649106877
152027	0.0009263114823
152028	0.004504824694
152029	0.002457745569
152030	0.00275872014
152031	0.003988333257
152032	0.003699246621
152033	0.002058785568
152034	0.001069858223
152035	0.005006539993
152036	0.002293261863
152037	0.0110268375
152038	0.0001364931825
152039	0.003185934152
152040	0.002307286168
152041	0.003834495581
152042	0.001836807087
152043	0.005068031535
152044	0.0007287838706
152045	0.01369676106
152046	0.0004002756409
152047	0.005669697094
152048	0.002624697777
152049	0.002891675005
152050	0.003355275609
152051	0.0001171180065
152052	0.00885122416
152053	0.0004488632312
152054	0.004019270477
152055	0.0006218899574
152056	0.002687179691
152057	0.004919539575
152058	0.006185643005
152059	0.01192614379
152060	0.007975067818
152061	0.009216646502
152062	0.007701609617
152063	0.0007927424355
152064	0.01098278195
152065	0.009898128351
152066	0.001572754511
152067	0.007773650872
152068	0.00939996627
152069	0.002190255942
152070	0.002667228318
152071	0.01698737183
152072	0.004396658901
152073	0.003409822679
152074	0.003305719091
152075	0.001800013214
152076	0.00123561534
152077	0.001156444128
152078	0.002068035641
152079	0.001389983666
152080	0.002415881868
152081	0.01131633155
152082	0.005744035368
152083	0.01626048537
152084	0.009202036305
152085	0.01515161987
152086	0.01091164289
152087	0.01006159914
152088	0.01235129377
152089	0.004321360634
152090	0.01323007465
152091	0.007135769545
152092	0.001724199735
152093	0.0157529311
152094	0.001163656548
152095	0.00748704563
152096	0.001606944582
152097	0.001287872442
152098	0.007917961754
152099	3.640353235e-05
152100	0.0009361844412
152101	0.003733844207
152102	0.01525545205
152103	0.003274920273
152104	0.003472369156
152105	0.005227861439
152106	0.001113285244
152107	0.001747345781
152108	0.004462562282
152109	0.005910430319
152110	0.004243489288
152111	0.000259563022
152112	0.004185264728
152113	0.0004273002373
152114	0.01743713318
152115	0.006446953492
152116	0.001064036251
152117	0.001980286618
152118	0.002603011414
152119	0.003757088562
152120	0.00948137655
152121	0.004790535631
152122	0.009071924693
152123	0.002026222883
152124	0.007787941526
152125	0.01065677792
152126	0.0007904240416
152127	0.006944933727
152128	0.002400529732
152129	0.006697710736
152130	0.004069825311
152131	0.004951291149
152132	0.001204020207
152133	0.005709754812
152134	0.003340247434
152135	0.00317603241
152136	0.02078508989
152137	0.003915668969
152138	0.0004551666946
152139	0.005119735755
152140	0.003111176532
152141	0.002609416543
152142	0.004826632827
152143	0.0001218228529
152144	0.008729922412
152145	0.003159242944
152146	0.004546685556
152147	0.007919283191
152148	0.003397374551
152149	0.004629767099
152150	0.005664450183
152151	0.009199877854
152152	0.001619334629
152153	0.002002294458
152154	0.006453936291
152155	0.01194421116
152156	0.00351408457
152157	0.0009662348392
152158	0.009102401689
152159	0.0009028414737
152160	0.008241282427
152161	7.845290129e-05
152162	0.007239978099
152163	0.001888031869
152164	0.002852947587
152165	0.003633477767
152166	0.004169178425
152167	0.0003261791982
152168	0.002151215771
152169	0.001039793884
152170	0.004096408597
152171	0.002392210028
152172	0.005513126537
152173	0.006218846949
152174	0.008358416819
152175	0.008176871504
152176	0.002907742518
152177	0.006253880844
152178	0.006949724001
152179	0.006597674689
152180	0.005540238091
152181	0.003543188034
152182	0.002538090485
152183	0.0005747544712
152184	0.004575638713
152185	0.006989401903
152186	0.005316664895
152187	0.00503192044
152188	0.009958975995
152189	0.0005910583773
152190	0.004212429159
152191	0.0009725590856
152192	0.003249037992
152193	0.002858242041
152194	0.001602344398
152195	0.01386344586
152196	0.001791931462
152197	0.006759270295
152198	0.002671623545
152199	0.003010772716
152200	2.060293015e-05
152201	0.004534440452
152202	0.0001489875388
152203	0.002734856365
152204	0.0025857628
152205	0.002660534079
152206	0.00195533314
152207	0.004381063739
152208	0.004237872258
152209	0.003828697553
152210	0.002331309769
152211	0.00210689787
152212	0.006383890737
152213	0.00726325867
152214	0.007588981053
152215	0.005105260687
152216	0.004515850491
152217	0.006586192227
152218	0.0001325246481
152219	0.004719463874
152220	0.002598010314
152221	0.005335128393
152222	0.006583771683
152223	0.008441683952
152224	0.0005977387341
152225	0.005538755034
152226	0.0009782190802
152227	0.001281238561
152228	0.0006936364847
152229	0.006789141692
152230	0.007477345396
152231	0.003920862603
152232	0.001801386633
152233	0.001858538462
152234	0.002947354118
152235	0.003441560287
152236	0.005861246569
152237	0.002984298643
152238	0.006757526082
152239	0.002099874868
152240	0.006951610094
152241	0.007769797872
152242	0.009373306081
152243	0.002192277238
152244	0.003812943258
152245	0.00261343436
152246	0.01680293267
152247	0.004153043046
152248	0.01726119646
152249	0.009333099364
152250	0.001682258734
152251	0.006671109545
152252	0.002582520532
152253	0.001215773196
152254	0.008349287645
152255	0.003824958783
152256	0.0004226496501
152257	0.006217447305
152258	0.002507749248
152259	0.001938660374
152260	0.006427440529
152261	0.005638217007
152262	0.003960382467
152263	0.009991947027
152264	8.192736642e-05
152265	0.006804715317
152266	0.001892125768
152267	0.002799592877
152268	0.004562799325
152269	0.002554478604
152270	0.009120094616
152271	0.01302942229
152272	0.000448287265
152273	0.003179786938
152274	0.008741242468
152275	0.002796330156
152276	0.004344637383
152277	0.001438386076
152278	0.001535501268
152279	0.0005135929391
152280	0.0008464083038
152281	0.002791669809
152282	0.00337653668
152283	0.004210322014
152284	0.006554890137
152285	0.007448558752
152286	0.003341706683
152287	0.007493169544
152288	0.004155818516
152289	0.002657214157
152290	0.01202456789
152291	0.009161137103
152292	0.002759236691
152293	0.001367425223
152294	0.00780603215
152295	0.0005657134937
152296	0.008900865895
152297	0.006985255073
152298	0.004620260193
152299	0.01396093522
152300	0.002909738451
152301	0.00428431994
152302	0.01452113944
152303	0.003720810084
152304	0.002107742727
152305	0.004335242005
152306	0.002468077179
152307	0.0134675029
152308	0.006176920817
152309	0.005921613672
152310	0.01629782273
152311	0.004485999804
152312	0.003027615606
152313	0.002090677439
152314	0.01024476225
152315	0.002387744564
152316	0.001779431832
152317	0.005382476672
152318	0.009369493196
152319	0.0107460569
152320	0.002699994816
152321	0.002779079651
152322	0.0007551218906
152323	0.001315346229
152324	0.00276770511
152325	0.003292438195
152326	0.009333049304
152327	0.01522815427
152328	0.001525918258
152329	0.002213840276
152330	0.002203441403
152331	0.001144466479
152332	0.002401114535
152333	0.002221765842
152334	0.006774799856
152335	0.005398611884
152336	0.001604712804
152337	0.006886246519
152338	0.00220163138
152339	0.00902356501
152340	0.003387702183
152341	0.01347258893
152342	0.009974530875
152343	0.001808943635
152344	0.008305164115
152345	0.004209950459
152346	0.003489329604
152347	6.553756176e-05
152348	0.0005637319966
152349	0.0003197259826
152350	0.003748221049
152351	0.00702522431
152352	0.001286311161
152353	0.009702787421
152354	0.00206222395
152355	0.003406581755
152356	0.00203202627
152357	0.002943996365
152358	0.0008714273415
152359	0.005746918544
152360	0.0004310771166
152361	0.006120554069
152362	0.005358676076
152363	0.009112941729
152364	0.0007032694568
152365	0.0002835583168
152366	0.0005560172893
152367	0.01283566535
152368	0.002522399211
152369	0.006748401133
152370	0.003235996972
152371	0.0002954615667
152372	0.00657165031
152373	0.0009324960254
152374	0.01007875924
152375	0.01102362649
152376	0.005101118944
152377	0.004952872501
152378	0.003220159182
152379	0.005943575979
152380	0.01359133384
152381	0.01328483987
152382	0.007135431783
152383	0.001155590799
152384	0.001014982844
152385	0.001363937398
152386	0.009083496552
152387	0.008199504059
152388	0.01075224003
152389	0.00391254954
152390	0.009876378344
152391	0.003755826959
152392	0.004658983074
152393	0.003752877505
152394	0.001333491776
152395	0.001212864872
152396	0.004768242505
152397	0.006424509688
152398	0.004188993639
152399	0.004816733931
152400	0.003679567895
152401	0.007741581458
152402	0.001826587182
152403	0.01011447014
152404	0.003576159547
152405	0.005464080224
152406	0.001609129468
152407	0.001407127285
152408	0.0002672342675
152409	0.001394461677
152410	0.001671048965
152411	0.002440196571
152412	0.0002745008249
152413	0.0007272847222
152414	0.0008690334413
152415	0.0006903920748
152416	0.0005245760748
152417	0.001102001791
152418	0.002260654325
152419	0.0003557865451
152420	0.006950386758
152421	0.00686278527
152422	0.001856414109
152423	0.003667423592
152424	0.01293989206
152425	0.001506457762
152426	0.0002989976246
152427	0.003534394771
152428	0.005014968387
152429	0.0139078842
152430	0.001094882852
152431	0.007966754496
152432	0.00424642799
152433	0.007194733267
152434	0.002015108386
152435	0.009121331235
152436	0.002196769294
152437	0.004656452062
152438	0.001659625774
152439	0.01201479574
152440	0.001127283718
152441	0.001131808418
152442	0.003796941657
152443	0.009313417624
152444	0.007225191024
152445	0.0100310757
152446	0.001138134629
152447	0.004139412582
152448	0.0003979035695
152449	0.0002681728007
152450	0.007974679038
152451	0.002801821659
152452	0.0009945732342
152453	0.0005577235052
152454	0.007911588999
152455	0.004649997702
152456	0.007487841094
152457	0.008657821294
152458	0.0001132964174
152459	0.002908574499
152460	0.003954896722
152461	0.006221582928
152462	0.000808194537
152463	0.00409066422
152464	0.004830375868
152465	0.007996418875
152466	0.001067042391
152467	0.002768970788
152468	0.009115103668
152469	0.008330460248
152470	0.01013062546
152471	0.0008793873241
152472	0.01148695125
152473	0.01012573897
152474	0.007519886182
152475	0.004470614182
152476	0.00498524996
152477	0.006872378168
152478	0.003425350377
152479	0.002790104792
152480	0.002453450479
152481	0.009460195555
152482	0.001665586907
152483	0.001029270014
152484	0.003296078364
152485	0.0002874290405
152486	0.002319777905
152487	0.01049593582
152488	0.001899633193
152489	0.001647974328
152490	0.005024621713
152491	0.002382580104
152492	0.002032720222
152493	0.005914133584
152494	0.0009430472657
152495	0.0062229955
152496	0.003904033744
152497	0.0009560849014
152498	0.007912865545
152499	0.004407245183
152500	0.003305233835
152501	0.001882195177
152502	0.007373622867
152503	0.008867263527
152504	0.01100914425
152505	0.003292397509
152506	0.003137458522
152507	0.002819319733
152508	0.009801877557
152509	0.00782579068
152510	0.0003093679697
152511	0.008340431168
152512	0.003005866958
152513	0.001503269858
152514	0.003831294543
152515	0.002581902276
152516	0.007650956342
152517	0.005590672767
152518	0.0005561026431
152519	0.003318317777
152520	0.006250070672
152521	0.00387444593
152522	0.003151685604
152523	0.004889681559
152524	0.007825266506
152525	0.002081455701
152526	0.002870910907
152527	0.004571256911
152528	0.006946302778
152529	0.003620335859
152530	0.0003760236449
152531	0.0001188695818
152532	0.006055074145
152533	0.004572666078
152534	0.004688264313
152535	0.002940334235
152536	0.001862291664
152537	0.0001223582917
152538	0.004197908253
152539	0.002899767117
152540	0.01986312753
152541	9.14672106e-05
152542	0.0003544020239
152543	0.004035062557
152544	0.0006096244298
152545	0.00552754283
152546	0.00111826792
152547	0.006727808847
152548	0.002461360393
152549	0.001611065503
152550	0.01128273904
152551	0.001537855019
152552	0.01062554551
152553	0.008833848696
152554	0.006648017657
152555	0.01005600645
152556	0.001492719092
152557	0.01072087461
152558	0.003703264075
152559	0.0006712272602
152560	0.008177474443
152561	0.001520945245
152562	0.01105099078
152563	0.001148734
152564	0.003638441731
152565	0.004314508328
152566	0.004267331122
152567	0.00250789304
152568	0.005204746336
152569	0.002077695573
152570	0.002499730957
152571	0.002234880886
152572	0.01786152004
152573	0.006765719549
152574	0.007364354766
152575	0.001394802921
152576	0.001500127355
152577	0.007237489249
152578	0.002608814075
152579	0.007950634825
152580	0.001084531367
152581	0.01092106774
152582	0.0008360752467
152583	0.01326651492
152584	0.001227959322
152585	0.0004219353077
152586	0.003479304895
152587	0.01053241288
152588	0.00198020461
152589	0.00381093338
152590	0.002591176607
152591	0.01098517934
152592	0.007355504279
152593	0.008797744562
152594	0.0008366902897
152595	0.00126883739
152596	0.0002719939006
152597	0.004838868616
152598	0.00712984019
152599	0.00255871256
152600	0.005205314834
152601	0.007795687188
152602	0.00103080073
152603	0.002962004562
152604	0.005730350963
152605	0.0002451469653
152606	0.004520505753
152607	0.01275257252
152608	0.00138844274
152609	0.003762255804
152610	0.001690374085
152611	0.01260038264
152612	0.004850650908
152613	0.0004383686178
152614	0.003789569442
152615	0.008602623985
152616	0.005885196869
152617	0.0134896716
152618	2.612823323e-05
152619	0.00278549606
152620	0.008111231052
152621	0.0007611332161
152622	0.002073216972
152623	0.0118400572
152624	0.004671034922
152625	0.003425804888
152626	0.001627428529
152627	0.003816986424
152628	0.004534026093
152629	0.0024075089
152630	0.007804186681
152631	0.0002178081196
152632	0.001998908188
152633	0.001320177909
152634	0.003969956773
152635	1.586478723e-05
152636	0.00297145925
152637	0.0005345597358
152638	0.00268623035
152639	0.001679722798
152640	0.003209183642
152641	0.004802500422
152642	0.004007822429
152643	0.001407566616
152644	0.005002961308
152645	0.004728441042
152646	0.01112576221
152647	0.00102238798
152648	0.001101888067
152649	0.01059837317
152650	0.02699837015
152651	0.003990360416
152652	0.006042476623
152653	0.007616712517
152654	0.01213455641
152655	0.004073615327
152656	0.006336335603
152657	0.01284405402
152658	0.005499452044
152659	0.008747795434
152660	0.01063919913
152661	0.001396148693
152662	0.004244969703
152663	0.005768102597
152664	0.00456348708
152665	0.004229432262
152666	0.001284822914
152667	0.008706239432
152668	0.002511046592
152669	0.01034249293
152670	0.005784111002
152671	0.0001871431429
152672	0.01576540443
152673	0.006398476736
152674	0.001851084547
152675	0.002532312513
152676	0.003330583985
152677	0.000144893777
152678	0.002550088109
152679	0.008488051198
152680	0.001155168193
152681	0.007869822965
152682	0.004608786892
152683	0.001207289417
152684	0.009516635384
152685	0.01060375901
152686	0.006783043716
152687	0.005778134003
152688	0.002080020007
152689	0.0004720474073
152690	0.008003621612
152691	0.00394938401
152692	0.001179280977
152693	0.004234190562
152694	0.0009966526607
152695	0.0009112013146
152696	0.009907101616
152697	0.002133507828
152698	0.003375873725
152699	0.003958196441
152700	0.003870843702
152701	0.001334420115
152702	0.0004513764931
152703	0.002462454378
152704	0.0005300068198
152705	0.0007529185655
152706	0.006729378994
152707	0.003213255338
152708	0.01533984209
152709	0.004490096935
152710	0.00524600715
152711	0.0007179936573
152712	0.003682217967
152713	0.001521387402
152714	0.01112276092
152715	0.004073265821
152716	0.001120637605
152717	0.002405799829
152718	0.0005054659566
152719	0.006967940844
152720	0.004524047152
152721	0.004431182261
152722	0.00124343131
152723	0.0007699257637
152724	0.0003392469866
152725	0.00265190134
152726	0.002763772617
152727	0.004619936394
152728	0.002023332995
152729	0.003322470287
152730	0.004394518953
152731	0.002134456996
152732	0.0008357545443
152733	0.003682234676
152734	0.001481773233
152735	0.002689654458
152736	0.002185652942
152737	0.002043773306
152738	0.0006446855771
152739	0.001958169864
152740	0.0003688302675
152741	0.004852084366
152742	0.01493945045
152743	0.001417446535
152744	0.009989492975
152745	0.0005868729755
152746	0.0001515652809
152747	0.0008139636793
152748	0.002444657324
152749	0.006859128314
152750	0.003158632591
152751	0.0001289119423
152752	0.002827381706
152753	0.0009890378306
152754	0.005375907028
152755	0.001469096444
152756	0.01330244321
152757	0.003275031301
152758	0.005285131584
152759	0.002801823954
152760	0.0007845345121
152761	0.008250094561
152762	0.001029531215
152763	0.001804731201
152764	2.934763662e-05
152765	0.006581450502
152766	0.001715505747
152767	0.01052862714
152768	0.001530859454
152769	0.002480453395
152770	0.01047682785
152771	0.003425187065
152772	0.0159035385
152773	0.002260357355
152774	0.0004198441666
152775	0.0002393190181
152776	0.003116975458
152777	0.0001670163181
152778	0.003052642385
152779	0.003763095469
152780	0.0005578374634
152781	0.004498219614
152782	0.001865055334
152783	0.002923051564
152784	0.005995167033
152785	0.0003095660482
152786	0.003181152566
152787	0.0003165396593
152788	0.001364863883
152789	0.005733978746
152790	0.000915192596
152791	0.0006251243613
152792	0.002459149897
152793	0.0008067850992
152794	0.005127466257
152795	0.003263785965
152796	0.02142268337
152797	0.004096203656
152798	0.003346589309
152799	0.002369537925
152800	0.004295778182
152801	0.002015927983
152802	0.005822224741
152803	0.007213776123
152804	0.01428464352
152805	0.01469380015
152806	0.0003894622821
152807	0.006222663297
152808	0.01777448594
152809	0.005502927131
152810	0.0009604955931
152811	0.001884967641
152812	0.002178017069
152813	0.009057239377
152814	0.01097526448
152815	0.01031976006
152816	0.0003145989693
152817	0.006000318804
152818	0.01147618288
152819	0.009412234758
152820	0.008919892014
152821	0.001855575682
152822	0.003204423294
152823	0.003457289058
152824	0.01482756101
152825	0.006691673124
152826	0.0001852895265
152827	0.001773460577
152828	0.006907488947
152829	0.01606354686
152830	7.395188836e-05
152831	0.0006623891818
152832	0.0018201947
152833	0.006330743418
152834	0.003388067927
152835	0.0002807606758
152836	0.003404421308
152837	0.01392527157
152838	0.01535411512
152839	0.005008260892
152840	0.00635352571
152841	0.003437522984
152842	0.004089628817
152843	0.003262946939
152844	0.0008132087082
152845	0.005992094992
152846	0.003974511092
152847	0.009226036976
152848	5.443021918e-05
152849	0.007489539946
152850	0.01311656972
152851	0.008858188847
152852	0.003360519057
152853	0.01385852035
152854	0.004566551114
152855	0.003452589445
152856	0.00514214809
152857	0.005460496141
152858	0.004282875935
152859	0.0236576771
152860	0.008238619214
152861	0.000146650071
152862	0.001951176629
152863	0.0002351042767
152864	0.004329157703
152865	0.002483447441
152866	0.01537779364
152867	0.003857190999
152868	0.005089195216
152869	0.007421899123
152870	0.002807142109
152871	0.009155115593
152872	0.0006628560939
152873	0.0008587524152
152874	0.0009817268058
152875	0.007594797822
152876	0.008796320345
152877	0.0003918932835
152878	0.00455478398
152879	0.002334955253
152880	0.006937576138
152881	0.002131570246
152882	0.01930140473
152883	0.003409218326
152884	7.810725434e-05
152885	0.009145911143
152886	0.01152719477
152887	0.004691309754
152888	0.001069911853
152889	0.006122837505
152890	0.002707374714
152891	0.01007266336
152892	0.001727998433
152893	0.006476721536
152894	0.0001322334783
152895	0.007935922304
152896	0.008897323312
152897	0.002978243303
152898	0.006164806224
152899	0.007849715257
152900	0.005124235035
152901	0.004371529008
152902	0.004959476006
152903	0.0009357935221
152904	5.160110282e-05
152905	0.009091933309
152906	0.006503630381
152907	0.007477755457
152908	0.02433577528
152909	0.0007499719587
152910	0.001425464862
152911	0.003164550636
152912	0.008130409193
152913	0.005273802961
152914	0.008942871374
152915	0.001420992674
152916	0.001750473186
152917	0.003744062633
152918	4.860435986e-05
152919	0.008058475366
152920	0.0005816834628
152921	0.002846715819
152922	0.002503109466
152923	0.0002342535301
152924	0.01147978447
152925	0.01127187197
152926	0.001682528183
152927	0.006450217464
152928	0.005951244125
152929	0.004602205963
152930	0.005139773905
152931	0.003159387592
152932	0.001668702955
152933	0.008273771126
152934	0.0007936683975
152935	0.003742330004
152936	8.289668052e-05
152937	0.00338501852
152938	0.004958453158
152939	0.005916400005
152940	0.001529813911
152941	0.001681571199
152942	0.001369660124
152943	0.007402952942
152944	0.003663213069
152945	0.001215468724
152946	0.0109358531
152947	0.005082140785
152948	0.002142048104
152949	0.007359075021
152950	0.003661294695
152951	0.0184838918
152952	0.002687058895
152953	0.00534034237
152954	0.007247483182
152955	0.005061583375
152956	0.01249531289
152957	0.007754530418
152958	0.007466276258
152959	0.004522528269
152960	0.0003421129299
152961	0.006756401782
152962	0.004619531114
152963	0.009051041908
152964	0.002454169698
152965	0.003473724194
152966	0.003458198846
152967	0.00423255737
152968	0.01133894703
152969	0.007814584585
152970	0.0004266105023
152971	0.01570670544
152972	0.003153684894
152973	0.003870719241
152974	0.006842415167
152975	0.002478930998
152976	0.005866853134
152977	0.0002303920488
152978	0.01283928823
152979	0.00368656643
152980	0.01889387931
152981	0.01456233358
152982	0.0003063521328
152983	0.003019527832
152984	0.0007742127423
152985	0.01756099921
152986	0.001149951375
152987	0.003660162206
152988	0.0003402601433
152989	0.003331250662
152990	5.139296417e-06
152991	0.002754955225
152992	0.01683252877
152993	0.006008940296
152994	0.004740476706
152995	0.001712905062
152996	0.008397579871
152997	0.001370548113
152998	0.005142149204
152999	0.0002980173863
153000	0.001287199853
153001	0.005980646522
153002	0.001461468762
153003	0.009915119165
153004	0.01560801033
153005	0.01015757636
153006	0.003827141762
153007	0.001888225683
153008	0.0005900218786
153009	0.004929516373
153010	0.002374946372
153011	0.006771826447
153012	0.003916081268
153013	0.006301447751
153014	0.003659122557
153015	0.00472349608
153016	0.006486947331
153017	0.002431643323
153018	0.007005651577
153019	0.009416387554
153020	0.01091124755
153021	0.0001256366631
153022	0.002596679804
153023	0.004730536682
153024	0.00497652708
153025	0.002393183523
153026	0.00155613004
153027	0.002223342478
153028	0.006603777032
153029	0.004344860545
153030	0.006479624755
153031	0.0003039509968
153032	0.00188095136
153033	0.01007638774
153034	0.0004291735505
153035	0.001225921507
153036	0.009972631438
153037	0.01533822456
153038	0.003821931831
153039	0.003486108324
153040	0.003193406904
153041	0.0069162635
153042	0.004664428312
153043	0.00337794294
153044	0.003219736939
153045	0.005117559571
153046	0.001367404695
153047	0.00245920585
153048	0.001234153406
153049	0.005624945812
153050	0.005768443394
153051	0.001052307417
153052	0.003827562532
153053	0.006869710719
153054	0.01309691762
153055	0.01403086946
153056	0.006479891961
153057	0.007965028967
153058	0.01214427385
153059	0.002876456384
153060	0.0007205219534
153061	0.008295299067
153062	0.002711316489
153063	0.003828351374
153064	0.01054815601
153065	8.4931828e-05
153066	0.001459316512
153067	0.002544439707
153068	0.006734753225
153069	0.007476834278
153070	0.005837712256
153071	0.008413622441
153072	0.0005082778317
153073	0.006546388278
153074	0.00313848543
153075	0.002791558155
153076	0.004591086352
153077	7.450955779e-05
153078	0.0007335056835
153079	0.002731825036
153080	0.006148692972
153081	0.009807296364
153082	0.01103317366
153083	0.01057246834
153084	0.00679064456
153085	0.006780938735
153086	0.005425775478
153087	0.001567791772
153088	0.007735290206
153089	0.01676309798
153090	0.005655165935
153091	0.00083479172
153092	0.0001305672558
153093	0.000670822649
153094	0.008030637316
153095	0.00604412915
153096	0.007060950524
153097	0.001779475186
153098	0.002880443168
153099	0.003805585373
153100	0.02036297463
153101	0.003910457809
153102	0.007705372408
153103	0.00189038441
153104	0.00608142594
153105	0.001862138091
153106	0.0005820177836
153107	0.0002316935409
153108	0.005469467431
153109	0.004145785648
153110	0.01001744847
153111	0.001089351422
153112	0.006452221246
153113	0.007333712015
153114	0.003236133584
153115	0.003616091505
153116	0.002667639985
153117	0.002760043105
153118	0.001465568157
153119	0.01913929257
153120	0.01996530472
153121	0.003128356909
153122	0.002211932073
153123	0.006243819942
153124	0.000627440547
153125	0.003965627165
153126	0.01461766999
153127	0.011255349
153128	0.00725466055
153129	0.001661888631
153130	0.00332224603
153131	0.004533690168
153132	0.01164698455
153133	0.002651647501
153134	0.003992486442
153135	0.004440660997
153136	0.01078428873
153137	0.001860538964
153138	0.0007207575279
153139	0.01138027916
153140	0.007943744832
153141	0.003623998645
153142	0.0001800613659
153143	0.006780781229
153144	0.001280502642
153145	0.003164734832
153146	0.002116127748
153147	0.00395936241
153148	0.001354277352
153149	0.005151700224
153150	0.004603909559
153151	0.003006840701
153152	0.003544787039
153153	0.006146779544
153154	0.01154767926
153155	0.00246641828
153156	0.0003421129299
153157	0.003519780279
153158	0.002936518549
153159	0.005222497742
153160	0.001230994923
153161	0.01299843396
153162	0.00826973919
153163	4.667312986e-05
153164	0.009300107095
153165	0.002432820304
153166	0.004449784411
153167	0.003844837899
153168	0.007660834308
153169	0.006616998476
153170	0.006732495243
153171	0.001810204748
153172	0.002050575593
153173	0.002389197418
153174	0.0005857230065
153175	0.002820099122
153176	7.860161222e-05
153177	0.002380643635
153178	0.001466695027
153179	0.005610098649
153180	0.001287467992
153181	0.003361562818
153182	0.01312860341
153183	0.0005903542377
153184	0.001868151629
153185	0.0003820951101
153186	0.004434758851
153187	0.01225164685
153188	0.008862547214
153189	0.002882807043
153190	0.006075497928
153191	0.002254402373
153192	0.002857562476
153193	0.005374546336
153194	0.00242662297
153195	0.01742244798
153196	0.02223864504
153197	0.006958757868
153198	0.01218503032
153199	0.004920606482
153200	0.003472014815
153201	0.0009081782084
153202	0.006411338416
153203	0.009147292273
153204	0.008492214441
153205	0.0007029623078
153206	0.02174663269
153207	0.00285701461
153208	0.001941968494
153209	0.0002115682119
153210	0.003811371945
153211	0.001193477156
153212	0.00169982588
153213	0.0009280525046
153214	0.004883029817
153215	0.005782951693
153216	0.002052998986
153217	0.005642509176
153218	0.001903613438
153219	3.769370855e-06
153220	0.003348114314
153221	0.005638417845
153222	0.008575621153
153223	0.001060588526
153224	0.006260110176
153225	0.001397055945
153226	0.00241425329
153227	0.01050800636
153228	0.00835360953
153229	0.002896124694
153230	0.0007492182857
153231	0.007010633206
153232	0.007746026931
153233	0.004140891259
153234	0.01119407189
153235	0.007205022094
153236	0.001095564369
153237	0.01025756888
153238	0.004988530022
153239	0.01852922997
153240	0.003398910928
153241	0.001214548094
153242	0.0004686137513
153243	0.009527388084
153244	0.002140850114
153245	0.01353823991
153246	0.005002482851
153247	0.01033186165
153248	0.001498604203
153249	0.002399094333
153250	0.01175700215
153251	0.004266442969
153252	0.005411852106
153253	0.004517198082
153254	0.004837910494
153255	0.003123160749
153256	0.00256267257
153257	0.005232189203
153258	0.006129245547
153259	0.005551010665
153260	0.006938500527
153261	0.0003421129299
153262	0.01043766444
153263	0.001191706734
153264	0.003645470777
153265	0.008119016242
153266	0.008665654911
153267	0.002133096875
153268	0.003373849571
153269	0.001995935601
153270	0.007924537115
153271	0.006483976184
153272	0.001165285066
153273	0.007428645279
153274	0.00143783798
153275	0.005233351384
153276	0.004226920031
153277	0.002759613555
153278	0.004631645702
153279	0.0006117119672
153280	0.001119904178
153281	0.001814665593
153282	0.01025835873
153283	0.00205249609
153284	0.0007280298001
153285	0.001080271114
153286	0.003123680678
153287	0.001456752805
153288	0.0003051348259
153289	0.0009723897827
153290	0.003597265221
153291	0.0109641701
153292	0.003363679121
153293	0.002826692896
153294	0.0001029090576
153295	0.008607554012
153296	0.0002895721812
153297	0.003933921689
153298	0.008605935328
153299	0.0007310545801
153300	0.003974218175
153301	0.0001827264111
153302	0.01738832438
153303	0.003410443154
153304	0.003871887749
153305	0.002234838598
153306	0.002710772649
153307	0.004941140811
153308	0.005402402305
153309	0.01151697228
153310	0.01362740667
153311	0.009020598568
153312	0.005901369643
153313	0.001053993562
153314	0.001367018285
153315	0.001754048229
153316	0.0003352950705
153317	0.009057300254
153318	0.01879443242
153319	0.0134696007
153320	1.051336757e-05
153321	0.006987899265
153322	0.008806317777
153323	0.009332764786
153324	0.002847259147
153325	0.007683379545
153326	0.0007191441306
153327	0.005428089895
153328	0.00383329968
153329	0.006409044349
153330	0.01194726871
153331	0.007223481544
153332	0.005639700691
153333	0.001206352027
153334	8.87630412e-05
153335	0.003112850192
153336	0.00882183631
153337	0.002953864755
153338	0.008440272961
153339	0.002021292684
153340	0.01036174547
153341	0.00688982604
153342	0.008073362485
153343	0.004917133731
153344	0.001306334851
153345	0.001340085292
153346	0.01001627946
153347	0.001652117536
153348	0.003915141758
153349	0.004209960584
153350	0.0003881469867
153351	0.0005112154216
153352	0.002376991171
153353	0.001934072587
153354	0.003796145116
153355	0.004138494495
153356	0.002317084062
153357	0.00280439504
153358	0.006809362897
153359	0.001614005111
153360	0.00534455133
153361	9.676724831e-05
153362	0.004882861461
153363	0.001995411457
153364	0.004137720708
153365	0.0001345614787
153366	0.002269471521
153367	0.01540873843
153368	0.009284519877
153369	0.001683888219
153370	0.004065933966
153371	0.002073633651
153372	0.003269993072
153373	0.008930045844
153374	0.004005298588
153375	0.0001004398445
153376	0.002627599692
153377	0.002622655352
153378	0.0008637696306
153379	0.002274226584
153380	0.0003868960416
153381	0.002448660221
153382	0.004102658736
153383	0.005044999446
153384	0.0147796721
153385	0.002284329643
153386	0.00720856043
153387	0.002807824719
153388	0.006393792675
153389	0.002863867489
153390	0.007183309166
153391	0.01031524393
153392	0.002981870046
153393	0.00576916986
153394	0.008044436839
153395	0.007153665751
153396	0.006234997715
153397	0.009223349554
153398	0.0100533285
153399	0.0004306871997
153400	0.005865982908
153401	0.005772330728
153402	0.00089654635
153403	0.009819173319
153404	0.008363251149
153405	0.0003910119944
153406	0.001699797846
153407	0.001170839771
153408	0.005907452893
153409	0.002301599388
153410	0.0009937583577
153411	0.0053246399
153412	0.009058080672
153413	0.001565749753
153414	0.001341624974
153415	0.005598091646
153416	0.01048290007
153417	0.01241992393
153418	0.002987341769
153419	0.001010921842
153420	0.001803638738
153421	0.002495318242
153422	0.0041885323
153423	0.005503842876
153424	0.003078776507
153425	0.003261766177
153426	0.01093158832
153427	0.01601501496
153428	0.008530253321
153429	0.0007400578404
153430	0.00152119851
153431	0.004179451752
153432	0.001769116541
153433	0.01905536498
153434	0.001842272991
153435	0.01276226784
153436	0.005645829503
153437	0.006510029698
153438	0.001035362483
153439	0.01089517421
153440	0.004153174064
153441	0.001440317321
153442	0.003752780722
153443	0.00733536739
153444	0.004283492075
153445	0.01898211358
153446	0.01597057233
153447	0.0007266996614
153448	0.01067722723
153449	0.005784018304
153450	0.001846747864
153451	0.004495908927
153452	0.002699341152
153453	0.01636425225
153454	0.008731987372
153455	0.007355596146
153456	0.0005125860868
153457	0.01773740048
153458	0.005952906704
153459	0.006732254531
153460	0.003870857371
153461	0.01081387263
153462	0.003955657256
153463	0.01015990523
153464	0.006265102035
153465	0.007450433001
153466	0.007096506007
153467	0.001150608821
153468	0.00484624103
153469	0.0007062508148
153470	0.006405288784
153471	8.371992744e-05
153472	0.01185397814
153473	0.001937612962
153474	0.009371972693
153475	0.003613073779
153476	0.003862764215
153477	0.01042541625
153478	0.001809592098
153479	0.00513855177
153480	0.00590012654
153481	0.01208868657
153482	0.0009366006814
153483	0.004508595924
153484	0.003022221403
153485	0.005912189428
153486	0.003351410153
153487	0.00093411492
153488	0.003867725335
153489	0.003196557953
153490	0.006328222164
153491	0.005568914479
153492	0.002110344531
153493	0.01513276156
153494	0.0004074399596
153495	0.004455168464
153496	0.004951238586
153497	0.006194852357
153498	0.001235401998
153499	0.002606799101
153500	0.0007154004516
153501	0.005400469966
153502	0.01478747806
153503	0.003196078459
153504	0.00481646955
153505	0.006523512203
153506	0.002830102307
153507	0.00332290708
153508	0.004660937262
153509	0.0009689833305
153510	0.002995746079
153511	0.004641971119
153512	0.001344889011
153513	0.0001461192729
153514	0.007630580539
153515	0.002449010849
153516	0.002873949728
153517	0.005894438412
153518	0.02456516253
153519	0.001011434798
153520	0.003400274184
153521	0.01573503092
153522	0.01160217934
153523	0.005954034423
153524	0.007129975451
153525	0.0124396617
153526	0.0007095889725
153527	0.00559101194
153528	0.004889947757
153529	0.01166949602
153530	0.008723647113
153531	0.006367577543
153532	0.001822794063
153533	0.001629910164
153534	0.00381274887
153535	0.003181362456
153536	0.008500528678
153537	0.002882795824
153538	0.002455287146
153539	0.006656976396
153540	0.003942611863
153541	0.004358057898
153542	0.006877302318
153543	8.711746295e-05
153544	0.001648647807
153545	0.00166556441
153546	0.0002600206595
153547	0.01043029935
153548	0.00163382347
153549	0.005650082027
153550	0.0003660111041
153551	0.006101509899
153552	0.004036377322
153553	0.009461060708
153554	0.005296785316
153555	0.004198817756
153556	0.005014660066
153557	0.006153500336
153558	0.01183535019
153559	0.007371592487
153560	0.001564938913
153561	0.0006539186694
153562	0.01036646145
153563	0.0002622983397
153564	0.00283035177
153565	0.001797352327
153566	9.982627056e-05
153567	0.01127968735
153568	0.008068131747
153569	0.003074444354
153570	0.01071764128
153571	0.008132822175
153572	0.008437360912
153573	0.0002979969891
153574	0.002672123952
153575	0.005369669145
153576	0.001672902864
153577	0.001934052207
153578	0.01815601747
153579	0.01011474741
153580	0.01207582057
153581	0.004055530703
153582	0.0141582562
153583	0.001378152647
153584	0.007575805869
153585	0.005998886871
153586	0.0008861847172
153587	0.004158139216
153588	0.01014587256
153589	0.002748507838
153590	0.001053692538
153591	0.004698900095
153592	0.003631994441
153593	0.003421027561
153594	0.003308496103
153595	0.01677345331
153596	0.006305927204
153597	0.006920446301
153598	0.0117995846
153599	0.003369690738
153600	0.007046878396
153601	0.0151815185
153602	0.004565993376
153603	0.00780662762
153604	0.01745712749
153605	0.001676252072
153606	0.005014414103
153607	0.001659425333
153608	0.005332211333
153609	0.001452080121
153610	0.009688658317
153611	0.01016408655
153612	0.01326540777
153613	0.004886511758
153614	0.002188023371
153615	0.005165740958
153616	0.01072287387
153617	0.004395488669
153618	0.01015828973
153619	0.0002490255959
153620	0.006788478469
153621	0.002139382956
153622	0.004858002835
153623	0.001436670878
153624	0.00509226367
153625	0.001186691657
153626	0.008390297841
153627	0.0004594430639
153628	0.003362228678
153629	0.007582252104
153630	0.001282781214
153631	0.0015755186
153632	0.005195393096
153633	0.01085916431
153634	0.001522965387
153635	0.003760484774
153636	0.0008687424716
153637	0.004982846708
153638	0.002361589012
153639	0.008710924125
153640	0.0180939002
153641	0.00813332597
153642	0.003920538997
153643	0.0004804187054
153644	0.001969266542
153645	0.007529205017
153646	0.006308130406
153647	0.0043035848
153648	0.002661729196
153649	0.000413153437
153650	0.007217733838
153651	0.01116113462
153652	0.005472661439
153653	6.182642366e-05
153654	9.988578615e-05
153655	0.007126004397
153656	0.001119704416
153657	0.001066967067
153658	0.0009962674272
153659	0.001229266197
153660	0.004730767122
153661	0.003959301389
153662	0.005391987826
153663	0.004545052081
153664	0.02059098397
153665	0.004934345457
153666	0.001628059952
153667	0.003395285803
153668	0.0004056070072
153669	0.002567807558
153670	0.001157119484
153671	0.001565901226
153672	0.007137957481
153673	0.004286755317
153674	0.008461504027
153675	0.01567695327
153676	0.004457447573
153677	0.0002140188005
153678	0.01277597988
153679	0.001948070926
153680	0.001890896851
153681	0.005867488485
153682	0.001672061132
153683	0.01185131939
153684	0.002108825417
153685	0.0007855857139
153686	0.003567553991
153687	0.003342142074
153688	0.007463015087
153689	0.002075527145
153690	0.009151786542
153691	0.005310188907
153692	0.002153652165
153693	0.003283458824
153694	0.001193120859
153695	0.003004646812
153696	0.003104168388
153697	0.004285799485
153698	0.009038349156
153699	0.001749941595
153700	0.02128694291
153701	0.001357029699
153702	0.005839045917
153703	0.004186987797
153704	0.008165677433
153705	0.00323094701
153706	0.001386935678
153707	0.01844662396
153708	0.0002018730818
153709	0.002653297978
153710	0.003828691709
153711	0.003046653998
153712	0.002990195069
153713	0.001359823827
153714	0.004266346536
153715	0.01401383684
153716	0.004501430536
153717	0.01123185748
153718	0.001924435301
153719	0.01079281504
153720	0.003830319756
153721	0.008232964886
153722	0.0006462074463
153723	0.009144487954
153724	0.0008070957837
153725	0.004799079772
153726	0.0008511278603
153727	0.02962279116
153728	0.001804030263
153729	0.007067929327
153730	0.0002303445121
153731	0.008421115936
153732	0.004013713347
153733	0.01054138105
153734	0.009493002175
153735	0.002816786182
153736	0.0006352657115
153737	0.001597150398
153738	0.002434297797
153739	0.009098326505
153740	0.007264343394
153741	0.0100312819
153742	0.01064187
153743	0.01361336451
153744	0.0002438025052
153745	0.001704262663
153746	0.01086656363
153747	0.003100941849
153748	0.0007042458871
153749	0.0142068318
153750	0.005865158992
153751	0.0005611877351
153752	0.0001519203182
153753	0.01427463988
153754	0.00415715524
153755	0.003626697453
153756	0.01533238893
153757	0.01655884496
153758	0.005118166913
153759	0.001565129588
153760	0.009455274065
153761	0.005115127567
153762	0.0009458898988
153763	0.006458064384
153764	0.008659294074
153765	0.004382903967
153766	0.001746175815
153767	2.885131923e-05
153768	0.009315934428
153769	0.0008045428329
153770	0.01074996718
153771	0.003987603966
153772	0.00118663727
153773	0.005920536902
153774	0.002786415602
153775	0.003470243367
153776	8.86158115e-05
153777	0.01580788984
153778	0.009697844558
153779	0.001256048551
153780	0.005394483442
153781	0.005255567606
153782	0.0003053668833
153783	0.01548105072
153784	0.005270153577
153785	0.00270407949
153786	0.001170863992
153787	0.007619160842
153788	0.01833241593
153789	0.004182738601
153790	0.002830448577
153791	0.005585239663
153792	0.01250201074
153793	0.0007784442352
153794	0.01351037344
153795	0.01512731041
153796	0.007670721697
153797	0.002977021017
153798	0.0218252538
153799	0.001984441544
153800	0.0009033250346
153801	0.01127461325
153802	0.00362774515
153803	0.005700523438
153804	0.004906203477
153805	0.002019277073
153806	0.005147235011
153807	0.003309430812
153808	0.01161258635
153809	0.005833462604
153810	0.004060718172
153811	0.001344920319
153812	0.003876585037
153813	0.0009262145886
153814	0.01275920037
153815	0.001059554157
153816	0.005350152608
153817	0.0008838624295
153818	0.002115280702
153819	0.005086892732
153820	0.009331188768
153821	0.003072963836
153822	0.003846728421
153823	0.01820445823
153824	0.003332687091
153825	0.005111463774
153826	0.0071974871
153827	0.0006134989069
153828	0.003249293112
153829	0.001149036767
153830	0.008754404567
153831	0.002096461646
153832	0.01888058322
153833	0.01158589015
153834	0.009273255565
153835	0.003542697303
153836	0.001006060415
153837	0.005409772563
153838	0.005000472957
153839	0.01736731664
153840	6.017590851e-08
153841	0.002561861287
153842	0.00183389459
153843	0.002778725924
153844	0.0008192081837
153845	0.01224874756
153846	0.008848992741
153847	0.008523575341
153848	0.00182164625
153849	0.0001858039743
153850	0.005641556612
153851	0.006135297974
153852	0.001442694436
153853	0.001406752369
153854	0.01083211542
153855	0.005207463626
153856	0.004522291724
153857	0.01006729849
153858	0.0059838197
153859	0.01701781826
153860	0.008979476079
153861	0.01704196838
153862	0.0107613019
153863	0.0009343520046
153864	0.002506683965
153865	0.006200051993
153866	0.000436764629
153867	0.009161081492
153868	0.001551611815
153869	0.003579996931
153870	0.001962441083
153871	0.001116997823
153872	0.01110821544
153873	0.015141177
153874	0.01295622142
153875	0.003129507617
153876	0.003946424619
153877	0.004001886046
153878	0.005133152004
153879	0.01440546343
153880	0.001693226459
153881	0.005507717697
153882	0.001472750155
153883	0.002260591609
153884	0.01136504552
153885	0.008926917448
153886	0.003064771276
153887	0.007647696434
153888	0.0001609363925
153889	0.003703107685
153890	0.002264281391
153891	0.004050337536
153892	0.0001481811862
153893	0.0008650963104
153894	0.0009121865077
153895	0.001200053958
153896	0.002760284558
153897	0.001915640546
153898	0.0003304142344
153899	0.00728059898
153900	0.00225019007
153901	0.0007455919004
153902	0.001663418835
153903	0.001928585225
153904	0.00809157391
153905	0.01409622612
153906	0.01257620507
153907	0.01303055278
153908	0.01108246726
153909	0.01219071405
153910	0.01168906595
153911	0.008696160775
153912	0.001655454926
153913	0.005916761605
153914	0.007250947178
153915	0.001439058222
153916	0.0009395972541
153917	0.0001527814398
153918	0.008043804516
153919	0.008150982379
153920	0.003725781616
153921	0.003847637123
153922	0.004628983566
153923	0.0006819421539
153924	0.007206054406
153925	0.003798966457
153926	0.003531156439
153927	0.001658588734
153928	0.001216111497
153929	0.002900275883
153930	0.009622251731
153931	0.001474297134
153932	0.00350122402
153933	0.0006870825488
153934	0.004941113252
153935	0.01073641595
153936	0.001169704788
153937	0.007271695498
153938	8.907921122e-06
153939	0.001881032071
153940	0.00080432484
153941	0.005156831358
153942	0.001494231814
153943	0.0004526006458
153944	0.001345577612
153945	0.007011844
153946	0.0009496560747
153947	0.0001447041599
153948	0.003553243832
153949	0.01219291711
153950	0.002627673302
153951	0.006509197216
153952	0.001727268245
153953	0.01254067836
153954	0.001525161856
153955	0.00445289879
153956	0.0167473422
153957	0.01096357764
153958	0.006779669794
153959	0.01644963044
153960	0.003044385144
153961	0.003344467799
153962	0.004756078617
153963	0.001576661392
153964	0.001655620424
153965	0.007070271733
153966	0.007404375273
153967	0.001576340057
153968	0.01884967675
153969	0.00326376128
153970	0.000290005081
153971	0.004094377155
153972	0.004798320638
153973	0.002152845327
153974	0.004657910114
153975	0.01005934017
153976	0.0006042056685
153977	0.007799120067
153978	0.005876157673
153979	0.00322755872
153980	0.01544526764
153981	0.0005746563857
153982	0.003536903155
153983	0.003584725806
153984	0.002882364985
153985	0.004653008065
153986	0.001136974347
153987	0.004746140433
153988	0.006545458424
153989	0.007962714939
153990	0.003681635359
153991	0.003286349071
153992	0.003216521241
153993	0.002511573152
153994	0.003847254871
153995	0.0006763309507
153996	0.004132190457
153997	0.001587206925
153998	0.001676192436
153999	0.001436843683
154000	0.002180884534
154001	0.002128691655
154002	0.0103982282
154003	0.0117626212
154004	0.00279012422
154005	0.002562928892
154006	0.0117746679
154007	0.004424048243
154008	0.001436069034
154009	0.008984050326
154010	0.0006958748318
154011	0.001827863139
154012	0.01074400614
154013	0.00935460505
154014	0.00350422661
154015	0.0216721108
154016	0.01582521995
154017	0.006101402789
154018	0.003147139178
154019	7.114583319e-05
154020	0.002525705086
154021	0.004368237475
154022	0.01038329975
154023	0.004405976448
154024	0.003745322096
154025	0.003020527638
154026	0.00281040785
154027	0.005669907053
154028	0.007478761833
154029	0.0130901432
154030	0.004750953659
154031	0.0008772783325
154032	0.002225831568
154033	0.01908261588
154034	0.004679190543
154035	0.005355945219
154036	0.004015830636
154037	0.01198584526
154038	0.002263605304
154039	0.0001777127822
154040	0.005831755187
154041	0.006066041669
154042	0.01492562474
154043	0.003055992984
154044	0.005439984273
154045	0.004880501716
154046	0.0001356990623
154047	0.009594531973
154048	0.004347710692
154049	0.008969329942
154050	0.02244265254
154051	0.004205442509
154052	0.003504375208
154053	0.005222389111
154054	0.007348756032
154055	0.001495969014
154056	0.006368969068
154057	0.0006225406882
154058	0.007240979574
154059	0.001250460496
154060	0.01099573158
154061	0.006929043389
154062	0.00420261498
154063	0.009733868944
154064	0.00251248065
154065	0.007369018148
154066	0.0009318962458
154067	0.0003911042531
154068	0.009269385304
154069	0.002614257685
154070	0.0003915779001
154071	0.001629058121
154072	0.0007181593223
154073	0.001307421014
154074	0.006436374461
154075	0.0005632526844
154076	0.001020071893
154077	0.002151819647
154078	0.001172795426
154079	0.02116781224
154080	0.001698363264
154081	0.008814348064
154082	0.004665283342
154083	0.00177148551
154084	0.01184651946
154085	0.001892771726
154086	0.0005124079398
154087	0.0001602349192
154088	0.01668020515
154089	0.005340049633
154090	0.001685545486
154091	0.0004935914907
154092	0.003650146411
154093	0.007192728952
154094	0.005721974413
154095	0.004144908792
154096	0.0003173890292
154097	0.0004807736577
154098	0.001275076875
154099	0.003148334582
154100	0.0003204879866
154101	0.0007352584106
154102	0.009961320528
154103	0.004717469886
154104	0.002918991892
154105	0.006660282712
154106	0.00390684877
154107	0.005734715703
154108	0.009063428154
154109	0.0009930006915
154110	0.003500577672
154111	0.01299445576
154112	0.001766736298
154113	0.0001356412956
154114	0.0009433333718
154115	0.01048983926
154116	0.004207958253
154117	0.004546106268
154118	0.009033321578
154119	0.00427105414
154120	0.007972703694
154121	0.003115493141
154122	0.003596076356
154123	0.003417451566
154124	0.001267792132
154125	0.0006429504001
154126	0.003541307644
154127	0.01662384267
154128	0.005080369761
154129	0.005748621012
154130	0.0001623399568
154131	0.01344057429
154132	0.001187077859
154133	0.01290560001
154134	0.004306117438
154135	0.002869168475
154136	0.0004475870246
154137	0.01189379458
154138	0.002785328045
154139	0.004992606893
154140	0.001349842189
154141	0.003711748317
154142	0.004846284184
154143	0.001611294811
154144	0.002083228223
154145	0.002865809125
154146	0.004083216521
154147	0.001708598084
154148	0.004926596042
154149	0.001232072629
154150	0.001132467095
154151	0.004362005189
154152	0.002974107659
154153	0.001407585667
154154	0.007362504514
154155	0.002473513227
154156	0.001557459126
154157	0.01270976672
154158	0.001815363406
154159	0.003776795186
154160	0.006104369915
154161	0.0004434565494
154162	0.002684429002
154163	0.00400670648
154164	0.01340178174
154165	0.0005009103079
154166	0.002398551223
154167	0.002060617237
154168	0.00315939263
154169	0.002956875356
154170	0.005501033904
154171	0.0008676306842
154172	0.002235032346
154173	0.008274013637
154174	0.001111823336
154175	0.001835808914
154176	0.005242368754
154177	0.001727221441
154178	0.0009491050852
154179	0.003079510117
154180	0.0007431835746
154181	0.00401267242
154182	0.009277710075
154183	0.004539331632
154184	0.006605402445
154185	0.003265267454
154186	0.0009886599894
154187	0.003199167395
154188	0.005931956667
154189	0.005025427783
154190	0.004175128875
154191	0.005105069204
154192	0.009208826125
154193	0.008640109214
154194	0.003218281333
154195	0.01250359206
154196	0.003077230151
154197	0.00360801358
154198	0.002289779691
154199	0.001741538112
154200	0.001243254723
154201	0.001943978688
154202	0.005606291022
154203	0.0006424511781
154204	0.005108848115
154205	0.002012402949
154206	0.001035995869
154207	0.0008745158637
154208	0.001777887969
154209	0.00264375845
154210	0.008042397234
154211	0.001705332393
154212	0.0003395540732
154213	0.0002197052691
154214	0.003591937255
154215	0.001881614379
154216	0.007995376379
154217	0.001951216708
154218	4.377338645e-05
154219	0.006259238617
154220	0.003069380112
154221	0.006300567537
154222	0.0009859387367
154223	0.003618567416
154224	0.001763035658
154225	0.002525064649
154226	0.007582771442
154227	0.001000338952
154228	0.00772869877
154229	0.002005371129
154230	0.004947042598
154231	0.002397605144
154232	0.005607055041
154233	0.004168681892
154234	0.001231030563
154235	0.01033987712
154236	0.000994964879
154237	0.001471439247
154238	0.002777475084
154239	0.0001277246749
154240	0.009547729072
154241	0.002593879934
154242	0.001680102819
154243	0.0002287524663
154244	0.001332848273
154245	0.001029297751
154246	0.005408586354
154247	0.0003095340557
154248	0.004439422023
154249	0.003516971213
154250	0.001476406439
154251	0.003303538917
154252	0.002915582943
154253	0.01396106849
154254	0.01083329894
154255	0.003373431258
154256	0.0009383507231
154257	0.005771538488
154258	0.001168312769
154259	0.006906215671
154260	0.0003713838915
154261	0.002225425594
154262	0.0001635318495
154263	0.003802761244
154264	0.006594847314
154265	0.00480787974
154266	0.001886503373
154267	0.00185975565
154268	0.004267021461
154269	0.00434837918
154270	0.002884471754
154271	0.00203880125
154272	0.004175759791
154273	0.0003879776232
154274	0.01262469716
154275	0.001124637827
154276	0.003746141384
154277	0.0004279330351
154278	0.005268490793
154279	0.01714909445
154280	0.003200005374
154281	0.003893079053
154282	0.001141872835
154283	0.0008809301234
154284	0.006763738657
154285	0.007902049139
154286	0.005931748255
154287	0.0001719636889
154288	0.007437973547
154289	0.003912803249
154290	0.002652231652
154291	0.01005170286
154292	0.00300399022
154293	0.007550934855
154294	0.006572284971
154295	0.004118409905
154296	0.004197904126
154297	0.0002263221011
154298	0.002329246028
154299	0.001896451641
154300	0.01150354088
154301	0.009064504337
154302	0.004890851959
154303	0.009166222503
154304	0.005685746411
154305	0.0004773567833
154306	0.006264713097
154307	0.00207074328
154308	0.0004873236663
154309	0.01027072394
154310	0.01170589118
154311	0.002451268549
154312	0.00710988977
154313	0.006787437725
154314	0.004390234902
154315	0.005293909125
154316	0.009706456227
154317	0.009271652647
154318	0.006533865537
154319	0.001441788808
154320	0.0175633041
154321	0.01435458742
154322	0.005230355617
154323	0.007947454783
154324	0.004355356629
154325	0.003569005515
154326	0.001001006799
154327	0.00026253918
154328	0.002184121519
154329	0.001580671457
154330	0.007588182423
154331	0.00813776194
154332	0.0009409819175
154333	0.008157834693
154334	0.009603477847
154335	0.0006925475364
154336	0.004171333896
154337	0.002013246388
154338	0.002318607106
154339	0.002151868087
154340	0.0001566289676
154341	0.002084788035
154342	0.0003097953154
154343	0.002012772464
154344	0.002722404917
154345	0.001157198702
154346	0.001286297078
154347	0.001905567184
154348	0.001992304884
154349	0.0009119964302
154350	7.996056882e-05
154351	0.0008237744032
154352	0.001033158773
154353	0.009072010809
154354	0.004602991394
154355	0.0003900324058
154356	0.01171090374
154357	0.003557372267
154358	0.001225789559
154359	0.001067283022
154360	0.01967140893
154361	0.008035212826
154362	0.00522553137
154363	0.005425573664
154364	0.007247736718
154365	0.0008791478622
154366	0.003798008191
154367	0.004103557292
154368	0.0002517572724
154369	0.003264666079
154370	0.002513137416
154371	0.0007147906297
154372	0.005696177054
154373	0.006983040035
154374	0.0102280383
154375	0.0003079913086
154376	0.002116971443
154377	0.003429772138
154378	0.00982965943
154379	0.0001212295672
154380	0.002445786473
154381	0.0100522132
154382	0.005577553638
154383	0.01656020023
154384	0.00028991114
154385	0.00378802912
154386	0.004566721722
154387	0.0009365082819
154388	0.00138928672
154389	0.000393431642
154390	0.006165108381
154391	0.002762372201
154392	0.001466867866
154393	0.002492255448
154394	0.01415287992
154395	0.004265032772
154396	0.007263746889
154397	0.00353749333
154398	0.008082353018
154399	0.007591215491
154400	0.001650770015
154401	0.002370911883
154402	0.02063837647
154403	0.0004184436466
154404	0.001203880891
154405	0.006801832608
154406	0.005148581552
154407	0.002249238143
154408	0.002872069556
154409	0.001437963915
154410	0.009405847089
154411	0.001774085714
154412	0.005901058327
154413	0.000733089091
154414	0.002009508822
154415	0.01122964182
154416	0.0008548568029
154417	0.002074029404
154418	0.002047574024
154419	0.01154205202
154420	0.007241699222
154421	0.004629862274
154422	0.004586349286
154423	0.003826545373
154424	0.003272323826
154425	5.640541914e-05
154426	0.001243905211
154427	0.001770735335
154428	0.002570266789
154429	0.0001191553983
154430	0.005288091034
154431	0.000320448909
154432	0.0002598262855
154433	0.001314880706
154434	0.0004218310051
154435	0.002153786264
154436	0.0002061237641
154437	0.0003197502295
154438	0.001632437561
154439	0.0008594171872
154440	0.001972403965
154441	0.001344766711
154442	0.001686242982
154443	0.004860227207
154444	0.00404653299
154445	0.002806182985
154446	0.001584333886
154447	0.01183910424
154448	0.002616385726
154449	0.003408996886
154450	0.004626512499
154451	0.01766215795
154452	0.006717623494
154453	0.002845214333
154454	0.004507552978
154455	0.007750935945
154456	0.002604374943
154457	0.00531856145
154458	0.0002794063533
154459	0.007176159879
154460	0.01040160337
154461	0.002091402137
154462	0.002190609763
154463	0.003935963671
154464	0.0001887477497
154465	0.007042072181
154466	0.002007407089
154467	0.001299525876
154468	0.004422406645
154469	0.009959571048
154470	0.008174832912
154471	0.002455437602
154472	0.00535971208
154473	0.0002560717877
154474	0.004541888974
154475	0.003496297861
154476	0.007638611035
154477	0.002021660473
154478	0.005371947821
154479	0.003667209509
154480	0.005012167796
154481	0.001775936436
154482	0.006423853313
154483	0.0008325906944
154484	0.005284573585
154485	0.006081785272
154486	0.01020194529
154487	0.0005618956437
154488	0.007129619501
154489	0.003432616576
154490	0.0003132283291
154491	0.01676594218
154492	0.003705966883
154493	0.007584957336
154494	0.009951351327
154495	0.006805084606
154496	0.01306239973
154497	0.02090708778
154498	0.006458239058
154499	0.007064059398
154500	0.01118280124
154501	0.002192116964
154502	0.001671587114
154503	0.001226054245
154504	0.004031812993
154505	0.0005309608852
154506	0.008390909945
154507	0.00042615466
154508	0.01458580433
154509	0.006180357546
154510	0.005110774832
154511	0.01579419687
154512	0.001372685231
154513	0.002254066452
154514	0.002045816291
154515	1.883438983e-06
154516	0.001979261663
154517	0.003282216454
154518	0.0007029643605
154519	0.00577822797
154520	0.0038132296
154521	0.0002765166505
154522	0.0002637399497
154523	0.001006473608
154524	0.0006550529556
154525	0.003381469422
154526	0.0007623296731
154527	0.0009646201102
154528	0.0006975462178
154529	0.000469397608
154530	0.00129060533
154531	0.005053894717
154532	0.002601952414
154533	0.001059767523
154534	0.00139625379
154535	0.001399669184
154536	0.0001495181836
154537	0.003563660069
154538	0.001208015995
154539	0.0001409349577
154540	0.002503817031
154541	0.006021943181
154542	0.002654977388
154543	0.001296461145
154544	0.000414248922
154545	0.001687122926
154546	0.0003209157509
154547	0.005302155294
154548	0.00135329374
154549	0.002564316219
154550	0.002045405247
154551	0.0005466325005
154552	0.0009717418993
154553	0.0002591632165
154554	0.0006991465795
154555	0.01233133824
154556	0.01010716682
154557	0.007781820025
154558	0.003194357398
154559	0.007790832876
154560	0.002379756177
154561	0.001033805646
154562	0.0003169896637
154563	0.000972964977
154564	0.0009868157767
154565	0.000168604986
154566	0.0008446854081
154567	0.0003741063066
154568	0.0002675059059
154569	0.0009780519885
154570	0.0005228963305
154571	0.0008305176513
154572	0.0003756645339
154573	0.001586974647
154574	0.002372738388
154575	0.000284392472
154576	0.0006372588138
154577	0.0002873246959
154578	9.112589147e-05
154579	0.0005547278529
154580	0.001246530313
154581	0.001017324332
154582	0.0003481451188
154583	0.000257731322
154584	0.0007422062929
154585	0.001057627221
154586	0.0006478736156
154587	0.0006654540003
154588	0.0008798964323
154589	0.007727072667
154590	0.004486269896
154591	0.002055696212
154592	0.00058958902
154593	0.001607980481
154594	0.004706070545
154595	0.0006233562903
154596	0.002995059682
154597	0.0001113971006
154598	0.005219645325
154599	0.004735435048
154600	0.0009335154011
154601	0.003748643563
154602	0.0009706216933
154603	0.002327177615
154604	0.002193209606
154605	0.001121062229
154606	0.006052264757
154607	0.006160765614
154608	0.004477367355
154609	0.005776467171
154610	0.00811871789
154611	0.003102646938
154612	0.001213321548
154613	0.000870708809
154614	0.003777566383
154615	0.0001274098109
154616	0.005196222502
154617	0.003541795801
154618	0.007071406449
154619	0.003761975178
154620	0.002938493534
154621	0.001667947663
154622	0.0006356084339
154623	0.01206038749
154624	0.01059700819
154625	0.009068040251
154626	0.0002055813522
154627	0.001481212449
154628	0.009641384431
154629	0.002877436419
154630	0.00829986732
154631	0.001175568921
154632	0.002880701313
154633	0.002071076873
154634	0.001597208597
154635	0.01230305247
154636	0.007677833588
154637	0.009394505523
154638	0.002461991015
154639	0.001766829476
154640	0.00515155329
154641	0.01178084519
154642	0.0003512965516
154643	0.02007415315
154644	0.01319380994
154645	0.0007705916024
154646	0.009321751948
154647	0.008017795034
154648	0.001032084951
154649	0.001102339218
154650	0.01001139848
154651	0.005863506833
154652	0.00366049712
154653	0.0002951493959
154654	0.001036638703
154655	0.003056998562
154656	0.00455301221
154657	0.004857002182
154658	0.0005756765827
154659	0.001251071771
154660	0.004412550508
154661	0.0008321089866
154662	0.005452768877
154663	0.005062985228
154664	0.007323703815
154665	0.01312140866
154666	0.01997569641
154667	0.002865744628
154668	0.009432257243
154669	0.001332702932
154670	0.009389505736
154671	0.0007402475867
154672	0.002324818414
154673	0.004890433787
154674	0.0003421414037
154675	0.005695093976
154676	0.01718509368
154677	0.002203474107
154678	0.006620505688
154679	0.01080245557
154680	0.009935643635
154681	0.003455200699
154682	0.008738188014
154683	0.009607616998
154684	0.0001983446859
154685	0.004770779131
154686	0.002230006106
154687	0.001520643988
154688	0.005703547254
154689	0.008283642757
154690	0.008910660624
154691	0.0002669599256
154692	0.00279824558
154693	0.001107957028
154694	0.001045147246
154695	0.005907554817
154696	0.0005462999189
154697	0.0008066902725
154698	0.007216732907
154699	0.003408934506
154700	0.0008991861067
154701	0.004434564185
154702	0.005412601839
154703	0.01458508983
154704	0.002391018012
154705	0.003586746589
154706	0.004207985973
154707	0.01010831152
154708	0.01021165893
154709	0.01133144989
154710	0.0173229009
154711	0.00371123624
154712	0.006963747954
154713	0.007259162026
154714	0.0009629508876
154715	0.005245335109
154716	6.16298235e-05
154717	0.009497541655
154718	0.002884622171
154719	0.004605908142
154720	0.005815168314
154721	0.0009930138877
154722	0.002415286874
154723	0.002818082414
154724	0.004550263476
154725	0.005716397385
154726	0.00459488187
154727	5.364972085e-05
154728	0.004798864452
154729	0.004963951202
154730	0.002509293281
154731	0.004108696452
154732	0.006007390912
154733	0.0003314155596
154734	0.003769603987
154735	0.006357998432
154736	0.005326251431
154737	0.00355325021
154738	0.003222238928
154739	0.002524119008
154740	0.0003156604164
154741	0.003562646804
154742	0.001035886629
154743	0.001295023595
154744	0.004052644985
154745	0.00740177049
154746	0.01040895337
154747	0.00363630779
154748	0.007243050221
154749	0.002743456969
154750	0.001062142433
154751	0.00999397056
154752	0.009555012577
154753	0.006277535106
154754	0.006778186688
154755	0.0004436492576
154756	0.009132136165
154757	0.002777371372
154758	0.001186716406
154759	0.006544084603
154760	0.001158986691
154761	0.001358380728
154762	0.003920018506
154763	0.006658006815
154764	0.006464936499
154765	0.006577345375
154766	0.005642496833
154767	0.0008158247313
154768	0.0237060402
154769	0.01824962509
154770	0.002389761663
154771	0.01082168947
154772	0.002544603248
154773	0.006481210004
154774	0.004514091415
154775	0.002362354488
154776	0.0001188731048
154777	0.003254996966
154778	0.003037897172
154779	0.009779726329
154780	0.01001374161
154781	0.003741434966
154782	0.0001860808448
154783	0.005808101429
154784	0.0003046107686
154785	0.0003004709479
154786	0.0003059764676
154787	0.000300089059
154788	0.000216731675
154789	0.0004174075445
154790	3.263871304e-07
154791	7.926489596e-06
154792	0.0003011244304
154793	9.342838339e-05
154794	0.0004102690032
154795	0.003145527525
154796	0.01356834859
154797	0.0004041257653
154798	0.00448817051
154799	0.004072072695
154800	0.001134839962
154801	0.00701350471
154802	0.01642867325
154803	0.006487327042
154804	0.005681866445
154805	0.002133696497
154806	0.006946294182
154807	7.837961622e-05
154808	0.0002376019156
154809	7.748578354e-05
154810	0.0005131539808
154811	0.0002841751779
154812	0.002363121796
154813	0.0009055414799
154814	0.001522179518
154815	0.0006200534836
154816	0.0001457526683
154817	0.0009568235658
154818	0.001154468617
154819	0.0007409754153
154820	0.0002884283122
154821	0.003076744073
154822	0.0009855251894
154823	0.002199122379
154824	0.005103721626
154825	0.008092320844
154826	0.008759099997
154827	0.006161777623
154828	0.007107004352
154829	0.008807767838
154830	0.008176189449
154831	0.008526747177
154832	0.005097741343
154833	0.005832648484
154834	0.008354199697
154835	0.0009652488731
154836	0.005768222264
154837	0.002081858168
154838	0.007766724329
154839	0.008358695641
154840	0.0001722050346
154841	0.001718938977
154842	0.001714254923
154843	0.006028143393
154844	0.008194279358
154845	0.01331578363
154846	0.00242814663
154847	0.0008571401418
154848	0.003116261308
154849	0.00319738816
154850	0.004984406706
154851	0.0005488652434
154852	0.002389597124
154853	0.003963203741
154854	0.004545251713
154855	0.003792460669
154856	0.006888314136
154857	0.004731508444
154858	0.00628692183
154859	0.0065383187
154860	0.006570148191
154861	0.003320424505
154862	0.01852675944
154863	0.002246034727
154864	0.004582380214
154865	0.002868296781
154866	0.001877364217
154867	0.001721450939
154868	0.002844154008
154869	0.01242325463
154870	0.006308277574
154871	0.003951976681
154872	0.01538509331
154873	0.02005630152
154874	0.004484345414
154875	0.001938697637
154876	0.004534134463
154877	0.005775871244
154878	0.0009020641656
154879	0.009849582526
154880	0.008633188062
154881	0.004395511339
154882	0.002922455867
154883	0.001838556343
154884	0.0167813022
154885	0.004271909737
154886	0.00112318533
154887	0.001558316923
154888	0.006695505199
154889	0.005953011982
154890	0.0003173052761
154891	0
154892	0.00672620196
154893	0.003254692778
154894	0.01437467217
154895	0.006476928995
154896	0.0008429994668
154897	0.003522482863
154898	0.007476545975
154899	0.0005473492176
154900	0.01090540223
154901	0.001609345867
154902	0.007149963172
154903	0.0005786543743
154904	0.007340063549
154905	0.005820223208
154906	0.003792510183
154907	0.01083555991
154908	0.01121219494
154909	0.01150465473
154910	0.00808963729
154911	0.009342132789
154912	0.005518075994
154913	0.001702669258
154914	0.003389525218
154915	0.001509865107
154916	0.001974489651
154917	0.002311966718
154918	0.01235971106
154919	0.002262862848
154920	0.002031655891
154921	0.004517438833
154922	0.0002596888483
154923	0.001672110938
154924	0.0001020484309
154925	0.003208254364
154926	0.001580555043
154927	0.0005141047497
154928	0.0005921368347
154929	0.001451966547
154930	0.0009196003138
154931	0.002940904844
154932	0.00116661655
154933	0.002680107629
154934	0.001445509332
154935	0.001778586478
154936	0.001768110137
154937	0.0005407943501
154938	0.003555397106
154939	0.002316277574
154940	0.002911880596
154941	0.002561158583
154942	0.002054981365
154943	0.001176112397
154944	0.002594599551
154945	0.0007714635315
154946	6.938613114e-05
154947	0.003129432652
154948	0.0002045028288
154949	0.00213951698
154950	0.0002601291289
154951	0.000718597821
154952	0.001367159555
154953	0.002991523951
154954	0.001252857118
154955	0.001158718308
154956	0.002527464501
154957	0.001164492389
154958	0.0006048995769
154959	0.00365787197
154960	1.914118366e-06
154961	0.0009504255251
154962	0.0006643669761
154963	0.001163763983
154964	0.0001725700243
154965	0.002083184286
154966	0.0003790051247
154967	0.003056377104
154968	0.001215401869
154969	0.001484922538
154970	0.0005941176547
154971	0.0001131376369
154972	0.002203964586
154973	0.0005702881291
154974	0.0008291101279
154975	0.002276337356
154976	0.0005947276223
154977	0.001936318758
154978	0.001011564329
154979	0.002169073391
154980	0.0002814859566
154981	0.0005866077951
154982	0.002773845276
154983	0.001505251383
154984	0.00107944977
154985	0.002393155956
154986	0.001822333415
154987	0.000668392239
154988	0.000185286332
154989	0.002471155527
154990	0.0007318187739
154991	0.002806729808
154992	0.006026293902
154993	0.002036373354
154994	0.002504253277
154995	0.001197095316
154996	0.0005505607985
154997	0.0004774017337
154998	0.002179181914
154999	0.000960165414
155000	0.001659806064
155001	0.0009303264394
155002	0.0001657753715
155003	0.0006993814038
155004	0.002033917256
155005	0.001908345678
155006	0.0005744743341
155007	0.007906177088
155008	0.01587104907
155009	0.000933104204
155010	0.008807662595
155011	0.005257800517
155012	0.001951929929
155013	0.0005555402203
155014	0.000202427291
155015	0.01022680784
155016	0.002860268862
155017	0.02111661966
155018	0.0004147973947
155019	6.027395832e-05
155020	0.0003046974387
155021	0.0001650289145
155022	0.0007736998155
155023	0.001302982219
155024	0.00111887148
155025	5.318897319e-05
155026	0.0005122522719
155027	0.002989108697
155028	0.00163098539
155029	0.0006561518172
155030	0.001189700865
155031	0.0008742208884
155032	0.0008363084963
155033	0.0005059590854
155034	0.0008547347509
155035	0.0003089547474
155036	0.0002421009593
155037	7.378092098e-05
155038	0.001570350972
155039	0.003264564467
155040	0.002439747914
155041	8.790351696e-05
155042	0.000387476116
155043	0.0006849183327
155044	0.002274685212
155045	0.0006528820492
155046	0.0004041262145
155047	0.0007907083581
155048	0.001966708486
155049	0.0005153901118
155050	0.0007040153125
155051	0.001398020011
155052	1.278462039e-05
155053	0.00138284243
155054	0.001864245765
155055	0.0002894111605
155056	0.001699101348
155057	0.0015907914
155058	0.000699307709
155059	0.001596029742
155060	0.0003924019464
155061	0.001077481616
155062	0.001154689488
155063	0.001460187458
155064	0.002086584462
155065	9.294773126e-05
155066	0.0006248880095
155067	0.0004974600294
155068	0.001544652432
155069	0.001522668679
155070	0.002035842636
155071	0.002660788341
155072	0.0002937378166
155073	0.0005236382387
155074	0.0003725086791
155075	0.0003829803395
155076	0.0009022515703
155077	0.0001031443649
155078	0.0009245854856
155079	0.0002048162292
155080	0.0005090580679
155081	0.002264144021
155082	0.0004054629575
155083	0.0005276711044
155084	0.002056710055
155085	0.00149275209
155086	0.001656697431
155087	0.001498109198
155088	0.001480741904
155089	0.0008689361945
155090	0.001734346618
155091	0.0009968559031
155092	0.001911263915
155093	0.001072518794
155094	0.003392525974
155095	0.007204703597
155096	0.02461129118
155097	0.01613139562
155098	0.0133780842
155099	0.001054162035
155100	0.001467203788
155101	0.001223905148
155102	0.00095576832
155103	0.001979664686
155104	0.001457461334
155105	0.005855413009
155106	0.0004547291384
155107	0.0181130395
155108	0.006947099691
155109	0.006407948593
155110	0.004531936096
155111	0.002997660661
155112	0.0129079026
155113	0.004728006434
155114	0.007055602242
155115	0.003391874146
155116	0.00763893788
155117	0.001050688096
155118	0.001084509507
155119	0.001586257999
155120	0.0009315909981
155121	0.002224187785
155122	0.0009063902047
155123	0.001029754521
155124	0.001268140606
155125	0.0001198160297
155126	0.0001695046671
155127	0.003101293446
155128	0.001671664446
155129	0.001182575306
155130	0.002808257061
155131	9.580236975e-05
155132	0.001528773021
155133	0.002470158591
155134	0.0007974494685
155135	0.001924656732
155136	0.0004108690278
155137	5.305444562e-06
155138	0.0007523512218
155139	0.0008636954797
155140	0.0009358004485
155141	0.001332639163
155142	0.0012429368
155143	0.001120372488
155144	0.001962812484
155145	0.001468045345
155146	0.001376830958
155147	4.090472056e-06
155148	0.002417819305
155149	0.002931724774
155150	0.0006312585007
155151	0.0004367267785
155152	0.001474294053
155153	0.003289624135
155154	1.945343898e-05
155155	0.0005229270971
155156	0.0008794395445
155157	0.001903935491
155158	0.002247829272
155159	0.003396222401
155160	0.0001121649085
155161	0.00225017237
155162	5.854384416e-05
155163	0.001485499027
155164	0.0006459472086
155165	0.001627208802
155166	0.0008768949146
155167	0.0001934801581
155168	0.0005684490058
155169	0.00152302013
155170	0.00237354888
155171	0.001331501138
155172	2.000543537e-05
155173	0.0005229070479
155174	0.0002052733491
155175	0.001886229222
155176	0.0002589364617
155177	0.00080596128
155178	0.001478912957
155179	0.0005320002588
155180	0.002419761974
155181	0.002106268555
155182	0.003260604776
155183	0.0002386827762
155184	0.0004083826348
155185	0.001741930779
155186	0.002440145307
155187	0.002952776957
155188	0.0003200785276
155189	0.00157656867
155190	0.003402442616
155191	0.000939917632
155192	0.003481354316
155193	0.0006222824158
155194	0.0002240744512
155195	0.001264237011
155196	0.0002582048666
155197	0.002686159415
155198	0.001918285242
155199	0.0006657836127
155200	0.002473093472
155201	0.002226097098
155202	0.001909088272
155203	0.0001482409576
155204	0.0002926136366
155205	0.0004904823943
155206	0.0006453300462
155207	0.0001242460472
155208	0.001289491506
155209	0.002335926394
155210	0.001040121784
155211	0.00332886696
155212	0.001312611816
155213	0.001828431757
155214	0.001881998222
155215	0.0006541122694
155216	0.002729829015
155217	0.000518278
155218	0.001466255894
155219	0.000719252142
155220	0.000200166069
155221	0.001720310437
155222	0.0005169150878
155223	0.001428201786
155224	0.001502104664
155225	0.000913606737
155226	2.16398233e-05
155227	0.000406334296
155228	1.861913177e-05
155229	0.001432054781
155230	0.0006535088144
155231	0.001131260839
155232	0.0005423213401
155233	0.0008948885462
155234	0.0009656591576
155235	0.0005626806433
155236	0.0009360814123
155237	0.0007665087315
155238	0.002223276111
155239	0.003019501266
155240	0.001180281018
155241	0.0008944256191
155242	0.001334109147
155243	0.001535396282
155244	0.001439486062
155245	0.001855911539
155246	6.631951932e-05
155247	0.0001410660485
155248	0.0005194709009
155249	0.001758975472
155250	0.0002250127736
155251	0.00199265232
155252	0.00212050949
155253	0.001331113673
155254	1.232246954e-05
155255	0.0003030987236
155256	0.001438348678
155257	0.002700095472
155258	0.002536912629
155259	0.003040208046
155260	0.001354407293
155261	0.001310619489
155262	0.0005676039396
155263	0.00185078482
155264	0.001136848975
155265	0.001729411412
155266	0.00123576428
155267	0.0004052116104
155268	0.0002895916368
155269	0.0006050206922
155270	0.0007179643644
155271	0.001924971767
155272	0.002114357801
155273	0.0011395664
155274	0.0006004832908
155275	0.0006782194999
155276	0.002811864423
155277	0.002463866186
155278	0.008031913314
155279	0.001028693483
155280	0.0006814470803
155281	0.00470239981
155282	0.01154977793
155283	0.001279956686
155284	0.001622563441
155285	6.015415149e-05
155286	0.003337330081
155287	0.002767691324
155288	0.000379502572
155289	0.004526806864
155290	0.005540259605
155291	0.001764306799
155292	0.001899479397
155293	0.001750430345
155294	0.01285905678
155295	0.00244699764
155296	5.292738392e-05
155297	0.00187027276
155298	0.001614462464
155299	0.004662975675
155300	0.001549415375
155301	0.003897863576
155302	0.001653307332
155303	0.001607469734
155304	0.006989239273
155305	0.01867527628
155306	0.003778980663
155307	0.0001351683237
155308	0.0003476153464
155309	0.002214496986
155310	0.004705621056
155311	0.002575890505
155312	0.01028866663
155313	0.001281643593
155314	0.003811651401
155315	0.0006979299604
155316	0.00241264295
155317	0.003863701134
155318	0.001266512485
155319	0.007384229461
155320	0.00117126591
155321	0.007637590862
155322	0.0007918418471
155323	0.002115178793
155324	0.00361401497
155325	0.0008901833399
155326	0.00782678265
155327	0.00106384255
155328	0.003491056232
155329	0.01270854275
155330	0.002453512899
155331	0.006107533857
155332	0.004428818768
155333	0.003081100215
155334	0.001369747751
155335	0.008187703637
155336	0.0001518992919
155337	0.01083421622
155338	0.003498843006
155339	0.009960062181
155340	0.004191501613
155341	0.00907127007
155342	0.001079819686
155343	0.003556943062
155344	0.003048606792
155345	0.002930648964
155346	0.00580865341
155347	0.01093044916
155348	0.0004107337482
155349	0.00174427422
155350	0.0007721029062
155351	0.00270551043
155352	0.00550936497
155353	0.002673197666
155354	0.005842973004
155355	0.006765360938
155356	0.006059836328
155357	0.003611872035
155358	0.005762563021
155359	0.0008802931116
155360	0.005038448183
155361	0.002382476966
155362	0.001723817904
155363	0
155364	0.00581372907
155365	0.01049681695
155366	0.001116725713
155367	0.003959895614
155368	0.002216240293
155369	0.004784101075
155370	0.004237881019
155371	0.0001605738562
155372	0.003892834656
155373	0.004851409532
155374	0.00697780139
155375	0.0003112774935
155376	0.01087756817
155377	0.008151772252
155378	0.002758847978
155379	0.0006443563693
155380	0.005156528199
155381	0.0006973841939
155382	0.0009839808894
155383	0.001043473977
155384	0.000362215844
155385	0.003906863563
155386	0.003754688453
155387	0.007675901864
155388	0.006919138514
155389	0.005472668829
155390	0.0008174363858
155391	0.01780665392
155392	0.004001922599
155393	0.006221286201
155394	0.006639743969
155395	0.005418213065
155396	0.002404683416
155397	0.0005177990592
155398	0.003038913013
155399	0.0005605256559
155400	0.0012583778
155401	0.02497904624
155402	0.0001650844343
155403	0.00115487255
155404	0.001468900953
155405	0.005075712196
155406	0.01713967091
155407	0.003247822676
155408	0.0008444502774
155409	0.00890677552
155410	0.01072076926
155411	0.005104318437
155412	0.001521245709
155413	0.0001306120956
155414	0.0002530700596
155415	0.0020411419
155416	0.001652790788
155417	0.001775644606
155418	0.003206382736
155419	0.0001326209147
155420	0.0006501072967
155421	0.0008168970037
155422	0.0002192759649
155423	0.005998227929
155424	0.0001851012102
155425	0.004334647928
155426	0.006923023384
155427	0.003626906925
155428	0.002907849345
155429	0.0003504822591
155430	0.003471087671
155431	0.001664606923
155432	0.0004580442907
155433	0.001893136194
155434	0.0077440151
155435	0.007390332547
155436	0.0006931311136
155437	0.0002805257298
155438	0.001693330174
155439	0.003575719616
155440	0.008404379674
155441	0.002478441235
155442	0.002423934117
155443	0.005887328051
155444	0.007046020581
155445	0.002380325416
155446	9.580571348e-05
155447	0.0004987317315
155448	0.005326781746
155449	0.0042633001
155450	0.007655081526
155451	0.006412332344
155452	0.001852428067
155453	0.005178496718
155454	0.001102312479
155455	0.0001497694069
155456	0.009302306087
155457	0.0007924767932
155458	0.008481704875
155459	0.005878921833
155460	0.000304813947
155461	0.000697721415
155462	0.0003442679936
155463	0.001405575702
155464	0.006984459511
155465	0.001828974505
155466	0.00692780794
155467	0.003265115593
155468	6.497628503e-05
155469	0.01519239548
155470	0.007134363381
155471	0.000845361916
155472	0.002930774273
155473	0.007789045539
155474	0.001405477919
155475	0.001970007839
155476	0.0008261897368
155477	0.007076357598
155478	0.00560380258
155479	0.007795334031
155480	0.0002632194265
155481	0.004056623898
155482	0.002170917761
155483	0.004764423983
155484	0.001041839101
155485	0.002807215081
155486	0.004144503367
155487	0.005320870258
155488	0.004495747345
155489	0.005631454738
155490	0.01192841409
155491	0.001416590915
155492	0.0006550028332
155493	0.0007836632174
155494	0.002136094434
155495	0.001836596941
155496	0.004118275676
155497	0.002347237357
155498	0.0006230337613
155499	0.01022926035
155500	0.00622335302
155501	0.007621663133
155502	0.001934069449
155503	0.001512437799
155504	0.003091528372
155505	0.002770874881
155506	0.0006138074634
155507	0.004751598641
155508	0.002183343875
155509	0.0007648510039
155510	0.002736390054
155511	0.0002251676009
155512	0.007290136843
155513	0.003849621585
155514	0.0008527383659
155515	0.0001448855037
155516	0.002933581797
155517	0.002791199069
155518	5.935878121e-05
155519	0.006944925823
155520	0.005992522954
155521	0.002329098905
155522	0.004053483534
155523	0.002483208592
155524	0.002826872988
155525	0.001849213072
155526	0.008803322028
155527	0.006620926597
155528	0.003398548736
155529	0.004928293157
155530	0.001273212293
155531	0.0005710277882
155532	0.006838606766
155533	0.006889175037
155534	0.005717195822
155535	0.002283791715
155536	0.0007849437905
155537	0.007098110841
155538	0.002218551684
155539	0.001809668865
155540	0.001920867556
155541	0.0004961135596
155542	0.00061203819
155543	0.008860830125
155544	0.005360891551
155545	0.004964454308
155546	0.001529324489
155547	0.001446875875
155548	0.003935293479
155549	0.0005671546598
155550	0.001125167727
155551	0.001742501112
155552	0.000335150324
155553	0.002278883775
155554	0.003282467049
155555	0.001236244124
155556	0.0006951425663
155557	0.003390447228
155558	0.005694728669
155559	0.0007484704434
155560	0.001193763044
155561	0.006633108156
155562	0.007428781086
155563	0.001666398969
155564	0.002034784711
155565	0.001831797004
155566	0.000265521734
155567	0.004022197809
155568	0.0009915741522
155569	0.004835549731
155570	0.001595183294
155571	0.006006461433
155572	0.004009510048
155573	0.001765942003
155574	0.009884970611
155575	0.005451065935
155576	0.001229827849
155577	0.0001430245452
155578	0.00115742339
155579	0.0128004181
155580	0.01147536896
155581	0.000150542057
155582	0.003029736994
155583	0.001691725519
155584	0.000595665375
155585	0.0163086037
155586	0.005101201926
155587	0.0008448666689
155588	0.0002878849786
155589	0.001022545645
155590	0.000480224332
155591	0.00431752564
155592	0.001602880831
155593	0.009498544815
155594	0.002845871418
155595	0.003074604669
155596	0.002825324464
155597	0.001614734225
155598	0.004352163027
155599	0.001091721788
155600	0.003715237407
155601	0.0004120658828
155602	0.004485941346
155603	0.007632759758
155604	0.01029591056
155605	0.02198628245
155606	0.00714588966
155607	0.0004316446589
155608	0.01331318357
155609	0.001873545326
155610	0.0002604440771
155611	0.002717390997
155612	0.002679044257
155613	0.002192089785
155614	0.002404354564
155615	0.001381653113
155616	0.001263204596
155617	0.001654998108
155618	0.001999302758
155619	0.002373696244
155620	0.001834016516
155621	0.002902224458
155622	0.001730255728
155623	0.002779569693
155624	0.002801697166
155625	0.002347776138
155626	0.002241693077
155627	0.001929805199
155628	0.002274603296
155629	0.00193960851
155630	0.002563759471
155631	0.003284582582
155632	0.001438818905
155633	0.001333689696
155634	0.001722444906
155635	0.002653920379
155636	0.002177600564
155637	0.001559903374
155638	0.002715058473
155639	0.001536336375
155640	0.006661761928
155641	0.003528220435
155642	0.001701086477
155643	0.003949345209
155644	0.001260971265
155645	0.0005964212242
155646	0.004347465872
155647	1.089744936e-05
155648	0.002864881621
155649	0.004282453011
155650	0.0001289448452
155651	0.006390155858
155652	0.01873029542
155653	0.003332484094
155654	0.002919199688
155655	0.0006987279832
155656	0.0001136281037
155657	0.01181083399
155658	0.0002331917786
155659	0.005542978974
155660	0.007047817621
155661	0.004047671433
155662	0.00126953103
155663	0.0006575877621
155664	0.007254116774
155665	0.003443897013
155666	0.01340721912
155667	0.01327937567
155668	0.004970035734
155669	0.01524385917
155670	0.003684244713
155671	0.002287637554
155672	0.001325881098
155673	0.007898652722
155674	0.008441314255
155675	0.003112348739
155676	0.004806090018
155677	0.003280455085
155678	0.001530440809
155679	0.01763467852
155680	0.001351263347
155681	0.00302482941
155682	0.001416225948
155683	0.01040991062
155684	0.009896298955
155685	0.0005320634535
155686	0.02157189157
155687	0.008840399905
155688	0.01518498407
155689	0.002531695524
155690	0.009488648941
155691	0
155692	0.009091338145
155693	0.004494315827
155694	0.002542414646
155695	0.00630605039
155696	0.0004340271521
155697	0.001611527924
155698	0.01079268624
155699	0.004584606442
155700	0.003658730936
155701	0.001411905643
155702	0.01453027263
155703	0.002502164056
155704	0.005241372544
155705	0.00872663175
155706	0.001465540949
155707	0.01159114969
155708	0.000804776901
155709	0.000390189059
155710	0.01001555293
155711	0.0002900594387
155712	0.001733184489
155713	0.005893548718
155714	0.002538377426
155715	0.0005451083692
155716	0.00322554536
155717	0.003502615561
155718	0.001340990098
155719	0.004910521143
155720	0.0008196188379
155721	0.008085283083
155722	0.001221773441
155723	0.0001835210121
155724	0.0006079121578
155725	0.0008237757944
155726	0.0005983588973
155727	0.0002809130999
155728	0.002242983447
155729	0.008008527974
155730	0.006209923465
155731	0.01452588584
155732	0.003943005213
155733	0.008229995412
155734	0.0004264133978
155735	0.003872418415
155736	0.0001204427001
155737	0.003831465385
155738	0.006451313602
155739	0.0047177241
155740	0.006994893306
155741	0.001624952509
155742	0.001717386942
155743	0.001325265219
155744	0.001067905335
155745	0.0015619532
155746	0.008717642634
155747	0.0009808605528
155748	0.008967812504
155749	0.003524526464
155750	0.003947771172
155751	0.004924080614
155752	0.0005019379489
155753	0.001122573699
155754	0.01320665649
155755	0.002440082577
155756	0.006238603707
155757	0.0002028221417
155758	0.004966274497
155759	0.007823360801
155760	0.001697657609
155761	0.002361793983
155762	0.01438081303
155763	0.008061869781
155764	0.006797251605
155765	0.004538572253
155766	0.00405384761
155767	0.003829172818
155768	0.002996596003
155769	0.009615565932
155770	0.005617407317
155771	0.0001327415374
155772	0.005932754318
155773	0.004732969728
155774	0.003067145975
155775	0.004086309787
155776	0.002042577912
155777	0.002875747958
155778	0.004160229576
155779	0.007175256374
155780	0.001656461525
155781	0.01433655565
155782	0.003147049231
155783	0.009511544047
155784	0.007958143457
155785	0.0009969349573
155786	0.007110541144
155787	0.005485909821
155788	0.002147814773
155789	0.005654473188
155790	0.003551307588
155791	0.004888292866
155792	0.0002510104555
155793	0.004245292613
155794	0.002176018186
155795	0.0002406142137
155796	0.007547807106
155797	0.01489484634
155798	0.002925846948
155799	0.00772318156
155800	0.00422362979
155801	8.691560016e-06
155802	0.008519645781
155803	0.0003432913768
155804	4.90719497e-05
155805	0.0005526379363
155806	0.007597135085
155807	0.003929473159
155808	0.004485164434
155809	0.003426563605
155810	0.007811326242
155811	0.0001442775946
155812	0.006184147225
155813	0.003987238598
155814	0.009420131198
155815	0.002974283991
155816	0.006637815857
155817	0.001988216255
155818	0.002380510644
155819	0.006010032994
155820	0.006980018615
155821	0.005348353616
155822	0.009982402935
155823	0.01190450866
155824	0.001797288988
155825	0.001115889805
155826	0.007155382012
155827	0.004086119215
155828	0.0004619815868
155829	0.00265061944
155830	0.004752503441
155831	0.00374129826
155832	0.000939221835
155833	0.0002622015123
155834	0.01543722579
155835	0.01009690091
155836	0.001784811
155837	0.00509879486
155838	0.003329730734
155839	0.003352288839
155840	0.0003301397068
155841	0.008054460957
155842	0.001863248933
155843	0.007229824956
155844	0.008127854821
155845	0.0007826516746
155846	0.004938015208
155847	0.01398197188
155848	0.007192623273
155849	0.001650914209
155850	0.004190627831
155851	0.007606685508
155852	0.004406878202
155853	0.003600234004
155854	0.002126188211
155855	0.005666819702
155856	0.001240351023
155857	0.003494413801
155858	0.004168364547
155859	0.0002295969158
155860	0.01475927511
155861	0.006805732687
155862	0.000127196323
155863	0.004909235475
155864	0.006304522342
155865	0.004675803871
155866	0.00819037475
155867	0.01446785421
155868	0.00352779104
155869	0.004052994279
155870	0.00277823105
155871	0.003884242925
155872	0.006034252587
155873	0.002755762258
155874	0.00162809533
155875	0.001486261862
155876	0.003316801745
155877	0.00730962287
155878	0.008874373777
155879	0.00288306595
155880	0.0003956454024
155881	0.001856334725
155882	0.008187397587
155883	0.002722310132
155884	0.002045005596
155885	0.008258578132
155886	0.01230402881
155887	0.007602734516
155888	0.001835047499
155889	0.008943388041
155890	0.005115245794
155891	0.005011277343
155892	0.00304591741
155893	0.0005121034054
155894	0.001376377834
155895	0.004958119122
155896	0.002156918496
155897	0.003030581999
155898	0.003720036968
155899	0.003972077884
155900	0.002044824495
155901	0.003703405226
155902	0.009027972329
155903	0.004946221052
155904	0.0007182569236
155905	0.001422763748
155906	0.003912281096
155907	0.01075930955
155908	0.01174793447
155909	0.0002211359909
155910	0.004581461908
155911	0.00378385953
155912	0.002456142096
155913	0.004823317509
155914	0.005347798808
155915	0.003389180495
155916	0.003062837219
155917	0.001290272007
155918	0.002158250314
155919	0.008868566836
155920	0.0192040566
155921	0.00732691475
155922	0.003496345564
155923	0.0002870837893
155924	0.002037255953
155925	0.0009767910285
155926	0.0008008839339
155927	0.003345562297
155928	0.000320008518
155929	0.004861735191
155930	0.002627023819
155931	0.00499467769
155932	0.001915443348
155933	0.0003801345061
155934	0.002561241044
155935	0.0004201593671
155936	0.009881968148
155937	0.007950553289
155938	0.00681150304
155939	0.01951269153
155940	0.0005890401792
155941	0.00562276698
155942	0.01291246948
155943	0.007487191989
155944	0.00177371988
155945	0.008096118753
155946	0.003003192671
155947	0.0001353398879
155948	3.213713926e-05
155949	0.0006853537021
155950	0.0001337329803
155951	0.01218471749
155952	0.008742859429
155953	0.003252747614
155954	0.006855555708
155955	0.007458089346
155956	0.004732527869
155957	0.00316547478
155958	0.001997437645
155959	0.005596961702
155960	0.005122881458
155961	0.0009908703307
155962	0.008197221097
155963	0.001838833514
155964	0.006828755249
155965	0.0006927648707
155966	0.005644223784
155967	0.002395141067
155968	0.00018659995
155969	0.009185889568
155970	0.00062762119
155971	0.001121076234
155972	0.0007035879735
155973	0.004210330425
155974	0.00102797162
155975	0.0003533333459
155976	0.001949033772
155977	0.0007619611862
155978	0.002756116676
155979	0.001480247548
155980	0.001108027578
155981	0.005122978644
155982	0.004823869112
155983	0.007714348893
155984	0.0002879041957
155985	0.002092006713
155986	0.003618836831
155987	0.01250344501
155988	0.001533740153
155989	0.003592046206
155990	0.002145572322
155991	0.007702432357
155992	0.001294913604
155993	0.002768491468
155994	0.008943898406
155995	0.003235795455
155996	0.001087794125
155997	0.001341744176
155998	0.001733037984
155999	0.01056873414
156000	0.00903176475
156001	0.005266525107
156002	7.915635529e-05
156003	0.006613493651
156004	0.0001288341461
156005	0.0009433180734
156006	0.001028182481
156007	0.006970297662
156008	0.0005895225346
156009	0.0002751384908
156010	0.001098895604
156011	0.006067205661
156012	0.008783630028
156013	0.001652123297
156014	0.007704723363
156015	0.007567000052
156016	0.01392558373
156017	0.006395836454
156018	0.008787038205
156019	0.001963362277
156020	0.004732284219
156021	0.0007326806564
156022	0.00349796615
156023	0.005963447566
156024	0.0001550555488
156025	0.0004590630606
156026	0.0007255615385
156027	0.002176321923
156028	0.006175533137
156029	0.009654449128
156030	0.009316978457
156031	0.008421668675
156032	0.005458932821
156033	0.007894937232
156034	0.007916124156
156035	0.001703970704
156036	0.004227068012
156037	0.001026916192
156038	0.00323581124
156039	0.00835110081
156040	0.001204027602
156041	0.002616783592
156042	0.0003994195732
156043	0.01048185533
156044	0.005099791005
156045	0.0003081340895
156046	0.0001485895443
156047	0.0008473443368
156048	1.673180818e-06
156049	0.005687199412
156050	0.009351272034
156051	0.006192743284
156052	0.009846123854
156053	0.004558357717
156054	0.001610043094
156055	0.002525939028
156056	0.005865669508
156057	0.001774593988
156058	0.007300542932
156059	0.005954559321
156060	0.001795103613
156061	0.007530937549
156062	0.00576257484
156063	0.0001362764801
156064	0.002749624301
156065	0.002576717721
156066	0.01248168618
156067	0.0001538186771
156068	0.002018554434
156069	0.01146878525
156070	0.006800299961
156071	0.003409160183
156072	0.009500878752
156073	0.002794772829
156074	0.01111339676
156075	0.0001411833589
156076	0.005911438473
156077	0.003933857099
156078	0.009763886619
156079	0.0005649481271
156080	0.001129943871
156081	0.01185003278
156082	0.005966329073
156083	0.003065041715
156084	0.002255673941
156085	0.0007181892517
156086	0.008783631407
156087	0.007013759582
156088	0.006711541864
156089	0.001457520897
156090	0.0008355521245
156091	0.008783648991
156092	0.002443810679
156093	0.0003021373804
156094	0.0006399766023
156095	0.001338592694
156096	0.01323993162
156097	0.009078713348
156098	0.005435209234
156099	0.0132576707
156100	0.00560312851
156101	0.0009125346395
156102	0.0007554284866
156103	0.002374056777
156104	0.004587569284
156105	0.004626662471
156106	0.006648546555
156107	0.002525735003
156108	0.002427819058
156109	0.008923940381
156110	0.005197313066
156111	0.002293384121
156112	0.009666901789
156113	0.001920521669
156114	0.003090941001
156115	0.005011061769
156116	3.316779472e-05
156117	0.008095955004
156118	0.002093056901
156119	0.0002946161428
156120	0.004186930193
156121	0.01080123452
156122	0.005480075013
156123	0.001959911689
156124	0.0007633580558
156125	0.00716756154
156126	0.003047685656
156127	0.003090461337
156128	0.005701647405
156129	0.006217991372
156130	0.01251456404
156131	0.003464650075
156132	0.001516330211
156133	0.005021874625
156134	0.01051433793
156135	0.001710998766
156136	0.0006580567555
156137	0.007075084616
156138	0.0118553374
156139	0.0005591129217
156140	0.01217847619
156141	0.00144028883
156142	0.01078559662
156143	0.001153227886
156144	0.003582317412
156145	0.0001314792236
156146	0.005406995854
156147	0.0022758386
156148	0.0001898566711
156149	0.004703814033
156150	0.01153567802
156151	0.006951277152
156152	0.01034499843
156153	0.01122228136
156154	0.002880573864
156155	0.01140192317
156156	0.002604268201
156157	0.004358038137
156158	0.007102701047
156159	0.008775950486
156160	0.009695858228
156161	0.006436307404
156162	0.006746596139
156163	0.002789134014
156164	0.004143988114
156165	0.006097774584
156166	0.001943258425
156167	0.009387783629
156168	0.009860690284
156169	0.001316536908
156170	0.004021237055
156171	0.01010299455
156172	0.0008182570901
156173	0.005884411673
156174	0.007291693174
156175	0.0009329460741
156176	0.004732750518
156177	0.007269628964
156178	0.006710424359
156179	0.01086326677
156180	0
156181	0.006451154246
156182	0.001626490401
156183	0.005285797986
156184	0.003047704992
156185	0.01117023338
156186	0.002535925804
156187	0.001146019233
156188	0.005209231261
156189	0.002695135872
156190	0.01041107119
156191	0.001581234237
156192	0.003279730399
156193	0.002073058012
156194	0.002380381828
156195	0.007156868272
156196	0.0001634209365
156197	0.008413606364
156198	0.004831927409
156199	0.01001185515
156200	0.0006029639666
156201	0.001236075369
156202	0.001804652948
156203	0.00581153563
156204	0.0007782576919
156205	0.003333809809
156206	0.006630046125
156207	0.008791182906
156208	0.005692525878
156209	0.001420847774
156210	0.01111929369
156211	0.008414002715
156212	0.003812670253
156213	0.009495156919
156214	0.01372451351
156215	0.006804071706
156216	0.006395106457
156217	0.00213605046
156218	0.004300757823
156219	0.008223667493
156220	0.00148175988
156221	0.01337763337
156222	2.540471604e-06
156223	0.01054304489
156224	0.01028245668
156225	0.0005659080019
156226	0.00278713415
156227	0.0009200495457
156228	0.002148240405
156229	0.008858479175
156230	0.007159481703
156231	0.005242892797
156232	0.01052401726
156233	0.001840423948
156234	0.005198860135
156235	0.003005609684
156236	0.003180865795
156237	0.0001695500246
156238	0.005741000808
156239	0.009012073754
156240	1.323808493e-05
156241	0.00404613566
156242	0.0003405927118
156243	0.006959276651
156244	0.004576739884
156245	0.001144854033
156246	0.008217799021
156247	0.0001745991528
156248	0.009285963903
156249	0.008786296876
156250	0.00858447077
156251	0.009773037369
156252	0.002312051221
156253	0.003313387064
156254	0.007682139988
156255	0.003230468174
156256	0.006129927846
156257	0.009670829261
156258	0.007317853038
156259	0.006884846813
156260	0.01348627768
156261	0.002245924937
156262	0.01127677659
156263	0.002161698091
156264	0.0009421945277
156265	0.008741238844
156266	0.0004394630852
156267	0.01086276283
156268	0.005636566092
156269	0.0008252916308
156270	0.01123834264
156271	0.002685872572
156272	0.007916771182
156273	0.003605348862
156274	0.001444128155
156275	0.001478696208
156276	0.01124843898
156277	0.0004681075126
156278	0.003218664607
156279	0.006073160176
156280	0.009512779472
156281	0.008790793241
156282	0.00369963513
156283	0.005835880932
156284	0.002373037818
156285	0.0007981733814
156286	0.01159979339
156287	0.003487333282
156288	0.004736755344
156289	0.003355428973
156290	0.006406846128
156291	0.0009084668912
156292	0.01088471882
156293	0.005254641883
156294	0.002922106897
156295	0.002812277709
156296	0.009383027611
156297	0.004715052306
156298	8.412883467e-05
156299	0.001349452031
156300	0.006075631794
156301	0.006469432457
156302	0.002898557308
156303	0.003752693607
156304	0.003644510927
156305	0.004159906089
156306	0.01040749993
156307	0
156308	0.006042727903
156309	0.01104111913
156310	0.001958073336
156311	0.008434272742
156312	0.006112032782
156313	0.001040457189
156314	0.009679056403
156315	0.01101686415
156316	0.002225235553
156317	0.0005961940533
156318	0.008737102571
156319	0.009674809058
156320	0.01125286778
156321	0.001173308898
156322	0.01216091735
156323	0.0001677115976
156324	0.009066736827
156325	0.006492079826
156326	0.001816589568
156327	0.002087322497
156328	0.001615674137
156329	0.003302561933
156330	0.008500794669
156331	0.01044245948
156332	0.006911682668
156333	0.001548641077
156334	0.009225657933
156335	0.00556586874
156336	0.005571228399
156337	0.001517068985
156338	0.0008449136562
156339	0.006458539563
156340	0.009652808527
156341	0.009189411967
156342	0.0008806298705
156343	0.009483650434
156344	0.0002422602759
156345	0.006022351675
156346	0.003971175242
156347	0.007936939961
156348	0.01012653644
156349	0.009382952773
156350	0.002514417522
156351	0.009372489263
156352	0.01024331505
156353	8.850460954e-06
156354	0.0007043260303
156355	0.008706209102
156356	0.000250418532
156357	0.004358102508
156358	0.001926618149
156359	0.0007085790683
156360	0.009014947766
156361	0.006925632476
156362	0.001657174573
156363	0.002438644148
156364	0.01070932146
156365	0.006081552142
156366	0.0007353391277
156367	0.005304801643
156368	0.008783735918
156369	0.0005923563148
156370	0.009367549338
156371	0.001833295175
156372	0.0006318151174
156373	0.01110536465
156374	0.002428320589
156375	0.002379447045
156376	0.006567983055
156377	0.004622394435
156378	0.002023897218
156379	0.01244643828
156380	0.006245908157
156381	0.005466698457
156382	0.009391288918
156383	0.005046504012
156384	0.001643347381
156385	0.007672666145
156386	4.069360737e-06
156387	0.004001591675
156388	0.009810041091
156389	0.0005751545416
156390	0.0009515881796
156391	0.005071417424
156392	0.01364912963
156393	0.0009028808713
156394	0.002871501555
156395	0.006383599658
156396	0.008782834476
156397	0.0009599776013
156398	0.0006528465993
156399	0.009202758033
156400	0.00741392289
156401	0.0138941992
156402	0.00250713415
156403	0.008422069986
156404	0.00438442521
156405	0.01124209199
156406	0.0007334085073
156407	0.002052427556
156408	0.0006354145875
156409	0.008951532508
156410	0.0004086791768
156411	0.003005455448
156412	0.008811288607
156413	0.003432311735
156414	0.00981567524
156415	0.007905145881
156416	0.007834767099
156417	0.00717314954
156418	0.002338914978
156419	0.001164997903
156420	0.003126367636
156421	0.002273129837
156422	0.007668364045
156423	0.004351105045
156424	8.365904092e-07
156425	0.0001927359895
156426	0.004723403613
156427	0.005944011031
156428	0.0004177643743
156429	0.01221931818
156430	0.007338397746
156431	0.009587316301
156432	0.002327829012
156433	0.000350071074
156434	0.006531878141
156435	0.0007012734032
156436	0.01245371897
156437	0.001501207111
156438	0.00935589144
156439	0.0102112932
156440	0.005085076076
156441	0.007301123705
156442	0.01080701213
156443	0.000724404105
156444	0.01033877416
156445	0.005668311888
156446	0.00846889392
156447	0.0005951539862
156448	0.007100350035
156449	0.00218437254
156450	0.004468197622
156451	0.01347566502
156452	0.002811376921
156453	0.00784916906
156454	0.0002909046652
156455	0.002822386049
156456	0.009691306627
156457	0.00984420721
156458	0.009725626577
156459	0.0006074697526
156460	0.007250772249
156461	0.005232748774
156462	0.0004006729132
156463	0.005343573064
156464	0.01260161001
156465	0.003598164529
156466	0.002027294381
156467	0.003866779745
156468	0.00166519478
156469	0.002721087831
156470	0.003378618751
156471	0.001002597676
156472	0.007238157356
156473	0.001603532765
156474	0.004478002917
156475	0.004765288583
156476	0.01034398371
156477	0.00874372488
156478	0.01173595044
156479	0.004219191205
156480	0.005846906713
156481	0.002305502313
156482	0.006105922735
156483	0.00221159282
156484	0.001421494044
156485	0.0005460097781
156486	0.001324951557
156487	0.009521015518
156488	0.001711449249
156489	0.004758054486
156490	0.007888770555
156491	0.004206581707
156492	0.004722184152
156493	0.0008891691155
156494	0.008659402358
156495	0.003229270394
156496	0.009227025486
156497	0.0034033319
156498	0.0003757643036
156499	0.005919569053
156500	0.004291569495
156501	0.005751269259
156502	0.001248349533
156503	0.0001408843566
156504	0.006127897547
156505	0.002207956862
156506	0.009799989975
156507	0.002227062051
156508	0.004932047222
156509	0.002221644007
156510	0.004148075738
156511	0.007157145443
156512	0.007481986595
156513	0.003648625153
156514	0.0008920087406
156515	0.0007338311564
156516	0.002955557458
156517	0.001317898563
156518	0.009054309499
156519	0.001069763929
156520	0.007075974733
156521	0.004152912746
156522	0.003851978862
156523	0.006877944701
156524	0.004866296444
156525	0.001167897255
156526	0.01080506231
156527	0.001170128926
156528	0.01083253833
156529	0.007782760433
156530	0.009364646103
156531	0.008445033238
156532	0.001296004273
156533	0.009385226852
156534	0.0004110219804
156535	0.0002142741902
156536	0.003120319079
156537	0.000302879437
156538	0.001600915229
156539	0.001403567543
156540	0.002081738183
156541	0.001769156898
156542	0.0008615961885
156543	0.002205610047
156544	0.007415942573
156545	0.001904760212
156546	0.001364111026
156547	0.0001850402214
156548	0.007373691625
156549	0.002221292958
156550	0.0008187890166
156551	0.008912228842
156552	0.0003354397052
156553	0.009705052894
156554	0.003092416463
156555	0.0007058688701
156556	0.0006594588999
156557	0.0077930518
156558	0.01320529797
156559	0.001620630854
156560	0.0008749267965
156561	0.0008143894104
156562	0.0007025731025
156563	0.009428561994
156564	0.00171345528
156565	0.0100481213
156566	0.005187539369
156567	0.002268973462
156568	0.0002190642508
156569	0.005212164163
156570	0.0009656468332
156571	0.0006266722476
156572	0.0002100539481
156573	0.0009681173155
156574	0.0004457868115
156575	0.004302130359
156576	0.003615214042
156577	0.0001791963285
156578	0.002477763162
156579	0.003949060303
156580	0.002679380159
156581	0.000845048081
156582	9.19598411e-05
156583	0.001397254448
156584	0.0004223255749
156585	0.000804914292
156586	0.004327682453
156587	0.0009366442037
156588	0.01467836243
156589	0.01602975633
156590	0.003526902465
156591	0.01087962984
156592	8.763077672e-05
156593	0.006216623228
156594	0.006200697147
156595	0.005823322511
156596	0.003557660273
156597	0.01392696692
156598	0.002347527931
156599	0.002315584257
156600	0.0002325939312
156601	0.0008048318088
156602	0.001336905581
156603	0.006535130492
156604	0.001007217866
156605	0.0006608226537
156606	0.001327337665
156607	0.004502432102
156608	0.008639550998
156609	0.002898453369
156610	0.001303057437
156611	0.003519048076
156612	0.001757046722
156613	0.0006548594822
156614	0.0004505487116
156615	0.003345859412
156616	0.002213063154
156617	0.0001053623581
156618	0.001190755604
156619	0.007456700987
156620	0.01029488043
156621	0.01069570975
156622	0.00231527674
156623	0.009148459251
156624	0.0003624552569
156625	0.00107367842
156626	0.001056679374
156627	0.0001451949678
156628	0.0001987517337
156629	0.0001769982457
156630	0.001406511165
156631	0.0004588771878
156632	0.0002353374054
156633	0.0002201958182
156634	0.00129326547
156635	0.0002235247047
156636	0.000697522527
156637	0.0002443943948
156638	0.0002618304846
156639	0.002511494718
156640	0.001075885786
156641	0.001084300539
156642	0.001814249665
156643	0.00443911817
156644	0.000984463229
156645	0.007794571652
156646	0.0009698124717
156647	0.004286862771
156648	0.003655413867
156649	0.001100475265
156650	0.000352310788
156651	0.001493393971
156652	0.0001545408739
156653	0.001650992545
156654	0.0007116958615
156655	0.006345748229
156656	0.001759582109
156657	0.004099933968
156658	0.002449346052
156659	0.01572647328
156660	0.005309034214
156661	0.007032805724
156662	0.004201209354
156663	3.683785167e-05
156664	0.0001184431978
156665	0.0008561617891
156666	0.001002217239
156667	0.001323610091
156668	0.0003660548114
156669	0.007367989809
156670	0.01768774482
156671	0.01611117106
156672	0.01829825483
156673	0.01648487616
156674	0.01558643778
156675	0.006639145832
156676	0.004187646914
156677	0.007176528103
156678	0.001197803904
156679	0.0004627260634
156680	0.001847866784
156681	0.006652111964
156682	0.004910107973
156683	0.005931136834
156684	0.006054151856
156685	1.178897731e-06
156686	6.338586355e-05
156687	0.001101213171
156688	0.00226425052
156689	0.002339329788
156690	0.001223617551
156691	0.006416384134
156692	0.005624493724
156693	0.006447662921
156694	0.001865005804
156695	0.003635666887
156696	0.001964559005
156697	0.000426895027
156698	0.005580022605
156699	0.009237121243
156700	0.0009307429042
156701	0.001631294008
156702	0.006775752176
156703	0.00269762134
156704	0.004466024155
156705	0.0001416022396
156706	0.001638999821
156707	0.002629003082
156708	0.001726747226
156709	0.009238611694
156710	0.007778521037
156711	0.006486288653
156712	0.00060191761
156713	0.0004222926688
156714	0.002793809598
156715	0.007951823451
156716	0.005319723172
156717	0.004796702084
156718	0.005839574947
156719	0.0031066848
156720	0.004134606995
156721	0.005455894058
156722	0.001498776042
156723	0.004821894886
156724	0.001325541266
156725	0.0008681316188
156726	0.007492250294
156727	0.003753517545
156728	0.00614702987
156729	0.008708893137
156730	0.008280118932
156731	0.007547371595
156732	0.002224789707
156733	0.01042284734
156734	0.0004995849021
156735	0.00618526116
156736	0.0004897759113
156737	0.013267333
156738	0.01192557976
156739	0.003189431982
156740	0.000896104671
156741	0.0006260751526
156742	0.0008878401258
156743	0.006329185538
156744	0.001618112189
156745	0.001731956909
156746	0.0008388263774
156747	0.002546481771
156748	0.004725812133
156749	0.004298467755
156750	0.01075127334
156751	0.001243419046
156752	0.004708872737
156753	0.01075762854
156754	0.00504068064
156755	0.005515797577
156756	0.009791446173
156757	0.003958454303
156758	0.002360743705
156759	0.009810198308
156760	0.002934014463
156761	0.0064687685
156762	0.001702915242
156763	0.002203413598
156764	0.002356624314
156765	0.002928946291
156766	0.001939950963
156767	0.001951666311
156768	0.00565510819
156769	0.004576165957
156770	0.000318630737
156771	0.007026527128
156772	0.002159758433
156773	0.0006756560387
156774	0.004392731595
156775	0.001682764249
156776	0.0009601347676
156777	0.009392513789
156778	0.001220312336
156779	0.002156560377
156780	0.002818162953
156781	0.005102615718
156782	0.006437463319
156783	0.005898692995
156784	0.0008546826938
156785	0.009171357992
156786	0.004663694341
156787	0.000115982996
156788	0.001401390648
156789	0.005358530725
156790	0.001436987769
156791	0.002625470546
156792	0.007217183611
156793	0.0009755389023
156794	0.002067005805
156795	0.006319640625
156796	0.003233064167
156797	0.001196476951
156798	0.00254684424
156799	0.008387615051
156800	0.007152070439
156801	0.003335563137
156802	3.659904774e-06
156803	0.003226461693
156804	0.001224229127
156805	0.002316557026
156806	0.0004623125402
156807	0.003179409013
156808	0.01451759957
156809	0.002558966883
156810	0.01097249586
156811	0.001969767107
156812	0.004212672436
156813	0.00219981189
156814	0.008503199424
156815	0.004081750302
156816	0.003497589616
156817	0.009159260288
156818	0.0122183988
156819	0.003804641501
156820	0.004689443783
156821	0.001063066907
156822	0.004333290334
156823	0.0003292908695
156824	0.0001802541114
156825	0.01004859709
156826	0.002067123964
156827	0.0004745528106
156828	0.006809773837
156829	0.0005466932075
156830	0.002856701489
156831	0.01112683017
156832	0.0004825843505
156833	0.007990948828
156834	0.002866767406
156835	0.01502640154
156836	0.003327079061
156837	0.0009137570021
156838	0.01218994504
156839	0.0008191088897
156840	0.004748634114
156841	0.0002610371274
156842	0.007079030364
156843	0.0006944322756
156844	0.003446109175
156845	0.008155373049
156846	0.00799391706
156847	0.01343999236
156848	0.0003666460138
156849	0.01072778765
156850	0.006278191889
156851	0.003020950355
156852	0.001579373441
156853	0.0005495113171
156854	0.01329421813
156855	0.008883077148
156856	0.00596792086
156857	0.001273024503
156858	0.006322207997
156859	0.01025847568
156860	0.0002683773192
156861	0.003291777207
156862	0.006381319772
156863	0.008397186003
156864	0.01218285838
156865	0.001449977656
156866	0.009140663083
156867	0.00950192847
156868	0.0002239316235
156869	0.004649260901
156870	0.003120670447
156871	0.0005748301624
156872	0.003160092749
156873	0.005262969403
156874	0.003280020133
156875	0.004914666915
156876	0.00958545872
156877	0.01179086409
156878	0.01415674352
156879	0.01351108335
156880	0.001604441184
156881	0.0009617369873
156882	0.03058737484
156883	5.451358907e-05
156884	0.006632190757
156885	0.01258000771
156886	0.001746870861
156887	0.00794053026
156888	0.002461809452
156889	0.009889782289
156890	0.001589702539
156891	0.006345477052
156892	0.009535885902
156893	0.01385601146
156894	0.005823499904
156895	0.0113894317
156896	0.0109143199
156897	0.001381578129
156898	0.01118228501
156899	0.004588753572
156900	0.00829486395
156901	0.01299337448
156902	0.01088963458
156903	0.006833994078
156904	4.057487982e-05
156905	0.0187026991
156906	0.0006138633216
156907	0.003324444631
156908	0.00309735592
156909	0.008855781324
156910	0.008525351525
156911	0.003215761994
156912	0.003354827783
156913	0.005530310556
156914	0.004099955354
156915	0.002691149516
156916	0.005840577243
156917	0.00553662622
156918	0.001958003134
156919	0.005115918057
156920	0.003978478286
156921	0
156922	0.002366659071
156923	0.004236876079
156924	0.01398139843
156925	0.01264486967
156926	0.003758798714
156927	0.01535598355
156928	0.001479853273
156929	0.002839958748
156930	0.0082103054
156931	0.001163361825
156932	0.004475048939
156933	0.001531876773
156934	0.01391445658
156935	0.002076172884
156936	0.007912448569
156937	0.002492345123
156938	0.0003772753123
156939	0.006117724761
156940	0.01678092275
156941	0.001018381762
156942	0.01329297406
156943	0.01191289555
156944	0.003918423395
156945	0.005062720779
156946	0.004391067482
156947	0.00399985032
156948	0.0005616077778
156949	0.0007002003621
156950	0.009962548857
156951	0.001489779898
156952	0.001418477869
156953	0.002535867151
156954	0.006405618359
156955	0.01329291658
156956	0.01336000202
156957	0.01576280495
156958	0.01108711901
156959	0.001908256722
156960	0.009880612759
156961	0.001506473129
156962	0.002774014593
156963	0.007211639607
156964	0.008526220909
156965	0.0007523396405
156966	0.01194382538
156967	0.001327390641
156968	0.001991840811
156969	0.004998225809
156970	0.01905759508
156971	0.003825835544
156972	0.007171152516
156973	0.004063104029
156974	0.008088328544
156975	0.003135400622
156976	0.01108933219
156977	0.01219616188
156978	0.01282960603
156979	8.949526222e-05
156980	0.003169493681
156981	0.005929066962
156982	0.005059298385
156983	0.008352470386
156984	0.001479051548
156985	0.008950279669
156986	0.01056358272
156987	0.003564350916
156988	0.002404555547
156989	0.01896641879
156990	0.001947253157
156991	0.00802617642
156992	0.003437441531
156993	0.005416055563
156994	0.003994898643
156995	0.007142479279
156996	0.005791676361
156997	0.01051077235
156998	0.008583572764
156999	0.004306461849
157000	0.01349576879
157001	0.004074700359
157002	0.006776150467
157003	0.01315774647
157004	0.001973687251
157005	0.0008870383095
157006	0.004669338238
157007	0.003339291741
157008	0.007549711703
157009	0.004022807338
157010	0.0001252930422
157011	0.003864649165
157012	0.001845301745
157013	0.003726039516
157014	0.005922504132
157015	0.003292135779
157016	0.01101886613
157017	0.007853513663
157018	0.001546127898
157019	0.004501192112
157020	0.001153315622
157021	0.01253059398
157022	0.01251307383
157023	0.002343475408
157024	0.009571709125
157025	0.004277016771
157026	0.0003684354873
157027	0.005014202882
157028	0.0004539600615
157029	0.0005407593619
157030	0.02160217873
157031	0.01002969956
157032	0.00506940128
157033	0.00503835909
157034	0.01109191354
157035	0.0004317352202
157036	0.01626965771
157037	0.002106366441
157038	0.002224945044
157039	0.004376796782
157040	0.01115250285
157041	0.01640927611
157042	0.01263221119
157043	0.006379423159
157044	0.002991607821
157045	0.005133277848
157046	0.01008749709
157047	0.002009679665
157048	0.005503501069
157049	0.006718747712
157050	0.007567950132
157051	0.002919727598
157052	0.005816907725
157053	0.002337470432
157054	0.0008080980625
157055	0.01425627807
157056	0.004510140555
157057	0.006102805728
157058	0.005196118999
157059	0.001925917424
157060	0.01310246904
157061	0.00217789637
157062	0.004439653197
157063	0.01929786758
157064	0.002027009999
157065	0.003388436481
157066	0.01031912591
157067	0.008673216756
157068	3.913406516e-05
157069	0.005209991261
157070	0.001921421309
157071	0.001667095727
157072	0.001308893404
157073	0.001728494108
157074	0.005091132109
157075	6.981631051e-05
157076	0.002953654047
157077	0.0003598144621
157078	0.001293505646
157079	0.007559746012
157080	0.004413912997
157081	0.001999105115
157082	0.02343651821
157083	0.004098392334
157084	0.006466902809
157085	0.0003790193461
157086	0.0134663548
157087	0.003726269877
157088	0.008270180457
157089	0.001204956927
157090	0.001188252873
157091	0.000793352027
157092	0.0009590997449
157093	0.003934866762
157094	0.001552012638
157095	0.0005810325801
157096	0.003321784532
157097	0.0003423747145
157098	0.003318370018
157099	0.004991169618
157100	0.0007913997122
157101	0.00151612853
157102	0.002836064853
157103	0.0004434708272
157104	3.231627551e-08
157105	0.0003400615741
157106	0.0018573874
157107	0.00358135118
157108	0.003001665189
157109	0.0007290738692
157110	0.005738446127
157111	0.001173634664
157112	0.0002650331952
157113	0.0009564173815
157114	0.00254217654
157115	0.00204540444
157116	0.001977447899
157117	0.001431799476
157118	0.002945912125
157119	0.0002578052522
157120	0.002454850011
157121	0.001310211855
157122	0.0004374402289
157123	0.001626316656
157124	0.001838724951
157125	0.007082719417
157126	0.0006972262536
157127	0.00233989972
157128	0.00350395255
157129	0.0004282340767
157130	0.004164435998
157131	0.005480247143
157132	0.001058686565
157133	0.005876990181
157134	0.008216745997
157135	0.01068182485
157136	0.003906272775
157137	0.00263969665
157138	0.002805670235
157139	0.002206644896
157140	0.009930161425
157141	0.0101902824
157142	0.001732422241
157143	0.007048770665
157144	0.02024851683
157145	0.001790750638
157146	0.002240262336
157147	0.001279514371
157148	0.0001223039105
157149	0.003465839935
157150	0.002331992436
157151	0.006218682799
157152	0.000384483213
157153	0.0007740272754
157154	0.002920735344
157155	0.003437331351
157156	0.003122924389
157157	0.002163501793
157158	0.002197760081
157159	0.005312694935
157160	0.0006142848179
157161	0.0002669488565
157162	0.00214616253
157163	0.000370101059
157164	0.005803011184
157165	0.00695416754
157166	0.009646021312
157167	0.002292471593
157168	0.0005747820265
157169	0.003535279537
157170	0.01039342073
157171	0.00242179545
157172	0.005016055884
157173	0.004427174593
157174	0.01006772951
157175	0.001091607978
157176	0.0004202999082
157177	0.004240440939
157178	0.004415622502
157179	0.00438438078
157180	0.002754334933
157181	0.001225094306
157182	0.0004361651924
157183	0.0001014048054
157184	0.001531317639
157185	7.746241959e-05
157186	0.002885383222
157187	0.01400028334
157188	0.0009126157779
157189	0.008182291533
157190	0.004262944869
157191	0.01841175753
157192	0.0008989988175
157193	0.0004634127356
157194	0.002097160185
157195	0.001055770453
157196	0.002917584504
157197	0.00245133154
157198	3.135963968e-06
157199	0.001746168143
157200	0.001822653713
157201	0.003114006093
157202	0.001800536806
157203	0.002878475689
157204	0.002467175221
157205	0.0007290080576
157206	0.003391819454
157207	0.001021356909
157208	0.0003383060904
157209	0.001223968445
157210	0.002274863905
157211	0.001643935658
157212	0.003655767613
157213	0.0005245056819
157214	0.001271554756
157215	0.002087398408
157216	0.0006308637344
157217	0.002539759612
157218	0.002734139412
157219	0.001877701123
157220	0.00513077746
157221	0.003142033032
157222	0.001017817601
157223	0
157224	0.0001303347084
157225	0.0003736423916
157226	0.003371545968
157227	0.001058910337
157228	0.001674858239
157229	0.0004749585644
157230	0.0001165744433
157231	0.0008750733399
157232	0.00353822541
157233	0.002334580357
157234	0.001276085472
157235	0.0006013152929
157236	0.0005077581421
157237	0.003051555484
157238	0.003645585346
157239	0.002582492125
157240	0.0005958058172
157241	0.002302194563
157242	0.002255561526
157243	0.001402741752
157244	0.003619836954
157245	0.002965391964
157246	0.0002109812297
157247	0.001548273275
157248	0.0009059908928
157249	0.00180154519
157250	0.0002503682294
157251	0.0001278296139
157252	0.0004293200955
157253	0.0008505970588
157254	0.003028970423
157255	0.0007968632616
157256	0.003597172273
157257	0.0004956774898
157258	0.001719290012
157259	0.0002326097086
157260	0.000630859076
157261	0.00192157889
157262	0.002888281608
157263	0.001786270856
157264	0.002295172524
157265	0.00164053912
157266	0.001639672959
157267	0.001902815303
157268	0.001459250388
157269	0.002178640181
157270	0.003280054362
157271	0.001969148546
157272	0.0001437277104
157273	0.001927573254
157274	0.0004848116836
157275	0.001514533421
157276	0.001725190844
157277	0.0006847557897
157278	0.003660659551
157279	0.003388793879
157280	0.001130460636
157281	0.0001248678906
157282	0.0002245655244
157283	0.002317086848
157284	0.0001300659436
157285	0.002648860243
157286	0.004530320215
157287	0.0002080809001
157288	0.001298268095
157289	0.000468868698
157290	0.001344438834
157291	0.002118717108
157292	0.000525732645
157293	0.002030999401
157294	0.0002604038719
157295	0.005596333385
157296	0.001494994004
157297	0.005119866072
157298	0.01359546298
157299	0.01223676729
157300	0.000694540433
157301	0.00229682473
157302	2.003716803e-06
157303	0.001830529609
157304	0.004017157323
157305	0.008509911622
157306	0.002865332032
157307	0.004122625928
157308	0.00169268124
157309	0.009339649587
157310	0.005890219229
157311	0.00641211636
157312	0.0001052996793
157313	0.0001972936143
157314	0.003564962359
157315	0.004521922235
157316	0.002368510241
157317	0.001284069269
157318	0.005100837169
157319	0.002001703838
157320	7.347187338e-05
157321	0.008069918292
157322	0.005933133511
157323	0.003156892181
157324	0.001570650366
157325	0.003326084358
157326	0.003247757824
157327	0.007584830298
157328	0.003221995318
157329	0.0009309716832
157330	0.00450350478
157331	0.002574789562
157332	0.00525844677
157333	0.003452449438
157334	0.004361545947
157335	0.001872404014
157336	0.003300741112
157337	0.01391082152
157338	0.0003360409298
157339	0.0008861434386
157340	0.002002401508
157341	0.004141790782
157342	0.002797215648
157343	0.004387796373
157344	0.001847687291
157345	0.001199595876
157346	0.002031707219
157347	0.001829170995
157348	0.003636064127
157349	0.003391282855
157350	0.005631201779
157351	0.003425109636
157352	0.001415993151
157353	0.001131483198
157354	0.00243866146
157355	0.001925543296
157356	0
157357	0.002369554021
157358	0.005435689232
157359	0.004038718896
157360	0.0002593418381
157361	0.0008969428549
157362	0.0003682723083
157363	1.473761323e-06
157364	0.001154981595
157365	0.0007790257756
157366	0.0003366589543
157367	0.0002250233409
157368	0.0003073392997
157369	0.00114752991
157370	6.180500975e-05
157371	0.001109097656
157372	0.001267327666
157373	0.0001638469083
157374	0.0005273402948
157375	0.0004195434058
157376	0.0005161085671
157377	0.0001956331131
157378	9.526237558e-05
157379	0.0006291368422
157380	0.0007922129125
157381	0.0002558925502
157382	0.0005454641185
157383	0.0004156958652
157384	0.0004670436563
157385	0.0006753171036
157386	0.0002381751334
157387	0.001297098859
157388	0.000354304466
157389	0.001481446951
157390	0.001193548699
157391	0.002927377878
157392	0.001597475252
157393	0.0005613969127
157394	0.001249594726
157395	0.003247370464
157396	0.0004318378213
157397	0.009477331999
157398	0.008370972853
157399	0.0001146808303
157400	0.002966460185
157401	0.01521554271
157402	0.0174000317
157403	0.002534450085
157404	0.0003235764655
157405	0.01066515084
157406	0.003006744074
157407	0.0003191259207
157408	0.008771012554
157409	0.004261210678
157410	0.005542494511
157411	0.003620190371
157412	0.0159092347
157413	0.0004979301434
157414	0.006066262816
157415	0.005974635064
157416	0.008694401418
157417	0.005874840642
157418	0.0103083309
157419	0.007530811563
157420	8.110049423e-05
157421	0.002134946317
157422	0.004255825869
157423	0.005478365255
157424	0.008375476957
157425	0.006588126913
157426	0.008408136715
157427	0.005038002718
157428	0.003794871834
157429	0.01045912793
157430	0.003472927996
157431	0.002487590576
157432	0.001896268968
157433	0.008996975429
157434	0.006392889429
157435	0.006142567515
157436	0.001695986204
157437	0.003677063327
157438	0.0002576346635
157439	0.002273778563
157440	1.981203131e-07
157441	0.002297380466
157442	0.0008231691985
157443	0.006994184398
157444	0.0006792220955
157445	0.01296594205
157446	0.001214405368
157447	0.001048854359
157448	0.007070045708
157449	0.002530461065
157450	0.008501964062
157451	0.008520043158
157452	0.002444030908
157453	0.001218163653
157454	0.002415517949
157455	0.01032575675
157456	0.005844417686
157457	0.003888922791
157458	0.001857972325
157459	0.01083074307
157460	0.001257318418
157461	0.008327179755
157462	0.0005344169445
157463	0.002577491911
157464	0.004601701147
157465	0.000141238423
157466	0.001489155956
157467	0.006235861786
157468	0.001138832929
157469	0.002249399443
157470	0.009248351506
157471	0.001144657549
157472	0.00539155528
157473	0.006622158437
157474	0.001344036874
157475	0.004973509444
157476	0.006480200105
157477	0.01075489416
157478	0.00202565714
157479	5.42423153e-05
157480	0.004287016739
157481	0.004386732628
157482	0.00255072787
157483	0.007557296118
157484	0.004421153168
157485	0.003103261775
157486	0.002049174706
157487	0.005663519376
157488	0.001606587359
157489	0.006747648637
157490	0.0009804807658
157491	0.02299210872
157492	0.003738102754
157493	0.001256387267
157494	0.00828635438
157495	0.01682024661
157496	0.0004509986835
157497	0.004142082068
157498	0.004941511112
157499	0.0003906638078
157500	0.005633900775
157501	0.004302916188
157502	0.002417596911
157503	0.002535908491
157504	0.00236195015
157505	0.00667195739
157506	0.002935286496
157507	0.003871297259
157508	0.006581207113
157509	0.008565110522
157510	0.005133445001
157511	0.0013982627
157512	0.003252645785
157513	0.00856000006
157514	0.01173499506
157515	0.004854428155
157516	0.001761021843
157517	0.002556048602
157518	0.006466380127
157519	0.00810244624
157520	0.009354613368
157521	0.0165635503
157522	0.002193598074
157523	0.01012026976
157524	0.001032448199
157525	0.006011925797
157526	0.0007155548714
157527	0.004689710492
157528	0.003603156781
157529	0.0003664885101
157530	0.001378179123
157531	0.0009114602799
157532	0.002204462873
157533	0.002926490406
157534	0.006518829707
157535	0.009958869417
157536	0.0004088027357
157537	0.003637063696
157538	0.0008134177223
157539	0.004141820234
157540	0.007010482999
157541	0.01504068344
157542	0.001008954853
157543	0.002695198826
157544	0.001718767863
157545	0.0003154117088
157546	0.00543915318
157547	0.01089205364
157548	0.005244963284
157549	0.003116193055
157550	0.006036615904
157551	0.005505493802
157552	0.00284778565
157553	0.002720200668
157554	0.004740220483
157555	0.001574498541
157556	0.01072795018
157557	0.0044820548
157558	0.002360671594
157559	0.0001189350219
157560	0.002395773713
157561	0.003462474376
157562	0.00841478728
157563	0.01133027481
157564	0.0006066107372
157565	0.0058488889
157566	0.002996200339
157567	0.005993950859
157568	0.001040639733
157569	0.00183320384
157570	0.002129591217
157571	0.002129683291
157572	0.007605198669
157573	0.008164369595
157574	0.01260385049
157575	0.002659507929
157576	0.00386425304
157577	0.004487639757
157578	0.0005941659138
157579	0.004010545178
157580	0.001440630094
157581	0.005515688902
157582	0.0015797145
157583	0.001084245348
157584	0.003836401485
157585	0.01190185616
157586	0.002645921653
157587	0.01145383577
157588	0.008038281578
157589	0.01866183283
157590	0.005776360506
157591	6.695837255e-06
157592	0.001316871697
157593	0.0001737550986
157594	2.004197577e-05
157595	0.003915518059
157596	0.004575520861
157597	0.003601823553
157598	0.001348834142
157599	0.003591985397
157600	0.001273685049
157601	0.006183229859
157602	0.005619896377
157603	0.005060949281
157604	0.004743090651
157605	0.001320166606
157606	0.002843591827
157607	0.000864904095
157608	0.0005228425196
157609	0.005325403559
157610	0.008984228477
157611	0.001732929431
157612	0.00921254491
157613	0.006367918183
157614	0.01103911067
157615	0.003247215704
157616	0.000297421987
157617	0.006286734635
157618	0.01570722326
157619	0.002343901556
157620	0.003660167509
157621	0.00157584829
157622	0.00240877427
157623	0.006284781298
157624	0.0009035100231
157625	0.005843871057
157626	0.00265778412
157627	0.002253821349
157628	0.0002528416045
157629	0.001600052476
157630	0.001718913457
157631	2.282339649e-05
157632	0.006098081755
157633	0.004173210393
157634	0.000871257835
157635	0.009705501116
157636	0.003425240219
157637	0.01865170254
157638	0.006114777409
157639	0.006773213884
157640	0.002536650186
157641	0.005640261619
157642	0.01058146457
157643	0.0009550454884
157644	0.01028405509
157645	0.01908436936
157646	0.003971614368
157647	4.912532617e-05
157648	0.0002042080321
157649	0.0006830623511
157650	0.0005114705928
157651	0.008288099532
157652	0.002443227213
157653	0.003888176262
157654	0.0001039980287
157655	0.001096440996
157656	0.0006302346741
157657	0.01004021048
157658	0.001685710209
157659	0.003651868919
157660	0.003895028838
157661	0.004231888983
157662	0.002557207797
157663	0.004531201474
157664	0.003113704831
157665	0.00294963512
157666	0.008359921616
157667	0.005332873218
157668	0.004554867298
157669	0.005174884567
157670	0.002741577969
157671	0.002176110901
157672	0.005839581146
157673	0.001566676888
157674	0.005153536554
157675	0.007624749706
157676	0.01290390249
157677	0.006332943214
157678	0.007156259904
157679	0.003757634553
157680	0.002025950635
157681	0.005772643249
157682	0.003860566917
157683	0.003428611553
157684	0.003246652414
157685	0.01277265517
157686	0.003619104632
157687	0.006080038167
157688	0.006384132926
157689	0.0006204823458
157690	0.0008025054255
157691	0.002742573819
157692	0.0005670299437
157693	0.01032582041
157694	0.00377288789
157695	0.001693035259
157696	0.002106297066
157697	0.0003306601303
157698	0.003532703202
157699	0.01068851644
157700	0.009868246612
157701	0.004252684601
157702	0.003789476707
157703	0.002266289641
157704	0.007992140345
157705	0.002170260055
157706	0.01145799028
157707	0.002155979262
157708	0.001492394663
157709	0.0005966539104
157710	0.006597670199
157711	0.008282857208
157712	0.0004172352946
157713	0.001195943698
157714	0.002657932333
157715	0.002726552189
157716	0.002394955078
157717	0.003861646643
157718	0.0002175241024
157719	0.004730235299
157720	0.008757092186
157721	0.008058353328
157722	0.0007306617932
157723	0.003126393021
157724	0.002541196329
157725	0.006356646293
157726	0.002702434008
157727	0.003858536802
157728	0.003944346956
157729	9.96905058e-05
157730	0.01508570016
157731	0.002522881215
157732	0.004918082837
157733	0.0002094918829
157734	0.002452165226
157735	0.005293342532
157736	0.005083561196
157737	0.004961566272
157738	0.002587246512
157739	0.00388572606
157740	0.002996302239
157741	0.00508519872
157742	0.006571565486
157743	0.006133420553
157744	0.01310632587
157745	0.0005900710695
157746	0.001221007442
157747	0.002206308867
157748	0.001560682768
157749	0.007479575421
157750	0.007092637322
157751	0.01134242858
157752	0.01360566909
157753	0.0008237665943
157754	0.006562277388
157755	0.005756043235
157756	0.01207453326
157757	0.007597583534
157758	0.001325145989
157759	0.002024142642
157760	0.01454968108
157761	0.008259134185
157762	0.0008124460089
157763	0.003199791044
157764	0.01650277836
157765	0.006927908383
157766	0.001580838194
157767	0.009961186398
157768	0.0008016115192
157769	0.002309561589
157770	0.001726364888
157771	0.005381469684
157772	0.006407946012
157773	0.0002085254645
157774	0.00133604128
157775	0.004254308875
157776	0.009026069954
157777	0.002923441667
157778	0.002882618275
157779	0.01021869592
157780	0.001816230885
157781	0.005684989883
157782	0.006537974893
157783	0.008762199576
157784	0.001050631667
157785	0.002365199963
157786	0.009289346
157787	0.005530749888
157788	0.004106484399
157789	0.007366809862
157790	0.004912330963
157791	0.001713206293
157792	7.072047459e-05
157793	0.001057708963
157794	0.001595450189
157795	8.143381835e-05
157796	0.003445215968
157797	0.006529662205
157798	0.0007529918061
157799	0.0008631702272
157800	0.007524387012
157801	0.0009889669272
157802	0.00460186525
157803	0.003082737813
157804	0.0003370568829
157805	0.002193984233
157806	0.001495577642
157807	0.001608191329
157808	0.0001179928229
157809	0.001368721102
157810	0.005151138211
157811	0.003002000347
157812	0.004546198772
157813	0.006631155194
157814	0.005058992832
157815	0.005033126767
157816	0.006596973787
157817	0.00966857261
157818	0.001939372437
157819	0.00475601353
157820	0.006887932113
157821	0.0045588885
157822	0.005421261662
157823	0.003703692035
157824	0.0009303599662
157825	0.004376814026
157826	0.005047460341
157827	0.001092718353
157828	0.003194152018
157829	9.760285152e-05
157830	0.0001300794419
157831	0.0009210771944
157832	0.001124405486
157833	0.006305562546
157834	0.001436050277
157835	0.0001521786406
157836	0.003406585541
157837	0.001572928994
157838	0.001111910122
157839	0.001327940145
157840	0.0008796745323
157841	0.001612985311
157842	0.002213624461
157843	0.004678783297
157844	0.001405298449
157845	0.0009691306246
157846	0.006872091291
157847	0.0005953516985
157848	0.001198445541
157849	0.006111458393
157850	0.000459484848
157851	0.004948512977
157852	0.006102919199
157853	0.005105746032
157854	0.008400962712
157855	0.00345896488
157856	0.004067325187
157857	0.004630650102
157858	0.00574607429
157859	0.001312841992
157860	0.001340550423
157861	0.001205904929
157862	0.001442713081
157863	0.0009107271515
157864	0.003674225176
157865	0.0004091225503
157866	0.0003169955633
157867	0.001799467139
157868	0.004859091175
157869	0.004884777991
157870	7.621491817e-05
157871	0.01027692062
157872	0.003331160573
157873	0.000621895066
157874	0.006094244637
157875	4.302139306e-05
157876	0.0002900402887
157877	0.001244478198
157878	0.00218787296
157879	0.001449189965
157880	0.009312858965
157881	0.006139093627
157882	0.004481454678
157883	0.0004474642952
157884	0.006598467146
157885	0.001404043656
157886	0.007448764561
157887	0.0002207493811
157888	0.007139227078
157889	0.002933819993
157890	0.005847833011
157891	0.003067444767
157892	0.0002993933928
157893	0.002018910748
157894	0.003210028303
157895	0.01576670311
157896	0.01003847752
157897	0.000724831067
157898	0.001981930174
157899	0.00103400635
157900	0.0006242721393
157901	0.001030550745
157902	0.001805082709
157903	0.0008800227231
157904	0.0008890619685
157905	0.0007027850118
157906	0.001800343037
157907	7.644722853e-05
157908	0.002575035173
157909	0.002270978531
157910	0.001260200548
157911	0.001124407769
157912	0.0006875943372
157913	0.0006017342771
157914	0.0006011093963
157915	0.0002199588345
157916	0.001057980419
157917	0.0004029247214
157918	0.001362045401
157919	0.01163908998
157920	0.001500478828
157921	0.00372150602
157922	0.003077294682
157923	0.001317567944
157924	0.002230920774
157925	0.01069455398
157926	0.00279369144
157927	0.003832803634
157928	0.002560614845
157929	0.01040164109
157930	0.007643432074
157931	0.0008520245442
157932	0.001350284747
157933	0.003343952211
157934	0.001713513857
157935	0.001708828952
157936	0.001585032796
157937	0.0009243266276
157938	0.002037164615
157939	0.003700392058
157940	0.003662356035
157941	0.007469699915
157942	0.002779798029
157943	0.003625248133
157944	0.003285156735
157945	0.01399464958
157946	0.00863359509
157947	0.001697373168
157948	0.0005736136923
157949	0.0008949259774
157950	0.004233553462
157951	0.0004512979927
157952	0.00884627174
157953	0.004903233607
157954	0.001753913171
157955	0.007456726915
157956	0.004068710263
157957	0.002107247208
157958	0.005405918744
157959	0.01463168704
157960	0.001233972865
157961	0.006754569517
157962	0.00156777512
157963	0.005617394459
157964	0.006089621737
157965	0.003969621657
157966	0.002817812366
157967	0.005922247636
157968	0.0119391844
157969	0.008237315521
157970	0.007522442245
157971	0.004186076385
157972	0.0008468330743
157973	0.004380838798
157974	0.003095665528
157975	0.006661118725
157976	0.002986742063
157977	0.001337311984
157978	0.004129219488
157979	0.01059851083
157980	0.0007759811516
157981	0.008789942913
157982	0.00714745357
157983	0.0128446064
157984	0.01136277849
157985	0.007163204842
157986	0.01255359331
157987	0.005422880726
157988	3.55400768e-05
157989	0.01195975134
157990	0.01247038151
157991	0.002409190263
157992	0.0002658081263
157993	0.005551035772
157994	0.001004695834
157995	0.006372598469
157996	0.00176991287
157997	0.008309884099
157998	0.010412862
157999	0.003045165673
158000	0.003056180328
158001	0.001742009006
158002	0.001495419565
158003	0.003694330975
158004	0.003009515439
158005	0.0005410138641
158006	0.001309337943
158007	0.01318708585
158008	0.0009160382347
158009	0.001478674166
158010	0.00559845394
158011	0.004237061217
158012	0.004283601199
158013	0.004260827288
158014	0.001909143567
158015	0.001258926212
158016	0.002973028561
158017	0.003480258956
158018	0.001075661781
158019	0.002500234229
158020	0.002176947156
158021	0.001877057408
158022	0.00391330043
158023	0.004388870433
158024	0.004271111876
158025	0.003824120157
158026	0.002517407681
158027	0.0004024816733
158028	0.001556772729
158029	0.002310863182
158030	0.004854318843
158031	0.001074855387
158032	0.005817489946
158033	0.001074155297
158034	0.003618829933
158035	0.002128974461
158036	0.0001606804933
158037	0.008421268786
158038	0.005201343408
158039	0.007049709635
158040	0.003381401981
158041	0.004939328343
158042	0.0002208896503
158043	0.001265495511
158044	0.02105883381
158045	0.002924257486
158046	0.01430177766
158047	0.007079236541
158048	0.005520673444
158049	0.001372708736
158050	0.003669930233
158051	0.001339863933
158052	0.007804499396
158053	0.0114162274
158054	0.0004375065742
158055	0.01340756869
158056	0.002462667638
158057	0.009720193185
158058	0.001828461478
158059	0.003164376793
158060	0.002165700185
158061	0.0001793830721
158062	0.007358426171
158063	0.004967886362
158064	0.007918656914
158065	0.01032706707
158066	0.002299354187
158067	0.003403120908
158068	0.006768034626
158069	0.006198849199
158070	0.001986916504
158071	0.001800913094
158072	0.001901805267
158073	0.02252443235
158074	0.002823685868
158075	0.001809599428
158076	0.01568222054
158077	0.002003106792
158078	0.005538962144
158079	0.005090557533
158080	0.01977322432
158081	0.0005641449756
158082	0.0005567601285
158083	0.003688994903
158084	0.002893945536
158085	0.003664098449
158086	0.01792038707
158087	0.005647103031
158088	0.001045327732
158089	0.0009551703794
158090	0.001530035918
158091	0.008140209852
158092	0.004541427537
158093	0.002118682507
158094	0.005708615285
158095	0.01027979385
158096	0.001791744715
158097	0.000758743133
158098	0.007059727644
158099	0.01006612519
158100	0.01236902133
158101	0.00241823802
158102	0.002506879449
158103	0.003760355698
158104	0.01845455226
158105	0.004703883124
158106	0.007176609875
158107	0.005276187564
158108	0.0006647322187
158109	0.01178047674
158110	0.005571243032
158111	0.01234649069
158112	0.0101077762
158113	0.005029541448
158114	0.004118528988
158115	0.0009996648959
158116	0.00202856687
158117	0.008100636999
158118	0.003380768098
158119	0.003938905865
158120	0.001243745743
158121	0.00905436922
158122	0.004668431412
158123	0.01694151471
158124	0.007150610423
158125	0.005700216206
158126	0.004671736982
158127	0.0009563703451
158128	0.003783421938
158129	0.01034731796
158130	0.005563626207
158131	0.002468085035
158132	0.008156655252
158133	0.008753490212
158134	0.0004244273063
158135	0.003878970204
158136	0.003057412449
158137	0.008292891074
158138	0.001248793001
158139	0.007760354809
158140	0.0154618747
158141	0.005193658404
158142	0.006387788347
158143	0.01596649074
158144	0.001407641886
158145	0.001706859972
158146	0.01088481021
158147	0.009283728892
158148	0.003072409715
158149	0.007534168141
158150	0.01287797077
158151	0.001683762056
158152	0.004301543115
158153	0.005426337849
158154	0.0008903053849
158155	0.01363968312
158156	0.0002236201155
158157	0.004063452889
158158	0.005559368681
158159	0.01151189959
158160	0.005373624934
158161	0.01223419632
158162	0.007908846208
158163	0.002477809229
158164	0.01599994437
158165	0.002785224227
158166	0.006993961102
158167	0.006602840458
158168	0.007079860663
158169	0.005295706368
158170	0.005355772147
158171	0.0009978248455
158172	0.007503057339
158173	0.001151846796
158174	0.0002817612111
158175	0.0004210679565
158176	0.008879292267
158177	0.002226484226
158178	0.001982728147
158179	0.0008765526657
158180	0.003432688965
158181	0.001879837795
158182	0.0092640413
158183	0.004733167858
158184	0.01672661091
158185	0.003642959154
158186	0.003391654852
158187	0.003020944845
158188	0.00624756866
158189	0.003629463604
158190	0.0108585358
158191	0.01607184723
158192	0.00666082519
158193	0.0003040785435
158194	0.003594485325
158195	0.01237972346
158196	0.01267165922
158197	0.0003282499408
158198	0.004592361962
158199	0.007957421069
158200	0.005576218617
158201	0.008145256481
158202	0.003173866658
158203	0.006273436067
158204	0.005437571409
158205	0.006901307048
158206	0.005876994073
158207	0.003616695736
158208	0.00774053468
158209	0.0001099876321
158210	0.00199340082
158211	0.001474047919
158212	0.003690636312
158213	0.002480685981
158214	0.0008598121631
158215	0.00059042685
158216	0.002191524382
158217	0.0005603433558
158218	0.003840306519
158219	0.001531966668
158220	0.002055469518
158221	0.002135845845
158222	0.003441725329
158223	1.756980227e-05
158224	0.0001118244549
158225	9.554930581e-05
158226	0.0001011121141
158227	9.512190948e-05
158228	0.006940973717
158229	0.000637498074
158230	0.01132106521
158231	0.001775023864
158232	0.00232725599
158233	0.002440083118
158234	0.002789211077
158235	0.004926641938
158236	0.005033545856
158237	0.004393074684
158238	0.00133222083
158239	7.803867863e-05
158240	0.0006599877413
158241	0.0006615891046
158242	0.004553592478
158243	0.0005211366695
158244	0.004914968571
158245	0.0009884307226
158246	0.008485667437
158247	0.02415252906
158248	0.002522030122
158249	0.00740055513
158250	0.004362454577
158251	0.007196541924
158252	0.004053812107
158253	0.003703528048
158254	0.001112045746
158255	0.004572331213
158256	0.006932045479
158257	0.002914672884
158258	0.001966186167
158259	0.0008755445767
158260	0.001501160613
158261	0.00552537193
158262	0.01028295626
158263	0.001632734389
158264	0.00540624538
158265	0.002398679275
158266	0.002418630807
158267	0.0008120056817
158268	0.01309527349
158269	0.003302656921
158270	0.01705414184
158271	0.001158881812
158272	0.003908724339
158273	0.005243219485
158274	0.004169404489
158275	0.00524407602
158276	0.01130440185
158277	0.00246240116
158278	0.006601968967
158279	0.0008554205851
158280	0.01003211366
158281	0.002446762716
158282	0.0002272566925
158283	0.0002359773717
158284	0.004058215407
158285	0.002474854135
158286	0.00453004221
158287	0.003038639948
158288	0.004074818843
158289	0.0002136408863
158290	0.002775214723
158291	0.0008863748841
158292	0.006262895602
158293	0.00190132128
158294	0.003609054206
158295	0.0007594426027
158296	0.002559463455
158297	0.001243487434
158298	0.001190729567
158299	0.0006993767209
158300	0.004112549558
158301	0.005018937473
158302	0.005133344823
158303	0.00585765814
158304	0.0009515695413
158305	0.001238726788
158306	0.0070118348
158307	0.01161387076
158308	0.01291247206
158309	0.01312095222
158310	0.0139801693
158311	0.02284157976
158312	0.01240304194
158313	0.00754032525
158314	0.002317446349
158315	0.005619237451
158316	0.007153725798
158317	0.008481841857
158318	0.001358252126
158319	0.001473665619
158320	0.003854512047
158321	0.001101797752
158322	0.001662960573
158323	0.001738482643
158324	0.003840850685
158325	0.006639353105
158326	0.01074081761
158327	0.0004076081406
158328	0.0002644277062
158329	0.001276981981
158330	0.0008747131447
158331	0.002137773882
158332	0.004907366711
158333	0.0005649969422
158334	0.006540601579
158335	0.002909720228
158336	0.001519400915
158337	0.0009559225424
158338	0.0005512065366
158339	0.01387522954
158340	0.0001394790286
158341	0.000102335648
158342	0.0009342207467
158343	0.001755032673
158344	0.0003259424535
158345	0.002695750969
158346	0.009530246639
158347	0.000870791317
158348	0.0002521161667
158349	0.006071563054
158350	0.0002279507844
158351	0.001669007147
158352	0.0002786774795
158353	0.001322210806
158354	0.01384873371
158355	0.002863440225
158356	0.001138260713
158357	0.002311400183
158358	0.007527668482
158359	0.0007909628031
158360	0.004471659325
158361	0.004000932108
158362	0.0006110761031
158363	0.01369906211
158364	0.0004370243844
158365	0.00186707882
158366	9.604148319e-05
158367	4.56881557e-05
158368	0.007471879578
158369	0.001198416544
158370	0.00720476865
158371	0.001555504525
158372	0.003750867085
158373	0.007082997591
158374	0.0009664304229
158375	0.003605427148
158376	0.0009751928868
158377	0.001407517078
158378	0.001314538568
158379	0.004390812189
158380	0.0004534000961
158381	0.0098193511
158382	0.001020053958
158383	0.006767777541
158384	0.0002338641528
158385	0.002121549023
158386	0.001562444063
158387	0.00611114606
158388	0.004260860186
158389	0.002051490084
158390	7.771970271e-05
158391	0.006191591059
158392	0.003678398765
158393	0.003660281951
158394	0.004447989925
158395	0.004787918458
158396	0.003629369601
158397	0.0003216763363
158398	0.0004801625388
158399	0.00111250689
158400	0.0007341794529
158401	0.009399190483
158402	0.005535425816
158403	0.01072528348
158404	0.002682455493
158405	0.01080295447
158406	0.006800577949
158407	0.002788550354
158408	0.001037655513
158409	0.001088486766
158410	0.002336449829
158411	0.0007950947594
158412	0.004950956381
158413	0.001153674605
158414	0.001843058642
158415	0.002395684097
158416	0.0005677464845
158417	0.001673781022
158418	0.000330310061
158419	0.006460270096
158420	0.01024226156
158421	0.006161081962
158422	0.0008900832758
158423	0.008225299225
158424	0.002404016981
158425	0.001317142226
158426	0.007575801494
158427	0.0006073371847
158428	0.005840156652
158429	2.3143425e-08
158430	0.001488972711
158431	0.005589791002
158432	0.001976831873
158433	0.001931294395
158434	0.00218608429
158435	1.403449679e-08
158436	0.001488720051
158437	0.005783152181
158438	0.007527071406
158439	0.00326513227
158440	0.001811575013
158441	0.0133597222
158442	0.003628043293
158443	0.000621149491
158444	0.001092161196
158445	0.003108476041
158446	0.009186867359
158447	9.147732936e-05
158448	0.01638081351
158449	0.004718004702
158450	0.003173623623
158451	0.003603446119
158452	0.004172472878
158453	0.002909193741
158454	0.001546980384
158455	0.004204736097
158456	0.007051845572
158457	0.01165619363
158458	0.003792378309
158459	0.000613796955
158460	0.0130215929
158461	0.004847037397
158462	0.004079832117
158463	0.001316648036
158464	0.004524974682
158465	0.01143057608
158466	0.00013003607
158467	0.009577436368
158468	0.0004170961429
158469	0.003837728456
158470	4.529299134e-05
158471	8.186789796e-09
158472	0.001900270164
158473	0.0007925078919
158474	0.008269412227
158475	0.004321662091
158476	0.001205338979
158477	0.02088282601
158478	0.009585252183
158479	0.01390201691
158480	0.0004002058139
158481	0.0002307337864
158482	0.005737011603
158483	0.007505841778
158484	0.001835995568
158485	0.0005554345948
158486	0.000356263776
158487	0.0001288359464
158488	0.006645472057
158489	0.01155578156
158490	0.01166692685
158491	0.003837341157
158492	0.0005709411737
158493	0.003579936211
158494	0.00221143487
158495	0.002606445122
158496	0.006205082937
158497	0.002822842307
158498	0.004800825102
158499	0.004102204646
158500	0.00165901249
158501	0.007727738119
158502	0.004507150365
158503	0.002506852077
158504	0.01584696857
158505	0.0009490891733
158506	0.005977219082
158507	0.009531201653
158508	0.00555694716
158509	0.002910744402
158510	0.001346997033
158511	0.007512829011
158512	0.0004520366254
158513	0.005456231168
158514	0.001299427538
158515	0.002735954894
158516	0.0006094537379
158517	0.002541919559
158518	0.008628483687
158519	0.006941696215
158520	0.008690461603
158521	0.001180865507
158522	0.0005459671822
158523	0.0006257855952
158524	0.004844953174
158525	0.006451027929
158526	0.007879202271
158527	0.002097214261
158528	0.001977036008
158529	0.01155466757
158530	3.14287139e-06
158531	0.002089482652
158532	0.005258268654
158533	0.002376303774
158534	0.00439333419
158535	0.0008749845144
158536	0.001271024189
158537	0.006980620351
158538	0.004804135977
158539	0.001822683193
158540	0.006848220904
158541	0.002016210858
158542	0.001668658387
158543	0.0005148860939
158544	0.007952679328
158545	0.009156256245
158546	0.0007128838826
158547	0.001411925905
158548	0.001389449649
158549	0.001332733727
158550	0.004474035966
158551	0.01384294429
158552	0.002050538287
158553	0.0002241137094
158554	0.01106644083
158555	0.01006072545
158556	0.008071358036
158557	0.007177531104
158558	0.005858556914
158559	0.005708937361
158560	0.004875622854
158561	0.002611387823
158562	0.0002535866994
158563	0.004916888053
158564	0.0005565100712
158565	0.008140344285
158566	0.006926727377
158567	0.005050013476
158568	0.008616594023
158569	0.002719071009
158570	0.007441118611
158571	0.003007785681
158572	0.006162870955
158573	0.003482482449
158574	0.01142443386
158575	0.002757617194
158576	0.0001691423657
158577	0.004021745071
158578	0.0007975206118
158579	0.005032038425
158580	0.009194334046
158581	0.01390892115
158582	0.005304934891
158583	0.01712652639
158584	0.01211430345
158585	0.01155944079
158586	0.009186815861
158587	0.009595923532
158588	0.01222246294
158589	0.01080129938
158590	0.006767550516
158591	0.007636447493
158592	0.01033915926
158593	0.01043980539
158594	0.01078442645
158595	0.009291605135
158596	0.01068947714
158597	0.001915981165
158598	0.01094112294
158599	0.01176702458
158600	0.007309521959
158601	0.003383613985
158602	0.001854987553
158603	0.00145627016
158604	0.001001724079
158605	0.001090782741
158606	0.004039903101
158607	0.003030965742
158608	0.0001956940358
158609	0.001905835837
158610	0.002191736734
158611	0.001137449908
158612	0.001588043945
158613	0.0003563838897
158614	0.002242710625
158615	0.002449790153
158616	0.003921912344
158617	0.001645323134
158618	0.0129034128
158619	0.002056145949
158620	0.00843206915
158621	0.001712312389
158622	0.00860191302
158623	0.005268182272
158624	0.0096208547
158625	0.006883258449
158626	0.01848572907
158627	0.001324138441
158628	0.009459146392
158629	0.008420724453
158630	0.003736528841
158631	0.00317994838
158632	0.01259031807
158633	0.005901589316
158634	0.00253692452
158635	0.009036206308
158636	0.004461974741
158637	0.002259076158
158638	0.007031186428
158639	0.001440567142
158640	0.006629227618
158641	0.008487778292
158642	0.008680669578
158643	0.001658335258
158644	0.0009123327575
158645	8.823787138e-06
158646	0.0150358166
158647	0.003316855614
158648	0.001385557663
158649	0.002516788805
158650	0.01015434052
158651	0.01279287156
158652	0.02046813179
158653	0.00514233894
158654	0.008841332193
158655	0.003167197884
158656	0.0002063599129
158657	0.001654588209
158658	0.01923711988
158659	0.01292169204
158660	0.001598701176
158661	0.005534578748
158662	0.004070027506
158663	0.004046969736
158664	0.001095844803
158665	0.00256041869
158666	0.009690596714
158667	0.002935171855
158668	0.009751139506
158669	0.004868599922
158670	0.01022926713
158671	0.0003133176001
158672	0.0005036577915
158673	0.0009002041172
158674	0.0003098427587
158675	0.0008582483309
158676	0.002297078423
158677	0.002785404809
158678	0.000892632942
158679	0.0001914157405
158680	0.0001569936354
158681	0.002011246786
158682	0.002553530225
158683	0.0001798545244
158684	0.003189851997
158685	0.002172409023
158686	0.004325056199
158687	0.001175358061
158688	0.001947860091
158689	0.001539623051
158690	0.000826648893
158691	0.001492234278
158692	0.001692198579
158693	0.0005816537286
158694	0.005252838688
158695	0.01091535098
158696	0.005407520471
158697	0.008004088493
158698	0.003446531125
158699	0.006746133074
158700	0.007364584595
158701	0.001204132084
158702	0.004441015078
158703	0.002984521257
158704	0.001082082837
158705	0.002643795982
158706	2.036994459e-05
158707	0.002552349355
158708	0.0003319911163
158709	0.0003678383484
158710	0.0006542024446
158711	0.001394440929
158712	0.0007904638925
158713	0.0008861010243
158714	0.001437108934
158715	0.001288113862
158716	0.001240091505
158717	0.0009746911348
158718	0.0004789329422
158719	0.0005442524063
158720	0.003549348642
158721	0.001818317328
158722	0.001410899843
158723	9.967501634e-05
158724	0.003991102582
158725	0.0004871089085
158726	0.00155318171
158727	7.518815977e-05
158728	0.001774087251
158729	0.001384663409
158730	0.008125878634
158731	0.0005441715241
158732	0.002118082368
158733	8.30388136e-05
158734	0.001555494525
158735	2.028796403e-05
158736	0.002386478791
158737	0.0001800638496
158738	4.950116192e-05
158739	0.00040870642
158740	0.001641591471
158741	0.0004535124668
158742	0.001122205771
158743	0.001606577547
158744	0.001622540439
158745	0.0006852222724
158746	0.0006776023015
158747	0.006094328436
158748	0.001611444033
158749	0.001289843077
158750	0.001657858247
158751	0.003764438206
158752	0.005294243344
158753	0.003170920269
158754	0.001739104652
158755	0.000268388106
158756	0.000471450328
158757	0.0004464774267
158758	0.001067691285
158759	0.0001121644414
158760	0.002798520364
158761	0.0008407412281
158762	0.0006933141698
158763	0.0007715051427
158764	0.001254509587
158765	0.0006808634031
158766	0.004948644225
158767	3.982848976e-05
158768	0.001318609931
158769	0.001500442587
158770	0.002273754584
158771	0.0001313357663
158772	0.002228056527
158773	0.0002216333506
158774	0.0005827831147
158775	0.00063374505
158776	0.0001360939824
158777	0.001746801263
158778	0.0003033122263
158779	0.0003775949233
158780	0.0001683743656
158781	0.000277691239
158782	0.00231884633
158783	0.0008854678137
158784	0.0006986557902
158785	0.002335396561
158786	0.001546380683
158787	0.0006023493221
158788	0.008150769689
158789	0.001386240179
158790	0.0005095937777
158791	0.0005053940292
158792	0.0005064499736
158793	0.0005268225577
158794	0.0002576742434
158795	0.0003913122797
158796	0.0002737424588
158797	0.0002482897171
158798	2.020878122e-06
158799	0.0003979809202
158800	0.0002512361533
158801	0.0005215465295
158802	0.0005042845746
158803	0.0005157009595
158804	0.0005150731245
158805	0.0003824899476
158806	0.0005021024142
158807	0.0005103397005
158808	0.0003958178337
158809	0.0001434425368
158810	6.3807326e-07
158811	0.0005266213222
158812	0.0001337517481
158813	0.0002687934097
158814	0.0003871944258
158815	0.0003835835633
158816	0.0005222493757
158817	4.508644904e-06
158818	2.89208475e-06
158819	7.997860088e-06
158820	1.40624381e-05
158821	0.0005189440224
158822	0.0005176211168
158823	0.0002633308492
158824	7.935342797e-07
158825	0.0004014988963
158826	0.0002577778147
158827	9.882552574e-06
158828	0.0002532592901
158829	6.217189906e-07
158830	0.0002701198754
158831	0.000508762268
158832	0.0001205103143
158833	0.0003699337028
158834	0.0005211432818
158835	1.020220235e-05
158836	3.105046309e-07
158837	8.922795792e-06
158838	1.588461524e-06
158839	0.0001137956986
158840	0.0003946937397
158841	0.0005106236575
158842	0.0003759514664
158843	2.660449971e-06
158844	0.0003885656787
158845	0.0001149041621
158846	0.0003784765526
158847	0.0004952618711
158848	0.0002529240059
158849	0.0002675591741
158850	0.000512113453
158851	0.0001172931038
158852	0.0005192184921
158853	0.0001233902424
158854	2.154294148e-05
158855	6.624965006e-06
158856	0.0001402686878
158857	0.0002476506119
158858	0.0002478697031
158859	0.0005155863659
158860	0.0003767136321
158861	6.213530064e-07
158862	5.160761306e-06
158863	3.215882012e-07
158864	0.0003808124462
158865	0.0002640040874
158866	1.16879179e-05
158867	0.0003876378856
158868	0.0002489248681
158869	7.620969497e-08
158870	0.0003933106144
158871	0.0002502640631
158872	0.0002704863579
158873	0.0004005479318
158874	0.0005119575341
158875	0.0002618673936
158876	0.0005178897796
158877	0.0001189487162
158878	0.000130279481
158879	0.0005139788172
158880	0.0005141997437
158881	6.575616079e-06
158882	0.0001265503999
158883	6.186491592e-07
158884	6.186590879e-06
158885	0.0005178431462
158886	0.000124259966
158887	0.0002604716321
158888	0.0002390236431
158889	0.0005092831913
158890	0
158891	0.0005099278187
158892	0.0003817102243
158893	0.0003756336096
158894	0.0001281937359
158895	0.0001395405079
158896	0.000252630696
158897	0.0002639944296
158898	0.0003808969458
158899	0.0001283290232
158900	0.0001240763956
158901	0.0001376670255
158902	0.0004054739533
158903	0.0002678480527
158904	0.0003823249737
158905	0.0001259111095
158906	0.0003857678125
158907	0.0002481081371
158908	0.0004041006581
158909	6.366640962e-06
158910	0.0003890486236
158911	0.0002575120041
158912	1.456817982e-06
158913	0.0001149489875
158914	0.0001237507323
158915	0.004647149657
158916	0.005147254501
158917	0.003019343097
158918	0.00141032568
158919	0.003031572859
158920	0.0002097575413
158921	0.005321366808
158922	0.006616754603
158923	0.003727547703
158924	0.003327106511
158925	0.001552056645
158926	0.001399169079
158927	0.003577768567
158928	0.003463183618
158929	0.0009870689797
158930	0.00502163789
158931	0.0008336937342
158932	0.003533233572
158933	0.002159019713
158934	0.003939202951
158935	0.003930470238
158936	0.005548370536
158937	0.0008287709108
158938	0.002360222836
158939	0.00110406547
158940	0.001712616246
158941	0.001322580956
158942	0.002129108803
158943	0.003906519428
158944	0.002377414299
158945	0.004473735043
158946	0.0053720525
158947	0.004925497879
158948	0.005470475126
158949	0.001536856706
158950	0.003794761256
158951	0.0002795041189
158952	0.003334180684
158953	0.004252262259
158954	0.002206094694
158955	0.001654414571
158956	0.004598013586
158957	0.003900347874
158958	0.004030534122
158959	0.003304695391
158960	0.003173038369
158961	0.003255770294
158962	0.001319835409
158963	0.001487804792
158964	0.002036619212
158965	0.005224117181
158966	0.0008550302282
158967	0.0005778608807
158968	0.004253802809
158969	0.003796981191
158970	0.004009898133
158971	0.005578151868
158972	0.002635331014
158973	0.001717210564
158974	0.00182944053
158975	0.005347448064
158976	0.002345093956
158977	0.002750793845
158978	0.0002670750386
158979	0.00468959579
158980	0.005331338814
158981	0.001215340622
158982	0.002772672671
158983	0.003797399076
158984	0.0002481925146
158985	0.006691319368
158986	9.213156306e-05
158987	0.002054867811
158988	0.001636896168
158989	0.001757454354
158990	0.00511235868
158991	0.001550477669
158992	0.003242572989
158993	0.005322110699
158994	0.003909265293
158995	0.004248859318
158996	0.003694337055
158997	0.0001084716177
158998	3.153789439e-07
158999	0.003740780119
159000	0.002648836547
159001	0.005138975741
159002	0.0007886736918
159003	0.0005155493256
159004	0.008324666966
159005	0.001951413149
159006	0.00155478168
159007	0.0009952196065
159008	0.002062796172
159009	0.005721992016
159010	0.003715122969
159011	0.001867075138
159012	0.00369565114
159013	0.007358435448
159014	0.004308884976
159015	0.009687516583
159016	0.003834855693
159017	0.002037765675
159018	0.0001887295975
159019	0.001900056302
159020	0.0006894313034
159021	0.0008527071795
159022	0.004659936076
159023	0.002664054185
159024	7.73180368e-05
159025	0.00163697413
159026	0.001052705644
159027	0.01027356695
159028	0.005160562365
159029	0.007992097675
159030	0.004988459469
159031	0.001389807385
159032	0.00317972128
159033	0.0003564302943
159034	0.001841587356
159035	0.009856966449
159036	0.003533424148
159037	0.006048647631
159038	0.01049503422
159039	0.003144658874
159040	0.00811581643
159041	0.001117663307
159042	0.01870566751
159043	0.002375155106
159044	0.000387045367
159045	0.0006760772537
159046	0.0003470216029
159047	0.00483088564
159048	0.01003432606
159049	0.002102479582
159050	0.002650792819
159051	0.003281390821
159052	0.003559122746
159053	0.001940658526
159054	0.004309573977
159055	0.004422748995
159056	0.001025741102
159057	0.01266749134
159058	0.008890250614
159059	0.0003759647546
159060	0.007028277563
159061	0.001821518747
159062	0.006157944562
159063	0.004611435388
159064	0.01105269287
159065	0.004798826235
159066	0.002590019419
159067	0.003826680244
159068	0.006718391388
159069	0.0007698541267
159070	0.001781497621
159071	0.008728595558
159072	0.001664160802
159073	0.004359478702
159074	0.0001065203108
159075	0.002033694348
159076	0.001305711094
159077	0.001838798603
159078	0.003543691905
159079	0.01064785309
159080	0.004182875856
159081	0.004507572919
159082	0.0009591860673
159083	0.01744444629
159084	0.009545165319
159085	0.002989762458
159086	0.01472690456
159087	0.0002313473889
159088	0.002596631904
159089	0.0005363740807
159090	0.0109597966
159091	0.003088179432
159092	0.006460814536
159093	0.001477411483
159094	0.006937313333
159095	0.003121525249
159096	0.001071966378
159097	0.001302859208
159098	0.001571422478
159099	0.006780617899
159100	0.0002806872529
159101	0.0005179657313
159102	0.002856085535
159103	0.004341370992
159104	0.01004320615
159105	0.001049205426
159106	0.003299867601
159107	0.002042279985
159108	0.001871733709
159109	0.001181739193
159110	0.0005771283907
159111	0.001411284952
159112	0.004127213849
159113	0.001899672645
159114	0.002289359897
159115	0.001204804431
159116	0.002977544717
159117	0.008168707336
159118	0.004790100423
159119	0.009908428672
159120	0.0005382025631
159121	0.003322122249
159122	0.0008522437131
159123	0.008418693071
159124	0.007307269576
159125	0.007699326504
159126	0.001224515695
159127	0.001253470395
159128	0.006833557037
159129	0.004107192008
159130	0.001717269665
159131	0.001058100117
159132	0.003767810012
159133	0.0003003344393
159134	0.004707964858
159135	0.002607922123
159136	0.001687396445
159137	0.0039510824
159138	0.0001550102408
159139	0.0003080286513
159140	0.000310407609
159141	0.0004656466355
159142	0.0003119999677
159143	1.956423711e-07
159144	0.0004672042759
159145	0.0001549218829
159146	0.00015494333
159147	0.0001547999939
159148	4.095688522e-06
159149	0.0001517247172
159150	0.0003083633105
159151	0.0004680606118
159152	0.006209546674
159153	0.005046811393
159154	0.002208939578
159155	0.002286096616
159156	0.004404741489
159157	4.376281548e-05
159158	0.005346891254
159159	0.01565827583
159160	0.005541163395
159161	0.0004672871822
159162	0.01235965916
159163	0.00383372346
159164	0.0008931481753
159165	0.001191313755
159166	0.001392469598
159167	0.0004148457298
159168	0.0055758433
159169	0.005704992376
159170	0.001085679868
159171	0.0009459955005
159172	0.000712609412
159173	0.002631552693
159174	0.0003779155852
159175	0.0003487517348
159176	0.004020325321
159177	0.00240081274
159178	0.004161403436
159179	0.01023597043
159180	0.0006419687112
159181	0.001330410547
159182	0.002132097922
159183	0.0121948074
159184	0.004716504997
159185	0.0007708991673
159186	0.005138517385
159187	0.0006660139145
159188	0.01303229515
159189	0.005353802049
159190	0.002679371159
159191	0.01191047067
159192	0.005171953053
159193	0.006628574718
159194	0.0002785404749
159195	0.0005905176897
159196	0.001560706547
159197	0.01078771972
159198	0.003243996997
159199	0.001239448738
159200	0.004795975267
159201	0.0004761778959
159202	0.001128070815
159203	0.002029035212
159204	0.003911652426
159205	0.006719276021
159206	0.002896363077
159207	0.01004454426
159208	0.01531490699
159209	0.001628453371
159210	0.004942098014
159211	0.001586961219
159212	0.001207781986
159213	0.001469079686
159214	0.001743053358
159215	0.01389392985
159216	0.004970590932
159217	0.004998367068
159218	0.0005737834567
159219	0.01321852861
159220	0.005093760375
159221	0.0008519965762
159222	0.009396211764
159223	0.009018112185
159224	0.0003802792438
159225	0.00306406793
159226	0.01226494154
159227	0.00362870448
159228	0.00952042784
159229	0.004333736306
159230	0.01321909252
159231	0.004478887923
159232	0.006098356107
159233	0.002010658981
159234	0.003491836657
159235	0.0006491704753
159236	0.0003763647667
159237	0.005483913296
159238	0.01029732711
159239	0.006339382956
159240	0.005021257531
159241	0.004095263923
159242	0.00527207975
159243	0.0001062930852
159244	0.00165549381
159245	0.01310945675
159246	0.008066875021
159247	0.02077185567
159248	0.004983289366
159249	0.003464492989
159250	0.004170397862
159251	0.008859847557
159252	0.001471530362
159253	0.002032826114
159254	0.005556127287
159255	0.001912833373
159256	0.0001170502698
159257	0.0002091106851
159258	0.00576832425
159259	0.004038410418
159260	0.005190185829
159261	0.005006961218
159262	0.008520057232
159263	0.003024184845
159264	0.0009286401747
159265	0.00617075271
159266	0.0002195252899
159267	0.002878928277
159268	0.001574618631
159269	0.005637345493
159270	0.004702610151
159271	0.002884786414
159272	0.001728406618
159273	0.002880943661
159274	0.00192223677
159275	0.0002511360042
159276	0.0004238124124
159277	0.001316949381
159278	0.005689073378
159279	0.005471864303
159280	0.008017408611
159281	0.004264441839
159282	0.003199883486
159283	0.0003249129603
159284	0.007883909111
159285	0.004908738588
159286	0.004275280261
159287	2.024951289e-06
159288	0.01175426045
159289	0.006451818817
159290	0.00465241912
159291	0.009267738641
159292	0.007066782105
159293	0.0121710831
159294	0.009910168744
159295	0.01220347472
159296	0.007893071463
159297	0.009447888441
159298	0.002082590223
159299	0.000801766178
159300	0.004982130801
159301	0.000537148973
159302	0.009441037865
159303	0.00912935895
159304	0.01310826482
159305	0.02250846551
159306	0.0001225219557
159307	0.007291553878
159308	0.003971133249
159309	0.001775370414
159310	0.007052417881
159311	0.0006496362218
159312	0.0003274080282
159313	0.001742648456
159314	0.006998963115
159315	0.0004817626941
159316	0.001000129596
159317	0.0001976054867
159318	0.001368162455
159319	0.0002820910847
159320	0.002811129455
159321	0.001053423933
159322	0.001694739107
159323	0.001379398221
159324	0.003069621137
159325	0.001509395258
159326	0.005582793707
159327	0.004242372507
159328	0.001444449668
159329	0.0003987823962
159330	0.002732398264
159331	0.001306799143
159332	0.001517828153
159333	0.003222993905
159334	0.001589563454
159335	0.0003202063944
159336	0.003825556731
159337	0.002059397903
159338	0.005548922574
159339	0.001385761098
159340	0.008560835154
159341	0.0005406495008
159342	0.001634761144
159343	0.004798421131
159344	0.004494082918
159345	0.001453907692
159346	0.001472141501
159347	0.005532582189
159348	0.002616146264
159349	0.001670428874
159350	0.003012407777
159351	0.0003496833602
159352	0.0007655179995
159353	0.0001047679009
159354	0.0009728708809
159355	0.0006508382661
159356	2.556471853e-06
159357	0.001837248929
159358	0.0003299516083
159359	0.001303456734
159360	0.001628142513
159361	0.001829135142
159362	0.001170269292
159363	0.0001046063823
159364	0.0008864503411
159365	0.00168027192
159366	0.005601226598
159367	0.001393835907
159368	0.001980124813
159369	0.0008360793181
159370	0.003047327138
159371	0.003282873163
159372	0.0004094950624
159373	0.00427458391
159374	0.0048174151
159375	0.006248185282
159376	0.003439813601
159377	0.005378627928
159378	0.000532524382
159379	0.001439928203
159380	0.008157404667
159381	0.00181130122
159382	0.006440486501
159383	0.008818652157
159384	0.01182753407
159385	7.296462296e-07
159386	0.0001121049141
159387	0.0002376395938
159388	0.001748562583
159389	0.0009376848409
159390	0.001512974121
159391	0.0002345455219
159392	0.0001167911968
159393	0.0006776136692
159394	0.0006994451743
159395	0.0001161822608
159396	0.000451422756
159397	0.0002365121049
159398	0.0005927315444
159399	0.0005997196248
159400	0.0001138701212
159401	0.001286374767
159402	0.00120555144
159403	0.008487157117
159404	0.0002463495965
159405	0.01779747631
159406	0.004782307919
159407	0.001116206717
159408	0.005225730392
159409	0.003881732108
159410	0.000476276575
159411	0.001413140796
159412	0.003355742928
159413	0.005853530964
159414	0.01431649868
159415	0.005724425059
159416	0.005533424234
159417	0.005015268047
159418	0.01302906203
159419	0.002228267076
159420	0.0005311252203
159421	0.001877049868
159422	0.005058825192
159423	0.01526780704
159424	0.007645356031
159425	0.004403920333
159426	0.0008467290327
159427	0.0007293532566
159428	0.00146559397
159429	0.000676852438
159430	0.00155505724
159431	0.003476141733
159432	0.01027627366
159433	0.008075874581
159434	0.0001441681092
159435	0.001763067926
159436	0.001154239264
159437	0.004396454907
159438	0.003265849511
159439	0.001800858964
159440	0.0005339063956
159441	0.001755066257
159442	0.0007334261264
159443	0.001498139703
159444	0.005322567642
159445	0.001938994186
159446	1.260187725e-06
159447	0.001740480127
159448	0.003750282263
159449	0.005425752069
159450	0.001231627368
159451	0.004212183161
159452	0.0006078523072
159453	0.007426405757
159454	0.01240327155
159455	0.006773699061
159456	0.001484013816
159457	0.003716443915
159458	0.00652696842
159459	0.001238590363
159460	0.002053493126
159461	0.002392342138
159462	0.004543036703
159463	0.0004121012621
159464	0.0009177191429
159465	0.01271936477
159466	0.00968306267
159467	0.000623631046
159468	6.303306316e-07
159469	0.0001253385232
159470	1.506639596e-06
159471	0.000621798089
159472	0.0002398772477
159473	0.0004958288166
159474	0.0006213552466
159475	0.01294159114
159476	0.01268082981
159477	0.00391406646
159478	0.0006740444536
159479	0.005355562577
159480	0.007034695805
159481	0.006812468225
159482	0.01370249617
159483	0.001678999486
159484	0.01442882702
159485	0.002772861802
159486	0.001427704252
159487	0.0002466226995
159488	0.002634014377
159489	0.01013524744
159490	0.0008081164257
159491	0.007933030033
159492	0.0005533504525
159493	0.0005948261107
159494	0.01362404581
159495	0.0006037421359
159496	0.0001638276889
159497	0.0004907812608
159498	0.003765344103
159499	0.002166444288
159500	0.004366084796
159501	0.001710488601
159502	0.001700146461
159503	0.0008113505619
159504	0.005526221491
159505	0.0007975411251
159506	0.0001388878082
159507	0.001622287785
159508	0.0009870790625
159509	0.003303866995
159510	0.01681628523
159511	0.003543442613
159512	0.001661764599
159513	0.009123872063
159514	0.007078718513
159515	0.003958701419
159516	0.001370562877
159517	0.00574648047
159518	0.0001708563719
159519	0.00768351536
159520	0.001003271925
159521	0.005090954123
159522	0.005573383706
159523	0.001870982547
159524	0.002251415391
159525	0.003468408317
159526	0.009474271247
159527	0.002774955927
159528	0.004212218466
159529	0.005020096648
159530	0.001276319596
159531	0.002608759807
159532	0.01688489081
159533	0.01477193228
159534	0.001164183258
159535	0.01639336478
159536	0.007973820994
159537	0.001077285991
159538	0.001694921179
159539	0.004291691927
159540	0.01103009835
159541	6.19383921e-06
159542	0.003231505151
159543	0.000571551543
159544	0.0101388266
159545	0.0007048211187
159546	0.00671510277
159547	0.0115292788
159548	0.0002879730633
159549	0.005970518237
159550	0.002276372206
159551	0.0008408707381
159552	0.01180962325
159553	0.000558208985
159554	0.001124975046
159555	0.004933365701
159556	0.003294817177
159557	0.001832170277
159558	0.009366174924
159559	0.002526140694
159560	0.006384104246
159561	0.001699677193
159562	0.003237832061
159563	0.001783437639
159564	0.0003204203014
159565	0.005487847304
159566	0.01042740684
159567	0.01006559954
159568	0.01035837525
159569	0.006295775678
159570	0.01072975283
159571	0.008262114677
159572	0.001870212353
159573	0.0008075517616
159574	0.00212252683
159575	0.005042372809
159576	0.00365461915
159577	0.0004554497965
159578	0.006666101724
159579	0.0006793699542
159580	0.006549350087
159581	0.008828072926
159582	0.005900448527
159583	0.00844752852
159584	0.003374228802
159585	0.0060957023
159586	0.007730690469
159587	0.002873770294
159588	0.0004816244324
159589	7.221256839e-05
159590	0.0001024135051
159591	0.005460125156
159592	0.003309513005
159593	0.001591836932
159594	0.01530098569
159595	0.002517263219
159596	0.02101674939
159597	0.00292314841
159598	0.01525913246
159599	0.006737056165
159600	0.002886402239
159601	0.0003020686081
159602	0.004718410914
159603	0.006985602246
159604	0.00257071593
159605	0.00229718473
159606	0.007830542672
159607	0.005113727807
159608	0.00617415079
159609	0.007250217133
159610	0.004436319113
159611	0.001382053366
159612	0.001435305561
159613	0.00345527834
159614	0.01081224741
159615	0.001712095105
159616	0.009928842695
159617	0.002118209056
159618	0.006209685404
159619	0.0002952882969
159620	0.01185756371
159621	0.001918771082
159622	6.71790618e-05
159623	0.001863437814
159624	0.003322004949
159625	0.003632888556
159626	0.004858102064
159627	0.006320668837
159628	0.003890434363
159629	0.008954741926
159630	0.007714556675
159631	0.002317539417
159632	0.004365629664
159633	0.00226863556
159634	0.003661684217
159635	0.0008038687428
159636	0.0008775073253
159637	0.001047981695
159638	0.000234012142
159639	0.0002334295788
159640	0.0001171137016
159641	1.170657337e-06
159642	0.0001150464375
159643	0.001855481671
159644	0.0004937747369
159645	0.005825507673
159646	0.0009162473399
159647	0.002311085068
159648	0.002309672965
159649	0.001162786358
159650	0.003123927769
159651	0.0002891127464
159652	0.0006404460669
159653	0.004555645086
159654	0.004271392907
159655	0.002917640157
159656	0.004542882849
159657	0.0003507740117
159658	0.004929971692
159659	0.001799502692
159660	0.006991523386
159661	0.001529925152
159662	0.002569696209
159663	0.0008255787603
159664	0.01565336978
159665	0.006592811969
159666	0.001063382426
159667	0.004300593852
159668	0.006083800459
159669	0.001588911928
159670	0.009913742176
159671	0.001040349217
159672	0.001228766311
159673	0.009534184143
159674	0.003360538411
159675	0.002364222371
159676	0.007474307099
159677	0.0006712923424
159678	0
159679	0.000894080044
159680	0.002737873051
159681	0.0032800073
159682	0.002736107144
159683	0.0002038704619
159684	0.003121913351
159685	0.001023409544
159686	0.003951513135
159687	0.003512978244
159688	0.001056990471
159689	0.002673976503
159690	0.001573789717
159691	0.0003652705967
159692	0.001225712662
159693	0.00112963288
159694	0.0001762039473
159695	0.007346022214
159696	0.01146282277
159697	0.0004359641231
159698	0.002241436193
159699	0.001346027365
159700	0.0007678330596
159701	0.009879745658
159702	0.0004600407255
159703	0.0022656126
159704	0.005689760703
159705	0.003544474474
159706	0.001239532677
159707	0.0009251478473
159708	0.0008019389319
159709	0.0006725816858
159710	0.001189114622
159711	0.001109070076
159712	0.0006968949949
159713	0.001371850252
159714	0.004937837976
159715	0.0006447661108
159716	0.002129973567
159717	0.002578683437
159718	0.002826030141
159719	0.004610587732
159720	0.00244917316
159721	0.002109555795
159722	0.002335927083
159723	0.000315700624
159724	0.004714844135
159725	0.002449953474
159726	0.00171624589
159727	0.000436375584
159728	0.0005280065381
159729	0.002119139037
159730	0.003810813489
159731	0.004091014877
159732	0.003698552032
159733	0.002239180379
159734	0.00821967549
159735	0.004645853431
159736	0.004393808252
159737	0.002993862069
159738	0.00433163351
159739	0.002451995402
159740	0.004773974749
159741	0.006088186978
159742	2.543063665e-05
159743	0.00180607309
159744	0.001886905596
159745	1.834311725e-05
159746	0.0005723939647
159747	0.002876927335
159748	0.0005549027836
159749	0.005268282246
159750	0.0001860482642
159751	0.0009549394007
159752	0.0003223244471
159753	0.007866022304
159754	0.00185674971
159755	0.00460117016
159756	0.0002835223377
159757	0.004121612447
159758	0.004195298031
159759	0.00240826117
159760	0.004999838031
159761	0.006968844918
159762	0.004431095877
159763	0.004560867167
159764	0.006849342778
159765	0.0001021012325
159766	0.002116444527
159767	0.00684972287
159768	0.005004967598
159769	0.006965281095
159770	3.255832723e-06
159771	0.004760211292
159772	8.263181772e-07
159773	3.610764883e-06
159774	0.002541361839
159775	0.005065595261
159776	0.00935278979
159777	0.0008542908457
159778	0.0003227125385
159779	0.00693187193
159780	0.000326237283
159781	0.00372845206
159782	0.0004505459651
159783	0.0002392337518
159784	2.757275437e-05
159785	0.005121365135
159786	0.0001753446538
159787	0.001313790776
159788	0.0007569248678
159789	0.0006368054151
159790	0.0003313935388
159791	0.01035069608
159792	0.003895852469
159793	0.005276661457
159794	0.0009165799041
159795	0.003995912905
159796	0.003155671346
159797	1.156016926e-05
159798	0.0126601335
159799	0.005571089054
159800	0.01348348687
159801	0.002061120646
159802	0.01760333734
159803	0.003984744754
159804	0.003415382536
159805	0.0009225716819
159806	0.01102219003
159807	0.006320758173
159808	0.00114480279
159809	0.0006081334871
159810	0.001277538262
159811	0.001051245335
159812	3.521346446e-05
159813	0.0001156279982
159814	0.0001247802314
159815	0.0001135411278
159816	0.003471258919
159817	0.0007933786406
159818	0.01650055673
159819	0.01016575356
159820	0.000942220936
159821	0.007171929243
159822	0.004433420699
159823	0.005184202997
159824	0.0002531932012
159825	0.005254772341
159826	0.008381923938
159827	0.006219874566
159828	0.001989923901
159829	0.002849895989
159830	0.00479925496
159831	0.006213773602
159832	1.992020706e-05
159833	0.01373590788
159834	0.01072504797
159835	0.003885698142
159836	0.002564472662
159837	0.01130816428
159838	0.008217090069
159839	0.005513380663
159840	0.006750303663
159841	0.001899621013
159842	0.001367880327
159843	0.002909177154
159844	0.008324576454
159845	0.001155754981
159846	0.009777560536
159847	0.0003656772206
159848	0.00353678516
159849	0.008888585607
159850	0.0002785152022
159851	0.001127843023
159852	0.0009705362728
159853	0.002229748719
159854	0.0007786881287
159855	0.009246595379
159856	0.001993759784
159857	0.001151910007
159858	0.00232838911
159859	0.00183781054
159860	0.008944930233
159861	0.007884917414
159862	0.007202150181
159863	0.008506504239
159864	0.00130754836
159865	0.003582765615
159866	0.002868323381
159867	0.00547016586
159868	0.002601895598
159869	8.590777164e-05
159870	0.004132615245
159871	0.002504632844
159872	0.005681278607
159873	0.005525870594
159874	0.001647254581
159875	0.003424525569
159876	0.003255506394
159877	0.006387419954
159878	0.003242059037
159879	0.004089167411
159880	0.0004029720175
159881	0.001696049338
159882	0.002051949012
159883	0.005710362347
159884	0.0245443498
159885	0.003318777519
159886	0.002538238731
159887	0.002503096579
159888	0.005423749299
159889	0.002901932068
159890	0.003455200056
159891	0.005251947463
159892	0.005811393951
159893	0.002784545246
159894	0.004948706008
159895	0.005117005594
159896	0.004358985079
159897	0.006441118963
159898	0.007560552795
159899	0.002772431768
159900	0.01132562241
159901	0.004345468455
159902	0.002049283588
159903	0.00316915732
159904	0.01551567444
159905	0.003738375117
159906	0.003310730101
159907	0.01240999781
159908	0.01279851991
159909	0.003126880592
159910	0.002211480933
159911	0.0009171926616
159912	0.006907526791
159913	0.005724780381
159914	0.001616560647
159915	0.004925289175
159916	0.01633384972
159917	0.00333613215
159918	0.0001541491678
159919	0.0181798002
159920	0.009945593549
159921	0.0108253184
159922	0.008276465733
159923	0.002222988479
159924	0.002281042276
159925	0.005216646009
159926	0.0110187519
159927	0.005250237729
159928	0.007126778796
159929	0.0008933011077
159930	0.003635653773
159931	0.003319635251
159932	0.00362906757
159933	0.00356974527
159934	0.003100020882
159935	0.001619855933
159936	0.002411015641
159937	0.002199335668
159938	0.002918966983
159939	0.00204004053
159940	0.002211346176
159941	0.002737031
159942	0.002821181775
159943	0.002939866495
159944	0.003413650374
159945	0.00135698043
159946	0.001910131946
159947	0.003770441515
159948	0.002865592348
159949	0.002686499176
159950	0.001970977371
159951	0.005270809358
159952	0.007245305303
159953	0.007072445396
159954	0.004641576625
159955	0.006727699625
159956	0.009981766667
159957	0.008407261712
159958	0.005614832679
159959	0.003699845981
159960	0.006606350287
159961	0.009896519592
159962	0.001729681491
159963	0.005552007843
159964	0.009166658301
159965	0.006795803924
159966	0.001836779347
159967	0.00228110298
159968	0.0004160375092
159969	0.0003405472444
159970	0.001497755379
159971	0.001410529155
159972	0.0003884071292
159973	0.002613827476
159974	0.01084501843
159975	0.003762246596
159976	0.00135509315
159977	0.01261545822
159978	0.005070294104
159979	0.001640345576
159980	0.006773056338
159981	0.001030777994
159982	0.01109140289
159983	0.0078662354
159984	0.001406384572
159985	0.002776999081
159986	0.0005643327574
159987	0.006157974739
159988	0.003026218448
159989	0.01069062652
159990	0.001817393009
159991	0.01804818598
159992	0.01227842757
159993	0.00168792138
159994	0.001737633991
159995	0.001951015954
159996	0.0006354228909
159997	0.003900806387
159998	0.004338869203
159999	0.01208107252
160000	0.00304227002
160001	0.003556630125
160002	0.01057006634
160003	0.007926981237
160004	0.005150590014
160005	0.01183878735
160006	0.01079071226
160007	0.002504014606
160008	0.002754692407
160009	0.002978262073
160010	0.003460897176
160011	0.002327298271
160012	0.001142508042
160013	0.001059294959
160014	0.004275516206
160015	0.008383851473
160016	0.002023713213
160017	0.007804135231
160018	0.001695968668
160019	0.0103899026
160020	0.0003373635379
160021	0.003590552664
160022	0.005847866294
160023	0.01170080888
160024	0.0003002733856
160025	0.0006088968809
160026	0.006331793847
160027	0.005094657439
160028	0.007702152585
160029	0.006220997296
160030	0.001031525716
160031	0.003622205261
160032	0.0002772455759
160033	0.005360480921
160034	0.001589438284
160035	0.002849227632
160036	0.002841179618
160037	0.006976323993
160038	0.00394838655
160039	0.00254566948
160040	0.006077052163
160041	0.00286192218
160042	0.002902245799
160043	0.009183571502
160044	0.003281077109
160045	0.0007442609458
160046	0.007696733256
160047	0.008517904825
160048	0.005083020669
160049	0.007720122694
160050	5.720957051e-05
160051	0.002028306187
160052	0.002595867195
160053	0.003797509906
160054	0.0007419810231
160055	0.006681208013
160056	0.001221329253
160057	0.002540913522
160058	0.001972924884
160059	0.003720473735
160060	0.0005154386475
160061	0.006172353799
160062	0.00708498388
160063	0.0004774864406
160064	0.003584523942
160065	0.004099142782
160066	0.003702946449
160067	0.00140164451
160068	0.00479345502
160069	0.003706611833
160070	0.007107635916
160071	0.01530415813
160072	0.002850196222
160073	0.002112444455
160074	0.005350389979
160075	0.01047750893
160076	0.00057095758
160077	0.0009937373554
160078	0.002562727531
160079	0.001006310195
160080	0.003835516099
160081	0.001429630598
160082	0.0001298123524
160083	0.00127983866
160084	0.001711180845
160085	0.003157655365
160086	0.00112735026
160087	0.00213513544
160088	0.001704403451
160089	0.00240976053
160090	0.0003324249333
160091	0.000771283391
160092	0.008048202853
160093	0.001290298131
160094	0.000540362303
160095	0.006655927883
160096	0.00308990605
160097	0.002798680439
160098	0.0004272876726
160099	0.002134261687
160100	0.0007060376791
160101	0.002279050234
160102	0.003278711772
160103	0.0006936029992
160104	0.0006029853355
160105	0.001340428724
160106	0.004049129885
160107	0.003821613756
160108	0.000413842959
160109	0.006426936017
160110	0.001642050701
160111	0.00443887467
160112	0.00521746077
160113	0.002172453247
160114	0.002327174973
160115	0.00633901512
160116	0.002350175481
160117	0.001061824618
160118	0.007652577858
160119	0.005326329742
160120	0.002038503231
160121	0.00898130537
160122	0.002045628166
160123	0.007749962609
160124	0.002800888617
160125	0.003098021364
160126	0.002895622748
160127	0.003804166698
160128	0.004670862389
160129	0.003115613252
160130	0.004012797132
160131	0.001621986585
160132	0.001925140095
160133	0.0004388938782
160134	0.003692918627
160135	0.004646487646
160136	0.009248053814
160137	0.008493118436
160138	0.009062188656
160139	0.003316982541
160140	0.002180360079
160141	0.0004136895849
160142	0.002963954696
160143	0.000702148801
160144	2.026230475e-07
160145	2.716401465e-05
160146	0.00244191608
160147	0.004344746301
160148	0.001886708256
160149	0.009109812619
160150	0.0009366697424
160151	0.0160907206
160152	0.003841995872
160153	0.003937328333
160154	0.000162873647
160155	0.004522533189
160156	0.0003553826834
160157	0.0006747379419
160158	0.01406203836
160159	0.001250973503
160160	0.008316155547
160161	0.005870705464
160162	0.002213357497
160163	0.001897202847
160164	0.001274992386
160165	0.01263953927
160166	0.005357005996
160167	0.003835434815
160168	0.00387967984
160169	0.01045916782
160170	0.0001445865821
160171	0.0001352821237
160172	0.007300115497
160173	0.008422632277
160174	0.004914286365
160175	0.002435613729
160176	0.0008151110558
160177	0.004346268295
160178	0.002392259835
160179	0.003441891457
160180	0.002206192931
160181	0.002298295083
160182	0.00735032037
160183	0.0006042885076
160184	0.0020678035
160185	0.004292553902
160186	0.001924781973
160187	0.01010657941
160188	0.001294332501
160189	0.002819403839
160190	0.00382254601
160191	0.01370093241
160192	0.00340185182
160193	0.003381998112
160194	0.002383339028
160195	0.002543706565
160196	0.0001179731409
160197	0.01542539876
160198	0.004936147067
160199	0.001643724203
160200	0.0008806969432
160201	0.01811446805
160202	0.001980487281
160203	0.00201992356
160204	0.0005903396854
160205	0.001072970659
160206	0.001144063724
160207	0.002889383702
160208	0.001407866969
160209	0.003470751696
160210	0.002948618185
160211	0.001839081192
160212	0.001107193675
160213	0.003422046039
160214	0.0008419304006
160215	0.0002274926798
160216	0.009971380653
160217	0.001346143654
160218	0.007429908562
160219	0.0001792714421
160220	0.0002525806303
160221	0.001357366844
160222	0.002122448463
160223	0.0008386283495
160224	0.001556322871
160225	0.005539590177
160226	0.007208499549
160227	0.003335651387
160228	0.0008029672003
160229	5.523673205e-05
160230	0.001838955397
160231	0.0001855806689
160232	0.005616558464
160233	0.001226955896
160234	0.002064163369
160235	0.000288111074
160236	0.0003983503451
160237	0.0004519125127
160238	0.00342686445
160239	3.464292992e-05
160240	0.001242178268
160241	7.258906034e-05
160242	0.0002101092755
160243	0.0003566987981
160244	0.01962447259
160245	0.001639209873
160246	0.001603069868
160247	0.001291317727
160248	0.001319463682
160249	0.006105007951
160250	0.001885418508
160251	0.001170699152
160252	0.0003727315443
160253	0.01833244347
160254	0.0003826926061
160255	0.0005811872263
160256	0.001407310929
160257	0.0003744549158
160258	0.004465017338
160259	0.002107920537
160260	0.0009156476466
160261	0.01577471593
160262	0.01131016278
160263	0.001948684721
160264	0.01618901589
160265	0.008378817879
160266	0.001445997371
160267	0.005112712542
160268	0.006033527369
160269	0.001757910406
160270	0.005028491023
160271	0.002013871464
160272	0.008274781079
160273	0.0005225833272
160274	0.00468551095
160275	0.006455285729
160276	0.0006871998113
160277	0.001188466938
160278	0.003274836358
160279	0.008245528375
160280	0.0008380764079
160281	0.005930893744
160282	0.004019351844
160283	0.01747299717
160284	0.005459029395
160285	0.003974267792
160286	0.004183476631
160287	0.0116547464
160288	0.00660698862
160289	0.001913018889
160290	0.007464399234
160291	0.01147778481
160292	0.007860050843
160293	0.001407022195
160294	0.00211073741
160295	0.005984451643
160296	0.00132885594
160297	0.004148641802
160298	0.01005585273
160299	0.001978369515
160300	0.01064014565
160301	0.00438611143
160302	0.003784269781
160303	0.008315894182
160304	0.005397631778
160305	0.001244292839
160306	0.002140657506
160307	0.002090763783
160308	0.001776090913
160309	0.009803261599
160310	0.001448318926
160311	0.0003644115239
160312	0.006842968264
160313	0.01050735912
160314	0.0001204590765
160315	0.0001366609413
160316	2.719429365e-05
160317	0.007783265949
160318	0.001184099342
160319	0.0005280678626
160320	0.0008885756798
160321	0.0005975638118
160322	0.003029313965
160323	0.005896619334
160324	0.0003475288079
160325	0.006039358483
160326	0.007658381433
160327	0.01228391046
160328	4.534764576e-05
160329	0.007136144685
160330	0.00374292139
160331	0.005298521627
160332	0.004059822549
160333	0.003036877891
160334	0.001899072508
160335	0.00394161411
160336	0.002058219991
160337	0.006238828067
160338	0.003663920577
160339	0.002789747475
160340	0.005761281298
160341	0.001551839241
160342	0.007561721183
160343	0.001177369797
160344	0.007207917785
160345	0.01223837132
160346	0.006421851829
160347	0.01021463281
160348	0.00434636869
160349	0.010598125
160350	0.01480671608
160351	0.001754181238
160352	0.005291975965
160353	0.006358578876
160354	0.006770851741
160355	0.000359759247
160356	0.006731484586
160357	0.003927969579
160358	0.01115606498
160359	0.000381027068
160360	2.450217899e-05
160361	0.000282267804
160362	0.000523472546
160363	0.0007305020307
160364	0.0005475627332
160365	6.422497141e-05
160366	0.000863901
160367	0.000439436595
160368	0.0003447900865
160369	5.819863726e-05
160370	0.0001628196689
160371	0.000415771509
160372	0.02044811621
160373	0.0008851198368
160374	0.01087944577
160375	0.01021574286
160376	0.004551266024
160377	0.001055441664
160378	0.002337383485
160379	0.003035611822
160380	0.003074456637
160381	0.003888535696
160382	0.005620767482
160383	0.006706662262
160384	0.01635697262
160385	0.004905212147
160386	0.004223362838
160387	0.002970007773
160388	9.056497497e-05
160389	8.247800054e-05
160390	0.003417204563
160391	0.000613836873
160392	0.02005005791
160393	0.009943896772
160394	0.00353698721
160395	0.0005566005473
160396	0.007138915141
160397	0.0003476844362
160398	0.000944797301
160399	0.00210512078
160400	0.0008373950052
160401	0.0004954983419
160402	0.001394719445
160403	0.0004437820301
160404	0.001672763478
160405	0.00032131274
160406	0.0005945206733
160407	0.00124196709
160408	0.002070554861
160409	0.004614221513
160410	0.0007729771999
160411	0.000127198092
160412	0.001107964738
160413	3.70043521e-05
160414	0.0008879457828
160415	0.0001009040494
160416	0.00202652801
160417	0.001334035305
160418	0.01021005244
160419	0.003107127038
160420	0.001634681419
160421	0.002789419999
160422	0.006604744676
160423	0.007178162609
160424	0.006811408799
160425	0.0001537573832
160426	0.006095809403
160427	0.001523357097
160428	0.005711645724
160429	0.003824927138
160430	0.003920248662
160431	0.006286963804
160432	0.005430318441
160433	0.002406931115
160434	0.0003876332031
160435	0.001995461572
160436	0.001694165297
160437	0.006553713462
160438	0.002713892227
160439	0.004038813269
160440	0.001088202244
160441	0.006700178296
160442	0.0005718836479
160443	0.008563946544
160444	0.006092058922
160445	0.002842754864
160446	0.01251963801
160447	0.007701316602
160448	0.001735769511
160449	0.0007627388433
160450	0.001385825472
160451	0.001115808141
160452	0.004873300983
160453	0.0005013556074
160454	0.006630482375
160455	0.006527211776
160456	0.00275264
160457	0.004270708844
160458	0.001248057902
160459	0.003036679801
160460	0.002700527082
160461	1.038619552e-05
160462	0.001375341542
160463	0.001274785984
160464	0.000499732617
160465	0.001246469796
160466	0.003049218221
160467	0.0009623893896
160468	0.0009812569536
160469	0.005696895847
160470	0.001349159432
160471	0.004039789114
160472	0.003696801384
160473	0.002265246098
160474	0.005588435094
160475	0.008544232977
160476	0.005656221362
160477	0.01142002532
160478	0.005404314802
160479	0.008529215993
160480	0.0221471488
160481	0.0005439520025
160482	0.001676703152
160483	0.005973540247
160484	0.00473390477
160485	0.008421609575
160486	0.006794263907
160487	0.00157879895
160488	0.01062943101
160489	0.001261095637
160490	0.007384934071
160491	0.0008674190682
160492	0.002363720478
160493	0.004922601267
160494	0.003326846426
160495	0.001396969146
160496	0.003593487917
160497	0.0003691319103
160498	0.004256806831
160499	0.002201859678
160500	0.004064983882
160501	0.006503063606
160502	3.243468005e-05
160503	0.0001356346175
160504	0.00264111493
160505	0.001113017052
160506	0.0008435426525
160507	0.000788692694
160508	0.001223086232
160509	0.002072420267
160510	0.006551777635
160511	0.0008531143375
160512	0.0008898614579
160513	0.0008431390472
160514	0.009928218537
160515	0.001053993397
160516	0.001843546586
160517	0.001185875071
160518	0.01198440452
160519	0.001213371779
160520	0.01878393142
160521	0.00695395121
160522	0.005056556826
160523	0.002919620863
160524	0.0002201994591
160525	0.01139907288
160526	0.01246343911
160527	0.0021150709
160528	0.000861815049
160529	0.001418321738
160530	0.009817247377
160531	0.01313546023
160532	0.01394153501
160533	0.003465836581
160534	0.007045139813
160535	0.01488956141
160536	0.00132041454
160537	0.001435933331
160538	0.004827514763
160539	0.01028105364
160540	0.003745891856
160541	0.005959073002
160542	0.00347097213
160543	0.01423756777
160544	0.002137445452
160545	0.005406404988
160546	0.007770472541
160547	0.0006443335312
160548	0.01025729427
160549	0.001093128545
160550	0.01150400767
160551	0.0001618545535
160552	2.942689749e-05
160553	0.006595364809
160554	0.001560385079
160555	0.01110089797
160556	0.009505861883
160557	0.00353731929
160558	0.009734180475
160559	0.009191353874
160560	8.614437917e-06
160561	0.003829240137
160562	0.02176219633
160563	0.007508858854
160564	0.0002262840292
160565	0.006753187587
160566	0.004050669468
160567	0.001251361022
160568	0.0003505394792
160569	0.006809300954
160570	0.01520889047
160571	0.0111460152
160572	0.009137305797
160573	0.01264427796
160574	0.01339094418
160575	0.00563896234
160576	0.002298153217
160577	0.001415923302
160578	0.006823284935
160579	0.0006726184942
160580	0.002577109069
160581	1.221952262e-05
160582	0.00112137809
160583	0.0008560160791
160584	0.003051401441
160585	0.00200970208
160586	0.0001221608367
160587	0.009971627512
160588	0.000834582623
160589	0.0004179736868
160590	0.0007060944408
160591	0.001291782927
160592	0.0008467308277
160593	0.001046671979
160594	0.0004589041738
160595	0.0004884924523
160596	0.0007624135187
160597	0.000898863012
160598	0.001361141352
160599	0.01056260915
160600	0.0003126467408
160601	0.0004544555407
160602	0.00033501591
160603	0.00104281407
160604	0.0006649578051
160605	5.902621121e-06
160606	0.00232217778
160607	0.002071599283
160608	0.003598250784
160609	0.001977267559
160610	0.00700638413
160611	0.001054982026
160612	0.004910592622
160613	0.008281641091
160614	0.007931657166
160615	0.0004536864025
160616	0.002695805388
160617	0.009791991579
160618	0.0005648436133
160619	0.004739048264
160620	0.007220938785
160621	0.004867210285
160622	0.0003388514624
160623	0.0008636960851
160624	0.001512368774
160625	0.007341858987
160626	0.01665539483
160627	0.0008066751232
160628	0.01245137333
160629	0.004588306332
160630	0.007909533529
160631	0.00048738506
160632	0.001000226118
160633	0.0008609544213
160634	0.001512301275
160635	0.001043263761
160636	0.0006161614639
160637	0.01781012434
160638	0.001614243867
160639	0.008345675109
160640	0.003173725171
160641	0.008591195182
160642	0.001862695604
160643	0.0002194746028
160644	0.0005441621074
160645	0.003976726754
160646	0.0009733956664
160647	0.001446967448
160648	0.01885232711
160649	0.002456656776
160650	0.004458852791
160651	0.003088900889
160652	0.007486521325
160653	0.0007837500031
160654	0.004272102426
160655	0.0001297117132
160656	0.002217141381
160657	0.005907513067
160658	0.008115203964
160659	0.009535008261
160660	0.005423774434
160661	0.007346486526
160662	0.004331994463
160663	0.002365721151
160664	0.01243533185
160665	0.0004945440056
160666	0.003767940916
160667	0.004432816777
160668	0.01359836343
160669	0.003614694134
160670	0.00474361097
160671	0.000502295915
160672	0.0006952140394
160673	0.003530553037
160674	0.007476995706
160675	0.001536872121
160676	0.009738675549
160677	0.002685910543
160678	0.003710197583
160679	0.001184654915
160680	0.003666462145
160681	0.01972612553
160682	0.001591622581
160683	0.01491569159
160684	0.005398703698
160685	0.008345183221
160686	0.01458781657
160687	0.004865642125
160688	0.001446812326
160689	0.0006486803461
160690	0.004635527523
160691	0.001897670292
160692	0.003067163792
160693	0.0003750955163
160694	0.004599547543
160695	0.02825107979
160696	0.006299971326
160697	0.0082569431
160698	0.0014481688
160699	0.01706347099
160700	0.003200161535
160701	0.001909208673
160702	0.02004547865
160703	0.004963065481
160704	0.004561863642
160705	0.006499793925
160706	0.008586897496
160707	0.002735360718
160708	6.139141407e-05
160709	0.007113460836
160710	0.000808225511
160711	0.01585112826
160712	0.00226727277
160713	0.007027230017
160714	0.0006394786333
160715	0.004860835873
160716	0.0006129596561
160717	0.009561929924
160718	0.003587890117
160719	0.01477363739
160720	0.006038172462
160721	0.004971482394
160722	0.001042387578
160723	0.002391714058
160724	0.007350100198
160725	0.01521681935
160726	0.003305954981
160727	0.00205909627
160728	0.00103133392
160729	0.0001199287413
160730	0.01183292701
160731	0.003761485963
160732	0.001338669975
160733	0.002363245012
160734	0.002947511291
160735	0.00396201453
160736	0.004773079239
160737	0.002346614031
160738	0.005700762539
160739	0.0001350521595
160740	0.00160047118
160741	0.003309764859
160742	0.0009718349672
160743	0.004600168097
160744	0.001037493858
160745	0.005813564296
160746	0.006497531359
160747	0.004991347496
160748	0.003673648673
160749	0.005458338909
160750	0.007824740182
160751	0.002168491844
160752	0.005273416296
160753	0.001114231881
160754	0.002988523468
160755	0.003432585301
160756	0.003105354732
160757	0.006440505045
160758	0.009620583896
160759	0.006547828005
160760	0.0009340914317
160761	0.007104307191
160762	0.004457360936
160763	0.0005274230021
160764	0.004107708568
160765	0.008459079298
160766	0.008440492456
160767	0.000801462784
160768	0.00245006681
160769	0.003318469749
160770	0.001647587595
160771	0.003685081789
160772	0.002441210215
160773	0.008412360941
160774	0.008018375017
160775	0.008983239681
160776	0.003820465552
160777	0.008691606902
160778	0.002350377637
160779	0.01040490761
160780	0.002736333142
160781	0.005579499679
160782	0.005102564633
160783	0.004556153401
160784	0.001227528799
160785	0.005159071016
160786	0.001384370491
160787	0.007280615302
160788	0.008001803192
160789	0.000513358617
160790	0.002585318696
160791	0.004347787063
160792	0.003704028086
160793	0.0005025521282
160794	0.001661917996
160795	0.006759138942
160796	0.003277698778
160797	0.005428812546
160798	0.0006976879092
160799	0.01002574586
160800	0.003335632406
160801	0.004409215938
160802	0.01430544346
160803	0.005598125051
160804	0.002498836023
160805	0.00287589568
160806	0.01192718029
160807	0.004162902112
160808	0.005724132441
160809	0.002742548952
160810	0.01315490668
160811	0.002482087999
160812	0.005077236595
160813	0.0001933119649
160814	0.004834467564
160815	0.003704724761
160816	0.001952052513
160817	0.00202523245
160818	0.00126848956
160819	0.006251821199
160820	0.004813737318
160821	0.01046605297
160822	0.0001413881743
160823	0.001347565531
160824	0.01075651836
160825	0.01398512198
160826	0.0007449516675
160827	0.001670985983
160828	0.003770570974
160829	0.007579014079
160830	0.008098656778
160831	0.009135247947
160832	0.003384224604
160833	0.007972210281
160834	0.001005050597
160835	0.008207657248
160836	0.00640069723
160837	0.001016723467
160838	0.003126739822
160839	0.001171575036
160840	0.001853455497
160841	0.00510766447
160842	0.0009075014795
160843	0.003301544992
160844	0.005903632464
160845	0.0006915004474
160846	0.0004702569583
160847	0.003222389466
160848	0.004558451059
160849	0.001716466057
160850	0.0011782411
160851	0.002379363323
160852	0.004148848733
160853	0.005638368823
160854	0.002865384165
160855	0.01184636828
160856	0.002287053272
160857	0.005970658417
160858	0.00148185661
160859	0.0003786424056
160860	0.01514181184
160861	0.004277547868
160862	0.001862416658
160863	0.01171719089
160864	0.01090772526
160865	0.006315095274
160866	0.01346323414
160867	0.009296142712
160868	0.01181003135
160869	0.01082578171
160870	0.0003438337762
160871	0.001457632004
160872	0.01504569844
160873	0.0002803902032
160874	0.0006817577743
160875	0.01482014891
160876	0.002290122782
160877	0.00891727587
160878	0.008771100746
160879	0.003775811776
160880	0.006825153296
160881	0.01330776507
160882	0.01016129342
160883	0.01700062646
160884	0.01713514328
160885	0.002824290089
160886	0.003995856739
160887	0.009534744591
160888	0.01403698337
160889	0.01784428311
160890	0.007752403744
160891	0.00134333932
160892	0.0005657477436
160893	0.007793554787
160894	0.01039797523
160895	0.003734283762
160896	0.007549598332
160897	0.01131152486
160898	0.01388162269
160899	0.007376146198
160900	0.001851967873
160901	0.004022569629
160902	0.0153814655
160903	0.007640292929
160904	0.006451370483
160905	0.001050361728
160906	0.004050057974
160907	0.005012285978
160908	0.00954952625
160909	0.009221632704
160910	0.001752946419
160911	0.005215215969
160912	0.00540715709
160913	0.00757722429
160914	0.0008825032668
160915	0.0111396447
160916	0.0001961365112
160917	0.0003564369991
160918	0.0009179225514
160919	0.008617206733
160920	0.01315352921
160921	0.006544991121
160922	0.004879723568
160923	0.01059793647
160924	0.009714388748
160925	0.003041519688
160926	0.007196695257
160927	0.003180494471
160928	0.006283350197
160929	0.002366826664
160930	0.002043308566
160931	0.001774955211
160932	0.01521831691
160933	0.0137991314
160934	0.006513855913
160935	0.01496302534
160936	0.01226607238
160937	0.00830915462
160938	0.01263782551
160939	0.01023456418
160940	0.004325093404
160941	0.007588344035
160942	0.005336386355
160943	0.006817586277
160944	0.01173072646
160945	0.01110132424
160946	0.001482745264
160947	0.01565287099
160948	0.01536770704
160949	0.006322634758
160950	0.008904781399
160951	0.01273413005
160952	0.002504454782
160953	0.01438316095
160954	0.002697334001
160955	0.000976791939
160956	0.003650005274
160957	0.00541371479
160958	0.001466736958
160959	0.002492942169
160960	0.01154142028
160961	0.001770179898
160962	0.01347279889
160963	0.00385382673
160964	0.01187959386
160965	0.0007308231277
160966	0.01464320891
160967	0.002461028849
160968	0.004134648461
160969	0.01559821802
160970	0.00865185345
160971	0.01583069042
160972	0.003729067627
160973	0.005299040679
160974	0.01820701272
160975	0.003216412341
160976	0.001376353404
160977	0.01483604725
160978	0.0009884149727
160979	0.002594431885
160980	0.007489176828
160981	0.005876150197
160982	0.002680070421
160983	1.360040537e-05
160984	0.006756063406
160985	0.0009951812067
160986	0.0118623322
160987	0.01453733015
160988	0.004866495799
160989	0.0135421338
160990	0.004493937294
160991	0.007476967178
160992	0.001119796833
160993	0.001247834809
160994	0.000191368928
160995	0.0004618998365
160996	0.001118789926
160997	0.0008961245443
160998	0.002782370377
160999	0.002053646803
161000	0.003257774196
161001	0.0006360970138
161002	0.001299592353
161003	0.000741414572
161004	0.002402294413
161005	0.0001203404187
161006	9.528325246e-05
161007	0.003011849557
161008	0.003522466716
161009	0.001105692895
161010	0.003896145077
161011	0.0003369476754
161012	0.004237162465
161013	0.001127236855
161014	0.0001124923721
161015	0.001428811731
161016	0.0008060760192
161017	0.0027098525
161018	0.001667571097
161019	0.0007697888223
161020	0.004383542815
161021	0.002208527089
161022	0.004482546094
161023	0.002331212003
161024	0.0005944819329
161025	0.003654284295
161026	0.004439946974
161027	0.003853297522
161028	0.003970976792
161029	0.000251509682
161030	0.002488388533
161031	0.006450197248
161032	0.001607426371
161033	0.002838576483
161034	0.004622626032
161035	0.00472739189
161036	0.0001793407749
161037	0.00183921963
161038	0.01538678404
161039	0.0002148855616
161040	0.002606434146
161041	0.002462162961
161042	0.01047968286
161043	0.005956316754
161044	0.009028462063
161045	0.003825697888
161046	0.0002353888727
161047	0.001402955001
161048	0.001459908404
161049	0.001732168873
161050	0.007759089016
161051	0.001301063686
161052	0.004799371361
161053	0.001530353369
161054	0.001841576337
161055	0.004733539268
161056	0.005958594528
161057	0.0007131498976
161058	0.003288896514
161059	0.002971912263
161060	0.001243427251
161061	0.0005633349623
161062	0.006592241173
161063	0.002751605799
161064	0.01142436427
161065	0.009757381701
161066	0.004632794405
161067	0.003750166686
161068	0.0002460455891
161069	0.01031973571
161070	0.002860306875
161071	0.003416291322
161072	0.001158155198
161073	0.004900001012
161074	0.004157590321
161075	0.002482098681
161076	0.0003820682003
161077	0.004779232855
161078	0.002105336357
161079	0.00559375496
161080	0.0047537275
161081	0.01282438272
161082	0.005039228892
161083	0.002468272034
161084	0.00870535072
161085	0.005330432211
161086	0.003878297263
161087	0.003392978065
161088	0.0004246810807
161089	0.001564963881
161090	0.001352523354
161091	0.006690594335
161092	0.002561686085
161093	0.002681904375
161094	0.008003018818
161095	0.005909813546
161096	0.006800479632
161097	7.18678661e-05
161098	0.008771128883
161099	0.004815916239
161100	0.00596629489
161101	0.0006595562499
161102	0.002035910595
161103	0.001267827793
161104	0.004022548932
161105	0.001783356779
161106	0.006737616414
161107	0.001345424508
161108	0.001548703528
161109	0.007967639438
161110	0.007402751764
161111	0.008311222218
161112	0.0001178131916
161113	0.0001749012515
161114	0.004488694109
161115	0.008674926687
161116	0.002399413367
161117	0.0005571752158
161118	0.00122840125
161119	0.008029358831
161120	0.0004014367132
161121	0.002271130527
161122	0.001931110331
161123	0.001968371069
161124	0.001221299551
161125	0.01193608799
161126	0.009452774602
161127	0.005146884299
161128	0.003524169379
161129	0.000622510884
161130	0.00278329849
161131	0.006603309114
161132	0.007028223185
161133	0.005326984874
161134	0.003098863502
161135	0.008775189673
161136	0.003077047729
161137	0.01075864394
161138	0.002882063376
161139	6.425944497e-05
161140	0.0006772777642
161141	0.009229716467
161142	0.005727164533
161143	0.002847557754
161144	0.0009156015044
161145	0.0006029638452
161146	0.001354786781
161147	0.002123905605
161148	0.0008376967418
161149	0.002151231886
161150	0.005351657789
161151	0.006835589822
161152	0.005424500479
161153	0.004180667354
161154	0.005418936527
161155	0.0009269180024
161156	0.005650992107
161157	0.006061891081
161158	0.002242509036
161159	0.004902958651
161160	0.003209893203
161161	0.002302251497
161162	0.001423801694
161163	0.008745880437
161164	0.005050198388
161165	0.009233893445
161166	0.003853415458
161167	1.901403394e-05
161168	1.648864732e-05
161169	0.009634011163
161170	0.001519799796
161171	0.0008735490216
161172	0.003877907376
161173	0.004292714526
161174	0.002072398014
161175	0.007318074306
161176	0.004745904971
161177	0.005600041123
161178	0.001796770669
161179	0.001737437387
161180	0.00371679718
161181	0.001303717695
161182	0.00155859507
161183	0.00236865998
161184	0.001058184071
161185	0.001550136809
161186	0.0002664735046
161187	0.005415458995
161188	0.006244151962
161189	0.007894150806
161190	0.002062489307
161191	0.009686688989
161192	0.002754813893
161193	0.002373268814
161194	0.006569843503
161195	0.000913947543
161196	0.005778771471
161197	0.004226029264
161198	0.006473521692
161199	0.006485807691
161200	0.0008275042816
161201	0.0002732201568
161202	0.005683830982
161203	0.003763652206
161204	0.0109629944
161205	0.004491423515
161206	0.0005874633755
161207	0.002247431926
161208	6.564550029e-06
161209	0.000226085328
161210	0.001229852217
161211	0.0005620001267
161212	0.001249014141
161213	0.01045467711
161214	0.0001334938468
161215	0.0007883292758
161216	0.001370798819
161217	0.001688788052
161218	0.002893747569
161219	0.002150110095
161220	0.004707938053
161221	0.0004880485356
161222	0.002151375603
161223	0.001556251267
161224	0.000915890066
161225	0.007518253339
161226	0.006410477207
161227	0.006756986972
161228	0.003684976118
161229	0.0006870223161
161230	0.003251260217
161231	0.005134067534
161232	0.006091339036
161233	0.009514258637
161234	0.002706495897
161235	0.008601686703
161236	0.005059634127
161237	0.001422936463
161238	0.006940548132
161239	0.005686866369
161240	0.006056786684
161241	0.006627309992
161242	0.003877785489
161243	0.0007228878318
161244	0.002987502356
161245	0.002711469184
161246	0.00254631436
161247	0.00318569964
161248	0.004096147433
161249	0.0003806512495
161250	0.008263116088
161251	0.006435678053
161252	0.005452191744
161253	0.01147248379
161254	0.002569012939
161255	0.00995393098
161256	0.008485921156
161257	0.01137834452
161258	0.0139445753
161259	0.005748832935
161260	0.02052520429
161261	0.003448531704
161262	0.003167134181
161263	0.0004967032
161264	0.003262810486
161265	0.0004103231042
161266	0.007445578746
161267	0.003712269313
161268	0.002535085888
161269	0.000521374531
161270	0.003125800169
161271	0.01131530681
161272	0.006531680564
161273	0.005038547827
161274	0.003720490016
161275	0.01744126045
161276	0.01059465771
161277	0.008866149836
161278	0.002620249126
161279	0.01263616413
161280	0.006876502153
161281	0.01685956379
161282	0.005444605896
161283	0.01043362202
161284	0.006463009413
161285	0.001204278187
161286	0.003384128514
161287	0.001699023098
161288	0.001841955261
161289	0.004844564538
161290	0.003035983817
161291	0.0006753615256
161292	0.0003950379167
161293	0.0002705060839
161294	0.0009399153475
161295	0.0006844474293
161296	0.0008768074852
161297	0.003236529828
161298	0.01375614461
161299	0.005033823641
161300	0.02179581324
161301	0.005805615851
161302	0.0009349778699
161303	0.001341793861
161304	0.01426248352
161305	0.0132020968
161306	0.0003732361526
161307	0.007583322573
161308	0.0148177308
161309	0.01581029395
161310	0.006170847695
161311	0.0001394732696
161312	0.01132862485
161313	0.007200473328
161314	0.005237150717
161315	0.001626586815
161316	0.0009661887945
161317	0.005129554794
161318	0.009324766572
161319	0.01355247842
161320	0.003356370827
161321	0.006329474616
161322	0.001562071073
161323	0.001871578577
161324	0.01748487545
161325	0.001420642498
161326	0.007543415759
161327	0.005920044368
161328	0.001933073761
161329	0.004923128949
161330	0.005870070009
161331	0.004574683985
161332	0.004416606979
161333	0.004566956005
161334	0.004346106162
161335	0.0001357623168
161336	0.004347338455
161337	0.00109949856
161338	0.006033519883
161339	0.005275611278
161340	0.007785567857
161341	0.01039353948
161342	0.001354032944
161343	0.001795409703
161344	0.0005488990954
161345	0.001173456444
161346	3.216059272e-05
161347	0.0008036263105
161348	0.001340952755
161349	0.006367505916
161350	0.01680354306
161351	0.01313934371
161352	4.651850249e-05
161353	0.001984934045
161354	0.00285282629
161355	0.001156713794
161356	0.007975326372
161357	0.002441783721
161358	0.00259246977
161359	0.0007101631535
161360	0.006854733643
161361	0.004353469132
161362	0.01197622793
161363	0.00309969741
161364	0.0004001778205
161365	0.008632640388
161366	0.001099826524
161367	0.007649232467
161368	0.003237041612
161369	0.00282450665
161370	0.02067950669
161371	0.005778924064
161372	0.006830251316
161373	0.0103089778
161374	0.01219171436
161375	0.002735608688
161376	0.007902577245
161377	0.01680878696
161378	0.00676035975
161379	0.006409874091
161380	0.002021478472
161381	0.003164048877
161382	0.007055522341
161383	0.01940256943
161384	0.0003932238731
161385	0.003367201327
161386	0.01096988061
161387	0.001644180631
161388	0.001689591798
161389	0.008364359532
161390	0.01420103131
161391	0.0001512781472
161392	0.004595392606
161393	0.004863310471
161394	0.001465656561
161395	0.004480558504
161396	0.002523638472
161397	0.0001389304853
161398	0.01366424024
161399	0.006980202017
161400	0.005323336939
161401	0.00147305805
161402	0.001518342921
161403	0.001851370983
161404	0.01685620909
161405	0.0006420383198
161406	0.005822502085
161407	0.005627919418
161408	0.0001187210968
161409	0.00613412584
161410	0.0007684974142
161411	0.009802289944
161412	0.0009587170561
161413	0.001702529031
161414	0.0002672126375
161415	0.005194209773
161416	0.006843791554
161417	0.01285251889
161418	0.005503406437
161419	0.008271018569
161420	0.004696682784
161421	0.005631165634
161422	0.02202849023
161423	0.002665937923
161424	0.0001662730327
161425	8.996137138e-05
161426	0.006790036908
161427	0.001657587867
161428	0.002459696123
161429	0.004124631359
161430	0.008302397601
161431	0.001525324216
161432	0.004698686366
161433	0.001029330446
161434	0.007550094214
161435	0.0007129056412
161436	0.004599344482
161437	0.004367690101
161438	0.005035592994
161439	0.004395798172
161440	0.008301822264
161441	0.0007153264543
161442	0.001966771327
161443	0.006207789203
161444	0.01052090633
161445	0.01930896157
161446	0.007438768605
161447	0.0103939935
161448	0.002782664857
161449	0.004505158759
161450	0.002075576458
161451	0.0003611153103
161452	0.003459026655
161453	0.002207159639
161454	0.001553896137
161455	0.004915762493
161456	0.002621581412
161457	0.0003862139075
161458	0.002701344493
161459	0.007909616051
161460	0.0009501475242
161461	0.0009120734911
161462	0.002412204504
161463	0.000909499401
161464	0.009081227574
161465	0.003600345191
161466	0.001593521993
161467	0.003705151697
161468	0.003695229325
161469	0.0009329351446
161470	0.003077603326
161471	0.0001624399184
161472	0.003942857239
161473	0.006014490328
161474	0.001846695421
161475	0.004667790754
161476	0.0009350463576
161477	0.00448633557
161478	0.00135317481
161479	0.003132837459
161480	0.003719935531
161481	0.001271511887
161482	7.834584085e-05
161483	0.005806730303
161484	0.0003602753023
161485	0.005142237233
161486	0.002021939936
161487	0.0004995252482
161488	0.003873976712
161489	0.00865196951
161490	0.0008957619965
161491	0.002897559543
161492	0.001808832631
161493	0.003272364977
161494	0.002231202035
161495	0.002004390229
161496	0.0002223425398
161497	0.002175979764
161498	0.003512099542
161499	0.008791233534
161500	0.004919500677
161501	0.003852086955
161502	0.001799046127
161503	0.00142611725
161504	0.0005207362648
161505	0.003753460171
161506	0.005138815524
161507	0.004547094977
161508	0.004014036408
161509	0.004855741919
161510	0.00193685129
161511	0.005879544243
161512	0.00770243423
161513	0.006227464372
161514	0.005431539802
161515	0.002717112754
161516	0.006442776507
161517	0.002453872642
161518	0.01668174033
161519	0.01105321155
161520	0.0002807562891
161521	0.003288823195
161522	0.00652043475
161523	0.001541013836
161524	0.007648569023
161525	0.004189767778
161526	0.001090481901
161527	0.006876652322
161528	0.004352028179
161529	0.002278468982
161530	0.008972090764
161531	0.009534386358
161532	0.004552379751
161533	0.003991174917
161534	0.003113338998
161535	0.007005858794
161536	0.003707015255
161537	0.007428823005
161538	0.01334621412
161539	0.009766948537
161540	0.005691439937
161541	0.003012585267
161542	0.0003592153668
161543	0.006702124344
161544	0.00328242436
161545	0.002358720805
161546	0.004812605765
161547	0.003111803677
161548	0.001228312708
161549	0.00499840398
161550	0.01024079828
161551	0.0006128809688
161552	0.004768376489
161553	0.00683046991
161554	0.003283594219
161555	0.004608351334
161556	6.611918274e-05
161557	0.001426341318
161558	0.0003807583518
161559	0.002960202085
161560	0.002865867675
161561	0.002222614557
161562	0.00087899166
161563	0.001396061381
161564	0.0007478877707
161565	0.003629915763
161566	0.0001868805604
161567	0.01047286597
161568	0.005160866319
161569	0.005069099145
161570	0.0108285923
161571	0.005011220488
161572	0.005665269056
161573	0.004571261295
161574	0.004842346399
161575	0.009283867171
161576	0.002139715492
161577	0.009331976521
161578	0.008213425031
161579	0.0003228529978
161580	0.01004025881
161581	0.001674295338
161582	0.004997324557
161583	0.01199767649
161584	0.01087888589
161585	0.009999378369
161586	0.004645596402
161587	0.0003435657482
161588	0.007566396186
161589	0.0006754256677
161590	0.0005981942243
161591	0.005714867334
161592	0.004245129738
161593	0.001390796547
161594	0.005695534801
161595	0.005877626222
161596	0.009555612795
161597	0.001882069211
161598	0.003524896574
161599	0.0009129538505
161600	0.003116901538
161601	0.002832234757
161602	0.01305334733
161603	0.0141554486
161604	0.0009807934817
161605	0.007875401894
161606	0.003162335534
161607	0.007764232475
161608	0.001413494793
161609	0.000794216258
161610	0.009151649197
161611	0.004171235223
161612	0.003665204368
161613	0.002569601718
161614	0.00113769192
161615	0.006030960421
161616	0.0104102548
161617	0.003711555554
161618	0.01196182731
161619	0.001887058077
161620	0.002200653454
161621	0.0003870869163
161622	0.005284754396
161623	0.0005411803776
161624	0.00236838895
161625	0.0001148510195
161626	0.005545677665
161627	0.004640717323
161628	0.005585180218
161629	0.003380159634
161630	0.001361159252
161631	0.002146596776
161632	0.001853215199
161633	0.001203689541
161634	0.001608680251
161635	0.002169659777
161636	0.002494382475
161637	0.003300668066
161638	0.0003152736831
161639	0.00606649828
161640	0.008270485813
161641	0.000361329544
161642	0.00703705958
161643	0.002456695871
161644	0.006493234675
161645	0.001725233585
161646	0.001411085552
161647	0.004343495651
161648	0.0009837656012
161649	0.0009086878834
161650	0.0006353154525
161651	0.003615627004
161652	0.00727588635
161653	0.0131313465
161654	0.00739675639
161655	0.002232299002
161656	0.001741331354
161657	0.003974609988
161658	0.004407879939
161659	0.00989540038
161660	0.002165943317
161661	0.0005673513419
161662	0.00224641196
161663	3.002993435e-05
161664	0.003274596174
161665	0.0002142384033
161666	0.003439383175
161667	0.006879549461
161668	0.00958202527
161669	0.00852112212
161670	0.006016903221
161671	0.007066404738
161672	0.002942202383
161673	0.003078768355
161674	0.003445658557
161675	0.0007837772058
161676	0.0003170682068
161677	0.0001271238399
161678	6.293798807e-05
161679	0.004837182422
161680	0.002362051667
161681	0.005880961637
161682	0.0007830414881
161683	0.003226675466
161684	0.005568869838
161685	0.002652725469
161686	0.008902026497
161687	0.00328433882
161688	0.0006730532037
161689	0.001238198958
161690	0.006528094457
161691	0.00121339147
161692	0.008622413106
161693	0.004748485664
161694	0.002837380426
161695	0.007444342103
161696	0.002708859217
161697	0.001161565494
161698	0.003427015639
161699	0.007300658977
161700	0.0009515362486
161701	0.003525317427
161702	0.0008084684719
161703	0.003588584766
161704	0.008928606459
161705	0.0002088680138
161706	0.003681898449
161707	0.0005703015221
161708	0.002424760707
161709	0.002425843456
161710	0.001610116543
161711	0.0008081605871
161712	0.0004748868255
161713	0.001718314498
161714	0.01022193082
161715	0.003654382524
161716	0.0003383232337
161717	0.01030767017
161718	0.005139439153
161719	0.0003017062888
161720	0.002452851921
161721	0.001783496571
161722	0.008761065863
161723	0.0008853509446
161724	0.00633989812
161725	0.003669741716
161726	0.001629965898
161727	0.0005170347041
161728	0.002077902434
161729	0.0009665424929
161730	0.0009392000326
161731	0.0003258844476
161732	0.0005989115567
161733	0.007701036735
161734	0.001372443471
161735	0.002082570136
161736	0.0007830644658
161737	0.001327339927
161738	0.004057573881
161739	0.0002766139517
161740	0.0003507264564
161741	0.001446686217
161742	0.001647588481
161743	0.002235340875
161744	0.002488244733
161745	0.001270092973
161746	0.009590528473
161747	0.002688302889
161748	0.0131337641
161749	0.005389135688
161750	0.001129057138
161751	0.004902283778
161752	0.01206261039
161753	0.004320289285
161754	0.004680903521
161755	0.0005008280784
161756	0.0006132782208
161757	0.0005140618796
161758	0.0002627075345
161759	0.00668713871
161760	0.01609595558
161761	0.003944504059
161762	0.0005735141942
161763	0.002464772623
161764	0.001489491602
161765	0.001678800149
161766	0.001513521453
161767	0.004973455081
161768	0.0007755176156
161769	0.003720919586
161770	0.001596178213
161771	0.0004509302103
161772	0.0005804114723
161773	0.003797367603
161774	0.0003356113765
161775	0.002730612651
161776	8.691106171e-05
161777	0.0001520124141
161778	0.008138977991
161779	0.0005141733624
161780	0.00983668779
161781	0.0004742028947
161782	0.0001870091342
161783	0.0004650834217
161784	0.0004622763157
161785	0.01426563981
161786	0.0001104114736
161787	0.003102841023
161788	0.0006812013758
161789	0.0005437465859
161790	0.0001654173682
161791	0.002616434728
161792	0.01065358629
161793	0.002876053599
161794	0.006455125094
161795	0.001977848518
161796	0.0005092554684
161797	0.002259650371
161798	0.0004988915259
161799	0.005119602452
161800	0.001505001905
161801	0.001626473104
161802	0.002092635799
161803	0.0008951812215
161804	0.02122663856
161805	0.0002790708035
161806	0.002724243873
161807	0.000411565797
161808	0.002045516995
161809	0.001044632243
161810	0.003505586238
161811	0.002758838416
161812	0.004307620934
161813	0.008739910251
161814	0.001357457775
161815	0.002356760633
161816	0.001091698101
161817	0.0008742186136
161818	0.00109260422
161819	0.0001071390694
161820	0.002423178034
161821	0.003089028039
161822	0.00088264202
161823	0.0003565213526
161824	7.790362786e-05
161825	0.006277559179
161826	0.0004094235495
161827	0.01421781594
161828	0.001850305827
161829	0.01111014738
161830	0.0005467508366
161831	0.0002579601716
161832	0.00196325823
161833	0.0008079816347
161834	0.001829395207
161835	0.001822741101
161836	0.00161395053
161837	0.0003539895825
161838	0.001985262905
161839	0.001728693407
161840	0.002367155015
161841	0.002265904807
161842	0.001611502588
161843	0.002009015331
161844	0.002632841993
161845	0.00056781195
161846	0.000494983052
161847	0.0009511488643
161848	0.0004262601792
161849	0.001184294936
161850	0.001203018836
161851	1.064466827e-07
161852	0.002153136321
161853	0.0008191883807
161854	0.0003740754513
161855	0.001879738321
161856	0.001671406449
161857	0.01480829857
161858	0.004716811013
161859	0.0006710827116
161860	0.001070445036
161861	0.003739162196
161862	0.001230343462
161863	0.005462717365
161864	0.000435196383
161865	0.00186710967
161866	0.003623988805
161867	0.00145615324
161868	0.001607700256
161869	0.003020197439
161870	0.004485987892
161871	0.004323709532
161872	0.001290781283
161873	0.004145973378
161874	0.0005842909686
161875	0.003153269218
161876	0.002090633342
161877	0.0001291435782
161878	0.003845597423
161879	0.01208575899
161880	0.002658411224
161881	0.007157834618
161882	0.003095754625
161883	0.00754718738
161884	3.64165223e-05
161885	0.003219186996
161886	0.0005608037895
161887	0.001241264161
161888	0.001248811975
161889	0.000525084692
161890	0.0009954020286
161891	0.002182548426
161892	8.358393346e-05
161893	0.002661225451
161894	0.003924605111
161895	0.002653031114
161896	0.001399242822
161897	0.001973514875
161898	0.001904896173
161899	0.005316210622
161900	0.002636972966
161901	0.0001086963832
161902	0.0007535228204
161903	0.00052047422
161904	0.00832569308
161905	0.005448100855
161906	0.001859027163
161907	0.0004584561097
161908	0.002272782383
161909	0.002131754396
161910	0.003686755557
161911	0.003133967608
161912	7.846275457e-06
161913	0.002884991742
161914	0.008625949233
161915	0.0007891783093
161916	0.0007027960975
161917	0.002650742361
161918	0.0007142941808
161919	0.001726706726
161920	0.01196492624
161921	0.002679820497
161922	0.0008266871328
161923	0.003437658828
161924	0.0004001703673
161925	0.0004400836043
161926	0.002436569597
161927	0.008212836117
161928	0.0005556484014
161929	0.0006425998999
161930	0.002326198244
161931	0.002841757952
161932	0.001023061437
161933	0.001234127966
161934	0.002131784728
161935	0.001001479099
161936	0.001618251212
161937	0.002774588126
161938	0.0008604791534
161939	0.007275401573
161940	1.504346945e-06
161941	0.0008681896513
161942	0.009430783709
161943	0.0008110008865
161944	0.004060703298
161945	0.0007724381101
161946	0.0006537707724
161947	0.0009867365962
161948	0.01121701921
161949	0.0009393526452
161950	0.0006714562693
161951	0.0007200622179
161952	0.00423116601
161953	0.0001858349234
161954	0.0002630319393
161955	0.01325070319
161956	0.0003036391218
161957	0.0005229129235
161958	0.002631865962
161959	0.005224113913
161960	0.002422008496
161961	0.0003678807442
161962	0.00361379977
161963	0.004745722464
161964	8.457748161e-05
161965	0.0005169466949
161966	0.002158767147
161967	0.01141494297
161968	0.0004636535594
161969	0.000831071089
161970	0.0002069118913
161971	0.001366317537
161972	0.005157398436
161973	0.001455854849
161974	0.000260801693
161975	0.0002768116336
161976	0.003147110002
161977	0.001011955672
161978	0.00179786364
161979	9.664717853e-05
161980	0.001845744218
161981	0.00925686362
161982	0.003015661877
161983	0.0007226462474
161984	0.002383979998
161985	0.000471159621
161986	0.0007705675887
161987	0.001799982195
161988	0.009085700375
161989	0.0009803441359
161990	0.003024101134
161991	0.001106885117
161992	0.0009745704897
161993	0.0004833501037
161994	0.003087759492
161995	2.362908493e-05
161996	0.003596523263
161997	0.005185788571
161998	0.0009379261229
161999	0.00267472351
162000	0.004692500091
162001	0.004030374732
162002	0.001035283061
162003	0.003958797803
162004	0.004196395048
162005	0.002405800963
162006	0.003095775928
162007	0.002269080133
162008	0.0006586438544
162009	0.001420693088
162010	0.005617599229
162011	0.003108928748
162012	0.0002858979471
162013	0.0001447064772
162014	0.0009878178958
162015	0.0001124427158
162016	0.002226683731
162017	0.001516275886
162018	0.00610952218
162019	0.0006107589309
162020	0.0009432834314
162021	0.003794521117
162022	0.00637480174
162023	0.007283350293
162024	0.0005258411796
162025	0.006880193023
162026	0.0006719298694
162027	0.0006582190166
162028	0.0009295413731
162029	0.000983876104
162030	0.0077489898
162031	0.0003882831746
162032	0.004261885463
162033	0.002137305093
162034	0.004325084528
162035	0.0004898195094
162036	0.0009096238574
162037	0.003421919552
162038	0.0003647122197
162039	0.002973266787
162040	0.001458442007
162041	0.005112345234
162042	0.001991243662
162043	0.0008664583196
162044	0.008877477689
162045	0.001157063191
162046	0.0008207566244
162047	0.00137642167
162048	0.001643954471
162049	0.003388335092
162050	0.005983448705
162051	0.0003557015247
162052	0.001531292241
162053	0.004889212814
162054	0.000444417137
162055	0.004038921961
162056	0.001140531807
162057	0.002175584052
162058	0.005635125057
162059	0.001794930414
162060	0.008542458474
162061	0.002032086273
162062	0.003737584377
162063	8.506754537e-05
162064	0.0003817059
162065	0.009912679567
162066	0.001021362932
162067	0.001473652183
162068	0.00354359216
162069	0.001304968997
162070	0.001105819264
162071	0.0007923075627
162072	0.009768307492
162073	0.0006339558008
162074	0.0007679520511
162075	0.003955625867
162076	0.0005142867688
162077	0.001010712754
162078	0.00174960147
162079	0.005514961795
162080	0.0006615735388
162081	0.006721655682
162082	0.006035451363
162083	0.003790754727
162084	0.0002429669039
162085	0.0009360614264
162086	0.00305845237
162087	4.359403604e-06
162088	0.001494470346
162089	6.008121061e-05
162090	0.004565298023
162091	0.006271481029
162092	0.0003026666211
162093	0.003104161363
162094	0.002967130946
162095	0.001358189982
162096	0.002431503813
162097	0.0006225511627
162098	0.005396748392
162099	0.003691915887
162100	0.0004006734618
162101	0.0003907201609
162102	0.01111551866
162103	0.00144182906
162104	0.0004853904676
162105	0.001166991805
162106	0.0002321911834
162107	0.006707584401
162108	0.00526845358
162109	0.00442893942
162110	0.0005618223266
162111	0.0002098144038
162112	0.005283013174
162113	0.003319906414
162114	0.002927212906
162115	0.003316600282
162116	0.002706455248
162117	0.0003625111021
162118	0.00446796547
162119	0.0002130404424
162120	0.0001298977628
162121	0.0005202339861
162122	0.0007495210149
162123	0.005813390766
162124	0.0003339006586
162125	0.0006110988155
162126	0.004848485155
162127	0.0006491624257
162128	0.008250017637
162129	0.0003432132786
162130	0.003933299444
162131	0.0005394933803
162132	0.002820109391
162133	0.001082887275
162134	0.009373698567
162135	0.001804747525
162136	0.003855366031
162137	0.003170197808
162138	0.007643602259
162139	0.002988728137
162140	0.0009618071156
162141	0.004122113919
162142	0.002059681754
162143	0.008949844614
162144	0.001209835961
162145	0.002704385024
162146	0.00402311759
162147	0.0003949198394
162148	0.0008457114215
162149	0.003383311057
162150	0.007699095508
162151	0.005637938646
162152	0.005498785166
162153	0.004668519884
162154	0.004917385499
162155	0.000342789424
162156	0.009458832552
162157	0.0009574038988
162158	0.0008143162934
162159	0.006974100965
162160	0.0001460338578
162161	0.007210518487
162162	0.0005659398172
162163	0.008090493225
162164	0.002712685421
162165	0.002702385659
162166	0.001239560886
162167	0.004999872807
162168	0.003236814468
162169	0.00645827167
162170	0.008663430141
162171	0.005142858596
162172	0.005537947036
162173	0.01234173728
162174	0.002311922423
162175	0.009491094486
162176	0.002311587313
162177	0.001708484654
162178	0.0009440323014
162179	0.007451678157
162180	0.006555370148
162181	0.001479507453
162182	0.004724246734
162183	0.001785983028
162184	3.754970425e-05
162185	3.400008603e-05
162186	0.00103473804
162187	6.560595397e-05
162188	0.001157653695
162189	0.006907581637
162190	0.001030802453
162191	0.005683000394
162192	0.001647039445
162193	0.01028678235
162194	0.00131353923
162195	0.001309526377
162196	0.001816907053
162197	0.01157263152
162198	0.0008742832724
162199	0.002450961755
162200	0.001585795283
162201	0.0008658907345
162202	0.006963958826
162203	0.003183579535
162204	0.002976640416
162205	0.009548022505
162206	0.001707858816
162207	0.001034184802
162208	0.0003838577141
162209	0.002776386182
162210	0.002236176849
162211	0.001235328549
162212	0.004488969654
162213	0.001400162124
162214	0.006521819951
162215	0.0113185149
162216	0.001292699312
162217	0.01078151301
162218	0.0005411538385
162219	0.001122692183
162220	0.007570340093
162221	0.0004672928536
162222	0.00201478724
162223	0.0001683072706
162224	0.002885869966
162225	0.0008200576593
162226	0.002922872757
162227	0.0008645017799
162228	0.001969068716
162229	0.008072542771
162230	0.000630206819
162231	0.000193799861
162232	0.0014526648
162233	0.001697533581
162234	0.005061753264
162235	0.0004289792484
162236	0.001689435303
162237	0.005838467042
162238	0.005780476148
162239	0.0001216478936
162240	0.001303126577
162241	0.0003393359592
162242	0.005926322166
162243	0.0003625655221
162244	0.001124309633
162245	0.003459474855
162246	0.0003977979641
162247	0.00089972212
162248	0.0042830957
162249	0.001292249583
162250	0.001142067227
162251	0.002467323431
162252	0.0007304422134
162253	0.0002640390184
162254	0.003722156401
162255	0.001393473404
162256	0.01068529203
162257	0.003121044206
162258	0.00304681648
162259	0.0005258116129
162260	0.002657054111
162261	0.006895806666
162262	0.007582946139
162263	0.0008337536501
162264	0.008435525562
162265	0.003299084513
162266	0.001439216298
162267	0.005526569789
162268	0.001479543873
162269	0.001446129598
162270	0.01084233787
162271	0.002333914815
162272	0.0003582098776
162273	0.000232455916
162274	0.000586038726
162275	0.01044719028
162276	6.558503277e-05
162277	0.001359436622
162278	0.001222114393
162279	0.001099716922
162280	0.005983605123
162281	0.0004169775051
162282	0.004487568463
162283	0.002198716668
162284	0.006804085055
162285	0.004624109167
162286	0.0004448669983
162287	0.009852064127
162288	0.006397165929
162289	0.003064508104
162290	0.005715383983
162291	0.003059054683
162292	0.001763930586
162293	0.004802687865
162294	0.005085070447
162295	0.0004373572739
162296	0.002104547894
162297	0.003447150554
162298	0.0003416426772
162299	0.0003166575332
162300	0.007595762137
162301	0.008080039013
162302	0.002854624459
162303	0.003086714088
162304	0.0005339313757
162305	0.00527262111
162306	0.01241586739
162307	0.01032036278
162308	0.003055531862
162309	0.004429368892
162310	0.00401384961
162311	0.005321378036
162312	0.007198199975
162313	0.0007770276622
162314	0.003539739548
162315	0.0003547513865
162316	0.006611584899
162317	0.004086949218
162318	0.005285852173
162319	0.006309941203
162320	0.00794120823
162321	0.00302335072
162322	0.0009693941798
162323	0.00196981804
162324	0.001798677946
162325	0.008602655642
162326	0.005084237218
162327	0.007253109092
162328	0.00186268994
162329	0.0003018115945
162330	0.005930071142
162331	0.002889812459
162332	0.005500496742
162333	0.01404786027
162334	0.008563562608
162335	0.00734614589
162336	0.009109724769
162337	0.001427004551
162338	0.00451369203
162339	0.01048553273
162340	0.0106429131
162341	0.005259132203
162342	0.00574671274
162343	0.0198772045
162344	0.0111433788
162345	0.0103968309
162346	0.003471187677
162347	0.004546531453
162348	0.002929053059
162349	0.002961055547
162350	0.009026680693
162351	0.001339360609
162352	0.001059019701
162353	0.002303921538
162354	0.006151460144
162355	0.002361185475
162356	0.004864837707
162357	0.002550265719
162358	0.0008226680543
162359	0.002091099658
162360	0.00073954331
162361	0.01539569395
162362	0.00164208779
162363	0.004941563982
162364	0.005609717422
162365	0.003432557913
162366	0.0176124852
162367	0.0007868217999
162368	0.004685028377
162369	0.008916342241
162370	0.002069282662
162371	0.001568245836
162372	0.001958953384
162373	0.007545076519
162374	0.002878340735
162375	0.004863218414
162376	0.002004894321
162377	0.0008647280855
162378	0.0002870353465
162379	0.004499950042
162380	0.002567691953
162381	0.003639741251
162382	0.002124142542
162383	0.00874942252
162384	0.001905334634
162385	0.008052524683
162386	0.001345590763
162387	0.01511488074
162388	0.003074030561
162389	0.001224248405
162390	0.00559349427
162391	0.001453823331
162392	0.007257356902
162393	0.0008898446388
162394	0.004451205299
162395	0.003840344504
162396	0.0002913418794
162397	0.008516556196
162398	0.003544881714
162399	0.009237083852
162400	0.005358531851
162401	0.006741621727
162402	0.001717109237
162403	0.009782461265
162404	0.0005051470032
162405	0.00460731647
162406	0.00724009735
162407	0.003889885777
162408	0.002422384588
162409	0.00159982528
162410	0.01917454655
162411	0.006025996938
162412	0.01798928049
162413	0.000729536931
162414	0.01564648404
162415	0.01092482639
162416	0.002127548979
162417	0.006912700721
162418	0.00055831383
162419	0.01325405499
162420	0.01037120432
162421	0.007119432276
162422	0.001942654394
162423	0.001566283914
162424	0.005266812432
162425	0.0003218461279
162426	0.0006417696878
162427	0.001320646186
162428	0.001349137992
162429	0.001665549913
162430	0.001373537142
162431	0.001306297368
162432	0.0008175512882
162433	0.001335032843
162434	0.001535209805
162435	0.0008680102584
162436	0.002338903925
162437	0.002454779074
162438	0.001623810445
162439	0.001651806045
162440	0.004001056666
162441	0.00284425024
162442	0.001578255752
162443	0.001445829948
162444	0.002821367471
162445	0.003230796087
162446	0.004209908391
162447	9.611518251e-05
162448	0.000456181188
162449	0.0002022578536
162450	0.001556517108
162451	0.002382860595
162452	0.001782961811
162453	0.004270201893
162454	0.005823874118
162455	0.0008577579111
162456	0.003339843117
162457	0.002529913532
162458	0.003753851111
162459	0.0002805888333
162460	0.001090565225
162461	0.005400540328
162462	0.002452033223
162463	0.001066790103
162464	0.001609445985
162465	0.001647262029
162466	0.006616178723
162467	0.002932495034
162468	0.001566553417
162469	0.005133143773
162470	0.0012845403
162471	0.006153880778
162472	0.0002964938925
162473	0.003038417168
162474	0.008679360329
162475	0.008700091446
162476	0.002698127252
162477	0.00893268507
162478	0.0008242046851
162479	0.004474202486
162480	0.004495114296
162481	0.007242455395
162482	0.004212154969
162483	0.0003293149283
162484	0.00513901102
162485	0.006152510681
162486	0.008161302701
162487	0.002981944747
162488	0.001599506728
162489	0.0006957681778
162490	0.005008968021
162491	0.0003005688411
162492	0.001460168436
162493	0.003121218363
162494	0.002580497697
162495	0.002054609625
162496	0.00309608857
162497	7.625770088e-05
162498	0.001587776495
162499	0.004288394837
162500	0.001322849416
162501	0.004408361159
162502	0.005359949227
162503	0.001736156979
162504	0.001279355605
162505	0.004273867173
162506	0.002227708154
162507	0.0009197174373
162508	0.0007849127175
162509	0.002780117141
162510	0.005178888523
162511	0.002369045185
162512	0.0003337525999
162513	0.003306570289
162514	0.001531068596
162515	0.008296250801
162516	0.0006784130135
162517	0.01131354609
162518	0.001580582024
162519	0.00786304629
162520	0.004733574897
162521	0.004885325329
162522	0.00203708203
162523	0.006458405013
162524	0.007402542101
162525	0.01275456595
162526	0.00670074961
162527	0.005062475274
162528	0.002469659844
162529	0.00637854586
162530	0.004913912951
162531	0.01298264606
162532	0.002630469076
162533	0.006089147938
162534	0.002108556237
162535	0.0006027897122
162536	0.0007932895725
162537	5.289660921e-05
162538	0.005477929926
162539	0.002884110986
162540	0.004999045744
162541	0.001344071142
162542	0.005732599092
162543	0.0005003338087
162544	0.003162076818
162545	0.002694393106
162546	0.0005522858542
162547	0.002050684965
162548	0.01000178849
162549	0.0006093482484
162550	0.0002870107428
162551	0.001442509357
162552	0.0007855765576
162553	0.005026976604
162554	0.008497620078
162555	0.008796062061
162556	0.01316497301
162557	0.0129512527
162558	0.002840426701
162559	0.005686801084
162560	0.007064219381
162561	0.0004970594261
162562	0.0004773994221
162563	0.004275773487
162564	0.007534648864
162565	0.01279704183
162566	0.004328311854
162567	0.01106909866
162568	0.004047579235
162569	0.0003777870512
162570	0.003743917687
162571	0.01191508036
162572	0.009948479815
162573	0.0005677808933
162574	0.00217067094
162575	0.003583978033
162576	0.003397655038
162577	0.005731651982
162578	0.001979753465
162579	0.01324876193
162580	0.001126371116
162581	0.003439425935
162582	0.003014252042
162583	0.003973278849
162584	0.001744236002
162585	0.001838959618
162586	0.001628094485
162587	0.01102091879
162588	0.006362807331
162589	0.0005463109397
162590	0.001274226644
162591	0.008305389489
162592	0.00628387711
162593	0.003546393991
162594	0.0001961221039
162595	0.003486117998
162596	0.002362619974
162597	0.00775650863
162598	0.001597860174
162599	0.00208468415
162600	0.001275428669
162601	0.001597870372
162602	0.006532697636
162603	0.002628323131
162604	0.002962990089
162605	0.005680283927
162606	0.002316210317
162607	0.003613396189
162608	0.004489036913
162609	0.003012440202
162610	0.004198836395
162611	0.004691805873
162612	0.005050707872
162613	0.001788026413
162614	0.007860201391
162615	0.002686061227
162616	0.003965068636
162617	4.47887458e-05
162618	0.002686021613
162619	0.001639227749
162620	0.0002397988688
162621	0.001096902273
162622	0.005363440175
162623	0.002724666069
162624	0.0001551435616
162625	0.001031556542
162626	0.00223816334
162627	0.001898487787
162628	0.0005995772042
162629	0.005938750202
162630	0.0117310587
162631	0.006203416052
162632	0.005504789711
162633	0.002934466292
162634	0.00796453522
162635	0.005442563507
162636	0.002567926377
162637	0.007784500135
162638	0.005722885478
162639	0.002637217195
162640	0.002382844314
162641	0.00168326682
162642	0.005027491954
162643	0.002512509923
162644	0.00642889016
162645	0.005122798091
162646	0.002461122828
162647	0.004135306221
162648	0.001770578355
162649	0.005180160334
162650	0.002775848476
162651	0.001575673365
162652	0.005578709291
162653	0.003129368726
162654	0.0002733888626
162655	0.0001589707793
162656	0.006624114653
162657	0.001813179288
162658	0.006890512603
162659	0.003064201944
162660	0.001798765886
162661	0.005337508626
162662	0.00200305442
162663	0.001976658918
162664	0.004349901411
162665	0.0003112106403
162666	0.00266818336
162667	0.001392764966
162668	0.005052732193
162669	0.005191931674
162670	0.008883329642
162671	0.001658265282
162672	0.006323650005
162673	0.002273209839
162674	0.0001285902322
162675	0.001093394585
162676	0.0001164421331
162677	0.002708120898
162678	0.002660217095
162679	2.617726037e-07
162680	0.004986306335
162681	0.005206575184
162682	0.001631710834
162683	0.001229914334
162684	0.01365550945
162685	0.005105886729
162686	0.0001213327839
162687	0.004612264043
162688	0.004865052271
162689	0.008646387914
162690	0.003400046783
162691	0.001883028323
162692	0.0005851345714
162693	0.01288078211
162694	0.001379048006
162695	0.005431716067
162696	0.01492063832
162697	0.00243494436
162698	0.005418449432
162699	0.001043177225
162700	0.003059918785
162701	0.007716070674
162702	0.00159047005
162703	0.003187419156
162704	0.0079645646
162705	0.002382683915
162706	0.001110971223
162707	0.0004605527029
162708	0.005702764652
162709	0.001363472748
162710	0.001628151891
162711	0.0005713645543
162712	0.001289833568
162713	0.002229956394
162714	0.0009849349661
162715	0.009319968279
162716	0.008760145062
162717	0.0003098252045
162718	0.004404271725
162719	0.001650686843
162720	0.004395921666
162721	0.0007968223018
162722	0.002507981075
162723	0.004949708829
162724	0.002604274586
162725	0.001056481402
162726	0.00665182045
162727	0.002482853967
162728	0.001384348384
162729	0.0007890468172
162730	5.992863228e-05
162731	0.001324489024
162732	0.001408604147
162733	0.001079368884
162734	0.001296763235
162735	0.002647705174
162736	0.001316213965
162737	0.001535702437
162738	0.001506955721
162739	0.003302948288
162740	0.00389622345
162741	0.0006330716605
162742	0.006160236195
162743	0.001892110086
162744	0.01291399843
162745	0.005661049947
162746	0.00346084247
162747	0.005094269742
162748	0.01080893799
162749	0.009014929083
162750	0.008446879733
162751	0.01243529204
162752	0.01086438795
162753	0.0008681989291
162754	0.001506135296
162755	0.0005533428611
162756	0.001104905163
162757	0.009378226421
162758	0.002274074524
162759	0.001435314859
162760	0.006743195448
162761	0.001376292726
162762	0.003636340901
162763	0.00510015161
162764	0.002722684692
162765	0.0126742633
162766	0.002640424041
162767	0.006263755426
162768	0.000542064745
162769	0.003841155395
162770	0.002225117081
162771	0.0009306693121
162772	0.001535489397
162773	0.003270598683
162774	0.0006103167023
162775	0.004752669531
162776	0.01283085231
162777	0.001038308502
162778	0.0005232309138
162779	0.001384058175
162780	0.005581092831
162781	0.006411799272
162782	0.004112001853
162783	0.007827283089
162784	0.007972530598
162785	0.009880683012
162786	0.005292246606
162787	0.006622579841
162788	0.01813794731
162789	0.001390127525
162790	0.002874684276
162791	0.01204910983
162792	0.01622742387
162793	0.005943614285
162794	0.01353475486
162795	0.001822519543
162796	0.0009361584813
162797	0.0003811962665
162798	0.004023964269
162799	0.002073143445
162800	0.001907420579
162801	0.003468415334
162802	0.01073845205
162803	0.01099627007
162804	0.004433481134
162805	0.006421906801
162806	0.006643382277
162807	0.008892448427
162808	0.002417124354
162809	0.001086616967
162810	0.001228289988
162811	0.002470375307
162812	0.003511251768
162813	0.01628597421
162814	0.005212399595
162815	0.00132457478
162816	0.003029661373
162817	0.001369999792
162818	0.01724487257
162819	0.002086202676
162820	0.002644557478
162821	0.006276839734
162822	0.001689634254
162823	0.0005021316263
162824	0.001089995041
162825	0.002817721955
162826	0.001497512464
162827	0.001369747632
162828	0.004927795631
162829	0.001323168949
162830	0.00109956541
162831	0.0004861700085
162832	0.001123659057
162833	0.005268267826
162834	0.005915649899
162835	0.001537225538
162836	0.001265032938
162837	0.001333196393
162838	0.002013977023
162839	0.001583995019
162840	0.0009485725561
162841	0.0009662473405
162842	0.001995687781
162843	0.001690009043
162844	0.001410916652
162845	0.001608467549
162846	0.001141951292
162847	0.001465638799
162848	0.0007969035212
162849	0.002525309918
162850	0.002219927176
162851	0.003330481855
162852	0.001478116753
162853	0.001411335328
162854	0.001687498839
162855	0.0008780370646
162856	0.002202088822
162857	0.0001568736743
162858	0.0004713799115
162859	0.002256917254
162860	9.429863428e-05
162861	0.002710281621
162862	0.001304104811
162863	0.003830968828
162864	9.733410721e-05
162865	0.001297828582
162866	0.0004687227629
162867	0.01039294947
162868	0.003039085026
162869	0.008478604796
162870	0.009198348614
162871	0.009190166254
162872	0.00893577954
162873	0.009225289434
162874	0.008458299873
162875	0.00742641609
162876	0.007775359789
162877	0.007514371647
162878	0.008752164251
162879	0.00939094452
162880	0.00983607331
162881	0.002237886135
162882	0.006249527205
162883	0.01045542299
162884	0.005677728329
162885	0.00776468172
162886	0.002853632085
162887	0.0005415163793
162888	0.01299352957
162889	0.0002371433274
162890	0.002015178427
162891	0.004018294702
162892	0.0001271573056
162893	0.001525670896
162894	0.001274148406
162895	0.001905897405
162896	0.006151745517
162897	0.003619836355
162898	0.006100546424
162899	0.006828250545
162900	0.001367612096
162901	0.0009396324559
162902	0.005798758863
162903	0.002237688623
162904	0.0008362155446
162905	0.007645068738
162906	0.002157619418
162907	0.0006913507553
162908	0.00410685471
162909	0.0051586841
162910	0.004626959962
162911	0.0006244424997
162912	0.005591392789
162913	0.002317347007
162914	0.001897239947
162915	0.003552165402
162916	0.007100020983
162917	0.008128504644
162918	0.003624705536
162919	0.001946860938
162920	0.001426265067
162921	0.006851159854
162922	0.01218807265
162923	0.009613990099
162924	0.01385536395
162925	0.01401227942
162926	0.001403058757
162927	0.001292211888
162928	0.004150167347
162929	0.0005742376624
162930	0.006029920655
162931	0.009862526583
162932	0.0008115332626
162933	0.002907887012
162934	0.005772884161
162935	0.001351669295
162936	0.002486569866
162937	0.004126111137
162938	0.00185013704
162939	0.007488975683
162940	0.000579336475
162941	0.0005511838263
162942	4.921695352e-05
162943	0.006413830275
162944	0.002188343894
162945	0.003233885848
162946	0.008784200646
162947	0.01371261822
162948	0.003923240643
162949	0.005997544535
162950	0.0009086483093
162951	0.001238478719
162952	6.393100554e-06
162953	0.001380285285
162954	0.001249860226
162955	4.93909673e-05
162956	0.005491793334
162957	0.007062573554
162958	0.005480610243
162959	0.007594355938
162960	0.005380490661
162961	0.006674358757
162962	0.001250503014
162963	0.00297388764
162964	0.009922632842
162965	0.009251652896
162966	0.006052913057
162967	0.007533615785
162968	0.00651205511
162969	0.003568553804
162970	0.002006689077
162971	0.0003555118259
162972	0.003919939958
162973	0.000187934341
162974	0.001960652932
162975	0.009821002916
162976	0.0002268216148
162977	0.004906933863
162978	0.01075112459
162979	0.007457522113
162980	0.007734697546
162981	0.006822333534
162982	0.01358341564
162983	0.01291474284
162984	0.006373749225
162985	0.007754008811
162986	0.001440854424
162987	0.008235726655
162988	0.009973469295
162989	0.0007059235264
162990	0.001393084553
162991	0.01010865168
162992	0.008913314602
162993	0.0009403206218
162994	0.01065960175
162995	0.003262139246
162996	0.00169498422
162997	0.00594561509
162998	0.008686729937
162999	0.001991617147
163000	0.00563188531
163001	0.004080777581
163002	0.001542089954
163003	0.006082062442
163004	0.0071108335
163005	0.000171280166
163006	0.01341049846
163007	0.008877680714
163008	0.0002584272618
163009	0.003225486169
163010	0.01343939162
163011	0.0256634628
163012	0.01040349635
163013	0.0146175773
163014	0.006714640787
163015	0.007444565707
163016	0.007744642407
163017	0.00291046925
163018	0.002100397625
163019	0.01195971017
163020	0.00152135451
163021	0.003152382644
163022	0.003350455169
163023	0.002657000186
163024	0.001699037563
163025	0.005050782667
163026	0.005699147361
163027	0.004294706112
163028	0.002501093204
163029	0.0001135305238
163030	0.008011329542
163031	0.003646932595
163032	0.008065698038
163033	0.008668756391
163034	0.00234797336
163035	0.005337992455
163036	0.00999513037
163037	0.004102988749
163038	0.005185852925
163039	0.003764543131
163040	0.01026423887
163041	0.003471559259
163042	0.002601509605
163043	0.003202735629
163044	0.005581779197
163045	0.003901405241
163046	0.002577084616
163047	0.005790297968
163048	0.0006770455151
163049	0.0006895670303
163050	0.002937289819
163051	0.004637188216
163052	0.01626145912
163053	0.01631397177
163054	0.004219509772
163055	0.004188849592
163056	0.005835986147
163057	0.001757556815
163058	0.002190696603
163059	0.0007026206563
163060	0.0005984166893
163061	0.005589266145
163062	0.009204535692
163063	0.008226263653
163064	0.00305241557
163065	0.002172073398
163066	0.008592073133
163067	0.001098086088
163068	0.0006121657683
163069	0.004933429815
163070	0.003919279301
163071	0.002995049572
163072	0.005081789556
163073	0.003415227039
163074	0.009690526664
163075	0.005379014128
163076	0.01704609117
163077	0.01454304513
163078	0.001087489895
163079	0.0005213207028
163080	0.002671997175
163081	0.006390447939
163082	3.862441421e-05
163083	0.01197143517
163084	0.001135814175
163085	0.002711129645
163086	0.004259698021
163087	0.006489431797
163088	0.0144522597
163089	0.003086276927
163090	0.002608034334
163091	0.01752439903
163092	0.0005002253421
163093	0.004465668249
163094	0.003567823438
163095	0.0008350900039
163096	0.0006297967673
163097	0.00437750951
163098	0.001539182585
163099	0.003993056577
163100	0.003819236871
163101	0.01168764824
163102	0.01008193302
163103	0.001273508311
163104	0.01510866593
163105	0.001660399592
163106	0.002612269995
163107	0.01221553892
163108	0.0003798780971
163109	0.00703682503
163110	0.01048492071
163111	0.0003925991015
163112	0.006478619399
163113	0.001295419222
163114	0.007597122526
163115	0.003908395173
163116	0.009738835936
163117	0.0001471663438
163118	0.0004418922396
163119	0.003873051608
163120	0.002868488695
163121	0.001835750495
163122	0.002736861769
163123	0.003066274095
163124	0.002997508507
163125	0.003193020474
163126	0.001730087032
163127	0.002733300834
163128	0.0006774348934
163129	0.002438438371
163130	0.0007770902266
163131	0.007915930638
163132	0.00364768372
163133	0.008935540206
163134	0.002433069874
163135	0.02533561714
163136	0.001339892342
163137	0.002140130702
163138	0.005789022255
163139	0.01263560167
163140	0.002935903239
163141	0.004077874249
163142	0.0004869633307
163143	0.002995979897
163144	0.001145533565
163145	0.002795730427
163146	0.001639407704
163147	0.006400931926
163148	0.0180953862
163149	0.005303111261
163150	0.005543411376
163151	0.01397121204
163152	0.002016029834
163153	0.02018110335
163154	0.007704012015
163155	0.0009547407668
163156	0.00373068434
163157	0.0008658479332
163158	0.0121430343
163159	0.009295109402
163160	0.02460933368
163161	0.006940515651
163162	0.003865663407
163163	0.0007446907453
163164	8.956613529e-05
163165	0.0006520248867
163166	0.002123029965
163167	0.006039386868
163168	0.003820830303
163169	0.001059240958
163170	0.005335386658
163171	0.002834474361
163172	0.005584633652
163173	0.00392755672
163174	0.007614196107
163175	0.00782753209
163176	0.001622903107
163177	0.004378968699
163178	0.01287200666
163179	0.0002566217989
163180	0.0005273461072
163181	0.0006745767631
163182	0.01242181179
163183	0.0003663280074
163184	0.0006095408027
163185	0.00479729312
163186	0.002547900043
163187	0.008180463241
163188	0.000609533469
163189	0.002281058346
163190	0.001567084084
163191	0.00108718758
163192	0.0008695592836
163193	0.0004762060321
163194	0.004524149081
163195	0.01311850793
163196	0.006923197702
163197	0.008148845644
163198	0.009889447809
163199	0.002775506357
163200	0.001653792141
163201	0.0009853053975
163202	0.003164877652
163203	0.004149981688
163204	0.001305699456
163205	0.0004800594885
163206	0.008673920632
163207	0.01717310889
163208	0.006077402976
163209	0.001976003146
163210	0.01496811709
163211	0.01477741318
163212	0.004457071359
163213	0.001446910868
163214	0.009250115914
163215	0.006244506675
163216	0.004537577532
163217	0.002820587831
163218	0.001636973654
163219	0.004825042796
163220	0.00155720657
163221	0
163222	0.00296735791
163223	0.003047302685
163224	0.003792734189
163225	0.002756252286
163226	0.008257086973
163227	0.004548601004
163228	0.011458215
163229	0.001177436531
163230	0.0006724391575
163231	0.007019065241
163232	0.01322654072
163233	0.008354516192
163234	0.0007334226556
163235	0.01238000387
163236	0.003493420162
163237	0.004623724854
163238	0.0001649986174
163239	0.0004867017437
163240	0.0008049751844
163241	0.01005579899
163242	0.01029192734
163243	0.002003942644
163244	0.008374905202
163245	0.006545250037
163246	0.001174275488
163247	0.001102316677
163248	0.0001888114396
163249	0.004710599161
163250	0.004019260983
163251	0.008687608541
163252	0.003572470402
163253	0.004876325893
163254	0.003629180802
163255	0.004732560902
163256	6.190290474e-06
163257	0.000301972184
163258	0.0003742537113
163259	0.0004012534643
163260	0.005704693022
163261	0.008065042859
163262	0.006343216748
163263	0.0004124208001
163264	0.002805864571
163265	0.008747547092
163266	0.011289186
163267	0.000203286565
163268	0.006975083748
163269	0.00531434563
163270	0.006671873013
163271	0.002505967878
163272	0.0008091003011
163273	0.004099843854
163274	0.0006943268079
163275	0.01745864075
163276	0.005213736815
163277	0.003410545198
163278	0.001764956631
163279	0.01326416202
163280	0.001142313576
163281	0.00565070294
163282	0.001784378143
163283	0.0003012003889
163284	0.001715739579
163285	0.005434297918
163286	0.003756055708
163287	0.004587607111
163288	0.002178161106
163289	0.004901235894
163290	0.004818662765
163291	0.003371544608
163292	0.005140066533
163293	0.0055630175
163294	0.002942482042
163295	0.001094774567
163296	0.005539471956
163297	0.02241087004
163298	0.0003847158695
163299	0.01433088151
163300	0.005942213687
163301	0.002185767879
163302	0.0007807432184
163303	0.00219088538
163304	0.01167294626
163305	0.002977928371
163306	0.002768148719
163307	0.006905526479
163308	0.00349340822
163309	0.001581666286
163310	0.005375880585
163311	0.004046749063
163312	0.008688177917
163313	0.004040836387
163314	0.001610932356
163315	0.007967409679
163316	0.003361515817
163317	0.003594102845
163318	0.009396734856
163319	0.005602531037
163320	0.0002744392223
163321	0.009582344966
163322	0.0009001699629
163323	0.005516429023
163324	0.002641466511
163325	0.003132759503
163326	0.004770847872
163327	0.005015345251
163328	0.001799499357
163329	0.0110922337
163330	0.000623422118
163331	0.004847546889
163332	0.004992012936
163333	0.004174635141
163334	0.0004469498704
163335	0.01104499898
163336	4.190566198e-05
163337	0.001418423256
163338	0.001472149177
163339	0.003939029296
163340	0.004186276833
163341	0.002003680009
163342	0.001259914353
163343	0.003193139752
163344	0.001359889334
163345	0.001358364901
163346	0.003482789286
163347	0.001419017823
163348	0.001639461164
163349	0.000453394167
163350	0.0002931560181
163351	0.00124779535
163352	0.004745864939
163353	0.0006329680612
163354	0.0007544975694
163355	0.00841577059
163356	0.000299769037
163357	0.004009584714
163358	0.008196999466
163359	0.004942329356
163360	0.002520221545
163361	0.007382468637
163362	0.002069585726
163363	0.000566997803
163364	0.006911379903
163365	0.002346062239
163366	0.0007249803381
163367	0.005753689978
163368	0.0009487295359
163369	0.009537811215
163370	0.0003264898069
163371	0.001260391995
163372	0.01007247298
163373	0.004470636066
163374	0.004739707533
163375	0.001679161858
163376	0.0007753700967
163377	0.005045877583
163378	0.006159287826
163379	0.006857300621
163380	0.01070982265
163381	0.007026553683
163382	0.005959307752
163383	0.0007796590779
163384	0.008019281643
163385	0.006791557924
163386	0.002587419525
163387	0.00782780932
163388	0.005716920268
163389	0.0006851797622
163390	0.006064761557
163391	0.008290828158
163392	0.01047053279
163393	0.01343295537
163394	0.004837689485
163395	0.00383351803
163396	0.003486297633
163397	0.009455959803
163398	0.002831944404
163399	0.005790666027
163400	0.001665393062
163401	0.0033101203
163402	0.005901503031
163403	0.0007629928308
163404	0.00436682755
163405	0.0009361097528
163406	0.004479520269
163407	0.01823144207
163408	0.0004897674928
163409	0.00610231539
163410	0.003714034046
163411	0.0009644076823
163412	0.007224202714
163413	0.005729986862
163414	0.01324265133
163415	0.0108449262
163416	0.003107144398
163417	0.005393328762
163418	0.001968044391
163419	0.0001823513947
163420	0.003221106262
163421	0.0003791489832
163422	0.005763360316
163423	0.002818378147
163424	0.01635642586
163425	0.004350488507
163426	0.001335632903
163427	0.00721378062
163428	0.001367736843
163429	0.002992375932
163430	0.009528262236
163431	0.01063060613
163432	0.0005041958093
163433	0.01583872358
163434	0.002708782361
163435	0.000584762998
163436	0.00701678617
163437	0.002075475771
163438	0.001211064256
163439	0.002054748257
163440	0.00630585542
163441	0.006446378954
163442	0.01646598954
163443	0.008850715259
163444	0.00431581857
163445	0.003336804966
163446	0.004661894684
163447	0.002870413777
163448	0.005801673995
163449	0.008130452071
163450	0.01003083052
163451	0.0002294092478
163452	0.001252705488
163453	0.002097235746
163454	0.01173172971
163455	0.008834978141
163456	0.0006934680301
163457	0.002707885695
163458	0.001657960132
163459	0.005417280428
163460	0.004503611357
163461	0.005192527543
163462	0.002409464595
163463	0.006330135259
163464	0.00264813656
163465	0.01262564173
163466	0.00203766284
163467	0.01477915151
163468	0.01598598835
163469	0.009695584699
163470	0.005226584204
163471	0.005984163277
163472	0.006489499608
163473	0.003471233303
163474	0.007570818658
163475	0.006372618009
163476	0.00803663916
163477	0.004497111179
163478	0.000804395473
163479	0.005317955663
163480	0.007315040609
163481	0.001184707169
163482	0.005391743588
163483	0.007072231556
163484	0.0008276377454
163485	0.005975756
163486	0.002960204516
163487	0.01024773109
163488	0.003183196183
163489	0.003960024216
163490	0.02167924323
163491	0.00285390516
163492	0.0006617919334
163493	0.005656992187
163494	0.001626947798
163495	0.009943659803
163496	0.01120924167
163497	0.0001323826012
163498	0.0002265405697
163499	0.002919439793
163500	0.00443623725
163501	0.0005262275778
163502	0.004269927402
163503	0.002652904101
163504	0.008070216137
163505	0.001056285394
163506	0.007560152051
163507	0.002287069382
163508	0.004897361579
163509	0.01320627091
163510	0.001450696963
163511	0.02126360906
163512	0.01502824732
163513	0.006945139002
163514	0.0003285615568
163515	0.001228583705
163516	0.001421645639
163517	0.002875452711
163518	0.001125639605
163519	0.002632834274
163520	0.003200000217
163521	0.0003600124146
163522	0.0002087547671
163523	0.009503666181
163524	0.001736727088
163525	0.006334637738
163526	0.006228497575
163527	0.01363130895
163528	0.0005921645491
163529	0.0005246415731
163530	0.006690376503
163531	0.002461925565
163532	0.004997738227
163533	0.0009348841775
163534	0.01221902558
163535	0.004773944336
163536	0.001912231583
163537	0.01604370525
163538	0.02378258041
163539	0.001618546613
163540	0.001812471126
163541	0.003134223381
163542	0.0002607892624
163543	0.005098565941
163544	0.00532878714
163545	0.001866694305
163546	0.004709216309
163547	0.01449857639
163548	0.002069398931
163549	0.004451563515
163550	0.004007386681
163551	0.003955013235
163552	0.008858751327
163553	0.01042669678
163554	0.005585620521
163555	0.01103290407
163556	0.005224919458
163557	0.008252567899
163558	0.005085773938
163559	0.000554951233
163560	0.0008050322326
163561	0.00280496752
163562	0.009172382502
163563	0.002550977141
163564	0.0044936602
163565	0.002465242864
163566	0.00103981366
163567	0.002762385994
163568	1.981603686e-05
163569	0.008583104524
163570	0.003835268666
163571	0.0005972176251
163572	0.001844278455
163573	0.008955201266
163574	1.047542434e-05
163575	0.001268916644
163576	0.008463103256
163577	0.0005947590848
163578	0.004799817563
163579	0.002339106759
163580	0.008826984618
163581	0.004549643718
163582	0.01007285221
163583	0.002487293037
163584	0.01113246256
163585	0.001369115032
163586	0.005117070048
163587	0.01227314279
163588	0.0002794716056
163589	0.006967896473
163590	0.004678216134
163591	0.001460685015
163592	0.004567198788
163593	0.001476301529
163594	0.004599354924
163595	0.001779660592
163596	0.0002662355395
163597	0.003307767313
163598	0.01144370721
163599	0.009993216738
163600	0.005657187455
163601	0.01483239201
163602	0.002138502515
163603	0.0009559029084
163604	0.00461844424
163605	0.003009843106
163606	0.006277416598
163607	0.001958340043
163608	0.006920009565
163609	0.003891670555
163610	0.000220718186
163611	0.01097920659
163612	0.006337912268
163613	0.004717867497
163614	0.003750748902
163615	0.003608758593
163616	0.002306001166
163617	0.004280715403
163618	0.002218919139
163619	0.007099656581
163620	0.0002883194836
163621	0.0009213244768
163622	0.000596337772
163623	0.0002323375437
163624	0.0009840988172
163625	0.004318120588
163626	0.0007215258046
163627	0.003338067055
163628	0.001422123337
163629	0.001473931453
163630	0.001587315059
163631	0.0001412859246
163632	0.001609288379
163633	0.0004118183483
163634	0.0008299920952
163635	0.002008274038
163636	0.001331915463
163637	0.003346925743
163638	0.001365337803
163639	0.001388729439
163640	0.0008495243305
163641	7.931994462e-05
163642	0.001200041444
163643	6.990041139e-05
163644	0.0005898270259
163645	0.0008884665716
163646	0.001797919957
163647	0.003581111066
163648	0.0009363949822
163649	0.001295364089
163650	0.0004250801282
163651	0.001529989227
163652	0.002453091795
163653	0.002245785182
163654	0.003008771695
163655	0.003113255928
163656	0.006452189923
163657	0.0008814257372
163658	0.0004887702876
163659	0.0008627105061
163660	0.000745669636
163661	0.0008690375085
163662	0.002094214843
163663	0.004696772199
163664	0.001674628501
163665	0.00221894186
163666	0.004876810166
163667	0.003807740871
163668	0.001526763493
163669	0.001065568183
163670	7.346848752e-05
163671	6.964962949e-05
163672	0.001711107337
163673	0.005944661615
163674	0.003253464357
163675	0.001471398886
163676	0.0008579343336
163677	0.009708500285
163678	0.001025161311
163679	0.005456905313
163680	0.005220558326
163681	0.004427677248
163682	0.001931544245
163683	0.003746912808
163684	0.00450641848
163685	0.003805990216
163686	0.002059594341
163687	0.006112325182
163688	0.001050411708
163689	0.002133106565
163690	0.006999129631
163691	0.003655773473
163692	0.008027270995
163693	0.007537378965
163694	0.005683789794
163695	0.002154520649
163696	0.003971502043
163697	0.002303499111
163698	0.004026352221
163699	0.007773709304
163700	0.00220849097
163701	0.0009555055735
163702	0.001007254825
163703	8.63031529e-05
163704	0.00953655745
163705	0.01435463907
163706	0.000864105317
163707	0.001788022015
163708	0.0002508129231
163709	0.005004346969
163710	0.01022314178
163711	0.001877017644
163712	0.008742247261
163713	0.0003590058265
163714	0.004379749612
163715	0.000295405348
163716	0.002671288806
163717	0.001253160874
163718	0.01156549467
163719	0.006481441368
163720	0.005142816314
163721	0.001240112269
163722	0.002811454787
163723	0.004367817362
163724	0.003051698198
163725	0.000852525586
163726	0.002104029935
163727	0.004351191509
163728	0.0004229601662
163729	0.0005930661111
163730	0.001686154648
163731	0.001743046293
163732	0.009120507161
163733	0.002085903064
163734	0.0005075861288
163735	0.009487405973
163736	0.001134470006
163737	0.0008095122583
163738	0.007632090754
163739	0.0002378710192
163740	0.01324991902
163741	0.001014485274
163742	0.0009783106254
163743	0.01420922343
163744	0.01435023191
163745	0.0114783467
163746	0.007281060251
163747	0.000715195285
163748	0.001932418036
163749	0.004543952754
163750	0.0002514701266
163751	0.0009444324831
163752	0.01025693332
163753	0.00678630328
163754	0.01048776583
163755	0.01004497693
163756	0.004811564405
163757	0.001755937408
163758	0.001802359337
163759	0.003551983381
163760	0.00252248293
163761	0.03155113943
163762	0.0007851574585
163763	0.006440257076
163764	0.005981690339
163765	0.00505042381
163766	0.01828635251
163767	0.002102811854
163768	0.0005528565502
163769	0.0003113046334
163770	0.002649506138
163771	0.003934758598
163772	0.005586569648
163773	0.001392164048
163774	0.0008646089427
163775	0.005520483861
163776	0.001111592247
163777	0.009390372559
163778	0.0123691229
163779	0.0007506176398
163780	0.002994545368
163781	0.008155667562
163782	0.0005013885021
163783	0.002559319335
163784	0.0002268053471
163785	8.68162533e-06
163786	0.001205057175
163787	0.005946757953
163788	0.002060622184
163789	0.01726420431
163790	0.001889256275
163791	0.003288372742
163792	0.0001695572917
163793	0.00318355478
163794	0.006466340607
163795	0.0107074542
163796	0.003807347315
163797	0.001279969208
163798	0.0053872111
163799	0.0005407396594
163800	0.004864327365
163801	0.01416302124
163802	0.001948786937
163803	0.01938239118
163804	0.01193728307
163805	0.01778935468
163806	0.001188505607
163807	0.0006362057444
163808	0.006012184756
163809	0.002045563528
163810	0.0004194157032
163811	0.005920132203
163812	0.0009783509781
163813	0.001160065747
163814	0.00107527671
163815	0.004766169188
163816	0.0006760192946
163817	0.01477764771
163818	0.008591895526
163819	0.005117437966
163820	0.016694029
163821	0.01089144589
163822	0.002218136389
163823	0.0001834692418
163824	0.001101011763
163825	0.003093163612
163826	0.002014002656
163827	0.007621904653
163828	0.003291663323
163829	0.003214983442
163830	0.003525435353
163831	0.014861911
163832	0.0006429470578
163833	0.00622663617
163834	0.004738412315
163835	0.0008669131056
163836	0.006113954153
163837	0.001616946875
163838	0.003476467649
163839	0.01259262064
163840	0.005484156892
163841	0.001727144903
163842	0.01199018306
163843	0.004627094778
163844	0.005666476174
163845	0.009306768641
163846	0.001001356654
163847	0.0009919123137
163848	0.0004989261887
163849	0.0003912088999
163850	0.002303863353
163851	5.673987478e-05
163852	0.004726873382
163853	0.00154363686
163854	0.001921370663
163855	0.00144525109
163856	0.001052142877
163857	0.00317450911
163858	0.002172981465
163859	0.00192027583
163860	0.0002097940474
163861	0.0006956457125
163862	9.223723968e-05
163863	0.00644468014
163864	0.008549688646
163865	0.006562154081
163866	0.005748205795
163867	0.006793705055
163868	0.005494213328
163869	0.01449480857
163870	0.003059179155
163871	0.01083763374
163872	0.001676221869
163873	0.0155823916
163874	0.005033126685
163875	0.001774287807
163876	0.001141972381
163877	0.007873148
163878	0.0008282729913
163879	0.0002778391678
163880	0.001194442839
163881	0.007752210977
163882	0.0112376468
163883	0.002559764824
163884	0.003323975412
163885	0.003770351214
163886	0.0002304716623
163887	0.01109175762
163888	0.004479276499
163889	0.002641817453
163890	0.002905342755
163891	0.003728727724
163892	0.005987711113
163893	0.0007772929265
163894	0.001637702334
163895	0.003524891006
163896	0.002170196475
163897	0.003948316923
163898	0.003958098244
163899	0.006673421089
163900	0.002236130895
163901	0.003235818441
163902	0.002066398681
163903	0.01016650358
163904	0.02285291655
163905	0.002515360359
163906	0.0109557843
163907	0.0005325850558
163908	0.0007959195886
163909	0.003453942347
163910	0.004564151865
163911	0.002952368572
163912	0.006242746333
163913	0.001594449006
163914	0.01362645894
163915	0.0101679596
163916	0.003008033459
163917	0.008572857545
163918	0.001112872454
163919	0.003310249584
163920	0.005542529567
163921	0.00693257048
163922	0.01035007361
163923	0.004557386836
163924	0.002943570292
163925	0.0005704526448
163926	0.0004580711444
163927	0.004021047012
163928	0.0002892707333
163929	0.01212412854
163930	0.006417107345
163931	0.008144436717
163932	0.01028286372
163933	0.006946356341
163934	0.009502713055
163935	0.0005291621969
163936	0.003960438941
163937	0.001274334126
163938	0.0005489089597
163939	0.002773263153
163940	0.001246916331
163941	0.0005254112978
163942	0.001468451371
163943	0.001501914999
163944	0.001119490736
163945	0.001169578478
163946	0.001738115927
163947	0.00151344248
163948	0.001598859446
163949	0.00640947864
163950	0.0009330172297
163951	0.0003377720276
163952	0.01159117553
163953	0.00795837544
163954	0.005100897706
163955	0.0009774696298
163956	0.002138311929
163957	0.005145412325
163958	0.006462630489
163959	0.003397022571
163960	0.01173723954
163961	0.003741923722
163962	0.007212128015
163963	0.0003227938904
163964	0.004329285128
163965	0.004330786336
163966	0.00612727213
163967	0.0002880241019
163968	2.072953124e-05
163969	0.0003823663163
163970	0.01469090824
163971	0.005724087494
163972	0.005951022412
163973	0.0001734453859
163974	0.00454962753
163975	0.01122091485
163976	0.003137507097
163977	0.00114095461
163978	0.0008142110294
163979	0.005904099865
163980	0.000998113178
163981	0.00186388795
163982	0.004696030866
163983	0.001540400846
163984	0.01175061968
163985	0.01551825956
163986	0.004909184837
163987	0.0006142493397
163988	0.004084144499
163989	0.00379010373
163990	0.001870425459
163991	0.003908865288
163992	0.002593200141
163993	0.005753278143
163994	0.000915085415
163995	0.003730374673
163996	0.003449962191
163997	0.002444235793
163998	0.008787960541
163999	0.001647293331
164000	0.0005017423243
164001	0.001129841905
164002	0.002766535246
164003	0.003035767433
164004	0.007686241552
164005	0.00453713204
164006	0.02450712551
164007	0.003672221841
164008	0.004799841848
164009	0.002781491388
164010	0.002305189923
164011	0.01030470872
164012	0.009897430431
164013	0.008653686095
164014	0.005751601644
164015	0.009101594421
164016	0.01657526185
164017	0.0004592178774
164018	0.00132005037
164019	0.006276684378
164020	0.004196074457
164021	0.003384083028
164022	0.001454581207
164023	0.0003393764939
164024	0.004511905875
164025	0.001444812726
164026	0.009669715768
164027	0.0001636743854
164028	0.005407657127
164029	0.002255230465
164030	0.007340031565
164031	0.001565984124
164032	0.003510876735
164033	0.001302496225
164034	0.01369130419
164035	0.004658761669
164036	0.01043489828
164037	0.00112796073
164038	0.001921596583
164039	0.00462475248
164040	0.002451777664
164041	0.009514925349
164042	0.01215675638
164043	0.0003067980488
164044	0.004740263719
164045	0.002526936868
164046	0.005388425518
164047	0.00489173579
164048	0.009336412416
164049	0.006919937826
164050	0.00123930628
164051	0.00386952747
164052	0.009020226394
164053	0.0005455514498
164054	0.001891216723
164055	0.001062654457
164056	0.001203176999
164057	0.0001754733656
164058	0.0003557458759
164059	0.002276541517
164060	0.001967247397
164061	0.0009144471186
164062	0.0009670831057
164063	1.245058856e-05
164064	0.001942470132
164065	0.001665518097
164066	0.001953376728
164067	0.0006904627163
164068	0.002748831856
164069	0.002044816135
164070	0.006394721417
164071	0.005418280168
164072	0.001566092147
164073	0.005807732023
164074	0.0003255097526
164075	0.0007637759182
164076	0.002697532071
164077	0.009056464427
164078	0.000427821184
164079	0.008578371996
164080	0.003055312463
164081	0.01453064658
164082	0.009801233526
164083	0.0002340174012
164084	0.0003438938787
164085	0.01237934655
164086	0.006555416636
164087	0.001818311831
164088	0.01455522856
164089	0.005534239912
164090	0.01016643707
164091	0.01907714202
164092	0.00438118573
164093	0.002690061765
164094	0.004136827752
164095	0.005308763609
164096	0.002062063096
164097	0.0009140875179
164098	0.02156520785
164099	0.003893654155
164100	0.005232677001
164101	0.01494765971
164102	0.009543430998
164103	0.00616854647
164104	0.004433453127
164105	0.004944600735
164106	0.0001142113858
164107	0.007027769813
164108	0.001477366274
164109	0.003094394914
164110	0.002549557889
164111	0.002088467985
164112	0.007443079925
164113	0.01489200246
164114	0.007536555507
164115	0.002871197788
164116	0.01225348902
164117	0.002780391023
164118	0.0148981476
164119	0.01659122378
164120	0.003614381358
164121	0.009313265533
164122	0.006624158499
164123	0.006559841203
164124	0.002558203536
164125	0.001521183417
164126	0.004033862244
164127	0.003329050702
164128	0.002804839076
164129	0.002883642314
164130	0.006135125577
164131	0.001697997879
164132	0.01236352654
164133	0.01648632711
164134	0.0003093815704
164135	0.009256773603
164136	0.002231982808
164137	0.0131742079
164138	0.00308283919
164139	0.003250785683
164140	0.001702923575
164141	0.001083868029
164142	0.005160786377
164143	0.01716987993
164144	0.009504901221
164145	0.0005676958759
164146	0.002453306715
164147	0.01339781295
164148	0.008150003893
164149	0.008059994275
164150	0.0003292061171
164151	0.007065178154
164152	0.0003149456888
164153	0.005307655733
164154	0.008804453375
164155	0.003251318359
164156	0.01422801723
164157	0.00311413685
164158	0.004980931587
164159	0.0003594052647
164160	0.0005965570265
164161	0.01442994612
164162	0.001084556282
164163	0.01218827369
164164	0.000472785689
164165	0.004879671457
164166	0.00262850622
164167	0.008709872456
164168	0.007628857319
164169	0.001880890754
164170	0.008402095478
164171	0.009561684029
164172	0.0009871345722
164173	0.006037048959
164174	0.007693424126
164175	0.001732135147
164176	0.00106716693
164177	0.00411129691
164178	0.007737019093
164179	0.007066323198
164180	0.01132720823
164181	0.009268085376
164182	0.002286178295
164183	0.005337414264
164184	0.001345586826
164185	0.005088810731
164186	0.0006100671299
164187	0.003762940068
164188	0.002350860963
164189	0.009850546401
164190	0.01053514095
164191	0.009909103903
164192	0.01148983811
164193	0.01112960426
164194	0.003799056287
164195	0.005516427743
164196	0.001152154277
164197	0.007555060435
164198	0.004563989316
164199	0.01492712172
164200	0.01285790031
164201	0.008494148942
164202	0.0003036659671
164203	0.006484674894
164204	0.009142215194
164205	0.006600847777
164206	0.009061346453
164207	0.009510167009
164208	0.01502697609
164209	0.00321214169
164210	0.006440173209
164211	0.009805277999
164212	0.01506113806
164213	0.002530714302
164214	0.003599221926
164215	0.007201704129
164216	0.0007906804379
164217	0.002492115226
164218	0.005240305085
164219	0.002632638809
164220	0.002658904583
164221	0.007775579757
164222	0.003025120589
164223	0.001212590158
164224	0.007661834296
164225	0.009178897953
164226	0.003755079352
164227	0.01010108596
164228	0.006150751451
164229	0.0009544348647
164230	0.001270734265
164231	0.009604482797
164232	0.007695566541
164233	0.009020624592
164234	0.005164104211
164235	0.01645714858
164236	0.007389058541
164237	0.004822803854
164238	0.0006556866486
164239	0.008408907741
164240	0.009904174555
164241	0.01393674385
164242	0.01658212534
164243	0.009669368676
164244	0.00124405285
164245	0.008358533527
164246	0.00696871231
164247	0.006403386724
164248	0.01014307677
164249	0.01096489356
164250	0.01165108397
164251	0.0002302207605
164252	0.007358932291
164253	0.001651074257
164254	0.008467132829
164255	0.00681147531
164256	0.00933354515
164257	0.006668110467
164258	0.001392634684
164259	0.006265551756
164260	0.002371892388
164261	0.001236149361
164262	0.01331748996
164263	0.01096476631
164264	0.005270499758
164265	0.004887127783
164266	0.006204221761
164267	0.00367069453
164268	0.002614521287
164269	0.005659327756
164270	0.009307743489
164271	0.009591100488
164272	0.007721897887
164273	0.01109324787
164274	0.01012769895
164275	0.00240025043
164276	0.001552700973
164277	0.003271744187
164278	0.01722011163
164279	0.009480165202
164280	0.009237175495
164281	0.005484770506
164282	0.00827629922
164283	0.01612380782
164284	0.001895404574
164285	0.004999360363
164286	0.002938444193
164287	0.001301728626
164288	0.00807737318
164289	0.002736304469
164290	0.008278173488
164291	0.002801714734
164292	0.009384477898
164293	0.008069430044
164294	0.0089437698
164295	0.002078540628
164296	0.005891862923
164297	0.003351496852
164298	0.004299801399
164299	0.01042819305
164300	0.0002510939935
164301	0.007761585676
164302	0.003437679416
164303	0.002458943456
164304	0.01169009296
164305	0.0137916624
164306	0.005570781162
164307	0.0007884757789
164308	0.009334391841
164309	0.003258459464
164310	0.0009035260541
164311	0.0004490104269
164312	0.002073043111
164313	0.005275102165
164314	0.001613932213
164315	0.001896756853
164316	0.01028474761
164317	0.0138089142
164318	0.007708300116
164319	0.002147199464
164320	0.005336630971
164321	0.004411366899
164322	0.003500605933
164323	0.02199405242
164324	0.009281045211
164325	0.0007429333453
164326	0.003557611028
164327	0.002293497626
164328	0.009278546683
164329	0.009677025632
164330	0.0007738584115
164331	0.004763441714
164332	0.004939470957
164333	0.005645808086
164334	0.009561140769
164335	0.01036697407
164336	0.0007560921659
164337	0.007754348906
164338	0.0004358564809
164339	0.009950634001
164340	0.006461409923
164341	0.005307481137
164342	3.6495619e-05
164343	0.006676744839
164344	0.008582644553
164345	0.008661521783
164346	0.001313236517
164347	0.006496806586
164348	0.002080388921
164349	0.00858471968
164350	0.006975139399
164351	0.002106499277
164352	0.006829869167
164353	0.00680790459
164354	0.002899194203
164355	0.007244526891
164356	0.0006385378123
164357	0.01578457576
164358	0.01316321487
164359	0.0143884505
164360	0.009647527039
164361	0.004050007748
164362	0.005366831497
164363	0.001104254008
164364	0.02238578225
164365	0.01174376779
164366	0.003589531948
164367	0.00689840302
164368	0.002422140694
164369	0.01537848454
164370	0.01254651351
164371	0.009942798233
164372	0.01147463459
164373	0.007925125082
164374	0.01031629628
164375	0.01164794247
164376	0.0005409017509
164377	0.003995619452
164378	0.0003909459274
164379	0.00987354463
164380	0.009653649411
164381	0.0135839807
164382	0.006050082277
164383	0.005030156825
164384	0.0009734009601
164385	0.005037989121
164386	0.001330957321
164387	1.16943264e-05
164388	0.003511408494
164389	0.00642084333
164390	0.01093717922
164391	0.009718290334
164392	0.00311735288
164393	0.003803244944
164394	0.002165475796
164395	0.001384795967
164396	0.003262036215
164397	0.002120046809
164398	0.00171995453
164399	0.004807850462
164400	0.01682705101
164401	0.01583791656
164402	0.004084369545
164403	0.001537078889
164404	0.003865065005
164405	0.008922253475
164406	0.004060094874
164407	0.006978340164
164408	0.01203709225
164409	0.006731967772
164410	0.008239416768
164411	0.006859239053
164412	0.003690437633
164413	0.01472652517
164414	0.008188418361
164415	0.002861591141
164416	0.005101906983
164417	0.007543625265
164418	0.001538373137
164419	0.004503567029
164420	0.001108085551
164421	0.00489126597
164422	0.009086367128
164423	0.004285869593
164424	0.009648363933
164425	0.002382964761
164426	0.0004253666444
164427	0.0008669323989
164428	0.006495506772
164429	0.0005384115203
164430	0.009207626336
164431	0.01616197126
164432	0.002900886309
164433	0.0008349054636
164434	0.0005700927449
164435	0.00220050166
164436	0.005800565867
164437	0.002378800478
164438	0.002421393055
164439	0.009247855466
164440	0.004441579556
164441	0.01152570525
164442	0.009613673138
164443	0.01312859771
164444	0.0004881060988
164445	0.0002592701166
164446	0.009072904617
164447	0.002020228667
164448	0.01124993997
164449	1.849075511e-05
164450	0.001737059302
164451	0.000217901828
164452	0.003452523904
164453	0.006402999381
164454	0.009026318222
164455	0.006306837755
164456	0.006178447166
164457	0.005596802659
164458	0.002827553134
164459	0.005217462419
164460	0.009197761891
164461	0.004005595889
164462	0.005066941447
164463	0.0007788229565
164464	0.008566659046
164465	0.0006671522416
164466	0.003702460717
164467	0.01283991409
164468	0.009085440374
164469	0.006258367644
164470	0.003942922969
164471	0.0005591432652
164472	0.005922336959
164473	0.006993508582
164474	0.001482116907
164475	0.005120912772
164476	0.005471765154
164477	0.003004897009
164478	0.003670489255
164479	0.005669938456
164480	0.005517358959
164481	0.005408950961
164482	0.006082918126
164483	0.001378672431
164484	0.001724822627
164485	0.0008179943059
164486	0.002099633953
164487	0.0004277420395
164488	0.002868729335
164489	0.0007788480961
164490	0.003941228432
164491	0.001875990607
164492	0.01057925675
164493	0.002305242216
164494	0.008582497887
164495	0.007774639541
164496	0.003912485109
164497	0.01351439861
164498	0.003855505554
164499	0.006338983171
164500	0.005534645635
164501	0.002932416543
164502	0.0001345434066
164503	0.006981326553
164504	0.0004963410503
164505	0.01209933857
164506	3.481340874e-05
164507	0.002840907807
164508	0.01314991547
164509	0.009400633203
164510	0.004981576466
164511	0.002323229708
164512	0.00551823218
164513	0.002427552388
164514	0.001224344706
164515	0.009544751336
164516	0.008229683194
164517	0.003292675859
164518	9.344243136e-05
164519	0.009591453007
164520	0.007521327128
164521	0.01187181696
164522	0.005182119742
164523	0.01738083005
164524	0.002806878009
164525	0.004308558602
164526	0.002074005735
164527	0.0007319628411
164528	0.006812953617
164529	0.004604423735
164530	0.001382225977
164531	0.0004463618608
164532	0.003001675056
164533	0.0009746819948
164534	0.002475693516
164535	0.005523362323
164536	0.009045071334
164537	0.006931973004
164538	0.001773740435
164539	0.00805555426
164540	0.01833261087
164541	0.002940014024
164542	0.0009587693234
164543	0.01725387452
164544	0.00342074955
164545	0.003079631175
164546	0.002333587556
164547	0.001056299936
164548	0.006654314088
164549	0.0008861491713
164550	0.0006895906312
164551	0.0003665278408
164552	0.0002767921145
164553	2.525123592e-05
164554	0.002173149751
164555	0.0002892662244
164556	0.001017935845
164557	0.001642489305
164558	0.004172702918
164559	0.0003327831381
164560	0.0001634257528
164561	6.786343906e-06
164562	0.0004474482699
164563	0.0005242452824
164564	0.0001711051966
164565	0.001856422719
164566	0.002573034572
164567	0.004189343384
164568	0.0009191181872
164569	0.0003141423962
164570	0.001448490084
164571	0.01023845834
164572	0.01193121102
164573	0.005060485888
164574	0.0009425105587
164575	0.001881453711
164576	0.001252544104
164577	0.001976410165
164578	0.0005673601992
164579	0.00185356118
164580	0.001791537441
164581	0.001749430893
164582	0.002122465786
164583	0.001289829325
164584	0.0004729643739
164585	0.0005702285059
164586	0.001310822488
164587	0.001498309527
164588	0.005770846788
164589	0.001216204722
164590	0.001151113012
164591	0.002391888172
164592	0.001744258111
164593	0.001190939435
164594	0.002431145121
164595	0.004479961895
164596	0.001395737736
164597	0.006277405041
164598	0.003386357991
164599	0.004086831614
164600	0.002803428216
164601	0.0003756396663
164602	0.001057929695
164603	0.005847545084
164604	0.006399648935
164605	0.006532978911
164606	0.005203312824
164607	0.0002773672134
164608	0.003168977988
164609	0.009360743504
164610	0.002983433428
164611	0.00204962478
164612	0.001614825608
164613	0.00965203114
164614	0.0001816876875
164615	0.009923096302
164616	0.003626181372
164617	0.005294513319
164618	0.005764700665
164619	0.008773671924
164620	0.003617167239
164621	0.001364605219
164622	0.001817502419
164623	0.005692405345
164624	0.005109875787
164625	0.006418011395
164626	0.0008674080266
164627	0.01104954336
164628	0.001993064619
164629	0.005270215986
164630	0.002846575514
164631	0.001006442929
164632	0.003484380887
164633	0.001197267433
164634	0.004695603704
164635	0.005600354421
164636	0.00259126416
164637	0.001494351672
164638	0.009090646094
164639	5.937288852e-05
164640	0.004114655244
164641	0.0005142376665
164642	0.0005487415238
164643	0.001651955949
164644	0.0006885588799
164645	0.0008585165768
164646	0.002883780804
164647	0.004504654144
164648	0.0008160432158
164649	0.0003924890073
164650	0.0006771554887
164651	0.005031765964
164652	0.001990068284
164653	0.001605923744
164654	0.004387932332
164655	0.0001615385766
164656	0.004347725975
164657	0.003233146321
164658	0.006424325893
164659	0.002770911711
164660	9.984687447e-05
164661	0.0008908610732
164662	0.001121279961
164663	0.007207019516
164664	0.007702284722
164665	0.0004531099532
164666	0.001502185022
164667	0.0001344525162
164668	0.0004261956716
164669	0.005189984706
164670	1.737556429e-05
164671	0.00149404502
164672	0.005092120788
164673	0.005847566245
164674	0.005204054296
164675	0.001574345732
164676	0.003481654131
164677	0.001191352334
164678	0.002746657816
164679	0.0008367922254
164680	0.005903456879
164681	0.009374130934
164682	0.006574089674
164683	0.005210645119
164684	0.003041343646
164685	0.005502078489
164686	0.00125630605
164687	0.009387702039
164688	0.003839296834
164689	0.004820045216
164690	0.01902035951
164691	0.002260947665
164692	0.007113068422
164693	0.00520182574
164694	0.0004225245747
164695	0.003957814213
164696	0.003561555963
164697	0.003981343512
164698	4.014880315e-05
164699	0.004573581141
164700	0.003207538412
164701	0.00328469258
164702	0.001046771678
164703	0.002605629847
164704	0.0008493211679
164705	0.0003552823927
164706	0.002651014011
164707	0.001827911509
164708	0.004287078619
164709	0.005669128109
164710	0.002759515711
164711	0.001139672484
164712	0.0015665142
164713	0.006830045506
164714	0.0119102132
164715	0.001865068697
164716	0.0006206373868
164717	0.00175366884
164718	0.002545440245
164719	0.002754905588
164720	0.00440379515
164721	0.0008886835956
164722	0.002051856995
164723	0.001514458722
164724	0.0002189799974
164725	0.004656578742
164726	0.008433506275
164727	0.002327643044
164728	0.006261092806
164729	0.003117419573
164730	0.004683173835
164731	0.001837535004
164732	0.002828104518
164733	0.001902227731
164734	0.006919181487
164735	0.001683628264
164736	0.002007239116
164737	0.005252398819
164738	0.003990350975
164739	0.0002754031712
164740	0.001278730084
164741	0.001089191647
164742	0.0009433240429
164743	0.003845219529
164744	0.0003071075818
164745	0.00218313165
164746	0.0008759163354
164747	0.001311080875
164748	0.001420587461
164749	0.007010446723
164750	0.0002017040346
164751	0.002007320675
164752	0.001721541956
164753	0.008399100619
164754	0.005933716663
164755	0.006344469373
164756	0.0004788355281
164757	0.000154087142
164758	0.001222897962
164759	0.007911473337
164760	0.001975545159
164761	0.002154721539
164762	0.001567348011
164763	0.002284910507
164764	0.006488223666
164765	0.001971447293
164766	0.004497042972
164767	0.00292887669
164768	0.001451842147
164769	0.004300330351
164770	0.001963633463
164771	0.004000743642
164772	0.001032679271
164773	0.0003815705005
164774	0.0005088719801
164775	0.002945666212
164776	0.003321302484
164777	0.0003529152176
164778	0.008753171699
164779	0.01028180895
164780	0.002040010141
164781	0.00145894071
164782	0.001899237222
164783	0.004219795496
164784	0.0007351539142
164785	0.0002715476354
164786	0.001927769531
164787	0.001081327165
164788	0.000696645573
164789	0.0009284928804
164790	0.003465096744
164791	0.001486353679
164792	0.00268547061
164793	0.003026521767
164794	0.0002088669362
164795	0.002998298435
164796	0.003434082576
164797	0.0009085679326
164798	0.002151955756
164799	0.0006641766731
164800	0.01448910044
164801	0.006102530009
164802	0.002430916399
164803	0.004889194262
164804	0.009322027789
164805	0.002186560177
164806	0.005893885909
164807	0.007104056393
164808	0.002053037023
164809	0.004131402708
164810	0.006564062052
164811	0.006580925094
164812	0.0141866792
164813	0.008016677415
164814	0.003732653737
164815	0.002480378784
164816	0.007670914943
164817	0.007028275996
164818	0.001448899295
164819	0.01124716815
164820	0.01338198468
164821	0.01423627729
164822	0.005222212006
164823	0.001570201344
164824	0.0006891751318
164825	0.008380969092
164826	0.006084414028
164827	0.004344668263
164828	0.005802520009
164829	0.001809293106
164830	0.002717975798
164831	0.0005653851074
164832	0.004865136446
164833	0.004828724198
164834	0.003621723497
164835	0.003921731257
164836	0.001360459837
164837	0.005056978749
164838	0.001740325399
164839	0.002047303149
164840	0.001315698484
164841	0.00473442512
164842	0.001274257734
164843	0.00171723698
164844	0.006997092125
164845	0.004645343596
164846	0.0015676587
164847	0.0009859327074
164848	0.0003423547426
164849	0.0004705550738
164850	0.001606409194
164851	0.0008824551005
164852	7.35228509e-05
164853	0.001092123825
164854	0.0002018351204
164855	0.002975873484
164856	0.007388156747
164857	0.01011501888
164858	0.01110604443
164859	0.002938512736
164860	0.008941595296
164861	0.0135984286
164862	0.008773427943
164863	0.003309717898
164864	0.0003976767296
164865	0.007597429888
164866	0.002309109217
164867	0.002995754728
164868	0.0007085767777
164869	0.001506620442
164870	0.0007266069757
164871	0.001536181703
164872	0.0006361583096
164873	0.0004887343981
164874	0.001493626933
164875	0.001501738591
164876	0.01201932662
164877	0.003804642749
164878	0.007349671509
164879	0.01112652167
164880	0.003705535873
164881	0.002376873705
164882	0.005120253498
164883	0.00423221209
164884	0.007291073857
164885	0.001730974739
164886	0.005905156988
164887	0.008150231435
164888	0.01100780875
164889	0.008620046821
164890	0.002272164965
164891	0.003022956378
164892	0.001570629599
164893	0.001817014052
164894	0.005299124231
164895	0.007086038058
164896	0.003524987149
164897	0.000611522187
164898	0.002905070961
164899	0.004279331223
164900	0.007380236711
164901	0.003353427654
164902	0.0100425512
164903	0.002553835955
164904	0.001619500476
164905	0.002764247182
164906	0.004692908585
164907	0.0005344670091
164908	0.004101761645
164909	0.01292255244
164910	0.005815377299
164911	0.00283221946
164912	0.002449648188
164913	0.0007644579177
164914	0.001346524283
164915	0.001775469045
164916	0.00434247523
164917	0.001490133939
164918	0.0005311620731
164919	0.01346007796
164920	0.008470881874
164921	0.003384499364
164922	0.005382286116
164923	0.009450410867
164924	0.01479640455
164925	0.002414826038
164926	0.01086536841
164927	0.01052431342
164928	0.01466655686
164929	0.01313169448
164930	0.006854748912
164931	0.01292704414
164932	0.01426701657
164933	0.0001336940891
164934	0.004012654863
164935	0.01194946467
164936	0.001345506016
164937	0.0001350237189
164938	0.01305181196
164939	0.003500303321
164940	0.01198936559
164941	0.0009384345075
164942	0.01218722947
164943	0.007386628875
164944	0.002223809038
164945	0.003807523277
164946	0.009918077881
164947	0.001174703318
164948	0.0008630871518
164949	0.001430456654
164950	0.008638963479
164951	0.01667510712
164952	0.002079213475
164953	0.001640326637
164954	0.005258468411
164955	0.002678422747
164956	0.004895229222
164957	0.002245853634
164958	0.002339759507
164959	0.0006422816862
164960	0.002105035136
164961	0.00594754668
164962	0.004000712658
164963	0.000398247322
164964	0.001580939928
164965	0.0008636451579
164966	0.001993327188
164967	0.0002459310681
164968	0.0004410303023
164969	0.001095857131
164970	0.009290018466
164971	0.009016997208
164972	0.0003586941184
164973	0.003827535165
164974	0.009339953746
164975	0.003929746698
164976	0.002452336551
164977	0.0002631072897
164978	0.0005412458658
164979	0.001639488537
164980	0.001901677292
164981	0.002565696754
164982	0.001621801861
164983	0.001088241917
164984	0.0003948168698
164985	0.002602245469
164986	0.0006745928655
164987	0.002329950915
164988	0.001752058781
164989	0.001355674282
164990	0.0004038938523
164991	0.001225778564
164992	0.0001455549883
164993	0.002612517158
164994	0.0004034123549
164995	0.002326464976
164996	0.00573262917
164997	0.001277076351
164998	0.01302575835
164999	0.008920717738
165000	0.0004081489434
165001	0.008984745446
165002	0.005099575124
165003	0.01177390722
165004	0.002142028766
165005	0.002471531187
165006	0.001811051868
165007	0.007868929792
165008	0.006833690704
165009	5.626753485e-05
165010	0.009948899401
165011	0.002840366998
165012	0.001803507681
165013	0.000846354475
165014	0.0009043741918
165015	0.004284236598
165016	0.002217171414
165017	0.006071775994
165018	0
165019	0.0009245830584
165020	0.0006447159391
165021	0.007015733474
165022	0.002604200936
165023	0.006188740214
165024	0.004023579098
165025	0.001150451864
165026	0.0004230117348
165027	0.002419036047
165028	0.01288511559
165029	0.006758183088
165030	0.005157412592
165031	0.003136576507
165032	0.003195593971
165033	0.006287133079
165034	0.001747470866
165035	8.527026182e-05
165036	0.0004480259612
165037	0.004903162589
165038	0.0006162904824
165039	0.002575330105
165040	0.006557543032
165041	0.01010913685
165042	0.01673742759
165043	0.001541415576
165044	0.006970757477
165045	0.008924621261
165046	0.002721485419
165047	0.005742079936
165048	0.01272328903
165049	0.002600716355
165050	0.007947227988
165051	0.002717790464
165052	0.01078358911
165053	0.008952190278
165054	0.003346935305
165055	0.001219486472
165056	0.007932289736
165057	0.005316101546
165058	0.005297741469
165059	0.004363974896
165060	0.004269499616
165061	0.0008496437504
165062	0.001995485297
165063	0.002859148248
165064	0.006407191093
165065	0.004157635899
165066	0.004108512577
165067	0.001139606866
165068	0.005267333926
165069	0.01334529367
165070	0.01036705941
165071	0.001988204692
165072	0.001085911501
165073	0.01298096579
165074	0.0005411291794
165075	0.006964492414
165076	0.007529695581
165077	0.008208795989
165078	0.01629156439
165079	3.274715918e-08
165080	0.002424927616
165081	0.006143431969
165082	0.0009007761786
165083	4.66257722e-05
165084	0.01637888995
165085	0.008196887003
165086	0.005106686283
165087	0.005862892971
165088	0.005160855644
165089	0.007280273021
165090	0.0002210293971
165091	0.006008974401
165092	0.002100363803
165093	0.00144792891
165094	0.003395804054
165095	0.0006933605548
165096	0.0008369624678
165097	0.002168917388
165098	0.001759777502
165099	7.833253165e-05
165100	0.0008181002142
165101	0.0001311825567
165102	0.0003438704628
165103	0.0002998084432
165104	0.002656303548
165105	9.066272222e-05
165106	0.0006002033331
165107	0.001674972516
165108	0.00212242725
165109	0.000421740693
165110	0.001876288883
165111	0.00260475452
165112	0.00100374684
165113	0.002283925755
165114	0.004591602482
165115	0.006956905131
165116	0.0009402333851
165117	0.01788520097
165118	0.002379090071
165119	0.004379513493
165120	0.008168424449
165121	0.007232301765
165122	0.00714093022
165123	0.01285629892
165124	0.00729843797
165125	0.005147119043
165126	0.002711279348
165127	0.0001485957464
165128	0.004709229735
165129	0.002241710577
165130	0.003119896411
165131	0.007110899297
165132	0.001939906434
165133	0.001591570842
165134	0.008515845933
165135	0.004478867417
165136	0.003039496027
165137	0.0018947932
165138	0.00102432284
165139	0.001634198169
165140	0.000799142254
165141	0.002337959345
165142	0.002183870513
165143	0.0007006901978
165144	3.678670892e-05
165145	0.0005771131995
165146	0.0002315463922
165147	0.00133335461
165148	0.003091669269
165149	0.004558780692
165150	0.002001078574
165151	0.0003226251891
165152	0.001103277379
165153	0.00623553979
165154	0.0008625671464
165155	0.0006679148195
165156	0.005753100838
165157	0.0002971960794
165158	0.005529200341
165159	0.0039214319
165160	0.002286475656
165161	0.004321207139
165162	0.001038051198
165163	0.01118942109
165164	0.003534041186
165165	0.004303852107
165166	0.002489247459
165167	0.01770572401
165168	0.004214019595
165169	0.005420505024
165170	0.003823692656
165171	0.005944739951
165172	0.004116624127
165173	0.005613697739
165174	0.003894244029
165175	0.01202508979
165176	0.005439879637
165177	0.01248045592
165178	0.005500719527
165179	0.002628264151
165180	0.01104628081
165181	0.01055569205
165182	0.001883353654
165183	0.002752083453
165184	0.005033820193
165185	0.001400211033
165186	0.003823699461
165187	0.006809761972
165188	0.001224590418
165189	0.006789231848
165190	0.002036267336
165191	0.006582586511
165192	0.006301367944
165193	0.006608982811
165194	0.00443436116
165195	0.0009390014475
165196	0.002596281679
165197	0.007065462837
165198	0.003337787969
165199	0.006287503183
165200	0.001810700686
165201	0.008936470188
165202	0.01180698773
165203	0.01137233125
165204	0.008223988376
165205	0.006112660304
165206	0.00340645741
165207	0.0004784281329
165208	0.001719461848
165209	0.0004469019016
165210	0.0003189104825
165211	0.002363047318
165212	0.002602921689
165213	0.0006093170293
165214	0.002194205516
165215	0.0004298772809
165216	0.001929540283
165217	0.002213630892
165218	0.00510848678
165219	0.004841540507
165220	0.00255930855
165221	0.008081299724
165222	0.01056136044
165223	0.002120624051
165224	0.008119401821
165225	0.000114207278
165226	0.003286959787
165227	0.008811757073
165228	0.001190509697
165229	0.003328206873
165230	0.0005409577443
165231	0.003399970838
165232	0.0002443107926
165233	0.0003278034676
165234	0.002862473532
165235	0.0006768690706
165236	0.005837261186
165237	0.001264312244
165238	0.006815921493
165239	0.00361778347
165240	0.0002251266178
165241	0.002452704058
165242	0.0002609544388
165243	0.007671316943
165244	0.0002557264279
165245	0.000832453303
165246	0.0004856044116
165247	0.004783887634
165248	0.007380966224
165249	0.001902531803
165250	0.0004227392137
165251	0.001391907198
165252	0.006408345582
165253	0.002000883651
165254	0.002488897107
165255	0.007561581785
165256	0.001690460244
165257	0.002134382822
165258	0.0002792653119
165259	0.0140467485
165260	0.003020131876
165261	0.01522476483
165262	0.002241790578
165263	0.003804890433
165264	0.00712743746
165265	0.009739040594
165266	0.001692560076
165267	0.0002128472792
165268	0.001089282615
165269	0.001028537159
165270	0.0007398307404
165271	0.001037731255
165272	0.0004285957027
165273	0.002183906827
165274	0.001765900287
165275	0.0005369806314
165276	0.0006560447743
165277	0.003536912769
165278	0.0008220863321
165279	0.004989788352
165280	0.002637077507
165281	0.001017801874
165282	0.001345643734
165283	0.0006916789741
165284	9.766820317e-05
165285	0.002097752247
165286	0.004162616251
165287	0.0019524764
165288	0.004976815181
165289	0.003806251079
165290	0.0002491980918
165291	0.002000264955
165292	0.0008776898471
165293	0.003817775952
165294	0.00966103739
165295	0.0123285061
165296	0.009895331943
165297	0.004130060946
165298	0.01227631016
165299	0.0005287913313
165300	6.769964304e-05
165301	0.00191616308
165302	0.001725750135
165303	0.009336145056
165304	0.00277918277
165305	0.0005770413263
165306	0.003544331365
165307	0.006457750552
165308	0.001396192467
165309	0.004629067057
165310	0.004211222654
165311	0.002048884789
165312	0.001211607867
165313	0.004898816463
165314	0.002439549756
165315	0.001548862623
165316	0.00287143615
165317	0.003228479196
165318	0.0008623352669
165319	0.00401573777
165320	0.0001244347255
165321	0.005379013219
165322	0.003453432115
165323	0.01244975101
165324	0.003117400418
165325	0.004709678454
165326	0.01568143339
165327	0.001410588046
165328	0.005397433207
165329	0.001988967322
165330	0.009075123075
165331	0.0104571971
165332	0.01669066846
165333	0.0001266217749
165334	0.001988528387
165335	9.7864431e-05
165336	0.009314321514
165337	0.01226616455
165338	0.008654257969
165339	0.003655466183
165340	0.001348178016
165341	0.0012855077
165342	0.0002210196745
165343	0.002857793699
165344	0.001432206984
165345	0.002290034196
165346	0.001654619524
165347	0.006009520329
165348	0.006765858501
165349	0.002626517674
165350	0.006400665794
165351	0.003754694874
165352	0.007519955279
165353	0.005002262555
165354	0.002472037185
165355	0.006349136792
165356	0.001148613324
165357	0.008451748362
165358	0.00347072846
165359	0.002892987705
165360	0.001825338386
165361	0.001710355891
165362	0.002371490163
165363	0.002938331318
165364	0.00293188512
165365	0.001622339123
165366	0.001041638455
165367	0.0003375803483
165368	0.01092134573
165369	0.001967101407
165370	0.004724068002
165371	0.003869773805
165372	0.01179175617
165373	0.0003962188783
165374	0.01383203554
165375	0.00056509908
165376	0.001481441193
165377	0.0002061461869
165378	0.002289115211
165379	0.001580514338
165380	0.007976666536
165381	0.001798895219
165382	0.01174430336
165383	0.0007914294246
165384	0.02119022028
165385	0.01434042323
165386	0.001020755613
165387	0.01104429757
165388	0.00126927133
165389	0.01517567506
165390	0.001522381824
165391	0.002879561104
165392	0.0005361057516
165393	0.00195197033
165394	0.001054282169
165395	0.0008981768043
165396	0.00225697758
165397	0.007683715946
165398	0.009337343031
165399	0.01283912201
165400	0.004458048095
165401	0.001225356608
165402	0.00528744425
165403	0.004952602499
165404	0.00353358547
165405	0.01168413113
165406	0.005873941991
165407	0.009476274281
165408	0.009691900764
165409	0.002855722302
165410	0.004395105256
165411	0.00453265137
165412	0.007123980871
165413	0.01484895038
165414	0.0160172975
165415	0
165416	0.01202315928
165417	0.007307936667
165418	0.0113703517
165419	0.001061382748
165420	0.01033148264
165421	0.0109578713
165422	0.003825358698
165423	0.01199406327
165424	0.001235854597
165425	0.001421978997
165426	0.01213566688
165427	0.002564450715
165428	0.002306526479
165429	0.00398264733
165430	0.005828553641
165431	0.008074655652
165432	0.006567508508
165433	0.001533502969
165434	0.003963838249
165435	0.001492122833
165436	0.003840155146
165437	0.008512731959
165438	0.005948813474
165439	0.001209485625
165440	0.009584694493
165441	0.001943090003
165442	0.003613356095
165443	0.00807974264
165444	0.001186291572
165445	0.01173848344
165446	0.01442407145
165447	0.007376860323
165448	0.00860652152
165449	0.008885215867
165450	0.003322021594
165451	0.0007917644744
165452	0.0004739150439
165453	0.008892045126
165454	0.009146991752
165455	0.009388105667
165456	0.009045773791
165457	0.005880098045
165458	0.006643133432
165459	0.00275278301
165460	0.001433378621
165461	0.005299487341
165462	0.01563735406
165463	0.0008857369407
165464	0.006958237431
165465	0.008123921976
165466	0.01415325733
165467	0.007791695222
165468	0.01733495462
165469	0.008421104361
165470	0.008361018489
165471	0.007342027032
165472	0.004021232635
165473	0.006432552471
165474	0.006782337461
165475	0.00022744135
165476	0.0002527260374
165477	0.01322653687
165478	0.004503857171
165479	0.0004063304606
165480	0.0009488496415
165481	0.001921314205
165482	0.003685155881
165483	0.004346663191
165484	0.001404954113
165485	0.004599428208
165486	0.001966300425
165487	0.007019295303
165488	0.008797219397
165489	0.005038836061
165490	0.009242529971
165491	5.639993586e-05
165492	0.003368463965
165493	0.006766181501
165494	0.004369397723
165495	0.005128565337
165496	0.008141517272
165497	0.005394677474
165498	0.0008644518196
165499	0.001153018769
165500	0.0001730676244
165501	0.009313312867
165502	0.01019613346
165503	0.002503814826
165504	0.006614426465
165505	0.0009531488396
165506	0.003136506012
165507	0.007635403205
165508	0.01000071239
165509	0.0127592876
165510	0.001195272648
165511	0.002890726408
165512	0.003038035905
165513	0.009257458231
165514	0.006114926705
165515	0.0005259272817
165516	0.008739387533
165517	0.008812837854
165518	0.007492901434
165519	0.001208837727
165520	0.007361170103
165521	0.004665951199
165522	0.005727277616
165523	0.0009843232645
165524	0.002221058588
165525	0.007992234161
165526	0.009464756442
165527	0.009533994931
165528	0.004631217237
165529	0.003944633919
165530	0.01209716355
165531	0.001144136066
165532	0.0008722072424
165533	0.004519469699
165534	0.006070244378
165535	0.003372364433
165536	0.005652124646
165537	0.005300516717
165538	0.005702828474
165539	0.005689861923
165540	0.00267373336
165541	0.01006185576
165542	0.004054468647
165543	0.009887507765
165544	0.006957237496
165545	0.008149038438
165546	0.003452057157
165547	0.000983031392
165548	0.01352472444
165549	0.003241805465
165550	0.0004909425603
165551	0.002590962418
165552	0.002541380304
165553	0.008674921027
165554	0.002576839066
165555	0.001127810672
165556	0.001638924024
165557	0.004961448335
165558	0.005941540927
165559	0.003080104981
165560	0.002181265245
165561	0.004933933932
165562	0.009800655857
165563	0.001183652451
165564	0.002446067633
165565	0.0158200264
165566	0.001309980715
165567	0.00207577007
165568	0.01867847963
165569	0.006118585295
165570	0.0004126622032
165571	0.003238611291
165572	0.007129748779
165573	0.01722955804
165574	0.001244439053
165575	0.003414379159
165576	0.01279243082
165577	0.003348680319
165578	0.001134882285
165579	0.001394927327
165580	0.0007289817737
165581	0.01726097246
165582	0.01296270627
165583	0.01642291997
165584	0.0002353144058
165585	0.005107925893
165586	0.003512957747
165587	8.609701528e-05
165588	0.01344289826
165589	0.01275179502
165590	0.01666650289
165591	0.002372996242
165592	0.001341065448
165593	0.008789933228
165594	0.001520169593
165595	0.008298038141
165596	0.01520499565
165597	0.02224299252
165598	0.003505709631
165599	0.0001813399272
165600	0.005348013319
165601	0.001584118626
165602	0.00735477256
165603	0.005576537948
165604	0.01144850386
165605	0.006451662175
165606	0.0162242656
165607	0.0007674310314
165608	0.007226099247
165609	0.002536626778
165610	0.0120670846
165611	0.01176209897
165612	0.01460506408
165613	0.003052972374
165614	0.007911425456
165615	0.01673578215
165616	0.001091369428
165617	0.01557866749
165618	0.01600860938
165619	0.01926785412
165620	0.01691385931
165621	0.01657707722
165622	0.00111649003
165623	0.001069186083
165624	0.01453204904
165625	0.01115290944
165626	0.01388105492
165627	0.001482052733
165628	0.01668033185
165629	0.01239508734
165630	0.006484931188
165631	0.004296290907
165632	0.004233616559
165633	0.0006227472923
165634	0.003723109728
165635	0.005507128268
165636	0.008453242689
165637	0.003136300307
165638	0.004703901907
165639	0.002456589034
165640	0.001826267186
165641	0.002027072209
165642	0.004873392462
165643	0.005185376975
165644	0.0009949473089
165645	0.003338554856
165646	0.0002997445103
165647	0.0008958281849
165648	0.0009977686366
165649	0.001902605957
165650	1.084231948e-05
165651	0.001897088842
165652	0.004299002811
165653	0.002213644554
165654	0.0009768815766
165655	0.001275612253
165656	0.000356544068
165657	0.0007660893166
165658	0.001299570064
165659	0.003566895269
165660	0.001348209394
165661	0.00330633977
165662	0.001532352583
165663	0.001662680377
165664	0.0009180398099
165665	0.0001083596506
165666	0.0008262925877
165667	0.0003464275612
165668	0.002145241145
165669	0.0008483756035
165670	0.005249786878
165671	0.00262812699
165672	0.003791084379
165673	0.002212480352
165674	0.002910576306
165675	0.003686574016
165676	0.001203691746
165677	0.002292053404
165678	0.002009549927
165679	0.00111181304
165680	0.001304335612
165681	0.004570401461
165682	0.002928597442
165683	0.003903629438
165684	0.002616882775
165685	0.0005612559656
165686	0
165687	0.00521300801
165688	0.00126229494
165689	0.0008609232093
165690	0.0007359587463
165691	0.00178297075
165692	0.001341239699
165693	1.365145193e-06
165694	0.001820163267
165695	0.00157075842
165696	0.002340372579
165697	0.000450065864
165698	0.0006012041831
165699	0.00122181581
165700	0.001456042205
165701	0.002577877283
165702	0.002456177961
165703	0.001892103642
165704	0.00143640259
165705	0.001214764149
165706	0.001289282349
165707	0.002170371259
165708	0.0004961388994
165709	0.0002520633145
165710	1.698122546e-06
165711	1.642861674e-06
165712	0.000231793593
165713	0.000619672553
165714	0.0003634138336
165715	0.0005159739799
165716	0.0006179334901
165717	2.120635061e-07
165718	0.0002273256244
165719	0.0001328666004
165720	0.0001018688833
165721	0.0004850274571
165722	0.00500836854
165723	0.009730540137
165724	0.01208983042
165725	0.007944196315
165726	0.003232633984
165727	0.01128626923
165728	0.008123855749
165729	0.001084773268
165730	0.006379206917
165731	0.0118803528
165732	0.001975557213
165733	0.0002250453328
165734	0.01678536392
165735	0.005375403349
165736	0.00396995019
165737	0.01028189579
165738	0.000987830233
165739	0.0018226239
165740	0.00288499385
165741	0.01755613448
165742	0.01339982148
165743	0.001581428772
165744	0.001830501008
165745	0.01267702437
165746	0.00032614918
165747	0.005967537555
165748	0.00641023444
165749	0.002534398129
165750	0.01140596346
165751	0.009274561224
165752	0.004736340718
165753	0.01178570473
165754	0.001942751771
165755	0.0008165428767
165756	0.01928621408
165757	0.005543771906
165758	0.007493281224
165759	0.0003863297961
165760	0.005735312568
165761	0.009031998258
165762	0.007469806174
165763	0.005118346403
165764	0.01981476382
165765	0.004025813122
165766	0.00682144168
165767	0.008900517951
165768	0.002657619457
165769	0.009824610841
165770	0.01340600321
165771	0.001146101297
165772	0.0009341580013
165773	0.01317734553
165774	0.008804403097
165775	0.0002613190029
165776	0.01196027726
165777	0.007477910466
165778	0.007332834469
165779	0.004179979144
165780	0.003860591685
165781	0.008959164861
165782	0.003149092557
165783	0.00826286926
165784	0.004023395106
165785	0.005725449326
165786	0.009332287317
165787	0.0134214489
165788	0.01115898681
165789	0.005149241579
165790	0.005945912349
165791	0.002342854124
165792	0.00556001377
165793	0.003631969569
165794	0.01328953615
165795	0.002726259747
165796	0.00261421004
165797	0.006766412987
165798	0.007623470213
165799	0.002054720131
165800	0.009907466121
165801	0.009181836389
165802	0.0003648982411
165803	0.006327121746
165804	0.009912282522
165805	0.00307874578
165806	0.01085538413
165807	0.01790127075
165808	0.00616649494
165809	0.01058740963
165810	0.007622335271
165811	0.01348158068
165812	0.01393635013
165813	0.002527553754
165814	0.003095769848
165815	0.002043674264
165816	0.006657230284
165817	0.001776068465
165818	0.009231940916
165819	4.125182201e-05
165820	0.01058517206
165821	0.007782644145
165822	0.006854773934
165823	6.168391135e-05
165824	0.01059210858
165825	0.005196610384
165826	0.009775447613
165827	0.003718602911
165828	0.000861309476
165829	0.002535454176
165830	0.01281723499
165831	0.007085464066
165832	1.46406151e-05
165833	0.01044272035
165834	0.0143457359
165835	0.007654936484
165836	4.795055588e-05
165837	0.004459295822
165838	0.006763109539
165839	0.009387632413
165840	0.008394822652
165841	0.006749080762
165842	0.003158811825
165843	0.001712314107
165844	0.008523602977
165845	0.005208178467
165846	0.005337882645
165847	0.0009813559872
165848	0.006985433635
165849	0.01105552296
165850	0.006724557458
165851	0.0003799621694
165852	0.009721973868
165853	0.00485216189
165854	0.001627843774
165855	0.009987322631
165856	0.009298092672
165857	0.0003582180415
165858	0.01232741504
165859	0.01227969105
165860	0.003763022161
165861	0.000577527848
165862	0.00362612181
165863	0.0123295783
165864	0.0007733846685
165865	0.009908659412
165866	0.008560463637
165867	0.006018916051
165868	0.001392457488
165869	0.009246403378
165870	0.006916499976
165871	0.003566427675
165872	0.0008294476159
165873	0.007348461539
165874	0.01010659379
165875	0.01067156952
165876	0.003820552756
165877	0.0008435668743
165878	0.003604133205
165879	0.001420892641
165880	0.002883502491
165881	0.005819269365
165882	0.01274375038
165883	0.002486762601
165884	0.001431581992
165885	4.884856133e-05
165886	0.0102275745
165887	0.00526193623
165888	0.001927493288
165889	0.00938667176
165890	0.00986548625
165891	0.00941530758
165892	0.001020179414
165893	0.01140704073
165894	0.01308873873
165895	0.001206878059
165896	0.004710674248
165897	0.001509394211
165898	0.004765781904
165899	0.006676295492
165900	0.01019622243
165901	0.005636623321
165902	0.003278836073
165903	0.00475158914
165904	0.01827240827
165905	0.00706947053
165906	0.01313090654
165907	0.009080370575
165908	0.001919445478
165909	0.0098015749
165910	0.004506550673
165911	0.0009669729047
165912	0.009503688071
165913	0.005018084431
165914	0.002002505345
165915	0.00816340073
165916	0.008375491083
165917	0.001915548116
165918	0.002264608802
165919	0.0003871899452
165920	0.006933889213
165921	0.001377073174
165922	0.006855824891
165923	0.0007399922846
165924	0.002773191378
165925	0.0004928195922
165926	0.007720026387
165927	0.009991519249
165928	0.004394924981
165929	0.003309385652
165930	0.0004439045925
165931	0.001927933233
165932	0.0007929570249
165933	0.007609031941
165934	0.008945985159
165935	0.005789258693
165936	0.005155981124
165937	0.01407381811
165938	0.002195300977
165939	0.005299338762
165940	0.01064048915
165941	0.008305224744
165942	0.005667910175
165943	0.003653784595
165944	0.007470396385
165945	0.004521586604
165946	0.004557557678
165947	0.01271961308
165948	0.002181678466
165949	0.001407616237
165950	0.009385637314
165951	0.0103960891
165952	0.01055683611
165953	0.0006684664735
165954	0.009392887428
165955	0.00730625501
165956	0.00239244782
165957	0.008300816997
165958	0.0007905386865
165959	0.00270028945
165960	0.01034129483
165961	0.003304313744
165962	0.008582440941
165963	0.001229494676
165964	0.007654955942
165965	0.002511604854
165966	0.001546276316
165967	0.005211237793
165968	0.008185796414
165969	0.007993475265
165970	0.001198556774
165971	0.002479275643
165972	0.002584222292
165973	0.0001732831127
165974	0.002273959622
165975	0.005607552383
165976	0.004500038347
165977	0.002253808468
165978	0.003952807112
165979	0.0119911748
165980	0.005332029574
165981	0.009445640998
165982	0.0108629116
165983	0.001085641786
165984	0.009381306814
165985	0.00261877255
165986	0.00141525604
165987	0.000430324299
165988	0.005153257069
165989	0.0072416735
165990	0.01142586293
165991	8.354993872e-05
165992	0.001665750741
165993	0.01288791898
165994	0.003537372705
165995	0.0211308288
165996	0.002554529177
165997	0.001745017886
165998	0.001266669055
165999	0.005420784656
166000	0.00924475462
166001	0.005990973641
166002	0.0001014496642
166003	0.00256900013
166004	0.007456705228
166005	0.002793681318
166006	0.005214878556
166007	0.001193445851
166008	0.006661418437
166009	0.005641094343
166010	0.009998613699
166011	0.007187821924
166012	0.01515399313
166013	0.004561505752
166014	0.004104243221
166015	0.01116224266
166016	0.00598719609
166017	0.009176482322
166018	0.002389058269
166019	0.001596404506
166020	0.0009761045128
166021	0.0007540254839
166022	0.002595609169
166023	0.009848597632
166024	0.003978775851
166025	0.0009446780145
166026	0.004466655846
166027	0.0117464378
166028	0.01805978414
166029	0.00364028675
166030	0.0007380443695
166031	0.01383440007
166032	0.009604819613
166033	0.00449215426
166034	0.00991111363
166035	0.005143590535
166036	0.006395747159
166037	0.001408546286
166038	0.0009070898442
166039	0.0004214667055
166040	0.007146306268
166041	0.006289509307
166042	0.007083031642
166043	0.005035350015
166044	0.007868207055
166045	0.01376180938
166046	0.001951430452
166047	0.007928379452
166048	0.01108032479
166049	0.01175614316
166050	0.005149490573
166051	0.002963935371
166052	0.01446534586
166053	8.523599746e-05
166054	0.001251486165
166055	0.0009506336082
166056	0.0008396680672
166057	0.005436631628
166058	0.002061509676
166059	0.004997475474
166060	0.00877936053
166061	0.005858984292
166062	0.003041151103
166063	0.007521303727
166064	0.00178482812
166065	0.010403505
166066	0.01278065222
166067	0.01161032907
166068	0.006683617013
166069	0.004654399337
166070	0.009332601477
166071	0.003120464853
166072	0.00234930367
166073	0.006808010801
166074	0.0009411917911
166075	0.004231385827
166076	0.005057782089
166077	0.006645886485
166078	0.001914394602
166079	0.005310021494
166080	0.002135496643
166081	0.002956685278
166082	0.003807752234
166083	0.001014520289
166084	0.003533004669
166085	0.0005458260689
166086	0.004809653342
166087	0.00156779583
166088	0.004042256869
166089	0.0003624704256
166090	0.001834716751
166091	0.00233406764
166092	0.00452792072
166093	0.002060404324
166094	0.00358967906
166095	0.003659761296
166096	0.0004543925827
166097	0.001572865597
166098	0.0003527807677
166099	0.0004043213156
166100	0.0003434337641
166101	0.004994029487
166102	0.004158139124
166103	0.002116142674
166104	0.0002394809267
166105	0.003744875924
166106	0.0006211198835
166107	0.001186050325
166108	0.003928977365
166109	0.0003967771986
166110	0.002313123446
166111	0.002815539607
166112	0.0008537212909
166113	0.0001855293266
166114	0.004145766082
166115	0.001390070326
166116	0.00579133099
166117	0.00107565858
166118	0.002236259013
166119	9.934833063e-05
166120	0.002038755737
166121	0.0007361056404
166122	0.002428999355
166123	0.00212555935
166124	0.0006528150794
166125	0.002046944185
166126	0.006639540768
166127	0.01247469402
166128	0.01988936217
166129	0.00434834627
166130	0.007292997201
166131	0.0007422107143
166132	0.013161721
166133	0.001587476341
166134	0.008865679127
166135	0.004780955016
166136	0.02206532749
166137	0.02306998444
166138	0.02084086274
166139	0.001354881181
166140	0.002503258231
166141	0.01713488138
166142	0.01862570605
166143	0.004018506237
166144	0.01711790085
166145	0.00723230149
166146	0.008783528728
166147	0.01036305945
166148	0.003126683751
166149	0.003174491072
166150	0.01797843073
166151	0.0005186399886
166152	0.004682101529
166153	0.01604539946
166154	0.002067002179
166155	0.01167929003
166156	0.006787406313
166157	0
166158	0.01388175934
166159	0.01173820032
166160	0.01337181873
166161	0
166162	0.001451174363
166163	0.01022829823
166164	0.005528512895
166165	0.003428037243
166166	0.00242560379
166167	0.006166410133
166168	0.009797883608
166169	0.01019386357
166170	0.0001048861988
166171	0.001663215521
166172	0.001047081628
166173	0.003706622322
166174	0.02061429938
166175	0.01565489379
166176	0.01057717171
166177	0.0100505613
166178	0.002208518364
166179	0.001078159318
166180	0.01448778665
166181	0.01488375351
166182	0.006410981093
166183	0.01815597374
166184	0.01482014332
166185	0.0195694555
166186	0.009147927807
166187	0.008186339956
166188	0.002217300936
166189	0.01792073517
166190	0.0002988816968
166191	0.0192975707
166192	0.01311525852
166193	0.007125667803
166194	0.02071320646
166195	0.0006078596736
166196	0.008558853649
166197	0.009402061376
166198	0.003000393722
166199	0.01505689226
166200	0.004952920804
166201	0.001021884749
166202	0.02093300333
166203	0.01121779969
166204	0.01810989651
166205	0.02672084149
166206	0.002866860161
166207	0.01893326218
166208	0.01472702136
166209	0.007551141977
166210	0.01772380295
166211	0.0009396166729
166212	0.01884600611
166213	0.0151325461
166214	0.003572214985
166215	0.0008030936247
166216	0.006547545791
166217	0.002234134569
166218	0.000719174098
166219	0.0005551094733
166220	0.00435958446
166221	0.0004854689424
166222	0.001940474663
166223	0.00190257598
166224	0.002333925841
166225	0.004774546824
166226	0.003438750892
166227	0.0015650602
166228	0.003457216239
166229	0.001315275318
166230	0.007975862173
166231	0.002910109486
166232	0.001356554115
166233	0.006193135888
166234	0.002737118653
166235	0.0003078992024
166236	0.001173937862
166237	0.00264193973
166238	0.006150488559
166239	0.002570443771
166240	3.179452505e-07
166241	0.0004778606149
166242	0.001466908984
166243	0.001203665045
166244	0.001251317701
166245	0.004874247499
166246	0.004138257118
166247	0.002275233123
166248	0.001532792802
166249	0.0006003040224
166250	0.001762033096
166251	0.001857569959
166252	0.0006759967041
166253	0.001249663939
166254	0.004080090194
166255	0.01200653635
166256	0.01359424218
166257	0.001714190305
166258	0.00505602948
166259	0.007743546669
166260	0.006120987297
166261	0.006219872269
166262	0.008430774307
166263	0.0007450924385
166264	0.009151502944
166265	0.009038098364
166266	0.009159857976
166267	0.002742257152
166268	0.003773746836
166269	0.001264795753
166270	0.001624363887
166271	0.007056597759
166272	0.009376700334
166273	0.006558193177
166274	0.01304110861
166275	0.003593785561
166276	0.007038741882
166277	0.005475768086
166278	0.002865300401
166279	0.006109092676
166280	0.004878653181
166281	0.01081446938
166282	0.002844293345
166283	0.008818097427
166284	0.006762903096
166285	0.005049357826
166286	0.002779122966
166287	0.001932341708
166288	0.003883646913
166289	0.002171441007
166290	0.003540384791
166291	0.002692294731
166292	0.01549050998
166293	0.0001636070874
166294	0.0006370443295
166295	0.001164701521
166296	0.006962278619
166297	0.006776988892
166298	0.01299522924
166299	0.004561720218
166300	0.004816665459
166301	0.0115538991
166302	0.0009821138071
166303	0.003489173032
166304	0.00574220142
166305	0.001546061962
166306	0.002826113389
166307	0.001421011641
166308	0.001757613226
166309	0.002506464675
166310	0.001906992857
166311	0.01810932758
166312	0.005695208557
166313	0.008940438081
166314	0.01046865844
166315	0.008778522549
166316	0.002146065351
166317	0.02027986502
166318	0.01696690528
166319	0.006457283836
166320	0.006648227433
166321	0.00409671466
166322	0.015470448
166323	0.01061800352
166324	0.01632327551
166325	0.0108222108
166326	0.01028778227
166327	0.006483913566
166328	6.372064241e-05
166329	0.0116426195
166330	0.01176748868
166331	0.001126043469
166332	0.005478806817
166333	0.01587332505
166334	0.01006197594
166335	0.01242445595
166336	0.02015456078
166337	0.00389811475
166338	0.00454877119
166339	0.003440815319
166340	0.0001742727538
166341	0.009286041207
166342	0.004613368582
166343	0.003923054248
166344	0.01629431279
166345	0.008253026776
166346	0.01522320983
166347	0.01150231437
166348	0.00279086925
166349	0.002925670819
166350	0.001126424694
166351	0.004295564369
166352	0.008895981401
166353	0.001759371893
166354	0.002084514974
166355	0.02034408618
166356	0.01820747348
166357	0.01782340831
166358	0.005397109205
166359	0.004422880458
166360	0.006977978724
166361	0.006503617714
166362	0.01221451865
166363	0.01702426738
166364	0.01050763403
166365	0.004068304478
166366	0.0138750251
166367	0.003300127606
166368	0.01605908061
166369	0.0158850126
166370	0.01327034496
166371	0.003317585536
166372	0.01604158968
166373	0.00977909316
166374	0.01311625809
166375	0.01496759365
166376	0.001244555832
166377	0.002959045312
166378	0.01800421378
166379	0.01309869925
166380	0.0005540486905
166381	0.005245421059
166382	0.009406362215
166383	0.005474751227
166384	0.01381744055
166385	0.0004281309271
166386	0.01909387324
166387	0.0153915441
166388	0.01868931529
166389	0.007559745572
166390	0.01700795162
166391	0.01082555391
166392	0.0009524007271
166393	0.02015549623
166394	0.00602992554
166395	0.006745794674
166396	0.01167774889
166397	0.007102041252
166398	0.008098541513
166399	0.008392133818
166400	0.002191228939
166401	0.004164900073
166402	0.007075309287
166403	0.001818418791
166404	0.00126741444
166405	0.001755103914
166406	0.00315498631
166407	0.009503252186
166408	0.0003537921567
166409	0.003905005735
166410	0.01080175157
166411	0.00662710346
166412	0.008841462868
166413	0.01085865044
166414	0.002224953074
166415	0.001515106692
166416	0.009112574874
166417	0.0003292485486
166418	0.01220147747
166419	0.01503746528
166420	0.000778758198
166421	0.003056430871
166422	0.008853539527
166423	0.001553585956
166424	0.004808020906
166425	0.006406904065
166426	0.003978202897
166427	0.007474637136
166428	0.005328072073
166429	0.004674456774
166430	0.007997366733
166431	0.002428000944
166432	0.001568212171
166433	0.003254902242
166434	0.007888222667
166435	0.0004531801687
166436	0.0005124867065
166437	0.007052783505
166438	0.001725063965
166439	0.007797539326
166440	0.001679584305
166441	0.002721721277
166442	0.006639776426
166443	0.0006514622337
166444	0.00294129383
166445	0.001729894435
166446	0.003446988052
166447	0.001321361515
166448	0.0005762954016
166449	5.318978122e-05
166450	0.0005170939687
166451	0.004202217075
166452	0.00878098397
166453	0.007880292181
166454	0.002567762216
166455	0.0007010853584
166456	0.003678810396
166457	0.001987210755
166458	0.0005873720547
166459	0.00311856303
166460	0.003985562262
166461	0.004140216702
166462	0.005173885486
166463	0.002434508497
166464	0.0009068605703
166465	0.00655793008
166466	0.004225161665
166467	0.003156956838
166468	0.0005969530632
166469	0.0009740306377
166470	0.002692219219
166471	0.005567205624
166472	0.0007753053478
166473	0.004491066922
166474	0.0007851215743
166475	0.005222696024
166476	0.001559262394
166477	0.003224139103
166478	0.0004129338125
166479	0.00215949132
166480	0.001599766632
166481	0.003163827555
166482	0.0004492551968
166483	0.0001286652151
166484	0.000754613411
166485	0.003478508297
166486	0.004122346014
166487	0.001294316547
166488	0.0008084331732
166489	0.001399771384
166490	0.004136015161
166491	0.007064826533
166492	0.002264893422
166493	0.001193003728
166494	0.003020843575
166495	0.003667987571
166496	0.001009820118
166497	0.005086175485
166498	0.00141923235
166499	0.00458083881
166500	0.004200849362
166501	0.004579870306
166502	0.002037304632
166503	0.001632041869
166504	0.001121817323
166505	9.109281702e-05
166506	0.004270984609
166507	0.01078404272
166508	0.000538096312
166509	0.004399694358
166510	0.006367229416
166511	0.003170902669
166512	0.0006079616391
166513	0.002805089249
166514	0.00430655101
166515	0.008666389906
166516	0.0009253932582
166517	0.001490193505
166518	0.005292172401
166519	0.003346696058
166520	0.003079223913
166521	0.001312493995
166522	0.01111603916
166523	0.01051667644
166524	0.00715284157
166525	0.005499527685
166526	0.001448471317
166527	0.002001886647
166528	0.005628144685
166529	0.009199496585
166530	0.00276094477
166531	0.002609397786
166532	0.01065247171
166533	0.01070779512
166534	0.0004772086651
166535	0.001339593871
166536	0.01765238452
166537	0.005057523495
166538	0.002590391338
166539	0.0089128861
166540	0.007695861158
166541	0.0004329050934
166542	0.000992191473
166543	0.001951603572
166544	0.003459954702
166545	0.004994126683
166546	0.002411573827
166547	0.004620054016
166548	0.006124469106
166549	0.00345838154
166550	0.003094728471
166551	0.01049627971
166552	0.01539081351
166553	0.0008835396535
166554	0.009330103875
166555	0.008065467012
166556	0.01248363784
166557	0.004715981545
166558	0.01323667067
166559	0.00754013328
166560	0.01557457538
166561	0.01481243601
166562	0.0096968926
166563	0.003806256555
166564	0.01161744491
166565	0
166566	0.009638799726
166567	0.004884921446
166568	0.01106594201
166569	0.01586551856
166570	0.0005922895183
166571	0.005914187536
166572	0.002144223103
166573	0.006974675979
166574	0.0147057333
166575	0.01422274218
166576	0.003737579375
166577	0.005604522079
166578	0.002632578043
166579	0.006879812755
166580	0.0007544153731
166581	0.004405763523
166582	0.002905931258
166583	0.002849571976
166584	0.01876247331
166585	0.003854309012
166586	0.009317734058
166587	0.002663828383
166588	0.0001265742453
166589	0.004597187795
166590	0.004730380372
166591	0.00136383464
166592	0.005059236331
166593	0.00645885944
166594	0.002098032563
166595	0.0002835306584
166596	0.001860764579
166597	0.01127833716
166598	0.004762605481
166599	0.004814975907
166600	0.001729682042
166601	0.002609854172
166602	0.009723235086
166603	0.0008922058147
166604	0.008932780773
166605	7.30004478e-05
166606	0.0003606747094
166607	0.003082409567
166608	0.005792596554
166609	0.004310237021
166610	0.002374372357
166611	0.001042920798
166612	0.01015989329
166613	0.01076117857
166614	0.003202285321
166615	0.007331420309
166616	0.01021887381
166617	0.001455578729
166618	0.007514298222
166619	0.003804960237
166620	0.00167026826
166621	0.0006937005092
166622	0.003719994405
166623	0.00530610615
166624	0.00254878512
166625	0.001054207296
166626	0.005891482429
166627	0.004966988443
166628	0.002283729782
166629	0.001864673927
166630	0.00105196554
166631	0.01337649022
166632	0.001531429514
166633	0.003572064168
166634	0.0006992291523
166635	0.0005383493497
166636	0.003507048303
166637	0.005499334243
166638	0.00371367151
166639	0.000867450399
166640	0.0007349878515
166641	0.006363041963
166642	0.00553745361
166643	0.005915761786
166644	0.0007786959868
166645	0.00298517934
166646	0.001490887605
166647	0.0003681178462
166648	0.0008809382653
166649	0.01426508424
166650	0.006398840167
166651	0.0005007198272
166652	0.01047697961
166653	0.007415430953
166654	0.00104142175
166655	0.007715135949
166656	0.01181654451
166657	0.006773076908
166658	0.008373432699
166659	0.0002643376835
166660	0.01013149517
166661	1.310066297e-07
166662	0.000472570654
166663	0.003032507418
166664	0.01398084999
166665	0.00700744858
166666	0.000854439644
166667	0.0004261683699
166668	0.0006849225925
166669	0.0003525898401
166670	0.000955472428
166671	0.001061474491
166672	0.0009911351646
166673	0.0007567915094
166674	0.0006336513062
166675	0.0002750745021
166676	0.0008219518354
166677	0.0008635007406
166678	2.923372474e-05
166679	0.0008211965299
166680	0.001361773675
166681	0.000770120491
166682	0.004052941127
166683	0.002032386593
166684	0.001545581139
166685	0.0006766726825
166686	0.0002962527216
166687	0.0009625320912
166688	0.01426750618
166689	0.0005199860643
166690	0.001785997736
166691	0.0003408611466
166692	0.001133844352
166693	0.001454822274
166694	0.0005498890645
166695	0.0006673640522
166696	0.001547824355
166697	0.001992481826
166698	0.001390588062
166699	0.001020842543
166700	0.000783768998
166701	0.006060252597
166702	0.0001343633409
166703	0.001366817923
166704	0.0014973541
166705	0.002204610724
166706	0.0006879211995
166707	0.0001208847656
166708	0.0001048824803
166709	0.001726159423
166710	0.000822695756
166711	0.001013534172
166712	0.001200708115
166713	0.0009155553012
166714	0.0003141172743
166715	4.406123486e-05
166716	0.0001064782463
166717	0.002346133812
166718	0.001379749122
166719	0.0006096592087
166720	0.0006422571323
166721	0.003463651962
166722	0.008611905069
166723	0.001661195637
166724	0.00163049694
166725	0.0001257751926
166726	0.006078423805
166727	0.006381441276
166728	0.00877893664
166729	0.005752755057
166730	0.002720875068
166731	0.003659793107
166732	9.185825975e-06
166733	0.001593980873
166734	0.00099872033
166735	0.005126344354
166736	0.001307320093
166737	0.01032157859
166738	0.004142956591
166739	0.008922152879
166740	0.0101765906
166741	0.001511745743
166742	0.01151297321
166743	0.003263102497
166744	0.00831005041
166745	0.010286893
166746	0.001408465001
166747	0.007809560057
166748	0.0009697787255
166749	0.001777545703
166750	0.002059004579
166751	0.00728599718
166752	0.00134971822
166753	0.01176512526
166754	0.01010860077
166755	0.002038319834
166756	0.006073631304
166757	0.0002795416333
166758	0.001230022239
166759	0.001686840144
166760	0.002103473296
166761	0.007470580988
166762	0.008004298742
166763	0.01075939059
166764	0.006130367693
166765	0.002505224494
166766	0.0007444327082
166767	0.002231476133
166768	5.159473074e-05
166769	0.007144727949
166770	0.004365454605
166771	0.002453144177
166772	0.003435906342
166773	0.002492995954
166774	0.008594299075
166775	0.001508695248
166776	0.006099325117
166777	0.003009667335
166778	0.003841994627
166779	0.002071542964
166780	0.0100458978
166781	0.009724398807
166782	0.0004694511058
166783	0.001823162103
166784	0.01301551883
166785	0.007083780167
166786	0.001149774951
166787	2.869087119e-05
166788	0.004409353958
166789	0.0003516978019
166790	8.160358512e-05
166791	0.01310170437
166792	0.001637848716
166793	0.003012674516
166794	0.001201156822
166795	0.002165243472
166796	0.00685223837
166797	0.002490490856
166798	0.0008174169623
166799	0.007633043319
166800	0.006979737475
166801	0.00709237587
166802	0.00403078607
166803	0.01097566854
166804	0.005053408308
166805	0.004069971177
166806	0.007572776138
166807	0.003002198288
166808	0.01621517347
166809	0.002022100844
166810	0.003999074016
166811	0.005816763198
166812	0.01442243132
166813	0.002240221569
166814	0.00921947821
166815	0.00534291928
166816	0.002262155087
166817	0.0006612252639
166818	0.0004124569943
166819	0.003293272003
166820	0.01032228798
166821	0.001528302947
166822	0.003822408271
166823	0.002537868063
166824	0.002156876596
166825	0.001051655222
166826	0.001047876937
166827	0.008087135649
166828	0.006977980742
166829	0.001779604403
166830	0.00440766551
166831	0.005389450631
166832	0.006944288723
166833	0.00246342083
166834	0.01752394272
166835	0.0002979261483
166836	0.009537028306
166837	0.01405523409
166838	0.01661858269
166839	0.006882608243
166840	0.006326905949
166841	0.002493040517
166842	0.005422759949
166843	0.00826960182
166844	0.003260850067
166845	0.01482229672
166846	0.002579828559
166847	0.000902103521
166848	0.0004781254149
166849	0.003727000383
166850	0.005539493205
166851	0.004892516409
166852	0.004532396951
166853	0.003159304195
166854	0.01590714564
166855	0.007095770708
166856	0.005444147278
166857	0.000926584728
166858	0.007979692828
166859	0.001918204822
166860	0.003717518842
166861	0.004683506802
166862	0.001638783982
166863	0.009314872881
166864	0.01397590357
166865	0.002059252334
166866	0.0006780667501
166867	0.0265382791
166868	0.007940662329
166869	0.003805946705
166870	0.00861980648
166871	0.0051005501
166872	0.002170263377
166873	0.001520837248
166874	0.009083677222
166875	0.008076601043
166876	0.003426700794
166877	0.004587696124
166878	0.001142181441
166879	0.008379390721
166880	0.003970771227
166881	0.001535820852
166882	0.0005723554797
166883	0.005288936086
166884	0.0003240336786
166885	0.009208589367
166886	0.008135251841
166887	0.003707639221
166888	0.0007896514077
166889	0.002881648248
166890	0.001306613066
166891	0.002512065002
166892	0.01308286553
166893	0.00337941715
166894	0.004722577263
166895	0.0009153899122
166896	0.0001465225851
166897	0.004405433739
166898	0.018368964
166899	0.01450427337
166900	0.0003531315936
166901	0.00185052102
166902	0.0004200038403
166903	0.003800304979
166904	0.003750605807
166905	0.001443370439
166906	0.0118673707
166907	0.007713632988
166908	0.005488811633
166909	0.002030642675
166910	0.004066053597
166911	0.002599843473
166912	0.006155929213
166913	0.001121766588
166914	0.002570128516
166915	0.006534029518
166916	0.01083950956
166917	0.006428829915
166918	0.005418163208
166919	0.001213471268
166920	0.007964450806
166921	0.009235791527
166922	0.002095374626
166923	0.003946815341
166924	0.005066716737
166925	0.006950296741
166926	0.001622588668
166927	0.001514958892
166928	0.005577155037
166929	0.001227894505
166930	0.005886562805
166931	0.01163347211
166932	0.001624198135
166933	0.006737004459
166934	0.002343853475
166935	0.001449675138
166936	0.006305015005
166937	0.001085823595
166938	0.001028818092
166939	0.002318784449
166940	0.01566545117
166941	0.01152651718
166942	0.0009764890413
166943	0.001508294282
166944	0.003092631212
166945	0.001573908956
166946	0.001408199982
166947	0.002412807223
166948	0.007577454784
166949	0.005927505049
166950	0.00330318749
166951	0.002534398655
166952	0.007367666116
166953	0.01078922983
166954	0.002564659051
166955	0.004003037559
166956	0.005352607598
166957	0.005733680005
166958	0.008161673576
166959	0.007107793294
166960	0.01091122903
166961	0.01134038146
166962	0.0001596735095
166963	0.008399874722
166964	0.01761895982
166965	0.008225748419
166966	0.0104555344
166967	0.005705687667
166968	0.004553889921
166969	0.0001900113751
166970	0.01482300247
166971	0.006304423016
166972	0.001468715313
166973	0.0004948077787
166974	0.008745733402
166975	0.01570417244
166976	0.003803148762
166977	0.002298275897
166978	0.0003902413422
166979	0.003086841551
166980	0.01801981216
166981	0.006054884399
166982	0.006639743528
166983	0.008437016087
166984	0.0002983976874
166985	0.004051008171
166986	0.003109850391
166987	0.01503891839
166988	0.007217773493
166989	0.0007347705318
166990	0.005897471219
166991	0.01223211589
166992	0.004941700906
166993	0.00213621921
166994	0.006765166208
166995	0.008007714944
166996	0.01049469025
166997	0.0002760180611
166998	0.0004074272907
166999	0.001644245279
167000	0.008547550783
167001	0.006757262739
167002	0.01297807887
167003	0.001348844048
167004	0.003966163788
167005	0.01573034714
167006	0.01283616531
167007	0.001638210437
167008	0.007731074125
167009	0.003146317696
167010	0.006928461073
167011	0.004088849277
167012	0.004185899938
167013	0.01431626381
167014	0.0006843803861
167015	0.003913654347
167016	0.004024949396
167017	0.004770168819
167018	0.003252410713
167019	0.003982073379
167020	0.00574378782
167021	0.006743456028
167022	0.004671687807
167023	0.01551642471
167024	0.006130506549
167025	0.003804077232
167026	0.008832782784
167027	0.00688808494
167028	0.01627511918
167029	0.007655580717
167030	0.002141262459
167031	0.00343538285
167032	0.008776751785
167033	0.004182759244
167034	0.004683003508
167035	0.000586324437
167036	0.00380032382
167037	0.002661732313
167038	0.01506659162
167039	0.003476687817
167040	0.03205050285
167041	0.01028419562
167042	0.001064726907
167043	0.01669772134
167044	0.008871282694
167045	0.008521707154
167046	0.0002612403565
167047	0.005951829719
167048	0.0002428182977
167049	0.01957659273
167050	0.0002372848548
167051	0.0007967593333
167052	0.00679445705
167053	0.01400866003
167054	0.01781175276
167055	0.001083044
167056	0.002241941955
167057	0.00385042343
167058	0.001204788748
167059	0.0180803469
167060	0.000365539054
167061	0.008233427027
167062	0.001941876644
167063	0.01007571817
167064	0.01389739917
167065	0.0001883388776
167066	0.001333940172
167067	0.004082752245
167068	0.0004934185793
167069	0.00743936364
167070	0.004945521821
167071	0.002284036868
167072	0.004001965148
167073	0.003373335076
167074	0.0007801211198
167075	0.00689466549
167076	0.00335723052
167077	0.008463469797
167078	0.002182971632
167079	0.01283771979
167080	0.003413017956
167081	0.01538346722
167082	0.003898567727
167083	0.008078115429
167084	0.006304913484
167085	0.0003692633239
167086	0.0002705702095
167087	0.003304329986
167088	0.004960408952
167089	0.002466946533
167090	0.01649818334
167091	0.00408117654
167092	0.007281678162
167093	0.006089935008
167094	0.006591961393
167095	0.005237015197
167096	0.007228365634
167097	0.007520883359
167098	0.01073236214
167099	0.005987834988
167100	0.0003383220632
167101	0.004822677578
167102	0.001331060524
167103	0.000611865385
167104	0.0126508415
167105	0.00513978052
167106	0.002899013363
167107	0.005490323823
167108	0.00140651465
167109	0.0003314722283
167110	0.001206207507
167111	0.003690719242
167112	0.01033801526
167113	0.003349430505
167114	0.006173022594
167115	0.009709543681
167116	0.00606004281
167117	0.000259995075
167118	0.00506931563
167119	0.007314227878
167120	0.002520888224
167121	0.01949001838
167122	0.01005003301
167123	0.006464526341
167124	0.0042233531
167125	0.005004489055
167126	0.0004165532402
167127	0.004458843054
167128	0.01205745113
167129	0.0001655838196
167130	0.009820937973
167131	0.001703398661
167132	0.005557695777
167133	0.002742688912
167134	0.0009811351342
167135	0.00118318588
167136	0.001602229197
167137	0.0001175814634
167138	0.001460135774
167139	0.001892119253
167140	0.001577124983
167141	0.004180037487
167142	0.004157692039
167143	0.002510483266
167144	6.953162178e-05
167145	0.004290516471
167146	0.003643997729
167147	0.003210698334
167148	0.002620763166
167149	0.0008336975847
167150	0.001516319204
167151	0.002567200085
167152	0.001538182255
167153	0.0039948399
167154	0.0003481600325
167155	0.002070113539
167156	0.007122762502
167157	0.000403007141
167158	0.002397601119
167159	0.01365470449
167160	2.200153966e-05
167161	0.009878071021
167162	0.008496316543
167163	0.005466154609
167164	0.007999600804
167165	0.003659263272
167166	0.009738786148
167167	0.0002191096984
167168	0.001720468975
167169	0.009375532824
167170	0.009786666396
167171	0.001184442925
167172	0.003551167228
167173	0.002824289602
167174	0.00211269522
167175	0.003511760706
167176	0.006968984349
167177	0.004805953302
167178	0.003733697992
167179	0.005939816512
167180	0.008460050735
167181	0.005318708172
167182	0.001600693208
167183	0.005821652191
167184	0.00239511402
167185	0.002906665586
167186	0.0004103220217
167187	0.006342479063
167188	0.00695809125
167189	0.002529198973
167190	0.001082331438
167191	0.005667797254
167192	0.005513788625
167193	0.01714448549
167194	0.003701020278
167195	0.001327219209
167196	0.001645276357
167197	0.002404769498
167198	0.002340833994
167199	0.0001648881857
167200	0.001113621755
167201	0.002158837198
167202	0.00264375003
167203	0.0006984892552
167204	0.003046855812
167205	0.005210606784
167206	0.02081020332
167207	0.002939207888
167208	7.057707322e-05
167209	0.00308409485
167210	0.001261297176
167211	0.003629191761
167212	0.005063548255
167213	0.009713259252
167214	0.005128752407
167215	0.01043292803
167216	0.002822614209
167217	0.0100784416
167218	0.002021847427
167219	0.01390672891
167220	0.002733046054
167221	0.00553994376
167222	0.01426580731
167223	0.0006514280855
167224	0.01051058629
167225	0.007005690109
167226	0.01227393466
167227	0.0114846689
167228	0.003067227193
167229	0.007937625067
167230	0.0007691155722
167231	0.000651758988
167232	0.001711950553
167233	0.003591864304
167234	0
167235	0.01315340951
167236	0.003488356193
167237	0.009956369458
167238	0.002148444216
167239	0.003912073336
167240	0.001166263736
167241	0.006123765271
167242	0.005367375143
167243	0.007213237688
167244	0.007364817269
167245	0.01084386301
167246	0.001985527155
167247	0.00180031478
167248	0.002755952917
167249	0.01120034278
167250	0.004422494251
167251	0.002211738481
167252	0.005646337501
167253	0.01176127542
167254	0.002319181355
167255	0.0004276191523
167256	0.009103019948
167257	0.005385495345
167258	0.003949364517
167259	0.009778342228
167260	0.005565857557
167261	0.0001631092811
167262	0.001352605561
167263	0.005814614244
167264	0.002027649131
167265	0.005166066913
167266	0.003516395182
167267	0.008682161684
167268	0.004215117052
167269	0.003486937291
167270	0.002827697161
167271	0.0005140100205
167272	0.008342017522
167273	0.004091577342
167274	0.008593427982
167275	0.009875603376
167276	0.002485826131
167277	0.005449817461
167278	0.003844791701
167279	0.008282097073
167280	0.004950923571
167281	0.009798148819
167282	0.00267652288
167283	0.001625011355
167284	0.002520846996
167285	0.001674372091
167286	0.001157043845
167287	0.0108861994
167288	0.01107690303
167289	0.003414654592
167290	0.002613754542
167291	0.007327379615
167292	0.01869493441
167293	0.002907785538
167294	0.0003857983486
167295	0.002006806814
167296	0.01703579718
167297	0.0001955770568
167298	0.008880345592
167299	0.000442098607
167300	0.00861294545
167301	0.00323888694
167302	0.01821585606
167303	0.002213641895
167304	0.00499017246
167305	0.002189529085
167306	0.003558742265
167307	0.001888267563
167308	0.001735158127
167309	0.001367721029
167310	0.006305293578
167311	0.0004807255258
167312	0.0005958905338
167313	0.001046899721
167314	0.00224954127
167315	0.002379227066
167316	0.002119700036
167317	0.0003738218577
167318	0.0002204404769
167319	0.001726426003
167320	0.003381482194
167321	0.008150045595
167322	0.002951283551
167323	0.004687324411
167324	0.002362254665
167325	0.001393079052
167326	0.0005381015411
167327	0.002010537999
167328	0.002831049719
167329	0.002601448546
167330	0.002339671113
167331	0.002562099679
167332	0.002314704029
167333	0.003181415535
167334	0.001142174282
167335	0.001632071406
167336	0.002776441128
167337	0.003772480655
167338	0.003053459698
167339	0.004621549487
167340	0.001648431525
167341	0.005827793439
167342	0.001987070025
167343	0.003342051755
167344	0.001004239657
167345	0.003257730341
167346	0.00302417201
167347	0.003092781002
167348	0.003049981443
167349	0.004639923907
167350	0.005826871288
167351	0.003405863801
167352	0.005708815376
167353	0.004603622067
167354	0.005151902239
167355	0.004638907421
167356	0.004265443002
167357	0.005563129059
167358	0.004951099047
167359	0.004545316072
167360	0.01064059166
167361	0.009591030002
167362	0.004033326253
167363	0.004078629692
167364	0.003087091006
167365	0.003900583574
167366	0.003825819016
167367	0.004280424449
167368	0.004289775362
167369	0.0037619457
167370	0.007290549159
167371	0.004196764173
167372	0.004932687801
167373	0.008887309428
167374	0.005886602423
167375	0.003523554004
167376	0.00446258353
167377	0.004907812934
167378	0.004193032126
167379	0.00541486256
167380	0.002769414162
167381	0.001744927218
167382	0.004754847426
167383	0.004055806476
167384	0.0007921059685
167385	0.00448435573
167386	0.004352845929
167387	0.004557563565
167388	0.007370396078
167389	0.005624389629
167390	0.005549089998
167391	0.002406464556
167392	0.004647421133
167393	0.003815159897
167394	0.004504775859
167395	0.004667017991
167396	0.0001158064117
167397	0.003222350578
167398	0.00421819533
167399	0.005644307135
167400	0.004725454803
167401	0.005309483677
167402	0.002094535591
167403	0.001466092496
167404	2.928525174e-05
167405	0.004494956625
167406	0.003691678958
167407	0.005343697024
167408	0.00395742804
167409	0.005796454667
167410	0.00484438736
167411	0.005352500027
167412	0.005177478593
167413	0.0001243240596
167414	0.007471669912
167415	0.005557638884
167416	0.004981818807
167417	0.001045559035
167418	0.002647086065
167419	0.002562679924
167420	0.006167755068
167421	0.003104620394
167422	0.003914815283
167423	0.003818388676
167424	0.0007344860385
167425	0.0004386900148
167426	0.0005696639299
167427	0.0009668012994
167428	0.0001046295971
167429	0.0006250761237
167430	0.001239453248
167431	0.002729527712
167432	0.0009927311889
167433	0.0009634127423
167434	0.0002065561264
167435	0.0001118090691
167436	0.0002606727918
167437	0.0004390931368
167438	0.0003664363096
167439	6.810845826e-06
167440	0.0008239250477
167441	0.0001031984218
167442	0.002566550032
167443	0.0004151194436
167444	0.007542299781
167445	0.001495328003
167446	0.0007951903279
167447	0.0003189022022
167448	0.0004971586466
167449	0.004145937406
167450	0.0008435050384
167451	0.002055554586
167452	9.619280445e-05
167453	0.0002341875062
167454	7.502989813e-05
167455	1.139640627e-05
167456	0.0002497814301
167457	0.000949851762
167458	0.001196069075
167459	0.001434269651
167460	0.0004446867949
167461	3.246170415e-05
167462	0.0004090086041
167463	0.000569152399
167464	0.00159413281
167465	0.0007379513844
167466	0.002430301253
167467	0.002815745675
167468	0.002593611272
167469	0.0007344416952
167470	0.001739878495
167471	0.00260150161
167472	0.0004747005402
167473	0.001084697325
167474	0.003028198092
167475	3.204620023e-05
167476	0.0004816303584
167477	0.001031992296
167478	0.0002087059898
167479	0.001633385445
167480	0.000928028688
167481	0.000573142416
167482	0.009373841101
167483	0.0006004738953
167484	0.0007590984551
167485	0.001351142995
167486	3.247032297e-05
167487	0.0001596580336
167488	0.0005235890459
167489	0.001654414694
167490	3.934366146e-05
167491	0.001289621325
167492	0.001523922605
167493	0.001300378794
167494	0.0002173773454
167495	0.001270145335
167496	0.00213135488
167497	0.002354732235
167498	0.001299808724
167499	0.00302395004
167500	0.003287329886
167501	0.001016419189
167502	0.0009300351813
167503	0.00144360273
167504	0.0009234575127
167505	0.001674579045
167506	0.0001915730036
167507	0.001293099639
167508	0.001354580037
167509	0.001153292216
167510	0.001781748591
167511	0.0002949695033
167512	0.004421930679
167513	0.001495355948
167514	0.001066150916
167515	9.18035716e-05
167516	0.0008183750895
167517	0.00173689024
167518	0.0003835356914
167519	0.0001871145585
167520	0.0006132226697
167521	0.001330420217
167522	0.002549439237
167523	0.007306327281
167524	0.002200795335
167525	0.001981222992
167526	0.001013930376
167527	0.002315321427
167528	8.819809733e-05
167529	0.002099333611
167530	0.002410990379
167531	0.00178473307
167532	0.001473696118
167533	0.001399815667
167534	0.00182419844
167535	0.002875823365
167536	0.003504572236
167537	0.0008795375723
167538	0.001577663862
167539	0.001647739774
167540	0.000790484958
167541	0.0006363442076
167542	0.001034855302
167543	0.001064714524
167544	0.0007443356127
167545	0.001987250947
167546	0.0006356828152
167547	0.001609312082
167548	0.007075804943
167549	0.002720358011
167550	0.001474657283
167551	0.0005864505322
167552	0.000398827749
167553	0.006814610736
167554	0.001108221526
167555	0.0001841630659
167556	0.001436508999
167557	0.000799429858
167558	0.000936778223
167559	0.0008468095325
167560	0.001554498423
167561	0.001060517462
167562	0.0005510654243
167563	0.0006772197698
167564	0.0003839848201
167565	0.006438653286
167566	0.001263822179
167567	0.002674458893
167568	0.001473815953
167569	0.0009438930272
167570	0.0003679264639
167571	0.002025428848
167572	0.0007596423196
167573	0.0007766862182
167574	0.001402146433
167575	0.0023400526
167576	0.0006946941294
167577	0.0006094896289
167578	0.002004601118
167579	0.0003172745192
167580	0.003382104399
167581	0.0009299518519
167582	0.0003706844207
167583	0.002434665784
167584	0.0007540378765
167585	0.002412919947
167586	0.004611073673
167587	0.002101204678
167588	0.001053736022
167589	1.504407971e-06
167590	0.001770496846
167591	0.0001366458708
167592	0.00321813148
167593	0.003002374575
167594	0.001119888479
167595	0.002720009871
167596	0.0001668951594
167597	0.0001133090958
167598	0.001469610698
167599	0.001370999113
167600	0.00286952879
167601	0.000765981064
167602	0.001606210802
167603	0.004142232702
167604	0.0009859277731
167605	5.780441319e-05
167606	0.005099729322
167607	0.001072542939
167608	0.001250696245
167609	0.0009973154825
167610	0.001567262315
167611	0.001563614445
167612	0.001167779929
167613	0.001458700111
167614	0.00123930507
167615	0.002311262797
167616	0.0003633230878
167617	0.005219874922
167618	0.002166556435
167619	0.003619094221
167620	0.00118750606
167621	0.0007609639366
167622	0.0009738564522
167623	0.0005242867721
167624	0.000762744018
167625	0.004515323778
167626	0.005079307095
167627	0.00337878661
167628	0.0008033369906
167629	0.000784788534
167630	0.0004533933939
167631	0.0008055383298
167632	0.004008009173
167633	0.002023562041
167634	0.002032707039
167635	0.0008374568603
167636	0.001439543693
167637	0.001083065461
167638	0.0001501446873
167639	0.002760950119
167640	0.003185530502
167641	0.0004421206152
167642	0.01011703102
167643	0.0006800019238
167644	0.002189323517
167645	0.003026610861
167646	0.005465205129
167647	0.00198414373
167648	0.005027750937
167649	0.0008263664799
167650	0.001084945761
167651	0.001291105755
167652	0.01330290606
167653	0.006364390604
167654	0.00283701196
167655	0.001431496037
167656	0.0007847220667
167657	0.0002985069015
167658	0.002541358576
167659	0.0004884570474
167660	0.00135787482
167661	0.003450567031
167662	0.002708028643
167663	0.007169373197
167664	0.001313941979
167665	0.002630999438
167666	0.003450426176
167667	0.005970477567
167668	0.00102610925
167669	0.001881955955
167670	0.00407081066
167671	0.002568638359
167672	0.0009471147245
167673	0.01121922615
167674	0.006715138922
167675	0.009039040018
167676	0.0007173441585
167677	0.0009707057465
167678	0.003056940245
167679	0.000686602897
167680	0.005980273588
167681	0.006610643324
167682	0.002543273849
167683	0.003628975449
167684	0.0005214934714
167685	0.000755289693
167686	0.009592512131
167687	0.002302143415
167688	0.002084964337
167689	0.006487645623
167690	0.003625167831
167691	0.001278610227
167692	0.0006464782654
167693	0.001087917552
167694	0.003548041433
167695	0.003139821998
167696	0.0006349679274
167697	0.005015812749
167698	0.002716085672
167699	0.001918005782
167700	9.061745301e-05
167701	0.006947366405
167702	0.007542574788
167703	0.00501779814
167704	0.005754441945
167705	0.004893481253
167706	0.001175307321
167707	0.0007442334526
167708	0.0004895196101
167709	0.0008328614118
167710	0.004504479379
167711	0.001283895048
167712	0.0008087637066
167713	0.002292242735
167714	0.005707116885
167715	0.0009627628991
167716	0.007226093481
167717	0.001878531705
167718	0.007338791291
167719	0.004193487725
167720	0.005327395622
167721	0.0008012890326
167722	3.799573641e-05
167723	0.000201348616
167724	0.007285731361
167725	0.002227989838
167726	0.0008101318523
167727	0.006533351732
167728	0.002210906233
167729	0.0004423653779
167730	0.004942772645
167731	0.0006527995443
167732	0.0005336439991
167733	0.0007493465449
167734	0.001068694414
167735	0.0005036578261
167736	0.002436054869
167737	0.003170428158
167738	0.0001065729158
167739	0.0002965931868
167740	0.006187174978
167741	0.00089007522
167742	0.002080934919
167743	0.001397316688
167744	0.0004107446881
167745	0.0001375707208
167746	0.002442227382
167747	0.0006789595428
167748	0.003664747129
167749	0.002883984771
167750	0.003120486046
167751	0.004403411932
167752	0.0003902932616
167753	0.0006447727539
167754	0.0004670174641
167755	0.0007980056141
167756	0.001931852667
167757	0.002100200363
167758	0.009151415997
167759	0.003439869105
167760	0.002682649494
167761	0.002795828267
167762	0.01015175788
167763	0.004114968557
167764	0.001246992624
167765	0.002906503245
167766	0.004352872155
167767	0.001626752661
167768	0.002500150522
167769	0.004688499428
167770	0.005402600254
167771	0.004535125686
167772	0.006599858053
167773	0.01629688075
167774	0.004938341362
167775	0.007416278668
167776	0.006153590815
167777	0.006027075837
167778	0.002734912985
167779	0.01458691093
167780	0.005804801541
167781	0.001794444999
167782	0.01055055313
167783	0.002206317727
167784	0.003747538213
167785	0.0005835324801
167786	0.005799987388
167787	0.006969368048
167788	0.004488176491
167789	0.003638704414
167790	0.01573559681
167791	0.00434467691
167792	0.009441778297
167793	0.003755215511
167794	0.008034357627
167795	0.001462976342
167796	0.005120544361
167797	0.007924785629
167798	0.002336052521
167799	0.002302866093
167800	0.004220937898
167801	0.002352893942
167802	0.00765653481
167803	0.009950032901
167804	0.008355135213
167805	0.002975408312
167806	0.001383491174
167807	0.005547125723
167808	0.004501732525
167809	0.006073659601
167810	0.008044685948
167811	0.009921312912
167812	0.003971596639
167813	0.002295467493
167814	0.005327307774
167815	0.00645081219
167816	0.002007396652
167817	0.004116788749
167818	0.008749629967
167819	0.000334466955
167820	0.001805230551
167821	0.00660219929
167822	0.001783181112
167823	0.01002812488
167824	0.003970232033
167825	0.001322509569
167826	0.008733591695
167827	0.0101258234
167828	0.003791676561
167829	0.007376457278
167830	0.003608369411
167831	0.001891374309
167832	0.001109847955
167833	0.003768068019
167834	0.007929080641
167835	0.008773402124
167836	0.001452577588
167837	0.0004489622438
167838	0.006139896742
167839	0.006215133513
167840	0.001151755427
167841	0.01138913025
167842	0.009331247797
167843	0.005385847569
167844	0.008657715478
167845	0.005882455145
167846	0.002469851098
167847	0.003182565806
167848	0.002852762815
167849	0.005666264066
167850	0.00371531651
167851	0.0009684240928
167852	0.006182282274
167853	0.01614437892
167854	0.01057390539
167855	0.001025203902
167856	0.006206945389
167857	0.005121122664
167858	0.009066561126
167859	0.01038456951
167860	0.008443618169
167861	0.002065927586
167862	0.0005241616762
167863	0.0001325428699
167864	0.002379770747
167865	0.009735862885
167866	0.01186932389
167867	0.002126050867
167868	0.009712366864
167869	0.002903735238
167870	0.00229014055
167871	7.649339963e-05
167872	0.0009295649835
167873	0.003813069525
167874	5.955464909e-05
167875	0.001250630366
167876	0.002243824725
167877	0.002142626371
167878	0.0002152019929
167879	0.006734374568
167880	0.01223096517
167881	0.002821969681
167882	0.009279177597
167883	0.004556134778
167884	0.001908220291
167885	0.001872649345
167886	0.00798370814
167887	9.336112294e-05
167888	0.00385223443
167889	0.007155230911
167890	0.001406562104
167891	0.009297490454
167892	0.005201203857
167893	0.001727600434
167894	0.0103950262
167895	0.006125387472
167896	0.007409955485
167897	0.01338643853
167898	0.008657707142
167899	0.0001680049759
167900	0.005370157896
167901	0.004244180506
167902	0.002686853569
167903	0.001831702918
167904	0.0003686397141
167905	0.0008785324258
167906	0.007329125023
167907	0.003073226847
167908	0.0003022099842
167909	0.0002050266211
167910	0.01106537517
167911	0.00142596337
167912	0.002796055801
167913	0.001753680932
167914	0.001196352484
167915	0.005822137366
167916	0.008797812468
167917	0.00182189267
167918	0.007287437317
167919	0.008746849037
167920	0.0003326707303
167921	0.009260116349
167922	0.001733117479
167923	0.001761790848
167924	0.002461299865
167925	0.005446485543
167926	0.003352897536
167927	0.0031421086
167928	0.0001472783365
167929	0.0002404622802
167930	0.005258847645
167931	0.009265330866
167932	0.001890914325
167933	0.005643291931
167934	0.002464335364
167935	0.01275788632
167936	0.00101865348
167937	0.008408667883
167938	0.005681048877
167939	0.001847507486
167940	0.0006405161208
167941	0.003997009244
167942	0.001597854927
167943	0.005685953695
167944	0.001878780575
167945	0.001376223083
167946	0.009597851817
167947	0.007066813948
167948	0.01933132577
167949	2.28366689e-05
167950	0.0004227694786
167951	9.312676406e-05
167952	0.0007299082035
167953	0.0005848736639
167954	0.002402010115
167955	0.001740327264
167956	0.003339204784
167957	0.002814395983
167958	0.008314410403
167959	0.0009059474739
167960	0.001516530243
167961	0.002620933341
167962	0.01037914835
167963	0.008583170301
167964	0.001624169098
167965	0.001633340653
167966	0.0007837965484
167967	0.002701724107
167968	0.006571036109
167969	0.002243110806
167970	0.003307321317
167971	0.0005856748502
167972	0.0009538502905
167973	0.00566047914
167974	0.001889786478
167975	0.01389071249
167976	0.001503009276
167977	0.0001729862955
167978	0.004119148046
167979	0.0002423717138
167980	0.007765077302
167981	0.004424827688
167982	0.000281310991
167983	0.01367788007
167984	0.003494938152
167985	0.007042709581
167986	0.001078487344
167987	0.005812377825
167988	0.0008049190512
167989	0.002953897715
167990	0.007769329564
167991	0.008598917014
167992	0.008023986655
167993	0.0006572137761
167994	0.003000292606
167995	0.004205202208
167996	0.005110233487
167997	0.002200070468
167998	0.00259117023
167999	0.00152061844
168000	0.0001103538571
168001	0.00694558911
168002	0.00224315608
168003	0.002492682108
168004	0.005657151393
168005	0.005115638623
168006	0.00301409637
168007	0.009090656688
168008	0.001326346827
168009	0.0008081483677
168010	0.003660218985
168011	9.912404015e-05
168012	0.003409847732
168013	0.0007220219462
168014	0.001278433945
168015	0.001018777435
168016	0.001619804252
168017	0.002816354704
168018	0.001540961077
168019	0.002471968997
168020	0.000637373409
168021	0.004910738517
168022	0.008360828216
168023	0.006396053674
168024	0.002790715477
168025	0.001663327571
168026	0.001710786615
168027	0.00133904908
168028	0.006037617434
168029	0.003679308657
168030	0.004186641669
168031	0.002207969071
168032	0.005245376461
168033	0.008239085161
168034	0.002711245445
168035	0.007098551916
168036	0.004271616569
168037	0.001140689221
168038	0.004703370233
168039	0.01041462407
168040	0.008399346767
168041	0.00371771862
168042	0.003564872457
168043	0.0002862300012
168044	0.008730543522
168045	0.0005305346735
168046	0.005210860986
168047	0.004805632484
168048	0.001592150468
168049	0.007394803237
168050	0.006261855758
168051	0.0007762844669
168052	0.0007956673775
168053	0.002848014357
168054	0.01559385436
168055	0.0008227147404
168056	4.514834934e-05
168057	0.005077237822
168058	0.0009052684234
168059	0.004123379536
168060	0.001107994161
168061	0.0004851952084
168062	0.005078918692
168063	0.01184528357
168064	0.005197133119
168065	0.006235409186
168066	0.006109339151
168067	0.00220867862
168068	2.609250017e-05
168069	0.0003114535208
168070	0.003891460411
168071	0.004209164886
168072	0.01283618435
168073	0.0009716978268
168074	0.0003208522707
168075	5.91800375e-05
168076	0.01147854408
168077	0.0006952443957
168078	5.876720758e-05
168079	0.003969595916
168080	0.0007835140944
168081	0.0006466830101
168082	0.004008922494
168083	0.000181990268
168084	0.001800708528
168085	0.001769861066
168086	0.006691648692
168087	0.002866969192
168088	0.005481297911
168089	0.01635092298
168090	0.007121540581
168091	0.0008146088243
168092	0.008013229359
168093	0.01517997395
168094	0.002660269763
168095	0.001310617731
168096	0.001205613671
168097	0.0001740079297
168098	0.005630255809
168099	0.02495156962
168100	0.001763198092
168101	0.001756670926
168102	0.009911953401
168103	0.001012793327
168104	0.008716474832
168105	0.002595547778
168106	0.0009898915711
168107	0.006243529074
168108	0.006198231197
168109	0.0008024705263
168110	0.005477669886
168111	0.001531378897
168112	0.003459504626
168113	0.001708004314
168114	0.008556853145
168115	0.004357419183
168116	7.686825255e-05
168117	0.00124485765
168118	0.005585599874
168119	0.0002846358291
168120	0.008881249648
168121	0.004352035146
168122	0.001763392598
168123	0.003732512691
168124	0.0004970592048
168125	0.001146088816
168126	0.004169846638
168127	0.002773105162
168128	0.01065030235
168129	0.005536028553
168130	0.001085466481
168131	0.004704343912
168132	0.0002458474737
168133	0.001486006608
168134	0.001388741814
168135	0.002573184806
168136	0.001959601436
168137	0.001178436407
168138	0.0006425101834
168139	0.00450456263
168140	0.003147579671
168141	0.009154043253
168142	0.001052521466
168143	0.002474768758
168144	0.001372676177
168145	0.001904959791
168146	0.0008532813779
168147	0.001512357118
168148	0.003616263521
168149	0.008832916116
168150	0.005690348164
168151	0.01078022715
168152	0.008507973188
168153	0.003372019496
168154	0.0004566407491
168155	0.006091004333
168156	0.006786515926
168157	0.0008366664346
168158	0.002203438182
168159	0.003720634058
168160	0.0004367136496
168161	0.001388162166
168162	0.004834667952
168163	0.001833200621
168164	0.001307796184
168165	0.00129501261
168166	0.0001881546055
168167	0.001689435627
168168	0.001256961292
168169	0.004980380218
168170	0.0005897792565
168171	0.003749490847
168172	0.005333654542
168173	0.003873224651
168174	0.008948362509
168175	0.004539025562
168176	0.002905607287
168177	0.0008148355115
168178	0.002475642922
168179	0.001620876493
168180	0.009358314741
168181	0.004442724218
168182	0.0229095212
168183	0.004991601793
168184	0.002985466556
168185	0.001371991005
168186	0.008187863003
168187	0.005774204803
168188	0.002243851693
168189	0.002165536495
168190	0.01002381137
168191	0.01484024168
168192	0.001617662872
168193	0.006710751699
168194	0.001654307734
168195	0.001121654548
168196	0.002543587788
168197	0.001364137655
168198	0.001708546667
168199	0.0001545688125
168200	0.0007494504882
168201	0.009692885474
168202	0.006237005242
168203	0.0006275776203
168204	0.004771263385
168205	0.005071085295
168206	0.00179628222
168207	0.001330606691
168208	0.01069476522
168209	0.001728469912
168210	0.004828463416
168211	0.000413851469
168212	0.002376499107
168213	0.006566237361
168214	0.00793398695
168215	0.002769855351
168216	0.0149422893
168217	0.002039539585
168218	0.000464996935
168219	0.003228056031
168220	0.002012836021
168221	0.003916792921
168222	0.01366245731
168223	0.005866856638
168224	0.002270551992
168225	0.004014870638
168226	0.01254456503
168227	0.001682089023
168228	0.005043299184
168229	0.007705954058
168230	0.005437577683
168231	0.004232340879
168232	0.001196979303
168233	0.00489915156
168234	0.003172916097
168235	0.003680513316
168236	0.0004350176636
168237	0.0001146069774
168238	0.01374615525
168239	0.009406263464
168240	0.004700081009
168241	0.005667438988
168242	0.001854265408
168243	0.00430149461
168244	0.01111448146
168245	0.009944327393
168246	0.00134824655
168247	0.004959853066
168248	0.005857576322
168249	0.002680585662
168250	0.002254558542
168251	0.01403324492
168252	0.003529407112
168253	0.004627932817
168254	0.003147144014
168255	0.0001276348736
168256	0.000672514865
168257	0.005175967397
168258	0.01011387283
168259	0.00508174096
168260	0.01158194383
168261	0.003984962531
168262	0.007868756381
168263	0.001110697745
168264	0.002648044095
168265	0.00857587522
168266	0.004840265844
168267	0.00580171902
168268	0.009750127651
168269	0.001825238278
168270	0.0134543092
168271	0.003758767138
168272	6.853567519e-05
168273	0.005621988303
168274	0.0006326416761
168275	0.005723190834
168276	0.002520976805
168277	0.0002125699272
168278	0.010601848
168279	0.005865005667
168280	0.004592076801
168281	0.004499262008
168282	0.01498224311
168283	0.00160793961
168284	0.002354497189
168285	0.003416303063
168286	0.002374878831
168287	0.0006160462008
168288	0.004605727593
168289	0.001303179359
168290	0.004664937404
168291	0.0009432522856
168292	0.0006762782834
168293	0.002636763493
168294	3.582777591e-05
168295	0.004890234348
168296	0.0006009067186
168297	0.00384241759
168298	0.005779121408
168299	7.890442008e-05
168300	0.0041909412
168301	0.001024751302
168302	0.005187711785
168303	0.007269604011
168304	0.0002640618489
168305	0.004997740261
168306	0.0008920355116
168307	0.006506359475
168308	0.01169091201
168309	0.00228909576
168310	0.005326173783
168311	0.0007317990528
168312	1.827431345e-06
168313	0.009328068124
168314	0.003979814649
168315	0.006989290763
168316	0.008907377415
168317	0.002295444681
168318	0.002677780143
168319	0.006694286908
168320	0.003157701766
168321	0.0005155122457
168322	0.001272744243
168323	0.009763712982
168324	0.002513121561
168325	0.001181980573
168326	0.006419471275
168327	0.002369950435
168328	0.001205454796
168329	0.002378327503
168330	0.001951735291
168331	0.01997981881
168332	0.002250251665
168333	0.001102645106
168334	0.008782441894
168335	0.01085589695
168336	0.00160786904
168337	0.003661366149
168338	0.002105214342
168339	0.007380698478
168340	0.0008759303781
168341	0.008834682152
168342	0.006782609891
168343	0.004771001845
168344	0.005218711324
168345	0.001269542821
168346	0.001110767023
168347	0.001783878657
168348	0.006685013787
168349	0.001406838637
168350	0.006485285458
168351	0.003208023392
168352	0.002612962439
168353	0.007498960811
168354	0.01141566028
168355	0.004952969607
168356	0.003665081813
168357	0.003789059262
168358	0.003760825388
168359	0.001731581729
168360	0.007153319991
168361	0.001928998528
168362	0.01002590497
168363	0.001340369918
168364	0.0005328110855
168365	0.005167724136
168366	0.008655884577
168367	0.0002429303031
168368	0.005360439558
168369	8.504294631e-05
168370	0.003818951125
168371	0.009198577982
168372	0.0003207820438
168373	0.01010239345
168374	0.002017090182
168375	0.005997463204
168376	0.0008254176015
168377	0.009342329957
168378	0.001435645956
168379	0.003053927959
168380	0.002539298103
168381	0.002185623671
168382	0.002441404531
168383	0.0004447200025
168384	0.009212857153
168385	0.002099567236
168386	0.005308923307
168387	0.003230561115
168388	0.005282596695
168389	0.002482304681
168390	0.004700274644
168391	0.002458570633
168392	0.006337999762
168393	0.002459387497
168394	0.001786716235
168395	0.00643259039
168396	0.002168648858
168397	0.003603154292
168398	0.002667455253
168399	0.003306842903
168400	0.00341303585
168401	0.002077076691
168402	0.0003821522342
168403	0.002875611237
168404	0.005280838418
168405	0.002062354151
168406	0.001759613345
168407	0.004004441559
168408	0.001633194533
168409	0.007260891714
168410	0.005068775983
168411	0.001807053596
168412	0.00394432463
168413	0.002378000451
168414	1.752645093e-05
168415	0.003569922322
168416	0.0007692471337
168417	0.00297675941
168418	0.001221871883
168419	0.0002041499866
168420	0.009172002907
168421	0.006932969211
168422	0.0003417509279
168423	0.003977577498
168424	0.00830150392
168425	0.007528698767
168426	0.005717245089
168427	0.005629261486
168428	0.0009043914353
168429	0.001878276705
168430	0.002037633702
168431	0.001102213788
168432	0.0009948667564
168433	0.005267704592
168434	0.002506311121
168435	0.003609749176
168436	0.001159025056
168437	0.0002921279395
168438	0.002438743058
168439	0.0005718623082
168440	0.001789006205
168441	0.003787859262
168442	0.004800889012
168443	0.001276692875
168444	0.001593054423
168445	0.008863651383
168446	0.01129981611
168447	0.003324063236
168448	0.009981027994
168449	0.008560226849
168450	0.01601938731
168451	0.002825812463
168452	0.004929312027
168453	0.001766820702
168454	0.007643362919
168455	0.001074165991
168456	0.002778481555
168457	0.004291147619
168458	0.0009298135732
168459	0.003599382226
168460	0.01708069586
168461	0.0004575432491
168462	0.005272730673
168463	0.007692380376
168464	0.01279115366
168465	0.001029866046
168466	0.002077237309
168467	0.005220666443
168468	0.002999936061
168469	0.00144778358
168470	0.000850831542
168471	0.008779375117
168472	0.01558249896
168473	0.01030896076
168474	0.004347053297
168475	0.0006763803507
168476	0.001345284182
168477	0.00210205911
168478	0.0003709346476
168479	0.001151805489
168480	0.0008864245387
168481	0.0007020633606
168482	0.005379567127
168483	0.0006645082572
168484	0.004075381336
168485	0.01390623145
168486	0.001301282143
168487	0.0002152636006
168488	0.001731089423
168489	0.002498236584
168490	0.002276585092
168491	0.00200333067
168492	0.002968253335
168493	0.003625385117
168494	0.001681030332
168495	0.0002627858522
168496	0.001497559043
168497	0.001053043187
168498	0.002628441289
168499	0.001816327176
168500	0.000409514202
168501	0.0005771585277
168502	0.000636731839
168503	0.004726788724
168504	0.01171087512
168505	0.006982989313
168506	0.00158058276
168507	0.00287388441
168508	0.009142919421
168509	0.000366527855
168510	0.002616355711
168511	0.000240559524
168512	0.01061088863
168513	0.003258817529
168514	0.00228382143
168515	0.003186263511
168516	0.003964487194
168517	0.008466905086
168518	0.000540493022
168519	0.001027215049
168520	0.003456734727
168521	0.00385010105
168522	0.002501713649
168523	0.001807089694
168524	3.53137238e-05
168525	0.002103552591
168526	0.004434769325
168527	2.393973237e-05
168528	0.009752391983
168529	0.001700779973
168530	0.0006167799982
168531	0.002146110147
168532	0.0006609111968
168533	0.0003758937376
168534	0.0008227671944
168535	0.0001071629611
168536	0.0004022279912
168537	0.000418829974
168538	0.002025303202
168539	0.001851798989
168540	0.0006251866021
168541	0.001540066942
168542	0.0002976772136
168543	0.001439083112
168544	2.180119508e-05
168545	0.000648875269
168546	0.002079347619
168547	8.37737163e-05
168548	0.001288895813
168549	0.0002882389064
168550	0.0005777719582
168551	9.133977332e-05
168552	0.0002737356584
168553	0.0006076622511
168554	8.342042898e-05
168555	0.0006169845881
168556	0.0002121340315
168557	0.0003899954891
168558	0.0003745005672
168559	0.004870110425
168560	0.0009682752698
168561	0.001876223019
168562	0.0003908472711
168563	0.001055371537
168564	3.119629189e-05
168565	0.0006643930465
168566	2.659339189e-05
168567	3.019413464e-05
168568	0.0002791045208
168569	0.002080820098
168570	2.317240274e-05
168571	0.001760975073
168572	0.001214904974
168573	0.0001869801597
168574	0.0001876001775
168575	6.783566652e-05
168576	0.0007616963323
168577	0.0003244067927
168578	0.01927538628
168579	0.005724087876
168580	0.004025357543
168581	0.01018423031
168582	0.01067328183
168583	0.004977215192
168584	0.009626449163
168585	0.0007434059374
168586	0.001615068806
168587	0.009277327346
168588	0.00660762315
168589	0.009403124746
168590	0.01704662919
168591	0.009399144894
168592	0.01273580678
168593	0.002888222105
168594	0.002301858564
168595	0.007066752063
168596	0.0002653915923
168597	0.007120616272
168598	0.01785393043
168599	0.0009021745593
168600	0.002122696438
168601	0.005984926713
168602	0.006789193355
168603	0.009241803592
168604	0.003952128925
168605	0.003839957093
168606	0.001365021845
168607	0.008847967197
168608	0.008471759995
168609	0.006558506681
168610	0.0005905931209
168611	0.006571903866
168612	0.008406062442
168613	0.0127362514
168614	0.003813964079
168615	0.001534590687
168616	0.004907642437
168617	0.004312022346
168618	0.003691225999
168619	0.00280421339
168620	0.006687667198
168621	0.006885721241
168622	0.0001385697189
168623	0.00131424573
168624	0.002492369648
168625	0.001277976182
168626	0.001273705786
168627	0.000789315654
168628	0.00267935785
168629	0.0005923240107
168630	0.001162567633
168631	0.002807436083
168632	0.005241907101
168633	0.001147392766
168634	0.004465746093
168635	0.004748882598
168636	0.00343680466
168637	9.779455373e-05
168638	0.0009506128208
168639	0.002328014894
168640	0.003547564764
168641	0.002026809458
168642	0.0005281609133
168643	0.0007768716158
168644	0.004569805214
168645	0.001281642527
168646	0.001985206788
168647	0.00106367347
168648	0.002596467577
168649	6.944342027e-05
168650	0.001056738929
168651	0.0004131308329
168652	0.0001208256867
168653	0.003154275699
168654	0.001434912832
168655	0.004360723188
168656	0.005583692489
168657	0.003465943485
168658	0.0007177135361
168659	0.0004413775076
168660	8.213615176e-05
168661	0.0008122576438
168662	0.003688364096
168663	0.00178219502
168664	0.001616702023
168665	0.003282775254
168666	0.0007556330857
168667	0.002901586626
168668	0.001744519381
168669	0.007282829428
168670	0.0007834592027
168671	0.00202752214
168672	0.0002109879975
168673	0.0001954259582
168674	0.004285513651
168675	0.0008651454331
168676	0.006695831644
168677	0.005173935156
168678	0.002406662428
168679	0.0002663305066
168680	0.0004033477767
168681	0.001581126201
168682	0.005425762949
168683	0.004076034963
168684	0.005146079794
168685	6.250546916e-05
168686	0.0001651925193
168687	0.0006124202712
168688	0.0003583875787
168689	0.004414165947
168690	0.0007708986734
168691	0.002102485958
168692	0.0009224313294
168693	0.001455593373
168694	0.004411031306
168695	7.788734486e-05
168696	0.002398804863
168697	0.001157930176
168698	0.005968291145
168699	0.008129295173
168700	0.002189842881
168701	0.005045060131
168702	0.00343576509
168703	0.001018582529
168704	0.0003047967514
168705	0.007899066303
168706	0.004068098758
168707	0.00163212849
168708	0.001705048416
168709	0.0008213225397
168710	0.006475146763
168711	0.002672446051
168712	0.0002804511639
168713	5.318667043e-05
168714	0.0007313390988
168715	0.002427104155
168716	0.004700534843
168717	0.00319867441
168718	0.008998004927
168719	0.002535568915
168720	0.0004416131425
168721	0.002570648914
168722	0.002853724762
168723	0.0001883668733
168724	0.002943898443
168725	0.0001053537479
168726	0.003000709852
168727	0.00166951202
168728	0.002179505229
168729	0.0006420944401
168730	0.0006430860677
168731	0.002101831261
168732	0.001029563399
168733	0.007703441902
168734	0.006113472931
168735	0.002077615949
168736	0.0004921297722
168737	0.003172764019
168738	0.002177838115
168739	0.003891895304
168740	0.003241233646
168741	0.002592318265
168742	0.003090029782
168743	0.001175384096
168744	0.001554490933
168745	0.003736572048
168746	5.960030722e-05
168747	8.757293154e-05
168748	0.007969683439
168749	0.004285289091
168750	0.008709436451
168751	0.0007566594879
168752	0.007637031671
168753	0.001467745866
168754	0.003456410215
168755	0.007016112062
168756	0.005923013937
168757	0.001203481971
168758	0.007770989434
168759	0.000707039757
168760	0.005583603077
168761	0.0003267497487
168762	0.007461717494
168763	0.005471972414
168764	0.0006129146374
168765	0.0132528238
168766	0.002446820711
168767	0.0001425912608
168768	0.001652159312
168769	0.0001528957229
168770	0.0002107778852
168771	0.004634619205
168772	0.002629806839
168773	0.006790157317
168774	0.008066330925
168775	0.001671582961
168776	0.008305351812
168777	0.008127106145
168778	0.01298716517
168779	0.004603251734
168780	0.006180064064
168781	0.005733717006
168782	0.003068720843
168783	0.004151894608
168784	0.002745269508
168785	0.001352256458
168786	0.01642938646
168787	0.01010421071
168788	0.0167835398
168789	0.007410528126
168790	0.0003860491522
168791	0.005848697752
168792	0.005122125313
168793	0.002317909886
168794	0.01309410823
168795	0.003776752721
168796	0.00860026857
168797	0.006474774932
168798	0.007859645664
168799	0.01592334231
168800	0.00532124099
168801	0
168802	0.004955696487
168803	0.005065456543
168804	0.01429742582
168805	0.005865425565
168806	0.01226384782
168807	0.002384133973
168808	0.01336467483
168809	0.004849128667
168810	0.003712310989
168811	0.008525945105
168812	7.859923008e-05
168813	0.004715413022
168814	0.00297203915
168815	0.0008536061112
168816	0.003487243133
168817	0.001292382962
168818	0.001490524372
168819	0.003475685092
168820	0.009698427195
168821	0.002716082181
168822	0.007960419331
168823	0.001264730866
168824	0.001155623637
168825	0.0007601762794
168826	0.02948753685
168827	0.001854430687
168828	0.002530209747
168829	0.002029724734
168830	0.002667256556
168831	0.00468844569
168832	0.003043474248
168833	0.01704684413
168834	0.004194113286
168835	0.004759179511
168836	0.00590609966
168837	0.001982142711
168838	0.004718456246
168839	0.01998187442
168840	0.002383414969
168841	0.002049881662
168842	0.001225288441
168843	0.003885296012
168844	0.002246304015
168845	0.008288918622
168846	0.0004731445593
168847	0.0008264601714
168848	0.001539012148
168849	0.004428769177
168850	0.007306121033
168851	0.007678928549
168852	0.01047177625
168853	0.01623584288
168854	0.0008039734986
168855	0.007778282237
168856	0.009944971571
168857	0.00033836158
168858	0.003911121671
168859	0.01026694514
168860	0.004392644985
168861	0.003492965308
168862	0.005852527612
168863	0.001987725663
168864	0.008531200086
168865	0.009435500819
168866	0.009306171411
168867	0.0008608528559
168868	0.002808372664
168869	0.00354835064
168870	0.009815319144
168871	0.01037791285
168872	0.006582393585
168873	0.00307396296
168874	0.01060204644
168875	0.0008260143697
168876	0.002247726826
168877	0.01249497613
168878	0.0007827752179
168879	0.006032170349
168880	0.005615155236
168881	0.001582021308
168882	0.00141833771
168883	0.00603634094
168884	0.005505615092
168885	0.001150928757
168886	0.003168717049
168887	0.007972767617
168888	0.001235985941
168889	0.002045187828
168890	0.005010839163
168891	0.002829409152
168892	0.0002956593352
168893	0.01000239001
168894	0.002328181149
168895	0.001417850883
168896	0.005297656536
168897	0.008460028027
168898	0.0002160255019
168899	0.003950255617
168900	0.004633846962
168901	0.007966319386
168902	0.002142754132
168903	0.007488880827
168904	0.01132810006
168905	0.01120784236
168906	0.0141004823
168907	0.006620515277
168908	0.007704998928
168909	0.00593707775
168910	0.002328722489
168911	0.002016190774
168912	0.006960156792
168913	0.003404969553
168914	0.003077238367
168915	0.009239454584
168916	0.004492504549
168917	0.005690818937
168918	0.006049128188
168919	0.004800202392
168920	0.00562941909
168921	0.003723193741
168922	0.01013091977
168923	0.01746760841
168924	0.001680805774
168925	0.001945225226
168926	0.01381055776
168927	0.001176014397
168928	0.00537110727
168929	0.002758741048
168930	0.005600934364
168931	0.002750124031
168932	0.01054071039
168933	0.004151289933
168934	0.006857735613
168935	0.009135211993
168936	0.00662659033
168937	0.01093940301
168938	0.01003905057
168939	0.003542662018
168940	0.001056560255
168941	0.006866077201
168942	0.00751009139
168943	0.003792142853
168944	0.006175265607
168945	0.001305990462
168946	0.009838244306
168947	0.006180371234
168948	0.007671414346
168949	0.004837536681
168950	0.0009092733168
168951	0.0084540927
168952	0.0007992809449
168953	0.01142434213
168954	0.001498540421
168955	0.01138407729
168956	0.00567836271
168957	0.003129777801
168958	0.007597783429
168959	0.004993648748
168960	0.0007792649534
168961	0.00777518821
168962	0.001577099063
168963	0.002023711773
168964	0.001607922059
168965	0.009899727854
168966	0.001327805967
168967	0.01850048064
168968	0.01507669945
168969	0.01142524542
168970	0.0006386529819
168971	0.01186011577
168972	0.0023870403
168973	0.00490589746
168974	0.02007088854
168975	0.004090799288
168976	0.00557186869
168977	0.01288443506
168978	0.003595387121
168979	0.004527342045
168980	0.0006115834922
168981	0.00882940364
168982	0.0072290489
168983	0.0002886966957
168984	0.008439591657
168985	0.00656523456
168986	0.01132086655
168987	0.009049092967
168988	0.00424718801
168989	0.00345384334
168990	0.009285185973
168991	0.002765805616
168992	0.001493960769
168993	0.003714369761
168994	0.01528867784
168995	0.001035209009
168996	0.01648696087
168997	0.002075278187
168998	0.0001985368379
168999	0.008093561417
169000	0.0068913038
169001	0.009327773077
169002	0.00033083085
169003	0.01174750064
169004	0.001994517834
169005	0.001083465113
169006	0.003139979945
169007	0.002734510595
169008	0.005061073772
169009	0.0003999837151
169010	0.0007816455652
169011	0.003082904621
169012	0.001512113597
169013	0.007979153464
169014	0.002964049832
169015	0.001957977457
169016	0.001735703042
169017	0.01256903105
169018	0.0005391188883
169019	0.003702856473
169020	0.003189753345
169021	0.003284462459
169022	0.001890005843
169023	0.006554163048
169024	0.0018645295
169025	0.006293370739
169026	0.009052774823
169027	0.00183947349
169028	0.005604389266
169029	0.001803162465
169030	0.003251940878
169031	0.002278239789
169032	0.007207072595
169033	0.0005107687644
169034	0.0002275641707
169035	0.000775971635
169036	0.004680335248
169037	0.003187769796
169038	8.05573411e-05
169039	0.002925027329
169040	0.007106409628
169041	0.003599554947
169042	0.008596169704
169043	0.002480407123
169044	0.003567064813
169045	0.00365356797
169046	0.006742982292
169047	0.005544507106
169048	0.006751023142
169049	0.000107602127
169050	0.003492706005
169051	0.001656472521
169052	0.01075930588
169053	0.003264867107
169054	0.001236617322
169055	0.002314334891
169056	0.005637397197
169057	0.000102471369
169058	0.006258823136
169059	0.007273718159
169060	0.007336647526
169061	0.0009949340531
169062	0.0003174442731
169063	0.004938877181
169064	0.002602595702
169065	0.002205199569
169066	0.0002405219716
169067	0.004882271194
169068	0.0071437436
169069	0.001698359838
169070	0.01152342493
169071	0.002161154534
169072	0.0002646143963
169073	0.007061221658
169074	0.001382487107
169075	0.000746384452
169076	0.01719849219
169077	0.008218893404
169078	0.01073165076
169079	0.006994663113
169080	0.006877650532
169081	2.698966456e-05
169082	0.006946507209
169083	0.01533201723
169084	0.007519154532
169085	0.004193755922
169086	0.002345740759
169087	0.01042513863
169088	0.01121061972
169089	0.003212383013
169090	0.003099160919
169091	0.002638934282
169092	0.0009561417559
169093	0.004414697406
169094	5.197630263e-05
169095	0.0012925563
169096	0.001823264573
169097	0.001112326819
169098	0.008600305521
169099	0.004984412387
169100	0.0004540061602
169101	0.003042331716
169102	0.005754263605
169103	0.004436557712
169104	1.759882147e-05
169105	0.001865419911
169106	0.002689038311
169107	0.003050893539
169108	0.01717988587
169109	0.0025960708
169110	0.01124964188
169111	0.008168551435
169112	0.003342878328
169113	0.00387117437
169114	0.0008642826713
169115	0.003645225459
169116	0.003824192088
169117	0.0006970849717
169118	0.007736158044
169119	0.000791414802
169120	0.004958072235
169121	0.01232167447
169122	0.007272049985
169123	0.00668744839
169124	0.01161888353
169125	0.00248571858
169126	0.007039310847
169127	0.002235613971
169128	0.0006636219651
169129	0.008374156202
169130	0.004870649766
169131	0.002753634758
169132	0.005242852388
169133	0.004346583978
169134	0.0009168978862
169135	0.0006741115697
169136	0.008478613404
169137	0.0123684511
169138	0.00733073996
169139	0.0001384970973
169140	0.003483698405
169141	0.007881687753
169142	0.01538798318
169143	0.000984706573
169144	0.003859865301
169145	0.01548252868
169146	0.004186681777
169147	8.105568622e-06
169148	0.01864621561
169149	0.001361314868
169150	0.001849207282
169151	0.01063197195
169152	0.001096037665
169153	0.005545989882
169154	0.003572642621
169155	0.009119352377
169156	0.007042116704
169157	0.003308558224
169158	0.004314738697
169159	0.0006049517417
169160	0.005651223948
169161	0.00197167409
169162	0.01546265112
169163	0.009768573329
169164	0.00108451192
169165	0.01085767345
169166	0.006485054745
169167	0.00494785835
169168	0.0005345714804
169169	0.002633798937
169170	0.000385639486
169171	0.007194749058
169172	0.0003139397212
169173	0.002928009183
169174	0.003777539317
169175	0.005429718503
169176	0.006538482698
169177	0.0126375976
169178	0.0002705777406
169179	0.006342224123
169180	0.002936492251
169181	0.001267146913
169182	0.01354594307
169183	0.002740645505
169184	0.007824801432
169185	0.003507089719
169186	0.007467059569
169187	0.007642593424
169188	0.006146401113
169189	0.01012040315
169190	0.00149769557
169191	0.007967672683
169192	0.01804471928
169193	0.0003117859176
169194	0.001729296897
169195	0.002893545529
169196	0.002147751024
169197	0.01708954235
169198	0.007320602516
169199	0.005980760197
169200	0.00111898334
169201	0.008334900391
169202	0.002049853493
169203	0.003883968237
169204	5.399552837e-05
169205	0.01144609334
169206	0.003802738579
169207	0.00257103266
169208	0.00200254932
169209	0.002925080029
169210	0.005060430409
169211	0.003293360826
169212	0.005304521349
169213	0.006587660338
169214	0.001610028429
169215	0.001430245935
169216	0.001153858805
169217	0.002654202268
169218	0.006458100112
169219	0.00107063336
169220	0.005816870606
169221	0.004525781417
169222	0.016712153
169223	0.003718275431
169224	0.007849950373
169225	0.002323842463
169226	0.00368771488
169227	0.007296780879
169228	0.001858636547
169229	0.001101544545
169230	0.003353606493
169231	0.009729347423
169232	0.01062532021
169233	0.001222065577
169234	0.004356917244
169235	0.007280566197
169236	0.008414250645
169237	0.003871899964
169238	0.0004047862075
169239	0.01592666868
169240	0.008950070677
169241	0.003173391898
169242	0.0008072898549
169243	0.002798310784
169244	0.0001388689509
169245	0.01219071555
169246	0.0003894368867
169247	0.004181455529
169248	0.00146369155
169249	0.002999146131
169250	0.002254308882
169251	0.001780601381
169252	0.004112815552
169253	0.000578466304
169254	0.004297187157
169255	0.001087075166
169256	0.00662788386
169257	0.006110022303
169258	0.01069878178
169259	0.001093702946
169260	0.004591002646
169261	0.001226461905
169262	0.01318733111
169263	0.003127990292
169264	0.002648327708
169265	0.0111611814
169266	0.0001863829717
169267	0.003480644609
169268	0.003985021604
169269	0.0002134666749
169270	0.005158766789
169271	0.008317978206
169272	0.005525358101
169273	0.00222883782
169274	0.002890910598
169275	0.007302191209
169276	0.002285688771
169277	0.003427768908
169278	0.004313158613
169279	0.003849735365
169280	0.01153244451
169281	0.0090101943
169282	0.003133988577
169283	0.008081121319
169284	0.001850730559
169285	0.01443080695
169286	0.00104147141
169287	0.002452842406
169288	0.002775772003
169289	0.004699889211
169290	0.009135378699
169291	0.00347642453
169292	0.01389357666
169293	0.001607287789
169294	0.002221127989
169295	0.007546681679
169296	0.008648932701
169297	0.002640792086
169298	0.0007147414131
169299	0.007272187993
169300	0.002487253927
169301	0.01291211209
169302	0.0002477831388
169303	0.006889684708
169304	0.007280765827
169305	0.00598087817
169306	0.006788225043
169307	0.001680403194
169308	0.004462429908
169309	0.002482397076
169310	0.0007021488735
169311	0.0006544884742
169312	0.003145654297
169313	0.005046830747
169314	0.005201675515
169315	0.000126157938
169316	0.007315635012
169317	0.0006774851896
169318	0.0003732070417
169319	0.005102925702
169320	0.006861936379
169321	0.005090264502
169322	0.002936159227
169323	0.0003780433945
169324	0.002310886591
169325	0.0003428022464
169326	0.001856889931
169327	0.000481965483
169328	0.002305406531
169329	0.0001773873611
169330	0.003052841872
169331	0.007454399733
169332	0.002932447525
169333	0.004569760317
169334	0.002281107588
169335	1.922829282e-06
169336	0.002533240566
169337	0.0007545320622
169338	0.0005266115354
169339	0.001753004992
169340	0.004218976433
169341	0.002794884443
169342	0.0002496134316
169343	0.003693179146
169344	0.004580860627
169345	0.001263891493
169346	0.00167377613
169347	0.0008752649861
169348	0.005207439629
169349	0.003428923404
169350	0.004201129149
169351	0.003301655714
169352	0.001513653091
169353	0.001278271236
169354	0.001788846952
169355	0.003676652877
169356	0.0006470846942
169357	0.003563708291
169358	0.003557975288
169359	0.0008124121865
169360	0.002641552507
169361	0.001833952482
169362	0.0005628468213
169363	0.009167537004
169364	0.0106158527
169365	0.001815319116
169366	0.01281773342
169367	0.002542044888
169368	0.002686506052
169369	0.002098925581
169370	0.003186694741
169371	0.007657694407
169372	0.007968027963
169373	0.001470681188
169374	0.002009424975
169375	0.005308670673
169376	0.007836641236
169377	0.003621856849
169378	0.003027956706
169379	0.008640328715
169380	0.004811745974
169381	0.002727563634
169382	0.005923078328
169383	0.0008755963028
169384	0.00166476543
169385	0.003755746565
169386	0.0001109040049
169387	0.004262239957
169388	0.00248602755
169389	0.0004361954848
169390	0.003380082809
169391	0.0008941103936
169392	0.002684535061
169393	0.0006546608938
169394	0.004491960637
169395	0.005743389533
169396	7.671458945e-05
169397	0.0004266302288
169398	0.002053246619
169399	0.0005815766024
169400	0.001426053842
169401	0.002344613401
169402	3.440520962e-05
169403	0.004711274597
169404	0.001694340183
169405	0.005981275283
169406	0.00108719479
169407	0.001880847902
169408	0.003823554568
169409	0.001746534091
169410	0.004375898335
169411	0.002747916886
169412	0.002884821951
169413	0.00245980718
169414	0.003432089703
169415	0.005134174634
169416	0.0008731637866
169417	0.005949342711
169418	0.0004521577292
169419	0.006187157457
169420	0.003802020963
169421	0.002050115645
169422	0.002284767408
169423	0.004487850577
169424	0.004159341247
169425	0.003306132662
169426	0.002285462701
169427	0.0002791134831
169428	0.005249935209
169429	0.002859653316
169430	0.001122261806
169431	0.001293121511
169432	0.001353258215
169433	0.001768769945
169434	0.0003660085768
169435	0.002220147953
169436	0.002895891865
169437	0.0005388834057
169438	0.00473479449
169439	0.002998455187
169440	0.00904626198
169441	0.009364646595
169442	0.00504089329
169443	0.0003082714045
169444	0.0005368588104
169445	0.0006444370659
169446	0.0003173283428
169447	0.0007105451149
169448	0.0005745604763
169449	0.005439973556
169450	0.00797902345
169451	0.007937373859
169452	0.002989125547
169453	0.004642441765
169454	0.000539559033
169455	0.0002419829439
169456	0.005037956342
169457	0.001061185774
169458	0.0001201036166
169459	0.0008609378239
169460	0.0004566796504
169461	1.436280813e-06
169462	0.0009959409563
169463	0.00140890512
169464	0.001440497889
169465	0.002240344104
169466	0.0009740784911
169467	0.002270151515
169468	0.003307346663
169469	0.005547339838
169470	0.001427414996
169471	0.0001467200166
169472	0.003921768025
169473	0.002670617029
169474	0.006911872482
169475	0.00314801268
169476	0.0005553243752
169477	0.002972095877
169478	0.006979186621
169479	0.002867430279
169480	0.0001791070748
169481	0.004343628205
169482	0.0008858338641
169483	0.006284654572
169484	0.002420794963
169485	1.697778892e-05
169486	0.007344552194
169487	0.007877009321
169488	0.0008102185824
169489	0.00150105268
169490	0.003588695245
169491	0.001365910572
169492	0.0009423471703
169493	0.0006830428734
169494	0.01144033008
169495	0.002198751683
169496	0.002767372524
169497	0.02075462914
169498	0.005556434963
169499	0.00260050505
169500	0.001138639037
169501	0.0006626227572
169502	0.001183774071
169503	0.001864154384
169504	0.002197017532
169505	0.001849709373
169506	0.002956030199
169507	0.004912612674
169508	0.003528538172
169509	0.004245225713
169510	0.00644628836
169511	0.007731200191
169512	0.0005243046036
169513	0.003102030219
169514	0.002102932454
169515	0.002525873526
169516	0.008448458826
169517	0.006892296243
169518	0.008338379739
169519	0.004478527944
169520	0.002313832668
169521	0.002478491005
169522	0.02031563058
169523	0.002342986338
169524	0.008934160401
169525	0.004949005703
169526	0.006753599678
169527	0.002680330221
169528	0.004205866185
169529	0.00641022527
169530	0.005323192513
169531	0.002915765942
169532	0.004393660279
169533	0.007127350259
169534	0.01726014833
169535	0.007027519943
169536	0.004645483349
169537	0.001518349351
169538	0.001812525034
169539	0.01153843951
169540	0.002372339612
169541	0.004396810435
169542	0.00271039752
169543	0.01215683598
169544	0.003076903908
169545	0.004376114735
169546	0.003593909901
169547	0.0001623958286
169548	0.003699731162
169549	0.003918328593
169550	0.003184102228
169551	0.0008436915859
169552	0.01854337188
169553	0.00279761978
169554	0.003743129531
169555	0.0006430017183
169556	0.001722195543
169557	0.007446633925
169558	0.003595178524
169559	0.002677114934
169560	0.00386144998
169561	0.009340349748
169562	0.01082924841
169563	0.002735083337
169564	0.003854755335
169565	0.008450199826
169566	0.01211321111
169567	0.01087879409
169568	0.005806121711
169569	0.005488185231
169570	0.0003942091446
169571	0.00328816348
169572	0.007224541021
169573	0.003671706822
169574	0.005643804023
169575	0.008562788518
169576	0.002994268808
169577	0.008713026933
169578	0.004195145407
169579	0.004204126282
169580	0.00510702761
169581	0.01710152457
169582	0.0007804232608
169583	0.002871196206
169584	0.001502376011
169585	0.008000816168
169586	0.01319445342
169587	0.002853132179
169588	0.005939050886
169589	0.0007244684497
169590	0.004676345324
169591	0.001823172098
169592	0.002621749361
169593	0.0005558455989
169594	6.140092347e-09
169595	0.001144878547
169596	0.002783126759
169597	0.001052482484
169598	0.001704106966
169599	2.695208159e-07
169600	0.002752867221
169601	0.002504824026
169602	0.01093728563
169603	0.0008754054907
169604	0.003721207486
169605	0.005478917582
169606	0.004144557991
169607	0.004003375667
169608	0.003411933853
169609	0.003143279609
169610	0.0008148377283
169611	0.004376631443
169612	0.0001910347902
169613	0.001667091887
169614	0.007118911982
169615	0.003610684616
169616	0.0004236012829
169617	0.007978580208
169618	0.005156630641
169619	0.00131963198
169620	0.004245041908
169621	0.002247124351
169622	0.005504963369
169623	0.00349340558
169624	0.0003806136639
169625	0.003051630383
169626	0.001643632657
169627	0.0001253641257
169628	0.004487546771
169629	0.003407721952
169630	0.003147277351
169631	0.0007511658341
169632	0.0003220201838
169633	0.002473971954
169634	0.007855014438
169635	0.006614408219
169636	0.004162856979
169637	0.001867845566
169638	0.002790861176
169639	0.003165985505
169640	0.003478318062
169641	0.001413832328
169642	0.0001969001684
169643	0.003330500448
169644	0.007998184084
169645	0.0009266783164
169646	0.004169481003
169647	0.007042231471
169648	0.002256775245
169649	0.002276078
169650	0.00473354836
169651	0.006664110523
169652	0.0002404078772
169653	0.0006930007132
169654	0.001699870811
169655	0.003157033334
169656	0.003821492463
169657	0.00153912899
169658	0.003344958908
169659	0.003332269387
169660	0.004686772989
169661	0.0009125232186
169662	0.001190501545
169663	0.008723685685
169664	0.004426417663
169665	0.006020464461
169666	0.003494202939
169667	0.004283399567
169668	0.0007453048549
169669	0.004177550476
169670	0.007706761763
169671	0.003996541113
169672	0.003037176317
169673	0.0002157273493
169674	0.0053350233
169675	0.002733035405
169676	0.0005293863237
169677	0.009984168285
169678	0.001915002808
169679	0.004399041328
169680	0.003300341726
169681	0.001152411122
169682	8.540310264e-08
169683	0.002598040129
169684	0.0005074935508
169685	0.004810991042
169686	0.003693855174
169687	0.003426996002
169688	0.0005982409845
169689	0.00297960023
169690	0.003838383929
169691	0.00268652849
169692	0.004553203576
169693	0.0002631102956
169694	0.002115540047
169695	0.001806063649
169696	0.0005229072676
169697	0.001959715138
169698	0.001178431524
169699	0.0003269326575
169700	0.001940958269
169701	0.002346132878
169702	0.0002469308654
169703	0.0001901083051
169704	7.240832e-05
169705	0.00294208825
169706	0.002068640384
169707	0.00103772815
169708	0.0007238566066
169709	0.003898605502
169710	0.001530305778
169711	0.001793017065
169712	0.0002286139639
169713	0.003857959812
169714	0.002277777276
169715	7.238164335e-05
169716	0.0002390624868
169717	0.003926466613
169718	0.001194811764
169719	0.0137089386
169720	0.00404557206
169721	0.007597596835
169722	0.01408384744
169723	0.002895145377
169724	0.005614821933
169725	0.007697763189
169726	0.001017163744
169727	0.01242245516
169728	0.001765212288
169729	0.005499629684
169730	0.008756806976
169731	0.008870703891
169732	0.001522816543
169733	0.0148520652
169734	0.002367925083
169735	0.002123545456
169736	0.006804077681
169737	0.01503303862
169738	0.01428204378
169739	0.0117549197
169740	0.01333981337
169741	0.002285565908
169742	0.003118514081
169743	0.006099028572
169744	0.008001841742
169745	0.003705302311
169746	0.002943169203
169747	0.001997725363
169748	3.278252536e-05
169749	0.01024743014
169750	0.003769884201
169751	0.008071658044
169752	0.001444746638
169753	0.002013905348
169754	0.002428438025
169755	0.0006687407277
169756	0.003070057181
169757	0.005166877953
169758	0.0008619706212
169759	0.004519151005
169760	0.003849865021
169761	0.0063292815
169762	0.006717485213
169763	0.005580960573
169764	0.007113292158
169765	0.0005199567232
169766	0.00267721828
169767	0.0001882346813
169768	0.0008519934439
169769	0.005419958618
169770	2.725769598e-05
169771	0.002335045279
169772	0.001651001581
169773	0.002876588896
169774	0.001870248443
169775	0.003350520567
169776	0.003102439115
169777	0.002327498478
169778	0.003981914787
169779	0.005796392173
169780	0.00288489153
169781	0.005245487106
169782	0.01217629745
169783	0.006019047867
169784	0.006084732713
169785	0.0129799736
169786	0.004430951061
169787	0.004591276521
169788	0.003452303231
169789	0.00089274872
169790	0.01003970514
169791	0.01041834741
169792	0.006292857532
169793	0.01465958279
169794	0.006093306975
169795	0.004677382543
169796	0.008745887419
169797	0.01099038898
169798	0.00945699296
169799	0.004676412262
169800	0.003927406131
169801	0.001355610721
169802	0.0004851604087
169803	0.0001110880007
169804	0.000450608238
169805	0.000271673007
169806	0.001726739617
169807	0.0003418395612
169808	0.0009983874608
169809	0.0001119598611
169810	7.268992117e-06
169811	7.777505026e-06
169812	5.417123595e-06
169813	1.077367505e-05
169814	7.409321376e-06
169815	2.698942941e-06
169816	1.161066906e-05
169817	1.036147353e-05
169818	1.209905513e-05
169819	6.022998183e-06
169820	7.09659445e-06
169821	0.0001185725177
169822	8.463978055e-07
169823	1.732244265e-06
169824	2.996694952e-07
169825	0.0001165696256
169826	0.0001156594546
169827	4.222261178e-07
169828	0.0001119350118
169829	0.0001087748576
169830	0.000108510273
169831	1.975737515e-08
169832	2.503214825e-06
169833	8.569836716e-06
169834	1.709590334e-06
169835	2.337344478e-07
169836	0.01007861844
169837	0.0110806212
169838	0.001939137271
169839	0.004537686465
169840	0.009026649852
169841	0.005875110298
169842	0.00118071728
169843	0.004951830278
169844	0.0002072728346
169845	0.0008191226005
169846	0.002253498052
169847	0.006546910486
169848	0.001496186471
169849	0.005799798237
169850	0.009566328881
169851	0.0003704687409
169852	0.008403638339
169853	0.0009714726729
169854	0.00265768441
169855	0.006835598834
169856	0.002491974579
169857	0.0007665748102
169858	0.006010940454
169859	0.00981234734
169860	0.00293210327
169861	0.001430417844
169862	0.002278320077
169863	0.001795331087
169864	0.003685392512
169865	0.010299356
169866	0.003994052319
169867	0.0008497297283
169868	0.001646863305
169869	0.0004134686417
169870	0.002546206593
169871	0.001256448223
169872	0.009453756058
169873	0.0027001455
169874	0.005567045406
169875	0.02657729041
169876	0.007762548498
169877	0.001988059228
169878	0.01520421698
169879	0.006333517019
169880	0.003668392458
169881	0.0007773605566
169882	0.001608440101
169883	0.01496877496
169884	0.001388829158
169885	0.007036352732
169886	0.0101127145
169887	0.002189651548
169888	0.009350452369
169889	0.001574046423
169890	0.01607618535
169891	0.006406939544
169892	0.006890097957
169893	0.006939987313
169894	0.007477033476
169895	0.006411190238
169896	0.008649821369
169897	0.003460293783
169898	0.002148252444
169899	0.01234274826
169900	0.002679318543
169901	0.002739225723
169902	0.006788148445
169903	0.008101637618
169904	0.003553717848
169905	0.00432944425
169906	0.0108159599
169907	0.001657654476
169908	0.001914011279
169909	0.00491919259
169910	0.002914498997
169911	0.00191737166
169912	0.002100139021
169913	0.006134928679
169914	0.01323746189
169915	0.004942842585
169916	0.0008482312188
169917	0.008362586135
169918	0.001656237214
169919	0.0235282008
169920	0.01392621501
169921	0.01607141409
169922	0.008366939676
169923	0.003167870947
169924	0.002407216404
169925	0.01224788205
169926	0.002512463879
169927	0.000975898769
169928	0.003415719971
169929	0.002077763423
169930	0.00868318667
169931	0.0004330148545
169932	0.002105702855
169933	0.01380294929
169934	0.001845068298
169935	0.006210767008
169936	0.0120112296
169937	0.006144628346
169938	0.01081728108
169939	0.004897343386
169940	0.01342378221
169941	0.0004483915657
169942	0.005910490007
169943	0.00470702247
169944	0.006339445717
169945	7.928967376e-07
169946	0.007816338504
169947	0.01636835895
169948	0.004894494806
169949	0.01284666711
169950	0.01124696794
169951	0.01313043194
169952	0.01343533425
169953	0.004799942199
169954	0.000476414217
169955	0.008092458873
169956	0.008552924838
169957	0.0009425903809
169958	0.0002119454479
169959	0.003589790224
169960	0.006263152779
169961	0.001058590113
169962	1.192643698e-05
169963	0.002005050478
169964	0.0007714274053
169965	0.008436804965
169966	5.363536164e-05
169967	0.006422663925
169968	0.01471832073
169969	0.005453443067
169970	0.01045715544
169971	0.0003126652207
169972	0.004305414268
169973	0.00358127549
169974	0.006821252017
169975	0.002105198019
169976	0.003092597459
169977	0.01230767614
169978	0.003887770119
169979	0.002591033028
169980	0.005774305429
169981	0.002713256924
169982	0.007339183356
169983	0.003286509726
169984	0.002099584346
169985	0.000501383381
169986	0.003728580494
169987	5.708744318e-05
169988	0.0006353231459
169989	0.004408316131
169990	0.001465033216
169991	0.002793189908
169992	0.0009147441436
169993	0.003420804483
169994	9.495503573e-06
169995	0.00083875194
169996	0.002289419347
169997	0.008202085149
169998	0.001926550586
169999	0.007600100275
170000	0.0172316207
170001	0.002677391137
170002	0.005305772862
170003	0.006306008159
170004	0.004332272095
170005	0.0003703675045
170006	0.001127187308
170007	0.002386731436
170008	0.01111206678
170009	0.00694235911
170010	0.007152380261
170011	0.00159298469
170012	0.005743637481
170013	0.000595707639
170014	0.001050630802
170015	0.004008472107
170016	0.002699153594
170017	0.0003082449083
170018	0.002302874591
170019	0.0003071354996
170020	0.001014840746
170021	0.0001108114523
170022	0.003372086497
170023	0.003165169145
170024	0.002514849882
170025	0.005030578814
170026	0.01071087932
170027	0.00540643247
170028	0.003873513026
170029	0.004739190934
170030	0.003961355692
170031	0.003219627041
170032	0.002043033721
170033	0.009872743802
170034	0.006855977787
170035	0.002004260733
170036	0.001770182796
170037	0.005187409257
170038	0.00602054438
170039	0.003807037045
170040	0.003283747545
170041	0.003114811552
170042	0.004234367191
170043	0.002507981242
170044	0.002218108063
170045	0.003953457377
170046	0.002197380029
170047	0.002714023666
170048	0.00144414909
170049	0.006028317702
170050	2.007252771e-05
170051	0.0003876936241
170052	0.002812016268
170053	0.00150250266
170054	0.00176382749
170055	0.0004215793969
170056	0.002405947272
170057	0.002356494722
170058	0.001871141574
170059	0.001772522865
170060	0.001200607568
170061	0.004744376616
170062	0.002441796371
170063	0.000852809951
170064	0.002382949576
170065	0.002688586393
170066	0.004060348883
170067	0.009214530173
170068	0.001141094747
170069	0.001816120409
170070	0.0002520815973
170071	0.006398900856
170072	0.007102871624
170073	0.006533931045
170074	0.005396858411
170075	0.0004488841407
170076	0.005795659589
170077	0.001728155639
170078	0.001480555977
170079	0.0004859795049
170080	0.00051548422
170081	0.0004208660897
170082	0.0008908544212
170083	0.001534851425
170084	0.003716565979
170085	0.0007697606297
170086	0.0004804883227
170087	0.002592788521
170088	0.0008412351848
170089	0.0002659603634
170090	0.002093564344
170091	0.000490620694
170092	0.002104665059
170093	0.0009906669506
170094	0.004809664496
170095	0.0001091434328
170096	0.0002114683169
170097	0.0001033752297
170098	5.053393463e-07
170099	0.0002122517342
170100	0.006411896845
170101	0.002511930368
170102	0.007545579668
170103	0.003311175888
170104	0.01536508606
170105	0.008927915203
170106	0.0002615952767
170107	0.0007733091805
170108	0.0001458371358
170109	0.004917535501
170110	0.001887410804
170111	0.00316810875
170112	0.003550996279
170113	0.001347943403
170114	0.01208019828
170115	0.006489281498
170116	0.01730333523
170117	0.004044068057
170118	0.009690719345
170119	0.006100128528
170120	0.01019618099
170121	0.005276836798
170122	0.01340065695
170123	0.005982008508
170124	0.0006288660671
170125	0.002114455286
170126	0.004360930928
170127	0.001759032562
170128	0.002207498161
170129	0.0005465559073
170130	0.01176177903
170131	0.001326808208
170132	0.002161350545
170133	0.01360357128
170134	3.029519382e-05
170135	0.005821598973
170136	0.005429336901
170137	0.003273015647
170138	0.006948834753
170139	0.0179625122
170140	0.003424213314
170141	0.004382658544
170142	0.005384225285
170143	0.007911974149
170144	0.005115001488
170145	0.009618314936
170146	0.006036829139
170147	0.01028000367
170148	0.0004833812585
170149	0.006312576465
170150	0.00478104212
170151	0.01426435697
170152	0.001460037339
170153	0.005412051329
170154	0.0004146813064
170155	0.001036485718
170156	0.0003210807759
170157	0.003057997358
170158	0.009260943616
170159	0.00665126522
170160	0.01154821907
170161	0.0140488859
170162	0.001305093344
170163	0.0009747645575
170164	0.01672885981
170165	0.01615672512
170166	0.008404360505
170167	0.005371670275
170168	0.01260063815
170169	0.004482681198
170170	0.007472636935
170171	0.01258648416
170172	0.001699842029
170173	0.001445383019
170174	0.008634940401
170175	0.0009483941413
170176	0.01406491832
170177	0.00108333338
170178	7.035810491e-05
170179	0.00775568244
170180	0.01124741
170181	0.003460763836
170182	0.001737692464
170183	0.007411325637
170184	0.007661472903
170185	0.001787903507
170186	0.0004555877485
170187	0.001941584261
170188	0.01605042311
170189	0.004450441078
170190	0.004121913057
170191	0.006926567896
170192	0.01267291347
170193	1.136099293e-05
170194	0.003790030056
170195	0.005992126551
170196	0.01297883888
170197	0.004231390811
170198	0.006201436232
170199	0.0008002534929
170200	0.02096302518
170201	0.002746855406
170202	0.00171000802
170203	0.001239811179
170204	0.01218961349
170205	0.0007828451655
170206	0.01395234863
170207	0.001194496084
170208	0.01987089692
170209	0.001408838639
170210	0.000495342307
170211	0.004587435479
170212	0.0108750871
170213	0.00718774121
170214	0.009993849014
170215	0.00213892099
170216	0.007675934699
170217	0.01690874727
170218	0.006772001253
170219	0.002044140049
170220	0.006861079229
170221	0.001814050697
170222	0.009104302261
170223	0.001193204907
170224	0.000831871561
170225	0.0008504097065
170226	0.0006402048289
170227	0.01325860186
170228	0.002893967453
170229	0.008790928653
170230	0.01482484736
170231	0.001891388423
170232	0.001056733475
170233	0.0004333317764
170234	0.01242086849
170235	0.008743577907
170236	0.001980407366
170237	0.00261041315
170238	0.005542391184
170239	0.00426524629
170240	0.003974143166
170241	0.009922806391
170242	0.004396469421
170243	0.008832236311
170244	0.004743958064
170245	0.01106207894
170246	0.01444585128
170247	0.01800803628
170248	0.01102763589
170249	0.0002815000761
170250	0.001905042995
170251	0.006221760252
170252	0.002549915183
170253	0.001041200806
170254	0.002926989307
170255	0.009166965005
170256	0.001510023021
170257	0.003786645308
170258	0.01002860976
170259	0.006815337422
170260	0.0007985483433
170261	0.004215072667
170262	0.001766801289
170263	0.01270600018
170264	0.001080653359
170265	0.01105890736
170266	0.005513680182
170267	0.002097286514
170268	0.002403191164
170269	0.000138598201
170270	0.0006816834101
170271	0.004754109576
170272	0.0007655780938
170273	0.007107280475
170274	0.0004372518289
170275	0.002786013354
170276	0.01694054488
170277	0.0006384457695
170278	9.293581135e-05
170279	0.001942573007
170280	3.975405995e-06
170281	0.0003443812137
170282	0.002674219079
170283	1.350757606e-06
170284	0.002676012299
170285	0.00289442326
170286	0.002676140955
170287	0.00267592088
170288	0.002671375638
170289	0.002102815497
170290	0.004678423547
170291	0.0004216328123
170292	0.001284257158
170293	0.006892137549
170294	0.008679624652
170295	0.005771381362
170296	0.001474458823
170297	0.0007750238821
170298	0.01379889606
170299	0.003015781539
170300	0.002685979462
170301	0.001247829215
170302	0.001628992027
170303	0.001020519244
170304	0.001610365351
170305	0.00118951551
170306	0.0002958330802
170307	0.01221523018
170308	0.007202311069
170309	0.0005364085764
170310	0.002025025968
170311	0.001184774212
170312	0.001679278645
170313	0.0006573035996
170314	0.001805994302
170315	0.001577739407
170316	0.0003380315871
170317	0.001458695194
170318	0.001973914345
170319	1.152451803e-05
170320	0.0001254499505
170321	0.0003741978812
170322	0.008174521854
170323	0.007898486598
170324	0.005336549516
170325	0.002918703653
170326	6.334266208e-08
170327	0.00400913316
170328	0.01069588731
170329	0.007138045378
170330	0.002057705696
170331	0.0005214326323
170332	0.008568593511
170333	0.005720617777
170334	0.008642560534
170335	0.009959954329
170336	0.003118540244
170337	0.01443793001
170338	0.001755910969
170339	0.01042268676
170340	0.002031350975
170341	0.01053533669
170342	0.005955334141
170343	0.004944322799
170344	0.004400389531
170345	0.01031395927
170346	0.0159491594
170347	0.001360164971
170348	0.01367551413
170349	0.001261796901
170350	0.0008001046148
170351	0.003911646209
170352	0.003630157531
170353	0.0021353602
170354	0.002083993715
170355	0.00306526877
170356	0.002682944955
170357	0.007144687547
170358	0.00222064031
170359	0.009507311659
170360	0.006274160501
170361	0.005835816212
170362	0.0004838260684
170363	0.008114263276
170364	0.001677591954
170365	0.006757756141
170366	0.003613666295
170367	0.0008383213248
170368	0.003190115671
170369	0.009815881857
170370	0.001122850062
170371	0.004619319096
170372	0.003421601327
170373	0.004115209737
170374	0.003280262124
170375	0.0004104437612
170376	0.001888515657
170377	0.005410578822
170378	0.006623434322
170379	0.001637337318
170380	0.01283248683
170381	0.003662698744
170382	0.0003850177886
170383	0.002806437244
170384	0.007105437511
170385	0.006151704528
170386	2.353232933e-05
170387	0.00120385273
170388	0.008027436179
170389	9.657527571e-05
170390	0.004713939583
170391	0.001889278275
170392	0.01061710776
170393	0.001078197181
170394	0.00552865542
170395	0.005357492703
170396	0.002689514294
170397	0.001919915804
170398	0.001549240741
170399	0.002545830096
170400	0.00125535196
170401	0.001255713756
170402	0.002239028128
170403	0.001472243344
170404	0.003271045484
170405	0.001985511759
170406	0.002054396444
170407	0.001391898072
170408	0.0008890486784
170409	0.003290183657
170410	0.002294996095
170411	0.0006415244217
170412	0.01264031321
170413	0.0046515013
170414	0.002965223882
170415	0.004317079469
170416	0.003689060095
170417	0.003823055102
170418	0.007322522366
170419	0.0005555177596
170420	0.0003300230253
170421	0.006922820461
170422	0.0007623804961
170423	0.01921735781
170424	0.0003506466564
170425	0.00222413705
170426	0.006150337759
170427	0.003297193471
170428	0.0007206173891
170429	0.005536204083
170430	0.00211126668
170431	0.0003047002787
170432	0.002409479377
170433	0.01158891021
170434	0.001674877489
170435	0.007759382566
170436	0.0002550817667
170437	0.0005464572825
170438	0.01482585208
170439	0.004759936315
170440	0.004364411611
170441	0.01504527782
170442	0.0002920969145
170443	0.003652509767
170444	0.002985476763
170445	0.0001651001989
170446	0.005785903813
170447	0.0008622823607
170448	0.002438574532
170449	0.00129524097
170450	0.0009062745833
170451	0.003663752948
170452	0.003464179771
170453	0.003550231558
170454	0.003965838019
170455	0.00323809652
170456	0.007370656007
170457	0.00442336813
170458	0.001558578524
170459	0.005409698284
170460	0.000407664205
170461	0.009950154777
170462	0.001683861675
170463	0.003937036607
170464	0.0003864146963
170465	0.009581539274
170466	0.02474723905
170467	0.01277190812
170468	0.01024958693
170469	0.0002955203303
170470	0.0008049950647
170471	0.0009065247496
170472	0.01444271222
170473	0.005761059041
170474	0.002151459314
170475	0.0007314594384
170476	0.0009342544847
170477	0.003745644642
170478	0.002412644947
170479	0.01158349288
170480	0.002604352082
170481	0.001858703014
170482	0.001700406973
170483	0.006996535105
170484	0.006268708344
170485	0.00063360582
170486	0.007003241669
170487	0.002190712398
170488	0.01094812915
170489	0.001532886229
170490	0.003082137883
170491	0.003212539744
170492	0.0004857126147
170493	0.002869642035
170494	0.01191061488
170495	0.009344210426
170496	0.008174379962
170497	0.01458870681
170498	0.01695977979
170499	0.005638612998
170500	0.008800523019
170501	0.002097612474
170502	0.000590816304
170503	0.01034124978
170504	0.00335890662
170505	0.0003171732602
170506	0.0005185061559
170507	0.001411429547
170508	0.003756838172
170509	0.002701207807
170510	0.003311359629
170511	0.01117422897
170512	0.01234665007
170513	0.0136729717
170514	0.01139851285
170515	0.01128336482
170516	0.01011368909
170517	0.01242247406
170518	0.01229653412
170519	0.01201857362
170520	0.01298036299
170521	0.0122414491
170522	0.0145332248
170523	0.01173177588
170524	0.01257767157
170525	0.01120091872
170526	0.01216278224
170527	0.01127096643
170528	0.01043750713
170529	0.01248525246
170530	0.01144733624
170531	0.01122188
170532	0.01176630333
170533	0.01163952932
170534	0.01090519878
170535	0.01220484807
170536	0.01099988288
170537	0.01050365851
170538	0.01249782494
170539	0.01076241621
170540	0.01340004046
170541	0.01127477631
170542	0.01164917024
170543	0.001268585336
170544	0.002638900041
170545	0.005460409758
170546	0.002242345752
170547	4.857178483e-05
170548	0.003126780125
170549	0.006201933542
170550	0.002355644182
170551	0.004291372786
170552	0.002315410655
170553	0.00692282886
170554	0.001911167883
170555	0.001878459282
170556	0.005233596193
170557	0.002978709218
170558	0.001316819605
170559	0.004559034319
170560	0.004714480648
170561	0.004331234306
170562	0.003362049124
170563	0.004716185379
170564	0.003955197139
170565	0.004696348847
170566	0.003858189009
170567	0.004075622485
170568	0.004644906941
170569	0.004108261203
170570	0.004404347638
170571	0.0007211053383
170572	0.003747049368
170573	0.003411481587
170574	0.003865640534
170575	0.003822392333
170576	0.004208749339
170577	0.004645226648
170578	0.004354569402
170579	0.004396194275
170580	0.004495948239
170581	0.002990170776
170582	0.003654158598
170583	0.004073944153
170584	0.004143988436
170585	0.004748918208
170586	0.004350962735
170587	0.004122156003
170588	0.003735072187
170589	0.003258107205
170590	0.00380115877
170591	0.004276596148
170592	0.001324676988
170593	0.003762552451
170594	0.004350160042
170595	0.004104395909
170596	0.00406704629
170597	0.003718196168
170598	0.003680734255
170599	0.004393336041
170600	0.003719296047
170601	0.004649520337
170602	0.004546216549
170603	0.00442175548
170604	0.003448810927
170605	0.004206352762
170606	0.003828973826
170607	0.003965006271
170608	0.004383534294
170609	0.003822068238
170610	0.004003360028
170611	0.004259404867
170612	0.00352400704
170613	0.003924409532
170614	0.004151543037
170615	0.004148525078
170616	0.003614559568
170617	0.004068193867
170618	0.003879389627
170619	0.003913585557
170620	0.004032709212
170621	0.004455568374
170622	0.001886233839
170623	0.0146332525
170624	0.009637932618
170625	0.00930917119
170626	0.003269164684
170627	0.001415477367
170628	0.01476585238
170629	0.005766682219
170630	0.0007947977425
170631	0.002054493872
170632	0.00140114569
170633	0.001105763596
170634	0.0004931939048
170635	0.0004514881916
170636	0.001398016158
170637	0.00112838824
170638	0.001157870231
170639	0.0001107617257
170640	0.0006604386184
170641	0.00172611161
170642	0.001940254448
170643	0.0007284492462
170644	0.0004930801757
170645	0.001248421135
170646	7.295315561e-05
170647	0.001282282242
170648	0.002310084688
170649	0.000819271178
170650	0.001848213132
170651	0.001201402874
170652	0.001160011441
170653	0.0005734455198
170654	0.001738915607
170655	0.002239219045
170656	9.873536877e-05
170657	0.0003666397494
170658	0.00220814224
170659	0.0002491198391
170660	0.001975612792
170661	0.0003648736316
170662	7.093684911e-07
170663	0.00127699871
170664	0.001999792413
170665	0.0023114923
170666	0.001474374568
170667	9.90178961e-07
170668	0.001777101739
170669	0.001778191564
170670	0.001302476162
170671	0.0006213398204
170672	0.002212146943
170673	0.001843975871
170674	0.001297646163
170675	0.002507121857
170676	0.002246405754
170677	0.001503174135
170678	0.001954196656
170679	0.001940831721
170680	0.001489816774
170681	0.002691538188
170682	0.002334871691
170683	0.002747592068
170684	0.002172751447
170685	0.001655723419
170686	0.001028600863
170687	0.004183586724
170688	0.004753519437
170689	0.005002857533
170690	0.00200505819
170691	0
170692	0.001034817742
170693	0.001792975098
170694	0.002261502933
170695	0.002749118587
170696	0.002430080288
170697	0.001366917293
170698	0.002384090794
170699	8.276777455e-05
170700	0.000716939255
170701	0.001760352489
170702	0.00227114543
170703	0.000399119017
170704	0.000300653654
170705	0.0002276343097
170706	0.001115577778
170707	0.002206885306
170708	0.002746737335
170709	0.0008517028226
170710	0.002527850334
170711	0.002416151584
170712	0.001099337304
170713	0.001961017022
170714	0.001089081337
170715	0.0001085623748
170716	0.002450574834
170717	0.0007051648831
170718	0.002424453141
170719	0.0004284914835
170720	0.001467474834
170721	0.001641406789
170722	0.001247235719
170723	0.001486229325
170724	0.0009363685776
170725	0.002628767666
170726	0.0005286234394
170727	0.001306168545
170728	0.00180023323
170729	0.000962820212
170730	0.001701678171
170731	0.00212917032
170732	0.0003843151786
170733	0.001406623654
170734	0.0007259211236
170735	0.001228575876
170736	0.001164331126
170737	0.004916193807
170738	0.0002517371041
170739	0.002596425381
170740	0.00334858556
170741	0.0005766481725
170742	0.0009767915083
170743	0.00218589926
170744	0.005518192636
170745	0.0004114654579
170746	0.006088970872
170747	0.0001009655577
170748	0.004843063499
170749	0.0001104254935
170750	0.002546138694
170751	0.006985813859
170752	0.004182495869
170753	0.001084058891
170754	0.0003278404171
170755	0.004080116155
170756	0.002166930518
170757	0.003012647276
170758	0.001089464416
170759	0.001358070001
170760	0.001439326243
170761	5.943495158e-07
170762	0.0005436311462
170763	0.003033260344
170764	0.002055628766
170765	0.01411560029
170766	0.0009821252108
170767	0.001208150343
170768	0.01265352383
170769	0.000671582008
170770	0.001800947328
170771	0.009427088137
170772	0.001471948415
170773	0.001116522426
170774	0.003617711813
170775	0.0002409249665
170776	0.002334630511
170777	0.01046399808
170778	0.001334155788
170779	0.006183812847
170780	0.001151948644
170781	0.001817947095
170782	0.0008943751644
170783	0.01012423303
170784	0.0003765476365
170785	0.004892583104
170786	0.005326799476
170787	0.001543522785
170788	0.006241617242
170789	0.009138443558
170790	0.003025715838
170791	0.003943608862
170792	0.01761858976
170793	0.01202116182
170794	0.002378135926
170795	0.001992314177
170796	0.007537607509
170797	0.01255564456
170798	0.01081432327
170799	0.002379843707
170800	0.001305556199
170801	0.01648699057
170802	0.005127981391
170803	0.00744621304
170804	0.003196413218
170805	0.00955183737
170806	0.00380161051
170807	0.007574329516
170808	0.002378949132
170809	0.0148911879
170810	0.006034876307
170811	0.000206627054
170812	0.006889415777
170813	0.001992785375
170814	0.01342073192
170815	0.01161755966
170816	0.006001284444
170817	0.004497626627
170818	0.002865139357
170819	0.002851798262
170820	0.002501276598
170821	0.0003060356924
170822	0.001705117609
170823	0.00516025283
170824	0.003860064878
170825	0.009602410519
170826	0.0009007435431
170827	0.004072637678
170828	0.004229313374
170829	0.006997170144
170830	0.001682757687
170831	0.004311114921
170832	0.0003311210316
170833	0.00221399296
170834	0.002162239619
170835	0.003749976371
170836	0.008406611145
170837	0.01141547826
170838	0.001071634285
170839	0.005202274594
170840	0.008288593374
170841	0.003282037323
170842	0.009290194115
170843	0.000786762707
170844	0.004326906312
170845	0.007242651088
170846	0.002806708666
170847	0.01017180419
170848	0.001927103975
170849	0.009046773883
170850	0.01096246869
170851	0.008312957034
170852	0.002285541112
170853	0.0002809433839
170854	0.006008672285
170855	0.002691183775
170856	0.004948379958
170857	0.001273742095
170858	0.006636859133
170859	0.001101593253
170860	0.007830683782
170861	0.001736726685
170862	0.004349777312
170863	0.0001621472967
170864	0.0003555893323
170865	0.0006306295139
170866	0.0007279018642
170867	0.0002130122514
170868	3.770902239e-05
170869	0.001824336859
170870	0.01410322075
170871	0.00173064157
170872	0.002287372932
170873	0.0006401939943
170874	0.0005152216486
170875	0.01282352242
170876	0.001938266228
170877	0.009783496349
170878	0.00062420248
170879	0.003438387028
170880	0.0007846120962
170881	0.001709059571
170882	0.002121693063
170883	0.001511609373
170884	0.001771236048
170885	0.002408010065
170886	0.001481454131
170887	0.0002758383514
170888	0.002487162149
170889	0.002109426587
170890	0.003450442436
170891	0.007526198349
170892	0.00289093223
170893	0.0002653707842
170894	0.004275339408
170895	0.0003554935342
170896	0.0008289745281
170897	0.001164170657
170898	0.0009250882162
170899	0.00110725364
170900	0.0001281428026
170901	0.00110159444
170902	0.001711853671
170903	0.004118778193
170904	0.004032633073
170905	0.004967035883
170906	0.001547509079
170907	0.0003343862051
170908	0.001486993298
170909	0.0009121277878
170910	0.004951176277
170911	0.000694701886
170912	0.0005423078215
170913	0.004036365736
170914	0.01391800551
170915	0.0006537079508
170916	0.00593092761
170917	0.0008820188853
170918	0.0003916041489
170919	0.01564164826
170920	0.002145223865
170921	0.003591612454
170922	0.005934154339
170923	0.01469993643
170924	0.004682768068
170925	0.007346409213
170926	0.00608595695
170927	0.005982162324
170928	0.01514363662
170929	0.005205644629
170930	0.002385815795
170931	0.0004630006735
170932	0.0005674565938
170933	0.0001294681482
170934	0.0003384857784
170935	0.0007305799581
170936	0.002779555939
170937	0.001599798447
170938	0.0009157449882
170939	0.002295294775
170940	0.007148362603
170941	0.003858660064
170942	0.001121266835
170943	0.001147953756
170944	0.0005111323149
170945	0.0005724762547
170946	0.002296255656
170947	0.001265573042
170948	0.00218818229
170949	0.004529374245
170950	0.00877403603
170951	0.003739165593
170952	0.001891171251
170953	0.001241207061
170954	0.007970918274
170955	0.005484388994
170956	0.0003158134374
170957	0.004705176357
170958	0.008431894378
170959	0.001116608993
170960	0.003098271925
170961	0.00508758953
170962	0.001481423177
170963	0.01628707131
170964	0.01420899139
170965	0.01095086589
170966	0.0003269263937
170967	0.002784730178
170968	0.0002042446934
170969	0.002371154976
170970	0.002814444535
170971	0.0123589171
170972	0.004750819366
170973	0.003010486797
170974	0.008684621303
170975	0.01395291779
170976	0.01398209622
170977	0.001842190034
170978	0.001300749952
170979	0.001486467616
170980	0.001181919402
170981	0.0003833082961
170982	0.0005475064166
170983	0.0008513957464
170984	0.001389552631
170985	0.01581288313
170986	0.002645848171
170987	0.0003606182866
170988	0.0009642654443
170989	0.0008854091933
170990	0.0002777863911
170991	0.0007666435312
170992	0.000105644114
170993	0.003497011478
170994	0.01225726654
170995	0.002958096579
170996	0.005752619032
170997	0.0004245421705
170998	0.000656872788
170999	0.00826515045
171000	0.005167233703
171001	0.01139419811
171002	0.005161436772
171003	0.0007318358154
171004	0.002220323386
171005	0.001390539872
171006	0.0004994609131
171007	0.002082924639
171008	0.0005919117425
171009	0.0006788432072
171010	0.002898010391
171011	0.001976346449
171012	0.001099592752
171013	0.00232634369
171014	0.001612485276
171015	0.002606318933
171016	0.0005402512236
171017	0.006262559475
171018	0.003503690715
171019	0.00199944723
171020	0.005244063631
171021	0.003515616666
171022	0.01185698214
171023	1.478015908e-05
171024	0.00197187073
171025	0.008286938504
171026	0.01039683255
171027	0.0185905466
171028	0.005796025168
171029	0.006244866477
171030	0.002624583175
171031	0.006827160853
171032	0.007510704241
171033	0.01601004745
171034	0.005989687901
171035	0.01010036048
171036	0.008064126245
171037	0.008258184441
171038	0.001062659145
171039	0.004048697333
171040	0.006357113872
171041	0.0002632781628
171042	0.0009235812346
171043	0.001510457456
171044	0.01211271514
171045	0.004559947943
171046	0.002730385766
171047	0.0007925094941
171048	0.0006673476874
171049	0.002192815855
171050	0.001051128562
171051	0.0009797628536
171052	0.004365439608
171053	0.002875809942
171054	0.01377069192
171055	0.001195830612
171056	0.005228169123
171057	0.005040928765
171058	0.002244812875
171059	0.002524982207
171060	0.009198284478
171061	0.001134433869
171062	0.00482478197
171063	0.00470650109
171064	0.0006062454522
171065	0.0097944249
171066	0.01565557966
171067	0.01147967638
171068	0.007109706708
171069	0.009811959836
171070	0.005399672286
171071	0.004604425941
171072	0.001287693351
171073	0.006656959147
171074	0.02362832824
171075	0.001245401649
171076	0.00386285154
171077	0.003923276394
171078	0.001663405254
171079	0.00777490745
171080	3.124404951e-05
171081	0.004648697492
171082	0.01009901802
171083	0.002077080101
171084	0.009650756649
171085	0.009389756813
171086	0.0168216709
171087	0.002200397065
171088	0.009184036322
171089	0.005270122556
171090	0.002944201871
171091	0.009642426618
171092	0.004062217117
171093	0.01364721885
171094	0.004322155202
171095	0.0002124040943
171096	0.007552681538
171097	0.001588334375
171098	0.002103829025
171099	0.001984125721
171100	0.000517110177
171101	0.001987055269
171102	0.006475389556
171103	0.000546029873
171104	0.006534326779
171105	0.0007072927551
171106	0.0005085137934
171107	0.001800072165
171108	0.001227120696
171109	0.002979107107
171110	0.001317752342
171111	0.002991400361
171112	0.0005962979231
171113	0.02513129843
171114	0.001306516923
171115	0.0007715084734
171116	0.008276858529
171117	0.01425212748
171118	0.002700290163
171119	0.01529005214
171120	0.0005163494675
171121	0.01568863997
171122	0.01778534304
171123	0.003313129407
171124	0.003958215117
171125	0.008867401307
171126	0.0006268952243
171127	0.001817421685
171128	0.007987889264
171129	0.007235740016
171130	0.002555703165
171131	0.002958935975
171132	0.0038033773
171133	0.003653460214
171134	0.002609296621
171135	0.00240580952
171136	0.00381347367
171137	0.002155214018
171138	0.003305530524
171139	0.003764868032
171140	0.005854407949
171141	0.003567538864
171142	0.003029576473
171143	0.004577725232
171144	0.005238966938
171145	0.003017999193
171146	0.00318083757
171147	0.0022969608
171148	0.004322903807
171149	0.003285773478
171150	0.003394819776
171151	0.005107434953
171152	0.0002438726334
171153	0.003312631322
171154	0.003383829058
171155	0.002322296434
171156	0.002593546078
171157	0.003448829144
171158	0.00318783712
171159	0.002214927424
171160	0.003271818769
171161	0.006190279992
171162	0.002121482464
171163	0.002951125765
171164	0.003589847545
171165	0.001460206666
171166	0.006752553299
171167	0.00316705959
171168	0.002611014805
171169	0.003303936256
171170	0.0009109379441
171171	0.000907275729
171172	0.003797182417
171173	0.003834417575
171174	0.004614258212
171175	0.002957229624
171176	0.00259363326
171177	0.00473380251
171178	0.005838696979
171179	0.000479424986
171180	0.003039028201
171181	0.003246969086
171182	0.004671610116
171183	0.004338192242
171184	0.002694009243
171185	0.001966615477
171186	0.003078899073
171187	0.0025403081
171188	0.003092007499
171189	0.002773387279
171190	0.003459178002
171191	0.002250980474
171192	0.003069402219
171193	0.003719776115
171194	0.001481133732
171195	0.003243624674
171196	5.69532291e-05
171197	0.003106437966
171198	0.002753639567
171199	0.003365885448
171200	0.004031906728
171201	0.002709519462
171202	0.002668365464
171203	0.001184627248
171204	0.003216230553
171205	0.002751932084
171206	0.005139821779
171207	0.0004990864292
171208	0.002417046411
171209	0.003350647326
171210	0.002973541105
171211	0.002676121008
171212	0.000710509958
171213	0.00312693369
171214	0.002893726276
171215	0.00486380544
171216	0.003643420097
171217	0.0008727993847
171218	0.003999308214
171219	0.003789090588
171220	0.001897214615
171221	0.003480741445
171222	0.003372294993
171223	0.0001726801672
171224	0.003313629585
171225	0.003750578828
171226	0.0007746784765
171227	0.000397519869
171228	0.001333994008
171229	0.01201823727
171230	0.003287693297
171231	0.001961505965
171232	0.002887765517
171233	0.002883466498
171234	0.004771364176
171235	0.0005073051
171236	0.003099547097
171237	0.008763790183
171238	0.001690027174
171239	0.002887658191
171240	0.003065916926
171241	0.002810060768
171242	0.002049157847
171243	0.0003207814483
171244	0.004139758603
171245	0.004791194514
171246	0.003369941738
171247	0.000365108889
171248	0.002304842991
171249	0.002181919173
171250	0.002659135992
171251	0.002359881748
171252	0.002532955713
171253	0.001957498863
171254	0.002680079789
171255	0.002508138878
171256	0.002456369251
171257	0.0001121119752
171258	0.00264417043
171259	0.002981025
171260	0.002514749767
171261	0.003104427758
171262	8.850149702e-05
171263	0.002685325439
171264	0.0003457747743
171265	0.002642835755
171266	0.002842151413
171267	0.002375840415
171268	0.002804058694
171269	0.00258408389
171270	0.004434653074
171271	0.00313504278
171272	0.002718763904
171273	0.002871975005
171274	0.003697072809
171275	0.002527991852
171276	0.002186372445
171277	0.002512465808
171278	0.0006871400786
171279	0.002497952261
171280	0.003229960502
171281	0.003867663214
171282	0.00274233713
171283	0.003051002125
171284	0.003675713389
171285	0.002465462214
171286	0.002758602692
171287	0.004336045179
171288	0.003775276788
171289	0.003652844887
171290	0.001841924565
171291	0.003922858332
171292	0.002404899467
171293	0.004952298247
171294	0.002624374779
171295	0.003104009744
171296	0.00257480537
171297	0.00297857349
171298	0.002458861386
171299	0.002670429699
171300	0.001867848813
171301	0.002042346257
171302	0.001836655417
171303	0.001979971837
171304	0.002838756992
171305	0.002121168776
171306	0.001835590826
171307	0.004011771016
171308	0.002265965053
171309	0.002210179121
171310	0.00264561747
171311	0.002966261205
171312	0.001312767864
171313	0.006482837092
171314	0.0006670985115
171315	0.002077274373
171316	0.003844460916
171317	0.002926784013
171318	0.002177225365
171319	0.002470817083
171320	0.001664592957
171321	0.005176920448
171322	0.005555182062
171323	0.003243896304
171324	0.002865548079
171325	0.006566785076
171326	0.002702236417
171327	0.0004585807229
171328	0.004312925061
171329	0.003021542656
171330	0.00276090843
171331	0.004419568427
171332	0.002059770801
171333	0.00329264908
171334	0.003262487067
171335	0.002643792218
171336	0.002619958961
171337	0.0007022292382
171338	0.001445826474
171339	0.002263176004
171340	0.00274524413
171341	0.003137699323
171342	0.0008181946061
171343	0.002287971072
171344	0.002674528309
171345	0.002674812179
171346	0.002694922488
171347	0.004493951211
171348	0.003131621031
171349	0.004722576034
171350	0.002177941401
171351	0.00364346045
171352	0.003205484716
171353	0.003221427875
171354	0.002560424283
171355	0.004552557022
171356	0.003355684197
171357	0.001147568347
171358	0.003023720803
171359	0.005382621389
171360	0.002378291979
171361	0.002973014819
171362	0.002719966729
171363	0.001539125692
171364	0.0007270509204
171365	0.003031548842
171366	0.002113265018
171367	0.002149808764
171368	0.002732106578
171369	0.002857523607
171370	0.00298345778
171371	0.004051463319
171372	0.002922170352
171373	0.0004983723369
171374	0.00372378775
171375	0.0009520375892
171376	0.0004257396525
171377	0.001944411573
171378	0.0009830160885
171379	0.00324880659
171380	0.002704190947
171381	0.001567564752
171382	0.002859943269
171383	0.002451095992
171384	0.0005984745383
171385	0.003079487472
171386	0.002774973489
171387	0.004013120557
171388	0.001462148183
171389	0.002490700196
171390	0.002469045343
171391	0.002566266008
171392	0.002769051862
171393	0.002727194383
171394	0.001350007458
171395	0.002175440828
171396	0.004094752641
171397	0.002942186036
171398	0.002398740568
171399	0.002334279368
171400	0.003087311731
171401	0.002798921099
171402	0.002352980413
171403	0.002856120848
171404	0.00225817386
171405	0.003985673259
171406	0.002459301421
171407	0.00406423722
171408	0.00292525535
171409	0.001333467917
171410	0.003290416217
171411	0.0001450669233
171412	0.004688657778
171413	0.002397592598
171414	0.002974150074
171415	0.002800226117
171416	0.0007841507434
171417	0.0007435897367
171418	0.002522543101
171419	0.00327655301
171420	0.004521880787
171421	0.003242874518
171422	0.003859902549
171423	0.001807541818
171424	0.000500747955
171425	0.0008527178478
171426	0.0006718907259
171427	0.008107188823
171428	0.001571339336
171429	0.003292795136
171430	0.005359067964
171431	0.00978235809
171432	0.007707473259
171433	0.009143391044
171434	0.002774469826
171435	0.002946630494
171436	0.007230965386
171437	0.003847124909
171438	0.001288089136
171439	0.001761660584
171440	0.001861344087
171441	0.001131065119
171442	3.698598819e-05
171443	0.0002993969732
171444	0.00136048855
171445	0.001011017639
171446	0.002400027937
171447	0.001772355825
171448	0.007300007282
171449	0.0006650683692
171450	0.003795341255
171451	0.00189768119
171452	0.0006397455074
171453	0.001576880618
171454	0.0007153186481
171455	0.0007014723117
171456	0.0005165772737
171457	0.007228967124
171458	0.001331503403
171459	0.002932914929
171460	0.006987614882
171461	0.01217746703
171462	0.005075827323
171463	0.002109536095
171464	0.004971286399
171465	0.009302922916
171466	0.0060987828
171467	0.005589147633
171468	0.002685482151
171469	0.005742563292
171470	0.002292139773
171471	0.006072507788
171472	0.006478156922
171473	0.003041815384
171474	0.002538728427
171475	0.004170879226
171476	0.008401848114
171477	0.001465658447
171478	0.006831266055
171479	0.0006229875883
171480	0.0005801124176
171481	0.009296343687
171482	0.006340199312
171483	0.006476903828
171484	0.006458816372
171485	0.008268283886
171486	0.006532508762
171487	0.002590307122
171488	0.002246873023
171489	0.008132172669
171490	0.004343204515
171491	0.006402899128
171492	0.003326189921
171493	0.004012690118
171494	0.001456092609
171495	0.003185465981
171496	0.002768599982
171497	0.002477701232
171498	0.001496762155
171499	0.01860699275
171500	0.002321954973
171501	0.006541820221
171502	0.0009720650426
171503	0.00146838294
171504	0.01080583816
171505	0.002376686652
171506	0.01061406051
171507	0.002177660096
171508	0.008200622004
171509	0.006513675328
171510	0.00368389191
171511	0.005375365481
171512	0.0041568441
171513	0.0004186521135
171514	0.0002757329618
171515	0.00132540309
171516	0.0006566911859
171517	0.001151385145
171518	0.01103407076
171519	0.002379545856
171520	0.0005320341221
171521	0.001284085309
171522	0.00305459038
171523	0.007781876145
171524	0.003365327067
171525	0.007669442885
171526	0.003724742031
171527	0.005619732997
171528	0.000136693643
171529	0.0007975998723
171530	0.001175794794
171531	0.003236311205
171532	0.004460801926
171533	0.003034103818
171534	0.00271680663
171535	0.002575207643
171536	0.001050409255
171537	0.001088347815
171538	0.001374104193
171539	0.004754524644
171540	0.006779999203
171541	0.004636600859
171542	0.006016597082
171543	0.0001338307239
171544	0.004520821525
171545	0.005079291317
171546	0.004918229134
171547	0.01197706543
171548	0.00663901402
171549	0.001819089168
171550	0.001780672252
171551	0.003955206433
171552	0.0009849746817
171553	0.001937809706
171554	0.001938740521
171555	0.006010031007
171556	0.001993495846
171557	0.001126447337
171558	0.003926511101
171559	0.00288892653
171560	0.007285234507
171561	0.009306385968
171562	0.00432186149
171563	0.002123825788
171564	0.006548928097
171565	0.008887562087
171566	0.0003607501684
171567	0.0001019889635
171568	0.0007631535098
171569	0.004431333307
171570	0.006984708434
171571	0.006213717835
171572	0.002167912995
171573	1.86384863e-05
171574	0.0001324852496
171575	0.0004836855946
171576	0.01120625
171577	0.004953195667
171578	0.009907812501
171579	0.02079852872
171580	0.0006684427157
171581	0.0006304620186
171582	0.008340603285
171583	0.001179394167
171584	0.0006358532425
171585	0.0006007715239
171586	0.0005144609788
171587	0.005205365035
171588	0.006361621339
171589	0.008677365408
171590	0.0138872871
171591	0.002232276146
171592	0.01207030278
171593	0.00780876359
171594	0.01535406247
171595	4.414082477e-05
171596	0.005941931399
171597	0.002309044868
171598	0.001131362492
171599	8.284626587e-05
171600	0.001358283108
171601	0.007939552921
171602	0.004903312841
171603	0.00279332516
171604	0.001093268778
171605	0.00592330096
171606	0.008390974832
171607	0.0005597339654
171608	0.01719889007
171609	0.001424794397
171610	0.001904397171
171611	0.0063565394
171612	0.005499981333
171613	0.002269037598
171614	0.003962719665
171615	0.004221153371
171616	0.004777537766
171617	0.003072289209
171618	0.002446334186
171619	0.001165358493
171620	0.002129116628
171621	1.227020252e-06
171622	0.003637506892
171623	4.645510656e-05
171624	0.004064036335
171625	0.002457253766
171626	0.0006910515979
171627	0.005372293349
171628	0.005942675966
171629	0.004494122321
171630	0.005170732353
171631	0.008401445753
171632	0.008178677803
171633	0.007577936489
171634	0.003741311909
171635	0.002219894802
171636	0.004890339693
171637	0.0003635509751
171638	0.007382734598
171639	0.005827410725
171640	0.007121598128
171641	0.008920236226
171642	0.01785023533
171643	0.004781565071
171644	0.0008732661572
171645	0.01112709504
171646	0.008480426768
171647	0.011372955
171648	0.0086215257
171649	0.0007701143439
171650	0.0002180931459
171651	0.009767802688
171652	0.004232080439
171653	0.01044337119
171654	0.002017806861
171655	0.01260492755
171656	0.003099123183
171657	0.003582079536
171658	0.0109393262
171659	0.009388655276
171660	0.01290275142
171661	0.007324882558
171662	0.0111446378
171663	0.0009895304524
171664	0.002664471093
171665	0.002935552294
171666	0.008746113307
171667	0.007744596637
171668	0.007609339415
171669	0.005166471139
171670	0.008369216206
171671	0.005026448262
171672	0.01782974104
171673	0.004749270819
171674	0.005290144883
171675	0.0009657265005
171676	0.01013530998
171677	0.0007914827531
171678	0.001870739822
171679	0.00408324119
171680	0.005005578068
171681	0.004463760245
171682	0.001303977221
171683	0.005512234117
171684	0.00209203362
171685	0.002356339499
171686	0.003927599468
171687	0.01161274904
171688	0.006966394447
171689	0.0008813754719
171690	0.003905193903
171691	0.001249093727
171692	0.0001070554706
171693	0.00526721384
171694	0.003676239032
171695	0.003742445241
171696	0.006223338548
171697	0.002419139652
171698	0.0003213903114
171699	0.005535101998
171700	0.002851059548
171701	0.006407698772
171702	0.01154659657
171703	0.0015917761
171704	0.001693004859
171705	0.004388445166
171706	0.001395937081
171707	0.001568955242
171708	0.0005933228059
171709	0.006241637746
171710	0.001551676242
171711	0.0061959704
171712	0.00997263841
171713	0.001092821851
171714	0.003842324479
171715	0.0007073909221
171716	0.007988394281
171717	0.00608034617
171718	0.0004385099703
171719	0.00266194358
171720	0.005716341945
171721	0.001811848585
171722	0.005525936941
171723	0.002551020026
171724	0.004249436982
171725	0.002448741183
171726	0.003858373202
171727	0.003205837523
171728	0.01071601563
171729	0.002748896222
171730	0.0001180787617
171731	0.002303818103
171732	0.0005100860476
171733	0.005636799482
171734	0.0008931858694
171735	0.000739872328
171736	0.008447464776
171737	0.005362222475
171738	0.01516554838
171739	0.003098064345
171740	0.009191991611
171741	0.0008987107845
171742	0.005297909831
171743	0.002549427385
171744	0.0003795488332
171745	0.001597622841
171746	0.0004999152409
171747	0.001907018232
171748	0.002903534976
171749	0.01219060825
171750	0.007081285504
171751	0.003398933673
171752	0.001608961376
171753	0.0009408685354
171754	0.004102412936
171755	0.005881580481
171756	0.00170157102
171757	0.005177276705
171758	0.006383700621
171759	0.005384548902
171760	0.003823547102
171761	4.311924652e-05
171762	0.0004142881785
171763	0.001420208929
171764	0.001509580132
171765	3.839977588e-05
171766	0.005041401971
171767	0.01037802705
171768	0.0135248191
171769	0.0002442352394
171770	0.003317234484
171771	0.01702301368
171772	0.01121673422
171773	0.003100083953
171774	0.001888351426
171775	0.001677397319
171776	0.005438905256
171777	0.004764685327
171778	0.0003179363047
171779	0.003207571011
171780	0.002175582973
171781	0.008924368052
171782	0.001816649198
171783	0.002207648263
171784	0.0005572409913
171785	0.0002917016243
171786	0.002109380867
171787	0.0002498442073
171788	0.004777429147
171789	0.001281671697
171790	0.007677553625
171791	0.00227923362
171792	0.0002345404754
171793	0.0007916137317
171794	0.00479529289
171795	0.003302913924
171796	0.003366462505
171797	1.040435381e-05
171798	0.001767523308
171799	0.0007555417856
171800	0.002238465453
171801	0.006427718394
171802	0.005715793665
171803	0.001205632188
171804	0.001839236268
171805	0.005186389139
171806	0.002387052652
171807	0.001324573038
171808	0.006967823065
171809	0.003499827918
171810	0.003559961445
171811	0.0002774868987
171812	0.007244876362
171813	0.0002183690161
171814	0.002407363566
171815	0.00172804713
171816	0.002150379665
171817	0.002053746331
171818	1.6436182e-05
171819	0.006100830686
171820	0.001506563491
171821	0.0001801743632
171822	0.002866637357
171823	0.002618550934
171824	0.000517417314
171825	0.002703048464
171826	0.004834920631
171827	0.01086233701
171828	0.007926197864
171829	0.004966138531
171830	0.004353605897
171831	0.000539555368
171832	0.005183487847
171833	0.002137585181
171834	0.009676190067
171835	0.002037697296
171836	0.00337370482
171837	0.001803392418
171838	0.004709306351
171839	0.001368588944
171840	0.0009974499789
171841	0.000319015986
171842	0.0008993972008
171843	0.006029170441
171844	0.001393651113
171845	0.009929158731
171846	0.0002340770381
171847	0.004568843422
171848	0.001576558795
171849	8.414913793e-05
171850	0.006631381176
171851	0.001719126137
171852	0.003531642657
171853	0.002976050522
171854	0.0008855450073
171855	0.002219304922
171856	0.002705270974
171857	0.0006718841086
171858	0.0006655054624
171859	0.001003688962
171860	0.0003160521218
171861	0.00117783363
171862	0.0001153473682
171863	0.00871169594
171864	0.01142788611
171865	0.009026824146
171866	0.01333380217
171867	0.001298992393
171868	0.003065932101
171869	0.001702462954
171870	0.001841612974
171871	0.006077154091
171872	0.0008382318602
171873	0.004471575539
171874	0.0001684453696
171875	0.005355902608
171876	0.001209374727
171877	0.00648565034
171878	0.002473033841
171879	0.002741311558
171880	0.00205775228
171881	0.0004463562141
171882	0.001689319426
171883	0.001375404986
171884	0.006769909053
171885	0.002325636694
171886	0.005528496238
171887	0.001870476444
171888	0.01023971179
171889	0.01104379326
171890	0.0006756352341
171891	0.0006872333072
171892	0.005822682539
171893	0.002208633246
171894	0.002377993073
171895	0.0006737433339
171896	0.0007632173206
171897	0.004971651818
171898	0.003038921329
171899	1.357106322e-05
171900	0.00152425801
171901	0.0008057272129
171902	0.001999718212
171903	0.004255472708
171904	0.008348946378
171905	0.004120213772
171906	0.004528300488
171907	0.001206250909
171908	0.0004422305377
171909	0.003101088505
171910	0.001877105592
171911	0.002862705786
171912	0.002102891943
171913	0.000850209996
171914	0.002868442665
171915	0.0007077823313
171916	0.0004100284707
171917	0.01172295068
171918	0.001332340301
171919	0.002180163678
171920	0.003960667944
171921	0.001748453471
171922	0.007055719196
171923	0.001743051639
171924	0.001310703003
171925	0.005787196859
171926	0.004396620586
171927	0.004537691725
171928	0.001625463123
171929	0.002643319779
171930	0.004792441039
171931	0.006789592589
171932	0.003042668638
171933	0.0001613356677
171934	0.002417524805
171935	0.001482756825
171936	0.0002281993513
171937	0.0004092187033
171938	0.002420734265
171939	0.008614988098
171940	0.004163881428
171941	0.004132111673
171942	0.003498053785
171943	0.005813871974
171944	0.00802107017
171945	0.001893858926
171946	0.001214379505
171947	0.0005836523437
171948	0.004131647128
171949	0.009097128492
171950	0.005267347089
171951	0.001536459639
171952	0.001662852689
171953	0.003119574432
171954	0.002038119122
171955	0.004520455976
171956	0.009479755846
171957	0.006987437992
171958	0.001894534271
171959	0.003361916298
171960	0.0009779235124
171961	0.008130585527
171962	0.009460479423
171963	0.008676296891
171964	0.006682543863
171965	0.004280314255
171966	0.005825821658
171967	0.01064981451
171968	0.003364391629
171969	0.0004004888092
171970	0.002624895127
171971	0.001871159171
171972	0.003948854794
171973	0.005217578407
171974	0.008435067677
171975	0.003199495174
171976	0.008645843277
171977	0.00310983858
171978	0.007975410145
171979	0.0007047469191
171980	0.002263280723
171981	0.0008129807246
171982	0.0004635561361
171983	0.001606632688
171984	0.003849583858
171985	0.009103731488
171986	0
171987	0.003398094119
171988	0.004275864431
171989	0.003537313974
171990	0.003054698228
171991	0.0109893905
171992	0.00406299214
171993	0.0005089199552
171994	0.01030927167
171995	0.00413856276
171996	0.001438629688
171997	0.003826170926
171998	0.0004728203503
171999	0.00506883767
172000	0.008790403243
172001	0.005070422309
172002	0.005412765148
172003	0.0002486695487
172004	0.0016556114
172005	0.004890367816
172006	0.002819858119
172007	0.0001695555048
172008	0.0005198911485
172009	0.001547793952
172010	0.006270927306
172011	0.0002214173396
172012	0.002390128741
172013	0.01534531215
172014	0.004009876902
172015	0.001985217741
172016	0.002117160578
172017	0.01081494265
172018	0.003789244179
172019	0.007756645453
172020	0.00324539696
172021	0.002390540266
172022	0.002740284501
172023	0.001536492996
172024	0.0006472505836
172025	0.0012918583
172026	0.001553378365
172027	0.001093281304
172028	0.003076220307
172029	0.0005698350046
172030	0.004007979856
172031	0.0009833524019
172032	9.55022537e-05
172033	0.001378450275
172034	0.0009977067289
172035	3.131098845e-07
172036	0.001271539807
172037	0.004765278803
172038	0.002965146189
172039	0.0001137253025
172040	0.0001093206733
172041	0.003907339546
172042	0.001239744694
172043	0.004987284372
172044	0.001844866222
172045	0.005073602018
172046	0.00377186216
172047	0.0008574915249
172048	0.002594999162
172049	0.003474690254
172050	0.002761602854
172051	0.001895166181
172052	0.003651029427
172053	0.0008682700123
172054	0.002788926059
172055	0.009307273808
172056	0.008053632869
172057	0.001063902662
172058	0.0001453623006
172059	0.001973229401
172060	0.0008699998159
172061	0.003207739204
172062	0.005666765816
172063	0.001819616653
172064	0.006545022694
172065	0.002512878162
172066	0.002387254246
172067	0.006986654306
172068	0.002780216765
172069	0.01022998782
172070	0.002120963718
172071	0.005618530059
172072	0.001002613162
172073	0.004010066788
172074	0.00318250499
172075	0.01111111776
172076	0.002189466697
172077	0.0005550989393
172078	0.002269068409
172079	0.009187792734
172080	0.002454218867
172081	0.001181989373
172082	0.01501905322
172083	0.005089076499
172084	0.01002706076
172085	0.003411975427
172086	0.003221618897
172087	0.007263780172
172088	0.0118567194
172089	0.003836571424
172090	0.003526165272
172091	0.006961245411
172092	0.001079246
172093	0.004162671622
172094	0.008655700825
172095	0.00176771955
172096	5.115130807e-05
172097	0.01017794658
172098	0.006716151758
172099	0.001171003659
172100	0.00621426105
172101	0.001396192509
172102	0.00531265798
172103	0.0034735161
172104	0.003265149267
172105	0.001470685305
172106	0.001196248685
172107	0.001898504995
172108	0.006818871805
172109	0.004368882825
172110	0.00179993309
172111	0.00359608238
172112	0.0003293391536
172113	0.002560722386
172114	0.002132784026
172115	0.007270678845
172116	0.0017547902
172117	0.005709434845
172118	0.001511437887
172119	0.003119502181
172120	0.004203893737
172121	0.004711141468
172122	0.00045691034
172123	0.005045854578
172124	0.001526739084
172125	0.001164391299
172126	0.0003738159279
172127	0.002685989739
172128	0.007480555724
172129	0.002438578559
172130	0.0003274624478
172131	0.009356057775
172132	0.0007925752144
172133	0.004322508182
172134	0.0029231083
172135	0.002000545802
172136	0.007751407269
172137	0.001977629401
172138	0.001735224771
172139	0.0009484130863
172140	0.0101824824
172141	0.007640725323
172142	0.00733966977
172143	0.001709287453
172144	0.001207194033
172145	0.009755997427
172146	0.002433211007
172147	0.0009331142708
172148	0.01414855791
172149	0.005681403675
172150	0.008671440527
172151	0.005605894915
172152	0.006441521289
172153	0.001492293659
172154	0.005126242704
172155	0.003898758875
172156	0.0001128021934
172157	0.006877921285
172158	0.0007830900374
172159	0.002732217724
172160	0.005686631653
172161	0.003261691351
172162	0.004593855438
172163	0.004891661361
172164	0.005111954135
172165	0.001570742496
172166	0.0004459703732
172167	0.001853116498
172168	0.007496935879
172169	0.007002666355
172170	0.006530896261
172171	0.005306560815
172172	0.002440117913
172173	0.002936151071
172174	0.005327126251
172175	0.009971237165
172176	0.001339681226
172177	0.0009926885956
172178	0.01075851958
172179	0.002463009323
172180	0.007002173291
172181	0.005899680164
172182	0.007288243544
172183	0.007074940506
172184	4.988724155e-05
172185	0.004294027911
172186	0.002969756898
172187	0.003182459593
172188	0.00168028666
172189	0.003183827754
172190	0.002726467363
172191	0.0002499836915
172192	0.008259312202
172193	0.0002818155946
172194	0.0004542120872
172195	0.008697150169
172196	0.001579125077
172197	0.003277154874
172198	0.007108430139
172199	0.004447017971
172200	0.002046477666
172201	0.004677963352
172202	0.005106177108
172203	0.002841612161
172204	0.003045003394
172205	0.002012346908
172206	0.0122716055
172207	0.00782336028
172208	0.004175686841
172209	0.006313416267
172210	7.285031672e-05
172211	0.00292077729
172212	0.0005052991307
172213	0.004794689957
172214	0.004725923866
172215	0.002550592621
172216	0.006047070828
172217	0.001180758247
172218	0.003685743332
172219	0.003482115451
172220	0.0009355038488
172221	0.006607223384
172222	0.004626428363
172223	0.003551865391
172224	0.0001936399038
172225	0.000543859029
172226	0.002080802742
172227	0.005918843255
172228	0.01056705767
172229	0.00704775994
172230	0.007266823608
172231	0.003513093944
172232	0.002112448698
172233	0.0007313675209
172234	0.0003871129271
172235	0.00077747526
172236	0.0001769325241
172237	0.002577240932
172238	0.0005315510601
172239	0.002900902359
172240	0.0002289208341
172241	0.002492975082
172242	0.0005950765697
172243	0.0005653949298
172244	0.0002614775964
172245	0.0001391437417
172246	0.0003799438228
172247	0.0006348622425
172248	0.001090256578
172249	3.567886824e-05
172250	0.001244290109
172251	1.862141278e-05
172252	0.007736911866
172253	0.001195384982
172254	0.01404554511
172255	0.005457800096
172256	0.007839391898
172257	0.01096030099
172258	0.003752364523
172259	0.008278127062
172260	0.005552662017
172261	0.001037628443
172262	0.00382118512
172263	0.0008402542847
172264	0.004799077754
172265	0.002999650738
172266	0.001197964468
172267	0.001880077351
172268	0.002895078103
172269	0.005314812876
172270	0.0002104995083
172271	0.0009661987763
172272	0.00252389005
172273	0.004884837663
172274	0.0005634468782
172275	0.009686913841
172276	0.002511604742
172277	0.01523172595
172278	0.004536109051
172279	0.006041892783
172280	0.002467149038
172281	0.001234140913
172282	0.0009213893305
172283	0.00667143469
172284	0.001379957047
172285	0.009031714206
172286	0.006917758362
172287	0.00320673461
172288	0.001619935946
172289	0.00346677049
172290	0.005766367378
172291	0.002758475693
172292	0.008394607763
172293	0.0007778069872
172294	0.0002047868053
172295	0.0007363843611
172296	0.007108413484
172297	0.0001764560059
172298	0.005756501045
172299	0.007213486375
172300	0.012801133
172301	0.001424125275
172302	0.0004929211618
172303	0.007348112894
172304	0.003390988901
172305	0.004154616628
172306	0.00538669688
172307	0.01891022711
172308	1.843752275e-05
172309	0.008211381839
172310	0.01133425729
172311	0.0103019485
172312	0.001418845196
172313	0.01165159874
172314	0.0003328234051
172315	0.000512904974
172316	0.006690917403
172317	0.0007426638497
172318	0.00178948546
172319	0.0004886525231
172320	0.0104523157
172321	0.0006174097266
172322	0.001981043346
172323	0.001372489181
172324	0.001691147641
172325	0.00811358773
172326	0.009709064962
172327	0.001268516508
172328	0.01336187921
172329	0.002869390754
172330	0.003998749923
172331	0.002272542401
172332	0.00899977361
172333	0.006352787009
172334	0.002659074586
172335	0.01579750936
172336	0.01062310167
172337	0.004197807849
172338	0.002482342503
172339	0.001082002985
172340	0.007832444963
172341	0.001845702662
172342	0.0008359655579
172343	0.0002839492994
172344	0.004364263734
172345	0.002515275208
172346	0.004508874587
172347	0.005233367707
172348	0.009504250503
172349	0.0002382473218
172350	0.0009476381903
172351	0.003247723052
172352	0.007308377307
172353	0.003878390175
172354	0.002954551462
172355	0.0001447711149
172356	0.0009192105747
172357	0.005363733947
172358	0.00494450525
172359	0.006602739351
172360	0.007475317396
172361	0.001388545175
172362	0.01001959436
172363	0.004222620336
172364	0.003633072678
172365	0.006670310505
172366	0.003067685845
172367	0.0003587574078
172368	0.00132293412
172369	0.001426347646
172370	0.0008309807905
172371	0.008081590858
172372	0.0060944541
172373	0.001572177486
172374	0.008455172622
172375	0.002257301049
172376	0.005120503412
172377	0.01426381892
172378	0.006782102315
172379	0.003655476685
172380	0.0007530256972
172381	0.005751599447
172382	0.003640949196
172383	0.00162135508
172384	0.0005791738748
172385	0.0004854074815
172386	0.00400276423
172387	0.005245895418
172388	0.000480368866
172389	0.003680263187
172390	0.006117079386
172391	0.005680282124
172392	0.00230656816
172393	0.001738829101
172394	0.008278538015
172395	0.0001027344669
172396	0.01273626953
172397	0.01549690483
172398	0.008735010908
172399	0.005479019315
172400	0.0007636654815
172401	0.002445990894
172402	0.006511834015
172403	0.0008454742048
172404	0.002204279222
172405	0.008143886872
172406	0.002240158207
172407	0.000308961497
172408	0.01613324731
172409	0.001962551102
172410	0.002084311719
172411	0.009571908584
172412	0.005091539247
172413	0.01334707726
172414	0.000239686164
172415	0.0009389779621
172416	0.0077291029
172417	0.004113263917
172418	0.0006954518556
172419	0.007686395686
172420	0.001996842065
172421	0.009831931107
172422	0.000660010587
172423	0.004302180352
172424	0.003886765482
172425	0.008518722774
172426	0.01172368375
172427	8.898811161e-05
172428	0.001318441202
172429	0.01307918563
172430	0.004167680707
172431	0.01140639738
172432	0.001766919295
172433	0.001472122433
172434	0.00544527399
172435	4.367300156e-05
172436	0.000638527853
172437	0.007473529628
172438	0.007492944527
172439	0.005801899246
172440	0.006233158168
172441	0.006034187329
172442	0.0002911446233
172443	0.005757290381
172444	0.007918161224
172445	0.004103933469
172446	0.009691943939
172447	0.006146128272
172448	0.005488084296
172449	0.001679454231
172450	0.006843497223
172451	0.005282821579
172452	0.008258365851
172453	0.008436032569
172454	0.0006307876127
172455	0.0003985072497
172456	0.004133685234
172457	0.0001117818036
172458	0.003703368585
172459	0.0004548210453
172460	0.00430754972
172461	0.00402027977
172462	0.004192024118
172463	0.000176724545
172464	0.001364950089
172465	0.002238166155
172466	0.006393781834
172467	0.01572198975
172468	0.0028935354
172469	0.0002964234211
172470	0.001917545117
172471	0.0007884171934
172472	0.0003378468719
172473	0.005987304785
172474	0.001770643629
172475	4.762973238e-05
172476	0.002399028325
172477	0.006909181618
172478	0.001607042527
172479	0.00352659036
172480	0.0005646302213
172481	0.001365974371
172482	0.0008972753395
172483	7.988374701e-05
172484	0.01162739153
172485	0.0005199170637
172486	0.001554959947
172487	0.004366714385
172488	0.001596296432
172489	0.0006789340156
172490	0.00489337181
172491	0.001838079831
172492	0.0008497669935
172493	0.006995886277
172494	0.001141853099
172495	0.007953378097
172496	0.003745175972
172497	0.007715452677
172498	0.003040274895
172499	0.0006289787967
172500	0.002350394056
172501	0.008540831456
172502	0.001739342174
172503	0.0001497251505
172504	0.003358935643
172505	0.006630958296
172506	0.001693556847
172507	0.006658167758
172508	0.01429514782
172509	3.196389612e-05
172510	0.005704870315
172511	0.01801101929
172512	0.004507159804
172513	0.008139934933
172514	0.001059917338
172515	0.004391115679
172516	0.002690668451
172517	0.001728914623
172518	0.001391324285
172519	0.001555742824
172520	0.001228743458
172521	0.001557424833
172522	0.004863731982
172523	0.01927768568
172524	0.01075801075
172525	0.01457232762
172526	0.002134775258
172527	0.006935919184
172528	0.003748960369
172529	0.007883748623
172530	0.005654158968
172531	0.0003110544122
172532	0.00632887787
172533	0.01061467668
172534	0.001500857814
172535	0.004364684139
172536	0.01635579883
172537	0.006512599338
172538	0.001353550671
172539	0.006095757723
172540	0.004000083563
172541	8.327849056e-05
172542	0.008429678245
172543	0.001838331685
172544	0.002609151127
172545	0.005278479285
172546	0.01371203948
172547	0.01110329113
172548	0.0009122073345
172549	0.0006733452606
172550	0.001615597841
172551	0.008113910585
172552	0.00107790665
172553	0.001327983136
172554	0.001764738194
172555	0.0004790290769
172556	0.006923078069
172557	0.002979236375
172558	0.007088921915
172559	0.0008504550527
172560	0.0005965334252
172561	0.00447416799
172562	0.002234718397
172563	0.000864256467
172564	0.001104508169
172565	0.003161659888
172566	0.008711372035
172567	0.0001728366619
172568	0.002859223099
172569	0.002593444566
172570	0.005519249559
172571	0.006336602368
172572	0.008719586851
172573	0.006130307662
172574	0.006149556522
172575	0.001322412274
172576	0.01742138109
172577	0.001106403943
172578	0.0009397076217
172579	0.003199368762
172580	0.001882653285
172581	0.0002010185795
172582	0.001094384896
172583	0.007139786169
172584	0.004289942623
172585	0.006680651103
172586	0.001737158043
172587	0.0006764822399
172588	0.0107461134
172589	0.001599963045
172590	0.001181023708
172591	0.006570109611
172592	0.01343526768
172593	0.002070824577
172594	0.003099807274
172595	0.001667848641
172596	0.003168235973
172597	0.003303944028
172598	0.006077724026
172599	0.007823212678
172600	0.0003820166494
172601	0.0004691144235
172602	0.0006515373137
172603	0.0001529947531
172604	0.001406385603
172605	0.009115061983
172606	0.006024802989
172607	0.0001823519828
172608	0.001836950728
172609	0.006334449696
172610	0.002166736143
172611	0.005508541465
172612	0.003608237531
172613	0.002195663196
172614	0.001677904693
172615	0.0001205114226
172616	0.001026751683
172617	8.466714995e-05
172618	0.0002484522058
172619	0.009845712986
172620	0.001649686249
172621	0.008298738657
172622	0.001207164073
172623	0.001113975085
172624	0.001169968414
172625	0.003735607821
172626	0.0004353895627
172627	0.001747722855
172628	0.00394858432
172629	0.001668771068
172630	0.000483164009
172631	0.001447890411
172632	0.002962306155
172633	0.0008645235492
172634	0.001190765115
172635	0.000136240798
172636	0.001060977056
172637	0.006285783377
172638	0.0002776563199
172639	0.0007429619809
172640	0.001176528425
172641	0.005892441489
172642	0.0006950835654
172643	0.01444675371
172644	0.003659705509
172645	0.007333177813
172646	0.005930523073
172647	0.01149685641
172648	0.002347672141
172649	0.005291545415
172650	0.0004734963414
172651	0.006606906592
172652	0.001139485598
172653	0.007131671828
172654	1.746803846e-05
172655	0.001548647295
172656	0.001210785279
172657	0.00466208531
172658	0.002942446501
172659	0.003522637812
172660	0.004274206619
172661	0.001140959732
172662	0.0009648463655
172663	0.002066843499
172664	0.008362734044
172665	0.01085147891
172666	0.008159495218
172667	0.007770729636
172668	0.001736088604
172669	0.0003090633944
172670	0.0003989962425
172671	0.01006058073
172672	0.002071363128
172673	5.130028916e-05
172674	0.009073513372
172675	0.006235260671
172676	0.01458064616
172677	0.009110079535
172678	0.003337302493
172679	0.0047766947
172680	0.005399167759
172681	0.00106551863
172682	0.004959788839
172683	0.001484219935
172684	0.008483992011
172685	0.01003861519
172686	0.003866551847
172687	0.001336048895
172688	0.009648585931
172689	0.00362794363
172690	0.001825015563
172691	3.850765382e-05
172692	0.001120033545
172693	0.008379233425
172694	0.008964722178
172695	0.004863266516
172696	0.008770971913
172697	0.004696164889
172698	0.002290145181
172699	0.01012495115
172700	0.004452127457
172701	0.001793191435
172702	0.006011085062
172703	0.002368777715
172704	0.001646811152
172705	0.0003186614568
172706	0.0004139757227
172707	0.001768798329
172708	0.004986086361
172709	0.0007026224995
172710	0.0001117682829
172711	0.0001139445111
172712	0.0002262152933
172713	0.0009815019455
172714	0.005073302733
172715	0.006583438848
172716	0.001107011981
172717	0.008727772223
172718	0.004778148805
172719	0.01013094016
172720	0.00380913181
172721	0.002566270141
172722	0.005254194755
172723	0.003264047888
172724	0.009302082023
172725	0.004457672191
172726	0.001525704613
172727	0.01340069918
172728	0.003955524477
172729	0.001867129428
172730	0.0212915262
172731	0.002930361381
172732	0.01381987186
172733	0.01191731465
172734	5.436826327e-05
172735	0.001690944333
172736	0.001413072645
172737	0.001806767874
172738	0.00100714807
172739	0.0001274375273
172740	0.001725680701
172741	0.0002548674532
172742	0.002647407622
172743	0.002890289452
172744	0.001249191795
172745	0.003255024878
172746	0.004744956071
172747	0.0001795762351
172748	0.000232449335
172749	0.0002258836515
172750	0.002045233792
172751	0.01061986968
172752	0.001772528851
172753	0.003036207336
172754	0.0004313452087
172755	0.01593492367
172756	0.004518580613
172757	0.001612535231
172758	0.003151347094
172759	0.00665578947
172760	0.009850488642
172761	0.002584838907
172762	0.009062186203
172763	0.002433522395
172764	0.006838691357
172765	0.00608264979
172766	0.006295105961
172767	0.01141413824
172768	0.005713572968
172769	0.002499354915
172770	0.00298793056
172771	0.003468196801
172772	0.004743404879
172773	0.00488444105
172774	0.002223664792
172775	0.00636388441
172776	0.0001244954767
172777	0.00382538672
172778	0.0009789217634
172779	0.001104003453
172780	0.007205457173
172781	0.00139421351
172782	0.006362361701
172783	0.0003994084297
172784	0.003263964525
172785	0.002644829224
172786	0.001243815295
172787	0.001814985102
172788	0.0002848696556
172789	0.006920595978
172790	0.002951022928
172791	0.003611956267
172792	0.002226213668
172793	0.0006364446136
172794	0.0031520476
172795	0.0032832773
172796	0.00879443688
172797	0.007245940676
172798	0.002322148545
172799	0.007534671748
172800	0.001288713832
172801	0.007159369444
172802	0.005105598569
172803	0.00240246691
172804	0.001691467684
172805	0.006123351963
172806	0.008787430602
172807	0.003055016873
172808	0.006444178063
172809	0.001861906464
172810	0.003375990125
172811	0.002422223055
172812	0.002635219713
172813	0.00748683063
172814	0.001449487962
172815	0.01112078748
172816	0.009196461711
172817	0.00167840904
172818	0.004259214929
172819	0.003487375685
172820	0.008678221731
172821	0.00234384822
172822	0.01070127616
172823	0.002624415806
172824	0.0002621222242
172825	0.00328718526
172826	0.01355907566
172827	0.004017691384
172828	0.00261020239
172829	0.004066536651
172830	0.009922719128
172831	0.000188294254
172832	0.004288832806
172833	0.0006633126747
172834	0.003123479314
172835	0.002295620305
172836	0.004739172409
172837	0.002687335696
172838	0.009175541267
172839	0.01217393876
172840	0.00663150743
172841	0.008025602743
172842	0.007498463576
172843	0.002006951573
172844	0.002432021279
172845	0.00314006957
172846	0.008924707719
172847	0.0006160445469
172848	0.008582388104
172849	0.001702623073
172850	0.004807814122
172851	0.00348001027
172852	0.006521939153
172853	0.004206225335
172854	0.005743846394
172855	0.003698685404
172856	0.01113753545
172857	0.001350083823
172858	0.01356016104
172859	0.01068838649
172860	0.01108555341
172861	0.003923253149
172862	0.002454948073
172863	0.001855883762
172864	0.006344797506
172865	0.009366519673
172866	0.01040648114
172867	0.001129189716
172868	0.00769586586
172869	4.457252222e-08
172870	0.0003346530786
172871	5.221454976e-06
172872	0.001425976042
172873	0.0006571676852
172874	0.0007552062647
172875	0.0007659455943
172876	0.0009822621708
172877	0.0002192398223
172878	0.0006497590228
172879	0.002072855899
172880	0.001968824823
172881	0.0008817277626
172882	0.001430937374
172883	0.000221600225
172884	0.001964614264
172885	0.0001093928427
172886	0.002101470543
172887	0.0002135529011
172888	0.002313114108
172889	0.0005509441326
172890	0.001202313608
172891	0.0005301688427
172892	0.001098684592
172893	0.001890995487
172894	0.001955615974
172895	0.0002195167398
172896	0.0005555429801
172897	0.0009862381067
172898	0.0004449593087
172899	0.001096143217
172900	0.0003981053605
172901	0.003263026061
172902	0.002164672128
172903	0.002740314688
172904	0.0001181249749
172905	0.005640362178
172906	0.002567992541
172907	0.0001407463885
172908	0.006278875456
172909	0.0009656554575
172910	0.006725475906
172911	0.005230244169
172912	0.002048976931
172913	0.005372733977
172914	0.0003670222682
172915	0.001702194308
172916	5.070527874e-08
172917	0.005736558459
172918	0.006309889488
172919	0.005588302926
172920	0.0002434482387
172921	0.004755954703
172922	0.0009605174889
172923	7.009990619e-05
172924	0.006819489683
172925	0.005371815554
172926	0.007706419047
172927	0.002004919943
172928	0.0004204262926
172929	0.005625897346
172930	0.001192516415
172931	0.0007560162775
172932	0.009974872041
172933	0.006511530204
172934	0.007288404426
172935	0.001929708974
172936	0.003507690549
172937	0.002612304679
172938	0.004407800845
172939	0.000468487117
172940	0.01000701642
172941	0.008054973219
172942	0.002607117819
172943	0.002730182085
172944	0.006625474939
172945	0.004141980699
172946	0.003258893588
172947	0.006909517839
172948	0.009365956707
172949	0.004734987975
172950	0.0003424792018
172951	0.001402930327
172952	0.004216083486
172953	0.006988269296
172954	0.009594582904
172955	0.01182260682
172956	0.0002123318775
172957	0.00216544707
172958	0.003189767755
172959	0.0004093465207
172960	0.001280038328
172961	2.80215002e-05
172962	0.001326860213
172963	0.003338349535
172964	0.001813945533
172965	9.722939844e-05
172966	0.002460588122
172967	0.003201080539
172968	0.01268824555
172969	0.001057347259
172970	0.01102752862
172971	0.0008860602112
172972	0.00326044467
172973	0.006218639062
172974	0.005207560778
172975	0.005342575574
172976	0.002338510192
172977	0.006884141639
172978	0.00261368037
172979	0.0002329119702
172980	0.009977601475
172981	0.001207983301
172982	0.002826478315
172983	0.00163893741
172984	0.00186027108
172985	0.0005032864407
172986	0.009471017785
172987	0.0003556883731
172988	0.01239037966
172989	0.008743775025
172990	0.001935697489
172991	0.005907386794
172992	0.01461306744
172993	0.001788045369
172994	0.005573042129
172995	0.00305178056
172996	0.004002934864
172997	0.005358551809
172998	0.01024823538
172999	0.006842757872
173000	0.02312491351
173001	0.003501493688
173002	0.005582257488
173003	0.000625573979
173004	0.001625516721
173005	0.01351999992
173006	0.002448611782
173007	6.992823122e-05
173008	0.003627623039
173009	0.002446857699
173010	0.01169144528
173011	0.00212029144
173012	0.005267355881
173013	0.004262341247
173014	0.006244954859
173015	0.001531815348
173016	0.003729484995
173017	0.00628585549
173018	0.00790746257
173019	0.002233982696
173020	0.01319355217
173021	0.003595050277
173022	0.006568559541
173023	0.00264552386
173024	0.01132617266
173025	0.002905480896
173026	0.004127561581
173027	0.001188574446
173028	0.01106957251
173029	0.007888205731
173030	0.001153626843
173031	0.006630490844
173032	0.005830740942
173033	0.001774529971
173034	0.0153704611
173035	0.01028079359
173036	0.01070017307
173037	0.002069783596
173038	0.008768614095
173039	0.004482687704
173040	0.007108149071
173041	0.006997075407
173042	0.0001354850945
173043	0.005316918778
173044	0.003560485567
173045	0.003754508896
173046	0.004719764395
173047	0.005069676001
173048	0.001167747322
173049	0.02584625176
173050	0.009983655669
173051	0.001825484201
173052	0.005933012394
173053	9.695481194e-05
173054	0.0003302724177
173055	0.001293826828
173056	0.002630356775
173057	0.002490198188
173058	0.01154621366
173059	0.0003454541196
173060	0.0008382844743
173061	0.006946851001
173062	0.006724473505
173063	0.01657374603
173064	0.005789137197
173065	0.002886750302
173066	0.0016281072
173067	0.004568204351
173068	0.003023298677
173069	0.002302794897
173070	0.007622163016
173071	0.001457045158
173072	0.005867814513
173073	0.00986214884
173074	0.0008751186356
173075	0.0125450584
173076	0.002085035181
173077	0.01582569715
173078	0.0009469976165
173079	0.004606549446
173080	0.004003440256
173081	0.005758820393
173082	0.00709426256
173083	0.009734751351
173084	0.01178776119
173085	0.003436752682
173086	0.004020160994
173087	0.003787664287
173088	0.002849204732
173089	0.001756759953
173090	0.007198993579
173091	0.008367421952
173092	0.003035329912
173093	0.005368744278
173094	0.001718167567
173095	0.002135572909
173096	0.007659120983
173097	0.0004591204077
173098	0.0008663345274
173099	0.00458828872
173100	0.002837836347
173101	0.01285546037
173102	0.006202075656
173103	0.004681535437
173104	0.00917647859
173105	0.004378619001
173106	0.01223095703
173107	0.01026055426
173108	0.002558140027
173109	0.007012207119
173110	0.01514884294
173111	0.005280430387
173112	0.002956804032
173113	0.00160216235
173114	0.02034296057
173115	0.005532527015
173116	0.00246262375
173117	0.01194016954
173118	0.004711561162
173119	0.01357532909
173120	0.001156686807
173121	0.001981247091
173122	0.002305112024
173123	0.01324580168
173124	0.004243512593
173125	0.005032055976
173126	0.0007347179251
173127	0.002377444862
173128	0.001037947733
173129	0.005665847614
173130	0.00395786967
173131	0.005176547786
173132	0.0007230716483
173133	0.000600265365
173134	0.00209374894
173135	0.002199232171
173136	0.001441325406
173137	0.004945004946
173138	0.005064186079
173139	0.00202338972
173140	0.00236293436
173141	0.003904407357
173142	0.0002184163541
173143	0.001245349291
173144	0.002534804592
173145	0.004077395092
173146	0.001576385037
173147	0.0009505003091
173148	0.004713216525
173149	0.0009888509907
173150	0.001541488934
173151	0.0005037738666
173152	0.001695719306
173153	0.005784449358
173154	0.0008804778914
173155	0.0008590287771
173156	0.007230090531
173157	0.001971400583
173158	0.006515528376
173159	0.007276988835
173160	0.002552030325
173161	0.0002311204993
173162	0.006656016532
173163	0.00618084038
173164	0.003602008088
173165	0.001901930939
173166	0.00530364303
173167	0.003520228593
173168	0.01808259137
173169	0.007735082573
173170	0.001365133226
173171	0.006200347493
173172	0.002043694487
173173	0.007326371656
173174	0.008559087909
173175	0.01884485174
173176	0.005579072821
173177	0.000189527199
173178	0.00477308499
173179	0.001352785999
173180	0.003513534274
173181	0.00238798527
173182	0.008548410879
173183	0.003647782233
173184	0.007862556276
173185	0.0006317265253
173186	0.005500945643
173187	0.007084467483
173188	0.0005317812327
173189	0.003537222611
173190	0.005708361983
173191	0.00087286853
173192	0.001054916737
173193	0.001320117358
173194	0.0003122108092
173195	0.004512269238
173196	0.003338641707
173197	0.001482145959
173198	0.009566228621
173199	0.009314412089
173200	0.006260177738
173201	0.008379144216
173202	0.000169550534
173203	0.0062118221
173204	0.004233690073
173205	0.003352281545
173206	0.008492183301
173207	0.001680744722
173208	0.01006424357
173209	0.000235457067
173210	0.007106262012
173211	0.009829171497
173212	0.0001065414531
173213	0.007177818929
173214	0.004828741215
173215	0.0009650970417
173216	0.003846977405
173217	0.001499071338
173218	0.002202487274
173219	0.001299455982
173220	0.006754125111
173221	0.007686168492
173222	0.004365134614
173223	0.004228082062
173224	0.0007936274734
173225	0.005765098227
173226	0.002319704912
173227	0.005725474122
173228	0.008956965081
173229	0.005640934168
173230	0.008416264967
173231	0.0004160357962
173232	0.002865869407
173233	0.007269958513
173234	0.006980884162
173235	5.658505331e-07
173236	0.001951694071
173237	0.001488867784
173238	0.008436975067
173239	0.005721730026
173240	0.0004407385014
173241	0.00551209249
173242	0.00507918076
173243	0.0003924897298
173244	0.0005997319526
173245	0.006675676429
173246	0.005886752608
173247	0.002772215687
173248	0.0006071426836
173249	0.0003315852143
173250	0.001456757289
173251	0.0005840453379
173252	0.001621332255
173253	0.001096335211
173254	0.0004051096428
173255	0.0003483528687
173256	0.001199071608
173257	0.0005023212929
173258	0.0004758102281
173259	0.001879977967
173260	0.0104266053
173261	0.003409306424
173262	0.000865536871
173263	0.002090009359
173264	0.001175956959
173265	0.001444313894
173266	0.001290215508
173267	0.009010293159
173268	0.007724016503
173269	0.000854454465
173270	0.002835086087
173271	0.002567731578
173272	0.00210407982
173273	0.0006394248302
173274	0.001112690815
173275	0.004396410384
173276	0.01443120255
173277	0.00803860476
173278	0.003269024131
173279	0.00821632823
173280	0.002979874568
173281	0.000362523389
173282	0.003150336728
173283	0.008100772387
173284	0.003745575715
173285	0.004202853955
173286	0.004380714564
173287	0.00359793833
173288	0.000363368524
173289	0.008267578427
173290	0.003433569434
173291	0.001684698013
173292	0.01821245551
173293	0.0001708300188
173294	0.0006012021886
173295	0.005747914235
173296	0.01194269096
173297	0.004514031043
173298	0.00306084774
173299	0.002116548114
173300	0.002357524263
173301	0.0001219004081
173302	0.004338617274
173303	0.000411126709
173304	0.0006687086986
173305	0.002474940291
173306	0.005989376593
173307	0.005982893546
173308	0.008533638416
173309	0.001515226584
173310	0.003267762474
173311	0.006531593621
173312	0.009308625077
173313	0.001170595411
173314	0.006484175756
173315	0.01117895402
173316	0.001495073137
173317	0.0001823004783
173318	0.001926381099
173319	0.002412222278
173320	0.00982719009
173321	0.009096256186
173322	0.009238150526
173323	0.01259756048
173324	0.003147613917
173325	0.0001169278066
173326	0.009245072188
173327	0.01289990888
173328	0.005087250263
173329	0.001486888079
173330	0.0007541168929
173331	0.005479833896
173332	0.00292511006
173333	0.00770937343
173334	0.002708150511
173335	0.0003129301311
173336	0.004330047303
173337	0.005510605093
173338	0.0006049192966
173339	0.00537773855
173340	0.01444450559
173341	0.008378168398
173342	0.007705413583
173343	0.0125849503
173344	0.001296867794
173345	0.006532479419
173346	0.00731108334
173347	0.000323675384
173348	0.0008632398653
173349	0.0003087292666
173350	0.006112775937
173351	0.007280369783
173352	0.001983040227
173353	0.005239700673
173354	0.0004111937401
173355	0.0001208186786
173356	5.460704617e-06
173357	0.004439558496
173358	2.415545683e-05
173359	0.004210149997
173360	0.002795729074
173361	0.00112191177
173362	0.009203372536
173363	0.007294870719
173364	0.01208653461
173365	0.00299095436
173366	0.0001006469072
173367	0.003438258126
173368	0.0006492138513
173369	7.994934157e-08
173370	0.001764177004
173371	0.0003074661413
173372	0.001419122277
173373	0.002252208329
173374	2.963093466e-06
173375	0.0004907312714
173376	0.002342450418
173377	0.0001802271455
173378	0.001955620844
173379	0.0001754450958
173380	0.000170322691
173381	0.002884327032
173382	0.0003047358858
173383	0.0002742727556
173384	0.001143454107
173385	0.001950512165
173386	0.002699621736
173387	0.005402192929
173388	0.0001826522423
173389	0.004680794018
173390	0.003835602487
173391	0.00519585777
173392	0.005691435644
173393	0.005175301305
173394	0.0009678776651
173395	0.01383684613
173396	0.000425406393
173397	0.0007175479815
173398	0.01124678784
173399	0.005960280912
173400	0.004972485992
173401	0.002877508021
173402	0.008503240489
173403	0.008412714093
173404	0.008164840596
173405	0.002982999955
173406	0.0080221532
173407	0.006241693465
173408	0.004948723247
173409	0.007886454819
173410	0.01476358064
173411	0.005685465861
173412	0.01457512284
173413	0.003263142775
173414	0.01248730501
173415	0.00931783056
173416	0.000666485157
173417	0.00159924793
173418	0.004429645918
173419	0.003542035816
173420	0.0006723274141
173421	0.007653907741
173422	0.01495233191
173423	0.005743705809
173424	0.0007989513774
173425	0.003141673026
173426	0.003544883823
173427	0.002718771135
173428	0.006523682195
173429	0.004563149058
173430	0.005382721391
173431	0.008431783535
173432	0.002978121238
173433	0.005244759277
173434	0.003499705844
173435	0.00112933844
173436	0.006079508932
173437	0.002645380055
173438	0.0002239823728
173439	0.0055114772
173440	0.006196434943
173441	0.01159921459
173442	0.005558549424
173443	0.01054943524
173444	0.0001825720212
173445	0.005640778984
173446	0.01158011038
173447	0.01275407841
173448	0.006697620516
173449	0.009720832995
173450	0.01889960908
173451	0.001067119696
173452	0.01607259469
173453	0.01075250358
173454	0.009248120177
173455	0.0007546290245
173456	1.813589924e-05
173457	0.007060835158
173458	0.0002615166958
173459	0.005971813112
173460	0.003815629163
173461	0.0003720004532
173462	0.001951336845
173463	0.002567486796
173464	0.000761271689
173465	0.007195192199
173466	0.002940660438
173467	0.01194673303
173468	0.003503340135
173469	0.003811884899
173470	0.001188678282
173471	0.01067884675
173472	0.01587779184
173473	0.005562820033
173474	1.681507758e-05
173475	0.002799684447
173476	0.0002887392385
173477	0.001676770226
173478	0.005683978638
173479	0.009487989709
173480	0.01277848263
173481	0.001302348698
173482	0.02227411
173483	0.01246511416
173484	0.005208110953
173485	0.003139428216
173486	0.004880354443
173487	0.004065375228
173488	0.0004449906691
173489	0.00499227694
173490	0.01067784338
173491	0.004892167562
173492	0.001187816662
173493	0.003662762679
173494	0.004707630156
173495	0.00286766624
173496	0.006224104907
173497	0.003536759752
173498	0.006269776286
173499	0.004748063425
173500	0.007235712578
173501	0.007217098384
173502	0.001502423705
173503	0.008175423367
173504	0.00698015863
173505	0.007480757702
173506	0.006889475209
173507	0.008387098204
173508	0.008570381404
173509	0.001963297471
173510	0.003028926478
173511	0.00262583875
173512	0.0009958445289
173513	0.006368370425
173514	0.00969436988
173515	0.006357371994
173516	0.0008712458494
173517	0.0008057688831
173518	0.0001710491857
173519	0.0006662455546
173520	0.004510287505
173521	0.002168006951
173522	0.006725268004
173523	0.007859233888
173524	0.001231132997
173525	0.00435700339
173526	8.990910238e-05
173527	0.003371352465
173528	0.01237512732
173529	0.01123677237
173530	0.001459578072
173531	0.002985824447
173532	0.002282923233
173533	0.00507973215
173534	0.005815915479
173535	0.005391809252
173536	0.002331311617
173537	0.0005834590585
173538	0.001086876973
173539	0.002327374313
173540	0.003459712778
173541	0.00249249616
173542	0.001231454021
173543	0.002148070843
173544	0.006122459052
173545	0.01087978781
173546	0.001693139331
173547	0.001306411698
173548	0.01262972
173549	0.001766065914
173550	0.001008810994
173551	0.00028833047
173552	0.006771093488
173553	0.01151334359
173554	0.002645963522
173555	0.001215764967
173556	0.005883091024
173557	0.0006396441182
173558	0.002073949877
173559	0.003609653038
173560	0.006369247616
173561	0.002834353294
173562	0.02073949157
173563	0.01513040344
173564	0.003742839832
173565	0.01006938729
173566	0.008068602799
173567	0.00566278318
173568	0.009286541989
173569	0.006311605466
173570	0.001350709041
173571	0.001159657173
173572	0.002028107181
173573	0.0007011272124
173574	0.001251611402
173575	0.0005973408527
173576	0.006392052907
173577	0.003701705854
173578	0.003795452222
173579	0.006365954748
173580	0.003801064432
173581	0.002295767458
173582	0.005698400022
173583	0.009388176952
173584	0.002794334162
173585	0.004564245618
173586	0.001646975243
173587	0.004830640938
173588	0.0013036806
173589	0.0006270028634
173590	0.001511721359
173591	0.008218149956
173592	0.0003795943662
173593	0.001279919895
173594	0.002347396624
173595	0.00399518945
173596	0.001552540742
173597	0.0005141123621
173598	0.004533109026
173599	0.004013742961
173600	0.009144192089
173601	0.004379288203
173602	0.001647455348
173603	0.001354420238
173604	0.003500880854
173605	0.001428965187
173606	0.001558749637
173607	0.004652074298
173608	0.007804276417
173609	0.002767654114
173610	0.002111636724
173611	0.001111012565
173612	0.003787308426
173613	0.002554775042
173614	0.001745011724
173615	0.0003819291598
173616	0.007741186865
173617	0.01151013123
173618	0.001685754041
173619	0.00123936127
173620	0.0007870427679
173621	0.005320685649
173622	0.001559399435
173623	0.003756222273
173624	0.01190728722
173625	0.0006759690378
173626	0.003089486706
173627	0.001381278951
173628	0.002057119337
173629	0.0102832046
173630	0.002620691498
173631	0.003718605095
173632	0.001037512344
173633	0.00140140855
173634	0.007665342627
173635	0.005448800707
173636	0.0004106777887
173637	0.002469903367
173638	0.002223303717
173639	0.008865229861
173640	0.005768561922
173641	0.001282826962
173642	0.007360508855
173643	0.005054587784
173644	0.009890499264
173645	0.002067024966
173646	0.003280075435
173647	0.001910149171
173648	0.001463187153
173649	0.008103217362
173650	0.001594843277
173651	0.005836322822
173652	0.002383468313
173653	0.003520870804
173654	0.002371324111
173655	0.002664482574
173656	0.001133483578
173657	0.002265369014
173658	0.01439911468
173659	0.00425124715
173660	0.001119007428
173661	0.002505930514
173662	0.005280628046
173663	0.002251071578
173664	0.005425731036
173665	0.005356024564
173666	0.002824307642
173667	0.0003692947026
173668	0.003443149094
173669	0.007567523471
173670	0.002572469184
173671	0.00694920968
173672	0.001730400736
173673	0.00111167198
173674	0.001228713646
173675	0.001579399111
173676	0.001177704939
173677	0.007226802799
173678	0.001529219573
173679	0.003509155814
173680	0.001006251026
173681	0.001041142461
173682	0.00147793861
173683	0.0008212192417
173684	0.001131702189
173685	0.006065403092
173686	0.0006217526674
173687	0.0005648275285
173688	0.002570608353
173689	0.007083243279
173690	0.01355096358
173691	0.0016146551
173692	0.002512952718
173693	0.002496581376
173694	0.0002598866342
173695	0.009822851592
173696	0.000985159543
173697	0.002464961926
173698	0.001967313022
173699	0.0006740013649
173700	0.0003481264732
173701	3.354012624e-05
173702	0.001314885147
173703	0.002664097942
173704	0.003827836872
173705	0.001631949657
173706	0.001002885436
173707	0.008686326755
173708	0.0008946701085
173709	0.0008547993441
173710	0.005233759506
173711	0.002788133855
173712	0.007627650093
173713	0.005906451066
173714	0.0008010620756
173715	0.001517493703
173716	0.003105832369
173717	0.01705473896
173718	0.0004689670593
173719	0.004132460359
173720	0.001448380145
173721	0.002819849354
173722	0.001203599172
173723	0.001396602238
173724	0.001221857195
173725	0.004328191634
173726	0.002512785083
173727	0.0008653345573
173728	0.007296727627
173729	0.0005623473838
173730	0.003213157067
173731	0.004177693574
173732	0.003774197095
173733	0.001002554248
173734	0.01396286536
173735	0.01736657309
173736	0.006982867461
173737	0.00295748661
173738	0.003759702714
173739	0.001729051481
173740	0.005396438895
173741	0.00197297782
173742	0.0001535785779
173743	0.00202455266
173744	0.002030479362
173745	0.001869403257
173746	0.003947953612
173747	0.003309795054
173748	0.01565399611
173749	0.001934402644
173750	0.002058603626
173751	0.002488846368
173752	0.005090886708
173753	0.007729915044
173754	0.0003447814527
173755	0.002908421143
173756	0.001580013022
173757	0.008537575571
173758	0.00124015432
173759	0.002156890631
173760	0.004048156208
173761	8.374009578e-05
173762	0.0009621580906
173763	0.001491914898
173764	0.01093922905
173765	0.002805879603
173766	0.002022782265
173767	0.0004909461931
173768	0.0009273287288
173769	0.01236539167
173770	0.001295595596
173771	0.002007115137
173772	0.001838291759
173773	0.0006030618223
173774	0.003275452734
173775	0.0006373025138
173776	0.001863288447
173777	0.005620476758
173778	0.003394333662
173779	0.007947646229
173780	0.001537030922
173781	0.001987438943
173782	0.004677052055
173783	0.001266361138
173784	0.004883462952
173785	0.003047123524
173786	0.001770627839
173787	0.0002569756402
173788	0.0001833386824
173789	0.000543125412
173790	0.0013012534
173791	0.002052392287
173792	0.001120040924
173793	0.002848995644
173794	0.002436397064
173795	0.00218044281
173796	0.002238638339
173797	0.009081935415
173798	0.005607917879
173799	0.008687838803
173800	0.004704385492
173801	0.008142005497
173802	0.002879307303
173803	0.01615483421
173804	0.001979313196
173805	0.002704965955
173806	0.0004742199716
173807	0.005385471798
173808	0.01036974749
173809	0.009035683852
173810	0.00251465226
173811	0.007147615851
173812	0.0009264356059
173813	0.0007768602761
173814	0.007321021106
173815	4.55091429e-05
173816	0.007147098103
173817	0.009363756413
173818	0.001374479434
173819	0.01453377939
173820	0.007788312173
173821	0.005711186514
173822	0.002149541629
173823	0.001152375037
173824	0.002221172827
173825	0.000704047071
173826	0.003155312182
173827	0.00517922518
173828	0.004070568248
173829	0.003849178145
173830	0.008666626015
173831	0.00962250781
173832	0.004943024852
173833	0.0007505549154
173834	0.005022388757
173835	0.004244480672
173836	0.004622101005
173837	0.006554112611
173838	0.004970682779
173839	0.001301742374
173840	0.0004160244983
173841	0.006216538021
173842	0.004615720176
173843	0.00550619399
173844	0.003863111592
173845	0.006214230146
173846	0.003658639199
173847	0.007187870856
173848	0.004605926543
173849	0.008483332763
173850	0.00213950573
173851	0.00168733919
173852	0.003461123789
173853	0.004280273987
173854	0.005114027347
173855	0.002909643427
173856	0.001292644984
173857	0.0008063212977
173858	0.006958883201
173859	0.004017536614
173860	1.227043852e-07
173861	0.003198623675
173862	2.886335189e-05
173863	0.002496026351
173864	0.007017976438
173865	0.004832367511
173866	0.00767598512
173867	0.001651018735
173868	0.005999086944
173869	0.005473834065
173870	0.001833818165
173871	0.006909912343
173872	0.008616014292
173873	0.0005095830488
173874	0.00519831858
173875	0.004649603758
173876	0.004793691145
173877	0.002538716346
173878	0.01052361884
173879	0.0003193780951
173880	0.00494399281
173881	0.001890624747
173882	0.0001119119799
173883	0.009236518413
173884	0.002028618857
173885	0.001663705791
173886	0.0004559844662
173887	0.009375020757
173888	0.01013078171
173889	0.003574956733
173890	0.008685951689
173891	0.008574369255
173892	0.001010737367
173893	0.004009488875
173894	0.009383651102
173895	0.006570731621
173896	0.01012417875
173897	0.004058663235
173898	0.004713971152
173899	0.001497806073
173900	0.001290303038
173901	0.004300726539
173902	0.008952869096
173903	0.0008772850226
173904	0.0005863030122
173905	0.0007041349634
173906	0.007620889001
173907	0.007748752656
173908	0.002313931454
173909	0.01519962067
173910	0.005615878727
173911	0.0008106587939
173912	0.001329332123
173913	0.006586418291
173914	0.001476141937
173915	0.004390261893
173916	0.007267855321
173917	0.003675670148
173918	0.0007145575021
173919	0.004776389575
173920	0.01158325092
173921	0.002065824655
173922	0.004375841126
173923	0.0008726037425
173924	0.01515938103
173925	0.004553909419
173926	0.01448788455
173927	0.008810058842
173928	0.002296268315
173929	0.003715421405
173930	0.002529995058
173931	0.00287420672
173932	0.006880564719
173933	0.009406140226
173934	0.0215860221
173935	0.004678901405
173936	0.001481851689
173937	0.0008460011353
173938	0.001915984943
173939	0.001102061791
173940	0.002736424485
173941	0.0003654373994
173942	0.00015172876
173943	0.0001420480953
173944	0.005143716786
173945	0.005077326237
173946	0.0155576244
173947	0.0006028269114
173948	0.004731749996
173949	0.0005799476081
173950	0.02095714459
173951	0.007053138729
173952	0.001095435538
173953	0.006327832522
173954	0.01038315396
173955	0.003991909112
173956	0.003909515385
173957	0.005092481083
173958	0.000192798201
173959	0.003410665217
173960	0.008020745502
173961	0.01193583601
173962	0.0002872218183
173963	0.008525129581
173964	0.00262956414
173965	0.01444969905
173966	0.001334927221
173967	0.001181215461
173968	0.005195021578
173969	0.003566703749
173970	0.002207301775
173971	0.009565779093
173972	0.001963071736
173973	0.009064168596
173974	0.00300364783
173975	0.003778950492
173976	0.003203036181
173977	0.000562420936
173978	0.01132671801
173979	0.01681850341
173980	0.013601248
173981	0.0009899865202
173982	0.009521478466
173983	0.008746022718
173984	0.007997938347
173985	0.01195780762
173986	0.01032979531
173987	0.0003470980203
173988	0.008528112167
173989	0.01949984306
173990	0.005634109458
173991	0.005230704906
173992	0.01274102806
173993	0.001115023767
173994	0.001929179203
173995	0.005068284219
173996	0.004854809236
173997	0.005908419154
173998	0.0008268729885
173999	0.001449561066
174000	0.009530553012
174001	0.01524986265
174002	0.007279982552
174003	0.0004599161242
174004	0.001213885943
174005	4.911895481e-05
174006	0.01018849737
174007	0.0142471882
174008	0.001775403856
174009	0.001715652906
174010	0.001852049587
174011	0.005831467334
174012	0.002986957708
174013	0.00854258627
174014	0.004228786162
174015	0.002528184691
174016	0.006709444865
174017	0.003354149152
174018	0.007239398775
174019	0.007398291929
174020	0.006834630048
174021	0.006761828519
174022	0.004416810335
174023	0.00181112029
174024	0.001540675264
174025	0.002419166027
174026	0.006899813482
174027	0.01433206342
174028	0.001099128581
174029	0.0005516985721
174030	0.0005931462691
174031	0.003028297732
174032	0.01129323937
174033	0.001599561527
174034	0.0008924315816
174035	0.002586768159
174036	0.0001781719934
174037	0.01063916372
174038	0.006601132094
174039	0.001369943238
174040	0.006946870046
174041	0.004868676525
174042	0.0005197124351
174043	0.001416813695
174044	0.002094075482
174045	0.002674762864
174046	0.002613807544
174047	0.001073011116
174048	0.002459981852
174049	0.001823939953
174050	0.007630047221
174051	0.001545423083
174052	0.002977534899
174053	0.003746936282
174054	0.00658029381
174055	0.002988499922
174056	0.0009967587098
174057	0.001596296127
174058	0.008666680496
174059	0.002127730094
174060	0.01965173895
174061	0.004790389193
174062	0.0004331747022
174063	0.003094976631
174064	0.006761832551
174065	0.006190773683
174066	0.0008634929632
174067	0.002981763288
174068	0.0006547572177
174069	7.075481479e-06
174070	0.002365292569
174071	0.0030722328
174072	0.01034198719
174073	0.01311140579
174074	0.0001312459124
174075	0.0007977878112
174076	0.009315742746
174077	0.01519733731
174078	0.001888686706
174079	0.0004811275468
174080	0.002050076951
174081	0.0007495502404
174082	0.001428182773
174083	0.004621659825
174084	8.010943196e-05
174085	0.0001935319195
174086	0.001763667328
174087	0.01456539303
174088	0.007745959025
174089	0.005468216231
174090	0.001660193023
174091	0.003216376632
174092	0.0002212643557
174093	0.0007223322621
174094	0.007372373206
174095	0.009064857081
174096	0.001156607748
174097	0.004147954953
174098	0.003817769829
174099	0.0007685248075
174100	0.009400068369
174101	0.00636934522
174102	0.005750010769
174103	0.004574419075
174104	0.01012597462
174105	0.007104184191
174106	0.003579709849
174107	0.0001361104382
174108	0.001665532828
174109	0.003030383549
174110	0.005774328292
174111	0.003606162603
174112	0.0002394079497
174113	0.0009239150528
174114	0.007006946921
174115	0.0018305522
174116	0.003807555638
174117	0.002703227398
174118	0.001813909891
174119	0.001170573044
174120	0.001802951229
174121	0.0158013544
174122	0.002615098146
174123	0.003571199821
174124	0.0004790843617
174125	0.0002847324162
174126	0.0003270139386
174127	0.000206819343
174128	0.002220734138
174129	0.00402199874
174130	0.001018324178
174131	0.009077151891
174132	0.005396114843
174133	0.0008192225697
174134	0.02307268073
174135	0.003514931125
174136	0.001991082921
174137	0.01340597306
174138	0.004018415448
174139	0.004504953635
174140	0.001586247471
174141	0.006476082467
174142	0.005014033674
174143	0.001290352944
174144	0.004460325361
174145	0.0007109662947
174146	0.02062947355
174147	0.0006984337808
174148	0.00222084315
174149	0.01722666278
174150	0.00291290194
174151	0.001915412698
174152	0.003086631315
174153	0.0187304082
174154	0.003047415938
174155	0.001670027271
174156	5.990834872e-05
174157	0.0008033503864
174158	0.001746492984
174159	0.0006693364798
174160	0.002123348158
174161	7.750088533e-05
174162	0.0003128473214
174163	0.002753053443
174164	0.002642838644
174165	0.002675387729
174166	0.0008134441297
174167	0.003552806786
174168	0.003204630865
174169	0.0007650937548
174170	0.0006700554381
174171	0.01081468267
174172	0.01983152525
174173	0.003614529336
174174	0.007280616791
174175	0.006325889105
174176	0.003422327764
174177	0.003834888415
174178	0.001275923857
174179	0.002703484295
174180	4.299824417e-05
174181	0.004546856303
174182	0.0001731488887
174183	0.0004999464284
174184	0.006918659198
174185	0.004220548096
174186	0.01021376435
174187	0.002306039637
174188	0.002614214908
174189	0.0006323254744
174190	0.001335842617
174191	0.001252414221
174192	0.001555796285
174193	0.007013294246
174194	0.0009437186223
174195	0.0006300683687
174196	0.006211051699
174197	0.0004581432168
174198	0.01126319725
174199	0.005421603967
174200	0.004296364147
174201	0.009170266816
174202	0.002331378076
174203	0.001896432855
174204	0.009619448213
174205	0.01066821093
174206	0.006349520447
174207	0.01484050247
174208	0.009466468924
174209	0.00348001522
174210	0.00487388026
174211	0.009015018049
174212	0.005622110744
174213	0.01768683634
174214	0.005677506643
174215	0.0008189167786
174216	0.00507599545
174217	0.001727035398
174218	0.004810490721
174219	0.0003656611275
174220	0.01640090639
174221	3.241894836e-05
174222	0.02069725309
174223	0.02204428421
174224	0.004894514341
174225	0.01807563217
174226	0.00144957639
174227	0.006649584711
174228	0.02021362002
174229	0.02058612439
174230	0.004785113037
174231	0.005517956209
174232	0.001557965906
174233	0.003376139382
174234	0.0005373797552
174235	0.005645709741
174236	0.002771290011
174237	0.002794205405
174238	0.0006372196774
174239	0.01085353964
174240	0.009366195742
174241	0.004601385196
174242	0.007531081599
174243	0.003117141467
174244	0.001810098406
174245	0.004497304857
174246	0.00839852599
174247	0.0002645519855
174248	0.005952586827
174249	0.005349171128
174250	0.003919094316
174251	0.004662674952
174252	0.001928132184
174253	0.0001459725163
174254	0.0061208337
174255	0.008703949128
174256	0.01384778601
174257	0.002137452931
174258	0.002990562437
174259	0.002301142025
174260	0.006256814806
174261	0.01066505013
174262	0.004417972806
174263	0.004701233097
174264	0.003537518576
174265	0.01029304747
174266	0.006191883003
174267	0.003049655695
174268	0.005677574504
174269	0.002417465118
174270	0.01129586004
174271	0.001732768831
174272	0.01153601692
174273	0.01519762012
174274	0.001379635086
174275	0.005869452961
174276	0.00248918787
174277	0.01807867299
174278	0.008767537414
174279	0.003924339883
174280	0.006000937678
174281	0.002145416743
174282	0.002008114264
174283	0.004689492501
174284	0.002665999187
174285	0.003707074791
174286	0.0116058072
174287	0.003292813011
174288	0.001379783459
174289	0.003143476715
174290	0.006577384133
174291	0.004311456682
174292	0.003245901465
174293	0.001781891305
174294	0.01064554261
174295	0.006085520272
174296	0.005380350279
174297	0.002270622578
174298	0.001092127607
174299	0.004441761197
174300	0.002818973547
174301	0.005992925031
174302	0.004561186889
174303	0.002813651276
174304	0.001651152305
174305	0.006031384271
174306	0.004875685036
174307	0.004887294283
174308	0.00422648931
174309	0.009073673805
174310	0.0008985033398
174311	0.002714407201
174312	0.001088537148
174313	0.004943661648
174314	0.007298548449
174315	0.004691997525
174316	0.003794051992
174317	0.01103719463
174318	0.00796277215
174319	0.002075428501
174320	0.003431435227
174321	0.0004844785015
174322	0.01575682788
174323	0.007211772861
174324	0.002114528701
174325	0.001545518618
174326	0.0006409299236
174327	0.005134515701
174328	0.002649486959
174329	0.001723777944
174330	0.0009840531074
174331	0.00605867813
174332	0
174333	0.001680444114
174334	0.001183508043
174335	0.01193360726
174336	0.008044106644
174337	0.00810660809
174338	0.001975926076
174339	0.001603810544
174340	0.00129221776
174341	0.004849917274
174342	0.005369932778
174343	0.0005620658047
174344	0.003790670866
174345	0.002542977933
174346	0.002760754607
174347	0.007464671737
174348	0.007583008105
174349	0.009455946442
174350	0.004994899204
174351	0.01363830538
174352	0.007896811187
174353	0.003099766914
174354	0.01063690703
174355	0.0005224519552
174356	0.01073254982
174357	0.004857392379
174358	0.001529929011
174359	0.005252053685
174360	0.02774353053
174361	0.008737828908
174362	0.001066929078
174363	0.009369826346
174364	0.006718247378
174365	0.0009190918226
174366	0.00241804847
174367	0.003731589447
174368	0.007768256985
174369	0.003090380321
174370	0.001750723469
174371	0.004751523036
174372	0.006954521193
174373	0.00889879836
174374	0.003667520374
174375	0.002033937454
174376	0.008432692565
174377	0.003031532146
174378	0.01274229781
174379	0.003677925541
174380	0.01139966965
174381	0.004849586643
174382	0.003634281518
174383	8.029439123e-05
174384	0.00896445501
174385	0.0002220002081
174386	0.01366917263
174387	0.004983220628
174388	0.005033494855
174389	0.005467061176
174390	0.004195149214
174391	0.0001781483307
174392	0.002384266921
174393	0.007945133079
174394	0.002896735543
174395	0.001321457585
174396	0.001841974854
174397	0.003298991866
174398	6.815502505e-07
174399	0.001405360893
174400	0.005451775231
174401	0.002119741493
174402	0.003231188997
174403	0.004746921422
174404	0.001087788525
174405	0.002181901346
174406	0.002149784517
174407	0.0008500481575
174408	0.001943621457
174409	0.006694032827
174410	0.001002169266
174411	0.01071157395
174412	0.002176583849
174413	0.004675625953
174414	0.002953468142
174415	0.001906406064
174416	0.01368468585
174417	0.00219261665
174418	0.0003743199272
174419	0.01001102684
174420	0.006479138992
174421	0.00198488228
174422	0.004243009997
174423	0.006549184694
174424	0.00513122037
174425	0.007473978487
174426	0.00210609498
174427	0.01055876208
174428	2.126919442e-07
174429	0.003469723832
174430	0.00346299536
174431	0.002063234082
174432	0.003585575097
174433	0.003730351287
174434	0.002312896148
174435	0.0001177508243
174436	0.002830389195
174437	0.00165213292
174438	0.003730433311
174439	0.00319998827
174440	0.00306067042
174441	0.004830435478
174442	0.003838133075
174443	0.004753486624
174444	0.003239428548
174445	0.00230923917
174446	0.0001944055418
174447	0.005248806597
174448	0.001977278894
174449	0.006297597674
174450	0.006862448579
174451	0.004781653082
174452	0.008354089519
174453	0.003579062801
174454	0.006368391137
174455	0.003622836734
174456	0.006588082982
174457	0.00675824665
174458	0.009101467805
174459	0.005639773664
174460	0.001441072372
174461	0.006267283302
174462	0.006049321899
174463	0.00562447549
174464	0.007774286765
174465	0.004301190003
174466	0.00341382405
174467	0.009249982105
174468	0.01033509619
174469	0.0118472537
174470	0.0005196093306
174471	0.002365628219
174472	0.0006811199221
174473	0.003743422776
174474	0.0003902525037
174475	0.01189847775
174476	0.004622009452
174477	0.002621290386
174478	0.005018314304
174479	0.01045838913
174480	0.007269630005
174481	0.0007661250625
174482	0.001310628835
174483	0.0003257667859
174484	0.0003829809957
174485	0.0005054719405
174486	3.215986586e-05
174487	0.007249800953
174488	0.002515749032
174489	0.002557769215
174490	0.004582582998
174491	0.0006625222375
174492	0.01963275591
174493	5.564432395e-05
174494	0.002243987008
174495	0.01094422522
174496	0.003290504989
174497	0.00383607988
174498	0.01019873232
174499	0.005077139315
174500	0.006467630732
174501	0.0001419261638
174502	0.008698289164
174503	0.009966972469
174504	1.862928561e-05
174505	0.001201240197
174506	0.005077619148
174507	0.001966769791
174508	0.0006416325672
174509	0.004480346343
174510	0.003477039183
174511	0.000128188095
174512	0.003244297687
174513	0.004038569301
174514	0.004163105173
174515	0.002048133261
174516	0.004039092023
174517	0.003918438333
174518	0.002529291677
174519	0.01013117732
174520	0.006272791557
174521	0.001154646786
174522	0.0001056769576
174523	0.005105689909
174524	0.003070167294
174525	0.00162075551
174526	5.004619056e-05
174527	0.01020790186
174528	0.008996186764
174529	0.006606745241
174530	0.006033067813
174531	0.002653477727
174532	0.005301716061
174533	0.004768680459
174534	0.005828590504
174535	0.003653166061
174536	0.001099982259
174537	0.003510902764
174538	0.005113881452
174539	0.004870091922
174540	0.001615628877
174541	0.01420132957
174542	0.003462796177
174543	0.00191073584
174544	0.005381195921
174545	0.004334535485
174546	0.00264432333
174547	0.0009909263824
174548	0.001685637495
174549	0.0003992029976
174550	0.006435183914
174551	0.005180083998
174552	0.001266095376
174553	0.004069225102
174554	0.003801028416
174555	0.01476279394
174556	0.002534437157
174557	0.001251494962
174558	0.003609728103
174559	0.003004649465
174560	0.003207145871
174561	0.002838258612
174562	0.001164677283
174563	0.0004093076367
174564	0.007765566163
174565	5.130654269e-05
174566	0.0007959172645
174567	0.004027557029
174568	0.0006442532093
174569	4.88084922e-06
174570	0.00319332047
174571	0.003200952604
174572	0.001268698238
174573	0.0008696770566
174574	0.005803448963
174575	0.00187911014
174576	0.007645035436
174577	0.00161060812
174578	0.006313698379
174579	0.0003265310463
174580	0.008811364571
174581	0.004134850006
174582	0.0004125934756
174583	0.003792741682
174584	0.0009907552774
174585	0.0008071040353
174586	0.005212409999
174587	0.001372970974
174588	0.002996740833
174589	0.001967802467
174590	0.01151778286
174591	0.008030481894
174592	0.001792503192
174593	0.0005263135282
174594	0.009111414987
174595	0.009187610839
174596	0.00880227568
174597	4.623201099e-05
174598	0.001605017389
174599	0.003700509043
174600	0.00153810536
174601	0.01049622053
174602	0.001792331666
174603	0.0003349394241
174604	0.006045697466
174605	0.006184912892
174606	0.00858804258
174607	0.001448299626
174608	0.002269367516
174609	0.0003290164402
174610	0.003630361425
174611	0.001210339679
174612	0.00666765791
174613	0.003447880053
174614	0.002745790537
174615	0.01512517475
174616	0.003170876102
174617	0.004236297929
174618	0.002888996665
174619	0.002710283405
174620	0.001423179482
174621	0.0009868541695
174622	0.005208577146
174623	0.0001332743538
174624	0.002919240415
174625	0.004885591417
174626	0.002377378189
174627	0.001901726299
174628	0
174629	0.004513126967
174630	0.005343871035
174631	0.0008320780974
174632	0.01521596747
174633	0.002965569786
174634	0.001969622945
174635	0.002009629122
174636	0.0004108253297
174637	0.001084209996
174638	0.007721287978
174639	0.01031254596
174640	0.007170965567
174641	0.006786432953
174642	0.001648109846
174643	0.006392698822
174644	0.01000795838
174645	0.001996410219
174646	0.001798112186
174647	0.002248995242
174648	0.005786705552
174649	0.00336290917
174650	0.003363841948
174651	0.003276232702
174652	0.006862448125
174653	0.002850252295
174654	0.000684322405
174655	0.002308357821
174656	0.0004534359844
174657	0.002447085301
174658	0.0003529142539
174659	0.007654528414
174660	0.006375888122
174661	0.0001116528428
174662	0.0005399857727
174663	0.001399539542
174664	0.001795351697
174665	0.0004496992949
174666	0.005015095491
174667	0.01527722162
174668	0.002956776128
174669	0.0005553253387
174670	0.004810806285
174671	0.0003117738467
174672	0.000892531258
174673	0.003070272191
174674	0.004980178074
174675	0.01040576298
174676	0.0003071510603
174677	0.001286204704
174678	0.001010261402
174679	0.006692733198
174680	0.006779968785
174681	0.0025285598
174682	0.003555229757
174683	0.001623402509
174684	0.007222536781
174685	0.002831897154
174686	0.004775587479
174687	0.007956867373
174688	0.002748315615
174689	0.0007388217031
174690	0.003633199512
174691	0.0004624201092
174692	0.006863448818
174693	0.002295577524
174694	0.006688297768
174695	0.001511645648
174696	0.002515747437
174697	0.00162902736
174698	0.006236756306
174699	0.0008249953673
174700	0.0004809878345
174701	0.0006574179057
174702	0.004334058406
174703	0.0003120874135
174704	0.002636688635
174705	0.005966512668
174706	0.004529253153
174707	0.0005989620195
174708	0.0015252649
174709	0.00171017097
174710	0.001623230055
174711	0.0002279627058
174712	0.000569015329
174713	0.0005429732551
174714	0.000368324773
174715	0.003272967874
174716	0.002394894873
174717	0.0002097671411
174718	0.001611625509
174719	0.00302706169
174720	0.004307349895
174721	0.002459598732
174722	0.001070580332
174723	0.006268825247
174724	0.000384748466
174725	0.002232030637
174726	0.003447736709
174727	0.009881267684
174728	0.00364004761
174729	0.004718924945
174730	0.004367780112
174731	0.002411237879
174732	0.003022876796
174733	0.004189130466
174734	0.003894497004
174735	0.004169561099
174736	0.006835416228
174737	0.003605293465
174738	0.003798867105
174739	0.003563104336
174740	0.00185533372
174741	0.002678977827
174742	0.002977354245
174743	0.003170357173
174744	0.004654703001
174745	0.0008228604828
174746	0.00330496143
174747	0.001889043579
174748	0.001679290464
174749	0.002362392164
174750	0.00356002073
174751	0.002769136793
174752	0.003071296617
174753	0.005646838531
174754	0.002980872273
174755	0.005817231604
174756	0.0002689106597
174757	0.01128890117
174758	0.0005374515903
174759	0.007999655344
174760	0.0003133739105
174761	0.003586196508
174762	0.009828361717
174763	0.003713276851
174764	0.01828265784
174765	0.00341686785
174766	1.40121062e-05
174767	0.0006453878081
174768	0.002526420237
174769	0.003214698386
174770	0.001593801439
174771	0.002012307825
174772	0.002765557225
174773	0.000733426185
174774	0.001957713349
174775	0.0008124116561
174776	0.003280929607
174777	0.002430867323
174778	0.00450419987
174779	0.006356091048
174780	0.003246527227
174781	0.0008070732367
174782	0.00292381771
174783	0.001729181046
174784	0.001046050245
174785	0.001163391096
174786	0.0005529259076
174787	0.006111097698
174788	0.000767218452
174789	0.00111323945
174790	0.008040898369
174791	9.042379481e-06
174792	0.0006468978452
174793	0.001380343118
174794	0.0003065623258
174795	0.003409235409
174796	0.000327823344
174797	0.002875361253
174798	0.001118618477
174799	0.000754422503
174800	0.0009613121829
174801	0.005021570811
174802	0.0003443063435
174803	0.00450017368
174804	0.003938275597
174805	0.0006488174925
174806	0.001266028747
174807	0.0006426699803
174808	0.002089023698
174809	0.003395451363
174810	0.00336363603
174811	0.0008380639572
174812	0.0003439874312
174813	0.003277190717
174814	0.0040077221
174815	0.005270531978
174816	0.002560311596
174817	0.0001854021776
174818	0.003530796156
174819	0.000989046881
174820	0.007138360373
174821	0.005290009712
174822	0.001157812629
174823	0.001616982941
174824	0.008953234427
174825	0.008506706952
174826	0.0005016074591
174827	0.0006641800488
174828	7.073106046e-05
174829	0.004625342704
174830	0.0001708809533
174831	0.001087843992
174832	0.003623476783
174833	0.01999587378
174834	0.0006205442556
174835	0.0003838868332
174836	0.0003227118295
174837	0.003076169473
174838	0.007113672021
174839	0.002759830241
174840	0.00693888446
174841	0.0009906695778
174842	0.0003480097546
174843	0.005561790937
174844	0.003195486662
174845	0.004875990939
174846	0.002500276847
174847	0.001003965588
174848	0.0004880197653
174849	0.001442390667
174850	0.003448189301
174851	0.0003775312026
174852	0.0004667187177
174853	0.008408756587
174854	0.002252364125
174855	0.001220203175
174856	0.0007071347296
174857	0.001698612126
174858	0.006280786629
174859	0.004599509136
174860	0.003581187921
174861	0.001225614482
174862	0.001807031645
174863	0.005158547853
174864	0.002182895469
174865	0.001815391439
174866	5.415400395e-05
174867	0.00351266215
174868	0.005863817507
174869	0.008059146751
174870	0.0009812184186
174871	0.00983270263
174872	0.0001161854728
174873	0.01272721206
174874	0.002866406976
174875	0.008100699727
174876	0.008411714347
174877	0.01677174874
174878	0.005155245891
174879	0.004534555772
174880	0.004037613215
174881	0.008906760478
174882	0.001248217644
174883	0.001595414704
174884	0.0001635262814
174885	0.0006333830022
174886	0.00188599178
174887	0.0005590215609
174888	0.0002498604058
174889	0.0002254523175
174890	0.001413289256
174891	0.0002577514339
174892	0.001366112544
174893	0.0005573568958
174894	0.002089391923
174895	0.001103994845
174896	0.001586966092
174897	0.001083395937
174898	0.0008925267483
174899	0.003593035825
174900	0.002335259418
174901	0.0006011666627
174902	0.001486987065
174903	0.0002008351126
174904	0.001036286575
174905	0.001931754443
174906	0.001524789394
174907	0.0006523518491
174908	0.001408925343
174909	5.449623919e-05
174910	0.001085305314
174911	0.0002943607756
174912	0.001552416795
174913	0.0009432983113
174914	0.002040179975
174915	0.0007129848088
174916	0.001241357716
174917	0.0002773021203
174918	0.001736249245
174919	0.002565929725
174920	0.002112602985
174921	0.002577782037
174922	0.002856506795
174923	0.002457489127
174924	0.00193381539
174925	0.002576564143
174926	0.003660625122
174927	0.002578005506
174928	0.00257857865
174929	0.002566197822
174930	0.0021264182
174931	0.00326333795
174932	0.002592011119
174933	0.002605595279
174934	0.003710698902
174935	0.003397149725
174936	0.004004793624
174937	0.002571843251
174938	0.002585509729
174939	0.002599266429
174940	0.002593137359
174941	0.002579117813
174942	0.003237484234
174943	0.003346192117
174944	0.002328743437
174945	0.002594626844
174946	0.0025873845
174947	0.003649275675
174948	0.002607966979
174949	0.001710501222
174950	0.002607030978
174951	0.0038011071
174952	0.004153075185
174953	0.003232540996
174954	0.003561086049
174955	3.993907741e-05
174956	0.003121370767
174957	0.00181977385
174958	0.005046030709
174959	0.0009897835241
174960	0.003145280293
174961	0.00359101388
174962	0.005161333364
174963	0.001823800884
174964	0.002630987047
174965	0.00331268169
174966	0.003216059718
174967	0.003638078171
174968	0.002562457627
174969	0.006903587007
174970	0.003179956492
174971	0.001157181018
174972	0.001084131673
174973	0.003731680488
174974	0.003708052597
174975	0.004663071179
174976	0.002799943316
174977	0.003704122864
174978	0.002579017805
174979	0.00258226684
174980	0.001935562506
174981	0.00167967251
174982	0.003452664649
174983	0.00377307861
174984	0.00277273815
174985	0.00442621044
174986	0.003491516897
174987	0.003282015436
174988	0.002916031715
174989	0.003261114569
174990	0.003529077793
174991	0.002750421106
174992	0.0004174726043
174993	0.002502121917
174994	0.002809245026
174995	0.003243106276
174996	0.004662310409
174997	0.002770282959
174998	0.002987264654
174999	0.002954400223
175000	0.002277995823
175001	0.002020837069
175002	0.01890847835
175003	0.00273876109
175004	0.002491159606
175005	0.002948764915
175006	0.001942567094
175007	0.003275910953
175008	0.002447511287
175009	0.004729905132
175010	0.003142356292
175011	0.003627542437
175012	0.002042970727
175013	0.002183584554
175014	0.003308908753
175015	0.002936822062
175016	0.003368303098
175017	0.001862322334
175018	0.002561793829
175019	0.003282303076
175020	0.003438007995
175021	0.00284055991
175022	0.002437585386
175023	0.003478091976
175024	0.002774999501
175025	0.0035444493
175026	0.002269234156
175027	0.002094395274
175028	0.0035879789
175029	0.001922420337
175030	0.002719764071
175031	0.002383594784
175032	0.002672918851
175033	0.002810145025
175034	0.0014726257
175035	0.002644850141
175036	0.002702434574
175037	0.001899191104
175038	0.001287746026
175039	0.001902494764
175040	0.002570015414
175041	0.003278102091
175042	0.002117354628
175043	0.003160997828
175044	0.003777630362
175045	0.002162309465
175046	0.003379159044
175047	0.003632700737
175048	0.002722259674
175049	0.002280561536
175050	0.002765569173
175051	0.002937187681
175052	0.001324090177
175053	0.005642864837
175054	0.002278296093
175055	0.003605867613
175056	0.003356498876
175057	0.002278847901
175058	0.002596868155
175059	0.002851008564
175060	0.002474597031
175061	0.003133401125
175062	0.002047514504
175063	0.002437819323
175064	0.0003430096764
175065	0.002375096256
175066	0.003481880174
175067	0.003117414543
175068	0.001926541671
175069	0.002176657267
175070	0.002225441369
175071	0.0040710345
175072	0.002025542619
175073	0.002750412714
175074	0.002332361817
175075	0.001202329133
175076	0.003018550743
175077	0.002963687398
175078	0.002411493632
175079	0.0004844798504
175080	0.003362307489
175081	0.002265707969
175082	0.002934853742
175083	0.004450041136
175084	0.004027354236
175085	0.00324742376
175086	0.001322534863
175087	0.002859386419
175088	0.003151719688
175089	0.003358050144
175090	0.0004429488286
175091	0.002328314682
175092	0.002923966594
175093	0.003345780476
175094	0.003780925532
175095	0.003462092297
175096	0.003471399866
175097	0.003976476655
175098	0.003417201352
175099	0.003901720272
175100	0.004492159646
175101	0.003377543922
175102	0.003887767015
175103	0.002624812314
175104	0.003878063016
175105	0.002924076898
175106	0.002868216527
175107	0.002616911689
175108	0.003017342942
175109	0.003885879873
175110	0.004122509279
175111	0.00405087575
175112	0.005165748016
175113	0.003267514482
175114	0.003445743652
175115	0.002827402547
175116	0.002088837805
175117	0.003232856406
175118	0.002756148165
175119	0.002562494135
175120	0.003555430599
175121	0.003340242565
175122	0.003606247345
175123	0.002609964237
175124	0.002516055721
175125	0.003362342992
175126	0.002526624938
175127	0.00251519441
175128	0.002414447986
175129	0.002307366556
175130	0.001184610689
175131	0.004055541024
175132	0.003500282187
175133	0.002006581371
175134	0.01237717842
175135	0.003074004836
175136	0.002586163786
175137	0.001933746697
175138	0.003405852575
175139	0.003715720808
175140	0.002932062989
175141	0.004240360811
175142	0.001775379601
175143	0.00398812884
175144	0.002978437566
175145	0.002556991027
175146	0.003797310503
175147	0.002009301936
175148	0.002650061238
175149	0.001855769042
175150	0.001943106156
175151	0.001154279086
175152	0.003444375275
175153	0.003255215409
175154	0.002366784788
175155	0.002691019548
175156	0.002823686911
175157	0.001883817875
175158	0.003921510634
175159	0.00446124033
175160	0.00356310241
175161	0.003591941838
175162	0.003552209445
175163	0.00231983681
175164	0.004048204463
175165	0.0001294611355
175166	0.003274236673
175167	0.002872404122
175168	0.001452505102
175169	0.003547811643
175170	0.001802670125
175171	0.0008848050919
175172	0.002951183986
175173	0.003830717566
175174	0.001437693243
175175	0.00192923039
175176	0.002013265165
175177	0.002930042819
175178	0.006771915361
175179	0.002925052457
175180	0.003618608908
175181	0.002905738315
175182	0.001615517139
175183	0.002272118551
175184	0.003067287563
175185	0.001906661211
175186	0.0020659692
175187	0.003355159434
175188	0.002994133108
175189	0.002307949692
175190	0.003181650592
175191	0.004243064852
175192	0.004008766278
175193	0.002468035053
175194	0.004318359471
175195	0.003467478749
175196	0.003878455619
175197	0.002769783661
175198	0.002510729706
175199	0.003746123537
175200	0.004831050517
175201	0.00332670081
175202	0.003735888166
175203	0.003888509319
175204	0.002710849099
175205	0.003873033545
175206	0.007472855112
175207	0.001610002405
175208	0.002513360869
175209	0.001093285313
175210	0.002785877325
175211	0.0009446738078
175212	0.002861659771
175213	0.003690670732
175214	0.01153819243
175215	0.003150664295
175216	0.02185654383
175217	0.00296551219
175218	0.003823150454
175219	0.00277509001
175220	0.009631477826
175221	0.003182250798
175222	0.01336073606
175223	0.00344844914
175224	0.003334990989
175225	0.002610123123
175226	0.003315443412
175227	0.001082232433
175228	0.005914286926
175229	0.00383399049
175230	0.007894181828
175231	0.003795750971
175232	0.01329660444
175233	0.001408243245
175234	0.002620208607
175235	0.01141409603
175236	0.004560767223
175237	0.0018240591
175238	0.01714742988
175239	0.001458958078
175240	0.002613543899
175241	0.0001888211999
175242	0.002993279395
175243	0.008912260148
175244	0.007801167544
175245	0.006350397355
175246	0.008795351811
175247	0.0004948030033
175248	0.00425419953
175249	0.01773199373
175250	0.0002275657917
175251	0.004440542525
175252	0.007467774241
175253	0.001115408734
175254	0.0143285517
175255	0.003914054847
175256	0.004504905796
175257	0.008979301218
175258	0.008765780418
175259	0.003779813632
175260	0.008008123166
175261	0.00692515862
175262	0.004232673466
175263	0.01210309614
175264	0.007705472395
175265	0.005609148823
175266	0.006382261806
175267	0.002896338724
175268	0.007382248412
175269	0.002172527836
175270	0.00517866487
175271	0.0003167030155
175272	0.002622206875
175273	0.01648260092
175274	0.003713136355
175275	0.003632616562
175276	0.002651368986
175277	0.0003563130711
175278	0.006951221097
175279	0.005910196051
175280	0.004745083699
175281	0.000246067305
175282	0.002007606927
175283	0.01075913129
175284	0.01235858279
175285	0.007924692978
175286	0.01011529713
175287	0.01156105387
175288	0.02093511449
175289	0.002193826585
175290	0.002333382603
175291	0.0005442869697
175292	0.008837265298
175293	0.008147548179
175294	0.0009336183917
175295	0.005572554813
175296	0.005593876546
175297	0.003775385865
175298	0.01346475991
175299	0.002504954023
175300	0.007225174432
175301	0.002612811693
175302	0.006939564387
175303	0.003065948583
175304	0.003618389813
175305	0.002548721037
175306	0.0009954670408
175307	0.008772351311
175308	0.01505812996
175309	0.001985671276
175310	0.0002646742808
175311	0.0007940869729
175312	0.005593917569
175313	0.0002970489206
175314	0.0007190612103
175315	0.00237891109
175316	0.001712581408
175317	0.003049561228
175318	0.002496283351
175319	0.003620607564
175320	0.0003942242267
175321	0.002815891859
175322	0.0002496824203
175323	0.001285976151
175324	0.0009501931919
175325	0.001577621949
175326	0.001394176033
175327	0.001516928989
175328	0.001534219238
175329	0.0002416223075
175330	0.0005826823628
175331	0.001465009939
175332	0.003438521428
175333	0.0006782152904
175334	0.001085068099
175335	0.0006984413601
175336	0.0004379167003
175337	0.0009142397985
175338	0.001276019617
175339	0.001413040821
175340	0.001280302781
175341	0.001565293996
175342	0.0008038758788
175343	0.001527266757
175344	0.001004286295
175345	0.0005864099924
175346	0.001073105365
175347	0.001291224626
175348	0.0009564715374
175349	0.000485464533
175350	0.0009909444143
175351	0.000677169676
175352	0.001552908741
175353	0.001546714772
175354	0.001818998695
175355	0.00160340516
175356	8.240243056e-05
175357	0.001016813345
175358	0.0045046497
175359	0.001832172139
175360	0.001131580912
175361	0.005227675101
175362	0.005194662175
175363	0.004817234274
175364	0.005202594877
175365	0.005147956079
175366	0.004855040557
175367	0.005015724728
175368	0.00499861821
175369	0.001827580715
175370	0.003356133822
175371	0.004952661401
175372	0.004734226062
175373	0.004776048277
175374	0.004849598303
175375	0.004828101617
175376	0.004578048917
175377	0.00496769364
175378	0.004530503032
175379	0.003570555407
175380	0.004893310616
175381	0.005195581301
175382	0.004953268515
175383	0.004263136491
175384	0.005010971854
175385	0.004846937543
175386	0.004215465168
175387	0.00361817998
175388	0.005236944167
175389	0.004955829079
175390	0.004774383018
175391	0.005232946307
175392	0.005083922687
175393	0.004879297737
175394	0.004315813393
175395	0.004888708134
175396	0.004562032317
175397	0.005203800129
175398	0.004496617864
175399	0.003599085119
175400	0.00276831535
175401	0.004043921909
175402	0.001827804665
175403	0.002273962308
175404	0.00453075956
175405	0.004085083447
175406	0.004708386349
175407	0.005222716016
175408	0.004733716676
175409	0.004244729812
175410	0.00403587166
175411	0.001397349913
175412	0.00160181063
175413	0.004962419879
175414	0.004590449215
175415	0.004324037235
175416	0.004858175956
175417	0.00338500417
175418	0.00610300607
175419	0.005234664847
175420	0.0008408372992
175421	0.002472338648
175422	3.900881944e-05
175423	0.0001181939406
175424	0.003124530115
175425	0.0007555429733
175426	8.286852774e-05
175427	0.0001746771229
175428	0.0001142170618
175429	0.0008441089
175430	0.001372267621
175431	0.0006965327995
175432	0.005826674511
175433	0.001494657156
175434	0.001187821207
175435	0.0003668275337
175436	0.001534762272
175437	0.0005681701756
175438	0.001092113576
175439	0.001907254573
175440	0.0007393453904
175441	0.0002526595354
175442	0.006112565558
175443	0.003394264501
175444	0.007453565417
175445	0.005805958356
175446	0.003259696611
175447	0.003872366211
175448	0.0005657530958
175449	0.002202817714
175450	0.00390656543
175451	0.001344535065
175452	0.001018355811
175453	0.003793747496
175454	0.004858099547
175455	0.002998472695
175456	7.734711233e-05
175457	0.0001211935134
175458	0.003022014895
175459	0.006349338169
175460	0.001743034258
175461	0.003070161995
175462	0.007503488498
175463	0.005248614836
175464	0.003005663979
175465	0.003312390754
175466	0.00328830506
175467	0.003135056062
175468	0.004599458
175469	0.006152854969
175470	0.005548840442
175471	0.001668070984
175472	0.003561795492
175473	0.000858958902
175474	0.003572442963
175475	0.006317189478
175476	0.00114948837
175477	0.00452196657
175478	0.00302945119
175479	0.001947178563
175480	0.003322622202
175481	0.004254193805
175482	0.004462201676
175483	0.001837820378
175484	0.003688117678
175485	0.003966169358
175486	0.004224753944
175487	0.007108502906
175488	0.007052694917
175489	0.003326064715
175490	0.005566477096
175491	0.002041509977
175492	0.003309306927
175493	0.002307872554
175494	0.003591960776
175495	0.003127667781
175496	0.003485655811
175497	0.008346347553
175498	0.000651156943
175499	0.0009153309954
175500	0.006255604441
175501	0.01153800681
175502	0.003083880609
175503	0.002737625476
175504	0.003228781596
175505	0.003669548979
175506	0.004553011803
175507	0.003134843201
175508	0.002853165254
175509	0.002844681455
175510	0.00330874708
175511	0.002420408019
175512	0.003904083494
175513	0.0006965386049
175514	0.0027300357
175515	0.002489710804
175516	0.001288635274
175517	0.0002504463845
175518	0.003483258033
175519	0.0008799652591
175520	0.0007632494979
175521	0.004343746109
175522	0.00828681618
175523	0.003533402978
175524	0.005477788464
175525	0.001302834423
175526	0.001363783758
175527	0.002982895475
175528	0.00291595495
175529	0.002254558079
175530	0.001442463687
175531	0.001866653062
175532	0.001520892446
175533	0.000324423329
175534	0.006243235122
175535	0.005838870704
175536	0.002758174342
175537	0.00518223103
175538	0.001892872999
175539	0.003346092972
175540	0.003094769982
175541	0.0007198549084
175542	0.002845402571
175543	0.003898650985
175544	0.0005232227086
175545	0.002688745637
175546	0.0009795204071
175547	0.001670998086
175548	0.006271369467
175549	0.005865535898
175550	0.003965664392
175551	0.0008842669145
175552	0.001278906546
175553	0.007694562984
175554	0.004777890186
175555	0.00818243998
175556	0.005025425842
175557	0.003171832698
175558	0.006069806868
175559	0.003195122574
175560	0.004189307416
175561	0.00383255246
175562	0.001396864642
175563	0.002756604101
175564	0.004947278125
175565	0.006077575172
175566	0.004238973703
175567	0.003078509788
175568	0.004733060412
175569	0.00370805199
175570	0.005200695572
175571	0.004477448356
175572	0.004076294719
175573	0.0008534872127
175574	0.004297745069
175575	0.003103995446
175576	0.009495501265
175577	0.005906098335
175578	0.01000695623
175579	0.004886401183
175580	0.006878012238
175581	0.00729849948
175582	0.003373111785
175583	0.004557419713
175584	0.004033713103
175585	0.005423250881
175586	0.008089187967
175587	0.007153498023
175588	0.003839961706
175589	0.002531751578
175590	0.002002565645
175591	0.003228175352
175592	0.003635522278
175593	0.004631027993
175594	0.002263523635
175595	0.01212886306
175596	0.002890894627
175597	0.002449788773
175598	0.005309660933
175599	0.007516068239
175600	6.661506664e-05
175601	0.005823429633
175602	0.004034018161
175603	0.004294002127
175604	0.006087150058
175605	0.005864518716
175606	0.004865294654
175607	0.005334112519
175608	0.004228669647
175609	0.005766910655
175610	0.00499665428
175611	0.00810001939
175612	0.006422427997
175613	0.006445246566
175614	0.00596822731
175615	0.005827005657
175616	0.006438785122
175617	0.002172389393
175618	0.003210471181
175619	0.0008476914647
175620	0.001789943992
175621	0.009090355286
175622	0.008441364169
175623	0.007343069387
175624	0.005703121201
175625	0.001644324702
175626	0.004850479807
175627	0.005331350499
175628	0.003929317509
175629	0.003690636885
175630	0.004499989198
175631	0.00715926309
175632	0.006578113711
175633	0.002579186639
175634	0.006339708466
175635	0.006466310197
175636	0.0009014184998
175637	0.005106634096
175638	0.004906442574
175639	0.0030178956
175640	0.001220872137
175641	0.002835612533
175642	0.001498729681
175643	0.003590683984
175644	0.004987705338
175645	0.009389397872
175646	0.0108050233
175647	0.005211988476
175648	0.005293008558
175649	0.00433157671
175650	0.004871166469
175651	0.005211569302
175652	0.0003587302622
175653	0.002801777372
175654	0.00342120425
175655	0.002812407458
175656	0.003157788649
175657	0.004141813314
175658	0.004671022454
175659	0.005117956989
175660	0.008323008801
175661	8.609985469e-05
175662	0.001407758543
175663	0.004814095076
175664	0.006300833787
175665	0.01134585828
175666	0.005016170891
175667	0.001331984296
175668	0.000138307157
175669	0.00341988932
175670	0.003985502254
175671	0.004345574348
175672	0.006981308977
175673	0.004801956222
175674	0.0004022559432
175675	0.001751878794
175676	0.001842826672
175677	0.007474039512
175678	0.004968069721
175679	0.001781361905
175680	0.0009564576721
175681	0.001437433234
175682	0.001193666904
175683	0.002536112258
175684	0.000611546436
175685	0.01077273712
175686	0.005340220849
175687	0.005397243685
175688	0.00220680778
175689	0.003284506947
175690	0.004806032172
175691	0.008119842209
175692	0.004942687642
175693	0.007643471596
175694	0.01069853712
175695	0.009376277412
175696	0.006780313254
175697	0.006715150367
175698	0.01024071084
175699	0.008318350527
175700	0.009461324961
175701	0.008713898652
175702	0.008989869099
175703	0.009490075683
175704	0.01004461513
175705	0.009184493946
175706	0.0100692138
175707	0.01081249114
175708	0.009271720732
175709	0.009338809114
175710	0.008916264855
175711	0.008450534364
175712	0.006610148041
175713	0.009676125205
175714	0.01005759655
175715	0.008247655653
175716	0.008437241547
175717	0.004078639624
175718	0.008458259935
175719	0.007000585986
175720	0.008917389157
175721	0.009189370588
175722	0.009712304361
175723	0.001306734946
175724	0.001297596466
175725	0.01012580313
175726	0.004847467395
175727	0.007643013126
175728	0.003378773885
175729	0.004647775043
175730	0.002956721595
175731	0.0003539487368
175732	0.0005621858256
175733	0.001992488423
175734	0.006238152727
175735	0.002661333231
175736	0.00465147785
175737	0.002985124249
175738	0.003097008965
175739	0.01217136978
175740	0.000471154175
175741	0.007088900698
175742	0.004944419158
175743	0.001572094637
175744	0.005970969791
175745	0.005033476429
175746	7.041010557e-05
175747	0.003044369721
175748	0.008245784882
175749	0.007215688677
175750	0.002424809227
175751	0.00742743084
175752	0.000570115509
175753	0.001845399322
175754	0.004265700586
175755	0.003195127181
175756	0.004726699522
175757	0.006592911846
175758	0.001506286679
175759	0.01255155653
175760	0.003884613038
175761	0.002520586689
175762	0.01308706733
175763	0.004431751623
175764	0.006975605436
175765	0.005133205054
175766	0.002479383235
175767	0.001267442098
175768	0.007382939074
175769	0.005545988605
175770	0.005321859243
175771	0.004762656035
175772	0.01130659743
175773	0.005710537583
175774	0.02021817836
175775	0.007600731645
175776	0.0009180491116
175777	0.002699024179
175778	0.004595989722
175779	0.001709203763
175780	0.00290877075
175781	0.004271639731
175782	0.007146371337
175783	0.01101203598
175784	0.007963153666
175785	0.00730494699
175786	0.004980124456
175787	0.01283727387
175788	0.007300105003
175789	0.005165765594
175790	0.002352856755
175791	0.0008429404407
175792	0.005280734285
175793	0.00205297782
175794	0.004145363574
175795	0.004407572757
175796	0.007399951863
175797	0.002401239252
175798	0.007670615894
175799	0.00155670365
175800	0.002895848041
175801	0.00476612987
175802	0.001598055755
175803	0.002186795342
175804	0.004087451222
175805	0.008252757302
175806	0.000401602762
175807	0.002779747887
175808	0.005535810585
175809	0.007549846703
175810	0.002186079687
175811	0.005555690407
175812	0.002224101865
175813	0.008667658857
175814	0.003428703874
175815	0.002870029603
175816	0.006686463521
175817	0.00478181415
175818	0.005479315361
175819	0.00119161069
175820	0.001786067604
175821	0.003293853529
175822	0.002470649696
175823	0.005146692259
175824	0.001087282129
175825	0.001354599359
175826	0.0001270072037
175827	9.151661451e-08
175828	0.0004713878002
175829	0.002020700654
175830	0.01072246162
175831	0.007106714872
175832	0.0006346131122
175833	0.008416167976
175834	0.02178894179
175835	0.01299420695
175836	0.006744020806
175837	0.004289008739
175838	0.003160824804
175839	0.004361116732
175840	0.00565517942
175841	0.002342464298
175842	0.003765647305
175843	0.005348920281
175844	0.0001551138445
175845	0.00539629829
175846	0.001604181204
175847	0.002393039846
175848	0.004093768208
175849	0.008132601965
175850	0.00382818868
175851	0.0009601482392
175852	0.0111278329
175853	0.002449677902
175854	0.001552571092
175855	0.004183295946
175856	0.0003322417627
175857	0.003310339728
175858	0.001001924562
175859	0.009861931825
175860	0.01238052286
175861	0.001983204376
175862	0.003150598388
175863	0.003595149921
175864	0.01864453082
175865	0.002242862132
175866	0.01090673388
175867	0.001387391259
175868	0.002021220362
175869	0.003572297755
175870	0.000196311957
175871	0.0003308639121
175872	0.0007531072
175873	0.002002302782
175874	0.0008471040154
175875	0.001282372853
175876	0.01882493778
175877	8.400495586e-05
175878	0.0009058786268
175879	0.002897876965
175880	0.003274650487
175881	0.001443613874
175882	0.005080079654
175883	0.002843948553
175884	0.007975798108
175885	0.001344560238
175886	0.002167117222
175887	0.0009680333186
175888	0.0007143194771
175889	0.01675922364
175890	0.006932488001
175891	0.002879205642
175892	0.005376793674
175893	0.0009525633427
175894	0.0002665391726
175895	0.001183983782
175896	0.001473916632
175897	0.0009418855224
175898	0.0006411388989
175899	0.001939601484
175900	0.001307810927
175901	0.002092878419
175902	0.008790176755
175903	0.005234434603
175904	0.01099312999
175905	0.01474594207
175906	0.01064068677
175907	0.005299157305
175908	0.00286276947
175909	0.0005837594534
175910	0.002555805302
175911	0.00788651227
175912	0.005348675762
175913	0.01015264808
175914	0.001891936041
175915	0.003721670906
175916	0.004120811771
175917	0.0003788734918
175918	0.001118987416
175919	0.005134977737
175920	1.527505221e-05
175921	0.0007086070501
175922	0.009229516015
175923	0.002735140129
175924	0.002020855966
175925	0.002099174463
175926	0.002049592063
175927	0.005171330846
175928	0.008369589286
175929	0.001193842367
175930	0.00337092443
175931	0.0009117350844
175932	0.004807996687
175933	0.004551439003
175934	0.001685185354
175935	0.0004337054397
175936	0.003973387858
175937	0.001595684677
175938	0.01401835401
175939	0.004429670427
175940	0.005685883352
175941	0.01256584052
175942	0.01188132175
175943	0.0003471750196
175944	0.005410662751
175945	0.004305875862
175946	0.02507910667
175947	0.002224906599
175948	0.005712297473
175949	0.01216747214
175950	0.0030448029
175951	0.004581234462
175952	0.006559059653
175953	0.011664209
175954	0.01264563795
175955	0.001404080036
175956	0.00716776499
175957	0.002756831317
175958	0.007614782858
175959	0.004297122385
175960	0.0004186354199
175961	4.656302679e-06
175962	0.006183281318
175963	0.005195002977
175964	0.00344017101
175965	0.008252878053
175966	0.002251992147
175967	0.00512757965
175968	0.000237659388
175969	0.005382873555
175970	0.005487670661
175971	0.007448171232
175972	0.01183627805
175973	0.004013724842
175974	0.003058027219
175975	0.007559961681
175976	0.004783548296
175977	0.003822398853
175978	0.0001131896291
175979	0.0008971017833
175980	0.00634990098
175981	0.0008045311201
175982	0.003984982277
175983	0.003453986903
175984	0.009459721858
175985	0.006400790538
175986	0.0003079695031
175987	0.003239144589
175988	0.001242184214
175989	0.002360425704
175990	0.001544084052
175991	0.0008872003918
175992	0.002472404468
175993	0.001849723064
175994	0.008876877172
175995	0.01082103414
175996	0.01106007259
175997	0.001651211578
175998	0.0008406403014
175999	0.0006272632526
176000	0.01153161292
176001	0.003503352435
176002	0.002835737296
176003	0.009253613016
176004	0.002823931176
176005	0.007237007666
176006	0.01145877355
176007	0.01385640862
176008	0.01075788895
176009	0.002836565895
176010	0.002751640775
176011	0.002954746437
176012	0.008802682564
176013	0.002098464445
176014	0.00487877183
176015	0.009793166067
176016	0.0002880605334
176017	0.007909464951
176018	0.004388916437
176019	0.01377148355
176020	0.0007335601867
176021	0.0002015009301
176022	0.001620785692
176023	0.003387656781
176024	0.01720586115
176025	0.004584320286
176026	0.006430133319
176027	0.003255188588
176028	0.004672641643
176029	0.002050396803
176030	0.001360898865
176031	0.003579855842
176032	0.005422614446
176033	0.003648038465
176034	0.005545993253
176035	0.0001167864219
176036	0.005724655706
176037	7.790730273e-05
176038	0.001664129932
176039	0.004215263499
176040	0.004843857618
176041	0.0140599367
176042	0.000627759749
176043	0.006682166149
176044	0.0009371247958
176045	0.01704005936
176046	0.004955392963
176047	0.000664841644
176048	0.006641755263
176049	0.003364913843
176050	0.001317016966
176051	0.00727794928
176052	0.00236709526
176053	0.01869173369
176054	0.0006773341133
176055	0.007386194303
176056	0.01770411512
176057	0.00568126252
176058	0.005054704602
176059	0.006689881004
176060	0.0008928302887
176061	0.005321519383
176062	0.01972559032
176063	0.01286906561
176064	0.01298528815
176065	0.0002848629205
176066	0.005167513585
176067	0.001983851056
176068	0.004828563319
176069	0.004660730039
176070	0.00869605021
176071	0.004614211907
176072	0.005056990669
176073	0.0001842706225
176074	0.00587746991
176075	0.007691376211
176076	0.00493904019
176077	0.0009093649278
176078	0.004788915756
176079	0.002733389587
176080	0.005643414042
176081	0.01606079458
176082	0.008261808635
176083	0.00139297597
176084	0.008298877176
176085	0.009762661024
176086	0.001968631676
176087	0.0004131461503
176088	0.001269792715
176089	0.0007082439575
176090	0.0001220836496
176091	0.002384849708
176092	0.0056308161
176093	0.0002280814226
176094	0.0001885644753
176095	0.001662692266
176096	0.01471183106
176097	0.00423062081
176098	0.003463742697
176099	0.004081101723
176100	0.002829677993
176101	0.00120981571
176102	0.006262305076
176103	0.003458544808
176104	0.009006770615
176105	0.003778562397
176106	0.005120286988
176107	0.000744591326
176108	0.005839617092
176109	0.007875478372
176110	0.001086425459
176111	0.008727440731
176112	0.01568733458
176113	0.004354583543
176114	0.01581199993
176115	0.004852804867
176116	0.00036294093
176117	0.00235665046
176118	0.003090332301
176119	0.006167156529
176120	0.0009204554293
176121	0.008351429541
176122	0.00227599582
176123	0.007270314445
176124	0.004768319968
176125	0.01344224693
176126	0.00647874126
176127	0.002756183594
176128	0.01097655878
176129	0.002544240006
176130	0.0009375013382
176131	0.003632100038
176132	0.006645411961
176133	0.006556297288
176134	0.002233611805
176135	0.0005138076656
176136	0.0008166912691
176137	0.0022138929
176138	0.004984516438
176139	0.0005355786175
176140	0.006735903739
176141	0.007145542261
176142	0.002915577992
176143	0.002690071312
176144	0.004964933223
176145	0.006170926156
176146	0.005838713729
176147	0.00448902714
176148	0.002049943146
176149	0.004538756328
176150	0.0008927606345
176151	0.00394723424
176152	0.0004721800003
176153	0.006341707437
176154	0.003314335527
176155	0.001371939105
176156	0.004687475943
176157	0.005593446786
176158	0.002753945443
176159	0.001552573464
176160	0.02020301583
176161	0.005983115107
176162	0.001652774332
176163	0.0003936411759
176164	0.0008071236685
176165	0.001113866323
176166	0.005736288753
176167	0.003678805785
176168	0.007768403305
176169	0.008815596524
176170	0.002044251087
176171	0.01190277329
176172	0.00261506717
176173	0.008014571944
176174	0.006878858517
176175	0.001844937529
176176	0.003290252582
176177	0.001391737736
176178	0.003799474238
176179	0.002659098912
176180	0.01376268239
176181	0.001040306335
176182	0.002328055821
176183	0.002986447248
176184	0.002318745929
176185	0
176186	0.0004865623141
176187	0.0008518670359
176188	0.002587749506
176189	0.0005734367266
176190	0.002961894333
176191	0.001932936819
176192	0.00238516529
176193	0.0006100466009
176194	0.003043086737
176195	0.009178058179
176196	0.0004781833074
176197	0.002771481754
176198	0.00243693198
176199	0.002842882562
176200	0.002107332145
176201	0.00214957453
176202	0.002464903079
176203	0.003073494777
176204	0.003163716506
176205	0.001700811564
176206	0.001032945568
176207	0.001057195696
176208	0.002907379351
176209	0.002860905359
176210	0.00269147644
176211	0.001747762179
176212	0.001684476771
176213	0.00532730479
176214	0.002372427547
176215	0.002787356813
176216	0.003033894279
176217	0.002727765938
176218	0.002450733497
176219	0.003125147819
176220	0.00334210412
176221	0.003212518299
176222	0.002767129092
176223	0.003375609936
176224	0.002928296134
176225	0.001013488928
176226	0.001291174583
176227	0.0002285470826
176228	0.002805066798
176229	0.001551496101
176230	0.003347262824
176231	0.003650881279
176232	0.00211066987
176233	0.001590226774
176234	0.002535390971
176235	0.002794984712
176236	0.002291706442
176237	0.0004359950909
176238	0.0004455754118
176239	0.002391141389
176240	0.001020503715
176241	0.003502619043
176242	0.003626074915
176243	0.00196137655
176244	0.005431409947
176245	0.00240623464
176246	0.003369686283
176247	0.002464416198
176248	0.002650443654
176249	0.003237949069
176250	0.00129929768
176251	0.002984067247
176252	0.003383371062
176253	0.006353703144
176254	0.002514964145
176255	0.002913988222
176256	0.002789541223
176257	0.003624782745
176258	0.001482949213
176259	0.001966708851
176260	0.001430663763
176261	0.002020666215
176262	0.002586523324
176263	0.003351586326
176264	0.001197200083
176265	0.003013140058
176266	0.002889031491
176267	0.000437366045
176268	0.002193178432
176269	0.001832348138
176270	0.000686249387
176271	0.003150739677
176272	0.003331265461
176273	0.003320648828
176274	0.0007130077438
176275	0.002123089316
176276	0.003900481769
176277	0.002932994727
176278	0.001721451166
176279	0.003880248681
176280	0.001823083851
176281	0.00409647373
176282	0.002217114201
176283	0.0003615718045
176284	0.003224138661
176285	0.002051798751
176286	0.002373482065
176287	0.002437014638
176288	0.0007090610922
176289	0.002780606025
176290	0.000624697915
176291	0.004024441643
176292	0.002455944836
176293	0.002618973592
176294	0.001536363615
176295	0.001882134656
176296	0.001902758581
176297	0.003441567832
176298	0.002437431959
176299	0.0018171671
176300	0.004317478779
176301	0.001504747805
176302	0.002425655894
176303	0.003060674957
176304	0.00338084442
176305	0.002352229688
176306	0.003335764821
176307	0.002861923245
176308	0.002539761702
176309	0.003583721583
176310	0.003273820267
176311	0.003510661164
176312	0.004602803972
176313	0.0006389953241
176314	0.002484470476
176315	0.00427879552
176316	0.002025074514
176317	0.003071279357
176318	0.0005867938254
176319	0.002933604959
176320	0.00193109471
176321	0.0003665211774
176322	0.0002699439263
176323	0.001738724449
176324	0.002460598485
176325	0.007235521973
176326	0.008398895367
176327	0.003572370053
176328	0.008356647115
176329	0.00103000264
176330	0.01031659082
176331	0.003592207385
176332	0.009244684837
176333	0.00185614449
176334	0.001810570562
176335	0.0004187937203
176336	0.00228636406
176337	0.001186731761
176338	0.0008033620467
176339	0.002958195543
176340	0.001847603095
176341	0.002452963465
176342	0.0005662284744
176343	0.00133333632
176344	0.001049732047
176345	0.001415457443
176346	0.001844003888
176347	0.002690523312
176348	0.001817017099
176349	0.003533119881
176350	0.00316809441
176351	0.00409791322
176352	0.001941347947
176353	0.001804369197
176354	0.006636719531
176355	0.003440249009
176356	0.003525003953
176357	0.001684129199
176358	0.003343374997
176359	0.0003785787081
176360	0.0001958902816
176361	0.003016878511
176362	0.003180944257
176363	0.002756003812
176364	0.002992337111
176365	0.003155862461
176366	0.0006895487457
176367	0.0005160984255
176368	0.003222361982
176369	0.002657505991
176370	0.003359457137
176371	0.0007814795755
176372	0.00336175902
176373	0.001682968729
176374	0.002525696905
176375	0.002419231209
176376	0.003640396795
176377	0.003186975156
176378	0.001624406302
176379	0.0002827788235
176380	0.00232351923
176381	0.001111242246
176382	0.002144435894
176383	0.001052198526
176384	0.002277799981
176385	0.002840230945
176386	0.003055843942
176387	0.0009183540975
176388	0.00281858846
176389	0.001446946533
176390	0.001896786194
176391	0.0007490384001
176392	0.002989136161
176393	0.001804771779
176394	0.002926264637
176395	0.00185861313
176396	0.0001286707244
176397	0.002226497857
176398	0.001825454732
176399	0.001753234435
176400	0.0007136067261
176401	0.002434763362
176402	0.003472826357
176403	0.003262669069
176404	0.003630948385
176405	0.0001035518154
176406	0.003471732474
176407	0.003986481543
176408	0.001265614941
176409	0.002280859566
176410	0.00192435487
176411	0.001836488839
176412	0.000822135062
176413	0.00212664526
176414	0.001961924137
176415	0.002024830639
176416	0.002595481267
176417	0.002713921209
176418	0.004073194405
176419	0.000649525368
176420	0.005543862718
176421	0.002535318122
176422	0.002527438383
176423	0.002993991673
176424	0.002947843307
176425	0.0001078935207
176426	0.00155058558
176427	0.003090217993
176428	0.002080207123
176429	0.001880627541
176430	0.002791787869
176431	0.001583620567
176432	0.002616924226
176433	0.003467249437
176434	0.003246392345
176435	0.003185031454
176436	0.000720719037
176437	0.002010519114
176438	0.0003520191392
176439	0.002683902099
176440	0.003808918997
176441	0.001942392448
176442	0.003253968897
176443	0.002439160433
176444	0.0007832388052
176445	0.002254148395
176446	0.002443231014
176447	0.003571925919
176448	0.004097536193
176449	0.001667696644
176450	0.00258798641
176451	0.000933151021
176452	0.002752592887
176453	0.002213270034
176454	0.002045975036
176455	0.003030652632
176456	0.003421962186
176457	0.001429546881
176458	0.003705736297
176459	0.001337275596
176460	0.001555075514
176461	0.003263209905
176462	0.00267918014
176463	0.001200524281
176464	0.003859226827
176465	0.002936930721
176466	0.001175197665
176467	0.002889775667
176468	0.002071307689
176469	0.004765386229
176470	0.001517341813
176471	0.001157734327
176472	0.0003447939928
176473	0.001489563931
176474	0.002531263402
176475	0.003609334898
176476	0.000605505923
176477	0.004452703558
176478	0.001140062639
176479	0.003286708706
176480	0.001220349417
176481	0.002753184006
176482	0.0004502914638
176483	0.004330616011
176484	0.001489953141
176485	0.0008704522569
176486	0.003178612603
176487	0.002992396895
176488	0.00936303823
176489	0.002612769592
176490	0.000126678421
176491	0.0005052123546
176492	0.003982692282
176493	0.002066946176
176494	0.001727337205
176495	0.002044648684
176496	0.0025358967
176497	0.002131806157
176498	0.00249729918
176499	0.002773536784
176500	0.003911198834
176501	0.00389932999
176502	0.002035976773
176503	0.003035745683
176504	0.001173098599
176505	0.004341966992
176506	0.001879430249
176507	0.0009006104743
176508	0.002488802333
176509	0.006464357592
176510	0.001351253324
176511	0.001639387463
176512	0.004740315496
176513	0.002484705122
176514	0.003663316597
176515	0.001992694954
176516	0.001095211499
176517	0.002674025708
176518	0.00238011726
176519	0.001367110583
176520	0.003948194437
176521	0.005705299894
176522	0.01005492605
176523	0.006562801191
176524	0.001610981429
176525	0.005626677512
176526	0.002679555106
176527	0.001610830041
176528	0.002138886959
176529	0.00335619869
176530	0.003299230932
176531	0.004104480452
176532	0.003083360066
176533	0.002817039812
176534	0.002527868043
176535	0.002889914839
176536	0.0006807645993
176537	0.003257212162
176538	0.002310463782
176539	0.007027199626
176540	0.01215947008
176541	0.00126796114
176542	0.0003156655781
176543	0.002047120333
176544	0.004782338073
176545	0.002139851764
176546	0.002236389358
176547	0.0001533306027
176548	0.001327355747
176549	0.004440920679
176550	0.004940293393
176551	0.008160214456
176552	0.001714315847
176553	0.001668871761
176554	0.002658298265
176555	0.001484097748
176556	0.001114682378
176557	0.003157397633
176558	0.001142223708
176559	0.003207352523
176560	0.001549603009
176561	0.002709729
176562	0.00261994279
176563	0.002911748551
176564	0.004618042874
176565	0.0005149892477
176566	0.0003552229756
176567	0.0005681565484
176568	0.002529686844
176569	0.0007273637063
176570	0.002076712991
176571	0.002488288479
176572	0.003288536098
176573	0.001030541882
176574	0.00315697749
176575	0.002572550209
176576	0.003550467848
176577	0.005222147471
176578	0.0008988613295
176579	0.003428985511
176580	0.001599206739
176581	0.001584166551
176582	0.0008888127117
176583	0.001895303971
176584	0.001914327446
176585	0.003428834994
176586	0.002054896581
176587	0.003208559925
176588	0.0026430158
176589	0.002237035355
176590	0.00421282887
176591	0.003556875087
176592	0.00182810044
176593	0.001537044039
176594	0.001739794497
176595	0.002578626626
176596	0.002730826026
176597	0.001368151463
176598	0.001552420801
176599	0.00161041983
176600	0.00171213224
176601	0.008552816454
176602	0.0007302833192
176603	0.007628852683
176604	0.002765476648
176605	0.001786997751
176606	0.0005343883284
176607	0.007314121104
176608	0.00137069262
176609	0.003004530991
176610	0.005529923466
176611	0.004158662737
176612	0.005482157987
176613	0.009718793865
176614	0.001178407891
176615	0.008180330753
176616	0.006706471529
176617	0.003368622301
176618	0.002511276305
176619	0.00860556225
176620	0.005762956018
176621	0.003565556329
176622	0.00219361803
176623	0.000946838527
176624	0.006334236991
176625	0.002818729574
176626	0.004032786253
176627	0.002527329934
176628	0.0004961940648
176629	0.000616323501
176630	0.004192362717
176631	0.0001236144101
176632	0.002132764336
176633	0.003805978821
176634	0.008203448535
176635	0.0001513803369
176636	0.007616912622
176637	0.0102860155
176638	0.002957838965
176639	0.002804310186
176640	0.004615177936
176641	0.01169814058
176642	0.0001270809878
176643	0.00149944466
176644	0.003013281314
176645	0.0004746959592
176646	0.001001644255
176647	0.0008577775803
176648	0.001736242977
176649	0.005336968981
176650	0.002324744695
176651	0.001874568221
176652	0.006317284266
176653	0.005466901622
176654	0.002629112587
176655	0.005960329534
176656	0.001520634553
176657	0.006726355101
176658	0.004545446902
176659	0.01138449258
176660	0.0008982422752
176661	0.008639514495
176662	0.001681693836
176663	0.006441258095
176664	0.001179551166
176665	0.009663382376
176666	0.001706857567
176667	0.004439645455
176668	0.001559799478
176669	0.007072559533
176670	0.004389935894
176671	0.007916333743
176672	0.006487992463
176673	0.006635874874
176674	0.00130339892
176675	0.00254366491
176676	0.0007859899574
176677	0.01058298701
176678	0.00102700767
176679	0.003754304138
176680	0.00806374833
176681	0.002597455007
176682	0.002405325686
176683	0.008430686687
176684	0.003991666205
176685	0.002837214412
176686	0.004372061117
176687	0.0007925518422
176688	0.01112600197
176689	0.002571248785
176690	0.01444334779
176691	0.002037309222
176692	0.0006797387539
176693	0.001410927889
176694	0.008311345803
176695	0.0007889303712
176696	0.003296387841
176697	0.007525654428
176698	0.006965207757
176699	0.005448803983
176700	0.00148008734
176701	0.01714076427
176702	0.002566816863
176703	0.0003291047359
176704	0.0009911187088
176705	0.00133658871
176706	0.01335616445
176707	0.0008802698967
176708	0.01372594254
176709	0.00276655022
176710	0.001758490448
176711	0.008338138365
176712	0.002414951953
176713	0.0007124890152
176714	0.001661193162
176715	0.006392819697
176716	0.003679652475
176717	0.00045030526
176718	0.004080219341
176719	0.007619973564
176720	0.001062733597
176721	0.0002443750206
176722	0.003840665028
176723	0.002330143247
176724	0.003926683348
176725	0.01583156696
176726	0.002109335352
176727	0.00111888562
176728	0.003146757128
176729	0.008293073665
176730	0.005421260324
176731	0.007708815049
176732	0.002339471231
176733	0.0005575676508
176734	0.001050307693
176735	0.006357987626
176736	0.003740283406
176737	0.0006004648712
176738	0.01041392419
176739	0.0005745378964
176740	0.0001593916855
176741	0.005572176056
176742	0.00444628791
176743	0.001572982243
176744	0.003013259209
176745	0.008625283334
176746	0.001693350162
176747	0.002593071323
176748	0.003747517086
176749	0.002803317059
176750	0.002856272641
176751	0.0007765118335
176752	0.005474461645
176753	0.005992137906
176754	0.0006601464781
176755	0.00291764548
176756	0.003943619139
176757	0.004640479075
176758	0.001559786535
176759	0.002022281007
176760	0.004112689726
176761	0.01010958088
176762	0.01419694124
176763	0.01316401206
176764	0.002078011452
176765	0.005894023549
176766	0.001291479572
176767	0.007923700784
176768	0.0004428171576
176769	0.001852619565
176770	0.00813797939
176771	0.005081156536
176772	0.00641361986
176773	0.001533631456
176774	0.000490123772
176775	0.01105346884
176776	0.007514601606
176777	0.006722074151
176778	0.001238358046
176779	0.002347944139
176780	0.001219273022
176781	0.002151165834
176782	0.001770411474
176783	0.001482887764
176784	0.0008375781844
176785	0.004098907693
176786	0.003365640819
176787	0.004248560425
176788	0.002523674967
176789	0.003195372295
176790	0.00166522998
176791	0.002237527695
176792	0.004602752228
176793	0.0003795553999
176794	0.002091298465
176795	0.006242242914
176796	0.003477480437
176797	0.002094613691
176798	0.0003968536267
176799	0.002134200916
176800	0.003678639079
176801	0.002890964542
176802	0.001741445197
176803	0.001281859264
176804	0.0003119821919
176805	0.0009831811346
176806	0.00307933055
176807	0.002416111804
176808	0.001888826697
176809	0.001500468988
176810	0.002500465612
176811	0.0003097104294
176812	0.001797644394
176813	0.001929006347
176814	0.002162127427
176815	0.001476932001
176816	0.003844034957
176817	0.001516130225
176818	0.002441342996
176819	0.001828609529
176820	0.002277291955
176821	0.003644184236
176822	0.003543534892
176823	0.001583827394
176824	0.00519112348
176825	0.002824612919
176826	0.00224508153
176827	0.001183303004
176828	0.003119881071
176829	0.003886230987
176830	0.001131849812
176831	0.002034255098
176832	0.002143242733
176833	0.003998914622
176834	0.003365383802
176835	0.003502924411
176836	0.00027313455
176837	0.003361015838
176838	0.001478745718
176839	0.0004869546744
176840	0.001292418615
176841	0.002112433578
176842	0.003258015126
176843	0.001470326044
176844	0.001296284436
176845	0.002117089222
176846	0.001518072632
176847	0.0003584055292
176848	0.002325384466
176849	0.002656343142
176850	0.001648548474
176851	0.001048003775
176852	0.001689462804
176853	0.001300839159
176854	0.003800674333
176855	0.001695966751
176856	0.002066650983
176857	0.003823456212
176858	0.002088213936
176859	0.002422653653
176860	0.001104439561
176861	0.00236257755
176862	0.002378917319
176863	0.0005277848713
176864	0.0005517174612
176865	0.001368727369
176866	0.004765534844
176867	0.001566059298
176868	0.004169454163
176869	0.001334930479
176870	0.002487111405
176871	0.001422733316
176872	0.002287132253
176873	0.002150218518
176874	0.002843345435
176875	0.00413834058
176876	0.0002889073511
176877	0.001904477446
176878	0.0004735281903
176879	0.003262092221
176880	0.00232798384
176881	0.004852055961
176882	0.001296088643
176883	0.01216873949
176884	0.007554098843
176885	0.004650716531
176886	0.003783893235
176887	0.006917062729
176888	0.009552540975
176889	0.00296236122
176890	0.009774811953
176891	0.0003120248798
176892	0.002422101184
176893	0.005993024344
176894	0.005803389867
176895	0.01423081748
176896	0.001182337217
176897	0.001888429437
176898	0.006162954022
176899	0.006046534542
176900	0.005262654732
176901	0.01027007913
176902	0.01098623672
176903	0.006560731171
176904	0.01307581075
176905	0.01144546209
176906	0.006775420958
176907	0.002198712206
176908	0.002023826658
176909	0.001970784433
176910	0.005644448785
176911	0.002591468706
176912	0.002068083922
176913	0.00592918383
176914	0.003297171046
176915	0.001989290599
176916	0.003334975105
176917	0.002199818396
176918	0.0008374020918
176919	0.008173215042
176920	0.001579661187
176921	0.001782580566
176922	0.003492370943
176923	0.003641583245
176924	0.003773897375
176925	0.006270027731
176926	0.00283050934
176927	0.0003142984874
176928	0.0002205334435
176929	0.002266493968
176930	0.002867756707
176931	0.0009804872948
176932	0.002663204087
176933	0.001788602599
176934	0.002863747881
176935	0.002779263599
176936	0.001588171563
176937	0.004178528361
176938	0.003860062373
176939	0.001395138194
176940	0.002216783038
176941	0.002632037548
176942	0.001218496198
176943	0.0003445559989
176944	0.002912737597
176945	0.001033790002
176946	0.002513498903
176947	0.002798009817
176948	0.002870972202
176949	0.001959673304
176950	0.002540228864
176951	0.001945166232
176952	0.00462260285
176953	0.002260872611
176954	0.0028667777
176955	0.002841553354
176956	0.004175351755
176957	0.0008923582325
176958	0.003024624354
176959	0.003785905333
176960	0.001713635961
176961	0.002672414378
176962	6.289524777e-05
176963	0.001283011035
176964	0.0009838737034
176965	0.003923275458
176966	0.001274212751
176967	0.006087640517
176968	0.003353036586
176969	0.002737315903
176970	0.003175253622
176971	0.002455387032
176972	0.001418080652
176973	0.002229244717
176974	0.002781845897
176975	0.008854344095
176976	0.008759914941
176977	0.0004410999615
176978	0.003256173556
176979	0.0131910895
176980	0.01387584054
176981	0.001331975356
176982	0.002177702681
176983	0.005121603221
176984	0.0005623702057
176985	0.001044524959
176986	0.003300368146
176987	0.0007294287902
176988	0.0009323561686
176989	0.003453960312
176990	0.0008748246212
176991	0.0009457467428
176992	0.005898755269
176993	0.0006852146562
176994	0.01160631294
176995	0.0008936433956
176996	0.005313993997
176997	0.004934012413
176998	0.01698165332
176999	0.007893386343
177000	0.004994132352
177001	0.006734672639
177002	0.006133461981
177003	0.01352394681
177004	0.0007184478896
177005	0.002077702984
177006	0.0008256410062
177007	0.002338769946
177008	0.01352393579
177009	0.001707815788
177010	0.003332169615
177011	0.005809372743
177012	0.001838796479
177013	0.002711043059
177014	0.007465599123
177015	0.0006646832115
177016	0.0007240376341
177017	0.006341821326
177018	0.01266173972
177019	0.008085052077
177020	0.003108129529
177021	0.0009338613219
177022	0.003857261267
177023	0.001913938461
177024	0.01205408981
177025	0.009800994332
177026	0.008674857176
177027	0.009296749552
177028	0.004298966413
177029	0.0003480767538
177030	0.0002779001732
177031	0.003614884309
177032	0.01087224681
177033	0.009414733912
177034	0.003247481974
177035	0.002633273277
177036	0.002659165679
177037	0.005659397231
177038	0.002204263692
177039	0.01079144364
177040	0.00858963551
177041	0.0002037466691
177042	0.01448569117
177043	0.0008564883985
177044	0.0127769552
177045	0.008493691645
177046	0.004823375854
177047	0.001986857528
177048	0.01621640228
177049	0.01608910266
177050	0.01081577998
177051	0.001040129646
177052	0.00733582357
177053	0.002729607215
177054	0.002523100533
177055	0.002231273002
177056	0.01117982465
177057	0.001657980919
177058	0.001773097665
177059	0.003422316829
177060	0.003040117749
177061	0.01475352427
177062	0.001663242785
177063	0.002672359796
177064	0.002113979408
177065	0.01655768295
177066	0.001197287753
177067	0.0038348871
177068	0.007782709596
177069	0.003824432227
177070	0.0004228404334
177071	0.003928320384
177072	0.0004740136485
177073	0.005110189873
177074	0.01196788199
177075	0.0004551677972
177076	0.0123881322
177077	0.006582131854
177078	0.01010244263
177079	0.004907839637
177080	0.001488657668
177081	0.0002132524475
177082	0.0069257791
177083	0.004061810725
177084	0.0008588597042
177085	0.007659307139
177086	0.0007315976357
177087	0.0001882666788
177088	0.006504006837
177089	0.003711697724
177090	0.0034277334
177091	0.005995077214
177092	0.003903024045
177093	0.008207022564
177094	0.001848513754
177095	0.001676310887
177096	0.008661356055
177097	0.004771358928
177098	0.005372007011
177099	0.006473688853
177100	0.004905921865
177101	0.0009517674779
177102	0.006638319378
177103	0.002490896243
177104	0.005420348235
177105	0.004561737797
177106	0.001729349952
177107	0.007308695132
177108	0.002376100319
177109	0.003390604343
177110	0.003031740585
177111	0.002495492701
177112	0.005284892335
177113	0.003464801816
177114	0.00027938972
177115	0.0005629052182
177116	0.002764277529
177117	0.002849192975
177118	0.002660916269
177119	0.001516854794
177120	0.003570662438
177121	0.004536837483
177122	0.005449516778
177123	0.0015523693
177124	0.008802924179
177125	0.005847069688
177126	0.001719001314
177127	0.002837554573
177128	0.003598585406
177129	0.002912903272
177130	0.00112613654
177131	0.001620774424
177132	0.002700896943
177133	0.007710631875
177134	0.003099284104
177135	0.00735506297
177136	0.006202894654
177137	0.001325308676
177138	0.0008813584914
177139	0.003146747591
177140	0.002710537304
177141	0.007388503342
177142	0.003549101751
177143	0.005443600348
177144	0.004946414432
177145	0.006601941866
177146	0.005250129393
177147	0.006499377813
177148	0.007472698262
177149	0.003486920183
177150	0.003993396688
177151	0.001937119893
177152	0.001459872013
177153	0.01002670348
177154	0.001152383262
177155	0.006141175762
177156	0.01396664431
177157	0.003199300772
177158	0.001707810262
177159	0.006968499851
177160	0.006529252976
177161	0.005857228271
177162	0.005088933896
177163	0.009194417203
177164	0.001016480652
177165	0.001388538857
177166	0.003285570431
177167	0.002737517421
177168	0.0003982132762
177169	0.0119864492
177170	0.001333100968
177171	0.001910078602
177172	0.001125312223
177173	0.009488712902
177174	0.002057478908
177175	0.006352245451
177176	0.006076041792
177177	0.0008093587975
177178	0.01219531644
177179	0.002132373488
177180	0.005452397134
177181	0.002783406399
177182	0.0006937953361
177183	0.003052531289
177184	0.005159726234
177185	9.561446131e-05
177186	0.002983414506
177187	0.005001799784
177188	0.001340438529
177189	0.001840148888
177190	0.01010700508
177191	0.002999215962
177192	0.000264320785
177193	0.004865518162
177194	0.0006602452266
177195	0.005405213367
177196	0.007873442832
177197	0.00415503581
177198	0.000755197319
177199	0.001086055646
177200	0.002277703623
177201	0.008173148546
177202	0.01624353949
177203	0.001110775353
177204	0.005034344617
177205	0.009370097481
177206	0.006188706348
177207	0.008092936719
177208	0.005047561942
177209	0.006255576421
177210	0.003029473076
177211	0.002524065065
177212	0.0003033169481
177213	0.007302239405
177214	0.008440290693
177215	0.005066142907
177216	0.00645409897
177217	0.000256202209
177218	0.007651419406
177219	0.002930898867
177220	0.002148566257
177221	0.001515324688
177222	0.005691145883
177223	0.009518672149
177224	0.006173408288
177225	0.004884755603
177226	0.0008545905255
177227	0.001413029194
177228	0.002499497063
177229	0.003538852341
177230	0.005087474062
177231	0.007145900756
177232	0.006795701531
177233	0.01008236379
177234	0.002235576273
177235	0.01251972472
177236	0.005384168378
177237	0.003783063214
177238	0.003384250065
177239	0.007727467379
177240	0.001679064736
177241	0.0009218791832
177242	0.008651915893
177243	0.0007091090543
177244	0.006986513554
177245	0.004406222312
177246	0.0003666095441
177247	0.002474688608
177248	0.003324748974
177249	0.004830164288
177250	0.001795986786
177251	0.002951321457
177252	0.00395824202
177253	0.007883676926
177254	0.003549423508
177255	0.02549419593
177256	0.006779635497
177257	0.01127505943
177258	0.008819205839
177259	0.009881263663
177260	0.01057826867
177261	0.003164084839
177262	0.006625168748
177263	0.007489090402
177264	0.004330409505
177265	0.0005053536557
177266	0.005733509212
177267	0.001683391295
177268	0.008723782277
177269	0.00204156978
177270	0.0002987245145
177271	0.00797390852
177272	0.004141174368
177273	0.001547721976
177274	0.003270537145
177275	0.005173816175
177276	0.001320977775
177277	0.001024850651
177278	0.001787161511
177279	0.0009733151355
177280	0.005032516847
177281	0.0007296510377
177282	0.002260265086
177283	0.003502745362
177284	0.002072057413
177285	0.01340860863
177286	0.002031560453
177287	0.002948919297
177288	0.003056676657
177289	0.009916490235
177290	0.004578018894
177291	0.006012650228
177292	0.002267939778
177293	0.009463589832
177294	0.002078454612
177295	0.005841143287
177296	0.007104349147
177297	0.002698719617
177298	0.0030140368
177299	0.006745294455
177300	0.004600474893
177301	0.006038001019
177302	0.0007188631099
177303	0.0009139040989
177304	0.001413125165
177305	0.003567293593
177306	0.001693129641
177307	0.005294841863
177308	0.007740343266
177309	0.002782307324
177310	0.004875905176
177311	0.001116632626
177312	0.002184093132
177313	0.001403290846
177314	0.01209742273
177315	0.002614493637
177316	0.007449607618
177317	0.002420880336
177318	0.01410033416
177319	0.0120580527
177320	0.009078509791
177321	0.001289825602
177322	0.006919180338
177323	5.813896478e-05
177324	0.003663847513
177325	0.004519365006
177326	0.009446067106
177327	0.009818475504
177328	0.01162148323
177329	0.007080390135
177330	0.002970143959
177331	0.007489281448
177332	0.0008335575742
177333	0.005700942455
177334	0.001270684201
177335	0.006262500572
177336	0.006292450331
177337	0.003196944812
177338	0.01657750318
177339	0.002875113979
177340	0.001036769431
177341	0.001313624401
177342	0.001505697805
177343	0.001994720175
177344	0.003500629177
177345	0.002025524437
177346	0.005038146765
177347	0.01272348883
177348	0.005086448917
177349	0.003366304713
177350	0.00314110714
177351	0.01343819081
177352	0.003218155615
177353	0.0006966606013
177354	0.02355189935
177355	0.006257714712
177356	0.005043700272
177357	0.001164368451
177358	0.0009360327383
177359	0.005718532131
177360	5.134913852e-05
177361	1.038627576e-05
177362	0.006361059124
177363	0.00622159437
177364	0.004879385616
177365	0.006974752211
177366	0.00523574853
177367	0.0061110309
177368	0.006925572025
177369	0.006069758405
177370	0.005818579983
177371	0.005664327206
177372	0.006131196379
177373	0.006184272628
177374	0.005353123811
177375	0.006176753173
177376	0.005445889876
177377	0.005754913705
177378	0.005506713474
177379	0.005781973412
177380	0.004654982723
177381	0.005822128176
177382	0.004707011298
177383	0.005863128703
177384	0.004066513728
177385	0.001972388902
177386	0.002838842623
177387	0.009129053789
177388	0.01411547444
177389	0.0007771288772
177390	0.01075934658
177391	0.00877412348
177392	0.01407397184
177393	0.01335649695
177394	0.007391062216
177395	0.01100598641
177396	0.001331575203
177397	0.01228275588
177398	0.002993847006
177399	0.004230850131
177400	0.003348852232
177401	0.004254863214
177402	0.01694333458
177403	0.003739997502
177404	0.0008058268076
177405	0.0182093857
177406	0.0004223492921
177407	0.01021665449
177408	0.00393859581
177409	0.006405759676
177410	0.003925712996
177411	0.004142693176
177412	0.001492226697
177413	0.00676767578
177414	0.00954467901
177415	0.007850629041
177416	0.004941201316
177417	0.009897837638
177418	0.00243858447
177419	0.00453100542
177420	0.01504516801
177421	0.007311149017
177422	0.004565474712
177423	0.007883230385
177424	0.01218082905
177425	0.003399095313
177426	0.01342321077
177427	0.001071910332
177428	0.01840960402
177429	8.472728295e-06
177430	0.005861304989
177431	0.0009154224604
177432	0.007416499871
177433	0.005894924798
177434	0.002501672517
177435	0.005213088752
177436	0.002553627217
177437	0.002209478564
177438	0.003169201137
177439	0.00505377351
177440	0.01165208264
177441	0.006646509551
177442	0.004908130882
177443	0.0006423468171
177444	0.01464018662
177445	0.00184304849
177446	0.002211909209
177447	0.00243189839
177448	0.01412515891
177449	0.003444473506
177450	0.002105433205
177451	4.762230324e-05
177452	0.004733417178
177453	0.00951265282
177454	0.008308904856
177455	0.0006933186382
177456	0.003633624877
177457	0.0007287123401
177458	0.009122699197
177459	0.001823334825
177460	0.00182779611
177461	0.001772224586
177462	0.004763325783
177463	0.004630543457
177464	0.005529098799
177465	0.007530499677
177466	0.009818641891
177467	0.004108709304
177468	0.009557791808
177469	0.007661693356
177470	0.002104984445
177471	0.01036044552
177472	0.006405026886
177473	0.004099192685
177474	0.006607947173
177475	0.0008877918616
177476	0.002114115749
177477	0.005868606348
177478	0.003000232356
177479	0.007516124886
177480	0.001766592664
177481	0.002906438567
177482	0.003812654847
177483	0.01136326653
177484	0.002798737863
177485	0.001666348713
177486	0.009192225204
177487	0.007878893199
177488	0.004005907935
177489	0.005779280798
177490	0.005072531337
177491	0.01053288049
177492	0.0002311209441
177493	0.003250388385
177494	0.003771260534
177495	0.0005606590698
177496	0.01235370088
177497	0.01131562367
177498	0.006143288013
177499	0.001838346231
177500	0.006652540257
177501	0.0005986662354
177502	0.008226658829
177503	0.0008001724098
177504	0.001093903567
177505	0.002547206842
177506	0.004376189126
177507	0.008135223109
177508	0.006029098129
177509	2.844525015e-05
177510	0.005070072788
177511	0.003232954262
177512	0.002881460246
177513	0.00338920701
177514	0.009422924495
177515	0.02089657015
177516	0.006795945966
177517	0.008446428097
177518	0.002021611515
177519	0.001943937687
177520	0.001410089
177521	0.007405166737
177522	0.001157060353
177523	0.01192260417
177524	0.0007148065369
177525	0.0008614837999
177526	0.004859037332
177527	4.526442947e-05
177528	7.43119441e-05
177529	0.007331911827
177530	0.001080019673
177531	0.01701916188
177532	0.00528910734
177533	0.009276827162
177534	0.01041605176
177535	0.003593442118
177536	0.001037403959
177537	0.0008856012746
177538	0.002615643362
177539	0.0009252116025
177540	6.851456804e-05
177541	0.001049505527
177542	0.001232315242
177543	0.0007721915094
177544	0.001266943478
177545	0.001105192973
177546	0.001864538312
177547	0.001545231494
177548	0.0017572742
177549	0.001411518707
177550	0.0003281635
177551	0.0009260832868
177552	0.000596163314
177553	0.0009393259129
177554	0.0009163089859
177555	0.001042835169
177556	0.0004884600129
177557	0.0002383939877
177558	0.001055736907
177559	0.002195441398
177560	0.0003397695002
177561	0.000869417786
177562	0.00139432567
177563	0.0007783277181
177564	0.0007783115169
177565	0.0002916648374
177566	0.001414256122
177567	0.002307801166
177568	0.009943642139
177569	0.003609936376
177570	0.004447708151
177571	0.001404090276
177572	0.009661921198
177573	0.007338098915
177574	0.001749418414
177575	0.006095330273
177576	0.002458804241
177577	0.002235228302
177578	0.001882322381
177579	0.001896871919
177580	0.002308161778
177581	0.002192037672
177582	0.001581699716
177583	0.001996533404
177584	0.001033908097
177585	0.001522889279
177586	0.001910119353
177587	0.00286187862
177588	0.002027778166
177589	0.001007280254
177590	0.002098694388
177591	0.003179808014
177592	0.00105412567
177593	0.0001668616315
177594	0.001393735234
177595	0.001501178646
177596	0.002058437228
177597	0.002137566072
177598	0.002159717051
177599	0.001076653655
177600	0.002435645416
177601	0.00153405208
177602	0.0004144831022
177603	0.0008953885144
177604	0.0007046600026
177605	0.0008957828558
177606	0.0002665594299
177607	0.001372026879
177608	8.840794262e-05
177609	0.001121067072
177610	0.0001059352915
177611	0.0006863140163
177612	0.001594526803
177613	0.001614937997
177614	0.001393574566
177615	0.0007783518086
177616	0.0007790533024
177617	0.002654962497
177618	0.001068439448
177619	0.001641382442
177620	0.000426436495
177621	0.002695616052
177622	0.002660037297
177623	0.001919433421
177624	0.0001468548224
177625	0.0008078830215
177626	0.001183423775
177627	0.001520549312
177628	0.002458948133
177629	0.002290654666
177630	0.001183001468
177631	0.0021797635
177632	0.0009238173836
177633	0.002138890506
177634	0.0004020139457
177635	0.002134244142
177636	0.002624441027
177637	0.0004056939664
177638	0.0009433929513
177639	0.002163864173
177640	0.0007181606486
177641	0.002372799583
177642	0.002477244439
177643	0.001706698986
177644	0.001842919722
177645	0.002605904605
177646	0.002616925815
177647	0.002193767603
177648	0.0007949142417
177649	0.002792251467
177650	0.002145063704
177651	0.00167838017
177652	0.0005753032309
177653	0.001769755337
177654	0.0023805362
177655	0.002045145288
177656	0.002035381441
177657	0.00314319139
177658	0.002467773662
177659	0.004231462524
177660	0.0009972504832
177661	0.002181640998
177662	0.001883850203
177663	0.004219766694
177664	0.001423556783
177665	0.001470502088
177666	0.001917301025
177667	0.00241651986
177668	0.003948919074
177669	0.001454437504
177670	0.001768410852
177671	0.0002087640236
177672	0.002148130134
177673	0.002826874059
177674	0.002300824166
177675	0.002533581338
177676	0.002436424219
177677	0.002140735209
177678	0.003318572123
177679	0.001631640588
177680	0.001102919591
177681	0.001391774671
177682	0.002872925668
177683	0.001568122602
177684	0.001814215214
177685	0.0011763351
177686	0.003131618685
177687	0.000892713843
177688	0.001096689678
177689	0.0007193501618
177690	0.0009931793523
177691	0.0007388710329
177692	0.0008606018796
177693	0.001619671802
177694	0.0007724430199
177695	0.00205602842
177696	0.001672594902
177697	0.001496598905
177698	0.00120026715
177699	0.00147566566
177700	0.0004719159404
177701	0.001512631629
177702	0.002209199444
177703	0.0009983225284
177704	0.002278903295
177705	0.00113166278
177706	0.002753522481
177707	0.0003341257465
177708	0.0007063407857
177709	0.0009591791638
177710	0.0009508950057
177711	2.984491916e-05
177712	0.000747789844
177713	0.001659325363
177714	0.001864031124
177715	0.00272466906
177716	0.001825428074
177717	0.002745294695
177718	0.002590954857
177719	0.0005604497444
177720	0.001890609445
177721	0.001699068954
177722	0.001763982523
177723	0.001312556164
177724	0.001211387381
177725	0.000994529572
177726	0.00130049315
177727	0.0007480760521
177728	0.001703643507
177729	0.002125728018
177730	0.002316040561
177731	0.002170352972
177732	0.002791591661
177733	0.003497148865
177734	0.0005503993716
177735	0.003355162778
177736	0.002314484217
177737	0.0003693807747
177738	0.003698703976
177739	0.001012172566
177740	0.001244696186
177741	0.002389712209
177742	0.003349212504
177743	0.002771592296
177744	0.002592114833
177745	0.005761143074
177746	0.002052359517
177747	0.001370005601
177748	0.0006562712693
177749	0.002562129571
177750	0.001533485757
177751	0.002354345052
177752	0.0009371379355
177753	0.001660471024
177754	0.002906786958
177755	0.001521654461
177756	0.006419808116
177757	0.007154520558
177758	0.002099884296
177759	0.006554193512
177760	0.01062003322
177761	0.001360146217
177762	0.0005968157206
177763	0.002570547518
177764	0.001639573873
177765	0.001402890844
177766	0.004146826121
177767	0.001137030694
177768	0.01195130087
177769	0.004340663498
177770	0.006321342943
177771	0.006228002741
177772	0.009058516921
177773	0.003304962251
177774	0.001344995888
177775	0.001250532685
177776	0.00225286699
177777	0.008438612727
177778	0.004534835214
177779	0.001677463064
177780	0.003215464225
177781	0.007185652678
177782	0.008828769517
177783	0.02093678446
177784	0.01070030605
177785	0.009649371863
177786	0.007545778592
177787	0.006090615624
177788	0.005507856124
177789	0.006817404517
177790	0.0002885919912
177791	0.01078332473
177792	0.0003156573308
177793	0.0002478269421
177794	0.002527612893
177795	0.001425430449
177796	0.003975245495
177797	0.0007543621371
177798	0.01790766012
177799	0.006440554537
177800	0.003411536144
177801	0.009984236445
177802	0.001897810014
177803	0.007331962576
177804	0.005115772169
177805	0.001283859834
177806	0.005628495139
177807	0.0005560026558
177808	0.001124398854
177809	0.001265956038
177810	0.007314600702
177811	0.001457792694
177812	0.005453730944
177813	0.002459936637
177814	0.01044656973
177815	0.00207323949
177816	0.0001283296484
177817	0.001333686078
177818	0.004274136995
177819	0.003410846204
177820	0.0002874904347
177821	0.002089177926
177822	0.0001468081616
177823	0.001639399873
177824	0.003279355639
177825	0.004056235598
177826	0.005131265907
177827	0.01049577679
177828	0.0006135766297
177829	0.008574604649
177830	0.002926113407
177831	0.001214467244
177832	0.00391244044
177833	0.00835433609
177834	0.0004362505341
177835	0.01308627776
177836	0.002329968998
177837	0.01111691302
177838	0.006044903064
177839	0.005868678541
177840	0.001418462118
177841	0.003634313457
177842	0.001316188139
177843	0.007950472036
177844	0.005090765106
177845	0.004589316722
177846	0.005272809938
177847	0.005583651866
177848	0.003905769478
177849	0.007980374521
177850	0.008297556193
177851	0.002039288396
177852	0.001524113821
177853	0.01188102925
177854	0.004077144237
177855	0.005880121417
177856	0.003034275029
177857	0.002419670045
177858	0.005381900802
177859	0.006011928752
177860	0.005917378909
177861	0.004832655507
177862	0.001029261357
177863	0.005802658277
177864	0.005440720124
177865	0.004557038888
177866	0.00411805898
177867	0.004957473182
177868	0.005146094753
177869	0.005385655776
177870	0.005407044944
177871	0.008502520468
177872	0.006672781619
177873	0.005761599953
177874	0.004123220947
177875	0.006350062449
177876	0.005511186872
177877	0.002530516652
177878	0.00420125893
177879	0.004453006338
177880	0.001023035583
177881	0.003649802659
177882	0.002060261072
177883	0.001386342089
177884	0.0005503708765
177885	0.0008885294361
177886	0.004652755062
177887	0.003305645332
177888	0.001059419779
177889	0.001648411369
177890	0.001898648596
177891	0.0001983688522
177892	0.002822707708
177893	0.003492406491
177894	0.004576624115
177895	0.002657313371
177896	0.00112284907
177897	0.002373510154
177898	0.001876925462
177899	0.0040040054
177900	0.00164679688
177901	0.002909967395
177902	0.004992523116
177903	0.003464626173
177904	0.004420654877
177905	0.003638429178
177906	0.001570980825
177907	0.0007471428078
177908	0.001669447769
177909	0.0004711814109
177910	0.002572844274
177911	0.001381886502
177912	0.005558523279
177913	0.0004396960543
177914	0.004379741077
177915	0.001101592325
177916	0.001274564997
177917	0.001910272976
177918	0.0001749110117
177919	0.00173251429
177920	0.002591353
177921	0.001678818259
177922	0.0002221543815
177923	0.001013170604
177924	0.001375496338
177925	0.008126027265
177926	0.002611795555
177927	0.0009019611603
177928	0.002238709465
177929	0.01784820433
177930	0.000651655737
177931	0.0004069176454
177932	0.005718125895
177933	0.002752195017
177934	0.004250263024
177935	0.0005728698482
177936	0.0009636523635
177937	0.00414393531
177938	0.001385593227
177939	0.001630809162
177940	0.002550181446
177941	0.0004038670084
177942	0.003706669077
177943	0.001334798051
177944	0.0034240342
177945	0.000143573566
177946	0.007331199957
177947	0.008759555662
177948	0.003388714187
177949	0.0002997344899
177950	0.007314365329
177951	0.006058071576
177952	0.01124382196
177953	0.01442808858
177954	0.0077909696
177955	0.0006667985312
177956	0.0002952138859
177957	0.007374669143
177958	0.001310512638
177959	0.001399058286
177960	0.01219868884
177961	0.01489930401
177962	0.009275506796
177963	0.01120047247
177964	0.003483423615
177965	0.003624358763
177966	0.02351368555
177967	0.003270239874
177968	0.009862854962
177969	0.004126726169
177970	0.002074070419
177971	0.00537269906
177972	0.002156115329
177973	0.009075380783
177974	0.001288783989
177975	4.002446621e-05
177976	3.876846808e-05
177977	0.01380763837
177978	0.001834714769
177979	0.007021267872
177980	0.00916508827
177981	0.002095561958
177982	0.005069451793
177983	0.002915421516
177984	0.008526425466
177985	0.001979660395
177986	0.0001012072678
177987	0.002855856919
177988	0.004750585592
177989	0.0001458998921
177990	0.01164318149
177991	0.01302838191
177992	0.002956312017
177993	0.01019121616
177994	0.01203270527
177995	7.430850543e-06
177996	0.006018166329
177997	6.667602644e-05
177998	0.002659787132
177999	0.003880565229
178000	0.000718874755
178001	0.002328181344
178002	0.002381375237
178003	0.004404627974
178004	0.001977829254
178005	0.004007664547
178006	0.01238894953
178007	0.006606423713
178008	0.002481439039
178009	0.0158430252
178010	0.007278883946
178011	0.006760475978
178012	0.0007531149386
178013	0.005414474158
178014	0.005305743477
178015	0.00889875215
178016	0.002904682036
178017	0.01229276229
178018	0.005405375444
178019	0.001328219057
178020	0.00357404675
178021	0.006985992647
178022	0.002380342174
178023	0.004142752462
178024	0.000116518566
178025	0.0006917949136
178026	0.008051116992
178027	0.004168464143
178028	0.01450628503
178029	0.005679920599
178030	0.006275901138
178031	0.001611406276
178032	0.0006156458236
178033	0.0005734525165
178034	0.002713629045
178035	0.001285045554
178036	0.0007929166023
178037	0.01605925927
178038	0.001017401869
178039	0.007370201127
178040	0.000332242041
178041	0.004365184135
178042	0.00086037639
178043	0.0008908055156
178044	0.0009217232494
178045	0.0003902951393
178046	0.0001715473102
178047	0.001420232064
178048	0.001106157974
178049	0.0008141707127
178050	6.763534254e-06
178051	0.009879871512
178052	0.0004332111263
178053	0.001292951945
178054	0.003298080187
178055	0.0004470529967
178056	0.0002330768153
178057	0.0002866926188
178058	0.0005466007898
178059	0.0003293243367
178060	0.0006074013395
178061	0.0007734987832
178062	0.002656023039
178063	0.01096582958
178064	0.001307173413
178065	0.004017153518
178066	0.00142888081
178067	0.004175153365
178068	0.0008663797668
178069	0.0008365762294
178070	0.00290276921
178071	0.002939006262
178072	0.002031539654
178073	0.003057990774
178074	0.008900118948
178075	0.0009582774738
178076	0.0005719099357
178077	0.0006652099315
178078	0.002817188068
178079	0.002013028523
178080	0.02758239359
178081	0.02206018392
178082	0.003760329161
178083	0.001410939829
178084	0.000142028263
178085	0.007205927206
178086	0.00191523222
178087	0.00286653029
178088	0.0006124012378
178089	0.001163767762
178090	0.008339959598
178091	7.551803913e-05
178092	0.00522128335
178093	0.0003279231734
178094	0.002123934217
178095	0.0008105607592
178096	0.003918362912
178097	0.001983053752
178098	0.0004500772383
178099	0.006674084428
178100	0.006555503287
178101	0.005562431464
178102	0.005731969551
178103	0.009265048629
178104	0.001508544691
178105	0.001139345901
178106	0.002519170826
178107	0.0009393140446
178108	0.008059046502
178109	0.001001633279
178110	0.004062075899
178111	0.0105188738
178112	0.004394992432
178113	0.005099232376
178114	0.003148175984
178115	0.001142591945
178116	0.001177101325
178117	0.009821206296
178118	0.0009500482616
178119	0.003231263736
178120	0.003352038971
178121	0.006828190115
178122	0.0004175894766
178123	0.007082448558
178124	0.001261226428
178125	0.007788757192
178126	0.001843597841
178127	0.005282776702
178128	0.0006237553105
178129	0.00483477052
178130	0.004748885174
178131	0.008609809356
178132	0.0009923084401
178133	0.01386791925
178134	0.002048670345
178135	0.01517572183
178136	0.006229540396
178137	0.002411849113
178138	0.002716673329
178139	0.002820232227
178140	0.01295664027
178141	0.00462535715
178142	0.01290860344
178143	0.005183718566
178144	0.00183182609
178145	0.009240955161
178146	0.0006072192159
178147	0.00228745643
178148	0.003488038059
178149	0.0150677401
178150	0.002955237852
178151	0.01036840596
178152	0.0008205860286
178153	0.008790721808
178154	0.0001284326337
178155	0.001782726243
178156	0.01050362502
178157	0.004363638018
178158	0.003018362638
178159	0.004188209389
178160	0.002054805558
178161	0.005295811061
178162	0.001037312625
178163	0.001217414271
178164	0.003578209877
178165	0.0002765424459
178166	0.001499884172
178167	0.00523182194
178168	0.006156325366
178169	0.00332454627
178170	3.94453317e-05
178171	0.0050297097
178172	0.004141907123
178173	0.0005690853962
178174	0.007726029645
178175	0.0004715978546
178176	0.0003531120884
178177	0.00161190975
178178	0.004214495523
178179	0.01366374054
178180	0.0001864903754
178181	0.005625407022
178182	0.01135446701
178183	0.001523593491
178184	0.004992637661
178185	0.005961972415
178186	0.001850095962
178187	0.0018221104
178188	0.003986999562
178189	0.01134575994
178190	0.003906504232
178191	0.004623083119
178192	0.01528849958
178193	0.008101690644
178194	0.004897104016
178195	0.002078975603
178196	0.002394407826
178197	0.002360383395
178198	0.006048026441
178199	0.00938996369
178200	0.005231060938
178201	0.00693444317
178202	0.008162340178
178203	0.001220481986
178204	0.005790658651
178205	0.01327272817
178206	0.003399866145
178207	0.00215267537
178208	0.001399428667
178209	7.247112314e-05
178210	0.005701905704
178211	0.0003208318383
178212	0.003121939162
178213	0.003204261952
178214	0.0001903105957
178215	0.00199792609
178216	5.227171196e-05
178217	0.001814031572
178218	0.001736902123
178219	0.00175706739
178220	0.002639376017
178221	0.0002499912427
178222	0.003068862412
178223	0.001041695404
178224	0.002716513843
178225	0.0005377042868
178226	0.005865140942
178227	0.0006093405189
178228	0.001098429813
178229	8.747546172e-05
178230	0.001197901004
178231	0.002981264343
178232	0.002578441486
178233	0.002071450088
178234	0.001248336345
178235	0.003841973062
178236	8.272190346e-05
178237	0.001414946886
178238	0.001733066554
178239	0.002602036138
178240	0.002755243149
178241	0.008107407948
178242	0.005388416732
178243	0.004718925265
178244	0.003543389965
178245	0.00702955885
178246	0.01421728188
178247	0.003953363335
178248	0.002382477205
178249	0.02213800968
178250	7.717643865e-05
178251	0.002852066443
178252	0.003433423192
178253	0.005030676925
178254	0.0006262935285
178255	0.001725681957
178256	0.002980974839
178257	0.002565838492
178258	0.0008208171311
178259	0.002440526931
178260	0.005690885355
178261	0.0001676625452
178262	0.01052148468
178263	0.007507566714
178264	0.010803205
178265	0.002475321351
178266	0.002972355334
178267	0.0003409015562
178268	0.004104029534
178269	0.0008527082922
178270	0.002665080587
178271	0.002443669595
178272	0.01616980756
178273	0.003962649525
178274	0.001328678701
178275	0.004162673877
178276	0.006101995197
178277	0.006788327173
178278	0.005563493756
178279	0.007604588993
178280	0.005597556034
178281	0.0005022742429
178282	0.002083475299
178283	0.01566212134
178284	0.002846683235
178285	0.002988075607
178286	0.004386653453
178287	0.002803071391
178288	0.000295402859
178289	0.005257389707
178290	0.0002630446789
178291	0.00432899158
178292	0.004199412973
178293	0.006673339736
178294	0.00274133635
178295	0.009872465542
178296	0.0007015319462
178297	0.0008203208042
178298	0.001401389732
178299	0.002539193688
178300	0.007727284884
178301	0.001114758529
178302	0.0004418613772
178303	0.00182924525
178304	0.01017772516
178305	0.008904072083
178306	0.004144333163
178307	0.002459058754
178308	1.286800898e-05
178309	0.004667249847
178310	0.004315653228
178311	0.000469191167
178312	0.0006219544354
178313	0.005179565151
178314	0.00342279978
178315	0.003101883608
178316	0.002759971356
178317	0.004696777469
178318	0.004906462186
178319	0.01071793618
178320	0.007245463315
178321	0.009167563539
178322	0.002635673475
178323	0.009817573081
178324	0.005401742213
178325	0.01139069847
178326	0.001429323789
178327	0.0108069779
178328	0.007603787637
178329	0.008127938013
178330	0.005163290297
178331	0.01427004359
178332	0.001148792866
178333	0.001095931001
178334	0.003829005984
178335	0.001070813152
178336	0.000734721529
178337	0.0007276878231
178338	0.004962305739
178339	0.001679168041
178340	0.002543593555
178341	0.004415457999
178342	0.0001337140512
178343	0.002204124146
178344	0.005304542378
178345	0.005063305488
178346	0.01443488316
178347	0.003848061348
178348	0.005180024918
178349	0.01142520383
178350	0.01105330782
178351	0.006753437956
178352	0.0005539798374
178353	0.01569605206
178354	0.0005931724471
178355	0.002597776929
178356	0.001845840947
178357	0.006249311159
178358	0.0008402900206
178359	0.0002840542876
178360	0.0009807464853
178361	0.002468615833
178362	0.009040478926
178363	0.0003944407492
178364	0.002633202184
178365	0.005698171911
178366	0.000655970217
178367	0.0131851459
178368	0.009384369326
178369	0.0006324250139
178370	0.007863724684
178371	0.009755449906
178372	0.01100909115
178373	0.003600143223
178374	0.009253736468
178375	0.001893082165
178376	0.003477066652
178377	0.005516357835
178378	0.0004042203347
178379	0.01052698314
178380	0.005281561882
178381	0.003179504936
178382	0.001465368367
178383	0.0063200635
178384	0.002440439012
178385	0.002181831703
178386	0.0002188715645
178387	0.00296654146
178388	0.008907942623
178389	0.001531132677
178390	0.003927321104
178391	0.002161751852
178392	0.002426194252
178393	0.00220560598
178394	0.01040722703
178395	0.0007158432197
178396	0.001007471559
178397	0.003441058643
178398	0.01273258296
178399	0.00193005448
178400	0.006021717151
178401	0.006153178335
178402	0.001110177237
178403	0.0002087297831
178404	0.01018623182
178405	0.005674111783
178406	0.006167988004
178407	0.001210866979
178408	0.00481866828
178409	0.002364326726
178410	0.004976848152
178411	0.01209234965
178412	0.0011311752
178413	0.009737844496
178414	0.008846470511
178415	0.005311029481
178416	0.00324717598
178417	0.01240350666
178418	0.001083465454
178419	0.00109651212
178420	0.003860812702
178421	0.01058088171
178422	0.003510179424
178423	0.002424327983
178424	0.00269757784
178425	0.001415001438
178426	0.01363057281
178427	0.0123335099
178428	0.001863335221
178429	0.004842688304
178430	0.003508579413
178431	0.001088165827
178432	0.001388658074
178433	0.008862709396
178434	0.005415171067
178435	9.852633249e-05
178436	0.005466522526
178437	0.002769938885
178438	0.006293551734
178439	0.001856304245
178440	0.005146327665
178441	0.001301718548
178442	0.0009034371811
178443	0.004039213279
178444	0.01196142949
178445	0.006447331648
178446	0.002592904957
178447	0.0004022758837
178448	0.01694898874
178449	0.009763395228
178450	0.008740588383
178451	0.007865410571
178452	0.0008962016348
178453	0.0005411121105
178454	0.003905605013
178455	0.002200993027
178456	0.01025803502
178457	0.004954331225
178458	0.003281781718
178459	0.003624943608
178460	0.004219383984
178461	0.002620916041
178462	0.0003215019382
178463	0.001115560215
178464	0.0004016973046
178465	0.009854401817
178466	0.01162689733
178467	0.001186031072
178468	0.01888551122
178469	0.002439387659
178470	0.002655475041
178471	0.005202374186
178472	0.005802561109
178473	0.0006333081592
178474	0.0006477280605
178475	0.002046136268
178476	0.0001413071836
178477	0.0030466462
178478	0.00743258673
178479	0.005114724826
178480	0.0004427178562
178481	0.009381761683
178482	0.000496662032
178483	0.006070260712
178484	0.005434490656
178485	0.0001257098601
178486	0.005360143335
178487	0.001390252536
178488	0.01364011132
178489	0.00469081602
178490	0.003373154688
178491	0.008341388571
178492	0.004706362893
178493	0.005563755224
178494	0.002288972841
178495	0.008578012318
178496	0.001544525429
178497	0.002564772061
178498	0.006983181048
178499	0.01580897839
178500	0.001115536138
178501	0.008489143003
178502	0.001702257864
178503	0.00183638385
178504	0.001468964993
178505	0.001125554178
178506	0.006912911234
178507	0.01076238765
178508	0.003779963372
178509	0.01001219566
178510	0.0001530865915
178511	0.00770485619
178512	0.01264108685
178513	0.01461142885
178514	0.002260519924
178515	0.01562282832
178516	0.00392310397
178517	0.004683869302
178518	0.01384194165
178519	0.002651438701
178520	0.0001494123831
178521	0.01132379914
178522	0.005938833983
178523	0.002384128769
178524	0.0009773675631
178525	0.006873847979
178526	0.003323501871
178527	0.003438617074
178528	0.001056697119
178529	1.799856557e-05
178530	0.0005188912905
178531	0.0006155324869
178532	0.001899415796
178533	0.001826844654
178534	0.006524812086
178535	0.01099575258
178536	0.001120694285
178537	0.003373060856
178538	0.006761084544
178539	0.008189749243
178540	0.006250432945
178541	0.004499736009
178542	0.003482060711
178543	0.001906351678
178544	0.003167548811
178545	0.002015372223
178546	0.001120037785
178547	0.002592401099
178548	0.004193739018
178549	5.192866371e-05
178550	0.002044375943
178551	0.005819119014
178552	0.01581389257
178553	0.0004127692577
178554	0.008447814185
178555	0.004004251422
178556	0.009051385407
178557	0.004754548191
178558	0.0006953796621
178559	0.002255055367
178560	0.001414494518
178561	0.003952510768
178562	0.002075211126
178563	0.003158643935
178564	0.002340948994
178565	0.007571756362
178566	0.0179790746
178567	0.007015562806
178568	0.00105485419
178569	0.002357862845
178570	0.001480826709
178571	0.01073253811
178572	0.002569648769
178573	0.003127312154
178574	0.009288874979
178575	0.00757296838
178576	0.003243160105
178577	0.001862612316
178578	0.01200821708
178579	0.002592161238
178580	0.005778992906
178581	0.01110556615
178582	0.004612960965
178583	0.007344901872
178584	0.0009899070623
178585	0.004451889007
178586	0.001683067803
178587	0.007460186271
178588	0.000905629801
178589	0.002822295159
178590	0.01260980579
178591	0.001092316143
178592	0.005584603733
178593	0.003032725528
178594	0.001677620421
178595	0.002455133424
178596	0.008418031742
178597	0.0006903549653
178598	0.002769802632
178599	0.002604905606
178600	0.004964344723
178601	0.008149233261
178602	0.0003355212953
178603	0.0055667216
178604	0.0005314010416
178605	0.007527589171
178606	0.01135451939
178607	0.002289545586
178608	0.006776861881
178609	0.01259643447
178610	0.001243009591
178611	0.003500711534
178612	0.008863311649
178613	0.01396405548
178614	0.007137689599
178615	0.003658589005
178616	0.007511842343
178617	0.001009744929
178618	0.005228940421
178619	0.00810269386
178620	0.006136893467
178621	0.001444506934
178622	0.001338341465
178623	0.005351115928
178624	0.0003681296039
178625	0.00347437978
178626	0.0008908982324
178627	0.001843285382
178628	0.009519976243
178629	0.01432067628
178630	0.01390285461
178631	0.00579172104
178632	0.001453671284
178633	0.00380321793
178634	0.007095726988
178635	0.004611811198
178636	0.0009111438052
178637	0.00107269707
178638	0.001089895029
178639	0.0009546285702
178640	0.0004341831468
178641	0.001298487524
178642	0.0008277861253
178643	0.00131627116
178644	0.001480991984
178645	0.0009539148181
178646	0.00175925867
178647	0.001441932033
178648	0.001101823651
178649	0.001298209622
178650	0.0006460591847
178651	0.0001824375824
178652	0.0008788559656
178653	0.004537872319
178654	0.000752327216
178655	0.002248510787
178656	0.001834327943
178657	0.006021068854
178658	0.001606176501
178659	0.001550063325
178660	0.001523127678
178661	0.0008478595182
178662	0.001419351789
178663	0.0005724377473
178664	0.0004751215173
178665	3.814591698e-05
178666	0.001633440034
178667	0.002822026534
178668	0.005158628831
178669	0.002676558914
178670	0.005556211297
178671	0.0002728345849
178672	0.0007812826315
178673	0.0005737969173
178674	0.001987765337
178675	0.001771605819
178676	0.001886082292
178677	0.0004874235059
178678	0.001815614223
178679	0.00258044174
178680	0.0008948448341
178681	0.001535324271
178682	0.001971674704
178683	0.001188727781
178684	0.003686745646
178685	0.0005753450007
178686	0.0001037852582
178687	0.0002266120703
178688	0.003163751438
178689	0.0007045964324
178690	0.0002989374518
178691	0.00470678229
178692	0.001613853454
178693	0.001520123077
178694	0.004767506201
178695	0.0006881982752
178696	9.8000462e-07
178697	0.0004731200295
178698	0.005698845434
178699	0.008616670014
178700	0.01486806062
178701	0.01359417356
178702	0.006731798546
178703	0.001630918814
178704	0.005922986617
178705	0.002938766992
178706	0.003307036221
178707	0.0005090849431
178708	0.001102092287
178709	0.004478672426
178710	0.002830176658
178711	0.00158970615
178712	0.009402701894
178713	0.003151103219
178714	0.004452936989
178715	0.002297949544
178716	0.007312168325
178717	0.01299367132
178718	0.00166023771
178719	0.01058928261
178720	0.008904530955
178721	0.004558373041
178722	0.00213165893
178723	0.008103765337
178724	0.002882047692
178725	0.002201724248
178726	0.009581286516
178727	0.0008115128601
178728	0.006627147377
178729	0.006361190096
178730	0.002725225344
178731	0.004753909121
178732	0.00134648101
178733	0.006485404127
178734	0.005980112289
178735	0.01309076808
178736	0.00213926314
178737	0.001540752933
178738	0.001926276917
178739	0.004143606048
178740	0.002111117121
178741	0.003723244898
178742	0.002440931106
178743	0.008475436611
178744	0.0007931976883
178745	0.0005342939551
178746	0.006425801636
178747	0.005611134678
178748	0.006148892826
178749	0.001280943778
178750	0.0007905903995
178751	0.01006173151
178752	0.004192631297
178753	0.008405755527
178754	0.008929892879
178755	0.004415129524
178756	0.001700594971
178757	0.001279795945
178758	0.001090877559
178759	0.008812796567
178760	0.003351733305
178761	0.003187295828
178762	0.01039110187
178763	0.004422824646
178764	0.00445688319
178765	0.00523940725
178766	0.001428538556
178767	0.001455559757
178768	0.003556345582
178769	0.002762161788
178770	0.001161014624
178771	0.002599389303
178772	0.002383434882
178773	0.001401391117
178774	0.008464647954
178775	0.006756986511
178776	0.001823639353
178777	0.004699082715
178778	0.001650739472
178779	0.006449036588
178780	0.004445066923
178781	0.005671948785
178782	0.006961933212
178783	0.003099139151
178784	0.00102904235
178785	0.004219057611
178786	0.0007831927346
178787	0.002407579499
178788	0.001690687582
178789	0.0007436678948
178790	0.01132490096
178791	0.007051117997
178792	0.005852748546
178793	0.009862627124
178794	0.001941361986
178795	0.001326553151
178796	0.005202884362
178797	0.0005704672527
178798	0.00106065836
178799	0.01181029616
178800	0.002118400914
178801	0.01004538904
178802	0.005263333138
178803	0.00433871639
178804	0.002394749646
178805	0.004509783412
178806	0.00843513626
178807	0.005628884545
178808	0.00555338593
178809	0.0003996834527
178810	0.007930957505
178811	0.001536936329
178812	0.01316993917
178813	0.0005766772606
178814	0.0141217782
178815	0.00214991893
178816	0.008361615289
178817	0.0006735740692
178818	0.0005142580609
178819	0.001137047192
178820	0.001137110522
178821	1.566795628e-07
178822	0.0005660296218
178823	5.632771186e-06
178824	0.0001426084478
178825	0.0002815460527
178826	0.00471763469
178827	0.009745203055
178828	0.001160890179
178829	0.004379673228
178830	0.0006782226208
178831	0.00361680657
178832	0.00584263355
178833	0.003174974781
178834	0.00228639352
178835	0.0006551996315
178836	0.003386726218
178837	0.003417653726
178838	9.507656375e-05
178839	0.001381912963
178840	0.003769408108
178841	0.0007362100502
178842	0.003981745959
178843	0.004336314256
178844	0.0130634886
178845	0.005361448111
178846	0.007127613113
178847	0.003522951536
178848	0.01125373301
178849	0.002317482592
178850	0.001806742348
178851	0.003725142804
178852	0.007477599635
178853	0.004336403817
178854	0.003054527992
178855	0.004806985575
178856	0.005222881741
178857	0.00169425276
178858	0.0004860311006
178859	0.0134803484
178860	0.002308102238
178861	0.008391040437
178862	0.0001092928025
178863	0.004018574424
178864	0.00686949087
178865	0.00162007987
178866	0.002591767095
178867	0.004420389334
178868	0.008098684223
178869	0.007079377586
178870	0.0005499868194
178871	0.001602051303
178872	0.006258018914
178873	0.01823714546
178874	0.003692389321
178875	0.006378684965
178876	0.01027661538
178877	0.008293842142
178878	0.002703741026
178879	0.005976459515
178880	0.009968658122
178881	0.0007538451762
178882	0.01017856192
178883	0.001563824806
178884	0.002153142592
178885	0.006721896232
178886	0.003918377871
178887	0.01098916779
178888	0.003466699606
178889	0.006011137263
178890	0.009938940321
178891	0.004091021089
178892	0.01361138898
178893	0.005962537117
178894	0.007264374613
178895	0.007379831439
178896	0.0001567542058
178897	0.003788103352
178898	0.003660726824
178899	0.01197650957
178900	0.0002411534754
178901	0.002090621824
178902	0.004158820626
178903	0.0008928966237
178904	0.009353234997
178905	0.004802618183
178906	0.0009766669534
178907	0.005338545465
178908	0.003075539504
178909	0.0005800693698
178910	0.004109613723
178911	0.005197817537
178912	0.006674683241
178913	0.005722689569
178914	0.005358478927
178915	0.00670938746
178916	0.005801950085
178917	0.005314285627
178918	0.008703613784
178919	0.0003954724723
178920	0.003070186298
178921	0.006051506449
178922	0.002394277874
178923	0.00470643875
178924	0.00981183549
178925	0.006068254039
178926	0.02023862827
178927	0.0005542392807
178928	0.01250957781
178929	0.007484966866
178930	0.002406422347
178931	0.006559303263
178932	0.008836574693
178933	0.001250518591
178934	6.790898333e-05
178935	0.005291667836
178936	0.0005667639615
178937	0.00607776554
178938	0.001057480584
178939	0.007606039971
178940	0.003887404614
178941	0.008232012232
178942	0.003476873252
178943	0.0115282877
178944	0.002285148406
178945	0.0001027327889
178946	0.003565977682
178947	0.005559845175
178948	0.001411520208
178949	0.001921423236
178950	0.003854113016
178951	0.0009160068446
178952	0.009304675866
178953	0.002543068507
178954	0.001537647194
178955	0.01207167006
178956	0.002331357731
178957	0.01175469779
178958	0.00105063753
178959	0.00188668234
178960	0.00480714179
178961	0.01304950303
178962	0.001899350469
178963	0.003338877366
178964	0.005107003328
178965	0.002720330857
178966	0.000311418071
178967	4.188341165e-05
178968	0.004527583712
178969	0.002511995639
178970	0.0008349514959
178971	0.003668961146
178972	0.00412644117
178973	0.00610355114
178974	0.006576197942
178975	0.002329448416
178976	0.001030610292
178977	0.001185827566
178978	0.002490553335
178979	0.003519873528
178980	0.004440687614
178981	0.00191391503
178982	0.0005606975042
178983	0.0008127321542
178984	0.005490345447
178985	0.004529528196
178986	3.497032255e-05
178987	0.005274306815
178988	0.003782919321
178989	0.01144913862
178990	0.003644065974
178991	0.01056686862
178992	0.009456077272
178993	0.0002849041025
178994	0.001571685217
178995	0.002672088799
178996	0.005929402398
178997	0.005979169353
178998	0.003720359503
178999	0.009392938782
179000	0.002133533642
179001	0.0006964444591
179002	0.005803772322
179003	0.01043465928
179004	0.00416728222
179005	0.0001256944419
179006	0.00315152024
179007	0.001129144202
179008	0.002148176246
179009	0.001021092989
179010	0.005036719619
179011	0.0006420123984
179012	0.003639061564
179013	0.001164719309
179014	0.00376644284
179015	0.001427938922
179016	0.0005515693575
179017	0.002815189264
179018	0.003698951514
179019	0.001578684769
179020	0.007008700421
179021	0.01226258593
179022	0.001442701754
179023	0.003632052442
179024	0.006900358468
179025	0.0001806471351
179026	0.007161132952
179027	0.003034587453
179028	0.004349291876
179029	0.00521308128
179030	0.005302006394
179031	0.006354172447
179032	0.001774448274
179033	0.003358995127
179034	0.006637828007
179035	0.001201828119
179036	0.007685602619
179037	0.002003084518
179038	0.003712268874
179039	0.006728462254
179040	0.001635751104
179041	0.006915002248
179042	0.002404130755
179043	0.0008992741502
179044	0.002027853943
179045	0.009336234977
179046	0.004006962482
179047	0.01193439075
179048	0.0001038973878
179049	0.000593706762
179050	0.0005042286339
179051	0.0005950728514
179052	0.0005060314219
179053	0.0005373383591
179054	0.0004110666153
179055	0.0004372617194
179056	0.0006936306634
179057	0.0001340659341
179058	0.000542984074
179059	0.0005597996541
179060	0.0005708438439
179061	0.0005746721788
179062	0.007823273397
179063	0.0005162776509
179064	0.0008641469606
179065	0.0050028147
179066	0.008325798108
179067	0.01088300942
179068	0.001742853283
179069	0.002542420915
179070	0.002529836626
179071	0.004069172052
179072	0.0002459811901
179073	0.0007759526164
179074	0.003887846164
179075	0.007725554283
179076	0.002349236014
179077	0.004388281182
179078	0.001986391609
179079	0.005608421679
179080	0.002428609502
179081	0.0007460187351
179082	0.003950501239
179083	0.00630812359
179084	0.004884673902
179085	0.009537363732
179086	0.004809853935
179087	0.002831484208
179088	0.002777542214
179089	0.002972650775
179090	0.00232825561
179091	0.01485610714
179092	0.005635451503
179093	0.0001063753104
179094	0.0004154800398
179095	0.01634119151
179096	0.01235457592
179097	0.004719920381
179098	0.005894159408
179099	0.006536959988
179100	0.001036809332
179101	0.004451809483
179102	0.003719841584
179103	0.001219118014
179104	0.001293157958
179105	0.00212308266
179106	0.00629767554
179107	0.002164749915
179108	0.009966234121
179109	0.0007653843781
179110	0.001492948468
179111	0.007980623547
179112	0.009639198784
179113	0.002231189227
179114	0.003539037692
179115	0.001831944283
179116	0.004024615578
179117	2.607092188e-05
179118	0.002796329723
179119	5.600444088e-05
179120	0.004767344016
179121	0.001130679434
179122	0.004543188087
179123	0.001549919607
179124	0.004074965209
179125	0.003640848176
179126	0.002764964626
179127	0.002567564947
179128	0.002070646508
179129	0.002307386734
179130	0.004545418029
179131	0.001889531354
179132	0.002009064064
179133	0.003065373917
179134	0.005459667916
179135	0.004869926493
179136	0.0009264736179
179137	0.005273943117
179138	0.001968784112
179139	0.001003772716
179140	0.005050231045
179141	0.001846405404
179142	0.007924656865
179143	0.001796218948
179144	0.002184064614
179145	0.002182578531
179146	0.001199039105
179147	0.004600149972
179148	0.002892883314
179149	0.0007008928997
179150	0.001185418877
179151	0.002957667956
179152	0.0003765557892
179153	0.01027818989
179154	0.007907926626
179155	0.01225947181
179156	0.003126172004
179157	0.00479970077
179158	0.006827183587
179159	0.006217145889
179160	0.01265070426
179161	0.0004031218091
179162	0.002052865991
179163	0.003086779017
179164	0.008600078837
179165	0.01152858737
179166	0.01551673469
179167	0.01292598819
179168	0.00511110453
179169	0.001406219394
179170	0.008855355135
179171	0.00811953766
179172	0.00275540946
179173	0.002183404508
179174	0.002523320893
179175	0.0001086010389
179176	0.001093662415
179177	0.002566133465
179178	0.00681755629
179179	0.00131208965
179180	0.00540535215
179181	0.006152073885
179182	0.007600665319
179183	0.003593976332
179184	0.001183362414
179185	0.0009106823396
179186	0.001921734097
179187	0.0005628196012
179188	0.0007536083983
179189	0.00694567384
179190	0.002581193888
179191	0.008778529665
179192	0.003834040839
179193	0.004885449875
179194	0.003306987051
179195	0.01393890094
179196	0.0001056915213
179197	0.007161420082
179198	0.00553805751
179199	0.01246944718
179200	0.006326331454
179201	0.007758874213
179202	0.0001125011797
179203	0.009253661093
179204	0.0002568358075
179205	0.005719002917
179206	0.002202756454
179207	0.009272154675
179208	0.007385064468
179209	0.009745021775
179210	0.01022062374
179211	0.004142889284
179212	0.01333112405
179213	0.01197260409
179214	0.0007604799317
179215	0.002044055715
179216	0.006540296741
179217	0.008034087847
179218	0.006807840001
179219	0.01332100337
179220	0.001580892805
179221	0.006327528271
179222	0.007138354119
179223	0.008608561084
179224	0.0005953672136
179225	0.005757601136
179226	0.005166367685
179227	0.009900912758
179228	0.002894965529
179229	0.003958562487
179230	0.002211630644
179231	0.001373323618
179232	0.004473237453
179233	0.008567999777
179234	0.0007886868851
179235	0.001841611489
179236	0.005359006873
179237	0.0006327185407
179238	0.004030631102
179239	0.0003676491411
179240	0.002351666065
179241	0.005159971702
179242	0.006128950022
179243	0.004313594368
179244	0.01180549791
179245	0.003683184045
179246	0.00291790153
179247	0.001351887228
179248	0.005865373659
179249	0.001180404614
179250	0.002521464975
179251	3.616514392e-06
179252	0.005454199593
179253	0.0009688237596
179254	0.002568414167
179255	0.004462133312
179256	0.007171893461
179257	0.008038320315
179258	0.005239715123
179259	0.003503705341
179260	0.008192104307
179261	0.005992833593
179262	0.0111939479
179263	0.01005219105
179264	0.004142796943
179265	0.006134117034
179266	2.580740929e-05
179267	0.002177610799
179268	0.005180781711
179269	6.485234643e-05
179270	0.004240929773
179271	0.009475646454
179272	0.001319689447
179273	0.007254265296
179274	0.01277190301
179275	0.005692433466
179276	0.006697421295
179277	0.001779304285
179278	0.0002326653485
179279	0.007004467396
179280	0.004791230118
179281	0.00532734059
179282	0.002108953156
179283	0.009777865658
179284	0.002079644993
179285	0.002181695901
179286	0.002225805357
179287	0.0009859737451
179288	0.000109663526
179289	0.007314877877
179290	0.002556598643
179291	0.0006111347269
179292	0.004597046042
179293	0.008999683093
179294	0.004533913835
179295	0.001795020397
179296	0.001298016897
179297	0.004932220332
179298	0.004425748695
179299	0.004906808245
179300	0.003437360125
179301	0.007851440977
179302	0.003720856922
179303	0.001608230415
179304	0.001625615105
179305	0.008448004092
179306	0.007170128866
179307	0.006678292906
179308	0.002683471235
179309	0.002689928566
179310	0.0008259365513
179311	0.009500754947
179312	0.002387034257
179313	0.01376118478
179314	0.0001437239335
179315	0.00815343954
179316	0.001029791845
179317	0.004354177067
179318	0.003720198791
179319	0.007496656341
179320	0.001242153075
179321	0.01214777682
179322	0.001736157622
179323	0.003403413632
179324	0.009719911231
179325	0.009631373217
179326	0.01140524046
179327	0.01021608664
179328	0.007334620062
179329	0.003849527906
179330	0.008907247233
179331	0.001982138011
179332	0.001095016156
179333	0.002804197166
179334	0.01422976595
179335	0.005003149345
179336	0.005617664215
179337	0.006147846483
179338	0.005657869724
179339	7.973232251e-06
179340	0.001923843017
179341	0.006036129043
179342	0.0008369550285
179343	0.002119279528
179344	0.002296474129
179345	0.002393513974
179346	0.002093394328
179347	0.002247276163
179348	0.003288138162
179349	0.002513395056
179350	0.002103320232
179351	0.01102144499
179352	0.003037574321
179353	0.00675844365
179354	0.002983149634
179355	0.008669373128
179356	0.01998108002
179357	0.007352439088
179358	0.003648783136
179359	0.0007695761463
179360	0.003740342347
179361	0.007699740432
179362	0.0009138678418
179363	5.192794663e-05
179364	0.004436515755
179365	0.001944967116
179366	0.01323591702
179367	0
179368	0.01075800389
179369	0.003234627721
179370	0.005109788959
179371	0.004192747839
179372	0.001666006494
179373	0.001619189374
179374	0.00133308798
179375	0.001562429724
179376	0.01619992314
179377	9.189793984e-05
179378	0.006699348717
179379	0.002051216669
179380	0.002978847115
179381	0.003896669959
179382	0.004999854066
179383	0.001041058206
179384	0.00138680058
179385	0.01329078551
179386	2.925573412e-08
179387	0.0003552322236
179388	0.0137648255
179389	0.005109517528
179390	0.002754648696
179391	0.01082014191
179392	0.002299991124
179393	0.003764800304
179394	0.01060862497
179395	0.005783629274
179396	0.005121546297
179397	0.001881099248
179398	0.005365938404
179399	0.01298474645
179400	0.001046104211
179401	0.0002055694415
179402	0.0007126021873
179403	0.001328089355
179404	0.002201673845
179405	0.009343615076
179406	0.001041482322
179407	0.0009315600222
179408	0.007856006978
179409	0.001948281692
179410	0.01054681576
179411	0.006136307865
179412	0.0008496065787
179413	2.975599855e-05
179414	0.004947416803
179415	0.01141384547
179416	0.005319568605
179417	0.006030618633
179418	0.003627206589
179419	0.004376827377
179420	0.003724213987
179421	0.00315273005
179422	0.01103787734
179423	0.004484471694
179424	0.005539270766
179425	0.01201618823
179426	0.002122919756
179427	0.005618758242
179428	0.001909770851
179429	0.00460517171
179430	0.01166590071
179431	0.001333348851
179432	0.003309794
179433	0.004885872585
179434	0.006786748497
179435	0.003333627796
179436	0.008990996244
179437	0.005118496048
179438	0.001288052488
179439	0.001936545377
179440	0.003745584838
179441	0.0166750034
179442	0.004261742994
179443	0.004478441258
179444	0.0025759454
179445	0.009510692108
179446	0.0109296335
179447	0.001433640448
179448	0.002742628493
179449	0.001499658842
179450	0.005366173251
179451	0.002742902483
179452	0.007245214629
179453	0.0038731821
179454	0.002619909538
179455	0.01045785718
179456	0.005722157241
179457	0.007360524515
179458	0.01602632988
179459	0.007009517476
179460	0.0008815580889
179461	0.004067874137
179462	0.003617526659
179463	0.003999016128
179464	0.01082150176
179465	0.004246646347
179466	0.00169997499
179467	0.02458092458
179468	0.000697518045
179469	0.01602414108
179470	0.007746967966
179471	0.001743743907
179472	0.004600433321
179473	0.002480514117
179474	0.002951416856
179475	0.006908843328
179476	0.003245907047
179477	4.935663889e-07
179478	0.00261770309
179479	0.01075867153
179480	0.0007115476309
179481	0.00942627147
179482	0.0105887873
179483	0.003409829846
179484	0.001243748336
179485	0.0008745515532
179486	0.007207509755
179487	0.004907372084
179488	0.01045625239
179489	0.002876780705
179490	0.006647028937
179491	0.00241419254
179492	0.0004649717089
179493	0.0005494527463
179494	0.004692800872
179495	0.001312574215
179496	0.02215243183
179497	0.005724594566
179498	0.004509776941
179499	0.009226856366
179500	0.00315378413
179501	0.0005194270885
179502	0.002326411297
179503	0.01282293653
179504	0.001173054696
179505	0.009874356982
179506	0.003188295816
179507	0.006278674125
179508	0.003810650733
179509	0.01149575296
179510	0.002487001442
179511	0.0009000836604
179512	0.01645250669
179513	0.009484930589
179514	0.001264740105
179515	0.0003253337559
179516	0.0001090358305
179517	0.0001805560057
179518	0.006340218623
179519	0.0004779933906
179520	0.004362906928
179521	0.002086932514
179522	0.0004363606112
179523	0.0005180440779
179524	0.0024018698
179525	0.006327034003
179526	0.0004487848318
179527	0.005228175328
179528	0.005727580381
179529	0.003632386032
179530	0.006811585617
179531	0.000381856806
179532	0.003417751461
179533	0.004889200274
179534	0.002735711405
179535	0.004556051287
179536	0.005270102853
179537	0.00326656043
179538	0.001964443785
179539	0.00332684418
179540	0.002775072038
179541	0.001760327882
179542	0.001019009595
179543	0.0009506489952
179544	0.003966716126
179545	0.001460795989
179546	0.002483020946
179547	0.002758643576
179548	0.004008621492
179549	0.0001538347366
179550	0.001664011521
179551	0.003179384312
179552	0.0002397863421
179553	8.46077901e-05
179554	0.0007923441258
179555	0.003093813512
179556	0.002089990683
179557	0.004744939197
179558	0.001267096941
179559	0.002017134866
179560	0.000856525101
179561	0.009562622338
179562	0.008657422808
179563	0.005325099329
179564	0.01133080698
179565	0.005405589755
179566	0.002240831187
179567	0.0001817581792
179568	0.0005656703377
179569	0.005887499323
179570	0.001305103704
179571	0.005703756078
179572	0.0002242400372
179573	2.642020777e-05
179574	4.053138148e-06
179575	0.001643170851
179576	0.0001625183099
179577	0.006502805279
179578	0.0038889089
179579	0.001883096405
179580	0.006174883448
179581	0.00250845112
179582	0.005377600261
179583	0.007483356582
179584	0.005672592416
179585	0.001071136466
179586	0.003682220651
179587	0.0122878146
179588	0.001572518234
179589	0.002268906538
179590	0.005192465219
179591	0.002843781196
179592	0.0005917725714
179593	0.004630682443
179594	0.006032774207
179595	0.01464692284
179596	0.000669004431
179597	0.001719509265
179598	0.0020838976
179599	0.00246803929
179600	0.003434366521
179601	0.0004092796337
179602	0.0005609059909
179603	0.001739241296
179604	0.001809322561
179605	0.0002211031134
179606	0.0008885112878
179607	0.0003849219732
179608	0.0003664574723
179609	0.002632998938
179610	0.0006394321463
179611	0.000313574421
179612	0.001256291453
179613	0.0004146335945
179614	0.001538372106
179615	0.0007877705922
179616	0.0009682498075
179617	0.01079645593
179618	0.005408545839
179619	0.002654730656
179620	0.005743389122
179621	0.005831541483
179622	0.004167026409
179623	0.005754196364
179624	0.0003397913027
179625	0.0007225878587
179626	0.005283323642
179627	0.002386133883
179628	0.0003939976199
179629	0.001485070724
179630	0.007312860291
179631	0.001974337626
179632	0.008268882415
179633	0.007602349105
179634	0.00320490735
179635	0.00547005732
179636	0.003531483493
179637	0.001233366055
179638	0.0005524120803
179639	0.01229990014
179640	0.009676900708
179641	0.00139746032
179642	0.01465354269
179643	0.0009876632609
179644	0.01186464055
179645	0.004438449091
179646	0.007451111908
179647	0.001669169086
179648	0.009697309315
179649	0.002122927715
179650	0.004746909114
179651	0.00145732158
179652	0.002606499917
179653	0.001760481798
179654	0.003627680992
179655	0.003179620157
179656	0.009529685504
179657	0.0005528737384
179658	0.003466553039
179659	0.001671370774
179660	0.0006829645514
179661	0.001838209319
179662	0.002243255565
179663	0.005227894958
179664	0.001086966897
179665	0.004629971335
179666	0.00404901228
179667	0.004872455215
179668	0.00473926512
179669	0.004411921883
179670	0.003985628187
179671	0.004483692439
179672	0.004023837482
179673	0.005480439328
179674	0.005086875764
179675	0.001002924623
179676	0.004035864457
179677	0.003713341763
179678	0.00367863927
179679	0.003952838793
179680	0.005068305593
179681	0.001241620802
179682	0.005635984741
179683	0.004559297519
179684	0.006103696722
179685	0.005778480529
179686	0.004894040355
179687	0.006318119666
179688	0.005104171413
179689	0.005024988299
179690	0.004322123831
179691	0.005076642104
179692	0.005873281891
179693	0.005242931388
179694	0.005010632618
179695	0.004971351856
179696	0.003029141866
179697	0.0008080194655
179698	0.00212560425
179699	0.004309520116
179700	0.001143751875
179701	0.005335504521
179702	0.003542372716
179703	0.002976964524
179704	0.007308277119
179705	0.006508426381
179706	0.004350033495
179707	0.002860923363
179708	0.004237567776
179709	0.0005645946329
179710	0.000750630827
179711	0.001682389079
179712	0.003593181038
179713	0.00104109791
179714	0.003958353548
179715	0.003105251804
179716	0.004034630532
179717	0.003237042787
179718	0.002432712773
179719	0.0001868742169
179720	0.0018154802
179721	0.004132746697
179722	0.001066036566
179723	0.0009771314198
179724	0.00319835212
179725	0.0004250933641
179726	0.0007900443147
179727	0.001974965605
179728	0.0008195547118
179729	0.0008860965426
179730	0.00120156851
179731	0.0001081405369
179732	0.001576502795
179733	0.004687606189
179734	0.001869555296
179735	0.0004075630402
179736	0.0009962003069
179737	0.002084778516
179738	0.001301219806
179739	0.001043569525
179740	0.0008759808791
179741	0.001484694645
179742	0.0006749163967
179743	0.002610550625
179744	0.00398629292
179745	0.001690606502
179746	0.0008525312407
179747	0.0003847160141
179748	0.001184924606
179749	0.001290281134
179750	0.001113055605
179751	0.001029732736
179752	0.002523358002
179753	0.001856324483
179754	8.702810222e-05
179755	0.001965563515
179756	0.001116495055
179757	0.001723800862
179758	0.001273355255
179759	0.001324576436
179760	4.789560631e-05
179761	0.001960019704
179762	0.002411026953
179763	0.001359656195
179764	0.001198220842
179765	0.002419237804
179766	0.00138096932
179767	0.001707313876
179768	0.0009172049232
179769	0.002766417932
179770	0.004967036316
179771	0.0009721511261
179772	0.0007782044965
179773	0.002050591486
179774	0.003041227662
179775	0.001830007194
179776	0.000919275845
179777	0.002584932179
179778	0.0009819199306
179779	0.002745566624
179780	0.001373610528
179781	0.003187813969
179782	0.0002308379827
179783	0.001420501218
179784	0.002236069877
179785	0.002341789907
179786	0.00595159957
179787	0.004506192681
179788	0.004977516745
179789	0.0005168827831
179790	0.0006592066752
179791	0.001446411419
179792	0.002774513391
179793	0.007026507708
179794	0.005921130716
179795	8.167190829e-05
179796	0.002269658191
179797	0.003752288034
179798	0.002965251772
179799	0.002685658212
179800	0.0003841304471
179801	0.002234772428
179802	0.001065550643
179803	0.002607567104
179804	0.001061661782
179805	0.003645449474
179806	0.0009336528252
179807	0.002558898828
179808	0.001835397396
179809	0.001002165137
179810	0.004500379358
179811	0.002632542173
179812	0.002320814047
179813	0.002270452401
179814	0.0113066491
179815	0.01077114194
179816	0.009680592289
179817	0.009422452678
179818	0.01106018981
179819	0.01117868307
179820	0.00992204819
179821	0.01125522017
179822	0.01048734395
179823	0.01051779037
179824	0.009216655533
179825	0.009852119227
179826	0.01025934513
179827	0.01068116454
179828	0.0118730761
179829	0.01117100319
179830	0.009854898118
179831	0.009763916089
179832	0.01023047599
179833	0.009633039399
179834	0.01076743507
179835	0.01062214562
179836	0.009672344086
179837	0.01080145467
179838	0.01319933552
179839	0.009272932222
179840	0.008896408915
179841	0.01010771139
179842	0.006209177665
179843	0.01048891343
179844	0.01168797791
179845	0.01076654572
179846	0.009543435384
179847	0.01094587838
179848	0.008811098023
179849	0.01121189844
179850	0.0103113212
179851	0.01097849256
179852	0.009802400848
179853	0.009145072758
179854	0.009379433794
179855	0.00880041736
179856	0.009243304807
179857	0.007552911839
179858	0.00891756968
179859	0.01010655255
179860	0.01111879976
179861	0.006868278364
179862	0.01353967952
179863	0.01139298584
179864	0.008071487681
179865	0.008824147459
179866	0.009915257189
179867	0.01130911819
179868	0.01009018599
179869	0.007412110446
179870	0.009053971177
179871	0.009698249602
179872	0.01062490801
179873	0.009639544995
179874	0.008255356168
179875	0.0105052844
179876	0.004835798817
179877	0.01093144306
179878	0.008709593589
179879	0.01021195499
179880	0.01050570212
179881	0.01399270749
179882	0.008265574586
179883	0.01016076669
179884	0.009281689954
179885	0.01059486866
179886	0.007456011406
179887	0.01043985786
179888	0.01064564753
179889	0.008849365937
179890	0.008353658735
179891	0.007779081026
179892	0.01014124746
179893	0.0008277920501
179894	3.602789723e-05
179895	0.001617468374
179896	0.001055281624
179897	0.00180525994
179898	0.002867740319
179899	0.0004011918186
179900	0.0008011117297
179901	0.002629257323
179902	0.000451821703
179903	0.000461816019
179904	0.0005614744673
179905	0.0005751879775
179906	0.0006133149677
179907	0.001253207224
179908	0.0005377907961
179909	0.000532592217
179910	0.0001264086152
179911	0.0007282534855
179912	0.0003059484798
179913	0.0006137047056
179914	0.001018256542
179915	0.000979058249
179916	0.003602927421
179917	0.0001391139157
179918	0.0007057781745
179919	0.0002470677958
179920	0.003293139457
179921	0.000510760452
179922	0.0005939272729
179923	0.001460140365
179924	0.001458960615
179925	0.001704958993
179926	0.001286007752
179927	0.0006212811956
179928	0.001791093532
179929	0.005324224419
179930	0.0006668483828
179931	0.003588335802
179932	0.002812852623
179933	0.004285994912
179934	0.003390087437
179935	0.002864085554
179936	0.003157830705
179937	0.002322249627
179938	0.003817037459
179939	0.002738105917
179940	0.003685939657
179941	0.003589633051
179942	0.003894916835
179943	0.003257175139
179944	0.003532984738
179945	0.003678960021
179946	0.003416353735
179947	0.005440839026
179948	0.004504775585
179949	0.003657473182
179950	0.001443574369
179951	0.001514300641
179952	0.002029824073
179953	0.0009909021771
179954	0.002428201099
179955	0.002656547367
179956	0.002818465527
179957	0.003496958337
179958	0.004671510592
179959	0.003238606278
179960	0.002639488056
179961	0.005034760269
179962	0.003779809574
179963	0.00152557925
179964	0.00416493453
179965	0.003564756629
179966	0.004208558698
179967	0.003560230503
179968	0.002885631951
179969	0.0001635342005
179970	0.006056330538
179971	0.00244477491
179972	0.005189037423
179973	0.0001656628945
179974	0.0003878601945
179975	0.002112371944
179976	7.891775379e-05
179977	0.000633308611
179978	0.01049249617
179979	0.004347554027
179980	0.0008864398699
179981	0.000538575233
179982	0.001516021428
179983	0.001088944882
179984	8.738115289e-06
179985	0.002003003066
179986	0.0005816579717
179987	0.0009541284621
179988	0.0006671374842
179989	0.0006785016683
179990	0.00511976197
179991	0.00584880912
179992	0.0006266076627
179993	0.001246567551
179994	0.002000422333
179995	0.00063158769
179996	0.0006129510149
179997	0.001189441035
179998	0.00126656872
179999	0.001160564123
180000	0.0002850908144
180001	0.0008166951676
180002	0.0008598285639
180003	0.0006621178769
180004	0.004558835209
180005	0.004576764193
180006	0.000441807594
180007	0.0007169578034
180008	0.001526691036
180009	0.002052123656
180010	0.0005137433433
180011	0.0008311441658
180012	0.001215005899
180013	0.0008249319199
180014	0.0003625297854
180015	0.002483717685
180016	0.001194564599
180017	0.001384027313
180018	1.953745993e-05
180019	0.003203342954
180020	0.0006259079406
180021	0.0009995254717
180022	0.0005237736344
180023	0.001733418878
180024	0.004551650585
180025	0.007922191621
180026	0.00383428652
180027	0.003933482139
180028	0.001201474065
180029	0.001194123324
180030	0.003327016573
180031	0.004225141666
180032	0.003498365922
180033	0.003303252184
180034	0.003264716266
180035	0.00398995348
180036	0.003698918824
180037	0.001240310854
180038	0.002589564438
180039	0.003781917323
180040	0.004287736367
180041	0.0007250273746
180042	0.0006981327834
180043	0.003963491407
180044	0.002343961559
180045	0.003222837464
180046	0.004963654907
180047	0.004397802078
180048	0.003887300966
180049	0.004622405077
180050	0.003361022897
180051	0.002607832614
180052	0.004154066044
180053	0.003637249988
180054	0.004870606072
180055	0.003819540535
180056	0.0003974356913
180057	0.004418008979
180058	0.002510353062
180059	0.003786735928
180060	0.003862837278
180061	0.004374794563
180062	0.003049802548
180063	0.006489001578
180064	0.002949485151
180065	0.004302817158
180066	0.00226051952
180067	0.002732684905
180068	0.002596082145
180069	0.003404532663
180070	0.004214895893
180071	0.003180267665
180072	0.004347437692
180073	0.004498925853
180074	0.006538967805
180075	0.003332120333
180076	0.0109752064
180077	0.007542022459
180078	0.009404494009
180079	0.01061528173
180080	0.006534149247
180081	0.01217862623
180082	0.01326796131
180083	0.01002983639
180084	0.01088776615
180085	0.009122964927
180086	0.01053498974
180087	0.009763416943
180088	0.01122550116
180089	0.01095452681
180090	0.01509197565
180091	0.008986875459
180092	0.006282756815
180093	0.007614649326
180094	0.002586588647
180095	0.006864152267
180096	0.01011903465
180097	0.009080461131
180098	0.008979843835
180099	0.006992293518
180100	0.005923397346
180101	0.006406817631
180102	0.01125590218
180103	0.007345245397
180104	0.007911265117
180105	0.008544235219
180106	0.01140492956
180107	0.01074866416
180108	0.007847131297
180109	0.01187035562
180110	0.01142763376
180111	0.0006194015508
180112	0.01099893757
180113	0.01032149144
180114	0.00949396583
180115	0.01144440123
180116	0.007456681917
180117	0.009166797544
180118	0.004605327209
180119	0.005690621568
180120	0.005808733006
180121	0.005128137905
180122	0.005326273645
180123	0.005209066638
180124	0.003968261371
180125	0.005953268633
180126	0.004501042661
180127	0.005657057739
180128	0.005186512357
180129	0.005234360935
180130	0.004814101788
180131	0.004636578542
180132	0.003532103551
180133	0.003135407058
180134	0.005232205116
180135	0.003742738733
180136	0.00447182674
180137	0.004622089207
180138	0.004921802255
180139	0.005066439327
180140	0.004746070566
180141	0.00382169628
180142	0.005037471513
180143	0.003621338708
180144	0.005131124433
180145	0.006028278205
180146	0.004917488012
180147	0.00148319541
180148	0.005270908519
180149	0.005057760112
180150	0.002966273307
180151	0.004735779471
180152	0.004308233666
180153	0.005211399207
180154	0.003975791542
180155	0.005983073896
180156	0.004620722327
180157	0.003768007109
180158	0.003663814797
180159	0.00369551084
180160	0.004400654122
180161	0.004014742527
180162	0.003763068611
180163	0.004330241056
180164	0.007300282946
180165	0.006096835122
180166	0.004687592207
180167	0.005038117794
180168	0.006240634796
180169	0.005184372823
180170	0.004786421792
180171	0.006254053558
180172	0.003365705318
180173	0.006690883984
180174	0.004401441132
180175	0.004148193204
180176	0.005467449107
180177	0.006498758216
180178	0.006150458813
180179	0.006392953149
180180	0.00491214516
180181	0.004227875883
180182	0.004701073331
180183	0.006913216226
180184	0.005633712448
180185	0.005199751788
180186	0.005980334986
180187	0.005125949544
180188	4.146617429e-05
180189	0.006273464261
180190	0.004511445369
180191	0.004318133402
180192	0.00100780318
180193	0.005175907339
180194	0.005884010969
180195	0.005544002304
180196	0.002389946499
180197	0.005195028772
180198	0.005459074487
180199	0.004909064459
180200	0.005679501636
180201	0.004429450588
180202	0.00605214629
180203	0.005923898819
180204	0.006815387935
180205	0.005886327432
180206	0.006214680711
180207	0.006172751715
180208	0.005566521092
180209	0.005681645896
180210	0.004954765602
180211	0.006419651688
180212	0.004864973368
180213	0.005364479324
180214	0.007795549737
180215	0.006703049953
180216	0.007759245386
180217	0.004257031651
180218	0.005590842098
180219	0.00570536731
180220	0.003838138818
180221	0.008820572014
180222	0.004634626036
180223	0.006547190175
180224	0.006267782795
180225	0.006650759783
180226	0.006050527766
180227	0.007638603956
180228	0.006020264306
180229	0.006458377144
180230	0.00542854971
180231	0.006568327053
180232	0.005996095476
180233	0.003219379692
180234	0.006213556564
180235	0.003980300348
180236	0.006353474297
180237	0.005800697614
180238	0.006412936433
180239	0.006127028453
180240	0.0070634227
180241	0.00549958355
180242	0.006156818055
180243	0.00526545736
180244	0.004044562062
180245	0.004331540476
180246	0.00609585088
180247	0.005622110612
180248	0.003416857275
180249	0.009066316376
180250	0.01004039059
180251	0.003306285275
180252	0.005143147819
180253	0.004119449443
180254	0.005694530789
180255	0.004562288757
180256	0.004153824308
180257	0.005441028315
180258	0.004527297885
180259	0.003696659398
180260	0.00620253181
180261	0.01201775918
180262	0.007523642834
180263	0.005251904834
180264	0.003242499014
180265	0.004611485239
180266	0.00672588289
180267	0.006174572228
180268	0.005288452983
180269	0.004288593367
180270	0.005060826327
180271	0.004028064785
180272	0.004910166074
180273	0.002836637934
180274	0.004275379968
180275	0.006383598762
180276	0.007053770181
180277	0.004755335187
180278	0.00467492032
180279	0.005999752173
180280	0.005218261496
180281	0.004398399951
180282	0.004175977083
180283	0.004565711216
180284	0.003932620387
180285	0.006861242639
180286	0.003793734331
180287	0.003878955048
180288	0.00558504727
180289	0.004508559953
180290	0.00404269376
180291	0.0143444558
180292	0.01197717624
180293	0.0139250895
180294	0.01147737486
180295	0.01451907705
180296	0.01573880275
180297	0.01828099278
180298	0.01344174265
180299	0.01316466187
180300	0.01396376226
180301	0.009469657705
180302	0.01670342227
180303	0.01491916414
180304	0.01412803314
180305	0.008998836962
180306	0.01345018956
180307	0.01636847611
180308	0.01384843473
180309	0.01428011012
180310	0.01416185954
180311	0.01285022332
180312	0.01566646888
180313	0.01410197437
180314	0.01648060329
180315	0.01533141902
180316	0.009526568196
180317	0.01338466822
180318	0.01486402497
180319	0.01549059568
180320	0.01519242279
180321	0.01621703426
180322	0.01524986761
180323	0.01605959524
180324	0.01328758609
180325	0.01583692462
180326	0.01562728604
180327	0.01206597265
180328	0.009724014368
180329	0.0139071584
180330	0.01480905152
180331	0.003076998401
180332	0.004333671379
180333	0.001238557512
180334	0.001604925652
180335	0.001089635607
180336	0.001847772932
180337	0.001132010082
180338	0.00756841631
180339	0.001983492328
180340	0.001206220845
180341	0.002004498537
180342	0.001719154606
180343	0.0009877158682
180344	0.001546702871
180345	0.002556202404
180346	0.001160293152
180347	0.0001807951327
180348	0.0008417066778
180349	0.002047718872
180350	0.001358142047
180351	0.001578736111
180352	0.002918565273
180353	0.002913637196
180354	0.002522310145
180355	0.0004022297216
180356	0.008343218134
180357	0.003971731362
180358	0.0008781689982
180359	0.0005684377864
180360	0.002190061624
180361	0.001744947962
180362	0.0041057955
180363	0.00162067797
180364	0.001238630775
180365	0.0006212133235
180366	0.001017832787
180367	0.00135438016
180368	0.0003526237129
180369	0.0008502693777
180370	0.001699578614
180371	0.004412665064
180372	0.001074007547
180373	0.0002627729755
180374	0.001669917978
180375	0.003285219335
180376	0.000842656504
180377	0.0002446097043
180378	0.001624194826
180379	0.001436990023
180380	0.0009009887291
180381	0.001008012654
180382	0.004587229703
180383	0.00212728066
180384	0.0003190057395
180385	0.002313220811
180386	0.001370945159
180387	0.0007588615043
180388	0.002776610366
180389	0.0001828731351
180390	0.001339592242
180391	0.001457910977
180392	0.0135843346
180393	0.01216164002
180394	0.01312596471
180395	0.01200565512
180396	0.01283820145
180397	0.01359695877
180398	0.01377159996
180399	0.01286964456
180400	0.01232088561
180401	0.01302252739
180402	0.01403889809
180403	0.01348176431
180404	0.0106887209
180405	0.01172290487
180406	0.01413132477
180407	0.01232151735
180408	0.01176475486
180409	0.01268643954
180410	0.01182685125
180411	0.01102786555
180412	0.01377288794
180413	0.01493179008
180414	0.01197983038
180415	0.01372026573
180416	0.01391530372
180417	0.007645237554
180418	0.0125382883
180419	0.01424236337
180420	0.01182996552
180421	0.01188584948
180422	0.01006341826
180423	0.01127124419
180424	0.01239515244
180425	0.01223703756
180426	0.01128021374
180427	0.01440004181
180428	0.01298284666
180429	0.01280158272
180430	0.01142450736
180431	0.007042167408
180432	0.01395502176
180433	0.01462931201
180434	0.01229206519
180435	0.008784525901
180436	0.01266321125
180437	0.002272154834
180438	0.004115106865
180439	0.002592884568
180440	0.002020993145
180441	0.002376400756
180442	0.004675322556
180443	0.006872382155
180444	0.002699162367
180445	0.002340714633
180446	0.003164532258
180447	0.002910555443
180448	0.002946223296
180449	0.003543839126
180450	0.0009714125524
180451	0.00302968769
180452	0.002004077129
180453	0.002211780324
180454	0.002833210843
180455	0.002942101219
180456	0.002844101271
180457	0.004594375566
180458	0.00252785927
180459	0.003521073354
180460	0.003471868604
180461	0.003968247965
180462	0.004015444577
180463	0.002746881424
180464	0.001807530222
180465	0.002628676024
180466	0.002420909224
180467	0.004074891048
180468	0.003516639355
180469	0.003018590109
180470	0.00279484692
180471	0.002554675985
180472	0.003804905689
180473	0.0003157698156
180474	0.002009074897
180475	0.00260343167
180476	0.002998693422
180477	0.002635516601
180478	0.002886283743
180479	0.002079815579
180480	0.002270020813
180481	0.003060700921
180482	0.002012532269
180483	0.001804748285
180484	0.002477007529
180485	0.00248388213
180486	0.005527141523
180487	0.000623845109
180488	0.002474350962
180489	0.001193809802
180490	0.0007940190453
180491	0.005311955119
180492	0.002077128
180493	0.002234092575
180494	0.00193743109
180495	0.005396002523
180496	0.004461628135
180497	0.001679424071
180498	0.001406074943
180499	0.0009281314328
180500	0.001590066804
180501	0.001895168707
180502	0.003728903505
180503	0.005012896922
180504	0.002627922751
180505	0.005468854867
180506	0.004296596039
180507	0.007142565741
180508	0.0001160260962
180509	0.00460901715
180510	0.002582908324
180511	0.004323347321
180512	0.001067511415
180513	0.004198760012
180514	0.001513753268
180515	0.004573721318
180516	0.004667620503
180517	0.004464798012
180518	0.005189663595
180519	0.003421614836
180520	0.00500410486
180521	0.001861263111
180522	0.002025296882
180523	0.002200109389
180524	0.003917663805
180525	0.0046692077
180526	0.004135879956
180527	0.003737833767
180528	0.005408679277
180529	0.004784828177
180530	0.004037456123
180531	0.005699148897
180532	0.003853208655
180533	0.004318136562
180534	0.004929650605
180535	0.004166869151
180536	0.003871105094
180537	0.005751911231
180538	0.004628951256
180539	0.003554263985
180540	0.005477757054
180541	0.004756586888
180542	0.00263325962
180543	0.005081098426
180544	0.005168040509
180545	0.003775904532
180546	0.004383697121
180547	0.004331343786
180548	0.005180170649
180549	0.005635817501
180550	0.005731748205
180551	0.00774474809
180552	0.002574991958
180553	0.001661424393
180554	0.003471415727
180555	0.005199582137
180556	0.004641243922
180557	0.004901931878
180558	0.008570627913
180559	0.004936608094
180560	0.003923783179
180561	0.006019540628
180562	0.006673915762
180563	0.003633131134
180564	0.006816204811
180565	0.01021092964
180566	0.005734937168
180567	0.003129245925
180568	0.00600772932
180569	0.005487531801
180570	0.005240430393
180571	0.001077447952
180572	0.005611096308
180573	0.004401849703
180574	0.005026325392
180575	0.005209220727
180576	0.004691221401
180577	0.01053465108
180578	0.01296032259
180579	0.01124132433
180580	0.01078651525
180581	0.01270576773
180582	0.01135958284
180583	0.0118854687
180584	0.006457359308
180585	0.009459713264
180586	0.01098669447
180587	0.01286744237
180588	0.01183833012
180589	0.01031551085
180590	0.01173526531
180591	0.01397941408
180592	0.01132771454
180593	0.01079226412
180594	0.0110121976
180595	0.003381718919
180596	0.003458019011
180597	0.004476667681
180598	0.004103090545
180599	0.00415826613
180600	0.00359672351
180601	0.003617778707
180602	0.003572811669
180603	0.003483311067
180604	0.003728039069
180605	0.003537334221
180606	0.00418061746
180607	0.003347673673
180608	0.003130091963
180609	0.002555729138
180610	0.003377463174
180611	0.003432427937
180612	0.003059428274
180613	0.001552095911
180614	0.004103925007
180615	0.003285916027
180616	0.003672550352
180617	0.004262138058
180618	0.002926854944
180619	0.004304437127
180620	0.002084375913
180621	0.003167958761
180622	0.00327249
180623	0.00434061818
180624	0.003441603536
180625	0.004105118143
180626	0.003167529387
180627	0.002771213616
180628	0.002956695779
180629	0.00355044981
180630	0.004425599331
180631	0.003604975215
180632	0.003899134375
180633	0.001995628072
180634	6.246406796e-05
180635	0.007349256392
180636	0.004212781847
180637	0.004007658704
180638	0.004961163961
180639	0.003606292764
180640	0.004922033161
180641	0.00552104233
180642	0.00536107584
180643	0.004206178975
180644	0.005270702931
180645	0.004884733306
180646	0.005157505071
180647	0.005553788162
180648	0.004628977054
180649	0.002795282033
180650	0.00431136773
180651	0.004904576454
180652	0.005546881227
180653	0.004354039354
180654	0.004721387437
180655	0.005318245988
180656	0.004616376555
180657	0.007001457946
180658	0.005176388972
180659	0.004116229686
180660	0.003138100632
180661	0.004558806259
180662	0.004833494602
180663	0.003024881041
180664	0.004227354901
180665	0.004329308258
180666	0.003526390447
180667	0.01461277789
180668	0.003852011257
180669	0.003554917766
180670	0.005162479118
180671	0.005383713782
180672	0.004770796194
180673	0.00483519361
180674	0.004543250767
180675	0.006311836783
180676	0.004920816649
180677	0.004659935384
180678	0.004521291965
180679	0.004603503109
180680	0.002725636357
180681	0.004909347519
180682	0.007388465232
180683	0.008491290291
180684	0.002934885885
180685	0.003181615433
180686	0.002920384196
180687	0.006776399503
180688	0.005141807789
180689	0.004785244698
180690	0.006809962209
180691	0.008013336694
180692	0.005654742229
180693	0.003504589156
180694	0.00498766766
180695	0.004515258204
180696	0.00408053547
180697	0.00665721545
180698	0.0009681931455
180699	0.004423565693
180700	0.004749427188
180701	0.004083601982
180702	0.002408536573
180703	0.006864837845
180704	0.005264654125
180705	0.003670586768
180706	0.005146736039
180707	0.005018788294
180708	0.004754016782
180709	0.004138090197
180710	0.005009625613
180711	0.0045686782
180712	0.0007908640818
180713	0.001886738422
180714	0.004317940472
180715	0.003526554104
180716	0.005247144061
180717	0.00378635255
180718	0.002779295761
180719	0.001400902826
180720	0.001785598232
180721	0.002426104496
180722	0.002834462291
180723	0.002075703263
180724	0.002157054785
180725	0.0022433443
180726	0.003865411313
180727	0.001244979086
180728	0.002043731755
180729	0.002414628652
180730	0.00162912598
180731	0.002228357788
180732	0.002227872518
180733	0.003306112024
180734	0.0007818216943
180735	0.0004132194452
180736	0.002591278514
180737	0.002558582597
180738	0.001158023892
180739	0.002594910753
180740	0.002585959752
180741	0.002611606136
180742	0.002431915702
180743	0.002664366971
180744	0.01168551635
180745	0.002453363785
180746	0.001969404982
180747	0.003518726285
180748	0.002116901468
180749	0.001950286772
180750	0.002728590754
180751	0.003965749644
180752	0.002431594174
180753	0.003447528309
180754	0.004336280577
180755	0.003414671193
180756	0.001901162909
180757	0.00357176053
180758	0.003597813718
180759	0.002622042989
180760	0.007740850995
180761	0.002906907199
180762	0.002918823651
180763	0.002436483145
180764	0.005580767909
180765	0.002724638913
180766	0.003485132012
180767	0.002965352132
180768	0.003415920245
180769	0.003615213035
180770	0.003387184697
180771	0.003458600742
180772	0.007619612474
180773	0.008037317832
180774	0.007645760981
180775	0.00855999844
180776	0.006475698787
180777	0.006464044933
180778	0.004615214227
180779	0.00743170944
180780	0.006691956395
180781	0.007840495001
180782	0.005967495104
180783	0.005361845489
180784	0.006524638286
180785	0.006026782515
180786	0.007888415702
180787	0.009400376726
180788	0.006889503234
180789	0.004996232708
180790	0.004360631691
180791	0.006768463411
180792	0.006756548258
180793	0.006401479394
180794	0.007792062807
180795	0.005199036972
180796	0.007429561877
180797	0.00366536357
180798	0.005115403431
180799	0.005943606563
180800	0.006394552639
180801	0.007356419562
180802	0.01112257642
180803	0.008682337357
180804	0.007467933946
180805	0.004503713442
180806	0.006803107485
180807	0.006757960134
180808	0.007517197668
180809	0.007530497621
180810	0.003927582723
180811	9.278269628e-05
180812	0.003012883841
180813	0.006141903077
180814	0.009175910863
180815	0.00518788882
180816	0.006986676643
180817	0.007063922599
180818	0.008525549933
180819	0.007698437241
180820	0.007195579035
180821	0.005612731131
180822	0.007160290122
180823	0.007962486909
180824	0.008009506701
180825	0.004876547595
180826	0.007560772016
180827	0.00724854356
180828	0.006541286879
180829	0.006767494184
180830	0.0006413535955
180831	0.001044726923
180832	0.0003652043554
180833	0.0003350959516
180834	0.002595536348
180835	0.0009910788441
180836	0.003414920585
180837	0.001047957087
180838	0.0003977339089
180839	0.001180263888
180840	0.0004492751426
180841	0.001185973728
180842	0.0009515792682
180843	0.0006226787773
180844	0.0001782241154
180845	6.625317509e-05
180846	3.91745059e-06
180847	0.0007628827416
180848	0.003135021183
180849	0.001200417763
180850	0.0004220897103
180851	0.001197534358
180852	0.001299343321
180853	0.0009708409877
180854	0.0007515289775
180855	0.001814703834
180856	0.001332059417
180857	0.001088885462
180858	0.001409714707
180859	0.0008802508706
180860	0.001493197216
180861	0.0004766841253
180862	0.0007728790874
180863	0.0007595427701
180864	0.001039183692
180865	0.0002901514356
180866	0.0002238348536
180867	0.004398783865
180868	0.0009800247318
180869	0.0003913499891
180870	0.0009093875075
180871	0.000628795744
180872	0.0008342452903
180873	0.001077719075
180874	0.001144712428
180875	0.001145705469
180876	0.0006907037486
180877	0.0005343761821
180878	0.000730621114
180879	0.001657234966
180880	0.0007231293956
180881	0.0005784347951
180882	4.115139781e-05
180883	0.001670104571
180884	0.0006081198892
180885	0.0009305704683
180886	0.001116917234
180887	0.001659527029
180888	0.0006962801917
180889	0.0008988660357
180890	0.001071181966
180891	0.001395685711
180892	0.0003227391975
180893	0.001051839891
180894	0.001397002854
180895	0.001654985554
180896	0.0004359553775
180897	0.000433640269
180898	0.002909102934
180899	0.001675850993
180900	0.004160572055
180901	0.002911626247
180902	0.0003299181159
180903	3.917249092e-05
180904	0.002915396269
180905	0.0006301998792
180906	0.000670945211
180907	0.0001271720253
180908	0.0001481093014
180909	0.0001344407546
180910	0.001180006969
180911	0.0005355475453
180912	0.001581972305
180913	0.001679252048
180914	0.0004050822646
180915	0.001000009538
180916	0.001667540028
180917	0.001109769193
180918	0.0003467722648
180919	0.0002321617378
180920	0.0008414742019
180921	0.001196593617
180922	0.003275688105
180923	0.001885500531
180924	0.0009331036709
180925	0.001156844135
180926	0.002131604349
180927	0.0002677473534
180928	0.0008409837744
180929	0.0003577163043
180930	0.00519305214
180931	0.0001051826054
180932	0.001705399558
180933	0.005502840751
180934	0.003109039267
180935	0.004293476684
180936	0.003463219474
180937	0.004333822837
180938	0.0005985503426
180939	0.004915023878
180940	0.004769437946
180941	0.003774656226
180942	0.002902653008
180943	0.005452337674
180944	0.003163016656
180945	0.001734158841
180946	0.0006123631975
180947	0.00300374725
180948	0.001572985457
180949	0.001170303333
180950	0.006033539052
180951	0.00570233024
180952	0.001698962468
180953	0.003368083413
180954	0.007750144056
180955	0.0001320987681
180956	0.001773001288
180957	0.004355969948
180958	0.008382629053
180959	5.703931166e-06
180960	0.004819445529
180961	0.003438534117
180962	0.003579219399
180963	0.001737441873
180964	0.003982054787
180965	0.00179304354
180966	0.001438103684
180967	0.0009662043962
180968	0.00188752104
180969	0.001279468025
180970	0.0004895337145
180971	0.003630569338
180972	0.004865489543
180973	0.004886018046
180974	0.003344773801
180975	0.003453576341
180976	0.001687979171
180977	0.0002582200964
180978	0.003672518776
180979	0.002909846849
180980	0.003163763381
180981	0.001941307686
180982	0.0008806638166
180983	0.004774765635
180984	0.0008795211577
180985	0.0003589403592
180986	0.001651937391
180987	0.0006437065191
180988	0.0009841152021
180989	0.006977771997
180990	0.002374042367
180991	0.003295908737
180992	0.0007457368529
180993	0.001647627845
180994	0.0008384745933
180995	0.002030157431
180996	0.000351202012
180997	0.0004606404936
180998	0.002400733683
180999	0.00146050135
181000	0.00670344651
181001	0.0002528737142
181002	0.001207453625
181003	0.001165669661
181004	0.001553906069
181005	0.001459221007
181006	0.002392196591
181007	0.002332230435
181008	0.00123160182
181009	0.0008854270719
181010	0.002709902753
181011	0.002654443797
181012	0.002059481878
181013	0.002352288029
181014	0.0005835217518
181015	0.002445810074
181016	0.005948750623
181017	0.004344672367
181018	0.001837121162
181019	0.003220056552
181020	0.0003982437014
181021	0.001824974302
181022	0.000741739613
181023	0.003051812011
181024	0.001066976283
181025	0.003545349371
181026	9.735469143e-05
181027	0.001402016688
181028	0.002340905738
181029	0.001038647191
181030	0.001758462146
181031	0.006839618436
181032	0.001747634531
181033	0.001911921561
181034	0.004240830162
181035	0.001833452687
181036	0.002060040325
181037	0.001290442889
181038	0.001682551083
181039	0.006595338381
181040	0.000505687429
181041	0.0003743336398
181042	0.001510223255
181043	0.002162543641
181044	0.0001657845229
181045	0.0004891237686
181046	0.001293928683
181047	0.001694956154
181048	5.944302121e-05
181049	0.001986250186
181050	0.0009763856743
181051	0.0001514775166
181052	0.001340970124
181053	0.0009645089021
181054	0.002387500821
181055	0.0006381150094
181056	0.001336590129
181057	0.00154524385
181058	0.004220573165
181059	0.002156635541
181060	0.00260088204
181061	0.0008724177704
181062	0.00364117538
181063	0.005090904082
181064	0.0001627372294
181065	0.003228410366
181066	0.00165768475
181067	0.000840093063
181068	0.001407913484
181069	0.002925862321
181070	0.0007563032342
181071	0.001105413211
181072	0.001740283532
181073	0.003881619768
181074	0.0008910842776
181075	0.001875124382
181076	0.001857051352
181077	0.00255853342
181078	0.00119770169
181079	0.002461688993
181080	0.0008562340195
181081	0.0006231814109
181082	0.001691601078
181083	0.002267969508
181084	0.001641877325
181085	0.00288350045
181086	0.001626618399
181087	0.001848239205
181088	0.001741116434
181089	0.0009358475928
181090	0.002128538034
181091	0.001597957443
181092	0.003669768923
181093	0.001674862599
181094	0.004648830371
181095	0.004454369246
181096	0.004434631713
181097	0.005040451984
181098	0.004891711904
181099	0.00492506454
181100	0.003310426379
181101	0.004153818962
181102	0.004346582014
181103	0.004960582208
181104	0.004072412444
181105	0.003955622981
181106	0.003428775747
181107	0.005215650848
181108	0.004750534797
181109	0.004011342381
181110	0.004086174345
181111	0.003766761825
181112	0.004579522897
181113	0.004400910768
181114	0.003252520432
181115	0.004578028287
181116	0.005729147297
181117	0.003167122216
181118	0.004436815984
181119	0.004169446697
181120	0.005606571766
181121	0.006764063049
181122	0.003638040445
181123	0.004198662117
181124	0.009332777903
181125	0.006217824587
181126	0.004638738658
181127	0.00143237433
181128	0.00562387577
181129	0.004005931567
181130	0.002891502438
181131	0.003014392665
181132	0.004218946432
181133	0.003992564128
181134	0.004042187266
181135	0.000355740798
181136	0.005614243779
181137	0.006673660157
181138	0.00172741851
181139	0.003474987259
181140	0.003908058621
181141	0.001532162959
181142	0.003127731782
181143	0.005170364795
181144	0.003252758263
181145	0.003488695462
181146	0.001043144759
181147	0.01346923459
181148	0.004482623951
181149	0.003909168453
181150	0.01254994967
181151	0.003089697483
181152	0.0002417914477
181153	0.002757609331
181154	0.0008994251645
181155	0.008835930604
181156	0.0062534816
181157	0.01290328444
181158	0.01023693671
181159	0.006502979009
181160	0.00179472378
181161	0.0002954182951
181162	0.003414636812
181163	0.01042752346
181164	0.01022136449
181165	0.01003043162
181166	0.0008025420462
181167	0.001563894361
181168	0.006700049029
181169	0.00382635756
181170	0.0003029361083
181171	0.002171355196
181172	0.00555162915
181173	0.0145804953
181174	0.006796180956
181175	0.005493410621
181176	7.885048509e-05
181177	0.01190922164
181178	0.001793006239
181179	0.002217697475
181180	0.007672555101
181181	0.001287057129
181182	0.00196958665
181183	0.005957729619
181184	0.0004517862035
181185	0.001624424274
181186	0.0002791085187
181187	0.006373282645
181188	0.002705450581
181189	0.002216993691
181190	0.006024783439
181191	0.005887467128
181192	0.005774555806
181193	0.005814046238
181194	0.005873052426
181195	0.00647554567
181196	0.005819408639
181197	0.00193300819
181198	0.003921149618
181199	0.006100993036
181200	0.001475995173
181201	0.004337402743
181202	0.00079565384
181203	0.009786133242
181204	0.0042132314
181205	0.007197995732
181206	0.004079263711
181207	0.004942775651
181208	0.004533157464
181209	0.00505077881
181210	0.004391975813
181211	0.008862025821
181212	0.006604500081
181213	0.002331051121
181214	0.004234839033
181215	0.001931941082
181216	0.01008829341
181217	0.009902180906
181218	0.008286785356
181219	0.01032549356
181220	0.007453751967
181221	0.003414004145
181222	0.004697914538
181223	0.009446907108
181224	0.009284293357
181225	0.007275163991
181226	0.006569932423
181227	0.01120935003
181228	0.007682240561
181229	0.008882684657
181230	0.009614640693
181231	0.009736804112
181232	0.009223457208
181233	0.004627556574
181234	0.004091810355
181235	0.004102889826
181236	0.007715387356
181237	0.00450981097
181238	0.003988516998
181239	0.006041152263
181240	0.004194029404
181241	0.006869393081
181242	0.006007685642
181243	0.001818945774
181244	0.005131044077
181245	0.004723386043
181246	0.004637426563
181247	0.007489787375
181248	0.006682923623
181249	0.005135951717
181250	0.008756694943
181251	0.007411735318
181252	0.007895557488
181253	0.00664168245
181254	0.008171908412
181255	0.006969521934
181256	0.003506617098
181257	0.007834794129
181258	0.005977514395
181259	0.0008586520103
181260	0.005124532902
181261	0.004898339515
181262	0.005312030965
181263	0.006727147623
181264	0.006728172581
181265	0.006454052794
181266	0.007034210748
181267	0.006371103248
181268	0.0002322098459
181269	0.009388400109
181270	0.003870904035
181271	0.003355580913
181272	0.0006366063245
181273	0.005819703006
181274	0.007240116819
181275	0.005202841534
181276	0.005881835216
181277	0.004239083815
181278	0.003196503076
181279	0.003521479556
181280	0.0055806426
181281	0.0007961568977
181282	0.0001445406424
181283	0.005491881619
181284	0.001927431075
181285	0.0006656131436
181286	0.004926456428
181287	0.008587395428
181288	0.008622291273
181289	0.008471288444
181290	0.00876338162
181291	0.006835259905
181292	0.00378427075
181293	0.001056649133
181294	0.001008594813
181295	0.00527589366
181296	0.01043305585
181297	0.007345234934
181298	0.007027095732
181299	0.007106794253
181300	0.001360002627
181301	0.003276235664
181302	8.262431729e-05
181303	0.005730097823
181304	0.006439697823
181305	0.002412079347
181306	0.004753513683
181307	0.007736313995
181308	0.008538108752
181309	0.002275037457
181310	0.00428348202
181311	0.005986604776
181312	0.00366390513
181313	0.004942336035
181314	0.0006565492152
181315	0.007933079436
181316	0.003348881489
181317	0.005239990053
181318	0.007463532992
181319	0.005745194395
181320	0.004632961515
181321	0.003580685423
181322	0.003203130159
181323	0.006789297523
181324	0.0045929352
181325	0.004629655461
181326	0.004598048178
181327	0.005202319437
181328	0.006623152439
181329	0.004344526338
181330	0.004708618655
181331	0.005908973413
181332	0.007563238195
181333	0.008659255258
181334	0.01217839395
181335	0.009004916662
181336	0.003857912994
181337	0.005981266638
181338	0.006321890857
181339	0.005958043253
181340	0.005393292607
181341	0.003686239765
181342	0.001940844584
181343	0.01030378827
181344	0.0009906680337
181345	0.009729064532
181346	0.01293223345
181347	0.006755284796
181348	0.01120016902
181349	0.01147475648
181350	0.00998202815
181351	0.01052412374
181352	0.01200758022
181353	0.007883229891
181354	0.003096946382
181355	0.00217611558
181356	0.01373534869
181357	0.01041365978
181358	0.01068524735
181359	0.01343805161
181360	0.01174070369
181361	0.01327045671
181362	0.004396839956
181363	0.01479301143
181364	0.01348165132
181365	0.01389776386
181366	0.01041852766
181367	0.0119250223
181368	0.01275783636
181369	0.01229904336
181370	0.01172001938
181371	0.01315397539
181372	0.01403973071
181373	0.01305848904
181374	0.01208589143
181375	0.00332936352
181376	0.004005370827
181377	0.002827371256
181378	0.003634189877
181379	0.002521489199
181380	0.004335726454
181381	0.006518861514
181382	0.002297126758
181383	0.004095576416
181384	0.007679668794
181385	0.008865804182
181386	0.00575405695
181387	0.0008606758245
181388	0.005138847534
181389	0.002900768485
181390	0.002630116131
181391	0.00315871078
181392	0.003319045515
181393	0.003502789758
181394	0.005813145983
181395	0.001978416827
181396	0.0078265082
181397	0.005610628865
181398	0.002803848032
181399	0.002967124565
181400	0.003346487636
181401	0.008969773036
181402	0.009041956691
181403	0.008235506525
181404	0.005607314292
181405	0.003785462995
181406	0.003110711015
181407	0.003858618467
181408	0.007249890251
181409	0.003916019545
181410	0.005235270754
181411	0.005528251972
181412	0.004228182203
181413	0.01442237634
181414	0.01600609067
181415	0.009789305106
181416	0.008548866645
181417	0.01349644381
181418	0.01183868555
181419	0.01524580754
181420	0.01345391881
181421	0.01278601989
181422	0.01567586565
181423	0.01283005151
181424	0.01589143136
181425	0.005111452974
181426	0.006791147633
181427	0.004606521758
181428	0.003872714707
181429	0.004664556644
181430	0.002102377432
181431	0.00813845958
181432	0.001263054605
181433	0.001167239071
181434	0.004912326173
181435	0.001042919076
181436	0.0006588222658
181437	0.004666336716
181438	0.004267056925
181439	0.004323194102
181440	0.0006287462527
181441	0.00678676463
181442	0.004605262661
181443	0.001056883453
181444	0.00127813844
181445	0.0009593835064
181446	0.001881831226
181447	0.000718591937
181448	0.001186664767
181449	0.001823592285
181450	0.001146099188
181451	0.000731888447
181452	0.001050265099
181453	0.0008144324573
181454	0.001298499914
181455	0.0008433130379
181456	0.008516193596
181457	0.004050404466
181458	0.006309541338
181459	0.009749034466
181460	0.00304144547
181461	0.002569620977
181462	0.004014051562
181463	0.009387172737
181464	0.005846929518
181465	0.005931032269
181466	0.004248488697
181467	0.008430397194
181468	0.007089465401
181469	0.005758739649
181470	0.01009905068
181471	0.008231106563
181472	0.007802502044
181473	0.00750653063
181474	0.003579851514
181475	0.008690020818
181476	0.008306824899
181477	0.002656874288
181478	0.004258548495
181479	0.0007668217295
181480	0.008330953047
181481	0.004054079248
181482	0.003214411407
181483	0.008579977701
181484	0.007454858717
181485	0.002088198333
181486	0.002477792379
181487	0.005199998373
181488	0.01002985314
181489	0.002992186742
181490	0.003020450848
181491	0.0001149330989
181492	0.003340034819
181493	0.001528982524
181494	0.005076958559
181495	0.0006656564886
181496	0.01018486533
181497	0.003984175481
181498	0.004951171707
181499	0.002298022463
181500	0.002187633823
181501	0.003749302517
181502	0.003043908343
181503	0.002550109489
181504	0.002830388558
181505	0.005878376596
181506	0.003315112242
181507	0.001339431159
181508	0.000436691726
181509	0.003283666843
181510	0.002660819608
181511	0.003278663403
181512	0.007344637885
181513	0.0004038502242
181514	0.0009592676603
181515	0.00528866898
181516	0.002730017106
181517	0.006666852264
181518	0.002221672237
181519	0.0008303067067
181520	0.002525712854
181521	0.006276040589
181522	0.005107434518
181523	0.0001185456799
181524	0.002660711683
181525	0.00202807738
181526	0.005697639444
181527	0.0033210881
181528	0.0015232523
181529	0.004447744391
181530	0.003745733112
181531	2.856781663e-05
181532	0.0007297619801
181533	0.001824809256
181534	0.001557581677
181535	0.0001504596811
181536	0.0002450826853
181537	0.0002592381389
181538	0.001548641769
181539	0.0004565074534
181540	0.002211003182
181541	0.002932323065
181542	0.001703012258
181543	0.001328984948
181544	3.333671346e-06
181545	0.0005173686169
181546	0.0002065834429
181547	0.002008875968
181548	0.005678131461
181549	0.00352534785
181550	0.0009671473365
181551	0.01353076002
181552	0.006461010617
181553	0.001979210017
181554	0.00198452894
181555	0.00727739092
181556	0.0004310993241
181557	0.009461673496
181558	0.001088304022
181559	0.003247727033
181560	0.0007104180654
181561	0.004976080034
181562	0.007792896451
181563	0.001152469804
181564	0.0002193394808
181565	0.01267639197
181566	0.010663556
181567	0.0007469158895
181568	0.0005772806344
181569	0.0004158910125
181570	0.005222101056
181571	0.007914145217
181572	0.00045338674
181573	0.00254482334
181574	0.01253746434
181575	0.003390484235
181576	0.004281481452
181577	0.001018614484
181578	0.004716404841
181579	0.005187539022
181580	0.007690416337
181581	0.002033194197
181582	0.0007425464389
181583	0.00348938199
181584	0.003301137128
181585	0.01208321188
181586	0.01053997538
181587	0.0133534489
181588	0.004044706892
181589	0.003697005873
181590	0.007345970897
181591	0.009016734453
181592	0.005882311853
181593	0.000816031059
181594	0.002217274847
181595	8.705256257e-05
181596	0.003157184452
181597	0.003106265878
181598	0.004250645777
181599	0.008136373045
181600	0.003261285348
181601	0.01145108303
181602	0.006232508052
181603	0.00389608703
181604	0.003717664334
181605	0.001759120935
181606	0.00176508476
181607	0.005967135064
181608	0.0006533406166
181609	0.001060259654
181610	0.003898469309
181611	0.0003806093153
181612	0.002075734554
181613	0.01457025257
181614	0.0022503085
181615	0.003367207018
181616	0.009761458013
181617	0.007255789654
181618	0.002582814713
181619	0.003388313639
181620	0.003851381878
181621	0.00552605508
181622	0.007024297038
181623	0.00871158619
181624	0.01175695805
181625	0.00349899731
181626	0.01082219961
181627	0.008882752557
181628	0.001696317745
181629	0.00942329683
181630	0.0116912583
181631	0.008975288777
181632	0.004119536925
181633	0.006093772989
181634	0.006069820729
181635	0.004199855895
181636	0.002937379172
181637	0.005659614261
181638	0.001759978866
181639	0.003232408268
181640	0.007136156348
181641	0.002043847608
181642	0.001308050171
181643	0.006246937271
181644	0.01262170361
181645	0.0009747418068
181646	0.01453583906
181647	0.007188851105
181648	0.01575321806
181649	0.007948559329
181650	0.0141719891
181651	0.0017213399
181652	0.001528733602
181653	0.001181832395
181654	0.003581897908
181655	0.004511717347
181656	0.001386925007
181657	0.005574584947
181658	0.003812169064
181659	0.0005207584673
181660	0.0075895298
181661	0.002763969771
181662	0.002295614217
181663	0.009108201939
181664	0.001929302467
181665	0.005645322784
181666	0.005261579153
181667	0.00283177307
181668	0.007919670605
181669	0.002799191385
181670	0.01030878386
181671	0.006591901289
181672	0.008479134678
181673	0.0004681407726
181674	0.006369667574
181675	0.0065500675
181676	0.003831994938
181677	0.0003647112187
181678	0.009864264992
181679	0.0005309255052
181680	0.001469498213
181681	0.002707439547
181682	0.004166058292
181683	0.007317557697
181684	0.001836770377
181685	0.009172159434
181686	0.004811336233
181687	0.003511495473
181688	0.01678851523
181689	0.001932248077
181690	0.007139222018
181691	0.001213815568
181692	0.01107439387
181693	0.005520692656
181694	0.004009010082
181695	0.001868375211
181696	0.001978331031
181697	0.006981365981
181698	0.006706896167
181699	0.002629921872
181700	0.006875138103
181701	0.01136650207
181702	0.002561569315
181703	0.008944337593
181704	0.002807824649
181705	0.00165699427
181706	0.002989618718
181707	0.004109609419
181708	0.004222149758
181709	0.007811217534
181710	0.002514007334
181711	0.006119959376
181712	0.0005221747778
181713	0.0100226024
181714	0.004041183344
181715	0.0129394825
181716	0.007634871817
181717	0.004288302564
181718	0.002959549848
181719	0.007041368277
181720	0.00848817587
181721	0.001937182935
181722	0.01012691566
181723	0.003301310031
181724	0.006428922651
181725	0.003812758239
181726	0.003507083156
181727	0.005018223086
181728	0.001116343692
181729	0.001029647354
181730	0.001737032837
181731	0.003026365407
181732	0.004186915578
181733	0.0003976270591
181734	0.01048756529
181735	0.0008880447828
181736	0.002513270224
181737	0.01348470066
181738	0.000424453411
181739	0.002089001997
181740	0.001198522621
181741	9.387297324e-05
181742	0.002175328513
181743	0.005553814411
181744	0.004864837521
181745	0.004085690189
181746	0.007143607947
181747	0.0002151798677
181748	0.003664557988
181749	0.01205644251
181750	0.002407254021
181751	0.0002324195478
181752	0.002002843683
181753	0.001895561296
181754	0.001055850923
181755	0.001603877093
181756	0.01668475317
181757	0.0002640122943
181758	0.003912721801
181759	0.00315057518
181760	0.001935029867
181761	0.00514785203
181762	0.005433296309
181763	0.0006045956569
181764	0.006762864641
181765	0.0008739113637
181766	0.001592947928
181767	0.0004910437862
181768	0.0003064753596
181769	0.002934278719
181770	0.001444743996
181771	0.0004051488102
181772	0.001513900361
181773	0.004275055889
181774	0.0003089568038
181775	0.001178643769
181776	0.002059853991
181777	0.004307211513
181778	0.004005597094
181779	0.0110639411
181780	0.003022793337
181781	0.007232782509
181782	0.007372578439
181783	0.009229152393
181784	0.00231851139
181785	0.003619203319
181786	0.01471800313
181787	0.0006256032519
181788	0.002227068204
181789	0.009794703405
181790	0.009858994434
181791	0.000207366121
181792	0.004633819383
181793	0.0008846362718
181794	0.002809572632
181795	0.01130918951
181796	0.01017862418
181797	0.001329412186
181798	0.00702959709
181799	0.0007674982768
181800	0.002206898141
181801	0.0001389047915
181802	0.00832052987
181803	0.0047091568
181804	0.002430317659
181805	0.002396500685
181806	0.005669247512
181807	0.00499489727
181808	0.007644589099
181809	0.009485077723
181810	0.01160619182
181811	0.003282397759
181812	0.001537864046
181813	4.710640331e-05
181814	0.00391525677
181815	0.00269619154
181816	0.005416960765
181817	0.01038486939
181818	0.004733424829
181819	0.006993887634
181820	0.002828036987
181821	0.0001362395842
181822	0.0007519583454
181823	0.001262332315
181824	0.005054806016
181825	0.01088286289
181826	0.00568335155
181827	0.008752033477
181828	0.001887458542
181829	0.0001386275687
181830	0.00953663233
181831	0.009134503176
181832	0.000378819134
181833	0.0009791324118
181834	0.004908162899
181835	0.0001335992573
181836	0.01408442055
181837	0.001458379706
181838	0.008813166663
181839	0.01346756783
181840	0.003141138394
181841	0.001839691184
181842	0.004387379332
181843	0.0007150072385
181844	0.009508991675
181845	0.01101283138
181846	0.006901227356
181847	0.002161070773
181848	0.001080707443
181849	0.01452230737
181850	0.01079438596
181851	0.01036836652
181852	0.01028188953
181853	0.009944185261
181854	0.001758666834
181855	0.01312077142
181856	0.009046535989
181857	0.007945320798
181858	0.003059239676
181859	0.006868574067
181860	0.001999785059
181861	0.005400945904
181862	0.009384086483
181863	0.002177700446
181864	0.00955622773
181865	0.01299815608
181866	0.003199051738
181867	0.002300269204
181868	0.001391981492
181869	0.001545905515
181870	0.01493203509
181871	5.070527874e-08
181872	0.001218865811
181873	0.008267944658
181874	0.002438714416
181875	0.006047627392
181876	0.004597866364
181877	0.005396288373
181878	0.001279869548
181879	0.009131930638
181880	0.004238454328
181881	0.001987791419
181882	0.002211492626
181883	0.005261359224
181884	0.001583030147
181885	0.002666202084
181886	0.007267497508
181887	0.004313591585
181888	0.007297207556
181889	0.004849299259
181890	0.002768888673
181891	0.0004037335442
181892	0.002799950141
181893	0.00545893667
181894	0.004246249667
181895	0.005524819543
181896	0.00108912364
181897	0.003443996488
181898	0.005441738915
181899	0.00504250629
181900	0.009147641952
181901	0.0008278392428
181902	0.001494153985
181903	0.007772889035
181904	0.004000976315
181905	0.0004068397622
181906	0.0007022550011
181907	0.01147684947
181908	0.0007160464299
181909	0.0001391631166
181910	0.0001837733666
181911	0.0007216430522
181912	0.001637925721
181913	0.004356427235
181914	0.001801308302
181915	0.004236224719
181916	0.002885051747
181917	0.0002867366103
181918	0.000521228465
181919	0.001175865671
181920	0.0009403770521
181921	0.001374410542
181922	0.001047785481
181923	0.001424763544
181924	2.233077066e-05
181925	0.0005608967937
181926	0.0002925166411
181927	0.0158052135
181928	7.344024089e-05
181929	0.0004797222242
181930	0.00019275449
181931	4.074798724e-06
181932	0.008428675798
181933	0.003325044496
181934	0.007092105436
181935	0.0006119571418
181936	0.008650427011
181937	0.0003038687912
181938	0.009041591247
181939	0.004878867175
181940	0.01002229386
181941	0.002730688674
181942	0.003324463054
181943	0.007567648429
181944	0.00507817665
181945	0.006542765407
181946	0.003405905735
181947	0.0009727516273
181948	0.007129020182
181949	0.002811548036
181950	0.007960798905
181951	0.003768718923
181952	0.0003022311443
181953	0.000964820972
181954	0.0004138362073
181955	0.002358913691
181956	0.0005209012353
181957	0.004829323772
181958	0.0009400681658
181959	0.005131505756
181960	0.001584300814
181961	0.002082879445
181962	0.001669537337
181963	0.0008792383214
181964	0.006560498665
181965	0.00698095151
181966	0.007059420487
181967	0.007349715892
181968	0.007310957587
181969	0.005382333581
181970	0.003426043647
181971	0.007206860346
181972	0.003507631757
181973	0.0003496794953
181974	0.002573924203
181975	0.002243310154
181976	0.007006426478
181977	0.01230436604
181978	0.009367625377
181979	0.006422149779
181980	0.01574620925
181981	0.006858142694
181982	0.009162979099
181983	0.007450607889
181984	0.009550883934
181985	0.01089613899
181986	0.008102416258
181987	0.01069075648
181988	0.0006554557588
181989	0.006786131244
181990	0.008350307053
181991	0.004312925677
181992	0.009978481541
181993	0.008319241574
181994	0.007075615789
181995	0.008128354159
181996	0.00747281669
181997	0.00680017815
181998	0.00736765286
181999	0.008177477111
182000	0.009708324055
182001	0.009401965513
182002	0.008409756597
182003	0.006501637608
182004	0.006757097713
182005	0.004778933085
182006	0.009293716031
182007	0.004447428641
182008	0.007015387712
182009	0.006932206338
182010	0.005188341071
182011	0.008174581596
182012	0.005859223045
182013	0.007839681604
182014	0.008983055245
182015	0.006902737565
182016	0.006892392299
182017	0.007515545118
182018	0.008399077719
182019	0.003528244723
182020	0.0132643899
182021	0.007739347003
182022	0.005862954679
182023	0.007051112962
182024	0.006755515375
182025	0.007893012582
182026	0.007690310751
182027	0.007645829617
182028	0.007668424843
182029	0.005151899146
182030	0.008104671512
182031	0.008085376143
182032	0.007350811696
182033	0.006423760112
182034	0.0109770365
182035	0.005802995615
182036	0.002558362988
182037	0.001512690873
182038	0.0007381635444
182039	0.001045142297
182040	0.005598480675
182041	1.734899456e-05
182042	0.003398148816
182043	0.002241821683
182044	5.805556478e-05
182045	0.001796109738
182046	0.002591729897
182047	0.0003871649881
182048	0.003685436515
182049	0.0004247779142
182050	0.001799399923
182051	0.003292066191
182052	0.001312840947
182053	0.0009778006137
182054	0.00279567278
182055	0.001528365958
182056	0.0003138184586
182057	0.002241589961
182058	0.007005480832
182059	0.001857867402
182060	0.008482645482
182061	0.00503367483
182062	0.004015192302
182063	0.004189521427
182064	0.003030242422
182065	0.000257700484
182066	0.00698413256
182067	0.004283942019
182068	0.002353422292
182069	0.0006455569365
182070	0.003177489769
182071	0.0007092354215
182072	0.00409545176
182073	0.0002630576792
182074	0.001474395349
182075	0.008178489457
182076	0.0009818150262
182077	0.0008164996012
182078	0.0004074313379
182079	0.004556616392
182080	0.008007646397
182081	0.004389673457
182082	0.006182857401
182083	0.001912989279
182084	0.002719177215
182085	0.003592012352
182086	0.001446655841
182087	0.002434511428
182088	0.001017510179
182089	0.0009973841763
182090	0.002101302871
182091	0.00882155453
182092	0.003547477514
182093	0.001220021392
182094	0.0003589307029
182095	0.00167100417
182096	0.005904631415
182097	0.002453052739
182098	0.001829571005
182099	0.003827520075
182100	0.003580448442
182101	0.001202635664
182102	0.005225677059
182103	0.0001040161048
182104	0.002433173482
182105	0.006030334094
182106	0.001648108075
182107	0.004462079161
182108	0.002074859477
182109	0.009936207282
182110	0.0001731631083
182111	0.003322277445
182112	0.001674934625
182113	0.004599071207
182114	0.0004284932532
182115	0.001285956853
182116	0.008231536804
182117	0.0006485943138
182118	0.0009045761276
182119	0.005842367218
182120	0.002031436863
182121	0.001596201915
182122	0.0001651849243
182123	0.001722582217
182124	0.0003845400723
182125	0.0007274553784
182126	0.007363329263
182127	0.001358938332
182128	0.007232783143
182129	0.0002874255159
182130	0.001124167676
182131	0.0006149162709
182132	0.00158535974
182133	0.0004291223164
182134	0.00374981344
182135	0.006545681206
182136	0.000242309526
182137	0.001333968724
182138	0.0007912167949
182139	0.001428408644
182140	0.002344231423
182141	0.005295822955
182142	0.002157971891
182143	0.001360811158
182144	0.004259506175
182145	0.005204866942
182146	0.006138412267
182147	0.0003851497271
182148	0.0001965933122
182149	0.002325414998
182150	0.001634497094
182151	0.002002216408
182152	0.001952921568
182153	0.0004007039624
182154	0.001399467781
182155	0.0005327237523
182156	0.002057398514
182157	0.005073430583
182158	0.001979590344
182159	0.001859329733
182160	0.000769714052
182161	0.003770365301
182162	0.0009031218767
182163	0.004915977639
182164	0.002161538718
182165	4.090195947e-05
182166	0.01059138617
182167	0.005378579271
182168	0.0004330924088
182169	0.001017967233
182170	0.00141331093
182171	7.547691388e-05
182172	0.0005769639129
182173	0.0004548214255
182174	0.001299824399
182175	0.002970180328
182176	4.50701743e-05
182177	0.002054338141
182178	0.007589946657
182179	0.002342752274
182180	0.004661664251
182181	0.002312478585
182182	9.679941621e-05
182183	0.00260185015
182184	0.002133242208
182185	0.000220733418
182186	0.0007007278493
182187	0.0001742491445
182188	0.002339564592
182189	0.001697471591
182190	0.002804911215
182191	0.007802510543
182192	0.001396433874
182193	0.0008872335791
182194	0.0007228460058
182195	0.00356974884
182196	0.0009849780208
182197	0.001310524246
182198	6.106617222e-05
182199	0.005566865431
182200	0.00379501495
182201	0.007862023271
182202	0.001780357079
182203	0.0008206609365
182204	0.001780679258
182205	0.002908085815
182206	0.002579213965
182207	0.001420979208
182208	0.002507797999
182209	0.001753211431
182210	0.001167744392
182211	0.0004934632371
182212	0.001466418504
182213	0.00691879109
182214	0.001432390662
182215	0.001735310079
182216	0.0118848973
182217	0.01432471326
182218	0.001292741935
182219	0.0002397346074
182220	0.0008462886337
182221	0.002555081247
182222	0.004942708741
182223	0.001165705496
182224	0.0006341942663
182225	0.001162528422
182226	0.003417679824
182227	0.0005523680435
182228	0.006580733892
182229	0.01004876551
182230	0.005987543862
182231	0.001128199175
182232	0.007147040607
182233	0.0008452769263
182234	0.00126032785
182235	0.000213617774
182236	0.003759452092
182237	0.01147898761
182238	0.0009393420654
182239	0.001902231142
182240	0.006226665533
182241	0.0005862935563
182242	0.001742656052
182243	0.0005856575929
182244	0.006692704992
182245	0.000192553042
182246	0.001773437565
182247	0.001099760393
182248	0.0005204315075
182249	0.001390337564
182250	0.002279772985
182251	0.002624119005
182252	0.0004220387394
182253	0.0001157808477
182254	0.004367184256
182255	0.001382350022
182256	0.005596269664
182257	0.000588113548
182258	0.0001684267056
182259	0.003075657228
182260	0.0002525846577
182261	0.0008315330752
182262	0.005958456603
182263	0.001691885309
182264	0.002159898562
182265	0.003524890593
182266	0.00139222487
182267	0.0001674263352
182268	0.0003034422863
182269	0.001825963083
182270	0.00167765748
182271	0.004754095275
182272	0.002513119113
182273	0.003144860577
182274	0.002969189965
182275	0.0003309614544
182276	0.005672313207
182277	0.006672736852
182278	0.0006434365665
182279	0.001680375175
182280	0.001824909387
182281	0.002345419176
182282	0.003630558597
182283	0.001169321543
182284	2.68399019e-05
182285	0.0001616837917
182286	0.0009436057572
182287	0.001001481072
182288	0.0006219575519
182289	0.008373516948
182290	0.0005737411281
182291	0.01135048347
182292	0.001733611488
182293	0.0002379404698
182294	0.0009809461206
182295	0.001640167468
182296	0.01530863908
182297	0.001593807312
182298	0.001333739862
182299	0.001866778994
182300	0.003140844057
182301	0.001450163759
182302	0.003116304326
182303	0.00494044911
182304	0.002503538794
182305	0.002174241346
182306	0.0001862543226
182307	0.002638902461
182308	5.998794073e-05
182309	0.000249974035
182310	0.0008557696239
182311	0.0002454152988
182312	0.002800788264
182313	0.0008841520361
182314	0.001435714975
182315	0.0006935809129
182316	0.003802732411
182317	0.00305133657
182318	0.005674745901
182319	0.0009042355796
182320	0.0006338608784
182321	0.004170149994
182322	0.003825650526
182323	0.00136537914
182324	0.004869151666
182325	0.00218048715
182326	0.001016217477
182327	0.002348345166
182328	0.006445530904
182329	0.005935993666
182330	0.0003126096339
182331	0.002949619656
182332	0.0008524057179
182333	0.001058675322
182334	0.000568843333
182335	0.001917165761
182336	0.004940376959
182337	0.00570297529
182338	0.004911820912
182339	0.000881145619
182340	5.581195903e-05
182341	0.004812442514
182342	0.0004162537637
182343	0.0009459887734
182344	0.006877872875
182345	0.0002724641634
182346	0.0001611868695
182347	0.005375878161
182348	0.001239654073
182349	0.0007326177484
182350	0.008517511698
182351	0.00109881227
182352	0.001020887363
182353	0.0009837021132
182354	0.007593667882
182355	0.0006274852579
182356	0.0004260730096
182357	0.001098973057
182358	0.0001008304987
182359	0.0009740021369
182360	0.0008325180049
182361	0.001425422078
182362	0.0002088854419
182363	0.01116610469
182364	0.0004651281928
182365	0.001100565225
182366	0.001030251047
182367	0.0005579004022
182368	0.001378898334
182369	0.001595807536
182370	3.359784044e-05
182371	0.001611310424
182372	0.004031119372
182373	0.002623829728
182374	0.003910009913
182375	0.001559979561
182376	0.004313723103
182377	3.073437147e-05
182378	0.001267229753
182379	0.0003095056094
182380	0.0005622265588
182381	0.0007250909632
182382	0.0003736054599
182383	0.001624042967
182384	0.00391809809
182385	0.0003053357189
182386	0.00136574284
182387	0.00131768426
182388	0.0002129141178
182389	0.008154400364
182390	0.002660088443
182391	0.00138641181
182392	0.002042813755
182393	0.00206316959
182394	0.00121377925
182395	0.0001046659699
182396	0.003644385944
182397	0.0002705716993
182398	0.00375590125
182399	0.005071148518
182400	0.005490114546
182401	0.001357318714
182402	0.001687728675
182403	0.001153493946
182404	0.0006079527018
182405	0.002160431832
182406	0.0003622416592
182407	0.001728408289
182408	0.001584695163
182409	0.002836952673
182410	0.002802926332
182411	0.001930945309
182412	0.001273635742
182413	0.002627230511
182414	0.001535060921
182415	0.000326673454
182416	0.002150388608
182417	0.001450857713
182418	3.043573095e-05
182419	4.367895122e-05
182420	0.001055192595
182421	0.0008638967667
182422	0.007250290734
182423	0.001884967628
182424	0.0008661086316
182425	0.004196972834
182426	0.001875317948
182427	5.256830279e-05
182428	0.0001631255184
182429	0.001379553009
182430	0.001197668933
182431	0.000825880535
182432	0.0008593455779
182433	0.003392593132
182434	0.002887203223
182435	0.001033522999
182436	0.007392776247
182437	0.00328771329
182438	0.002840424724
182439	0.0005284254739
182440	0.001825905121
182441	0.001770579834
182442	0.01120436223
182443	0.005815047138
182444	0.002326726463
182445	0.000697030469
182446	0.004172322718
182447	0.001556318521
182448	0.003683866001
182449	0.002459878167
182450	0.005365594618
182451	0.002755262155
182452	0.001993880241
182453	0.002574855248
182454	0.0005889708742
182455	0.001049606176
182456	0.001704882776
182457	0.001468481206
182458	0.006052508204
182459	0.003170213585
182460	0.002421486926
182461	0.003235863295
182462	0.007316725353
182463	0.0008677173741
182464	0.002428826103
182465	0.001047209926
182466	0.0007650418888
182467	0.002133320304
182468	0.005679548741
182469	0.003872353583
182470	0.00545772124
182471	0.001749246554
182472	0.002176349491
182473	0.006004779611
182474	0.002891323077
182475	0.009222685625
182476	0.00058526698
182477	0.0008856587619
182478	2.592454711e-05
182479	7.929216938e-05
182480	2.931013912e-05
182481	0.0008345056892
182482	0.005996338468
182483	0.0002808911113
182484	0.001630095983
182485	0.004582124279
182486	0.0005840662628
182487	0.001554254664
182488	0.002097467834
182489	0.0003285358104
182490	0.002814832735
182491	4.416537264e-05
182492	0.008710924072
182493	0.007729295291
182494	0.002894568316
182495	0.001096542352
182496	0.001020131355
182497	0.002031375208
182498	0.003388239319
182499	0.003974757811
182500	0.001400566252
182501	0.0006635515488
182502	0.002771720979
182503	0.002538902558
182504	0.004610970655
182505	0.002877894707
182506	0.00149165097
182507	0.001886374641
182508	0.01005357396
182509	0.001821583784
182510	0.002437143133
182511	1.027559478e-05
182512	0.001678971568
182513	0.003562048468
182514	0.000951093657
182515	0.0009721829091
182516	0.0008100489895
182517	0.001722002129
182518	0.0003711315961
182519	0.001321800963
182520	0.001145209708
182521	0.0003662594908
182522	0.003148696979
182523	0.007277919126
182524	0.002093503729
182525	0.00452946138
182526	0.001470829105
182527	0.01142015744
182528	9.058270358e-05
182529	0.01051512477
182530	0.002702195697
182531	0.008321717517
182532	0.004094139053
182533	0.00826964085
182534	0.001769052254
182535	0.001650946188
182536	0.00680187365
182537	0.0006691988485
182538	0.0008349501386
182539	0.004272451795
182540	0.001512546854
182541	0.005496098312
182542	0.002459155274
182543	0.00141519282
182544	0.002870657577
182545	0.0002626661971
182546	0.003945013093
182547	0.004814299241
182548	0.0008169510393
182549	0.0007621630159
182550	0.003391026031
182551	0.0002214537154
182552	0.002403572392
182553	0.001522300693
182554	0.001068608281
182555	0.001398228419
182556	0.001344827626
182557	0.002505779079
182558	3.7184738e-05
182559	0.001556173677
182560	0.005662785579
182561	0.001135467597
182562	0.005995075726
182563	0.002171324286
182564	0.001571963117
182565	0.001014520181
182566	0.0007878458964
182567	0.007875184054
182568	0.018157928
182569	0.001305997845
182570	0.0053103015
182571	0.0006240075597
182572	0.0005790779248
182573	0.002696148578
182574	0.002162558614
182575	0.002070652169
182576	0.001129442968
182577	0.003435016927
182578	0.001032555009
182579	0.003207609586
182580	0.003174349389
182581	0.002073925058
182582	0.0005492989809
182583	0.005423012117
182584	0.005396210879
182585	0.001523594312
182586	0.001221920939
182587	0.003606508992
182588	0.001378594215
182589	0.00308604585
182590	0.006270075042
182591	0.006533579799
182592	0.001594247426
182593	0.0002979328058
182594	0.001359471279
182595	0.004507402054
182596	0.001669658179
182597	0.001414231608
182598	0.00270176066
182599	0.001136862758
182600	0.00237016633
182601	0.0008210194349
182602	0.0004644202899
182603	0.001285394117
182604	0.004202838031
182605	0.0008025208609
182606	0.007971850122
182607	0.005720711522
182608	0.006180440108
182609	0.00568589192
182610	0.002486956349
182611	0.0002256095166
182612	0.005473038846
182613	0.001532867065
182614	0.004625249564
182615	0.001327661141
182616	1.82172438e-05
182617	0.0008648367958
182618	0.000440288915
182619	0.003848184709
182620	0.004345341333
182621	0.00356132644
182622	2.508267236e-06
182623	0.004054195572
182624	0.0004678818045
182625	0.0009149635856
182626	0.0011218579
182627	0.001297005495
182628	0.008124007699
182629	0.01318821367
182630	0.002084040688
182631	0.001772414554
182632	0.0005509942952
182633	0.001288657489
182634	0.002164513465
182635	0.004832996436
182636	0.001023950858
182637	0.0006869177407
182638	0.002287978115
182639	0.006908933144
182640	0.01017423646
182641	0.005403358527
182642	0.000817982692
182643	0.004256194902
182644	0.0005625922975
182645	0.007742685521
182646	0.0006567761001
182647	0.003641881302
182648	0.0001624251558
182649	0.003807434103
182650	0.003223597589
182651	0.008270324155
182652	0.001126520961
182653	0.0006632944437
182654	0.001141771952
182655	0.002737719993
182656	0.01188879241
182657	0.0003147080505
182658	0.004317416124
182659	0.006956947257
182660	0.007095590585
182661	0.001548168199
182662	0.007801123262
182663	0.001420371109
182664	0.0006878028941
182665	0.00101138227
182666	0.0009017106618
182667	0.0001683996778
182668	0.003901898475
182669	0.005128834755
182670	0.009921601779
182671	0.0002393603485
182672	0.005915792876
182673	0.002125557494
182674	0.005661448047
182675	0.001842836132
182676	0.001397986294
182677	0.0009639726915
182678	0.0002180901804
182679	0.009330720865
182680	0.004035290397
182681	0.001448811842
182682	0.008112228482
182683	0.002603242401
182684	0.005769184013
182685	0.001597794691
182686	0.001165889731
182687	0.0008388953504
182688	0.0006822421795
182689	0.001516771395
182690	0.0001825849727
182691	0.001576251343
182692	0.003691183645
182693	0.002031036017
182694	0.0007123561369
182695	0.007874593667
182696	0.001405099197
182697	0.0002718522855
182698	0.00117438662
182699	0.0007980151737
182700	0.001960469385
182701	0.007362978614
182702	0.003748676464
182703	0.0008821218459
182704	0.004506563983
182705	0.01934904968
182706	0.003856551528
182707	0.0006759822973
182708	2.300313405e-05
182709	0.0004126822199
182710	0.0003242448894
182711	0.001581592809
182712	0.005758831927
182713	0.005194209992
182714	0.001820955443
182715	0.005431516014
182716	0.003626242397
182717	0.004141362799
182718	0.0003207612562
182719	0.01266111961
182720	0.001663399943
182721	0.0004340327416
182722	0.00527786296
182723	0.00330337397
182724	0.002272012243
182725	0.0005020203614
182726	0.0002741853566
182727	0.005784087922
182728	0.0003491777909
182729	0.00958904662
182730	0.0009822201205
182731	0.007572588406
182732	0.006313848838
182733	0.003393819663
182734	0.003589526162
182735	0.00149288827
182736	0.0005317898576
182737	0.003117240147
182738	0.001049096036
182739	0.003562866506
182740	0.0001565571876
182741	0.001431083771
182742	0.0008355284898
182743	0.01242347008
182744	0.005786007376
182745	0.0009764954861
182746	0.001371554956
182747	0.00136992866
182748	0.005174199183
182749	0.002536125903
182750	0.0001469150735
182751	0.006932239848
182752	0.001772983201
182753	0.003862043458
182754	0.001236103449
182755	0.0006708153635
182756	0.001523670552
182757	0.0006963211617
182758	0.0008947791248
182759	0.001317195564
182760	0.001785217785
182761	0.001132845958
182762	0.001027690255
182763	0.000382948742
182764	0.00481010603
182765	0.001994446982
182766	0.000367906721
182767	0.004928961097
182768	0.002242488848
182769	3.314174617e-05
182770	0.001879261169
182771	0.00299750845
182772	0.0009310498952
182773	0.001598029593
182774	0.002112175832
182775	0.006142609585
182776	0.000659133604
182777	0.008856747272
182778	0.005571048793
182779	0.0001975457557
182780	0.0005445143179
182781	0.004070382306
182782	0.003473013007
182783	0.001339932427
182784	0.000651144354
182785	0.006840378727
182786	0.004879198436
182787	0.001094726427
182788	0.003011088422
182789	0.003371195729
182790	0.009883027922
182791	0.0001822731929
182792	0.001883612652
182793	0.001033092403
182794	0.01231475278
182795	0.0006465784806
182796	0.0003506851605
182797	0.004314803752
182798	0.003168843039
182799	0.001248055941
182800	0.001063456979
182801	0.002346672147
182802	0.009989642012
182803	0.003463268233
182804	0.003945433986
182805	0.002262162314
182806	0.003980893551
182807	0.000217369349
182808	0.001183498985
182809	0.0006545084467
182810	0.001837934405
182811	0.002554094299
182812	0.002873761402
182813	0.001302085829
182814	0.002138445354
182815	0.0009953055161
182816	0.001822644457
182817	0.003117153624
182818	0.0008091922675
182819	0.001371712575
182820	0.0006535167073
182821	0.006897529578
182822	0.001526998484
182823	0.0009361322478
182824	0.001821915014
182825	0.002348198267
182826	0.01017119003
182827	0.002246964794
182828	0.001541377749
182829	0.001807364609
182830	0.0008286624122
182831	0.0007914973307
182832	0.003074355968
182833	0.0005045252119
182834	0.002191826647
182835	0.0002173091069
182836	0.002098068087
182837	0.003110417071
182838	0.00665069741
182839	0.001850336299
182840	0.001459826373
182841	0.006993712091
182842	0.002046914771
182843	0.002528735547
182844	0.009066195548
182845	0.0001322820742
182846	0.0006545747185
182847	0.00299890759
182848	0.00210234616
182849	0.001731626086
182850	0.001240882252
182851	0.0004213785856
182852	0.003288890141
182853	0.002541426232
182854	0.002085279503
182855	0.001336789883
182856	0.01378719782
182857	0.005516889246
182858	0.001812449576
182859	0.004445031397
182860	0.002644329097
182861	0.008520624396
182862	0.001026713018
182863	0.001303105783
182864	0.001468148024
182865	0.004016654362
182866	0.01190442629
182867	0.001796303801
182868	2.315615272e-05
182869	0.0004745309086
182870	0.0007994852882
182871	0.002569724185
182872	0.001191055741
182873	0.0001651751926
182874	0.0004265559922
182875	0.002163760079
182876	0.007117522849
182877	0.003901847079
182878	0.0008486345959
182879	0.001578691523
182880	0.002338124257
182881	0.005908720718
182882	0.00704601821
182883	0.002787625795
182884	0.001863445876
182885	0.0007439314669
182886	0.0009656118454
182887	0.00329413379
182888	0.001028560555
182889	0.0005172526254
182890	0.0001302110367
182891	0.002123971913
182892	0.0004230394059
182893	0.002034440054
182894	0.0005050913696
182895	0.003466228108
182896	0.002417911409
182897	0.007510360975
182898	0.0003727789921
182899	0.002906945449
182900	0.0009293060924
182901	0.000873584225
182902	0.001057975933
182903	0.002931561199
182904	0.009257013479
182905	0.002391351701
182906	0.003179989525
182907	0.0006232168066
182908	0.0003476180635
182909	7.282327689e-05
182910	0.001169979644
182911	0.001073063801
182912	0.001649451602
182913	0.00309676109
182914	0.002171272494
182915	0.009574321461
182916	0.001730173983
182917	0.001645645753
182918	0.004565132401
182919	0.0006479825211
182920	0.001485523322
182921	0.001140406921
182922	0.0009190820481
182923	0.00425059124
182924	0.0008191288258
182925	0.0006371741528
182926	0.0006219998212
182927	0.000946397699
182928	0.003022655357
182929	0.003492831754
182930	0.001073535032
182931	0.001005762491
182932	0.001044937047
182933	0.001138719795
182934	0.000806640332
182935	0.003293193152
182936	0.0001018043265
182937	0.0008440969806
182938	0.0008305406195
182939	0.001762500672
182940	0.0008309062971
182941	0.003145826725
182942	0.007123647617
182943	0.003834806761
182944	0.000620842077
182945	0.001781450453
182946	0.003854974556
182947	0.003936818196
182948	0.0002001023056
182949	0.005973116694
182950	0.006650676055
182951	0.004070850978
182952	3.327089309e-05
182953	0.003396518846
182954	0.004880965898
182955	0.003065968339
182956	0.003486124426
182957	0.001581629942
182958	0.007543495607
182959	0.009355552547
182960	0.005665557129
182961	0.0007238795812
182962	0.002344254944
182963	0.003044647015
182964	0.004755652941
182965	0.001375806024
182966	0.007559007654
182967	0.001075308075
182968	0.001999321694
182969	6.760146975e-06
182970	0.008939405009
182971	0.0005094547674
182972	0.001155655696
182973	0.002679940708
182974	0.002749421155
182975	0.004590905969
182976	0.006080487355
182977	0.003873200792
182978	0.0001224246102
182979	0.006258914303
182980	0.0008819583994
182981	0.001596514559
182982	0.004913288806
182983	0.007887496509
182984	0.007146297084
182985	0.010385856
182986	0.00136016627
182987	0.01036554716
182988	0.005776841811
182989	0.001674727124
182990	0.003830371991
182991	0.002024377965
182992	0.002645756764
182993	0.003543138903
182994	0.0004960899541
182995	0.0006243856315
182996	0.0002066902271
182997	0.002614731237
182998	0.00015578399
182999	0.001673276812
183000	0.002605126268
183001	0.001127133015
183002	0.0007099023424
183003	0.003770279233
183004	0.0009150019171
183005	0.01167232931
183006	0.001456760894
183007	0.0004227826552
183008	0.001227918761
183009	0.0007617912721
183010	0.001173718239
183011	0.01186252051
183012	0.003611349431
183013	0.0006416839723
183014	0.003519923225
183015	0.002217399484
183016	9.475859418e-05
183017	0.0008789568606
183018	0.001689772615
183019	0.002137653911
183020	0.003701583332
183021	0.0006657208779
183022	0.0018020811
183023	0.00209806065
183024	0.0008879552541
183025	0.001791102099
183026	0.001484853502
183027	0.0003825836518
183028	0.002397629623
183029	0.001113767643
183030	0.002483414276
183031	0.0002758312335
183032	0.001115645726
183033	0.001708725381
183034	0.007851861859
183035	0.002880803821
183036	0.004105486902
183037	0.001064492178
183038	0.0002862477604
183039	0.003165574676
183040	0.004852793381
183041	0.0008618692636
183042	0.009646177548
183043	0.001690386862
183044	0.0007722386133
183045	0.0007847951054
183046	0.002373384906
183047	5.690959669e-05
183048	0.002195032001
183049	0.001224739224
183050	0.001591311597
183051	0.0002658755183
183052	0.003457366071
183053	0.002200602361
183054	0.008021256852
183055	0.009324485199
183056	0.002057173088
183057	0.001926057376
183058	0.001493058439
183059	0.0002360549577
183060	0.001040440924
183061	0.0008358573895
183062	0.001216547247
183063	0.001511461306
183064	0.004670265308
183065	0.000621137291
183066	0.002361802066
183067	0.0005354692735
183068	0.001038165246
183069	0.001823479283
183070	0.001206914751
183071	0.001589587282
183072	0.001296855257
183073	0.001949746084
183074	0.0001589709091
183075	0.0002056480477
183076	0.001419658024
183077	0.001686041977
183078	0.004671603459
183079	0.005844805451
183080	0.0004299871205
183081	0.004707801951
183082	0.002542387401
183083	0.002100268598
183084	0.0008776955329
183085	0.0002252301943
183086	0.004921699938
183087	0.002427577224
183088	0.003493209466
183089	0.003332659449
183090	0.0005738457966
183091	0.0003201177702
183092	0.0005830124388
183093	0.001314842115
183094	0.003322134751
183095	0.004038046708
183096	0.0003315224754
183097	0.00325162944
183098	0.002443119728
183099	0.00217251047
183100	0.002416635808
183101	0.002603457315
183102	0.003812027011
183103	0.002391937993
183104	0.004810224893
183105	0.001452331607
183106	0.003591149486
183107	0.001178040657
183108	0.002377546686
183109	0.002492793076
183110	0.002203763021
183111	0.003263524
183112	3.247386288e-05
183113	0.003545977351
183114	0.00176633931
183115	0.0004014246208
183116	0.001347498271
183117	0.0009171781748
183118	0.002246429874
183119	0.0003036333909
183120	0.0004098087436
183121	0.003298121269
183122	0.0001461273107
183123	0.002313494258
183124	0.002390468185
183125	0.005031414199
183126	0.008010023276
183127	0.004616888154
183128	0.003131143014
183129	0.001303624553
183130	0.001746336302
183131	0.01027429492
183132	0.002468557556
183133	0.003797753968
183134	0.001496140266
183135	0.01660079622
183136	0.001256731317
183137	0.01191788655
183138	0.01036232712
183139	0.006310335989
183140	0.001038931384
183141	0.001034531779
183142	0.002541735363
183143	0.0007393913045
183144	0.005131593548
183145	0.007292489821
183146	0.002029037075
183147	0.007965530764
183148	0.004723668603
183149	0.0009350856691
183150	0.007755655084
183151	0.002271928877
183152	0.0006561125302
183153	0.001842120058
183154	0.001744048954
183155	0.00216616385
183156	0.009105226101
183157	0.01039387288
183158	0.0006491815105
183159	0.005000076603
183160	0.00242378979
183161	0.009093305044
183162	0.003512906676
183163	0.004971319133
183164	0.001309820387
183165	0.006448557935
183166	0.006724475139
183167	0.00975214043
183168	0.004580018139
183169	0.00652016892
183170	0.01102001247
183171	0.009151357315
183172	0.001763847287
183173	0.002318877706
183174	0.01243658997
183175	3.209358523e-05
183176	0.001253146692
183177	0.008617741828
183178	0.007952168792
183179	0.0003202423833
183180	0.00563003316
183181	0.002501431705
183182	0.002538014258
183183	0.009221624109
183184	0.001281759224
183185	0.001335984886
183186	0.004818671676
183187	0.0006665767086
183188	0.00236075636
183189	0.0008317732332
183190	0.004740697674
183191	0.0003926873155
183192	0.005042738614
183193	0.005790485429
183194	0.0005783325346
183195	0.0005435566856
183196	0.007762690281
183197	0.005701179515
183198	0.0007140123403
183199	0.005218523328
183200	0.007394175724
183201	0.004598590982
183202	0.0003457792832
183203	0.001553139949
183204	0.006199521456
183205	0.006365030402
183206	0.01709821384
183207	0.002518280672
183208	0.000998766886
183209	0.0003193497597
183210	0.01174904593
183211	0.005472564888
183212	0.003517164173
183213	0.008243897965
183214	0.001171157911
183215	0.002150811363
183216	0.001922908837
183217	0.004802226314
183218	0.003916819561
183219	0.005048094395
183220	0.00343687216
183221	0.004499958927
183222	0.001141933937
183223	0.002019575705
183224	0.002274960333
183225	0.004514674154
183226	0.0005611216088
183227	0.001146523763
183228	0.0006433700876
183229	0.003969135029
183230	0.006557149075
183231	0.001273101578
183232	0.00529863475
183233	0.01603107715
183234	0.01110154952
183235	0.01753437967
183236	0.01031521217
183237	0.007467333127
183238	0.004904423558
183239	0.0005991864633
183240	0.003176591499
183241	0.003413191303
183242	0.004175314676
183243	0.003420262878
183244	0.002590470349
183245	0.002198366088
183246	0.004119887301
183247	0.000696335075
183248	0.01069821779
183249	0.001763962434
183250	0.003614246277
183251	0.001147607616
183252	0.005336639418
183253	0.01225464685
183254	0.002816291084
183255	0.005347113406
183256	0.003429744003
183257	0.01415979846
183258	0.002816532658
183259	0.002599304035
183260	0.0007235024331
183261	0.0138002617
183262	0.003432900571
183263	0.003899615456
183264	0.0005848055824
183265	0.004138580694
183266	0.001217138362
183267	0.007412257786
183268	0.00417397421
183269	0.006654807941
183270	0.003088949971
183271	0.001807042474
183272	0.002131684691
183273	0.009774501846
183274	0.003081952641
183275	0.005434687802
183276	0.01045935896
183277	0.004695264093
183278	0.005550751909
183279	0.003594160074
183280	0.01112999102
183281	0.004492870827
183282	0.0001313434648
183283	0.01030436152
183284	0.004299368363
183285	0.002765018628
183286	0.004187353219
183287	0.00970765571
183288	0.005736573682
183289	0.01101081533
183290	0.008510549653
183291	0.0111547627
183292	0.01069279881
183293	0.006850966214
183294	0.002063122385
183295	0.0005273276475
183296	0.00639201281
183297	0.001936421815
183298	0.004788530205
183299	0.006785551963
183300	9.774721674e-05
183301	0.01219807996
183302	0.0003745171718
183303	0.005967825644
183304	0.003138018925
183305	0.001447507828
183306	0.01262574335
183307	0.01649858067
183308	0.005006910273
183309	0.002624314186
183310	0.01871537857
183311	0.01013028924
183312	0.004830473366
183313	0.002717039857
183314	0.01142732369
183315	0.0001122611657
183316	0.001550542881
183317	0.002514839371
183318	0.001694178473
183319	0.00487031766
183320	0.001480756227
183321	0.007473701885
183322	0.002930663481
183323	0.005725627373
183324	0.002955424439
183325	0.00466850857
183326	0.001773408857
183327	0.002510131894
183328	0.003772118202
183329	0.00560119984
183330	0.003351617582
183331	0.002990356372
183332	0.005683162062
183333	0.001158303695
183334	0.01433216841
183335	0.006698548059
183336	0.01284519764
183337	0.002445170165
183338	0.0005452378501
183339	0.000815473738
183340	0.0006862457903
183341	0.01660856242
183342	0.002481489844
183343	0.01953141882
183344	0.004084247984
183345	0.002644152073
183346	0.0007309054011
183347	0.002023132678
183348	0.003150646895
183349	0.008279688599
183350	0.002766049629
183351	0.005842276466
183352	0.002732144913
183353	0.009198744199
183354	0.004652209321
183355	0.007696756439
183356	0.009100955744
183357	0.004637277072
183358	0.001754563751
183359	0.007465407042
183360	0.0008082390446
183361	0.007355970312
183362	0.003422997232
183363	0.0003826615168
183364	0.003327026458
183365	0.01273099904
183366	0.0003834323423
183367	0.00127129297
183368	0.003641684269
183369	0.00149425661
183370	0.01142386096
183371	0.001378205402
183372	0.003926384542
183373	0.002562297739
183374	0.001651122023
183375	0.001556663655
183376	0.005590245352
183377	0.000261720984
183378	0.003512709094
183379	0.006389345843
183380	0.002462551038
183381	0.001396924356
183382	0.00754000101
183383	0.0008134755991
183384	0.005284327034
183385	0.009045277743
183386	0.003231831497
183387	0.01065009085
183388	0.002205298451
183389	0.0005887116393
183390	0.003661223244
183391	0.005706057153
183392	0.002117674899
183393	0.0003831788856
183394	0.008072304645
183395	0.008543710799
183396	0.005924927881
183397	0.007103832459
183398	0.005370534152
183399	0.009318024435
183400	0.01120705718
183401	0.00785843032
183402	0.01768939276
183403	0.0007328821388
183404	0.004233724871
183405	0.001805450968
183406	0.006003063614
183407	0.0007608577234
183408	0.0006754573374
183409	0.008063692463
183410	0.002142202263
183411	0.01074056947
183412	0.0002193615237
183413	0.003969794893
183414	0.009049272353
183415	0.00628632575
183416	0.002705433958
183417	0.02054445434
183418	0.002144586991
183419	0.005039845652
183420	0.001233217088
183421	0.006533282612
183422	0.002682738507
183423	0.0113832631
183424	0.000796335277
183425	0.008894460269
183426	0.004434539737
183427	0.004839020219
183428	0.003945394402
183429	0.0003706944075
183430	0.002017603409
183431	0.002902373323
183432	0.004037681437
183433	0.005699696551
183434	0.006961921122
183435	0.001008589621
183436	0.01568650043
183437	0.004964604769
183438	0.001275930999
183439	0.00659024554
183440	0.003379170347
183441	0.001128958618
183442	0.01301807489
183443	0.00431656727
183444	0.002574368127
183445	0.003004208858
183446	0.002258995586
183447	0.002304140873
183448	0.0128181673
183449	0.008632846242
183450	0.002142150984
183451	0.002195081144
183452	0.003870241386
183453	0.001071278899
183454	0.0007285454145
183455	0.006124589653
183456	0.003819341867
183457	0.005760945711
183458	0.0086244258
183459	0.0003677619677
183460	0.00333464597
183461	0.008022231241
183462	0.005318099406
183463	0.005191644179
183464	0.001820618932
183465	0.01694210489
183466	0.005929369088
183467	0.003063503749
183468	0.01000762899
183469	0.004710380402
183470	0.002070167029
183471	0.007015379162
183472	0.0003118409175
183473	0.001360996073
183474	0.01589378733
183475	0.004533110321
183476	0.001338296955
183477	0.003759594136
183478	0.00735094207
183479	0.01582558078
183480	0.01173503325
183481	0.001405757659
183482	0.001299788649
183483	0.01148718065
183484	0.005690168881
183485	0.00611841585
183486	0.0002457277329
183487	0.002248885701
183488	0.00262214159
183489	0.002422462279
183490	0.01246890194
183491	0.002378423661
183492	0.005976106854
183493	0.002829567075
183494	0.002559407506
183495	0.001086009403
183496	0.008873468157
183497	0.01277002212
183498	1.702852278e-06
183499	1.119543505e-06
183500	0.006471932052
183501	0.003380726758
183502	0.008142623424
183503	0.008254462158
183504	2.271834168e-07
183505	0.0001245834623
183506	0.002069698691
183507	0.004633470108
183508	0.008230293468
183509	0.008985983628
183510	0.003820382229
183511	0.001454425685
183512	0.0005145224746
183513	0.001178718554
183514	0.0006827982829
183515	0.003697644328
183516	0.002644387997
183517	0.002677625751
183518	0.009103338966
183519	0.004930211266
183520	8.817382452e-05
183521	0.0002770697066
183522	0.004986578212
183523	9.005468776e-08
183524	0.0009584952452
183525	0.001954070976
183526	0.001353783961
183527	0.006922441777
183528	0.004222253047
183529	0.01153601848
183530	0.0014807683
183531	0.002677420244
183532	0.005253672979
183533	0.003790361593
183534	0.004631469355
183535	2.266817146e-05
183536	0.0008111898776
183537	0.005098264165
183538	0.003292126626
183539	0.0001365179148
183540	0.005475046076
183541	0.003553622146
183542	0.0007061230944
183543	0.001862460073
183544	0.004536090566
183545	0.009384826986
183546	0.002408226776
183547	0.002124985556
183548	0.002118126709
183549	0.003045622552
183550	0.01066402815
183551	0.01032329979
183552	0.003462322539
183553	0.007805113706
183554	0.007330747951
183555	0.001954312995
183556	0.002658425413
183557	0.004301834554
183558	8.186789796e-08
183559	0.0002726929896
183560	0.000139703953
183561	0.00132330455
183562	0.005522457576
183563	0.002505639846
183564	0.005205108474
183565	0.008671386431
183566	0.004034421838
183567	0.01191660252
183568	0.00865892913
183569	0.0115042765
183570	0.00651612813
183571	0.0005741763081
183572	0.006980829629
183573	0.009096453976
183574	0.006997154046
183575	0.003180616062
183576	0.004353748577
183577	0.002077010302
183578	0.0003787828824
183579	0.01646596102
183580	0.01502765889
183581	0.005841181083
183582	0.006608351212
183583	0.001977725536
183584	0.009118300739
183585	0.01004846782
183586	0.001455972479
183587	0.00276550505
183588	0.006494001132
183589	0.008663875713
183590	0.006218885949
183591	0.0005477713035
183592	0.0005430542725
183593	0.003791932238
183594	0.004612671335
183595	0.004000157403
183596	0.002050860122
183597	0.007891332755
183598	0.003961378846
183599	0.005476212597
183600	0.000732777807
183601	0.004702503401
183602	0.002101953518
183603	0.003102805114
183604	0.002116643559
183605	0.0005595675662
183606	0.004098837823
183607	0.008632547023
183608	0.0019086822
183609	0.001467740307
183610	0.006475801737
183611	0.007810378342
183612	0.001028420195
183613	0.008127184172
183614	0.004494979156
183615	0.001750366214
183616	0.003884771242
183617	0.001115916679
183618	0.005897589698
183619	0.001918416067
183620	0.00429134669
183621	0.0004545135509
183622	0.003778906881
183623	0.003179884253
183624	0.006110689001
183625	0.006005343254
183626	0.0005933524942
183627	0.001474918891
183628	0.005791087751
183629	0.007797933162
183630	0.007764461683
183631	0.004885002468
183632	0.01547635889
183633	0.006819912848
183634	0.003698638182
183635	2.538584089e-05
183636	0.001399694788
183637	0.0006261617909
183638	0.0007932933903
183639	0.003807587207
183640	0.007058140817
183641	0.001965821101
183642	0.01529273064
183643	0.001917117696
183644	0.0008707888825
183645	0.0002171403263
183646	0.007286632734
183647	0.002361373942
183648	0.003134476387
183649	0.006921601951
183650	0.001273284804
183651	0.001824630105
183652	0.003193689207
183653	0.008621079118
183654	0.007764265374
183655	0.0004628067227
183656	0.004868343361
183657	0.01120983344
183658	0.000924513099
183659	0.002023431398
183660	0.006440178747
183661	0.001651213519
183662	0.001833025435
183663	0.0008767537946
183664	0.003368787285
183665	0.0007627592646
183666	0.001595978722
183667	0.001419101266
183668	0.008460366648
183669	0.009256017101
183670	0.001183370859
183671	0.0004309682644
183672	0.0006666149818
183673	0.00562070054
183674	0.0124785832
183675	0.004632438471
183676	0.00462327232
183677	0.003139904858
183678	0.005368233051
183679	0.004824151264
183680	0.007252134855
183681	0.01097348931
183682	0.005709791959
183683	0.01224775828
183684	0.01358376729
183685	0.002121883606
183686	0.001807214126
183687	0.005957981504
183688	0.003181032761
183689	6.728198856e-05
183690	0.005888301114
183691	0.002229090433
183692	0.003156113721
183693	0.0006930607659
183694	0.004996004547
183695	0.01021387734
183696	0.007587490366
183697	0.01381273858
183698	0.001548189381
183699	0.001903266117
183700	0.001244160063
183701	0.0008579438756
183702	0.004741933866
183703	0.001511471262
183704	0.005436171225
183705	0.002637642664
183706	0.008777074739
183707	0.004537014139
183708	0.006047423872
183709	0.011095741
183710	0.000904952938
183711	0.0008956226112
183712	0.0008527467233
183713	0.002058371789
183714	0.01547585326
183715	0.002535049542
183716	0.003925306347
183717	0.0007042475118
183718	0.005741847902
183719	0.005274813038
183720	0.0008335852299
183721	0.006984527301
183722	0.004893943948
183723	0.008019017935
183724	0.00192894905
183725	0.00938454861
183726	0.0005404881995
183727	0.001067739424
183728	0.001387080283
183729	0.001537433264
183730	0.001115561676
183731	0.001450919354
183732	0.00515780872
183733	0.007447383341
183734	0.008468399423
183735	0.00182491738
183736	0.007342667809
183737	0.002450714112
183738	0.001686669527
183739	0.0004845708887
183740	0.004914937164
183741	0.002093212388
183742	0.01241749318
183743	0.002020894702
183744	0.004549596859
183745	0.009348466857
183746	0
183747	0.001822370177
183748	0.004812101125
183749	0.0064541487
183750	0.00211784581
183751	0.006124350164
183752	0.003833968625
183753	0.002608883639
183754	0.005214781683
183755	0.001851469126
183756	0.005618782662
183757	0.004767093298
183758	0.003460310737
183759	0.004078551444
183760	0.0007477016227
183761	0.006017523134
183762	0.003315323378
183763	0.004311360154
183764	0.002686631282
183765	0.001597846652
183766	0.01103282432
183767	0.001081093905
183768	0.004074833147
183769	0.0004395187578
183770	0.005274295264
183771	0.00026862331
183772	0.000215913558
183773	0.01094201081
183774	0.0006939609107
183775	0.002893359825
183776	0.003175409856
183777	0.0005054284853
183778	0.002266004781
183779	0.0004591108599
183780	0.001887456498
183781	0.00224644106
183782	0.002243546259
183783	0.002503810442
183784	0.004155371311
183785	0.002622978338
183786	0.002526979692
183787	0.001921922655
183788	0.0002790517042
183789	0.00488067896
183790	0.002481609903
183791	0.004664628837
183792	0.004226180134
183793	0.0009529990051
183794	0.001975746714
183795	0.005472207916
183796	0.0008345562785
183797	0.001419073485
183798	0.00373821187
183799	0.002600269003
183800	0.0003991976383
183801	0.006175329094
183802	0.01055746677
183803	0.003483032083
183804	0.0080666262
183805	0.004636105944
183806	0.008088685843
183807	0.003119357526
183808	0.001525006221
183809	0.001979097182
183810	0.002178106914
183811	0.004839648928
183812	0.0103218046
183813	0.00183565327
183814	0.007173344522
183815	0.002574264248
183816	0.00167554928
183817	0.009374507474
183818	0.00158859081
183819	0.01418783558
183820	0.004962743013
183821	0.001268475536
183822	0.002556674988
183823	0.00152995275
183824	0.0007903474546
183825	0.001824053687
183826	0.0001450653262
183827	0.001377394944
183828	0.002844288163
183829	0.002009715247
183830	0.002638834816
183831	0.002490779646
183832	0.003611723594
183833	0.004270591888
183834	0.001685575545
183835	0.0006409675017
183836	0.002192699606
183837	8.959107445e-05
183838	0.004843735641
183839	0.0007396818376
183840	0.001226402955
183841	0.005762959555
183842	0.01086220641
183843	0.005188289658
183844	0.002807684387
183845	0.0009525553517
183846	0.001537380579
183847	0.001251567149
183848	0.005051380468
183849	0.003914542935
183850	0.002827037241
183851	0.002212691258
183852	0.001177888991
183853	0.001766453071
183854	4.712680155e-05
183855	0.005799342762
183856	0.001596530047
183857	0.00295863862
183858	0.004884325578
183859	0.003002178999
183860	0.009898342198
183861	0.0008216664493
183862	0.01088296628
183863	0.00468300004
183864	0.001303222371
183865	0.003910425874
183866	0.0005425074115
183867	0.003955871295
183868	0.002338849283
183869	0.00728024621
183870	0.0009114359245
183871	0.005361427337
183872	0.01580130067
183873	0.005817403473
183874	0.01836618796
183875	0.006760226889
183876	0.007711916119
183877	0.002413235149
183878	0.004845921049
183879	0.004587648635
183880	0.001271175155
183881	0.001772731938
183882	0.000756707665
183883	0.008544390267
183884	0.0144004826
183885	0.006770921878
183886	0.000488698398
183887	0.003335162857
183888	0.0008411206949
183889	0.008140258331
183890	0.006029639375
183891	0.009485533714
183892	0.01670906633
183893	0.003497669608
183894	0.0008162305607
183895	0.001330256572
183896	0.002783074908
183897	0.00126420357
183898	0.008447821821
183899	0.008470083503
183900	0.003744821148
183901	0.01829866342
183902	0.01060693366
183903	0.01334926426
183904	0.0074145944
183905	0.006910024761
183906	0.002335327137
183907	0.0004511307312
183908	0.00840977979
183909	0.01259828952
183910	0.0002860809906
183911	0.00324319249
183912	0.004278938312
183913	0.01550026101
183914	0.004603112592
183915	0.001220327253
183916	0.001289131998
183917	0.006558251531
183918	0.002486201001
183919	0.001787447152
183920	0.007975974297
183921	0.006349266042
183922	0.005088826752
183923	0.002035320171
183924	0.008026871298
183925	0.00248148721
183926	0.006712528307
183927	0.009991549403
183928	0.005189691256
183929	0.005126568006
183930	0.00549770453
183931	0.00848972212
183932	0.01875627122
183933	0.003370219942
183934	0.0003247966491
183935	0.008703701847
183936	0.0007841909559
183937	0.004802398067
183938	0.002836709506
183939	0.009134910705
183940	0.01004778801
183941	0.0004828955713
183942	0.0009113113248
183943	0.004625895605
183944	0.004264831662
183945	0.006828033767
183946	0.000776347661
183947	0.002440847216
183948	0.008312905491
183949	0.009430647497
183950	0.007534128207
183951	0.001037594204
183952	0.00101263474
183953	0.003413201946
183954	0.003028703562
183955	0.01364615177
183956	0.002548254179
183957	0.0008788992698
183958	0.009063981757
183959	0.003238350399
183960	0.003088171776
183961	0.01512097989
183962	0.006068815845
183963	0.00559459205
183964	0.005641561245
183965	0.00736521132
183966	0.003216121276
183967	0.002401976197
183968	0.01132422475
183969	0.00609038058
183970	0.003970754419
183971	0.006515428726
183972	0.003240021013
183973	0.00433162227
183974	0.001339130171
183975	0.0007316683944
183976	8.874024656e-05
183977	0.007649516906
183978	0.002409684145
183979	0.009544373849
183980	0.01029255207
183981	0.004668208804
183982	0.007322219619
183983	0.007302019642
183984	0.009394081223
183985	0.00120218868
183986	0.0007970105248
183987	0.007425875186
183988	0.005740648542
183989	0.006960061582
183990	0.001266604789
183991	0.01176031061
183992	0.005310416624
183993	0.002411881917
183994	0.00384475256
183995	0.00160518788
183996	0.002355244677
183997	0.00499982578
183998	0.003775143868
183999	0.004197000996
184000	0.01049025307
184001	0.008734973587
184002	0.005743884865
184003	0.007278777182
184004	0.00127953447
184005	0.01502606293
184006	0.009839983833
184007	0.00583242972
184008	0.01411349363
184009	0.002909601432
184010	0.0001360610836
184011	0.005292863844
184012	0.00271629184
184013	0.0001169059649
184014	0.006619075762
184015	0.0008565055838
184016	0.003512701649
184017	0.001638560846
184018	0.00190597298
184019	0.008359275787
184020	0.01039926227
184021	0.01210495684
184022	0.007389911804
184023	0.0008622878854
184024	0.003606668465
184025	0.001944389652
184026	0.002061180887
184027	0.0003364632959
184028	0.00318540854
184029	0.002184554542
184030	0.0007435250026
184031	0.000299174041
184032	0.0006524560947
184033	0.003715695588
184034	0.001458154112
184035	0.000200216571
184036	0.002615803356
184037	0.004407369624
184038	0.007365996295
184039	0.00203133316
184040	0.004671457695
184041	0.0009879606169
184042	0.005894783136
184043	0.004351078237
184044	0.001306905472
184045	0.001086847682
184046	0.01039145032
184047	0.01632727422
184048	0.009441038181
184049	0.009430019059
184050	0.006857539897
184051	0.001087068042
184052	0.002270008642
184053	0.002271995681
184054	0.003406811081
184055	0.002454235486
184056	0.004376350965
184057	0.006272953779
184058	0.002239906142
184059	0.000637614546
184060	0.009117335091
184061	0.003085072665
184062	0.004203838971
184063	0.001957843819
184064	0.0130359156
184065	0.007592342585
184066	0.003887938965
184067	0.01192890251
184068	0.005833868937
184069	0.0002459558289
184070	0.002292385342
184071	0.00160025677
184072	0.001597111245
184073	2.108760566e-05
184074	0.001479938067
184075	0.001144301271
184076	0.0008833903694
184077	0.002387798519
184078	0.001015910112
184079	0.002948183903
184080	0.004520092416
184081	0.006036798881
184082	0.0004863870968
184083	0.01010484861
184084	0.003999923668
184085	0.006040493549
184086	0.001131038016
184087	0.001653910745
184088	0.007658446648
184089	0.01086492197
184090	0.004429487283
184091	0.01133989671
184092	0.0004256036644
184093	0.004127582977
184094	0.0128141583
184095	7.348642958e-05
184096	0.005695679751
184097	0.0003097197712
184098	0.005386383866
184099	0.01447424667
184100	0.001406037453
184101	0.005600819832
184102	0.006383348685
184103	3.055423384e-05
184104	0.00164692648
184105	0.0004393065539
184106	0.002086395681
184107	0.001820095482
184108	0.0008849153148
184109	0.004837445979
184110	0.0006576332665
184111	0.002510006662
184112	0.0001559950031
184113	0.00105514585
184114	0.0006207348296
184115	0.0005973543787
184116	0.001149045656
184117	0.0002996018761
184118	0.0005434839922
184119	0.0004474278261
184120	0.001123434628
184121	0.0002600576434
184122	0.001200868279
184123	0.0005517328292
184124	0.00155411484
184125	0.001233451879
184126	0.002003830837
184127	0.001362228989
184128	0.0009545582329
184129	0.0008589388097
184130	0.0004700658714
184131	0.001776441679
184132	0.001552879619
184133	0.0009651566893
184134	0.0008645034981
184135	0.001320155544
184136	0.001916562559
184137	0.0009816659886
184138	0.001116109206
184139	0.0006991113593
184140	0.0004322994802
184141	0.003575763473
184142	0.006063188888
184143	0.0003160212314
184144	0.000331677048
184145	0.00843893598
184146	0.008705675848
184147	0.008150196264
184148	0.0004577962176
184149	0.001011822615
184150	0.001056161332
184151	0.0007093539595
184152	0.005757860731
184153	0.004109185674
184154	0.02527257393
184155	0.02528513118
184156	0.02508502203
184157	0.02529325822
184158	0.02520807949
184159	0.02560886298
184160	0.02522609657
184161	0.02521016026
184162	0.02527421003
184163	0.02528176909
184164	0.02528638945
184165	0.02515415159
184166	0.02518545453
184167	0.0252565139
184168	0.0252646954
184169	0.02525210802
184170	0.02525352397
184171	0.02522723101
184172	0.02523665132
184173	0.02527625886
184174	0.02525939572
184175	0.02527254123
184176	0.02520295377
184177	0.02526081109
184178	0.02522362176
184179	0.02513617806
184180	0.02506188229
184181	0.02527351691
184182	0.02521569376
184183	0.02525924233
184184	0.02528747873
184185	0.02506991653
184186	0.02498206355
184187	0.02526202341
184188	0.02526799801
184189	0.02525939175
184190	0.02528764152
184191	0.02512573382
184192	0.02526737688
184193	0.02517173768
184194	0.02524114287
184195	0.02515643325
184196	0.02527494703
184197	0.02521073398
184198	0.02522832541
184199	0.02520211562
184200	0.02524517439
184201	0.02512256116
184202	0.02526438045
184203	0.02528827789
184204	0.02513077565
184205	0.02528051924
184206	0.02527851174
184207	0.02524026297
184208	0.02520256983
184209	0.0252044677
184210	0.02528608177
184211	0.02520682817
184212	0.02524552081
184213	0.02519378378
184214	0.02506456664
184215	0.02519218138
184216	0.02527839403
184217	0.02528634992
184218	0.02526025381
184219	0.02533548467
184220	0.02528425004
184221	0.02516785558
184222	0.02522394529
184223	0.02527875686
184224	0.001077218424
184225	0.01714253384
184226	0.001506983113
184227	0.00355369351
184228	0.001194941088
184229	0.003813098398
184230	0.001021001121
184231	0.006880312812
184232	0.009017421513
184233	0.009121814055
184234	0.0004675048944
184235	0.009701177999
184236	0.004285970957
184237	0.008631078665
184238	0.01129797425
184239	0.006658883494
184240	0.01678336311
184241	0.002013175006
184242	0.005194108439
184243	0.0005517146479
184244	0.001189767633
184245	0.000778657592
184246	0.0002192617276
184247	0.001912676828
184248	0.003025125906
184249	0.0002806013916
184250	0.00305677091
184251	0.00251159111
184252	0.001482019062
184253	0.002455632051
184254	0.011867488
184255	0.001802332051
184256	0.002283563156
184257	0.009126014832
184258	0.001113688777
184259	0.006301302712
184260	0.0006288789871
184261	0.002167963164
184262	0.004322920186
184263	0.009862249447
184264	0.001270860885
184265	0.0008471821691
184266	0.004815135774
184267	0.002912930136
184268	0.002872988587
184269	0.003178321842
184270	0.0003912186937
184271	0.01645228741
184272	0.01586534747
184273	0.01315004087
184274	0.004755348901
184275	0.0003070288647
184276	0.001494508659
184277	0.006774439329
184278	0.00498987883
184279	0.0006920148253
184280	0.003311497787
184281	0.003120124768
184282	0.00889607261
184283	0.006600521289
184284	0.008972641576
184285	0.006430161265
184286	0.002596123713
184287	0.003087073045
184288	1.902251259e-05
184289	0.007504913032
184290	0.002106862614
184291	0.003641465
184292	0.001149393908
184293	0.003416753959
184294	0.004165158775
184295	0.008929742702
184296	0.009217393093
184297	0.004038507834
184298	0.007425257457
184299	0.008113359457
184300	0.0001391651451
184301	0.002726375274
184302	0.008763576916
184303	0.004104944032
184304	0.003006923851
184305	0.001951464661
184306	0.001559391604
184307	0.000335304475
184308	0.003403692419
184309	0.004701930918
184310	0.01188525439
184311	0.005032167321
184312	0.006333783413
184313	0.007352264245
184314	0.00568285685
184315	0.005562978058
184316	0.002590373263
184317	0.00555289823
184318	0.004830772837
184319	0.001256326709
184320	0.003182352532
184321	0.004442990559
184322	0.002749115979
184323	0.0006208058298
184324	0.0003036864121
184325	0.005896254195
184326	0.001017497632
184327	0.002515097067
184328	0.002549557286
184329	0.006234595712
184330	0.0006598086384
184331	0.01219250023
184332	0.005546529759
184333	0.01775568009
184334	0.008834172568
184335	0.00579007337
184336	0.001509697083
184337	0.0009636700592
184338	0.003478840088
184339	0.001540954585
184340	0.00583855092
184341	0.01870591487
184342	0.0009661172323
184343	0.008974514281
184344	0.0008526128648
184345	0.001220032091
184346	0.0008257533209
184347	0.00214665928
184348	0.001704150879
184349	0.005104985353
184350	0.005668953091
184351	0.007881313324
184352	0.003158018682
184353	0.0005158227351
184354	0.01169258603
184355	0.00119018385
184356	0.00215644942
184357	0.001241764444
184358	0.0008101912844
184359	0.006763516004
184360	0.002504397947
184361	0.004215529572
184362	0.005264189814
184363	0.004217805454
184364	0.002286648249
184365	0.003520302888
184366	0.0004834480434
184367	0.002231206914
184368	0.0006004955227
184369	0.0006906612877
184370	0.001083118998
184371	0.000204683526
184372	0.0003662633859
184373	0.0003876212204
184374	0.003691390125
184375	0.0004260280827
184376	0.002644977479
184377	0.003324578367
184378	0.0009775403911
184379	0.0004409359074
184380	0.002055817515
184381	0.003739087288
184382	0.003195953241
184383	0.002365947871
184384	0.0003035997136
184385	0.001653879412
184386	0.0005145260278
184387	0.003957889686
184388	0.0006268715921
184389	0.002123538063
184390	5.105507314e-06
184391	0.001007334666
184392	0.001573579746
184393	0.000739394609
184394	0.001071423091
184395	0.001429911811
184396	0.004435997898
184397	0.007742784988
184398	0.0004639720894
184399	0.0004782454221
184400	0.0009024255881
184401	0.0004407145126
184402	0.001122188256
184403	0.001187517072
184404	0.0007376923092
184405	0.001152381958
184406	8.369402831e-06
184407	0.0004464286038
184408	0.008389839673
184409	0.000572930081
184410	0.002469990223
184411	0.0008353981046
184412	0.001935912526
184413	0.000507818621
184414	0.004061313198
184415	0.001944154391
184416	0.001216323786
184417	0.001172346519
184418	0.001808817045
184419	0.001562202801
184420	0.001164349677
184421	0.002120164983
184422	0.002049263853
184423	0.001238349187
184424	0.002955854748
184425	0.001163354871
184426	0.0004440119401
184427	0.0007557759467
184428	0.002257606567
184429	0.001420841228
184430	0.001733640792
184431	0.0008654408461
184432	0.002842420282
184433	0.001369642321
184434	0.001974449667
184435	0.001265844027
184436	0.002583219493
184437	0.002036387548
184438	0.004009029117
184439	0.002243794448
184440	0.00161668603
184441	0.004293802896
184442	0.007566337434
184443	0.0001489335888
184444	0.00752253823
184445	0.006329992058
184446	0.006298422756
184447	0.01040728385
184448	0.006783925415
184449	0.01250368685
184450	0.01279789323
184451	0.0001608178015
184452	0.004672178527
184453	0.001026918438
184454	0.005173993584
184455	0.005673658534
184456	3.115821212e-06
184457	0.0004716672252
184458	0.000408928821
184459	0.003682915318
184460	0.002663186071
184461	0.002226317828
184462	0.002179516123
184463	0.002394248438
184464	0.0001153388696
184465	0.001823322832
184466	0.002452777617
184467	0.0004369651684
184468	0.009937409314
184469	0.005698731146
184470	0.003623383187
184471	0.0006172710319
184472	0.01080050243
184473	0.0006852728108
184474	0.003951137367
184475	0.007750374749
184476	0.001021580275
184477	0.003353268974
184478	0.0007274583536
184479	0.004973062696
184480	0.01290030659
184481	0.003790981149
184482	0.003117278469
184483	0.0114124507
184484	0.001938661195
184485	0.002939896693
184486	0.002898002492
184487	0.007309164643
184488	0.007930837299
184489	0.0004854768152
184490	0.002827304368
184491	0.004487055111
184492	0.003120026594
184493	0.007787482136
184494	0.004310710524
184495	0.002614481368
184496	0.001515890028
184497	0.002170015252
184498	0.001067947644
184499	0.002991122868
184500	0.002520672965
184501	0.002080812757
184502	0.002368813455
184503	0.01022833165
184504	0.001165438307
184505	0.001294281658
184506	2.644629248e-05
184507	0.004037358741
184508	0.01024912418
184509	0.009870318052
184510	0.006229921185
184511	0.01168149531
184512	0.002378440414
184513	0.001707626675
184514	0.006123306557
184515	0.007379028417
184516	0.001795786326
184517	0.001962522265
184518	0.0007526551862
184519	0.00171258106
184520	0.006918979356
184521	0.005176565085
184522	0.004128088687
184523	0.0024635822
184524	0.002893159797
184525	0.001343815801
184526	0.0009042985745
184527	0.005663180391
184528	0.00776970422
184529	0.003179960637
184530	0.005606303219
184531	0.00915139678
184532	0.003875123243
184533	0.007343399604
184534	0.008205587025
184535	0.006278706634
184536	0.006660378807
184537	0.002460810585
184538	0.0017087357
184539	0.006016552384
184540	0.005270184996
184541	0.002638342777
184542	0.006140109993
184543	0.004452530994
184544	0.002085063052
184545	0.001500748846
184546	0.001179279199
184547	0.002288562397
184548	0.004556368002
184549	0.002095611843
184550	0.0006356954175
184551	0.000953998307
184552	0.001887099955
184553	0.005146500365
184554	0.005922675179
184555	0.004621580473
184556	0.0007023105523
184557	0.001598592164
184558	0.004574672671
184559	0.006741140268
184560	0.01277837432
184561	0.00206185297
184562	0.002244788806
184563	0.008744533236
184564	0.001541790728
184565	0.005814284622
184566	0.02157820862
184567	0.004653487644
184568	0.0007173820021
184569	0.00209552346
184570	0.003431122353
184571	0.01155432484
184572	0.002849669684
184573	0.002170300458
184574	0.0005856781701
184575	0.0006006045845
184576	0.003501919963
184577	0.00986514743
184578	0.0004426511168
184579	0.003621237187
184580	0.01194474895
184581	0.01110533145
184582	0.001995426776
184583	0.0004590588921
184584	0.001250040275
184585	0.003222430123
184586	0.002366554477
184587	0.001563839271
184588	0.0008041703257
184589	0.001352709452
184590	0.004323615409
184591	0.003796968013
184592	0.001999684419
184593	0.004404895772
184594	0.005996516404
184595	0.01204812371
184596	0.001122110811
184597	0.002343290059
184598	0.001100429114
184599	0.004583252973
184600	0.004311557536
184601	0.004876140961
184602	0.003781191973
184603	0.004070203483
184604	0.0006857054394
184605	0.002447022042
184606	0.004819900608
184607	0.003466883508
184608	0.006074192727
184609	5.895180485e-06
184610	7.349014855e-05
184611	7.709105703e-05
184612	0.005138560897
184613	0.001145483619
184614	0.0005582343366
184615	0.0004141171595
184616	0.001013968284
184617	0.0009125174269
184618	0.001255500857
184619	0.003107148099
184620	0.001477851073
184621	0.001502010392
184622	0.0008124759393
184623	0.001313836304
184624	0.001277348279
184625	0.001610696131
184626	0.001291494802
184627	0.001473251764
184628	0.001110545969
184629	0.001965298975
184630	0.002000303028
184631	0.000934053701
184632	0.0007634372228
184633	0.001238434577
184634	0.0003669351706
184635	0.0008624964788
184636	0.001356038009
184637	0.001252125022
184638	0.0003655791863
184639	0.0001088999737
184640	0.002701648048
184641	0.00106836466
184642	0.000773120685
184643	0.0007473256618
184644	0.001124369867
184645	0.002798283662
184646	0.002456281439
184647	0.002423288622
184648	0.0006902459863
184649	0.00181871844
184650	0.001219060107
184651	0.003182223832
184652	0.001976147212
184653	0.001801200451
184654	0.001365487214
184655	0.001386448972
184656	0.001216544357
184657	0.0006447271935
184658	0.001795774374
184659	0.0006894699708
184660	0.0003312040304
184661	0.0003735737005
184662	0.0009754445655
184663	0.001134385805
184664	0.001643846209
184665	0.001768319588
184666	0.001367203093
184667	0.00170185204
184668	0.003297010059
184669	0.002708453584
184670	0.0003565424009
184671	0.0008210386346
184672	0.002178259827
184673	0.002051739231
184674	0.001312733295
184675	0.0004469390419
184676	0.001881059361
184677	0.001777480527
184678	0.001517859063
184679	0.0008306378367
184680	0.001700418921
184681	0.00122264887
184682	0.0005878467327
184683	0.001108789797
184684	0.0002917646848
184685	0.001182486809
184686	0.005928714241
184687	0.001368230149
184688	0.01578531335
184689	0.004212709733
184690	0.000850758584
184691	0.001172491033
184692	0.001243867682
184693	0.003423580369
184694	0.003248675993
184695	0.0004712529058
184696	0.002126515289
184697	0.001099456419
184698	0.00180905111
184699	0.003916466052
184700	0.0004740096003
184701	0.001412900246
184702	0.001382179833
184703	0.002340931436
184704	0.001079001024
184705	0.0008376374463
184706	0.002367511898
184707	0.002747994686
184708	0.0002210012499
184709	0.002565007763
184710	0.001374410466
184711	0.001838517705
184712	0.001022589675
184713	0.0008421628906
184714	0.00191852323
184715	0.001269026504
184716	0.0005404904803
184717	0.001789160055
184718	0.001757292588
184719	0.002384441179
184720	0.001393854703
184721	0.001581116756
184722	0.0004448158849
184723	0.0007978255031
184724	0.002360856365
184725	0.001469107497
184726	0.001521910492
184727	2.139306876e-05
184728	0.00195017128
184729	0.001674744696
184730	0.0001041009312
184731	0.0009378635873
184732	0.001487596542
184733	0.0003822859307
184734	0.0009832125497
184735	0.001743246519
184736	0.0002366701323
184737	0.001449717447
184738	0.001611993466
184739	0.0007283029602
184740	0.001068404738
184741	0.001408268488
184742	0.001606381763
184743	0.00156084812
184744	0.001247474026
184745	0.001594716842
184746	0.0007245381952
184747	0.0002209945003
184748	0.001824007901
184749	0.0006980679518
184750	0.001882753868
184751	0.001112166831
184752	0.00174808154
184753	0.001002372998
184754	0.0005389953413
184755	0.001362301588
184756	0.000823568835
184757	0.001342373358
184758	0.00142955432
184759	0.0001015563714
184760	0.001564148187
184761	0.001211684038
184762	0.00117822791
184763	0.001462243331
184764	0.001599904751
184765	0.0008975581986
184766	0.0007358492449
184767	0.002555939283
184768	0.003326970014
184769	0.0007215687527
184770	0.0008437818326
184771	0.0007894100108
184772	0.0008315952882
184773	0.0007836116465
184774	0.001192738788
184775	0.001113399161
184776	0.001293056672
184777	0.001217921848
184778	0.001035948023
184779	0.002384669612
184780	0.001261234855
184781	0.0004318488348
184782	0.001133830828
184783	0.001010358757
184784	0.0003845331974
184785	0.002315536004
184786	0.002181617558
184787	0.001728919103
184788	0.001111696371
184789	0.0003043220462
184790	0.001623365225
184791	0.001206087156
184792	0.001699636094
184793	0.002178621114
184794	0.002225874633
184795	0.001166920931
184796	0.000398297727
184797	0.001321742528
184798	0.001471674811
184799	0.000752165044
184800	0.001609422816
184801	0.001809077569
184802	0.001141887331
184803	0.001108355544
184804	0.00193496456
184805	0.001543809361
184806	0.001689388006
184807	0.001214833431
184808	0.0009107552575
184809	0.0006284313178
184810	0.001221608428
184811	0.0006820896076
184812	0.001846145047
184813	0.0003003479912
184814	0.0002166193823
184815	0.0005821104606
184816	0.0004835173148
184817	0.0009573443601
184818	0.003229794318
184819	0.001654820585
184820	0.001010512706
184821	0.0005278256854
184822	0.0005785330278
184823	0.0009703573737
184824	0.001271339619
184825	0.002688787123
184826	0.001722460528
184827	0.001254469137
184828	0.001083205478
184829	0.0009007500768
184830	0.001866750325
184831	0.0004270061216
184832	0.001337442871
184833	0.001570556293
184834	0.001338220847
184835	0.0009308557022
184836	0.001462717807
184837	0.001074922802
184838	0.0007357120005
184839	0.0008315420713
184840	0.001451320691
184841	0.00195452503
184842	0.002115098011
184843	0.000418097713
184844	0.0007421664969
184845	0.0005474711247
184846	0.001332490198
184847	0.001175249798
184848	0.0006595068241
184849	0.00125803795
184850	0.0003403415196
184851	0.001802766913
184852	0.001164158943
184853	0.0008624144232
184854	0.001811303307
184855	0.001770042808
184856	0.001987055969
184857	0.001886701183
184858	0.00120235339
184859	0.005274583069
184860	0.01156392686
184861	0.004861388684
184862	0.004979547083
184863	0.004483524574
184864	0.004635996993
184865	0.004039639379
184866	0.005343156561
184867	0.005404457361
184868	0.006118386009
184869	3.780449852e-05
184870	0.001452049215
184871	0.00231550237
184872	0.0101276476
184873	0.001422095171
184874	0.002424507028
184875	0.001804569607
184876	0.0001097771397
184877	0.001818742023
184878	0.001273276241
184879	0.001265919502
184880	0.001123871329
184881	0.0009889597189
184882	0.004574137466
184883	0.0002544114777
184884	0.0008417280209
184885	0.002212204073
184886	0.0009033715899
184887	0.004515084534
184888	0.00162115336
184889	0.001459828972
184890	0.002756836465
184891	0.001712943266
184892	0.0009828857527
184893	0.0009200364363
184894	0.001195551103
184895	0.0001784022742
184896	0.000978409885
184897	0.001644533224
184898	0.0006583929723
184899	0.007023062543
184900	0.001337491497
184901	0.001555341542
184902	0.001748882532
184903	0.0002458530272
184904	0.00156599419
184905	0.001181715608
184906	0.0002980419523
184907	0.001584539998
184908	0.002573508813
184909	0.001708771085
184910	0.001240766718
184911	0.002313248905
184912	0.0005016431749
184913	0.001075121093
184914	0.001482569202
184915	0.00173219152
184916	0.0009408235091
184917	0.001963132995
184918	0.001237757185
184919	0.001390360597
184920	0.002052164838
184921	0.0001506423652
184922	0.001361688998
184923	0.001420536677
184924	0.001188748179
184925	0.00143550788
184926	0.0004171915851
184927	0.0009748349416
184928	0.0006860609026
184929	0.001518478808
184930	0.0004299527899
184931	0.002823195951
184932	0.00184275159
184933	0.001295848119
184934	0.002528064873
184935	0.001298356411
184936	0.0002464069957
184937	0.001360598416
184938	0.00148290251
184939	0.0008527897124
184940	0.0006734406687
184941	0.002163574895
184942	0.001570608804
184943	0.001320787364
184944	0.001257681039
184945	0.002707755497
184946	0.0006998457652
184947	0.001422284751
184948	0.0008947735156
184949	0.001648335721
184950	0.001639477259
184951	0.001600301049
184952	0.001909748536
184953	0.001557572397
184954	0.001649661555
184955	0.001936023627
184956	0.001658139963
184957	0.002017260072
184958	0.00177286962
184959	0.004604811157
184960	0.0008705501984
184961	0.001103303382
184962	0.0002481143026
184963	0.001753710442
184964	0.0007632543506
184965	0.0002318939434
184966	0.002824125739
184967	0.001020748584
184968	0.002399626954
184969	0.0007541416148
184970	0.001564224483
184971	0.0001153234368
184972	0.002328677557
184973	0.0007260071264
184974	0.001204624182
184975	0.0001218408132
184976	0.001033709594
184977	0.0008905231482
184978	0.0009970941004
184979	0.0009764034551
184980	0.0009333271005
184981	0.0008513332893
184982	0.0005618207235
184983	0.001252570618
184984	0.001594075804
184985	9.953267646e-05
184986	0.001235883631
184987	0.001612502416
184988	6.601074029e-05
184989	0.0006306724386
184990	0.002025339928
184991	0.0001816337132
184992	0.002222174169
184993	0.002337588788
184994	0.002525817071
184995	0.0003780355782
184996	0.001202404625
184997	0.0008822092161
184998	0.001614839925
184999	0.001594637332
185000	0.001373141815
185001	0.0007399556502
185002	6.764853239e-05
185003	0.0004493844002
185004	0.0008350874021
185005	0.0002675910916
185006	0.001428956293
185007	0.001634387055
185008	0.001016072039
185009	0.0005084933482
185010	0.0002980371287
185011	0.00144039534
185012	0.001307310546
185013	0.00104536963
185014	0.001478390277
185015	0.005675884523
185016	0.001792716754
185017	0.002687547622
185018	0.001562295279
185019	0.0006275829012
185020	0.001998748005
185021	0.0004782420649
185022	0.001194751183
185023	0.001511714454
185024	8.90189489e-05
185025	0.001003653235
185026	0.001910221226
185027	0.001457178208
185028	0.001562773552
185029	0.0007865106223
185030	0.001389048415
185031	0.00173750481
185032	0.0009385439416
185033	0.000861198021
185034	0.001085846438
185035	0.00126554132
185036	0.001872871079
185037	0.001005117306
185038	0.002545371154
185039	0.00100405608
185040	0.0004112436822
185041	0.002006196253
185042	0.001951392369
185043	0.001353805429
185044	0.00144078069
185045	0.001284350241
185046	0.001562870177
185047	0.002103522315
185048	0.001118918633
185049	0.001388709135
185050	2.775765034e-05
185051	0.001228659095
185052	0.001372719062
185053	0.0002304196612
185054	0.001785175683
185055	0.001516382829
185056	0.003993408078
185057	0.007709846412
185058	0.004331464429
185059	0.00406061608
185060	0.0005846276896
185061	0.005000258037
185062	0.004215652002
185063	0.005763426562
185064	0.003834738709
185065	0.006312517542
185066	0.01299460198
185067	0.004870485966
185068	0.005074713458
185069	0.0007996313271
185070	0.002369561587
185071	0.007145350155
185072	0.000724754516
185073	0.004638333151
185074	0.001145737457
185075	0.001063167297
185076	0.001383087004
185077	0.001463559892
185078	0.001680159608
185079	0.01303920065
185080	0.001963936745
185081	0.001243812193
185082	0.002062497598
185083	0.00211249801
185084	0.0005260417819
185085	0.0008248167058
185086	0.000904026837
185087	0.00138089595
185088	0.002044853673
185089	0.001064487542
185090	0.001473420545
185091	0.001181919026
185092	0.001087747424
185093	0.0009648335583
185094	0.0002112007368
185095	0.0009544753932
185096	0.001415104685
185097	0.0006148745895
185098	0.003074569594
185099	0.006155537817
185100	0.0041703736
185101	0.005817155995
185102	0.001401911648
185103	0.0003452760962
185104	0.00071302492
185105	0.001037973534
185106	0.00829109517
185107	0.000619244212
185108	0.001531976668
185109	0.01338146447
185110	0.00148503295
185111	0.003351912921
185112	0.006810126804
185113	0.001965671429
185114	0.003097706596
185115	0.004606592021
185116	0.00263411031
185117	0.001201568457
185118	3.767557693e-05
185119	0.001868964794
185120	0.004394153545
185121	0.001979992504
185122	0.005168679877
185123	0.008445490215
185124	0.008330813509
185125	0.002628190466
185126	0.004272749924
185127	0.006736086019
185128	0.005741270228
185129	0.008941609517
185130	0.001114646466
185131	0.001851312863
185132	0.003059541331
185133	0.006568347621
185134	0.005462045021
185135	0.001030382864
185136	0.01300173096
185137	0.004539589083
185138	0.0004235481745
185139	0.004593309842
185140	0.005094903725
185141	0.003280140618
185142	0.0009345048305
185143	0.000344184639
185144	0.00184626832
185145	0.0004795767878
185146	0.006144318332
185147	0.002748844788
185148	0.00445435972
185149	0.004300023995
185150	0.001422837291
185151	0.0002204932489
185152	0.004696482631
185153	0.001495180903
185154	0.008071839809
185155	0.001034126898
185156	0.002976309581
185157	0.00534044077
185158	0.003496178549
185159	0.0005701300247
185160	0.0006100431545
185161	0.004338498157
185162	0.00100919275
185163	0.003253694265
185164	0.002387691091
185165	0.00204657443
185166	0.0005963571941
185167	0.002104889605
185168	0.000529566061
185169	0.001145581164
185170	0.001999842848
185171	0.0005096798211
185172	0.0001425736674
185173	0.001196706865
185174	0.001514749687
185175	0.0009563555514
185176	0.0009019168212
185177	0.006687507674
185178	0.001697674053
185179	0.005076700938
185180	0.01571803123
185181	0.0007253207153
185182	0.0005250257292
185183	0.006893192443
185184	0.001113406574
185185	0.001895697661
185186	0.006660545544
185187	0.003205279317
185188	0.00212579005
185189	0.0006143611188
185190	0.001171680666
185191	0.003555449437
185192	0.002903505786
185193	0.004101083372
185194	0.004144962499
185195	0.01182455019
185196	0.004057563351
185197	0.007881354295
185198	0.005268380299
185199	0.001078275142
185200	0.002652240055
185201	0.005293858375
185202	0.003291983851
185203	0.001182891621
185204	0.004289350045
185205	0.002083868037
185206	0.007890730902
185207	0.001070236241
185208	0.003186091153
185209	0.002612485033
185210	0.001046417555
185211	0.001298028456
185212	0.009742413048
185213	0.00287383108
185214	0.01323030464
185215	0.0004586330482
185216	0.005016684818
185217	0.002841581472
185218	0.007979287189
185219	0.002414426995
185220	0.006121622572
185221	0.008755757127
185222	0.01012118074
185223	0.003962098935
185224	0.007394864795
185225	0.01549392344
185226	0.003513616442
185227	0.001305681221
185228	0.0005566563189
185229	0.0009018600061
185230	0.002506763414
185231	0.000541488905
185232	0.0002988770225
185233	0.007823841207
185234	0.0003810662292
185235	0.004231639501
185236	0.004105787829
185237	0.001482103283
185238	1.297315736e-05
185239	0.007517756193
185240	0.007655062286
185241	0.0006897214522
185242	0.009152365715
185243	0.002733627248
185244	1.064282673e-07
185245	0.0004122720785
185246	0.006539063212
185247	0.007068195143
185248	0.003275225367
185249	0.003781767061
185250	2.050790844e-06
185251	8.596129286e-07
185252	0.007044547934
185253	0.002169184985
185254	0.004133802269
185255	0.0004642409934
185256	0.003449508743
185257	0.003292494893
185258	0.001564686717
185259	0.0002515041213
185260	0.006301697255
185261	0.001099232071
185262	0.005105255197
185263	0.002632568983
185264	0.002266697891
185265	0.001924219084
185266	0.000819223374
185267	0.000676592439
185268	0.01166162827
185269	0.002294700195
185270	0.002810268617
185271	0.006338138037
185272	0.0004188866009
185273	0.0005542802406
185274	0.0004159288573
185275	0.001271155355
185276	0.003056881796
185277	0.005255163336
185278	0.002046852026
185279	0.01040792422
185280	0.004396518801
185281	0.001090064375
185282	0.001623374042
185283	0.0008119172755
185284	0.006962381104
185285	0.005745963315
185286	0.0002780848618
185287	0.008367081269
185288	0.0004123003296
185289	0.002329408544
185290	0.01353084236
185291	0.002876185983
185292	0.008043566255
185293	0.005736808319
185294	0.0002688585521
185295	0.001723120701
185296	0.0005376456941
185297	0.002462047752
185298	0.001096086785
185299	0.006864634101
185300	0.001352304338
185301	0.005015820041
185302	0.001910489262
185303	0.0002110129041
185304	0.007115603006
185305	0.0004129548668
185306	0.000279501967
185307	0.006592459268
185308	0.0009044722951
185309	0.0006745607243
185310	0.0013496731
185311	0.002608042665
185312	0.004311638109
185313	0.0008271792465
185314	0.0007624240074
185315	0.001718839794
185316	0.002672751525
185317	0.000602648031
185318	0.007056718499
185319	0.00798075137
185320	0.005182393503
185321	0.0006448043272
185322	0.003459015624
185323	0.007782839097
185324	0.002477033864
185325	0.0002779784672
185326	0.002046788436
185327	0.002899216722
185328	0.005989302162
185329	0.001099641781
185330	0.0002740291863
185331	0.003004830143
185332	0.004620167053
185333	0.003592137446
185334	0.001902128181
185335	0.0008577196237
185336	0.0009223567656
185337	0.001085247638
185338	0.001504171936
185339	0.001227735947
185340	0.001640996696
185341	0.002647231386
185342	0.006244730925
185343	0.001097745412
185344	0.004954263386
185345	0.002766794653
185346	0.0001364654437
185347	0.005609633663
185348	0.000261752775
185349	0.0007629144462
185350	0.0002768896366
185351	0.001582636925
185352	0.0009284451804
185353	0.0005503812404
185354	0.002829479345
185355	0.002331793904
185356	0.003259090086
185357	0.001780883081
185358	0.00132652409
185359	0.0009863517033
185360	0.0001322640006
185361	4.973474801e-07
185362	0.002028540696
185363	0.006940739625
185364	1.786208683e-08
185365	0.002385441025
185366	0.008690197359
185367	0.002682336069
185368	4.524102662e-06
185369	0.004504607116
185370	0.002978331341
185371	0.002052049593
185372	0.002770917464
185373	0.004877395302
185374	0.002832101626
185375	0.003713271953
185376	0.004627021557
185377	0.001786181863
185378	0.01193491178
185379	0.003053651918
185380	0.00205464802
185381	0.002766706399
185382	0.005775592468
185383	0.004945994069
185384	0.00218860765
185385	0.008518626048
185386	0.003077916325
185387	0.009841148423
185388	0.0005838958187
185389	0.004997079389
185390	0.003920642447
185391	0.008932750886
185392	0.001532024559
185393	0.002796652968
185394	0.01296554339
185395	0.0002404137583
185396	0.001802460047
185397	0.003943805746
185398	0.002489756207
185399	0.003398367972
185400	0.0002696923961
185401	1.724765631e-05
185402	0.002392894862
185403	0.00416377574
185404	0.003012071842
185405	0.002242511762
185406	0.0005741398418
185407	0.003992283366
185408	0.005898912857
185409	0.01480851173
185410	0.0002869020367
185411	0.0003603212501
185412	0.004015084813
185413	0.01209490219
185414	0.002035047382
185415	0.0003097780943
185416	0.003577539995
185417	0.01028915147
185418	0.001080080461
185419	0.000577793823
185420	0.002915499396
185421	0.004392768104
185422	0.01190563115
185423	0.002212615144
185424	0.00205293616
185425	0.0002647595607
185426	0.0003986408847
185427	0.0006828844234
185428	0.000735916674
185429	0.004524824635
185430	0.0005251164465
185431	0.007568922085
185432	8.89038234e-05
185433	0.01037815294
185434	0.005856784853
185435	0.003250088513
185436	0.004288938238
185437	0.007329255301
185438	0.007341564297
185439	0.005201484501
185440	0.00568673878
185441	0.003048272593
185442	0.001924036814
185443	0.0101067581
185444	0.003376638847
185445	0.01021116116
185446	0.01668583008
185447	0.0096663263
185448	0.008573877997
185449	0.003086168455
185450	0.002691334753
185451	0.006370854571
185452	0.01499667407
185453	0.004103037097
185454	0.001700254268
185455	0.002787603161
185456	0.001268914707
185457	0.002758755595
185458	0.01052990705
185459	0.003136177885
185460	0.004498474202
185461	0.005556771285
185462	0.003909184681
185463	0.0007693645832
185464	0.001013770159
185465	0.002967792791
185466	0.0003320905315
185467	0.01094586672
185468	0.008372569318
185469	0.009648662483
185470	0.004499728942
185471	0.01199380985
185472	0.001308117635
185473	0.001929165131
185474	0.0002642973063
185475	0.006883298189
185476	0.001493556308
185477	0.003660705445
185478	0.001260840952
185479	0.005020182792
185480	0.001707945645
185481	0.004371701209
185482	0.005615732391
185483	0.002998440694
185484	0.007550074861
185485	0.002780085883
185486	0.002079492348
185487	0.006363797567
185488	0.005711884095
185489	0.0001624404924
185490	0.001053530448
185491	0.002033719599
185492	0.001841377307
185493	0.0005736673591
185494	0.001509014643
185495	0.004899116842
185496	0.0006078739229
185497	0.01356864876
185498	0.003468068571
185499	0.002483987694
185500	0.00634897779
185501	0.0005068174751
185502	0.004836482545
185503	0.004251831732
185504	0.004306245083
185505	0.006550069708
185506	0.01131247825
185507	5.394911561e-05
185508	0.006029669084
185509	0.00249678615
185510	0.002404702934
185511	0.00677659411
185512	0.01178365154
185513	0.002313169932
185514	0.001404214588
185515	0.008349273374
185516	0.004457518723
185517	0.003482753115
185518	0.002901206
185519	0.0001259478477
185520	0.001446774623
185521	0.001149029937
185522	0.002439945654
185523	0.0009076052149
185524	0.005656683715
185525	0.008990180796
185526	0.001582238925
185527	0.003015151544
185528	0.003042377409
185529	0.007559010678
185530	0.003232845792
185531	0.0006301985977
185532	0.004882978248
185533	0.01315625922
185534	0.0004984958624
185535	0.002166665093
185536	0.008374416931
185537	0.005026123053
185538	0.00499656938
185539	0.01081854893
185540	0.003910862438
185541	0.004793692982
185542	0.007302504581
185543	0.005180848688
185544	0.005041648282
185545	0.0003091532709
185546	0.0006103812248
185547	0.004152700632
185548	0.001796687135
185549	0.006948769042
185550	0.002621972347
185551	1.85965481e-05
185552	0.001244035978
185553	0.004364961922
185554	0.004115106873
185555	0.01068606522
185556	0.008091197265
185557	0.007300523601
185558	0.007513952071
185559	0.0142777911
185560	0.01287059557
185561	0.006438183172
185562	0.0035932715
185563	0.001016437364
185564	0.0008234876932
185565	0.005943486776
185566	0.009294817317
185567	0.004531789175
185568	0.0006320175157
185569	0.01160834667
185570	0.008979886712
185571	0.003215309031
185572	0.003809314653
185573	0.004109662939
185574	0.008076320387
185575	0.0163683698
185576	0.004452269155
185577	0.005991394434
185578	0.004767055121
185579	0.004443555501
185580	0.003237706436
185581	0.005979056205
185582	0.01803438847
185583	0.003967707975
185584	0.01464997349
185585	0.0006654804348
185586	0.002238908821
185587	0.002775624943
185588	0.0004193997676
185589	0.01761135706
185590	0.0007567675233
185591	0.003797815832
185592	0.004752372565
185593	0.0001367624574
185594	0.006528218995
185595	0.0008730011887
185596	0.01640279436
185597	0.001596859489
185598	0.001018079852
185599	0.001708371692
185600	0.001519862735
185601	0.002036994874
185602	0.003355992613
185603	0.00514283098
185604	0.0003130988503
185605	0.01314445308
185606	0.002117326007
185607	0.000971848524
185608	0.002385238437
185609	0.0046953354
185610	0.0009274782371
185611	0.001289575533
185612	0.001251456007
185613	0.01141982146
185614	0.007425611175
185615	0.0001299992067
185616	0.002921623568
185617	0.002868269467
185618	0.006388746356
185619	0.001890082626
185620	0.001735169582
185621	0.003113269049
185622	0.004644736663
185623	0.001496888796
185624	0.001993690015
185625	0.009072947477
185626	0.004185532632
185627	0.002568869502
185628	0.00582090125
185629	0.003268322935
185630	1.768944748e-07
185631	0.001713925605
185632	0.0004520788182
185633	0.0003870978935
185634	0.01110356103
185635	0.004127674962
185636	0.002856394903
185637	0.002549016633
185638	0.01527281509
185639	0.004837587491
185640	0.007409947535
185641	0.003041809337
185642	0.005091360155
185643	0.004169349172
185644	0.006666048905
185645	0.007393569704
185646	0.003792320399
185647	0.002211182125
185648	0.007213870203
185649	0.0001321900707
185650	0.001520483136
185651	0.0008574138959
185652	0.005000427024
185653	0.01060120437
185654	0.005623474361
185655	0.005025310608
185656	0.0138862331
185657	0.006301007007
185658	0.005035582715
185659	0.002888126072
185660	0.004412403552
185661	0.005429399385
185662	0.003966077219
185663	0.001600183642
185664	0.01323798768
185665	0.001280084292
185666	0.0167812833
185667	0.009194569722
185668	0.0008537895332
185669	0.0113796426
185670	0.003375593402
185671	0.007178901087
185672	0.00219816743
185673	0.00383129955
185674	0.003041557455
185675	0.002415093416
185676	0.0002452678285
185677	0.0003119831526
185678	0.00311541839
185679	0.009213621383
185680	0.002237677538
185681	0.0008527505814
185682	0.006499781457
185683	0.005508170756
185684	0.001229592521
185685	0.008395169965
185686	0.003124264838
185687	0.003018575872
185688	0.00120445002
185689	0.003962743589
185690	0.000687804373
185691	0.002137134762
185692	0.005621619738
185693	0.004154821427
185694	0.01323953389
185695	0.003465231597
185696	0.004391938236
185697	0.002386046841
185698	0.004849842881
185699	0.008969405724
185700	0.006273860711
185701	0.003781102894
185702	0.002625156788
185703	0.001442929162
185704	0.0004748838996
185705	0.0008536885608
185706	0.003370957194
185707	0.003180859587
185708	0.001992551229
185709	0.002620366471
185710	0.002762268132
185711	0.003728921555
185712	0.005787505015
185713	0.002822367387
185714	0.00663525811
185715	0.006355518312
185716	0.0006308426685
185717	0.007329576884
185718	0.002557206243
185719	0.002351239736
185720	0.0061902502
185721	0.002924439648
185722	0.005659273414
185723	0.009369201961
185724	0.007274036095
185725	0.002702576609
185726	0.009522200097
185727	0.002369031439
185728	0.005435058326
185729	0.001774577976
185730	0.008582089219
185731	0.01352702899
185732	0.02334317923
185733	0.02265603003
185734	0.01048425321
185735	0.002240767282
185736	0.02424474953
185737	0.01565293417
185738	0.00232942353
185739	0.0009265984366
185740	0.01400242584
185741	0.004620748033
185742	0.004744121635
185743	0.007106314214
185744	0.002290785047
185745	0.0002975582765
185746	0.001208175174
185747	0.0004080041302
185748	0.00166642326
185749	0.001506901856
185750	0.003903707669
185751	0.003107753608
185752	0.001643437079
185753	0.0002992134503
185754	0.001189873131
185755	0.01233915341
185756	0.006656020994
185757	0.002854972066
185758	0.003474792267
185759	0.004169115575
185760	0.005322070827
185761	0.001471624577
185762	0.001709486058
185763	0.006566019104
185764	0.001145649898
185765	0.01082102858
185766	0.001308985541
185767	0.001152285848
185768	0.003474498509
185769	0.002686739431
185770	0.003958919173
185771	0.0003345045909
185772	0.001775744867
185773	0.0006557440757
185774	0.006307001688
185775	0.005471436146
185776	0.004360844714
185777	0.001740924365
185778	0.003687011456
185779	0.0005180129599
185780	0.005762294536
185781	0.003129931367
185782	0.004589746078
185783	0.004798689166
185784	0.005767742264
185785	0.0006317446808
185786	0.008163935051
185787	0.004937582776
185788	0.005711493162
185789	0.003432135469
185790	0.0001698039756
185791	0.01099977727
185792	0.006706499158
185793	0.001468859901
185794	0.005361975251
185795	0.0008291055446
185796	0.0001706283624
185797	0.002031780312
185798	0.002204434456
185799	0.002306110133
185800	0.0003846681754
185801	0.003999482518
185802	0.0001258573925
185803	0.01112681642
185804	0.001026051839
185805	0.001012289795
185806	0.002309530101
185807	0.005286024742
185808	0.0008868160686
185809	0.001138670932
185810	0.01088406727
185811	0.004681314715
185812	0.006810092508
185813	0.008799658176
185814	0.01360708723
185815	0.00159101549
185816	0.001165910248
185817	0.004554220836
185818	0.001949470246
185819	0.002815356831
185820	0.01076644688
185821	0.02480242836
185822	0.01019519837
185823	0.003429024267
185824	0.004510452908
185825	0.004541078278
185826	0.002556061305
185827	0.0009830007632
185828	0.002800019966
185829	0.00527243401
185830	0.003308768991
185831	0.00219637522
185832	0.00132118348
185833	0.004580169851
185834	0.001674443127
185835	0.008726127017
185836	0.007930684926
185837	0.01021494189
185838	0.004047282435
185839	0.0001193589409
185840	0.001485274477
185841	0.002930723155
185842	0.001942051912
185843	0.003633654987
185844	0.004155172111
185845	0.01251709754
185846	0.002584229372
185847	0.004216391092
185848	0.009179404094
185849	0.001957920113
185850	0.003684757848
185851	0.004951554848
185852	0.005473018255
185853	0.006007282249
185854	0.0006842459905
185855	0.004961394117
185856	0.008163495301
185857	0.002413627491
185858	0.01129280791
185859	0.00331710129
185860	0.0006795711362
185861	0.003655442821
185862	0.00259311376
185863	0.004324054163
185864	0.000755026466
185865	0.00366318244
185866	0.001095763433
185867	0.00598179947
185868	0.001601558673
185869	0.001473233533
185870	0.00655403501
185871	0.007718573915
185872	0.002142629215
185873	0.0003651642645
185874	0.008280853803
185875	0.002528660556
185876	0.001358621311
185877	0.003334713403
185878	0.002068061352
185879	0.009193532353
185880	0.001334224486
185881	0.00257992098
185882	0.01183567282
185883	0.008676983798
185884	0.008855841243
185885	0.01111655646
185886	0.0006538093129
185887	0.007537027107
185888	0.009060749161
185889	0.003674809543
185890	0.003619846067
185891	0.002670755136
185892	0.01507884713
185893	0.006976564105
185894	0.003492599027
185895	0.003136764728
185896	0.001834554792
185897	0.0001098870423
185898	0.002864288179
185899	0.003031877811
185900	0.002164411983
185901	0.004628318435
185902	0.00141722254
185903	0.004722311769
185904	0.009377336908
185905	0.005124176215
185906	0.001726232278
185907	0.007872861274
185908	0.006138615997
185909	0.001188787475
185910	0.012718527
185911	0.0001846037088
185912	0.01061565986
185913	0.006620594995
185914	0.01132045589
185915	0.007029379507
185916	0.001381794791
185917	0.002786049501
185918	0.003124043586
185919	0.003769353117
185920	0.009908107372
185921	0.003285584377
185922	0.003614257579
185923	0.006287568615
185924	0
185925	0.001752402505
185926	0.0133653997
185927	0.001537992742
185928	0.0007949716723
185929	0.0006117233546
185930	3.567934652e-05
185931	0.0003420892223
185932	0.001447531328
185933	0.001888418926
185934	0.001645526143
185935	0.0007013230218
185936	0.0005022173346
185937	0.005045109777
185938	0.001015008413
185939	0.0006578806015
185940	0.002954990821
185941	0.0004072434612
185942	0.000373170174
185943	0.002953991446
185944	0.0005404477206
185945	0.0005299596484
185946	0.001255648561
185947	0.009505960198
185948	0.01039929717
185949	0.003794420861
185950	0.004400603371
185951	0.003889233601
185952	0.00687600329
185953	0.001854494808
185954	0.005421856679
185955	0.009019595885
185956	0.009567340578
185957	0.007897373321
185958	0.009156982036
185959	0.01552382305
185960	0.004478205568
185961	0.004341260314
185962	0.00357175075
185963	0.005394482504
185964	0.003151504405
185965	0.003107390543
185966	0.003575420124
185967	0.003863597133
185968	0.002470107661
185969	0.002304502306
185970	0.004067186154
185971	0.01102359019
185972	0.001466054837
185973	0.0034325368
185974	0.00602063686
185975	0.0008474722771
185976	0.0120070347
185977	0.001548863397
185978	0.001563256807
185979	0.001764344892
185980	0.002582787192
185981	0.004032203019
185982	0.007548733694
185983	0.000215244122
185984	0.004678890214
185985	0.007708443764
185986	0.01947330396
185987	0.001053781868
185988	0.01240623928
185989	0.005187636609
185990	0.006518537548
185991	0.006867472997
185992	0.003928249705
185993	0.003335303277
185994	0.007134734994
185995	0.007486082065
185996	0.00496672078
185997	0.01059239047
185998	0.004321910041
185999	0.009840361702
186000	0.001241138385
186001	0.001696345766
186002	0.01316431124
186003	0.0001195526286
186004	0.001240226488
186005	0.004155196756
186006	0.001452789866
186007	0.002555827953
186008	0.01227688512
186009	0.007300592031
186010	0.002308759279
186011	0.006554101177
186012	0.004115231021
186013	0.01035666167
186014	0.002833632475
186015	0.003597802968
186016	0.006692237916
186017	0.00162293021
186018	0.003230569684
186019	0.00375733315
186020	0.004923601971
186021	0.0007535504395
186022	0.002646850313
186023	0.00327749976
186024	0.006599891912
186025	0.01066825654
186026	0.001272709592
186027	0.006078007953
186028	0.001399241045
186029	0.001058433819
186030	0.01587574273
186031	0.003892538638
186032	6.455864849e-05
186033	0.003496372031
186034	0.007783463312
186035	0.004230966439
186036	0.004319661367
186037	0.00342810757
186038	0.009507670632
186039	0.005939082222
186040	0.003257071718
186041	0.001943494193
186042	0.006552196766
186043	0.008229524909
186044	0.0003846371576
186045	0.0004166163325
186046	0.007534877557
186047	0.005693284458
186048	0.003014190277
186049	0.0004620060246
186050	0.001718996289
186051	0.001742552425
186052	0.001226200419
186053	0.001222287663
186054	0.002156892116
186055	0.0002558163051
186056	0.003848729649
186057	0.0005383277632
186058	0.006186570705
186059	0.00108984782
186060	0.002490737096
186061	0.007108789297
186062	0.00196210109
186063	0.001018203356
186064	0.0017644835
186065	0.002119538154
186066	0.01201605469
186067	0.01367039929
186068	0.005556848499
186069	0.001739794489
186070	0.003819964094
186071	0.0005562919125
186072	0.005832150959
186073	0.01050791922
186074	0.0003577448052
186075	0.000188377216
186076	0.001916847025
186077	0.0003294420909
186078	0.0001631629273
186079	0.002340846504
186080	0.003288332838
186081	0.006224347016
186082	0.005007427144
186083	0.001201390061
186084	0.001237331743
186085	0.01384960522
186086	0.002189016091
186087	0.003481722662
186088	0.007813867695
186089	0.01112504791
186090	0.0009846036946
186091	0.004239208108
186092	0.005998560818
186093	0.003130216647
186094	0.00715151339
186095	0.003118558603
186096	0.01121932675
186097	0.007302524305
186098	0.004622945015
186099	0.003674760426
186100	0.0006693020518
186101	0.002237516635
186102	0.004300676758
186103	0.0018770706
186104	0.0104280963
186105	0.002026289755
186106	0.006217824192
186107	0.003776435315
186108	0.01545405644
186109	0.003662236732
186110	0.004516102027
186111	0.006303678844
186112	0.01057621511
186113	0.007847013705
186114	0.008950663153
186115	0.008257579113
186116	0.01750645661
186117	0.008997393302
186118	0.002477052255
186119	0.00454208701
186120	0.001452026278
186121	0.00647645796
186122	0.007096345184
186123	0.00234233405
186124	0.002306231385
186125	0.01110700599
186126	0.005095638341
186127	0.002262937256
186128	0.009720482715
186129	0.003310527789
186130	0.0008267767678
186131	0.003860033049
186132	0.00240636126
186133	0.002131896213
186134	0.01087125154
186135	0.0002864910404
186136	0.003373300573
186137	0.0001362420773
186138	0.003878099583
186139	0.007411252771
186140	0.01134266036
186141	0.002772611358
186142	0.007138528574
186143	0.0003567427353
186144	0.0007902909964
186145	0.01612231788
186146	0.001532671284
186147	0.008186220007
186148	0.0067513098
186149	0.001283482796
186150	0.00777021647
186151	0.009735439528
186152	0.01006610711
186153	0.01977914277
186154	0.001371117002
186155	0.004918314678
186156	0.008891143316
186157	0.004739355128
186158	0.009097689024
186159	0.001892484169
186160	0.002926035718
186161	0.01774253338
186162	0.006898984105
186163	0.004977528098
186164	0.00578958049
186165	0.000913450565
186166	0.003824034257
186167	0.008255986517
186168	0.0071830472
186169	0.005702671384
186170	0.007732414541
186171	0.001239526675
186172	0.002767524775
186173	0.001380198532
186174	0.002083103068
186175	0.001618037596
186176	0.003238281465
186177	0.006192917705
186178	0.002107922714
186179	0.008017377472
186180	0.004773577462
186181	0.002590561083
186182	0.001129223674
186183	0.006005190274
186184	0.004104320887
186185	0.002490137031
186186	0.003460544792
186187	0.002318355485
186188	0.026071634
186189	0.002454997299
186190	0.004925201785
186191	0.01597215699
186192	0.00274982965
186193	0.01387161822
186194	0.003102343237
186195	0.007795766822
186196	0.00497489317
186197	0.01455534396
186198	0.01380313339
186199	0.001712274474
186200	0.005371502229
186201	0.00238151968
186202	0.001423832787
186203	0.01821025977
186204	0.001190991443
186205	0.01032085545
186206	0.02062632668
186207	0.004966698204
186208	0.00027543857
186209	0.0002400880281
186210	0.001788438819
186211	0.003244623113
186212	0.01455325949
186213	0.007849948331
186214	0.01290962819
186215	0.008650621415
186216	0.01829369365
186217	0.00173992889
186218	0.002102208131
186219	0.01010127383
186220	0.01554577858
186221	0.008079250581
186222	0.002146867921
186223	0.006819326289
186224	0.001139282217
186225	0.00101839538
186226	0.002220759156
186227	0.006327462473
186228	0.003710653803
186229	0.008867483213
186230	0.003467191848
186231	0.003851769391
186232	0.01213422618
186233	0.009179284605
186234	0.002915907499
186235	0.004938879264
186236	0.006533969697
186237	0.01229080707
186238	0.0001883501101
186239	0.0007790940657
186240	0.00682553608
186241	0.0039169367
186242	0.02000819507
186243	0.009649020876
186244	0.001104451565
186245	0.001096077175
186246	0.004173697407
186247	0.008324950711
186248	0.0007047623329
186249	0.003131430532
186250	0.01651486621
186251	0.002128832747
186252	0.01046850137
186253	0.001068439575
186254	0.006471823999
186255	0.003646959785
186256	0.001460743214
186257	0.0104120042
186258	0.00256385161
186259	0.002726699329
186260	0.0008837153326
186261	0.01326269198
186262	0.007314446402
186263	0.001084828456
186264	0.001540455184
186265	0.005808493574
186266	0.01210135558
186267	0.001055298989
186268	0.01536987928
186269	0.0006058662357
186270	0.00512370241
186271	0.008693405049
186272	0.01080662493
186273	0.009086897082
186274	0.001788992298
186275	0.0003145317852
186276	0.006476549557
186277	0.0002072542832
186278	0.001889903603
186279	0.002555404436
186280	0.0002872859369
186281	0.000969032519
186282	0.001167100375
186283	0.002091093172
186284	0.01115491435
186285	0.007987952435
186286	0.009577264204
186287	0.006127430238
186288	0.002115086486
186289	0.01295983349
186290	0.003677519998
186291	0.003596675657
186292	0.001323317064
186293	0.000568620077
186294	0.003586450059
186295	0.007783426412
186296	0.001819957933
186297	0.001898199733
186298	0.004429802402
186299	0.01114310066
186300	0.001543889201
186301	0.004294156897
186302	0.0107723312
186303	0.001901851635
186304	0.001576750415
186305	0.01716950531
186306	0.01197891377
186307	0.01303104743
186308	0.009369482565
186309	0.000533456063
186310	0.00857837581
186311	0.003896590863
186312	0.01006551001
186313	0.006016920202
186314	0.005464832961
186315	0.01011603355
186316	0.007407266809
186317	0.01104353168
186318	0.000322649585
186319	0.0003888217752
186320	0.00539923229
186321	0.008942535924
186322	0.003219595566
186323	0.008369984235
186324	0.007062986613
186325	0.0003020747841
186326	0.00477462276
186327	0.005106522135
186328	0.00651464363
186329	0.002441961646
186330	0.006350152899
186331	0.002466633668
186332	0.01640006245
186333	0.0108903708
186334	0.01220856884
186335	0.003677235106
186336	0.008142854688
186337	0.01173180421
186338	0.00328795109
186339	0.004030621107
186340	0.002357096063
186341	0.002964117723
186342	0.0006965070793
186343	0.005847451427
186344	0.009059616097
186345	0.006963411431
186346	0.01612489797
186347	0.002429629294
186348	0.006665553246
186349	0.01067859999
186350	0.00986460665
186351	0.0007105288152
186352	5.263631715e-05
186353	0.003121856756
186354	0.01148039161
186355	0.000644829478
186356	0.003417143871
186357	0.005615098311
186358	0.009633087757
186359	0.00535967668
186360	0.009248611652
186361	0.004036429157
186362	0.008302419308
186363	0.004704211912
186364	0.007722713229
186365	0.004619042608
186366	0.003634925253
186367	0.003075855076
186368	0.00503283259
186369	0.006753105343
186370	0.002653899123
186371	0.004685259275
186372	0.002469631874
186373	0.009864472619
186374	0.01435471157
186375	0.004164326244
186376	0.001879906026
186377	0.01940179698
186378	0.01503121618
186379	0.004844556369
186380	0.005223159828
186381	0.003598154888
186382	0.01246882092
186383	0.008676646593
186384	0.005814637269
186385	0.00788685545
186386	0.001553722825
186387	0.01123886801
186388	0.001914843648
186389	0.001584165087
186390	0.004894357682
186391	0.008353019955
186392	0.008852451882
186393	0.0039894318
186394	0.009299528402
186395	0.006819454001
186396	0.007908653772
186397	0.00194708301
186398	0.0002380287482
186399	0.003393482235
186400	0.009689196514
186401	0.002893215503
186402	0.000331806381
186403	0.007678796452
186404	0.006504821886
186405	0.008927714927
186406	0.008494036573
186407	0.002056618487
186408	0.002645985336
186409	0.001581112941
186410	0.001599022239
186411	0.001847435475
186412	0.0008047236903
186413	0.01406420058
186414	0.009457544384
186415	0.01818223981
186416	0.003344179658
186417	0.001724838368
186418	0.003688578713
186419	0.00400030037
186420	0.00348247516
186421	0.002731250918
186422	0.004888768464
186423	0.009113639184
186424	0.001501573187
186425	0.004934089354
186426	0.002730106286
186427	0.00239121105
186428	0.0009734999317
186429	0.002687738324
186430	0.01703603227
186431	7.57399517e-05
186432	0.0123621686
186433	0.006069814636
186434	0.01262200962
186435	0.004812895428
186436	0.0006307281598
186437	0.006677490205
186438	0.01748694029
186439	0.005429270124
186440	0.002922256715
186441	0.007669307061
186442	0.001604092169
186443	0.005306353963
186444	0.0008356225448
186445	0.003701311128
186446	0.004960883488
186447	0.008942142665
186448	0.004439244905
186449	0.002060332958
186450	0.004674270282
186451	0.004862331661
186452	0.01213356732
186453	0.005378943371
186454	0.001774510005
186455	0.009938672904
186456	0.00308196827
186457	0.008768365891
186458	0.008229577265
186459	0.005297557211
186460	0.002481576002
186461	0.007526181961
186462	0.0008706636969
186463	0.007866217239
186464	0.005244162719
186465	0.00569451066
186466	0.001995097669
186467	0.004124202734
186468	0.01137109758
186469	0.001731177098
186470	0.00492691891
186471	0.004501158706
186472	0.002777476509
186473	0.002332601085
186474	0.01027839014
186475	0.00218330083
186476	0.01154574129
186477	0.0005354473746
186478	0.004833944581
186479	0.003816192705
186480	0.001708209861
186481	0.006812678067
186482	0.01265333524
186483	0.00159978133
186484	0.007773723158
186485	0.005564802392
186486	0.001934222938
186487	0.007000691167
186488	0.01433566757
186489	0.003933094526
186490	0.01203194759
186491	0.0003873690058
186492	0.004748461299
186493	0.004862472571
186494	0.005109961303
186495	0.0007377356683
186496	0.0125161015
186497	0.003588725357
186498	0.004673555171
186499	0.01079647289
186500	0.005330289375
186501	0.0006731931504
186502	0.01808716582
186503	0.001364578479
186504	0.004626732803
186505	0.008530141312
186506	8.702854244e-05
186507	0.002342360341
186508	0.0005581591156
186509	0.01140928776
186510	0.01560380387
186511	0.001997932881
186512	0.007983387409
186513	0.00665109893
186514	0.009963468187
186515	0.006641381742
186516	0.00278226093
186517	0.011250977
186518	0.008025800654
186519	0.0009926409424
186520	0.004575198639
186521	0.001797334287
186522	0.001753609141
186523	0.01442081984
186524	0.0024357521
186525	0.0125578443
186526	0.001346393273
186527	0.002805479323
186528	0.00813730881
186529	0.002926103127
186530	0.004396934793
186531	0.002240821253
186532	0.009949592413
186533	0.002797729197
186534	0.001343182633
186535	0.0003255632301
186536	0.008407604923
186537	0.01170058587
186538	0.003574354018
186539	0.002745240055
186540	0.00021210382
186541	0.006981766284
186542	0.004294110741
186543	0.008944218636
186544	0.004460238192
186545	0.002035916667
186546	0.006065396997
186547	0.0008159708877
186548	0.000746578515
186549	0.00170249144
186550	0.0009957485734
186551	0.006338371566
186552	0.01245114413
186553	0.006562448446
186554	0.002614454499
186555	0.005450272305
186556	0.004421112614
186557	0.003015424962
186558	0.005899142966
186559	0.0003897547833
186560	0.01110088928
186561	0.0009430348735
186562	0.006388355819
186563	0.008190435713
186564	0.00454231009
186565	0.01297861396
186566	0.00936276
186567	0.001990419748
186568	0.003431468394
186569	0.006088678276
186570	0.005884407244
186571	0.01509063152
186572	0.003110003656
186573	0.001268299719
186574	0.008377350389
186575	0.003858217756
186576	1.922885306e-05
186577	0.002229181693
186578	0.001826416536
186579	0.001455231257
186580	0.003038616123
186581	0.002322944433
186582	0.001066563852
186583	0.007401147132
186584	0.01168245885
186585	0.006598451798
186586	0.005894794736
186587	0.002942459353
186588	0.001675676792
186589	0.005248601176
186590	0.007656569501
186591	0.004026841383
186592	0.001461664447
186593	0.009522581584
186594	0.0136126458
186595	0.00965724354
186596	0.01092923939
186597	0.00262802999
186598	0.001453856885
186599	0.001111443046
186600	0.009975214402
186601	0.01252155399
186602	0.01081911458
186603	0.002007449651
186604	0.004747527022
186605	0.007083149779
186606	0.009493013341
186607	0.002622443266
186608	0.008118303922
186609	0.004445452067
186610	0.002241134294
186611	0.002115431224
186612	0.01046109222
186613	0.003407963807
186614	0.002571861038
186615	0.003605561616
186616	0.007680727618
186617	0.002401157719
186618	0.007218030975
186619	0.002647893627
186620	0.002352741757
186621	0.003981230004
186622	0.001516580503
186623	0.003404512857
186624	0.0004802948836
186625	0.002209830909
186626	0.00523817323
186627	0.005668776894
186628	0.002492670185
186629	0.004990044061
186630	0.001869469275
186631	0.002495998357
186632	0.002213232816
186633	0.01144332481
186634	0.002628787306
186635	0.003208132141
186636	0.0009794001858
186637	0.005148482571
186638	0.002389546166
186639	0.01343536229
186640	0.02085276784
186641	0.001988205724
186642	0.006169349171
186643	0.003557698448
186644	0.0007000447841
186645	0.0003184126199
186646	0.02097843498
186647	0.001374357678
186648	0.005225272195
186649	0.004074325859
186650	0.0004503490321
186651	0.003117336109
186652	0.002586165353
186653	0.006757959223
186654	0.003769307408
186655	0.001139698796
186656	0.0004199311321
186657	0.002002852991
186658	0.002470224967
186659	0.002007629784
186660	0.01051150176
186661	0.005471754743
186662	0.007904793503
186663	1.73039565e-05
186664	0.01093602049
186665	0.004851219875
186666	0.001732626019
186667	0.01200096634
186668	0.01067367618
186669	8.935203061e-05
186670	0.004086482647
186671	0.001622702848
186672	0.001987677108
186673	0.005255614595
186674	0.00705130805
186675	0.00150182694
186676	0.001154774555
186677	0.0008309153526
186678	0.005515842569
186679	0.005641080096
186680	0.009296531997
186681	0.007352725157
186682	0.0007660626263
186683	0.002531153185
186684	0.001660874393
186685	0.007428880516
186686	0.006604276249
186687	0.001950973056
186688	0.002315926912
186689	0.006432236055
186690	0.002166837266
186691	0.005159166701
186692	0.005357166668
186693	0.004264858016
186694	0.002627020678
186695	0.001798451404
186696	0.0151715748
186697	0.006875531159
186698	0.008133708676
186699	0.00483544756
186700	0.01570440238
186701	0.002835271127
186702	0.004395293721
186703	0.002766106247
186704	0.01168591634
186705	0.006086981739
186706	0.001708734773
186707	0.008234225152
186708	0.0122505569
186709	0.009151284263
186710	0.001253982812
186711	0.009587153628
186712	0.006694738306
186713	0.0006973319922
186714	0.001409762902
186715	0.007137220938
186716	0.00265358616
186717	0.0007073987717
186718	0.001568947807
186719	0.00901663372
186720	0.003276953255
186721	0.003929085053
186722	0.001081732414
186723	0.01012919672
186724	0.011602768
186725	0.001469096029
186726	0.01476972053
186727	0.002996943089
186728	0.009512626487
186729	0.002729049572
186730	0.0004454905089
186731	0.008563890873
186732	0.007520980789
186733	0.004826954903
186734	0.007295185256
186735	0.004953880716
186736	0.01108543374
186737	0.001837344226
186738	0.001194434791
186739	0.008448981673
186740	0.0008034208262
186741	0.0009133572569
186742	0.002901813574
186743	0.01253933641
186744	0.001636865968
186745	0.005186205575
186746	0.005354638635
186747	0.001898441043
186748	0.003068772776
186749	0.001346587523
186750	0.004530524231
186751	0.006456735495
186752	0.005369298305
186753	0.006297189461
186754	0.003514295902
186755	0.008140437804
186756	0.004038416486
186757	0.003200578862
186758	0.00477653573
186759	0.0001308210006
186760	0.01008802496
186761	0.007509934122
186762	0.008527777904
186763	0.004804451645
186764	0.01904085588
186765	0.00949029105
186766	0.0001101079762
186767	0.004476730758
186768	0.01391038193
186769	0.001165243542
186770	0.001711839777
186771	0.003679275457
186772	0.002377037981
186773	0.003417411756
186774	0.007118385952
186775	0.006612957958
186776	0.007459978127
186777	0.001260375395
186778	0.005263536415
186779	0.004022397968
186780	0.006879941102
186781	0.005824505338
186782	0.007822632224
186783	0.01406406203
186784	0.001190800084
186785	0.008210534464
186786	0.00644507325
186787	0.00950341933
186788	0.00674846208
186789	0.00303417923
186790	0.003240811749
186791	0.003111823677
186792	0.008123428708
186793	0.008426711071
186794	0.008246362871
186795	0.01104370501
186796	0.0090436715
186797	0.005033956398
186798	0.002775031064
186799	0.0006697735161
186800	0.007304097228
186801	0.008772613307
186802	0.007338266901
186803	0.006546799428
186804	0.004933568706
186805	0.009711903853
186806	0.002795671795
186807	0.006310213321
186808	0.009369474233
186809	0.01034723689
186810	0.006787940656
186811	0.002177575306
186812	0.001506082461
186813	6.390696016e-05
186814	0.0158621298
186815	0.01833947487
186816	0.0008143925277
186817	0.001166940861
186818	0.01108368197
186819	0.003257494785
186820	0.006298381946
186821	0.009031787361
186822	0.009663558191
186823	0.007425605802
186824	0.001082785977
186825	0.02122695339
186826	0.0009650875376
186827	0.00758977179
186828	0.0002899563399
186829	0.005913578074
186830	0.006704677804
186831	0.002151970247
186832	0.01278403652
186833	0.002694661823
186834	0.01017102907
186835	0.008849364732
186836	0.004908187724
186837	0.01085508894
186838	0.002481977279
186839	0.007453662316
186840	0.009321433675
186841	0.005141333867
186842	0.00190624544
186843	0.0008536934291
186844	0.002011700528
186845	0.01801429754
186846	0.003806482823
186847	0.001721282871
186848	0.005257826746
186849	0.00694187021
186850	0.005640265198
186851	0.01221377018
186852	0.0008612717714
186853	0.007011304118
186854	0.009655278926
186855	0.004543742986
186856	0.005635105295
186857	0.001119913658
186858	0.003144598915
186859	0.00344182287
186860	0.006930707836
186861	0.0098003599
186862	0.0007592006361
186863	0.002163146867
186864	0.002682041774
186865	0.001631984318
186866	0.007158402133
186867	0.0004269545311
186868	0.007148738136
186869	0.007997460078
186870	0.0008185338331
186871	0.001890262856
186872	0.0007803420438
186873	0.01663531457
186874	0.0004615380285
186875	0.006536137346
186876	0.005618587708
186877	0.004616348106
186878	0.001898584999
186879	0.01233880047
186880	0.005369339725
186881	0.002199965968
186882	0.0004511116076
186883	0.004945535153
186884	0.006251347943
186885	0.001985804076
186886	0.0005009299662
186887	0.001429737171
186888	0.009891471561
186889	6.155479055e-06
186890	0.0003141855863
186891	0.008384749639
186892	0.0003910307722
186893	0.00760035117
186894	0.00436961204
186895	0.002571335856
186896	0.00183007344
186897	0.0002493224335
186898	0.002571460581
186899	0.002261837821
186900	0.01146606202
186901	0.001441335133
186902	0.004108970559
186903	0.0006957218619
186904	0.004809038941
186905	0.003238904481
186906	0.00312127917
186907	0.003739015996
186908	0.003299405964
186909	0.0006989757878
186910	0.003695352485
186911	0.003891020674
186912	0.0005905054562
186913	0.002482540474
186914	0.009130504701
186915	0.004575145316
186916	0.0009613890883
186917	0.004718993261
186918	0.0006874365388
186919	0.0003649373184
186920	0.001649447795
186921	0.001540590859
186922	0.001031286022
186923	0.0106736708
186924	0.002053807476
186925	0.003051544296
186926	0.0006659810696
186927	0.0009926327145
186928	0.002031641493
186929	0.005924650686
186930	0.00130478492
186931	0.004492507578
186932	0.007504904337
186933	0.007610644542
186934	0.002593991478
186935	0.003198717186
186936	0.0002764488389
186937	0.001055354962
186938	0.004163627483
186939	0.001481565461
186940	0.003241330165
186941	0.002833100244
186942	0.0001028166359
186943	0.002097026963
186944	0.0009674886193
186945	0.003485734378
186946	0.0003710487949
186947	0.003867005632
186948	0.0001111980227
186949	0.0001201365588
186950	0.001724291199
186951	0.007703609934
186952	0.001170609626
186953	0.001442749607
186954	7.458033388e-05
186955	0.001129093074
186956	0.001461747207
186957	0.0004611715556
186958	0.001723213215
186959	0.001351676978
186960	0.002175882553
186961	0.004622392344
186962	0.002379022336
186963	0.0003696828327
186964	0.01415740337
186965	0.01103205923
186966	0.004998573445
186967	0.001758857968
186968	0.004310941319
186969	0.007137603926
186970	0.00157045875
186971	0.003255054933
186972	0.006520559934
186973	0.0001734647977
186974	0.008194390533
186975	0.0003064495426
186976	0.0006929072044
186977	0.0006996416723
186978	0.001940622911
186979	0.0005669767552
186980	0.0006735943346
186981	0.0006742443846
186982	0.0006184559206
186983	0.0003835163943
186984	0.0005548059185
186985	0.0006906516786
186986	0.0009467137227
186987	0.0006072220832
186988	0.0006785360246
186989	0.0007226151725
186990	0.0006339346109
186991	0.001554411113
186992	0.0006058295958
186993	0.0006769786464
186994	0.0005761729381
186995	0.002055465671
186996	0.003400563563
186997	0.000571086403
186998	0.0006861767159
186999	0.00648304099
187000	0.0002157716355
187001	4.585610585e-05
187002	0.02440245539
187003	0.003588211359
187004	0.005591403869
187005	0.004457491469
187006	0.003023478379
187007	0.001044857889
187008	0.003178748906
187009	0.004049212289
187010	0.001435637299
187011	0.0111926307
187012	0.006350499139
187013	0.0144728311
187014	0.004550022518
187015	0.01033489828
187016	0.006956524698
187017	0.009803600004
187018	0.002715965996
187019	0.00644124571
187020	0.002962922955
187021	0.002873206924
187022	0.0005969814942
187023	0.005309573943
187024	0.004409339533
187025	0.002228190018
187026	0.001432676776
187027	0.004620068788
187028	0.001909716849
187029	0.00708909757
187030	0.004452508724
187031	0.001508818568
187032	0.003176367897
187033	0.01289952481
187034	0.01250788133
187035	0.002150130397
187036	0.00330314531
187037	0.0003580995116
187038	0.0035156288
187039	0.00560899189
187040	0.00150497725
187041	0.004364221884
187042	0.005880341097
187043	0.01674543292
187044	0.0009082173827
187045	0.0008087463579
187046	3.431370947e-05
187047	0.00261998581
187048	0.004060919497
187049	0.002139194285
187050	0.006337603609
187051	0.002501949115
187052	0.0005313196581
187053	0.004995982745
187054	0.00293459989
187055	0.01309479764
187056	0.0003424568777
187057	0.001130786168
187058	0.001548920317
187059	0.001254959692
187060	0.003166228308
187061	0.0003172382089
187062	0.001438949613
187063	0.002267344226
187064	0.003381900446
187065	0.0003961089125
187066	0.005299841063
187067	0.0008354900584
187068	0.002975921276
187069	0.0003696431422
187070	0.0001518704568
187071	0.001244762551
187072	0.001926702397
187073	0.008791884663
187074	1.984021895e-06
187075	0.002188830464
187076	0.002295986498
187077	0.002199392424
187078	0.005342717139
187079	0.005427265755
187080	0.001025956849
187081	0.006082126236
187082	0.0009210775811
187083	0.0001279214159
187084	0.006099737652
187085	0.00747689719
187086	0.0008694037611
187087	0.005041338008
187088	0.004515264659
187089	0.0008684192696
187090	0.002261877913
187091	0.003936982551
187092	0.0009031071388
187093	0.003107009303
187094	0.002297844608
187095	0.001450079473
187096	0.001777474
187097	0.004318729726
187098	0.001633622177
187099	0.003310331601
187100	0.001874695809
187101	0.001953983386
187102	0.001781029054
187103	6.826867442e-05
187104	0.001785162206
187105	0.00162285238
187106	0.002339283851
187107	0.002203070945
187108	0.001872275673
187109	0.001499248236
187110	0.001660865664
187111	0.001250164162
187112	0.001809627419
187113	0.001580371629
187114	0.0004598690103
187115	0.001657818826
187116	0.0009880026683
187117	0.001877162745
187118	0.002472103732
187119	0.001416132034
187120	0.001991436027
187121	0.001648997868
187122	0.002630616373
187123	0.002009602008
187124	0.002105541146
187125	0.001892844486
187126	0.00151205416
187127	0.002212831493
187128	0.002022191606
187129	0.002524124257
187130	0.001781854522
187131	0.002174735102
187132	0.001428133618
187133	0.002619959594
187134	0.001777248801
187135	0.002348788336
187136	0.002492259623
187137	0.001842571799
187138	0.00293213822
187139	0.0002591732329
187140	0.001706590362
187141	0.002721505922
187142	0.001699046997
187143	0.002537612367
187144	0.001613459898
187145	0.001433613289
187146	0.001717731779
187147	0.002026997945
187148	0.001827400362
187149	0.002037972327
187150	0.004358451231
187151	0.001147878143
187152	0.002303396934
187153	0.00279251339
187154	0.003892763467
187155	0.003705664334
187156	0.002124607213
187157	0.001633118344
187158	0.001706531798
187159	0.005798233446
187160	0.003116126684
187161	0.000424228949
187162	0.002591996449
187163	0.004793076193
187164	0.0114235376
187165	0.0005608986916
187166	0.0007578759536
187167	0.0008342033983
187168	0.0006200653717
187169	0.005168787308
187170	0.001149296208
187171	0.0003319885809
187172	0.003710633943
187173	0.001002774894
187174	0.0008878313014
187175	0.001508371468
187176	0.0004725343332
187177	0.0004171949649
187178	0.001094209751
187179	0.001437310375
187180	0.00296870633
187181	0.0001762407779
187182	0.0003335059246
187183	0.001626848408
187184	0.0002761381453
187185	0.002616127284
187186	0.0002586881244
187187	0.001154152565
187188	0.0004862609868
187189	0.0007325635601
187190	0.001369056657
187191	0.001650710316
187192	0.0007683567666
187193	0.0005661190879
187194	0.0004777873128
187195	0.001408752317
187196	7.396235327e-05
187197	0.003951762622
187198	0.004093537523
187199	0.005214353496
187200	0.003791670314
187201	0.005116951392
187202	0.004659459503
187203	0.003338117977
187204	0.003677444029
187205	0.004104053928
187206	0.0037236005
187207	0.005472100424
187208	0.004108707539
187209	0.004698302845
187210	0.004125790941
187211	0.006212819927
187212	0.009205797736
187213	0.004671241456
187214	0.003927758491
187215	0.003537384096
187216	0.004685205309
187217	0.004009363842
187218	0.003218244149
187219	0.004219359659
187220	0.004512657774
187221	0.004415660574
187222	0.003855671657
187223	0.004574741307
187224	0.004540589853
187225	0.004627711769
187226	0.004425709016
187227	0.005150061371
187228	0.004732810467
187229	0.003305179072
187230	0.004319995553
187231	0.003469164455
187232	0.004502789769
187233	0.004649460406
187234	0.001242855697
187235	0.00071433476
187236	0.0004576318331
187237	0.0003416285321
187238	0.0002521399807
187239	9.940256635e-06
187240	0.001091715809
187241	0.0007923120959
187242	0.001025413823
187243	0.001669605257
187244	0.0002235428317
187245	0.0006279450398
187246	0.0001629932552
187247	0.0004092753066
187248	0.001297824376
187249	0.0001745540758
187250	0.0002236535697
187251	0.000159706457
187252	0.001141060835
187253	0.007405989054
187254	0.000970608751
187255	0.002235411979
187256	0.006687873043
187257	0.0006912200774
187258	0.005903741556
187259	0.001297466389
187260	0.001029343951
187261	0.007615491158
187262	0.000341384168
187263	0.005684609354
187264	0.005227993656
187265	0.002898839783
187266	0.004446139953
187267	0.001485759211
187268	0.006675548491
187269	0.01297207723
187270	0.01189102701
187271	0.0004398594437
187272	0.00734291253
187273	0.002110621098
187274	0.003130513645
187275	0.003399749596
187276	0.001436002132
187277	0.01116627333
187278	0.01235562918
187279	0.001882600667
187280	0.0009227560962
187281	9.622315363e-05
187282	0.001978934719
187283	0.0005262597998
187284	0.001826291976
187285	0.000107053575
187286	0.001989217462
187287	0.001398854726
187288	0.00226494032
187289	0.0005119537807
187290	0.001703254774
187291	0.001968396817
187292	0.002178983951
187293	0.002041612483
187294	0.001862721466
187295	0.001941266404
187296	0.001884118543
187297	0.001625801317
187298	0.001939640297
187299	0.005218460186
187300	0.002360419095
187301	0.001850154209
187302	0.002020686361
187303	0.003963003223
187304	0.004010746339
187305	0.001447377056
187306	0.001647236348
187307	0.001745883927
187308	0.001967298853
187309	0.001447152009
187310	0.001856356113
187311	0.001842119316
187312	0.002645867475
187313	0.006983103478
187314	0.001390249983
187315	0.001719994518
187316	0.003065705182
187317	0.002137873781
187318	0.0005813886373
187319	0.001433296449
187320	0.001814588679
187321	0.001864866589
187322	0.001258777085
187323	0.001070735271
187324	0.0002805640647
187325	0.001624873719
187326	0.001848644413
187327	0.001524225811
187328	0.001489601462
187329	0.001729466937
187330	0.001617750464
187331	0.001778750305
187332	0.001042136665
187333	0.001952214706
187334	0.002094995767
187335	0.001159199609
187336	0.001401705365
187337	0.001726019744
187338	0.002420286133
187339	0.0008042354178
187340	0.002633151769
187341	0.004580847969
187342	0.007254496655
187343	0.00145924707
187344	0.002172193208
187345	0.001852269178
187346	0.003116701216
187347	0.0001321204543
187348	0.003833627831
187349	0.002466276966
187350	0.002321563658
187351	0.003783728253
187352	0.00444759888
187353	0.005113907773
187354	0.002290057689
187355	0.0008006749343
187356	0.0003901115695
187357	0.0002718945031
187358	0.0001702741137
187359	0.001270835046
187360	0.000624099065
187361	0.004863722458
187362	0.008528585974
187363	0.00177028538
187364	0.000170629841
187365	0.001552709027
187366	0.004337699691
187367	0.004837088388
187368	0.003146020895
187369	0.001011404513
187370	0.007266642764
187371	0.001133807964
187372	0.002613025224
187373	0.002285042309
187374	0.0003120907263
187375	0.004734732356
187376	0.002878443631
187377	0.005441649673
187378	0.0003739510244
187379	0.001289246788
187380	0.0007367650726
187381	0.005157769975
187382	0.0003471668535
187383	0.002656676995
187384	0.002644420692
187385	0.004757439454
187386	0.01572876917
187387	0.005629635992
187388	0.0008057672909
187389	0.001851445239
187390	0.01502061857
187391	0.00725048468
187392	0.001225751416
187393	0.0005180143825
187394	0.002908232101
187395	0.0003969440234
187396	0.001877896367
187397	0.003712699518
187398	0.002812351946
187399	0.00804254335
187400	0.0006031438108
187401	0.004713030062
187402	0.005208746869
187403	0.0005778763535
187404	0.0002267917937
187405	0.009196045374
187406	0.001400640213
187407	0.0004164458654
187408	0.005784755807
187409	0.003850547932
187410	0.002544105795
187411	0.0002028145476
187412	0.001868572963
187413	0.0004793816815
187414	0.002534668611
187415	0.00778536648
187416	0.003449002706
187417	0.01146338026
187418	0.001467195397
187419	0.000870188042
187420	0.002980802977
187421	0.009811349286
187422	0.001174694385
187423	0.01737217805
187424	0.0006233272678
187425	0.0003290819368
187426	0.002514196511
187427	0.002706583572
187428	0.006761183134
187429	0.0009028852336
187430	0.0004041467366
187431	0.007833718482
187432	0.002833434011
187433	0.0002458397401
187434	0.01752991408
187435	0.003700875355
187436	0.0007214612027
187437	0.001202100914
187438	0.000484820164
187439	0.0008510105539
187440	9.871241731e-05
187441	0.0005914398906
187442	0.001216211056
187443	0.0002864641985
187444	0.001790379773
187445	0.0007999145144
187446	0.001868465395
187447	0.0006352116799
187448	0.0009543034229
187449	0.001370591468
187450	0.0009463297474
187451	0.0009541370358
187452	0.0009595982528
187453	0.0003814273643
187454	0.001096826439
187455	0.0007819712298
187456	0.001955921978
187457	0.0007264735977
187458	0.002237925643
187459	0.001425906058
187460	0.0001249995805
187461	0.001543715356
187462	0.002094376634
187463	0.0003080076921
187464	0.0004871743319
187465	0.0007341316042
187466	0.001431846862
187467	0.0003227549819
187468	0.0003264826482
187469	0.0007121566699
187470	0.000665282078
187471	0.0005413653387
187472	0.003279302602
187473	0.002347621152
187474	0.001154569866
187475	0.001352622894
187476	0.003136095817
187477	0.003986535049
187478	0.001542384025
187479	0.003048834963
187480	0.000570599935
187481	0.005339182229
187482	0.0002618823095
187483	0.005342269946
187484	0.00274129484
187485	0.003253049716
187486	0.002813918778
187487	0.003220751697
187488	0.002940554451
187489	0.003301149106
187490	0.006621918858
187491	0.009239541162
187492	0.00884565148
187493	0.005730348858
187494	0.01857072
187495	0.01594819795
187496	0.0004120830306
187497	0.00584627254
187498	0.000911501446
187499	0.009399918221
187500	0.005774794771
187501	0.0009312352778
187502	0.0001669804883
187503	0.001960580717
187504	0.003178787299
187505	0.008707043688
187506	0.001579285359
187507	0.0007234118516
187508	0.00209308952
187509	0.004395250968
187510	0.003573489485
187511	0.008918144807
187512	0.005452761973
187513	0.001510618232
187514	0.002635452696
187515	0.002573139387
187516	0.0001363463191
187517	0.0004157143212
187518	8.388875324e-05
187519	0.002720509819
187520	0.0005132185385
187521	0.001819765457
187522	0.002287300617
187523	0.00235608754
187524	0.00307495194
187525	0.007087130027
187526	0.01169020303
187527	0.004292426451
187528	0.003162577384
187529	0.001132757628
187530	0.0062757126
187531	0.008577280614
187532	0.002283176678
187533	0.004354161966
187534	0.000828646031
187535	0.0007481609177
187536	0.001792990056
187537	0.002427358288
187538	0.01303936611
187539	0.01069533606
187540	0.01143295523
187541	0.003409361952
187542	0.006064051619
187543	0.01088550672
187544	0.0009005935691
187545	0.009470889368
187546	0.001505411517
187547	0.01150075572
187548	0.00304426678
187549	0.004369405131
187550	0.005575945985
187551	0.005017205868
187552	0.003240051676
187553	0.0043842197
187554	0.001236231511
187555	0.001440314774
187556	0.001618343107
187557	0.003824665355
187558	0.01103652033
187559	3.890516453e-05
187560	0.003308858484
187561	0.003475726482
187562	0.004755334658
187563	0.002995419654
187564	0.003863565016
187565	0.001405008445
187566	0.002622590792
187567	0.006074154639
187568	0.002262129082
187569	0.0003878111287
187570	0.001889483098
187571	0.009340237485
187572	0.0002638438071
187573	0.0004170615993
187574	0.00158232403
187575	0.003952266695
187576	0.005293216509
187577	0.005983178827
187578	0.0004614571612
187579	0.007557718762
187580	0.01263069445
187581	0.003719565039
187582	0.009935260529
187583	0.008927695697
187584	0.01446811348
187585	0.002792943633
187586	0.01554122558
187587	0.00345474966
187588	0.0002197288277
187589	0.002011879662
187590	0.008844911729
187591	0.01911699755
187592	0.001457285448
187593	0.01303187798
187594	0.01280460624
187595	0.002203171168
187596	0.009970335192
187597	0.001337169666
187598	0.005204509735
187599	0.004062834644
187600	0.003767368115
187601	0.0005763975011
187602	0.00827322331
187603	0.004554936893
187604	0.002378744887
187605	0.004301041805
187606	0.005765725812
187607	0.01026249797
187608	0.0002541741328
187609	0.0003199479083
187610	0.005649769573
187611	0.002199664697
187612	0.001608431361
187613	0.002993080672
187614	0.004100819612
187615	0.001702543754
187616	0.008257961291
187617	0.0009764921234
187618	0.006025038162
187619	0.007115242781
187620	0.004243151723
187621	0.006553266686
187622	0.002421700221
187623	0.007148969657
187624	0.002671095532
187625	0.003174674573
187626	0.004688179008
187627	0.005456595672
187628	0.005889373526
187629	0.006728704254
187630	0.005730775806
187631	0.006713156035
187632	0.001618285517
187633	0.001178559768
187634	0.002219818435
187635	0.00382967662
187636	0.01242142483
187637	0.002711418063
187638	0.001214458427
187639	0.003157255053
187640	0.002039313259
187641	0.0007785982179
187642	0.001361271652
187643	0.004676566789
187644	0.0007186977633
187645	0.001065492665
187646	0.00106110695
187647	0.0002433013696
187648	0.007987923279
187649	0.004986405357
187650	0.0006024419069
187651	0.004584044769
187652	0.0004608432529
187653	0.01008065014
187654	0.003277506285
187655	0.001587740067
187656	0.0006265298326
187657	0.001222879066
187658	0.005058807622
187659	0.004058794472
187660	0.009890229386
187661	0.0009740369113
187662	0.001219271612
187663	0.0008067642021
187664	7.675391692e-05
187665	0.0002614585624
187666	0.002092168541
187667	0.001728752759
187668	0.0006925685725
187669	0.0015432031
187670	0.0005259813833
187671	0.004201165034
187672	0.0007605738501
187673	0.007408679547
187674	0.0008253482969
187675	0.001488284183
187676	0.008622503853
187677	0.0002221131887
187678	0.001621767911
187679	0.0009200861023
187680	0.0001057958317
187681	0.001481135062
187682	0.008390931002
187683	0.006904684313
187684	0.01329400672
187685	0.001022141372
187686	0.00146332784
187687	0.004410283238
187688	0.009211038104
187689	0.001394873836
187690	0.007887885558
187691	0.000533218358
187692	0.007485659572
187693	0.003945511607
187694	0.0009773948065
187695	0.005658374574
187696	0.001542829066
187697	0.000994561039
187698	0.003854873495
187699	0.001677926285
187700	0.001106094305
187701	0.00266807998
187702	0.01228467886
187703	0.01047930445
187704	0.008770266988
187705	0.001202812256
187706	0.006678989702
187707	0.004886704062
187708	0.009630240262
187709	0.0005273894771
187710	0.0007276649463
187711	0.001315774427
187712	0.00152162371
187713	0.01051545129
187714	0.01317903587
187715	0.002468883324
187716	0.01120147392
187717	0.0004299210917
187718	0.001981629503
187719	0.0008837678529
187720	0.0001715792478
187721	0.002144467112
187722	0.001515849801
187723	0.004948655717
187724	0.003883004627
187725	0.002517200464
187726	0.00303780517
187727	0.01376013064
187728	0.005173150324
187729	0.008903496463
187730	0.003503094325
187731	0.002848055081
187732	0.01688087824
187733	0.009658024738
187734	0.004463573168
187735	0.001387324174
187736	4.057068827e-05
187737	0.003105261372
187738	0.001237401202
187739	0.006187689091
187740	0.002505722798
187741	0.0001582188376
187742	0.006462422086
187743	0.01006178379
187744	0.005336327413
187745	0.00455901125
187746	0.002653646822
187747	0.0003222571389
187748	0.009796216678
187749	0.006172897801
187750	0.005037531082
187751	0.01246585775
187752	0.005219859487
187753	0.002297989874
187754	0.01038851445
187755	0.002158180778
187756	0.005733436279
187757	0.0008216381931
187758	0.000469240572
187759	0.0001571781278
187760	0.005027051568
187761	8.184518026e-06
187762	0.001808054438
187763	0.005903261804
187764	0.007643281421
187765	0.01079215987
187766	0.006448173416
187767	0.001587181902
187768	0.001949778648
187769	0.005088889582
187770	0.005852858239
187771	0.001516404775
187772	0.006100284056
187773	0.005369007576
187774	0.002331942537
187775	0.007630550678
187776	0.01127150929
187777	0.0001790537814
187778	0.005023215327
187779	0.003486474413
187780	0.002571513482
187781	0.01033120566
187782	0.00590244131
187783	0.0002408354895
187784	0.002005567242
187785	0.01120068068
187786	0.008246958902
187787	0.006430046385
187788	0.008684621401
187789	0.00340902865
187790	0.01073510673
187791	0.006173741296
187792	0.008298811502
187793	0.005328667022
187794	0.0006742009228
187795	0.001711401638
187796	0.004226121269
187797	0.01514924886
187798	0.01036336751
187799	0.001881285833
187800	0.001025180498
187801	0.0005056753177
187802	0.0002769058542
187803	0.0005871423992
187804	0.002423268222
187805	0.00994301684
187806	0.01015533604
187807	0.01303160898
187808	0.001083252508
187809	0.0005465151024
187810	0.003865331496
187811	0.006359830977
187812	0.006531716701
187813	0.001492610376
187814	0.004123120671
187815	2.872428812e-05
187816	0.004173692002
187817	0.003683245634
187818	0.002143927128
187819	0.01041286198
187820	0.01207175217
187821	0.003332077672
187822	0.0002713385961
187823	0.007425655218
187824	0.01132546048
187825	0.002935584873
187826	0.004794863234
187827	0.007845532925
187828	0.006988909977
187829	0.01108466182
187830	0.0003846292155
187831	0.01367643702
187832	0.001015690857
187833	0.001736947346
187834	0.0002541981556
187835	0.002370903775
187836	0.003014444868
187837	0.009392306525
187838	0.01123333997
187839	0.005145458299
187840	0.003425834399
187841	0.008029084386
187842	0.001850670995
187843	0.003916492198
187844	0.01133412765
187845	0.01391987906
187846	0.01614042103
187847	0.00227509295
187848	0.0007185089366
187849	0.008833533238
187850	0.002126322718
187851	0.007465784341
187852	0.001540133009
187853	0.009952015261
187854	0.0001683779333
187855	0.0003152229643
187856	0.0004756079714
187857	0.008290097579
187858	0.004215313741
187859	0.007700540691
187860	0.01331790297
187861	0.01176443951
187862	0.003990632781
187863	0.006006664663
187864	0.00338705404
187865	0.00168802796
187866	0.003488117995
187867	0.009832569278
187868	0.006859969996
187869	0.003904938252
187870	0.002751231114
187871	0.006158924424
187872	0.004767677655
187873	0.007349583465
187874	0.001398081738
187875	0.005862180633
187876	0.007789735501
187877	0.001693853147
187878	0.002068617679
187879	0.006801068074
187880	0.005860256629
187881	0.004410469989
187882	0.004003042767
187883	0.01525237248
187884	0.0005141395649
187885	0.006761914626
187886	0.00150506352
187887	0.008860270429
187888	0.001401726051
187889	0.01143720856
187890	0.004369851565
187891	0.006994502809
187892	0.001387201949
187893	0.01052973957
187894	0.009431471203
187895	0
187896	8.010891703e-05
187897	0.0006565424478
187898	0.01057979178
187899	0.002184821343
187900	0.007099576629
187901	0.005746281867
187902	0.005574874836
187903	0.001836119035
187904	0.008226716793
187905	0.001832581052
187906	0.009485831865
187907	0.006378857553
187908	0.004746248291
187909	0.001186642144
187910	0.01020449718
187911	0.009034310046
187912	0.002987060922
187913	0.008454550727
187914	0.009010288183
187915	0.00160297621
187916	0.01537908
187917	0.007379510338
187918	0.0002269026473
187919	0.0119762402
187920	0.00546138615
187921	0.01027061816
187922	0.008233879401
187923	0.005940393629
187924	0.0005801817635
187925	0.0003453246135
187926	0.01210609477
187927	0.006214664956
187928	0.000264526551
187929	0.006625179254
187930	0.003503931626
187931	0.009990543511
187932	0.003148028523
187933	0.00430836906
187934	0.005350552447
187935	0.002612588913
187936	0.004714898643
187937	0.008335265235
187938	0.01367201314
187939	0.01018559807
187940	0.001209440162
187941	0.01614042752
187942	0.009433996633
187943	0.01063574946
187944	0.004240191605
187945	7.260955569e-07
187946	0.0008465375796
187947	0.01002110062
187948	0.006364918157
187949	0.01375899015
187950	0.004507538665
187951	0.01043957214
187952	0.01007306101
187953	0.001725787713
187954	0.009894332277
187955	0.008405917784
187956	0.001930688753
187957	0.003032524472
187958	0.002058582824
187959	0.001162051387
187960	0.006978354208
187961	0.008509919207
187962	0.003367024448
187963	0.008729189501
187964	0.008771744189
187965	0.001325514161
187966	0.009320018324
187967	0.01277485138
187968	0.001525807093
187969	0.005139640141
187970	0.003072739742
187971	0.004495834315
187972	0.005149199366
187973	0.009802122837
187974	0.00184490019
187975	0.004407612403
187976	0.01066652931
187977	0.007081526798
187978	0.01166045805
187979	0.00841148897
187980	0.0005920536631
187981	0.000976631068
187982	0.0008477310479
187983	0.0008504565456
187984	3.779541276e-05
187985	7.358410599e-05
187986	0.0001555230061
187987	0.0006861782543
187988	0.0009861759335
187989	0.009402418393
187990	0.00494206492
187991	0.01049910064
187992	0.001235097744
187993	0.01068804184
187994	0.002235062545
187995	0.004851914206
187996	0.005422512881
187997	0.001200205661
187998	0.003301972429
187999	0.001717630614
188000	0.0008587507367
188001	0.0006636572722
188002	0.001920637158
188003	0.009549575544
188004	0.019094347
188005	0.01301403303
188006	0.007225620929
188007	0.004154964048
188008	0.01290067061
188009	0.006725167543
188010	0.003132938637
188011	0.000464931395
188012	0.00287906245
188013	0.01065802062
188014	0.007470600957
188015	0.002656863783
188016	0.009087171284
188017	0.009582483651
188018	0.003764779407
188019	0.003836160941
188020	0.004984774727
188021	0.00608810233
188022	0.004768768898
188023	0.009921558849
188024	0.002866797417
188025	0.005062830016
188026	0.002925748979
188027	0.01036985402
188028	0.0004379435764
188029	0.008375701131
188030	0.001557125876
188031	0.008233972496
188032	0.001694522449
188033	0.005910495808
188034	0.008850106036
188035	0.0006024165721
188036	0.001624683347
188037	0.002429390934
188038	0.0008111978998
188039	0.01117901368
188040	0.005425189482
188041	0.01014695279
188042	0.004676560153
188043	0.003230560981
188044	0.007819999306
188045	0.009105089349
188046	0.00336585604
188047	0.001025640003
188048	0.009940493466
188049	0.00185569086
188050	0.01295563388
188051	0.004862862125
188052	0.004498490907
188053	0.002395545456
188054	0.007400779312
188055	0.009732904076
188056	0.008306521854
188057	0.003681561318
188058	0.004103695287
188059	0.008802941893
188060	0.008285311349
188061	0.009193727565
188062	0.01572199325
188063	0.005656699656
188064	0.002910265876
188065	0.004391884642
188066	0.004167146006
188067	0.005024456931
188068	0.00236077494
188069	0.01928130211
188070	0.01324091712
188071	0.002928971542
188072	0.00530007343
188073	0.01329529301
188074	0.0002775967539
188075	0.005127629608
188076	0.007457658358
188077	0.001245010027
188078	0.01113656504
188079	0.001533357941
188080	0.00235791373
188081	0.004199399983
188082	0.003720655783
188083	0.001482428774
188084	0.00374750256
188085	0.012482269
188086	0.0007513647824
188087	0.004608720857
188088	0.0008689483303
188089	0.002386429865
188090	0.004257665149
188091	0.01523421529
188092	0.001670545093
188093	0.0006659335452
188094	0.002574146124
188095	0.01308957834
188096	0.008101122905
188097	0.00131857463
188098	0.01075434794
188099	0.01705922485
188100	3.712558884e-05
188101	0.009462478404
188102	0.001422709045
188103	0.0202462358
188104	0.002271824052
188105	0.004574145833
188106	0.005594509752
188107	0.01142125142
188108	0.001022569047
188109	0.008825820887
188110	0.006024112352
188111	0.002322467046
188112	0.001039952115
188113	0.0003110530546
188114	0.002395142253
188115	0.0003968979718
188116	0.009345132552
188117	0.009875936316
188118	0.0007058359769
188119	0.001533344895
188120	0.008608321089
188121	0.0007335898623
188122	0.004345121243
188123	0.006778407913
188124	0.005153093472
188125	0.0152919258
188126	0.01336100297
188127	0.003000306152
188128	0.00380261459
188129	0.003099678524
188130	0.002898106356
188131	0.0009907027409
188132	0.0001795431033
188133	0.001525757776
188134	0.001084090122
188135	0.0008117681855
188136	0.0007430220253
188137	0.001361494421
188138	0.007929807561
188139	0.012773781
188140	0.006459725141
188141	0.0005728135975
188142	0.00421626028
188143	0.005435912975
188144	0.005781575558
188145	0.001295074268
188146	0.009393972643
188147	0.002630885646
188148	0.0004398757029
188149	0.002349735206
188150	0.01245898854
188151	0.0005395340486
188152	0.004194113342
188153	0.001405137631
188154	0.009218428171
188155	0.004957220609
188156	0.00034719385
188157	0.007972937858
188158	0.01050735389
188159	0.007496779231
188160	0.002696720715
188161	0.0008636691141
188162	0.004942559013
188163	0.004517530728
188164	0.003760426186
188165	0.003540979031
188166	0.00438126533
188167	0.000275616177
188168	0.003729856389
188169	0.001483308597
188170	0.0101350831
188171	0.002947551424
188172	0.01895901607
188173	0.005549956019
188174	0.004173385811
188175	0.008991007968
188176	0.002590485575
188177	0.01761089633
188178	0.006011166552
188179	0.0007591113214
188180	0.0005199462083
188181	0.0009679995716
188182	0.007109409961
188183	0.006823322286
188184	0.01027774453
188185	0.000847520736
188186	0.01414786043
188187	0.001572100399
188188	0.005191846436
188189	0.006966920056
188190	0.003714909887
188191	0.004761937974
188192	0.002209140149
188193	0.0007175687038
188194	0.01630241453
188195	0.005858160348
188196	0.001681419115
188197	0.001273356173
188198	0.002064115077
188199	0.0001377599991
188200	0.002755484345
188201	0.001557874142
188202	0.005996873536
188203	8.09000139e-08
188204	0.001246049815
188205	0.0009471177185
188206	0.01408796029
188207	0.00193656767
188208	0.01081184511
188209	0.0213209404
188210	0.001252594327
188211	0.01423073822
188212	0.009636674433
188213	0.0008050541672
188214	0.000240560332
188215	0.0006850054953
188216	0.002666713169
188217	0.008443224624
188218	0.004134586843
188219	0.001608941211
188220	0.004944734508
188221	0.01357047158
188222	0.007034756889
188223	0.01073294644
188224	0.006983408882
188225	0.006820191234
188226	0.003383673348
188227	0.009992914365
188228	0.001159797245
188229	0.0007018689361
188230	0.01576478399
188231	0.002580969717
188232	0.0007926813675
188233	0.009587909917
188234	0.003577592144
188235	0.005949341208
188236	0.0002887985532
188237	0.01596830349
188238	0.007330648826
188239	0.0014630342
188240	0.01591604686
188241	0.00343099033
188242	0.007855746374
188243	0.000752139414
188244	0.01116615079
188245	0.001156533884
188246	0.006906592096
188247	0.01192764029
188248	0.002783258993
188249	0.001829003435
188250	0.009497724353
188251	0.0003415654898
188252	0.01262238398
188253	0.001465733133
188254	0.001091645455
188255	0.01779030739
188256	0.001597690754
188257	0.003546419393
188258	0.00729656801
188259	0.00127636648
188260	0.003782204518
188261	0.0004272657153
188262	0.0004920732004
188263	0.0007965664979
188264	0.0006103303156
188265	0.004068669162
188266	0.005654287449
188267	0.009796623657
188268	0.000885422304
188269	0.001622071501
188270	0.000148579044
188271	0.00150185581
188272	0.007902908793
188273	0.005547430247
188274	0.006032320863
188275	0.004025866831
188276	0.01055083854
188277	0.009607013133
188278	0.009036981519
188279	0.001621339834
188280	0.005061999209
188281	0.002127813341
188282	0.007077285708
188283	0.00147861321
188284	0.005500675113
188285	0.003567528586
188286	0.001653125248
188287	0.006217256237
188288	0.01271109492
188289	0.01311017032
188290	0.01251455003
188291	0.0004589889646
188292	0.0005991309762
188293	0.007316675199
188294	0.001141692923
188295	0.000387550132
188296	0.01195382768
188297	0.01912513453
188298	0.005079385623
188299	0.002607603913
188300	0.001235774951
188301	0.0007106804489
188302	0.001963317747
188303	0.00136443685
188304	0.003311041001
188305	0.0004455874899
188306	0.007557345996
188307	0.007067213213
188308	0.003112185461
188309	0.0008463392353
188310	0.009427628633
188311	0.003237699234
188312	0.001759471531
188313	0.005646571054
188314	0.005817776606
188315	0.003355275994
188316	0.003675127129
188317	0.008494452557
188318	0.001539987927
188319	0.001728960239
188320	0.01095157368
188321	0.001798466916
188322	0.005883125453
188323	0.01516246025
188324	0.004467046654
188325	0.008258032712
188326	0.002011649592
188327	0.00191563112
188328	0.007488312746
188329	0.006320821911
188330	0.005775475627
188331	0.002478798306
188332	0.005918602579
188333	0.002642752441
188334	0.008556215723
188335	0.003569447173
188336	0.003393182426
188337	0.0005772418132
188338	0.0001448561094
188339	0.001510587874
188340	0.003375206934
188341	0.005638605403
188342	0.01794143091
188343	0.0009717268248
188344	0.005769896575
188345	0.004379612924
188346	0.009139196951
188347	0.0007135991746
188348	0.0003176431231
188349	0.01343783337
188350	0.005767265357
188351	0.007307022853
188352	0.008057194778
188353	0.002454074824
188354	0.0005073824766
188355	0.004334964028
188356	0.004921638485
188357	0.004313480469
188358	0.0004936561941
188359	0.004455109307
188360	0.01126186047
188361	0.01133799348
188362	0.004871593685
188363	0.006363437558
188364	0.009272433672
188365	0.002019337422
188366	0.0002371735856
188367	0.0007523261796
188368	0.003215230114
188369	0.002638012655
188370	0.007732483662
188371	0.006158932268
188372	0.001249216257
188373	0.002874644342
188374	0.008983296875
188375	0.01095877691
188376	0.0007521810314
188377	0.005530506903
188378	0.01045447479
188379	0.00275459634
188380	0.009731702218
188381	0.003069606994
188382	0.009085297917
188383	0.01062754875
188384	0.005040325899
188385	0.000866105204
188386	0.004152634347
188387	0.003660202012
188388	0.001131173305
188389	0.00574182797
188390	0.0001822359351
188391	0.002299089614
188392	0.005047754773
188393	0.000605731751
188394	0.006354214097
188395	0.005865557939
188396	0.007065231338
188397	0.006044382332
188398	0.001713864775
188399	0.0003596172758
188400	0.003493489893
188401	0.00476063347
188402	0.005635110763
188403	0.005720716742
188404	0.002364681769
188405	0.001757155943
188406	0.003692289381
188407	0.005319797313
188408	0.003208129629
188409	0
188410	0.00536142455
188411	0.002065534764
188412	0.002908745647
188413	0.01045685126
188414	0.002029469927
188415	0.002866963332
188416	0.01001079893
188417	0.003588644221
188418	0.002370872904
188419	0.0001390220353
188420	0.004621111306
188421	0.001598463284
188422	0.009308876514
188423	0.00674615624
188424	0.003597884314
188425	0.005097428038
188426	0.0023089866
188427	0.001711678319
188428	0.002603658299
188429	0.0002081429239
188430	0.001413088922
188431	0.00908986187
188432	0.0003594420533
188433	0.003880915819
188434	0.009947380723
188435	0.003478407562
188436	0.002176810742
188437	0.00319521706
188438	0.005714500405
188439	0.009361677622
188440	0.004238453132
188441	0.01089559945
188442	0.001100787398
188443	0.001290951152
188444	0.009078006786
188445	0.01240919743
188446	0.00289674081
188447	0.01411697234
188448	0.009817151695
188449	0.001908684338
188450	0.00678894599
188451	0.01166066943
188452	0.002396581148
188453	0.002023756091
188454	0.004372842505
188455	0.004224892001
188456	0.0009621206218
188457	0.005499341541
188458	0.005284877573
188459	0.007488779408
188460	0.01626816506
188461	0.006380652929
188462	0.002886033416
188463	0.0143202554
188464	0.001639869437
188465	0.0109280106
188466	0.003719099209
188467	0.004631920301
188468	0.006142277507
188469	0.004240001619
188470	0.003908477343
188471	0.001875440309
188472	0.007675090892
188473	0.01567106749
188474	0.004468250662
188475	0.0129544176
188476	0.008210509907
188477	0.002429204215
188478	0.01284958374
188479	0.003471252358
188480	0.0140521843
188481	0.006013254327
188482	0.0001567312654
188483	0.001794844001
188484	0.01050820324
188485	0.003927893755
188486	0.004876470898
188487	0.00146301652
188488	0.00412594177
188489	0.003977949125
188490	0.003435736718
188491	0.008013690158
188492	0.005281631064
188493	0.004551287328
188494	0.001509277274
188495	0.006774306729
188496	0.002206109367
188497	0.003124251638
188498	0.009596184594
188499	0.0056236844
188500	0.0001590373818
188501	0.008759245474
188502	0.007424086478
188503	0.002618235676
188504	0.004790538255
188505	0.001431218364
188506	0.00347955667
188507	0.01018406244
188508	0.01018435949
188509	0.0117172061
188510	0.005677932912
188511	0.001588844445
188512	0.00229904587
188513	0.001975758355
188514	0.0008896603232
188515	0.002025238012
188516	0.004594474393
188517	0.001498539823
188518	0.005023558698
188519	0.005003613287
188520	0.005926110318
188521	0.007708700674
188522	0.00482347627
188523	0.0008535359825
188524	0.001181416681
188525	0.002522866273
188526	0.0004290005048
188527	0.001524562067
188528	0.003180120049
188529	0.001201866085
188530	0.0107664569
188531	0.002319857709
188532	0.01319256893
188533	0.001123291409
188534	0.004725070762
188535	0.0003430037444
188536	0.003223262521
188537	0.0007857585695
188538	0.0004075872269
188539	0.00172073141
188540	0.00468184604
188541	0.008908003593
188542	0.0005710605707
188543	0.008200008222
188544	0.001921090715
188545	0.002918414855
188546	0.004561119894
188547	0.0004300913766
188548	0.004108677305
188549	0.003716457377
188550	0.005470027119
188551	0.0002196942037
188552	0.01236967065
188553	0.001517583139
188554	0.01063207208
188555	0.01491277582
188556	0.001742335773
188557	0.005752102027
188558	0.001033804157
188559	0.01016399712
188560	0.003068578916
188561	0.009829144914
188562	0.001220279932
188563	0.00890123698
188564	0
188565	0.0003823564462
188566	0.002527010762
188567	0.002048217381
188568	0.01023007331
188569	0.002063855935
188570	0.01244720041
188571	0.004203539554
188572	0.007850119189
188573	0.005106107842
188574	0.003978386517
188575	0.0008902194201
188576	0.00368205253
188577	0.007717014852
188578	0.002272024866
188579	0.001266262859
188580	0.003337341793
188581	0.001604627816
188582	0.004457482605
188583	0.004843884428
188584	0.003501365158
188585	0.002417588978
188586	0
188587	0.0001667615416
188588	0.005107490793
188589	0.00651301507
188590	0.007943698375
188591	0.01555151651
188592	0.001967464765
188593	0.003701013436
188594	0.001360008175
188595	0.0006021449203
188596	0.004621392797
188597	0.006024526333
188598	0.0006270559994
188599	0.0006027039319
188600	0.01062144781
188601	0.005630628279
188602	0.002747189589
188603	4.010973236e-05
188604	0.002741246355
188605	0.005856149261
188606	0.002951880743
188607	0.008631066333
188608	0.004824353067
188609	0.00489410565
188610	0.0008502524095
188611	0.003815021088
188612	0.003420134492
188613	0.003654141074
188614	0.00371774825
188615	0.005068964981
188616	0.002674255095
188617	0.002516030294
188618	0.002830464348
188619	0.02250506981
188620	0.004109091881
188621	0.0002186557063
188622	0.002283925573
188623	0.0005741552719
188624	0.001025230833
188625	0.00373429605
188626	0.003849287528
188627	0.001114804495
188628	0.0006345630083
188629	0.001646497172
188630	0.001760978664
188631	0.006254059474
188632	0.001775000564
188633	0.01175585083
188634	0.002075567064
188635	0.0025348728
188636	0.0098342616
188637	0.007420349384
188638	0.002137534198
188639	0.0054036372
188640	0.01689812017
188641	0.002961992436
188642	0.006356854247
188643	0.008769542146
188644	0.00257505644
188645	0.003844422594
188646	0.001375706721
188647	0.0006340971632
188648	0.00876521454
188649	0.008649907131
188650	0.00604580744
188651	0.002120926332
188652	0.006514052773
188653	0.006470892613
188654	0.005288181445
188655	0.001556315632
188656	0.00328512336
188657	0.0006119569878
188658	0.005886382221
188659	0.005657462691
188660	0.008714299666
188661	4.342363668e-05
188662	0.007706482379
188663	0.003796172107
188664	0.002639659534
188665	0.003565984373
188666	0.004799054806
188667	0.0009593499812
188668	0.00261725108
188669	0.008239755879
188670	0.0004781527016
188671	0.004414572924
188672	0.007514561443
188673	0.01422389385
188674	0.003714882208
188675	0.002738575055
188676	0.001870653258
188677	0.003997432591
188678	0.003385127994
188679	0.009096125348
188680	0.002465378791
188681	0.009843179715
188682	0.009154106494
188683	0.006289609532
188684	0.005311146997
188685	0.009379149993
188686	0.006596322266
188687	0.0007769857326
188688	0.0109632124
188689	0.005366873813
188690	0.01084740238
188691	0.002350422667
188692	0.001866467096
188693	0.002513282316
188694	0.0009268356011
188695	0.002603071827
188696	0.009786724128
188697	0.0009358351125
188698	0.0009885659511
188699	6.25548158e-06
188700	0.001167740419
188701	0.005260045224
188702	0.006057542015
188703	0.01238502534
188704	0.0004946337145
188705	0.0007658009076
188706	0.006107119061
188707	0.008899720195
188708	0.003492872715
188709	0.0003848576693
188710	0.003338462373
188711	0.00312555259
188712	0.001707110192
188713	0.002605572332
188714	0.001893681326
188715	0.00865290586
188716	0.003398248305
188717	0.001308462737
188718	0.01330527122
188719	0.01567931271
188720	0.004506348754
188721	0.0113961367
188722	0.0002757451336
188723	0.002412614335
188724	0.006766951312
188725	0.006621527635
188726	0.001588567711
188727	0.0002315295034
188728	0.005269201678
188729	0.004128081552
188730	0.004967769168
188731	0.001025845258
188732	0.004338093329
188733	0.002729649178
188734	0.002654034034
188735	0.001378173356
188736	0.001258876055
188737	0.0006311382369
188738	0.001222455545
188739	0.001329568029
188740	0.001658075069
188741	0.000817772715
188742	0.00179462109
188743	0.0002174243469
188744	0.00134359739
188745	0.003294275576
188746	0.0007096172195
188747	0.0002374363201
188748	0.0008990103974
188749	0.001829824679
188750	0.0003030601213
188751	2.03299894e-05
188752	0.001297753289
188753	0.0002175326888
188754	0.0004399589931
188755	0.0003428546135
188756	0.0004180671014
188757	0.001008067305
188758	0.0007264685319
188759	0.00103882979
188760	0.00085390364
188761	0.0003243566791
188762	0.01429825283
188763	0.000152230683
188764	0.008228428782
188765	0.001389255715
188766	0.001046854788
188767	0.0005362825175
188768	0.0009888780585
188769	0.003341188051
188770	0.0005893718059
188771	0.0003612667459
188772	0.001106780921
188773	0.0005232782601
188774	0.0005629625921
188775	0.001032700324
188776	0.0002195041653
188777	0.001766340686
188778	0.0001956468036
188779	6.184413741e-05
188780	0.000967680661
188781	0.0009416284166
188782	0.0003739147026
188783	0.0002685871728
188784	0.002408234211
188785	0.0007511283971
188786	0.001779030625
188787	0.000301082139
188788	0.0006189914078
188789	0.0005863844562
188790	0.001284890957
188791	0.0008620181329
188792	0.0007315257909
188793	0.001071636999
188794	0.0007335612532
188795	0.0006983732554
188796	0.001147200101
188797	0.00131855544
188798	0.001266581687
188799	0.002024815106
188800	0.0002272403446
188801	0.0007552142274
188802	0.006532672515
188803	0.0005763516199
188804	0.006136331576
188805	0.0001755431594
188806	0.01195527574
188807	0.002070043011
188808	0.003209471093
188809	0.0036246724
188810	0.005957258198
188811	0.01817686106
188812	0.01019529272
188813	0.002349194123
188814	0.005659618573
188815	0.0001816836486
188816	0.009002407268
188817	0.006131258453
188818	0.006201106977
188819	0.01037787046
188820	0.003704088583
188821	0.004189375704
188822	0.003502250852
188823	0.0105745789
188824	0.005470316211
188825	0.00785896814
188826	0.0008371947127
188827	0.004086899883
188828	0.0001299945741
188829	0.00254186786
188830	0.01185920111
188831	0.0007870501281
188832	0.001473604859
188833	0.007123349975
188834	0.0002324450094
188835	0.0004862983134
188836	0.0006507795269
188837	0.0004638846197
188838	2.814653002e-05
188839	0.001898018142
188840	0.0006537190094
188841	0.001065025031
188842	0.0008886851977
188843	0.003238550202
188844	0.0001692592456
188845	0.0003341993116
188846	0.00626937859
188847	0.005569917132
188848	0.006123967035
188849	0.006943648842
188850	0.00401924147
188851	0.003371236818
188852	0.00717797512
188853	0.003850330871
188854	0.0007922010462
188855	0.002829858463
188856	0.001650933964
188857	0.0009226204755
188858	0.004991187526
188859	0.002961981276
188860	0.002317078253
188861	0.007097204001
188862	0.0007793375941
188863	0.0005393355103
188864	0.008182652477
188865	0.002473128679
188866	0.003324630076
188867	0.004145569334
188868	0.006456102361
188869	0.01034265233
188870	0.001198429437
188871	0.008448958767
188872	0.01540064828
188873	0.001763712837
188874	0.001312613061
188875	0.00212344582
188876	0.005204184377
188877	0.008532959214
188878	0.0008436583257
188879	0.001866699559
188880	0.0003347142619
188881	0.006992617475
188882	0.0008727236784
188883	0.007736060055
188884	0.001025082406
188885	0.008030909372
188886	0.001759259802
188887	0.004110735523
188888	0.004567790421
188889	0.002884883339
188890	1.204695422e-06
188891	0.001557609491
188892	0.00018213461
188893	0.0002678847094
188894	0.0009004141121
188895	0.001658699665
188896	0.009245577225
188897	0.0001016722907
188898	0.001689012192
188899	0.001838485672
188900	0.00010337129
188901	0.001971627787
188902	0.003515731417
188903	0.004870467729
188904	0.0009625053038
188905	0.008243705866
188906	0.007267250886
188907	0.006886260534
188908	0.001711483218
188909	0.008178681532
188910	0.001568413342
188911	0.004317344001
188912	0.002432331174
188913	0.003156537689
188914	0.001557745038
188915	0.0001166269108
188916	0.001209910254
188917	0.005589849655
188918	0.008077918457
188919	0.005229592982
188920	0.002770300979
188921	0.006659375795
188922	0.0007176630826
188923	0.000521457209
188924	0.0192994167
188925	0.001079022638
188926	0.00982349635
188927	0.01196379538
188928	0.002659699215
188929	0.009406388206
188930	0.001577317549
188931	0.0001938619432
188932	0.002033288155
188933	0.005653057511
188934	0.008038854892
188935	0.0005770739239
188936	0.0005207151038
188937	0.00157026231
188938	0.0007167078189
188939	0.002507563118
188940	0.003114876253
188941	0.009831749315
188942	0.00429507158
188943	0.006269278567
188944	0.004618799176
188945	0.002196607
188946	0.01026216255
188947	0.004490013981
188948	0.0001170712563
188949	0.01053779823
188950	0.004457164311
188951	0.005668913145
188952	0.01026894158
188953	0.0007151808428
188954	0.00712058386
188955	0.004078293638
188956	0.006011274456
188957	0
188958	0.002592257449
188959	0.0008275493612
188960	0.001844187859
188961	0.004678980976
188962	0.004302955975
188963	0.005497456202
188964	0.0007208744469
188965	0.001018090453
188966	0.01165985852
188967	0.003882203749
188968	0.01151347142
188969	0.007950615297
188970	0.007069349779
188971	0.007475511519
188972	0.00651589391
188973	0.0008027365879
188974	0.003948767527
188975	0.002527407029
188976	0.005089368983
188977	0.001324537049
188978	0.0008280490785
188979	0.003476254826
188980	2.164492986e-07
188981	0.000626590827
188982	0.009008268987
188983	0.004067979136
188984	0.003137294985
188985	0.01124434389
188986	0.000289625912
188987	0.00188799968
188988	0.001912240825
188989	0.003249786831
188990	0.0004497141812
188991	0.0140734508
188992	0.004301541
188993	0.007784253116
188994	0.004720590846
188995	0.001293826259
188996	0.0060274489
188997	0.00741725325
188998	0.001577354575
188999	0.004307516297
189000	0.002825755658
189001	0.005429344096
189002	0.01317626
189003	0.001741103123
189004	0.001903334598
189005	0.00437512494
189006	0.01256526516
189007	0.005767534413
189008	0.001291550115
189009	0.01225788178
189010	0.002790653649
189011	0.0007076565955
189012	0.002003226195
189013	0.005643277505
189014	0.005157772837
189015	0.008306496943
189016	0.008016157809
189017	0.005552217682
189018	0.0004746612261
189019	0.007589838864
189020	0.006185676867
189021	0.01809083565
189022	0.008726419202
189023	0.007895163856
189024	0.008069390244
189025	0.01012106397
189026	0.003929442493
189027	0.003476104627
189028	0.002065977586
189029	0.01256576444
189030	0.00155494963
189031	0.006141276471
189032	0.001952861896
189033	0.005803243821
189034	0.009788275346
189035	0.004177949869
189036	0.0002480637393
189037	0.002164718589
189038	0.008061825027
189039	0.002913899364
189040	0.004946161744
189041	0.001410146712
189042	0.01176553827
189043	0.002089215395
189044	0.0007687908549
189045	0.00246265548
189046	0.006785810328
189047	0.005790972177
189048	0.002591710929
189049	0.003665721024
189050	0.004885337908
189051	0.003030369722
189052	0.000767605706
189053	0.001583623136
189054	0.007072323102
189055	0.009411192243
189056	0.008866444639
189057	0.002778118048
189058	0.001820314955
189059	0.007812289827
189060	0.001780854477
189061	0.0006228498055
189062	0.0018009235
189063	0.0008739935844
189064	0.0001282698001
189065	0.001063137183
189066	0.0002929267389
189067	0.007439809025
189068	0.001097964238
189069	0.001854383148
189070	0.0007016452179
189071	0.0006097773177
189072	0.001240680749
189073	0.000967189105
189074	0.0009256986462
189075	0.002580543143
189076	0.00554730153
189077	0.001071628725
189078	0.001946560614
189079	0.0022074342
189080	0.0002475070796
189081	0.006550502548
189082	4.707602876e-05
189083	0.004745699381
189084	0.01237163005
189085	0.005361198596
189086	0.00562859936
189087	0.007588952975
189088	0.006906798633
189089	0.002086366065
189090	0.004311572376
189091	0.0006994748926
189092	0.00214880098
189093	0.0003205362029
189094	0.0002413641992
189095	0.002482812642
189096	0.001942183348
189097	0.0001660007865
189098	0.002342206741
189099	0.003323127847
189100	0.003891986178
189101	0.005675979658
189102	0.00151927825
189103	0.0002308389192
189104	0.0003677684827
189105	0.01182949634
189106	0.0001422459495
189107	0.009627987837
189108	0.0008345498287
189109	0.0004638225953
189110	0.0003702885192
189111	0.002015412278
189112	0.0008776762533
189113	0.0006273327626
189114	0.0007037216403
189115	0.002078705289
189116	0.005741727934
189117	0.001813612026
189118	0.0004916948508
189119	0.00156087463
189120	3.376513628e-05
189121	0.003343832336
189122	0.009423383558
189123	0.004315506951
189124	0.0009730816881
189125	0.001616320727
189126	0.00562155942
189127	0.001327517781
189128	0.003710959406
189129	0.004293014513
189130	0.002498893371
189131	0.007160064153
189132	5.154060381e-05
189133	0.0008521995337
189134	0.001824982821
189135	0.008495484606
189136	0.007958971799
189137	0.001976330879
189138	0.002128203556
189139	0.004964528436
189140	0.001744576464
189141	0.001653153876
189142	2.925745117e-05
189143	0.00812941999
189144	0.0006936118062
189145	0.006147061102
189146	2.433162706e-05
189147	0.00596434051
189148	0.002905652113
189149	0.0008159057873
189150	0.001296811617
189151	0.001785913623
189152	0.001266075719
189153	0.00331250974
189154	0.005440195162
189155	0.006099034653
189156	0.0003717468455
189157	0.00319334006
189158	0.0003810978339
189159	0.0004387816311
189160	0.009851474998
189161	0.0002039476941
189162	0.00229918973
189163	0.001238751249
189164	0.0003426622817
189165	0.0005214139515
189166	0.0006405764909
189167	0.004400053366
189168	0.003233039622
189169	0.005530102188
189170	0.0004519855131
189171	0.0009425170373
189172	0.005069252656
189173	0.001800501788
189174	0.001001334014
189175	0.001050540408
189176	0.00618247652
189177	9.434077538e-05
189178	0.0004537049759
189179	0.0006080428894
189180	0.003235839871
189181	0.007696838445
189182	0.0002023032218
189183	0.003218538262
189184	0.0007600065285
189185	0.004480233771
189186	0.0004913053675
189187	0.00485374354
189188	0.001877025429
189189	0.000101446596
189190	0.0009854291737
189191	0.0002927477654
189192	0.003870954191
189193	0.001776543775
189194	0.0007712277117
189195	0.0008838478281
189196	0.001765264529
189197	0.0004505583798
189198	0.001787970827
189199	0.0003014756101
189200	0.001025724136
189201	0.003137039612
189202	0.002728763311
189203	0.004309388366
189204	0.005023701798
189205	0.000834317148
189206	0.009257389695
189207	0.001371256877
189208	0.00502613215
189209	0.0003485988191
189210	0.008095054685
189211	0.01209627968
189212	0.001741472571
189213	0.01110074021
189214	0.003087129413
189215	0.001162845799
189216	0.001909978286
189217	0.002875313359
189218	0.0006181207276
189219	0.0001867755858
189220	0.01613603142
189221	0.01450667226
189222	0.005095007309
189223	0.01152447086
189224	0.008211561597
189225	0.009011040679
189226	0.00716621978
189227	0.00611983985
189228	0.003013379617
189229	0.004221188769
189230	0.006110102044
189231	0.01431495077
189232	0.005196787482
189233	0.002387494452
189234	0.009532858606
189235	0.001012499
189236	0.008041709826
189237	0.001790190436
189238	0.01114980237
189239	0.002808044455
189240	0.0001130177905
189241	0.007791337355
189242	0.009644248395
189243	0.01147625263
189244	0.002369239087
189245	0.01195332235
189246	0.0004550548023
189247	0.01448025006
189248	0.001636553319
189249	0.01809482435
189250	0.000651022495
189251	0.0007309759482
189252	0.006260684769
189253	0.003964037038
189254	0.002299800209
189255	0.001791431143
189256	0.005530773001
189257	0.002713745949
189258	0.001114377333
189259	0.0003011880316
189260	0.002281218348
189261	0.0002423148322
189262	0.01496983067
189263	0.0005399226332
189264	0.01032925129
189265	0.001483519353
189266	0.003334174645
189267	0.008752624806
189268	0.008383352946
189269	0.002580538811
189270	0.00375252872
189271	0.00252404152
189272	0.0003718251023
189273	0.0005207348312
189274	0.0009519849493
189275	0.0006184791251
189276	0.0007868338525
189277	0.0001638119254
189278	0.0002168709249
189279	0.002810433687
189280	0.0009548423853
189281	5.697811376e-05
189282	0.000288693294
189283	0.003399143593
189284	0.004301188091
189285	0.0008466822538
189286	0.004444884715
189287	0.0007301653284
189288	0.0003050432767
189289	0.0004110198981
189290	0.00064333276
189291	0.000563728648
189292	0.0009330918644
189293	0.0009997433831
189294	0.000238573367
189295	0.000186543091
189296	0.001025158983
189297	0.0007229409612
189298	0.0007982201472
189299	3.871090943e-05
189300	0.001987800457
189301	0.001377488532
189302	0.00189540768
189303	0.0007371714095
189304	0.0009370232978
189305	0.002105162551
189306	0.0006061108257
189307	0.00209824539
189308	0.001623300375
189309	0.001020177765
189310	0.0003777232024
189311	0.001867092725
189312	0.0006222074649
189313	6.105422439e-05
189314	0.002538580001
189315	0.002485754644
189316	0.0001369528794
189317	0.0007942171572
189318	0.0006938089194
189319	0.001306487347
189320	0.005939469967
189321	0.004144222753
189322	0.003022639623
189323	0.003278178906
189324	0.00607134602
189325	0.002017268181
189326	0.01281154459
189327	0.003748880822
189328	0.0006691529807
189329	0.004878149712
189330	0.0002990269851
189331	0.002327618274
189332	0.001533850803
189333	0.007775040697
189334	0.00249595326
189335	0.005158032033
189336	0.003760387399
189337	0.006115787807
189338	2.169984547e-05
189339	0.006230655334
189340	0.001526955726
189341	0.003191879636
189342	0.001253606569
189343	0.00157883641
189344	0.0003803987746
189345	0.001531174297
189346	0.007857007983
189347	0.002533681984
189348	0.006064312334
189349	0.002892500444
189350	0.001738121046
189351	0.004205667097
189352	0.008697437167
189353	0.005789648174
189354	0.00196863244
189355	0.005093588863
189356	7.441207154e-08
189357	0.004583115375
189358	0.002623694961
189359	0.01184656019
189360	0.001619265072
189361	0.0004130440303
189362	0.005737266321
189363	0.007610575581
189364	0.00572269595
189365	0.01098468381
189366	0.001756475607
189367	0.01126465315
189368	0.0008921831851
189369	0.008319853562
189370	0.004885257229
189371	0.002593200158
189372	0.004153969446
189373	0.00271181047
189374	0.00375301581
189375	0.0008381509548
189376	0.009674029147
189377	0.001306846979
189378	0.002557925557
189379	0.001312271314
189380	0.005622561863
189381	0.004488559196
189382	0.004140652913
189383	0.003063062525
189384	0.0007719350269
189385	0.004969368904
189386	0.002114286243
189387	0.004387403847
189388	0.0009791132579
189389	0.0003227107393
189390	0.00312327142
189391	0.005696709703
189392	0.001650993782
189393	0.00238374543
189394	0.00633706029
189395	0.01072994806
189396	0.01583674872
189397	0.009580453174
189398	0.007208497305
189399	0.007225232967
189400	0.002898097227
189401	0.004537383649
189402	0.005574074682
189403	0.002730358497
189404	0.008874463271
189405	0.0007384756849
189406	0.004699451484
189407	0.01306860577
189408	0.0009349318238
189409	0.006064323721
189410	0.008627727464
189411	0.0002882698575
189412	0.007186535742
189413	0.002996345299
189414	0.006562084379
189415	0.002172674239
189416	0.01491178738
189417	0.004550192477
189418	0.006603973794
189419	0.002680646815
189420	0.004172047824
189421	7.02920666e-05
189422	0.005048986514
189423	0.003589502614
189424	0.01084338477
189425	0.002641170663
189426	0.003164497156
189427	0.0008869282003
189428	0.005493105944
189429	0.007274263573
189430	0.00804429117
189431	0.005412986197
189432	0.003682924693
189433	0.002962022207
189434	0.001755051677
189435	0.0003700719955
189436	0.005545218225
189437	0.01615195041
189438	0.001206908753
189439	0.009897170789
189440	0.01074557225
189441	3.716887704e-05
189442	0.00265684516
189443	0.0007141099926
189444	0.002507011037
189445	0.002510680283
189446	0.004348094923
189447	0.002681781948
189448	0.0004995132509
189449	0.01650863909
189450	0.0001212753433
189451	0.003587740122
189452	0.006434209237
189453	0.008445547062
189454	0.004596580085
189455	0.0001860459058
189456	0.009235203279
189457	0.009212346785
189458	0.008020385368
189459	0.004723125271
189460	0.01200948634
189461	0.001561103411
189462	0.002714135793
189463	8.309440532e-06
189464	0.005107886415
189465	0.0001387644209
189466	0.0005697996374
189467	0.001024281243
189468	0.0005915889269
189469	0.0002569251567
189470	0.0009775377766
189471	0.0002712951278
189472	0.001822142352
189473	0.001824880595
189474	0.001098929053
189475	0.0008842589207
189476	0.0004176900205
189477	0.0001774008
189478	0.001217206693
189479	0.001057318584
189480	0.001034175536
189481	0.00296386581
189482	0.0001916493696
189483	0.0007007439107
189484	0.0007577838861
189485	0.0007798566299
189486	0.001506205281
189487	0.0008595593942
189488	0.005340081178
189489	0.0001011148628
189490	0.002198393742
189491	0.001216730175
189492	0.002360041455
189493	0.0002049437142
189494	0.0002900997515
189495	0.0001540059461
189496	0.003852550777
189497	0.001135951077
189498	0.00262159486
189499	8.117977017e-05
189500	0.0007688922391
189501	0.002585151651
189502	0.001284698884
189503	0.0003001206155
189504	0.0008567788022
189505	0.0001872269061
189506	0.001287381936
189507	0.001248079438
189508	0.000428750676
189509	0.003551449667
189510	0.0007093205406
189511	0.001909684625
189512	0.0004318651304
189513	4.469743937e-06
189514	0.0001859898048
189515	0.0006961903442
189516	0.001494880524
189517	0.001316105986
189518	0.00165172993
189519	0.0009495440009
189520	0.0007480337054
189521	0.002209238658
189522	0.0003784930166
189523	0.00134913904
189524	0.0006068175406
189525	0.0009057402676
189526	0.0006194112412
189527	0.001316294043
189528	0.0009104103609
189529	0.000571774155
189530	0.001364940431
189531	0.0007205636381
189532	0.002861288494
189533	0.002945993516
189534	0.001172776045
189535	0.0002791280094
189536	0.001830907609
189537	0.0008040551072
189538	0.005157504788
189539	0.0001628650882
189540	0.001807553265
189541	0.0008503179989
189542	0.003465829812
189543	0.003265359056
189544	0.0002600777967
189545	0.0001533919435
189546	0.0003723383253
189547	0.0003172116953
189548	0.0007624733984
189549	0.0001356508564
189550	0.00229287393
189551	0.0007359359959
189552	0.0006229541546
189553	0.003052362718
189554	0.001773495584
189555	0.004503434677
189556	0.001512770028
189557	0.002546412223
189558	0.001555598376
189559	0.001536962466
189560	0.00226504336
189561	0.0006165607172
189562	0.005941610522
189563	0.001063375315
189564	0.001199678997
189565	0.007677735974
189566	0.002456016527
189567	0.001104118284
189568	0.003105032905
189569	0.000909628056
189570	0.001131365802
189571	0.0002635260508
189572	0.001273016184
189573	0.001385882044
189574	0.0008663298588
189575	0.003084430079
189576	0.003008008012
189577	0.0007788093955
189578	0.001189034715
189579	0.0004118062946
189580	0.001319130894
189581	0.001081275792
189582	0.001138830523
189583	0.0003435450376
189584	0.001398066014
189585	0.0014197723
189586	0.002412809109
189587	0.002185108408
189588	0.0009268877499
189589	0.001945257496
189590	0.002115907303
189591	0.001445938799
189592	0.002951532496
189593	0.002044238829
189594	0.00128746036
189595	0.000966727728
189596	0.002666738475
189597	0.002349340554
189598	0.001004554099
189599	4.46125746e-05
189600	0.003834535771
189601	0.001724241456
189602	0.001299787259
189603	0.0005506100865
189604	0.0012114597
189605	0.00109460768
189606	0.001238520459
189607	0.002027133581
189608	0.0001954761834
189609	0.0006484491713
189610	0.003904637992
189611	0.004074565581
189612	0.0003716066644
189613	0.001226199999
189614	0.004749498516
189615	0.001327066794
189616	0.008098374174
189617	0.0004490191463
189618	0.0003761078062
189619	0.0002945866784
189620	0.006911054201
189621	0.003357386825
189622	0.005004362219
189623	0.002310858212
189624	0.003188298688
189625	0.001733335998
189626	0.004772074184
189627	0.009416481286
189628	0.001751063599
189629	0.01445337667
189630	0.005729240876
189631	0.003063889862
189632	0.009362932536
189633	0.01050050615
189634	0.007353933944
189635	0.003433783478
189636	0.003085996638
189637	0.01181915011
189638	0.002856586636
189639	0.003266695259
189640	0.009086821292
189641	0.001566756406
189642	0.003572717431
189643	0.007042664949
189644	0.00655191336
189645	0.001323130283
189646	0.006616079819
189647	0.003182002875
189648	0.003382590178
189649	0.006264008882
189650	0.003024259651
189651	0.004561997996
189652	0.008718153836
189653	0.008611797218
189654	0.0001501149552
189655	0.004024944185
189656	0.006216425895
189657	0.005337684319
189658	0.006839541247
189659	0.006194688019
189660	0.004385075238
189661	0.005887960119
189662	0.008974681569
189663	0.008089017366
189664	0.002155749742
189665	0.000773097086
189666	0.0009854162116
189667	0.003565256328
189668	0.007382855488
189669	0.003398460966
189670	0.005841273401
189671	0.003876809151
189672	0.003101862877
189673	0.006170676824
189674	0.01763400576
189675	0.002555388839
189676	0.002738690665
189677	0.0007581019895
189678	0.01259489031
189679	0.01206873285
189680	0.006454671962
189681	0.001844587556
189682	0.008494514099
189683	0.001735137488
189684	0.005333965841
189685	0.0004895697523
189686	0.004430040413
189687	0.004330519282
189688	0.00257109746
189689	0.01233045554
189690	0.001890514861
189691	0.01747935908
189692	0.0005419795516
189693	0.005219931267
189694	0.00220765361
189695	0.00670654927
189696	0.002022858478
189697	0.002985887379
189698	0.004143922262
189699	0.0001331982864
189700	0.002700640201
189701	0.004801134493
189702	0.004441700409
189703	0.009497951128
189704	0.006109143176
189705	0.002802356501
189706	0.001222414392
189707	0.006922794405
189708	0.004827739373
189709	0.000460683641
189710	0.01172725874
189711	0.00260514262
189712	0.01062704586
189713	0.004802133812
189714	0.01548523885
189715	0.001333496854
189716	0.00811364418
189717	0.00245107798
189718	0.009379114394
189719	0.001924234832
189720	0.0001218495313
189721	0.001789390227
189722	0.000498005936
189723	0.0007863806764
189724	0.005248883699
189725	0.006102994186
189726	0.007636709973
189727	0.01134362428
189728	0.004260287231
189729	0.0003824521035
189730	0.02083427034
189731	0.009645521886
189732	0.01112080429
189733	0.004842441474
189734	0.0008733698999
189735	0.00899012367
189736	0.003268508792
189737	0.006479740733
189738	0.007083445148
189739	0.01144185535
189740	0.004580332767
189741	0.008966900452
189742	0.006104367305
189743	0.001293526838
189744	0.001855640217
189745	0.002075072833
189746	0.001560925782
189747	0.003491822329
189748	0.001536406729
189749	0.00261853098
189750	0.002129889336
189751	0.001548289693
189752	0.001526269464
189753	0.002169050551
189754	0.002106233175
189755	0.001370737665
189756	0.001383493896
189757	0.001714297041
189758	0.006478244211
189759	0.001932508751
189760	0.001620151573
189761	0.0008179057119
189762	0.003730253038
189763	0.0009439458405
189764	0.001446737515
189765	0.001539338655
189766	0.000113551309
189767	0.001808952005
189768	0.002040224676
189769	0.0009774768694
189770	0.002303971077
189771	0.002073472096
189772	0.001150428851
189773	0.001690487032
189774	0.001165806542
189775	0.001267888656
189776	0.001746016717
189777	0.0009849259713
189778	0.001068839756
189779	0.0006203962695
189780	0.001820513974
189781	0.000303773751
189782	0.001693256458
189783	0.001234039971
189784	0.002852320071
189785	0.002267147673
189786	0.001415280286
189787	0.001929927401
189788	0.001624433496
189789	0.001106610332
189790	0.002721156803
189791	0.001912823032
189792	0.004770686746
189793	0.0004613215075
189794	0.001603338858
189795	0.003241634795
189796	0.003089746542
189797	0.002149507653
189798	0.001077285781
189799	0.002552749926
189800	0.001361309334
189801	0.002759424001
189802	0.001722288208
189803	0.001541497562
189804	0.001040265068
189805	0.00128399013
189806	0.001698668111
189807	0.002097989793
189808	4.761713719e-05
189809	0.00313108799
189810	0.001358477235
189811	0.001576700382
189812	0.0002632922741
189813	0.0006186535972
189814	0.002074277108
189815	0.000172278986
189816	0.001300346238
189817	0.003151274737
189818	0.002556475929
189819	0.001591420556
189820	0.001262238893
189821	0.006680610424
189822	0.005626491352
189823	0.005133744875
189824	0.008852177837
189825	0.009244083681
189826	0.00861984958
189827	0.007439079872
189828	0.007972337462
189829	0.007398672693
189830	0.009401970749
189831	0.007889817706
189832	0.00328409526
189833	0.006935893147
189834	0.006998466502
189835	0.007412621267
189836	0.004963753043
189837	0.007211098628
189838	0.008169183188
189839	0.003145091095
189840	0.008117293821
189841	0.007461523412
189842	0.00493416815
189843	0.00874273318
189844	0.005314126795
189845	0.005007131703
189846	0.006953465862
189847	0.005233911246
189848	0.0008531517696
189849	0.005284431317
189850	0.00570660665
189851	0.006558900385
189852	0.007733015576
189853	0.007397897522
189854	0.007297971155
189855	0.006616755049
189856	0.005389481919
189857	0.002620666612
189858	0.004620120081
189859	0.002309868305
189860	0.002385036828
189861	0.002306141345
189862	6.644191778e-05
189863	0.001470349424
189864	0.004426830702
189865	0.001779582927
189866	0.002619243606
189867	0.002130027558
189868	0.003787796892
189869	0.005847401754
189870	0.007402895448
189871	0.0005693107787
189872	0.0004212967042
189873	0.002550812182
189874	0.002403853632
189875	0.00294283446
189876	0.003315559957
189877	0.003505429144
189878	0.002608538274
189879	0.002798647859
189880	0.0003789829669
189881	0.001684098623
189882	0.0001510952925
189883	0.002063633008
189884	0.001797723789
189885	0.003107227187
189886	0.001208130288
189887	0.002875460904
189888	0.001971501878
189889	0.002271533382
189890	0.00883459683
189891	0.0002757011753
189892	0.001966411102
189893	0.002790097454
189894	0.002436318963
189895	0.001544094537
189896	0.004309358864
189897	0.002041281021
189898	0.002040669435
189899	0.00219492839
189900	0.002046846863
189901	0.00346621921
189902	0.001476342962
189903	0.0005724739153
189904	0.0002999318203
189905	0.001456938191
189906	0.001529718237
189907	0.001755026492
189908	0.003363344367
189909	0.001680476728
189910	0.001835282379
189911	0.001398393699
189912	0.004126779721
189913	0.00272542985
189914	0.008106204398
189915	0.001520724255
189916	0.001144732022
189917	0.002615369769
189918	0.003225799825
189919	0.00228927806
189920	0.001850752091
189921	0.0003400874217
189922	0.0006417296476
189923	0.005369923824
189924	0.004594111753
189925	0.00159034584
189926	0.001625976362
189927	0.000391988063
189928	0.0003888643975
189929	0.0016540432
189930	0.003371185019
189931	0.002229504624
189932	0.006525545827
189933	0.007351896853
189934	0.007689990742
189935	0.007167035066
189936	0.003334362401
189937	0.003346637853
189938	0.0001766646441
189939	0.00207928548
189940	0.0001775079026
189941	0.001743266856
189942	0.0002068043485
189943	0.0002494047636
189944	0.001973664647
189945	0.002997182955
189946	0.00105314978
189947	0.002111272849
189948	3.551574918e-05
189949	0.003286615696
189950	0.004114708347
189951	0.007446730718
189952	0.003127729932
189953	0.001556726538
189954	0.0007291872702
189955	0.001485012812
189956	0.001960114668
189957	0.0006157703298
189958	0.0007929678194
189959	0.0003577265408
189960	0.0003323326329
189961	0.0002924720286
189962	0.001193300539
189963	0.00581817945
189964	0.001550073347
189965	0.0001621606344
189966	0.003435270157
189967	0.001090166777
189968	0.003778202663
189969	0.01645970766
189970	0.002736496069
189971	0.003498756291
189972	0.0006990621661
189973	0.00315717998
189974	0.005997251537
189975	0.003010212391
189976	0.001918848931
189977	0.000553031639
189978	0.003031847131
189979	0.00144738021
189980	0.001683495145
189981	0.002365184641
189982	0.00122314968
189983	0.00984544986
189984	6.321173898e-05
189985	0.002456638316
189986	0.006079942572
189987	0.001229624511
189988	0.001471802304
189989	0.001845888835
189990	0.002345932421
189991	0.002872878768
189992	0.002778692857
189993	0.00453851531
189994	0.002632216546
189995	0.001175033312
189996	0.004888570292
189997	0.001801761182
189998	0.002723786475
189999	0.003141646909
190000	0.0008999570245
190001	0.00192301153
190002	0.0007244892561
190003	6.719029629e-05
190004	0.00287980707
190005	0.005217719722
190006	0.006624627374
190007	0.002848894261
190008	0.002071784208
190009	0.002344848207
190010	0.002325179486
190011	0.0001207643257
190012	0.003911143685
190013	0.003197515974
190014	0.00120644602
190015	0.001488013788
190016	0.004616637037
190017	0.004961397841
190018	0.0005075788979
190019	0.002197882303
190020	0.003547603689
190021	0.0004822897753
190022	0.002274871081
190023	0.00366982698
190024	0.002900802839
190025	0.002740478607
190026	0.005281863672
190027	0.005534072305
190028	0.0005226509372
190029	0.006454663839
190030	0.00294067395
190031	0.0025464939
190032	0.002902646109
190033	0.0007043945667
190034	0.001259097098
190035	0.000633660674
190036	0.0003982778572
190037	0.001374348116
190038	0.001650903164
190039	0.003301909283
190040	0.003744547178
190041	0.00968343992
190042	0.0003858448013
190043	0.001166516437
190044	0.002417256923
190045	0.001752788383
190046	0.004439416926
190047	0.0004711014187
190048	5.405536284e-06
190049	4.785302671e-05
190050	0.0008421567593
190051	0.0007297536781
190052	0.0007458744849
190053	0.003077971093
190054	0.0003858300331
190055	0.0004944240667
190056	0.00181762861
190057	0.001520482659
190058	0.002915737899
190059	0.00024885995
190060	0.002294268819
190061	0.0009842724739
190062	0.004033473032
190063	0.000426692394
190064	0.0008709336642
190065	0.0005495726929
190066	0.0008481481709
190067	0.002056346361
190068	0.008880444399
190069	0.001532651844
190070	0.001912803723
190071	0.001004941543
190072	0.001107442747
190073	0.0008154908961
190074	0.003613514135
190075	0.0009958509577
190076	0.00117912166
190077	8.928397989e-05
190078	0.007614227508
190079	0.001952602176
190080	0.0001273651156
190081	0.000136031799
190082	0.006933582524
190083	0.0007097517417
190084	0.00124811709
190085	0.001301303864
190086	0.0003938523714
190087	0.003394887814
190088	0.001407617608
190089	0.003010359265
190090	0.001615234144
190091	0.002094033062
190092	0.0004073522537
190093	0.0008255424193
190094	0.001773236427
190095	0.01067489275
190096	0.005095433608
190097	0.0009535121971
190098	0.0003381619709
190099	0.001296563103
190100	0.0003409771672
190101	0.0001585824899
190102	0.001248561151
190103	0.0003519352943
190104	0.003668335823
190105	0.0003532942969
190106	0.008017990756
190107	0.003662026509
190108	0.004640284015
190109	0.003910264309
190110	0.005888298446
190111	0.0006060289696
190112	0.005160433778
190113	0.005585256356
190114	0.00704746675
190115	0.001907358646
190116	0.003580099623
190117	0.01258287208
190118	0.00383350287
190119	0.005006916662
190120	0.002002851523
190121	0.001224022912
190122	0.005532849368
190123	0.007110776448
190124	0.002988121782
190125	0.00396722065
190126	0.006012394926
190127	0.004565581693
190128	0.003231212722
190129	0.001371983638
190130	0.00426950074
190131	0.004236811857
190132	0.002899183784
190133	0.004150250814
190134	0.005395870147
190135	0.002336387569
190136	0.000535543152
190137	0.004421500265
190138	0.003299795706
190139	0.004150224875
190140	0.004918745193
190141	0.006657132155
190142	0.002918662234
190143	0.004115613268
190144	0.004382134816
190145	0.004232652087
190146	0.00356752074
190147	0.002041540942
190148	0.002567481042
190149	0.001610624933
190150	0.0008554163323
190151	0.0001698283375
190152	0.0003491393302
190153	0.002903263681
190154	0.003964527117
190155	0.001569362373
190156	0.00148952098
190157	0.001760418982
190158	0.003294963308
190159	0.003265110403
190160	0.002143234288
190161	0.0005342038315
190162	0.004652736517
190163	0.01300469296
190164	0.002616023818
190165	0.007468892965
190166	0.004159464472
190167	0.0006406343058
190168	0.001980227613
190169	0.0008216447241
190170	0.002801047481
190171	0.001176553808
190172	0.000486520411
190173	0.001537781733
190174	0.002394789434
190175	0.001233914853
190176	0.001216927489
190177	0.0007519597164
190178	0.00139166212
190179	0.002509996706
190180	0.001161503388
190181	0.00115952159
190182	0.005534394173
190183	0.003765968301
190184	0.005196434537
190185	0.004887958269
190186	0.001930868913
190187	0.0005257688495
190188	9.164078263e-05
190189	0.001069290052
190190	0.002627224346
190191	0.0009998364123
190192	0.001303383954
190193	0.0007265170421
190194	0.000889496688
190195	0.002591481924
190196	0.002804327813
190197	0.00014236267
190198	0.001453034661
190199	0.00440322728
190200	0.0047272899
190201	0.001133931845
190202	0.0001840609557
190203	0.0008143203549
190204	0.003012481074
190205	0.001413556531
190206	0.0007741562228
190207	0.00184784316
190208	0.007303626531
190209	0.0002848893999
190210	0.002394416709
190211	0.002547360133
190212	0.0004503508101
190213	0.001822123899
190214	0.004939774203
190215	0.0006270150194
190216	0.001906785434
190217	0.001516946128
190218	0.001631105329
190219	0.001773681114
190220	0.0007869646379
190221	0.000163917315
190222	0.0005685121685
190223	0.0007023276586
190224	0.00379984589
190225	0.002979098704
190226	0.00223474041
190227	0.003510620957
190228	0.003522881206
190229	0.004018837386
190230	0.003941992818
190231	0.003733289753
190232	0.002469312843
190233	0.003185524236
190234	0.003073291603
190235	0.003288058343
190236	0.004081160002
190237	0.003504894842
190238	0.003159494092
190239	0.0009117966196
190240	0.002979600983
190241	0.003052164304
190242	0.003814253833
190243	0.004154975986
190244	0.003630097876
190245	0.003635867311
190246	0.003406490482
190247	0.003346366474
190248	0.003592359087
190249	0.003090324952
190250	0.002490760629
190251	0.0001439919808
190252	0.0003611382465
190253	0.0003943215722
190254	0.0003170437255
190255	0.0004663600523
190256	0.0003192863548
190257	0.0003387858264
190258	0.0003110308585
190259	0.0003606362974
190260	2.524867071e-05
190261	0.0001324801952
190262	0.0001013257653
190263	0.0003086227055
190264	0.0003014415537
190265	0.0002770296596
190266	0.0002269919765
190267	0.0001300946159
190268	0.0002821034001
190269	0.0001348651321
190270	0.0002278031741
190271	0.0002373848367
190272	0.0001032226764
190273	0.0002734382628
190274	6.165788582e-05
190275	3.943365879e-05
190276	0.0002932426515
190277	0.0005072458858
190278	0.0005857601183
190279	0.0002581792913
190280	4.321834266e-05
190281	2.651608642e-05
190282	0.0004256002889
190283	5.059299686e-05
190284	2.848676407e-05
190285	0.006547641638
190286	0.006644839022
190287	0.006887341467
190288	0.0002668111719
190289	0.005894430008
190290	0.00955980284
190291	0.001575493863
190292	0.01386588694
190293	0.005220877734
190294	0.001196149469
190295	0.002769504971
190296	0.0012250176
190297	0.006184635179
190298	0.007288149546
190299	0.004702978616
190300	0.00882109115
190301	0.004577122673
190302	0.006277395529
190303	0.008827004726
190304	0.007168454925
190305	0.01283599347
190306	0.002922127992
190307	0.002193136508
190308	0.002961502153
190309	0.00258968177
190310	0.002607782465
190311	0.003014578548
190312	0.003882010816
190313	0.004604149911
190314	0.003323667877
190315	0.0009256662786
190316	0.004922013837
190317	0.002602712419
190318	0.003151259733
190319	0.002442644775
190320	0.003080887033
190321	0.002997953532
190322	0.005356190097
190323	0.003088108766
190324	0.003125813267
190325	0.001908774068
190326	0.00177795698
190327	0.002966726963
190328	0.002762884664
190329	0.00278082306
190330	0.001722671139
190331	0.0008978945719
190332	0.002540281535
190333	0.006242585938
190334	0.005495314995
190335	0.001960486395
190336	0.003120683757
190337	0.005195477542
190338	0.002407299449
190339	0.001909453509
190340	0.002042737604
190341	0.002431764457
190342	0.004129555849
190343	0.001233319756
190344	0.00369208683
190345	0.004316662391
190346	0.00853048765
190347	0.003397786722
190348	0.006638191231
190349	0.0002742689742
190350	0.002453456746
190351	0.003591073437
190352	0.005136488961
190353	0.0009229154452
190354	0.007743374032
190355	0.01653209173
190356	0.001749624657
190357	0.002593574267
190358	0.001064108231
190359	0.0007207231426
190360	0.0002276531384
190361	0.000465755257
190362	0.005638125608
190363	0.0004225760723
190364	0.003320358458
190365	0.0007466915951
190366	0.0002573843094
190367	0.00291046511
190368	1.197758022e-05
190369	0.001477770448
190370	0.001139005144
190371	0.0009548103465
190372	0.0002768387787
190373	0.00162822135
190374	0.001310078044
190375	0.0001324597304
190376	0.002634151967
190377	0.0001610725008
190378	0.00522671413
190379	0.0006169137644
190380	0.002485750148
190381	0.01063476659
190382	0.02062212123
190383	0.00405534998
190384	0.007817405525
190385	0.002344496785
190386	0.003057688951
190387	8.698364443e-05
190388	0.0008497314634
190389	0.00120054143
190390	0.004424189606
190391	0.0008679535457
190392	0.00361828403
190393	0.001596361834
190394	0.002668248244
190395	0.0006164371263
190396	0.001564643302
190397	0.005079672984
190398	0.005511313165
190399	0.004745053265
190400	0.001554231765
190401	0.005870202792
190402	0.004996932998
190403	0.01127568852
190404	0.003258576402
190405	0.0003051884133
190406	0.01435321924
190407	0.002641005963
190408	0.0003378834903
190409	0.003083422781
190410	0.003952331968
190411	0.01109693074
190412	0.01248142822
190413	0.00478180693
190414	0.002480594065
190415	0.0110618657
190416	0.00444880743
190417	0.006226682541
190418	0.006090323191
190419	0.007434257825
190420	0.008853384417
190421	0.00182331642
190422	0.00051367115
190423	0.003535022162
190424	0.0004338720547
190425	0.004802955838
190426	0.01488856772
190427	0.009391358235
190428	0.002319520911
190429	0.004463259499
190430	0.004500280241
190431	0.008100789379
190432	0.001201127175
190433	0.001200323439
190434	0.003395422884
190435	0.0002241971446
190436	0.0003668976806
190437	0.004251586617
190438	0.001278887701
190439	0.002887248135
190440	0.003328224181
190441	0.006466256556
190442	0.00758268677
190443	0.007883863158
190444	0.00896446932
190445	0.008463549732
190446	0.003227507744
190447	0.009842583171
190448	0.009824135651
190449	0.001436434006
190450	0.00135806167
190451	0.000796249712
190452	0.0004896677077
190453	0.001687820261
190454	0.0008432476999
190455	0.0008921299367
190456	0.0002487707867
190457	0.002063293557
190458	0.002147270422
190459	0.001850367691
190460	0.0006578605285
190461	0.0006223311972
190462	0.0001497463242
190463	0.0002308723704
190464	0.000790987946
190465	0.007338045319
190466	0.00326281776
190467	0.002663362656
190468	0.0008157483453
190469	0.001335568444
190470	0.001568659455
190471	0.001501272781
190472	0.0005138177608
190473	0.00836804112
190474	0.0005123939995
190475	7.606577787e-05
190476	0.001294152315
190477	0.001555811712
190478	0.001873439673
190479	0.001628909568
190480	0.00790755883
190481	8.735712626e-05
190482	0.003399503446
190483	0.01228761387
190484	0.002779581589
190485	0.01037254861
190486	0.01211227191
190487	0.001262397487
190488	0.005880867316
190489	0.002164138521
190490	0.006422922884
190491	0.0004025228944
190492	0.01207067728
190493	0.0005909397682
190494	0.0003759246338
190495	0.0008010975553
190496	0.0001583124733
190497	0.0003630205544
190498	0.001234981689
190499	0.001366881302
190500	0.001004943873
190501	0.01178473753
190502	0.0001960281655
190503	0.0006155741037
190504	0.0002014981497
190505	0.0001905272857
190506	0.0001829961122
190507	0.001185635877
190508	0.003889853505
190509	0.0005596134017
190510	0.000365262495
190511	0.0009254043276
190512	0.0004410755651
190513	0.002210779489
190514	0.000310475126
190515	0.0001085264861
190516	0.0008909938892
190517	0.0007550052114
190518	0.0002823981806
190519	0.0003009825643
190520	0.0002254916259
190521	0.0001012589193
190522	0.000520224915
190523	0.0002403485
190524	0.009634352719
190525	0.005164224342
190526	0.007550563813
190527	3.249365634e-05
190528	0.00116922713
190529	0.003876873195
190530	0.004962956021
190531	0.0004697352535
190532	0.0004421974524
190533	0.01022899157
190534	0.01727320595
190535	0.003098360773
190536	0.01404571593
190537	0.01893401598
190538	0.008884502726
190539	0.01131573473
190540	0.005892719506
190541	0.01155634131
190542	0.001265813636
190543	0.007637362321
190544	0.0177885205
190545	0.008041610137
190546	0.01005243363
190547	0.005823427395
190548	0.004236345571
190549	0.006754804301
190550	0.02101326696
190551	0.01960149763
190552	0.003012584891
190553	0.006788448293
190554	0.002047316764
190555	0.001957784865
190556	0.0005827251651
190557	0.0146628626
190558	0.02085629807
190559	0.0140635646
190560	0.007916921199
190561	0.0006822074249
190562	0.01784334434
190563	0.0167738924
190564	0.0038552991
190565	0.001217847452
190566	0.00194893748
190567	0.000528769455
190568	0.0002530162242
190569	0.001518663107
190570	8.698252105e-05
190571	0.005430738764
190572	0.007773482965
190573	0.0007253106167
190574	0.004391531714
190575	0.001977901394
190576	0.006958436289
190577	0.01133340141
190578	0.001680944274
190579	0.002793102819
190580	0.004688349711
190581	0.003257543838
190582	0.006609341095
190583	0.000113918934
190584	0.002239663847
190585	0.008493441215
190586	0.009609489438
190587	0.005163902918
190588	0
190589	0.002465128459
190590	0.004931510278
190591	0.0062276189
190592	0.002023083821
190593	0.006361518274
190594	0.00709936741
190595	0.008241733598
190596	0.00157949676
190597	0.01105498135
190598	0.0001456174459
190599	0.0007723865612
190600	0.0006537981735
190601	0.0006142971171
190602	0.0005174716123
190603	0.003342018349
190604	0.001010174122
190605	0.002405696528
190606	0.0002550764815
190607	0.003431911583
190608	0.00279768904
190609	0.0006801000354
190610	0.008124896628
190611	0.002724214932
190612	0.001910690199
190613	0.002032836504
190614	0.0008735022335
190615	0.0001004313964
190616	0.01093210435
190617	0.006814866358
190618	0.002841996479
190619	0.0001801186454
190620	0.0008410079988
190621	0.00220869321
190622	0.005519529519
190623	0.001189536694
190624	0.0006422200388
190625	0.007369361155
190626	0.004346478277
190627	0.002800558213
190628	0.001909871125
190629	0.001270472925
190630	0.001706404713
190631	0.009565816981
190632	0.002761622905
190633	0.005849995746
190634	0.003919259189
190635	0.01243288805
190636	0.01712062852
190637	0.006067119217
190638	0.002367628762
190639	0.001897166252
190640	0.0007821462423
190641	0.01414565032
190642	0.000275422711
190643	0.007549560235
190644	0.00604679659
190645	0.008156507307
190646	0.0008604924459
190647	0.003564099609
190648	0.01324530294
190649	0.008372715101
190650	0.007058031118
190651	0.008436984205
190652	0.002373553953
190653	0.0002844401911
190654	0.008152347493
190655	0.000657492321
190656	0.0004046674213
190657	0.001815782642
190658	0.002964415594
190659	0.004106291176
190660	0.002417109778
190661	0.006120751783
190662	0.009253549859
190663	0.01248163087
190664	0.001405534266
190665	0.002360677241
190666	0.002876871436
190667	0.002676464904
190668	0.006003259779
190669	4.497426876e-05
190670	0.002311772231
190671	0.005250651455
190672	0.006242700963
190673	0.0003281415079
190674	0.001216569168
190675	0.004403453185
190676	0.008305385665
190677	0.003303186749
190678	0.0008884859057
190679	0.01320882476
190680	0.007037600427
190681	0.00571640061
190682	0.003201743968
190683	0.003409221538
190684	0.00040838884
190685	0.00158198952
190686	0.01519595931
190687	0.00726039289
190688	0.001100253184
190689	0.001612734525
190690	0.002831438874
190691	0.009192209351
190692	0.001080323429
190693	3.753912796e-05
190694	0.00392409186
190695	0.0001898799429
190696	0.002442602965
190697	0.002963977511
190698	0.009824814599
190699	0.008026819535
190700	0.001571573025
190701	0.01276346812
190702	0.001853330264
190703	0.0006716712476
190704	0.006820037162
190705	0.0009486888685
190706	0.002762568262
190707	0.0007140810622
190708	0.001092985466
190709	0.004556453324
190710	0.0001210563971
190711	0.002801200172
190712	0.003944745725
190713	0.01265251006
190714	0.01120128126
190715	0.003758773492
190716	0.0004756438168
190717	0.008709103249
190718	0.002474520457
190719	0.00370725142
190720	0.006455466539
190721	0.01098456935
190722	0.003948287146
190723	0.001746786607
190724	0.001541779481
190725	0.008689576946
190726	0.007335602273
190727	0.004276146431
190728	0.001068442878
190729	0.0023639516
190730	0.001673953287
190731	0.01529477655
190732	0.007904562423
190733	0.001467024355
190734	0.002697255614
190735	0.009309233508
190736	0.00862423677
190737	0.0009643056356
190738	0.004474896492
190739	0.00448961376
190740	0.0009101687456
190741	0.004761691332
190742	0.001778714572
190743	0.002919874654
190744	0.003561306221
190745	0.003966423042
190746	0.002131131546
190747	0.005838756011
190748	0.007485694356
190749	0.007853469233
190750	0.002307622341
190751	0.003610378366
190752	0.001763697808
190753	0.005159001948
190754	0.005019342587
190755	0.000429062515
190756	0.002358973411
190757	0.004409390745
190758	0.006123415813
190759	0.005234339441
190760	0.01024208168
190761	0.0008268461185
190762	0.002301074653
190763	0.005696850414
190764	0.00294605694
190765	0.002441729086
190766	0.01286610253
190767	0.01011506103
190768	0.001602477327
190769	0.003845076753
190770	0.004262151317
190771	0.0047465253
190772	0.005073447205
190773	0.006589945566
190774	0.003459135282
190775	0.005449647139
190776	0.007059243319
190777	0.007355260802
190778	0.0003817016651
190779	0.003996422685
190780	0.00560857201
190781	0.002862512785
190782	0.0002968709331
190783	0.002174415308
190784	0.002159940617
190785	0.006116109044
190786	0.003579260326
190787	0.003812210422
190788	0.00234292149
190789	0.005122817256
190790	0.003238645508
190791	0.004382022304
190792	0.006682377023
190793	0.008313196819
190794	0.006342473397
190795	0.002448405236
190796	0.007866491088
190797	0.008330297261
190798	0.00397123661
190799	0.004264051917
190800	0.007983889021
190801	0.001318099955
190802	0.003554203792
190803	0.0007244875705
190804	0.001179161735
190805	0.006528686619
190806	0.005453443067
190807	0.002298947411
190808	0.006774286412
190809	0.004413985508
190810	0.002136526316
190811	0.006267115099
190812	0.005146233472
190813	2.591397023e-05
190814	0.004423760471
190815	0.004796102142
190816	0.009689575664
190817	0.001371267967
190818	0.001969015043
190819	0.003233707758
190820	0.003522079392
190821	0.007490193966
190822	0.003088853569
190823	0.008811319177
190824	0.004030989809
190825	0.004407702116
190826	0.0007030556718
190827	0.006808043351
190828	0.004069193052
190829	0.004314630225
190830	0.006556416818
190831	0.0003224522662
190832	0.004610596887
190833	0.003481908077
190834	0.00231423006
190835	2.525417628e-05
190836	0.01128978327
190837	0.0003561621401
190838	0.0002391045655
190839	0.003404853249
190840	0.002946854107
190841	0.0045484468
190842	0.009943796292
190843	0.001962957224
190844	0.01125912918
190845	0.004079348647
190846	0.002221120794
190847	0.002728452238
190848	0.004391191711
190849	0.0008528151628
190850	0.002134949432
190851	0.0001402098513
190852	0.006397705023
190853	0.0001005996337
190854	0.006942232933
190855	0.002132570412
190856	0.0005361036837
190857	0.001235191619
190858	0.00495787395
190859	0.002667872004
190860	0.003968431929
190861	0.001772659343
190862	0.003136366078
190863	0.000681547772
190864	0.003772112703
190865	0.003494157294
190866	0.009425922447
190867	0.0004814991017
190868	0.008030291141
190869	0.005540348182
190870	0.0001038348715
190871	0.00113065486
190872	0.01232653281
190873	0.002736805846
190874	0.006700035927
190875	0.01018512224
190876	0.002671717552
190877	0.001211088338
190878	0.000804947447
190879	0.002238985102
190880	0.008469866826
190881	0.002606137008
190882	0.01001844073
190883	7.998212727e-05
190884	0.004543726382
190885	0.006141013147
190886	0.002048262053
190887	0.001564883226
190888	0.006255209833
190889	0.007187288948
190890	0.00973398166
190891	0.0007797643372
190892	0.002217597706
190893	0.005262808762
190894	0.001323593318
190895	0.008174360683
190896	0.006725035498
190897	0.001662654447
190898	0.002537704517
190899	0.001124234566
190900	0.01192079676
190901	0.001291312164
190902	0.004887893736
190903	0.00220991047
190904	0.0001347232144
190905	0.003464177802
190906	0.00147921493
190907	0.001239752439
190908	0.0003292844956
190909	0.0002969460157
190910	0.001249890628
190911	0.003193268512
190912	0.003170704346
190913	0.002077633928
190914	0.00107706154
190915	0.001694066032
190916	0.003059218498
190917	0.00712195828
190918	0.0004167542341
190919	0.001160960285
190920	0.005130111327
190921	0.004090240594
190922	0.005699851708
190923	0.0003019491855
190924	0.005139149283
190925	0.002388450501
190926	8.745990561e-05
190927	0.001003273455
190928	0.002669034345
190929	0.0005758988782
190930	0.0001656378974
190931	0.0008420832586
190932	0.01136774203
190933	0.007073705223
190934	0.007865310375
190935	0.002903371533
190936	0.0001644634461
190937	0.002718329752
190938	0.01374359781
190939	0.002143356261
190940	0.001073808551
190941	0.002296716176
190942	0
190943	0.00305966091
190944	0.0003085805859
190945	0.003240120714
190946	0.001766752154
190947	0.002550105752
190948	0.003313443135
190949	0.00582276932
190950	0.0002897423393
190951	0.005314666111
190952	0.004768409478
190953	0.001527846909
190954	0.002513679349
190955	0.0005897026069
190956	0.0003806900261
190957	0.002935479993
190958	0.003550862858
190959	0.006705944537
190960	0.007150248573
190961	0.00030660897
190962	0.007078052964
190963	0.0009275264623
190964	0.003875320922
190965	0.01022977347
190966	5.01297468e-05
190967	0.005001561275
190968	0.01197974442
190969	1.324114052e-06
190970	0.01113584886
190971	0.001516583971
190972	0.004317182819
190973	6.892288357e-05
190974	0.001093753171
190975	0.000662513749
190976	0.006946375376
190977	0.002825666218
190978	0.003594132402
190979	0.0004408825119
190980	0.005843762392
190981	0.003230301522
190982	0.002419437072
190983	0.001260171456
190984	0.0129162416
190985	2.081152838e-05
190986	0.002326656189
190987	0.001516644441
190988	0.0046376716
190989	0.004706382596
190990	0.0003047494136
190991	0.009912973433
190992	0.002098321935
190993	0.002386429263
190994	0.002746253107
190995	0.003898891033
190996	0.005040196726
190997	0.002389068655
190998	0.0007298153273
190999	0.000789383316
191000	0.003347027019
191001	0.01521286512
191002	0.01303959252
191003	0.0006490162493
191004	0.006687190145
191005	0.01134183469
191006	0.002360565374
191007	0.006226623474
191008	0.001416746643
191009	0.00462962083
191010	0.00158268976
191011	0.003639640722
191012	0.004066713845
191013	0.0007890928228
191014	0.001646838277
191015	0.00146125515
191016	0.00232103925
191017	0.002692860172
191018	0.003464158412
191019	0.001341179215
191020	0.005616060223
191021	0.006817167214
191022	0.00178228458
191023	0.00688414512
191024	0.00015638194
191025	0.000529735162
191026	0.004756212542
191027	0.006251190676
191028	0.006901600398
191029	0.004560112009
191030	0.008657868469
191031	0.0001579801264
191032	0.003284189188
191033	0.008522911888
191034	0.003694116652
191035	0.0005783575264
191036	0.002641332116
191037	0.002845288481
191038	3.675562433e-05
191039	0.00327796049
191040	0.003852301235
191041	0.00715993042
191042	0.00356079616
191043	0.003841080055
191044	0.002178085001
191045	0.0014581192
191046	0.0005524492458
191047	0.001374197595
191048	0.00133872508
191049	0.01582259578
191050	0.006340885065
191051	0.01172140047
191052	0.002929414213
191053	0.0022237051
191054	0.00643735709
191055	0.006867875602
191056	0.003898964347
191057	0.00405292876
191058	0.006599778587
191059	0.005242009383
191060	0.002996752963
191061	0.001718519742
191062	0.0004355510933
191063	0.0001971397351
191064	0.001711521402
191065	0.006767019899
191066	0.002466593682
191067	0.004817175845
191068	0.003692126753
191069	0.008787051632
191070	0.001272833294
191071	0.002389875515
191072	0.005058396518
191073	0.005454429393
191074	0.0002208078252
191075	0.01187270815
191076	0.002603233691
191077	0.006342540757
191078	0.002641958133
191079	0.0008382875555
191080	0.008946927207
191081	0.003704887761
191082	0.0008589007051
191083	0.006881103266
191084	0.002455695168
191085	0.007587373557
191086	0.001518873583
191087	0.008888702519
191088	0.0005114767844
191089	3.104826007e-05
191090	0.003540107074
191091	0.008199333767
191092	0.002101112469
191093	0.008096986305
191094	0.003485428151
191095	0.008191044463
191096	0.00910852966
191097	0.000106840091
191098	0.01039130287
191099	0.003622589842
191100	0.005765283547
191101	0.003164707743
191102	0.00654322132
191103	0.00566527
191104	0.006469100708
191105	0.009722526681
191106	0.001184523696
191107	0.000389174882
191108	0.004790603056
191109	0.005228288391
191110	0.004367550261
191111	0.002523994784
191112	0.009959985599
191113	0.001752471919
191114	0.01206448995
191115	0.001732988696
191116	0.002731170289
191117	0.003564945857
191118	0.001866853834
191119	0.002860083772
191120	0.003809590904
191121	0.005661739306
191122	0.0001179223394
191123	0.007905512495
191124	0.003296094528
191125	0.002450664643
191126	0.004626321448
191127	0.009279173315
191128	0.0108627326
191129	0.008652577014
191130	0.00684847293
191131	0.006172353743
191132	0.01512275591
191133	0.008712966435
191134	0.001880158604
191135	0.003233774096
191136	0.001290890721
191137	0.008237693594
191138	0.001561518982
191139	0.002337173767
191140	0.001539482961
191141	3.594543749e-06
191142	0.001445709579
191143	0.0003939958301
191144	0.001258384496
191145	0.0001484081813
191146	0.006463766587
191147	0.0004515339931
191148	0.002241984569
191149	0.002066888625
191150	0.0007316153
191151	0.00179844389
191152	0.000207466103
191153	0.001486959623
191154	6.523398528e-05
191155	0.0007677497345
191156	0.002058186705
191157	0.0007158510206
191158	0.002858454311
191159	0.0008521342006
191160	0.001866936964
191161	0.0007704607873
191162	0.0008462143303
191163	0.00067670375
191164	0.00114092551
191165	0.002078790198
191166	0.002683195179
191167	0.002045404179
191168	0.002324935334
191169	0.001818104081
191170	0.0009943901828
191171	0.0002093963463
191172	0.002354944174
191173	0.0005570341651
191174	0.0007925060687
191175	0.0002355503334
191176	0.003483585235
191177	0.001350762203
191178	0.001126586805
191179	0.002039366256
191180	0.001770805091
191181	0.0004913763431
191182	0.001184270175
191183	0.004651450906
191184	0.005106974881
191185	0.001215218223
191186	8.199144917e-05
191187	0.0002596130924
191188	0.001692729344
191189	0.003701984451
191190	0.001564046325
191191	0.0005447819607
191192	0.001250144687
191193	0.0003796653349
191194	0.001825393594
191195	0.007315618913
191196	0.0008308531104
191197	0.0005710088895
191198	0.005326524235
191199	0.0001795740887
191200	0.002034117663
191201	0.002117903525
191202	0.004786598873
191203	0.0005656947025
191204	0.004322626307
191205	0.005590124199
191206	0.0009171438365
191207	0.001942057251
191208	0.001037577749
191209	0.004122737845
191210	0.00832749176
191211	0.0001916397037
191212	5.580356888e-05
191213	0.001790000903
191214	0.001326294904
191215	0.002186419688
191216	0.0007923090155
191217	0.002506222847
191218	0.004189457427
191219	0.00118284294
191220	0.006148750983
191221	0.003938233125
191222	0.00126010155
191223	0.001979512736
191224	0.004413117382
191225	0.01269171385
191226	0.001930949796
191227	0.006622191001
191228	7.407173737e-05
191229	0.008693549073
191230	0.002776863908
191231	0.0005610841523
191232	0.01780397462
191233	0.0006394594862
191234	0.005691227992
191235	0.0001396486229
191236	0.004327747278
191237	0.0007939864227
191238	0.0005792379942
191239	0.001939077142
191240	0.001868851958
191241	0.001885475967
191242	0.0004091916584
191243	0.001809414909
191244	0.001189095341
191245	0.002618492444
191246	0.00353506082
191247	0.006411527079
191248	0.001067313677
191249	0.01070353418
191250	0.006144756954
191251	0.0008591355625
191252	0.005627998213
191253	0.001721254562
191254	0.002124239595
191255	0.0001046251342
191256	0.001253595178
191257	0.0008226282655
191258	0.0004829554126
191259	0.002100579511
191260	0.0002420321728
191261	0.001992657226
191262	0.0007192745202
191263	0.001793298877
191264	0.002824681361
191265	0.00168817448
191266	0.0001956016881
191267	0.001176974896
191268	0.0008062044055
191269	0.002365771636
191270	0.003980241403
191271	0.0003702698078
191272	0.003699907191
191273	0.0008003309518
191274	0.009326093981
191275	0.0157272355
191276	0.002031429937
191277	0.001887523589
191278	0.01069548394
191279	0.004243224531
191280	0.007674809556
191281	0.001889659263
191282	0.0003850327096
191283	0.003279154365
191284	0.003865168553
191285	0.002626408648
191286	0.005653963328
191287	0.004316854629
191288	0.001796454674
191289	0.003570135383
191290	0.003573595636
191291	0.0002102120161
191292	0.004988260403
191293	0.002172839859
191294	0.002233306946
191295	0.00425276996
191296	0.002382429796
191297	0.001529498596
191298	0.001299058561
191299	0.01826443699
191300	0.002814213147
191301	0.00131549644
191302	0.001281577997
191303	0.003674256895
191304	0.001683277088
191305	0.0004541923573
191306	0.002420876114
191307	0.002887723298
191308	0.003528848981
191309	0.006207994517
191310	0.00579310544
191311	0.008294506914
191312	0.004604180055
191313	0.002974283578
191314	0.003977037008
191315	0.005346958584
191316	0.001146106235
191317	0.00559011268
191318	0.003044956463
191319	0.003612301136
191320	0.002306157558
191321	0.0004664702681
191322	0.004187227915
191323	0.006377506901
191324	0.002126420821
191325	0.00334495214
191326	0.001017507227
191327	0.0002340342718
191328	0.003139461211
191329	0.0008785174647
191330	0.005744104426
191331	0.004685344273
191332	0.001885741888
191333	0.002600105698
191334	0.0001370790522
191335	0.0002505472078
191336	0.002235642298
191337	0.009197955069
191338	0.008031964405
191339	0.0006149124639
191340	0.001902472041
191341	0.002244456605
191342	0.003189355454
191343	0.0008632179127
191344	0.001389858016
191345	0.005676628958
191346	0.00190364845
191347	0.00018352652
191348	0.005706979426
191349	0.003615408736
191350	0.003447098317
191351	0.005528359166
191352	0.002292365654
191353	0.0002473189021
191354	0.0005219682195
191355	0.0007314471896
191356	0.000156379062
191357	0.0001619997313
191358	0.003163591542
191359	0.001894163642
191360	0.01158686296
191361	0.002151015727
191362	2.139053599e-06
191363	0.001123927434
191364	0.003460490805
191365	0.009749163512
191366	0.002813366471
191367	0.00749585971
191368	0.0005672083311
191369	0.0005096265997
191370	0.006713025232
191371	0.001469482971
191372	0.003533848448
191373	0.002040042027
191374	0.006528468985
191375	0.001446561457
191376	0.004326911685
191377	0.00260438849
191378	0.00301552918
191379	0.00369501885
191380	0.0007031964074
191381	0.002310488281
191382	0.004170125259
191383	0.001971528998
191384	0.003054142556
191385	0.004236918643
191386	0.005878670569
191387	0.01354269588
191388	0.001066633777
191389	0.009376974971
191390	0.0018687959
191391	0.006170601618
191392	0.007611756805
191393	0.003867516171
191394	0.003596543824
191395	0.004747094954
191396	0.008371622662
191397	0.001787718888
191398	0.007836625985
191399	0.003799175062
191400	0.00297332415
191401	0.00388070514
191402	7.863819061e-05
191403	0.002778568534
191404	0.0009432985094
191405	0.004934655543
191406	0.006089881824
191407	0.006636669935
191408	0.003494569639
191409	0.00335277212
191410	0.006581076026
191411	0.002143061771
191412	0.013218606
191413	0.0004866283587
191414	0.00153911782
191415	0.0009965996469
191416	6.621798638e-06
191417	0.002031472229
191418	0.007569200521
191419	0.003778699789
191420	0.001130103702
191421	0.006225252244
191422	0.000247717812
191423	0.002834324715
191424	0.006265003848
191425	0.002944116597
191426	0.0004698808454
191427	0.0001003909996
191428	0.00390080872
191429	0.0003545440519
191430	0.0009043440215
191431	0.001800510802
191432	0.001002288727
191433	0.0004111623279
191434	0.0004567586734
191435	0.0007294703221
191436	0.0001766271796
191437	0.0007627355065
191438	0.002716936545
191439	0.0006740817196
191440	0.002649409047
191441	0.008425665758
191442	0.006141423095
191443	0.01123641715
191444	0.003848208024
191445	0.008559650352
191446	0.008664318434
191447	0.005155652387
191448	0.01125706189
191449	0.006324421119
191450	0.004270894906
191451	0.007072533836
191452	0.00452988986
191453	0.001888029862
191454	0.002646275474
191455	0.002879072686
191456	0.007288154611
191457	0.002044561776
191458	0.007907801632
191459	0.008325355367
191460	0.001482573619
191461	0.001178003502
191462	0.005756317504
191463	0.001902942796
191464	0.0002145130125
191465	0.01140366844
191466	0.01140911475
191467	0.00767577138
191468	0.001397032208
191469	0.005144682712
191470	0.00209022546
191471	0.006838681351
191472	0.005906109695
191473	0.003629233526
191474	0.003975192934
191475	0.001277381906
191476	0.003737425629
191477	0.00547294678
191478	0.006152040999
191479	0.0007037318435
191480	0.0001895640886
191481	0.003676582046
191482	0.0002295744067
191483	0.003306364286
191484	0.004524872349
191485	0.003756491547
191486	0.0008509898924
191487	0.01388680025
191488	0.0009380076232
191489	0.0005138888819
191490	0.003389671635
191491	0.002463127633
191492	0.0001206698118
191493	0.0042799983
191494	0.000216372922
191495	0.00196104158
191496	0.001392808046
191497	0.002003049801
191498	0.006076721788
191499	0.0002823585136
191500	0.006575489347
191501	0.00561721784
191502	0.0006980659699
191503	0.0004141796269
191504	0.002062297927
191505	0.003935569608
191506	0.003015824617
191507	0.004953369821
191508	0.0006422673333
191509	0.001550837052
191510	0.00122216859
191511	0.003043588819
191512	0.001930975958
191513	0.005911718977
191514	0.001676546582
191515	0.002950522023
191516	0.005870663238
191517	0.002583405015
191518	0.002301836032
191519	0.002372122016
191520	6.222597826e-05
191521	0.009778955148
191522	0.008937004731
191523	0.002579675211
191524	0.00212865323
191525	0.0006233471762
191526	0.004619539773
191527	0.005701035404
191528	0.004062651296
191529	0.009260136296
191530	0.007441886436
191531	0.004031703829
191532	0.002259681749
191533	0.003890078847
191534	0.008462641054
191535	0.001608842152
191536	0.001110217651
191537	0.003523832395
191538	0.003095899522
191539	0.001845233875
191540	0.002959215833
191541	0.00117810701
191542	0.002938258234
191543	0.008689591169
191544	0.005769397339
191545	0.007213838821
191546	0.0001815243553
191547	0.00382586338
191548	0.002137294755
191549	0.0001718256972
191550	0.002178026458
191551	0.0004670909573
191552	0.00415128958
191553	0.01062649304
191554	0.01045992689
191555	0.004004224963
191556	0.0001170596611
191557	0.004233936936
191558	0.006876406938
191559	0.00360724353
191560	0.002408639796
191561	0.004296523759
191562	0.008109097905
191563	0.0003276532974
191564	0.008453395218
191565	0.000726140545
191566	0.004411482519
191567	0.002731216686
191568	0.001227033164
191569	0.001940872992
191570	0.01230510663
191571	0.003156365276
191572	0.002062323456
191573	0.002556887285
191574	0.005482927622
191575	0.007983071413
191576	0.007977051333
191577	0.003265941437
191578	0.00202559706
191579	0.004872358657
191580	0.004308091853
191581	0.002301671626
191582	0.002957889038
191583	0.004871720908
191584	0.001570912438
191585	0.002574089917
191586	0.000257139078
191587	0.00237504805
191588	0.006932402054
191589	0.004823164394
191590	0.01154245903
191591	0.006919489233
191592	0.006677937138
191593	0.005539293366
191594	0.007262656552
191595	0.002688470445
191596	0.0005734079557
191597	0.001962968324
191598	0.002947891578
191599	0.0004467303229
191600	0.003233889192
191601	0.0009378856544
191602	6.935674021e-05
191603	0.0009523897198
191604	0.01174267664
191605	0.0007223652401
191606	0.001471524616
191607	0.002920180508
191608	0.00403823271
191609	0.009206604032
191610	0.004897754467
191611	0.002148220956
191612	0.002059634924
191613	0.001425113522
191614	0.002314996444
191615	0.004761131689
191616	0.007981649321
191617	0.003185312754
191618	0.0033233831
191619	0.01440906289
191620	0.007328757766
191621	0.01250264299
191622	0.0002149971799
191623	0.0001820239022
191624	0.001425808112
191625	0.00142412229
191626	6.409378755e-07
191627	0.0003593933443
191628	0.002231747597
191629	0.001650114189
191630	0.001992915429
191631	0.0005895323338
191632	0.001527876473
191633	0.00234781213
191634	8.436486885e-07
191635	6.41025641e-07
191636	0.001554848691
191637	9.611138839e-05
191638	9.849391811e-05
191639	2.009128038e-06
191640	0.0008512239704
191641	0.0008504425987
191642	0.001365986112
191643	0.002066009849
191644	0.001135267081
191645	0.01173222893
191646	0.002499641067
191647	8.927822283e-06
191648	0.006192032494
191649	0.002092235795
191650	0.006098337353
191651	0.01415030423
191652	0.0007250068745
191653	0.001739731746
191654	0.008365341918
191655	0.01783839285
191656	0.006051746415
191657	0.004505425978
191658	0.01205993973
191659	0.005718019313
191660	0.002237287934
191661	0.01809289377
191662	0.0006438277553
191663	0.004208339184
191664	0.009183197527
191665	0.0002809622861
191666	0.004196394837
191667	0.005187226326
191668	0.006695992006
191669	0.006579779696
191670	0.007215008917
191671	0.002858596527
191672	0.00787219484
191673	0.004961239962
191674	0.0001630744854
191675	0.0002266299216
191676	0.002710469438
191677	0.008134932153
191678	0.004403244799
191679	0.008574031652
191680	0.003148048581
191681	0.0005052437288
191682	0.005499076742
191683	0.0161859309
191684	0.002779797566
191685	0.00739422493
191686	0.002495449768
191687	0.01326363203
191688	0.006677307002
191689	0.003140509656
191690	0.01102479065
191691	0.001815687651
191692	0.004050167888
191693	0.004342026203
191694	0.001396283438
191695	0.009682143976
191696	0.002456772067
191697	0.001980500389
191698	0.001407462883
191699	0.002085970288
191700	0.0001024787844
191701	0.0005467391251
191702	0.00242364781
191703	0.01148669393
191704	0.004626962036
191705	0.005321676622
191706	0.005088462901
191707	0.00084631811
191708	0.004555889617
191709	0.001859600665
191710	0.009330486984
191711	0.006680042031
191712	0.0009671501267
191713	0.0002224562987
191714	0.005289523845
191715	0.002824823281
191716	0.007375607304
191717	0.009686725555
191718	0.0003611162016
191719	0.001698922248
191720	0.00161884241
191721	0.01193466237
191722	0.006313733401
191723	0.002275802051
191724	0.002995478765
191725	0.007959804747
191726	0.000460464195
191727	0.01355107332
191728	0.001115237289
191729	0.003932707651
191730	0.00228751583
191731	0.0133699009
191732	0.001065849536
191733	0.005857964659
191734	0.0005774636862
191735	0.01139997608
191736	0.002715678459
191737	0.0007031458139
191738	0.005405338179
191739	0.0006961038992
191740	0.001622149686
191741	0.001489739568
191742	0.002459525754
191743	0.006252594951
191744	0.00222501789
191745	0.004890198976
191746	0.01125539213
191747	0.005694677364
191748	0.005639452087
191749	0.004175537046
191750	0.01192173577
191751	0.003168978515
191752	0.01172545536
191753	0.002375454915
191754	0.001042408437
191755	0.003195521916
191756	0.001718373334
191757	0.0001046891208
191758	0.001529722509
191759	0.001295961082
191760	0.004636357547
191761	0.0003528114906
191762	0.004008279446
191763	0.002815825981
191764	0.003148939362
191765	0.001681543298
191766	0.003042596949
191767	0.003398156991
191768	0.01094690728
191769	0.002409948499
191770	0.005082234608
191771	0.01188315785
191772	0.008628819364
191773	7.788900084e-05
191774	0.006848918753
191775	0.01063935876
191776	0.004651389877
191777	0.0001621778286
191778	0.008898469374
191779	0.01348731642
191780	0.0001425839735
191781	0.004488284595
191782	0.003237062777
191783	0.003342389731
191784	0.01501607767
191785	0.007826460244
191786	0.006535395475
191787	0.01130620049
191788	0.006230317697
191789	0.001221252414
191790	0.00335179538
191791	0.0005292963605
191792	0.001246776038
191793	0.009892335048
191794	0.01099876224
191795	0.002616555558
191796	0.00141944058
191797	0.002320139036
191798	0.0105654543
191799	0.00107986509
191800	0.01472361707
191801	0.0007006854411
191802	0.005513307589
191803	0.001403100719
191804	0
191805	0.002344167378
191806	0.007165982681
191807	0.008796849862
191808	0.0003729324649
191809	0.009049716947
191810	0.002090262964
191811	0.007504133998
191812	0.003784005005
191813	0.005752523475
191814	0.007063631304
191815	0.0009740084152
191816	0.00414630619
191817	0.006323632617
191818	0.0004167170266
191819	0.0008395768345
191820	0.008785595014
191821	0.0009935878563
191822	0.00491975468
191823	0.006852695366
191824	0.003831191616
191825	0.005176888858
191826	0.002893905147
191827	0.004561900396
191828	0.007327615188
191829	0.01183428593
191830	0.002394914595
191831	0.0009707854197
191832	0.00336925802
191833	0.003951642658
191834	0.00472116349
191835	0.0003682381486
191836	0.004003555511
191837	0.001296104973
191838	0
191839	0.001818111739
191840	0.01299124913
191841	0.00254325492
191842	0.002863738151
191843	0.004564817805
191844	0.006778946928
191845	0.007449799552
191846	0.006135994471
191847	0.003673005052
191848	0.007648487874
191849	0.0003554269835
191850	6.672778715e-05
191851	0.01088357386
191852	0.01165489529
191853	0.003357912577
191854	0.005156857816
191855	0.003855340658
191856	0.004636966574
191857	0.002980803081
191858	0.01276216498
191859	0.004439485498
191860	0.00484849252
191861	0.01024882213
191862	0.00181773833
191863	0.001798306594
191864	0.003089216696
191865	0.01857333586
191866	0.008468977825
191867	0.004155564129
191868	0.008824190978
191869	0.002375529603
191870	0.009554303986
191871	0.01661689897
191872	0.02431155997
191873	0.008682877894
191874	0.002438290239
191875	0.003084901905
191876	0.00106179471
191877	0.002710955809
191878	0.006637021112
191879	0.001748092055
191880	0.002306374127
191881	0.0191819616
191882	0.008975722767
191883	0.01433210897
191884	0.01377215042
191885	0.001058693009
191886	0.005098099029
191887	0.006753986845
191888	0.008264085386
191889	0.009192451993
191890	0.004777634163
191891	0.01650429269
191892	0.006725299624
191893	0.0009496528201
191894	0.01110353422
191895	0.008916742672
191896	0.001971077404
191897	0.004512680848
191898	0.002945649035
191899	0.01351803101
191900	0.007902119243
191901	0.008780927525
191902	0.001158579979
191903	0.01200888339
191904	0.0004767390403
191905	0.01074976476
191906	0.007230430797
191907	0.003396313182
191908	0.01037136811
191909	0.0156448954
191910	0.002545112271
191911	0.006703063854
191912	0.006149545363
191913	0.002796931978
191914	0.01133266141
191915	0.01546524718
191916	0.007935032536
191917	0.004431084085
191918	0.004510793684
191919	0.003878923289
191920	0.001117752838
191921	0.01108834085
191922	0.01146372898
191923	0.01252904504
191924	0.009834335835
191925	0.002357567953
191926	0.007764340845
191927	0.000318205976
191928	0.009448931019
191929	0.01698571462
191930	0.01301540882
191931	0.001143076459
191932	0.008533893263
191933	0.007347330163
191934	0.008877585194
191935	0.006351698042
191936	0.01407236173
191937	0.01093550315
191938	0.01118794786
191939	0.001509302018
191940	0.0009929631421
191941	0.009969423744
191942	0.009441576492
191943	0.002109477908
191944	0.003530573976
191945	0.002437595305
191946	0.002451970686
191947	0.000326134701
191948	0.003907023476
191949	0.0006044048034
191950	0.01258212126
191951	0.002900293204
191952	0.0008547376779
191953	0.01106880905
191954	0.004013988789
191955	0.00513528568
191956	0.002263509074
191957	0.02169858223
191958	0.003242760038
191959	0.0002228702273
191960	0.002486811739
191961	0.01136495394
191962	0.003073510296
191963	0.0001330763505
191964	0.006610250348
191965	0.01562073785
191966	0.00237152005
191967	0.01074834119
191968	0.004846925147
191969	0.01083668749
191970	0.0008078078139
191971	0.0001305267173
191972	0.006328612852
191973	0.0007420262051
191974	0.01472557328
191975	0.002702926285
191976	0.0007336921981
191977	0.01052455105
191978	0.007998854436
191979	0.01346308293
191980	0.01098979308
191981	0.01047047307
191982	0.008302693448
191983	0.0008575789101
191984	0.004907956578
191985	0.004246463612
191986	0.009442903361
191987	0.0175459394
191988	0.01310778166
191989	0.0141436649
191990	0.006708209663
191991	0.00352655124
191992	0.004103068363
191993	0.003131032863
191994	0.00579045649
191995	0.009199665112
191996	0.00286434875
191997	0.01041390123
191998	0.01065370972
191999	0.0125643595
192000	0.008125173259
192001	0.002382260528
192002	0.01266596488
192003	0.004417399203
192004	0.00875603393
192005	0.01959078488
192006	0.01466641157
192007	0.009018452272
192008	0.00645706522
192009	0.009930299888
192010	0.0002709728327
192011	0.0141048409
192012	0.01104815223
192013	0.00629669468
192014	0.01154212643
192015	0.005638326019
192016	0.004043484223
192017	0.01110418185
192018	0.01016117902
192019	0.0004077901587
192020	0.01175408307
192021	0.000441003366
192022	0.01173172997
192023	0.00329180292
192024	0.01336505835
192025	0.002985086004
192026	0.00998269091
192027	0.009551969056
192028	0.004921460544
192029	0.00332115874
192030	0.01615101313
192031	0.004627255697
192032	0.0007185912603
192033	0.003506756992
192034	0.005660950872
192035	0.008520017434
192036	0.007636280275
192037	0.01054074582
192038	0.0008053086223
192039	0.002628526026
192040	0.005992151329
192041	0.009884657821
192042	0.01727522863
192043	0.003062356569
192044	0.0140509468
192045	0.02460714878
192046	0.009251672483
192047	0.002183934494
192048	0.00357986021
192049	0.00650076784
192050	0.01439595481
192051	0.003042952185
192052	0.01054509121
192053	0.009996792257
192054	0.008305009148
192055	0.00311934971
192056	0.00689908192
192057	0.00443615139
192058	0.004762221248
192059	0.0144545037
192060	0.01236374739
192061	0.0008251910791
192062	0.009032171015
192063	0.004947599095
192064	0.00121720543
192065	0.008706041185
192066	0.003105790599
192067	0.01434784727
192068	0.0116333759
192069	0.006376600497
192070	0.007578047338
192071	0.002230055505
192072	0.009139835707
192073	0.007648399312
192074	0.004256425353
192075	0.003427318533
192076	0.006349810303
192077	0.005941691874
192078	0.009982472449
192079	0.006451750091
192080	0.008278382745
192081	0.003120948463
192082	0.01198695458
192083	0.002712662888
192084	0.0002243166014
192085	0.005651503881
192086	0.002011265726
192087	0.009088145262
192088	0.00584422569
192089	0.01931886665
192090	0.0009047707781
192091	0.001021678153
192092	0.00744847788
192093	0.00765956211
192094	0.007584028798
192095	0.0007976840418
192096	0.00408851745
192097	0.004138925319
192098	0.002767268754
192099	0.003299718223
192100	0.005735374968
192101	0.006282164135
192102	0.00474124317
192103	0.01075410249
192104	0.01079655457
192105	0.003535074149
192106	0.007954260773
192107	0.002922879605
192108	0.008752482046
192109	0.002082910569
192110	0.01339776967
192111	0.009840919762
192112	0.001784641198
192113	0.002567688794
192114	0.01218197641
192115	0.00377674972
192116	0.007386203132
192117	0.006820279003
192118	0
192119	0.008633406474
192120	0.00302201285
192121	0.006778673431
192122	0.0009774326748
192123	0.006511549138
192124	0.006166460522
192125	0.001754371642
192126	0.0009628296471
192127	0.004822065591
192128	0.006797632444
192129	0.004379004891
192130	0.004096631698
192131	0.004544350276
192132	0.002805210208
192133	0.00327886371
192134	0.0005498013528
192135	0.001955503626
192136	0.0004800881658
192137	0.0004341243315
192138	0.004441552846
192139	0.00461153837
192140	0.007683580198
192141	0.003190182348
192142	0.001468745101
192143	0.007892522933
192144	0.002772490956
192145	0.0005848412255
192146	0.001750005233
192147	0.004707804504
192148	0.00071411501
192149	0.001818970705
192150	0.003116329993
192151	0.002046828344
192152	0.00959081111
192153	0.004643296385
192154	0.004346275273
192155	0.005133346621
192156	0.005919515239
192157	0.003586185981
192158	0.001718554455
192159	0.006047785324
192160	0.001515791133
192161	0.001736703968
192162	0.004978990975
192163	0.008153031616
192164	0.001413457081
192165	0.002729097146
192166	0.0009026859901
192167	0.007971245733
192168	0.0005654867536
192169	5.851482143e-05
192170	0.00719886623
192171	0.007449729292
192172	0.00681379049
192173	0.003072779241
192174	0.002606607576
192175	0.0001729988208
192176	0.009941726648
192177	0.007192874421
192178	0.01134229611
192179	0.0003917410511
192180	0.005088113941
192181	0.002021699923
192182	0.01328283806
192183	0.01111027422
192184	0.00596183356
192185	0.004024712023
192186	0.0002861448242
192187	0.0001104945096
192188	0.001239475369
192189	0.001804831713
192190	0.004141741902
192191	0.00753560991
192192	0.009786621199
192193	0.003295676477
192194	0.01279492618
192195	0.003667029964
192196	0.004446874146
192197	0.01521622374
192198	0.009429407054
192199	0.002583178418
192200	0.01140267481
192201	0.0002030310482
192202	0.001218833538
192203	0.003868158878
192204	0.001323717653
192205	0.001209599607
192206	0.00624224027
192207	0.004016651531
192208	0.004126668918
192209	0.003410247927
192210	0.004959179151
192211	0.01050864943
192212	0.006991208979
192213	0.0006221252698
192214	0.007482284615
192215	0.001359698437
192216	0.0009935871311
192217	0.01026822941
192218	0.008228191949
192219	0.006659650947
192220	0.003772299576
192221	0.006490922045
192222	0.001092382769
192223	0.004940525569
192224	0.004778565512
192225	0.00469770946
192226	0.007107508475
192227	0.006184249774
192228	0.002535516513
192229	0.001920663876
192230	0.007728622878
192231	0.006398465748
192232	0.006528895012
192233	0.001190142315
192234	0.01001633229
192235	0.005031187076
192236	0.005307103331
192237	0.00510944799
192238	0.003708300784
192239	0.005746733508
192240	0.005368283843
192241	0.005204958431
192242	0.002112579676
192243	0.006562957358
192244	0.0007682713304
192245	0.005121239425
192246	0.002625327519
192247	0.007749658093
192248	0.00352835812
192249	0.006617414414
192250	0.004212353671
192251	0.001000304513
192252	0.0009613673519
192253	0.001326272013
192254	0.007080295954
192255	0.00196385549
192256	0.002207848213
192257	0.002302700057
192258	0.01471160995
192259	0.003557963573
192260	0.007698429172
192261	0.006802228938
192262	0.006940992222
192263	0.002037687307
192264	0.007605485755
192265	0.0009348426886
192266	0.002190520939
192267	0.002879302513
192268	0.007216921242
192269	0.005978147883
192270	0.007092834293
192271	0.0158812943
192272	0.01740609596
192273	0.002552889317
192274	0.0003932721656
192275	0.002110078562
192276	0.006920028151
192277	0.009745185959
192278	0.001180861038
192279	0.001184691685
192280	0.002542938076
192281	0.0005764120288
192282	0.003170651243
192283	0.006734430513
192284	0.003135929497
192285	0.0005104646544
192286	0.001628932157
192287	0.0002010736514
192288	0.004462387349
192289	0.005670164482
192290	0.000746290311
192291	0.01117760135
192292	0.0003210853276
192293	0.009055450936
192294	0.005142446309
192295	0.005852579763
192296	0.01071400997
192297	0.004210528332
192298	0.001137198418
192299	0.004890638426
192300	0.005696605952
192301	0.001860105509
192302	0.01388711297
192303	0.009355483128
192304	0.003492906241
192305	0.001008531515
192306	0.004065873105
192307	0.0041730756
192308	0.006824190977
192309	0.00560647471
192310	0.002750196077
192311	0.00481104248
192312	0.0008384954049
192313	0.003918944052
192314	0.001143983042
192315	0.001321659348
192316	0.00709634097
192317	0.00161385625
192318	0.0003789202614
192319	0.00622689397
192320	3.154962146e-05
192321	0.001691067513
192322	0.0003146908488
192323	0.002758504301
192324	0.007091428399
192325	0.002520790126
192326	0.0016849361
192327	0.003029402264
192328	0.003984567833
192329	0.002631725556
192330	0.00488282217
192331	0.002943299581
192332	0.003254266339
192333	0.003213395682
192334	0.002475539698
192335	0.01288467496
192336	0.0003790986586
192337	0.004793235384
192338	0.001824466323
192339	0.001348686146
192340	0.001229043799
192341	0.006518224191
192342	0.000666957613
192343	0.0005460571562
192344	0.01018740574
192345	0.001208956536
192346	0.01137159799
192347	0.008583620895
192348	0.01513452365
192349	0.004920225983
192350	0.004692479807
192351	0.01122513311
192352	0.006362414821
192353	0.001195731743
192354	0.003028121913
192355	0.004736430702
192356	0.0004186179682
192357	0.002202681791
192358	0.002587804957
192359	0.000472270006
192360	0.005838218209
192361	0.01310196421
192362	0.00641850039
192363	0.008321610316
192364	0.009592689978
192365	0.003854282424
192366	0.00457519227
192367	0.02036245273
192368	0.008952250299
192369	0.005345439723
192370	0.01336801282
192371	0.01862274771
192372	0.005023483571
192373	0.004790396993
192374	0.003411186685
192375	0.004674258696
192376	0.003232659888
192377	0.0127113726
192378	0.003017030131
192379	0.003299192207
192380	0.001554667228
192381	0.002947559798
192382	0.001814030504
192383	0.000573861539
192384	0.01031635367
192385	0.001015117569
192386	0.004159770858
192387	0.01059332517
192388	0.004980029329
192389	0.006561367941
192390	0.004059637236
192391	0.0008148240849
192392	0.003470779803
192393	0.002642460865
192394	0.006734778778
192395	0.01667328714
192396	0.003203851974
192397	0.00157814312
192398	0.00236750353
192399	0.009620944517
192400	0.02178685717
192401	0.002678019757
192402	0.001443403933
192403	0.003844404826
192404	0.001083778237
192405	0.008140670828
192406	0.001897399698
192407	0.007061334593
192408	0.0004972012786
192409	0.004013210814
192410	0.01734391513
192411	0.001138401685
192412	0.001481723596
192413	0.0004798848424
192414	0.004601194257
192415	0.008306363648
192416	0.005790819079
192417	0.004844587377
192418	0.005213432441
192419	0.0005749152874
192420	0.006559143267
192421	0.006104693909
192422	0.002567685552
192423	0.003451311002
192424	0.001724358227
192425	0.006183431819
192426	0.006486840155
192427	0.005641957909
192428	0.004866635464
192429	0.002165787648
192430	0.007574430836
192431	0.001309369212
192432	0.002450681661
192433	0.004313931537
192434	0.008892500444
192435	0.0036236455
192436	0.00745273747
192437	0.003549100428
192438	0.002778790197
192439	0.002345134397
192440	0.003946760581
192441	0.003187559423
192442	0.00132324798
192443	0.007232628169
192444	0.01577261953
192445	0.00226165753
192446	0.001980533897
192447	0.004608840409
192448	0.007006651185
192449	0.004298565392
192450	0.0003684242314
192451	0.002241025272
192452	0.005299990521
192453	0.005150455013
192454	0.001065348676
192455	0.001660509347
192456	0.003978377606
192457	0.001956490861
192458	0.01220500145
192459	0.000284411459
192460	0.005506509478
192461	0.00348079932
192462	0.003160467759
192463	0.002509936459
192464	0.002586724611
192465	0.007968385348
192466	0.003776502828
192467	0.007019210805
192468	0.003352786337
192469	0.007163085254
192470	0.01833396225
192471	0.001630708834
192472	0.0003494732486
192473	0.003076224409
192474	0.002927249845
192475	0.006087648465
192476	5.382037738e-05
192477	0.0007891170074
192478	0.002634419993
192479	0.002413465942
192480	0.008656579459
192481	0.007963953068
192482	0.003527747463
192483	0.005836675088
192484	3.576390857e-05
192485	0.005699278538
192486	0.00807321221
192487	0.008789380967
192488	0.002172489008
192489	0.009199737032
192490	0.002986415296
192491	0.01082813879
192492	0.003677785456
192493	0.004458229832
192494	0.001394455037
192495	0.005740417141
192496	0.0001061861427
192497	0.004805672257
192498	0.001150585443
192499	0.002794950862
192500	0.002983273041
192501	0.00245940485
192502	0.002011477773
192503	0.004902214764
192504	0.005854722229
192505	0.00117220993
192506	0.0004680260801
192507	0.006660894929
192508	0.003692407053
192509	0.001826991643
192510	0.0003846364817
192511	0.0006438991084
192512	0.003281848094
192513	0.002332604822
192514	0.01384082536
192515	0.003868502284
192516	0.0002255369044
192517	0.01164855972
192518	0.001386412273
192519	0.002530876937
192520	0.0009997328997
192521	0.004033542164
192522	0.00453003461
192523	0.0001637339142
192524	0.00115758359
192525	0.003781502937
192526	0.0003635665651
192527	0.0008733523153
192528	0.006548746545
192529	0.004671264386
192530	0.005976174642
192531	0.00134009125
192532	0.005308072092
192533	0.001785288597
192534	0.000419220813
192535	0.001634050474
192536	0.0043225525
192537	0.01022521881
192538	0.005160999244
192539	0.0009096208647
192540	0
192541	0.000893236262
192542	0.001985021425
192543	0.002136207563
192544	0.001761644507
192545	0.001989565557
192546	0.003073106625
192547	0.0005987010991
192548	0.003020289747
192549	0.003164652228
192550	0.001482184832
192551	0.00469488611
192552	0.002847273353
192553	0.002055999805
192554	0.006636444323
192555	0.003660283866
192556	0.01577689442
192557	0.0200905881
192558	0.000580986484
192559	0.01960914257
192560	0.01169132869
192561	0.003251144551
192562	0.005497530619
192563	0.007134349047
192564	0.002635501208
192565	5.936578631e-05
192566	0.002899041716
192567	0.000316020075
192568	0.004555583683
192569	0.001089556178
192570	0.0001953094254
192571	0.001524117581
192572	0.002825955495
192573	0.003738942943
192574	0.0005138445861
192575	0.01453086679
192576	0.001957761748
192577	0.0008057843917
192578	0.00335964818
192579	0.0006782079468
192580	0.001729677575
192581	0.003616273604
192582	0.0008320262433
192583	0.0008143625509
192584	0.0009024471807
192585	0.00907737241
192586	0.00450598143
192587	0.009711607207
192588	0.00179041786
192589	0.004839836941
192590	0.003854854444
192591	0.002345985284
192592	0.003491383962
192593	0.01914933364
192594	0.001899894454
192595	0.002244181933
192596	0.000847548414
192597	6.489930536e-05
192598	0.005858947396
192599	0.005088153498
192600	0.00309208897
192601	0.01140979196
192602	0.003468468733
192603	0.003304395817
192604	0.0002181744227
192605	0.00461879005
192606	0.006962953453
192607	0.0001551063361
192608	0.0009387815467
192609	0.006339137233
192610	0.0003306439122
192611	0.009131196077
192612	0.005406882097
192613	0.001492345221
192614	0.01115243613
192615	0.002710952145
192616	0.008006318073
192617	0.003201736833
192618	0.009798519473
192619	0.008119292987
192620	0.004104181494
192621	0.00157810777
192622	0.004589107835
192623	0.008282881224
192624	0.006931318407
192625	0.01026410379
192626	0.01379052882
192627	0.0007961547041
192628	0.007043939397
192629	0.003603190999
192630	0.002369854684
192631	0.01114725677
192632	0.002310112382
192633	0.001916714565
192634	0.0002095923775
192635	0.01043205536
192636	0.0001328523993
192637	0.007505984051
192638	0.01093678274
192639	0.002285519122
192640	0.003804048373
192641	0.00864069193
192642	0.002307858947
192643	0.002275628193
192644	0.00734651183
192645	0.002074945726
192646	0.003693267994
192647	0.001251970344
192648	0.002784796007
192649	0.004472623319
192650	0.003750649843
192651	1.403449679e-08
192652	0.003845885434
192653	0.0005507247697
192654	0.0003460537309
192655	0.000113242531
192656	0.0006921050667
192657	0.0006981135396
192658	9.810175716e-07
192659	0.0001088638631
192660	0.0003395043695
192661	0.0006944116364
192662	0.0004525044546
192663	0.0004684548446
192664	0.0002288461291
192665	0.0002347091132
192666	0.000112949932
192667	0.0005730362878
192668	4.970749884e-06
192669	0.0002263322432
192670	0.0006928751628
192671	0.0006854573513
192672	0.0001057992685
192673	0.0005797001785
192674	0.0005802650302
192675	0.0003520787076
192676	0.0003343044662
192677	0.0003354701003
192678	0.0002250446195
192679	0.0001118336859
192680	0.000948923858
192681	0.001533564696
192682	0.00599126766
192683	0.001891982607
192684	0.004021672023
192685	0.003898349787
192686	0.006823438775
192687	0.003650864945
192688	0.005155524174
192689	0.005760323673
192690	0.003176405861
192691	0.00327478939
192692	0.003174918378
192693	0.004809675292
192694	0.005998974419
192695	0.002706956526
192696	0.0001919108561
192697	0.002480208413
192698	0.001217444117
192699	0.001519858643
192700	0.001998714031
192701	0.0009530613983
192702	0.005421046892
192703	0.002411059312
192704	0.002200585358
192705	0.0008951671009
192706	4.186048649e-05
192707	0.00395136117
192708	0.0176370841
192709	0.007083952526
192710	0.005199043078
192711	0.004217991544
192712	0.01099310641
192713	0.001753136233
192714	0.01177515749
192715	0.00103964969
192716	0.002147771351
192717	0.008856120689
192718	0.003621464146
192719	0.01237959075
192720	0.004869791428
192721	0.002501102101
192722	0.001220476751
192723	0.001611440594
192724	0.01160378308
192725	0.004406794723
192726	0.002020409815
192727	0.008138028265
192728	0.009564759279
192729	0.01317593992
192730	0.0006516715876
192731	0.02036102021
192732	0.004253292899
192733	0.005724163841
192734	0.01708845567
192735	0.001767304151
192736	0.003931111029
192737	0.002509592584
192738	0.01208036903
192739	0.008508104526
192740	0.0007813965215
192741	0.00743339691
192742	0.0004328992969
192743	0.0008462686069
192744	0.009881003826
192745	0.01120451315
192746	0.001552964969
192747	0.003130072604
192748	0.01255246517
192749	0.007085676107
192750	0.002035578656
192751	0.0006371427463
192752	0.006144951094
192753	0.02018680277
192754	0.01058020068
192755	0.00900449609
192756	0.005072705419
192757	0.005598935449
192758	0.01032771683
192759	0.0001298451
192760	0.009937496226
192761	0.003789474514
192762	0.001071311807
192763	0.002355752204
192764	0.002426805583
192765	0.000918331648
192766	0.01045171362
192767	0.004514179098
192768	0.006152437121
192769	0.00670715097
192770	0.0008124985502
192771	0.005650459002
192772	0.004849358258
192773	0.002094280935
192774	0.004954822957
192775	0.009590172499
192776	0.005335485005
192777	0.001038908319
192778	0.002505922931
192779	0.002501172871
192780	0.0138084959
192781	0.00876277767
192782	0.00106354129
192783	0.004111437339
192784	0.004460653343
192785	0.001817639624
192786	0.007478036812
192787	0.001439536968
192788	0.003723985518
192789	0.008382859338
192790	0.003984003198
192791	0.003951330242
192792	0.0108411144
192793	0.002057745102
192794	0.01005315864
192795	0.00320550873
192796	0.01100758062
192797	0.002207490043
192798	0.0007686507988
192799	0.01080792531
192800	0.005904619207
192801	0.005423003365
192802	0.004399524867
192803	0.002722267893
192804	0.005294338533
192805	0.01007709855
192806	0.005911058828
192807	0.003897764854
192808	0.004971133066
192809	0.00822223385
192810	0.008773211049
192811	0.008930288395
192812	0.004590339077
192813	0.003744941454
192814	0.01003072153
192815	0.009048681427
192816	0.007106646912
192817	0.002467859769
192818	0.002484231247
192819	0.005331540949
192820	0.002003336431
192821	0.004144626565
192822	0.007940438563
192823	0.008344031084
192824	0.009559696285
192825	0.007596110259
192826	0.00212944544
192827	0.003134478057
192828	0.000829070478
192829	0.006581548217
192830	0.01404878888
192831	0.009696527131
192832	0.0009626965956
192833	0.006773853481
192834	0.007506936431
192835	0.009423816342
192836	0.007627150773
192837	0.000541127969
192838	0.006619211726
192839	0.0006711896651
192840	0.003369101149
192841	0.0009025065435
192842	0.006435506803
192843	0.001319510867
192844	0.001814059669
192845	0.007976281126
192846	0.01003458323
192847	0.0009090137181
192848	0.0003939488458
192849	0.006662508937
192850	0.0009299388894
192851	0.001737680336
192852	0.007465454939
192853	0.004066521929
192854	0.001685627943
192855	0.01045744337
192856	0.008649540961
192857	0.009038772105
192858	0.009298797236
192859	0.009610348946
192860	0.01128436689
192861	0.007024230738
192862	0.004059716051
192863	0.002957504879
192864	0.00546719785
192865	0.006849236395
192866	0.01100097324
192867	0
192868	0.003211168424
192869	0.009276506176
192870	0.001147367237
192871	0.009211378877
192872	0.0126065611
192873	0.002189115452
192874	0.003405510984
192875	0.007634660076
192876	0.005208174438
192877	0.001935337744
192878	0.002990222469
192879	0.008008664396
192880	0.008328991894
192881	0.008518081298
192882	0.003215275602
192883	0.001569829802
192884	0.004460625431
192885	0.001818908671
192886	8.342256726e-05
192887	0.002295482121
192888	0.007147247896
192889	0.002471416819
192890	0.01363972249
192891	0.008199058957
192892	0.0006517224829
192893	0.005506551484
192894	0.002833143024
192895	0.0008028649017
192896	0.004084865006
192897	0.01135213949
192898	0.001672181897
192899	0.0008615445611
192900	0.002207171953
192901	0.007860842394
192902	0.003386447455
192903	0.003217653204
192904	0.01752965113
192905	0.003345682576
192906	0.00102489777
192907	0.002999605819
192908	0.003717068683
192909	0.002910972373
192910	0.003111564156
192911	0.000151890677
192912	0.003608087791
192913	0.001615782611
192914	0.002681315063
192915	0.002511758334
192916	0.002011606631
192917	0.01575563291
192918	0.0009975977509
192919	0.005161487123
192920	0.006424653621
192921	0.00044525224
192922	0.0153574363
192923	0.004770243373
192924	0.001323013084
192925	0.005128216608
192926	0.0004086858851
192927	0.001123262044
192928	0.0009725971506
192929	5.239545469e-08
192930	0.001063338024
192931	0.002274318474
192932	0.0004499028786
192933	0.001093305819
192934	0.002468493877
192935	0.002887863876
192936	0.003801782463
192937	0.003980131167
192938	0.005255227274
192939	0.001352285886
192940	0.002276753896
192941	0.001908958108
192942	0.002297111678
192943	0.003628179026
192944	0.00349082887
192945	0.00173547272
192946	0.001878464764
192947	0.005015039
192948	0.00150932225
192949	0.003835561695
192950	0.00283283706
192951	0.003487723739
192952	0.00593508527
192953	6.757061841e-05
192954	0.003709512102
192955	0.0003788450257
192956	0.0006897351779
192957	0.006839541293
192958	0.009522650716
192959	0.01790159912
192960	0.006803742932
192961	0.007741119469
192962	0.002362169909
192963	0.005115780979
192964	0.001460628979
192965	0.002497687584
192966	0.001748012738
192967	0.002509184868
192968	0.003882831808
192969	0.01128600263
192970	0.002467361671
192971	0.0002193937974
192972	0.004322441242
192973	0.001582681582
192974	0.00110917672
192975	0.00101338694
192976	0.004539453198
192977	0.005234190422
192978	0.01163889899
192979	0.002837511437
192980	0.006820821134
192981	0.004065223837
192982	0.004116667836
192983	0.003667889393
192984	0.004313670723
192985	0.002240113557
192986	0.004358057933
192987	0.002537137814
192988	0.009651836127
192989	0.007408447593
192990	0.007819034289
192991	0.001431218039
192992	0.002924704518
192993	0.0005153997512
192994	0.01549249032
192995	0.0001051186334
192996	0.0002028295779
192997	0.006389742539
192998	0.003099785397
192999	0.003041526
193000	0.01187891697
193001	0.002254299327
193002	0.004055540871
193003	0.002507093276
193004	0.006461973794
193005	0.0101445872
193006	0.006658886031
193007	0.0003979359995
193008	0.0106938212
193009	0.002006800171
193010	0.00123460297
193011	0.002390967229
193012	0.01297991045
193013	0.0005678931127
193014	0.003621329845
193015	0.0005210788203
193016	0.003768243803
193017	0.006128574156
193018	0.002037511024
193019	0.007236195248
193020	0.005245844672
193021	0.002751378807
193022	0.01071507436
193023	0.004541429232
193024	0.0006147051067
193025	0.004617471255
193026	0.001566272207
193027	0.009186819087
193028	0.001340814305
193029	0.003368751612
193030	0.004306925837
193031	0.001615963673
193032	0.002510178563
193033	0.0034452803
193034	0.005455244173
193035	0.008028290511
193036	0.0002899532858
193037	0.009131628986
193038	0.002524030859
193039	0.002320633453
193040	0.004589907281
193041	0.006752224656
193042	0.006498823501
193043	0.001153869987
193044	0.0003851387946
193045	0.001305583593
193046	0.005592643271
193047	0.001684718105
193048	0.01189128676
193049	0.009853995236
193050	0.005025461716
193051	0.002647343984
193052	0.00305838472
193053	0.005196252515
193054	0.003290812383
193055	0.002872237922
193056	0.001300990108
193057	0.0007734602251
193058	0.003633278696
193059	0.00329738934
193060	0.002405779728
193061	0.005218687846
193062	0.0079555898
193063	0.0005453587714
193064	0.004553710176
193065	0.008618901222
193066	0.008681138729
193067	0.008664760687
193068	0.004793909209
193069	0.004116168509
193070	0.001477482266
193071	0.001849518672
193072	0.004479423517
193073	0.001840155819
193074	0.004680523918
193075	0.005023177789
193076	0.004848446799
193077	0.005016206001
193078	0.004922557812
193079	0.001827186779
193080	0.002386649174
193081	0.0005749744547
193082	0.004527594548
193083	0.004804181951
193084	0.0001854149027
193085	0.004263829046
193086	0.004176014555
193087	0.004725961344
193088	0.004605354047
193089	0.004158322292
193090	0.004690697821
193091	0.00545021874
193092	0.004402147486
193093	0.004838765727
193094	0.005265801237
193095	0.004440159533
193096	0.004741263388
193097	0.004589466945
193098	0.004104391388
193099	0.004301387743
193100	0.00494131312
193101	0.003536760875
193102	0.00359196921
193103	0.003454713974
193104	0.003263177481
193105	0.003519073866
193106	0.00355985778
193107	0.003757452507
193108	0.00326877025
193109	0.003449119589
193110	0.0007633893738
193111	0.003491275916
193112	0.0008867292906
193113	0.002778321243
193114	0.003409860641
193115	0.003125182706
193116	0.003234360929
193117	0.002828322122
193118	0.003188135978
193119	0.003564583377
193120	0.00343168998
193121	0.0009022316129
193122	0.003557478787
193123	0.003154647145
193124	0.001016544949
193125	0.002300691949
193126	0.001609897332
193127	0.0007705386499
193128	0.001178116924
193129	0.003867194897
193130	0.004506128603
193131	0.004331009184
193132	0.0034456304
193133	0.004496999166
193134	0.004600410533
193135	0.004611172545
193136	0.004186837792
193137	0.003958252985
193138	0.003835179841
193139	0.00436549156
193140	0.003772330414
193141	0.00416023041
193142	0.004229879631
193143	0.004089116554
193144	0.003842238865
193145	0.004266665669
193146	0.004704601048
193147	0.004129076186
193148	0.001931957044
193149	0.001867973984
193150	0.003998779114
193151	0.004040520595
193152	0.00487375011
193153	0.002804190779
193154	0.002860089851
193155	0.004105907785
193156	0.004689359374
193157	0.003807016
193158	0.003959637577
193159	0.004254514686
193160	0.002143357545
193161	0.003776371007
193162	0.003754338014
193163	0.004337431683
193164	0.001878257183
193165	0.004514611231
193166	0.005532966658
193167	0.004294972593
193168	0.004019551892
193169	0.003966043479
193170	0.00460569697
193171	0.005141260153
193172	0.003983249718
193173	0.004512464642
193174	0.001418800309
193175	0.0002156232705
193176	0.0005874858072
193177	0.001104988558
193178	0.001543144838
193179	0.0004105102184
193180	0.000333737142
193181	0.001303517248
193182	0.0005972626544
193183	0.0003141795262
193184	0.0006214067473
193185	0.0007836803573
193186	0.001030903424
193187	0.0003649423632
193188	0.0004263806998
193189	0.0002373321572
193190	0.002006211964
193191	0.0004900509494
193192	0.001207069772
193193	0.0004783047158
193194	0.0007865329074
193195	0.001170462154
193196	0.0005259717373
193197	0.0004900403214
193198	0.002051306508
193199	0.0005327484269
193200	0.000487976459
193201	0.001102992344
193202	7.203803875e-05
193203	0.003574798144
193204	0.0009036437728
193205	7.599398401e-05
193206	0.0008199082438
193207	3.508815474e-05
193208	8.238219777e-05
193209	0.0003688535035
193210	0.0003706511563
193211	0.0004281508857
193212	0.003543425839
193213	0.00361783266
193214	0.003568452269
193215	0.00340399622
193216	0.003207108827
193217	0.00350069647
193218	0.003596367906
193219	0.004108237752
193220	0.0001487027317
193221	0.0003409542779
193222	0.003474671948
193223	0.003693918349
193224	0.003755049346
193225	0.003264413699
193226	0.003865792993
193227	0.004925902832
193228	0.003402243521
193229	0.005899389323
193230	0.004255035243
193231	0.003986735814
193232	0.003204887355
193233	0.003377826829
193234	0.00379385885
193235	0.003853137611
193236	0.001293123592
193237	0.003808699912
193238	0.003923007164
193239	0.003814622454
193240	0.003216005354
193241	0.003005561627
193242	0.003424913324
193243	0.003501543654
193244	0.004213856485
193245	0.003075232
193246	0.002395063607
193247	0.0009228006444
193248	0.0001392237191
193249	0.0008880074369
193250	0.0005913384275
193251	0.001149309705
193252	0.001526838597
193253	0.0008814137518
193254	0.001373812716
193255	0.0007787227856
193256	0.0005895358171
193257	0.001342585512
193258	0.001169226377
193259	0.003000963875
193260	0.0001985573052
193261	0.002519720644
193262	0.001340518553
193263	0.0003477131444
193264	0.01024170762
193265	0.01022985994
193266	0.008067156672
193267	0.008000426712
193268	0.006922193094
193269	0.009345465283
193270	0.003221118385
193271	0.005202075574
193272	0.005520292382
193273	0.005389635305
193274	0.005211368769
193275	0.0003511166501
193276	0.0009348407498
193277	0.0004990904757
193278	0.001259171335
193279	0.002479943159
193280	0.001090563595
193281	0.0009938360953
193282	0.002378215547
193283	0.003042524163
193284	0.003077992706
193285	0.003004288074
193286	0.00292184768
193287	0.0007653603092
193288	0.003072945703
193289	0.00359191617
193290	0.003272141136
193291	0.003353481448
193292	0.005359498584
193293	0.002100959142
193294	0.00118439516
193295	0.002458526768
193296	0.002167956116
193297	0.002390698478
193298	0.004813652432
193299	0.004314704885
193300	0.0008255818766
193301	0.002689777294
193302	0.002619779469
193303	0.002515163102
193304	0.002615165876
193305	0.002943680139
193306	0.002833149093
193307	0.002880908351
193308	0.002394338751
193309	0.002592990779
193310	0.003151598056
193311	0.002281566852
193312	0.00351971068
193313	0.003735016037
193314	0.002847325967
193315	0.007736858078
193316	0.004498335906
193317	0.00353939687
193318	0.002833563534
193319	0.004349005587
193320	0.00490060647
193321	0.003692399206
193322	0.003825404452
193323	0.002454140426
193324	0.004394043158
193325	0.00363962695
193326	0.004591026719
193327	0.003967423238
193328	0.001987479709
193329	0.004184643036
193330	0.005170269286
193331	0.002598313529
193332	0.004357380964
193333	0.002640808357
193334	0.004570778174
193335	0.004325967993
193336	0.001805943075
193337	0.0001549970767
193338	0.001389282113
193339	0.004544389001
193340	0.004447214925
193341	4.58307701e-05
193342	0.006084737955
193343	0.005214840936
193344	0.005103883786
193345	0.004469036953
193346	0.007544705292
193347	0.006241201907
193348	0.005424262782
193349	0.004427128877
193350	0.004705706765
193351	0.004596390966
193352	0.005714604157
193353	0.006905524042
193354	0.00550191172
193355	0.005910694842
193356	0.006428421438
193357	0.005984969891
193358	0.006660378703
193359	0.005844629683
193360	0.01037077967
193361	0.006104413606
193362	0.004961090004
193363	0.004164308535
193364	0.005980379612
193365	0.003788021656
193366	0.002765773845
193367	0.003332417373
193368	0.003877324845
193369	0.003669463185
193370	0.003700891886
193371	0.00371043579
193372	0.006514466266
193373	0.00366974105
193374	0.003293121567
193375	0.0003128125692
193376	0.003449630444
193377	0.003669847906
193378	0.004264261545
193379	0.002353643183
193380	0.0005130652097
193381	0.002739415489
193382	0.003774316916
193383	0.003640204122
193384	0.001086435715
193385	0.003031996394
193386	0.0007342288982
193387	0.001082913695
193388	0.0008619510267
193389	0.003402698765
193390	0.002804543586
193391	0.001009738522
193392	0.0008105404941
193393	0.0003191416733
193394	0.0006933788482
193395	0.0007369530153
193396	0.0003841407284
193397	0.0009968777067
193398	0.0009090939438
193399	0.0002020938716
193400	0.0009927382081
193401	0.001466791138
193402	0.002047433032
193403	0.001721210458
193404	0.003847302696
193405	0.0004416270151
193406	0.0007872555176
193407	0.0005809846754
193408	0.0007585305795
193409	0.001259693143
193410	0.002639023963
193411	0.002591429122
193412	0.0008554658167
193413	0.0006407665077
193414	0.001670643373
193415	0.001009714584
193416	0.002026277145
193417	0.00143572867
193418	0.002285054083
193419	0.002288383402
193420	0.002369771999
193421	0.001115989281
193422	0.001997776756
193423	0.001369627785
193424	0.001102482151
193425	0.00552899479
193426	0.0006199736484
193427	0.004322868291
193428	0.001869974303
193429	0.001828804529
193430	0.001050713301
193431	0.0006123933549
193432	0.001150378191
193433	0.001190624617
193434	0.0006013130887
193435	0.0008711634294
193436	0.0004948935734
193437	0.001365028434
193438	0.0001172350429
193439	0.0008176622977
193440	0.001970934156
193441	0.001516055303
193442	0.001072231516
193443	0.001299244557
193444	0.001159760169
193445	0.000428694935
193446	0.001899148391
193447	0.0004584657125
193448	0.001670268796
193449	0.002149856033
193450	0.00191766717
193451	0.001934635554
193452	0.001942482264
193453	0.002042671591
193454	0.002259012803
193455	0.00253044383
193456	0.0009445542486
193457	0.002112910223
193458	0.002169974362
193459	0.001021090552
193460	0.002245177103
193461	0.002124018757
193462	0.00164607749
193463	0.003887310924
193464	0.001031498989
193465	0.001547225451
193466	0.003445501552
193467	0.002281369605
193468	0.002034998661
193469	0.00190779808
193470	0.001265041452
193471	0.002297411303
193472	0.001379590277
193473	0.003871333138
193474	0.002059687606
193475	0.0006573539213
193476	0.001702184028
193477	0.002285163996
193478	0.004333051912
193479	0.003842000644
193480	0.001825063874
193481	0.0007726914966
193482	0.002045911552
193483	0.002135871372
193484	0.002011450179
193485	0.001969751888
193486	0.002133248071
193487	0.001374790704
193488	0.001979531659
193489	0.002158991028
193490	0.002144003556
193491	0.009570754936
193492	0.006129093473
193493	0.004175324574
193494	0.00445857784
193495	0.0003224101103
193496	0.0008436099392
193497	0.007351522505
193498	0.00155891613
193499	0.006886157023
193500	0.001363840714
193501	0.002262826505
193502	0.000462013224
193503	0.001132644392
193504	0.001308608487
193505	0.002297163738
193506	0.006698982479
193507	0.007783913463
193508	0.001364051162
193509	0.001381806184
193510	0.00222499341
193511	0.004168359707
193512	0.00500334872
193513	0.008174915694
193514	0.01529448495
193515	0.01257328901
193516	0.004592582965
193517	0.0005829997397
193518	0.001619067715
193519	0.002637861761
193520	0.007265804602
193521	0.001600858921
193522	0.003319325794
193523	0.00145189818
193524	0.006605600611
193525	0.002197772127
193526	0.007419577825
193527	0.0003267815767
193528	0.009903602103
193529	0.001431417041
193530	0.0103691417
193531	6.346228864e-05
193532	0.007350070369
193533	0.004671060044
193534	0.001291145216
193535	0.002472181112
193536	0.0006106760868
193537	0.007893037656
193538	0.004815022189
193539	0.00951184929
193540	4.438031951e-06
193541	0.007908042988
193542	0.003078561934
193543	0.01292160997
193544	0.01046702437
193545	0.004595955887
193546	0.003110079176
193547	0.002880844271
193548	0.006842878429
193549	0.004519702132
193550	0.001495175645
193551	0.007906249343
193552	0.01402940591
193553	0.003271405517
193554	0.006775559254
193555	0.002571579148
193556	0.007024161837
193557	0.0006410956408
193558	0.001379060291
193559	0.01078649971
193560	0.001684750791
193561	0.008511473192
193562	0.009134574293
193563	4.623246338e-05
193564	0.007126517759
193565	0.01503296518
193566	0.001428823948
193567	0.008352167251
193568	0.0002304370636
193569	0.002524523563
193570	0.0006963871785
193571	9.363099696e-08
193572	5.157730605e-05
193573	0.006126770268
193574	0.003180823213
193575	0.0091014796
193576	0.002513911886
193577	0.0003159678801
193578	0.01114724363
193579	0.0009732753409
193580	0.005622099974
193581	0.003752964852
193582	0.0003089198371
193583	0.001948718506
193584	0.001735324129
193585	0.003992235493
193586	0.00498125927
193587	0.001137105993
193588	0.001804433853
193589	0.003127262259
193590	0.001543233065
193591	0.005050191104
193592	0.0005503446554
193593	0.000922931928
193594	0.0008270899566
193595	0.001040248316
193596	0.0006711268873
193597	0.000247539555
193598	0.0009049800522
193599	0.001097418938
193600	0.0009306734195
193601	0.0002770933922
193602	0.0002206246329
193603	0.0001938033302
193604	0.0006580869261
193605	0.003127554396
193606	0.0009635185697
193607	0.001541983157
193608	0.0005290481792
193609	0.0003161985986
193610	0.0001468939864
193611	0.001236875709
193612	0.0001423743115
193613	0.001663714688
193614	0.0001360300676
193615	0.0006271787964
193616	0.001483924595
193617	8.057334653e-05
193618	0.0007083299502
193619	7.604631643e-05
193620	0.001194401215
193621	0.001540455643
193622	3.523819125e-05
193623	0.0006828764356
193624	0.0004013274919
193625	0.0003488686984
193626	0.0004956928705
193627	0.001087604838
193628	0.0009869660143
193629	0.001517510148
193630	0.0004749474706
193631	5.559897862e-05
193632	0.001174900373
193633	0.001084931815
193634	0.0003002482632
193635	0.0001831151164
193636	0.0006934093295
193637	0.001306401686
193638	0.0008904825131
193639	0.000652843179
193640	0.001528103269
193641	8.765957239e-05
193642	0.0008605947811
193643	0.000111475349
193644	0.0006556187715
193645	0.0003378999535
193646	0.001424093685
193647	3.924250743e-05
193648	0.0002460243595
193649	0.0001462656802
193650	0.001689326456
193651	0.002304751418
193652	0.00268230899
193653	0.0005311443033
193654	0.0005080728224
193655	0.0002610716824
193656	0.000190840128
193657	0.0009690506045
193658	0.0005730944936
193659	0.001284455611
193660	0.0009116107843
193661	0.0004352671334
193662	0.001111786262
193663	0.0006484888241
193664	0.001960038735
193665	0.001840000208
193666	0.0009723615945
193667	1.170178798e-05
193668	0.001163276147
193669	0.001912154228
193670	0.0003977965949
193671	1.650089955e-05
193672	0.0007723715436
193673	8.184645573e-05
193674	0.006893747262
193675	0.0002285568656
193676	8.76006683e-06
193677	0.0002977011557
193678	0.001663253072
193679	0.001454751123
193680	0.0005117352072
193681	0.0003701130192
193682	0.0007107940532
193683	0.0005454971515
193684	0.0005113426579
193685	0.001568391959
193686	0.0003458618221
193687	0.001136184652
193688	0.00158576414
193689	0.0009260532126
193690	0.000595598529
193691	0.001470058666
193692	0.001512431509
193693	0.00108549137
193694	0.0008093115317
193695	0.0004080706119
193696	0.0009714254425
193697	0.000412288112
193698	0.0009874163107
193699	0.0005971403383
193700	0.0001024572711
193701	3.720551809e-05
193702	0.001973719744
193703	0.0008743030037
193704	0.001990132655
193705	0.001886623011
193706	0.0001128475383
193707	0.0001441651712
193708	0.0005696855335
193709	0.001154201548
193710	0.0002407470752
193711	0.0004462017362
193712	0.0001777826486
193713	0.0002945829256
193714	0.001845432845
193715	0.002324721293
193716	0.0007774403882
193717	0.001144813748
193718	0.001108450764
193719	0.001542422667
193720	0.001890523447
193721	0.0001633123568
193722	0.001270330091
193723	0.00132947558
193724	0.001663139111
193725	0.001110659691
193726	0.0008452037389
193727	0.001036972598
193728	0.000611744961
193729	0.0009389764087
193730	0.00118605719
193731	0.0003235232053
193732	0.0007084781859
193733	0.0003748853921
193734	0.0005862435254
193735	0.001265642688
193736	0.001873554364
193737	0.0003852324086
193738	0.000725013115
193739	0.0003875292839
193740	3.494881237e-05
193741	0.0003841597636
193742	7.0874786e-05
193743	0.0004364152913
193744	0.001365890847
193745	0.0004483752214
193746	0.00174783085
193747	0.0002864157946
193748	0.0006513032556
193749	0.0002363293103
193750	0.000996330566
193751	0.0002003354582
193752	0.0007001652547
193753	0.0001054761233
193754	0.0006785066565
193755	0.0006549897713
193756	0.0002788359891
193757	0.001520260488
193758	0.0003173939994
193759	0.001328052293
193760	0.001531748578
193761	0.0007265926632
193762	0.001409478387
193763	0.00235808576
193764	0.0007722595696
193765	7.158547723e-06
193766	0.001644407463
193767	0.001034269378
193768	0.001974453055
193769	0.0006292653533
193770	0.001646848552
193771	0.0006846286726
193772	0.0002160255755
193773	0.001050706996
193774	0.001324981764
193775	0.0001391459641
193776	0.0008884699907
193777	0.0001189950072
193778	0.0004167741668
193779	0.001630916872
193780	0.0003135287538
193781	0.0002830942307
193782	0.0001149877477
193783	0.001121919226
193784	0.001395486767
193785	0.0001511307674
193786	0.0005456738006
193787	0.0004602117155
193788	0.000171009471
193789	0.0007906163004
193790	0.001404052876
193791	0.01218473137
193792	0.01733908131
193793	0.0008433273425
193794	0.006561418094
193795	0.01848187179
193796	0.01785161669
193797	0.0169930601
193798	0.01041350906
193799	0.01749214334
193800	0.02369710706
193801	0.005739882992
193802	0.001137136956
193803	0.01491493448
193804	0.002794546757
193805	0.007832760374
193806	0.0003706801592
193807	0.008797243996
193808	0.01428647957
193809	0.01575243975
193810	0.02218851662
193811	0.009992447996
193812	0.007163180831
193813	3.6507975e-05
193814	0.01399943837
193815	0.004844958692
193816	0.003870737646
193817	0.005023546844
193818	0.003676344671
193819	0.0003480073144
193820	0.002529346779
193821	0.007935532675
193822	2.809218523e-05
193823	0.002311083623
193824	0.00476738265
193825	0.001716973551
193826	0.006768995066
193827	0.00100084177
193828	0.008219948872
193829	0.003675451993
193830	0.001908273806
193831	0.002450131232
193832	0.01057133874
193833	0.001175641167
193834	0.0002092350616
193835	0.002800772201
193836	0.003381814875
193837	0.003309704099
193838	0.003307249512
193839	0.005493218001
193840	0.004604406662
193841	0.003546382076
193842	0.003296911541
193843	0.003552404859
193844	0.002775020191
193845	0.002631815201
193846	0.002483797435
193847	0.005304030153
193848	0.00396226491
193849	0.002171041869
193850	0.002315972421
193851	0.001338468247
193852	0.001457061522
193853	0.002354304689
193854	0.003089278607
193855	0.006735397033
193856	0.002259867932
193857	0.007825284643
193858	0.005311666392
193859	0.00249378505
193860	0.007399762643
193861	0.0004519254284
193862	0.008962162443
193863	0.006274969769
193864	0.007676681671
193865	0.007364621259
193866	0.0078175519
193867	0.008058680703
193868	0.005921152296
193869	0.005288275949
193870	0.003550154294
193871	0.001945252506
193872	0.007318150511
193873	0.004832956805
193874	0.001940736698
193875	0.001178223505
193876	0.001617023081
193877	0.002694368525
193878	0.0009044763028
193879	2.05127011e-06
193880	4.89173418e-05
193881	0.003913101108
193882	0.002253211999
193883	0.00429288114
193884	0.006627940803
193885	0.008925415298
193886	0.0003342909422
193887	0.004867239495
193888	0.003202827858
193889	0.0007929834979
193890	0.00544281348
193891	0.001402484794
193892	0.001352372531
193893	0.002205369772
193894	0.0007771101875
193895	0.01425460021
193896	5.521120769e-05
193897	0.005010615378
193898	0.002359238699
193899	0.003484371603
193900	0.01179394484
193901	0.003394096107
193902	0.002456957657
193903	0.001068206473
193904	0.006183284994
193905	0.007049347547
193906	0.001051017384
193907	0.01243020404
193908	0.008538389866
193909	0.0009513657052
193910	0.001004111978
193911	0.007436222398
193912	0.003448476144
193913	0.006952035004
193914	0.0009499712573
193915	0.0001231201748
193916	1.510462717e-07
193917	0.0004756996695
193918	0.01106458318
193919	8.326661586e-05
193920	0.0006033874602
193921	0.003191468692
193922	0.004209016956
193923	0.001525786534
193924	0.0005597765913
193925	0.004370952457
193926	0.001901364286
193927	0.0005169898107
193928	0.004086635224
193929	0.003274730058
193930	0.0008570217103
193931	0.00604996183
193932	0.004291617257
193933	0.005304646472
193934	0.00130009276
193935	0.008938305636
193936	0.004392278853
193937	0.008756646566
193938	0.0009359181526
193939	0.001362027148
193940	0.004322428248
193941	0.002960846908
193942	0.0005915752482
193943	0.001462877741
193944	0.01420342685
193945	0.0231996517
193946	0.01043254277
193947	0.01687481144
193948	0.005149893648
193949	0.005182340273
193950	0.00104210508
193951	0.009673172171
193952	0.001869563972
193953	0.01231254224
193954	0.008302080295
193955	0.0006036670372
193956	0.009327866322
193957	0.01302416388
193958	0.0006847293181
193959	0.007638841225
193960	0.005491200782
193961	9.617288826e-05
193962	0.009975235505
193963	0.000309967275
193964	0.008074627104
193965	0.005125890967
193966	0.002125678468
193967	0.001317568045
193968	5.365406408e-05
193969	0.005719533946
193970	0.002946796674
193971	0.001126101935
193972	0.001304669298
193973	0.0009924395232
193974	0.001434930377
193975	0.001313712968
193976	0.005742363441
193977	0.001618956444
193978	0.0009670237651
193979	0.001936913787
193980	0.002232094876
193981	0.00303076105
193982	0.0004228010777
193983	0.002129981591
193984	0.002425397411
193985	0.001328255339
193986	0.01123402003
193987	0.0006914646639
193988	0.003266121447
193989	0.0007813853986
193990	0.0008318426091
193991	0.001940971753
193992	0.0002854217482
193993	6.311349336e-05
193994	0.002950756161
193995	0.01020365002
193996	0.002521278991
193997	3.084230782e-05
193998	0.001147439585
193999	0.004342875861
194000	0.003674030027
194001	0.0006645573108
194002	0.005612851333
194003	0.002637958042
194004	0.0009979228882
194005	0.001804194557
194006	0.002135909061
194007	0.008674187762
194008	0.004843304666
194009	0.004454977364
194010	0.003530395727
194011	0.001816051427
194012	0.01145479649
194013	0.00179837504
194014	0.0131453616
194015	0.004480968339
194016	0.004601735951
194017	0.007601173338
194018	0.004069062984
194019	0.002967690484
194020	0.004374830335
194021	0.004865437677
194022	0.000219331454
194023	0.002150861054
194024	0.001386005831
194025	0.001443774359
194026	0.002704075337
194027	0.0004306054974
194028	0.004471576879
194029	0.006252937191
194030	0.002624506423
194031	0.001897446997
194032	0.00495357992
194033	0.002683543728
194034	0.001715195153
194035	0.0004784186543
194036	0.004074675747
194037	0.003350224609
194038	0.000819854254
194039	0.009018604632
194040	0.004669690264
194041	0.01462660365
194042	0.003352151337
194043	0.0001272488724
194044	0.0007099000954
194045	0.001805152333
194046	0.002745611192
194047	0.004718277376
194048	0.004577969608
194049	2.76647238e-05
194050	0.001403032685
194051	0.004847095883
194052	0.001463606289
194053	0.003894351206
194054	0.0004329373853
194055	0.002769516784
194056	0.003963525932
194057	0.003402573994
194058	0.001235479577
194059	0.0006310323574
194060	0.0003576222213
194061	0.003714100126
194062	0.0008993915869
194063	0.005205449851
194064	0.001376390944
194065	0.0003631104303
194066	0.003980218413
194067	0.007904381982
194068	0.008350490751
194069	0.0006707478711
194070	0.00455904302
194071	0.002576788344
194072	0.00153196052
194073	0.003267988961
194074	0.001266689133
194075	0.007270917027
194076	0.003599651444
194077	0.001918929252
194078	0.005761941205
194079	0.01348806158
194080	0.0004218249875
194081	0.003059851268
194082	0.0003761978834
194083	0.003773201135
194084	0.001196881966
194085	0.00270635525
194086	0.004444075959
194087	0.0019733297
194088	0.002923561742
194089	0.005156259645
194090	0.01007955995
194091	0.0009200139463
194092	0.006763496743
194093	0.0009473503341
194094	0.009866065617
194095	0.006130391582
194096	0.002585445689
194097	0.007748143288
194098	0.0008949719063
194099	0.001856374698
194100	0.001983825387
194101	0.006190750598
194102	0.01339470067
194103	0.001161137314
194104	0.0005009686168
194105	0.009333208106
194106	0.008341113459
194107	0.001200521751
194108	0.002174942527
194109	0.0009194368513
194110	0.0009653167096
194111	0.002220731461
194112	0.00995384283
194113	0.005568050553
194114	0.008200214734
194115	0.02174756307
194116	0.00593697105
194117	0.007993995375
194118	0.004075035784
194119	0.003122158833
194120	0.004957872631
194121	0.003240435509
194122	0.01298168857
194123	0.01219319559
194124	0.006959160006
194125	0.004859376138
194126	0.004866720869
194127	0.007976898552
194128	0.01042034083
194129	0.01556847238
194130	0.008016253387
194131	0.00108902623
194132	0.001105723674
194133	0.01340157908
194134	0.001620420644
194135	0.006102121986
194136	0.001282604987
194137	0.006995987427
194138	0.01325927221
194139	0.001343030647
194140	0.01910222998
194141	0.003260654865
194142	0.001767571392
194143	0.0009225077671
194144	0.001690432788
194145	0.003298564838
194146	0.002425040743
194147	0.01111458783
194148	0.0006785887067
194149	0.008069637091
194150	0.006305767286
194151	0.0002488399982
194152	0.008683231209
194153	0.007507985017
194154	0.004904975629
194155	0.004070582211
194156	0.01410903698
194157	0.005742079586
194158	0.001300579294
194159	0.006575630669
194160	0.006034400237
194161	0.006101292555
194162	0.001733350533
194163	0.005684617323
194164	0.000931860263
194165	4.4231461e-05
194166	0.0004454069794
194167	0.006039813338
194168	0.008277179237
194169	0.004411223756
194170	0.003107430908
194171	0.003406268815
194172	0.003446929036
194173	0.000114726429
194174	0.0005934346546
194175	0.000853174032
194176	0.000851484697
194177	0.0007349562506
194178	0.0006165332481
194179	0.002379969458
194180	0.001248236033
194181	0.002737382963
194182	0.001969957158
194183	0.00188415239
194184	0.0001451629549
194185	0.005434605213
194186	0.001189537287
194187	0.002114991801
194188	0.004496785136
194189	0.001048504099
194190	0.008235339834
194191	0.003446385759
194192	0.001585616663
194193	0.004116172517
194194	0.01088824981
194195	0.0008877775992
194196	0.00310977583
194197	0.005558714541
194198	0.007078025488
194199	0.005012741934
194200	0.003289861071
194201	0.0002840052227
194202	0.008380661369
194203	0.0109837637
194204	0.008942072823
194205	0.006155704081
194206	0.0006094713358
194207	0.001519710384
194208	0.00762533531
194209	0.005217327289
194210	0.006904027821
194211	0.01301885215
194212	0.002819582057
194213	0.01082904592
194214	0.004729023929
194215	0.001612754713
194216	0.01116207881
194217	0.00345145001
194218	0.009822415191
194219	0.01127623191
194220	0.007597662892
194221	0.007031395972
194222	0.007964377296
194223	0.003351543554
194224	0.009785424039
194225	0.003331265816
194226	0.01161939954
194227	0.01454231035
194228	0.009560326343
194229	0.009093271939
194230	0.01803268766
194231	0.01028697698
194232	0.01808619994
194233	0.008384994228
194234	0.003531491257
194235	0.0003229886858
194236	0.0001097623349
194237	0.005768209515
194238	0.001691307696
194239	0.006105613741
194240	0.002948473965
194241	0.002462509278
194242	0.01170446939
194243	0.005277714589
194244	0.005887445857
194245	0.0252351058
194246	0.006954689206
194247	0.0133712456
194248	0.004157157299
194249	0.006320778889
194250	0.001139338868
194251	0.002210981381
194252	0.0005883459354
194253	0.002054709286
194254	0.000981487453
194255	0.001182288105
194256	0.0007252414639
194257	0.006267843846
194258	0.005242192694
194259	0.0006008141898
194260	0.002530385561
194261	0.0009632385488
194262	0.002439747409
194263	0.002710863058
194264	0.005347572894
194265	0.01036013611
194266	0.007112574476
194267	0.001667577077
194268	0.005719728024
194269	0.00497079251
194270	0.004750271562
194271	0.01043491653
194272	0.0004556583688
194273	0.01721811533
194274	0.01955545098
194275	0.003405330572
194276	0.00724038707
194277	0.000494407037
194278	0.002026186763
194279	0.002762208338
194280	0.004363026606
194281	0.001427438484
194282	0
194283	0.004277390707
194284	0.002823690649
194285	0.0004582532613
194286	0.0007663835329
194287	0.0004821068816
194288	0.002424308556
194289	0.001417723369
194290	0.001037818239
194291	0.002695996897
194292	0.009349244313
194293	0.002977399701
194294	0.0009774513828
194295	0.01693238958
194296	0.008201959181
194297	0.003223825634
194298	0.0009048630884
194299	0.002846482647
194300	0.005219811707
194301	0.002705303255
194302	0.008884050126
194303	0.001755669339
194304	0.001719505697
194305	0.000736042594
194306	0.005678146142
194307	0.01485349231
194308	0.00451156777
194309	0.001219051709
194310	0.0009067074924
194311	0.0005075604476
194312	0.009005929927
194313	0.001188624093
194314	0.0004215319617
194315	0.0009349693587
194316	0.00094068921
194317	0.0009478423687
194318	0.001179630019
194319	0.0009437948326
194320	0.00183297834
194321	0.0001180375103
194322	0.004657097449
194323	0.001610089335
194324	0.01387630443
194325	0.000604358851
194326	0.003162851396
194327	0.0009131281324
194328	0.0009000713116
194329	0.001197342989
194330	0.001359337992
194331	0.004968136505
194332	0.01120278792
194333	0.001497261069
194334	0.005236816998
194335	0.004906666215
194336	0.003158999776
194337	5.851240368e-05
194338	0.006845037832
194339	0.003651769188
194340	0.003335159225
194341	0.008585787171
194342	0.00299829827
194343	0.001005991025
194344	0.001961648222
194345	0.0001952628698
194346	0
194347	0.002430696383
194348	0.006844658228
194349	0.001585422251
194350	0.0002016263245
194351	0.006387397652
194352	0.00565541591
194353	0.005977290939
194354	0.007604262647
194355	0.003035010725
194356	0.0125393215
194357	0.01129140659
194358	0.001927486105
194359	0.005514779256
194360	0.00839426567
194361	0.005959820245
194362	0.004736703793
194363	0.00548272661
194364	0.005868986646
194365	0.009369843756
194366	0.005007390237
194367	0.001208135133
194368	0.0169267946
194369	0.003712237122
194370	0.0007288290225
194371	0.005378658989
194372	0.002419556849
194373	0.01090621382
194374	0.001693671371
194375	0.008466845349
194376	0.004889198913
194377	0.01015779632
194378	0.004097649182
194379	0.01015746432
194380	0.007936916054
194381	0.0002411390759
194382	0.002378672977
194383	0.0003782699423
194384	0.0103461086
194385	0.002230953165
194386	0.001893610751
194387	0.008781815581
194388	0.002042243656
194389	0.0009540785201
194390	0.01715698843
194391	0.006867648777
194392	0.004194763255
194393	0.01175304354
194394	0.004807073372
194395	0.003648671712
194396	0.007677557574
194397	0.004794625028
194398	0.003369677345
194399	0.01324359949
194400	0.01045052206
194401	0.00211492804
194402	0.00123569618
194403	0.002981992238
194404	0.003975273659
194405	0.005920152595
194406	0.006686052389
194407	0.002032325059
194408	0.01450229438
194409	0.01093616227
194410	0.007412694187
194411	0.0003771085235
194412	7.038347751e-05
194413	4.725461227e-05
194414	0.002066959177
194415	0.009548887566
194416	0.008398189881
194417	0.01581564689
194418	0.0004584945544
194419	0.01149613076
194420	0.007260096939
194421	0.006545830409
194422	0.001574504504
194423	0.01824142226
194424	0.002088654504
194425	0.0005975684433
194426	0.0002682226996
194427	0.002912295228
194428	0.000438277726
194429	0.0006374129131
194430	0.003052563917
194431	0.002332801543
194432	0.0007564200072
194433	0.001715476434
194434	0.01095521642
194435	0.008913628002
194436	3.992652565e-05
194437	0.009594423932
194438	0.005956830448
194439	0.001054724326
194440	0.004249423548
194441	0.003457978578
194442	0.002039656367
194443	0.0009803859369
194444	0.01547872653
194445	0.0006299106889
194446	0.005037636673
194447	0.01018582516
194448	0.007549682526
194449	0.0006322066813
194450	0.01216254503
194451	0.002995261417
194452	0.006779198296
194453	9.861939058e-05
194454	0.005732307624
194455	0.001892449633
194456	0.009243859035
194457	0.002135397439
194458	0.001022807942
194459	0.009162634299
194460	0.002269496694
194461	8.596129286e-08
194462	0.003735147581
194463	6.293203343e-05
194464	0.005559353895
194465	0.001113338357
194466	0.0004386062168
194467	0.001495905132
194468	0.003610234485
194469	0.004068015517
194470	0.0007669368845
194471	0.003148578677
194472	0.002594242739
194473	0.006197538767
194474	0.001942715925
194475	0.004731642552
194476	0.006626058005
194477	0.003515767499
194478	0.003168364684
194479	0.0009995416896
194480	0.003360145667
194481	0.002401682942
194482	0.002834871598
194483	0.0009818716019
194484	0.005004508117
194485	0.004154461219
194486	0.0009157353491
194487	3.620328404e-06
194488	0.005388574076
194489	0.004391431167
194490	0.0008473546694
194491	0.003109636919
194492	0.008815916462
194493	0.00105514609
194494	0.001276684392
194495	0.006429117303
194496	0.003775182964
194497	0.006418562081
194498	0.002734739701
194499	0.002575905235
194500	0.01433462917
194501	0.000189616531
194502	1.213201853e-05
194503	0.003046901179
194504	5.956842303e-05
194505	0.0008522495269
194506	0.004396665953
194507	0.008595259897
194508	0.01431602918
194509	0.006285630868
194510	0.01558619923
194511	0.006530036094
194512	0.000747968119
194513	0.001512206596
194514	0.01095294726
194515	0.00165336888
194516	0.0008447887608
194517	0.00108373697
194518	0.001126085099
194519	0.001996351009
194520	0.0006954538595
194521	0.009915263958
194522	0.001461841025
194523	0.002864022204
194524	0.007782669932
194525	0.00611173412
194526	0.0007302290018
194527	0.001791704238
194528	0.01237590237
194529	0.002907633136
194530	0.001749099919
194531	0.007706582179
194532	0.002801277237
194533	0.006139048608
194534	0.0003127969508
194535	0.001180856321
194536	0.004006750905
194537	0.0007190432483
194538	0.0007789383321
194539	0.002874928331
194540	0.003137175843
194541	0.001006610433
194542	0.00881074885
194543	0.003973408205
194544	0.007575436577
194545	0.009650757947
194546	0.0001124604619
194547	0.003589025805
194548	0.006099788347
194549	0.01922409145
194550	0.003766784458
194551	0.004532398644
194552	0.0006906243009
194553	0.001662087712
194554	0.002307699056
194555	0.0007136001353
194556	0.0004818574538
194557	0.0001246234022
194558	0.0003542710286
194559	0.0001265782041
194560	3.231627551e-08
194561	0.0007111246789
194562	5.542171532e-07
194563	0.00119890779
194564	7.754634219e-07
194565	0.000595227048
194566	0.001077326093
194567	1.238293875e-06
194568	0.0007178741517
194569	0.00119906825
194570	0.0003658097548
194571	0.0002442618525
194572	0.000718607871
194573	0.0003598091412
194574	0.007228671095
194575	0.001375398373
194576	0.009265080096
194577	0.007701257714
194578	0.004593511729
194579	0.01731567793
194580	0.003159556331
194581	0.0002578216521
194582	0.003881121787
194583	0.01369045628
194584	0.009114906651
194585	0.01186038321
194586	0.0009651361419
194587	0.001462749153
194588	0.001392097862
194589	0.008643722387
194590	0.007313069131
194591	0.002309026554
194592	0.005122260407
194593	0.01323986834
194594	0.006227058081
194595	0.003923831868
194596	0.007880673922
194597	0.005052968811
194598	0.006220233822
194599	0.01242444514
194600	0.01629123697
194601	0.0006119814701
194602	0.003581646572
194603	0.002748606949
194604	0.0004999962021
194605	0.002057349409
194606	0.01023410192
194607	0.001637848805
194608	0.005037592523
194609	0.0002802037559
194610	0.0004595019594
194611	0.001414176229
194612	0.004508809052
194613	0.002974961656
194614	0.003785307946
194615	0.004359486128
194616	0.0003683355885
194617	0.00064648245
194618	0.007247494862
194619	0.009727889575
194620	0.00812774523
194621	0.003652369471
194622	0.01016184651
194623	0.002387952346
194624	0.004400297866
194625	0.004828234989
194626	0.001471608654
194627	0.001087740635
194628	0.002684761635
194629	0.003485151973
194630	0.003928947761
194631	0.001154622078
194632	0.0004971721321
194633	0.002301622109
194634	0.003826972644
194635	0.00102238836
194636	0.001880428909
194637	0.005922928292
194638	0.00418416778
194639	0.0001534775291
194640	0.005765763357
194641	0.004247086655
194642	0.0020497447
194643	0.001876647559
194644	0.003512526358
194645	0.01078294128
194646	0.006080908315
194647	0.002809197906
194648	0.001483248617
194649	0.0001206176176
194650	4.183231955e-06
194651	0.0001178784203
194652	0.0001189674935
194653	0.0001223760156
194654	7.128573925e-07
194655	0.0001233732482
194656	0.0001201955358
194657	7.844603783e-06
194658	2.872835048e-06
194659	0.0001211351954
194660	0.0001157787489
194661	0.002074538554
194662	0.001954467799
194663	0.003048337708
194664	0.002079243577
194665	0.001964132982
194666	0.0008494983824
194667	0.003176092936
194668	0.002798133971
194669	0.001243400376
194670	0.002942456797
194671	0.001957561198
194672	0.002461018506
194673	0.0004958201294
194674	8.321879815e-07
194675	0.002698535192
194676	0.0003744380404
194677	0.006453849014
194678	0.003196185015
194679	0.0001770341549
194680	0.0006246458179
194681	0.002695571035
194682	0.009905940389
194683	0.008562210257
194684	0.01043573065
194685	0.01233665977
194686	0.001352622887
194687	0.002594841261
194688	0.002097333327
194689	0.001589725507
194690	0.01014622352
194691	0.0009575354348
194692	0.0008540481738
194693	0.0002255683132
194694	0.004164512774
194695	0.006963010246
194696	0.01432330318
194697	0.007179122266
194698	0.005994131976
194699	0.01101792802
194700	0.004435545794
194701	0.008176377532
194702	0.005628707135
194703	0.01103003741
194704	0.01091015896
194705	0.008552264894
194706	0.007732935497
194707	0.007543800767
194708	0.001945566253
194709	0.004264337683
194710	0.01094114237
194711	0.004860476163
194712	0.009118647999
194713	0.0007087685389
194714	0.00791043098
194715	0.007762377068
194716	0.002828394693
194717	0.01468198449
194718	0.004378796509
194719	0.002592308229
194720	0.0003144227998
194721	0.001317940093
194722	0.003757672076
194723	0.002116286609
194724	0.001057781137
194725	0.005054372193
194726	0.005526082227
194727	0.006968273168
194728	0.001865380995
194729	0.005399022478
194730	0.001264325575
194731	0.002911706516
194732	0.006821014408
194733	0.0008317161823
194734	0.007897007886
194735	0.001496881118
194736	0.0004937452291
194737	0.00316294877
194738	0.005660952666
194739	0.001334336991
194740	0.004048242634
194741	0.005902748272
194742	0.002115898686
194743	0.003958497647
194744	0.003437097119
194745	0.008550793764
194746	0.006786257074
194747	0.00197533246
194748	0.003057812456
194749	0.0007383316679
194750	0.0004917001858
194751	0.00171342423
194752	0.009405063667
194753	0.0003516880394
194754	0.003681807366
194755	0.002345606283
194756	0.002031688931
194757	0.00134829103
194758	0.003286501755
194759	0.002190655424
194760	0.001784414559
194761	0.005343874254
194762	0.002582210642
194763	0.002011765236
194764	0.001990169045
194765	0.001290072515
194766	0.00407108323
194767	0.006871668594
194768	0.005046547533
194769	0.002939606692
194770	0.00597961749
194771	0.002591558461
194772	0.00192224787
194773	0.009484733038
194774	0.001709229348
194775	0.009301664964
194776	6.218882604e-05
194777	0.003017931108
194778	0.000439803476
194779	0.002461687377
194780	0.003720664085
194781	0.003775802442
194782	0.004089986623
194783	0.006811396962
194784	0.00364997227
194785	0.003771101235
194786	0.001628021052
194787	0.004169322966
194788	0.00366716366
194789	0.004806378739
194790	0.003439034836
194791	0.004423393182
194792	0.0007295022084
194793	0.001292053983
194794	0.007159316095
194795	0.001383810001
194796	0.004463969924
194797	0.002877517056
194798	0.01337664229
194799	0.001342712956
194800	0.005575015692
194801	0.001861221024
194802	0.009858379251
194803	0.009689520129
194804	0.001290199666
194805	0.00375067806
194806	0.009609948344
194807	0.005422178316
194808	0.003247481081
194809	0.002423972435
194810	0.005921097047
194811	0.0008550729709
194812	0.001443105066
194813	0.00673674586
194814	0.01191604549
194815	0.004090210822
194816	0.003846908937
194817	0.005669518514
194818	0.00497267811
194819	0.002021272008
194820	0.001783733384
194821	0.006307476976
194822	0.007933112173
194823	0.002482687515
194824	0.01435265687
194825	0.01456543005
194826	0.002139524582
194827	0.00379224891
194828	0.007627823636
194829	0.005299278238
194830	0.001649613338
194831	8.373001636e-05
194832	0.01506365245
194833	0.003940775562
194834	0.003420050227
194835	0.002090620135
194836	0.005390291194
194837	0.000864262211
194838	0.003429973719
194839	0.004359866542
194840	0.00196965763
194841	0.005442637612
194842	0.002393615065
194843	0.00124968407
194844	0.000147199375
194845	0.002333380226
194846	0.005242654928
194847	0.004312615642
194848	0.0007515965745
194849	0.003886358349
194850	0.001058211667
194851	0.0115768711
194852	0.01637443382
194853	0.005549337919
194854	0.00435516667
194855	0.003405512331
194856	0.002303903159
194857	0.001766542191
194858	0.005557055493
194859	0.006370693796
194860	0.001417282374
194861	0.01181642223
194862	0.00152460256
194863	0.01017244202
194864	0.003447247224
194865	0.004107783578
194866	0.0003879236092
194867	0.00404264259
194868	0.01120408702
194869	0.006327137924
194870	0.0112043927
194871	0.002841134989
194872	0.01389665628
194873	0.0001195769722
194874	0.00132948296
194875	0.01427554307
194876	0.01197934367
194877	0.005186392994
194878	0.0009910084879
194879	0.005243508857
194880	0.002764102771
194881	0.01238374557
194882	0.001900543562
194883	0.01039626938
194884	0.002990084655
194885	0.002593148375
194886	0.000726179564
194887	0.001483220649
194888	0.002219679055
194889	0.001849402042
194890	0.003447465625
194891	0.002384581491
194892	2.456435845e-07
194893	0.004283010102
194894	0.001424254979
194895	0.002549961214
194896	0.000112733661
194897	0.0008950336944
194898	0.0002126468933
194899	0.005860559123
194900	0.002847830095
194901	0.0002181549222
194902	0.004819340244
194903	0.001486220398
194904	0.001106801244
194905	0.006376550904
194906	0.002977901091
194907	0.001871913812
194908	0.002951366455
194909	0.00466494603
194910	6.139775999e-06
194911	0.0008512885588
194912	0.003013939976
194913	0.0007385961238
194914	0.001582116341
194915	0.002113102988
194916	0.003587607374
194917	0.000117389505
194918	0.003480640069
194919	0.003498495938
194920	0.001153869399
194921	0.005163537466
194922	0.00197508265
194923	0.004286159388
194924	0.00282583745
194925	0.000636216712
194926	0.004912431435
194927	0.002589877352
194928	0.001284968121
194929	0.0007192911054
194930	0.001373935098
194931	0.005607983132
194932	0.002365839564
194933	0.004803127809
194934	0.005852533211
194935	0.0002536510302
194936	0.001272697064
194937	0.0006986108038
194938	0.002417470503
194939	0.0008424375357
194940	0.0008363857412
194941	0.004353500242
194942	0.001473655191
194943	7.789902498e-05
194944	0.001726324132
194945	0.001544404823
194946	0.0006677657687
194947	0.001739372284
194948	0.0007227416675
194949	0.0005785337533
194950	0.004308473223
194951	0.002807837875
194952	0.003457318931
194953	0.0005961192664
194954	0.0006224069301
194955	0.0006774507852
194956	0.001796083108
194957	0.002765118868
194958	0.002189427709
194959	0.00285377897
194960	0.0138372178
194961	0.005672177588
194962	0.001897834183
194963	0.004239976523
194964	0.001496167036
194965	0.006354359089
194966	0.00349050033
194967	0
194968	0.005577001019
194969	0.00427007873
194970	0.007223328586
194971	0.007388267962
194972	0.01756220374
194973	0.00574980807
194974	0.005665306462
194975	0.001692882561
194976	0.000697882125
194977	0.01600481686
194978	0.001103091973
194979	0.006349438585
194980	0.004380350892
194981	0.0009916313154
194982	0.01247678181
194983	0.007830420883
194984	0.007114939652
194985	0.003899989575
194986	0.008934381587
194987	0.005071559215
194988	0.006502361782
194989	0.0048838224
194990	0.003268314092
194991	0.00749700898
194992	0.001588975336
194993	0.001906033802
194994	0.007590378862
194995	0.005560913873
194996	0.000376237182
194997	0.002284029152
194998	0.008695001989
194999	0.002910540401
195000	0.009553485969
195001	0.004250252534
195002	0.0006051771297
195003	0.006679318256
195004	0.006157454934
195005	0.01056778943
195006	0.007391672596
195007	0.002316025645
195008	0.003619441791
195009	0.005746964747
195010	0.006282545219
195011	0.008083882567
195012	0.00534343273
195013	0.006797011145
195014	0.001589579362
195015	8.168236813e-07
195016	0.009183826059
195017	0.004781505141
195018	0.007591713076
195019	0.009409378211
195020	0.001046240934
195021	0.004789201285
195022	0.0003692190784
195023	0.004904956447
195024	0.006800329187
195025	0.002445251106
195026	0.009315632236
195027	0.009553015756
195028	0.00807804305
195029	0.003152611992
195030	0.008597206859
195031	0.01115110069
195032	0.008698213432
195033	0.007397430536
195034	0.006138107471
195035	0.002390967874
195036	0.001609633976
195037	0.004008393085
195038	0.006646675775
195039	0.005232920668
195040	0.007348535689
195041	0.01412993316
195042	0.002696448667
195043	0.0001859080339
195044	0.005853270723
195045	0.001233129755
195046	0.002246357811
195047	0.003221202148
195048	0.01713866324
195049	0.001005940784
195050	0.004759572217
195051	0.003055000233
195052	0.002883262354
195053	0.0005247370107
195054	0.004650967177
195055	0.0002414395438
195056	0.001014235887
195057	0.002463120881
195058	0.002971417277
195059	0.0046192144
195060	0.008762574421
195061	0.002170416822
195062	0.002511166125
195063	0.01194482041
195064	0.0005576800362
195065	0.01092996733
195066	0.003495994574
195067	0.007040255068
195068	0.006142337155
195069	0.004803367115
195070	0.01166268912
195071	0.002603278406
195072	0.001115824564
195073	0.003098999168
195074	7.384466186e-06
195075	0.002998937076
195076	0.002742550691
195077	0.002213223811
195078	0.001096836692
195079	0.0002331724231
195080	0.00257844948
195081	0.0002477977494
195082	0.001101044873
195083	0.001358659304
195084	0.0009732282608
195085	0.00136844037
195086	0.0004926718598
195087	0.001002028668
195088	0.001469580713
195089	0.0002443841451
195090	1.446430215e-06
195091	0.0001245847756
195092	0.0007126695963
195093	0.003114163562
195094	0.001036970695
195095	0.003372104687
195096	0.002744340858
195097	0.0001279428764
195098	0.002737533857
195099	0.001382611312
195100	0.0001289221188
195101	0.003363265967
195102	0.003999523399
195103	0.0006021903328
195104	0.004085411808
195105	0.001976292565
195106	0.004298130803
195107	0.003369182405
195108	0.001213568323
195109	0.0008257695128
195110	0.0005025234651
195111	0.002972796474
195112	0.005085366078
195113	0.0001241493797
195114	0.0004100369792
195115	0.00258425255
195116	5.220783353e-07
195117	0.0002549069236
195118	0.004328785222
195119	0.001845445302
195120	0.001095187123
195121	0.000478617096
195122	0.0007406530679
195123	0.003597912833
195124	0.001211509447
195125	0.0003466768938
195126	0.001343318817
195127	0.00372532996
195128	0.002023280972
195129	0.001125761518
195130	0.002376478678
195131	0.0007534712597
195132	0.001635665841
195133	0.003495042285
195134	0.002723083729
195135	0.001621975262
195136	0.0008701223857
195137	0.004832690442
195138	0.004917305664
195139	0.0002542517707
195140	0.004027698441
195141	0.0008494127859
195142	0.002489740965
195143	0.002089083178
195144	0.005899394593
195145	0.00181064053
195146	0.0003806609553
195147	0.0001390863918
195148	0.003162827432
195149	0.001593168324
195150	0.002185789952
195151	0.0007636276378
195152	0.0009522930526
195153	0.0006039288721
195154	0.00162554003
195155	0.00218895479
195156	1.339539419e-05
195157	0.001863695488
195158	0.0005972907191
195159	0.0008759067758
195160	0.0008516514197
195161	0.002614151189
195162	0.0004465796383
195163	0.001323001989
195164	0.001379356751
195165	0.0006040724812
195166	0.001454079267
195167	0.002502942329
195168	5.098131302e-05
195169	0.007951004919
195170	0.01019460416
195171	0.0003551243855
195172	0.004177713402
195173	0.004589716845
195174	0.002205911441
195175	0.002203430382
195176	0.0005099922315
195177	0.01280783447
195178	0.005912454979
195179	0.01416539581
195180	0.0008842873973
195181	0.00466318386
195182	0.0084281852
195183	0.00747569045
195184	0.002421818612
195185	0.009152492706
195186	0.001152483151
195187	0.003570947502
195188	0.00582567485
195189	0.01817965897
195190	0.008152498583
195191	0.001877934365
195192	0.002016447969
195193	0.001829737427
195194	0.008645226974
195195	0.006132734192
195196	0.0003563700087
195197	0.002486648697
195198	0.003000368727
195199	8.122310774e-05
195200	0.003272662571
195201	0.0018625131
195202	0.003271794712
195203	0.002052527423
195204	0.003236741265
195205	0.007797122674
195206	0.001457082173
195207	0.007575959934
195208	0.003616665393
195209	0.00758438987
195210	0.003637302134
195211	0.0006115258178
195212	0.002202196655
195213	0.004995967269
195214	0.00291973986
195215	0.006050279902
195216	0.00157042685
195217	0.0002137186021
195218	0.00389513541
195219	0.002396302909
195220	0.00547669853
195221	0.008912630098
195222	0.005024646047
195223	0.001845647746
195224	0.008786348847
195225	0.003799181273
195226	0.001031949638
195227	0.002085369773
195228	0.001830455902
195229	0.001585531034
195230	0.00209158766
195231	0.00204983602
195232	0.001763529775
195233	0.003515929235
195234	0.002004569716
195235	0.001544664468
195236	0.0001195611804
195237	0.001293304908
195238	0.005816065846
195239	0.007826072613
195240	0.004770842738
195241	0.00468165186
195242	0.006519499301
195243	0.002934860273
195244	0.0004844825976
195245	0.001577555079
195246	0.006671690994
195247	0.002946338834
195248	0.007606853633
195249	0.001893814424
195250	0.002775227408
195251	0.0005523877223
195252	0.005317672958
195253	0.001759269584
195254	0.004587242515
195255	0.001697700657
195256	0.006318962197
195257	0.001101094625
195258	0.002180527338
195259	0.0007327923902
195260	0.009074328757
195261	0.003634846221
195262	0.01108420432
195263	0.00414597799
195264	0.002458062902
195265	0.003341277558
195266	0.007111406089
195267	0.009226850737
195268	0.003296543942
195269	0.000565370925
195270	0.003217335791
195271	0.002855264502
195272	0.006235348706
195273	0.006199138601
195274	0.002361188566
195275	0.005758633321
195276	0.001308899664
195277	0.004174404617
195278	0.00462504197
195279	0.003023939679
195280	0.004469438695
195281	0.008711044141
195282	0.000912166216
195283	0.006421534342
195284	0.01025602627
195285	0.009074171502
195286	0.009469621432
195287	0.004782393941
195288	0.001733271412
195289	0.005505266186
195290	0.001852186246
195291	0.002184511072
195292	0.001890175159
195293	0.007994438749
195294	0.003837486586
195295	0.0009457390868
195296	0.00494116758
195297	0.006541538434
195298	0.0007533286203
195299	0.002333568016
195300	0.002888868871
195301	0.001779536754
195302	0.004593858425
195303	0.001750283052
195304	0.0016229468
195305	0.005425998522
195306	0.007234991333
195307	0.002100429957
195308	0.004336481745
195309	0.003749178142
195310	0.0002853836441
195311	0.007935157223
195312	0.004450373683
195313	0.002688735947
195314	0.007927727971
195315	0.008453276459
195316	0.004306775933
195317	0.003046433238
195318	0.0002286943318
195319	0.002738484742
195320	0.0004874140763
195321	0.00338407358
195322	0.0004695639995
195323	0.000485771775
195324	0.0005110494112
195325	0.002711551667
195326	0.003218182264
195327	0.007277658455
195328	0.0003729440704
195329	0.005245848818
195330	0.001180539844
195331	2.909468878e-05
195332	0.009469472808
195333	0.0039281822
195334	0.007561490264
195335	0.002240883555
195336	0.0006323470298
195337	0.002330717357
195338	0.003785617384
195339	0.0004714444613
195340	0.0007519518124
195341	0.004877935616
195342	0.006364143718
195343	0.005586588039
195344	0.004462817979
195345	0.006537638539
195346	7.990612915e-05
195347	0.005410078811
195348	0.001233552771
195349	0.0003683425753
195350	0.01024634681
195351	0.0004836299756
195352	0.004510525133
195353	0.01174659906
195354	0.002243138968
195355	0.0004923284595
195356	0.001447110689
195357	0.006532508378
195358	0.005636371009
195359	0.003819761363
195360	0.006529269799
195361	0.001735716084
195362	0.0006495661717
195363	0.005342478957
195364	0.0003659280873
195365	0.0004624249148
195366	0.005185046045
195367	0.003899366302
195368	0.005361497752
195369	0.006823018739
195370	0.004617361798
195371	0.0001190294326
195372	0.006298627459
195373	0.002661751616
195374	0.005701618787
195375	0.007613179176
195376	0.002197549898
195377	0.0001069053174
195378	0.002416799682
195379	0.0008980345994
195380	0.003280459267
195381	0.000105459569
195382	0.003540462043
195383	0.001641890213
195384	0.002442836497
195385	0.006672321365
195386	0.001606924723
195387	0.008399091801
195388	0.004456568661
195389	0.002097622024
195390	0.006124402811
195391	0.0007257474595
195392	0.004313557721
195393	0.002219277228
195394	0.004790179596
195395	0.003492952053
195396	0.001358615616
195397	0.008929973068
195398	0.003161335017
195399	0.003450147288
195400	0.001162691613
195401	0.01173707416
195402	0.007241718455
195403	0.008105381947
195404	0.009793300026
195405	0.008584112665
195406	0.003430633445
195407	0.009215406499
195408	0.0004560745567
195409	0.00606498725
195410	0.005701977708
195411	0.002793626639
195412	0.002745751125
195413	0.0009539177151
195414	0.002523487526
195415	0.0009504331405
195416	0.0005637292386
195417	0.006174199083
195418	0.001922030333
195419	0.0105440622
195420	0.009431089613
195421	0.002383418752
195422	0.005887030051
195423	0.003953073246
195424	0.0009462174342
195425	0.001722840877
195426	0.009588085503
195427	0.01412229398
195428	0.002775147941
195429	0.0004929368656
195430	0.0003271360602
195431	0.00101522737
195432	0.005584638993
195433	5.993918531e-05
195434	0.002035512596
195435	0.002469439548
195436	0.008858716672
195437	0.01176211955
195438	0.004125877553
195439	0.007396206256
195440	0.002617182056
195441	0.005762543195
195442	0.005577269673
195443	0.00691041824
195444	0.0002378153708
195445	0.004617503988
195446	0.001129939183
195447	0.008798511148
195448	0.0009897704987
195449	0.002688370292
195450	0.002477038763
195451	0.01012811238
195452	0.003889971812
195453	0.004673668456
195454	0.006590384496
195455	0.006337771911
195456	0.005849947889
195457	0.006117307086
195458	0.001959512118
195459	0.002751224623
195460	0.0006443086029
195461	0.006302476908
195462	0.0007374028976
195463	0.009306303034
195464	0.00129115706
195465	0.007273125454
195466	0.00226184755
195467	0.005123426081
195468	0.007916281208
195469	0.006430875648
195470	0.005569367529
195471	0.001321731926
195472	0.001658652917
195473	0.001074097953
195474	0.0006509676994
195475	0.002946040101
195476	0.005874024988
195477	0.004745620069
195478	0.001178689988
195479	0.005123705377
195480	0.005280429239
195481	0.002052752598
195482	0.008963459179
195483	0.004328548893
195484	0.006058617516
195485	0.005026480291
195486	0.004748587488
195487	0.005270678657
195488	0.0005967121966
195489	0.001619858337
195490	0.0007346369791
195491	0.003546690707
195492	0.001625470182
195493	0.003281304899
195494	0.00447335762
195495	0.00475589205
195496	0.01192194694
195497	0.002454293115
195498	0.002026528459
195499	0.007980794902
195500	0.006292081946
195501	0.003809526787
195502	0.0007738330779
195503	0.004268978426
195504	0.002158032679
195505	0.002692383993
195506	0.001580948123
195507	0.002224914256
195508	0.001538523788
195509	0.005208289123
195510	0.006833564258
195511	8.369442198e-06
195512	0.007687283768
195513	0.006452470224
195514	0.004377871218
195515	9.210241963e-07
195516	0.008385355819
195517	0.004237064583
195518	0.005759999053
195519	0.005434504376
195520	0.003574743974
195521	0.004228411414
195522	0.002900784284
195523	0.005313660776
195524	0.0001382546675
195525	0.001247562351
195526	0.007734293616
195527	0.0007794816565
195528	0.005317013678
195529	0.0005281841951
195530	0.001531933736
195531	0.001051407464
195532	0.0009150876757
195533	0.0005121512174
195534	0.005599282472
195535	0.0006469528578
195536	0.01063219688
195537	0.006660595891
195538	0.003377656545
195539	0.002858226604
195540	0.003065404098
195541	0.00581687928
195542	0.00625161276
195543	0.002423960028
195544	0.00136938011
195545	0.0007911906075
195546	0.00271306126
195547	0.00161265104
195548	0.00539127185
195549	0.003276619915
195550	0.002369817654
195551	0.00261809053
195552	0.006314490087
195553	0.006203726884
195554	0.002215999316
195555	0.001147337537
195556	0.004641755931
195557	0.005126914108
195558	0.003578003652
195559	0.006057519122
195560	0.004018970465
195561	0.003572346796
195562	0.005511551538
195563	0.006567977447
195564	0.006014017426
195565	0.001848686855
195566	0.008460587
195567	0.002723747856
195568	0.001703770619
195569	0.006935152841
195570	0.0002773384343
195571	0.00753500243
195572	0.004116494608
195573	0.009302987173
195574	0.0005555110555
195575	0.002451405428
195576	0.005700677062
195577	0.003796329118
195578	0.00247764468
195579	0.005265791694
195580	0.001189418154
195581	0.003088747626
195582	0.0063249397
195583	0.0009015072983
195584	0.00735362428
195585	0.009066644604
195586	0.002314970881
195587	0.00198643822
195588	0.001001194357
195589	0.004387942586
195590	0.004190721198
195591	0.001294812753
195592	0.005760119911
195593	0.006019105456
195594	0.0003340405338
195595	0.00700413904
195596	0.005210235151
195597	0.0007733277446
195598	0.002101566416
195599	0.01062084868
195600	0.006579447335
195601	0.003854089297
195602	0.006563676174
195603	0.0004401568085
195604	0.004553528329
195605	0.004338053252
195606	0.00463210821
195607	0.00146862589
195608	0.00313486393
195609	0.0006306631481
195610	0.003100558986
195611	0.003898811395
195612	0.004948163835
195613	0.00517420255
195614	0.004707708236
195615	0.001747885525
195616	0.0008882669228
195617	0.006489854791
195618	0.003003513327
195619	0.003203324927
195620	0.001720097956
195621	0.006425061275
195622	0.002889575973
195623	0.001580998699
195624	0.00233012906
195625	0.004657011538
195626	0.001513073667
195627	0.001811305008
195628	0.002113108581
195629	0.002318822119
195630	0.002986172052
195631	0.005251156596
195632	0.002953228943
195633	0.005818010873
195634	0.002222179556
195635	0.0001724057971
195636	0.0001024983924
195637	0.002655782775
195638	0.0008782119402
195639	0.00782408508
195640	0.000259312137
195641	0.005010727483
195642	0.001836469251
195643	0.001092766533
195644	0.0001088949202
195645	0.001949047933
195646	0.007791150518
195647	0.005481093834
195648	0.007617862461
195649	0.001552346675
195650	0.007477924192
195651	0.004045195793
195652	8.177773573e-05
195653	0.002332996708
195654	0.003352128068
195655	0.007572573598
195656	0.0009526647015
195657	0.002676849968
195658	0.004328309776
195659	0.002362814747
195660	0.003638990593
195661	0.0003398105642
195662	0.008275420697
195663	0.001949709453
195664	0.002713954887
195665	0.0002520257368
195666	0.001746312422
195667	4.529945597e-05
195668	0.001757666478
195669	0.005578775792
195670	0.006796632207
195671	0.004533815636
195672	0.01032798647
195673	0.006140841365
195674	0.01978422801
195675	0.01048075744
195676	0.01430925678
195677	0.01487777335
195678	0.009593398707
195679	0.0006180091595
195680	0.01693408059
195681	0.01731304547
195682	0.01293050161
195683	0.01819371112
195684	0.0008562096068
195685	0.0007224582964
195686	0.005622163184
195687	0.01291584446
195688	0.01879170822
195689	0.007589944579
195690	0.0008469980859
195691	0.005131588587
195692	0.0169345373
195693	0.005100341293
195694	0.00663574351
195695	0.001696552558
195696	0.009900419225
195697	0.007065026439
195698	0.0173061033
195699	0.0104280294
195700	0.0004255121176
195701	0.009256011735
195702	0.009900520207
195703	0.01513607343
195704	0.01327499627
195705	0.005019444618
195706	0.009313521826
195707	0.00710896516
195708	0.0006010148611
195709	0.007216792066
195710	0.002767326225
195711	0.01124823621
195712	0.01935772374
195713	0.01219881352
195714	0.005754039017
195715	0.01192579293
195716	3.530830343e-07
195717	0.0003596441594
195718	0.005981177223
195719	0.001179500143
195720	0.01815526815
195721	0.0008668278506
195722	0.01755656699
195723	0.0001134316535
195724	0.00495015992
195725	0.01823837031
195726	0.008792550058
195727	0.01706268641
195728	0.01706274587
195729	0.01353332398
195730	0.01564987634
195731	0.01729983447
195732	0.005596558008
195733	0.009101535998
195734	0.004247208552
195735	0.007867994292
195736	0.01275676655
195737	0.01937392278
195738	0.009649746172
195739	0.01404985067
195740	0.005449241462
195741	0.01507813761
195742	0.008808289389
195743	0.01331795104
195744	0.0009533385868
195745	0.007776289881
195746	0.002629985236
195747	0.01754618574
195748	0.001455137335
195749	0.0114537075
195750	0.002643168942
195751	0.005240976105
195752	0.009515593566
195753	0.003778238205
195754	0.003257094327
195755	0.003407862258
195756	0.001490096911
195757	0.01642609414
195758	0.005255667714
195759	0.0007371847431
195760	0.009242840524
195761	0.01777524237
195762	0.0167093284
195763	0.01407835418
195764	0.01922103999
195765	0.009688620621
195766	0.006285459006
195767	0.002223518674
195768	0.01705524006
195769	0.004166665947
195770	0.003310471648
195771	0.001744207135
195772	0.01718076156
195773	0.01311472654
195774	0.00414607396
195775	0.01097026869
195776	0.009001945259
195777	0.01251957718
195778	0.0136404214
195779	0.0009759787049
195780	0.003641017595
195781	0.00751792498
195782	0.002137774129
195783	0.004504415755
195784	0.01188629636
195785	0.01962755898
195786	0.01337601052
195787	0.001849211257
195788	0.006206762629
195789	0.003149881903
195790	0.004724340423
195791	0.008088008977
195792	0.0004624471759
195793	0.008749116169
195794	0.004096628709
195795	0.001723339953
195796	0.006220671495
195797	0.005639172789
195798	0.002692437309
195799	0.003148436229
195800	0.004466831908
195801	0.009144770279
195802	0.003972730019
195803	0.007533274251
195804	0.008623925942
195805	0.0006019884805
195806	0.002863723967
195807	0.007136159266
195808	0.008727985927
195809	0.003568235041
195810	0.006734215889
195811	0.008177758602
195812	0.004982531655
195813	0.005583572075
195814	0.0006919447912
195815	0.00180910154
195816	0.004825605125
195817	0.001134230654
195818	0.01104396705
195819	0.006943645221
195820	0.001327758446
195821	0.002602826328
195822	0.009394876678
195823	0.001441329871
195824	0.0009413759339
195825	0.0003007497922
195826	0.006946599577
195827	0.003726522089
195828	0.001780011135
195829	0.002822314646
195830	0.002790446859
195831	0.003870910932
195832	0.003130377231
195833	0.0005028335053
195834	0.003392421592
195835	0.01062972395
195836	0.002236466432
195837	0.005198099297
195838	0.003952043872
195839	0.006560614451
195840	0.003065540785
195841	0.003966529252
195842	0.006496699319
195843	0.003672527638
195844	0.002938897075
195845	0.002089933901
195846	0.0150433848
195847	8.973546967e-05
195848	0.008087710354
195849	0.002767484694
195850	0.005849109506
195851	0.002298615134
195852	0.001054679487
195853	0.002590367142
195854	0.002422394654
195855	0.0001252478824
195856	0.001465308805
195857	0.01346247214
195858	0.009127717416
195859	0.01133096424
195860	0.0008233041528
195861	0.0007498821621
195862	0.001784063257
195863	0.0003477939011
195864	0.009015699299
195865	0.003662636974
195866	0.008038070977
195867	0.001810141126
195868	0.0004427117448
195869	0.0004497033823
195870	0.01326472753
195871	0.005300795709
195872	0.001337909338
195873	0.007486622794
195874	0.0002358406285
195875	0.004992308812
195876	0.007953119968
195877	0.006538992834
195878	0.005384984943
195879	0.005410278101
195880	0.004473334003
195881	0.0001157293804
195882	0.000366404967
195883	0.0005225987423
195884	0.01214150034
195885	0.001846808768
195886	0.004367863621
195887	0.003268183471
195888	0.005071642365
195889	0.0002203701833
195890	0.006990578154
195891	0.0007911923771
195892	0.004240626517
195893	0.001636544178
195894	0.002087147568
195895	0.009587255117
195896	0.005269971337
195897	0.004470625881
195898	0.01184432606
195899	0.002207979715
195900	0.0005902112788
195901	0.001981241396
195902	0.008043617499
195903	0.002668453917
195904	0.002537770158
195905	0.002567152179
195906	0.005847746573
195907	0.00252560002
195908	0.0007836618997
195909	0.002290836719
195910	0.0001739773456
195911	0.003081060828
195912	0.01014342218
195913	0.004147220149
195914	0.003142132763
195915	0.009271517456
195916	0.001520765863
195917	0.003954646453
195918	0.008391610355
195919	0.01132951301
195920	0.003602696968
195921	0.001998240206
195922	0.00088067924
195923	0.0007195410032
195924	0.0002447952183
195925	0.002044277727
195926	0.0027581105
195927	5.586148225e-05
195928	0.007690317789
195929	0.0004455687835
195930	0.0003443437211
195931	0.00786983315
195932	0.0002992014534
195933	0.001539803503
195934	0.002587536848
195935	0.005604346139
195936	0.0005133511405
195937	0.002069943895
195938	0.0003785758686
195939	0.004279586813
195940	0.01341965826
195941	0.00168642253
195942	0.007020291984
195943	0.001470472935
195944	0.00832497028
195945	0.003176599173
195946	0.0008698792051
195947	0.002691274198
195948	0.0009769232867
195949	0
195950	0.001352446607
195951	0.001233717071
195952	0.01373365525
195953	0.0006915447425
195954	0.002357826607
195955	0.0006098756083
195956	0.0009469257518
195957	0.001486087738
195958	0.0008896465805
195959	0.003120998187
195960	0.003870446735
195961	0.008128837914
195962	0.002249415432
195963	0.01572096728
195964	0.0007141900148
195965	0.004723742784
195966	0.0008619168732
195967	0.004973579021
195968	0.005851440014
195969	0.005856061242
195970	0.00296981468
195971	0.0004851828545
195972	0.005566763293
195973	0.003964984976
195974	0.002574955257
195975	0.0003309441898
195976	0.0005048065504
195977	0.005742000707
195978	0.002580333738
195979	0.005829109592
195980	0.005119640026
195981	0.0007764445224
195982	0.001353162889
195983	0.00254008807
195984	0.004279014385
195985	0.002054681082
195986	0.005163225156
195987	0.002619129497
195988	0.002805504748
195989	0
195990	0.003440648414
195991	0.005660384071
195992	0.00190368599
195993	0.009307460472
195994	0.003737276314
195995	0.0001472444015
195996	0.002149041159
195997	0.00293026524
195998	0.008446698611
195999	0.007199360677
196000	0.009571439204
196001	0.002739483436
196002	0.00267526723
196003	0.006186634663
196004	0.01046299393
196005	0.001718880022
196006	0.0001654933466
196007	0.002218704168
196008	0.005258219699
196009	0.0003074100046
196010	0.001480638644
196011	0.001612517528
196012	0.002778702218
196013	0.004988897891
196014	0.002162535683
196015	0.007833558335
196016	0.002130823374
196017	0.005761538711
196018	0.006549129725
196019	0.0004026657503
196020	0.003259058334
196021	0.0007879315519
196022	0.00085481187
196023	0.009701696805
196024	0.0028600197
196025	0.003312503835
196026	0.001441470361
196027	0.00381763326
196028	0.002339505598
196029	0.004916271568
196030	0.0004952787
196031	0.004154436641
196032	0.004128000558
196033	0.004877730245
196034	0.003017500349
196035	0.004550666741
196036	0.005105115797
196037	0.005317391081
196038	0.007631558588
196039	0.0005738533258
196040	0.003721593615
196041	0.00133724564
196042	0.006427518936
196043	8.333670945e-05
196044	0.002029493995
196045	0.0131244694
196046	0.004496410898
196047	0.0128611201
196048	3.933695381e-05
196049	0.0003687034833
196050	0.002694244462
196051	0.007228869311
196052	0.001475540901
196053	0.000420891552
196054	0.004780989983
196055	0.0002671121769
196056	0.004677532057
196057	0.006131121893
196058	0.002621939556
196059	0.005234584329
196060	0
196061	0.006356066682
196062	0.002790186493
196063	0.005659134321
196064	0.0006502852907
196065	0.00792049313
196066	0.002204659569
196067	0.0009552296286
196068	0.004214995585
196069	0.005634396018
196070	0.0007567544422
196071	0.002384425608
196072	0.001840020723
196073	0.0006645787099
196074	0.004389774693
196075	0.004913795593
196076	0.0070198069
196077	0.003482969398
196078	0.008549073619
196079	0.0001154770221
196080	0.00264889276
196081	0.002159793426
196082	0.002094993557
196083	0.002268032808
196084	0.004953550734
196085	0.001633303957
196086	0.0001766595505
196087	6.604343232e-08
196088	0.002719569043
196089	0.002282686478
196090	0.003897261131
196091	0.003500061935
196092	0.008046767765
196093	0.001925464976
196094	0.001954838839
196095	0.002345359127
196096	0.005170150774
196097	0.0008409257323
196098	0.005941017754
196099	0.001065422942
196100	0.003064608711
196101	0.002660873943
196102	0.00327736546
196103	0.003620031415
196104	0.0008494489821
196105	0.002776393495
196106	0.002264085727
196107	0.001855892586
196108	0.004217212772
196109	0.00589670301
196110	0.0009306512788
196111	0.001286850125
196112	0.0005541450416
196113	0.001958341355
196114	0.004629389539
196115	0.004868389846
196116	0.002502536984
196117	0.004243785828
196118	0.005723497319
196119	0.00372216748
196120	0.004431903844
196121	0.005233302279
196122	0.003538062229
196123	0.00288015701
196124	0.001979636161
196125	0.0008271707324
196126	0.0005749558954
196127	0.005342198088
196128	0.006970780423
196129	0.001832146596
196130	0.004817878469
196131	0.003295286024
196132	0.0006355615039
196133	0.00489320788
196134	0.001559842612
196135	0.002522173757
196136	0.003228320453
196137	0.0007947716464
196138	0.008317578559
196139	0.004824664159
196140	0.0005912332625
196141	0.001937238493
196142	0.002380165836
196143	0.0006070348588
196144	0.003422796127
196145	0.0007316208283
196146	0.003860014608
196147	0.006370466487
196148	0.005094983776
196149	0.001053903018
196150	0.002859465279
196151	0.004450687461
196152	0.002243128912
196153	0.005851170212
196154	0.0001923623287
196155	0.0001816122029
196156	0.001202437727
196157	0.004574194687
196158	0.003035996924
196159	0.006241335341
196160	0.002269413953
196161	0.00630783987
196162	0.001713893811
196163	0.0005257606941
196164	0.000125859698
196165	0.002962112021
196166	0.001983469127
196167	0.0004832501646
196168	0.0005847529601
196169	0.003704049807
196170	0.003236541407
196171	0.001951647036
196172	0.002774863308
196173	0.0102189141
196174	0.00224556051
196175	0.0007080697121
196176	0.007027212898
196177	0.003939846488
196178	0.007279676596
196179	0.006854536543
196180	0.001744019703
196181	0.01543997995
196182	0.006074999501
196183	0.005218956078
196184	0.001765721306
196185	0.003096285125
196186	0.009869090727
196187	0.001173784955
196188	0.002488167746
196189	0.002554358819
196190	0.00185909485
196191	0.001392325028
196192	0.002844190731
196193	0.00396379743
196194	0.0003281039033
196195	0.00263801667
196196	0.002245223171
196197	0.0005685625685
196198	9.449959408e-05
196199	0.005160993153
196200	0.002821660536
196201	0.001834360913
196202	0.004710811742
196203	0.0008718025795
196204	0.003879651469
196205	0.004979526215
196206	0.001689214988
196207	0.003698205387
196208	0.002544000903
196209	0.003532322973
196210	0.0009793313601
196211	0.003092049842
196212	0.001419784017
196213	0.0007921394507
196214	0.003901907154
196215	0.004850259625
196216	0.003919504503
196217	0.01010491986
196218	0.002253264124
196219	0.0091094045
196220	0.002915029719
196221	0.001838551496
196222	0.004039798922
196223	0.002838804622
196224	0.001510759357
196225	0.00122946361
196226	0.005141994487
196227	0.00174184564
196228	0.004165016183
196229	0.0009719832103
196230	2.010999238e-07
196231	0.001490606445
196232	0.003179013986
196233	0.0002381567624
196234	0.003446907084
196235	0.002930495621
196236	0.002826214785
196237	0.004909990194
196238	1.440308707e-06
196239	0.002413790894
196240	0.002674629438
196241	0.001933829639
196242	0.003164215623
196243	0.002069666925
196244	0.001584241206
196245	0.001089916715
196246	0.002277490795
196247	0.003050209698
196248	0.003105186798
196249	0.0001013677727
196250	0.0007355115073
196251	0.003022184741
196252	0.003791404049
196253	0.002939678727
196254	0.002665576778
196255	0.00353562626
196256	0.0004537642242
196257	0.001107435051
196258	0.003319441068
196259	0.0003609319612
196260	0.003673147426
196261	1.87140362e-05
196262	0.002067859385
196263	0.002223710224
196264	0.001184674666
196265	0.002240308922
196266	0.003435653889
196267	0.003410779103
196268	0.003551614144
196269	0.0008632820717
196270	0.0005107689858
196271	0.001498411546
196272	0.001129579159
196273	0.003043569034
196274	0.00348369813
196275	0.0007267401172
196276	0.001238787485
196277	0.002540251893
196278	0.004995608458
196279	0.0002753108594
196280	0.000761224766
196281	1.575031281e-06
196282	0.003057076746
196283	0.002526000574
196284	0.003173637947
196285	0.002596148027
196286	0.001203534178
196287	0.001968000546
196288	0.004903620601
196289	0.0005779476331
196290	0.003043396499
196291	0.001797401079
196292	0.0005198530878
196293	0.002577470999
196294	0.001833756554
196295	0.002722252935
196296	0.002969868217
196297	0.003341608164
196298	0.001724137325
196299	0.002564805033
196300	0.003296405975
196301	0.003046796325
196302	0.0003663946588
196303	0.001097424706
196304	0.0001341190131
196305	0.0004966757656
196306	0.003410505249
196307	0.003181217831
196308	0.002052704863
196309	0.001915223011
196310	0.001224566826
196311	0.0001260704534
196312	0.00526819642
196313	0.003327919572
196314	0.001473760701
196315	0.003617405748
196316	0.005628661453
196317	0.002215608676
196318	0.002793490031
196319	0.0005919455497
196320	0.001254764535
196321	0.0002458852393
196322	0.0001312701507
196323	0.005524110651
196324	0.003923959313
196325	0.001461098261
196326	0.002832210695
196327	0.001933864187
196328	0.001835463003
196329	0.0008751826384
196330	0.001221937197
196331	0.002113747857
196332	0.00256206102
196333	0.001494900943
196334	0.003551783566
196335	1.94960267e-06
196336	0.003904489869
196337	0.00209764831
196338	0.003925385372
196339	0.001317023545
196340	6.094395222e-07
196341	0.0004711884664
196342	0.002179937079
196343	0.0006189839869
196344	0.003153618128
196345	0.002218696661
196346	0.0032619252
196347	0.0008270788173
196348	0.0009853536475
196349	0.003869636975
196350	0.0007436758102
196351	0.006159125715
196352	0.0004432629601
196353	0.01227406015
196354	0.002124012603
196355	0.01175914013
196356	0.01146400646
196357	0.006173333669
196358	0.0007331573477
196359	0.007264893901
196360	0.009759060759
196361	0.009416029214
196362	0.0002248428889
196363	0.005922666354
196364	0.007081375325
196365	0.001642335622
196366	0.005222565316
196367	0.009966245218
196368	0.0003162214628
196369	0.01612014449
196370	0.003112096502
196371	0.008438451225
196372	0.004889895964
196373	0.004909808757
196374	0.004285936061
196375	0.007386477701
196376	0.003585295499
196377	0.01180880766
196378	0.002340808847
196379	0.0011240815
196380	0.009299877329
196381	0.007078333837
196382	0.0007045554951
196383	0.008296614201
196384	0.001555297866
196385	0.001212345296
196386	0.00812509423
196387	0.0002079038222
196388	0.004145700547
196389	0.008629984211
196390	0.004909871114
196391	0.00577132238
196392	0.002156817916
196393	0.00692383929
196394	0.00615189238
196395	0.003096217217
196396	0.009084955054
196397	0.0003859480143
196398	0.005587480711
196399	0.004780832704
196400	0.008064301991
196401	0.0005629235267
196402	0.0123640942
196403	0.009157608303
196404	0.0009076569529
196405	2.00111965e-05
196406	0.01011366064
196407	0.003617116879
196408	0.009037685852
196409	0.003178424758
196410	0.007450516357
196411	0.004327377012
196412	0.000162153162
196413	0.001383564031
196414	0.00270446414
196415	0.01028376685
196416	0.006371960643
196417	0.005249308404
196418	0.00496155243
196419	0.003536409584
196420	0.003105182376
196421	0.003780504831
196422	0.007090173195
196423	0.006655172
196424	7.175542789e-05
196425	0.005964385782
196426	0.005678808195
196427	0.01737083905
196428	0.01223025646
196429	0.002342016727
196430	0.008057786237
196431	0.008453710331
196432	0.009261360236
196433	0.002925844566
196434	0.0004823639514
196435	0.006358230429
196436	0.001364940189
196437	0.001397952699
196438	0.001997354742
196439	0.003216630961
196440	0.004456794259
196441	0.01427225963
196442	0.008670298007
196443	0.005041411628
196444	0.000381564714
196445	0.0002218062399
196446	0.009300255165
196447	0.002330498201
196448	0.01343704102
196449	0.004631894326
196450	0.0008486369313
196451	0.002707971059
196452	0.003772928857
196453	0.008208156825
196454	0.007880208193
196455	0.002862462999
196456	0.002712730822
196457	0.01374023548
196458	0.005192854558
196459	0.002056626465
196460	0.01139449123
196461	0.003055070998
196462	0.002621902895
196463	0.005870343442
196464	0.002122704322
196465	0.001913918475
196466	0.003364468826
196467	0.01085098615
196468	0.008035887925
196469	0.01029655757
196470	0.00938513177
196471	0.00185658806
196472	0.00123234563
196473	0.01557316563
196474	0.003320388177
196475	0.004638141608
196476	0.003001540644
196477	0.008577830054
196478	0.008977515364
196479	0.003106323705
196480	0.001306912798
196481	0.004242417242
196482	0.001087570957
196483	0.000727153935
196484	0.002647916192
196485	0.01376872226
196486	0.002127422574
196487	0.002601890252
196488	0.00217146487
196489	0.006321679699
196490	0.01084843147
196491	0.005303088379
196492	0.004334057923
196493	0.0005733196089
196494	0.009233881054
196495	0.002716696312
196496	0.002853815865
196497	0.005177385261
196498	0.005747211991
196499	0.001463970697
196500	0.004757324665
196501	0.006193826027
196502	0.004297023996
196503	0.007030281459
196504	0.01347804433
196505	0.002369804848
196506	0.0004249808418
196507	0.004515638756
196508	0.008908011634
196509	0.0001221980011
196510	0.009562542902
196511	0.009530002888
196512	0.00290392525
196513	0.0006032745607
196514	0.0002480251122
196515	0.002181229703
196516	0.01190185762
196517	0.001891724668
196518	0.009502429681
196519	0.001321846989
196520	0.009160754337
196521	0.0008633873384
196522	0.01053567943
196523	0.00150896938
196524	0.007721032064
196525	0.005808758741
196526	0.002534942955
196527	0.0039031889
196528	0.003208419627
196529	0.004125455644
196530	0.008481130714
196531	0.004558202753
196532	0.002801715532
196533	0.003837432117
196534	0.009808853318
196535	0.0003678470311
196536	0.002823619625
196537	0.01317369169
196538	0.007259556407
196539	0.01065300856
196540	0.001758801863
196541	0.01616086037
196542	0.008273310766
196543	0.008590601184
196544	0.01089213695
196545	0.006084151708
196546	0.002560046874
196547	0.009624857341
196548	0.005262880882
196549	0.00645564126
196550	0.0001252628583
196551	0.0001419745378
196552	0.001679040118
196553	0.01005783928
196554	0.003532654734
196555	0.001741280266
196556	0.002212285527
196557	0.008567118834
196558	0.0003506358987
196559	0.003856897752
196560	0.004016736791
196561	0.006238063588
196562	0.002204022227
196563	0.006582121074
196564	0.00228311534
196565	0.009878714706
196566	5.650953372e-05
196567	0.007848617811
196568	0.001600592874
196569	0.01080276784
196570	0.002430244027
196571	0.003951907246
196572	0.01222234701
196573	0.002754231258
196574	0.007113124811
196575	0.001919204726
196576	0.00376757064
196577	0.00411431125
196578	0.006626453532
196579	0.00824912671
196580	0.006047043446
196581	0.01101743472
196582	0.01097796164
196583	0.01438700485
196584	0.009703762798
196585	0.006865135066
196586	0.009846597711
196587	0.004451285512
196588	0.01098560125
196589	0.003066497139
196590	0.002727810058
196591	0.002576945202
196592	0
196593	0.007595786557
196594	0.003447295606
196595	0.01202409418
196596	0.0009320065572
196597	0.006321057523
196598	0.009657724968
196599	0.008440509925
196600	0.0002271054638
196601	0.01090683593
196602	0.00704790955
196603	0.009767839857
196604	0.01012968214
196605	0.002043016695
196606	0
196607	0.001665181739
196608	0.009787069979
196609	0.0006448860343
196610	0.00369970538
196611	0.002995341133
196612	0.001256594866
196613	0.01040064365
196614	0.008339809993
196615	0.007497527837
196616	0.001228859858
196617	0.007207073404
196618	0.01059411122
196619	0.002333728944
196620	0.001489151907
196621	0.008629715926
196622	0.006983196027
196623	0.003312949147
196624	0.01306543149
196625	0.001016090537
196626	0.007350402973
196627	0.00430269964
196628	0.003126043474
196629	0.001843629723
196630	0.008589013241
196631	0.009907276462
196632	0.008658737553
196633	0.002660095796
196634	0.008312156734
196635	0.001727832827
196636	0.00506810669
196637	0.004859699295
196638	0.0004066676601
196639	0.002237378813
196640	0.003323671026
196641	0.002164647833
196642	0.006925233928
196643	4.355695648e-05
196644	5.918626819e-05
196645	0.005808477542
196646	0.002598146473
196647	0.008742106912
196648	0.0101413927
196649	0.01052121026
196650	0.0007339412649
196651	0.004632024277
196652	9.188678564e-06
196653	0.0008417857944
196654	0.01024015682
196655	0.0005070903159
196656	0.008964404789
196657	0.0004206374289
196658	0.01193880955
196659	0.01231422106
196660	0.0141060459
196661	9.759861436e-05
196662	0.003853521357
196663	0.001116799447
196664	0.003993455482
196665	0.001910006627
196666	0.005366721001
196667	0.001859995323
196668	0.008714386663
196669	0.001981210563
196670	0.001954944742
196671	0.004000126743
196672	0.0003099318209
196673	0.008645164531
196674	0.004000471461
196675	0.003234529248
196676	0.01137059859
196677	0.003485542377
196678	0.004382863889
196679	0.002495120368
196680	0.001081999293
196681	0.007751907262
196682	0.001050709454
196683	0.01336531428
196684	0.001074303572
196685	0.003140726389
196686	0.001547856459
196687	0.003828679698
196688	0.005212766972
196689	0.0015543339
196690	0.003454996344
196691	0.004012485562
196692	0.001967704918
196693	0.004063645585
196694	0.003394730661
196695	0.0001955747571
196696	0.004872843107
196697	0.002702665592
196698	0.005325908202
196699	0.002908868033
196700	0.006194253868
196701	0.001896382746
196702	2.596741724e-05
196703	0.003334260522
196704	0.005475881115
196705	0.005479920383
196706	0.003462941376
196707	0.000257525596
196708	0.0006910211899
196709	0.0008240677837
196710	0.004499168588
196711	0.001987924346
196712	0.00452967019
196713	0.008989735401
196714	0.007351334687
196715	0.001891058132
196716	0.0009646482959
196717	0.002172428715
196718	0.001003138039
196719	0.002653023057
196720	0.008793588745
196721	0.001611186668
196722	0.007658219034
196723	0.003796561687
196724	0.005029766223
196725	0.001429581066
196726	0.005202911618
196727	0.002534822641
196728	0.006217918227
196729	0.002420039827
196730	0.0002431011189
196731	0.002751528226
196732	0.008917035517
196733	0.0009497389708
196734	0.006110987886
196735	0.001211451508
196736	0.003219726802
196737	0.007462961658
196738	0.005679129918
196739	0.002584389955
196740	0.004420158557
196741	0.0006883251019
196742	0.003778513501
196743	0.002129715045
196744	0.0007455577982
196745	0.000214664039
196746	0.004513425892
196747	0.0006789721217
196748	0.00181457481
196749	0.002527468049
196750	0.004348181752
196751	0.001907888464
196752	0.001251286611
196753	0.003515249465
196754	0.00279659072
196755	0.004667887726
196756	0.001730768898
196757	0.0001576820071
196758	0.002925178516
196759	0.001949930197
196760	0.006511956805
196761	0.0003549350249
196762	0.0012310286
196763	0.00256862312
196764	0.009897253836
196765	0.002671417834
196766	0.001043858194
196767	0.001227643659
196768	0.001343566751
196769	0.005571740483
196770	0.003387369885
196771	0.006382310052
196772	0.0002822007489
196773	0.005723465183
196774	6.11082342e-05
196775	0.00337709518
196776	0.004926382717
196777	0.006554935782
196778	0.000130480437
196779	0.001512446754
196780	0.004128106403
196781	0.002160746926
196782	0.001471769525
196783	0.003436254831
196784	0.005550841788
196785	0.005649242284
196786	0.001906643798
196787	0.005524085248
196788	0.001146556021
196789	0.003773094296
196790	0.002845546631
196791	0.008332547614
196792	0.004778565627
196793	0.004830577906
196794	0.001731703107
196795	0.0001273315062
196796	0.0009649954076
196797	0.002933407809
196798	0.005845212283
196799	0.003781465823
196800	0.005192780459
196801	0.0009979530015
196802	0.01063028357
196803	0.002246077585
196804	0.0005742782484
196805	0.004374367677
196806	0.004559051185
196807	0.001309886182
196808	0.001600482219
196809	0.001583415985
196810	0.006214029845
196811	0.0004139235885
196812	0.002543397993
196813	0.002268738441
196814	0.003124032266
196815	0.0001859972298
196816	0.001353065133
196817	0.007840374562
196818	0.0001286020929
196819	0.002932595869
196820	0.0005722386359
196821	0.005024679073
196822	9.961276904e-05
196823	0.002126274623
196824	0.004666025759
196825	0.002717028312
196826	0.000510198939
196827	0.001004061189
196828	0.005937019854
196829	0.001999001158
196830	0.002552116928
196831	0.0001358355283
196832	0.001753997646
196833	0.002734929686
196834	0.002729215751
196835	0.005001611669
196836	0.001606904746
196837	0.001621165005
196838	0.00121012007
196839	0.0005180761771
196840	0.001129081685
196841	0.004889072506
196842	0.004924848816
196843	0.004480140427
196844	0.002937701391
196845	0.001353101234
196846	0.0007501994179
196847	3.280501305e-05
196848	0.002177582279
196849	0.004870187601
196850	0.004233858157
196851	0.001152069574
196852	0.002110280415
196853	0.000689156693
196854	0.004256370025
196855	0.00366649322
196856	0.002570701918
196857	0.002559371506
196858	0.001746473536
196859	0.001924680676
196860	0.0004796513948
196861	0.008817522109
196862	0.001047463203
196863	0.0007024032692
196864	0.008511539997
196865	0.001194548514
196866	0.0004756846002
196867	0.0006960341371
196868	0.001842716246
196869	0.004607021418
196870	0.002784068913
196871	0.001636968397
196872	0.003271885251
196873	0.0009417086781
196874	0.002753361604
196875	0.001093106319
196876	0.007728496106
196877	0.008357203845
196878	0.004814223339
196879	0.000884671851
196880	0.002282761228
196881	0.0007969040115
196882	0.006471818476
196883	0.004975860124
196884	0.002360804376
196885	0.00117408236
196886	0.003920214355
196887	0.005631829544
196888	0.001247089817
196889	0.00390623546
196890	0.003591464149
196891	0.001161061555
196892	0
196893	0.0006746376558
196894	0.002593842011
196895	0.003760241825
196896	0.003691850322
196897	0.004437676417
196898	0.002050918499
196899	0.0007918173673
196900	0.002271769664
196901	0.006147763947
196902	0.00122205652
196903	0.0001305890859
196904	0.009692595706
196905	0.0003093715978
196906	0.004136326729
196907	0.004312700805
196908	0.003542382495
196909	0.00969884878
196910	0.007000987391
196911	0.004361202958
196912	0.006490164293
196913	0.002494444934
196914	0.0002982927185
196915	0.002215805589
196916	0.0005689686719
196917	0.002415077443
196918	0.002296017899
196919	0.002010331759
196920	0.006507479525
196921	0.007700654978
196922	0.004893242797
196923	0.0008670833154
196924	0.003115696465
196925	0.003153559022
196926	0.0003158813105
196927	0.004583203831
196928	0.0008138196447
196929	0.004344834437
196930	0.003389171869
196931	0.00186267148
196932	0.002645364084
196933	0.0001408003233
196934	0.001133111184
196935	0.001039166796
196936	0.008779960069
196937	0.002586993237
196938	0.003219029859
196939	0.0009294054679
196940	0.001445284897
196941	0.004309078023
196942	0.001016217984
196943	0.004030396703
196944	0.001308590867
196945	0.0007258304002
196946	0.004036406806
196947	0.0003575782249
196948	0.007294956995
196949	0.003635268835
196950	0.005321940816
196951	0.001212670777
196952	0.004161017718
196953	0.002981858292
196954	0.002438548076
196955	0.001534902535
196956	0.006463822799
196957	0.007818997978
196958	0.0007219556043
196959	0.003601921571
196960	0.004005874864
196961	0.01008386485
196962	0.003556635659
196963	0.0007725227577
196964	0.003623773401
196965	0.004900390961
196966	0.00284468416
196967	0.006109999979
196968	0.009475484201
196969	0.01028351483
196970	0.003912024712
196971	0.003386868582
196972	0.006024182591
196973	3.807882028e-07
196974	0.002973059432
196975	0.0007404153642
196976	0.004197576352
196977	0.005750328219
196978	1.804629972e-05
196979	0.0008520235116
196980	0.01119337551
196981	0.0001507219192
196982	0.006994139349
196983	0.00633809389
196984	0.008732711184
196985	0.002845923316
196986	0.006005116805
196987	0.0003501532384
196988	0.0006909513273
196989	0.006007693422
196990	0.004547697549
196991	0.006113761993
196992	0.0124576474
196993	0.001102848363
196994	0.0009137451256
196995	0.003405403821
196996	0.005386803468
196997	0.01135521008
196998	0.01092854142
196999	0.00403729002
197000	0.007408653249
197001	0.01202764032
197002	0.003028041282
197003	0.002593652819
197004	0.006231608717
197005	0.008903933573
197006	0.003654999608
197007	0.001215835383
197008	0.002361882674
197009	0.0003455817665
197010	0.01057561273
197011	0.007220249711
197012	0.00691086513
197013	0.001748976719
197014	0.0006577056063
197015	0.003276216255
197016	0
197017	0.005676138798
197018	0.001900798176
197019	0.01195741179
197020	0.001885549921
197021	0.002221513604
197022	0.007729666765
197023	0.001094817709
197024	0.003120515765
197025	0.0003774306823
197026	0.0002473243038
197027	0.002544781121
197028	0.0021999874
197029	0.000823470764
197030	0.001132593181
197031	0.0006966052017
197032	0.002073819938
197033	0.00384681344
197034	0.002642106662
197035	0.01107942008
197036	0.008859175979
197037	0.0004768087938
197038	0.0005540719635
197039	0.0008846007954
197040	0.003373246795
197041	0.00887508866
197042	0.007063197042
197043	0.0101367083
197044	0.01158945622
197045	0.003571124508
197046	0.008101065101
197047	0.001927187097
197048	0.002055421665
197049	0.0006515006305
197050	0.0007164546072
197051	0.01640002649
197052	0.004708310807
197053	0.003006078262
197054	0.008266283498
197055	0.0006056068231
197056	0.003056385216
197057	0.001325776713
197058	0.01232572799
197059	0.0004132860257
197060	0.007609344851
197061	0.007234145732
197062	0.004319099572
197063	0.001930508101
197064	0.0006610768862
197065	0.004226173142
197066	0.0002337695214
197067	0.0002311684631
197068	0.001049038394
197069	0.009727574305
197070	0.002505768646
197071	0.000701578491
197072	0.001890900142
197073	0.0001673796671
197074	0.01063647667
197075	0.002673016621
197076	0.007036024411
197077	0.004161404494
197078	0.004987476914
197079	0.007768097531
197080	0.009529503673
197081	0.00624661896
197082	0.001471331823
197083	0.01013078934
197084	0.002444973585
197085	0.002333300479
197086	0.0007093443026
197087	0.001639514308
197088	0.0008715621742
197089	0.007722517869
197090	0.001742040624
197091	0.009235632659
197092	0.003272263296
197093	0.006818902584
197094	0.004181256004
197095	0.002811791478
197096	0.00429715888
197097	0.00451089147
197098	0.0022990354
197099	0.001913430786
197100	0.002364491334
197101	0.002433285009
197102	0.005782030955
197103	0.002279989203
197104	0.004176400836
197105	0.006821555044
197106	0.005347731869
197107	2.97442349e-05
197108	0.006047837494
197109	0.002070260317
197110	0.005239852493
197111	0.01076012653
197112	0.007098713444
197113	0.002162075776
197114	0.006516741764
197115	0.004153210783
197116	0.002125463734
197117	0.006026219116
197118	0.004786467229
197119	0.0001281402099
197120	0.002281999862
197121	0.001053483052
197122	0.002279997795
197123	0.01127829684
197124	0.01300675429
197125	0.00878770142
197126	0.002690654241
197127	0.002304705895
197128	0.005115207761
197129	0.007350339201
197130	0.0006834478865
197131	0.003321070407
197132	0.005591384419
197133	0.0001927638964
197134	0.005909346423
197135	0.004109728678
197136	0.006472929436
197137	0.005005538183
197138	0.002952750539
197139	0.006712551314
197140	0.005795037103
197141	0.002665016811
197142	0.004681421594
197143	0.001876503688
197144	0.009103712886
197145	0.007276683908
197146	0.007057228105
197147	0.004879345233
197148	0.005860476545
197149	0.00384008472
197150	0.001008116385
197151	0.01122642639
197152	0.003339719919
197153	0.006342727962
197154	0.006185332153
197155	0.001293967028
197156	0.005693090246
197157	0.006249153421
197158	0.001843478542
197159	0.004163834889
197160	0.002249710154
197161	9.218197236e-05
197162	0.001493440498
197163	0.0004682818438
197164	0.000131398936
197165	0.0006394093183
197166	0.001529567504
197167	0.01027774015
197168	0.0005103693354
197169	0.01032850416
197170	0.006965262747
197171	0.002681708391
197172	0.001744392731
197173	0.004965757254
197174	0.003419606798
197175	0.004347051103
197176	0.002417073006
197177	0.005726971041
197178	0.004364518734
197179	0.004514854156
197180	0.004067117965
197181	0.001011419705
197182	0.001316107039
197183	0.01136048958
197184	0.002222397233
197185	0.005124351657
197186	0.003315828036
197187	0.01032730315
197188	0.005231548705
197189	0.002801402406
197190	0.009416243878
197191	0.004858602094
197192	0.004146174384
197193	0.0042251125
197194	0.004794057112
197195	0.01166010572
197196	0.0005776325738
197197	0.003899566415
197198	0.01975251903
197199	0.005451615254
197200	0.005316184242
197201	0.002986603083
197202	0.005061582826
197203	0.006363987516
197204	0.001798896523
197205	0.001494611609
197206	0.001854609904
197207	0.005622169021
197208	0.006217613235
197209	0.003685855717
197210	0.007837416024
197211	0.002143220164
197212	0.004638123618
197213	0.004400771885
197214	0.007195072897
197215	0.006968753975
197216	0.007437946949
197217	0.0001635074516
197218	0.0147205037
197219	0.005471144594
197220	0.00525455508
197221	0.006880364123
197222	0.001381478932
197223	0.003543013899
197224	0.007489967538
197225	0.002055546381
197226	0.005160205851
197227	0.003446706992
197228	0.004149257676
197229	0.007137750728
197230	0.001391207369
197231	0.0003248809059
197232	0.004732684464
197233	0.006968727448
197234	0.0003371770334
197235	0.00237070044
197236	0.001487583843
197237	0.002393392392
197238	0.002069747436
197239	0.004270707621
197240	0.003265607337
197241	0.008778385151
197242	0.0008413908927
197243	0.005576381892
197244	0.001935253593
197245	0.001320814918
197246	0.004476364441
197247	0.003308461924
197248	0.01536611876
197249	0.003479397316
197250	0.004762809515
197251	0.002376530957
197252	0.003312053742
197253	0.01208616448
197254	0.004501397231
197255	0.002425801077
197256	0.0003144925514
197257	0.003418822394
197258	0.01822320365
197259	0.003275084126
197260	0.00159601537
197261	0.008320296486
197262	0.006212921299
197263	0.0004488959641
197264	0.003818245468
197265	0.00341581985
197266	0.001506341038
197267	0.002252486565
197268	0.008222201238
197269	0.00426087594
197270	0.01359321467
197271	0.003463413881
197272	0.002817498454
197273	0.001393035673
197274	0.002067665065
197275	0.003777502884
197276	0.002332335221
197277	0.005096827664
197278	0.003471906544
197279	0.003841616234
197280	0.006212525367
197281	0.001962461705
197282	0.002084532484
197283	0.004491824713
197284	0.00186894217
197285	0.006423623887
197286	0.002972051896
197287	0.0001211824145
197288	0.001912238057
197289	0.002747537084
197290	0.002121858187
197291	0.0008649506855
197292	0.0008043092867
197293	0.006681848215
197294	0.002728029507
197295	6.14985058e-06
197296	0.0001116747918
197297	0.005178436755
197298	0.004484128913
197299	0.003664143239
197300	0.003441252761
197301	0.00284039454
197302	0.0003336153931
197303	0.0001423886246
197304	0.004932304766
197305	3.612720677e-05
197306	0.005429040117
197307	0.01112568446
197308	0.004321299227
197309	0.005035302007
197310	0.0002595792563
197311	0.002802119863
197312	0.004971825458
197313	0.003123712008
197314	0.005608530542
197315	0.001884360617
197316	0.001973424199
197317	0.003504455313
197318	0.005761820755
197319	0.006923035211
197320	0.002158787453
197321	0.002400443869
197322	0.00209952432
197323	0.003309598633
197324	0.008223339604
197325	0.001946499948
197326	0.002960238985
197327	5.293482025e-05
197328	0.0004095814321
197329	0.006506991595
197330	0.003493159588
197331	0.004467426273
197332	0.0009332728841
197333	0.006249232875
197334	0.003780239911
197335	0.002406663445
197336	0.002873179727
197337	0.0007502605526
197338	0.009345143209
197339	0.003042515202
197340	0.004558872307
197341	0.003822850374
197342	0.0001283286074
197343	0.001058359049
197344	0.01081091979
197345	0.001589203007
197346	0.001870361202
197347	0.003817810868
197348	0.002729928587
197349	0.004410105673
197350	0.005086529027
197351	0.001631004953
197352	0.000280135001
197353	0.0006017387789
197354	0.006210233813
197355	0.009248448614
197356	0.002836079142
197357	0.0002995774475
197358	0.004513818859
197359	0.0008156311062
197360	0.001555112238
197361	0.001183077065
197362	0.004500035894
197363	0.001787798924
197364	0.005171973904
197365	0.007929185894
197366	0.008529742258
197367	0.001266944586
197368	0.002766554109
197369	0.003181011409
197370	0.005460686439
197371	0.002000102751
197372	0.01048379722
197373	0.004476589547
197374	0.006286586193
197375	0.00560816652
197376	0.001471805529
197377	0.003909929891
197378	0.008636276722
197379	0.002178092345
197380	0.004075822286
197381	0.009873609938
197382	0.01129278125
197383	0.00854772499
197384	0.003566352286
197385	0.00721230414
197386	0.004174894297
197387	0.008607082618
197388	0.004778959553
197389	0.0006343524484
197390	0.008754058
197391	0.01553953267
197392	0.00765184775
197393	0.001157550323
197394	0.002242062141
197395	0.004921582301
197396	0.0002470884649
197397	0.0063406871
197398	0.001255064385
197399	0.00315641754
197400	0.00717584161
197401	0.008327928556
197402	0.00152759267
197403	0.005041557407
197404	0.002999233587
197405	0.001053390849
197406	0.001269407569
197407	0.01240811425
197408	0.0127783365
197409	0.01951611479
197410	0.01602423216
197411	0.008326719321
197412	0.01768273798
197413	0.01742143619
197414	0.003749042582
197415	0.01559071158
197416	0.0008617239095
197417	0.0004973159964
197418	0.007131684904
197419	0.01648601416
197420	0.0001176798116
197421	0.006343181042
197422	0.001206910905
197423	0.005584492225
197424	0.002787981834
197425	0.008689955284
197426	0.01368029443
197427	0.01085964584
197428	0.01056319716
197429	0.007971784947
197430	0.01326769716
197431	0.01315112109
197432	0.0007199506204
197433	0.002283819928
197434	0.0008677720732
197435	0.004882788149
197436	0.001513344433
197437	0.002815850343
197438	0.01005834844
197439	0.01186917793
197440	0.00837254133
197441	0.009194783814
197442	0.004096675531
197443	0.008831371799
197444	0.01372118586
197445	0.01308250869
197446	0.007558249941
197447	0.002480955034
197448	0.01313067966
197449	0.002582897388
197450	0.01045635243
197451	0.009857053821
197452	0.005227508797
197453	0.01480944204
197454	0.003224839484
197455	0.01687989713
197456	5.446176538e-05
197457	0.002338379749
197458	0.01685720904
197459	0.009471431277
197460	0.006848199838
197461	0.008778888229
197462	0.0125117018
197463	0.005465823694
197464	0.01331064361
197465	0.0115577698
197466	0.008132526185
197467	0.009051835661
197468	0.01177173604
197469	0.01860957381
197470	0.01685521673
197471	0.0009656707857
197472	0.003829413236
197473	0.004955472229
197474	0.00260120757
197475	0.003683859977
197476	0.004150355455
197477	0.003624555826
197478	0.003237380414
197479	0.01073976293
197480	0.006557702976
197481	0.001034309908
197482	0.004374371671
197483	0.00324664557
197484	0.006096970984
197485	0.004264893182
197486	0.005878215159
197487	0.0001616927498
197488	0.0008965107951
197489	0.006292273018
197490	0.003190032688
197491	0.006418198718
197492	0.005454700712
197493	0.004127124273
197494	0.003509733159
197495	0.00357631367
197496	0.005665907793
197497	0.003410207534
197498	0.001338212667
197499	0.0007969194863
197500	0.003398099613
197501	0.003506245175
197502	0.003662797213
197503	0.005001211809
197504	0.003140960415
197505	0.004253025648
197506	0.002472802353
197507	0.002579480252
197508	0.00709201917
197509	0.00170116383
197510	0.001186461069
197511	0.007386689176
197512	0.001084502911
197513	0.006404210223
197514	0.01166058338
197515	0.01129633672
197516	0.004139078988
197517	0.004065030455
197518	0.008940212505
197519	0.0008494812286
197520	0.001541440701
197521	0.002535684197
197522	0.008909929963
197523	0.002101420512
197524	0.001102377663
197525	0.008568980105
197526	0.003000327996
197527	0.001379301474
197528	0.004097209018
197529	0.002527169083
197530	0.001508790165
197531	0.0103171394
197532	0.0009682065065
197533	0.006645799571
197534	0.001661317775
197535	0.003103269091
197536	0.008106762549
197537	0.004295000464
197538	0.009489857277
197539	0.009256612233
197540	0.01191426869
197541	0.002523867866
197542	0.0002126627304
197543	0.01993826414
197544	0.002771196438
197545	0.005302305025
197546	0.0005431351841
197547	0.009292168119
197548	0.008515741346
197549	0.004079992013
197550	0.007031030189
197551	0.008119466061
197552	0.001699696555
197553	0.004698246253
197554	0.003206919407
197555	0.00181915893
197556	0.001206919585
197557	0.002991654193
197558	0.004687462536
197559	0.005821107067
197560	0.01109030224
197561	0.005111330404
197562	0.01063076133
197563	0.01609867913
197564	0.005292942308
197565	0.01372270393
197566	0.001484509919
197567	0.0004730341969
197568	0.01043986487
197569	0.004556493659
197570	0.0002453000514
197571	0.0206731954
197572	0.005213882045
197573	0.003566351803
197574	0.002053491875
197575	0.0003488133755
197576	0.003827447778
197577	0.009355621522
197578	0.0003058876234
197579	0.0009612943834
197580	0.001475677179
197581	0.005138135103
197582	0.008862072124
197583	0.002369048868
197584	0.006567339853
197585	0.001894865435
197586	6.242614729e-05
197587	0.0113650792
197588	0.00186171315
197589	0.01783089816
197590	0.001129266982
197591	0.007007469292
197592	0.001104137796
197593	0.003706758836
197594	0.003679442502
197595	0.004918018407
197596	0.003324648497
197597	0.00301684477
197598	0.0009061347878
197599	0.003483858802
197600	0.003365040011
197601	0.001180330593
197602	0.01024396868
197603	0.02852652543
197604	0.002151516306
197605	0.0002047590331
197606	0.001129820572
197607	0.004524014229
197608	0.004120914891
197609	0.006453103884
197610	0.008924237998
197611	0.007654465328
197612	6.940686836e-05
197613	0.0004772765773
197614	0.004203390693
197615	0.0006356723947
197616	0.00380375948
197617	0.006404919054
197618	0.001974133998
197619	0.009951851482
197620	0.01146350051
197621	0.0002990275907
197622	0.00573047348
197623	0.005709090131
197624	0.00401599817
197625	0.001522252114
197626	0.0007238257612
197627	0.00278093059
197628	0.0004186909303
197629	0.0002709867299
197630	0.00180026596
197631	0.002927701356
197632	0.002513640991
197633	0.002805056948
197634	0.0004116666814
197635	0.001470371058
197636	0.0003931653661
197637	0.0004378663583
197638	0.001525964888
197639	0.0008317479568
197640	0.005993317014
197641	0.0003465168768
197642	0.002977062682
197643	0.002666305845
197644	0.002371099085
197645	0.001551264161
197646	0.00705629522
197647	0.00174445459
197648	0.003061731313
197649	0.0009100048923
197650	0.003188200399
197651	0.00695291894
197652	0.001926767327
197653	0.0006863417085
197654	0.006966808062
197655	0.004638830722
197656	0.004320411964
197657	0.000316049028
197658	0.002394220328
197659	0.001119279082
197660	0.004115765367
197661	0.0002226146496
197662	0.0004645259591
197663	0.001005553911
197664	0.00559884441
197665	0.007795122243
197666	0.003372036445
197667	0.00167872278
197668	0.00273111839
197669	0.006349140751
197670	0.005393124289
197671	0.005541033214
197672	8.633336657e-05
197673	0.0003764428984
197674	9.051248038e-05
197675	2.035921397e-05
197676	7.29861205e-05
197677	3.741301307e-06
197678	7.766284873e-06
197679	0.0002642205346
197680	9.123615042e-05
197681	0.0001972471642
197682	0.0002832320574
197683	0.0001489532718
197684	0.001087574122
197685	0.002080412601
197686	0.001786582799
197687	0.001853592348
197688	0.00268516901
197689	0.001457951014
197690	0.0009862000173
197691	0.00227714877
197692	0.004956682526
197693	0.00771838802
197694	0.004726272962
197695	0.00835539524
197696	0.008180461778
197697	0.008324735828
197698	0.008996289474
197699	0.007403473987
197700	0.004802685672
197701	0.005013697833
197702	0.0007742531569
197703	0.00085258578
197704	0.007547678183
197705	0.006228690227
197706	0.0009989824206
197707	0.000650567462
197708	0.003478615327
197709	0.001018100001
197710	0.002182251879
197711	0.006804737547
197712	0.002380019246
197713	0.001400663291
197714	0.002541889847
197715	0.0002191665259
197716	0.002442519861
197717	0.007497386056
197718	0.001156066226
197719	0.001701002289
197720	0.007583133827
197721	0.003002849729
197722	0.007467497324
197723	0.004315194259
197724	0.009544879379
197725	0.0002749869651
197726	0.007296242706
197727	8.457287776e-05
197728	0.006008319633
197729	0.01381815798
197730	0.01607941706
197731	0.001986584993
197732	0.0004325702238
197733	0.002059621787
197734	0.002798994038
197735	0.00474450299
197736	0.003517380381
197737	0.003115556107
197738	0.004507823158
197739	0.001646320702
197740	8.186789796e-09
197741	0.0009190091639
197742	0.003052227635
197743	0.007656566168
197744	0.003111980185
197745	0.002552266115
197746	0.001332174288
197747	0.001632780457
197748	0.00258095772
197749	0.007942229596
197750	0.0005564547726
197751	0.003173161638
197752	0.0008309311077
197753	0.004162637241
197754	0.0004046482278
197755	0.005912590982
197756	0.002093005404
197757	0.002593529863
197758	0.00134594359
197759	0.005796653671
197760	0.00559029959
197761	0.005341875103
197762	0.0006536548089
197763	0.00268288851
197764	0.0004115685973
197765	0.003889845007
197766	0.002270214658
197767	0.007182017832
197768	0.004784220506
197769	0.002960818832
197770	0.00875397662
197771	0.008469393707
197772	0.01344580511
197773	0.000305570818
197774	0.01393377296
197775	0.001902442124
197776	0.00799632101
197777	0.005374158377
197778	0.002788878943
197779	0.004986563899
197780	0.005292181456
197781	0.01505916899
197782	0.01736477113
197783	0.00898896103
197784	0.0166727638
197785	0.005674287502
197786	0.005819455232
197787	0.01118095302
197788	0.009748587247
197789	0.0001217962764
197790	0.002457773684
197791	0.002355542391
197792	0.0007052853374
197793	0.002990844959
197794	0.0005701715174
197795	0.001059128658
197796	0.01221768378
197797	0.000680091632
197798	0.004157258306
197799	0.002195449334
197800	0.002789147456
197801	0.001810347116
197802	0.01537500821
197803	0.004333845176
197804	0.006202590225
197805	0.00876790347
197806	0.002093265842
197807	0.002692445607
197808	0.003478869352
197809	0.001523608166
197810	0.001850386337
197811	0.003263583586
197812	0.001959939048
197813	0.001472376123
197814	0.002610042864
197815	0.01288946225
197816	0.003044679738
197817	0.003007966778
197818	0.0116502414
197819	0.01176486331
197820	0.005464522312
197821	0.01099954118
197822	0.008493982804
197823	0.003714057545
197824	0.002172387714
197825	0.005654410181
197826	0.0003601226143
197827	0.007037092906
197828	0.01299831088
197829	0.001600779278
197830	0.01119937424
197831	0.007592231913
197832	0.01545180697
197833	0.01062246412
197834	0.0005687861485
197835	0.005504512476
197836	0.001142408389
197837	0.01318488321
197838	0.006949124079
197839	0.004002368062
197840	0.02518181576
197841	0.003781937242
197842	0.004471366803
197843	0.004749272451
197844	0.005965218043
197845	0.003227738078
197846	0.00667934817
197847	0.001382753566
197848	0.00798342344
197849	0.003503197108
197850	0.01323441519
197851	0.002073925181
197852	0.01615588363
197853	0.004966646157
197854	0
197855	0.005572842129
197856	0.006598785047
197857	0.02130574251
197858	0.005703994564
197859	0.0007443141855
197860	0.001342535464
197861	0.008392061584
197862	0.0002681060716
197863	0.01684528935
197864	0.006706533981
197865	0.005758582778
197866	0.00559784636
197867	0.001784958502
197868	0.008959538346
197869	0.0001744552687
197870	0.003488314537
197871	0.009017150532
197872	0.008345203768
197873	0.01561997147
197874	0.00187264687
197875	0.00137073017
197876	0.003311292582
197877	0.002009387762
197878	0.0005627113317
197879	0.009435882127
197880	0.001213368581
197881	0.006739542606
197882	0.0016799689
197883	0.0007717077338
197884	0.008499069908
197885	0.006459658984
197886	0.0114486719
197887	0.00998270948
197888	0.01401828714
197889	0.01497603036
197890	0.009422059355
197891	0.01188086185
197892	0.00319314691
197893	0.01400245129
197894	0.00743364362
197895	0.005836465309
197896	0.00419454759
197897	0.01311500022
197898	0.00787639124
197899	0.006148004989
197900	0.006111139411
197901	0.001603882407
197902	0.002832718635
197903	0.0082072654
197904	0.007239326191
197905	0.01002437768
197906	0.01103253384
197907	0.008788170472
197908	0.004107203876
197909	0.002991072281
197910	0.008235736551
197911	0.007184962392
197912	0.00746632051
197913	0.005494344109
197914	0.004355305213
197915	0.009190028109
197916	0.00152045101
197917	0.003873687656
197918	0.00897557988
197919	0.02212306764
197920	0.01911571747
197921	0.008019066008
197922	0.008206012784
197923	0.006901533682
197924	0.01205707696
197925	0.005158555745
197926	0.01894823102
197927	0.003894316584
197928	0.006013094951
197929	0.004961943025
197930	0.004528240124
197931	0.008131910218
197932	0.0005818957244
197933	0.0003778585594
197934	0.02176935119
197935	0.001269784424
197936	0.01430072217
197937	0.007535202125
197938	0.0007796310822
197939	0.0005608105325
197940	0.003079608642
197941	0.001377801242
197942	0.001963292608
197943	0.01095193665
197944	0.00907116879
197945	0.007003656164
197946	0.008278906776
197947	0.00990006608
197948	0.001039692314
197949	0.0002212067282
197950	0.00418440944
197951	0.0001017107441
197952	0.002426341961
197953	0.003037259614
197954	0.008695928454
197955	0.004503310225
197956	0.001616183305
197957	0.008842559425
197958	0.002686332509
197959	0.01676568449
197960	0.0004143286453
197961	0.01231863078
197962	0.008328951934
197963	0.001456556073
197964	0.002325687914
197965	0.004367143097
197966	0.002505212752
197967	0.002324157486
197968	0.008363670289
197969	0.0008170031727
197970	0.006234108977
197971	0.004710999037
197972	0.002102267065
197973	0.00604322421
197974	0.004170801932
197975	0.004595563598
197976	0.0023621697
197977	0.001361315987
197978	0.0004570169463
197979	0.001393173946
197980	0.006467376745
197981	0.0005507754659
197982	0.001281509409
197983	0.004505764405
197984	0.005192444515
197985	0.005464987448
197986	0.0005878641449
197987	0.006419345632
197988	0.002115074327
197989	0.01505525712
197990	0.002957901253
197991	0.0003938452336
197992	0.003900886243
197993	0.01199152351
197994	0.01198280309
197995	0.002579938963
197996	0.001796349419
197997	0.0001550269621
197998	0.002826960565
197999	0.001155550115
198000	0.001239787935
198001	0.002929849463
198002	0.00863217627
198003	0.008975608943
198004	0.008486990765
198005	0.01425204247
198006	0.008817514005
198007	0.000274213069
198008	0.006270515247
198009	0.007266824322
198010	0.002352896353
198011	0.0001067058792
198012	0.001616978987
198013	0.001289654628
198014	0.005958923739
198015	0.007036396271
198016	0.0002147436343
198017	0.02089320058
198018	0.005776325451
198019	0.01419644605
198020	0.006254638878
198021	0.003740399876
198022	0.001463681241
198023	0.0008270609461
198024	0.008506496197
198025	0.003079741082
198026	0.0005244119574
198027	0.0001691701616
198028	0.01081378734
198029	0.00430223456
198030	0.008141893892
198031	0.003829784441
198032	0.001807269854
198033	0.0128806495
198034	0.00421442673
198035	0.02054738314
198036	0.001684004725
198037	0.01531027515
198038	0.002289373034
198039	0.002240031272
198040	0.01017633326
198041	0.007202586539
198042	0.002795584054
198043	0.01732146317
198044	0.006807285103
198045	0.007894252962
198046	0.002225136184
198047	0.001825542521
198048	0.00297751506
198049	0.001802562377
198050	0.0008244618615
198051	0.001627077019
198052	0.01133306415
198053	0.0003697386066
198054	0.001885045325
198055	0.001145697917
198056	0.00351896737
198057	0.01228234623
198058	0.003196320835
198059	0.006102717445
198060	0.009749088329
198061	0.01740074836
198062	0.00769612161
198063	0.009116987012
198064	0.0007479712575
198065	0.0008074038233
198066	0.0001655164451
198067	0.009153790979
198068	0.007165620417
198069	0.006237150469
198070	0.00184498948
198071	0.002713964432
198072	0.01923710227
198073	0.002676798932
198074	0.004641848208
198075	0.005971265469
198076	0.0008510509105
198077	0.002585335746
198078	0.007299529432
198079	0.005269371599
198080	0.0001761450424
198081	0.005447145311
198082	0.008160677614
198083	3.254305675e-05
198084	0.0005990376456
198085	0.0002878569364
198086	0.001421029545
198087	0.01128757167
198088	0.009964501918
198089	0.001659655077
198090	0.007598770807
198091	0.004016617314
198092	0.01430835745
198093	0.0005133888661
198094	0.00563056663
198095	0.01340436985
198096	0.008999733955
198097	0.003354141505
198098	0.003124360889
198099	0.004390224039
198100	0.0008107980639
198101	0.002978483264
198102	0.001634384929
198103	7.272120224e-05
198104	0.01023098499
198105	0.003833621615
198106	0.01167460192
198107	0.007552457264
198108	0.001648065335
198109	0.005064230175
198110	0.01012005302
198111	0.006496731823
198112	0.001767318179
198113	0.004091624339
198114	0.0004832462504
198115	0.004484034164
198116	0.004872739901
198117	0.00267098102
198118	0.005012994724
198119	0.001844568715
198120	0.004436465518
198121	0.004290767775
198122	0.008673393635
198123	0.01041589007
198124	0.01551730224
198125	0.01851786362
198126	0.006474444508
198127	0.004780100658
198128	0.001072038025
198129	0.01271301801
198130	0.003709229077
198131	0.001228078053
198132	0.005845447301
198133	0.01346665312
198134	0.009477730781
198135	0.004296397418
198136	0.01139464999
198137	0.0041240906
198138	0.004069502808
198139	0.004100608715
198140	0.006844309129
198141	0.0005090860646
198142	0.001466410299
198143	0.0023069294
198144	0.003949003403
198145	0.00719940506
198146	0.0005170682045
198147	0.007783392014
198148	0.001664933677
198149	0.007404075839
198150	0.00421246466
198151	0.005088867789
198152	0.0006596264226
198153	0.0009318115972
198154	0.006062366456
198155	0.001665865467
198156	0.005551722763
198157	0.000475149353
198158	0.0002450043444
198159	0.003159887828
198160	0.003155938056
198161	0.0005072560206
198162	0.0002910758105
198163	0.002816112783
198164	0.007411209995
198165	0.001205056315
198166	0.00808873891
198167	0.001222718193
198168	0.004888950609
198169	0.001200501361
198170	0.002032173953
198171	0.0110038225
198172	0.006572445281
198173	0.003490262512
198174	0.0001524457354
198175	0.004776093882
198176	0.01052579986
198177	0.002753283841
198178	0.003236627736
198179	0.001280744957
198180	0.007989020458
198181	0.001537723836
198182	0.003258567096
198183	0.0005822239937
198184	0.004708769141
198185	0.01193827945
198186	0.005322519657
198187	0.009345982481
198188	0.0002653421783
198189	0.004899957241
198190	0.01883614761
198191	0.006676377868
198192	0.00214258222
198193	0.0004953886404
198194	0.01033435623
198195	6.133165701e-05
198196	0.002370326866
198197	0.0008703824911
198198	3.873820561e-05
198199	0.002550645816
198200	0.001397415771
198201	0.0007750986944
198202	0.005198179511
198203	0.003492894664
198204	0.00100639133
198205	0.01188101789
198206	0.00880966007
198207	0.002715797544
198208	0.005858208635
198209	0.007541056052
198210	0.01018457506
198211	0.003788669577
198212	0.002628687672
198213	0.001976015862
198214	0.003039663088
198215	0.004314147981
198216	0.001688407544
198217	0.009337686637
198218	0.007178514532
198219	0.007056785035
198220	0.002417389247
198221	0.004244319683
198222	0.008462093394
198223	0.00526926475
198224	0.0003195519963
198225	0.00124395604
198226	6.747227259e-05
198227	0.001802320514
198228	0.00384732877
198229	0.003372490522
198230	0.0002974255881
198231	0.01064569608
198232	0.002336833565
198233	0.0005552262488
198234	0.008950173815
198235	0.01031890617
198236	0.002432637972
198237	0.005910294058
198238	0.001116344167
198239	0.006864105645
198240	0.002015038956
198241	0.003092274291
198242	0.0002095644887
198243	0.000371367841
198244	0
198245	0.003772429592
198246	0.008781026014
198247	0.008233717055
198248	0.001380697544
198249	0.00180048532
198250	0.004972319723
198251	0.001075965298
198252	0.008922382336
198253	0.008121024208
198254	0.00228823517
198255	0.01525547473
198256	0.004251254479
198257	0.001647096254
198258	0.009014137129
198259	0.008130241087
198260	0.002635592447
198261	0.01090840972
198262	0.0006234910771
198263	0.000340434988
198264	0.0002562231124
198265	0.002174539985
198266	0.008193325855
198267	0.006984752838
198268	0.005880923921
198269	0.003060232461
198270	0.005030759368
198271	0.002278580587
198272	0.003164325129
198273	0.0003619007653
198274	0.003470919313
198275	0.0005829307091
198276	0.006079830325
198277	0.008873209646
198278	0.02474408677
198279	0.008338512722
198280	0.00563760709
198281	0.00182278847
198282	0.008466556496
198283	0.006243140043
198284	0.00631867405
198285	0.002363929561
198286	0.006086602849
198287	0.00261669319
198288	0.003744450089
198289	0.005807946251
198290	0.002963559403
198291	0.001950912618
198292	0.00359262911
198293	0.005994049808
198294	0.01024455181
198295	0.0073818067
198296	0.01765245784
198297	0.001757413528
198298	0.0002272623101
198299	0.005033770396
198300	0.01195285532
198301	0.00457946646
198302	0.003237489827
198303	0.01217609832
198304	0.01877519948
198305	0.0007553646875
198306	0.008184885117
198307	0.0009169071338
198308	0.000335935074
198309	0.00588486485
198310	0.004893784541
198311	0.001492314534
198312	0.001614278913
198313	0.002141247516
198314	0.00018125209
198315	0.01155319459
198316	0.01236426743
198317	0.01305475076
198318	0.01097913685
198319	0.007122565503
198320	0.004186000492
198321	0.003338027015
198322	1.518059877e-05
198323	7.728878103e-05
198324	0.0007795583725
198325	0.0009268825609
198326	0.0003755936784
198327	0.001505746071
198328	0.002366524013
198329	0.001410361168
198330	0.001346019549
198331	0.0007843467961
198332	0.001302171214
198333	0.001696659157
198334	0.0009564393574
198335	0.0007081312707
198336	0.001486061349
198337	0.0009988087179
198338	0.00129596524
198339	0.004362926414
198340	0.0009329001823
198341	0.001466377442
198342	0.001278304167
198343	0.0007306521418
198344	0.0005052245128
198345	0.004654335328
198346	0.001059785032
198347	0.001211424894
198348	0.000460092809
198349	0.0002100369881
198350	0.001054055251
198351	0.0004533065507
198352	0.00119777003
198353	0.0004732539767
198354	0.001702929006
198355	0.001431467375
198356	0.0008242208993
198357	0.000142641774
198358	0.0004268710401
198359	0.0008305274484
198360	2.088045723e-05
198361	0.0001929626204
198362	0.0008789639469
198363	0.0007975008741
198364	0.0005937474137
198365	0.0003352073184
198366	0.0001171497686
198367	0.0007294557128
198368	0.0003546086151
198369	0.00107928174
198370	0.0006774686255
198371	8.801775142e-05
198372	0.001475143993
198373	0.0006749017408
198374	0.0006800790119
198375	0.0002115760084
198376	0.0002828123449
198377	9.994451866e-05
198378	0.0006450508782
198379	0.0008636929446
198380	0.0008507054567
198381	0.0001063563956
198382	0.0006104322712
198383	0.001362349691
198384	0.002098495468
198385	0.0002442587819
198386	0.001196742969
198387	0.00069538542
198388	0.001039702953
198389	0.001035038578
198390	0.001810832789
198391	0.0002047343195
198392	0.001336360588
198393	0.0006399933431
198394	0.0005805606941
198395	0.0001831116113
198396	0.0005003522646
198397	0.0007092186464
198398	0.001007999078
198399	0.000359739712
198400	0.00117182594
198401	0.001535588804
198402	0.001083940848
198403	0.0008825779245
198404	0.001780936972
198405	0.0004687216186
198406	4.856513238e-05
198407	0.0001392313863
198408	0.0002504407654
198409	0.0009483597703
198410	0.0008423615602
198411	0.002197501341
198412	0.0007927627122
198413	0.0002593703431
198414	0.0004245482617
198415	0.001055256203
198416	0.0009774113326
198417	0.001176973597
198418	0.0025834893
198419	0.001327333338
198420	6.797708867e-05
198421	0.0001036637023
198422	0.0001739203114
198423	0.001358344895
198424	0.002241958294
198425	0.0009864002636
198426	0.001059157424
198427	0.001582218489
198428	0.0009563609626
198429	0.001804891946
198430	0.001690344948
198431	0.000127831617
198432	0.001529068065
198433	0.00171146072
198434	0.001147229478
198435	0.0005235824978
198436	0.001119571783
198437	0.000229641626
198438	0.001029689836
198439	0.0007849314532
198440	0.001002606137
198441	0.0005773753915
198442	0.001740811605
198443	0.0006994405978
198444	0.0008978367583
198445	0.001449309547
198446	0.001211228771
198447	0.0006704589158
198448	0.00039702016
198449	0.0002276085284
198450	0.005796072607
198451	0.0004605816148
198452	0.00106660962
198453	0.0008049739728
198454	0.0003863711289
198455	0.001276231918
198456	0.0009755101287
198457	0.0008445322696
198458	6.675057341e-06
198459	0.0003335578282
198460	0.001791847107
198461	0.0001648586249
198462	0.000745784812
198463	0.0002851305999
198464	0.0002766261928
198465	0.0003244500175
198466	0.002338083339
198467	0.0001284914903
198468	0.001043215368
198469	0.0006205005181
198470	0.002940833778
198471	0.0001645067712
198472	0.0008955453761
198473	0.00132671738
198474	0.001785208567
198475	2.335159036e-05
198476	0.001132679526
198477	0.003227144271
198478	9.709094791e-05
198479	0.0001035931186
198480	0.001356045131
198481	0.0007474031334
198482	0.0007668640175
198483	0.001752746271
198484	0.0007844292262
198485	0.001225309844
198486	6.193649978e-05
198487	0.00073339949
198488	0.0009460401116
198489	0.0001000857251
198490	0.001344070944
198491	0.0003698160451
198492	0.0007508983753
198493	0.001637848931
198494	0.0006331351964
198495	0.0008240290092
198496	0.0002559692249
198497	0.0007468463163
198498	0.0004583237314
198499	0.001220724189
198500	0.002710868882
198501	0.0001588635458
198502	0.0007397167538
198503	0.01731629615
198504	0.001243269398
198505	0.002450863742
198506	0.0006809476028
198507	0.0007750595353
198508	0.001049954354
198509	0.0005550347066
198510	0.0003737975972
198511	0.001087732075
198512	0.001190849748
198513	0.0003060831304
198514	0.001256286581
198515	0.001271466714
198516	0.001213830103
198517	0.001483651148
198518	0.0008765277056
198519	0.002313335688
198520	0.0007876343287
198521	0.0007602729178
198522	0.0003486552788
198523	1.359741912e-05
198524	0.0003206995406
198525	0.0008294418346
198526	0.0006403129198
198527	0.005748966581
198528	0.001747839506
198529	0.01567418244
198530	0.007763564042
198531	0.005027138166
198532	0.008814866175
198533	0.000248025344
198534	0.004843659481
198535	0.01148127889
198536	0.00148103426
198537	0.004810019371
198538	0.01073315768
198539	0.004567236471
198540	0.002711011448
198541	0.001725246363
198542	0.005995235643
198543	0.008434046333
198544	0.002150559332
198545	0.009320327853
198546	0.003168620755
198547	0.01337933839
198548	0.004968122881
198549	0.001110509071
198550	0.0001151735388
198551	0.002006384257
198552	0.0006910655494
198553	0.001607831301
198554	0.0008932371421
198555	0.007229215486
198556	0.001951342748
198557	0.004392032833
198558	0.0221656411
198559	0.002103194431
198560	0.0004964924072
198561	0.004214838275
198562	0.003044750678
198563	0.002232876229
198564	0.003878437448
198565	0.002181677192
198566	0.003008711297
198567	0.009085381336
198568	0.0005758737449
198569	0.000726567721
198570	0.005283928166
198571	0.00962925745
198572	0.007405250882
198573	0.000153585671
198574	0.002982877362
198575	0.0004516380487
198576	0.00065570983
198577	0.009717572939
198578	0.004469668441
198579	0.0009652503854
198580	3.895071755e-07
198581	0.002004784549
198582	0.0001293602738
198583	0.002127883393
198584	0.0008459056048
198585	0.001861745571
198586	0.0008515267292
198587	0.0007032881304
198588	0.0006961149337
198589	0.005504831035
198590	0.004398938152
198591	0.0007791776138
198592	0.0008648954136
198593	0.005841369706
198594	0.005912249835
198595	0.004155062069
198596	0.001186311674
198597	0.009314740482
198598	0.01255187601
198599	0.002167016367
198600	0.005257388178
198601	0.002203423383
198602	0.004585329281
198603	0.007354578377
198604	0.001334148305
198605	0.009100001913
198606	0.01072453521
198607	0.0003910323952
198608	0.001243452916
198609	0.0004538355099
198610	0.0007875536716
198611	0.004208527618
198612	0.002587250894
198613	0.0006597479621
198614	0.0009578576327
198615	0.002026040007
198616	0.0003999498152
198617	0.000385195411
198618	0.0008382144828
198619	0.0001411942186
198620	0.004180867845
198621	0.006914700479
198622	0.002177609339
198623	0.0007303414398
198624	0.0005709168985
198625	0.003676540465
198626	0.003755140054
198627	0.001673114625
198628	0.001483266303
198629	0.005774884318
198630	0.000373037241
198631	0.002726460985
198632	0.001461800822
198633	0.002674594943
198634	0.005575592885
198635	0.001489965734
198636	0.0005194449901
198637	7.502339549e-05
198638	0.00159882227
198639	1.656222626e-05
198640	0.0001295233853
198641	0.002488853459
198642	0.001231049491
198643	0.001896147128
198644	0.001693053784
198645	0.0007079455266
198646	8.34516834e-05
198647	0.001483620151
198648	0.002781034868
198649	0.007064837047
198650	0.003149637467
198651	0.00106547522
198652	0.01030786469
198653	0.0006302105315
198654	0.001525171197
198655	0.009491926378
198656	0.00151479237
198657	0.0001205399385
198658	0.006830048761
198659	0.0002252616502
198660	0.005704453315
198661	0.01461016894
198662	0.0001185424102
198663	0.0003689941563
198664	0.001802233807
198665	0.0009056728389
198666	0.004820345082
198667	0.0001232682038
198668	0.001142148418
198669	0.002724017747
198670	0.001316249792
198671	0.00126404541
198672	0.002472381943
198673	0.002482433845
198674	0.001044876622
198675	0.003023112228
198676	0.004121212328
198677	0.000236301142
198678	0.007656068535
198679	0.0006152111505
198680	0.001893071412
198681	0.001389801897
198682	0.003646922619
198683	0.008859364662
198684	0.0007854279734
198685	0.003130587482
198686	0.001263730312
198687	0.007187309157
198688	0.001187468777
198689	6.661833081e-06
198690	0.003939482067
198691	0.0009700292601
198692	0.004619096686
198693	0.0006181972208
198694	0.009775532413
198695	0.0006429781755
198696	0.005382262846
198697	0.000491666516
198698	0.006556153483
198699	0.002995799668
198700	0.001466203167
198701	0.000171262508
198702	0.007913803866
198703	0.01002603382
198704	0.007034027076
198705	1.002836833e-05
198706	0.0002722230264
198707	0.003968438938
198708	0.001837321047
198709	0.0002004639478
198710	0.001945697921
198711	0.001797638761
198712	0.002804335308
198713	0.001694243866
198714	0.001230623643
198715	0.005460608713
198716	0.0006895114376
198717	0.00494164486
198718	9.320588113e-06
198719	0.0007057907717
198720	0.003716797772
198721	0.003754708224
198722	0.001675480759
198723	0.0001709270691
198724	0.001296281652
198725	0.001565530536
198726	1.445132902e-05
198727	0.001250008682
198728	0.001589755338
198729	0.008235119325
198730	0.003020037325
198731	0.0008433631321
198732	0.0001799535153
198733	0.002001680286
198734	0.003467701017
198735	0.008159409563
198736	0.000794388768
198737	0.003795864597
198738	0.00134254062
198739	0.002213437459
198740	0.005567825757
198741	0.004971696461
198742	0.01020610466
198743	0.003172063954
198744	0.00222717844
198745	0.004437415717
198746	0.002003305503
198747	0.000426300583
198748	0.006733219283
198749	0.002890083309
198750	0.009009991964
198751	0.002180792634
198752	0.007003220085
198753	0.01048826575
198754	0.003519248832
198755	0.008860413823
198756	7.401376472e-05
198757	0.007068023401
198758	0.003382892087
198759	0.001556037199
198760	0.00201173477
198761	0.005153634476
198762	0.001010985978
198763	0.00953340348
198764	0.0005036677519
198765	0.0005377168326
198766	0.004407923136
198767	0.0005648374735
198768	0.01359218331
198769	0.0002797143663
198770	0.003035262051
198771	0.0002893849933
198772	0.01358804944
198773	0.01194241651
198774	0.01300822574
198775	0.003693097628
198776	0.01461861821
198777	0.001689397278
198778	0.01564451853
198779	0.01245139294
198780	0.00650574586
198781	0.003443760291
198782	0.003790300996
198783	0.01245261545
198784	0.007372835887
198785	0.003010703733
198786	0.01074711572
198787	0.0127260142
198788	0.005515618169
198789	0.0003784017148
198790	0.00391870547
198791	0.002284810252
198792	0.01389468099
198793	0.001148846907
198794	0.003010599099
198795	0.0103833017
198796	0.0002135915165
198797	0.01285732041
198798	0.001575000919
198799	0.01245717705
198800	0.0103773826
198801	0.002607142978
198802	0.004075660594
198803	0.01036017753
198804	0.01168041124
198805	0.0001542404614
198806	0.0009825989955
198807	0.01110174462
198808	0.00617201086
198809	0.003063623612
198810	0.01016177421
198811	0.000608644525
198812	1.602617704e-06
198813	0.01286117075
198814	0.006273015496
198815	0.01243995977
198816	0.003250919086
198817	0.008305745849
198818	0.009626685739
198819	0.000702100317
198820	0.008358599387
198821	0.004971654412
198822	0.005970495885
198823	0.004280542981
198824	0.009950934932
198825	0.01245498295
198826	0.004498493214
198827	0.00218123273
198828	0.007023822347
198829	0.001300759506
198830	0.009558064133
198831	0.009046577546
198832	0.000281333187
198833	0.002017807971
198834	0.009951508549
198835	0.00794576049
198836	0.01226167368
198837	0.01140954372
198838	0.003227170282
198839	0.00518262963
198840	0.008037060828
198841	0.0001433723708
198842	0.01184652113
198843	0.008467910506
198844	0.01043084024
198845	0.001747315968
198846	0.009457117454
198847	0.0137429547
198848	0.001474171429
198849	0.008453723398
198850	0.0004433159289
198851	0.01216334798
198852	0.0004592758622
198853	0.004159493262
198854	0.005607084056
198855	0.001446492846
198856	0.01358871321
198857	0.01002474078
198858	0.009292503457
198859	0.006610820306
198860	0.006107474728
198861	0.008291083473
198862	0.006967506267
198863	0.0004443205503
198864	0.001161205216
198865	0.00648923588
198866	0.001273706552
198867	0.008299753382
198868	0.004800730393
198869	0.009979926515
198870	0.007715071201
198871	0.00595097311
198872	0.002309179984
198873	0.002535361264
198874	0.01044426085
198875	0.00954462626
198876	0.006165758037
198877	0.007885616015
198878	0.007580406648
198879	0.003596573627
198880	0.004059422673
198881	0.0004398205016
198882	0.004864857057
198883	0.008187720489
198884	0.0001400300749
198885	0
198886	0.0002189854145
198887	0.008204528462
198888	0.002542173629
198889	0.01245808364
198890	0.004672805364
198891	0.0002846612171
198892	0.0060342928
198893	0.0005587706067
198894	0.001565498663
198895	0.01034236047
198896	0.005229654124
198897	0.009589981326
198898	0.0003261810284
198899	0.002820103496
198900	0.005009431999
198901	0.004017583684
198902	0.001836172231
198903	0.002295241186
198904	0.009715730733
198905	0.01061431396
198906	0.0004643317013
198907	0.001398225982
198908	0.001516815287
198909	0.009705452235
198910	0.00985977533
198911	0.006914747146
198912	0.0009650209098
198913	0.01791458183
198914	0.0008798963865
198915	0.0008362852959
198916	0.007413211393
198917	0.0001490925714
198918	0.0003317505357
198919	0.003291392418
198920	0.01165576081
198921	0.004744781741
198922	0.009744880078
198923	0.006637804888
198924	0.01385778988
198925	0.006711674959
198926	0.001718667568
198927	0.003481157706
198928	0.01063821657
198929	0.0004258698582
198930	0.003004855094
198931	0.006255800733
198932	0.0008605770204
198933	0.01245078259
198934	0.01391711815
198935	0.005455339007
198936	0.002189285717
198937	0.007126806732
198938	0.009960549696
198939	0.002859808378
198940	0.00555571146
198941	0.0107327346
198942	0.009150743383
198943	0.0009987311649
198944	0.001649481684
198945	0.004436227413
198946	2.160568128e-05
198947	0.008810497105
198948	0.003868530406
198949	0.0003111681542
198950	0.004597517981
198951	0.002966501081
198952	0.00423040984
198953	0.002225290338
198954	0.0009344427384
198955	0.0008699977917
198956	0.008529275222
198957	0.002093435795
198958	0.001828433406
198959	0.0007980276605
198960	0.001901113585
198961	0.007359031442
198962	0.00334809631
198963	0.007643170354
198964	0.002552920222
198965	0.0003857369846
198966	0.005837875275
198967	0.00374911881
198968	0.005255748971
198969	0.001582199322
198970	0.0002221468781
198971	0.001257570551
198972	0.005421560687
198973	0.001326995511
198974	0.004320517942
198975	0.008629524735
198976	0.016124252
198977	0.01121997463
198978	0.006852430633
198979	0.004033984646
198980	0.01401847508
198981	0.0001511943027
198982	0.002704631386
198983	0.007027054769
198984	0.003938004388
198985	0.003846852687
198986	0.004659795983
198987	0.005210000908
198988	0.003072659979
198989	0.01595388053
198990	0.0003322517433
198991	0.00446784341
198992	0.003823281412
198993	0.00253107986
198994	0.01715736961
198995	0.000262694
198996	0.001324426855
198997	0.001173505339
198998	0.008212377061
198999	0.003396796184
199000	0.00966277545
199001	0.003175874704
199002	0.006711334559
199003	0.004890068697
199004	0.01042140728
199005	0.02778002659
199006	0.001947118258
199007	0.003819686476
199008	0.002198802601
199009	0.001212038841
199010	0.007476518665
199011	0.0008213067522
199012	0.004170372373
199013	0.01283054869
199014	0.001501306221
199015	0.01475169577
199016	0.001115968947
199017	0.0002556411751
199018	0.001120417609
199019	0.002326463029
199020	0.004075883857
199021	0.002629891825
199022	0.002137514539
199023	0.001745690865
199024	0.003271982948
199025	0.002046965714
199026	0.0001877689027
199027	0.001075299647
199028	0.0005532484061
199029	0.00212455887
199030	0.0001653838146
199031	0.0007258940548
199032	0.008205525967
199033	0.006023549165
199034	0.005261620203
199035	0.003163391801
199036	0.00386511768
199037	0.007477428957
199038	0.002391448177
199039	0.0005584324571
199040	0.004881765941
199041	0.01265773542
199042	0.002872917244
199043	0.003359047483
199044	0.006783838863
199045	0.00639317956
199046	0.001820335641
199047	0.008998644454
199048	0.0003744374119
199049	0.001191870997
199050	0.008440402895
199051	0.006656887577
199052	0.009449828751
199053	0.001093249162
199054	0.001156653887
199055	0.0004746222388
199056	9.492937496e-05
199057	0.0008785271126
199058	5.162064614e-05
199059	0.0006530183556
199060	0.0007710584519
199061	0.000493452974
199062	0.0008601794665
199063	0.00121370485
199064	0.0002225121272
199065	0.0009607489632
199066	0.0006844244826
199067	0.001012348205
199068	0.0005102319581
199069	0.0008948819799
199070	0.0006233519296
199071	0.0009447565717
199072	0.001113102809
199073	0.0007000705983
199074	0.001437730683
199075	0.0005142466362
199076	0.0008390749595
199077	0.002256164517
199078	0.001814389547
199079	0.0003188108695
199080	0.0007054224824
199081	0.008038623468
199082	0.002853279946
199083	0.00140758446
199084	0.004580378773
199085	0.003893708776
199086	0.003333026464
199087	0.008835059083
199088	0.009035446403
199089	0.002921023135
199090	0.01940742114
199091	0.003719043877
199092	0.01166527676
199093	0.003790564504
199094	0.005577060941
199095	0.00125249936
199096	0.0001288646676
199097	0.00132927702
199098	0.002464308262
199099	0.0004272090323
199100	0.004037278229
199101	0.009125500151
199102	0.0007269466418
199103	0.004398912221
199104	0.00419569525
199105	0.00518826245
199106	0.002759847545
199107	0.004277039768
199108	0.003541709663
199109	0.0004138795734
199110	0.001216014492
199111	0.003331980605
199112	0.0003386539022
199113	0.0004860695634
199114	0.005732522213
199115	0.005088874796
199116	0.004635555879
199117	0.007717166176
199118	0.01306843582
199119	0.01270322944
199120	0.00700853236
199121	0.0003548076449
199122	0.002134633467
199123	0.003329152586
199124	0.001506557016
199125	0.01115484875
199126	0.0003288490279
199127	0.001017849392
199128	0.00108124149
199129	0.001680660617
199130	0.002346238135
199131	0.002791273163
199132	0.004962015495
199133	0.002513747231
199134	0.006707895635
199135	0.0004021815967
199136	3.331933407e-07
199137	0.004868047571
199138	0.005614377366
199139	0.0006413180885
199140	0.001831380022
199141	0.0001922908814
199142	0.0007787928941
199143	0.002138062796
199144	3.160666491e-05
199145	0.000339987867
199146	0.000385222643
199147	0.0002345806208
199148	0.0001197240977
199149	0.0007919529626
199150	0.0005006576171
199151	0.0002774139287
199152	0.001244687379
199153	0.0002911424294
199154	0.0003696100931
199155	9.172269467e-05
199156	0.001786550694
199157	0.0005256249207
199158	0.0001544989658
199159	0.0008681916656
199160	0.0003774482428
199161	0.0001952862897
199162	0.0001974646029
199163	0.0004907068135
199164	0.00186509252
199165	0.001327284057
199166	0.0001370385105
199167	0.001171601808
199168	0.003898643622
199169	0.0003727516651
199170	0.0003797959187
199171	0.0003326687196
199172	0.001174597861
199173	0.000309447228
199174	0.0001842896967
199175	8.44493748e-05
199176	0.001043273446
199177	0.0005299263941
199178	0.0002618649459
199179	0.0005791505472
199180	0.0005584767402
199181	0.0002535427183
199182	0.0007370970353
199183	0.0003560948411
199184	0.001239819772
199185	0.0007441411938
199186	9.367669701e-05
199187	0.0003146513231
199188	0.0002237369617
199189	0.0003276936555
199190	0.000233460765
199191	0.002778435114
199192	0.0002233118913
199193	0.001049234695
199194	0.0006899266706
199195	0.00101950905
199196	0.0009098532085
199197	0.0005687137493
199198	0.0007737474201
199199	0.0003933831575
199200	0.0005071578492
199201	0.0008396513485
199202	0.0003205584584
199203	0.0002907472619
199204	3.996316375e-06
199205	0.0003234590603
199206	0.0004731392498
199207	0.0002251597878
199208	0.002131711462
199209	0.0003734578416
199210	9.202468852e-05
199211	0.002988652545
199212	0.001432124696
199213	0.003497498484
199214	0.0009311062211
199215	0.0008311202792
199216	0.0007228940886
199217	0.0001326364974
199218	0.0006646992753
199219	0.0003455772557
199220	0.0006790617321
199221	4.029903818e-05
199222	0.000236630298
199223	0.0004411934739
199224	0.0006716823654
199225	0.0009920524495
199226	0.005075485343
199227	0.0003918328657
199228	0.0004965930524
199229	0.000139273245
199230	4.701094029e-05
199231	0.0006908916921
199232	0.0003836198955
199233	0.0003964912102
199234	0.0005374789672
199235	0.0004693765571
199236	0.0002749623253
199237	0.0008063358009
199238	0.000887768259
199239	0.0002303651387
199240	0.001143652746
199241	0.003852866235
199242	0.001110455651
199243	0.001126697259
199244	0.001821930747
199245	0.0008764066732
199246	0.003651692799
199247	0.00347845795
199248	0.004040555096
199249	0.001716357673
199250	0.001561437604
199251	0.005015563304
199252	0.007267957056
199253	0.003533703391
199254	0.005718677365
199255	0.003258670909
199256	0.0132298364
199257	0.007337655098
199258	0.002978941472
199259	0.00353941738
199260	0.003833147401
199261	0.00499678331
199262	0.003133944181
199263	0.002560360861
199264	0.006488547791
199265	0.002803304566
199266	0.005610133084
199267	0.001631703794
199268	0.004013095485
199269	0.004764170328
199270	0.006293864961
199271	0.001300604856
199272	0.0007382114041
199273	0.001183815762
199274	0.003324382862
199275	0.001947216431
199276	0.0007300073812
199277	0.002449719892
199278	0.000541794653
199279	0.009147408669
199280	0.00202025019
199281	0.002800387467
199282	0.008025545427
199283	0.000666805046
199284	0.0009430032209
199285	0.007584266196
199286	0.009007257435
199287	0.0025591298
199288	0.0007065447021
199289	0.001877501496
199290	0.01153914322
199291	0.005262179628
199292	0.007646495287
199293	0.00600761822
199294	0.001790198686
199295	0.00325853286
199296	0.007630547138
199297	0.005151659616
199298	0.0005948642148
199299	0.000786357475
199300	0.001403534942
199301	0.007107368507
199302	0.0008350893971
199303	0.01078927199
199304	0.00975474015
199305	0.005494175347
199306	0.005962976678
199307	0.001204891724
199308	0.0003027096143
199309	0.003752834132
199310	0.003444226738
199311	0.0123817967
199312	0.005012868106
199313	0.002014479477
199314	0.006544866788
199315	0.006650912985
199316	0.003459784789
199317	0.002843183976
199318	0.0017697543
199319	9.708892619e-05
199320	0.004997623262
199321	0.002187194842
199322	0.005236963067
199323	0.004096461787
199324	0.007505271892
199325	0.005847710139
199326	0.0009741374705
199327	0.003048925898
199328	0.01312406302
199329	0.01055745502
199330	0.001915659785
199331	0.003517892864
199332	0.002976212247
199333	0.005521240596
199334	0.0006822122185
199335	1.517933023e-05
199336	0.0001533695826
199337	0.0001423936398
199338	0.0003052269982
199339	7.593572459e-05
199340	7.02712427e-05
199341	6.931199019e-05
199342	0.001539141701
199343	0.002607866163
199344	0.0007504598072
199345	0.01519414163
199346	0.0007763526798
199347	0.0008384902095
199348	0.001158600085
199349	3.657447858e-05
199350	5.846842353e-05
199351	8.928659058e-05
199352	0.01024187018
199353	0.005635938851
199354	0.005496195682
199355	0.013203657
199356	0.006092978735
199357	0.01453410653
199358	0.0007123832867
199359	0.002288900751
199360	0.001871877461
199361	0.01153367852
199362	0.003974033252
199363	0.002315664393
199364	0.005244377781
199365	0.0007612340286
199366	0.003772080435
199367	0.002639384638
199368	0.0005299854764
199369	0.004422120616
199370	0.001162143671
199371	0.001991466295
199372	0.00117979932
199373	0.001991037468
199374	0.001355165685
199375	0.004882992005
199376	0.004333023071
199377	0.007349187621
199378	0.004891449551
199379	0.003527538371
199380	0.007614907087
199381	0.02394872849
199382	0.004025973472
199383	8.808121523e-05
199384	0.00677708345
199385	0.003236521182
199386	0.01028588545
199387	0.0002599263506
199388	0.004466330765
199389	0.004305269823
199390	0.0008067840864
199391	0.000298781719
199392	0.01883953385
199393	0.007618672075
199394	0.001211746544
199395	0.009321735404
199396	0.0008360132774
199397	0.0008656453394
199398	0.005805823708
199399	0.00342474471
199400	0.0004073566425
199401	0.0002011351272
199402	0.0004657626785
199403	0.005917652724
199404	0.002272822894
199405	0.008692666457
199406	0.00353851787
199407	0.002149297242
199408	0.0006076025028
199409	0.003725286612
199410	0.01004744224
199411	0.004608066339
199412	0.01005031748
199413	0.0002579625746
199414	0.006435765779
199415	0.01040909682
199416	0.001479201304
199417	0.00959167456
199418	0.0124073296
199419	0.008623132167
199420	0.008541045003
199421	0.0008043577035
199422	0.0004481433697
199423	0.0004966368919
199424	0.001124197339
199425	0.005074218948
199426	0.003990985232
199427	0.002765460274
199428	0.005841324246
199429	0.005687511709
199430	0.003280496177
199431	0.002451967088
199432	0.001187768294
199433	0.009755247613
199434	0.01044168441
199435	0.005217659431
199436	0.007752441894
199437	0.003286151231
199438	0.008339576248
199439	0.002512393707
199440	0.001519120461
199441	0.0001291790759
199442	0.001588727598
199443	0.0003744998541
199444	0.0008364920647
199445	0.01064860086
199446	0.001991869667
199447	0.001683005384
199448	0.002608800376
199449	0.0006407828099
199450	0.003703706395
199451	0.0002303082504
199452	0.003849789138
199453	0.0002010551842
199454	0.002527439428
199455	0.002262838558
199456	0.001329224674
199457	0.002023539439
199458	0.0002005738114
199459	0.002229555338
199460	0.001993324445
199461	0.001663262216
199462	3.223440368e-07
199463	0.000633651796
199464	0.0005834308381
199465	0.001000411054
199466	0.003296606595
199467	0.00126043993
199468	0.001023040059
199469	0.001155111199
199470	0.0009610439792
199471	0.0008162227984
199472	0.001288475016
199473	2.578738941e-05
199474	0.002659609007
199475	0.001033215625
199476	0.001391916554
199477	0.002098116415
199478	0.001416198764
199479	0.00189210958
199480	0.002011645777
199481	0.002229925278
199482	0.00122930084
199483	0.0008594450395
199484	0.0009101409021
199485	0.002966308931
199486	0.001948235705
199487	0.0004630902522
199488	0.0004578933594
199489	5.248364594e-05
199490	0.003885674283
199491	0.0001527645508
199492	0.001079220026
199493	0.004234509314
199494	0.002587468768
199495	0.001289310882
199496	0.001524529977
199497	0.001254330979
199498	0.0004121446132
199499	0.0009188573444
199500	0.001524611027
199501	0.0007684839101
199502	0.001049427031
199503	1.311398425e-05
199504	0.0005974414926
199505	0.002152222334
199506	0.0002454014954
199507	0.0005804993819
199508	0.001227206614
199509	0.002890347
199510	0.001510256587
199511	0.001541136046
199512	0.002390189286
199513	0.0009568852583
199514	0.001908617151
199515	0.003293597301
199516	0.001707792699
199517	0.002478925957
199518	0.0008708818164
199519	0.001527529379
199520	0.000516939085
199521	0.003882605408
199522	0.001013069859
199523	0.00670074152
199524	0.003420579191
199525	0.001335935289
199526	0.008817755138
199527	0.007593840884
199528	0.002461875078
199529	0.001713757506
199530	0.000978092375
199531	0.005492970441
199532	0.004265897009
199533	0.01373808732
199534	0.01440900868
199535	0.0005192689249
199536	0.00411560753
199537	0.002137277612
199538	0.006044378011
199539	0.001082390925
199540	0.01855085327
199541	0.002168425254
199542	0.0006751760849
199543	0.004645175099
199544	0.002157627451
199545	0.007388882312
199546	9.684272515e-05
199547	0.004429648812
199548	0.003022945242
199549	0.01000357007
199550	0.003982030097
199551	0.00391546631
199552	0.001051213817
199553	0.003333476166
199554	0.001007866651
199555	0.005230622068
199556	0.002376906225
199557	0.002414333859
199558	0.006758121286
199559	0.006050076233
199560	0.005429729438
199561	0.005507181171
199562	0.005348046892
199563	0.004817725055
199564	0.0001455340717
199565	0.004674696644
199566	0.0006055621252
199567	0.01486950164
199568	0.003238676928
199569	0.0008841736933
199570	0.01299688141
199571	0.01481750803
199572	2.000533051e-06
199573	0.001860261124
199574	0.003122431923
199575	0.003299689638
199576	0.0004503123622
199577	0.002494843376
199578	0.0007401845872
199579	0.001428540672
199580	0.002463469766
199581	0.002721864248
199582	0.006192491485
199583	0.005564416853
199584	0.002619119834
199585	0.006367397234
199586	0.006125093716
199587	0.003784983795
199588	0.01241253854
199589	0.008398967932
199590	0.003644829322
199591	0.00366255853
199592	0.001457424671
199593	0.001783890978
199594	0.001638487322
199595	0.0002303856525
199596	0.005135115631
199597	0.00448752176
199598	0.0008719281359
199599	5.390542977e-05
199600	0.007352714823
199601	0.007598811828
199602	0.01016327936
199603	0.0002601706097
199604	0.004079025304
199605	0.0002502247636
199606	0.0007544396064
199607	0.00347337076
199608	0.0006049899064
199609	0.00159004599
199610	0.002431548667
199611	0.000383443654
199612	0.004551592258
199613	0.008544902507
199614	0.004115281262
199615	0.005217455142
199616	0.003931939345
199617	0.001802260676
199618	0.001281814576
199619	0.004881535762
199620	2.065123721e-05
199621	0.003297180882
199622	0.0004312211639
199623	0.004111999007
199624	0.003406986303
199625	0.002014184925
199626	0.001974310276
199627	0.002003154709
199628	0.001788356035
199629	0.001657172914
199630	0.0008848766676
199631	0.0007288826859
199632	0.003209871098
199633	0.0003984179864
199634	0.003805632689
199635	0.00289338782
199636	0.002308231597
199637	0.002615021961
199638	0.001572087785
199639	0.002040814236
199640	0.00383415411
199641	0.006257343948
199642	0.00332017197
199643	0.00279081763
199644	0.0005190002007
199645	0.001120932925
199646	0.0007907281314
199647	4.060489196e-05
199648	0.0004228116537
199649	0.0005802699662
199650	0.004425496224
199651	0.0003437557255
199652	0.0009722719707
199653	2.530491152e-05
199654	0.001112523656
199655	0.0006499218752
199656	6.460585572e-05
199657	0.0002216281285
199658	0.0002943937984
199659	0.00158217979
199660	0.0006383738875
199661	2.811044285e-05
199662	0.0002163825785
199663	0.003873915531
199664	0.008153493509
199665	0.0008301260703
199666	0.004376005986
199667	0.001008853605
199668	0.002865670336
199669	0.005360230867
199670	0.001894259896
199671	0.00147480712
199672	0.01315251604
199673	0.004430767374
199674	0.003911972402
199675	0.005361327839
199676	0.00391867968
199677	0.006641251109
199678	0.00147777737
199679	0.004297630396
199680	0.002717246186
199681	0.0001072397685
199682	0.002767431111
199683	0.001747656948
199684	0.0005224123833
199685	0.006767658935
199686	0.01413329802
199687	0.0005541084979
199688	0.007365735805
199689	0.006469284319
199690	0.002252490641
199691	0.0002916786889
199692	0.0009955711223
199693	0.003332767729
199694	0.001313007738
199695	0.002867279048
199696	0.0002921559938
199697	0.001114400344
199698	6.939478293e-05
199699	0.002812011384
199700	0.004370201672
199701	0.0005220592379
199702	0.001684130883
199703	0.002487880728
199704	0.00258517893
199705	0.00825834942
199706	0.002235101455
199707	0.001882635618
199708	0.001426618175
199709	0.001920027929
199710	0.002891280082
199711	0.0004310724762
199712	0.000913910646
199713	0.001589024923
199714	0.004082420119
199715	0.0112415025
199716	0.001554595909
199717	0.005146718047
199718	0.003794916138
199719	0.0003198506726
199720	0.0003104706782
199721	0.002140430395
199722	0.0003352696684
199723	0.001073180858
199724	0.001191625618
199725	0.001338075005
199726	0.01668645054
199727	0.0008755980998
199728	0.0004308442158
199729	0.0002159544581
199730	0.0005545651739
199731	0.0005248909655
199732	0.0006164456016
199733	0.01819444394
199734	0.001739866283
199735	0.001029922227
199736	0.0002493186284
199737	0.001800553196
199738	8.713541508e-05
199739	0.000108829944
199740	0.0008717066225
199741	0.001190874519
199742	0.0005335212373
199743	0.00112320363
199744	0.0007060013099
199745	0.004273559016
199746	0.0003204043195
199747	0.0003817401816
199748	0.003153765136
199749	0.0002071132253
199750	0.001884396003
199751	0.008670313228
199752	0.01167559651
199753	0.002721603726
199754	0.002150792757
199755	0.001590005403
199756	0.0005168123221
199757	0.001319927498
199758	0.0008324331131
199759	0.00294801105
199760	0.001631677542
199761	0.0003407442622
199762	0.0002464051958
199763	0.0008203308396
199764	0.0003427560528
199765	0.000553009426
199766	0.000147110983
199767	0.001956237622
199768	0.0005716612311
199769	0.0005182595832
199770	0.0005251511304
199771	0.001259491133
199772	0.001583357161
199773	0.0007103998219
199774	0.000875010932
199775	0.001681817557
199776	0.001484417142
199777	0.001002986863
199778	0.0003382435482
199779	0.001750369529
199780	0.0002018010125
199781	0.001049383032
199782	0.002247898712
199783	0.001818221437
199784	0.000558480447
199785	0.008119437226
199786	0.0009089444848
199787	0.001119824434
199788	0.0002836525275
199789	9.116960788e-05
199790	0.0005864322199
199791	0.0008100908773
199792	0.0008909259692
199793	0.001254192338
199794	6.99250569e-05
199795	0.001741329497
199796	0.002458028028
199797	0.0005205610389
199798	0.000836560393
199799	0.001836290106
199800	0.0008006962518
199801	0.002074994061
199802	0.002778864795
199803	0.001031207826
199804	0.00067724713
199805	0.001104798131
199806	0.0004514163656
199807	0.0003302768649
199808	0.0009734799274
199809	0.000670476177
199810	0.001664888277
199811	0.0003564822445
199812	0.001287424642
199813	0.002499544059
199814	0.001506141771
199815	0.0002701887228
199816	0.009710038178
199817	0.001859518161
199818	0.001086037493
199819	0.0003739491519
199820	0.001013070202
199821	0.0004357982482
199822	0.001962317897
199823	0.0005123314943
199824	0.002705798785
199825	0.0004956056272
199826	0.0001301970422
199827	0.0003113848453
199828	0.001211739182
199829	0.0009410928707
199830	0.0007294915634
199831	0.000761380526
199832	0.0002295311252
199833	0.0001762202998
199834	3.376152395e-06
199835	0.003625329156
199836	0.001495706139
199837	0.000916214089
199838	0.000425473145
199839	0.001866729704
199840	0.0008732851203
199841	0.0003250532153
199842	0.001455451461
199843	0.002392961443
199844	0.000944489187
199845	0.0005131654928
199846	0.003239908518
199847	0.0003874851084
199848	0.0006346860852
199849	0.0007745406345
199850	0.0002718022165
199851	0.0006957839433
199852	0.001253379954
199853	0.003155294465
199854	0.000794958271
199855	0.001680759663
199856	0.001315322456
199857	0.0002960853775
199858	0.004593938077
199859	0.0006212798343
199860	0.0009021367124
199861	0.001429678035
199862	0.0009053518531
199863	0.001353732745
199864	2.091914045e-05
199865	0.0001568904253
199866	0.0001444611528
199867	0.001324951373
199868	0.0002546536855
199869	0.0009287411511
199870	0.0002541373684
199871	0.0008526997204
199872	0.001825976907
199873	0.0003879811538
199874	0.0004766754809
199875	0.000860228226
199876	0.0005023078078
199877	0.0004816264642
199878	0.000183827531
199879	0.005335585774
199880	0.001116001863
199881	0.002356836859
199882	0.0002556863182
199883	0.0002594732027
199884	0.000260984403
199885	0.002730693048
199886	0.0004267395098
199887	0.0008671800026
199888	0.001284841236
199889	0.001927319291
199890	3.312936021e-05
199891	0.001498916566
199892	0.000921725782
199893	0.001184585497
199894	0.0009700020687
199895	0.000543202941
199896	0.001241539205
199897	0.0002881809901
199898	0.001962840068
199899	0.0004446614275
199900	0.0006404349825
199901	0.0008383322971
199902	0.001790923596
199903	0.00045839009
199904	0.0006935903546
199905	0.000472008013
199906	0.0004508137225
199907	0.0008083749246
199908	0.0004373473485
199909	0.0003934031075
199910	7.813701579e-05
199911	0.001846374868
199912	0.000932563776
199913	0.0003664523555
199914	0.0005832805408
199915	1.893821757e-05
199916	0.0003793623274
199917	0.00152450448
199918	0.0003808477795
199919	0.00185023535
199920	0.0008157837513
199921	0.001198552143
199922	0.002831842692
199923	0.0002370380902
199924	0.001512689024
199925	0.000299562337
199926	0.001176381316
199927	0.003031659265
199928	0.001871443814
199929	0.001824849086
199930	0.0001225567
199931	0.007764453734
199932	0.0006904910922
199933	0.001327258603
199934	0.002068715239
199935	9.707377768e-06
199936	0.0002241451704
199937	0.0006480341797
199938	0.0005122197075
199939	0.0006192836757
199940	0.0009498902491
199941	0.0002167610619
199942	0.0005901606951
199943	0.002120766093
199944	0.0001401667425
199945	0.001463032885
199946	0.001078133623
199947	0.001153687453
199948	0.003696937844
199949	0.002224413826
199950	0.0008152083776
199951	0.0008742948779
199952	0.001578006663
199953	0.0006078446156
199954	0.002681074353
199955	0.00106445916
199956	0.001737687387
199957	0.0006627341338
199958	0.0002122661969
199959	0.0001945303384
199960	0.0008335268063
199961	0.00241677084
199962	0.001472907112
199963	0.0009312627597
199964	0.001401666871
199965	0.0001754759784
199966	0.0009840912838
199967	0.001824657251
199968	0.0001768044681
199969	0.001035378401
199970	1.047468239e-05
199971	0.001488246911
199972	0.000503288362
199973	0.0003512952449
199974	0.0005322291921
199975	0.001545815799
199976	0.0009154298725
199977	0.0004907852671
199978	0.0001756846423
199979	0.001721047557
199980	0.002216295027
199981	0.0008004850839
199982	0.001492185161
199983	0.0003058352981
199984	0.001197311517
199985	0.001104989405
199986	0.0008262857393
199987	0.001612820779
199988	0.0008115883331
199989	0.001007874803
199990	0.0001460576554
199991	0.001256126907
199992	0.0009142946635
199993	0.0009122371245
199994	0.0002002238177
199995	0.0006602583248
199996	0.0002772349664
199997	0.0003194453801
199998	0.002389824722
199999	0.0007979496066
200000	0.0008381608675
200001	0.00108603656
200002	0.001014291293
200003	0.0008829815935
200004	0.00141982343
200005	0.0003066617279
200006	0.0005703071369
200007	0.0009008098535
200008	0.000248401491
200009	5.268142043e-05
200010	0.0003896396331
200011	0.001122476401
200012	7.728806746e-05
200013	0.0007379833891
200014	0.001047279556
200015	0.0005166635051
200016	0.000149094114
200017	0.001313370622
200018	0.0004497442866
200019	0.002026626765
200020	0.0005156197288
200021	0.001735594649
200022	0.000375872391
200023	7.766431119e-05
200024	0.0007914870251
200025	0.001080245534
200026	9.210013653e-05
200027	0.001175308409
200028	0.0001633947712
200029	0.001145394315
200030	0.0004551357902
200031	1.030452739e-06
200032	0.0002150281567
200033	0.0005022919145
200034	0.000691853858
200035	0.0001329759715
200036	0.000688848982
200037	0.000730067515
200038	4.060868116e-05
200039	0.00281029528
200040	0.001219615819
200041	0.001717987254
200042	4.729457694e-05
200043	3.575914989e-05
200044	0.0006010885536
200045	5.965211483e-05
200046	0.001571821194
200047	0.001882777113
200048	0.0006938938715
200049	0.000561385337
200050	0.0004527416372
200051	0.0001797951008
200052	0.0005049735514
200053	0.001564853677
200054	0.0002992636056
200055	4.807745752e-05
200056	0.001185547246
200057	0.001862351853
200058	0.0008343397792
200059	0.0003591203606
200060	0.001813859632
200061	0.001354705616
200062	0.0006471377916
200063	0.001504172328
200064	0.002688796613
200065	0.001532410266
200066	0.001212102315
200067	0.0001008071879
200068	0.0004462787432
200069	0.001212825381
200070	2.067134397e-05
200071	0.001740051953
200072	0.001299451693
200073	0.0001773225352
200074	0.0006184310875
200075	0.0003665439833
200076	0.001049627498
200077	0.0007270674375
200078	0.002109082014
200079	0.001666428846
200080	0.0006664206625
200081	0.001445372067
200082	6.265859214e-05
200083	0.001230746999
200084	0.0008965853761
200085	0.0009059029731
200086	2.831050402e-05
200087	0.001285363693
200088	0.001611748566
200089	0.000331949824
200090	0.001089119806
200091	0.003536913528
200092	0.0009128283206
200093	0.0004527607466
200094	0.001095440553
200095	0.0003753123073
200096	0.0001653886912
200097	0.002226835382
200098	0.0003006947115
200099	0.001797589249
200100	0.0003021452657
200101	0.001444119898
200102	0.0004269772682
200103	0.001221346792
200104	4.173582963e-05
200105	0.0007762998604
200106	9.876971073e-05
200107	0.001653322209
200108	0.002723686389
200109	0.0004452096152
200110	0.001908911451
200111	0.0001560629525
200112	0.004310279511
200113	0.001185075117
200114	0.001158624677
200115	0.001045011677
200116	0.0003047081122
200117	0.0006608844925
200118	0.0007917174131
200119	0.0005783019842
200120	0.001007991674
200121	0.003206307503
200122	0.0002426466405
200123	0.001613573292
200124	0.001057099647
200125	0.002168891936
200126	0.001697507872
200127	0.0005854784935
200128	0.002035413313
200129	0.0007567503542
200130	0.000794971338
200131	0.0008642247949
200132	0.0009274329004
200133	0.001173725367
200134	0.002371443061
200135	4.323680651e-05
200136	0.001009722694
200137	0.001534734863
200138	0.0001581703702
200139	0.001434334213
200140	0.0004843111031
200141	0.0009314723431
200142	0.001905798976
200143	0.0004148167732
200144	0.0006421437156
200145	0.002732940336
200146	0.001177313415
200147	0.001814749784
200148	0.0005571228721
200149	0.0005078180619
200150	0.001271217559
200151	0.0005694283922
200152	0.0006401051247
200153	0.002505331395
200154	0.000802997214
200155	0.001096472211
200156	0.0006236244841
200157	2.942520955e-05
200158	0.000736217651
200159	0.0001324365292
200160	0.0002581197859
200161	0.003716023009
200162	0.002881493417
200163	0.001766081561
200164	0.001712464835
200165	0.00246092569
200166	0.000475525687
200167	0.00127866567
200168	0.0007301946452
200169	0.001070233967
200170	0.001881073044
200171	0.0006284525036
200172	0.002932271165
200173	0.001043128755
200174	0.001976514449
200175	0.0009362764914
200176	0.001079837557
200177	0.001932543727
200178	0.000470617353
200179	0.0002381591546
200180	5.293916669e-05
200181	0.003275756383
200182	0.001658705018
200183	0.001845260237
200184	0.0009063841909
200185	0.005926236266
200186	0.002099535956
200187	0.01007563305
200188	4.329180018e-05
200189	0.003184964643
200190	0.002235986769
200191	0.003876373342
200192	0.0005657883429
200193	0.002480171027
200194	0.005506547696
200195	0.0004953514481
200196	0.007037926818
200197	0.003948386461
200198	0.001303188565
200199	0.001009048439
200200	0.006095165125
200201	0.001240855773
200202	0.01085613996
200203	0.008848998813
200204	0.01822763047
200205	0.000389782135
200206	0.0003213571653
200207	0.004377223814
200208	0.001841374399
200209	0.0002928575415
200210	0.004374717838
200211	0.002335681585
200212	0.0004522505515
200213	0.001830120617
200214	0.001522128661
200215	0.0001345469755
200216	0.0006185610039
200217	5.569497303e-06
200218	0.0002778119269
200219	0.0007570865119
200220	0.00116435784
200221	0.002807536482
200222	0.002588475213
200223	0.0002712204002
200224	0.0006297612557
200225	0.002709209872
200226	0.001161290943
200227	0.0005131539259
200228	0.006080756428
200229	0.004142948962
200230	0.003111699623
200231	0.002713514974
200232	0.004004609395
200233	0.0001310191955
200234	0.003782151297
200235	0.0009017252099
200236	0.001656822213
200237	0.00555315934
200238	0.004012459482
200239	0.003201368
200240	0.000133817749
200241	0.002423375529
200242	0.01191434261
200243	0.01306935613
200244	0.005252667813
200245	0.009821820757
200246	0.005283568926
200247	0.003068311827
200248	0.005583301734
200249	0.0005149369764
200250	0.0006979375293
200251	0.002988403455
200252	0.01820826415
200253	0.0004713177219
200254	0.0115391816
200255	0.002284434961
200256	0.009159378032
200257	0.002250668832
200258	0.0005726723623
200259	0.005275621785
200260	0.009375419292
200261	0.0006561653261
200262	0.002034537289
200263	0.001042486574
200264	0.005651151239
200265	0.00278511697
200266	0.003190239059
200267	0.002082010993
200268	0.005123188477
200269	0.01280642256
200270	0.009338543754
200271	0.001993129528
200272	0.00276966031
200273	0.008052236184
200274	0.01021959975
200275	0.01566625774
200276	0.006678964979
200277	0.01098184992
200278	0.005241184026
200279	0.00416799894
200280	0.0008484337434
200281	0.0007333710766
200282	0.005845276448
200283	0.006220050883
200284	0.01356018289
200285	0.0004222144906
200286	0.001360765199
200287	0.012335552
200288	0.007486170354
200289	0.004879712216
200290	0.0004519056338
200291	6.487675747e-05
200292	0.001077325471
200293	0.0007861439087
200294	0.00501673414
200295	0.008531314205
200296	0.0004367056441
200297	0.002730681036
200298	0.009692395868
200299	0.0009204685999
200300	0.001696228239
200301	3.682587031e-05
200302	0.001014234189
200303	0.0002410926145
200304	0.008423610789
200305	0.000857742009
200306	0.003926265512
200307	0.002695744445
200308	0.00517947216
200309	0.005098935478
200310	0.00277179066
200311	0.004707876042
200312	0.001826967364
200313	0.00446220171
200314	0.0009765533631
200315	0.004046624836
200316	0.003060738113
200317	0.0002150228231
200318	0.001567603137
200319	0.01696288442
200320	0.01769199702
200321	0.01201245775
200322	0.001848329968
200323	0.002064287973
200324	0.009951116011
200325	0.0008466911724
200326	0.002118200766
200327	0.001749893868
200328	0.009665867006
200329	0.001737698217
200330	0.009030107166
200331	0.01232940918
200332	0.0002956900821
200333	0.01013045077
200334	0.003897617754
200335	0.007618076601
200336	0.01271567375
200337	0.007163029667
200338	0.005494190315
200339	0.001966076793
200340	0.001224291263
200341	0.005770763692
200342	0.001837731212
200343	0.004651170526
200344	0.003190405763
200345	0.007995470566
200346	0.001762204265
200347	0.002261370253
200348	0.004062702419
200349	0.02148415609
200350	0.0117672799
200351	0.003891426296
200352	0.003820435698
200353	0.004612196012
200354	0.0007942420229
200355	0.003870006805
200356	0.01730324398
200357	0.0008512940374
200358	0.01313140428
200359	0.002938462043
200360	0.004102708668
200361	0.001206922547
200362	0.006343774943
200363	0.0007379693392
200364	0.006337067884
200365	0.006259353321
200366	0.00390910247
200367	0.002421768949
200368	0.005042413434
200369	0.002194827548
200370	0.0007437126733
200371	0.008028927335
200372	0.0002831066419
200373	0.002699983024
200374	0.004518940672
200375	0.007835114152
200376	0.0005746005619
200377	0.01093613538
200378	0.004210932196
200379	0.002997814044
200380	0.005101267821
200381	0.004916043669
200382	0.001357797529
200383	0.008077205295
200384	0.006389150089
200385	0.004633022028
200386	0.008489325539
200387	0.00369378565
200388	0.005992939604
200389	0.002337793761
200390	0.005232958416
200391	0.0008683469366
200392	0.001689305266
200393	0.004904338661
200394	0.004759832758
200395	0.01111314687
200396	0.0005339664781
200397	0.001821827825
200398	2.885223044e-05
200399	0.001265840558
200400	0.004114553514
200401	0.006131900538
200402	0.0003118259402
200403	6.908572074e-05
200404	0.002655724155
200405	0.001184120143
200406	0.00358709419
200407	0.01003657974
200408	0.0001072477371
200409	0.00437566956
200410	4.355035249e-05
200411	0.0006257107193
200412	0.0009880571993
200413	0.001871720743
200414	0.01010494286
200415	0.006336832627
200416	0.0005577737908
200417	0.003606156765
200418	0.008376652694
200419	0.007409083971
200420	0.004889619524
200421	0.0008102983201
200422	3.172936643e-05
200423	0.0075831868
200424	0.003302724447
200425	0.006650888824
200426	0.003758551061
200427	0.006070070432
200428	0.008255884114
200429	0.005434649796
200430	0.003149708608
200431	0.002837353936
200432	0.001336028834
200433	0.0005828515162
200434	0.002395615739
200435	0.002450059086
200436	0.001098650354
200437	0.0007155041049
200438	0.008888615387
200439	0.0070182598
200440	0.0004719374969
200441	0.002220623794
200442	0.002015691449
200443	0.003064964108
200444	0.005028051296
200445	0.00179493834
200446	0.001311729367
200447	0.006809358737
200448	0.0004874574631
200449	0.0003423994803
200450	0.01058205364
200451	0.002539942819
200452	0.0005042487753
200453	0.001296734521
200454	0.004016226132
200455	0.00207493512
200456	0.007638869444
200457	0.004976208166
200458	0.009310291695
200459	0.00912004202
200460	0.003298383038
200461	0.0008132836528
200462	0.0002110759406
200463	0.008594053775
200464	0.0006873055999
200465	0.002236856646
200466	0.005793175639
200467	0.01521258549
200468	0.003155945183
200469	0.0002020327835
200470	0.007014087663
200471	0.004016516335
200472	0.001425287001
200473	0.004119734462
200474	0.00218131357
200475	0.0002269019094
200476	0.00348051128
200477	0.003648279298
200478	0.007267004778
200479	0.00251295206
200480	0.003441516782
200481	0.005782773042
200482	0.001553857448
200483	0.005864082139
200484	0.008294176809
200485	0.008922940643
200486	0.005378199743
200487	0.01031003284
200488	0.004482695853
200489	0.001160757768
200490	0.003581060483
200491	0.002731769588
200492	0.01353813157
200493	0.006389089902
200494	0.004145087138
200495	0.005901151512
200496	0.001226916448
200497	0.001453680089
200498	0.002647100874
200499	0.0001596052671
200500	0.003375747823
200501	0.002377487983
200502	0.006105638092
200503	0.0003424441842
200504	0.001708040567
200505	0.00614767776
200506	0.005445661559
200507	0.00109990894
200508	0.006448120379
200509	6.789628602e-07
200510	0.004172845528
200511	0.0006458126533
200512	0.01114461353
200513	0.003222890184
200514	0.0003389316019
200515	0.0002684033819
200516	0.001088134935
200517	0.008359122914
200518	0.000453584235
200519	0.002326906627
200520	0.0001399851469
200521	0.0006306738405
200522	0.002547908606
200523	0.001285212998
200524	0.005011977726
200525	0.004326055053
200526	0.00320947588
200527	0.00366241079
200528	0.007779960613
200529	0.006720173565
200530	0.006949913199
200531	0.000242788186
200532	0.006655188281
200533	0.004309564945
200534	0.0002158942087
200535	0.001432352537
200536	0.006438216487
200537	0.006633778854
200538	0.002770175829
200539	0.006191158228
200540	0.00520617851
200541	0.003107500352
200542	0.008309180415
200543	0.00419633174
200544	0.002023531247
200545	0.0009645366542
200546	0.005067136895
200547	0.005600954825
200548	0.0008228879313
200549	0.0001807248563
200550	0.00112171743
200551	0.005137534897
200552	0.0006657748751
200553	0.006195399839
200554	0.003918388857
200555	0.004253342247
200556	0.005568911064
200557	0.01144488562
200558	0.004682113056
200559	0.0001263680133
200560	0.0001186397727
200561	0.003430413373
200562	0.009189929684
200563	0.006155874773
200564	0.004465609742
200565	0.001710368436
200566	0.006789694488
200567	0.00690874471
200568	0.007212772033
200569	0.002332365012
200570	0.005240555852
200571	0.0008060843449
200572	0.001962461445
200573	0.0001133453608
200574	0.0001062869841
200575	0.005947575712
200576	0.007460369969
200577	0.003083218004
200578	0.007577811551
200579	0.000202886304
200580	0.004352059788
200581	0.006791628405
200582	0.004496453182
200583	0.001755324051
200584	0.0007250130117
200585	0.001775679249
200586	0.0009502293064
200587	0.001697088566
200588	0.002094165622
200589	0.001345364951
200590	0.002578659757
200591	0.003373506876
200592	0.007651264502
200593	0.000206023076
200594	0.006360817816
200595	0.003929980019
200596	0.007575450206
200597	0.009152401615
200598	0.006670323088
200599	0.009004820521
200600	0.02064003952
200601	0.002894225531
200602	0.001295626138
200603	0.01867911176
200604	0.0009836733175
200605	0.005542887136
200606	0.002950024576
200607	0.0001529927058
200608	0.01562896575
200609	0.0161783027
200610	0.0003791032274
200611	0.009599898477
200612	0.009409019149
200613	0.0002912447781
200614	0.00797482109
200615	0.007836449054
200616	0.009426860462
200617	0.004908012776
200618	0.000708592437
200619	0.001357817602
200620	0.0113103295
200621	0.001634764356
200622	0.006194036541
200623	0.00106459586
200624	0.004614879292
200625	0.007720314399
200626	0.004001390563
200627	0.00169365814
200628	0.007809649974
200629	0.005024470662
200630	0.00211722729
200631	0.001414325483
200632	0.007755639479
200633	0.003374326007
200634	0.006857152423
200635	0.001322600386
200636	0.01340974346
200637	0.005396348325
200638	0.002404096323
200639	0.0007187262155
200640	0.005768026366
200641	0.01056489648
200642	0.008884410523
200643	0.00927074946
200644	0.0005639594169
200645	0.002212786279
200646	0.0009839076961
200647	0.001334086151
200648	0.006917849446
200649	0.0114468332
200650	0.01275664192
200651	0.003778451289
200652	0.003022968337
200653	0.0003788340062
200654	0.003212156139
200655	0.0006978668033
200656	0.001686015804
200657	0.001694221591
200658	0.001266930844
200659	0.003914131816
200660	0.0002798966047
200661	0.001546626598
200662	0.002799232454
200663	0.01574108529
200664	0.003249949593
200665	0.005141400983
200666	0.00382013758
200667	0.002920672292
200668	0.003992799734
200669	0.009808720491
200670	0.001292622993
200671	0.002563415686
200672	0.006517205471
200673	0.00287340002
200674	0.002614071194
200675	0.004660261926
200676	0.0008245373562
200677	0.004966365636
200678	0.001978075375
200679	0.002023895305
200680	0.001728264769
200681	0.002256475359
200682	0.002195289643
200683	0.008836511464
200684	0.001249527369
200685	0.001074552449
200686	0.00410371544
200687	0.001443966885
200688	0.006143685685
200689	0.0007162101854
200690	0.009026051431
200691	0.005450783248
200692	0.002685050831
200693	0.002735555357
200694	0.001404215797
200695	0.01301995996
200696	0.008093778904
200697	0.003978919016
200698	0.01167237389
200699	0.007892479995
200700	0.002742492765
200701	0.003749555298
200702	0.0009067907846
200703	0.003128756942
200704	0.005226463547
200705	0.006566116399
200706	0.001412980876
200707	0.006883572938
200708	0.00206150364
200709	0.002281847774
200710	0.005662689437
200711	0.006266962416
200712	0.0007669190182
200713	0.005630712132
200714	0.0003859142736
200715	4.575269603e-05
200716	0.003031411111
200717	0.003536327946
200718	0.005188373794
200719	0.0005974564777
200720	0.007387011742
200721	0.003452489737
200722	0.01726175955
200723	0.002427176827
200724	0.003464987399
200725	0.004160769508
200726	0.001109241513
200727	0.007983076589
200728	0.0004145650603
200729	0.001282040429
200730	0.008473405006
200731	0.006030824636
200732	0.0008582039823
200733	0.005865450078
200734	0.007359343894
200735	0.005089407001
200736	0.004626956103
200737	0.002572170493
200738	0.0002814602711
200739	0.002427493076
200740	0.006800601845
200741	0.002692017215
200742	0.007555581657
200743	0.009716000204
200744	0.006058321237
200745	0.01200805603
200746	0.005487366578
200747	0.01129219688
200748	0.0005678258172
200749	0.00286888159
200750	0.003695091092
200751	0.006676218765
200752	0.01035493766
200753	0.0001179264492
200754	0.0157390972
200755	0.02364695661
200756	0.004912057596
200757	5.8963471e-05
200758	0.007995970471
200759	0.0008034125405
200760	0.006868343272
200761	0.001089560815
200762	0.002776882763
200763	0.003326925877
200764	0.001456018821
200765	0.001218854522
200766	0.003317954824
200767	0.005272693926
200768	0.00601049411
200769	0.000989118559
200770	0.001177393963
200771	0.003449710588
200772	0.001277434708
200773	6.26773487e-05
200774	0.002533274786
200775	0.009825716785
200776	0.0002438573568
200777	0.004294924127
200778	0.0006572643993
200779	0.003935385116
200780	0.003894024671
200781	0.001949872678
200782	0.008419116895
200783	0.003229283064
200784	0.001369794035
200785	0.004313385867
200786	0.003932234344
200787	0.003799394683
200788	0.005693526639
200789	0.002364208734
200790	0.00382446863
200791	0.007933649815
200792	0.007301926446
200793	0.002157977215
200794	0.005424014598
200795	0.001436334725
200796	0.00155073118
200797	0.00625845992
200798	0.004798118863
200799	0.0003500955753
200800	0.001306532997
200801	0.002051544212
200802	9.989851894e-05
200803	0.009072311913
200804	1.391714874e-05
200805	0.004449395718
200806	0.005974575317
200807	0.002416331055
200808	0.005367786313
200809	0.001743850591
200810	0.01233536203
200811	0.006871868756
200812	0.0004965780606
200813	0.00323057571
200814	8.321136487e-05
200815	0.002024027954
200816	0.0005308981344
200817	0.0001132127617
200818	3.507628629e-06
200819	0.0005309368997
200820	0.007640372282
200821	0.01452393461
200822	0.006945761622
200823	0.001408279088
200824	0.004923244648
200825	0.007813551302
200826	0.008504202434
200827	0.006743805259
200828	0.004210132745
200829	0.00330311581
200830	0.001744530121
200831	0.000973596089
200832	0.006501348266
200833	0.001710380953
200834	0.005857834261
200835	0.0005132623552
200836	0.001453901271
200837	0.004060785768
200838	0.002157157525
200839	0.002248952358
200840	0.004894964455
200841	0.00337285743
200842	5.403042493e-05
200843	0.005905687589
200844	0.01173585128
200845	0.01404388244
200846	0.002746276191
200847	0.00532372803
200848	0.005717824545
200849	0.001178110468
200850	0.005271225413
200851	0.002355715791
200852	0.005372964363
200853	0.001226532711
200854	0.00170637473
200855	3.747117368e-05
200856	0.001139530497
200857	0.0008119310262
200858	0.01215910896
200859	0.004811657872
200860	0.01283038976
200861	0.006004598952
200862	9.510853416e-05
200863	0.002049669765
200864	0.001383151923
200865	0.01585219907
200866	0.001373451883
200867	0.002622755962
200868	0.001235007127
200869	0.002501319224
200870	0.007293962072
200871	0.005746073726
200872	0.004579296178
200873	0.001509442027
200874	0.002375018671
200875	0.002505097348
200876	0.001938178002
200877	0.004808592
200878	0.001299718907
200879	0.001882691623
200880	0.00465673747
200881	0.003431498395
200882	0.004413271039
200883	0.001576121261
200884	0.00167659548
200885	0.003086179582
200886	0.002163302876
200887	0.01119798832
200888	0.006677431029
200889	0.005198211171
200890	0.01350577341
200891	0.00288394621
200892	0.001545554567
200893	0.001867723995
200894	0.002153643182
200895	0.00182563047
200896	0.01101459852
200897	0.001747580051
200898	0.003330187629
200899	0.003385898791
200900	0.001626636929
200901	0.001825051684
200902	0.009630444939
200903	0.0006794428131
200904	0.0008960580089
200905	0.00921216897
200906	0.00651373778
200907	0.008320514269
200908	0.01129003416
200909	0.001986125261
200910	0.003245673709
200911	0.004115793709
200912	0.001209937707
200913	0.002563529738
200914	0.000711295724
200915	0.006051886184
200916	0.004491376867
200917	0.002360362066
200918	0.002594599464
200919	0.004430041918
200920	0.001178658767
200921	0.006988752908
200922	0.01466575443
200923	0.004151431318
200924	0.006351064894
200925	0.003584347438
200926	0.0006055985315
200927	0.003679722258
200928	0.001925546558
200929	0.0001711722173
200930	0.005084026968
200931	0.005693902007
200932	0.003173311135
200933	0.005339664755
200934	0.002303959495
200935	0.001387533371
200936	0.0007212563691
200937	0.000122027394
200938	0.006473265251
200939	0.01254085189
200940	0.001110770194
200941	0.0005147480001
200942	0.00476378061
200943	0.006467298387
200944	3.896210975e-05
200945	0.002091753976
200946	0.006846908593
200947	0.00592461428
200948	0.0012647301
200949	0.00722980672
200950	0.004881328302
200951	0.002628064317
200952	0.002545571284
200953	0.00245048858
200954	0.0003011974259
200955	0.003767196805
200956	0.005676129859
200957	0.006291461356
200958	0.002367020387
200959	0.003841563065
200960	0.01052983524
200961	0.01208622715
200962	0.0005246608261
200963	0.004697564765
200964	0.002793272436
200965	0.002440939725
200966	0.005672944539
200967	0.001352589464
200968	0.003513681087
200969	0.0008670517611
200970	0.007678315635
200971	0.0007461562845
200972	0.002442990412
200973	0.006772373564
200974	0.004707956872
200975	0.0110056861
200976	0.01294027864
200977	0.001705074532
200978	0.006939918311
200979	0.004316732821
200980	0.01070712067
200981	0.01242201638
200982	0.008254090689
200983	0.004523534978
200984	0.02180387135
200985	0.003463424922
200986	0.0005195464914
200987	9.616065398e-05
200988	0.001554386031
200989	0.006998062228
200990	0.0004727313785
200991	0.008085386448
200992	0.004873034553
200993	0.002184440136
200994	0.01112561916
200995	0.01160554005
200996	0.007566789723
200997	0.001895723942
200998	0.004492660619
200999	0.009984196656
201000	0.006177907315
201001	0.004924247705
201002	0.01157832424
201003	0.0007134048094
201004	0.005585016729
201005	0.001739199628
201006	0.00388599954
201007	0.003884834065
201008	0.00766434539
201009	0.003391389459
201010	0.0003434979424
201011	0.002138375782
201012	0.005326650602
201013	0.005457040232
201014	0.007345122013
201015	0.003780665372
201016	0.001784590544
201017	0.009469121708
201018	0.006890720737
201019	0.0003469289449
201020	0.0034808987
201021	0.01150488892
201022	0.0006057733238
201023	0.004074340406
201024	0.003455158583
201025	0.008584740531
201026	0.007614150803
201027	0.0007108419549
201028	0.006548357577
201029	0.003794561457
201030	0.0174830997
201031	0.0008775935238
201032	0.0005298727805
201033	0.0008959400958
201034	0.006372482293
201035	0.006071448615
201036	0.0006844870041
201037	0.004309334259
201038	0.007378721297
201039	0.009044959413
201040	0.009134741132
201041	0.002944175955
201042	0.01319410171
201043	0.001405297873
201044	0.000809980529
201045	0.006437850694
201046	0.001772050187
201047	0.01175099035
201048	0.001227112353
201049	2.448876507e-05
201050	0.003181576448
201051	0.000717535388
201052	0.002990484373
201053	0.0002525010393
201054	0.007465968601
201055	0.0008817804148
201056	0.005734677139
201057	0.001372559271
201058	0.007243400004
201059	0.004345288047
201060	0.002747549768
201061	0.004720621911
201062	0.003976069021
201063	0.01374654059
201064	0.00625632437
201065	0.005369280708
201066	0.002183786642
201067	0.0003798264559
201068	0.0006817464367
201069	0.008628371069
201070	0.00426981256
201071	0.003620021089
201072	0.004309661578
201073	0.00747461685
201074	0.002378475753
201075	0.002330446053
201076	0.003868891936
201077	0.009727681866
201078	0.003484073923
201079	0.005981793962
201080	0.00642870674
201081	0.0006308726608
201082	0.004920519071
201083	0.007515555708
201084	0.001422019066
201085	0.001930184475
201086	0.01520014021
201087	0.004806630939
201088	0.001538329651
201089	0.006643162492
201090	0.005785572477
201091	0.01495920857
201092	0.01044008258
201093	0.000124649151
201094	0.003585803406
201095	0.006477154172
201096	0.01014489085
201097	0.006052142192
201098	0.0005340789919
201099	0.006879452822
201100	0.002304477478
201101	0.000213956533
201102	0.000103780029
201103	0.002876360342
201104	0.001171264729
201105	0.01168135402
201106	0.0026500165
201107	0.00813838148
201108	0.001336961874
201109	0.001431541985
201110	0.0005027809297
201111	0.004469636114
201112	0.002201649969
201113	0.0006785389882
201114	0.0068755922
201115	1.105216622e-08
201116	0.003972772004
201117	0.004143127986
201118	0.004006389238
201119	0.003307185025
201120	0.007419557172
201121	0.006946773121
201122	0.001745009302
201123	0.003201908008
201124	0.001064924785
201125	0.00326865619
201126	0.003502230546
201127	0.00223329413
201128	0.004184127694
201129	0.003432320111
201130	0.003805890262
201131	0.001093620695
201132	0.002839613227
201133	0.002443724326
201134	0
201135	0.005207026171
201136	0.002846837592
201137	0.009329734593
201138	0.009507864575
201139	0.0001918679265
201140	0.001748921966
201141	0.003593489313
201142	0.009093590023
201143	0.00376726186
201144	0.002217610099
201145	0.005691121235
201146	0.003299831331
201147	0.0004977281716
201148	0.002216032032
201149	0.003064238289
201150	0.001577392336
201151	0.0005508945052
201152	0.00290325988
201153	0.0001648419682
201154	0.003599372758
201155	0.003240378047
201156	0.001772598607
201157	0.001818212695
201158	0.002185712799
201159	0.003487740946
201160	0.003727724263
201161	0.002259203012
201162	0.0003488731749
201163	0.004011602906
201164	0.000901485409
201165	0.001686372782
201166	0.003174262572
201167	0.001493629788
201168	0.0003463741438
201169	0.0007290356423
201170	0.00245560119
201171	0.000619367039
201172	0.001283241479
201173	0.002210183189
201174	0.006344128786
201175	0.004009895728
201176	0.004404185262
201177	0.0009350578649
201178	0.004413037037
201179	0.004755205526
201180	0.002583004454
201181	0.00305146034
201182	0.003497690578
201183	0.0007728568791
201184	9.979796377e-05
201185	0.001299158547
201186	0.001597043554
201187	0.001305275609
201188	0.0003336079274
201189	0.001547105962
201190	0.001195378557
201191	0.006354742686
201192	0.00225543599
201193	4.717452606e-05
201194	0.0006874224664
201195	0.007157803143
201196	0.002924124248
201197	0.002327725852
201198	0.004926318508
201199	0.003965117238
201200	0.0001317121584
201201	0.001515009162
201202	0.001168876532
201203	0.002464811615
201204	0.005654627942
201205	0.001675920015
201206	0.0005091860515
201207	0.007368827959
201208	0.001750998321
201209	0.00282552122
201210	0.01003466798
201211	0.001742464823
201212	0.0003467996339
201213	0.0007700626765
201214	0.008706577877
201215	0.004395336344
201216	0.003075758941
201217	0.002012404488
201218	0.0008006192466
201219	0.0001769219444
201220	0.002248435723
201221	0.001020476352
201222	0.01139747274
201223	0.0005833196611
201224	0.004429301093
201225	0.006729240107
201226	0.002630821574
201227	0.00125307353
201228	0.007972134068
201229	0.001140441534
201230	0.003360703618
201231	0.001897040044
201232	0.0008248918545
201233	0.004461972149
201234	0.002165684726
201235	0.001284590952
201236	0.003034655928
201237	0.002752983828
201238	0.0001477374642
201239	0.002847433109
201240	0.0001376270641
201241	0.001523710425
201242	0.002333288444
201243	0.001458827635
201244	0.002543216036
201245	0.004721959463
201246	0.001207316415
201247	0.0005609863303
201248	0.001883321283
201249	0.0008716324517
201250	0.001039621296
201251	0.0005364940669
201252	0.0007654173324
201253	0.003699508458
201254	0.007038817129
201255	0.002000940086
201256	0.002167535596
201257	0.002382947877
201258	0.001308879838
201259	0.0007613950739
201260	0.006327531661
201261	0.00292526272
201262	0.003423800408
201263	0.001396795898
201264	0.001917202245
201265	0.0005038910487
201266	0.001316023441
201267	0.001097329194
201268	9.504745204e-05
201269	0.001095072049
201270	0.001399542504
201271	0.0003220825111
201272	0.0008921111813
201273	2.032056116e-06
201274	0.0004019446586
201275	1.141285113e-06
201276	0.0007902578492
201277	0.0006959534277
201278	0.0006198119585
201279	0.001374463986
201280	0.0007943234024
201281	0.0007960268202
201282	0.0005100429381
201283	0.001922006097
201284	0.0003004739043
201285	0.001111269584
201286	0.0002033909008
201287	0.001296530293
201288	0.0007920054943
201289	0.000803270458
201290	0.0003949614222
201291	0.0008867258539
201292	0.00149724854
201293	0.001576893904
201294	0.0016706397
201295	0.003638241714
201296	0.00940345648
201297	0.004859154442
201298	3.240594511e-05
201299	0.002986881819
201300	0.007656102848
201301	0.004561112156
201302	0.0008745187447
201303	2.134639378e-05
201304	0.0156047619
201305	0.0007915137805
201306	0.00236445303
201307	0.001961166912
201308	0.001562795519
201309	0.002697619449
201310	0.002452965069
201311	0.004676365681
201312	0.01766826536
201313	0.003822509629
201314	0.0007832002903
201315	0.007920463386
201316	0.0008367005812
201317	0.0027379012
201318	0.003871206556
201319	0.004817449193
201320	0.004436793067
201321	0.001786719163
201322	0.001289210839
201323	0.0001536033381
201324	0.001003414066
201325	0.005427940035
201326	0.001035770003
201327	0.001692510269
201328	0.001540319139
201329	0.0004678507719
201330	0.001459494303
201331	0.00170487557
201332	0.002763999334
201333	0.002129062486
201334	0.001107674086
201335	0.002553238714
201336	0.002262539956
201337	0.0009121960153
201338	0.0007780171229
201339	0.004226354026
201340	0.002630817085
201341	0.002054757014
201342	0.0005470322598
201343	0.003148307723
201344	0.001563488158
201345	0.002139998825
201346	0.0003528522193
201347	0.003954991385
201348	9.928159702e-05
201349	0.002931528012
201350	0.002896706321
201351	0.001197086476
201352	0.002055773395
201353	0.0001331373198
201354	0.002541191061
201355	0.0006235429111
201356	0.0009530427156
201357	0.003587730068
201358	0.007928444398
201359	0.0003162393981
201360	0.001571259385
201361	0.001378417154
201362	4.029774603e-05
201363	0.000279276131
201364	0.0003311477337
201365	0.0004756403635
201366	0.0006085847333
201367	0.0002008514515
201368	0.001417694749
201369	0.0003902565192
201370	0.001538073514
201371	0.002206040347
201372	0.0001486592779
201373	0.0004948889844
201374	0.000587992221
201375	0.00230099424
201376	0.000816242869
201377	0.001230322458
201378	0.002326234408
201379	0.001206184385
201380	0.001131817717
201381	6.604343232e-08
201382	0.0007735400105
201383	0.0007392716359
201384	0.001991137602
201385	0.002178016157
201386	0.00451789045
201387	0.0008800277071
201388	0.00668015761
201389	0.0004440242266
201390	0.002193391775
201391	0.0006993203197
201392	0.0005796473638
201393	0.004061960357
201394	0.001010182347
201395	0.00165913798
201396	0.00230946681
201397	0.002784719037
201398	0.003371547886
201399	0.0004932555344
201400	0.0002468006844
201401	0.000560837235
201402	0.004818062157
201403	0.002906922688
201404	0.005155494935
201405	0.003179668726
201406	4.337526629e-06
201407	0.00241809968
201408	0.0007388023907
201409	0.002622569784
201410	0.001490689283
201411	0.002024713468
201412	0.002733559742
201413	0.00168220859
201414	0.0004778019177
201415	0.001416022518
201416	0.0004307668195
201417	0.0002078901773
201418	0.003759062712
201419	0.001261890169
201420	0.001444234016
201421	0.001513767905
201422	0.002358462757
201423	0.001212488853
201424	0.002722490231
201425	0.001502211796
201426	3.340178653e-05
201427	9.402446911e-05
201428	0.003209060966
201429	0.004522811813
201430	0.001487844142
201431	0.002739701668
201432	0.003074992837
201433	0.0016036458
201434	0.0001889588265
201435	0.001735783319
201436	0.000686756594
201437	0.001576797493
201438	0.002022072864
201439	0.001662412937
201440	0.003198801167
201441	0.001247355145
201442	0.004350812993
201443	0.0006569931225
201444	0.003515626012
201445	0.001095903337
201446	0.001238970448
201447	8.597645442e-05
201448	0.0001720680055
201449	0.0004118674403
201450	0.001229139266
201451	0.0002861077256
201452	0.0008932721339
201453	0.0007161571181
201454	0.001177232528
201455	0.0003719050536
201456	0.001496316052
201457	0.002375930348
201458	0.005063470986
201459	0.002270438516
201460	0.001758247263
201461	0.003059286889
201462	0.0002067030319
201463	0.002484105233
201464	0.01168465658
201465	0.001418990544
201466	0.00919247469
201467	0.0006938281269
201468	0.001822495787
201469	0.000418957448
201470	0
201471	0.00516285277
201472	8.636416665e-05
201473	0.007305996412
201474	0.01204193838
201475	0.009098001956
201476	0.005928075978
201477	0.003758864845
201478	2.013097499e-06
201479	0.001141598725
201480	6.654446913e-07
201481	6.263346181e-05
201482	0.002285876129
201483	0.01593199169
201484	0.00878868772
201485	0.01037349522
201486	0.001394871904
201487	0.0004813989461
201488	0.0008528515323
201489	0.001822618285
201490	0.002173397124
201491	0.007239817528
201492	0.001496357647
201493	0.001638041807
201494	0.002616197305
201495	0.004710284369
201496	0.006330137647
201497	0.0002394283898
201498	0.01170650733
201499	0.002770962337
201500	0.006362476794
201501	0.02209071315
201502	0.0009170600705
201503	0.0007048567218
201504	0.001048291279
201505	0.001576033147
201506	0.00674887568
201507	0.003811812869
201508	0.004208587458
201509	0.002534064418
201510	0.004738837818
201511	0.01693789062
201512	0.009657908802
201513	0.01419298805
201514	0.00795158862
201515	0.005372258907
201516	0.01480852096
201517	0.01081400574
201518	0.0004629513708
201519	0.01635985243
201520	0.0004151394479
201521	0.004725191949
201522	0.0003376619319
201523	0.007929750476
201524	0.01526734239
201525	0.006344248002
201526	0.00533382633
201527	0.0126361358
201528	0.008408490927
201529	0.001046766627
201530	0.001072603896
201531	0.0001039971993
201532	0.001318619667
201533	0.006981881324
201534	0.003557327235
201535	0.005572618781
201536	1.876904829e-06
201537	2.829481701e-07
201538	4.684212636e-08
201539	6.816787233e-08
201540	1.202720849e-06
201541	5.166309589e-07
201542	0.002852595384
201543	0.0001164249945
201544	0.001845421221
201545	0.005148519825
201546	0.009357126154
201547	0.003932920523
201548	0.00273433056
201549	0.005768229949
201550	0.000570113322
201551	0.001725332148
201552	0.0009627702119
201553	0.0024848329
201554	0.004457787337
201555	0.001969748149
201556	0.001791294995
201557	0.002939466763
201558	0.002535185265
201559	0.005934252003
201560	0.0003611130206
201561	0.003386488774
201562	0.003317411163
201563	0.002929020433
201564	0.0004777458852
201565	0.004872142957
201566	0.001230544093
201567	0.001993770518
201568	0.00281294205
201569	0.004684536201
201570	0.008445127001
201571	0.006805956402
201572	0.006559194399
201573	0.009159957673
201574	0.0009045259109
201575	0.00103804908
201576	0.001656992801
201577	0.0001131808512
201578	0.0004491831434
201579	0.008103103306
201580	0.004345019165
201581	0.0005774198106
201582	0.001534255066
201583	0.001688648767
201584	0.006696584684
201585	0.002263814976
201586	0.003917547096
201587	0.0006066814853
201588	0.008370690485
201589	0.0007467127103
201590	0.009791827044
201591	0.007454379783
201592	0.001622822875
201593	0.01125761123
201594	0.0002677318627
201595	0.002529338488
201596	0.01335290931
201597	0.002064784191
201598	0.01026696729
201599	0.003202683121
201600	0.00731114942
201601	0.002087061242
201602	0.01129726095
201603	0.005887805555
201604	0.008132511023
201605	0.00331145199
201606	0.01501856988
201607	0.00650783743
201608	0.001527844714
201609	0.001743586207
201610	0.004433377866
201611	0.001161851855
201612	0.001497148729
201613	0.003526689006
201614	0.004483201997
201615	0.002275311797
201616	0.009137587197
201617	0.0003414212284
201618	0.0003273156207
201619	0.003592902984
201620	0.003483000111
201621	0.0007564221783
201622	0.003128786439
201623	0.0008598742001
201624	0.01284424144
201625	0.001647905619
201626	0.001581400429
201627	0.003936537803
201628	0.002472699931
201629	0.0003790234272
201630	0.003442640823
201631	0.007321284139
201632	0.006096573866
201633	0.004284868823
201634	0.005202946163
201635	0.007460641253
201636	0.001252933403
201637	0.005224134478
201638	0.003898703867
201639	0.007498825344
201640	0.007530989182
201641	0.005659334677
201642	0.003543955624
201643	0.006413376131
201644	0.001588480484
201645	0.007093790489
201646	0.005834357399
201647	0.006705333284
201648	0.008971121491
201649	0.01463999968
201650	0.0006391253963
201651	0.004586788136
201652	0.01271790296
201653	0.001542867354
201654	0.001240466246
201655	0.00572149517
201656	0.00596379016
201657	0.002199821981
201658	0.008355616049
201659	0.0004085260857
201660	0.008226181079
201661	0.001626408714
201662	0.002743922143
201663	0.003425028257
201664	0.01128402559
201665	0.001418034463
201666	0.001051348593
201667	0.002586079785
201668	0.001127859126
201669	0.0008267308679
201670	0.001042322647
201671	0.001264544729
201672	0.002847514574
201673	0.001488994726
201674	0.001813590317
201675	0.00459364879
201676	0.007694714659
201677	0.002203701944
201678	0.0101026539
201679	0.004515257082
201680	0.005124885696
201681	0.007754075555
201682	0.004303362926
201683	0.001819722434
201684	0.00754295575
201685	0.002363788475
201686	0.0002483512167
201687	0.003823867945
201688	0.001982775436
201689	0.0030045181
201690	0.005376913022
201691	0.003533501417
201692	0.004134428957
201693	0.01365974624
201694	0.0007749333696
201695	0.001598349189
201696	0.01038165268
201697	0.00767456156
201698	0.0008768767815
201699	0.006402698342
201700	0.0008744941576
201701	0.001028044954
201702	0.01560558402
201703	6.461553877e-05
201704	0.003132193755
201705	0.004209109411
201706	0.009740414929
201707	0.002317433336
201708	0.000413905749
201709	0.001064305147
201710	0.01097269065
201711	0.004132299706
201712	0.001142823472
201713	0.006129573677
201714	0.000877792976
201715	0.006540376223
201716	0.000731949939
201717	0.005013091174
201718	0.005538487015
201719	0.00209106214
201720	0.00167646412
201721	0.005504997443
201722	0.002285373288
201723	0.006721715864
201724	0.002071280868
201725	0.002712627631
201726	0.002140960453
201727	0.001185867729
201728	0.002368347995
201729	0.000601442769
201730	0.001096869776
201731	0.0001620337267
201732	0.006184725909
201733	0.001418677071
201734	0.006315984401
201735	2.905280098e-06
201736	0.01049384815
201737	0.004573360919
201738	0.005998780119
201739	0.0040523127
201740	0.004336370601
201741	0.006450109895
201742	0.006889520355
201743	0.006197530488
201744	0.002573197732
201745	0.000966050411
201746	0.008840141197
201747	0.005676570587
201748	0.001197734369
201749	0.00127565609
201750	0.003456966954
201751	0.01285552917
201752	0.000992246358
201753	0.002243537592
201754	0.005177736473
201755	0.000295625316
201756	0.003116327163
201757	0.000412698485
201758	0.0005976789532
201759	0.0009130440306
201760	0.004441993852
201761	0.007538240597
201762	0.01207080448
201763	0.007197489563
201764	0.002080790425
201765	0.002706712792
201766	0.003062341619
201767	0.004561713689
201768	0.004059101874
201769	0.003579106201
201770	0.002139356167
201771	0.004309553457
201772	0.001396071665
201773	0.003560666494
201774	0.002447537628
201775	0.01358940628
201776	0.01639602538
201777	0.01575939815
201778	0.02081745592
201779	0.01090651039
201780	0.004554993559
201781	0.003141358132
201782	0.003037658714
201783	0.01537175733
201784	0.003349528163
201785	0.007930032836
201786	0.007752561536
201787	0.0005692196758
201788	0.0003087742321
201789	0.009456689651
201790	0.00834605832
201791	0.0009723542774
201792	0.001844215499
201793	0.009082794068
201794	0.005589389457
201795	0.007392754984
201796	0.01043206082
201797	0.0008683386105
201798	0.01202473756
201799	0.003271471725
201800	0.002981125971
201801	0.005134380147
201802	0.0003256798723
201803	0.007223260923
201804	0.00594097632
201805	0.007508992457
201806	0.008550890344
201807	0.002767125755
201808	0.003473469941
201809	0.00441374054
201810	0.00451573839
201811	0.003713961857
201812	0.003146286585
201813	0.006396507087
201814	5.412141391e-06
201815	0.004273383188
201816	0.002997374478
201817	0.00381526918
201818	0.002125969813
201819	0.003963407436
201820	0.003556356127
201821	0.003456200011
201822	0.002700846188
201823	0.002527945734
201824	0.001662178757
201825	0.001763792323
201826	0.00245649825
201827	0.0008015629648
201828	0.005737259047
201829	0.004080518141
201830	0.003611691739
201831	0.003587575413
201832	0.002641583212
201833	0.00321591947
201834	0.002444544125
201835	0.002435749695
201836	0.004442706502
201837	0.003876602249
201838	0.003564535596
201839	0.004022200242
201840	0.004544408228
201841	0.003068342533
201842	0.003070527186
201843	0.00272321612
201844	0.003322126419
201845	0.00346351938
201846	0.003206456727
201847	0.004067449193
201848	0.002907681322
201849	0.003020361452
201850	0.00411048223
201851	0.002954825014
201852	0.005717649466
201853	0.003553673373
201854	0.002384315908
201855	0.002311940327
201856	0.002550210801
201857	0.003255800995
201858	0.004733862411
201859	0.005583327169
201860	0.003734291186
201861	0.003782784823
201862	0.0005599028934
201863	0.009330323122
201864	0.01013124337
201865	0.001440542956
201866	0.002038451042
201867	0.00318400635
201868	0.004612452159
201869	0.003710833259
201870	0.002245948714
201871	0.008481631027
201872	0.004851798472
201873	0.006956801173
201874	0.003676707434
201875	0.005990882786
201876	0.002318845206
201877	0.003376713204
201878	0.005358651303
201879	0.003937652881
201880	0.003207242822
201881	0.00418128939
201882	0.005187773924
201883	0.003109402719
201884	0.00466079104
201885	0.004199437542
201886	0.002376678079
201887	0.003784852062
201888	0.002359232267
201889	0.0035869392
201890	0.002949774804
201891	0.0007698170582
201892	0.001255334385
201893	0.003040474816
201894	0.003061691648
201895	0.01394902856
201896	0.001472167893
201897	0.004709884037
201898	0.006582832335
201899	0.003954079324
201900	0.004370240004
201901	0.0001179124098
201902	0.01035322165
201903	0.002136076767
201904	0.003360752828
201905	0.003701346108
201906	0.01091146414
201907	0.000737035179
201908	0.004197073811
201909	0.006021092694
201910	0.003922659897
201911	0.002822231195
201912	0.002975863411
201913	0.004493131166
201914	0.001684098589
201915	0.002873898625
201916	0.0005937241603
201917	0.004417852098
201918	0.001801717378
201919	0.01223124921
201920	0.01210695367
201921	4.902987081e-05
201922	0.003021491632
201923	0.003624868718
201924	0.005891441466
201925	0.002907793152
201926	0.001762304904
201927	0.002331912896
201928	0.002598462515
201929	0.004134982276
201930	0.003436822731
201931	0.001421903575
201932	0.004672164259
201933	0.008829158901
201934	0.002741089937
201935	0.002721420522
201936	0.001023685916
201937	0.00289990556
201938	0.002673914209
201939	0.0002663482592
201940	0.0008491233619
201941	0.002601502209
201942	0.00364990305
201943	0.003407262227
201944	0.003202471861
201945	0.01113989271
201946	0.002256630082
201947	0.002057904679
201948	0.008967173447
201949	0.005272260038
201950	0.003047003229
201951	0.001525581878
201952	0.007695537616
201953	0.004491791186
201954	0.004120451998
201955	0.007831789907
201956	0.0006570373368
201957	0.003407960001
201958	0.000466614475
201959	0.003880163282
201960	0.0006177323176
201961	0.001764150971
201962	0.0008717023343
201963	0.004349013748
201964	0.01011864056
201965	0.005855272062
201966	0.0002357675418
201967	0.007863857399
201968	0.003237881937
201969	0.00475240393
201970	0.0007781113884
201971	0.0005904780303
201972	0.0003407570854
201973	0.003886333261
201974	0.004355334727
201975	0.001996155529
201976	0.003846898574
201977	0.003932250997
201978	0.00101066371
201979	0.002330062676
201980	0.002433498303
201981	0.003925518194
201982	0.00366964585
201983	0.003883759146
201984	0.002717097057
201985	0.002684501224
201986	0.001221656621
201987	0.003221739252
201988	0.002855267759
201989	0.003065275083
201990	0.004422879929
201991	0.00173450146
201992	0.0004998037769
201993	0.004500639074
201994	0.008994763453
201995	0.001971265606
201996	0.002601942734
201997	0.002787241881
201998	0.001794287563
201999	0.007572751547
202000	0.003563367532
202001	0.006785187219
202002	0.003086518668
202003	0.003350124158
202004	0.001399496387
202005	0.003922550164
202006	0.002341973374
202007	0.001068130364
202008	0.002973978633
202009	0.0042570153
202010	0.002611984517
202011	0.005391177577
202012	0.004652566511
202013	0.00304737967
202014	0.003782032066
202015	0.001931000817
202016	0.003500690762
202017	0.002594205565
202018	0.004948934189
202019	0.003172513929
202020	0.003411431608
202021	0.003259703329
202022	0.003510466882
202023	0.0007979949405
202024	0.008905350618
202025	0.002135601303
202026	0.002711852029
202027	0.00373523817
202028	0.004905864913
202029	0.003689154991
202030	0.002528171017
202031	0.003208589266
202032	0.002479658324
202033	0.002475989795
202034	0.003915729601
202035	0.000413193595
202036	0.004118177534
202037	0.007263527629
202038	0.002452828246
202039	0.001880628439
202040	0.004063342917
202041	0.004675746928
202042	0.003538510792
202043	0.003562733395
202044	0.001566428232
202045	0.001724985402
202046	0.003055135748
202047	0.002535945562
202048	0.004454800416
202049	0.0008283897407
202050	0.003923612412
202051	0.001525236063
202052	0.002234378317
202053	0.002330653601
202054	0.0017561444
202055	0.002963626907
202056	0.004274330839
202057	0.003786644892
202058	0.001232450911
202059	0.004086636691
202060	0.0003139138179
202061	0.004546630747
202062	0.003548634189
202063	0.001709937462
202064	0.003162490166
202065	0.002750194349
202066	0.00338004442
202067	0.003379270988
202068	0.003997905021
202069	0.002996194504
202070	0.002057058438
202071	0.002838251222
202072	0.002821135909
202073	0.003205037752
202074	0.003937652217
202075	0.003315430007
202076	0.001144790537
202077	0.001824680468
202078	0.003095769586
202079	0.003367536533
202080	0.006053203319
202081	0.002693467203
202082	0.004011217656
202083	0.002846797487
202084	0.003888125612
202085	0.002751440408
202086	0.001890436417
202087	0.00222500589
202088	0.0006755129076
202089	0.005689929467
202090	0.003468583141
202091	0.006723984167
202092	0.003356608322
202093	0.001953462244
202094	0.002786923833
202095	0.002804901715
202096	0.003800443367
202097	0.004978589072
202098	0.003013670373
202099	0.00321763251
202100	0.003184536722
202101	0.004470165305
202102	0.003763599488
202103	0.00291966482
202104	0.005021625962
202105	0.002780203937
202106	0.003723997774
202107	0.003777342083
202108	0.002834283568
202109	0.002773134043
202110	0.003177067124
202111	0.00136475151
202112	0.002107415657
202113	0.003422121161
202114	0.00261281663
202115	0.0009714120211
202116	0.004536280314
202117	0.003359709588
202118	0.002603237407
202119	0.002913724206
202120	0.002594763387
202121	0.002274401002
202122	0.00369783556
202123	0.003005936159
202124	0.003243288582
202125	0.0006378586092
202126	0.004569571905
202127	0.00682588957
202128	0.002491535448
202129	0.003558297621
202130	0.003683164995
202131	0.003413346934
202132	0.002683509541
202133	0.005631530043
202134	0.00506238293
202135	0.00442725824
202136	0.005379336028
202137	0.001941973194
202138	0.003806584212
202139	0.003422947417
202140	0.002159343904
202141	0.001882288156
202142	0.001148459428
202143	0.002421740285
202144	0.002311726748
202145	0.002359533964
202146	0.002168286344
202147	0.001131502157
202148	0.00180508947
202149	0.002157841064
202150	0.003750831903
202151	0.003000354631
202152	0.003876413537
202153	0.008152857452
202154	0.002862956734
202155	0.004809825273
202156	0.001980107202
202157	0.003131469452
202158	0.003644324639
202159	0.002108160044
202160	0.002796513398
202161	0.00259576584
202162	0.002503635202
202163	0.003105617113
202164	0.00414168395
202165	0.003501683057
202166	0.003241777242
202167	0.003171706684
202168	0.003674155453
202169	0.003388478067
202170	0.003170450533
202171	0.00327012178
202172	0.003841482261
202173	0.001297581001
202174	0.002575694101
202175	0.006279064758
202176	0.0036291659
202177	0.002883502292
202178	0.003051334031
202179	0.00440328555
202180	0.003429765813
202181	0.0005839010575
202182	0.00288192386
202183	0.00482183675
202184	0.002301322085
202185	0.008161461636
202186	0.002844920506
202187	0.003217518774
202188	0.00577224988
202189	0.003226745518
202190	0.002365576018
202191	0.002840048219
202192	0.004489735764
202193	0.0004439320518
202194	0.003383070151
202195	0.004001028875
202196	0.00451319477
202197	0.003396486235
202198	0.002915136914
202199	0.003182089227
202200	0.003622408685
202201	0.002996240219
202202	0.001643854744
202203	0.003454779912
202204	0.004147589956
202205	0.0007627355277
202206	0.001806921555
202207	0.005435980898
202208	0.00256574166
202209	0.002171638444
202210	0.001006637979
202211	0.003966241803
202212	0.004528483871
202213	0.005706378544
202214	0.003139799898
202215	0.004799566759
202216	0.006439239203
202217	0.0006226642426
202218	0.003122791812
202219	0.003034097134
202220	0.005446297975
202221	0.002663149869
202222	0.002430136082
202223	0.004486836258
202224	0.004289729681
202225	0.002519681937
202226	0.002345922428
202227	0.004831800331
202228	0.00241165962
202229	0.003173267517
202230	0.0007198158911
202231	0.002388907645
202232	0.005823654387
202233	0.002794622057
202234	0.003578584593
202235	0.002376725447
202236	0.0002752880929
202237	0.003082728853
202238	0.001661353054
202239	0.003681197009
202240	0.003086451642
202241	0.001852171386
202242	0.0005907401856
202243	0.002318126456
202244	0.0006545421821
202245	0.003398421674
202246	0.004051671826
202247	0.004286219069
202248	0.003770537592
202249	0.00404827373
202250	0.00231765143
202251	0.005269104617
202252	0.001922078219
202253	0.003172608184
202254	0.002341525089
202255	0.00306675314
202256	0.002322653999
202257	0.003452491995
202258	0.001728592085
202259	0.001736709118
202260	0.003587255835
202261	0.005113490866
202262	0.004906510951
202263	0.0029975906
202264	0.001765230966
202265	0.002104608329
202266	0.001351217645
202267	0.002709682958
202268	0.002426878423
202269	0.001443560723
202270	0.004864059709
202271	0.003364437241
202272	0.003215228886
202273	0.00214496779
202274	0.003516793401
202275	0.0003722274129
202276	0.001845306617
202277	0.002751878594
202278	0.00462959684
202279	0.004664792847
202280	0.0009923014235
202281	0.003342360507
202282	0.002440548776
202283	0.001293483458
202284	0.000352611968
202285	0.006847804432
202286	0.006286663523
202287	0.004136327519
202288	0.0006648712308
202289	0.001961725496
202290	0.002361976313
202291	0.002934877559
202292	0.0006461951106
202293	0.003300291947
202294	0.004329489381
202295	0.003114659711
202296	0.00188094194
202297	0.002990966749
202298	0.005318858989
202299	0.003640029679
202300	0.002762592612
202301	0.003765838829
202302	0.0006396398063
202303	0.002684587265
202304	0.002558553926
202305	0.001933281432
202306	0.002055183145
202307	0.003502609733
202308	0.005198991813
202309	0.002433536371
202310	0.005078444587
202311	0.00374635096
202312	0.00357032342
202313	0.002307358424
202314	0.004723569404
202315	0.004412165999
202316	0.001887870322
202317	0.004331955411
202318	0.002043550937
202319	0.002331852741
202320	0.002766962102
202321	0.002880290732
202322	0.003526805195
202323	0.002184833124
202324	0.002028426998
202325	0.003453504822
202326	0.003967574818
202327	0.002806870371
202328	0.001733302151
202329	0.002427055661
202330	0.0037092169
202331	0.0006558081475
202332	0.003432966899
202333	0.005371236385
202334	0.006511477658
202335	0.002004429962
202336	0.002750496947
202337	0.003353286586
202338	0.003395093473
202339	0.00415032495
202340	0.01297548491
202341	0.00440245142
202342	0.007948620926
202343	0.003437472927
202344	0.00279183184
202345	0.005414098088
202346	0.002945841279
202347	0.005806931338
202348	0.004943137801
202349	0.008698266771
202350	0.0006595349231
202351	0.003226376335
202352	0.00381239511
202353	0.002578360885
202354	0.002745491342
202355	0.0003051899039
202356	0.000247632167
202357	0.002560175823
202358	0.004188280636
202359	0.002087544702
202360	0.003303423331
202361	0.003056594177
202362	0.0001505127549
202363	0.003295307209
202364	0.0006192696243
202365	0.003594943092
202366	0.002104101332
202367	0.002823489632
202368	0.00421262822
202369	0.001127409957
202370	0.00494792622
202371	0.007595984595
202372	0.002591257348
202373	0.004286627957
202374	0.001910993416
202375	0.002504167964
202376	0.003044398404
202377	0.003659081276
202378	0.0006190789055
202379	0.008412539132
202380	0.006124177264
202381	0.005343484029
202382	0.004416907484
202383	0.008390119956
202384	0.00251209945
202385	0.004989136089
202386	0.001033376865
202387	0.0001057474172
202388	0.004311370604
202389	0.004673632373
202390	0.005307707259
202391	0.006027514622
202392	0.02024995492
202393	0.006479791796
202394	0.000945295606
202395	0.0001839266786
202396	0.008757924359
202397	0.00937385267
202398	0.005449268196
202399	0.01492929437
202400	0.007414822606
202401	0.01069354779
202402	0.002875647876
202403	0.003712471137
202404	0.005831008422
202405	0.001255419518
202406	0.01049958354
202407	0.003759959456
202408	0.005088724777
202409	0.003891874407
202410	0.003975289235
202411	0.00194198865
202412	9.81819912e-05
202413	0.002319537066
202414	0.002319832179
202415	0.00219108529
202416	0.001142525934
202417	0.001289309218
202418	0.00168273333
202419	0.001434433955
202420	0.0005440953846
202421	0.00176704876
202422	0.003142488729
202423	0.001255051305
202424	0.001148739513
202425	0.006926514037
202426	0.006981579975
202427	0.0001297235689
202428	0.004477243303
202429	0.00607069748
202430	0.002016685439
202431	0.008410591951
202432	0.0006922932893
202433	0.003523914801
202434	0.001799934931
202435	0.008760881132
202436	0.0002243919333
202437	0.003598725451
202438	0.001711846208
202439	0.009538892184
202440	0.007141316211
202441	0.006091226823
202442	0.004346607076
202443	0.01025570585
202444	0.0005308295008
202445	0.009529135728
202446	0.01123469475
202447	0.0004083421112
202448	0.01083954827
202449	0.001446924851
202450	0.001479600186
202451	0.0004109667171
202452	0.0002698089048
202453	0.0006573952772
202454	0.000530315654
202455	0.00106369318
202456	0.01164754734
202457	0.002177584522
202458	0.004574688988
202459	0.005280447316
202460	0.00140706849
202461	0.007935820148
202462	0.002258806928
202463	0.01185364612
202464	0.002512488937
202465	0.001196392207
202466	0.01403908458
202467	0.002612972298
202468	0.00352978877
202469	0.005486811283
202470	0.004678482167
202471	0.00615425633
202472	9.833994238e-05
202473	0.002259881082
202474	0.007933148873
202475	0.002323322254
202476	0.006597598446
202477	0.002208025919
202478	0.001042579703
202479	0.001804711374
202480	0.00994215464
202481	0.001435931848
202482	0.004834407987
202483	0.005492154976
202484	0.001717724733
202485	0.007771739777
202486	0.0003787398007
202487	0.002463127734
202488	0.0007929312434
202489	0.002905009681
202490	0.001580587512
202491	0.002948945436
202492	0.001266060848
202493	0.0009295123964
202494	0.0001988415661
202495	0.0006118191806
202496	0.0009703618903
202497	0.001791653432
202498	0.008661258161
202499	0.003642046651
202500	0.01123795604
202501	0.00942253349
202502	0.00162805386
202503	0.004389979414
202504	0.006064856398
202505	0.0008879703611
202506	0.002289340238
202507	0.0005783649542
202508	4.72944549e-08
202509	0.0004601867707
202510	0.0006857779248
202511	0.001890472922
202512	0.004623884433
202513	0.002056014955
202514	0.001054021843
202515	0.0006228122604
202516	0.001182130981
202517	0.00852968314
202518	0.001201812348
202519	5.93913934e-07
202520	0.0002697512008
202521	0.001594010525
202522	0.00157860866
202523	0.002392075267
202524	0.002017330675
202525	0.001342002314
202526	0.002250924171
202527	1.60467238e-07
202528	0.001890075818
202529	0.008818515907
202530	0.00441414466
202531	0.002702392513
202532	0.003274169117
202533	0.0009420612096
202534	0.001289080429
202535	0.004572195797
202536	0.007817813403
202537	0.009798195032
202538	0.006959086873
202539	0.0008299711221
202540	0.007306347352
202541	0.008275809181
202542	0.0009033037165
202543	0.01101984961
202544	0.009465346107
202545	0.006771675216
202546	0.005280864719
202547	0.0006173278603
202548	0.004491094013
202549	0.003528489838
202550	0.009623823266
202551	0.003814371054
202552	0.008048422368
202553	0.001517486672
202554	0.001905680572
202555	0.005185997548
202556	0.00222110603
202557	0.004109534939
202558	0.001711183998
202559	0.001201499581
202560	0.009700560812
202561	0.002844648986
202562	0.001354774509
202563	0.0009596394707
202564	0.0001563927656
202565	0.005046587816
202566	6.140092347e-08
202567	0.0002398513669
202568	6.713167633e-08
202569	0.0009043551823
202570	0.0003967439238
202571	0.003712349248
202572	0.0003569128701
202573	0.0002833724963
202574	0.0004576705483
202575	0.0002453977144
202576	0.002227239187
202577	0.001984609831
202578	0.002892684548
202579	0.001638201463
202580	0.006243125232
202581	0.01070762584
202582	0.0005830519909
202583	0.002215244846
202584	0.001568557555
202585	0.006691700597
202586	0.0007493221765
202587	0.007189270621
202588	0.01244386441
202589	0.004217140891
202590	0.008016702254
202591	0.003898889205
202592	0.001120553308
202593	0.001137864484
202594	0.0007676986016
202595	0.0003816137308
202596	9.076899403e-07
202597	0.001117875845
202598	0.0002471310532
202599	0.0002555431421
202600	0.0005260162489
202601	0.002892605064
202602	0.0008616222374
202603	7.423320796e-05
202604	0.004360508644
202605	0.01246272273
202606	0.002602700272
202607	0.01079684887
202608	0.0008395253482
202609	0.0001065759095
202610	0.0008182639553
202611	0.004558615791
202612	0.006186569701
202613	0.01670187867
202614	0.000659750895
202615	0.001157448548
202616	0.00108559255
202617	0.001511258921
202618	0.001531840931
202619	0.001249338328
202620	0.0001728597139
202621	0.00138672057
202622	0.003376767955
202623	0.001431221675
202624	0.002839441511
202625	0.002337287776
202626	0.005409174507
202627	0.002657465243
202628	0.0002365782174
202629	0.001677998737
202630	0.0005637865374
202631	0.0003383811932
202632	0.001667464522
202633	0.003985277159
202634	0.002723341243
202635	0.003849832924
202636	0.001386188561
202637	0.000870858702
202638	0.001812369436
202639	0.0007698412693
202640	0.005841274097
202641	0.000132995554
202642	0.001683614589
202643	0.0005189849949
202644	0.0001381117807
202645	0.002110904808
202646	0.001034697251
202647	0.000207232476
202648	0.0007529110275
202649	0.001298229257
202650	0.0004771878806
202651	0.001410737654
202652	0.0002999494583
202653	0.0002253721698
202654	0.003015651049
202655	0.0001047724762
202656	0.0006203465693
202657	0.001135955543
202658	0.007048541458
202659	0.0003782007788
202660	0.004579085055
202661	0.002036128634
202662	0.005039351704
202663	0.003304716576
202664	0.0008318716525
202665	0.0002442798518
202666	0.004889346424
202667	0.001400504041
202668	0.003505525103
202669	0.0003594467309
202670	0.002754852728
202671	0.001607694642
202672	0.01048197539
202673	0.005234588619
202674	0.005749818574
202675	0.003553073835
202676	0.002827178509
202677	0.00731712919
202678	0.001059653324
202679	0.008411524089
202680	0.002662229055
202681	0.002523394418
202682	0.001583986814
202683	0.002709927062
202684	0.006605094697
202685	0.003911047005
202686	0.003841862721
202687	0.002491282289
202688	0.0007169318274
202689	0.006499448103
202690	0.001868808738
202691	0.002819252417
202692	0.006268234565
202693	0.000514907598
202694	0.005893910105
202695	0.001855697887
202696	0.0004251459141
202697	0.007091894776
202698	0.0003373877564
202699	0.0066235534
202700	0.00630605482
202701	0.00589737697
202702	0.001501786385
202703	0.006587484574
202704	0.001053927085
202705	0.006818643555
202706	0.004886899042
202707	0.001189995064
202708	0.0002276025659
202709	0.005704977393
202710	0.0003095853457
202711	0.006199208542
202712	0.01538673786
202713	0.00577635722
202714	0.007574164965
202715	0.002612179105
202716	0.0009287714133
202717	0.007298622222
202718	0.002641491289
202719	0.006002576529
202720	0.0006977200338
202721	0.0005705702371
202722	0.0007134095057
202723	0.006489580424
202724	0.004565730247
202725	0.0001840420214
202726	9.659828008e-05
202727	0.004777011467
202728	0.001018780086
202729	0.002805272147
202730	0.000583855338
202731	0.006745082733
202732	0.006047290143
202733	0.005372146438
202734	0.0003572635146
202735	0.006625559925
202736	0.006149709996
202737	0.001131292947
202738	0.003111963004
202739	0.001898757941
202740	0.00238841236
202741	0.003362945291
202742	0.000610683568
202743	0.004462557362
202744	0.0142894577
202745	0.00207868458
202746	0.008076955088
202747	0.004278427683
202748	0.002840046318
202749	0.007419165977
202750	0.001005603657
202751	0.01386222325
202752	0.002678383536
202753	0.003653467173
202754	0.0001188613186
202755	0.001862894279
202756	0.005841966987
202757	0.0009232710886
202758	0.004403580836
202759	0.002645944205
202760	0.009682103495
202761	0.003240078485
202762	0.006502176543
202763	0.003089477595
202764	0.001343816237
202765	0.009570895891
202766	0.00236120573
202767	0.003711760369
202768	0.009801886967
202769	0.002488511897
202770	0.009434397497
202771	0.003530630043
202772	0.003253192253
202773	0.0001139218995
202774	0.01178772032
202775	0.0008015780325
202776	0.00657999785
202777	0.008154692772
202778	0.001585312665
202779	0.001684771738
202780	0.002976694219
202781	0.005624669177
202782	0.006593986938
202783	0.007447162306
202784	0.001533879198
202785	0.001119349906
202786	0.003344111907
202787	0.007432259122
202788	0.003294643612
202789	0.007739505404
202790	0.0004168316538
202791	0.008110688261
202792	0.003154742209
202793	0.001783498905
202794	0.006076921038
202795	0.01413713271
202796	0.0001402848574
202797	0.01517834259
202798	0.0179180781
202799	0.004819191645
202800	0.008323883868
202801	0.002223572901
202802	0.007193463493
202803	0.008703666095
202804	0.007907257788
202805	0.01363206841
202806	0.002386793225
202807	0.003343360363
202808	0.01699544547
202809	0.007027985218
202810	0.01062962817
202811	0.01063536611
202812	0.00450965211
202813	0.003136051935
202814	0.003862171226
202815	0.01047770568
202816	0.001032500776
202817	0.005725690713
202818	0.0008767988908
202819	0.001470967972
202820	0.01340714316
202821	0.005813713239
202822	0.007914428891
202823	0.004019457644
202824	0.003929656716
202825	0.003847416862
202826	0.0008874113353
202827	0.009169721258
202828	0.002389313118
202829	0.005532686699
202830	0.02265305116
202831	0.006155684182
202832	0.001071639044
202833	0.001573818479
202834	0.0194611417
202835	0.0001634781103
202836	0.008481260182
202837	0.005896735673
202838	0.001083702364
202839	0.0004796247877
202840	0.002545223439
202841	0.001683703969
202842	0.00130050854
202843	0.001098394558
202844	0.002674073217
202845	0.01257679932
202846	0.006082936095
202847	0.00721850987
202848	0.005380671925
202849	0.004036447765
202850	0.006528122092
202851	0.01176536414
202852	0.0001448760421
202853	0.007765671611
202854	0.004477525343
202855	0.00151020641
202856	0.009973661965
202857	0.002557314834
202858	0.001926206826
202859	0.01213738442
202860	0.003737826558
202861	0.004432868473
202862	0.008569443623
202863	0.001431560832
202864	0.003036020845
202865	0.005838397666
202866	0.004229759513
202867	0.006856667416
202868	0.002048851292
202869	0.006073365576
202870	0.004531878355
202871	0.001764115955
202872	0.01068964226
202873	0.0008693846856
202874	0.0009787571794
202875	0.01540154028
202876	0.001124016722
202877	0.005336609636
202878	0.01754385966
202879	0.0003441324781
202880	0.01093961501
202881	0.007402578739
202882	0.002218505348
202883	0.0007117494899
202884	0.009524068009
202885	0.0058540181
202886	0.00425461719
202887	0.001990822992
202888	0.01739015738
202889	0.009628267114
202890	0.01184933777
202891	0.002200803365
202892	0.006334927692
202893	0.0004992085295
202894	0.0007789239753
202895	0.0007339797104
202896	0.0007298361808
202897	0.0005416418763
202898	0.01282647787
202899	0.0009784166524
202900	0.009134491905
202901	0.00155626843
202902	0.002835065692
202903	0.003347763062
202904	0.002205347756
202905	0.01355554164
202906	0.0001577478921
202907	0.01153023099
202908	0.01237048018
202909	0.005453359989
202910	0.01575175507
202911	0.0004057679299
202912	0.0003107617764
202913	0.009073205697
202914	0.007345870057
202915	0.006545128297
202916	0.002815886138
202917	0.005267873079
202918	0.006796247431
202919	0.01415899609
202920	0.006719008075
202921	0.001792430478
202922	0.0003969930435
202923	0.0005398640686
202924	0.005283907181
202925	0.008864680501
202926	0.01017526937
202927	0.001228729411
202928	0.0111487552
202929	0.00127360334
202930	0.004399058991
202931	0.004332041629
202932	0.01132027215
202933	0.0004253902728
202934	0.01022293867
202935	0.007529140341
202936	0.004465235527
202937	0.001010147768
202938	0.01253063956
202939	0.007495849715
202940	0.01839093314
202941	0.003846523354
202942	0.009174560465
202943	0.01173126078
202944	0.004589869952
202945	0.008304036332
202946	0.001029330584
202947	0.002091746704
202948	0.0004153338321
202949	0.002443541409
202950	0.001831140191
202951	0.004517179399
202952	0.0002463099821
202953	0.008082619454
202954	0.0005215621718
202955	0.005415707713
202956	0.01162692073
202957	0.007278639298
202958	0.002303012109
202959	0.00217069523
202960	0.01411602802
202961	0.0006161875582
202962	0.003493714914
202963	0.001142088995
202964	0.005843910185
202965	0.000310615013
202966	0.008519831889
202967	0.002503228831
202968	0.005515438246
202969	0.004240782448
202970	0.007176905362
202971	0.009589056163
202972	0.001781995273
202973	0.005482646298
202974	0.003559962449
202975	0.008241069823
202976	0.01667672162
202977	0.0008182733352
202978	0.00332635109
202979	0.009320400744
202980	0.0005841140406
202981	0.0001579765353
202982	0.001959486967
202983	0.003101962049
202984	0.0003162878379
202985	0.002171237601
202986	0.004191212973
202987	0.01073303094
202988	0.004885745705
202989	0.004335597774
202990	0.008307084891
202991	0.0008732361459
202992	0.004264851945
202993	0.0025724784
202994	0.003975262463
202995	0.002494666274
202996	0.008468192994
202997	0.01146759965
202998	0.000336744191
202999	0.004662450355
203000	0.0009294727827
203001	0.009063274585
203002	0.01070333471
203003	0.005438665821
203004	0.002107720215
203005	0.008098096962
203006	0.003237619747
203007	0.001095809738
203008	0.004674434618
203009	0.008942740643
203010	0.008205460775
203011	0.007792910627
203012	0.001898953396
203013	0.001475708856
203014	0.01191919041
203015	0.00350884117
203016	0.008850030752
203017	0.002513674032
203018	0.001048468103
203019	0.01531042042
203020	0.003400719581
203021	0.01125194977
203022	0.0002495643506
203023	0.0002260077034
203024	0.01025123599
203025	0.01020262497
203026	0.005594171102
203027	0.002821791233
203028	0.00790750435
203029	0.001707468803
203030	0.0002385754113
203031	0.003918357209
203032	0.002922513072
203033	0.006361446608
203034	0.01474104925
203035	0.01085871591
203036	0.006884600603
203037	0.002859430187
203038	0.005587362037
203039	0.0001387488107
203040	0.01344289459
203041	0.0008661417027
203042	0.00261944155
203043	0.0003078232977
203044	0.01028775391
203045	0.003527636711
203046	0.005821636772
203047	0.007018982543
203048	0.0003318729471
203049	0.006243917213
203050	0.003743083578
203051	0.00399574381
203052	0.001407507265
203053	0.003650781712
203054	0.005963571675
203055	0.009343778635
203056	0.0008250533897
203057	0.007531633551
203058	0.007967632443
203059	0.001828038774
203060	8.13620485e-05
203061	0.002212257052
203062	0.01110974271
203063	0.00713629005
203064	0.004793635615
203065	0.004499082319
203066	0.01011976789
203067	0.007786242525
203068	0.003217100097
203069	0.003338217284
203070	0.002754171828
203071	0.00113770558
203072	0.002176956082
203073	0.0009124606827
203074	0.0006870958077
203075	0.00286003818
203076	0.0001161894757
203077	0.001026423249
203078	0.0003446417346
203079	0.002052295705
203080	0.002645546441
203081	0.00147312352
203082	2.82680249e-07
203083	0.0009014358248
203084	1.388086111e-06
203085	0.01282501877
203086	0.004406306857
203087	0.0123111009
203088	0.003324070473
203089	0.004822967419
203090	0.0151797088
203091	0.002718030408
203092	0.002878715927
203093	0.00727794264
203094	0.01224536439
203095	0.004815330842
203096	0.002738632108
203097	0.007363850686
203098	0.004956009757
203099	0.008623376949
203100	0.00554342333
203101	0.003619577973
203102	0.01032103882
203103	0.002800293582
203104	0.01317526949
203105	0.01260957823
203106	0.008034734016
203107	0.01020771812
203108	0.008936260132
203109	0.008723710627
203110	0.007808427025
203111	0.006611224704
203112	0.01631976823
203113	0.000677842469
203114	0.004650647202
203115	0.001006765937
203116	0.006251700766
203117	0.01393796725
203118	0.004453434266
203119	0.005580575695
203120	0.002117109598
203121	0.007285576639
203122	0.004370858143
203123	0.005045882339
203124	0.007390008086
203125	0.001365779587
203126	0.00652444712
203127	0.004685144753
203128	0.003728308414
203129	0.002483336449
203130	0.001288918691
203131	0.00200102271
203132	0.0005512521211
203133	0.0002857094095
203134	0.004745574925
203135	0.002303300219
203136	0.00082435882
203137	0.0007655660342
203138	0.001454427136
203139	0.0009449418626
203140	0.003398702041
203141	0.007900013635
203142	0.001805692289
203143	0.002679976402
203144	0.002377934789
203145	0.0008748130513
203146	0.0007525911622
203147	0.000356585451
203148	0.004337737318
203149	0.01124621586
203150	0.01377155234
203151	0.006990963477
203152	0.006957083258
203153	0.008706435844
203154	0.001860234545
203155	0.003927723391
203156	0.005210948774
203157	0.01031469062
203158	0.005817875134
203159	0.01573151389
203160	0.00446240025
203161	0.001107878615
203162	0.001204039112
203163	0.0003773266896
203164	0.0001436894226
203165	0.0006862739932
203166	0.002520217
203167	0.004445392092
203168	0.004965330244
203169	0.001473908401
203170	0.00632237599
203171	0.00640793621
203172	0.01448497796
203173	0.007826031387
203174	0.002508028372
203175	0.001469209267
203176	0.002458628567
203177	0.01192755294
203178	0.009145603162
203179	0.0001382754814
203180	0.002771697499
203181	0.002622957005
203182	0.0004418347403
203183	0.002200981711
203184	0.0008173343403
203185	0.002259908879
203186	0.007120081314
203187	0.004205822456
203188	0.008212434492
203189	0.002278238676
203190	0.001866344571
203191	0.001856494314
203192	0.001173578688
203193	0.01280101741
203194	0.007427166555
203195	0.01596095281
203196	0.004278316031
203197	0.002988381688
203198	0.005401243032
203199	0.006942780351
203200	0.006082186349
203201	0.005910584418
203202	0.006478606813
203203	0.005442706985
203204	0.01009184487
203205	0.004533866893
203206	0.005085320091
203207	0.003853631181
203208	0.005389760764
203209	0.005982164773
203210	0.00230900009
203211	0.01058613308
203212	0.002826020471
203213	0.001581369997
203214	0.004819911784
203215	0.009640730783
203216	0.01255734236
203217	0.004272680244
203218	0.00037047033
203219	0.00318121703
203220	0.00281319652
203221	0.002293269332
203222	0.001357198757
203223	0.001718521259
203224	0.002698757177
203225	0.00134770678
203226	0.0007566568799
203227	0.00905608658
203228	0.006888007824
203229	0.008324411669
203230	8.574331193e-05
203231	0.002165845551
203232	0.01764915845
203233	0.001147720507
203234	0.01063340426
203235	0.009886854647
203236	0.00190172936
203237	0.002877086606
203238	0.004276261283
203239	0.001832231415
203240	0.003999289553
203241	0.001126920864
203242	0.0004452737814
203243	0.00344950179
203244	0.008978791324
203245	0.01294335505
203246	0.002176126924
203247	0.0097263009
203248	0.006183559443
203249	0.006581987762
203250	0.002437167546
203251	0.001078121687
203252	0.004337292621
203253	0.01153469946
203254	0.001005135815
203255	0.000589042652
203256	0.005362915462
203257	0.0002559649369
203258	0.01112245183
203259	0.007035758372
203260	0.007268879981
203261	0.007191097593
203262	0.004954531654
203263	0.01436948543
203264	0.002713022177
203265	0.00298169081
203266	0.0001476037216
203267	0.01023015594
203268	0.0006678137995
203269	0.00217296802
203270	0.005388161273
203271	0.006698430612
203272	0.002830608517
203273	0.001409675966
203274	0.007665153058
203275	0.002394624418
203276	5.266019913e-05
203277	0.001149997496
203278	0.007043490421
203279	0.006900284749
203280	0.001181094541
203281	0.005145587136
203282	0.004587060814
203283	0.0009646758639
203284	0.006506716214
203285	0.005378250028
203286	0.0009380694779
203287	0.006097792321
203288	0.003281711663
203289	0.01720040523
203290	0.002946824293
203291	0.006804602128
203292	0.009813405298
203293	0.009342596885
203294	0.006041193705
203295	0.001789811339
203296	0.005634474409
203297	0.005692079561
203298	0.006532052674
203299	0.006201744757
203300	0.004317918883
203301	0.009476168818
203302	0.001174083794
203303	3.954662776e-06
203304	0.001977032509
203305	0.0022317768
203306	0.006498468278
203307	0.002296034197
203308	0.004708603015
203309	0.0004539441783
203310	0.001770921749
203311	0.00612534909
203312	0.004932836383
203313	0.002508256182
203314	0.006172758635
203315	0.002086038906
203316	0.0003980288576
203317	0.0008182258442
203318	0.002621532909
203319	0.005925209556
203320	0.00678498174
203321	0.000602817811
203322	0.004916827664
203323	0.005627133642
203324	0.001581120133
203325	0.002230510279
203326	0.001038545874
203327	0.0006180474461
203328	0.001516742212
203329	0.00818393305
203330	0.00482813878
203331	0.0001233311946
203332	0.007902989776
203333	0.003989894468
203334	0.002891432126
203335	0.002871976934
203336	0.006674542818
203337	0.0005524311724
203338	0.01379254887
203339	0.004798207556
203340	0.001199151561
203341	0.01058837762
203342	0.002250680829
203343	0.001468704267
203344	0.002474048054
203345	0.009986463377
203346	0.004083642626
203347	0.007170120865
203348	0.001834000182
203349	0.003537510932
203350	0.002276957484
203351	0.004415782116
203352	0.001150991667
203353	0.003955159194
203354	0.001171032657
203355	0.000407501452
203356	0.006105035938
203357	0.00301490869
203358	0.001626281158
203359	0.0016942178
203360	0.0004762121662
203361	0.007670906537
203362	0.001210646817
203363	0.004629159556
203364	0.003545462303
203365	0.0007122467722
203366	0.0006248205281
203367	0.002547531594
203368	0.0002685608936
203369	0.0006481925589
203370	0.006795024836
203371	0.0004217941869
203372	0.001364704821
203373	0.005566580484
203374	0.0004183381731
203375	0.007962942136
203376	0.001319797927
203377	0.001689477758
203378	0.00353114441
203379	0.001663999584
203380	0.00527084007
203381	0.0237714801
203382	0.0003653860855
203383	0.00192845329
203384	0.00579276715
203385	0.003133395477
203386	0.00107369571
203387	0.001464800266
203388	0.003003038822
203389	0.005690183915
203390	0.001537729425
203391	0.0006124813922
203392	0.000591742249
203393	0.003657029105
203394	0.005752417089
203395	0.01194125459
203396	0.0001866761006
203397	0.001217465962
203398	0.003278527284
203399	0.002136657568
203400	0.005971094724
203401	4.06175344e-05
203402	0.0001935626068
203403	0.002646606597
203404	0.001540236275
203405	0.003669613646
203406	0.001606827231
203407	0.001650320814
203408	0.0009446014045
203409	0.005075982105
203410	0.0009834715574
203411	0.002050191985
203412	0.0003184128087
203413	0.006929615304
203414	0.001527395228
203415	0.003640617062
203416	0.0007920277293
203417	0.001407265062
203418	0.003330838746
203419	0.01951473897
203420	0.003560206033
203421	0.0023091736
203422	0.001142769888
203423	5.479124501e-05
203424	0.002397719374
203425	0.009804719198
203426	0.0009979807277
203427	4.196997812e-05
203428	0.003327171127
203429	0.001143613972
203430	0.002785758103
203431	0.02744947959
203432	0.007400763
203433	0.008664109626
203434	0.001558204612
203435	0.003220470656
203436	2.118245083e-05
203437	0.005929078188
203438	0.002962822015
203439	0.004791021807
203440	0.001391030867
203441	0.001902005424
203442	0.002343372266
203443	0.005089259672
203444	0.002915307957
203445	0.003024022032
203446	0.001769906553
203447	0.003728321883
203448	0.003404904256
203449	0.00210731909
203450	0.00148798749
203451	0.001173586364
203452	2.408667103e-05
203453	0.0006284104337
203454	0.002788772416
203455	0.009560144125
203456	0.0003017348655
203457	0.01181627253
203458	0.0112829614
203459	0.005533728912
203460	0.004800155231
203461	0.006610844462
203462	0.001882224083
203463	0.001712834232
203464	0.003462899719
203465	0.001137099056
203466	0.004099888212
203467	0.000698091646
203468	0.004854849574
203469	0.005964731907
203470	0.0003922242081
203471	0.0005469023117
203472	0.0005996285665
203473	0.003351672215
203474	0.003725103163
203475	0.004986079258
203476	0.001772660869
203477	0.001590549917
203478	0.0001712859528
203479	0.004150139316
203480	0.001625596535
203481	0.00173666628
203482	0.004147398739
203483	0.002172734233
203484	0.001077246664
203485	0.001280272133
203486	0.0006511464172
203487	0.001804040645
203488	0.001824994983
203489	0.008749723602
203490	0.0007912883685
203491	0.002983847314
203492	0.001995418601
203493	0.0005883365543
203494	0.001236510107
203495	0.003922886601
203496	0.003531702447
203497	0.007036036515
203498	0.002753048091
203499	0.00955129184
203500	0.009775174308
203501	0.006973965676
203502	0.008073246032
203503	0.01264038612
203504	0.00326660318
203505	0.003902923756
203506	0.0001958847571
203507	0.004488737227
203508	0.009860177467
203509	0.007292679025
203510	0.002224437118
203511	0.01101494524
203512	0.007373116144
203513	0.002681031526
203514	0.002512958353
203515	0.001750679569
203516	0.008503417248
203517	0.001973601151
203518	0.002755036576
203519	0.004450146372
203520	0.002084963369
203521	0.001278224356
203522	0.002771436687
203523	0.007011141729
203524	0.003056668586
203525	0.00453491851
203526	0.0008740483902
203527	0.002228978662
203528	0.01127024018
203529	0.007158658775
203530	0.001280026259
203531	0.001967216517
203532	0.003562534285
203533	0.007761732938
203534	0.002814436565
203535	0.003589976156
203536	0.001731574214
203537	0.001532708091
203538	0.000719559341
203539	0.01668756214
203540	0.003895532179
203541	0.001613582577
203542	0.009528728278
203543	0.001432382562
203544	0.001136780452
203545	0.003204797224
203546	0.005690832023
203547	0.001211387081
203548	0.005674916439
203549	0.01154062543
203550	0.0002295087422
203551	6.344806128e-05
203552	0.0005863974791
203553	0.002724419994
203554	0.00020915965
203555	0.0007767926107
203556	0.003489682511
203557	0.01062164395
203558	0.001350603999
203559	9.510921971e-05
203560	0.001653459692
203561	0.01008107744
203562	0.0006994057268
203563	0.0002594879785
203564	0.001309038728
203565	0.002374594945
203566	0.001361488544
203567	0.002164345241
203568	0.005361374833
203569	0.002701213958
203570	0.007752231358
203571	0.002318452404
203572	0.001600862673
203573	0.003362793481
203574	0.005216352398
203575	0.002947756695
203576	0.003798097377
203577	0.004249530486
203578	0.0009252189438
203579	0.001451318991
203580	0.0006813669544
203581	0.0009046519987
203582	0.003925577581
203583	0.001318950529
203584	0.0006068234539
203585	0.0005326924413
203586	0.0008939057837
203587	0.002018120736
203588	0.001271278558
203589	0.0003018040412
203590	0.002597521484
203591	0.006013337248
203592	0.001545065797
203593	0.001348692125
203594	0.002296155355
203595	0.003832577753
203596	0.0003583984712
203597	0.001666423883
203598	0.0009311465905
203599	0.0006718564432
203600	0.006722810318
203601	0.0011571204
203602	0.002204751087
203603	0.003302700604
203604	0.001861292439
203605	0.001024851245
203606	0.0007719139712
203607	0.006017611853
203608	0.001754746276
203609	0.0004775497289
203610	0.003063865235
203611	0.00106987915
203612	0.0003555403669
203613	0.009738240754
203614	0.003136312701
203615	0.003356204991
203616	0.006088549408
203617	0.002874602794
203618	0.000268820958
203619	0.001162471582
203620	0.001732364409
203621	0.001768605009
203622	0.001271573573
203623	0.007145269823
203624	0.006557827983
203625	0.005824091101
203626	0.004009689882
203627	0.001270984427
203628	0.001973593854
203629	0.01930885529
203630	0.0101367393
203631	0.001615447249
203632	0.001214242007
203633	0.002522559397
203634	0.002081495259
203635	0.002287956589
203636	0.003334436868
203637	0.002351666013
203638	0.0001259806017
203639	0.0001497004099
203640	0.0003611266808
203641	0.0007215529498
203642	0.006815066535
203643	0.004998169077
203644	0.000701233097
203645	0.0038969613
203646	0.001098764589
203647	0.003006385087
203648	0.002287626309
203649	0.008533824905
203650	0.0006581293503
203651	0.001830078774
203652	0.0001560782858
203653	0.002068929552
203654	0.002252050785
203655	0.000224973709
203656	0.003150606279
203657	0.001008086923
203658	0.001122865611
203659	0.001458511693
203660	0.001441671083
203661	0.0008341322869
203662	0.002615832492
203663	0.002916655211
203664	0.004817759912
203665	0.001455462913
203666	0.0003968230626
203667	0.0003181077938
203668	0.0008626809954
203669	0.002605831858
203670	0.0003669878037
203671	0.001339271049
203672	0.0006262163828
203673	0.001035932712
203674	0.005939314849
203675	0.0021152052
203676	0.009119282556
203677	0.002560470512
203678	0.01010374443
203679	0.001093099059
203680	0.008955374621
203681	0.002781291366
203682	0.001881745293
203683	0.003638574245
203684	0.003452571254
203685	0.009673073089
203686	0.002345880921
203687	0.002499922011
203688	0.0001422648169
203689	0.0005962467634
203690	0.003152493753
203691	0.01138625916
203692	0.0004801659128
203693	0.004025403153
203694	0.003019998858
203695	0.008749602186
203696	0.005478607122
203697	0.0001743017258
203698	0.01104969794
203699	0.003381252566
203700	0.003219362897
203701	0.009225321022
203702	0.01740954719
203703	0.005037722947
203704	0.001248397386
203705	3.565373674e-05
203706	0.002298005882
203707	0.0008636158692
203708	0.006391925111
203709	0.01490089545
203710	0.001701682165
203711	0.001525331478
203712	0.003140941465
203713	0.004934695547
203714	0.002102299418
203715	0.0007728397408
203716	0.008096558509
203717	0.004821146219
203718	0.007819175014
203719	0.001968085335
203720	0.005514377403
203721	0.0005256416724
203722	0.0007731509523
203723	0.003133998136
203724	0.0005386289818
203725	0.008021859354
203726	0.0007328962925
203727	0.003404903157
203728	2.229077747e-07
203729	0.006070850886
203730	0.002903817604
203731	0.009362204596
203732	0.02563263953
203733	0.002905980112
203734	0.0007057422629
203735	0.0006299817618
203736	0.0005933540831
203737	0.003738829094
203738	0.0009473553864
203739	0.002584084752
203740	0.003764710978
203741	0.0005140907361
203742	0.003982562377
203743	0.0001832067412
203744	0.004071138956
203745	0.0007923718887
203746	0.0005418127203
203747	0.00372071077
203748	0.001966144261
203749	0.001005973457
203750	0.002580278119
203751	0.001553468495
203752	0.01049067803
203753	0.0251683104
203754	0.0003255487697
203755	0.002347628148
203756	0.001630598107
203757	0.0001256607322
203758	0.001240474969
203759	0.003381647413
203760	0.004256825961
203761	0.00468165192
203762	0.003110492341
203763	0.0009407845441
203764	0.006021513804
203765	0.002043217607
203766	0.0006316662559
203767	0.004434752568
203768	0.000323352594
203769	0.003077383785
203770	0.006867184913
203771	0.0002538714196
203772	0.004539756205
203773	0.002768214942
203774	0.002361110851
203775	0.0007395852147
203776	0.002470435754
203777	0.002869549143
203778	0.00482191973
203779	0.001763375051
203780	0.0004970417882
203781	0.004049804488
203782	0.002884370891
203783	0.001084466585
203784	0.0008915137705
203785	0.001912719147
203786	0.006492301432
203787	0.001363593618
203788	0.002216962091
203789	0.0001003506785
203790	0.001292067143
203791	0.001845655024
203792	6.109391007e-05
203793	0.003998265444
203794	0.003408545099
203795	0.0002084450498
203796	0.003863397949
203797	0.003402851318
203798	0.003598515159
203799	0.007162547717
203800	0.002026755641
203801	0.004601863372
203802	0.001529324902
203803	0.0005149172244
203804	0.002881604595
203805	0.002354372024
203806	0.001342564006
203807	7.044225867e-05
203808	0.0006576073117
203809	0.0005925882806
203810	0.001369550659
203811	0.00118672131
203812	0.0007702297802
203813	0.001776295644
203814	0.001966187524
203815	7.747262352e-05
203816	0.01749453638
203817	0.00392490526
203818	0.001795832188
203819	9.226856616e-06
203820	0.002971883337
203821	0.002484582257
203822	0.005145297811
203823	0.003370640675
203824	0.003630597004
203825	0.003164611121
203826	0.000972211628
203827	0.0006622040079
203828	0.001545428132
203829	0.001630412015
203830	3.105535842e-05
203831	0.002184015531
203832	0.001037770973
203833	0.005196254052
203834	0.008171198163
203835	0.001205088555
203836	0.003725466271
203837	0.003435255436
203838	8.055717905e-05
203839	0.002781859515
203840	0.006507200084
203841	0.003167920605
203842	0.0153099745
203843	0.002248010106
203844	0.006104464819
203845	0.007496508579
203846	0.01175775611
203847	0.001433283592
203848	0.005536689428
203849	0.007263339501
203850	0.00100190843
203851	0.000114046272
203852	0.0001110812033
203853	0.01115149315
203854	0.001655794978
203855	0.0005127359732
203856	0.004968831594
203857	0.001719311282
203858	0.001076188321
203859	0.002113797319
203860	0.0004153094989
203861	0.00465231541
203862	0.009946169243
203863	0.005053491184
203864	0.000309779683
203865	0.006280341515
203866	0.003348126213
203867	0.001253028026
203868	0.0007210904539
203869	0.006348688657
203870	0.0008001517109
203871	0.01347574892
203872	0.01196886632
203873	0.00278177874
203874	0.003874668995
203875	0.003345513588
203876	0.003014554907
203877	0.008196410981
203878	0.007709858964
203879	0.005768931866
203880	0.0004571422349
203881	0.0007131216206
203882	0.001624682029
203883	0.01076673957
203884	0.0001813077743
203885	0.0003134625199
203886	0.0005621060895
203887	0.01935385256
203888	0.0005409900795
203889	0.003281993851
203890	0.001515515114
203891	0.001019583878
203892	0.005002250643
203893	0.002850011122
203894	0.001970239695
203895	0.001635926245
203896	0.00310984965
203897	0.0009793714435
203898	0.008199628012
203899	0.01411889845
203900	0.006511323513
203901	0.01031473481
203902	0.00103682915
203903	0.008763831845
203904	0.001828030347
203905	0.005624278695
203906	0.01282038813
203907	0.003859560031
203908	0.001694014204
203909	0.0003434284128
203910	0.003425059864
203911	0.002449651797
203912	0.0124002645
203913	0.0003503106364
203914	0.007001886037
203915	0.0008652694705
203916	0.00654581618
203917	0.003864389191
203918	0.002387084929
203919	0.007880891808
203920	0.002426765962
203921	0.01243020946
203922	0.01228299224
203923	0.003250836851
203924	0.005387300617
203925	0.004603810917
203926	0.002291180027
203927	0.001968040854
203928	0.004168031157
203929	0.00228027282
203930	0.0001614937368
203931	0.008420727953
203932	0.004402734755
203933	0.0008692366967
203934	0.001405559164
203935	0.0007190755721
203936	0.001621216075
203937	0.003769067941
203938	0.004574962129
203939	0.002990092431
203940	0.001075125649
203941	0.004854997065
203942	0.002054134027
203943	0.001029236077
203944	0.001961566895
203945	0.003254862723
203946	0.0006048441273
203947	0.001190485832
203948	0.005126459673
203949	0.01220677885
203950	0.0008677812192
203951	0.00406048249
203952	0.008518160606
203953	0.0001152707679
203954	0.0002875891825
203955	0.001243083783
203956	0.00295542552
203957	0.005802231596
203958	0.004394400417
203959	6.317698767e-05
203960	0.003589083193
203961	0.002146468967
203962	0.001872027969
203963	0.006498665782
203964	0.001443156024
203965	0.0010161676
203966	0.001487472321
203967	0.006361778717
203968	0.006962446435
203969	0.0009983819393
203970	0.003385540961
203971	0.0003803282728
203972	0.00255640849
203973	0.000594053878
203974	0.001631763165
203975	0.003342792425
203976	0.00498637183
203977	0.005512912986
203978	0.0003472557464
203979	0.0008675046004
203980	0.0005885430126
203981	0.001509956291
203982	0.0009378195347
203983	0.002544356931
203984	0.0008085841434
203985	0.006865538659
203986	0.002657284871
203987	0.001077575025
203988	0.001426502125
203989	0.002666618049
203990	0.0004583428395
203991	0.0015239315
203992	0.0004581561907
203993	0.002554107559
203994	0.008264535514
203995	0.002154236671
203996	0.0007347631428
203997	0.0003924802728
203998	0.001179846861
203999	0.002990809358
204000	0.001094774627
204001	0.0003587341889
204002	0.007922697871
204003	0.0005604455983
204004	0.003523148351
204005	0.002655785482
204006	0.003459058557
204007	0.00121578451
204008	0.004330974523
204009	0.002718992441
204010	0.007716563598
204011	0.004719426608
204012	0.007965410074
204013	0.004554180951
204014	0.000393665737
204015	0.0003737500726
204016	0.003827035459
204017	0.003202964458
204018	0.00106896251
204019	0.003259387283
204020	0.004503248469
204021	0.0005467297442
204022	0.002857294912
204023	0.0004078200695
204024	0.002282385483
204025	0.0006226106467
204026	0.002564151468
204027	0.000236203539
204028	0.001868569232
204029	0.003906200995
204030	0.0007992473691
204031	0.002348724203
204032	0.001830627769
204033	0.006991247414
204034	0.006135050701
204035	0.001270328617
204036	0.0008263524912
204037	0.001747640662
204038	0.003612525519
204039	0.0001068853622
204040	0.0004119310968
204041	0.002804822216
204042	0.002789514009
204043	0.006799355725
204044	6.549223838e-05
204045	0.004071944667
204046	0.0007535681744
204047	0.003323469172
204048	0.001082824214
204049	0.0001305211342
204050	0.001973743705
204051	0.001890047537
204052	0.003018308491
204053	0.0014177961
204054	0.002111875443
204055	0.001986002848
204056	0.003357742518
204057	0.001815840357
204058	0.001903135261
204059	0.00303948949
204060	0.009977932325
204061	0.0005214226715
204062	0.01279680427
204063	0.001310536431
204064	0.0008443113471
204065	0.0002986064748
204066	0.0008498192318
204067	0.0004599355711
204068	0.00386721774
204069	0.004821711315
204070	0.003030681663
204071	0.009698052358
204072	0.007740683457
204073	0.003774079609
204074	0.007774750052
204075	0.003552271522
204076	0.007980117643
204077	0.007323274015
204078	0.003482014408
204079	0.001660494307
204080	0.007029300009
204081	0.004428482133
204082	0.002526961024
204083	0.003175650126
204084	0.007934390795
204085	0.001890942363
204086	0.01297922163
204087	0.00288183426
204088	0.003506457202
204089	0.005556973386
204090	0.001504717425
204091	0.01069368681
204092	0.004782788794
204093	0.003423167925
204094	0.001841846059
204095	0.003322462368
204096	0.002150906967
204097	0.008259471869
204098	0.001251864746
204099	0.00421027457
204100	0.001676526967
204101	6.094722942e-05
204102	0.01409296014
204103	0.000649523342
204104	0.005670508631
204105	0.01143981231
204106	0.006344035912
204107	0.004904075234
204108	0.001917955208
204109	0.008332767979
204110	0.01620331803
204111	0.00847848192
204112	0.001740671313
204113	0.001053747326
204114	0.003790897125
204115	0.002725549749
204116	0.003183984802
204117	0.01035235263
204118	0.001017758421
204119	0.001256154738
204120	0.0009601535674
204121	0.001584651041
204122	0.001113265618
204123	0.002707574945
204124	0.002117227601
204125	0.002308222347
204126	0.003739640997
204127	0.0009828432898
204128	0.0002459584692
204129	0.0004652666738
204130	0.002014957412
204131	0.005564394456
204132	0.001682712563
204133	0.003379614144
204134	0.002008118224
204135	0.00273251267
204136	0.01197157801
204137	0.005323096648
204138	3.678900455e-05
204139	0.001545634791
204140	0.002194806322
204141	0.002865827748
204142	6.754800885e-06
204143	0.001462420372
204144	0.001624380659
204145	0.00296863114
204146	0.001354908556
204147	0.001308212423
204148	0.008054406316
204149	0.003227979039
204150	0.002869896724
204151	0.002903286679
204152	0.001728389319
204153	0.01116459684
204154	0.004429791077
204155	0.002814394908
204156	0.01010901456
204157	0.002256025279
204158	8.808861527e-05
204159	0.003888864284
204160	0.002353818555
204161	0.0008930862241
204162	0.0002839759748
204163	0.000812753844
204164	0.001538750193
204165	0.0009193645452
204166	0.00136813053
204167	0.004867216333
204168	0.001204199908
204169	0.0008201227607
204170	0.0008163142262
204171	0.004083608736
204172	0.002286980239
204173	0.00104563582
204174	0.007912302571
204175	0.0003978619569
204176	0.001214942724
204177	0.004030166277
204178	0.002089183224
204179	0.000554597728
204180	0.004405726257
204181	0.0008593804385
204182	0.003951188701
204183	0.003779061748
204184	0.001415137139
204185	0.005904052445
204186	0.009538941796
204187	0.008449736951
204188	0.003785967994
204189	0.000457340928
204190	2.915595013e-05
204191	0.001889407762
204192	0.001362942908
204193	0.006665949995
204194	0.004653524974
204195	0.001085932477
204196	0.000517912606
204197	0.001972374919
204198	0.0006909470372
204199	0.004019473631
204200	0.0001837636027
204201	0.0001251295558
204202	0.0008085657904
204203	0.0008401708141
204204	0.01021652355
204205	0.004215085107
204206	0.001691636313
204207	5.366361746e-05
204208	0.002231917946
204209	0.006159670811
204210	0.000549664058
204211	2.467070564e-05
204212	0.00082228429
204213	0.001443513044
204214	0.001659895512
204215	0.002407446352
204216	0.001203594912
204217	0.000223431927
204218	0.003066955093
204219	0.003454042751
204220	0.001517014561
204221	0.001354154514
204222	0.002722065402
204223	0.003543238793
204224	0.005437700659
204225	0.0009968363505
204226	0.001563718824
204227	0.002446217275
204228	0.003631350695
204229	0.0001264422648
204230	0.0004383292592
204231	0.006508439414
204232	0.004441273194
204233	0.003912518629
204234	0.001873986202
204235	0.0006597519228
204236	0.001663966239
204237	0.00606711286
204238	0.001073415324
204239	0.004880062582
204240	0.006548154158
204241	0.0005046309567
204242	0.002817218901
204243	0.003221404481
204244	0.0007008929834
204245	0.00481503335
204246	0.004235498539
204247	0.0006924335038
204248	0.0001461186095
204249	0.00166605967
204250	0.001989451797
204251	0.002199244605
204252	0.003216635257
204253	0.001362886867
204254	0.002949661977
204255	0.00371378446
204256	0.005036187508
204257	0.006473135712
204258	0.0116521224
204259	0.007763616504
204260	0.008346285688
204261	0.002200744817
204262	0.003385229934
204263	0.00232964382
204264	0.0007686298523
204265	0.002718833289
204266	0.003933156918
204267	0.0009991424512
204268	0.007749140609
204269	0.006725774264
204270	0.002356987961
204271	0.01035755523
204272	0.001980832528
204273	0.01076815283
204274	0.000321670838
204275	0.003165802419
204276	0.0008293679825
204277	0.0003371684426
204278	0.006415228253
204279	0.0005235012063
204280	0.000526915418
204281	4.725144456e-05
204282	0.0005682444752
204283	0.001402827623
204284	0.00341393307
204285	0.001008692813
204286	0.009432849175
204287	0.006147041375
204288	0.0002123806586
204289	0.0007394544128
204290	0.003804014611
204291	4.573474059e-05
204292	0.005103015048
204293	0.006676719758
204294	0.002002697197
204295	0.004927625137
204296	0.001606525124
204297	0.001891616256
204298	0.007028422264
204299	0.001400235489
204300	0.001044004143
204301	0.001484424405
204302	0.0003730039528
204303	0.001599709419
204304	0.005138184051
204305	0.006425824212
204306	0.002149589578
204307	0.0003232944711
204308	0.004458363144
204309	5.518997162e-05
204310	0.003213203902
204311	0.004239650785
204312	0.001422434406
204313	2.022704472e-05
204314	0.001196179227
204315	0.0010257035
204316	0.008950384821
204317	0.0008628403214
204318	0.001852307625
204319	0.005524101628
204320	0.0006871601225
204321	0.003591748227
204322	0.003030891204
204323	3.201948066e-05
204324	0.003542819822
204325	0.0009443457803
204326	0.002908116068
204327	0.0007904152934
204328	0.005683721283
204329	0.002402979792
204330	0.005082890864
204331	0.0008808495922
204332	0.003490448993
204333	0.001133162703
204334	0.007602217481
204335	0.005105046885
204336	0.00070470032
204337	0.003972634437
204338	0.001488417675
204339	0.001229677553
204340	0.008747868013
204341	0.003396704709
204342	0.01186924589
204343	0.004626233791
204344	0.006225043841
204345	0.0121045357
204346	0.009462179191
204347	0.002687647361
204348	0.003548769158
204349	0.0002574895142
204350	0.0001320483119
204351	0.005113701539
204352	0.01106861448
204353	0.002158662149
204354	0.002146445778
204355	0.0003802901301
204356	0.005455837766
204357	0.01243208957
204358	0.004128733783
204359	0.0007226319582
204360	0.004724540821
204361	0.0005012026623
204362	0.008570371296
204363	0.002197986377
204364	0.0002570929674
204365	0.005216344359
204366	0.00802570596
204367	0.002447053013
204368	0.002054818879
204369	0.005344087907
204370	0.00886285624
204371	0.001179902175
204372	0.0001337407112
204373	0.0008820888444
204374	0.0001584400159
204375	0.001551369151
204376	0.00173158633
204377	0.001621682263
204378	0.01505964573
204379	0.00126147455
204380	0.01121779662
204381	0.00227277607
204382	0.003900001684
204383	0.006857692235
204384	0.001940852614
204385	0.005748733826
204386	0.008045143515
204387	0.0003936987911
204388	0.004361331832
204389	0.003729286362
204390	0.002356227777
204391	0.002686499913
204392	0.01438623525
204393	0.0004835417199
204394	0.0004496450293
204395	0.001146949858
204396	0.01024101151
204397	0.0006847542
204398	0.0004207684028
204399	0.002812768463
204400	0.008389373577
204401	0.009945455575
204402	0.0002092941177
204403	0.004024240399
204404	0.005932281599
204405	0.001846097916
204406	0.001409363054
204407	0.009444198678
204408	0.001696840027
204409	0.002877124173
204410	0.0006569852394
204411	0.00264714913
204412	0.0004562663298
204413	0.00605072415
204414	0.01211850142
204415	0.0007703823359
204416	0.001245884065
204417	0.0007104493963
204418	0.00205759284
204419	0.0008672489397
204420	0.002389871685
204421	0.001906398119
204422	0.003641158626
204423	0.001136221819
204424	0.0008486292001
204425	0.001474835198
204426	0.004059082993
204427	0.002473350934
204428	0.001499531539
204429	0.003222534242
204430	0.006727978788
204431	0.004433327964
204432	0.0002501408222
204433	0.001092659295
204434	0.001086080621
204435	7.699981423e-05
204436	0.003172298928
204437	0.002324040517
204438	0.004583169899
204439	0.003267541191
204440	0.003799484947
204441	0.0001999573739
204442	0.00288409393
204443	0.004797091921
204444	0.003133053195
204445	0.0001631595886
204446	0.004650093858
204447	0.0008685832352
204448	0.009238388185
204449	0.003074846324
204450	0.00467590158
204451	5.932531746e-05
204452	0.002393020491
204453	0.006153623707
204454	0.0005964170554
204455	0.00238849858
204456	0.006103042567
204457	0.002389770341
204458	0.007117265449
204459	0.001600821261
204460	0.003376310474
204461	0.0004366563728
204462	0.00340238833
204463	0.011488558
204464	0.0002908728743
204465	0.001811792956
204466	0.001025849937
204467	0.003845537628
204468	0.005800662951
204469	0.0005047406963
204470	0.003411915641
204471	0.003942511392
204472	0.001739905566
204473	0.009159522986
204474	0.0001061503706
204475	0.0009101475618
204476	0.004165338364
204477	0.004091540809
204478	0.003954163161
204479	0.001504006747
204480	0.0005153836091
204481	0.001625915737
204482	0.004162034377
204483	0.01024573086
204484	0.001308244821
204485	0.0002540184481
204486	0.0003911657547
204487	0.001427100808
204488	0.002496225781
204489	0.001077018237
204490	0.0006599473814
204491	0.002548919985
204492	0.01139255334
204493	0.001114453903
204494	0.0070138914
204495	0.001081112328
204496	0.003123785845
204497	0.001081962565
204498	0.00224613091
204499	0.003995209048
204500	0.00271557852
204501	0.0005333417574
204502	0.0008184957432
204503	0.002187278903
204504	7.82405678e-05
204505	0.003204908214
204506	0.001452807726
204507	0.001361529942
204508	0.001201069781
204509	0.004340590769
204510	0.006007593747
204511	0.001905013955
204512	0.0009799050191
204513	0.003869791934
204514	0.003145345372
204515	0.006243437267
204516	0.003156074546
204517	0.0007444601821
204518	0.0002234445347
204519	0.003879048402
204520	0.00972686653
204521	0.004137285229
204522	0.002491404933
204523	0.001293930338
204524	0.0001224982808
204525	0.0007860552909
204526	0.002177517913
204527	0.003729398243
204528	0.0003261882914
204529	0.008271894831
204530	0.0008905045446
204531	0.0004151814828
204532	0.005061635052
204533	0.005207876316
204534	0.0001718897417
204535	0.00245039858
204536	0.001131362245
204537	0.004415101346
204538	0.003176776866
204539	0.002655818775
204540	0.001448744835
204541	0.001080068224
204542	0.004214534493
204543	0.008625327491
204544	0.001639813576
204545	0.001783384011
204546	0.004050385426
204547	0.000405366683
204548	0.0002708509059
204549	0.00399843987
204550	0.0005239020914
204551	0.003258631162
204552	0.01952139575
204553	0.004276530713
204554	0.001358870433
204555	0.001078287277
204556	0.002713404607
204557	0.00196808472
204558	0.002357853698
204559	0.0002415228052
204560	0.0007658168935
204561	0.00551827024
204562	0.002484171382
204563	0.002154629418
204564	0.006740503163
204565	0.001557469135
204566	0.002721571416
204567	0.003068760255
204568	0.0002492250723
204569	0.003482144685
204570	0.005388816066
204571	0.002190703458
204572	0.004763850942
204573	0.006619706585
204574	0.005207782311
204575	0.001716651099
204576	0.002536391547
204577	0.00253608552
204578	0.002029796457
204579	0.002754609987
204580	0.001220473358
204581	0.0006699017096
204582	0.0003327311431
204583	0.004690164772
204584	0.00034877851
204585	0.002361274686
204586	0.00111856664
204587	0.003713043279
204588	0.002319029378
204589	0.003423199823
204590	0.00567956756
204591	0.004614947948
204592	0.02265645507
204593	0.007822822451
204594	0.001249939263
204595	0.001192265708
204596	8.979895817e-05
204597	0.007299976296
204598	0.001346807356
204599	0.001813099375
204600	0.002814715986
204601	0.001581704383
204602	0.002757338894
204603	0.002351651351
204604	0.002578148153
204605	0.0003254342944
204606	0.002922518483
204607	0.006224531347
204608	0.003267637621
204609	0.003953192692
204610	0.003041431833
204611	0.0009881494987
204612	9.622535454e-05
204613	0.001436611618
204614	0.002702507646
204615	0.002957178728
204616	0.008459706564
204617	0.0005261988557
204618	0.003447787548
204619	0.004369178605
204620	0.01005588344
204621	0.001791549772
204622	0.003063323616
204623	0.001728430948
204624	0.001589403676
204625	0.002771774912
204626	0.003502078112
204627	0.003737731342
204628	0.002086724093
204629	0.001429276972
204630	0.001914483413
204631	0.003841873388
204632	0.009142991862
204633	0.002973452595
204634	0.0009873523148
204635	0.009129319754
204636	0.01225199396
204637	0.01141794879
204638	0.004663451581
204639	0.001200386753
204640	0.0002001626195
204641	0.003943764397
204642	0.001144287674
204643	0.006368279665
204644	0.002169069147
204645	0.005950712122
204646	0.0004878685144
204647	0.0007369389561
204648	0.0003185473864
204649	0.007238714501
204650	0.001373529329
204651	0.01351932486
204652	0.001854151071
204653	0.0003684042918
204654	0.002537948171
204655	0.0003943383033
204656	0.004537923602
204657	0.005073014181
204658	0.001167259385
204659	0.009013773358
204660	0.007441805086
204661	0.00122872236
204662	0.003723358406
204663	0.00873229136
204664	0.0001449917437
204665	0.01740361768
204666	0.002522661461
204667	0.02032987631
204668	0.0003947125927
204669	0.007776537909
204670	0.0006512258548
204671	0.01181449638
204672	0.004248399189
204673	0.003248500993
204674	0.003764307906
204675	0.0005351250064
204676	0.004260204125
204677	0.004408884483
204678	0.000835989153
204679	0.006033609698
204680	0.0004376597026
204681	0.001636072915
204682	0.002026561229
204683	0.002246227325
204684	0.004284387184
204685	0.007066644636
204686	0.0004643626276
204687	0.001223420933
204688	0.008217111542
204689	0.00921528287
204690	0.0007692624134
204691	0.001530493301
204692	0.002627582736
204693	0.0005904389646
204694	0.001143380717
204695	0.003770017314
204696	0.001059389477
204697	0.0001953538774
204698	7.093389153e-05
204699	0.001517405401
204700	0.004517868182
204701	0.01000999478
204702	0.000399607151
204703	0.004051277258
204704	0.003729743679
204705	0.0005112383071
204706	0.0006162798964
204707	0.002390904576
204708	0.0007589183355
204709	0.002878811243
204710	0.000152805533
204711	0.004916437156
204712	0.002661592624
204713	0.002017914276
204714	3.632077822e-05
204715	0.001336897937
204716	0.001216168872
204717	0.001627334838
204718	0.0002758528255
204719	0.002928008542
204720	0.001243101159
204721	0.00657692847
204722	0.001398836563
204723	0.0001644052135
204724	0.003012334388
204725	0.0008456972616
204726	0.002943980272
204727	0.004266444325
204728	0.004827928026
204729	0.006977133776
204730	0.006862276292
204731	0.001636289687
204732	0.001816901209
204733	0.001707832594
204734	0.003227675307
204735	0.0006799944925
204736	0.01341543047
204737	0.0008578674446
204738	0.003065376337
204739	0.002978794585
204740	0.0008498295409
204741	0.003062089424
204742	0.001709134852
204743	0.004193175086
204744	0.003393213416
204745	0.003466196838
204746	0.001592753001
204747	0.0004113452502
204748	0.004302922326
204749	0.004347664017
204750	0.002256353893
204751	0.0001267026926
204752	0.002466501358
204753	0.003131063673
204754	0.004193473262
204755	0.002074051591
204756	0.002222523083
204757	0.0001962348251
204758	0.001823140115
204759	0.0001335465033
204760	0.001605703226
204761	0.004031683395
204762	0.002517244843
204763	0.001984737061
204764	0.003053998337
204765	0.001984394553
204766	0.009568974778
204767	0.003638699999
204768	0.001283529389
204769	0.0004113405455
204770	0.005022054553
204771	0.002954089165
204772	0.002714666373
204773	0.008127990635
204774	0.003928229626
204775	0.001360532402
204776	0.002656968463
204777	0.004526707623
204778	0.002919136397
204779	0.000364742768
204780	0.002764304139
204781	6.967550657e-06
204782	0.0009341494179
204783	0.001420616445
204784	0.006545712712
204785	0.001331485119
204786	5.744207892e-05
204787	0.006099392569
204788	0.004223037214
204789	0.001956479122
204790	0.0001187360044
204791	0.0008029971895
204792	0.00613463366
204793	0.006478271168
204794	0.00256211867
204795	0.00479000305
204796	0.003135883786
204797	0.001239988092
204798	0.004337849811
204799	2.664441108e-05
204800	0.008567587665
204801	0.001123736132
204802	0.001571664456
204803	9.330863418e-06
204804	0.007695291745
204805	0.005755143381
204806	0.001213847819
204807	0.0003973528089
204808	0.002940721271
204809	0.00632672525
204810	0.002113083148
204811	0.003343883292
204812	0.004499226491
204813	0.006179014464
204814	0.0003021136673
204815	0.00565221425
204816	0.01293864247
204817	0.002957686252
204818	0.001422837545
204819	0.0006168383021
204820	0.0007768325976
204821	0.0007200810422
204822	0.005180282304
204823	0.001006037426
204824	0.002796546144
204825	0.001265130766
204826	0.000319521708
204827	0.001166236641
204828	0.001509776625
204829	0.0008118560048
204830	0.002513759981
204831	0.006417233485
204832	0.002238323355
204833	0.001059908809
204834	0.0007838815841
204835	0.002374827396
204836	0.005693822508
204837	0.002136002766
204838	0.001869442262
204839	0.007703529451
204840	0.006830982951
204841	0.001776405269
204842	0.002022590188
204843	0.001825894092
204844	0.003603577022
204845	0.004927815396
204846	0.002476990131
204847	0.001300213654
204848	0.003190874547
204849	0.002429610371
204850	0.0005245392963
204851	0.0007120342905
204852	0.0001965959436
204853	0.0008313131475
204854	0.002385349139
204855	0.01596400884
204856	0.0003148501024
204857	0.000134916859
204858	0.0006471684215
204859	0.006241087008
204860	0.001867082067
204861	0.0002371133922
204862	0.001792970216
204863	0.003952229627
204864	0.001689031998
204865	0.01002381146
204866	0.002736960125
204867	0.007412091583
204868	0.001019926004
204869	0.005408185172
204870	0.002389949604
204871	0.0002095296854
204872	0.0001544612664
204873	0.003638184463
204874	0.001434919218
204875	0.0003572079114
204876	0.007283948614
204877	0.008999407442
204878	0.007934505951
204879	0.003105964398
204880	0.01316190649
204881	0.000728009366
204882	0.002282122442
204883	0.002855894671
204884	9.802069105e-05
204885	0.0006875074404
204886	0.003073053501
204887	1.131600036e-05
204888	0.003310750682
204889	0.01324607567
204890	0.007181492031
204891	0.001775168295
204892	0.009314644505
204893	0.0004520953145
204894	0.004521867842
204895	0.005661252386
204896	0.001228013167
204897	0.0008875804273
204898	0.001064852992
204899	0.008102774392
204900	0.002373018507
204901	0.007439967332
204902	0.004111472659
204903	0.004809683551
204904	0.0001894448653
204905	0.004660687004
204906	0.002990340261
204907	0.005116352242
204908	0.01462582179
204909	8.565109734e-05
204910	0.0007634482525
204911	0.004804398359
204912	0.008933697768
204913	0.003477533276
204914	0.003756185469
204915	0.0004896012017
204916	5.133719254e-05
204917	0.001847612321
204918	0.0009002492258
204919	0.001423886742
204920	0.0003070810651
204921	0.0003116058724
204922	0.0016403304
204923	0.001611305492
204924	0.00216040647
204925	0.0008320344005
204926	0.002978636412
204927	0.001828156165
204928	5.435274146e-05
204929	0.001179724247
204930	0.0005040624733
204931	0.007725341599
204932	6.395175315e-05
204933	0.003383543303
204934	0.003718760569
204935	0.003569484527
204936	2.888953451e-05
204937	0.001649033925
204938	0.0065137219
204939	0.00760367875
204940	0.0004646590781
204941	0.01145346105
204942	0.004735895564
204943	0.002107088207
204944	0.007879291902
204945	0.005952424408
204946	0.00232264711
204947	0.005439720663
204948	0.0114632415
204949	0.008355344953
204950	0.009275202427
204951	0.004310788182
204952	0.002624987517
204953	0.004175700533
204954	0.0003453216064
204955	0.002416543327
204956	0.0005596192294
204957	0.003301401183
204958	0.001315779501
204959	0.002885585729
204960	0.003500125733
204961	0.002798050723
204962	0.001464800508
204963	0.001098409786
204964	0.0004422336119
204965	0.003369115468
204966	0.003731803955
204967	0.0005454040055
204968	8.518670148e-05
204969	0.0003201884253
204970	6.786033484e-05
204971	0.005184400937
204972	0.001598199921
204973	8.010456477e-05
204974	0.0003015600016
204975	0.0001720553007
204976	0.002439488261
204977	0.000256197524
204978	0.00244905898
204979	0.005382739968
204980	0.001472561441
204981	0.001953497937
204982	0.00884342395
204983	0.0001612937622
204984	0.0003175070255
204985	0.004136010382
204986	0.00889162852
204987	0.01239439261
204988	0.003911763145
204989	0.005101256267
204990	0.001112003032
204991	0.0004187523014
204992	0.005385475449
204993	0.00243333284
204994	0.01090210005
204995	0.01080163273
204996	0.006006504074
204997	0.0004991293041
204998	0.0008140517623
204999	0.001223238227
205000	0.0007771867677
205001	0.004712981886
205002	0.002282308163
205003	0.0009652566018
205004	0.002956690823
205005	0.008979296315
205006	0.001634029351
205007	0.006326432166
205008	0.002875515208
205009	0.007084057623
205010	0.002456994243
205011	0.009947711848
205012	0.008349109809
205013	0.0012239088
205014	0.001413588314
205015	0.003244637666
205016	0.002873694294
205017	0.002924752836
205018	0.00638647424
205019	0.003581967532
205020	0.001384702642
205021	0.009270345412
205022	0.0001422639143
205023	0.00150502901
205024	0.001415294782
205025	0.004356876212
205026	0.01600242497
205027	0.003183028032
205028	0.001362527841
205029	0.0006981133045
205030	0.0006171078998
205031	0.003708739654
205032	0.007241894561
205033	0.0004399400498
205034	0.0008286708214
205035	0.000493689411
205036	0.002386459245
205037	0.0005423002673
205038	0.004704253323
205039	0.001762347216
205040	0.002708362061
205041	0.003555186087
205042	0.005388772957
205043	0.005258574014
205044	0.001890809782
205045	0.002932515719
205046	0.0006918901936
205047	0.009064544728
205048	0.002012985579
205049	0.003920278291
205050	0.00112653771
205051	0.002394657704
205052	0.003136544583
205053	0.0004622257274
205054	0.001487663073
205055	0.00639237763
205056	0.0100253999
205057	0.003614012757
205058	0.004445266709
205059	0.005805719234
205060	0.002197520463
205061	0.002814627475
205062	0.0004344953596
205063	0.00322557968
205064	0.003011497965
205065	0.0009176931459
205066	0.001458792371
205067	0.003622577104
205068	0.002671679825
205069	0.001919419722
205070	0.003494897672
205071	0.001552250516
205072	0.001528861366
205073	0.003009823731
205074	0.005262145304
205075	0.001502776237
205076	2.830968111e-05
205077	0.002924569042
205078	0.0003320621696
205079	0.002616027621
205080	0.004817016371
205081	0.0121819493
205082	0.0004811800549
205083	0.00790513213
205084	0.007284635512
205085	0.001075429216
205086	0.001424816089
205087	0.009923576194
205088	0.005011679781
205089	0.001051118535
205090	0.0002071997765
205091	0.000826207648
205092	0.002785661232
205093	0.000100663958
205094	8.311146859e-05
205095	0.005288457038
205096	0.002276356603
205097	0.0004608757748
205098	0.0001468466866
205099	0.001347073977
205100	0.01211676871
205101	0.005097434479
205102	0.004652332107
205103	2.420752769e-05
205104	0.003181037999
205105	0.004548124992
205106	0.00989595666
205107	0.005244451322
205108	0.00606544153
205109	0.01067754947
205110	0.002628018128
205111	0.007243504498
205112	0.00401105744
205113	0.004255050052
205114	0.0001044914046
205115	0.005960143694
205116	0.003880702701
205117	0.005725969307
205118	0.003643002565
205119	0.0004498070179
205120	0.003143076587
205121	0.007951031558
205122	0.007058163643
205123	0.003649766756
205124	0.007773964918
205125	0.0002975627871
205126	0.004387563491
205127	0.005726993626
205128	0.004076575021
205129	0.005297289755
205130	0.01654484299
205131	0.001297830905
205132	0.01207745035
205133	0.004348059605
205134	0.0008211725317
205135	0.003728943125
205136	0.002574679944
205137	0.00327364085
205138	0.01095307928
205139	0.0013528634
205140	0.0004498895328
205141	0.0003730871678
205142	0.0007525658039
205143	0.002768242457
205144	0.006801666187
205145	0.008064773714
205146	0.003588491227
205147	0.0002165792363
205148	0.0003743325889
205149	0.001295387518
205150	0.008223341376
205151	0.001919212692
205152	0.007212732196
205153	0.00854764299
205154	0.001002769728
205155	0.0003560442199
205156	0.0002491298353
205157	0.00721834291
205158	0.00838540681
205159	0.001209826742
205160	0.002181149591
205161	0.01153062261
205162	0.009900888694
205163	0.002135206482
205164	0.001155498684
205165	0.004594210979
205166	0.007031550832
205167	0.0003919137364
205168	0.001573215528
205169	0.002185221173
205170	0.006522211428
205171	0.004287909858
205172	0.004390384168
205173	0.001325255966
205174	0.006989447308
205175	0.001198600696
205176	0.001260286917
205177	0.007524096033
205178	0.002578142892
205179	0.003886947662
205180	0.002833637008
205181	0.001150614888
205182	0.01195913142
205183	0.01365920964
205184	0.0005236228895
205185	0.0004932030912
205186	0.004554043225
205187	0.0005951961516
205188	0.005481020322
205189	0.002312548017
205190	0.001680915149
205191	0.003412560282
205192	0.004574120661
205193	0.001532569356
205194	0.003404219297
205195	0.003660094579
205196	0.0003296988858
205197	0.001409008469
205198	0.0006503640649
205199	0.0006196121458
205200	0.004553101129
205201	0.008338980073
205202	0.01398984986
205203	5.57417495e-06
205204	0.000332014014
205205	0.005999353587
205206	0.001491975843
205207	0.001275046124
205208	0.003055827887
205209	0.002482355474
205210	0.004406363988
205211	9.797912207e-05
205212	0.0005082773094
205213	0.002894314873
205214	0.01411717975
205215	0.004491025445
205216	0.0003408595749
205217	0.008404542257
205218	0.003883694884
205219	0.008615273314
205220	0.0020930921
205221	0.0007129263933
205222	0.007298792123
205223	0.006801487804
205224	0.002944725931
205225	0.001519800335
205226	0.002378494472
205227	0.01306513128
205228	0.009898926877
205229	0.01046697676
205230	0.0005536024919
205231	0.007567160223
205232	0.0007238352225
205233	0.0007292769741
205234	0.004367614644
205235	0.004805309365
205236	0.001490166514
205237	0.01832810455
205238	0.001800832477
205239	0.0002858203253
205240	0.0003999665728
205241	0.002351802613
205242	0.00262102181
205243	0.005254290427
205244	0.002028225047
205245	0.003512035473
205246	0.001879633736
205247	0.009184937412
205248	0.01029852614
205249	0.004380652545
205250	0.0001792964512
205251	0.005933249653
205252	0.008189573559
205253	0.005038850519
205254	0.0007193351665
205255	0.001203578495
205256	0.00271289202
205257	0.008265830431
205258	0.004823065861
205259	0.008089750372
205260	0.002308261413
205261	0.0002567981065
205262	1.14009174e-05
205263	0.0006901536844
205264	0.002437531705
205265	0.001746061045
205266	0.001726481554
205267	0.001410371005
205268	0.002136123703
205269	0.006255998788
205270	0.003803278604
205271	0.003539955549
205272	0.0001726898449
205273	7.347196832e-05
205274	0.005214314505
205275	0.0001952227749
205276	0.00102625219
205277	0.0008802300836
205278	0.003433784411
205279	0.00946715833
205280	0.006375607809
205281	0.0005897243333
205282	0.001307098676
205283	0.002544730608
205284	0.008839414632
205285	0.003982708595
205286	0.002794917513
205287	0.003201261142
205288	0.0005582015612
205289	0.001895941142
205290	0.0007423436122
205291	0.001197921116
205292	0.002304176705
205293	0.0003909520468
205294	0.006788610471
205295	0.002222677396
205296	0.002206516803
205297	0.001704260414
205298	0.004570641861
205299	0.0004126732465
205300	0.005958439099
205301	0.002525049711
205302	0.0002761269395
205303	0.002101575029
205304	0.002691702355
205305	0.004232604901
205306	0.005372893371
205307	0.0149321364
205308	0.0007029870358
205309	0.01059342969
205310	0.0009304715994
205311	0.009035486885
205312	0.003259059106
205313	0.004142673881
205314	0.005518345642
205315	0.004902837573
205316	0.0008143652281
205317	2.372596669e-05
205318	0.003396155291
205319	0.002781447478
205320	0.007075163385
205321	0.0001566600578
205322	0.002684248139
205323	0.001100741511
205324	0.004314541123
205325	0.005419217688
205326	0.01074942309
205327	0.000505164409
205328	0.005834870212
205329	0.003476867238
205330	0.001030369348
205331	0.0002034718006
205332	0.002036190442
205333	0.006591668798
205334	0.004322654012
205335	0.0001385535699
205336	0.0006563184918
205337	0.001083985074
205338	0.001181467465
205339	0.001051368562
205340	0.003801740475
205341	0.0003365817778
205342	0.005989628375
205343	0.002234580985
205344	0.001964745197
205345	0.004236795428
205346	0.0003659590731
205347	0.002319075005
205348	0.007567983648
205349	0.003384896082
205350	0.01072447134
205351	0.0002228981858
205352	0.0004245382966
205353	0.004578973391
205354	0.001385185829
205355	0.001688318488
205356	0.00147837135
205357	0.001067653759
205358	0.0004702475967
205359	0.0008333965934
205360	0.0007712958191
205361	0.0007414885328
205362	0.001516529042
205363	0.002309154967
205364	0.001971308097
205365	0.001483947113
205366	0.0005127711176
205367	0.0006603992742
205368	0.001971266235
205369	0.003711421888
205370	0.0006789477976
205371	0.001510609898
205372	0.0006904093674
205373	0.005526981998
205374	0.0007465651179
205375	0.002395967344
205376	0.003815333488
205377	0.004922697546
205378	0.004328295642
205379	0.006055167545
205380	0.00505600126
205381	0.0002721692022
205382	0.003072224323
205383	0.005460738849
205384	0.006532945282
205385	0.01037813906
205386	0.002567996943
205387	0.003254531722
205388	0.004989834996
205389	5.818404336e-05
205390	0.0005436043692
205391	0.007578074927
205392	0.00312190876
205393	0.004672721961
205394	0.008719218076
205395	0.001178751688
205396	0.001654563288
205397	0.008868752403
205398	0.01289046649
205399	0.001531719767
205400	0.001800242526
205401	0.007134786825
205402	0.0008389677627
205403	0.0006698585812
205404	0.001848705472
205405	0.009054881797
205406	0.01831219748
205407	0.002902273668
205408	0.009340365472
205409	0.002806783768
205410	0.002139248664
205411	0.006427507968
205412	0.003357822195
205413	3.260278082e-05
205414	0.0001306897461
205415	0.002263832828
205416	0.002035996832
205417	0.002296576454
205418	0.003149512107
205419	0.003125510224
205420	0.001269407758
205421	0.001141746452
205422	0.01571893869
205423	0.002352086539
205424	0.0004684112042
205425	0.01507169458
205426	0.008829529599
205427	0.001875246311
205428	0.004712408683
205429	0.003828405912
205430	0.003543077692
205431	0.006444495622
205432	0.0003419162361
205433	0.006849386855
205434	0.001966721104
205435	0.002464660239
205436	0.005411442803
205437	0.008494277249
205438	0.004973770052
205439	0.006986566692
205440	0.00066066706
205441	0.003750423099
205442	0.0006356889714
205443	0.02076667516
205444	0.002393361025
205445	0.002688058686
205446	8.830053519e-05
205447	0.003798909618
205448	0.0001150770763
205449	0.001873778898
205450	0.004069484209
205451	0.003952864685
205452	0.009289450201
205453	0.002750326221
205454	0.001787865872
205455	0.0005063925865
205456	0.002736253817
205457	0.001169475382
205458	0.001018700953
205459	0.00188662723
205460	0.001017199588
205461	0.001011454002
205462	0.002078144366
205463	0.00211584486
205464	0.01539449101
205465	0.008791131435
205466	0.001631718341
205467	0.009277867985
205468	0.004999072947
205469	0.01032833225
205470	0.002410650362
205471	0.003061122667
205472	0.012401576
205473	0.001320969993
205474	0.002760476061
205475	0.004328789831
205476	0.009891267663
205477	0.002325133599
205478	0.02185205522
205479	0.003558757931
205480	0.006137744617
205481	0.001744711442
205482	0.003812597239
205483	0.009015256057
205484	0.01150519116
205485	0.0003993137888
205486	0.002168677156
205487	0.01116164551
205488	0.001201425582
205489	0.00180046105
205490	0.0008527781038
205491	0.009577642531
205492	0.004862939951
205493	0.005071816573
205494	0.005363826024
205495	0.008296845955
205496	0.004041505235
205497	0.001155179255
205498	0.0003828268478
205499	0.009686454675
205500	0.001145042531
205501	0.01303683997
205502	0.005238295129
205503	0.00199775002
205504	0.003804303603
205505	0.0003176329096
205506	0.001274821993
205507	0.0002924434219
205508	0.0009264508674
205509	0.001428950569
205510	0.01832254665
205511	0.001363870312
205512	0.0155141776
205513	0.001667522744
205514	0.0004786141838
205515	0.004288869407
205516	0.004237895721
205517	0.0002938781145
205518	0.001533941456
205519	0.0005298183084
205520	0.0133984355
205521	0.004823235322
205522	0.0006827168231
205523	0.008572067174
205524	0.003903724691
205525	0.0007019210891
205526	0.006129506562
205527	0.001661291454
205528	0.006389470026
205529	0.007261970384
205530	0.005216851345
205531	0.005332563107
205532	0.002556325874
205533	0.005568443935
205534	0.002083391172
205535	0.007192912137
205536	0.0006774111914
205537	0.000797361076
205538	0.0002646809993
205539	0.006155916333
205540	0.001915380161
205541	0.002478521055
205542	0.008564792566
205543	0.008644724038
205544	0.005817350056
205545	0.008128573553
205546	0.005072095721
205547	0.0008983119715
205548	0.01065540079
205549	0.00125455943
205550	1.880403281e-08
205551	0.0106500256
205552	0.01197504277
205553	0.0002178010711
205554	0.005800153784
205555	0.005195051948
205556	0.007397039263
205557	0.008861631068
205558	0.0005400798291
205559	0.0005595772234
205560	0.001181973875
205561	0.002536481818
205562	0.0024472574
205563	0.009421947032
205564	0.008790400858
205565	0.00108661317
205566	0.009818351273
205567	0.006725531935
205568	0.003410290973
205569	0.004752145453
205570	0.00619395974
205571	0.009822211173
205572	0.002368359358
205573	0.01012207614
205574	0.000336215536
205575	0.005234523511
205576	0.0002150976641
205577	0.001049850554
205578	0.004542314174
205579	0.001947404967
205580	0.003263535642
205581	3.70407175e-05
205582	0.0003365828824
205583	0.0006868202788
205584	0.007227080155
205585	0.005848814167
205586	0.006198394167
205587	0.006167009602
205588	0.01128074776
205589	0.008139114093
205590	0.008779843078
205591	0.002073010483
205592	0.003727296322
205593	0.003376415487
205594	0.008437386991
205595	0.00595135734
205596	0.003193813973
205597	0.005130913642
205598	0.01074864474
205599	0.005588894482
205600	0.002646606343
205601	0.002703226478
205602	0.007115506278
205603	0.006253854561
205604	0.007970130322
205605	0.003563785261
205606	0.002316865842
205607	0.002765472033
205608	0.007259377408
205609	0.004832829435
205610	0.01065539773
205611	0.008134008401
205612	0.003848519371
205613	0.0006060712446
205614	0.004982505955
205615	0.009584754181
205616	0.007815218423
205617	0.009838666567
205618	0.0051217792
205619	0.001337438971
205620	0.007777364855
205621	0.0002449734832
205622	0.003823520714
205623	0.00609898164
205624	0.01399916355
205625	0.006712982696
205626	0.002572775937
205627	0.005989771466
205628	0.01709201184
205629	0.000803369596
205630	0.0139789186
205631	0.00204222877
205632	0.01093040191
205633	0.0054870129
205634	0.008199041388
205635	0.005858410678
205636	0.007401734147
205637	0.01272299601
205638	0.003894788028
205639	0.001871530273
205640	0.004054758025
205641	0.0003859319393
205642	0.005307029315
205643	0.009543155749
205644	0.009477306097
205645	0.0004853366025
205646	0.005535780777
205647	0.000401740001
205648	0.0001955461661
205649	0.004882404841
205650	0.005960163503
205651	0.001345207545
205652	0.0038846787
205653	4.84371166e-05
205654	0.004129382094
205655	0.004634384919
205656	0.008290469419
205657	0.00488068342
205658	0.00548492745
205659	0.008195949837
205660	0.0003468086157
205661	0.002228015869
205662	0.006106187694
205663	0.001763487307
205664	0.006668205888
205665	0.006048043922
205666	0.006431046372
205667	0.002672167934
205668	0.00507161128
205669	0.001541936595
205670	0.005812665959
205671	0.00618182281
205672	0.01160774017
205673	0.003620245949
205674	0.001489283671
205675	0.002540465405
205676	0.00252502997
205677	0.004904854916
205678	0.007980535376
205679	0.007337927748
205680	0.008373212065
205681	0.0009632991947
205682	0.001250679836
205683	0.01056546337
205684	0.001549683772
205685	0.003566012186
205686	0.01213359593
205687	0.002045519561
205688	0.002662415366
205689	0.0003660235396
205690	0.000416458294
205691	0.000705784961
205692	0.01294598912
205693	0.002769271916
205694	0.0003349316574
205695	0.00378598335
205696	0.004903666495
205697	0.001575261052
205698	0.00286114501
205699	0.007061737654
205700	0.002885794441
205701	0.0153442143
205702	0.001971031242
205703	0.003698986701
205704	0.005336282887
205705	0.00451354553
205706	0.00726780439
205707	0.02056320389
205708	0.001310611716
205709	0.00215420587
205710	0.0008085627535
205711	0.00443522265
205712	0.001443360219
205713	0.009723052329
205714	0.007698469249
205715	0.009735292306
205716	0.009677242504
205717	0.0009954600858
205718	0.006302766305
205719	0.007318979415
205720	0.006213808237
205721	0.005317818616
205722	0.0007174842129
205723	0.001856348315
205724	0.00216098951
205725	0.002650294189
205726	0.00311269614
205727	0.0006988355547
205728	0.003605344721
205729	0.002865384606
205730	0.005174057985
205731	0.004888791019
205732	0.001897717009
205733	3.151325816e-07
205734	0.01433369611
205735	0.008333342125
205736	0.006639976621
205737	0.007458242934
205738	0.002880954645
205739	0.005273713423
205740	0.006135581492
205741	0.005663214411
205742	0.001667255782
205743	0.007242413548
205744	0.003291156057
205745	0.002279164782
205746	0.00254696529
205747	0.00920103262
205748	0.00629408218
205749	0.003413370082
205750	0.004208751281
205751	0.000737558594
205752	0.00129944098
205753	0.007134812588
205754	0.001448917362
205755	0.00021782515
205756	0.002828316312
205757	0.003821708465
205758	0.008377646771
205759	0.004441139288
205760	0.0137666711
205761	0.01952571799
205762	0.003774157009
205763	0.005477399375
205764	0.002046328001
205765	0.02312408665
205766	0.002349790535
205767	0.001115075808
205768	0.002282538787
205769	0.0009165433135
205770	0.0001735380472
205771	0.0155134793
205772	0.01035487421
205773	0.01125767216
205774	0.0001492102228
205775	0.001169217874
205776	0.01232889386
205777	0.001137161023
205778	0.0106329291
205779	0.01348279347
205780	0.00201015868
205781	0.001920947218
205782	0.0007282713939
205783	0.003123377646
205784	0.0004148856078
205785	0.00336130891
205786	0.0004626776651
205787	9.66538055e-05
205788	0.004316239083
205789	0.001667966311
205790	0.01443217432
205791	0.0002820555151
205792	0.001739106763
205793	0.002219288622
205794	0.01295003655
205795	0.001205519379
205796	0.002935919719
205797	0.006464983591
205798	0.0001587734345
205799	0.008381760667
205800	0.00291880594
205801	0.00189288556
205802	0.002278047479
205803	0.005447262662
205804	0.001920089309
205805	0.0066518992
205806	0.00112758302
205807	0
205808	0.00316393178
205809	0.00879837162
205810	0.0070044691
205811	0.009989402218
205812	0.001447988567
205813	0.007566047118
205814	0.02084139458
205815	0.002621433095
205816	0.00150344505
205817	0.01114681134
205818	0.0006414504298
205819	0.005621503531
205820	0.006049244908
205821	0.01111512359
205822	0.007235178268
205823	0.003453444394
205824	0.0008372828468
205825	0.0005996045605
205826	0.0008873139074
205827	0.004091506537
205828	0.003900894534
205829	0.01206978428
205830	0.004786470467
205831	0.007306033752
205832	0.005368338093
205833	0.0003960695327
205834	0.001776578945
205835	0.0002102054198
205836	0.003927295932
205837	0.0004039615332
205838	0.006176090886
205839	0.004588013892
205840	0.006237832998
205841	0.0006988094958
205842	0.0002959524404
205843	0.0006084485456
205844	0.00863655048
205845	0.01034913611
205846	0.01404969425
205847	0.00257750046
205848	0.005125120057
205849	0.001956794836
205850	0.00390014984
205851	0.0006666528765
205852	0.007597944961
205853	0.006255824489
205854	0.002425617396
205855	0.006902397399
205856	0.0006037971789
205857	0.00157572879
205858	0.004609153629
205859	0.004615924767
205860	0.005530659135
205861	0.008354314179
205862	0.000578260394
205863	0.001080082524
205864	0.001808819724
205865	0.0009505478657
205866	5.460624894e-05
205867	0.001025963362
205868	0.001369695327
205869	0.0003550310289
205870	0.001246617973
205871	0.002119509373
205872	0.0008695556331
205873	0.002829847234
205874	0.001292361461
205875	0.003377287814
205876	0.0004227579019
205877	0.001248625033
205878	0.00270582874
205879	0.003831105107
205880	0.003993703212
205881	0.002401545336
205882	0.001578449598
205883	0.008397555517
205884	0.0004938781922
205885	0.002451676628
205886	0.0005778431018
205887	0.001402624298
205888	0.002155388081
205889	0.005326570658
205890	0.001270730379
205891	0.0004109478612
205892	0.0003039776052
205893	0.003621030615
205894	0.0001778704148
205895	0.001970111852
205896	0.00505201332
205897	0.009329994457
205898	0.001434452776
205899	0.001889232898
205900	0.01817933938
205901	0.007925076005
205902	0.01498829864
205903	0.008176039178
205904	0.01378259445
205905	0.0002843132016
205906	0.0003353285108
205907	0.001767753131
205908	0.001595544751
205909	0.001932731459
205910	0.0006477080635
205911	0.0004188202633
205912	0.002678428607
205913	0.002497945071
205914	0.0005185957258
205915	0.002848123867
205916	0.002021586747
205917	0.001782572366
205918	0.01950978513
205919	0.01309603131
205920	0.0007491981833
205921	0.008507189947
205922	0.01153724738
205923	0.008990441191
205924	0.0003539508313
205925	0.004023909648
205926	0.02207133568
205927	0.0005541224531
205928	0.006551428419
205929	0.004863574711
205930	0.006438052424
205931	0.003551986316
205932	0.002334574247
205933	0.001330407662
205934	0.0009703832793
205935	0.001261913821
205936	0.001267849725
205937	0.0008400631223
205938	0.0003165096805
205939	0.0005290018311
205940	0.0008251170049
205941	0.001307380485
205942	0.0002277467031
205943	0.0009360697721
205944	0.001118022401
205945	0.01360809278
205946	0.0006711059335
205947	0.004768232333
205948	0.007127131168
205949	0.001391386299
205950	0.004473062111
205951	0.005407224772
205952	0.001867507579
205953	0.0005097734505
205954	0.0003572458857
205955	0.01228635405
205956	0.001366272575
205957	0.001578980766
205958	0.002788127854
205959	0.001689828737
205960	5.412394006e-05
205961	0.001152235137
205962	0.001237320938
205963	0.001004068255
205964	0.001345417948
205965	0.00135854344
205966	0.001118908309
205967	0.001379725793
205968	0.0008841754285
205969	0.001330015854
205970	0.01805133209
205971	0.000785195976
205972	0.004299865973
205973	0.006739189188
205974	0.002964716869
205975	0.0003462260771
205976	0.001126109127
205977	0.00610805723
205978	0.008510398792
205979	0.01004257287
205980	0.001374427681
205981	0.002662618092
205982	0.005751083842
205983	0.007422856665
205984	0.001552677902
205985	0.006343079127
205986	0.002917067799
205987	0.008450257709
205988	0.001137185617
205989	0.007517037756
205990	0.01006084232
205991	0.007844621914
205992	0.003884394124
205993	0.005069291078
205994	0.02131630296
205995	0.002802071106
205996	0.004913626817
205997	0.01306494282
205998	0.006783933107
205999	0.001772618867
206000	0.0002763476162
206001	0.01361329057
206002	0.004637877526
206003	0.0006193683262
206004	0.01712787555
206005	0.001756795515
206006	0.005721250204
206007	0.004276115629
206008	0.01196473542
206009	0.01125960343
206010	0.009101674782
206011	0.004690178938
206012	0.003163413356
206013	0.01534977073
206014	0.004478476942
206015	0.0002964845602
206016	0.01427777017
206017	0.0003024573152
206018	0.008532370922
206019	0.01773186384
206020	0.003359319107
206021	0.0092189141
206022	0.001896961165
206023	0.004362059679
206024	0.008238785177
206025	0.01782646206
206026	0.001333532715
206027	0.003597965386
206028	0.002261814084
206029	0.006642399177
206030	0.02089040224
206031	0.003248412017
206032	0.0007527209269
206033	0.003390632538
206034	0.00180167566
206035	0.003371142
206036	0.005903304979
206037	0.001063732216
206038	0.002793509532
206039	0.00131942602
206040	0.007186923652
206041	0.003565438178
206042	0.008340353584
206043	0.01080494684
206044	0.0009080235948
206045	0.001732939792
206046	0.002227872143
206047	0.00286427508
206048	0.004494820603
206049	0.004354599702
206050	0.001644815921
206051	0.0007957135455
206052	0.007927333859
206053	0.00503253585
206054	0.005653172512
206055	0.009701976435
206056	0.002761066379
206057	0.003471064145
206058	0.001370815488
206059	0.009095632428
206060	0.009395016965
206061	0.01089670972
206062	0.002577475547
206063	0.02392363136
206064	0.002771642977
206065	0.003479469135
206066	0.004055232476
206067	0.008974178604
206068	0.005054675147
206069	0.004163983119
206070	0.002133617674
206071	0.01022258706
206072	0.005864779196
206073	0.009239844494
206074	0.0002824149311
206075	0.01143516583
206076	0.006216708198
206077	0.006305255372
206078	0.003232255286
206079	0.0003479354515
206080	0.006173830763
206081	0.004803480323
206082	0.0002290871815
206083	0.003123532843
206084	0.008557562222
206085	0.005092071446
206086	0.002652199928
206087	0.0033211948
206088	0.00355414506
206089	0.001459789817
206090	0.001006970854
206091	0.0007238523527
206092	0.007016014549
206093	0.01913457475
206094	0.008168369438
206095	0.005044541003
206096	0.001358454106
206097	0.009259583913
206098	0.00160068369
206099	0.008523187808
206100	0.001188775674
206101	0.005406545215
206102	0.006642324649
206103	0.0006857409031
206104	0.0136873529
206105	0.003612198382
206106	0.009664190412
206107	0.002485523072
206108	0.01701555451
206109	0.0008028074839
206110	0.007634145004
206111	0.0009567079277
206112	0.0002053322928
206113	0.001273950632
206114	0.002700406046
206115	0.001937372078
206116	0.002489178967
206117	0.001827796665
206118	0.003008176955
206119	0.007702366101
206120	0.002412819306
206121	0.003050382113
206122	0.005448162003
206123	0.0085865588
206124	0.002699658042
206125	0.00298585973
206126	0.002805822135
206127	0.001152734036
206128	0.00133599699
206129	0.002808243152
206130	0.005467485409
206131	0.02250793639
206132	0.0003374839443
206133	0.001087900645
206134	0.003382375094
206135	0.007028271071
206136	0.01585390569
206137	0.001062234694
206138	0.00622861165
206139	0.003841633377
206140	0.002111518782
206141	0.00027664846
206142	0.006349956316
206143	0.005085353972
206144	0.01004027222
206145	0.006861766359
206146	0.009872716804
206147	0.00385444771
206148	0.004352658453
206149	0.0001864236961
206150	0.001273283313
206151	0.001062004597
206152	0.002432057374
206153	0.0006321550196
206154	0.004555696134
206155	0.009738142561
206156	0.01499125573
206157	0.001869185227
206158	0.004480987878
206159	0.002630840676
206160	0.01574756144
206161	0.001462156505
206162	0.001928767049
206163	0.004299747364
206164	0.002224937123
206165	0.006534341568
206166	0.0009866098727
206167	0.004191188895
206168	0.005129282926
206169	0.002341054099
206170	0.002633039746
206171	0.007319492314
206172	0.002493024758
206173	0.006050454273
206174	0.01391132351
206175	0.001244802635
206176	0.002290259666
206177	0.001982425306
206178	0.004608016157
206179	0.001546872347
206180	0.004608948761
206181	0.01288136359
206182	0.006293433576
206183	0.002861539227
206184	0.0121971306
206185	0.01838497887
206186	0.003493091914
206187	0.00140524843
206188	0.01215871672
206189	0.0007834460962
206190	0.01167000105
206191	0.003941686319
206192	0.004687427499
206193	0.002572226604
206194	0.00308060029
206195	0.01042829605
206196	0.003339807277
206197	0.006848853344
206198	0.008278852799
206199	0.005139537451
206200	0.01217480451
206201	0.007612868374
206202	0.01010523776
206203	0.007692183396
206204	0.002640636119
206205	0.007934328951
206206	0.01182665561
206207	0.0006493750085
206208	0.002135082304
206209	0.003846336902
206210	0.0007372436135
206211	0.004527137692
206212	0.01198573338
206213	0.004403124835
206214	0.005154495927
206215	0.002124988866
206216	0.003666339332
206217	0.006436619058
206218	0.01289537277
206219	0.003021803958
206220	0.002050287098
206221	0.001942198269
206222	0.004657925038
206223	0.005995382327
206224	0.005465261735
206225	0.0003442027073
206226	0.001216257321
206227	0.01025942529
206228	0.00026682628
206229	0.002577666247
206230	0.009849591721
206231	0.005242849375
206232	0.003257178679
206233	0.004960189687
206234	0.009886191286
206235	0.005486837106
206236	0.007147344039
206237	0.0002945680435
206238	0.001470336421
206239	0.004662691095
206240	0.01966492056
206241	0.002157566152
206242	0.00376980064
206243	0.008460330047
206244	0.004397681658
206245	0.002292368989
206246	0.0001447509106
206247	0.007623672814
206248	0.005916679919
206249	0.01021012496
206250	0.001482127401
206251	0.004162337689
206252	0.001513303178
206253	0.0008347012412
206254	0.005050962034
206255	0.007194129283
206256	0.007162177155
206257	0.0002905548451
206258	0.00115844304
206259	0.005736757527
206260	0.003021583759
206261	0.007017528813
206262	0.0008531404586
206263	0.002233695996
206264	0.001858379104
206265	0.003825527408
206266	0.002242945523
206267	0.01158312128
206268	0.01757534815
206269	0.0008950285705
206270	0.004106010458
206271	0.002925625981
206272	0.003284318787
206273	0.007198353231
206274	0.0009155060471
206275	0.009087582321
206276	0.005253694839
206277	0.006703750962
206278	0.007802216773
206279	0.004396884222
206280	0.004577693932
206281	0.002335060462
206282	0.00287138456
206283	0.009492505532
206284	0.003176468159
206285	0.01275400709
206286	0.009272510526
206287	0.003251719702
206288	0.003393332526
206289	0.0009110768899
206290	0.01246699062
206291	0.01009359876
206292	0.0005955919486
206293	0.00570798323
206294	0.001163595348
206295	0.00278866693
206296	0.001671318699
206297	0.001856082594
206298	0.002051158124
206299	0.005524533109
206300	0.003837372526
206301	0.003965371883
206302	0.01044915065
206303	0.002452286628
206304	0.008183411959
206305	0.003307043804
206306	0.001451190721
206307	0.002777724192
206308	0.01178034632
206309	0.0006787771374
206310	0.003412162083
206311	0.00916422917
206312	0.002550031772
206313	0.0006426602689
206314	0.0001858141602
206315	0.005929160418
206316	0.005571918928
206317	0.01326520591
206318	0.004061658629
206319	0.003067922998
206320	0.002184259583
206321	0.004980962146
206322	0.01047195301
206323	0.004228473848
206324	0.008471614957
206325	0.0004234936794
206326	0.01228274232
206327	0.001353226339
206328	0.0004826104601
206329	0.00115723743
206330	0.009889374156
206331	0.00650873421
206332	0.001085573044
206333	0.005448737317
206334	0.01560822313
206335	0.001136477157
206336	0.003511264061
206337	0.00555935074
206338	0.0008402797482
206339	0.0005955933925
206340	0.002146156389
206341	0.001875893303
206342	0.002482888424
206343	0.009336927489
206344	0.004412258297
206345	0.0003694434945
206346	0.001321232022
206347	0.00446414697
206348	0.003578856032
206349	0.001567714989
206350	0.001549093343
206351	0.0001956794569
206352	0.006058553918
206353	0.01010259644
206354	0.002247662734
206355	0.001151992216
206356	0.007623081297
206357	0.00359116632
206358	0.004036825183
206359	0.000675881593
206360	0.0002977574588
206361	0.0003551991208
206362	0.003149562944
206363	0.007248668957
206364	0.00272920698
206365	0.0002746454648
206366	0.0002861613173
206367	0.001334981658
206368	0.001267510403
206369	0.0005962434232
206370	0.001015787165
206371	0.000269701094
206372	0.002654043705
206373	0.002991609821
206374	0.002769100537
206375	0.001152602596
206376	0.0004835145215
206377	0.0001688475907
206378	0.0003742568503
206379	0.0007119848861
206380	0.000896113169
206381	0.001786300111
206382	0.002688248806
206383	0.002478877044
206384	0.002947833512
206385	0.003865959051
206386	0.004379849539
206387	0.01477725945
206388	0.004766621255
206389	0.003592512705
206390	0.004525347521
206391	0.001829107244
206392	0.004337589414
206393	0.004368990654
206394	0.009352670337
206395	0.002836009115
206396	0.0009861899805
206397	0.003950252322
206398	0.009366593671
206399	0.003474520714
206400	0.004788322776
206401	0.002976002126
206402	0.01816869166
206403	0.000849122357
206404	0.003123206514
206405	0.001496466078
206406	0.006201337489
206407	0.003055372449
206408	0.008073774721
206409	0.01034383301
206410	0.0118173661
206411	0.0007858216736
206412	0.01093012262
206413	0.002695795734
206414	0.001354615583
206415	0.01149893296
206416	0.0007153616131
206417	0.0005882238304
206418	0.01070870319
206419	0.004037747103
206420	0.0002616855611
206421	0.002859350187
206422	0.002587886026
206423	0.002092023275
206424	0.001832342136
206425	0.004478230646
206426	0.003853845047
206427	0.01065579814
206428	0.005059858669
206429	0.004979008037
206430	0.003395452959
206431	0.001814264566
206432	0.004759154144
206433	0.008699786864
206434	0.005189617335
206435	0.004807296739
206436	0.008135179701
206437	0.005263885868
206438	0.007618775295
206439	0.00213484279
206440	0.004210478998
206441	0.009553907725
206442	0.005232367495
206443	0.008795792853
206444	0.008724921538
206445	0.00711909383
206446	0.002000153062
206447	0.005268510607
206448	0.003900817828
206449	0.01611661778
206450	0.01660645076
206451	0.003798990618
206452	0.0007411462367
206453	0.0005863315893
206454	0.001858266806
206455	0.0007972491577
206456	0.003120602513
206457	0.002848158942
206458	0.006200671877
206459	0.003195559661
206460	0.0008956952827
206461	0.001430879777
206462	0.001717087778
206463	9.239767132e-05
206464	0.003889544079
206465	0.01206523083
206466	0.00123746657
206467	0.0006077466702
206468	0.001173793326
206469	0.002379379298
206470	0.0004344722916
206471	0.003461972576
206472	0.00226973767
206473	0.002561748804
206474	0.002484739986
206475	6.371489628e-05
206476	0.000306810389
206477	0.006826994323
206478	0.0003025239617
206479	0.002436661399
206480	0.0003130392921
206481	0.001040179473
206482	0.002992100112
206483	0.001085039716
206484	0.0003756152334
206485	0.002453691834
206486	0.004604696342
206487	0.001408647502
206488	4.117056495e-05
206489	0.0001298726991
206490	0.002951432605
206491	0.003651473612
206492	0.0005964556669
206493	0.003845272941
206494	0.001600699082
206495	0.00105869906
206496	0.0009874916297
206497	0.0008294986827
206498	0.001025625824
206499	0.00499836163
206500	0.001122952848
206501	0.003247961506
206502	0.0007787878243
206503	0.001500896286
206504	0.001164775019
206505	0.0005349739121
206506	0.002178597824
206507	0.002776018046
206508	0.001542091798
206509	0.00277537075
206510	0.008824065629
206511	0.002204706031
206512	0.009575733317
206513	0.001248988621
206514	0.007423927808
206515	0.005739604834
206516	0.005550435142
206517	0.0008833269574
206518	0.005990412255
206519	0.0005755110096
206520	0.01008052427
206521	0.001175077943
206522	0.001847713782
206523	0.01054163225
206524	0.007777784089
206525	0.004170701247
206526	0.002912663229
206527	0.002229865435
206528	0.004230569219
206529	0.002737172789
206530	0.004139728512
206531	0.002691577804
206532	0.003657828109
206533	0.004479556801
206534	0.008052313651
206535	0.006869655025
206536	0.001447129386
206537	0.01123465357
206538	0.005224086627
206539	0.003622501239
206540	0.01103811304
206541	0.01219544158
206542	0.001958650327
206543	0.002716405759
206544	0.0004044209902
206545	0.01090425355
206546	0.003327261939
206547	0.003081328429
206548	0.01318279106
206549	0.002543325322
206550	0.003748363536
206551	0.003368868319
206552	0.001412037937
206553	0.005920234038
206554	0.00136511437
206555	0.008755370562
206556	0.00629688583
206557	0.003660180711
206558	0.003718771012
206559	0.002049176405
206560	0.005744514566
206561	0.002513022825
206562	0.005993736457
206563	0.001357343013
206564	0.002639679549
206565	0.0001315013945
206566	0.001934449405
206567	0.007158283463
206568	0.003705005252
206569	0.006885511114
206570	0.001254905718
206571	0.003189643655
206572	0.007654333833
206573	0.003872743534
206574	0.003699503257
206575	0.002348864917
206576	0.009693672259
206577	0.01020960187
206578	0.003330179169
206579	0.004646434129
206580	0.0009633415425
206581	0.000536815627
206582	0.012277351
206583	0.008708176437
206584	0.005180514363
206585	0.00199122771
206586	0.01127451613
206587	0.004443426542
206588	0.01208262416
206589	0.007135106531
206590	0.003640650693
206591	0.004058347302
206592	0.01555048168
206593	0.01008669156
206594	0.00098804457
206595	0.009150287926
206596	0.003623136633
206597	0.01265752736
206598	0.0008038597486
206599	0.01683869619
206600	0.002298528876
206601	0.001569220075
206602	0.005014029571
206603	0.004882934156
206604	0.01295961659
206605	0.004780057495
206606	0.004124949733
206607	0.002536478187
206608	0.001254329431
206609	0.006027893662
206610	0.003611451422
206611	0.005052019585
206612	0.005161501134
206613	0.004841435182
206614	0.007674779504
206615	0.01058638588
206616	0.004398840138
206617	0.006295567718
206618	8.278315369e-05
206619	0.003638405743
206620	0.006754592812
206621	0.006599094192
206622	0.003139752562
206623	0.0005760262156
206624	0.01352609384
206625	0.003562932303
206626	7.986032942e-05
206627	0.001967954602
206628	0.004652683676
206629	0.0004804313977
206630	0.004229948857
206631	0.000223282409
206632	0.0001235972137
206633	2.986157701e-05
206634	0.0002970184303
206635	0.0006042830395
206636	0.0001401903615
206637	0.003006539044
206638	0.0003241250983
206639	0.00262311437
206640	0.0005429556088
206641	0.0001931168582
206642	0.005522369186
206643	8.635069401e-05
206644	0.0007066233605
206645	0.003689510407
206646	0.01096420711
206647	0.002014619299
206648	0.000462701401
206649	0.000484756346
206650	0.000375004562
206651	0.001073485051
206652	1.867435881e-05
206653	5.980727894e-05
206654	1.508930375e-05
206655	0.001008152138
206656	0.000327758254
206657	0.0005877655966
206658	5.998536947e-05
206659	0.000958111544
206660	0.004272991081
206661	0.001365369372
206662	0.0003380093018
206663	0.0009695188433
206664	0.0001311471004
206665	0.0003708835974
206666	0.003417945047
206667	0.0001771822795
206668	0.0001157147058
206669	0.00261992395
206670	0.0006000390915
206671	0.0005463933978
206672	0.0001612363943
206673	0.000112103868
206674	0.000283449704
206675	0.004995083192
206676	0.003251622879
206677	0.002156234263
206678	3.160010416e-05
206679	0.0001929324849
206680	0.001154533757
206681	0.006123509091
206682	0.0001393813392
206683	0.003844040776
206684	0.0004663494497
206685	0.001798555355
206686	0.004211973995
206687	0.01042186701
206688	0.002918042022
206689	0.0004437180209
206690	0.002779372705
206691	3.053102063e-05
206692	0.000455887372
206693	0.002429811539
206694	0.0004739578236
206695	0.003020366833
206696	0.003775255062
206697	0.002371339641
206698	0.01011445318
206699	0.001771015728
206700	0.01653008964
206701	0.001581316522
206702	0.003033377182
206703	0.0008608119716
206704	0.001999421358
206705	0.0003426608066
206706	0.001153483439
206707	0.007364039407
206708	0.00212075579
206709	0.002411433963
206710	0.001889545306
206711	0.0004390983876
206712	0.0006348280245
206713	0.0002029600083
206714	0.003357272304
206715	0.006640084905
206716	0.002143045081
206717	0.00460557438
206718	0.000393861473
206719	0.002873920287
206720	0.006120893533
206721	0.002265604862
206722	0.000708861065
206723	0.0005604742334
206724	0.004095875599
206725	0.001001118468
206726	0.0004055000515
206727	0.0003586174763
206728	0.0006573575293
206729	0.0009567111698
206730	0.0006677328587
206731	0.003360804391
206732	0.001841250244
206733	0.003053892392
206734	0.000194877524
206735	0.001137665558
206736	0.001771895711
206737	0.0005597204654
206738	0.00325665685
206739	0.002136516577
206740	0.003177439786
206741	0.0003299168565
206742	0.0008225991745
206743	0.002615730108
206744	0.003404143417
206745	0.001397210825
206746	0.004991709613
206747	0.002805891027
206748	0.001976190296
206749	0.001986213099
206750	0.006700591105
206751	0.001810836699
206752	0.0007553002773
206753	0.0007139681711
206754	0.00158954868
206755	0.000181740972
206756	0.00145109233
206757	0.002718423903
206758	0.001897156522
206759	0.00166645318
206760	0.0007779300607
206761	0.001227028755
206762	0.01430194315
206763	0.01469971738
206764	0.001274370378
206765	0.002690148789
206766	0.001167269972
206767	0.0009954521257
206768	0.001094123667
206769	0.001169426348
206770	0.002926702865
206771	0.0008659812366
206772	0.0008415505393
206773	0.001239979633
206774	0.001183373104
206775	0.001790595272
206776	0.003226946141
206777	0.0007769734208
206778	0.0001933337825
206779	0.001494583571
206780	0.0009760442936
206781	0.001626602782
206782	0.001126765945
206783	0.0009735281617
206784	0.0003037439385
206785	0.001817353699
206786	0.0006458275072
206787	0.001645817727
206788	0.007044340835
206789	0.005714721084
206790	0.0002555636648
206791	0.001248660142
206792	0.00181357324
206793	0.001789083281
206794	0.001488786001
206795	0.00125131374
206796	0.004106907185
206797	0.001816272478
206798	0.001627106157
206799	0.001634924314
206800	0.002232978222
206801	0.002790315548
206802	0.003098114826
206803	0.001805208459
206804	0.001572098269
206805	0.0009530323339
206806	0.003248891898
206807	0.004921422128
206808	0.002404690133
206809	0.003393301233
206810	0.0006242995901
206811	0.002838593224
206812	0.0004231129049
206813	0.004398184246
206814	0.001194077463
206815	0.001377643146
206816	0.001523807946
206817	0.0003872503008
206818	0.0009924886963
206819	0.002960334896
206820	0.00427759619
206821	0.0009061841309
206822	0.005226011294
206823	0.001341321007
206824	4.64257185e-05
206825	0.003131288366
206826	0.003918703113
206827	0.001603299092
206828	0.002260814708
206829	0.001743172559
206830	0.008674730675
206831	0.002273734742
206832	4.254090714e-05
206833	0.0003831652387
206834	0.0001160076731
206835	0.005191769119
206836	0.001312300894
206837	0.007653314945
206838	0.001357131811
206839	0.004413848955
206840	0.005583922244
206841	0.0002839165057
206842	0.002852722617
206843	0.001235230597
206844	0.004370180745
206845	0.002242578224
206846	0.007476843595
206847	0.007228286708
206848	0.007876194893
206849	0.004924674331
206850	0.008255331851
206851	0.006185834663
206852	0.008045131232
206853	0.003577564429
206854	0.008433547462
206855	0.001382613938
206856	0.0133325722
206857	0.001031958404
206858	0.003861302648
206859	0.0006778789338
206860	0.00931379019
206861	0.000455328739
206862	0.01064663249
206863	0.0006032917354
206864	0.006395995219
206865	0.006728220256
206866	0.006313522497
206867	0.0007912323658
206868	0.008234664492
206869	0.005117800169
206870	0.003646911743
206871	0.005502278199
206872	0.005172644063
206873	0.001432897859
206874	0.005764233201
206875	0.001356083283
206876	0.0008546388103
206877	0.004924937474
206878	0.001998743511
206879	0.004929405396
206880	0.004511103834
206881	0.0004902317962
206882	0.0005429830748
206883	0.0008547554615
206884	0.001084825614
206885	0.0005758874176
206886	0.003762651738
206887	0.002123242323
206888	0.001354525475
206889	3.663688043e-05
206890	3.970979241e-05
206891	0.0006461138579
206892	0.003036331593
206893	0.0002171298978
206894	0.001721932957
206895	0.00208211784
206896	0.0004427289092
206897	0.001397444459
206898	0.003452072254
206899	0.005332492195
206900	0.0005374765688
206901	0.00497996584
206902	5.443805215e-05
206903	0.0001589126835
206904	0.003129195417
206905	0.002135303662
206906	0.002033725911
206907	0.00348844471
206908	0.002585277289
206909	0.009390264745
206910	0.00735963648
206911	0.001833125703
206912	0.001975418112
206913	0.003668598727
206914	0.004423845191
206915	0.0009969240314
206916	0.007543781228
206917	0.001276363051
206918	0.0006409722317
206919	0.003802585109
206920	0.001807686507
206921	0.0007623546924
206922	0.006696833604
206923	0.01064411673
206924	0.002208894933
206925	0.00282983919
206926	0.006243126836
206927	0.00589453303
206928	0.0003487718996
206929	0.002503662137
206930	0.005277705766
206931	0.01064562054
206932	0.004298640822
206933	0.003112753854
206934	0.003673212416
206935	0.004901357853
206936	0.005565630281
206937	0.00134777921
206938	0.004460178319
206939	0.002291211203
206940	0.007942186687
206941	0.0001944140413
206942	0.003926425861
206943	0.003397735748
206944	0.001457321179
206945	0.004819566616
206946	0.006211520953
206947	0.001683667687
206948	0.002159875964
206949	0.002853983386
206950	0.006137842865
206951	0.001534806269
206952	0.001661425205
206953	0.005617214459
206954	0.002664394478
206955	0.002915205344
206956	0.002920330584
206957	0.005091811268
206958	0.0004860791852
206959	0.002831367078
206960	0.003647064167
206961	0.0006338685713
206962	0.002498760392
206963	0.002502821919
206964	1.496242613e-06
206965	0.002502333055
206966	0.0001260641287
206967	0.00250349714
206968	0.0005080940733
206969	0.001961011982
206970	0.0007425662116
206971	0.003684909006
206972	0.003845876503
206973	0.0001648356355
206974	0.0002065527423
206975	0.00136407647
206976	0.0006056603174
206977	0.002577306831
206978	0.001164807505
206979	0.009008860905
206980	0.001756508769
206981	0.001581746975
206982	0.0007332286533
206983	0.001888791131
206984	0.0007233116021
206985	0.006041243073
206986	0.001627078253
206987	0.007564278779
206988	0.002977737004
206989	0.0003548745903
206990	0.00110147135
206991	0.005662355158
206992	0.004788644582
206993	0.002662056533
206994	0.003393638053
206995	0.002848292563
206996	0.0004587851507
206997	0.006006298199
206998	0.001404647343
206999	0.004223656498
207000	0.001176192725
207001	0.002229900755
207002	0.001683538053
207003	0.0002630510597
207004	0.002333984224
207005	0.0009407901295
207006	2.900779846e-05
207007	0.001670181253
207008	2.501224815e-06
207009	0.003986570042
207010	0.000977642701
207011	0.0009830383353
207012	0.001219580502
207013	0.0006000556246
207014	0.0007227256514
207015	0.0006106063083
207016	0.001219262247
207017	0.0002430300418
207018	0.001086259098
207019	0.0008446464723
207020	7.358565495e-07
207021	1.364991908e-06
207022	3.880160891e-06
207023	1.13011402e-06
207024	0.0001224398829
207025	5.393192453e-06
207026	0.0001136067256
207027	0.0001252100234
207028	0.0001092079528
207029	0.0001205398567
207030	6.630161298e-07
207031	9.346542884e-06
207032	0.0001085109867
207033	2.051983702e-06
207034	0.0001132954381
207035	8.566981309e-06
207036	0.0001083645911
207037	8.277556252e-06
207038	0.00010832991
207039	1.562135633e-05
207040	0.0001141019211
207041	9.407867401e-06
207042	0.002067895517
207043	1.065219083e-05
207044	0.0007770052837
207045	0.0009354461731
207046	0.002235390641
207047	0.004482725855
207048	0.005609330113
207049	0.004218003723
207050	0.004642222578
207051	0.002031802704
207052	0.002666848523
207053	0.001453115287
207054	0.001364332733
207055	0.002313957036
207056	0.0004978045266
207057	0.001836735193
207058	0.001677856709
207059	0.0002211300969
207060	0.003323515292
207061	0.001463716317
207062	0.0004949804268
207063	0.00245090246
207064	0.0007210047175
207065	0.001173814741
207066	0
207067	0.003509294793
207068	0.003718644349
207069	0.00262687742
207070	0.003632920045
207071	0.0002433304241
207072	0.004089382093
207073	0.005229709842
207074	0.006776120093
207075	0.0006105164396
207076	0.00558423308
207077	0.002799365539
207078	0.004773470627
207079	0.00315876064
207080	0.004397292343
207081	0.006621798292
207082	0.004745599629
207083	0.0002386914672
207084	7.686152685e-05
207085	0.005043235518
207086	0.003470348271
207087	0.004398265418
207088	0.00109908108
207089	0.005891306842
207090	0.001905741363
207091	0.0003115285402
207092	0.004541939813
207093	0.00106526012
207094	0
207095	0.002782790351
207096	0.00878854163
207097	0.0009387520555
207098	0.001265376188
207099	0.00350298774
207100	0.005332359471
207101	0.001104611279
207102	0.003286252432
207103	0.00535051893
207104	0.001075363863
207105	0.0006040404579
207106	0.003265349395
207107	0.002941505382
207108	0.002473723089
207109	0.000828080526
207110	0.003332140946
207111	0.002098728489
207112	0.001025812375
207113	0.0007701199187
207114	0.00104179324
207115	0.003847036445
207116	0.002244571676
207117	0.005784308631
207118	0.00378922442
207119	0.008893105375
207120	0.00605859441
207121	0.001648359139
207122	0.006117105861
207123	0.00100074772
207124	0.004803069801
207125	0.0002241261993
207126	0.002681236748
207127	0.0003804779556
207128	0.002094911135
207129	0.004976605745
207130	0.001875046317
207131	0.0006538482633
207132	0.0002496272412
207133	0.0005112991339
207134	0.002461193357
207135	0.002271488422
207136	0.002491656946
207137	0.007320861732
207138	0.006738665298
207139	0.01653974569
207140	0.002089259951
207141	0.01229050802
207142	0.00284806593
207143	0.009263784795
207144	0.007557663652
207145	0.01777349241
207146	0.003850116051
207147	0.002798508306
207148	0.005778496043
207149	0.001389068631
207150	0.0005601226434
207151	0.002322396611
207152	0.009796355954
207153	0.001354060673
207154	0.006900840635
207155	0.01355851365
207156	0.0007706459348
207157	0.00698514098
207158	0.01007664888
207159	0.006567832127
207160	0.0001629224622
207161	0.00611546364
207162	0.0004103918646
207163	0.005421658175
207164	0.004296025732
207165	0.007753597093
207166	0.001627362166
207167	0.01061878863
207168	0.000828902164
207169	0.003155166257
207170	0.0003430521344
207171	0.003228402692
207172	0.009456280634
207173	0.0001083127438
207174	0.0002688626056
207175	0.003815614184
207176	0.001628235927
207177	0.001448725196
207178	9.599049969e-05
207179	0.002241370028
207180	0.002656957672
207181	0.006199008
207182	0.0001583953208
207183	0.01146119197
207184	0.001581442084
207185	0.006866335919
207186	0.004593507371
207187	0.004319882744
207188	0.00251262843
207189	0.00353481449
207190	0.004909977173
207191	0.001330419396
207192	0.01402222109
207193	0.004310011767
207194	0.005966841489
207195	0.0003899759541
207196	0.004099338398
207197	0.003957371087
207198	0.004955380212
207199	0.004946566431
207200	0.001771094501
207201	0.001335616968
207202	0.007127076358
207203	0.003119981966
207204	0.008165433548
207205	0.0009889951825
207206	0.007826301004
207207	0.005769338958
207208	0.001434656291
207209	0.002773570942
207210	0.001937306858
207211	0.002865588369
207212	0.001290743596
207213	0.01874768566
207214	0.003115333247
207215	0.002412490249
207216	0.004200144283
207217	0.00339275046
207218	0.00421138582
207219	0.0001849245933
207220	0.000139773382
207221	0.0006010216949
207222	0.0003637347856
207223	0.002733191342
207224	0.004450282848
207225	0.0004529662548
207226	0.0009733120626
207227	0.005550114235
207228	0.002493141149
207229	0.0005811334808
207230	0.0002884953886
207231	0.0005109447103
207232	0.0009036798081
207233	0.0001996176636
207234	4.796125658e-05
207235	0.002079353747
207236	0.0005783386496
207237	0.0008332410103
207238	0.0004797333568
207239	0.0003870068671
207240	8.418894551e-05
207241	0.001818183012
207242	0.001249410238
207243	0.0029339247
207244	0.0003059982162
207245	0.002190038771
207246	0.0008703107488
207247	0.001561781839
207248	0.0024314808
207249	0.01370205028
207250	0.00127438619
207251	0.008124597196
207252	0.006072677163
207253	0.002619933963
207254	0.0002010007721
207255	0.001512376971
207256	0.00434599261
207257	0.005056449291
207258	0.01582998462
207259	0.006694361643
207260	0.006167516501
207261	0.01036667623
207262	0.001695850271
207263	0.003860607766
207264	0.007161353011
207265	0.001428428582
207266	0.0006819439314
207267	0.004956911668
207268	0.006130004733
207269	0.003672591268
207270	0.0001256223682
207271	0.002235991343
207272	0.001356839816
207273	0.001282094794
207274	0.004858070997
207275	0.0005956369237
207276	0.001486763106
207277	1.918929822e-07
207278	0.002786287893
207279	0.007703003749
207280	0.002924789262
207281	0.007779610203
207282	0.01250300873
207283	0.0008620346388
207284	0.003873752442
207285	0.002961209002
207286	0.002984596821
207287	0.001557981038
207288	0.008976356408
207289	0.005432389793
207290	0.001299281405
207291	0.0005031349354
207292	0.00396699836
207293	0.005587900952
207294	0.00854354133
207295	0.002908322428
207296	0.002173798496
207297	0.0007128138752
207298	0.003368462124
207299	0.0001307421466
207300	0
207301	0.001564046814
207302	0.006133976829
207303	0.005755633911
207304	0.01301713724
207305	0.0002416886964
207306	0.002314397634
207307	0.0002240311523
207308	0.001820357556
207309	0.007455052897
207310	0.003364574629
207311	0.006174140345
207312	0.002019676732
207313	0.007470178804
207314	0.002225670897
207315	0.002224329206
207316	0.01400065652
207317	0.007291242349
207318	0.0008704445227
207319	9.124436097e-05
207320	0.0005418189343
207321	0.0009737544535
207322	0.002066538434
207323	0.001056878423
207324	0.0117324026
207325	0.005413479855
207326	0.005350763327
207327	0.006833912332
207328	0.0004580411998
207329	0.005734098851
207330	0.0005968023954
207331	0.006416662384
207332	0.002035727153
207333	0.006681639649
207334	0.0008245861686
207335	0.003566855531
207336	0.004879765733
207337	0.001853990627
207338	0.002685130428
207339	0.0003179979121
207340	0.004863492763
207341	0.007400561998
207342	0.01233989813
207343	0.003278963117
207344	0.004777498005
207345	0.002582417654
207346	0.006604096855
207347	0.00546362615
207348	0.001834299261
207349	0.002383570588
207350	0.009199019322
207351	0.0005368571968
207352	0.0004640752294
207353	0.001774454503
207354	0.002324715466
207355	0.008458013595
207356	0.003332942613
207357	0.001131186046
207358	0.00304361893
207359	0.002352937331
207360	0.001642695956
207361	0.00180407534
207362	0.004941861053
207363	5.520922356e-05
207364	0.002413823746
207365	0.002610655121
207366	0.004247574862
207367	0.0004267140287
207368	0.001724671234
207369	0.002289379387
207370	0.004003267161
207371	0.006550546468
207372	0.0005113880928
207373	0.008854610459
207374	0.002824816969
207375	0.0003457834091
207376	0.0003236985915
207377	0.001062998907
207378	0.002015493798
207379	0.0009861681944
207380	0.004100170266
207381	0.0006478679438
207382	0.0008708834709
207383	0.004906977144
207384	0.00315921004
207385	0.0001380867049
207386	0.001057635396
207387	0.002035020724
207388	0.01223446765
207389	0.01537200246
207390	0.0158982825
207391	0.001040886385
207392	0.004472930949
207393	0.001032637589
207394	0.01928669255
207395	0.00204031866
207396	0.00294407349
207397	0.003468955492
207398	0.002940644481
207399	0.007058427317
207400	0.008320503435
207401	0.01303754296
207402	0.001563721189
207403	0.007579508349
207404	0.009858368943
207405	0.01089679227
207406	0.001209380514
207407	0.006970926497
207408	0.001606936721
207409	0.004031592927
207410	0.000909399708
207411	0.004877486821
207412	0.008492893908
207413	0.008245626782
207414	0.001740992325
207415	0.002126215417
207416	0.001671036244
207417	0.005545937154
207418	0.00555356733
207419	0.001323553647
207420	0.005292930054
207421	0.0177993272
207422	0.01332259647
207423	0.00518161209
207424	0.003528609609
207425	0.007825867003
207426	0.005229908577
207427	0.004255088253
207428	0.0007945199887
207429	0.004507131284
207430	0.002344349988
207431	0.005780213464
207432	0.001051677805
207433	0.006407220695
207434	0.005935051059
207435	0.01029695841
207436	0.0137252074
207437	0.002506008648
207438	0.01374797786
207439	0.002066280792
207440	0.0005251892784
207441	0.001348144434
207442	0.003151699446
207443	0.0007673572924
207444	0.005416740148
207445	0.003455836191
207446	0.004239299951
207447	0.00700343662
207448	0.004585277033
207449	0.01360613328
207450	0.001861378452
207451	0.01157671324
207452	0.01193618414
207453	0.007366175309
207454	0.007218896926
207455	0.004175569082
207456	0.02154319379
207457	0.005141798276
207458	0.003554360304
207459	0.0064661606
207460	0.01046255979
207461	0.000769118544
207462	0.001714743173
207463	0.00139599587
207464	0.00312038981
207465	0.0002978298043
207466	0.01174506944
207467	0.004558889151
207468	0.01078702678
207469	0.0002885151845
207470	0.003137342611
207471	0.01373987764
207472	0.009839643203
207473	0.002809463631
207474	0.00888308782
207475	0.01422119765
207476	0.009761832594
207477	0.005119317884
207478	0.002357973495
207479	0.006612696684
207480	0.002519989756
207481	0.001006811547
207482	0.007189700559
207483	0.01287723453
207484	0.001618455009
207485	0.00176437924
207486	0.002795108842
207487	0.0009776538025
207488	0.01081337249
207489	0.0005819735299
207490	0.008706147549
207491	0.01062166929
207492	0.0117787664
207493	0.001540852864
207494	0.003528520469
207495	0.0006834062708
207496	0.004629317843
207497	0.001460793039
207498	0.003289368013
207499	0.004765268152
207500	0.002538763036
207501	0.01663629453
207502	0.01175623016
207503	0.001180238355
207504	0.00734441961
207505	0.0009897650815
207506	0.006772111614
207507	0.005456525395
207508	0.009006998756
207509	0.005354018214
207510	0.004330369364
207511	0.004969843363
207512	0.0004435900246
207513	0.002124742713
207514	0.002277326496
207515	0.004278551466
207516	0.004976696717
207517	0.007437445461
207518	0.001978764131
207519	0.004397420752
207520	0.002505286669
207521	0.001440554681
207522	0.00524367438
207523	0.002490600282
207524	0.01236218287
207525	0.001683332729
207526	0.001731152994
207527	0.002496722248
207528	0.008411185523
207529	0.003827802325
207530	0.008377785181
207531	0.002909915567
207532	5.630733912e-05
207533	0.003167882288
207534	0.00466705049
207535	0.007672732269
207536	0.005682256717
207537	0.001823751714
207538	0.004982158125
207539	0.002157932495
207540	0.0002735838133
207541	0.0004382077265
207542	0.000770203386
207543	0.001117096607
207544	0.001680674891
207545	0.0003436107948
207546	0.001683168139
207547	0.0008985365472
207548	0.001788080962
207549	0.001567669662
207550	0.0005607010133
207551	0.0007866127135
207552	0.0003381119147
207553	0.0003446582733
207554	0.001568257845
207555	0.0004507304046
207556	0.0006595077973
207557	0.0009036411585
207558	0.001440135511
207559	0.001114766535
207560	0.0007666233513
207561	0.0001139358475
207562	0.00167627147
207563	0.0001088919599
207564	0.0008894772429
207565	0.001350122731
207566	0.0004502898364
207567	0.001114125021
207568	0.000320346762
207569	0.0008815746923
207570	0.00090627643
207571	0.001670843794
207572	0.002618447958
207573	0.01000248032
207574	0.0006990677478
207575	0.0008898623783
207576	0.01549316725
207577	0.003278185403
207578	0.004553379941
207579	0.0002792079628
207580	1.853095609e-05
207581	0.005348320616
207582	0.001499928753
207583	0.005616193274
207584	0.0003561017325
207585	0.006328288731
207586	0.004209355401
207587	0.0003357504416
207588	0.003489389184
207589	0.002640381467
207590	0.004887394961
207591	0.0001488593813
207592	0.007375192164
207593	0.002562860459
207594	0.005608826498
207595	0.001107659988
207596	0.006374748659
207597	0.0006120482825
207598	0.005022901723
207599	0.002504802233
207600	0.008126927758
207601	0.01028421128
207602	0.00148095416
207603	0.005481039516
207604	0.000715383333
207605	0.01573595327
207606	0.005005373169
207607	0.002620363382
207608	0.005161159329
207609	0.00405605293
207610	0.0004231843436
207611	0.002033842436
207612	0.0007601343319
207613	0.006081326572
207614	0.004962294847
207615	0.002771033167
207616	0.003650555901
207617	0.005294268046
207618	0.005171460382
207619	0.00307883007
207620	0.004157483335
207621	0.002574509251
207622	0.004793609082
207623	0.0006785111481
207624	0.005746638082
207625	0.005824477032
207626	0.004771896131
207627	0.002261414629
207628	0.001517020518
207629	0.0005767479441
207630	0.0009970346496
207631	0.0005372417756
207632	0.006545545946
207633	0.003011134333
207634	0.0008765628451
207635	0.001086671125
207636	0.004504716955
207637	0.004255963176
207638	0.002313786559
207639	0.001759514524
207640	0.001464586617
207641	0.003619895888
207642	0.0008129291267
207643	0.004821307496
207644	0.00385996441
207645	0.001179387279
207646	0.0003862251922
207647	0.005089717512
207648	0.000902689178
207649	0.006450933638
207650	0.002648524415
207651	0.0003297814996
207652	0.004831424556
207653	0.004649598972
207654	0.005552366955
207655	0.0076591891
207656	0.0008940048116
207657	0.002094945015
207658	0.008732607659
207659	0.005810381288
207660	0.009754191885
207661	0.0003926944584
207662	0.002721520281
207663	0.01021113037
207664	0.001743333557
207665	0.005838321864
207666	0.003146495759
207667	0.001321843669
207668	0.0001300035036
207669	0.007353971592
207670	0.01770454169
207671	0.01301294733
207672	0.0034456766
207673	0.008955517839
207674	0.001187504484
207675	0.003966893196
207676	0.007372387486
207677	0
207678	0.004177517595
207679	0.003973481933
207680	0.007241921092
207681	0.004834529419
207682	0.007415925877
207683	0.0009931242263
207684	0.005378899863
207685	0.005316490807
207686	0.003068064159
207687	0.007325936619
207688	0.001408001045
207689	0.01041146387
207690	0.005928242852
207691	0.007546231119
207692	0.003214156815
207693	0.002716836608
207694	0.01036012006
207695	0.01949523514
207696	0.0009674161563
207697	0.006909090213
207698	0.008327786027
207699	0.0005793893689
207700	0.005174922142
207701	0.002005696936
207702	0.002675147579
207703	0.0003271457438
207704	0.004170993369
207705	0.01506686879
207706	0.004579003911
207707	0.005416005395
207708	0.0003422188801
207709	0.005847647532
207710	0.001270721016
207711	7.987691215e-05
207712	0.004101295559
207713	0.00299080575
207714	0.009618498048
207715	0.002918534304
207716	0.001932567238
207717	0.0008466631005
207718	0.01084892164
207719	0.002044458178
207720	0.0003916090307
207721	0.008490861326
207722	0.003223205536
207723	0.0009960902371
207724	0.007398567962
207725	0.0009771015699
207726	0.004708545417
207727	0.00418620508
207728	0.004965036723
207729	0.006587244369
207730	0.00145699637
207731	0.00487391391
207732	0.006021440686
207733	0.0005955130421
207734	0.009294290776
207735	0.003005107151
207736	0.007676880361
207737	0.005106571202
207738	0.001861323313
207739	0.0005123840701
207740	0.003181411385
207741	0.01291050557
207742	0.002337502553
207743	0.008029827744
207744	0.00539703808
207745	0.005304108954
207746	0.001435802127
207747	0.005905894962
207748	0.003193084312
207749	0.002185782135
207750	0.009180922066
207751	0.00860123786
207752	0.0003971035179
207753	0.006114743189
207754	0.01300477527
207755	0.002018963122
207756	0.0009300318169
207757	0.01096761045
207758	0.001288870309
207759	0.009393962761
207760	0.0009643280149
207761	0.004300011741
207762	0.002141776115
207763	0.001626666627
207764	0.001839217997
207765	0.001854044869
207766	0.001912092259
207767	0.0007837770226
207768	0.001260118765
207769	0.001515033277
207770	0.002507894298
207771	0.00819639738
207772	0.002713261702
207773	0.0006150711284
207774	0.0002570570098
207775	0.0001744458676
207776	0.001385558426
207777	0.0001215897755
207778	0.0006833842242
207779	0.00530457195
207780	0.0007016513543
207781	0.008489193468
207782	0.000908222727
207783	0.0008876546083
207784	0.0008557914742
207785	0.003281792687
207786	0.000956818888
207787	0.0009156059503
207788	0.00206162609
207789	0.0009171666138
207790	0.002219062091
207791	0.003509080243
207792	0.002253949963
207793	0.001084620977
207794	0.0009464079263
207795	0.001243856693
207796	0.001163265786
207797	0.00134962711
207798	0.0007174578291
207799	0.0007267256524
207800	0.001759737943
207801	0.0002299351953
207802	0.00285050424
207803	0.002012652617
207804	1.681439412e-05
207805	0.0001245373884
207806	0.002884012575
207807	0.0005471559192
207808	0.001089472043
207809	0.0006107632587
207810	0.0002153986492
207811	0.000718736215
207812	0.0007737511154
207813	0.000284348644
207814	0.0006385098943
207815	0.003786887887
207816	0.003878169598
207817	0.002340979319
207818	0.001797562804
207819	0.001078354045
207820	0.002117986157
207821	0.001219100746
207822	0.0009831256058
207823	0.0003833079176
207824	0.001786884251
207825	0.001177387037
207826	0.0006045757454
207827	0.004647998318
207828	0.002373248372
207829	0.003833606392
207830	0.001270969141
207831	0.0005812747043
207832	0.0003837525241
207833	0.00100434695
207834	0.002136453938
207835	0.001759436117
207836	0.005677226234
207837	0.0001869723706
207838	0.002543005558
207839	0.0004353190846
207840	0.000547185905
207841	0.005061900791
207842	0.001177810848
207843	0.0007664734364
207844	0.0003606985733
207845	0.001008026667
207846	0.002409974553
207847	0.002738408603
207848	0.0006432354105
207849	0.00139008947
207850	0.002345363171
207851	0.0001422737363
207852	0.009570338255
207853	0.001055876721
207854	0.002491759366
207855	0.008840869403
207856	0.005536290795
207857	0.006296559973
207858	0.009700690183
207859	0.0004034831033
207860	0.01218032192
207861	0.00681100272
207862	0.000647041027
207863	0.00365331345
207864	0.002194188716
207865	0.0001641814725
207866	0.001100549403
207867	0.009010614394
207868	0.0007313936404
207869	0.0006707764076
207870	0.001511765096
207871	0.004741969061
207872	0.001068211012
207873	0.002502235688
207874	0.004684077835
207875	0.01053719424
207876	0.007504952734
207877	0.001724075254
207878	0.003491269964
207879	0.0009870459106
207880	0.007772500407
207881	0.0006538400064
207882	0.001215860651
207883	0.0007496894485
207884	0.002392254346
207885	0.006266914381
207886	0.0001683821317
207887	0.002638666569
207888	0.0005588344026
207889	0.004928574917
207890	0.001854237665
207891	0.0005635719202
207892	0.00204750964
207893	0.005925917347
207894	0.001782300159
207895	0.0007979581923
207896	0.0009095441073
207897	0.0003101721231
207898	0.002489611958
207899	0.0009986379518
207900	0.0006779601902
207901	0.004086439416
207902	0.002426620696
207903	0.002596030594
207904	0.003901999924
207905	0.0001098349442
207906	0.002496561062
207907	0.002787508103
207908	0.001193120406
207909	0.005589921746
207910	0.004683566312
207911	0.002200424837
207912	0.001215485038
207913	0.001101013579
207914	0.001567456124
207915	0.007169558908
207916	0.002984899775
207917	0.00133048839
207918	0.002352375695
207919	0.001978224045
207920	0.01185589968
207921	0.004071365291
207922	0.0001283422171
207923	0.005442578213
207924	0.0005510863603
207925	0.002544046368
207926	0.008688457732
207927	0.002734477134
207928	0.002106418554
207929	0.005863442405
207930	0.001013245033
207931	0.001782646638
207932	1.600053759e-05
207933	7.477822329e-05
207934	0.001542357383
207935	0.0002960638421
207936	0.0008541267306
207937	0.001038889839
207938	0.00191068916
207939	0.0005551217899
207940	0.001305016001
207941	0.0007361367356
207942	0.002205612806
207943	0.01048442218
207944	0.002415690393
207945	0.001117420275
207946	0.002022561509
207947	0.001911048269
207948	0.01244921622
207949	0.002573183803
207950	0.002273936719
207951	0.002185069435
207952	0.0007500661225
207953	0.001034171667
207954	0.001823487294
207955	0.001980030656
207956	0.003654580429
207957	0.0009224912238
207958	0.003636728496
207959	0.000928947831
207960	0.0004588000911
207961	0.0007123748397
207962	0.00207475402
207963	0.007856800828
207964	0.0003537700789
207965	0.0008320893065
207966	0.00206458585
207967	0.00101547801
207968	0.003837702132
207969	0.001719487523
207970	0.0003773490403
207971	0.000951979388
207972	0.0004415022769
207973	0.0005256917827
207974	0.0008025565134
207975	0.0002194018117
207976	1.359285309e-05
207977	0.002060919003
207978	0.007384751467
207979	0.0006512142426
207980	0.001128275995
207981	0.001810219487
207982	0.007791637181
207983	0.002881419397
207984	0.0001302509864
207985	0.000708645869
207986	0.002356890787
207987	0.001180741242
207988	0.00148175232
207989	0.009073126433
207990	0.00111160651
207991	0.001578739022
207992	0.001191233219
207993	0.0002188163423
207994	0.001588768049
207995	0.001326750147
207996	0.006834198852
207997	0.005671070759
207998	0.00132508535
207999	0.0001432165689
208000	0.0002276101484
208001	3.210240127e-05
208002	0.00570286011
208003	0.0007741901567
208004	0.006592589084
208005	0.009363954004
208006	0.004294904335
208007	0.00200964237
208008	7.985201924e-05
208009	0.0002648822715
208010	0.00274999473
208011	0.002879556213
208012	0.002273054374
208013	0.002907816876
208014	0.0005307005256
208015	0.001594073564
208016	0.001637500447
208017	0.0005865207205
208018	0.001396816648
208019	0.001941718931
208020	0.001736587615
208021	0.0001086102614
208022	0.002031974899
208023	0.00148436734
208024	0.002171426694
208025	0.000695906693
208026	0.001417483964
208027	0.0007377842383
208028	0.002948159113
208029	0.001982802331
208030	0.0007461280666
208031	0.0002163031777
208032	0.0003614496586
208033	0.001321684827
208034	0.0001111417172
208035	0.0006625830656
208036	0.0007191042654
208037	0.0006412790891
208038	0.001118555114
208039	0.002295496045
208040	0.003207292897
208041	0.009520707772
208042	0.001429981528
208043	0.001358524202
208044	0.001816830794
208045	0.002410248703
208046	0.001810817952
208047	0.00105314252
208048	0.003267083474
208049	0.00162884534
208050	0.001463650158
208051	0.002073604482
208052	0.001227479017
208053	0.0005535628812
208054	0.0001336636988
208055	0.0004558374771
208056	0.002043323011
208057	0.0006292330532
208058	0.001400042355
208059	0.001245909004
208060	0.0005499668722
208061	0.0075699507
208062	0.001100011579
208063	0.0007444579006
208064	0.0006053574752
208065	3.393728454e-05
208066	0.001277630489
208067	0.005206963406
208068	0.0005657960731
208069	0.001969877284
208070	0.0007171594625
208071	0.001504360095
208072	0.00276176707
208073	0.000571283945
208074	0.0004687160674
208075	0.001730252122
208076	0.000271967219
208077	0.0005169992282
208078	0.0009081751055
208079	0.001439992099
208080	0.0117857541
208081	0.002006384724
208082	0.000276136452
208083	0.001075461351
208084	0.00210642838
208085	0.0001384902893
208086	0.0005593135573
208087	0.001798367934
208088	0.0007228810908
208089	0.0007198530285
208090	0.0003813004225
208091	0.001292397194
208092	0.0005583235049
208093	0.002035786213
208094	0.0002123034035
208095	0.0008576028842
208096	0.0009003330179
208097	0.0002304393167
208098	0.00570448456
208099	0.003435283307
208100	0.001326449407
208101	0.01013593352
208102	0.004545916226
208103	0.002555804058
208104	0.002189236384
208105	0.001847182382
208106	0.002508837141
208107	0.002621521944
208108	0.0004110468057
208109	0.0003160314861
208110	9.336573275e-06
208111	1.379616813e-05
208112	0.0005011214231
208113	0.0008512374481
208114	0.0007844862194
208115	0.001963942656
208116	0.001528830388
208117	0.003145068309
208118	0.008292256757
208119	0.0007327331365
208120	0.001454036416
208121	0.001749723044
208122	0.0003232378697
208123	0.0002253184647
208124	0.002084177835
208125	0.001843928917
208126	0.0002191196912
208127	0.003723293418
208128	0.001366594583
208129	0.002071033662
208130	0.002189856917
208131	0.0004290284175
208132	0.0007985634512
208133	0.001994760924
208134	0.0003619532871
208135	0.0005335609006
208136	0.0003559355738
208137	0.001037917121
208138	0.001852327146
208139	0.002575227724
208140	0.001028110477
208141	0.001191987721
208142	0.0002059741891
208143	0.0042501494
208144	0.000382584208
208145	0.002051924075
208146	0.00254843
208147	0.000124907725
208148	0.001179245494
208149	0.002132165031
208150	0.0001046770522
208151	0.00432431752
208152	0.0005099011673
208153	0.005597866161
208154	0.005073394889
208155	0.001088621155
208156	0.002653007803
208157	0.000849814112
208158	0.0001166287079
208159	0.0002874021567
208160	0.001490952176
208161	0.0008218565736
208162	0.003006291997
208163	0.001946093847
208164	0.003079509762
208165	0.003621739927
208166	0.002213415168
208167	5.127317199e-05
208168	0.001652618564
208169	0.002303097329
208170	0.002632780298
208171	0.002237438951
208172	0.0008994612767
208173	0.0007033120488
208174	0.01074966381
208175	0.0001627449747
208176	0.001797351952
208177	0.0007930951205
208178	0.0008946597209
208179	6.130245541e-05
208180	0.001271040666
208181	0.003848005516
208182	0.0001742912369
208183	0.001526198014
208184	0.0004435322296
208185	0.001905015063
208186	0.0009226692277
208187	0.0009427332625
208188	0.0006183332023
208189	0.008375898162
208190	0.002673417517
208191	0.003067888417
208192	0.0006098142639
208193	0.0009096031917
208194	0.001124181822
208195	0.002731824092
208196	0.001249239269
208197	0.004719434503
208198	0.0006607599451
208199	0.0007779270966
208200	0.0008660183545
208201	0.00171206127
208202	0.0003496517364
208203	0.0001414677026
208204	0.001438178544
208205	0.01211455172
208206	8.903210173e-06
208207	0.001007606891
208208	0.001397510774
208209	0.0003800293549
208210	0.0004362860448
208211	0.000134307454
208212	0.0007692348762
208213	0.0003914677551
208214	0.001096912014
208215	0.001148512303
208216	0.002308419241
208217	0.001414146587
208218	0.0007740154295
208219	0.002394162005
208220	0.002312459397
208221	0.0001337412689
208222	0.001245028962
208223	0.001594616715
208224	0.0007181603278
208225	0.002380225606
208226	5.10861739e-05
208227	3.606464421e-05
208228	0.0002839485497
208229	0.0008711339364
208230	0.001613172211
208231	0.0003812706174
208232	0.001762582973
208233	0.004109284354
208234	0.001434082971
208235	0.001204325971
208236	0.001632094317
208237	0.006274843341
208238	0.0003556261845
208239	6.918775051e-05
208240	0.0002684039518
208241	0.0002870442391
208242	0.001270691243
208243	0.0001448129875
208244	0.00409468008
208245	0.000767739312
208246	0.00435105897
208247	0.0003297302398
208248	0.000221094425
208249	0.001070115073
208250	0.002716334204
208251	0.001710794006
208252	0.005280173468
208253	0.004534769348
208254	0.0001412933471
208255	0.003459431247
208256	0.000406394899
208257	0.001404040435
208258	0.0009580747422
208259	0.0008608549014
208260	0.002919295026
208261	0.001201116187
208262	0.0003721362305
208263	0.001022585637
208264	0.000973080119
208265	0.0007862420207
208266	0.0002677817572
208267	0.001390222148
208268	0.001093412118
208269	0.001221251692
208270	0.0009071049908
208271	0.002674613043
208272	0.0006225566109
208273	0.002760397936
208274	0.000885554734
208275	0.002983300019
208276	0.0008667212328
208277	0.0003487460584
208278	0.001536991442
208279	0.001478124514
208280	7.160071515e-05
208281	0.001209140035
208282	0.0005009823239
208283	0.0001085481164
208284	0.002631662651
208285	0.005068595225
208286	0.001422499692
208287	0.0004638243458
208288	0.0005109420544
208289	0.002582045785
208290	0.002475121421
208291	0.003475427241
208292	0.0007036325094
208293	0.006532446528
208294	0.001334043322
208295	0.003454166112
208296	0.007893000136
208297	0.001740132626
208298	0.001456483554
208299	0.001201308279
208300	0.002816589412
208301	0.0008777531731
208302	0.007432504922
208303	0.002352888544
208304	0.00355947952
208305	0.004225647121
208306	0.002689231644
208307	0.0001152324864
208308	0.003652509745
208309	0.001127477313
208310	0.001903042592
208311	0.0001124928556
208312	0.00117795854
208313	0.00250173039
208314	0.001505091563
208315	0.0007719506564
208316	0.001412933661
208317	0.001148439414
208318	0.001411364803
208319	0.0005980452352
208320	0.0003047232258
208321	0.000753033479
208322	0.0009401612849
208323	0.001287151067
208324	0.008063977965
208325	0.002633320939
208326	0.006814176954
208327	0.0009505069419
208328	0.000591531808
208329	0.00440893382
208330	0.001332361516
208331	0.004361171213
208332	0.0007595064211
208333	0.005380268811
208334	0.01157449135
208335	0.001995205334
208336	0.0009572393206
208337	0.00624220634
208338	0.001054892052
208339	0.005454315112
208340	0.00372027452
208341	0.000825574032
208342	0.005291853643
208343	0.01498590376
208344	0.004651999926
208345	0.005489892756
208346	0.002725049137
208347	0.001173069582
208348	0.001658521106
208349	0.002201412623
208350	0.00648049336
208351	0.003021857788
208352	0.007077945429
208353	0.00583865953
208354	0.01342223476
208355	0.005833546288
208356	0.002809762038
208357	0.004896986103
208358	0.001955937739
208359	0.004493493235
208360	0.001271553247
208361	0.01070605107
208362	0.00121247438
208363	0.002087626562
208364	0.001365343335
208365	0.001650866973
208366	0.0009928395867
208367	0.0003437342363
208368	0.0004202960726
208369	0.0004332396845
208370	0.00194828069
208371	0.002334553902
208372	0.0007111068374
208373	0.002433761586
208374	0.0007200172313
208375	0.001976052004
208376	0.001568306191
208377	0.0005809840561
208378	0.002095262147
208379	0.0003838261353
208380	0.003703818524
208381	0.002328211823
208382	0.0009700227631
208383	0.001762922144
208384	0.002559621059
208385	0.0009651762751
208386	0.001327692638
208387	0.001821837307
208388	0.001614537187
208389	0.0009099032789
208390	0.001268336713
208391	0.00206900943
208392	0.002326180859
208393	0.001084526674
208394	0.0001914463466
208395	0.001620058611
208396	0.001846739754
208397	0.00163190976
208398	0.000236578075
208399	0.001547910884
208400	0.00221652794
208401	0.001670100974
208402	0.0008623055909
208403	0.001032407738
208404	0.0008869631068
208405	0.002857077713
208406	0.0006302827113
208407	0.001092032278
208408	0.0006041582661
208409	0.0009829179981
208410	0.0004538401642
208411	0.001854939071
208412	0.00130177866
208413	0.002018065383
208414	0.001799762258
208415	0.0007811895762
208416	0.002109816577
208417	0.002665231839
208418	0.001645731737
208419	0.0008890906514
208420	0.002466431071
208421	0.00144613335
208422	0.002086852387
208423	4.138725817e-05
208424	0.001720802392
208425	0.0018743713
208426	0.001059648301
208427	0.001801164719
208428	0.001501594584
208429	0.001891524543
208430	0.0008398689117
208431	0.001611500796
208432	0.00137556499
208433	6.940456058e-05
208434	0.001605266792
208435	0.001039052675
208436	0.001246612956
208437	0.0003097375433
208438	0.002122843063
208439	7.799909051e-05
208440	0.002250073259
208441	0.001423198842
208442	0.0002055013345
208443	0.001234055788
208444	0.000278154921
208445	0.001080862765
208446	0.001936365598
208447	0.001249644305
208448	0.001219815291
208449	9.037670644e-05
208450	1.64280489e-05
208451	0.0001593328244
208452	0.001523293613
208453	0.001267964314
208454	0.000745596617
208455	0.001904203311
208456	0.0005185098243
208457	0.0008788408452
208458	0.0004368897999
208459	0.001285994531
208460	0.0006716274742
208461	0.001072125993
208462	0.0004228286694
208463	0.001590991585
208464	0.002730049005
208465	0.0006977444425
208466	0.001058702589
208467	0.0001353979228
208468	0.001215825299
208469	0.001620011444
208470	0.002256198951
208471	0.000896973226
208472	0.001794825223
208473	0.001868074916
208474	0.001975100996
208475	0.0009433967309
208476	0.0004811499988
208477	0.000532483379
208478	0.0009412887467
208479	0.002288287264
208480	0.0006142046532
208481	0.0004368200328
208482	0.001623922503
208483	0.001291852624
208484	0.0002826106136
208485	0.001595117742
208486	0.000261816729
208487	0.00025791449
208488	0.0009646078959
208489	0.001416523264
208490	0.0002872713637
208491	0.00123429428
208492	0.0010023754
208493	0.00162506011
208494	0.002024933035
208495	0.001973832674
208496	0.001233194676
208497	0.00126546303
208498	0.0004167165266
208499	0.002435037465
208500	6.951411009e-05
208501	0.001034755533
208502	0.002261452195
208503	0.0002541520958
208504	0.001410024571
208505	0.0008032628626
208506	0.001628892441
208507	0.001316542594
208508	1.605123854e-05
208509	0.001388424747
208510	0.001062216465
208511	0.001472216883
208512	0.0005363509101
208513	0.0008571046873
208514	0.001591915475
208515	0.0001027398187
208516	0.000530397655
208517	0.00113469396
208518	0.001718100648
208519	0.001976891183
208520	0.001755474642
208521	0.0005751332377
208522	0.001110251579
208523	0.001800792564
208524	0.0002552712051
208525	0.001655195933
208526	0.0006660978634
208527	0.0008307557367
208528	0.001573059581
208529	0.003963299926
208530	0.005044241565
208531	0.003501869545
208532	0.004704275822
208533	0.003303493822
208534	0.0008122142254
208535	0.001103266918
208536	0.007924184045
208537	0.00601586122
208538	0.0007564607442
208539	0.008877024208
208540	0.003109166901
208541	0.0021607864
208542	0.003097439988
208543	0.004002548189
208544	0.001734540306
208545	0.004239428133
208546	0.0006336677464
208547	0.005251578099
208548	0.002450608441
208549	0.01219611428
208550	0.002787277876
208551	0.007973964031
208552	0.003137271762
208553	0.004388470646
208554	0.002950372292
208555	0.002698032937
208556	0.0008890840345
208557	0.003869727769
208558	0.002759714895
208559	0.0001020057521
208560	0.00472139058
208561	0.004736511728
208562	0.0005372312151
208563	0.0009662172358
208564	0.00807950065
208565	0.005412867321
208566	0.006006216278
208567	0.003812748677
208568	0.001341144636
208569	0.001403828949
208570	0.001322324017
208571	0.01263594828
208572	0.00233299899
208573	0.003112389743
208574	0.004370690637
208575	7.551476905e-05
208576	0.007245797863
208577	0.002186448104
208578	0.002819403527
208579	0.005863222656
208580	0.002218353809
208581	0.004962836295
208582	0.004906829719
208583	0.003104277565
208584	0.005328132428
208585	0.004795292058
208586	0.002984370615
208587	0.004579634713
208588	0.002338462179
208589	0.003473879963
208590	0.003123529843
208591	0.005521241166
208592	0.005143873443
208593	0.004552588295
208594	0.001316325156
208595	0.001404263759
208596	0.0032477977
208597	0.004617995803
208598	0.007242443216
208599	0.0009745097557
208600	0.00702429767
208601	0.003460849992
208602	0.0002469290072
208603	0.01247642053
208604	0.01775770684
208605	0.01403428303
208606	0.01025596965
208607	0.01408629882
208608	0.003697590863
208609	0.002737839151
208610	0.01316741211
208611	0.00780677379
208612	0.006110404182
208613	0.005905889508
208614	0.007055231217
208615	0.006588719283
208616	0.0003126279716
208617	0.009619042282
208618	0.002444543875
208619	0.01145509036
208620	0.01402897026
208621	0.00967112199
208622	0.008420658131
208623	0.01094419337
208624	0.003204870012
208625	0.008013155494
208626	0.008764954273
208627	0.0005390809879
208628	0.01579790607
208629	0.01466528076
208630	0.01077660153
208631	0.01144372916
208632	0.006104670703
208633	0.006143785512
208634	0.001845935356
208635	0.001546231825
208636	0.0007650137523
208637	0.006292042535
208638	0.00218061528
208639	0.0001252265384
208640	0.002462853004
208641	0.01159453866
208642	0.0001157779887
208643	0.0006750445143
208644	0.01198587023
208645	0.0006702783297
208646	0.01544106869
208647	0.001359852602
208648	0.003579404734
208649	5.898021667e-05
208650	0.01246948005
208651	0.002601448821
208652	0.001989204923
208653	0.006022065021
208654	0.002579617175
208655	0.001987485806
208656	0.001998430918
208657	0.003315011826
208658	0.002405054382
208659	0.002233246897
208660	0.002092263666
208661	0.002306981384
208662	0.001142550921
208663	0.000363023507
208664	0.001393596656
208665	0.001310999997
208666	0.001870304994
208667	0.004421723789
208668	0.003191198117
208669	0.001915386327
208670	0.006530706828
208671	0.002330963201
208672	0.003558901217
208673	3.638265101e-05
208674	0.0003734291176
208675	0.000558195989
208676	0.002005663076
208677	0.003741630803
208678	0.002764840841
208679	0.003789925078
208680	0.01077743654
208681	0.01597621101
208682	0.004883104352
208683	0.003985268412
208684	0.005814875772
208685	0.005798167347
208686	0.01062280756
208687	0.004360422954
208688	0.004475124007
208689	0.002432437932
208690	0.001578865248
208691	0.00297743562
208692	0.004188819769
208693	0.003220570921
208694	0.003547690183
208695	0.006440914922
208696	0.004431824781
208697	0.0002390285109
208698	0.005776749081
208699	0.002011653354
208700	0.006427915259
208701	0.001611857093
208702	0.005505278399
208703	0.005236691771
208704	0.005421683991
208705	0.002263580547
208706	0.005115738364
208707	0.005595650922
208708	0.002116087306
208709	0.001303899327
208710	0.003387532214
208711	0.005813300578
208712	0.00378132467
208713	0.002240828976
208714	0.00525411875
208715	0.00420465843
208716	0.003712330593
208717	0.003805023256
208718	0.007111536706
208719	0.007092066642
208720	0.006809638485
208721	0.01157429508
208722	0.003477398086
208723	0.003540118851
208724	0.0006033693035
208725	0.004821596813
208726	0.001921510493
208727	0.003406069026
208728	0.003219766564
208729	0.001146359249
208730	0.004070951671
208731	0.006212932128
208732	0.002747334989
208733	0.004101487829
208734	0.004393818256
208735	0.003934373429
208736	0.002234706502
208737	0.001435503313
208738	0.002829428901
208739	0.006338679529
208740	0.004850057282
208741	0.005056934036
208742	0.005373072788
208743	0.005845604748
208744	0.002696500611
208745	0.004631677616
208746	0.004266716556
208747	0.002038230723
208748	0.00174511748
208749	0.001850349092
208750	0.003601054536
208751	0.003783421402
208752	0.004516917153
208753	0.004740876969
208754	0.0006496161029
208755	0.001779513888
208756	0.0004087026062
208757	0.0006075046377
208758	0.002921561915
208759	0.002436037998
208760	0.002465926362
208761	0.003699459799
208762	0.00129171257
208763	0.003657281049
208764	0.001002308067
208765	0.000830065278
208766	0.000345207127
208767	0.000666051843
208768	0.001132718288
208769	0.0008999871144
208770	0.001929870941
208771	0.002821609031
208772	0.002901124022
208773	0.0002038786175
208774	0.001851854779
208775	0.001725880529
208776	0.0007677977461
208777	0.000182681039
208778	8.944382507e-05
208779	0.004913110354
208780	0.0004469569041
208781	0.01169482689
208782	0.007985384301
208783	0.003636013984
208784	0.0002755771909
208785	0.002260861723
208786	0.004169114852
208787	0.00112447051
208788	0.0003741913877
208789	0.002166605565
208790	0.001912308388
208791	3.851305861e-05
208792	0.0005310093868
208793	0.0003617931427
208794	0.002996627079
208795	0.0007826701343
208796	0.000870723975
208797	0.0009816227608
208798	0.008764597967
208799	0.00880843487
208800	0.001829953715
208801	0.005542514944
208802	0.0004618230746
208803	0.0002899270282
208804	0.0003338972679
208805	0.002564842343
208806	0.002305013611
208807	0.001081177986
208808	4.473901258e-05
208809	0.001236099605
208810	0.01313141267
208811	2.764420787e-05
208812	0.001094098807
208813	7.611713204e-05
208814	0.002544011621
208815	0.001197590712
208816	0.001044778317
208817	0.0004700978737
208818	0.002038417075
208819	0.001121764691
208820	5.170913222e-07
208821	0.0002310580964
208822	0.001295984285
208823	0.001234946783
208824	0.003421710262
208825	0.0004614541751
208826	0.001106082889
208827	0.002360176763
208828	0.0005247423569
208829	0.00144100884
208830	0.006730866471
208831	0.001073936637
208832	0.006248795082
208833	0.004563168277
208834	0.0005195981041
208835	0.002925517348
208836	0.002837614815
208837	0.000843095349
208838	0.006297936033
208839	0.0009513388774
208840	0.001721614713
208841	0.0001428193659
208842	0.002842367254
208843	0.001049201012
208844	0.001802821525
208845	0.001273562832
208846	0.002525756198
208847	0.001189742767
208848	0.001944662024
208849	0.00146598936
208850	0.002782308961
208851	0.000629393001
208852	0.001050853652
208853	0.0003156993071
208854	0.001744525003
208855	0.001785066863
208856	0.00178425505
208857	0.0007207165381
208858	7.192433959e-05
208859	0.001120440017
208860	0.001836509166
208861	0.002247308448
208862	0.002424149437
208863	0.001203103455
208864	0.005367428285
208865	0.006204256197
208866	0.01030492114
208867	0.0009751558814
208868	0.002004053623
208869	0.002364445017
208870	0.001267637973
208871	9.364435534e-05
208872	0.0003646675828
208873	0.002819166292
208874	0.003928004246
208875	0.0002077149625
208876	0.0007072263169
208877	0.0007015504995
208878	0.0002453002761
208879	0.000356254126
208880	0.0002570902347
208881	0.0003970753285
208882	0.0009792101458
208883	0.0009009484924
208884	0.002034776386
208885	0.0001159349221
208886	0.0003045280183
208887	2.126083727e-05
208888	0.001357914608
208889	0.001740324297
208890	0.004082104081
208891	0.00306810868
208892	0.0003312229526
208893	0.0008071909925
208894	0.00689315307
208895	0.005025454476
208896	0.002768388886
208897	0.0011133567
208898	0.003258410897
208899	0.006396218614
208900	0.001408935939
208901	0.000136269415
208902	0.0004452456802
208903	0.0001572706151
208904	6.741874638e-06
208905	0.002555537018
208906	0.002331724816
208907	0.004483545446
208908	0.001523170738
208909	0.003724104583
208910	0.0003626886485
208911	0.0003048197891
208912	0.0002799232803
208913	0.001417990873
208914	0.002484824319
208915	0.0001573394717
208916	0.0007646649459
208917	0.005269607013
208918	0.001272343499
208919	0.004766260199
208920	0.0003342351683
208921	0.0006691710971
208922	0.0009361265799
208923	3.721079507e-05
208924	0.003942632846
208925	0.0006022819202
208926	0.0005801453491
208927	0.00126830538
208928	0.002908125173
208929	0.0003499284333
208930	0.007592673645
208931	0.002702674691
208932	0.001701619502
208933	0.003425736245
208934	0.003077057142
208935	0.002822399419
208936	0.001258746655
208937	0.00294594796
208938	0.001575499594
208939	0.001399900676
208940	0.001313128801
208941	0.001696306903
208942	0.003415830392
208943	0.003585575468
208944	0.001739003609
208945	0.003294842765
208946	0.003534992622
208947	0.0005030737038
208948	0.0007389558838
208949	0.005696260075
208950	0.0004639424613
208951	0.002673679088
208952	0.002343873672
208953	9.136913376e-05
208954	0.003507637998
208955	0.001622844207
208956	0.00290753509
208957	0.0003965634355
208958	0.005289815312
208959	0.002166220429
208960	0.0002983909752
208961	0.0005066935652
208962	0.002273610697
208963	0.002574047092
208964	0.002247653052
208965	0.000317641224
208966	0.001709375025
208967	0.002648207828
208968	0.001775015655
208969	0.00376481478
208970	0.0005436308527
208971	0.0003783070461
208972	7.561787143e-06
208973	0.006970998231
208974	0.003388001448
208975	0.001352231224
208976	0.00268627743
208977	0.002264660849
208978	0.002121103211
208979	0.001900509068
208980	0.006204438451
208981	0.001307565386
208982	0.0007103483901
208983	1.183890817e-05
208984	0.0005600185
208985	0.0007188175738
208986	0.005510427202
208987	0.00745336047
208988	0.0006508870553
208989	0.0002414258628
208990	0.00145457457
208991	0.001576563949
208992	0.001274160445
208993	0.002768995424
208994	0.005277103212
208995	0.001263945247
208996	0.001601293372
208997	0.002610587846
208998	0.001891596246
208999	0.0007343994881
209000	0.008572026728
209001	0.0008874129429
209002	0.004670988894
209003	0.002500344057
209004	0.0008026969708
209005	0.0001886495757
209006	0.000678582506
209007	0.006482690684
209008	0.001718432416
209009	0.0002964985383
209010	2.591965583e-05
209011	0.0002683285077
209012	0.006200472515
209013	0.001454358349
209014	0.004915629675
209015	0.0023851622
209016	0.0002862177079
209017	0.003829590171
209018	0.002425530872
209019	0.01334271942
209020	0.00280196238
209021	0.004317613525
209022	0.004257336289
209023	0.001840511471
209024	0.006146973183
209025	0.006603720781
209026	0.002350274776
209027	0.001379363417
209028	0.0004962336138
209029	0.004081796829
209030	0.001365697824
209031	0.0009395683087
209032	0.0002494183763
209033	0.0003177141331
209034	0.002030265386
209035	0.002604591807
209036	0.001058722907
209037	0.004343965374
209038	0.00673370339
209039	0.00413978268
209040	0.005302755369
209041	0.003669017312
209042	0.003144657483
209043	0.006617934771
209044	0.002763896237
209045	0.003397906657
209046	0.0002362523976
209047	0.0001672021063
209048	4.565443948e-05
209049	0.000135686447
209050	0.002666488438
209051	0.001983055511
209052	0.009386262052
209053	0.007594812569
209054	0.00519904606
209055	0.000669072887
209056	0.004593325597
209057	0.01609619564
209058	0.009507834965
209059	0.006093852129
209060	0.006832679943
209061	0.006658878303
209062	0.0003957894014
209063	0.00275457418
209064	8.806227438e-05
209065	0.001183521945
209066	0.0051254848
209067	0.00201217691
209068	0.006676199193
209069	0.006278951281
209070	0.001984206037
209071	0.0002843918956
209072	0.0002267927671
209073	0.001593097851
209074	0.001821383474
209075	0.002925563671
209076	0.0001378996909
209077	0.0008566260514
209078	0.004245875913
209079	0.004420430951
209080	0.001614806052
209081	1.725484415e-05
209082	0.001263928594
209083	0.001643277749
209084	0.001483283175
209085	1.591349554e-07
209086	0.0008613806329
209087	0.0003198389737
209088	0.002477553861
209089	0.002639964049
209090	0.0005924899442
209091	0.001041905028
209092	0.00461188668
209093	0.004246794856
209094	0.004326617452
209095	0.001739101057
209096	0.0004420539133
209097	0.001234888729
209098	0.003113085111
209099	0.0004431493812
209100	0.00077322031
209101	0.002208024542
209102	0.0008821032249
209103	0.001858897173
209104	0.001623844045
209105	0.0007019313954
209106	0.003654570945
209107	0.003560862166
209108	0.002197744852
209109	0.003053773955
209110	0.001563100542
209111	0.002744097765
209112	2.716221913e-06
209113	0.003233299559
209114	0.002468803827
209115	0.000678623272
209116	0.002252245394
209117	0.001859494917
209118	7.603582027e-05
209119	0.002156137631
209120	0.004980855874
209121	0.002951337916
209122	0.002988061857
209123	0.0003881670531
209124	0.005572889191
209125	0.00356456921
209126	0.001593214702
209127	0.0007863446937
209128	0.003993578163
209129	0.002174274371
209130	0.001775679745
209131	0.000895482661
209132	0.002932936595
209133	0.001928679416
209134	0.001984499441
209135	0.0001619916991
209136	0.001499524796
209137	0.002841787057
209138	3.643849012e-06
209139	1.079449122e-05
209140	5.227935626e-05
209141	0.001023343541
209142	0.003431970396
209143	0.001747569339
209144	0.0007810529754
209145	0.002336777784
209146	0.003011233362
209147	0.001816553028
209148	0.001354841328
209149	0.0008333021741
209150	0.001353211851
209151	0.00299633637
209152	0.00155193874
209153	0.0009390834541
209154	0.002768938297
209155	0.002317312699
209156	0.002544480088
209157	8.7251147e-06
209158	0.0009157793857
209159	0.002147952217
209160	0.003492923421
209161	0.009320051409
209162	0.001691430181
209163	0.00621490404
209164	0.001392915105
209165	0.000536510405
209166	0.007504379462
209167	0.001145527432
209168	0.00788121358
209169	0.008426815516
209170	0.002170849038
209171	0.01693353631
209172	0.000168711013
209173	0.002475959003
209174	0.0001569896679
209175	0.004735944599
209176	0.003819847459
209177	0.002174034941
209178	0.004246875
209179	0.002414342224
209180	0.0001711366618
209181	0.006429087769
209182	0.006637418709
209183	0.001794135652
209184	0.001639999888
209185	0.002119916384
209186	0.004539826394
209187	0.001378336594
209188	0.003692202139
209189	0.0007473085137
209190	0.001442936372
209191	0.009185143181
209192	0.0006855316603
209193	0.001114619395
209194	0.00707420522
209195	0.00491846808
209196	0.0168484681
209197	0.01057889274
209198	0.001437935913
209199	0.0002504775828
209200	0.009939495785
209201	0.00856064809
209202	0.0003769799295
209203	0.003654457071
209204	0.001799156357
209205	0.0001415014929
209206	0.002907541511
209207	0.0001237997824
209208	0.00310948674
209209	0.0005735217529
209210	0.01017537144
209211	0.006570333569
209212	0.007951979869
209213	0.003369624275
209214	0.005942578042
209215	0.005453582581
209216	0.00384322011
209217	0.003882316118
209218	0.003211864332
209219	0.003843482815
209220	0.004477633765
209221	0.01245956304
209222	0.001121398461
209223	8.865643861e-06
209224	0.002378742963
209225	0.0007370455379
209226	0.001027760018
209227	0.0002962188728
209228	0.004624626494
209229	0.00179220776
209230	0.01335726379
209231	0.007312799969
209232	0.00414747179
209233	0.000564031012
209234	0.01029481679
209235	0.0004435244003
209236	0.009480468763
209237	0.0112661404
209238	0.007724133744
209239	0.009452474299
209240	0.0005659810161
209241	0.01391680909
209242	0.01302123707
209243	0.007826854546
209244	0.00125732991
209245	0.001897861147
209246	0.01255198626
209247	0.001799758431
209248	0.002450892832
209249	0.003097740164
209250	0.006596000518
209251	0.001502953811
209252	0.002759525619
209253	0.00213856545
209254	0.002252036324
209255	0.00271099
209256	0.005335314379
209257	0.001225324765
209258	0.005623582246
209259	0.007930325607
209260	0.002851684587
209261	0.007307015895
209262	0.002642630737
209263	0.0007952166808
209264	0.0082390189
209265	0.004439464259
209266	0.01165764026
209267	0.0001194329235
209268	0.001555331181
209269	0.003001291578
209270	0.007882780172
209271	0.004522411133
209272	0.01211862775
209273	0.001533288798
209274	0.0008638594253
209275	0.0007427953627
209276	0.00219810751
209277	0.004449829919
209278	0.001914372773
209279	0.002824065469
209280	0.003238037774
209281	0.0008685308502
209282	0.005589059253
209283	0.003793075748
209284	0.003725200428
209285	0.006211218839
209286	0.0003368712387
209287	0.006567619169
209288	0.001475548514
209289	0.001789003128
209290	0.0001350344572
209291	0.003315567579
209292	0.004909205103
209293	0.003021249185
209294	0.0002615690209
209295	0.006060596977
209296	0.003755996247
209297	0.0007122936925
209298	0.002075251789
209299	0.00314404419
209300	0.001582579876
209301	0.001366680823
209302	0.002502265707
209303	0.001256312659
209304	0.0004646032664
209305	0.009020805116
209306	0.0009610676605
209307	0.001622733153
209308	0.000369788187
209309	0.0002970508521
209310	0.004161302975
209311	0.003943711527
209312	0.005444083937
209313	0.004035409434
209314	0.01452085615
209315	0.005065532092
209316	0.002798081921
209317	0.004152277208
209318	0.004079327863
209319	0.006634768647
209320	0.001829625276
209321	0.006789997262
209322	0.001101506692
209323	0.0007243351817
209324	0.0004218058569
209325	0.0002896724587
209326	0.0006949003832
209327	0.001553942225
209328	0.002870038076
209329	0.01335728465
209330	0.001347343424
209331	0.005166697575
209332	0.00949424934
209333	0.001212372502
209334	0.002885216584
209335	0.00554850035
209336	0.0003169119719
209337	0.01493555737
209338	0.004254718339
209339	0.003354733519
209340	0.008890831415
209341	0.0004937825123
209342	0.004600664144
209343	0.001231637981
209344	0.00100765706
209345	0.001321471914
209346	0.004316777999
209347	0.008518994834
209348	0.009063262953
209349	0.003027060275
209350	0.004855216394
209351	0.008316566846
209352	0.001853758685
209353	0.005580769139
209354	0.003683477573
209355	0.001637165734
209356	0.003227134698
209357	0.0001579006246
209358	0.002768958328
209359	0.00255180924
209360	0.003367810736
209361	0.003977241756
209362	0.005106258251
209363	0.000685939767
209364	0.008041384932
209365	0.004605181566
209366	0.01167158647
209367	0.01461159097
209368	0.007713607105
209369	0.001947723686
209370	0.001604467835
209371	0.002425539937
209372	6.198994132e-05
209373	0.00329089574
209374	0.006890223828
209375	0.004252859791
209376	0.001793373685
209377	0.0004057127535
209378	0.005558988127
209379	0.008572226199
209380	0.0005218036855
209381	0.0003483598269
209382	0.0005220760313
209383	0.004422096697
209384	0.009768510447
209385	0.001715944144
209386	0.002771075818
209387	0.003467718059
209388	0.001300797171
209389	6.231290777e-07
209390	0.0009083074424
209391	0.001305296967
209392	0.001021045665
209393	0.007340299558
209394	0.005879250027
209395	0.001481252954
209396	0.0002115410297
209397	0.001857147484
209398	0.002034321216
209399	0.00410488305
209400	0.001817569098
209401	0.007805963367
209402	0.0008926408211
209403	0.003286295144
209404	0.001699859726
209405	0.001086711195
209406	0.002416644924
209407	0.007833365497
209408	0.006860296083
209409	0.001024616133
209410	0.0005383455749
209411	0.001108074793
209412	0.00334520713
209413	0.004025807448
209414	0.008780332115
209415	0.007948022036
209416	0.003951306865
209417	0.01301593253
209418	0.007219494888
209419	0.002243236344
209420	0.005353003728
209421	0.003539333513
209422	0.003220342074
209423	0.00280176908
209424	0.007622214296
209425	0.004103081656
209426	0.0005086451865
209427	0.01213373713
209428	0.002888379161
209429	0.004750829157
209430	0.003563060826
209431	0.00594086525
209432	0.00466062679
209433	0.007276424418
209434	0.001155538833
209435	0.004128293063
209436	0.003303773076
209437	0.01447262284
209438	0.004479148624
209439	0.0004862206366
209440	0.005866087526
209441	0.006746610433
209442	0.003418670255
209443	0.001231195392
209444	0.002500194126
209445	0.01151415447
209446	0.002491495465
209447	0.0004628132517
209448	0.004226977286
209449	0.001620634443
209450	0.0007698376987
209451	0.009086133118
209452	0.007079412744
209453	0.0006403734579
209454	0.0007357817481
209455	0.006312060034
209456	0.01110316638
209457	0.001630655917
209458	0.004268057252
209459	0.001720598546
209460	0.002258558392
209461	0.002079185839
209462	0.004705675306
209463	0.004752529231
209464	0.002466762755
209465	0.0002542814773
209466	0.001656955999
209467	0.009544300093
209468	0.003230480244
209469	0.006398008127
209470	0.001231277811
209471	0.003258327634
209472	0.00172074773
209473	0.01028867109
209474	0.001055698778
209475	0.00274474616
209476	0.0138314812
209477	0.01082785247
209478	0.004960997563
209479	0.004471813912
209480	0.001406060989
209481	0.0005224732133
209482	3.275529925e-05
209483	0.001020390637
209484	0.006680751853
209485	0.007314844775
209486	0.002204350396
209487	0.005748898371
209488	0.004398485196
209489	0.01082294107
209490	0.008739490043
209491	0.005165560439
209492	0.002317237472
209493	0.006127028104
209494	0.01487873385
209495	0.005023044524
209496	0.002252600404
209497	0.00612458378
209498	0.005132214358
209499	0.001740347711
209500	0.003284263787
209501	0.009168174437
209502	0.001856454942
209503	0.01231080478
209504	0.001876694574
209505	0.0003458742473
209506	0.004833389196
209507	0.01202470342
209508	0.001712743296
209509	0.001762965495
209510	0.001712315472
209511	0.008213964506
209512	0.008451839673
209513	0.0004121563704
209514	0.001689860933
209515	0.00162049961
209516	0.001207287816
209517	0.0023830406
209518	0.0008150276937
209519	0.01623191336
209520	0.001813880683
209521	0.0016068316
209522	0.005301430535
209523	0.003314032263
209524	0.0005235473742
209525	0.002055925026
209526	0.004355194333
209527	0.001305020755
209528	0.001444136368
209529	0.01799887628
209530	0.01290748947
209531	0.0003455838073
209532	0.005225413124
209533	0.0005119289169
209534	0.003239879965
209535	0.003431510451
209536	0.0008210198046
209537	0.002863003083
209538	0.001095705564
209539	0.00176139079
209540	0.0008368828904
209541	0.007774781965
209542	0.006211281069
209543	0.001405961885
209544	0.01501085442
209545	0.00357481725
209546	0.009112893226
209547	0.001238188451
209548	0.001538900374
209549	0.0002187400858
209550	0.006457171336
209551	0.003703042197
209552	0.001465574606
209553	0.01316404037
209554	0.009210333908
209555	0.009237639691
209556	0.000811964473
209557	0.0004210431039
209558	9.574615908e-05
209559	0.0005888752561
209560	0.0009515033389
209561	0.0006972897163
209562	0.000814558829
209563	0.001992239929
209564	0.001161452317
209565	0.00380314084
209566	0.002631707488
209567	0.004425249066
209568	0.0001098204276
209569	0.005151376408
209570	0.0005792850612
209571	0.002193361853
209572	0.004617655984
209573	0.0003914068405
209574	0.005314848121
209575	0.002978098812
209576	0.001281068423
209577	0.001385209956
209578	0.003829908779
209579	0.003066157084
209580	0.0003706201458
209581	0.004703482985
209582	0.001173991987
209583	0.0005452202216
209584	0.00174747029
209585	0.003003144348
209586	0.001736092907
209587	0.0008659838117
209588	0.001999228901
209589	0.0002165383972
209590	0.002510746707
209591	0.0006578753958
209592	0.002483747628
209593	0.002563891743
209594	0.0008402894417
209595	0.001522190452
209596	0.005347495752
209597	0.002305803307
209598	0.005521620103
209599	0.003477773632
209600	0.001731039947
209601	0.0008875467814
209602	0.0067486381
209603	0.005899138024
209604	0.005633758058
209605	0.003078167806
209606	0.01571469562
209607	0.0004072017219
209608	0.007884736083
209609	0.001451401083
209610	0.0007832275604
209611	0.001181450891
209612	0.009457187844
209613	0.003260707862
209614	0.0002091871731
209615	0.001052699891
209616	0.002669595582
209617	0.003599775689
209618	0.002292601692
209619	0.002039643474
209620	0.001068112163
209621	0.005049994016
209622	0.009535608127
209623	0.006965590904
209624	0.002144911157
209625	0.01484256592
209626	0.002346816823
209627	0.0006411064109
209628	0.004463418929
209629	0.003919131518
209630	0.009105404126
209631	0.005090919027
209632	0.01197755188
209633	0.001494909353
209634	0.003641261223
209635	0.004388518651
209636	0.004949327696
209637	0.002703098816
209638	0.008774644643
209639	0.002690878671
209640	0.006092999295
209641	0.002784530062
209642	0.002411507411
209643	0.003227306984
209644	0.00715310555
209645	0.003395453087
209646	0.001350566325
209647	0.003808842486
209648	0.003804043822
209649	0.005282550151
209650	0.0002349285607
209651	0.002312914353
209652	0.004397966693
209653	0.002383007988
209654	0.000362575887
209655	0.001732376344
209656	0.003790454908
209657	0.003387672519
209658	0.001990199115
209659	0.00242078906
209660	0.0005704772232
209661	0.002001966201
209662	0.007428204411
209663	0.0006689022316
209664	0.003046352833
209665	0.001937677667
209666	0.003851148027
209667	0.004952308709
209668	0.007489152134
209669	0.004341796766
209670	0.006323425151
209671	0.006819309704
209672	0.01024971949
209673	0.01127829043
209674	0.007585034737
209675	0.0002472540973
209676	0.002854216192
209677	0.0009971423971
209678	0.001008664873
209679	0.006882924324
209680	0.0003946020032
209681	0.0008841529672
209682	0.002075960208
209683	0.001040812882
209684	0.007687957398
209685	0.01036375779
209686	0.005819321478
209687	0.003782827219
209688	0.005748549494
209689	0.00302437311
209690	0.0001276626366
209691	0.007884260526
209692	0.002772960027
209693	0.003036749323
209694	0.001690882936
209695	0.001208971341
209696	0.002610290606
209697	5.073463003e-05
209698	0.0003675646116
209699	0.0015013299
209700	0.006592173079
209701	0.003711233463
209702	0.002538486581
209703	0.007390841192
209704	0.0003577005014
209705	0.007179926407
209706	0.0008303231462
209707	0.01041672225
209708	0.0100161086
209709	0.00466964066
209710	0.01228899111
209711	0.000205446779
209712	0.0007852287828
209713	0.005499327832
209714	0.001007173486
209715	0.001487174068
209716	0.003599953339
209717	2.981643077e-05
209718	0.001118184825
209719	0.0002716739389
209720	0.0006328891327
209721	0.0005542257973
209722	0.001279351683
209723	0.001245437572
209724	0.001190423033
209725	0.00049089015
209726	0.0007024587323
209727	0.0006190996042
209728	0.000633357816
209729	0.0005475318943
209730	0.0006962245571
209731	0.001140130589
209732	0.0004626843191
209733	0.001761057277
209734	0.0009139620998
209735	0.001150091962
209736	0.001347226139
209737	0.001004482692
209738	0.001065158426
209739	0.0008190180687
209740	0.0010289915
209741	0.000284192034
209742	0.0004270969734
209743	0.001346510383
209744	0.001483681552
209745	0.0009137344881
209746	0.0007454613806
209747	0.006149308229
209748	0.0008793717329
209749	0.0006431630815
209750	0.001534390868
209751	0.0009163392085
209752	0.0007372853464
209753	0.001229456171
209754	0.0008440410651
209755	0.005408329998
209756	0.01727789646
209757	0.0003885845892
209758	0.002120101713
209759	0.002706691976
209760	0.00107058074
209761	0.0004955042921
209762	0.0006969665881
209763	0.008342559019
209764	0.0005288798399
209765	0.002091205788
209766	0.001042497433
209767	0.0006518789397
209768	0.0002246497107
209769	0.0005226180247
209770	8.314559346e-05
209771	0.001639892322
209772	0.0003533935229
209773	0.0002952041174
209774	0.0004282759
209775	0.0006668197461
209776	0.006696745119
209777	0.004638063522
209778	0.001425255042
209779	0.01250790127
209780	0.001806804419
209781	0.01106618144
209782	0.003307667786
209783	0.01124441725
209784	0.003438122855
209785	0.003086474103
209786	0.003393481733
209787	0.005316327174
209788	0.007393999449
209789	0.001521962786
209790	0.02392431379
209791	0.006055205013
209792	0.01180613959
209793	0.003921818875
209794	0.003467191066
209795	0.009599576673
209796	0.004255128463
209797	0.006643902759
209798	0.002468292918
209799	0.002903760493
209800	0.01075261649
209801	0.009589060988
209802	0.004532273929
209803	0.0004571231845
209804	0.007317014861
209805	0.002122478501
209806	0.006093517107
209807	0.001142810009
209808	0.00198238434
209809	0.004335962389
209810	0.0006835136425
209811	0.0003551956723
209812	0.001566821338
209813	0.002546065574
209814	0.007047980365
209815	0.003194262058
209816	0.001516647243
209817	0.008315783669
209818	0.01460571623
209819	0.01094670677
209820	0.0005492018559
209821	0.005119015235
209822	0.003625869713
209823	0.001123226182
209824	0.0008504277713
209825	0.001128842387
209826	0.0013450816
209827	0.001480028478
209828	0.0004537640966
209829	0.001249595875
209830	0.005733645437
209831	0.0008374609423
209832	0.0003498612873
209833	0.00303725285
209834	0.006088689074
209835	0.004019943666
209836	0.005042694433
209837	0.0112440421
209838	8.915128484e-06
209839	0.0002737923022
209840	0.003877266109
209841	0.003359743828
209842	0.003044411571
209843	0.00311997487
209844	0.004497962198
209845	0.000499442712
209846	0.000109184072
209847	0.001513461827
209848	0.00248571496
209849	0.005181613642
209850	0.0003031536321
209851	0.003341654347
209852	0.004764478223
209853	0.003480190188
209854	0.005638783617
209855	0.00131887288
209856	0.002054942173
209857	0.0003739966337
209858	0.0002230892464
209859	0.002148278182
209860	0.001046713843
209861	0.002401039326
209862	0.003525793625
209863	0.0007998320147
209864	0.0007747873349
209865	0.001532597311
209866	0.004762812276
209867	0.002981018762
209868	0.000729775114
209869	0.007388085118
209870	0.0003507082916
209871	0.01291769629
209872	0.006526112156
209873	0.003351942535
209874	0.007338358319
209875	0.0002029813518
209876	0.007512718474
209877	0.00525518035
209878	0.0004678198772
209879	0.01460813431
209880	0.003803500754
209881	3.751999186e-05
209882	0.01105493659
209883	0.009195737955
209884	0.00440697748
209885	0.0002013709106
209886	0.001797853414
209887	0.0006050218638
209888	0.005829048799
209889	0.006158159271
209890	0.007359308489
209891	0.002325028551
209892	0.004216403254
209893	0.0008181389466
209894	0.004028083421
209895	0.001745335932
209896	0.002028054616
209897	0.0005256909924
209898	0.002179382503
209899	0.002742962747
209900	0.003189107695
209901	0.004447739226
209902	0.00604433247
209903	0.001384516554
209904	0.009623802666
209905	0.005474525462
209906	0.004417813506
209907	3.113407017e-05
209908	0.000241789181
209909	0.0005571631288
209910	0.001815108064
209911	0.0008771572208
209912	0.001434153466
209913	0.0005543533989
209914	0.0003669188395
209915	0.0007246718916
209916	0.0008265271599
209917	0.0009235513874
209918	0.0001463446658
209919	0.0003218914164
209920	0.0005218128696
209921	0.000224358384
209922	0.0006721730585
209923	6.565302169e-06
209924	0.001223465885
209925	0.0001148528832
209926	3.29939318e-05
209927	0.0001323217749
209928	0.0001822567075
209929	0.0001011509274
209930	0.001365080707
209931	0.0005279741625
209932	0.0007666620477
209933	0.007754347877
209934	0.0004690309667
209935	0.001408781263
209936	0.0006043725396
209937	0.001300724816
209938	0.001350007277
209939	0.001668476273
209940	0.001185078702
209941	0.009491934824
209942	0.009077285681
209943	0.001073762617
209944	0.002690544704
209945	0.006431384656
209946	0.006688478582
209947	0.006860977693
209948	0.007494053389
209949	0.002864890211
209950	0.005714246396
209951	0.007148096609
209952	0.006809928265
209953	0.007231944624
209954	0.007547416213
209955	5.420203739e-05
209956	0.002314265685
209957	0.002980948902
209958	0.008142737069
209959	0.004357206668
209960	0.01301286414
209961	0.006954260133
209962	0.008285625115
209963	0.002561778592
209964	0.001832727138
209965	0.0001291016038
209966	0.01125590071
209967	0.0006689730703
209968	0.004561505595
209969	0.0006406283054
209970	0.002296216708
209971	0.004084703689
209972	0.009374740612
209973	0.01000718652
209974	0.002506890344
209975	0.000329914396
209976	0.001784675619
209977	0.001143099293
209978	0.0003501061946
209979	0.002500770232
209980	0.003392922927
209981	0.001294813741
209982	0.001190662001
209983	0.003641759446
209984	0.001336136943
209985	0.001018749783
209986	0.003842585083
209987	0.001802309546
209988	0.002997232771
209989	0.004330004355
209990	0.000832812882
209991	0.001676519145
209992	0.007220236326
209993	0.00218684061
209994	0.002073647302
209995	0.001283908156
209996	0.004280233172
209997	0.002039365023
209998	0.001154406911
209999	0.001738861504
210000	0.007187007521
210001	0.0006087211013
210002	0.006656250219
210003	0.0007494575211
210004	0.003872386472
210005	0.0003596235752
210006	0.004855776324
210007	0.001992450651
210008	0.004525542832
210009	0.004336366519
210010	0.001292818928
210011	0.0004693326064
210012	0.001361381286
210013	0.002174563517
210014	0.001435264639
210015	0.0007412504795
210016	0.006743032121
210017	0.005833470698
210018	0.002269985985
210019	0.000369019698
210020	0.001121387075
210021	0.0008873376965
210022	0.0009481527491
210023	0.0003671404573
210024	0.004155899345
210025	0.004277896663
210026	0.001203526759
210027	0.002463487475
210028	0.003959979478
210029	0.00401552071
210030	0.0008547066851
210031	0.005993471308
210032	0.002101691675
210033	0.005842371555
210034	0.0003973720901
210035	0.007422171667
210036	0.0008656522638
210037	0.002714939131
210038	0.004768132922
210039	0.003570247753
210040	0.002116612973
210041	0.000781822724
210042	0.002818016898
210043	0.003899605633
210044	0.00375463931
210045	0.001959387143
210046	1.198150181e-07
210047	0.001663691502
210048	0.002892403483
210049	0.0001250025632
210050	0.003276059021
210051	0.005910071163
210052	0.001577506449
210053	0.006206067196
210054	0.004332274372
210055	0.001833417
210056	0.001803423462
210057	0.003344185301
210058	0.00554759061
210059	0.002894422362
210060	0.006123456615
210061	0.005292909669
210062	0.003848011111
210063	0.003120965454
210064	0.002425675358
210065	0.001666730144
210066	0.0004895176197
210067	0.001621665385
210068	0.002598692255
210069	0.007416414285
210070	0.002300713863
210071	0.002056448692
210072	0.005680683766
210073	0.006580313813
210074	0.005648096544
210075	0.0002596254156
210076	0.001154326201
210077	0.002525638682
210078	2.302066518e-06
210079	0.004584883283
210080	0.0001080480169
210081	0.002218871673
210082	0.003726387037
210083	0.002371029373
210084	0.003572767015
210085	0.002575540623
210086	0
210087	0.004568845446
210088	0.003529720232
210089	0.003280037466
210090	0.00607570176
210091	0.004036930067
210092	0.001355287343
210093	0.004200509577
210094	0.001384948647
210095	0.0051735511
210096	0.005100793162
210097	0.002616622752
210098	0.0008320052556
210099	0.001833819129
210100	0.0004631542536
210101	0.002026804784
210102	0.007629068049
210103	0.006191512112
210104	0.002640594549
210105	0.003985874414
210106	0.002224208258
210107	0.009425751338
210108	0.0010448019
210109	0.006314687451
210110	0.001925588817
210111	0.004241125421
210112	0.006376577345
210113	0.007312751749
210114	0.01131373209
210115	0.003495381955
210116	0.002800238215
210117	0.009488303574
210118	0.0002795845722
210119	0.007647742766
210120	0.0002105120779
210121	0.0007279899975
210122	0.005553676538
210123	0.002962219626
210124	0.001060612609
210125	0.00884310729
210126	0.0001530940584
210127	0.000377806585
210128	0.002325134934
210129	0.001404395141
210130	0.001305257099
210131	0.001406288998
210132	0.002178104385
210133	0.0002540023442
210134	0.01063346424
210135	0.0006399848079
210136	0.001432507184
210137	0.0002874459653
210138	0.002303837823
210139	8.58835849e-05
210140	0.001834971257
210141	0.001588428983
210142	0.006398759334
210143	0.00581343326
210144	0.001295553676
210145	0.001419069321
210146	0.008497075804
210147	0.002503515429
210148	0.001195060637
210149	0.0008163910018
210150	0.003173417593
210151	0.002188435138
210152	0.00125248435
210153	0.006548677667
210154	0.006809149489
210155	0.00157431719
210156	1.193697012e-05
210157	0.0003443598031
210158	0.0005191710724
210159	0.003369423319
210160	0.0004005611138
210161	0.004159795929
210162	0.004056487389
210163	0.003785437371
210164	0.005299237381
210165	0.001460767037
210166	0.0002072873612
210167	0.0001414295282
210168	0.001476470131
210169	0.002609384653
210170	0.006726057888
210171	0.001819052872
210172	0.003184105647
210173	0.005612822703
210174	0.008452359088
210175	0.003437214301
210176	0.008785337398
210177	0.007599832511
210178	0.0011348459
210179	0.001291063006
210180	0.001725544067
210181	0.005941008518
210182	0.000870807354
210183	0.002562284003
210184	0.00267616865
210185	0.006476156756
210186	0.006545094519
210187	0.004232850802
210188	0.001945255997
210189	0.000968313569
210190	0.005958328393
210191	0.0006463023175
210192	0.001305777414
210193	0.0007672833865
210194	0.0006464732912
210195	0.003259264329
210196	0.0001850250683
210197	0.0009839636683
210198	0.005057931128
210199	0.00298742977
210200	0.0008979267659
210201	0.002137179108
210202	0.003689738241
210203	0.00502000793
210204	0.01554662888
210205	0.00501874372
210206	0.00236279431
210207	0.00217671168
210208	0.008833355494
210209	0.0009182460384
210210	0.003021271705
210211	0.001758314611
210212	0.006601466772
210213	0.007385592523
210214	0.008968832362
210215	0.009777519097
210216	0.001170996402
210217	0.001687568639
210218	0.00232287017
210219	0.002777207965
210220	0.001580698707
210221	0.004046649805
210222	0.0009701022826
210223	0.005724972763
210224	0.0008690205625
210225	0.001293327139
210226	0.000344933646
210227	0.003872009664
210228	0.006708152082
210229	0.0007904795509
210230	0.002784037409
210231	0.004777055991
210232	0.00072774117
210233	0.00755070296
210234	0.01221248129
210235	0.00246043048
210236	0.00669828943
210237	0.002681162699
210238	0.001540109622
210239	0.002914498327
210240	1.38182565e-05
210241	0.01120022642
210242	0.0006575125078
210243	0.003725136282
210244	0.002859751126
210245	0.01198851434
210246	0.003942907514
210247	0.00415279946
210248	0.01069751318
210249	0.00415479137
210250	0.006784295028
210251	0.01131240029
210252	0.0004265495658
210253	0.001187695638
210254	0.00583057399
210255	0.004284725621
210256	0.005802099509
210257	0.0114987502
210258	0.001488846148
210259	0.002665549478
210260	0.009142396553
210261	0.002952392735
210262	0.004915881648
210263	0.005935427266
210264	0.008008239009
210265	0
210266	0.007839046171
210267	0.004596392814
210268	0.001711511793
210269	0.001419572914
210270	0.001045020962
210271	0.001059621927
210272	0.001169871212
210273	3.438451714e-07
210274	0.0001052128761
210275	3.684055408e-08
210276	0.004242142449
210277	0.005763597312
210278	0.005669441986
210279	0.005942091518
210280	0.005080520109
210281	0.005428476476
210282	0.005635940635
210283	0.005969054653
210284	0.006145400951
210285	0.005464691907
210286	0.005398287547
210287	0.005376852444
210288	0.005916979542
210289	0.006157404406
210290	0.006042963764
210291	0.006371991162
210292	0.006134258915
210293	0.00552171857
210294	0.005425229004
210295	0.005844208194
210296	0.005674443574
210297	0.005864431775
210298	0.006281093571
210299	0.005911049266
210300	0.005757787896
210301	0.005186581031
210302	0.006124170402
210303	0.005831722798
210304	0.006218404939
210305	0.006139388182
210306	0.006190945799
210307	0.006373900685
210308	0.006393333792
210309	0.005602059549
210310	0.006188193778
210311	0.005332992284
210312	0.005783256919
210313	0.005478650726
210314	0.005456131898
210315	0.007180782006
210316	0.00828402938
210317	0.005698953295
210318	0.006189449276
210319	0.005141322308
210320	0.005407416879
210321	0.005814186707
210322	0.0009974059661
210323	0.009861907865
210324	0.009396298465
210325	0.009917867067
210326	0.008256794343
210327	0.008957144046
210328	0.009203289602
210329	0.009052062317
210330	0.009613413144
210331	0.01000719294
210332	0.009122097455
210333	0.009979016258
210334	0.009895164089
210335	0.01068594469
210336	0.01176610018
210337	0.009952674515
210338	0.007702872715
210339	0.0092642649
210340	0.008805441638
210341	0.007918329522
210342	0.009948396719
210343	0.009533092396
210344	0.008883160533
210345	0.008954019184
210346	0.00928936028
210347	0.01223695833
210348	0.01020061928
210349	0.009917120657
210350	0.009685336872
210351	0.00814379065
210352	0.006590774877
210353	0.01038783774
210354	0.009583739533
210355	0.009098234511
210356	0.009742682085
210357	0.007434286354
210358	0.009584049466
210359	0.009747955942
210360	0.001944382692
210361	0.001044605947
210362	0.001577082444
210363	0.0004620984818
210364	0.0003691539775
210365	0.0005074830596
210366	0.001043536257
210367	0.001780869428
210368	0.0006656679456
210369	0.000408534645
210370	0.0001289820423
210371	0.000269851082
210372	5.030241958e-05
210373	0.0001585659432
210374	0.0007487377743
210375	0.0002587956824
210376	0.00127020991
210377	0.002563992171
210378	0.0004637776864
210379	4.292454384e-05
210380	0.0001995742172
210381	0.0006181330547
210382	0.0004442649133
210383	0.0002913585044
210384	0.0007410006254
210385	9.718135447e-06
210386	0.001833271349
210387	0.0001426098463
210388	0.003462837929
210389	0.000659068887
210390	0.0006794890689
210391	0.0002078342472
210392	0.0003816340284
210393	0.000414078609
210394	0.003455688809
210395	0.0001338312788
210396	0.0008193923211
210397	0.0005304032847
210398	0.000795166583
210399	0.0003722932182
210400	0.003812617574
210401	0.0001731184287
210402	0.002821585231
210403	0.0004431014906
210404	0.0006207424693
210405	0.003887249965
210406	0.0002745689211
210407	0.003078365106
210408	0.0009090084806
210409	0.0006343284108
210410	0.0008182258837
210411	0.003275381892
210412	0.005624113659
210413	0.006271686535
210414	0.006363031114
210415	0.00551476397
210416	0.0053200587
210417	0.004654040444
210418	0.00423736194
210419	0.002386918473
210420	0.002116103815
210421	0.002428738538
210422	0.002608969357
210423	0.004399963899
210424	0.001250458433
210425	0.001864285833
210426	0.001962481643
210427	0.001953285958
210428	0.001580609964
210429	0.0002576402763
210430	0.0006461082395
210431	0.0004227230017
210432	0.001197096819
210433	7.81413753e-05
210434	0.001429245399
210435	0.0009233260417
210436	0.0004328310045
210437	0.0002479420367
210438	0.0002000966062
210439	0.0003674826824
210440	0.0007603023589
210441	0.002584229796
210442	0.000404488203
210443	0.0005198326238
210444	0.001253131437
210445	0.004773988044
210446	0.0007138444806
210447	0.0001450319561
210448	0.001896552207
210449	0.0003649907549
210450	0.000848859958
210451	0.0003050337015
210452	0.001124608602
210453	0.001057630631
210454	0.0009383507028
210455	0.0007948287927
210456	0.0008370528489
210457	0.002583565057
210458	0.0006839348873
210459	0.0008588877486
210460	0.0007660691179
210461	0.001341637518
210462	8.397966622e-05
210463	0.001420449973
210464	0.0004492682672
210465	0.0002148752527
210466	0.0006138897485
210467	0.001158667077
210468	0.001049290451
210469	0.0009458677226
210470	0.0007799880429
210471	0.0005411487629
210472	0.0008334023441
210473	0.0006532107323
210474	0.0004892533315
210475	0.0007365885227
210476	0.005150835754
210477	0.004403408663
210478	0.006443233134
210479	0.0006244357115
210480	0.004012115391
210481	0.006102528906
210482	0.007480379576
210483	0.00453910195
210484	0.004180758521
210485	0.004094297987
210486	0.004051265608
210487	0.004222373321
210488	0.004592170912
210489	0.004074973993
210490	0.004193696324
210491	0.004234633607
210492	0.005075266647
210493	0.004453437728
210494	0.0002112447005
210495	0.003566699073
210496	0.002729477216
210497	0.0035843967
210498	3.150415888e-05
210499	0.0021746464
210500	0.002649403703
210501	0.002592639242
210502	0.002591402155
210503	0.003710172991
210504	0.003602584265
210505	0.002263711808
210506	0.0008640613018
210507	0.002213734156
210508	0.00338751564
210509	0.002634434243
210510	0.000993084001
210511	0.0001269819
210512	0.0001546302912
210513	0.001127608571
210514	0.0004512765853
210515	5.936405445e-06
210516	0.0003530038467
210517	0.0002054002104
210518	0.0006600587371
210519	0.000115330794
210520	0.0005018471817
210521	0.0004052928999
210522	5.933025319e-05
210523	0.0004411524433
210524	1.021917603e-05
210525	0.001156249189
210526	0.0002314526246
210527	0.0005483853263
210528	0.0006643090306
210529	0.001500600568
210530	0.0001207821245
210531	0.0009653824147
210532	5.633880894e-05
210533	0.0009215761855
210534	0.0002599282242
210535	0.001323201634
210536	0.001949569034
210537	0.001348265758
210538	0.001057620778
210539	0.001449825897
210540	7.428657785e-05
210541	0.0006564792455
210542	0.0008247214391
210543	0.0003768045772
210544	0.001644898403
210545	0.002343199497
210546	0.0003646708091
210547	0.001595311652
210548	0.0008013995701
210549	0.002041254014
210550	0.0008971161772
210551	0.002469006682
210552	0.001337940826
210553	0.0005475643837
210554	0.00178652807
210555	0.001419027594
210556	0.001105775948
210557	0.0021504918
210558	0.001108111107
210559	0.001346534472
210560	0.001185224681
210561	0.0004667351138
210562	0.001013464677
210563	0.0007220820758
210564	0.009972269642
210565	0.001141597543
210566	0.0002840003703
210567	0.002119684364
210568	0.002693287577
210569	0.0001516655077
210570	0.004010638339
210571	0.0007700751237
210572	0.0005913427864
210573	0.0003890695232
210574	0.00175544597
210575	9.077215894e-06
210576	8.126071331e-05
210577	0.001621961996
210578	0.001362647093
210579	0.001764290653
210580	0.001844131429
210581	0.001616558188
210582	0.001364853632
210583	0.001723409599
210584	0.001414072485
210585	0.001615431325
210586	0.001655611669
210587	0.00133120118
210588	0.001624264669
210589	0.001809931003
210590	0.002378385115
210591	0.002207196154
210592	0.002010006728
210593	0.00707363448
210594	0.003763333369
210595	0.004857994819
210596	0.003414026819
210597	0.002067206349
210598	0.003212386938
210599	0.004696418094
210600	0.003828377113
210601	0.002579172008
210602	0.003166735004
210603	0.002542656439
210604	0.003859526595
210605	0.003953058118
210606	0.002664147325
210607	0.003883066558
210608	0.003423753228
210609	0.003094554586
210610	0.001376992157
210611	0.006028172096
210612	0.003517049075
210613	0.003772233121
210614	0.002939503537
210615	0.002768878948
210616	0.003531228403
210617	0.003832773127
210618	0.003837577595
210619	0.003840621603
210620	0.0039587233
210621	0.003561428155
210622	0.00286006069
210623	0.003320490971
210624	0.009427635261
210625	0.003552947054
210626	0.003852034325
210627	0.004515881513
210628	0.003715479381
210629	0.003365614784
210630	0.003849439694
210631	0.003572683621
210632	0.003726294862
210633	0.004019782276
210634	0.002790504851
210635	0.0001698035936
210636	0.0009459595465
210637	0.01212831602
210638	0.003411089902
210639	0.001267554698
210640	0.0003744996177
210641	0.001952309078
210642	0.00114409226
210643	0.0007677203659
210644	0.004520825912
210645	0.003702201999
210646	0.006054312169
210647	0.002733761438
210648	0.009439672514
210649	0.006029584391
210650	0.008364866694
210651	0.002598098643
210652	0.00517724438
210653	0.004958995759
210654	0.001899732439
210655	0.001174348914
210656	9.761924122e-05
210657	0.003729837904
210658	0.006069335555
210659	0.0003484983502
210660	0.002484471142
210661	0.00396380413
210662	0.002275135572
210663	0.003331881829
210664	0.0009286863458
210665	0.001704890114
210666	0.01001189553
210667	0.004519357956
210668	0.002185321029
210669	0.01368221467
210670	0.001920201134
210671	0.01319468154
210672	0.002214093862
210673	0.0008110660212
210674	0.004517245256
210675	0.004341836677
210676	0.007223470019
210677	0.008906817175
210678	0.0005670737342
210679	0.001076896962
210680	0.002682833859
210681	0.002482415586
210682	0.006890239792
210683	0.001731824573
210684	0.0028348867
210685	0.004835763329
210686	0.002637129035
210687	0.002593013064
210688	0.00257697151
210689	0.001949230305
210690	0.00774442305
210691	0.00237215325
210692	0.00103342313
210693	0.003184787338
210694	0.01149458687
210695	0.0002141168336
210696	0.0136010769
210697	0.003710187974
210698	0.000563928772
210699	0.003404716587
210700	0.01015313571
210701	0.001494024415
210702	0.009229463707
210703	0.0035938992
210704	0.008238195748
210705	0.001304637741
210706	0.002281801277
210707	0.002987791721
210708	0.0008934861687
210709	0.00585786997
210710	0.002333441968
210711	0.001069740813
210712	0.00506461394
210713	0.002535582182
210714	0.006496903509
210715	0.001663817181
210716	0.005173367607
210717	0.005364778296
210718	0.01358332472
210719	0.02085740513
210720	0.00865791849
210721	0.006002079037
210722	0.001183471436
210723	0.001751603603
210724	2.195956116e-05
210725	0.004704342808
210726	0.003944364746
210727	0.01145827733
210728	0.00784244588
210729	0.001961209761
210730	0.001959479688
210731	0.009160147122
210732	0.00638860413
210733	0.0005965411173
210734	0.01082637964
210735	0.004165784021
210736	0.0002241213565
210737	0.003780781801
210738	0.003557196475
210739	0.001880011482
210740	0.001437995026
210741	0.0008532193205
210742	0.003568347291
210743	0.001765626633
210744	0.001525816954
210745	0.001383434486
210746	0.001466275874
210747	0.001250896607
210748	0.001286553067
210749	0.001483138844
210750	0.001360097546
210751	0.001547893446
210752	0.001299066215
210753	0.00131746182
210754	0.001749776977
210755	0.001578435739
210756	0.001455256007
210757	0.001483826415
210758	0.001522824238
210759	0.001177862531
210760	0.001155839165
210761	0.001324107151
210762	0.001501308479
210763	0.001802112872
210764	0.001701762813
210765	0.001166098608
210766	0.001131704956
210767	0.001365936485
210768	0.001453831668
210769	0.001484803001
210770	0.001506644291
210771	0.001745814191
210772	0.001844950547
210773	0.001425786365
210774	0.001412071723
210775	0.001355083168
210776	0.001707088787
210777	0.001509367491
210778	0.001441927146
210779	0.001443764646
210780	0.0001185692535
210781	0.0020901014
210782	0.000683390986
210783	0.0007401746079
210784	0.001625295023
210785	0.0006264118772
210786	0.0002212163132
210787	0.000428194961
210788	0.0006664106166
210789	0.0004309410622
210790	0.001034717712
210791	0.001061325428
210792	0.0004075078797
210793	0.0005168712697
210794	0.0001473701807
210795	0.003380733794
210796	0.0004010257403
210797	7.74690075e-05
210798	0.002094168683
210799	0.002194831991
210800	0.000778173796
210801	0.0004273211819
210802	0.003218591882
210803	0.0004634129069
210804	0.0006337319565
210805	5.489377406e-05
210806	0.002753294432
210807	0.001585858524
210808	0.001175877348
210809	0.001335235162
210810	0.001239190673
210811	0.0003428172308
210812	0.002676026104
210813	8.83646341e-05
210814	0.001101765979
210815	0.0003035221248
210816	0.008840477532
210817	0.005920025375
210818	0.008269004164
210819	0.008559804102
210820	0.009802326715
210821	0.008449496994
210822	0.008848234544
210823	0.008117758585
210824	0.00935090204
210825	0.008874592329
210826	0.005174455558
210827	0.009934004232
210828	0.008781931459
210829	0.008920151485
210830	0.008045905099
210831	0.008360885709
210832	0.007897912881
210833	0.00862072755
210834	0.008087077234
210835	0.008815187248
210836	0.008624169201
210837	0.009557449762
210838	0.006283266807
210839	0.008408357906
210840	0.009603561755
210841	0.01053557896
210842	0.007590059469
210843	0.01066674507
210844	0.008037066206
210845	0.009196383901
210846	0.006326894432
210847	0.005503868924
210848	0.008204852713
210849	0.009224202972
210850	0.008753891723
210851	0.007764685198
210852	0.008361823819
210853	0.006786620484
210854	0.008112433159
210855	0.008457839094
210856	0.006746378627
210857	0.006867213055
210858	0.006252869554
210859	0.006214269781
210860	0.006471656943
210861	0.008900371138
210862	0.00692269157
210863	0.005710139029
210864	0.006390127428
210865	0.006181171243
210866	0.006717519385
210867	0.007406463406
210868	0.007663077015
210869	0.006512355013
210870	0.00654616373
210871	0.006254829234
210872	0.006597036203
210873	0.007030672476
210874	0.005947491448
210875	0.005433306988
210876	0.00736925584
210877	0.006629329511
210878	0.006260846197
210879	0.00668288695
210880	0.006709392304
210881	0.005804927669
210882	0.006652230275
210883	0.006587742277
210884	0.008709997265
210885	0.005425509498
210886	0.00644771151
210887	0.005915660938
210888	0.005255461923
210889	0.005304545233
210890	0.005849240002
210891	0.006460769517
210892	0.00661098541
210893	0.00654458501
210894	0.006621494035
210895	0.006044210851
210896	0.006071025628
210897	0.007044911841
210898	0.006515186259
210899	0.005771388514
210900	0.00601748984
210901	0.009186150258
210902	0.005860829163
210903	0.005942247577
210904	0.01009807453
210905	0.01029593961
210906	0.006547930462
210907	0.006028634314
210908	0.006027784926
210909	0.006861020651
210910	0.005190534559
210911	0.003661804903
210912	0.005636671098
210913	0.006956150685
210914	0.004844035003
210915	0.0067781276
210916	0.006713185522
210917	0.006299386482
210918	0.005608054033
210919	0.002415045152
210920	0.005358204513
210921	0.006019998343
210922	0.00652399387
210923	0.006767072806
210924	0.006243287591
210925	0.003245557795
210926	0.005017250692
210927	0.004924792674
210928	0.006119250346
210929	0.0016590089
210930	0.002243212309
210931	0.001729521708
210932	0.004905728219
210933	0.004267771342
210934	0.001424499834
210935	0.003082587449
210936	0.001402379748
210937	0.004119526111
210938	0.001735854253
210939	0.002024063165
210940	0.00173406808
210941	0.002631767456
210942	0.001268434209
210943	0.0004221693012
210944	0.001663294881
210945	0.002036031257
210946	0.003030134856
210947	0.002303166942
210948	0.002328137311
210949	0.001962514157
210950	0.001644796905
210951	0.001499040665
210952	0.001058915588
210953	0.004748364359
210954	0.001659225847
210955	0.001482594097
210956	0.000819772105
210957	0.0007777007156
210958	0.0005450798522
210959	0.004350968296
210960	0.0007147692777
210961	0.0003624613357
210962	0.0003789400746
210963	0.001100591818
210964	0.00767644069
210965	0.0004415479327
210966	0.002079962556
210967	0.004349450803
210968	0.0001035276853
210969	0.000358670741
210970	0.002048136041
210971	0.002000627354
210972	0.0006645281787
210973	0.0008443836524
210974	0.0003464721908
210975	0.001213270315
210976	0.001138890843
210977	0.006956332255
210978	0.004812792696
210979	0.0008245689628
210980	0.007669909452
210981	0.004648497455
210982	0.004711721776
210983	0.007375909989
210984	0.00891281747
210985	0.008570648205
210986	0.008649031704
210987	0.008623384119
210988	0.008854372803
210989	0.008030826627
210990	0.008589588678
210991	0.008006433723
210992	0.008732278815
210993	0.005883627886
210994	0.008358409778
210995	0.008531110378
210996	0.009101397905
210997	0.008203327068
210998	0.00920977887
210999	0.0106315971
211000	0.008648371979
211001	0.009984272033
211002	0.007085423714
211003	0.0009057585003
211004	0.007905426276
211005	0.008357000367
211006	0.008297988455
211007	0.01012093696
211008	0.008120421546
211009	0.007869670485
211010	0.01082547758
211011	0.006062524917
211012	0.008810398835
211013	0.008043078981
211014	0.00913318065
211015	0.008497966237
211016	0.008918054351
211017	0.009112535751
211018	0.006530187671
211019	0.009648862615
211020	0.007934967757
211021	0.008521738999
211022	0.008647398182
211023	0.009350103248
211024	0.008291167436
211025	0.008176071242
211026	0.007917640547
211027	0.008136261362
211028	0.008315638748
211029	0.008396020744
211030	0.008809301656
211031	0.007456838457
211032	0.008893453667
211033	0.00744791409
211034	0.001590490914
211035	0.009494317784
211036	0.008089000836
211037	0.008759873975
211038	0.002165610011
211039	0.002392982659
211040	0.002620220838
211041	0.004240561029
211042	0.002957190587
211043	0.002814334291
211044	0.0030275229
211045	0.001236060979
211046	0.001710424036
211047	0.001335469468
211048	0.001015096964
211049	0.00238265269
211050	0.00094659295
211051	0.001841540811
211052	6.095834934e-05
211053	0.002278500254
211054	0.004275503882
211055	0.002093351977
211056	0.001632561195
211057	0.002286426588
211058	0.001030098809
211059	0.001332896426
211060	0.002968280592
211061	0.001045798548
211062	0.0005889168099
211063	0.005944058548
211064	0.005144348784
211065	0.005723694539
211066	0.0003873029119
211067	0.001648890273
211068	0.002095873465
211069	0.0007361412856
211070	0.0001958998507
211071	0.0004265806811
211072	0.0004831413385
211073	0.001025502741
211074	0.0002881155307
211075	0.002135615567
211076	0.0002600429382
211077	0.001300896924
211078	0.0001967696318
211079	0.000293870978
211080	0.007857925925
211081	0.002050258915
211082	0.007232366301
211083	0.007247261159
211084	0.006949980716
211085	0.006339815319
211086	0.00731600238
211087	0.007555690603
211088	0.008280471707
211089	0.006150143472
211090	0.006913157912
211091	0.007786874688
211092	0.00652638461
211093	0.005712474414
211094	0.007085213903
211095	0.007695811374
211096	0.006623030332
211097	0.007479951075
211098	0.006685301048
211099	0.005181466855
211100	0.007689542766
211101	0.007671201418
211102	0.007311525874
211103	0.007658393754
211104	0.003372012032
211105	0.006694434585
211106	0.006973701275
211107	0.004886563695
211108	0.004859510751
211109	0.005015335297
211110	0.004542647114
211111	0.004297566769
211112	0.004387885318
211113	0.006126654271
211114	0.004839759136
211115	0.004316825697
211116	0.004089123191
211117	0.004292421628
211118	0.004484692084
211119	0.004952941245
211120	0.003892199198
211121	0.00310076906
211122	0.00328513267
211123	0.004920632278
211124	0.004338694135
211125	0.005244313191
211126	0.004436453397
211127	0.005167760458
211128	0.00443822789
211129	0.004170611275
211130	0.00475788479
211131	0.004558053586
211132	0.004849169401
211133	0.004681086512
211134	0.004060083623
211135	0.004995633851
211136	0.003684367602
211137	0.005030967596
211138	0.004638125244
211139	0.005323750305
211140	0.004544517036
211141	0.004871213126
211142	0.004015012548
211143	0.004115891422
211144	0.004427276985
211145	0.006368936369
211146	0.005862579081
211147	0.006863170308
211148	0.007100370277
211149	0.006048512375
211150	0.005491493301
211151	0.006120545972
211152	0.005804869354
211153	0.005283504164
211154	0.005720276487
211155	0.005745450377
211156	0.005643220428
211157	0.006502391621
211158	0.005846656846
211159	0.006950924341
211160	0.005637029383
211161	0.006052384791
211162	0.006384997763
211163	0.006861836789
211164	0.007437797845
211165	0.005654247017
211166	0.005674149625
211167	0.009604195363
211168	0.005190084493
211169	0.003590624917
211170	0.002816582408
211171	0.007581862671
211172	0.005440507753
211173	0.005188746548
211174	0.005837834415
211175	0.005611167573
211176	0.005337170726
211177	0.002533413444
211178	0.00566487816
211179	0.002455168803
211180	0.001840855998
211181	0.006638715335
211182	0.001270739695
211183	0.001464446746
211184	0.000417212972
211185	0.002322502159
211186	0.00104597224
211187	0.002201359874
211188	0.0009971240597
211189	0.0007945552646
211190	0.001357838621
211191	0.0007068811255
211192	0.001813821651
211193	0.002153805719
211194	0.001098823777
211195	0.001718720402
211196	0.002099023314
211197	0.001740314286
211198	0.002158071481
211199	0.001688636534
211200	0.003069210106
211201	0.002634810058
211202	0.001340750532
211203	0.0005885137967
211204	0.001484209006
211205	0.0006219212148
211206	0.003054623499
211207	0.001988822891
211208	0.001367361045
211209	0.001134760846
211210	0.00105999818
211211	0.002013478977
211212	0.0006216211932
211213	0.002500491547
211214	0.0003966994383
211215	0.001692798326
211216	0.001298121375
211217	0.002243076005
211218	0.001561417843
211219	0.004493024265
211220	0.004707830805
211221	0.004530675842
211222	0.00481387324
211223	0.004470590472
211224	0.006349628475
211225	0.001934388716
211226	0.004572038579
211227	0.00444148021
211228	0.004545032985
211229	0.004564309561
211230	0.004492532004
211231	0.003810806977
211232	0.004588838454
211233	0.004229478873
211234	0.004166667071
211235	0.004324694173
211236	0.009158049334
211237	0.004612036771
211238	0.003511360866
211239	0.004122965176
211240	0.007087335774
211241	0.003980602589
211242	0.004232423688
211243	0.00435992613
211244	0.004401075186
211245	0.004377640383
211246	0.003787046376
211247	0.004437371444
211248	0.004566982589
211249	0.004754535604
211250	0.004282130781
211251	0.004127240641
211252	0.005335271048
211253	0.003307544769
211254	0.005504622146
211255	0.004500297824
211256	0.005584575
211257	0.003642679017
211258	0.004263427864
211259	0.004274870382
211260	0.003447903098
211261	0.004579194935
211262	0.003979012784
211263	0.004171113547
211264	0.00407468714
211265	0.004087782966
211266	0.004442832982
211267	0.004368461821
211268	0.004388047428
211269	0.003797338071
211270	0.004907703718
211271	0.004443981739
211272	0.004824705346
211273	0.004865435713
211274	0.004628894053
211275	0.003893463404
211276	0.003333650094
211277	0.005453462072
211278	0.003714711108
211279	0.003055300339
211280	0.003180948077
211281	0.002524564331
211282	0.004474323941
211283	0.003552469804
211284	0.003523235455
211285	0.005658956639
211286	0.002786878051
211287	0.00348431556
211288	0.003152975398
211289	0.003492351215
211290	0.003006598245
211291	0.003427239093
211292	0.002878349972
211293	0.0007331894799
211294	0.0005655779286
211295	0.003965705619
211296	0.002237224812
211297	0.005905263634
211298	0.003256526821
211299	0.003120013684
211300	0.003325356451
211301	0.003443468757
211302	0.00531520846
211303	0.002536387801
211304	0.005690801177
211305	0.00565922248
211306	0.002854233179
211307	0.003215413029
211308	0.002589020938
211309	0.002849848456
211310	0.003269713338
211311	0.002823065719
211312	0.002776652726
211313	0.00368026943
211314	0.0002774414855
211315	0.0002305788424
211316	6.945542372e-05
211317	0.0001999809211
211318	2.234357413e-05
211319	0.000301182024
211320	0.0003504186618
211321	5.389049361e-05
211322	0.0002114808672
211323	9.051341097e-05
211324	6.584687085e-05
211325	0.0002134257415
211326	0.0002927071535
211327	4.494839947e-05
211328	1.755994065e-05
211329	1.832459232e-05
211330	0.0002171025977
211331	3.451396412e-05
211332	0.0004724480326
211333	0.0004003588296
211334	6.318309905e-05
211335	0.0001779281548
211336	0.002485081611
211337	0.0005533547372
211338	0.0004112055189
211339	0.0001054621722
211340	0.005623013696
211341	0.00545949639
211342	0.006371518583
211343	0.006086628182
211344	0.006024549301
211345	0.005494728454
211346	0.006064029568
211347	0.006199292688
211348	0.006516277196
211349	0.005827301174
211350	0.005754482964
211351	0.005048653261
211352	0.004373761448
211353	0.006845162907
211354	0.007019892946
211355	0.00620732835
211356	0.006158040864
211357	0.005172633814
211358	0.00534365031
211359	0.005967937812
211360	0.005951092854
211361	0.00723241003
211362	0.005494078151
211363	0.005454436787
211364	0.005411351887
211365	0.005807874903
211366	0.005819696992
211367	0.005254770167
211368	0.006235490689
211369	0.006304459537
211370	0.006081811468
211371	0.004514318613
211372	0.002285963413
211373	0.005986026958
211374	0.0007782882574
211375	0.0006455290783
211376	0.0007581343179
211377	0.000968261497
211378	0.000736264058
211379	0.0007903360976
211380	0.0009568936713
211381	0.0008952599894
211382	0.0003880124447
211383	0.0002705164103
211384	0.0005814183383
211385	0.0008788460045
211386	0.0009478756448
211387	0.0001350212188
211388	0.00299215729
211389	0.0006565132349
211390	0.000300154069
211391	0.0006408294205
211392	0.0005411958406
211393	0.0006272540685
211394	0.0005895179393
211395	0.002210615351
211396	0.002494874159
211397	0.002229435949
211398	0.002236748723
211399	0.002105754846
211400	0.00229293312
211401	0.00231330412
211402	0.002307140881
211403	0.002377220295
211404	0.002497267384
211405	0.003180014404
211406	0.001284844736
211407	0.00146812226
211408	0.002502399617
211409	0.002819394598
211410	0.002496625149
211411	0.002274091833
211412	0.002505019901
211413	0.002538656494
211414	0.002575045146
211415	0.002617579362
211416	0.002066666565
211417	0.001882374964
211418	0.0002717894798
211419	0.00233394617
211420	0.002310364994
211421	0.002274490682
211422	0.002279919951
211423	0.002159034397
211424	0.002617763453
211425	0.002205525704
211426	0.002870985587
211427	0.0005737225361
211428	0.001537634935
211429	0.002274537758
211430	0.001953028456
211431	0.002679729247
211432	0.003060020306
211433	0.002035333931
211434	0.002059238616
211435	0.001938223972
211436	0.002254367283
211437	0.002673550977
211438	0.002700701603
211439	0.002557543815
211440	0.00225871316
211441	0.002345305017
211442	0.002120644482
211443	0.002097184969
211444	0.00231724157
211445	0.002591310866
211446	0.002194108991
211447	0.003274979334
211448	0.002634221216
211449	0.002158091614
211450	0.002371063491
211451	0.002572433386
211452	0.002516541908
211453	0.002296172511
211454	0.002546213278
211455	0.004686481085
211456	0.006491831481
211457	0.005224709549
211458	0.00504527208
211459	0.005121346849
211460	0.005116693909
211461	0.004724935071
211462	0.005183930754
211463	0.005360893872
211464	0.004309149537
211465	0.004973096616
211466	0.004012895167
211467	0.004805260084
211468	0.005016813459
211469	0.005759064377
211470	0.002478836603
211471	0.004732840294
211472	0.005067648748
211473	0.005376962925
211474	0.005036123971
211475	0.005520493443
211476	0.004916345358
211477	0.004745065871
211478	0.005450783502
211479	0.005112029429
211480	0.005042199999
211481	0.003162971936
211482	0.005845044961
211483	0.005825723352
211484	0.005520811942
211485	0.005418931042
211486	0.005673847466
211487	0.004837832854
211488	0.004363915899
211489	0.006488897772
211490	0.004415329534
211491	0.004706662237
211492	0.004485711112
211493	0.005589669491
211494	0.004980165989
211495	0.005071972488
211496	0.005091901439
211497	0.005119925886
211498	0.002680661766
211499	0.002530816946
211500	0.002598697897
211501	0.002878093864
211502	0.002386617076
211503	0.002703984808
211504	0.002774949849
211505	0.002535424602
211506	0.002928937839
211507	0.002746206976
211508	0.002630730372
211509	0.00292317264
211510	0.002803410627
211511	0.002729611107
211512	0.002641297315
211513	0.002723390308
211514	0.002743349277
211515	0.002760411894
211516	0.002895777812
211517	0.002895515919
211518	0.002742122271
211519	0.00263075077
211520	0.002765670996
211521	0.002888915116
211522	0.002797865201
211523	0.004043036976
211524	0.003941212684
211525	0.003531486621
211526	0.003509532015
211527	0.001844468872
211528	0.008756129467
211529	0.001587144292
211530	0.004322087845
211531	0.005799451521
211532	0.004061508016
211533	0.004178180458
211534	0.003672925997
211535	0.005150015583
211536	0.003757325436
211537	0.003310634936
211538	0.002901277308
211539	0.00380247761
211540	0.002250278941
211541	0.003360680176
211542	0.002714172051
211543	0.003867097879
211544	0.004451652625
211545	0.006026641268
211546	0.004685283872
211547	0.003890742359
211548	0.004694196655
211549	9.785868763e-05
211550	0.003492858821
211551	0.003876105103
211552	0.003989274826
211553	0.005941525516
211554	0.004278888972
211555	0.004122322275
211556	0.003501601396
211557	0.0025448218
211558	0.004012169108
211559	0.00396941948
211560	0.001745031026
211561	0.00428105222
211562	0.003885417559
211563	0.004390837666
211564	0.00411666932
211565	0.00394496341
211566	0.004265153068
211567	0.004387347544
211568	0.004633546231
211569	0.00444982204
211570	0.001384959767
211571	0.0031457578
211572	0.004115191432
211573	0.003505512955
211574	0.004657435319
211575	0.004421306114
211576	0.004236660682
211577	0.004181321955
211578	0.004346408497
211579	0.004578394784
211580	0.002008488891
211581	0.004941469477
211582	0.004437095405
211583	0.004534542639
211584	0.00200189311
211585	0.004000619164
211586	0.004551800907
211587	0.004038265665
211588	0.000847432946
211589	0.005173119066
211590	0.003491026925
211591	0.0044538365
211592	0.00251511247
211593	0.006839713919
211594	0.004325088568
211595	0.003298318147
211596	0.004057262128
211597	0.00457137702
211598	0.004162965699
211599	0.001337854845
211600	0.001235925257
211601	0.001205191477
211602	0.001091291647
211603	0.00107013522
211604	0.001240036269
211605	0.001048706726
211606	0.001316076568
211607	0.001297751889
211608	0.001257049748
211609	0.001315254655
211610	0.001244097778
211611	0.001287119177
211612	0.001310642207
211613	0.00140795973
211614	0.001395816965
211615	0.001388590705
211616	0.001158692247
211617	0.001214112972
211618	0.001257284523
211619	0.001048189993
211620	0.001285232488
211621	0.007362055868
211622	0.003723139961
211623	0.004078683943
211624	0.006214606431
211625	0.0006166041339
211626	0.00222476004
211627	0.001349745941
211628	0.007094937577
211629	0.006930527936
211630	0.004135748398
211631	0.001075419493
211632	0.01219098939
211633	0.001970943628
211634	0.00749506572
211635	0.001002262003
211636	0.001417223108
211637	0.002655189145
211638	0.003105690537
211639	0.003177981007
211640	0.002082029228
211641	0.005909025588
211642	0.005958177967
211643	0.005865443729
211644	0.005898130491
211645	0.00624977119
211646	0.005999306559
211647	0.005986581383
211648	0.007088827546
211649	0.00819823758
211650	0.007073006587
211651	0.004121623009
211652	0.005506265371
211653	0.008583776889
211654	0.006550438731
211655	0.00786201089
211656	0.007270833697
211657	0.006650587655
211658	0.003543628316
211659	0.006967147534
211660	0.005149046002
211661	0.00571401097
211662	0.00436693305
211663	0.001587262912
211664	0.004389101073
211665	0.003463802698
211666	0.004663868951
211667	0.01263423665
211668	0.001918833228
211669	0.004826311949
211670	0.00371556527
211671	0.003011355279
211672	0.005294795525
211673	0.003333134042
211674	0.0035281902
211675	0.002768357063
211676	0.002776304546
211677	0.003406638064
211678	0.001117820386
211679	0.004210074459
211680	0.003354279549
211681	0.00357918139
211682	0.002133835069
211683	0.003256725513
211684	0.004508688262
211685	0.004265702677
211686	0.009340374126
211687	0.003940476814
211688	0.003522017833
211689	0.004019656224
211690	0.004604287314
211691	0.003413342926
211692	0.002991526592
211693	0.002819346386
211694	0.004162758041
211695	0.003869669728
211696	0.000317001148
211697	0.004342598645
211698	0.004165830252
211699	0.002152224468
211700	0.001892724923
211701	0.0009677576262
211702	0.0006454045261
211703	0.0005307917596
211704	0.001347079542
211705	0.00323527726
211706	0.003361305158
211707	0.0009193908317
211708	0.0001088958827
211709	0.001662447638
211710	0.001634910812
211711	0.001702162839
211712	0.001267216346
211713	0.001387931511
211714	0.001526976019
211715	0.001867272169
211716	0.001420208688
211717	0.001498904717
211718	0.003173873237
211719	0.002368667563
211720	0.001973916682
211721	0.003537760009
211722	0.0007203962474
211723	0.004128770638
211724	0.001294897627
211725	0.0004934984239
211726	7.121276099e-05
211727	0.001656724291
211728	0.004041081099
211729	0.004113527073
211730	0.003430957535
211731	0.004031754215
211732	0.004557824742
211733	0.004040844592
211734	0.003408884622
211735	0.004292439455
211736	0.004989429358
211737	0.003378419861
211738	0.003805796573
211739	0.004819430548
211740	0.004199956483
211741	0.0009763961311
211742	0.003129011338
211743	0.004197777932
211744	0.003316805906
211745	0.003249569833
211746	0.003731455081
211747	0.003740896385
211748	0.0041140565
211749	0.004225752793
211750	0.003837558811
211751	0.004248151209
211752	0.00367607167
211753	0.003696063239
211754	0.004844585465
211755	0.004412361678
211756	0.004298108122
211757	0.005370888936
211758	0.00835946743
211759	0.005049242663
211760	0.002050686335
211761	0.005644310858
211762	0.005445019622
211763	0.003592813666
211764	0.004651165148
211765	0.004406774683
211766	0.004512728839
211767	0.004341486435
211768	0.004692467379
211769	0.00473023144
211770	0.002258803325
211771	0.005101796735
211772	0.00283785541
211773	0.004419865718
211774	0.009511957949
211775	0.004875536298
211776	0.004697543886
211777	0.004988582216
211778	0.004777739299
211779	0.004612648692
211780	0.001095950869
211781	0.004724355867
211782	0.004664930753
211783	0.003723598247
211784	0.004968777333
211785	0.003553701656
211786	0.004612346772
211787	0.004815938839
211788	0.01014652988
211789	0.007156193884
211790	0.004032747969
211791	0.005507902704
211792	0.005753596083
211793	0.003706082466
211794	0.004848179182
211795	0.003721219565
211796	0.00196808858
211797	0.001148447759
211798	0.003007187375
211799	0.004519744479
211800	0.005018131849
211801	0.005740577448
211802	0.004828645629
211803	0.004611044706
211804	0.00495028817
211805	0.004701237226
211806	0.005654845181
211807	0.004868159715
211808	0.005938442496
211809	0.004766170562
211810	0.002969350866
211811	0.002793435393
211812	0.001886224946
211813	0.002670850756
211814	0.0004574565565
211815	0.002799299034
211816	0.005390082967
211817	0.002720511619
211818	0.0006506555087
211819	0.003207675537
211820	0.000997348567
211821	0.002891735133
211822	0.002672200643
211823	0.004047533442
211824	0.00189569069
211825	0.001761133272
211826	0.002239879229
211827	0.002895578613
211828	0.002730758375
211829	0.001577112432
211830	0.00269129643
211831	0.002086877089
211832	0.001388287433
211833	0.002035857423
211834	0.002938380037
211835	0.002657906849
211836	0.002927506999
211837	0.001104800156
211838	0.002345170283
211839	0.003221908374
211840	0.001860721282
211841	0.002689882673
211842	0.0005836384151
211843	0.001075725165
211844	0.0004252478237
211845	0.003106728374
211846	0.002366967032
211847	0.001414032208
211848	0.001162089672
211849	0.002665526293
211850	0.00242839568
211851	0.004179531209
211852	0.006405440336
211853	0.001596447175
211854	0.001958147047
211855	0.002094511357
211856	0.002547108709
211857	0.002359392426
211858	0.004370936561
211859	0.002767462376
211860	0.003069609968
211861	0.001698321627
211862	0.002689708431
211863	0.003220027907
211864	0.003860192469
211865	0.01097422153
211866	0.002751583131
211867	0.001842547364
211868	0.003687063545
211869	0.001051750383
211870	0.003683718877
211871	0.001102868738
211872	0.004047344295
211873	0.004230743968
211874	0.002970684601
211875	0.003401951902
211876	0.003773688453
211877	0.002006996615
211878	0.002611546526
211879	0.001837247764
211880	0.001936870348
211881	0.002078505571
211882	0.002449137383
211883	0.002621864117
211884	0.00284683054
211885	0.002826617783
211886	0.002925566981
211887	0.002595663219
211888	0.004909140248
211889	0.001517632786
211890	0.002842877033
211891	0.002470775146
211892	0.002914039836
211893	0.001933976867
211894	0.005886702283
211895	0.00314062446
211896	0.002514119971
211897	0.00254843744
211898	0.002416644132
211899	0.001309701298
211900	0.00170476588
211901	0.004557435605
211902	0.003076197395
211903	0.00155840103
211904	0.00222170418
211905	0.003313039485
211906	0.003595797807
211907	0.00192694909
211908	0.00161001693
211909	0.001089077882
211910	0.002264452809
211911	0.0002766782972
211912	0.0018932796
211913	0.003604376853
211914	0.003557064218
211915	0.001141226799
211916	0.0038088056
211917	0.002078022467
211918	0.002733189381
211919	0.002076335265
211920	0.001000276525
211921	0.0008353275407
211922	0.001320732633
211923	0.00231614237
211924	0.002532601269
211925	0.002570673771
211926	0.001142050184
211927	0.002844504664
211928	0.002410324088
211929	0.001591646948
211930	0.001039212776
211931	0.004123760958
211932	0.003931804329
211933	0.002379373252
211934	0.001259987023
211935	0.001000145818
211936	0.00300461613
211937	0.001135865749
211938	0.009644878629
211939	0.001587283568
211940	0.00206310144
211941	0.001997101058
211942	0.001762095453
211943	0.002815331761
211944	0.001262894526
211945	0.00222682581
211946	0.001036190137
211947	0.002471308565
211948	0.002114046881
211949	0.009370232849
211950	0.001615594741
211951	0.003515789203
211952	0.00196589462
211953	0.001839517873
211954	0.003671564659
211955	0.0007024199607
211956	0.00534537645
211957	0.003035788024
211958	0.003273869781
211959	0.005131171372
211960	4.94498203e-05
211961	0.000491338438
211962	0.001127666627
211963	0.001895364198
211964	0.001749724763
211965	0.0007737547779
211966	0.003011137389
211967	0.002987784194
211968	0.0007805263214
211969	0.004781048036
211970	0.00226356647
211971	0.00190065355
211972	0.001963165604
211973	0.004523310101
211974	0.0001816783019
211975	0.002886323962
211976	0.002159194063
211977	0.01009660476
211978	0.009101685319
211979	0.01018964832
211980	0.01011255369
211981	0.0109966777
211982	0.01024231282
211983	0.01047379442
211984	0.01012117135
211985	0.007925347587
211986	0.0109122368
211987	0.009516980078
211988	0.01065431372
211989	0.01100476992
211990	0.00932187258
211991	0.01093003549
211992	0.01039806798
211993	0.01131643853
211994	0.01124803702
211995	0.01030879875
211996	0.01065931165
211997	0.01075167891
211998	0.01003112295
211999	0.01058372377
212000	0.0113516206
212001	0.009210919876
212002	0.0112791646
212003	0.01152348177
212004	0.00879358893
212005	0.01121625603
212006	0.01107595413
212007	0.01075838561
212008	0.0112008632
212009	0.01078123999
212010	0.007475487023
212011	0.01030595279
212012	0.010819125
212013	0.01105197631
212014	0.01142627798
212015	0.01118014091
212016	0.01047584887
212017	0.01112284316
212018	0.005095373384
212019	0.01030587106
212020	0.01127544959
212021	0.01043493195
212022	0.01075436046
212023	0.01102376839
212024	0.01114789831
212025	0.01013023214
212026	0.0115360595
212027	0.01113688764
212028	0.01015596347
212029	0.007573307557
212030	0.008943215406
212031	0.01122524887
212032	0.0004744660705
212033	0.002518473248
212034	0.00435016073
212035	0.0004638014284
212036	0.005175163116
212037	1.395488498e-05
212038	0.0007385612707
212039	0.007121340338
212040	0.0008311262748
212041	0.0007033956835
212042	0.00237943243
212043	1.804602414e-05
212044	0.001308537096
212045	0.004658902775
212046	0.0017398694
212047	0.003192386553
212048	0.002464347867
212049	0.002555685479
212050	0.004524619378
212051	0.00633731491
212052	0.0008908014458
212053	0.004698122622
212054	0.001548591029
212055	0.01016648832
212056	0.0003919991861
212057	0.004422874879
212058	0.004251312012
212059	0.003452230424
212060	0.0004406027919
212061	0.008593005335
212062	0.00421252859
212063	0.002147417196
212064	0.006481484473
212065	0.004868712987
212066	0.001299074712
212067	0.009066225143
212068	0.005703283966
212069	0.0002205518486
212070	0.004995997286
212071	0.006350183395
212072	0.000178957963
212073	0.002530026113
212074	0.01113968407
212075	0.00200368369
212076	0.003070548162
212077	0.0003776640769
212078	0.002088271042
212079	0.0006192310136
212080	0.002727990863
212081	0.01064181142
212082	0.01336161235
212083	0.0005009748116
212084	0.0004108028454
212085	0.002874016437
212086	0.008257965064
212087	0.002637460089
212088	0.008570698897
212089	0.005587401746
212090	0.0006137051114
212091	0.01017136732
212092	0.001768098815
212093	0.001626217024
212094	0.0006819637262
212095	0.001342852166
212096	0.002636871753
212097	0.002048594593
212098	0.003464414229
212099	0.001977892686
212100	0.000853715591
212101	0.001847383652
212102	0.000630885035
212103	0.000336088509
212104	0.0009036405274
212105	0.0006325669924
212106	0.000722080833
212107	0.0009511625514
212108	0.000521249571
212109	0.0006785525773
212110	0.0007751177614
212111	0.000645955727
212112	0.000598529664
212113	0.000440617697
212114	0.0006264444264
212115	0.0006171113344
212116	6.804242169e-05
212117	0.00042756438
212118	0.000706462931
212119	0.000563399554
212120	0.000594609415
212121	0.0008390865024
212122	0.000583073113
212123	0.000544565609
212124	0.001541509004
212125	0.00257838394
212126	0.002935166037
212127	0.0004574574762
212128	0.0001756305835
212129	0.002219613506
212130	0.000413651002
212131	0.001737282235
212132	0.001123540868
212133	0.001062059781
212134	0.001434128757
212135	0.002184425463
212136	0.0006930702081
212137	0.00068674928
212138	0.001177480635
212139	0.0007081101218
212140	0.0001813254508
212141	0.000823977096
212142	0.001872652157
212143	0.002280088791
212144	0.004131936222
212145	0.002242207416
212146	0.003581019843
212147	0.003448330598
212148	0.006489294952
212149	0.004965314085
212150	0.002249347965
212151	0.002629345828
212152	0.002910084723
212153	0.001479809387
212154	0.0008301284472
212155	0.002361378681
212156	0.003707249794
212157	0.002393267289
212158	0.001800352123
212159	0.001761300899
212160	0.002069856686
212161	0.002389621204
212162	0.003990923329
212163	0.0007314682579
212164	0.004427675132
212165	0.002666229807
212166	0.001886353806
212167	0.002848712302
212168	0.001990859075
212169	0.001459649951
212170	0.004075359965
212171	0.003380897359
212172	0.002828120601
212173	4.408837646e-05
212174	0.002201990638
212175	0.006926856364
212176	0.007095978055
212177	0.007693936116
212178	0.007637381456
212179	0.00868564693
212180	0.007528925171
212181	0.004898080286
212182	0.007460000759
212183	0.007883266624
212184	0.008779330789
212185	0.008245133542
212186	0.006784785337
212187	0.008040148451
212188	0.007413820556
212189	0.007612385513
212190	0.007465403065
212191	0.006836057892
212192	0.007403373925
212193	0.007610884993
212194	0.008001097125
212195	0.007808521191
212196	0.00558429036
212197	0.007813714868
212198	0.006234089777
212199	0.006392759517
212200	0.007679361726
212201	0.005328027496
212202	0.005118144105
212203	0.005485786818
212204	0.009140441565
212205	0.00499652359
212206	0.007800320105
212207	0.00714819327
212208	0.008565842972
212209	0.007016676664
212210	0.007536263434
212211	0.007712534601
212212	0.008549429443
212213	0.007805623716
212214	0.00080209975
212215	0.0003780176241
212216	0.0003053058121
212217	0.001419964135
212218	0.001044312298
212219	0.0005569738972
212220	0.0002713586144
212221	0.001675417455
212222	0.001014622762
212223	0.001192969978
212224	0.0001637022928
212225	0.001026787871
212226	0.001992347797
212227	0.002309521491
212228	0.0003030900353
212229	0.001658881169
212230	0.001723861875
212231	0.0003957942747
212232	7.878221492e-05
212233	0.002267927266
212234	0.0009959702386
212235	9.237643372e-05
212236	0.005177941088
212237	0.000523402576
212238	0.002489586807
212239	0.0003387815508
212240	0.001544472564
212241	0.001323559134
212242	0.0007070027917
212243	0.000222146347
212244	0.001655161339
212245	0.006807485243
212246	0.001343914397
212247	0.000447432821
212248	0.0002873298435
212249	0.001981971543
212250	0.007182939065
212251	0.006192270135
212252	0.002560127955
212253	0.00235120241
212254	0.002710651938
212255	0.002619836818
212256	0.004864107262
212257	0.005766964203
212258	0.0003740870108
212259	0.002143073915
212260	0.001621307267
212261	0.002688461803
212262	0.002372400106
212263	0.003775234289
212264	0.003429797217
212265	0.004520651574
212266	0.002470617999
212267	0.002660570611
212268	0.002655998879
212269	0.002522449063
212270	0.0009363613986
212271	0.001877427944
212272	0.002880380924
212273	0.003091342664
212274	0.001001056985
212275	0.002736238894
212276	0.004303064186
212277	0.001397212337
212278	0.004667357038
212279	0.003368850401
212280	0.001581029566
212281	0.002297131717
212282	0.001817925528
212283	0.002107210008
212284	0.002681288483
212285	0.009282140017
212286	0.002479697947
212287	0.005114933433
212288	0.00272347714
212289	0.002149336193
212290	0.001618154642
212291	0.002219666203
212292	0.001888591064
212293	0.003763969658
212294	0.002026788332
212295	0.002532944668
212296	0.001918014865
212297	0.003248010797
212298	0.002122513123
212299	0.003591523944
212300	0.002613910604
212301	0.004796047521
212302	0.00296732005
212303	0.007851033365
212304	0.004552344059
212305	0.004524551456
212306	0.004783363404
212307	0.004649098232
212308	0.005723639022
212309	0.005356474841
212310	0.003382261587
212311	0.0056261107
212312	0.002894966755
212313	0.006508518724
212314	0.007323890858
212315	0.005201784577
212316	0.005375900448
212317	0.005076804091
212318	0.006335321678
212319	0.00456966566
212320	0.005057489354
212321	0.001117505608
212322	0.004614717121
212323	0.004732078348
212324	0.004703482754
212325	0.004913068597
212326	0.005986017654
212327	0.005597538287
212328	0.005463513342
212329	0.005175515693
212330	0.005471957049
212331	0.006393040656
212332	0.00300262983
212333	0.003191131422
212334	0.005098053213
212335	0.004010734935
212336	0.002205275942
212337	0.005147593322
212338	0.004732355192
212339	0.004728122874
212340	0.005370581829
212341	0.004294847694
212342	0.004434593529
212343	0.003350836193
212344	0.007361749229
212345	0.004659339897
212346	0.004907052749
212347	0.004471681455
212348	0.007353428861
212349	0.001525556543
212350	0.007372315843
212351	0.007002181018
212352	0.005154836992
212353	0.005217534706
212354	0.005427098522
212355	0.004909679402
212356	0.004847945979
212357	0.007678240843
212358	0.007929667337
212359	0.007003021354
212360	0.007646471558
212361	0.007280356107
212362	0.007446035018
212363	0.007127480025
212364	0.00801293959
212365	0.007164797949
212366	0.008180125619
212367	0.007643967687
212368	0.007420799786
212369	0.007816452708
212370	0.007980065306
212371	0.007427604468
212372	0.00797335988
212373	0.007941579456
212374	0.007740055936
212375	0.005264430262
212376	0.005319751218
212377	0.004755668309
212378	0.004672746671
212379	0.005039146192
212380	0.005333042958
212381	0.005450341718
212382	0.005113264793
212383	0.005177522605
212384	0.005096893947
212385	0.004779809883
212386	0.00496371848
212387	0.005383393973
212388	0.004533359561
212389	0.005455079747
212390	0.005041322671
212391	0.02021481172
212392	0.003363783764
212393	0.006648596741
212394	0.001357121293
212395	0.001767892845
212396	0.002093326707
212397	0.003859528026
212398	0.003687974739
212399	0.003842721056
212400	0.003056538294
212401	0.004710743367
212402	0.003151512551
212403	0.003944686947
212404	0.003503805217
212405	0.004269709303
212406	0.006028575657
212407	0.008221781151
212408	0.006330015662
212409	0.006027363045
212410	0.007748230771
212411	0.006543529632
212412	0.007644775436
212413	0.004702767795
212414	0.005246645592
212415	0.006553381548
212416	0.005737795853
212417	0.00623331408
212418	0.001823920489
212419	0.000756095585
212420	0.002425442582
212421	0.001281131186
212422	0.002834822472
212423	0.008483967982
212424	0.004576151315
212425	0.005153755595
212426	0.002343452454
212427	0.003676442447
212428	0.003327129793
212429	0.00193439844
212430	0.003673475889
212431	0.001537225029
212432	0.002274945681
212433	0.001994741814
212434	0.000810931324
212435	0.0007195873901
212436	0.000407886929
212437	0.00408978113
212438	0.002645747075
212439	0.007035418787
212440	0.001648974646
212441	0.001783654467
212442	8.976909415e-05
212443	0.003892912112
212444	0.002916075078
212445	0.003156351114
212446	0.003558260127
212447	0.007671497001
212448	0.002968278682
212449	0.004972789754
212450	0.005933398662
212451	0.003817613301
212452	0.005699286438
212453	0.006336384052
212454	0.0003969886865
212455	0.004579085103
212456	0.007775889477
212457	0.0009000368444
212458	0.000570986724
212459	0.001665289117
212460	0.003396524264
212461	0.001337213512
212462	0.001503765444
212463	0.001308353614
212464	0.001535572207
212465	0.002769694
212466	0.0004189532049
212467	0.004432091341
212468	0.008884669688
212469	0.0006509353077
212470	0.002375610716
212471	0.001237151657
212472	0.002060193191
212473	0.0041537719
212474	0.005216638703
212475	0.002368861903
212476	0.007193134558
212477	0.01618713399
212478	0.01178172431
212479	0.002398279275
212480	0.0003538795794
212481	0.002953679315
212482	0.005321679595
212483	0.006162587943
212484	0.00662255056
212485	0.0006364626517
212486	0.00265662835
212487	0.004494149158
212488	0.007781764261
212489	0.00219099184
212490	0.003071278041
212491	0.001742953664
212492	0.001231670893
212493	0.00347165048
212494	0.00276040431
212495	0.007883285528
212496	0.003279239399
212497	0.01051524123
212498	0.002530497417
212499	0.00860593977
212500	0.0005773536508
212501	0.005049980932
212502	0.001905355078
212503	0.002385994889
212504	0.0005693101961
212505	0.004479238483
212506	0.002488485332
212507	0.0006173555875
212508	0.01642983963
212509	0.004041165509
212510	0.00696085835
212511	0.004014226691
212512	0.0008147831126
212513	5.742197079e-05
212514	0.002801456093
212515	0.008032142604
212516	0.0001408733013
212517	0.01123857501
212518	0.003944884934
212519	0.001399318739
212520	0.005487342425
212521	0.001250951539
212522	0.005497291831
212523	0.009814226945
212524	0.001567831584
212525	0.01109567844
212526	0.002008077122
212527	0.003605838338
212528	0.003043642691
212529	0.0006069470811
212530	0.001083216868
212531	0.007305215398
212532	0.0004602080229
212533	0.0004552148846
212534	0.0001178185888
212535	0.001990312829
212536	0.00320645029
212537	0.0004409273949
212538	0.0003166016396
212539	0.01415144473
212540	0.007023377506
212541	0.00195932748
212542	0.0009296172415
212543	0.004876467123
212544	0.01237433658
212545	0.0002023700831
212546	0.000335177357
212547	0.0005146715139
212548	0.0007096488638
212549	0.002555116076
212550	0.001409826076
212551	0.0005103153992
212552	0.0006473542999
212553	0.0002058642298
212554	0.0007227442227
212555	4.320520315e-05
212556	0.0006549837145
212557	0.00080301624
212558	0.0003976244015
212559	0.0003101802756
212560	0.000145085059
212561	0.0001616394445
212562	0.0001885628031
212563	0.0001052638061
212564	0.0001034636742
212565	0.0001035003534
212566	0.0001074776683
212567	9.875761963e-07
212568	7.256949178e-07
212569	0.0001054921643
212570	0.0002039338524
212571	0.0001046322544
212572	0.0002046909914
212573	9.786288058e-05
212574	0.002385924252
212575	0.007791400045
212576	0.003304331471
212577	0.006031504159
212578	0.004335443312
212579	0.002310931844
212580	0.003902002487
212581	0.004126867658
212582	0.01328933633
212583	0.004548982757
212584	0.01975600564
212585	0.007662350937
212586	0.001141645424
212587	0.004371756656
212588	0.002679396063
212589	0.003543927673
212590	0.001673249354
212591	0.007643799789
212592	0.0002849338218
212593	0.003343578727
212594	0.002636534181
212595	0.006502164653
212596	0.005179522449
212597	0.007395476185
212598	0.006988200588
212599	0.001930121666
212600	0.004881351616
212601	0.006224325909
212602	0.001983731524
212603	0.01135294045
212604	0.003818231081
212605	0.007076212106
212606	0.0002911629262
212607	0.001343349534
212608	0.0003289057272
212609	0.001961831082
212610	0.003066010433
212611	0.007489584797
212612	0.002539230223
212613	0.01319245122
212614	0.01025392773
212615	0.003783241273
212616	0.01001681167
212617	0.01141517352
212618	0.002512432065
212619	0.0103064726
212620	0.002986240367
212621	0.00745286153
212622	0.001499040807
212623	0.002190103104
212624	0.004931761484
212625	0.004564866511
212626	6.082810061e-05
212627	0.004075570272
212628	0.007156318711
212629	0.007077448447
212630	0.00540457749
212631	0.003671095643
212632	0.003172492107
212633	0.001286981642
212634	0.004074671299
212635	0.002002998157
212636	0.00373802362
212637	0.002333925428
212638	0.00497907898
212639	0.004979046503
212640	0.01216948933
212641	0.000854849313
212642	0.01591031142
212643	0.001471835774
212644	0.003838410794
212645	0.01302522701
212646	0.007701821739
212647	0.02620990051
212648	0.01066970517
212649	0.002554334386
212650	0.005294269767
212651	0.002393857277
212652	0.00923682194
212653	0.0008452799265
212654	0.003410698455
212655	0.002200213469
212656	0.0003716576345
212657	0.001484518157
212658	0.007228222463
212659	0.01161806132
212660	0.009814525578
212661	0.0007229244846
212662	0.004923005171
212663	0.0008777180475
212664	0.005661348913
212665	0.001145758574
212666	0.009611480627
212667	0.0144323933
212668	0.0009425515149
212669	0.0002750377124
212670	0.007808626626
212671	0.001235077738
212672	0.01003693782
212673	0.01791750697
212674	0.0009156336062
212675	0.004503098887
212676	0.001049003644
212677	0.00324859765
212678	0.001597646193
212679	0.003710507672
212680	0.003610262406
212681	0.02408329277
212682	0.01424773262
212683	0.005210899674
212684	0.001351221361
212685	0.01041475759
212686	0.003133712583
212687	0.004402031651
212688	0.01286908155
212689	0.000122833097
212690	0.006568823424
212691	0.006962109003
212692	0.00545234331
212693	0.01687562872
212694	0.007176935585
212695	0.001485915167
212696	0.006415403443
212697	0.004280332045
212698	0.01623615724
212699	0.001737353148
212700	0.003154698308
212701	0.003375398289
212702	0.004190706042
212703	0.00333212212
212704	0.0004796267938
212705	0.0173119267
212706	0.001182650802
212707	0.006127912006
212708	0.01099501881
212709	0.01156722877
212710	0.008144507465
212711	0.01966108523
212712	0.00131564322
212713	0.008215334323
212714	0.005275661327
212715	0.003860323399
212716	0.0123489211
212717	0.001522863871
212718	0.007459847965
212719	0.01046058004
212720	0.003390938396
212721	0.007636404421
212722	0.004445036522
212723	0.001878668657
212724	0.006923318387
212725	0.010541001
212726	0.01239365906
212727	2.864462148e-05
212728	0.0008296925503
212729	0.0001624964164
212730	0.003449419559
212731	0.001365636481
212732	0.0001399747994
212733	0.0001289493823
212734	0.000979678057
212735	0.003020407303
212736	0.01503065718
212737	0.00951190587
212738	0.0001324768265
212739	0.00563989185
212740	0.003192189896
212741	0.005025162927
212742	0.002139205074
212743	0.01771100478
212744	0.004611024512
212745	0.00424216781
212746	0.00231851813
212747	0.000195245798
212748	0.005183967996
212749	0.003868225427
212750	0.001907101167
212751	0.000632019992
212752	0.0006470750215
212753	0.002607458254
212754	0.002363447779
212755	0.002144762589
212756	0.0002899862942
212757	0.0003056433778
212758	0.005440845075
212759	0.003150426503
212760	0.000687590843
212761	0.0002050468772
212762	9.541849243e-05
212763	0.0005704071212
212764	0.00048592494
212765	0.001881077943
212766	0.007823767635
212767	0.006910757875
212768	0.0003858454624
212769	0.002213476673
212770	0.0001415191984
212771	0.005067791675
212772	0.003179314921
212773	0.000804646771
212774	0.004839402799
212775	0.0007367434333
212776	0.00274233571
212777	0.00661246695
212778	0.004359787209
212779	0.002575660516
212780	0.01021427033
212781	0.00405468262
212782	0.01350772286
212783	0.008065559697
212784	0.006590320849
212785	0.01148238846
212786	0.004637855258
212787	0.0007226826225
212788	0.0001092395416
212789	0.007524780204
212790	0.004171852424
212791	0.006004348945
212792	0.005444703796
212793	0.01007047204
212794	0.0004831099709
212795	0.002008356559
212796	8.917621443e-05
212797	0.0005717378316
212798	0.001270727821
212799	0.004893562426
212800	0.003103930825
212801	0.001877053153
212802	0.002280880361
212803	0.001268888388
212804	0.001260650066
212805	0.004436931894
212806	0.001438497459
212807	0.00713634303
212808	0.005370772478
212809	0.0042769013
212810	0.004096936759
212811	0.0003036074158
212812	0.002591007655
212813	0.002044960232
212814	0.002294869652
212815	0.002085989107
212816	0.001868195481
212817	0.002294801589
212818	0.002440767954
212819	0.002929893166
212820	0.002124853915
212821	0.002122319462
212822	0.00337459763
212823	0.003043959818
212824	0.003782392038
212825	0.003901090548
212826	0.0007278257352
212827	0.001643515827
212828	0.002726609427
212829	0.0004805887392
212830	0.002239534615
212831	0.002485765277
212832	0.002033860306
212833	0.001593261879
212834	0.002865430166
212835	0.002123215716
212836	0.002344700183
212837	0.001348753973
212838	0.002909025566
212839	0.001645844588
212840	0.00317311162
212841	0.002451958729
212842	0.001430104416
212843	0.001978345778
212844	0.005877834243
212845	0.003195928319
212846	0.002895902287
212847	0.001071895234
212848	0.001559260268
212849	0.01358888726
212850	0.008834732214
212851	0.004680897162
212852	0.006711830778
212853	0.0006730400694
212854	0.01270505679
212855	0.01553130188
212856	0.004110504528
212857	0.003611523189
212858	0.002199493158
212859	0.003379923669
212860	0.002852589461
212861	0.008528571986
212862	0.003797274757
212863	0.0001083364548
212864	0.004894604583
212865	0.003031455947
212866	0.005896698923
212867	0.007315259502
212868	0.001364968236
212869	0.003426815591
212870	0.009364045316
212871	0.004574685983
212872	0.001250808201
212873	0.005040716059
212874	0.01411831721
212875	0.009833365506
212876	0.008385772941
212877	0.002051466368
212878	0.008931499325
212879	0.0004973579199
212880	0.005323473194
212881	0.005874791961
212882	0.004847263762
212883	0.007679962209
212884	0.01267111189
212885	0.008029610301
212886	0.00190919801
212887	0.01046665868
212888	0.01594401912
212889	0.003968645241
212890	0.00817148789
212891	0.007452670936
212892	0.009434488971
212893	0.0008081081955
212894	0.009112868221
212895	0.006582749066
212896	0.0002599929872
212897	0.01512748229
212898	0.005712647702
212899	0.006466971905
212900	0.004513676376
212901	0.006206090736
212902	0.000144264722
212903	0.006964280316
212904	0.008084008183
212905	0.01202014618
212906	0.0105923513
212907	0.005727194737
212908	0.002967887893
212909	0.002022253215
212910	0.006265208064
212911	0.0002326131857
212912	0.001550721526
212913	2.290105496e-05
212914	0.0004379405222
212915	0.008956629777
212916	0.002717297338
212917	0.009065712052
212918	0.00783152397
212919	0.001714494168
212920	0.009733760417
212921	0.008416007499
212922	0.00195470951
212923	0.004370446805
212924	0.004639739613
212925	0.005155300263
212926	0.003286203262
212927	0.01139556027
212928	0.008777863672
212929	0.007652127903
212930	0.006965576019
212931	0.001318069481
212932	0.006408959896
212933	0.005038638786
212934	0.009007688116
212935	0.003285531285
212936	0.007893286566
212937	0.004062382499
212938	0.00381695011
212939	0.005471566593
212940	0.0001488701095
212941	0.008679237558
212942	0.003188594256
212943	0.003714228244
212944	0.01248963853
212945	0.003184618657
212946	0.006054604759
212947	0.002279097323
212948	0.004626828143
212949	0.003556414053
212950	0.009116058306
212951	0.004266112189
212952	0.002962212518
212953	0.002653232162
212954	0.002453913514
212955	0.002145447965
212956	0.001813688874
212957	0.003525065685
212958	0.00453513047
212959	0.004730679877
212960	0.001799601165
212961	0.003326202905
212962	0.002830942131
212963	0.00342189467
212964	0.002143217331
212965	0.001941983841
212966	0.001884160802
212967	0.002102926104
212968	0.001481045635
212969	0.004416807596
212970	0.002483134328
212971	0.002560897133
212972	0.001206449164
212973	0.01323552426
212974	0.009122770536
212975	0.001367192279
212976	0.0006666395879
212977	0.005789064037
212978	0.004399236535
212979	0.001346679425
212980	0.01908120865
212981	0.009929726605
212982	0.0005985740082
212983	0.006360993205
212984	0.001819081447
212985	0.000786220548
212986	0.003110796094
212987	0.0005023649917
212988	0.005330032256
212989	0.009238566867
212990	0.002420755947
212991	0.00320151971
212992	0.005957336929
212993	0.0007061396362
212994	0.009796105378
212995	0.0008820941558
212996	0.004243074632
212997	0.002555789049
212998	0.0004734806121
212999	0.001755772441
213000	0.0008550247755
213001	0.001830526967
213002	0.01156705282
213003	0.005734426923
213004	0.01173211388
213005	0.005216128255
213006	0.002456224909
213007	0.01169667802
213008	0.00827251245
213009	0.009070689814
213010	0.004729694469
213011	0.008123156236
213012	0.00495499848
213013	0.003425295352
213014	0.005171531246
213015	0.006181734935
213016	0.001385339776
213017	0.001194547094
213018	0
213019	0.005111169585
213020	0.003583548347
213021	0.006281518588
213022	0.007016429269
213023	0.001695885369
213024	0.01319820233
213025	0.005834166552
213026	0.005674114176
213027	0.005203634202
213028	0.01112674324
213029	0.0002244247252
213030	0.004671836087
213031	0.001810939743
213032	0.00674919401
213033	0.0007498754324
213034	0.002375547127
213035	0.004100561007
213036	0.01707004502
213037	0.009821242089
213038	0.001017606461
213039	0.01171956453
213040	0.01219544939
213041	0.005262351532
213042	0.002947517688
213043	0.004182310894
213044	0.002339307018
213045	0.003222364723
213046	0.008437134476
213047	0.001591340346
213048	0.008246342021
213049	0.008445549142
213050	0.002935045761
213051	0.009296952472
213052	0.007505257844
213053	0.00246379982
213054	0.003407449508
213055	0.004374539214
213056	0.001913127975
213057	0.003070909306
213058	0.002196309122
213059	0.0005512289486
213060	0.00134090199
213061	0.01409842286
213062	0.002416434621
213063	0.003099285932
213064	0.000398643775
213065	0.001327113971
213066	0.0008865273185
213067	0
213068	0.0008135622067
213069	0.004561644738
213070	0.008539867011
213071	0.002872534808
213072	0.002251634722
213073	0.001718169044
213074	0.01294322954
213075	0.003911858448
213076	0.01110916468
213077	0.004238237237
213078	0.002619600801
213079	0.0005440071056
213080	0.002905376151
213081	0.001610549144
213082	0.0009122873199
213083	0.00056635138
213084	0.00426621518
213085	0.0004304077471
213086	0.006265014154
213087	0.007692582451
213088	0.008051453817
213089	0.004494190588
213090	0.007170656254
213091	0.004997569785
213092	0.004601941235
213093	0.004395791172
213094	0.002969746941
213095	0.01018084132
213096	0.007884524602
213097	0.001573424982
213098	0.006176731946
213099	0.007925310386
213100	0.001523400119
213101	0.007066965294
213102	0.005222310707
213103	0.002545049517
213104	0.009554794994
213105	0.001377373978
213106	0.0004449442578
213107	0.0001569806462
213108	0.005764976148
213109	0.003032159385
213110	0.002744074139
213111	0.0002131292238
213112	0.003956466481
213113	0.003397755612
213114	0.005477673623
213115	0.0004030556437
213116	0.006413407021
213117	0.004715813058
213118	0.01019938791
213119	0.01122416282
213120	0.002776038999
213121	0.002689163861
213122	0.004530876346
213123	0.002378467069
213124	0.000259567083
213125	0.001029220464
213126	0.000771503307
213127	0.003079566555
213128	0.001369038569
213129	0.01131635192
213130	0.002423018046
213131	0.001791308469
213132	0.008490929543
213133	0.005274289661
213134	0.001084984252
213135	0.01133234929
213136	0.0005187830106
213137	0.004343765793
213138	0.002247065499
213139	0.003469263615
213140	0.004103304391
213141	0.007457864188
213142	0.00267793845
213143	0.0004839166673
213144	0.004574723082
213145	3.070791859e-05
213146	0.001751150163
213147	0.005819650247
213148	0.0002617273436
213149	0.003376744096
213150	0.01375793549
213151	0.0177055761
213152	0.006026105256
213153	0.00666206748
213154	0
213155	0.004173620859
213156	0.0007822889133
213157	0.006699606249
213158	0.01089490568
213159	0.01600774692
213160	0.01369846615
213161	0.003599644264
213162	0.002504259192
213163	0.002946533377
213164	0.0008167568732
213165	0.003561263566
213166	0.00278470166
213167	0.007287776039
213168	0.003270221162
213169	0.002219700403
213170	0.005624877174
213171	0.001835374453
213172	0.001719307246
213173	0.003476348705
213174	0.005820115069
213175	0.0006178851301
213176	0.00286784453
213177	0.00471920187
213178	0.01196433003
213179	0.005997264364
213180	0.007735609385
213181	0.009818659099
213182	0.009143505496
213183	0.00983313058
213184	0.006482929348
213185	0.01684326068
213186	0.01380639
213187	0.0009231315013
213188	0.008952948758
213189	0.01191207753
213190	0.003224244116
213191	0.01608914042
213192	0.006389710654
213193	0.000415296891
213194	0.0009336075777
213195	0.007705444892
213196	0.007328283469
213197	0.001726409464
213198	0.01992100724
213199	0.01174290291
213200	0.01484131749
213201	0.01717813048
213202	0.00593864598
213203	0.004682799925
213204	0.01495248368
213205	0.01071033615
213206	0.01564393428
213207	0.007277626449
213208	0.01277511136
213209	0.003121352172
213210	0.001926417698
213211	0.001182346421
213212	0.0117336532
213213	0.014952218
213214	0.001633144513
213215	0.01784516455
213216	0.007757130332
213217	0.01450088573
213218	0.01501966194
213219	0.01142466882
213220	0.005905964967
213221	0.01584456781
213222	0.008047586556
213223	0.01784675927
213224	0.01465622102
213225	0.004171797136
213226	0.001138056392
213227	0.01311219332
213228	0.00707472401
213229	0.001029909138
213230	0.01394102588
213231	0.01204348307
213232	0.01749634711
213233	0.01263954671
213234	0.01204666905
213235	0.01445022137
213236	0.003142300516
213237	0.004130294423
213238	0.01733197533
213239	0.007539905733
213240	0.01205673422
213241	0.01500220471
213242	0.002864178075
213243	0.01444565305
213244	0.01008308294
213245	0.004309052919
213246	0.01150256227
213247	0.01373361482
213248	0.01629786142
213249	0.005143906163
213250	0.01891290325
213251	0.01392710115
213252	0.01173369102
213253	0.01244216542
213254	0.002214771023
213255	0.01059402598
213256	0.003838342199
213257	0.004609772184
213258	0.0009094359822
213259	0.004801037201
213260	0.005711392809
213261	0.006798787156
213262	0.002565477705
213263	0.0102714261
213264	0.01385179559
213265	0.002850181942
213266	0.001027728557
213267	0.01048117898
213268	0.001579391865
213269	0.004984404495
213270	0.003954757298
213271	0.003184416153
213272	0.002489339657
213273	0.008146181885
213274	0.001968206451
213275	0.0009922798622
213276	0.001244182217
213277	0.001042746078
213278	0.003253638176
213279	0.004724866644
213280	0.01017005363
213281	0.003177344508
213282	0.008346489418
213283	0.005088482748
213284	0.0005744413663
213285	0.007669355727
213286	0.001683115905
213287	0.0009958619088
213288	0.0002182235844
213289	0.0009753626837
213290	0.00365637041
213291	0.00629940502
213292	0.005379994936
213293	0.004215213438
213294	0.002782216278
213295	0.002797763238
213296	0.001774992236
213297	0.005598858694
213298	0.002454112619
213299	0.01003127843
213300	0.00394188691
213301	0.005002920733
213302	0.004998767017
213303	0.01013658479
213304	0.007725993536
213305	0.005188542412
213306	0.004335901359
213307	0.0111635537
213308	0.005107883896
213309	0.00460463958
213310	0.00237595275
213311	0.01166606204
213312	0.009173981422
213313	0.002873626234
213314	0.007185546433
213315	0.013717126
213316	0.01241257197
213317	0.001630505495
213318	0.001105707285
213319	0.003336352336
213320	0.01131734338
213321	0.01108481859
213322	0.0169572112
213323	0.01033371813
213324	0.01055314634
213325	0.003693869299
213326	0.0169740372
213327	0.004091483177
213328	0.007513578635
213329	0.005288892079
213330	7.491200881e-05
213331	0.00875300553
213332	0.005866194844
213333	0.001956886471
213334	0.002509153822
213335	0.002213418747
213336	0.0008587636668
213337	0.003098726044
213338	0.005839214709
213339	0.001670956463
213340	0.003474020971
213341	0.0008578606806
213342	9.957654529e-05
213343	0.0005744871392
213344	0.002523998924
213345	0.001841299309
213346	0.0005476788918
213347	0.003411650346
213348	0.003704028565
213349	0.00176629514
213350	0.003881635844
213351	0.0032398198
213352	0.001760219232
213353	0.0009602943138
213354	0.0005030914192
213355	0.002641595199
213356	0.002557918901
213357	0.0003998040425
213358	0.005586316194
213359	0.001197660291
213360	0.0008839914415
213361	0.002549494322
213362	0.00342804839
213363	0.0005280732642
213364	7.951080325e-05
213365	0.005105843616
213366	0.004306042194
213367	0.005168599996
213368	0.00871579959
213369	0.00617609352
213370	0.006257352747
213371	0.005512670226
213372	0.01183458061
213373	0.01115761749
213374	0.01189128783
213375	0.004021090641
213376	0.005235587266
213377	0.005524343286
213378	0.0119391671
213379	0.006885761648
213380	0.007252244296
213381	0.004916421268
213382	0.001645053432
213383	0.008322754352
213384	0.01361922502
213385	0.009730598122
213386	0.003543242514
213387	0.01260951655
213388	0.002191201267
213389	0.00340092761
213390	0.006007946362
213391	0.004719236936
213392	0.002010956177
213393	0.0004805754324
213394	0.007250580057
213395	0.003837170753
213396	0.008384538776
213397	0.009727059366
213398	0.001152573307
213399	0.0003063200547
213400	0.001986547584
213401	0.004571918071
213402	0.0001617553599
213403	0.003876576317
213404	0.008194933299
213405	0.003531700658
213406	0.003325755728
213407	0.001926454684
213408	0.0007328690653
213409	0.006491625014
213410	0.001927033438
213411	0.001564403195
213412	0.006226393345
213413	0.006550051152
213414	0.00140163399
213415	0.006608406061
213416	0.003774881217
213417	0.002433424077
213418	0.0008665169738
213419	0.001300845681
213420	0.003136003555
213421	0.002411648597
213422	0.005117239018
213423	0.004460824864
213424	0.01098151763
213425	0.001362309686
213426	0.003921435582
213427	0.001917967646
213428	0.005440321529
213429	0.001787826649
213430	0.0005416358977
213431	0.001944370616
213432	0.001637038077
213433	0.002872761765
213434	0.001468350534
213435	0.00158796075
213436	0.001383323736
213437	0.01020506986
213438	0.00305336511
213439	0.0006878590631
213440	0.003323286844
213441	0.002355234533
213442	0.002212498705
213443	0.003435892982
213444	0.001988768597
213445	0.0009797100613
213446	0.006536615973
213447	0.00208450413
213448	0.005544711727
213449	0.008120036139
213450	0.0003966589148
213451	0.004402352839
213452	0.002943446898
213453	0.001821835042
213454	0.006377643169
213455	0.003271443865
213456	0.002665567585
213457	0.0003424544697
213458	0.002168978236
213459	0.0006019332259
213460	0.0004753181485
213461	0.008163352582
213462	0.0006336043163
213463	0.0115705022
213464	0.0004795286238
213465	0.004307015677
213466	0.0007151601383
213467	0.001932233635
213468	0.005129783463
213469	0.003976103209
213470	0.005521042815
213471	0.001316926584
213472	0.001695651933
213473	0.002660504953
213474	0.000393738505
213475	0.001739141718
213476	0.003488363577
213477	0.001648503856
213478	3.88668569e-05
213479	0.003660119222
213480	0.002756028119
213481	0.001127811444
213482	0.003113300442
213483	0.0007422992039
213484	0.00422769408
213485	0.004748115857
213486	0.003321808039
213487	0.008646174862
213488	0.004466513681
213489	0.006286630541
213490	0.005322256841
213491	0.006404835665
213492	0.002929128524
213493	0.002655979532
213494	0.001729597553
213495	0.004199173942
213496	0.000659876542
213497	0.005470323865
213498	0.001874180308
213499	0.0003482334137
213500	0.005565602174
213501	0.001981099019
213502	0.001993538622
213503	0.001591126165
213504	0.001196516569
213505	0.003631090462
213506	0.0006841515659
213507	0.005381315644
213508	4.819265468e-05
213509	0.0006372736606
213510	0.0001733350335
213511	0.0002090698786
213512	0.001399172131
213513	0.003876887498
213514	0.002164277843
213515	3.86048877e-05
213516	0.0003421673549
213517	0.01302311895
213518	0.003777949939
213519	0.001328563758
213520	0.02374203036
213521	0.002737135085
213522	0.003092182039
213523	0.006291396097
213524	0.003755833654
213525	0.0004573791266
213526	0.00024616788
213527	0.001241365461
213528	0.0002516224032
213529	0.002243355142
213530	2.322622365e-05
213531	0.0007338851589
213532	2.991773756e-05
213533	4.42830146e-05
213534	0.0001334681694
213535	0.0002968771879
213536	0.0001727615577
213537	0.0003312489514
213538	6.987058085e-05
213539	0.0003107930749
213540	0.0001081093142
213541	0.0004158820003
213542	0.0005797520838
213543	0.0003626538116
213544	0.001062262633
213545	0.0002331894404
213546	0.0004627467392
213547	0.0008740559726
213548	0.0008705972043
213549	0.001124630247
213550	0.0022100696
213551	0.0004961979388
213552	0.0009378836307
213553	0.001020274914
213554	0.0004882095749
213555	0.0006083864379
213556	0.001488147007
213557	0.0009919670014
213558	0.01659468799
213559	0.004164036606
213560	0.003709575012
213561	0.00723341342
213562	0.006548139599
213563	6.873051346e-05
213564	0.002743242816
213565	0.0009115443293
213566	0.000964155857
213567	0.001581115359
213568	0.003333558894
213569	0.001549058417
213570	0.007104067304
213571	0.01134113372
213572	0.01139806236
213573	0.003223760035
213574	0.002833098613
213575	0.0009751051928
213576	3.69748345e-05
213577	0.001350410383
213578	0.001939205635
213579	0.004886748188
213580	0.002516866178
213581	0.0004823901094
213582	0.0008123150996
213583	0.000474846535
213584	0.001110621276
213585	0.0007172612113
213586	0.002201063307
213587	0.003166458764
213588	0.004812608109
213589	0.001127016715
213590	0.01089652426
213591	0.005004820816
213592	0.0005440668811
213593	0.00413251041
213594	2.219476609e-05
213595	0.002335527967
213596	0.000892063036
213597	0.0009439021294
213598	0.0003570727106
213599	0.001993460987
213600	0.0003046626318
213601	0.002373494844
213602	0.001589111501
213603	0.000683041411
213604	0.00042847089
213605	0.0001359027186
213606	0.0001326648975
213607	0.002010931516
213608	0.0002970196913
213609	0.002435362145
213610	0.001679497934
213611	0.001164958083
213612	0.0003380449741
213613	0.008412614243
213614	0.00333452369
213615	0.0017343354
213616	0.00278274289
213617	0.00239714549
213618	0.001749247988
213619	0.001075094706
213620	0.0006259714179
213621	0.003012340988
213622	0.009459001269
213623	0.002038410833
213624	0.003033335042
213625	3.060811526e-05
213626	0.001949952548
213627	0.001193070978
213628	0.0060893498
213629	0.001365847017
213630	0.0002866526301
213631	0.004295833058
213632	0.002449297435
213633	0.0007291927504
213634	0.0006730558381
213635	0.001215721396
213636	0.001723105279
213637	0.007784585018
213638	0.0008067074727
213639	0.00240848427
213640	0.00350366036
213641	0.0004742876091
213642	0.009352137011
213643	0.000616580242
213644	0.01132597803
213645	0.004159850997
213646	0.009931958172
213647	0.002244447296
213648	0.001777126467
213649	0.001858516792
213650	0.003282661645
213651	0.004753164945
213652	0.007506041054
213653	0.0003368564645
213654	0.001845385504
213655	0.005264413258
213656	0.01264345392
213657	0.002424037416
213658	0.007678024789
213659	0.006240990547
213660	0.002618578748
213661	0.000214994189
213662	0.01274557517
213663	0.001023268868
213664	0.001259775173
213665	0.001985630916
213666	0.002150099918
213667	0.0001259134912
213668	0.0008441410201
213669	0.0003515938662
213670	0.0003468704024
213671	0.001663007671
213672	0.002547951872
213673	4.256108119e-06
213674	0.001018254201
213675	0.003570278244
213676	0.0003274567047
213677	0.002217138946
213678	0.002330270394
213679	0.009495795291
213680	0.003843810126
213681	0.004472084793
213682	0.001616102872
213683	0.002194481529
213684	0.006258255639
213685	0.006959466403
213686	0.006810976342
213687	0.0007169093478
213688	0.001457582802
213689	0.002500488673
213690	0.003860146714
213691	0.002824036468
213692	0.002583339679
213693	0.00438794937
213694	0.001850761302
213695	0.001960934409
213696	0.002525374405
213697	0.0001910357307
213698	0.001579067781
213699	0.002787682237
213700	0.004991660844
213701	0.0009733954977
213702	0.0006017479322
213703	0.00386454538
213704	0.006694300449
213705	0.004467336245
213706	0.003949950089
213707	0.008063113602
213708	0.008839961769
213709	0.002364158757
213710	0.006704390299
213711	0.005242932085
213712	0.004089255748
213713	0.005579883139
213714	0.005300340511
213715	0.003520819347
213716	0.002290830762
213717	0.004020097706
213718	0.001686347512
213719	0.005095538145
213720	0.006233685215
213721	0.00379411495
213722	0.005097301486
213723	0.001358066079
213724	0.00191646362
213725	0.008565337571
213726	0.00338381067
213727	0.005566486929
213728	0.009289730017
213729	0.004531990883
213730	0.001435302457
213731	0.002531458375
213732	0.004672545808
213733	0.003576482175
213734	0
213735	0.002451036599
213736	0.004206901741
213737	0.002539238236
213738	0.005399141567
213739	0.001838319036
213740	7.845270906e-05
213741	0.003592852092
213742	0.001954290841
213743	0.0005317004799
213744	0.0001379022238
213745	0.004182514685
213746	0.0001343383543
213747	0.00433150316
213748	0.001095456535
213749	0.004887934666
213750	0.002997098197
213751	0.002599608806
213752	0.005355672679
213753	0.002053401653
213754	0.003687557511
213755	0.01340956692
213756	0.005410789243
213757	0.00182217633
213758	0.0002954673322
213759	0.0005396001291
213760	0.001927608471
213761	0.007705857252
213762	0.009163366043
213763	0.003904309669
213764	0.0001778100954
213765	0.0017930839
213766	0.0007355949026
213767	0.0005818678935
213768	0.004078679746
213769	0.003560741679
213770	0.005130103548
213771	0.002040450632
213772	0.01245516922
213773	0.005947091882
213774	1.095459768e-05
213775	0.01353843965
213776	0.00189386048
213777	0.007093665642
213778	0.001941770832
213779	0.005950726335
213780	0.002343267984
213781	0.003396531779
213782	0.006741749647
213783	0.003945406195
213784	0.00325968784
213785	0.008473451882
213786	0.002457791539
213787	0.000726024785
213788	0.0006949754598
213789	0.001672626349
213790	0.0001399173999
213791	0.002204975792
213792	0.000517850706
213793	0.007446238674
213794	0.0107632904
213795	0.01063720842
213796	0.0005691264357
213797	0.001745007442
213798	0.01143539802
213799	0.0002045319147
213800	0.004051486291
213801	0.002304537561
213802	0.001408018492
213803	0.003658350163
213804	0.002792632812
213805	0.0008995603081
213806	0.00308590028
213807	0.005292870884
213808	0.0157250555
213809	0.0004611553514
213810	0.0004799318325
213811	0.01008052224
213812	0.007484546094
213813	0.004702699873
213814	0.00349886871
213815	0.004514147422
213816	0.0001673862428
213817	0.006342746778
213818	0.004554072497
213819	0.007665168763
213820	0.01219847445
213821	0.00311651572
213822	0.01282143574
213823	0.01606857728
213824	0.00893267702
213825	0.006262130291
213826	0.006236351703
213827	0.005728073204
213828	0.01577938113
213829	0.003788173186
213830	0.0116236585
213831	0.009427120981
213832	0.006265125548
213833	0.001407952834
213834	0.01309667585
213835	0.004119847687
213836	0.01036627288
213837	0.009083813063
213838	0.005045680654
213839	0.0004191818895
213840	0.004433657802
213841	0.02189383748
213842	0.007910385997
213843	0.003095356409
213844	0.01005085513
213845	0.0168936117
213846	0.004753751456
213847	0.004480865758
213848	0.01548592121
213849	0.008281897461
213850	0.005055491697
213851	0.00786636065
213852	0.003026520438
213853	0.002714566394
213854	0.01011088821
213855	0.008694769666
213856	0.0006349183822
213857	0.00760901322
213858	0.001317678978
213859	0.002186311281
213860	0.0002075603669
213861	0.002174269989
213862	0.003755616695
213863	0.005071113039
213864	0.006842511749
213865	0.002701809338
213866	0.00822046138
213867	0.006164241197
213868	0.0004919303249
213869	0.002767167914
213870	0.001979074399
213871	0.003703320116
213872	0.001094837572
213873	0.01383905126
213874	0.01078353157
213875	0.003480106533
213876	0.003880568408
213877	0.005421679807
213878	0.002866983045
213879	0.004135289209
213880	0.001850931119
213881	0.004424590439
213882	0.002498895473
213883	0.002111572823
213884	0.006747377688
213885	0.0002612852513
213886	0.00112217015
213887	0.000788548093
213888	0.00106772202
213889	0.001010505266
213890	0.004366914924
213891	0.001859922734
213892	0.009384888669
213893	0.008830477391
213894	0.01624048499
213895	0.003772775122
213896	0.002959014123
213897	0.004576906672
213898	0.003285759368
213899	0.0057671636
213900	0.00612422083
213901	0.001560386578
213902	0.004427199013
213903	0.00111102031
213904	0.003955481025
213905	0.006239288553
213906	0.006707714552
213907	0.01146022724
213908	0.00157489823
213909	0.002923734994
213910	0.001869646243
213911	0.001101912109
213912	0.005743167853
213913	0.00568109765
213914	0.004663214098
213915	0.003551645691
213916	0.001200849139
213917	0.0006555145962
213918	4.550645014e-05
213919	0.002826994652
213920	0.01170539706
213921	0.0001065279843
213922	0.003117293081
213923	0.01181347711
213924	0.0002158822888
213925	0.002077697348
213926	0.0006470952245
213927	0.005652443588
213928	0.0005974963563
213929	0.01186665442
213930	0.004053102051
213931	0.0003607116815
213932	0.003329816844
213933	0.0009952674662
213934	0.002640996067
213935	0.006768180941
213936	0.02251029571
213937	0.001333281741
213938	0.002193597811
213939	0.001573829606
213940	0.001176990609
213941	0.001023627807
213942	0.01734163922
213943	0.004498936954
213944	0.007867139292
213945	0.005408500488
213946	0.0130235437
213947	0.002077133303
213948	0.0008564949749
213949	0.008870122679
213950	0.006536298154
213951	0.008302196005
213952	0.002057605372
213953	0.002123658192
213954	0.0006166407353
213955	0.000224240218
213956	0.005220999145
213957	0.000622106249
213958	0.0005803768511
213959	0.004159546026
213960	0.005908749548
213961	0.01021899409
213962	0.002001474787
213963	0.003202382525
213964	0.001889394438
213965	0.01037216162
213966	0.003175163324
213967	0.007856884286
213968	0.003647866945
213969	0.0003977782702
213970	0.0009378718054
213971	0.001952453676
213972	0.001715991999
213973	0.0001086191911
213974	0.005529493139
213975	0.005571860804
213976	0.00486426406
213977	0.004594022817
213978	0.00132468236
213979	0.001975189851
213980	0.004775727047
213981	0.004231986467
213982	0.003715204162
213983	0.00345974495
213984	0.005227212763
213985	0.004856970386
213986	0.00440821903
213987	0.002753969824
213988	0.003526534638
213989	0.003399321971
213990	0.004074415316
213991	0.004936349566
213992	0.004503892071
213993	0.00498376115
213994	0.003940177797
213995	0.003210483231
213996	0.003682518335
213997	0.005051896555
213998	0.003316983475
213999	0.005077760796
214000	0.005316348571
214001	0.01218583453
214002	0.002980360842
214003	0.007344444042
214004	0.007955333623
214005	0.01891697873
214006	0.002485756877
214007	0.008030292842
214008	0.003014007008
214009	0.004679919882
214010	0.006114576138
214011	0.01008025801
214012	0.007486784531
214013	0.0009263126953
214014	0.007815118297
214015	0.002902592256
214016	0.01036699063
214017	0.004701457983
214018	0.001156683424
214019	0.004957682105
214020	0.007053178245
214021	0.004317477817
214022	0.003506078687
214023	0.005766573332
214024	0.01146811944
214025	0.000474103782
214026	0.001785515533
214027	0.000216271318
214028	0.00247072361
214029	0.004680915795
214030	0.001377087543
214031	0.0003396872888
214032	0.0003011596865
214033	0.002044558198
214034	0.004559314381
214035	0.01379099361
214036	0.0005418284895
214037	0.01443566127
214038	0.01152514918
214039	0.005385587223
214040	0.01142635898
214041	0.01138922195
214042	0.004194230231
214043	0.01013829193
214044	0.005728373604
214045	0.004587173945
214046	0.005931842521
214047	0.002440802829
214048	0.006670231778
214049	0.004070467339
214050	0.005218657342
214051	0.008458034384
214052	0.001420705567
214053	0.00506778372
214054	0.004122773587
214055	0.0006593109827
214056	0.01021719242
214057	0.01051218106
214058	0.006807097123
214059	0.004506637428
214060	0.00252505532
214061	0.0224947505
214062	0.004336407735
214063	0.002819559167
214064	0.004049958448
214065	0.003992386429
214066	0.0008635405098
214067	0.00938040587
214068	0.003840836951
214069	0.002656221862
214070	0.004153907849
214071	0.0122577413
214072	0.004266109085
214073	0.002294618578
214074	0.0002267893154
214075	0.00255902843
214076	0.00112833717
214077	0.008555921394
214078	0.002749879647
214079	0.0008092294484
214080	0.002817398318
214081	0.001699977854
214082	0.02175339241
214083	0.005633712621
214084	0.007396380157
214085	0.001160719916
214086	0.005104464255
214087	0.001797268781
214088	0.001520183354
214089	0.01051492172
214090	0.004419817547
214091	0.003861447634
214092	0.007588176774
214093	0.004719924402
214094	0.003400038486
214095	0.004501423276
214096	0.001289691731
214097	0.006801247483
214098	0.0005246110365
214099	0.002530021269
214100	0.01713920641
214101	0.01909269966
214102	0.01054717275
214103	0.01037383865
214104	0.003648354571
214105	0.001063769598
214106	0.0004856337941
214107	0.001804680784
214108	0.0006880505247
214109	0.001015050196
214110	0.006466411916
214111	0.004157723905
214112	0.008265123136
214113	0.006233400089
214114	0.003786128212
214115	0.001046770563
214116	0.004343421152
214117	0.003972165266
214118	0.006540000045
214119	0.0001653361478
214120	0.006656998245
214121	0.001415788856
214122	0.004916031896
214123	0.002553643322
214124	0.003539964655
214125	0.009602503579
214126	0.00989900259
214127	0.004391129049
214128	0.009757308626
214129	0.005444917992
214130	0.003294966033
214131	0.004033295346
214132	0.004766343121
214133	0.001241381805
214134	0.001527363994
214135	0.0007625106549
214136	0.001441427005
214137	0.002217416738
214138	0.003894076709
214139	0.001494496877
214140	0.00147932629
214141	0.003901554063
214142	0.003883533541
214143	0.003999685394
214144	0.00150123895
214145	0.002845159027
214146	0.006332756751
214147	0.006090362667
214148	0.006486501352
214149	0.007416825912
214150	0.001886279026
214151	0.0003027349518
214152	0.000435353177
214153	0.008990436137
214154	0.005563725322
214155	0.001779278587
214156	0.009190034506
214157	0.01132793472
214158	0.00149991599
214159	0.001640178027
214160	0.001181320811
214161	0.0001507443804
214162	0.001770174342
214163	0.002013582466
214164	0.001277844413
214165	0.0008491058413
214166	0.00186811103
214167	0.0009302444334
214168	0.001915746741
214169	0.001567998441
214170	0.0004778103615
214171	0.00275022442
214172	0.001846911766
214173	0.002436229876
214174	0.003063580263
214175	0.001748190427
214176	0.002213141422
214177	0.002528017663
214178	0.001282185017
214179	0.001539722128
214180	0.001343001209
214181	0.00162687814
214182	0.001636759876
214183	0.001978859244
214184	0.002493640241
214185	0.003432542547
214186	0.002152182389
214187	0.00183185144
214188	0.001852830109
214189	2.456036939e-08
214190	0.004022636225
214191	0.004018558183
214192	0.004933029286
214193	0.005262801728
214194	0.000377955103
214195	0.005290270073
214196	0.004611023769
214197	0.004807280044
214198	0.001277763248
214199	0.004063543187
214200	0.003715155121
214201	0.003901828731
214202	0.003578252267
214203	0.00236910167
214204	0.0002513280182
214205	0.002788848199
214206	0.004396774924
214207	0.004407317746
214208	0.003086243069
214209	0.003164179472
214210	0.00377625894
214211	0.004889206101
214212	0.00643639065
214213	0.004416842886
214214	0.004671275792
214215	0.00343284227
214216	0.004483373815
214217	0.003478523438
214218	0.004457215944
214219	0.005636557564
214220	0.00420960102
214221	0.004307175824
214222	0.004548630296
214223	0.003246823341
214224	0.005124216506
214225	0.005066653734
214226	0.005125340222
214227	0.005183839843
214228	0.00467866723
214229	0.004355759256
214230	0.003475921724
214231	0.00511808752
214232	0.004090467325
214233	0.004313759457
214234	0.004938916796
214235	0.004943862011
214236	0.004916138384
214237	0.004748733566
214238	0.005851593041
214239	0.004088613211
214240	0.004097423459
214241	0.00498441718
214242	0.004797531111
214243	0.003190843822
214244	0.005790327536
214245	0.00570575316
214246	0.003271122484
214247	0.005471452186
214248	0.005643950456
214249	0.003857348725
214250	0.003373580463
214251	0.003448166724
214252	0.00462801688
214253	0.005168335107
214254	0.004072830232
214255	0.004153829539
214256	0.004665091885
214257	0.003750481355
214258	0.003441822163
214259	0.003940385295
214260	0.002933980163
214261	0.001682681235
214262	0.003839871905
214263	0.003265406637
214264	0.004000538119
214265	0.003844079203
214266	0.003708795321
214267	0.004572104748
214268	0.003500220458
214269	0.004626491742
214270	0.00437119205
214271	0.004305502566
214272	0.003444653882
214273	0.003687510666
214274	0.005589678878
214275	0.003729000625
214276	0.003143672548
214277	0.005475763168
214278	0.004353507744
214279	0.004409175956
214280	0.006234170846
214281	0.004224368158
214282	0.004677852009
214283	0.005077102423
214284	0.002937970599
214285	0.003886282533
214286	0.004455120995
214287	0.005229525516
214288	0.006787173975
214289	0.006918640945
214290	0.003858690245
214291	0.004993142885
214292	0.005765383197
214293	0.004099566436
214294	0.004142126028
214295	0.005039172536
214296	0.003911398785
214297	0.004307381433
214298	0.004364397637
214299	0.004144068578
214300	0.004010219071
214301	0.004891109317
214302	0.00482328499
214303	0.004784289256
214304	0.004724557526
214305	0.002903074733
214306	0.00251490312
214307	0.004374562044
214308	0.00415837358
214309	0.003858358845
214310	0.003892976575
214311	0.001567176679
214312	0.003242228461
214313	0.004201380911
214314	0.004483864906
214315	0.003569406055
214316	0.004389813666
214317	0.003990758927
214318	0.004802057163
214319	0.00381609702
214320	0.004340379278
214321	0.005238607832
214322	0.004603757263
214323	0.004463115976
214324	0.003547622675
214325	0.005620144356
214326	0.005126974508
214327	0.003311278435
214328	0.004242136434
214329	0.003424656745
214330	0.003458301941
214331	0.003593575568
214332	0.004204279501
214333	0.003693981773
214334	0.01128893296
214335	0.003022266423
214336	0.003956572945
214337	0.005246037237
214338	0.00812497877
214339	0.005266524896
214340	0.004440804241
214341	0.005858885751
214342	0.004425600985
214343	0.0022033908
214344	0.004996775977
214345	0.004231114402
214346	0.002280988742
214347	0.003707351056
214348	0.003514401988
214349	0.002591517006
214350	0.003372251463
214351	0.00277174892
214352	0.004783752862
214353	0.004188617704
214354	0.004145191922
214355	0.003969442019
214356	0.004684296518
214357	0.004304668158
214358	0.003534722812
214359	0.00309578419
214360	0.004776398543
214361	0.005089776497
214362	0.003425120574
214363	0.002300926738
214364	0.004425107081
214365	0.004707940217
214366	0.003714867372
214367	0.003847300273
214368	0.004807393632
214369	0.004704589534
214370	0.005060586601
214371	0.004645947293
214372	0.003177900786
214373	0.004065302505
214374	0.004602563593
214375	0.004546727994
214376	0.003491761775
214377	0.004302064552
214378	0.004057499912
214379	0.004693101851
214380	0.004166697484
214381	0.003831485694
214382	0.003153157753
214383	0.003342103756
214384	0.003028980081
214385	0.01058052965
214386	0.005044810226
214387	0.005181327593
214388	0.004185932734
214389	0.005036282497
214390	0.004787189553
214391	0.004369426675
214392	0.00323028907
214393	0.00571354542
214394	0.002772398975
214395	0.003259291618
214396	0.004562035525
214397	0.004241650683
214398	0.004870088913
214399	0.004064018393
214400	0.004388190678
214401	0.004212065362
214402	0.004713424579
214403	0.00433730465
214404	0.002424123656
214405	0.003029098907
214406	0.00497184593
214407	0.003524034075
214408	0.003143974282
214409	0.004785671874
214410	0.004062008896
214411	0.004243879488
214412	0.006738898298
214413	0.005855311736
214414	0.003202702689
214415	0.004160559469
214416	0.001734246087
214417	0.00384529316
214418	0.004048654778
214419	0.004923945212
214420	0.004081667945
214421	0.00418145948
214422	0.00409693176
214423	0.00357859135
214424	0.004662073334
214425	0.00587967763
214426	0.004309893511
214427	0.005777731918
214428	0.004020665593
214429	0.003110608373
214430	0.0008017594033
214431	0.00436573974
214432	0.001870416087
214433	0.005586514464
214434	0.007314757335
214435	0.003804070419
214436	0.003948001375
214437	0.003580574862
214438	0.004449842272
214439	0.004507595653
214440	0.002046425172
214441	0.004047122943
214442	0.004679745512
214443	0.002886452958
214444	0.002667598789
214445	0.00505398824
214446	0.004204455585
214447	0.004559469762
214448	0.002634659228
214449	0.004190393994
214450	0.003899976133
214451	0.004260811808
214452	0.004591534655
214453	0.004674988597
214454	0.006179780307
214455	0.004636875622
214456	0.003675570617
214457	0.004507552682
214458	0.003663416545
214459	0.004594503563
214460	0.003889243436
214461	0.004851038667
214462	0.003917215648
214463	0.006002854823
214464	0.004502231817
214465	0.003184036737
214466	0.004713693778
214467	0.004735450226
214468	0.003734995041
214469	0.003868376018
214470	0.004844419561
214471	0.005094694751
214472	0.003638512924
214473	0.00443826151
214474	0.004825478174
214475	0.004959818912
214476	0.003423040118
214477	0.004116230995
214478	0.004574293343
214479	0.003761225241
214480	0.004052987435
214481	0.005200329281
214482	0.003510207327
214483	0.004277422871
214484	0.005505229092
214485	0.006980907301
214486	0.004107151725
214487	0.003499442646
214488	0.004578945783
214489	0.003981346971
214490	0.003624831578
214491	0.003723439672
214492	0.004017370933
214493	0.003363871553
214494	0.001722200647
214495	0.005260419816
214496	0.00164125448
214497	0.004966290208
214498	0.003867796878
214499	0.004314762751
214500	0.004284313821
214501	0.004259663797
214502	0.004082378369
214503	0.004259084112
214504	0.003985583162
214505	0.004799858927
214506	0.002620523307
214507	0.00437550159
214508	0.004113986277
214509	0.004837284722
214510	0.005190729253
214511	0.005240931665
214512	0.003596961591
214513	0.004530610473
214514	0.00400855214
214515	0.004412346927
214516	0.004824342592
214517	0.003583588942
214518	0.004859833629
214519	0.003715343987
214520	0.003545799805
214521	0.003043563808
214522	0.004743933185
214523	0.005496132459
214524	0.003248579869
214525	0.004102436708
214526	0.005605313135
214527	0.004597623443
214528	0.003981391817
214529	0.003959897585
214530	0.005831790656
214531	0.004137473535
214532	0.001550026689
214533	1.313262642e-05
214534	0.0008177443918
214535	0.001043700288
214536	0.004635497038
214537	0.007069936771
214538	0.001486728459
214539	0.002925084472
214540	0.003488388397
214541	0.005089138993
214542	0.006923488029
214543	0.005080680018
214544	0.002285742519
214545	0.004548880291
214546	0.005883407304
214547	0.001561747983
214548	0.01004059154
214549	0.005354366247
214550	0.005145347596
214551	0.003836170772
214552	0.0009500452338
214553	0.008386796322
214554	0.004359490671
214555	0.006295271577
214556	0.004794231794
214557	0.006774297313
214558	0.004357170108
214559	0.004792723111
214560	0.004958024161
214561	0.004223415804
214562	0.002001613065
214563	0.003806387175
214564	0.005682452682
214565	0.003783948251
214566	0.006014057519
214567	0.005363761164
214568	0.005117258535
214569	0.004165308661
214570	0.003834269108
214571	0.004425022683
214572	0.004497233841
214573	0.002674071684
214574	0.004649137629
214575	0.00493443054
214576	0.004082515954
214577	0.001631077531
214578	0.003685305979
214579	0.002723612786
214580	0.004323106757
214581	0.003952816258
214582	0.003514193375
214583	0.003995278213
214584	0.003827872626
214585	0.004229877318
214586	0.003522104423
214587	0.002157852755
214588	0.004377650519
214589	0.004343719247
214590	0.004576831094
214591	0.005559594659
214592	0.005023019874
214593	0.004173853178
214594	0.003635921102
214595	0.004453189932
214596	0.003142364122
214597	0.003959922746
214598	0.00456757397
214599	0.004470066879
214600	0.005212067727
214601	0.004386359824
214602	0.004793823268
214603	0.004132164924
214604	0.004157584244
214605	0.005333306352
214606	0.004816382405
214607	0.003893596583
214608	0.004395488435
214609	0.003507685089
214610	0.003132310891
214611	0.002886767857
214612	0.003334848293
214613	0.01178190398
214614	0.006095882058
214615	0.003934539563
214616	0.008160600447
214617	0.005117848247
214618	0.003868284577
214619	0.001550714103
214620	0.01135663449
214621	0.002788847626
214622	0.004229567156
214623	0.008051197295
214624	0.001589316549
214625	0.00355246806
214626	0.003661764346
214627	0.004766610431
214628	0.001648739383
214629	0.001228987284
214630	0.003154778463
214631	0.002687931553
214632	0.009416113062
214633	0.003787927157
214634	0.001002468719
214635	0.00668650649
214636	0.001494697065
214637	0.003931624571
214638	0.0006749243597
214639	0.003884781482
214640	0.008376154547
214641	0.003958193352
214642	0.01671724513
214643	0.002757232474
214644	0.008755176846
214645	0.007060634878
214646	0.003759077508
214647	0.00514580311
214648	0.001509224297
214649	0.001725350755
214650	0.005225806893
214651	0.004771992187
214652	0.002396297763
214653	0.0004597776051
214654	0.001816133852
214655	0.0009212167117
214656	0.009533007356
214657	0.003047011623
214658	0.0008775775433
214659	0.003795059252
214660	0.005784213024
214661	0.00049869534
214662	0.00573506912
214663	0.003749098936
214664	0.002813171559
214665	0.005007822364
214666	0.001205599104
214667	0.003323416576
214668	0.003079590308
214669	0.004062384765
214670	0.003619726775
214671	0.0007807988066
214672	0.002818707399
214673	0.009427214718
214674	0.002904518092
214675	0.004746505965
214676	0.0004000543148
214677	0.00532220433
214678	0.002622582502
214679	0.00575101415
214680	0.006118160687
214681	0.005599240944
214682	0.002544963816
214683	0.0001077438375
214684	0.002284444154
214685	0.003576067174
214686	0.006266950132
214687	0.004585782354
214688	0.003456684985
214689	0.006395381039
214690	0.005079212912
214691	0.001215985841
214692	0.001795821898
214693	0.007034657604
214694	0.01200426652
214695	0.005710001736
214696	0.001929729029
214697	0.006661790025
214698	0.007740651767
214699	0.003879503294
214700	0.004949701741
214701	0.01321869069
214702	0.0003283462035
214703	0.00452651008
214704	9.608221915e-05
214705	0.00199194745
214706	0.002050589005
214707	0.002786386829
214708	0.002575961662
214709	0.002780414467
214710	0.003773449372
214711	0.002131774882
214712	0.004858278737
214713	0.007298722798
214714	0.005036795513
214715	0.002639042409
214716	0.002067243576
214717	0.004653938095
214718	0.005454473702
214719	0.008012960596
214720	0.0002730817203
214721	0.004523225716
214722	0.004611054924
214723	0.00443411413
214724	0.006990302041
214725	0.003675603123
214726	0.004698599346
214727	0.001638217347
214728	0.009897539678
214729	0.0007293504504
214730	0.01302799903
214731	0.000804300252
214732	0.000387271376
214733	0.006980459192
214734	0.001932564823
214735	0.004221342193
214736	0.002985858989
214737	0.0009133314673
214738	0.006768764796
214739	0.001650807123
214740	0.008609456605
214741	0.005344806212
214742	0.00581958536
214743	0.001620376648
214744	0.002182527025
214745	0.004963800809
214746	0.005905028132
214747	0.0003286880711
214748	0.004432735679
214749	0.005172144486
214750	0.003138247976
214751	0.005791283151
214752	0.005299792616
214753	0.001894058913
214754	0.004684218235
214755	0.00550216061
214756	0.009926385507
214757	0.003266492939
214758	0.001392242031
214759	0.0001939486626
214760	0.01308167838
214761	0.002866460493
214762	0.007983872718
214763	0.003213295236
214764	0.003586027521
214765	0.006069803559
214766	0.002390060639
214767	0.002467703911
214768	0.003546520072
214769	0.0008886056011
214770	0.002013965579
214771	0.004753159273
214772	0.009986141984
214773	0.003943413221
214774	0.005170269355
214775	0.001177983823
214776	0.002459809681
214777	0.005172014865
214778	0.006317005755
214779	0.006665357776
214780	0.00225588131
214781	0.002084344881
214782	0.0008357531371
214783	0.003721865806
214784	0.002984996528
214785	0.006153726801
214786	0.004493967598
214787	0.006138185596
214788	0.003406309516
214789	0.003738797553
214790	0.003960449363
214791	0.00654497901
214792	0.005190536115
214793	0.003178294518
214794	0.0001833144963
214795	0.003996027517
214796	0.004726236099
214797	0.004695151755
214798	0.002543280346
214799	0.00462069009
214800	0.004603520149
214801	0.004643127266
214802	0.002761425471
214803	0.005729652306
214804	0.00454872883
214805	0.003451629642
214806	0.003977332924
214807	0.004096484941
214808	0.004416161422
214809	0.004591650894
214810	0.005606057523
214811	0.003820970197
214812	0.00490679191
214813	0.003660161847
214814	0.00463897052
214815	0.003017600694
214816	0.002704562133
214817	0.004051847039
214818	0.005144109613
214819	0.006578576617
214820	0.00559030923
214821	0.004690554394
214822	0.004767977674
214823	0.004138141404
214824	0.004220251001
214825	0.004349785809
214826	0.004315007578
214827	0.003391781527
214828	0.00471291006
214829	0.003734734068
214830	8.978281587e-05
214831	0.004372670029
214832	0.004145178413
214833	0.003986377335
214834	0.004326923428
214835	0.003873980811
214836	0.003591015554
214837	0.004512137688
214838	0.003620127831
214839	0.004419040372
214840	0.004267845714
214841	0.001493422625
214842	0.003441426492
214843	0.006378368939
214844	0.009323085391
214845	0.005157569277
214846	0.001402964168
214847	0.00401667993
214848	0.003928351777
214849	0.004386995378
214850	0.005441252052
214851	0.006904887739
214852	0.003835006157
214853	0.003536202123
214854	0.004320667329
214855	0.00388976636
214856	0.003240337104
214857	0.003530326071
214858	0.003790798051
214859	0.004825040536
214860	0.003236445857
214861	0.004268797383
214862	0.004471782921
214863	0.005584488626
214864	0.004882827393
214865	0.004686690098
214866	0.005023232008
214867	0.005257367202
214868	0.004260860513
214869	0.005278919048
214870	0.004221456823
214871	0.004722367302
214872	0.003265249995
214873	0.00453866262
214874	0.004882452684
214875	0.004835017507
214876	0.003387328716
214877	0.003225892359
214878	0.002062825732
214879	0.00323183206
214880	0.004994978074
214881	0.003502763745
214882	0.004093962657
214883	0.005130518234
214884	0.003283026814
214885	0.003570424665
214886	0.004926648949
214887	0.003646185636
214888	0.00513909773
214889	0.00402189486
214890	0.002991135898
214891	0.004324189863
214892	0.01037968129
214893	0.0005469735423
214894	0.008631796682
214895	0.009468507246
214896	0.0005866332912
214897	0.003880099448
214898	0.01530540843
214899	0.00344972785
214900	0.001696191052
214901	0.005339141637
214902	0.002686611941
214903	0.004626019651
214904	0.003279175911
214905	0.00419172323
214906	0.005973580377
214907	0.002177764592
214908	0.004073223522
214909	0.002991964639
214910	0.004235076398
214911	0.007341286839
214912	0.006610809213
214913	0.01037763722
214914	0.006846758195
214915	0.005298420458
214916	0.00441806692
214917	0.001047838356
214918	0.004983319708
214919	0.008101948936
214920	0.003262797592
214921	0.007288812985
214922	0.00623868189
214923	0.001593699172
214924	0.005124092969
214925	0.004451609799
214926	0.006686586527
214927	0.004339669006
214928	0.002531500084
214929	0.003001085012
214930	0.0060391602
214931	0.0006914874665
214932	0.003530039378
214933	0.006039698863
214934	0.008239747098
214935	0.007424946314
214936	0.003559753975
214937	0.004677401542
214938	0.004361206778
214939	0.005284332736
214940	0.003209435588
214941	0.003997303537
214942	0.00422041646
214943	0.004527963898
214944	0.004185375
214945	0.005487503257
214946	0.00285821601
214947	0.004502511388
214948	0.005204029486
214949	0.004433089877
214950	0.003088580013
214951	0.004690619975
214952	0.004396730677
214953	0.004614391868
214954	0.00151766909
214955	0.005503638149
214956	0.005281780662
214957	0.003699880379
214958	0.005378894803
214959	0.004045234559
214960	0.004766276009
214961	0.0005935650148
214962	0.004281055846
214963	0.00456364398
214964	0.00539944187
214965	0.00139119482
214966	0.003881063012
214967	0.004748645531
214968	0.002910810838
214969	0.002575327076
214970	0.004970554499
214971	0.002636399077
214972	0.004216914255
214973	0.004493439971
214974	0.001056309511
214975	0.004777229406
214976	0.004487589259
214977	0.004531366903
214978	0.003695122031
214979	0.003944215021
214980	0.004089637137
214981	0.002972131257
214982	0.004792954709
214983	4.052059397e-05
214984	0.004094694912
214985	0.01229807624
214986	0.003368399074
214987	0.002870637315
214988	0.006688924412
214989	0.0002170780132
214990	0.001600548663
214991	0.005948576909
214992	0.002241761271
214993	0.003318940864
214994	0.004019548249
214995	0.01027470143
214996	0.001642508961
214997	0.003809831526
214998	4.028755592e-05
214999	0.00238823811
215000	0.0006448297725
215001	0.001825980105
215002	0.001239836943
215003	0.004530117834
215004	0.002819598918
215005	0.003425917047
215006	0.002557351998
215007	0.002974082618
215008	0.002296282232
215009	0.003188568739
215010	0.001761769759
215011	0.002185593797
215012	0.003815379461
215013	0.006705493596
215014	0.005025072243
215015	0.007069206022
215016	0.006578708053
215017	0.003743096522
215018	0.006057421582
215019	0.01354121677
215020	0.004389265561
215021	0.003715509045
215022	0.01047734436
215023	0.0006377414333
215024	0.004755381076
215025	0.005587583398
215026	0.001145182185
215027	0.004311282401
215028	0.002360279374
215029	0.001978638462
215030	0.005772263764
215031	0.009792242861
215032	0.004776865644
215033	0.004271805976
215034	0.0003128643739
215035	0.002299009466
215036	0.001637901552
215037	0.003905012466
215038	0.001583959618
215039	0.008888630707
215040	0.0008856058095
215041	0.0002336044281
215042	0.002726471669
215043	0.007538074336
215044	0.002780588848
215045	0.003398831295
215046	0.0002408489452
215047	0.000606878097
215048	0.0006708456409
215049	0.00306772775
215050	0.002939481981
215051	0.003031196194
215052	0.01561729116
215053	0.0007757929905
215054	0.002418245232
215055	0.002595993703
215056	0.00809785669
215057	0.003077358084
215058	0.001071043071
215059	0.003805535012
215060	0.009886532672
215061	0.002215356478
215062	0.003887313506
215063	0.001301852825
215064	0.004182370874
215065	0.003033028758
215066	0.001283238438
215067	0.002190396214
215068	0.00416784857
215069	0.005403656686
215070	0.005363812262
215071	0.002468641618
215072	6.64244073e-05
215073	0.0003325134559
215074	0.000990121889
215075	0.001687803374
215076	0.002645172522
215077	0.006289462342
215078	0.002067594304
215079	0.002695406173
215080	0.002498457875
215081	0.001702348796
215082	0.003133079403
215083	0.0002570408387
215084	0.00868067443
215085	0.002485737179
215086	0.009551345908
215087	0.001391258141
215088	0.005390212499
215089	0.005542206053
215090	0.003727239367
215091	0.002713531922
215092	0.001297267264
215093	0.003471427078
215094	0.002453645616
215095	0.01110448867
215096	0.01211264378
215097	0.003566793304
215098	0.009408698666
215099	0.005598844755
215100	0.004937953322
215101	0.01336058259
215102	0.007517218065
215103	0.01319255674
215104	0.005811377173
215105	0.007734318184
215106	0.008748723995
215107	0.01492502447
215108	0.00826542605
215109	0.001025189732
215110	0.0004325215781
215111	0.008616419518
215112	0.004132174559
215113	0.004886905351
215114	0.001860394877
215115	0.004818844386
215116	0.01291985063
215117	0.001549362618
215118	0.003435046983
215119	0.001958506701
215120	0.004969180149
215121	0.006193515571
215122	0.001148188183
215123	0.001538086331
215124	0.006368652847
215125	0.008208835145
215126	0.007165076025
215127	0.003977038012
215128	0.007991349939
215129	0.00289006646
215130	0.01649068918
215131	0.000843148017
215132	0.005082046423
215133	0.004374883061
215134	0.006743800137
215135	0.003501242067
215136	0.005454036676
215137	0.002681331864
215138	0.008514327636
215139	0.00295582688
215140	0.003917880339
215141	0.002954759622
215142	0.01019838093
215143	0.006454681786
215144	0.001818894732
215145	0.001904236986
215146	0.01476140328
215147	0.003996330662
215148	0.001262141773
215149	0.0003842084704
215150	0.002089416043
215151	0.001633229116
215152	0.0002662406623
215153	0.004572008712
215154	0.001766349279
215155	0.005105420125
215156	0.002566177925
215157	0.001000608163
215158	0.0007385674435
215159	0.0002531222144
215160	0.002310297253
215161	0.003655496782
215162	0.002206718374
215163	0.001712099078
215164	0.00131536299
215165	0.001603974805
215166	0.00322831855
215167	0.007296717722
215168	0.01216952051
215169	0.001297997782
215170	0.007048228654
215171	0.004787983858
215172	0.0002613448722
215173	0.001293949037
215174	0.005877912235
215175	0.0008914507232
215176	0.007415184952
215177	0.00206071066
215178	0.006119909005
215179	0.009656440141
215180	0.006007151861
215181	0.01322644165
215182	0.0005852054499
215183	0.002178559201
215184	0.005136596365
215185	0.008045699152
215186	0.001004359581
215187	0.01002315778
215188	0.00537497649
215189	0.003474511963
215190	0.001694029792
215191	4.611241738e-05
215192	0.004224370409
215193	0.001956045728
215194	0.0135782264
215195	0.01281591274
215196	0.005687828969
215197	0.0102815963
215198	0.004724067002
215199	0.0007241541478
215200	0.004821918159
215201	0.003172816199
215202	0.005442001438
215203	0.01031521969
215204	0.002941477338
215205	0.001796995829
215206	0.002890267619
215207	0.005071694008
215208	0.00251517058
215209	0.007993876314
215210	0.001066690854
215211	0.00163511799
215212	0.002247736011
215213	0.001044894093
215214	0.005242284483
215215	0.005724953707
215216	0.0001706992487
215217	0.001703509419
215218	0.001953714198
215219	0.0001085903109
215220	0.00252841896
215221	0.001439119229
215222	0.004051836954
215223	0.004199136085
215224	0.001510931873
215225	0.004729304238
215226	0.004384128017
215227	0.001469613422
215228	0.0001823860115
215229	0.0002139520537
215230	0.009021705354
215231	0.01219671327
215232	0.002010221607
215233	0.004172034319
215234	0.008148625385
215235	0.002578447828
215236	0.002520448096
215237	0.01061551571
215238	0.00861069447
215239	0.0008521703724
215240	0.005580579053
215241	0.005621144589
215242	0.005487817921
215243	0.003212905776
215244	0.00845046951
215245	0.00255643076
215246	0.007289351578
215247	0.006093289777
215248	0.001216870582
215249	0.003935109258
215250	0.003316764662
215251	0.008062357398
215252	0.005252415494
215253	0.006152605987
215254	0.001650846131
215255	0.006250362856
215256	0.004626797233
215257	0.008883399877
215258	0.007120648388
215259	0.002321946482
215260	0.0007391832236
215261	0.0009634688315
215262	0.008284953571
215263	0.005087769903
215264	0.003400387775
215265	0.002992369492
215266	0.004917895941
215267	0.001118494698
215268	0.0004336487555
215269	0.001692076912
215270	0.003848073609
215271	0.002206176333
215272	0.001910970164
215273	0.01441742531
215274	0.004577682321
215275	0.001038316218
215276	0.009443570712
215277	0.001142482409
215278	0.003052335772
215279	0.02073729949
215280	0.001314307804
215281	0.002637409327
215282	0.0008090346691
215283	0.000581543273
215284	0.001342957464
215285	0.006377333164
215286	0.002606873315
215287	0.002619842755
215288	0.001354446374
215289	0.002542856661
215290	0.007116472678
215291	0.008570461902
215292	0.005372987006
215293	0.0031057514
215294	0.00343169238
215295	0.006695996202
215296	0.009172469403
215297	0.001387283822
215298	0.001792552109
215299	0.005504172936
215300	0.003991730535
215301	0.002005976543
215302	0.001554948434
215303	0.00641921641
215304	0.004839901549
215305	0.00289099753
215306	2.071213056e-05
215307	0.004248834296
215308	0.002589179444
215309	8.439904543e-05
215310	0.004346731971
215311	0.008530578953
215312	0.01072310863
215313	0.002088173975
215314	0.002558158318
215315	0.002130532196
215316	0.007128018874
215317	0.006643399537
215318	0.003529165551
215319	3.87030932e-05
215320	0.0034037133
215321	0.008255275708
215322	0.01024361739
215323	0.004504817414
215324	0.001778293416
215325	0.006944600615
215326	0.000373340908
215327	0.006832834637
215328	0.00271335742
215329	0.0006854650099
215330	0.002124826222
215331	0.0008654102412
215332	0.003934845773
215333	0.005637895904
215334	0.001908047634
215335	0.00245635419
215336	0.002928108519
215337	0.007496102574
215338	0.004659930819
215339	0.001143962716
215340	0.00407874257
215341	0.004805996343
215342	0.005886468298
215343	0.002902355804
215344	0.003341297264
215345	0.004275767904
215346	0.01158551473
215347	0.01126385136
215348	0.000278060528
215349	0.006719665144
215350	7.68457329e-05
215351	0.005418745138
215352	0.00562566163
215353	0.008530919398
215354	0.0008431032079
215355	0.004450466401
215356	0.006137492493
215357	0.001137405217
215358	0.0008367449573
215359	0.002696625404
215360	0.001349985706
215361	0.0002850191774
215362	0.007207564348
215363	0.003467405844
215364	0.006721210523
215365	0.0159893467
215366	0.002664211267
215367	0.002805199908
215368	0.003416438714
215369	0.003331943706
215370	0.001620274184
215371	0.01053561618
215372	0.006700251976
215373	0.004846765658
215374	0.002252667547
215375	0.0006630103937
215376	0.008350201099
215377	0.003838217823
215378	0.009549910738
215379	0.001849466969
215380	0.002116402817
215381	0.0001508958501
215382	0.006517414624
215383	0.004134642494
215384	0.006532112724
215385	0.0002700237801
215386	0.004619385679
215387	0.001731106456
215388	0.003833259803
215389	0.0007820624079
215390	0.001862422318
215391	0.006084201701
215392	0.009371766654
215393	0.002211446158
215394	0.002538188084
215395	0.001522028434
215396	0.009059884206
215397	0.0002135646191
215398	0.007560192537
215399	0.005780946076
215400	0.01050208096
215401	0.01005328706
215402	0.002181494718
215403	0.005454816229
215404	0.0003642185975
215405	0.01680585946
215406	0.00388839795
215407	0.004741068883
215408	0.004769227881
215409	0.00345500555
215410	0.0008771128583
215411	0.002101453902
215412	0.01312148382
215413	0.003721000127
215414	0.00290624117
215415	0.0009902652437
215416	0.005248278159
215417	0.005052955506
215418	7.102764689e-05
215419	0.01277698616
215420	0.00471290379
215421	0.0008354021176
215422	0.0003336722443
215423	0.006470312758
215424	3.040089749e-05
215425	0.00826240007
215426	0.003796360296
215427	0.004232597084
215428	0.006483328549
215429	0.0007244524386
215430	0.00323196463
215431	0.0009976454772
215432	0.002629627385
215433	0.005700554505
215434	0.002637204366
215435	0.002348170101
215436	0.008574967862
215437	0.007119402711
215438	0.003790252131
215439	0.003954201922
215440	0.004723436603
215441	0.00964255533
215442	0.01163874469
215443	0.006465393642
215444	0.0005609067851
215445	0.003605763513
215446	0.01119189334
215447	1.173429091e-05
215448	0.008726940107
215449	0.005311942944
215450	0.0088120994
215451	0.005405827552
215452	0.0002818252221
215453	0.006026461681
215454	0.0003104096248
215455	0.0004397081829
215456	0.007631665585
215457	0.001720881678
215458	0.002525905915
215459	0.01756579079
215460	0.007607328164
215461	0.01833340668
215462	0.001309290104
215463	0.001868757946
215464	0.01131515465
215465	0.01051094039
215466	0.004148922645
215467	0.002387670542
215468	0.001378906563
215469	0.003451737805
215470	0.02450299884
215471	0.006824300451
215472	0.01063883439
215473	0.002977859705
215474	0.007810660182
215475	0.01240971696
215476	0.01410117967
215477	0.007409016286
215478	0.003145436194
215479	0.01065504601
215480	0.00403579058
215481	0.008970275171
215482	0.006519597106
215483	0.01042444497
215484	0.006926682829
215485	0.0007078033865
215486	0.0002436586649
215487	0.002871507569
215488	0.0008664039633
215489	0.0007020124837
215490	0.003243428577
215491	0.0008171397153
215492	0.001435416073
215493	0.002880468821
215494	0.00223066467
215495	0.0007964584951
215496	0.006217816603
215497	0.001802101651
215498	0.006250735186
215499	0.001397230338
215500	0.006288784221
215501	0.00563978637
215502	0.0001614220269
215503	0.0004228739283
215504	0.00576733034
215505	0.005784395995
215506	0.006216982081
215507	0.004600472752
215508	0.008545406213
215509	0.00722388295
215510	0.005302420517
215511	0.006151106377
215512	0.01251951773
215513	0.006128455713
215514	0.005256217213
215515	0.005875306393
215516	0.005293714564
215517	0.005664503296
215518	0.005702047427
215519	0.005314952282
215520	0.00787933122
215521	0.004954022383
215522	0.00619473049
215523	0.005541595746
215524	0.006806039106
215525	0.00651643944
215526	0.004925185085
215527	0.005411284598
215528	0.00611500693
215529	0.004566541957
215530	0.005248552082
215531	0.00659195009
215532	0.006121749751
215533	0.006466181666
215534	0.005482508521
215535	0.005150331011
215536	0.005331497076
215537	0.004745333691
215538	0.006584671429
215539	0.006370482098
215540	0.007178869943
215541	0.005648416067
215542	0.00513286844
215543	0.005867886595
215544	0.005059725827
215545	0.005343408217
215546	0.005518722227
215547	0.007132406083
215548	0.00548015015
215549	0.005613801761
215550	0.005870931445
215551	0.005642231858
215552	0.006380539447
215553	0.006223681982
215554	0.006088838709
215555	0.005097485242
215556	0.004710903525
215557	0.005119904022
215558	0.006301009096
215559	0.005587456865
215560	0.004835109815
215561	0.002473909568
215562	0.006188884296
215563	0.005103150574
215564	0.004959200137
215565	0.006160986879
215566	0.005809519372
215567	0.004727945164
215568	0.005328671502
215569	0.00528364288
215570	0.005253917653
215571	0.006087157696
215572	0.005977642653
215573	0.006018486004
215574	0.005500101543
215575	0.006291483599
215576	0.004272028593
215577	0.005053818272
215578	0.005832080957
215579	0.004781875766
215580	0.00603105856
215581	0.003994828591
215582	0.005959729239
215583	0.005542290953
215584	0.004903986874
215585	0.004936064036
215586	0.007120858187
215587	0.006037542635
215588	0.005361098047
215589	0.006439911217
215590	0.005031115693
215591	0.004300727635
215592	0.006103993191
215593	0.006039632046
215594	0.006907238176
215595	0.00723398568
215596	0.005587664193
215597	0.002565294092
215598	0.005813169053
215599	0.005343058426
215600	0.005423517456
215601	0.005816982927
215602	0.005808527803
215603	0.003662839665
215604	0.00485182327
215605	0.00670787759
215606	0.00490993741
215607	0.005092543113
215608	0.004968478684
215609	0.006134505896
215610	0.004990300987
215611	0.006443987881
215612	0.005819898405
215613	0.005447073014
215614	0.006016033708
215615	0.003920958339
215616	0.006469969733
215617	0.00566172096
215618	0.006429115414
215619	0.007153465523
215620	0.004712971095
215621	0.005839622108
215622	0.005142068575
215623	0.006867525458
215624	0.006390510905
215625	0.004463808947
215626	0.006253715592
215627	0.004823266645
215628	0.005564573324
215629	0.004077007611
215630	0.005585872844
215631	0.006316758211
215632	0.006620578913
215633	0.00515171229
215634	0.0069029283
215635	0.006276375152
215636	0.006606459341
215637	0.006088275621
215638	0.007206107552
215639	0.005607154624
215640	0.006537305828
215641	0.005134617922
215642	0.005866057054
215643	0.005684490889
215644	0.005356534537
215645	0.006298356711
215646	0.004325688214
215647	0.00542509008
215648	0.0008561023762
215649	0.002387357252
215650	0.005489772544
215651	0.005683854444
215652	0.003884289393
215653	0.008411723513
215654	0.0114384338
215655	0.004201589805
215656	0.008077059498
215657	0.004145739472
215658	0.001357584765
215659	0.007036309211
215660	0.006314534227
215661	0.004813160464
215662	0.005598656439
215663	0.003917490596
215664	0.006750606393
215665	0.005994420087
215666	0.006340775612
215667	0.005237840554
215668	0.005784258045
215669	0.006681050951
215670	0.006402356417
215671	0.004946033908
215672	0.006489119134
215673	0.008581902659
215674	0.006831442249
215675	0.004691220372
215676	0.006416285123
215677	0.006310781996
215678	0.004964225587
215679	0.006160749974
215680	0.00558480445
215681	0.004716440493
215682	0.004406840056
215683	0.004453281086
215684	0.005556353054
215685	0.005051328553
215686	0.005077427353
215687	0.006046147836
215688	0.005642131752
215689	0.006200526602
215690	0.005961705567
215691	0.006151526457
215692	0.006701086784
215693	0.005803776002
215694	0.004492413039
215695	0.006638593659
215696	0.005631086308
215697	0.005621554434
215698	0.006049480311
215699	0.007194522268
215700	0.005497440485
215701	0.006457238719
215702	0.006737637289
215703	0.005591589486
215704	0.005769362585
215705	0.005237904541
215706	0.007041346437
215707	0.005652348526
215708	0.005541687871
215709	0.005317119314
215710	0.004465091061
215711	0.004478195347
215712	0.004069305665
215713	0.003034629853
215714	0.005984167213
215715	0.006044052969
215716	0.007050121493
215717	0.005165011003
215718	0.006201399003
215719	0.004718597687
215720	0.004880890816
215721	0.00490415162
215722	0.008184850606
215723	0.005589904745
215724	0.005702932829
215725	0.005727281378
215726	0.006365999499
215727	0.008882777081
215728	0.007197564633
215729	0.004731826223
215730	0.003871748453
215731	0.004069265695
215732	0.005396078131
215733	0.006006950902
215734	0.006412959869
215735	0.006547465743
215736	0.005816885988
215737	0.004359061542
215738	0.006065916568
215739	0.006307017027
215740	0.005147381228
215741	0.005559992033
215742	0.005535599386
215743	0.006441755014
215744	0.006709074264
215745	0.005435723405
215746	0.005526658487
215747	0.006121734414
215748	0.002597794963
215749	0.006025698099
215750	0.007259926782
215751	0.005791761769
215752	0.006656327762
215753	0.005859450494
215754	0.005832978989
215755	0.005977158042
215756	0.005857602064
215757	0.00563565098
215758	0.005929548683
215759	0.009764611888
215760	0.005564209826
215761	0.005515892265
215762	0.006101578801
215763	0.00547260389
215764	0.006636411842
215765	0.006992961593
215766	0.004428598474
215767	0.003886744522
215768	0.005388345612
215769	0.00500392649
215770	0.006849726294
215771	0.006924368578
215772	0.006661775586
215773	0.006350836541
215774	0.004840942521
215775	0.006456595355
215776	0.00541671666
215777	0.00526404659
215778	0.007043347537
215779	0.007217163046
215780	0.004359339084
215781	0.002229193812
215782	0.005800600023
215783	0.005242576481
215784	0.008446253273
215785	0.005205631077
215786	0.006367044858
215787	0.007511874145
215788	0.007232482272
215789	0.005841959221
215790	0.005248979542
215791	0.006640625683
215792	0.006171799778
215793	0.006798743843
215794	0.005235273016
215795	0.007496880536
215796	0.004790753895
215797	0.005092052692
215798	0.005506035755
215799	0.002035199495
215800	0.006734217122
215801	0.00574960132
215802	0.004879318468
215803	0.009564764544
215804	0.001566274947
215805	0.004403117292
215806	0.002930801633
215807	0.00295467797
215808	0.004735736498
215809	0.006083204746
215810	0.00689127256
215811	0.005366514939
215812	0.005286333726
215813	0.005722421074
215814	0.0001678788435
215815	0.004957251694
215816	0.004528817785
215817	0.005143310387
215818	0.005915916092
215819	0.005699974022
215820	0.005446051098
215821	0.005179687981
215822	0.004604142027
215823	0.003826618729
215824	0.005358334712
215825	0.005176170543
215826	0.005165211509
215827	0.006844058143
215828	0.00849775758
215829	0.005599029301
215830	0.005786822639
215831	0.005190087988
215832	0.005294329586
215833	0.008247287177
215834	0.006255695674
215835	0.005897123185
215836	0.00425366889
215837	0.003265124571
215838	0.006285508606
215839	0.004908422037
215840	0.0007431320696
215841	0.005178722681
215842	0.006951658806
215843	0.006287406291
215844	0.006409895265
215845	0.006335685655
215846	0.006847455169
215847	0.005824729085
215848	0.004787978285
215849	0.008785862504
215850	0.001141645524
215851	0.006757658994
215852	0.006434975765
215853	0.006683102569
215854	0.005193379338
215855	0.005334470086
215856	0.004533554884
215857	0.005573829625
215858	0.005270829053
215859	0.006075256178
215860	0.004336565584
215861	0.00418835737
215862	0.0109732332
215863	0.008604871276
215864	0.004140230511
215865	0.006375560057
215866	0.004711496087
215867	0.008868677388
215868	0.003298496896
215869	0.005942601344
215870	0.006463590735
215871	0.005460092356
215872	0.004500005955
215873	0.01000109962
215874	0.003199913485
215875	0.004188505082
215876	0.007185860713
215877	0.003290303847
215878	0.005867421269
215879	0.003680246878
215880	0.006390269023
215881	0.004661738661
215882	0.005021286561
215883	0.006534126941
215884	0.006216051288
215885	0.006075188123
215886	0.01030856478
215887	0.006261247562
215888	0.006186671681
215889	0.006223507981
215890	0.006237291405
215891	0.006625675946
215892	0.006163795267
215893	0.005858815464
215894	0.00641264103
215895	0.007749353223
215896	0.004346494257
215897	0.005468980726
215898	0.005224637996
215899	0.007408526864
215900	0.007977919227
215901	0.00498757371
215902	0.005334869818
215903	0.005723639632
215904	0.002380165177
215905	0.005495014319
215906	0.005536668585
215907	0.005846930334
215908	0.004813289558
215909	0.006322174874
215910	0.006290913871
215911	0.006565285841
215912	0.004821063454
215913	0.005831546366
215914	0.005157819684
215915	0.003887018185
215916	0.005319801722
215917	0.004737611103
215918	0.006002929306
215919	0.005882308419
215920	0.005490126181
215921	0.006403688909
215922	0.00630247022
215923	0.004749406039
215924	0.007995967746
215925	0.005193746142
215926	0.004968629759
215927	0.00803544781
215928	0.006032369368
215929	0.005743883948
215930	0.005981034701
215931	0.01009932293
215932	0.004243780001
215933	0.001111163439
215934	0.004046582574
215935	0.001111683173
215936	0.002991484405
215937	0.01066003732
215938	0.003526653184
215939	0.008622442172
215940	0.004344111211
215941	0.003733799525
215942	0.003389343025
215943	0.009460957181
215944	0.01570043064
215945	0.007227184708
215946	0.00315370128
215947	0.0005724678072
215948	8.992168519e-05
215949	0.006261233743
215950	0.008899873236
215951	0.005401173326
215952	0.002964705069
215953	0.003274482914
215954	0.004653607065
215955	0.00180779148
215956	0.01026286399
215957	0.01573491587
215958	0.010434905
215959	0.002318540149
215960	0.005332630995
215961	4.972223416e-05
215962	0.005772177141
215963	0.001366476808
215964	0.009222982203
215965	0.007252522867
215966	0.006881182282
215967	0.01182960723
215968	0.004818479359
215969	0.006769728133
215970	0.007558652222
215971	0.001834443369
215972	0.009174750518
215973	0.003928013155
215974	0.007099628422
215975	0.004615958001
215976	0.005000448858
215977	0.001618469186
215978	0.004750778289
215979	0.01219194192
215980	0.008958449849
215981	0.006229639321
215982	0.0005663790775
215983	0.006388432202
215984	0.00838931594
215985	0.003955805361
215986	0.005571414163
215987	0.004825037767
215988	0.009680044195
215989	0.004134818007
215990	0.006771857996
215991	7.794174698e-05
215992	0.001102754973
215993	0.005965449395
215994	0.0157678835
215995	0.008935822567
215996	0.003482831624
215997	0.0019205143
215998	0.00789319083
215999	0.004080433109
216000	0.0008284615677
216001	0.001542574464
216002	0.01157755188
216003	0.005320383041
216004	0.001457714296
216005	0.006619864008
216006	0.001463535388
216007	0.003427324027
216008	0.0105056454
216009	0.005389083308
216010	0.007237046523
216011	0.01390047104
216012	0.004626338679
216013	0.008660100022
216014	0.005375349787
216015	0.002069437272
216016	0.000279252526
216017	0.003945413695
216018	0.005689631286
216019	0.001759279679
216020	0.00125029889
216021	0.003777018657
216022	0.01344751226
216023	0.005835254523
216024	0.007164937472
216025	0.01336337825
216026	0.01034293055
216027	0.00862573766
216028	0.001697410936
216029	0.00855848222
216030	0.001466336981
216031	0.01833098033
216032	0.007836786112
216033	0.003471817319
216034	0.001464987131
216035	0.005675332356
216036	0.004614445627
216037	0.001399749308
216038	0.01345111195
216039	0.002358155471
216040	0.0009375144601
216041	0.005382901268
216042	0.004415438317
216043	0.001662048314
216044	0.008602406948
216045	0.005201781559
216046	0.01130985839
216047	0.001501569036
216048	0.005710033229
216049	0.01070537701
216050	0.00914984464
216051	0.005079047489
216052	0.000615247468
216053	0.003880424237
216054	0.005582086745
216055	4.408852222e-05
216056	0.005396267972
216057	0.006024536169
216058	0.00881459239
216059	0.006723010189
216060	0.003456558197
216061	0.00374463766
216062	0.007436290076
216063	8.778826954e-06
216064	0.00587060249
216065	0.00374700001
216066	0.006901823314
216067	0.00157214347
216068	0.006680591434
216069	0.005675672763
216070	0.003724681301
216071	0.004854794195
216072	0.01132711145
216073	0.002340621897
216074	0.001420518702
216075	0.00716976435
216076	0.008703212347
216077	0.003963673673
216078	0.004266687231
216079	0.006030842434
216080	0.005809532827
216081	0.004356099489
216082	0.008436749193
216083	0.001937302505
216084	0.007959219771
216085	0.005770692864
216086	0.00242820285
216087	0.005347378595
216088	0.006769096259
216089	0.007355369043
216090	0.007579547479
216091	1.119175646e-05
216092	0.005918570299
216093	0.001746229583
216094	0.0009414107516
216095	0.005570590381
216096	0.003703854545
216097	0.002983003683
216098	0.000627093337
216099	0.001503491774
216100	0.00457840708
216101	0.00748525773
216102	0.00751987069
216103	0.01012179397
216104	0.005718100417
216105	0.004116630062
216106	0.004959973108
216107	0.005470255765
216108	0.004420212119
216109	0.005324194146
216110	0.006891381672
216111	0.006470197759
216112	0.006947359829
216113	0.005473324195
216114	0.005001465837
216115	0.005150203264
216116	0.006230226646
216117	0.006593502998
216118	0.00379639562
216119	0.006296895006
216120	0.005775617244
216121	0.004095861838
216122	0.006654320771
216123	0.005260100217
216124	0.006438049455
216125	0.005569927675
216126	0.005389806353
216127	0.006042737863
216128	0.005458769381
216129	0.005463893382
216130	0.00555802095
216131	0.005213971058
216132	0.004313826439
216133	0.005949775748
216134	0.005074775585
216135	0.005650528202
216136	0.004919277816
216137	0.005812292118
216138	0.004564013513
216139	0.006612334487
216140	0.006586537403
216141	0.00630093955
216142	0.006362525262
216143	0.005470985961
216144	0.004949773187
216145	0.003637585523
216146	0.006686070928
216147	0.006787473252
216148	0.005934295226
216149	0.005001789203
216150	0.006572427688
216151	0.006036345624
216152	0.004904678324
216153	0.004730981543
216154	0.005968076847
216155	0.002498886852
216156	0.005716512904
216157	0.005827290375
216158	0.003945932735
216159	0.00604904328
216160	0.005692871155
216161	0.007387111645
216162	0.006408279789
216163	0.00470454125
216164	0.00528166833
216165	0.00538547449
216166	0.004868080776
216167	0.00659416493
216168	0.006398202863
216169	0.005301760368
216170	0.006021844996
216171	0.004960234873
216172	0.006300760887
216173	0.005577343148
216174	0.005792075948
216175	0.005566357465
216176	0.005845981442
216177	0.006898496979
216178	0.006465598503
216179	0.005800629377
216180	0.006092134896
216181	0.005072653462
216182	0.005861166402
216183	0.006462039086
216184	0.005009288406
216185	0.006109098937
216186	0.005302684951
216187	0.005673887868
216188	0.007796977043
216189	0.005475412909
216190	0.006467942495
216191	0.00967652065
216192	0.007701265889
216193	0.005007956111
216194	0.006494659425
216195	0.00497432497
216196	0.00594689848
216197	0.005429315251
216198	0.004717231429
216199	0.004109902219
216200	0.005167722502
216201	0.005580244251
216202	0.005607153191
216203	0.005455510959
216204	0.005010516422
216205	0.003560780911
216206	0.002930392949
216207	0.006103877823
216208	0.01069331063
216209	0.01296219214
216210	0.01708009748
216211	0.005707303954
216212	0.01372263032
216213	0.002220522788
216214	0.001684238013
216215	0.0001431925255
216216	0.003994874539
216217	0.002789979774
216218	0.005681706063
216219	0.007661617504
216220	0.00229657331
216221	0.007977654372
216222	0.005675169255
216223	0.01174448877
216224	0.005991864427
216225	0.0132803992
216226	0.006458726762
216227	0.003708291941
216228	0.01445192774
216229	0.009845024836
216230	0.005589621048
216231	0.008480116719
216232	0.01835687395
216233	0.003591766923
216234	0.006239989028
216235	0.004472403279
216236	0.003861554064
216237	0.008520006585
216238	0.008687229386
216239	0.00454232645
216240	0.001131229158
216241	0.01564692789
216242	0.005720625184
216243	0.006451787253
216244	0.007822171534
216245	0.008536984744
216246	0.005134165719
216247	0.01444727601
216248	0.002786173292
216249	0.003898032946
216250	0.005690089116
216251	0.004662605693
216252	0.006419735286
216253	0.005047750813
216254	0.0057492745
216255	0.006777196952
216256	0.006143804925
216257	0.005974590398
216258	0.006445336284
216259	0.004753328753
216260	0.004886497159
216261	0.00644808134
216262	0.004759535663
216263	0.004604399345
216264	0.005682226403
216265	0.006459530912
216266	0.001062695547
216267	0.005814816917
216268	0.008576821999
216269	0.006176418148
216270	0.005633294289
216271	0.006368834418
216272	0.005287534217
216273	0.004915532308
216274	0.006658273903
216275	0.005659858705
216276	0.005967536728
216277	0.005643794645
216278	0.005240530884
216279	0.003041868695
216280	0.006472947893
216281	0.007271826956
216282	0.005934005438
216283	0.005475114619
216284	0.006213739522
216285	0.006044643351
216286	0.006108682328
216287	0.005363512799
216288	0.005286252061
216289	0.006298116945
216290	0.006054706259
216291	0.005376145435
216292	0.005102174396
216293	0.005394286191
216294	0.006219625752
216295	0.00587544801
216296	0.003429107309
216297	0.0009779607223
216298	0.0007486765705
216299	0.003082671663
216300	0.007168944339
216301	0.007569411897
216302	0.0008285125063
216303	0.006348596702
216304	0.002060332664
216305	0.007945191609
216306	0.005792063507
216307	0.005452626515
216308	0.004297214306
216309	0.006584503952
216310	0.0006494200102
216311	0.007493055912
216312	0.002388325183
216313	0.00215871576
216314	0.01218712028
216315	0.003569795465
216316	0.006719299411
216317	0.0009164668677
216318	0.003659821126
216319	0.006295369579
216320	0.008681981407
216321	0.003233473569
216322	0.0006482112264
216323	0.001161644956
216324	0.0004235148756
216325	0.004734107874
216326	0.002506926715
216327	0.0009730584071
216328	0.0003783098664
216329	0.004510529834
216330	0.0002696319396
216331	0.0006495401108
216332	0.004714919535
216333	0.002758570233
216334	0.002565233414
216335	0.0009415617748
216336	0.001116207867
216337	0.001813897315
216338	0.002724780436
216339	0.009169154832
216340	0.003651523586
216341	0.005668509944
216342	0.008585331424
216343	0.001636183491
216344	0.005784970815
216345	0.001183586613
216346	0.001083163253
216347	0.0003931269873
216348	0.002323871846
216349	0.002943802547
216350	0.003701558745
216351	0.0048932284
216352	0.003153992505
216353	0.003913270917
216354	0.01307457374
216355	0.005533757188
216356	0.004067151044
216357	0.00174102826
216358	0.001870180971
216359	0.000912219307
216360	0.001515735709
216361	0.002288642854
216362	0.004234470499
216363	0.001509258505
216364	0.001405062111
216365	0.004445686312
216366	0.002154193079
216367	0.01267918174
216368	0.01429528717
216369	0.0111891326
216370	0.001405974661
216371	0.004168476295
216372	0.001651836068
216373	0.002167720351
216374	0.0007277333732
216375	0.002285616212
216376	0.0001869616935
216377	0.008026212632
216378	0.004791407396
216379	0.01156858361
216380	0.001668008515
216381	0.002004695155
216382	0.008735543507
216383	0.0009877612503
216384	0.01146613731
216385	0.0007525553497
216386	0.003372922706
216387	0.008997444343
216388	0.01450661385
216389	0.007239107798
216390	0.008498487813
216391	0.001485466283
216392	0.0006406675149
216393	0.000206156665
216394	0.008556058556
216395	0.00281217399
216396	0.005480745461
216397	0.003194098586
216398	0.001621647731
216399	0.007648562228
216400	0.0003635558452
216401	0.01062762014
216402	0.01103570512
216403	0.0006684127799
216404	0.005417943562
216405	0.004147171364
216406	0.006079660799
216407	0.003063499716
216408	0.0006868261118
216409	0.0004799443079
216410	0.000774534729
216411	0.01159437345
216412	0.004448250371
216413	0.0004072900883
216414	0.01848790119
216415	0.00559749674
216416	0.01028030349
216417	0.01224730118
216418	0.0005021769205
216419	0.0009253536892
216420	0.003787321237
216421	0.003591601679
216422	0.008661179423
216423	0
216424	0.00357892117
216425	0.01113890113
216426	0.001867641164
216427	0.004023100001
216428	0.00826137171
216429	0.008266703548
216430	0.0001999262825
216431	0.006205829116
216432	0.0008336732168
216433	0.002107778778
216434	0.005966279739
216435	0.003701890816
216436	0.0003126005427
216437	0.0004175422096
216438	0.004531267553
216439	0.001132371728
216440	0.009254805751
216441	0.004918356974
216442	0.008660694566
216443	0.005672961007
216444	0.0059504115
216445	0.001633019074
216446	0.001000665856
216447	0.001680192713
216448	0.004598609974
216449	0.004927297841
216450	0.0005167725693
216451	0.009185983093
216452	0.001943021862
216453	0.01170866688
216454	0.005608902009
216455	0.00402189309
216456	0.001118542952
216457	0.0006137748311
216458	0.004690063202
216459	0.002465760538
216460	0.00331788793
216461	0.006209922782
216462	0.004246604936
216463	0.006419976016
216464	0.007165258749
216465	0.002727688342
216466	0.005143868026
216467	0.001200712566
216468	0.002530743696
216469	0.002969660323
216470	0.01427289692
216471	0.011222228
216472	0.009481093858
216473	0.009783020627
216474	0.00374367648
216475	0.001782278985
216476	0.004578330998
216477	0.002957072282
216478	0.007843790811
216479	0.00635522939
216480	0.005710247
216481	0.008867929798
216482	0.0001745826945
216483	0.002325103129
216484	0.007372082631
216485	0.002569538626
216486	0.0001670587743
216487	0.005037710549
216488	0
216489	0.01226278831
216490	0.00598133464
216491	0.003263451135
216492	7.346729417e-05
216493	0.00087145707
216494	0.009363420229
216495	0.005173707988
216496	0.002496545046
216497	0.002885940065
216498	1.403449679e-08
216499	0.004619655813
216500	0.0009675890411
216501	9.646515299e-05
216502	0.003171393346
216503	0.006976581944
216504	0.002184595831
216505	0.001985581943
216506	0.004256480235
216507	0.00420514053
216508	0.001379961448
216509	0.002865485359
216510	0.01004394412
216511	0.01095888104
216512	0.01234818547
216513	0.002663338292
216514	0.01442841665
216515	0.01410673574
216516	0.003399187282
216517	0.007551617098
216518	0.007399242777
216519	0.01678099418
216520	0.00566245771
216521	0.006538860515
216522	0.00298425783
216523	0.00298332699
216524	0.0103837827
216525	0.005467556865
216526	0.0002380595315
216527	0.007273285824
216528	0.00245267048
216529	0.006359850582
216530	0.003067039737
216531	0.002265593637
216532	0.006813497259
216533	0.00329596965
216534	0.005367052524
216535	0.004522874926
216536	0.004245105025
216537	0.0003104112513
216538	0.001622872743
216539	0.0002901492706
216540	0.004421325941
216541	0.003796260185
216542	0.004349989704
216543	0.003303657851
216544	0.002746212178
216545	0.001675933413
216546	0.003125412629
216547	0.006610790821
216548	0.0001627272741
216549	0.004061497467
216550	0.001751116853
216551	0.002301629834
216552	0.002693916009
216553	0.002082807009
216554	0.003016751943
216555	0.001616842951
216556	0.004802253588
216557	0.002168530911
216558	0.007752359558
216559	0.00847152076
216560	0.004482457162
216561	0.007433825431
216562	0.001316078738
216563	0.004118123723
216564	0.008808795952
216565	0.003510152199
216566	0.002433714336
216567	0.01229644448
216568	0.002035275413
216569	0.0173477663
216570	0.01391650968
216571	0.004540426126
216572	0.004213166584
216573	0.006891059124
216574	0.005895627037
216575	0.002490013373
216576	0.0002413364465
216577	0.001726293269
216578	0.006476417856
216579	0.002119607755
216580	0.005985666271
216581	0.007552115525
216582	0.003546310979
216583	0.0100667479
216584	0.008877460565
216585	0.006426668234
216586	0.00732097253
216587	0.004769104049
216588	0.007631483826
216589	0.00529967805
216590	0.007539916771
216591	0.006230077186
216592	0.004170061032
216593	0.002232729248
216594	0.004625595318
216595	0.003132269607
216596	0.006605001492
216597	0.001780478242
216598	0.003372798624
216599	0.001171545391
216600	0.003592519009
216601	0.009006037267
216602	0.01028878218
216603	0.004581623057
216604	0.0003654832722
216605	0.003378975507
216606	0.001520339204
216607	0.00343873201
216608	9.904952434e-08
216609	0.001149669422
216610	0.01258056517
216611	0.001703161199
216612	0.0006043329393
216613	0.00489499744
216614	0.007091377657
216615	0.009496677259
216616	0.0003950273133
216617	0.00141891589
216618	0.005507698167
216619	0.00615786761
216620	0.008363778339
216621	0.007988405558
216622	0.0002979913707
216623	0.001076823925
216624	0.001336551531
216625	0.002785419562
216626	0.01176283303
216627	0.001532610652
216628	0.001268178939
216629	0.005199767578
216630	0.003659727779
216631	0.009398855368
216632	0.01455225539
216633	0.0105030362
216634	0.01634266625
216635	0.00378381922
216636	0.0003229893852
216637	0.006020076281
216638	0.0009520911598
216639	0.001479246217
216640	0.008603346745
216641	0.001461802327
216642	0.0008733729434
216643	0.001383373825
216644	0.006155651348
216645	0.002038603819
216646	0.002300073849
216647	0.001887614112
216648	0.003249794384
216649	0.002151112071
216650	0.00231764495
216651	0.0003179085809
216652	0.006606338906
216653	0.005495623812
216654	0.009621477742
216655	0.005921687483
216656	0.009682025239
216657	0.001579456864
216658	0.001076549573
216659	0.005627759015
216660	0.004352979441
216661	0.003197693839
216662	0.008589389669
216663	0.001264868808
216664	8.334515347e-05
216665	0.009534836724
216666	0.0003252113484
216667	0.01739840564
216668	0.00303134034
216669	0.01037998346
216670	0.004358789782
216671	0.006740743878
216672	0.006405695046
216673	0.008969057632
216674	0.002016421745
216675	0.002044672485
216676	0.00542749653
216677	0.007116680078
216678	0.003875387585
216679	0.001436345502
216680	0.007706774785
216681	0.009969746407
216682	0.005122955861
216683	0.001859150318
216684	0.006157145154
216685	0.001148870947
216686	0.006428455808
216687	0.004660924604
216688	0.01400144885
216689	0.007988685156
216690	0.006983460021
216691	0.003952173595
216692	0.00382549475
216693	0.02405665243
216694	0.002544334776
216695	0.001174879931
216696	0.006173110248
216697	0.003281799914
216698	0.0021004107
216699	0.009599115634
216700	0.00905573664
216701	0.005912650232
216702	0.01655335342
216703	0.002526433658
216704	0.01770809735
216705	0.01431334594
216706	0.00445132357
216707	0.008636580082
216708	0.004544755389
216709	0.003325677934
216710	0.02219849185
216711	0.006715462554
216712	0.01528275773
216713	0.002240749659
216714	0.002042708577
216715	0.00380555934
216716	0.002314423734
216717	0.003204417866
216718	0.0008494420705
216719	0.001914749604
216720	0.0007469334424
216721	0.000375065794
216722	0.008225071343
216723	0.01600778551
216724	0.004212968094
216725	0.007385719721
216726	0.01405163838
216727	0.001476650081
216728	0.003009946874
216729	0.002684880493
216730	0.001894358557
216731	0.002353018265
216732	0.01091684276
216733	0.0006437781893
216734	0.004908450649
216735	0.002303901192
216736	0.0009819307892
216737	0.01627831621
216738	0.00404046175
216739	0.001391119997
216740	7.178375916e-05
216741	0.002917693388
216742	0.0009455187725
216743	0.0001485066501
216744	0.0006596665483
216745	0.002243434379
216746	0.003025957949
216747	0.002248462466
216748	0.001664067466
216749	0.002471928944
216750	0.001893536909
216751	0.00436386985
216752	0.002262550988
216753	0.002481689203
216754	0.004492157447
216755	0.005018311238
216756	0.0002995423697
216757	0.001921423696
216758	0.0002782973461
216759	0.00220643235
216760	0.002267988265
216761	0.002388122203
216762	0.001927553037
216763	0.001554641216
216764	0.001882973758
216765	0.001832348645
216766	0.0008293184139
216767	0.001134884635
216768	0.001441260683
216769	0.002349991011
216770	0.002373777536
216771	0.001824428563
216772	0.001198535279
216773	0.001247045842
216774	0.002808169934
216775	0.001299468056
216776	0.002780050072
216777	0.003061701207
216778	0.002744778778
216779	0.003166803736
216780	0.001198411674
216781	0.001258071878
216782	0.002053323228
216783	0.003696142374
216784	0.002580822975
216785	0.002093820836
216786	0.001857537046
216787	0.003281952269
216788	0.002200610756
216789	0.001537958477
216790	0.001808093841
216791	0.0004261575074
216792	0.0007920799643
216793	0.0006064813192
216794	0.00328750711
216795	0.001927340383
216796	0.002053660873
216797	0.003599450959
216798	0.001621474339
216799	0.001345252408
216800	0.002525635099
216801	0.0009803630933
216802	0.003937441445
216803	0.001769313609
216804	0.002583281255
216805	0.001359760158
216806	0.001546730926
216807	0.001640247374
216808	0.001470818218
216809	0.00324051205
216810	0.001536941445
216811	0.002604462525
216812	0.003653786244
216813	0.002053196956
216814	0.001615950625
216815	0.002379996045
216816	0.001496333308
216817	0.003146993653
216818	0.002790768039
216819	0.001781634789
216820	0.002860191768
216821	0.0009668243098
216822	0.00172504449
216823	0.001499723846
216824	0.002378002738
216825	0.00170012251
216826	0.005925624161
216827	0.0004770175459
216828	0.004385359345
216829	0.0008554508496
216830	0.00021968666
216831	0.001085042931
216832	0.005656235352
216833	0.0007823799118
216834	0.001401026988
216835	0.001352365304
216836	0.001702489112
216837	0.007418203047
216838	0.0008646926641
216839	0.002940429605
216840	0.002144971585
216841	0.003063867154
216842	0.002827223963
216843	0.002305400142
216844	0.001841950232
216845	0.001311718063
216846	0.0005955675362
216847	0.003215288437
216848	0.01002227463
216849	0.001710151954
216850	0.003361126621
216851	0.00227808814
216852	0.0009453674578
216853	0.0007143533426
216854	0.0007498462493
216855	0.002370310223
216856	0.007155521662
216857	0.001042163107
216858	0.003098574345
216859	0.002259711764
216860	0.001953330577
216861	0.00331030116
216862	0.002966563352
216863	0.002039127633
216864	0.002347369129
216865	0.002054215652
216866	0.0029166228
216867	0.002827728034
216868	0.002704626968
216869	0.0036864632
216870	0.002746953707
216871	0.002696387559
216872	0.002197156939
216873	0.004438993767
216874	0.002419767767
216875	0.001046850918
216876	0.002986134763
216877	0.002031979154
216878	0.002973426699
216879	0.002721890076
216880	0.001589822778
216881	0.001318942035
216882	0.004377499363
216883	0.003752508928
216884	0.001303225646
216885	0.00298186465
216886	0.002874295465
216887	0.001274284567
216888	0.001969395806
216889	0.001683612543
216890	0.002092637666
216891	0.003325241272
216892	0.001124551063
216893	0.001923824833
216894	0.003334270161
216895	0.003882631542
216896	0.002066041564
216897	0.002678310829
216898	0.0008459990796
216899	0.00275927861
216900	0.002584904154
216901	0.001665873297
216902	0.00883364768
216903	0.002567495385
216904	0.002211963657
216905	0.003393866198
216906	0.001821123667
216907	0.001182582651
216908	0.001805292575
216909	0.005864234908
216910	0.001234467053
216911	0.00238105189
216912	0.002552297245
216913	0.003256252466
216914	0.002979471142
216915	0.004208857911
216916	0.001649516812
216917	0.002135846334
216918	0.003103428609
216919	0.0007342794121
216920	0.005186637996
216921	0.003357099073
216922	0.002735875538
216923	0.001175544306
216924	0.00230061295
216925	0.001203832737
216926	0.00118507212
216927	0.00319306375
216928	0.002305391374
216929	0.002057417841
216930	0.001994427936
216931	0.003123468
216932	0.001278558546
216933	0.0006413464959
216934	0.001668808608
216935	0.003119914479
216936	0.001020339919
216937	0.002205364835
216938	0.003595260546
216939	0.001651764169
216940	0.003468513594
216941	0.002909227265
216942	0.001905226867
216943	0.002769652204
216944	0.001538597934
216945	0.002110583168
216946	1.271651743e-05
216947	0.001435773993
216948	0.003719088522
216949	0.0009728927669
216950	0.0002436323314
216951	0.003804091875
216952	0.001938618385
216953	0.0003202963095
216954	0.005008830366
216955	0.000357041591
216956	0.002435893631
216957	0.0002620686733
216958	0.003080503338
216959	0.002339437652
216960	0.001920609109
216961	0.002410595538
216962	0.002460273649
216963	0.001225271376
216964	0.002411391475
216965	0.001229139409
216966	0.002594292669
216967	0.003566097105
216968	0.003212262812
216969	0.0015421984
216970	0.0009757081015
216971	0.01203921678
216972	0.002064435364
216973	0.002253680145
216974	0.001431418733
216975	0.001980200547
216976	0.002382985197
216977	0.002981758827
216978	0.002406794534
216979	0.0009422898116
216980	0.002511784986
216981	0.002405247551
216982	0.002752743457
216983	0.002261700388
216984	0.001709916376
216985	0.002281011579
216986	0.002314968218
216987	0.00181439337
216988	0.00255378334
216989	0.006605612668
216990	0.00179946668
216991	0.001056938536
216992	0.002461722067
216993	0.002203512466
216994	0.002606730313
216995	0.002639412981
216996	0.001886159682
216997	0.001461079589
216998	8.869612435e-05
216999	0.001518601884
217000	0.001514918275
217001	0.002869420053
217002	0.000456451819
217003	0.00262614843
217004	0.005184764511
217005	0.002331708351
217006	0.008168563511
217007	0.002226472895
217008	0.0009539801763
217009	0.002761210817
217010	0.01334294207
217011	0.003034063217
217012	0.0001941233702
217013	0.002381001569
217014	0.004713310809
217015	0.002929802123
217016	0.004582533424
217017	0.001865513803
217018	0.005589769215
217019	0.004143986276
217020	0.002687064167
217021	0.003286175984
217022	0.001636462725
217023	0.002830152729
217024	0.002564053275
217025	0.001804067292
217026	0.001109872473
217027	0.0004493049177
217028	0.002731743478
217029	0.003050749725
217030	0.002638895154
217031	0.0004821584893
217032	0.002042919041
217033	0.0006196534288
217034	0.007749757351
217035	0.003696699323
217036	0.002310845677
217037	0.0005614772439
217038	0.001783116117
217039	0.0003974546198
217040	0.002212030396
217041	0.002582423264
217042	0.001315225446
217043	0.001834824539
217044	0.001677193437
217045	0.003056053189
217046	0.002903662984
217047	0.002656515211
217048	0.001863418479
217049	0.002683312771
217050	0.003503275248
217051	0.0007510535133
217052	0.004088220325
217053	0.001579558976
217054	0.0004267143548
217055	0.003440291999
217056	0.0009771082078
217057	0.002388925479
217058	0.001201325001
217059	0.0007598387283
217060	0.0009767739457
217061	0.0008877414703
217062	0.0020898709
217063	0.005113380855
217064	0.003069964201
217065	0.005103682519
217066	0.002223483165
217067	0.002745159654
217068	0.001894793737
217069	0.005659443253
217070	0.004444022367
217071	0.003604913069
217072	0.002326690845
217073	0.001374094729
217074	0.0008353840821
217075	0.001085562846
217076	0.001620803819
217077	0.00146798836
217078	0.002407146038
217079	0.001407531526
217080	0.001365615721
217081	0.003172138825
217082	0.001216793377
217083	0.00531269256
217084	0.001968800645
217085	0.002551161832
217086	0.002177891818
217087	0.0007062726829
217088	0.001106164462
217089	0.002937727562
217090	0.001475142235
217091	0.001073720566
217092	0.001492760383
217093	0.001973526932
217094	0.002128117987
217095	0.001933271972
217096	0.001685965337
217097	0.00250335463
217098	0.001926274036
217099	0.001504051994
217100	0.0005808471217
217101	0.001622489133
217102	0.002248310138
217103	0.002648042656
217104	0.002685618393
217105	0.009187778913
217106	0.001826038837
217107	0.001058811563
217108	0.0009419828502
217109	0.001958135291
217110	0.002072518623
217111	0.00418284391
217112	0.003615536441
217113	0.002101631978
217114	0.002678988148
217115	0.002199679662
217116	0.002829779062
217117	0.003831733168
217118	0.001931484767
217119	0.01521899352
217120	0.001023212172
217121	0.001678626259
217122	0.002008366003
217123	0.001860559135
217124	0.0005497945699
217125	0.002484017171
217126	0.001170611263
217127	0.004068169755
217128	0.002584480508
217129	0.00245379411
217130	0.00142634773
217131	0.002489762472
217132	0.007192700019
217133	0.004194967247
217134	0.0009717741138
217135	0.003539437049
217136	0.001712612713
217137	0.002035362746
217138	0.00245744039
217139	0.00344963673
217140	0.0005245906002
217141	0.001011735885
217142	0.005032962275
217143	0.001025725329
217144	0.002139371131
217145	0.0005890382202
217146	0.0002679516756
217147	0.001584100469
217148	0.001798116014
217149	0.002440567803
217150	0.002223645542
217151	0.0007460684728
217152	0.002345124277
217153	0.001777555362
217154	0.002820955858
217155	0.001924423802
217156	0.003616141466
217157	0.001272410498
217158	0.002349461465
217159	0.002024064837
217160	0.001454771633
217161	0.001242585605
217162	0.001017319795
217163	0.002433602608
217164	0.002548588558
217165	0.002452006264
217166	0.004012793145
217167	0.003564508203
217168	0.0004338377287
217169	0.001831719697
217170	0.00054831297
217171	0.001019911852
217172	0.003075502604
217173	0.0001462435967
217174	0.0008415145868
217175	0.003911673397
217176	0.001479335904
217177	3.385843944e-05
217178	0.001482249518
217179	0.001040508406
217180	0.003874119822
217181	0.001453743474
217182	0.003042322718
217183	0.004707296479
217184	0.001916749765
217185	0.003735784348
217186	0.003877899531
217187	0.003246199346
217188	0.003004067037
217189	0.00252301136
217190	0.002168397675
217191	0.001378790743
217192	0.002334267866
217193	0.001240105887
217194	0.0009843169648
217195	0.002126306481
217196	0.002303942749
217197	0.001640680024
217198	0.002681125137
217199	0.001018804078
217200	0.003468375466
217201	0.001844752572
217202	0.0002916106557
217203	0.002971695384
217204	0.005378859985
217205	0.008585127328
217206	0.002756470998
217207	0.00547374745
217208	0.004034173275
217209	0.001674826224
217210	0.0007333430381
217211	0.004029494854
217212	0.003235271148
217213	0.0014831445
217214	0.002741862987
217215	0.003322856623
217216	0.001764365373
217217	0.002899455751
217218	0.002344822332
217219	0.002152286963
217220	0.001677654204
217221	0.001734481847
217222	0.004124844927
217223	0.001050862818
217224	0.002412470568
217225	0.00350278093
217226	0.001439348768
217227	0.002792187965
217228	0.00219551371
217229	0.004027857426
217230	0.000834901185
217231	0.003268689514
217232	0.001882063632
217233	0.001724705028
217234	0.0009379425243
217235	0.001751838151
217236	0.004815835301
217237	0.00264800908
217238	0.000549010998
217239	0.0005699305098
217240	0.002205948716
217241	0.003578832074
217242	0.00424524719
217243	0.000794220174
217244	0.003037422058
217245	0.002426333817
217246	0.002489463364
217247	0.002271777443
217248	0.001980474847
217249	0.003560695153
217250	0.00166055252
217251	0.001697628117
217252	0.002957138153
217253	0.002636745203
217254	0.001012549345
217255	0.002083701256
217256	0.001940596734
217257	0.003484034426
217258	0.001706090475
217259	0.002220440132
217260	0.001189777304
217261	0.003676674797
217262	0.001728432293
217263	0.001594875902
217264	0.0006658738873
217265	0.002019612358
217266	0.002042391539
217267	0.002642100921
217268	0.001079207102
217269	0.001412745391
217270	0.002502110871
217271	0.001117434205
217272	0.002578146374
217273	0.002232950626
217274	0.003117683787
217275	0.001325586004
217276	0.00287915846
217277	0.002638038957
217278	0.002453806332
217279	0.003751788055
217280	0.002290741345
217281	0.001980690654
217282	0.005162188929
217283	0.002057926955
217284	0.002936411314
217285	0.004781640569
217286	0.001415241745
217287	0.001379031218
217288	0.002277453057
217289	0.003393368219
217290	0.002422190834
217291	0.002440564472
217292	0.002079467625
217293	0.0009352264005
217294	0.001127658777
217295	0.002993860451
217296	0.001894159316
217297	0.001788341384
217298	0.004487004221
217299	0.004439168391
217300	0.001695702921
217301	0.002563361354
217302	0.002601775985
217303	0.002498868366
217304	0.001717857741
217305	0.002707055955
217306	0.005517851327
217307	0.005490205401
217308	0.001176563371
217309	0.00141749768
217310	0.002368668949
217311	0.0025334692
217312	0.002243649962
217313	0.002647649189
217314	0.002801106239
217315	0.001361804517
217316	0.001111316446
217317	0.001620931921
217318	0.002205883989
217319	0.0006779938732
217320	0.001560711567
217321	0.002230709891
217322	0.001148273424
217323	0.00109411516
217324	0.003327170823
217325	0.002378368071
217326	0.0001286816738
217327	0.004085806222
217328	0.006325855419
217329	0.001493944622
217330	0.001061457254
217331	0.00190020568
217332	0.001658427343
217333	0.001296906422
217334	0.0007658242688
217335	0.002363195109
217336	0.002140552128
217337	0.0005846806049
217338	0.002386275078
217339	0.002315558595
217340	0.004251739064
217341	0.002343567751
217342	0.00150982745
217343	0.002013418686
217344	0.001810872235
217345	0.0004492569622
217346	0.005644028143
217347	0.003239632832
217348	0.002367761666
217349	0.001125301239
217350	0.00275883151
217351	0.001387248931
217352	0.000214789869
217353	0.002461031387
217354	0.001085175355
217355	0.002670804312
217356	0.003455874162
217357	0.002861819725
217358	0.002525812309
217359	0.003540208626
217360	0.002225068407
217361	0.001921291142
217362	0.002445147049
217363	0.002289906418
217364	0.003179094848
217365	1.475846411e-05
217366	0.0002965299267
217367	0.002000893625
217368	0.003024583083
217369	0.002277562212
217370	0.001993669609
217371	0.0009481087611
217372	0.001809418294
217373	0.002673106989
217374	0.002991201
217375	0.001973646448
217376	0.002084685448
217377	0.001422598161
217378	0.001437294032
217379	0.002720601085
217380	0.001723738457
217381	0.002060810161
217382	0.002453464604
217383	0.002046277015
217384	0.002668064428
217385	0.001099808849
217386	0.001679782561
217387	0.001058948246
217388	0.001082664332
217389	0.002041341129
217390	0.002469556479
217391	0.002459471157
217392	0.001905672807
217393	0.002912328777
217394	0.001781672213
217395	0.001944836126
217396	0.003060785907
217397	0.001144090959
217398	0.002347568756
217399	0.002511738644
217400	0.002555373219
217401	0.005036991741
217402	0.0003232160918
217403	0.002684484883
217404	0.0001562464838
217405	0.0005642631465
217406	0.001185138984
217407	0.002083571813
217408	0.002624863053
217409	0.002190797622
217410	0.00049118414
217411	0.002826946246
217412	0.0003192508669
217413	0.001453724221
217414	0.009342681947
217415	0.0005406569371
217416	0.0021507448
217417	0.001710542272
217418	0.001860808073
217419	0.001141548047
217420	0.001122350035
217421	0.003963990804
217422	0.004539491744
217423	0.001843246187
217424	0.002299708158
217425	0.002707460017
217426	0.003037511645
217427	0.002546513549
217428	0.001405348674
217429	0.005572724533
217430	0.01591791398
217431	0.001272473051
217432	0.004678804906
217433	0.009013091712
217434	0.003231994512
217435	0.007832414506
217436	0.005908551765
217437	0.0008235088575
217438	2.240875081e-05
217439	0.006753920478
217440	0.00503882204
217441	0.003040646633
217442	0.01791520963
217443	0.003844495793
217444	0.02020650589
217445	0.001839035013
217446	0.003894373826
217447	0.01512036581
217448	0.006958973369
217449	0.007383389827
217450	0.003593702131
217451	0.004269826685
217452	0.00627832452
217453	0.007088442108
217454	0.004270628078
217455	0.009279702231
217456	0.002840424941
217457	0.0003900314647
217458	0.001068326586
217459	0.001397831749
217460	0.0009845438335
217461	0.01805816842
217462	0.005951479077
217463	0.01101402161
217464	0.009653455702
217465	0.003692658239
217466	0.001851502464
217467	0.0006395090472
217468	0.003239727573
217469	0.004692545669
217470	0.005276860716
217471	0.008729561165
217472	0.007842569213
217473	7.66302156e-05
217474	0.001087447997
217475	0.0003424409672
217476	0.0002048316069
217477	0.0003684859655
217478	0.0001658172258
217479	0.0003738661069
217480	0.0001457108199
217481	0.0002860870279
217482	0.0007056385563
217483	0.0005423464735
217484	0.0004985027618
217485	0.0002183298354
217486	6.042868431e-06
217487	0.002505807285
217488	0.0003444899362
217489	0.000245313488
217490	0.0007991294385
217491	0.0003633706435
217492	0.002124379491
217493	0.0003585333225
217494	0.0006996560685
217495	0.0002361808358
217496	0.0009623336036
217497	0.0009731778316
217498	0.0009197109096
217499	0.0006912189419
217500	0.001241466388
217501	0.0005190653155
217502	0.00309884654
217503	0.0003329239026
217504	0.001101893762
217505	0.0001526795387
217506	0.01064467513
217507	0.007271314413
217508	0.01789147764
217509	0.00107175599
217510	0.002817500551
217511	0.005545061236
217512	0.005814241771
217513	0.002067042556
217514	0.004805643046
217515	0.004830309608
217516	0.0006760856877
217517	0.0008562729427
217518	0.0009831713296
217519	0.001042966539
217520	0.00159149787
217521	0.0006660236429
217522	0.001804598341
217523	0.001270710716
217524	0.001688946114
217525	0.001845116427
217526	0.00222970625
217527	0.0003902146537
217528	0.0001105818055
217529	9.762834541e-05
217530	0.0005501975284
217531	0.0003876169191
217532	0.00158756081
217533	0.001910599869
217534	0.0005593004068
217535	0.001837479563
217536	0.001417618717
217537	0.001231599976
217538	0.0005757780687
217539	0.0005100056509
217540	0.0006656135704
217541	0.0008925270047
217542	0.001042662965
217543	0.001008872241
217544	0.001697249932
217545	0.001568152265
217546	0.0004601396322
217547	0.0004475845565
217548	0.0009677132008
217549	0.001361966696
217550	0.001006700985
217551	0.0003594674594
217552	0.0005712785159
217553	0.0004886167355
217554	0.001763861973
217555	0.0009868509311
217556	0.0005484845958
217557	0.001341732726
217558	0.0006685958752
217559	1.131920479e-05
217560	0.00133534939
217561	0.002124202323
217562	0.0006724727463
217563	0.002103425253
217564	8.548501224e-05
217565	0.001230213695
217566	0.001039175198
217567	0.00217849405
217568	0.0003975016055
217569	0.0006773851684
217570	0.0008900090158
217571	0.001723510425
217572	0.001632913599
217573	0.001071900336
217574	0.0007940325092
217575	0.001470954353
217576	0.001057715811
217577	0.001210355991
217578	0.001671538886
217579	0.001063728602
217580	0.0005064804881
217581	0.001009374897
217582	0.0009949098481
217583	0.001383834698
217584	0.0003150578251
217585	0.0006519154653
217586	0.001460586972
217587	0.001800115833
217588	0.0002532736559
217589	0.002422614262
217590	0.00130579131
217591	0.00263575724
217592	0.002104096115
217593	0.0002776693317
217594	0.0001484368748
217595	0.001196762358
217596	0.001316418153
217597	0.002792356945
217598	0.00189476411
217599	0.001109714231
217600	0.0004207386352
217601	0.001266367402
217602	0.001050029341
217603	0.0001321192627
217604	0.001135759773
217605	0.00169803375
217606	0.001843743731
217607	0.0002263329372
217608	0.001484361034
217609	0.0009243352597
217610	0.001166313365
217611	8.861894473e-06
217612	0.001000187928
217613	0.00029174863
217614	0.002039273173
217615	0.0001615070187
217616	0.0007138731313
217617	0.001570987637
217618	0.002173780845
217619	0.001601846401
217620	0.0007307814299
217621	0.001177809834
217622	0.0009998650805
217623	0.001609345184
217624	7.635856355e-05
217625	0.001314040976
217626	0.001293991117
217627	0.001043553028
217628	0.0007463277763
217629	0.0001651965474
217630	0.001335640105
217631	0.0007632818989
217632	0.0008451557591
217633	0.001434760851
217634	0.0007683497509
217635	0.0004362360263
217636	0.0005967262963
217637	0.0004981283954
217638	3.785810253e-05
217639	0.001000235342
217640	0.0007874637418
217641	0.001021884052
217642	0.001921062823
217643	0.001285648394
217644	0.001372876157
217645	5.147001532e-06
217646	0.0005636816124
217647	0.001724341263
217648	0.0005268177297
217649	0.00110470442
217650	0.001067004862
217651	0.001209586661
217652	0.0006015170135
217653	0.0002031041284
217654	0.001672309054
217655	0.0003043814436
217656	0.001583099137
217657	0.001287018313
217658	0.001957580365
217659	0.001360237226
217660	0.0009906232486
217661	0.00118243223
217662	0.0008784079807
217663	0.0003201805903
217664	0.001257666106
217665	0.0006309565284
217666	0.0004594825733
217667	0.001737407169
217668	0.002334527571
217669	0.001231521464
217670	0.001388988511
217671	0.0007752841172
217672	0.0009899372081
217673	0.001822905515
217674	0.001900745056
217675	0.001235240914
217676	0.0007471230509
217677	5.468492024e-05
217678	0.001686303556
217679	0.001923385556
217680	0.0002331703482
217681	0.001159267581
217682	0.001361746713
217683	0.00233768208
217684	0.003957006432
217685	0.002651980557
217686	0.001367581462
217687	0.0008814315118
217688	0.0008776714331
217689	0.001399132302
217690	0.001347749481
217691	0.001214953995
217692	0.00115554199
217693	0.0001137964434
217694	0.001170597349
217695	0.001580793114
217696	0.0007108103959
217697	0.001564315431
217698	0.001508814757
217699	0.001440480276
217700	0.001679090172
217701	0.003643609472
217702	0.002122503927
217703	0.001337703972
217704	0.001043057913
217705	0.001099879025
217706	0.007928545415
217707	0.001166990739
217708	0.001778323993
217709	0.001678771697
217710	0.001358061312
217711	0.00104565473
217712	0.001952352575
217713	0.001234110047
217714	0.001641720228
217715	0.001551250293
217716	0.0005013333697
217717	0.0007485243643
217718	0.0007854369889
217719	0.0005181547192
217720	0.00140631315
217721	0.001172704957
217722	0.0003189191446
217723	0.0006631933122
217724	0.003841033298
217725	0.0007654974546
217726	0.001023897902
217727	0.0009616778441
217728	0.0007260163506
217729	0.001109615631
217730	0.001528302137
217731	0.0009569377828
217732	0.00128784495
217733	0.0001229944615
217734	0.002050039702
217735	0.001567786193
217736	0.004089294165
217737	0.001177786729
217738	0.001135850694
217739	0.0008994892846
217740	0.001305863823
217741	0.0007965207843
217742	0.002162974705
217743	0.0003567382067
217744	0.001278128329
217745	0.001237591316
217746	0.0005307352941
217747	0.001356653788
217748	0.003529107986
217749	0.002105804481
217750	0.001689174553
217751	0.001246944841
217752	3.199829281e-05
217753	0.0007079032792
217754	0.0005422626261
217755	0.001317827422
217756	0.000184518774
217757	0.002646459703
217758	0.001418798599
217759	0.0009401723334
217760	0.001306162013
217761	0.001076000618
217762	0.0001364518868
217763	0.0002539049624
217764	0.008700183444
217765	0.0002928504484
217766	0.0003834253486
217767	0.0006441833651
217768	0.0007779868425
217769	0.000188723992
217770	0.001760938828
217771	0.0009180615792
217772	0.000467766313
217773	0.001511705277
217774	0.002525981464
217775	0.001780966458
217776	0.0009364420087
217777	0.001464551914
217778	0.0007947224204
217779	0.001414822677
217780	0.004523866947
217781	0.002277873408
217782	0.001879366818
217783	0.002479684419
217784	0.0008667923001
217785	0.002951569328
217786	0.0005855898741
217787	0.001273204714
217788	0.00225148811
217789	0.002375922541
217790	0.001287258275
217791	0.001568196855
217792	0.00198480726
217793	0.0003306567907
217794	0.001276397082
217795	0.001428959137
217796	0.001233574621
217797	0.0008668217769
217798	3.480530335e-05
217799	0.001837870735
217800	0.001414302014
217801	0.002075604099
217802	0.004177833641
217803	0.0009534759892
217804	0.001366888865
217805	0.00120445431
217806	0.0004930040265
217807	0.002315305148
217808	0.0007194237387
217809	0.0009497397438
217810	0.0006141468637
217811	0.001654125718
217812	0.001746961175
217813	0.002208847731
217814	0.002228118335
217815	0.001978065734
217816	0.003227203981
217817	0.002067080505
217818	0.001530953124
217819	0.0002319819686
217820	0.001662625411
217821	0.00438683753
217822	0.0007224730187
217823	0.002281003059
217824	0.002033837459
217825	0.001244392277
217826	0.001720651488
217827	0.001297342289
217828	0.0003655419445
217829	0.001117065346
217830	0.0004999751008
217831	0.001026297743
217832	0.0005244051935
217833	0.001020547592
217834	0.0003311152235
217835	8.663036183e-05
217836	0.001085560787
217837	0.001527952782
217838	0.0008399565211
217839	0.001759607471
217840	0.000932826005
217841	0.001636670873
217842	0.002371249814
217843	0.000447426779
217844	0.001543786001
217845	0.001211253319
217846	0.0004846180327
217847	0.001174214308
217848	0.003326426975
217849	0.0005741292428
217850	0.001002871302
217851	0.001254937767
217852	0.00116111744
217853	0.001740984778
217854	0.001509869895
217855	7.090373003e-06
217856	0.001071679197
217857	0.001762419409
217858	0.001272630327
217859	0.001721780516
217860	0.001573887889
217861	0.0009057195512
217862	0.002257326243
217863	0.001594064593
217864	0.001423654139
217865	0.001612744984
217866	0.0004953566498
217867	0.001246656366
217868	0.001338027745
217869	0.0009723993141
217870	0.002153551061
217871	0.006293201847
217872	0.007757052544
217873	0.0004576400162
217874	0.001062812448
217875	0.003299824375
217876	0.0008732307165
217877	0.0006204387177
217878	0.000686743668
217879	0.0004742672728
217880	0.0003151831808
217881	0.0004562116524
217882	0.01134962914
217883	0.007339519927
217884	0.002999269055
217885	0.001706422609
217886	0.01080895649
217887	0.01535706746
217888	0.005590778905
217889	0.002246152017
217890	0.00640410669
217891	0.005178672791
217892	0.003367871463
217893	0.002052403885
217894	0.0008248248299
217895	0.00512434864
217896	0.001880158206
217897	0.003252855642
217898	0.003337228151
217899	0.003758828739
217900	0.001078991948
217901	0.002123714325
217902	0.004682916943
217903	0.0005037996831
217904	0.00758475629
217905	0.005437843074
217906	0.004393091493
217907	0.008354512872
217908	0.002059644167
217909	0.006506076149
217910	0.0169528806
217911	0.001644233305
217912	0.006554636391
217913	0.006661934691
217914	0.004997634632
217915	0.006843623946
217916	0.009207014324
217917	0.006481350587
217918	0.005400619752
217919	0.001328042297
217920	0.001817022349
217921	0.0002769974198
217922	0.0004920800325
217923	0.001367303072
217924	0.001796794753
217925	0.002501555915
217926	0.001060071432
217927	0.0005500209497
217928	0.0009400882064
217929	0.000569503514
217930	0.0008596822989
217931	0.005828734838
217932	0.001859515805
217933	9.187226025e-05
217934	0.001675273141
217935	0.002469837904
217936	0.0004405527563
217937	0.002314185911
217938	6.861583188e-05
217939	0.003219934972
217940	0.001685463559
217941	0.00100331525
217942	0.00219185701
217943	0.003382824214
217944	0.003133585959
217945	0.001813235151
217946	0.0001964877969
217947	0.0008506014903
217948	0.002246584914
217949	0.002339375113
217950	0.002559642119
217951	0.002022443582
217952	0.001968437594
217953	0.003268854542
217954	0.003906063702
217955	0.002095638097
217956	0.002488903845
217957	0.001881612859
217958	0.001187987922
217959	0.0006505977821
217960	0.001120970845
217961	0.0003173133504
217962	0.0002197816818
217963	0.001622587097
217964	0.002379085663
217965	0.00258056624
217966	0.0002266813917
217967	0.001282563208
217968	0.001568646746
217969	0.002859607332
217970	0.002826956721
217971	0.001822569079
217972	0.0006581744917
217973	0.0002098164999
217974	0.002176551745
217975	0.0001426153289
217976	0.001361666462
217977	0.002147856707
217978	0.0006437739869
217979	0.002430017354
217980	0.0008623138567
217981	0.0005663751672
217982	0.002509989331
217983	0.0004576342213
217984	0.00217299309
217985	0.0004619335622
217986	0.0009588816626
217987	0.0007454496854
217988	0.0004608498701
217989	0.002110988891
217990	0.00100160283
217991	0.004604538596
217992	0.000248041217
217993	0.0009457971019
217994	0.0008376490299
217995	0.001166033845
217996	0.001112284137
217997	0.0008551375708
217998	0.003942542096
217999	0.0004775841358
218000	0.001079258643
218001	0.002997585295
218002	0.0003263159945
218003	0.0005642013029
218004	0.0006121468858
218005	0.004114254763
218006	0.0008616840681
218007	0.008018993997
218008	0.009316997544
218009	0.006830055802
218010	0.006438506582
218011	0.001296034585
218012	0.006890072538
218013	7.902976442e-05
218014	0.002449510569
218015	0.004362147217
218016	0.001785859585
218017	0.02014259461
218018	0.002660241228
218019	0.001639631042
218020	0.003251259033
218021	0.002087144537
218022	0.00559399703
218023	0.008031859111
218024	0.0090753839
218025	0.003262125363
218026	0.0002668083354
218027	0.005816598663
218028	0.01369262297
218029	0.009580918802
218030	0.008157164962
218031	0.0005556723541
218032	0.001707305121
218033	0.003586233215
218034	0.007429500883
218035	0.00440183653
218036	0.007856301492
218037	0.002037176445
218038	0.002472915852
218039	0.0007241362716
218040	0.005367106303
218041	0.002658577524
218042	0.007771149434
218043	0.002558875923
218044	0.006288816444
218045	0.003927900669
218046	0.00278239377
218047	0.002051875192
218048	0.00149368521
218049	0.00140545103
218050	0.003849237235
218051	0.003483454727
218052	0.005272115287
218053	0.002261381681
218054	0.01295862809
218055	0.004030549021
218056	0.003678815293
218057	0.007198903586
218058	0.006542252928
218059	0.004614536553
218060	0.004076509333
218061	0.001385020908
218062	0.001869548051
218063	0.004610343565
218064	0.0001770968048
218065	0.00314323887
218066	0.003961530842
218067	0.0006362154502
218068	0.0006193998552
218069	0.003504715794
218070	0.007781483355
218071	0.003977580734
218072	0.009660855345
218073	0.009919607388
218074	0.001234940196
218075	0.00703580459
218076	0.0001373546336
218077	0.0008947441765
218078	0.0009395103531
218079	0.0003092884781
218080	0.001294907219
218081	0.002328871238
218082	0.01222934139
218083	0.005715493655
218084	0.0008459143127
218085	0.005487496109
218086	0.003174364361
218087	0.01364979866
218088	0.005734383003
218089	0.006375330998
218090	0.001656444098
218091	0.009437106347
218092	0.007621712001
218093	0.002047095823
218094	0.001977146932
218095	0.0006589598664
218096	0.00103414195
218097	0.001785045482
218098	5.649129531e-05
218099	0.0009837589957
218100	0.009500657242
218101	0.0005360323162
218102	0.004937283154
218103	0.002717210478
218104	0.003608679667
218105	0.002086648105
218106	0.007659175874
218107	0.00065955451
218108	0.01115759333
218109	0.01127227912
218110	0.002158019219
218111	0.002294265691
218112	0.007558968179
218113	0.00782988428
218114	0.007979890099
218115	0.01209972726
218116	0.003497285995
218117	0.004878889521
218118	0.005688506791
218119	0.002401742656
218120	0.0009403369201
218121	0.00888908123
218122	0.005508111746
218123	0.009205815824
218124	0.00250193011
218125	0.0009513864007
218126	0.001056422982
218127	0.001479399531
218128	0.004257945226
218129	0
218130	0.0008225827552
218131	0.01916326059
218132	0.0003527327857
218133	0.004765917332
218134	0.01321213175
218135	0.01123679471
218136	0.006626891134
218137	0.004593004759
218138	0.01127566752
218139	0.001942904191
218140	0.000754802692
218141	0.0029760255
218142	0.01720532178
218143	0.001018397591
218144	0.0009435435546
218145	0.001000379251
218146	0.005322308246
218147	0.003019333384
218148	0.005128246244
218149	0.01376141507
218150	0.0108962627
218151	0.002788340427
218152	0.004134682228
218153	0.0004857141752
218154	0.004105173717
218155	0.005241084854
218156	0.0005228919244
218157	0.005551791816
218158	0.01131611348
218159	0.004968530618
218160	0.004328540607
218161	0.007823073982
218162	0.002224025723
218163	0.01009514773
218164	0.002014235545
218165	0.006273327908
218166	0.002366988043
218167	0.00125254819
218168	0.005640864011
218169	0.0112439622
218170	0.009776205825
218171	0.008377230298
218172	0.0004972099667
218173	0.001441879642
218174	0.0006576361347
218175	0.008855794709
218176	0.006815605022
218177	0.003602460776
218178	0.001688294546
218179	0.000236620478
218180	0.001280473223
218181	0.01225788166
218182	0.00395027033
218183	0.006191579409
218184	0.004238810788
218185	0.003143718169
218186	0.005242265755
218187	0.0006386112477
218188	0.005289878969
218189	0.003095975797
218190	0.0040375919
218191	0.005856871104
218192	7.307927287e-05
218193	0.002869030569
218194	0.00653572226
218195	0.003306855739
218196	0.0004718230119
218197	0.006674652653
218198	0.006450883215
218199	0.001526905133
218200	0.001844685763
218201	0.001171945074
218202	0.009261199789
218203	0.0009036142716
218204	0.002239673405
218205	1.037571531e-05
218206	0.003571738369
218207	0.00355017577
218208	0.001195366111
218209	0.002815332099
218210	0.009500842991
218211	0.00562500543
218212	0.001081377535
218213	0.001275275028
218214	0.003238440796
218215	0.004566817174
218216	0.007011563739
218217	0.001063295978
218218	0.0003212838777
218219	0.00213935978
218220	0.003252803047
218221	0.002691138474
218222	0.007556311728
218223	0.005048300022
218224	0.0006055042534
218225	0.0009177663147
218226	0.003996884436
218227	0.0001752594064
218228	0.001149122886
218229	0.000594607921
218230	0.001744881078
218231	4.918600494e-05
218232	0.00214877992
218233	0.001101738176
218234	0.0002705430492
218235	0.0009104939766
218236	0.0003635075489
218237	0.0005227907813
218238	0.001976977871
218239	0.001353974591
218240	5.819946931e-05
218241	0.002670196572
218242	0.002697843431
218243	0.0001084112021
218244	0.0006456414714
218245	7.04361683e-05
218246	0.002090131896
218247	0.0005105048038
218248	0.003157146223
218249	0.0007396287972
218250	0.0001677906096
218251	0.001413685793
218252	0.006065461184
218253	7.754710565e-05
218254	0.005881356341
218255	0.002951781909
218256	0.0006493579395
218257	0.0042902442
218258	0.003964590002
218259	0.006460212247
218260	0.002375708494
218261	0.002749872121
218262	0.002103336227
218263	0.01137048982
218264	0.008857424975
218265	0.00158758333
218266	0.003976653943
218267	0.003440560508
218268	0.0002793071223
218269	0.004863502889
218270	0.0003770862825
218271	0.003605491506
218272	0.007437161759
218273	0.004840969252
218274	0.006294972777
218275	0.01632915573
218276	0.02523582678
218277	0.0006356988192
218278	0.002602857761
218279	0.000927000094
218280	0.0009887838828
218281	9.084710887e-05
218282	0.002460031748
218283	0.001880748162
218284	0.005964967221
218285	0.0006456104002
218286	0.006418445167
218287	0.002289395212
218288	0.004652624827
218289	0.008842877711
218290	0.0006771891671
218291	0.00422757377
218292	0.0001821129684
218293	0.0009656136874
218294	0.005003852
218295	0.007476401428
218296	0.0002016788415
218297	0.002062141009
218298	0.004531429563
218299	0.00576788638
218300	0.001191609522
218301	0.005146836597
218302	0.007059924688
218303	0.001805537273
218304	0.003033355189
218305	0.01031041375
218306	0.01255277682
218307	0.003385511601
218308	0.000527695391
218309	0.00185307628
218310	0.01635588894
218311	0.005965319506
218312	0.00096326986
218313	0.001690460427
218314	0.005126609073
218315	0.001695577221
218316	0.007443337496
218317	0.00081428023
218318	0.006227133211
218319	0.007528227714
218320	0.001598804791
218321	0.007587229531
218322	0.002274506551
218323	0.001617951051
218324	0.005761092707
218325	0.00847844723
218326	0.004108373861
218327	0.002366531078
218328	0.002400745861
218329	0.001461779412
218330	0.00780801495
218331	0.01628737882
218332	0.004472256577
218333	0.002393253236
218334	0.01907094919
218335	0.006053179876
218336	0.003477726772
218337	0.004321841842
218338	0.00218418226
218339	0.0006733756038
218340	0.01003766101
218341	0.003872810652
218342	0.002304915697
218343	0.01172780213
218344	0.008108786892
218345	0.002093007285
218346	0.005185577963
218347	0.00528626537
218348	0.002704225269
218349	0.002840827574
218350	0.005121006271
218351	0.01017772126
218352	0.001350719895
218353	0.002392991296
218354	8.69598425e-05
218355	0.003410795989
218356	0.01213165409
218357	0.0110641334
218358	0.003803021656
218359	0.003676990573
218360	0.006632335932
218361	0.00484294835
218362	0.009186081111
218363	0.01016357808
218364	0.002228287012
218365	0.003969099227
218366	0.003110728003
218367	0.005941535727
218368	0.009452998511
218369	0.004095581062
218370	0.00442058838
218371	0.02630019238
218372	0.008952535049
218373	0.003265071244
218374	0.01083970714
218375	0.0028784034
218376	0.006705995697
218377	0.002925473897
218378	0.01134610761
218379	0.01283395884
218380	0.007661853532
218381	0.007213931422
218382	0.003890173251
218383	0.00389803137
218384	0.001919472672
218385	0.006993963934
218386	0.007181698607
218387	0.01131041874
218388	0.001096927953
218389	0.004269602069
218390	0.003397269583
218391	0.004675455
218392	0.00431158129
218393	0.01393180523
218394	0.003612970683
218395	0.007974510764
218396	0.00721710606
218397	0.00614019311
218398	0.0003959978835
218399	0.00214976177
218400	0.002738623332
218401	0.005262501465
218402	0.002627782643
218403	0.00469148649
218404	0.001927466304
218405	0.003743357622
218406	0.00118258127
218407	0.007603394443
218408	0.0002244732051
218409	0.00565349099
218410	0.003385364247
218411	0.003138313692
218412	0.00248834606
218413	0.002286427108
218414	0.00528058574
218415	0.00775570117
218416	0.00153496142
218417	0.008397984921
218418	0.0003450861142
218419	0.001517670193
218420	0.009291331822
218421	0.003593165198
218422	0.00399344294
218423	0.0005784541809
218424	0.006133393512
218425	0.007144595152
218426	0.0004474328129
218427	0.001637131761
218428	0.00130882969
218429	0.0003630743369
218430	0.00555818731
218431	0.003803196804
218432	0.003523171579
218433	0.0003985841312
218434	0.004974014132
218435	0.004186602621
218436	0.002674285688
218437	0.002028423316
218438	0.001432510694
218439	0.007255434738
218440	0.0004144670367
218441	0.0006343721229
218442	0.00447157912
218443	0.007329856066
218444	0.001841114118
218445	0.003145113231
218446	0.001828309501
218447	0.003823903278
218448	0.004047873724
218449	0.003275252336
218450	0.001904175943
218451	0.005016193474
218452	0.001044198621
218453	0.001059509988
218454	0.001159566266
218455	0.001302211279
218456	0.006586909954
218457	0.002509553368
218458	0.002886511755
218459	0.001532690569
218460	0.004941212356
218461	0.002202343639
218462	0.001465140931
218463	0.002968537751
218464	0.00576380612
218465	0.002075317247
218466	0.009329213681
218467	0.005509201912
218468	0.001874397372
218469	0.003710313007
218470	0.0039598051
218471	0.008959148876
218472	0.01499385953
218473	0.005852813006
218474	0.0036585177
218475	0.003606482782
218476	0.008257724022
218477	0.001869936478
218478	0.002487650477
218479	0.00332838267
218480	0.004594210645
218481	0.009126719336
218482	0.002590791545
218483	0.007561911527
218484	0.002737122183
218485	0.001536572834
218486	0.006323392742
218487	0.0008215000912
218488	0.006603173988
218489	0.005912595551
218490	0.006733670056
218491	0.006694718969
218492	0.00485578484
218493	0.004791288836
218494	0.009482702654
218495	0.0002610673561
218496	0.007903938766
218497	0.01157167715
218498	0.008732988137
218499	0.001719447012
218500	0.001143872001
218501	0.001656241522
218502	0.0104332718
218503	0.001358229822
218504	0.007023140152
218505	0.006964664986
218506	0.003331512248
218507	0.01038344221
218508	0.001407613176
218509	0.008375668658
218510	0.001282979111
218511	0.004842094334
218512	0.004338102201
218513	0.00976565685
218514	0.007445688805
218515	0.0002896697906
218516	0.003188736718
218517	0.00309993299
218518	0.01074009891
218519	0.007124726842
218520	0.003428564325
218521	0.007927262182
218522	0.009875617393
218523	0.001910534425
218524	0.008611681113
218525	0.01352311985
218526	0.00143856071
218527	0.01327335856
218528	0.005069600828
218529	0.008267392311
218530	0.005015985493
218531	0.001711351377
218532	0.005776822964
218533	0.00103929726
218534	0.009002257411
218535	0.0008375386288
218536	0.01025133701
218537	0.01226804197
218538	0.01316646108
218539	0.0008087506088
218540	0.008539251069
218541	0.009414742584
218542	0.003045597673
218543	0.006228537805
218544	0.001118535175
218545	0.01215186033
218546	0.001019098958
218547	0.0005891618797
218548	0.01107352111
218549	0.01021949557
218550	0.006330143314
218551	0.001462898265
218552	0.002733606485
218553	0.005251194603
218554	0.001971369828
218555	0.008040995855
218556	0.01078794956
218557	0.002253372579
218558	0.001537035275
218559	0.005528485621
218560	0.007324528991
218561	0.009722054787
218562	0.0004406972529
218563	0.009163288336
218564	0.01393519305
218565	0.0009518745967
218566	0.0006760591387
218567	0.00311493387
218568	0.01092799047
218569	0.006104338713
218570	6.623275785e-05
218571	0.005172396917
218572	0.005593368904
218573	0.005378116621
218574	0.004537227084
218575	0.006879433042
218576	0.003292829599
218577	0.0003732362781
218578	0.004615551343
218579	0.005228163365
218580	0.002444443433
218581	0.005010901501
218582	0.0051369913
218583	0.003190731667
218584	0.0002748512034
218585	0.004810390672
218586	0.001375296561
218587	0.0002611263198
218588	0.001432362341
218589	0.001918030956
218590	0.00086122335
218591	0.002324235641
218592	0.0009507353888
218593	0.005733976453
218594	0.001691798608
218595	0.000163487153
218596	0.0009974572341
218597	0.0009955634272
218598	0.0008105397368
218599	0.00125365463
218600	0.0008785236187
218601	0.0008639447495
218602	0.004569990623
218603	0.002208934587
218604	0.001783929217
218605	0.0002638118278
218606	0.001964935881
218607	0.000959644185
218608	0.008988214578
218609	0.0007032930544
218610	0.002517014223
218611	0.0005588949157
218612	0.01013578246
218613	0.003828268318
218614	0.007878092943
218615	0.001120841629
218616	0.00407274906
218617	0.00169487615
218618	0.001011246488
218619	0.0009095376272
218620	0.007218181716
218621	0.0006025840448
218622	0.0014643939
218623	0.002111063056
218624	0.002913939528
218625	0.002753371269
218626	0.0001831889425
218627	0.0003904877913
218628	0.003139114605
218629	0.003146872034
218630	0.004686505384
218631	0.00278968661
218632	0.001425387792
218633	0.000603902408
218634	0.0004901615776
218635	0.003025292781
218636	0.000509838518
218637	0.000732458081
218638	0.0007296125164
218639	0.0001229263602
218640	0.003466476792
218641	0.003284807699
218642	0.002972884667
218643	0.007376090501
218644	0.007184098476
218645	0.0008831830754
218646	0.005834728356
218647	0.003949524578
218648	0.001438951377
218649	0.01510690751
218650	0.003743400664
218651	0.004883475707
218652	0.00985673391
218653	0.01403295721
218654	0.001371727725
218655	0.002663555736
218656	0.007255277036
218657	0.002919375614
218658	0.0006662496977
218659	0.00804542125
218660	0.001852839803
218661	0.004098047242
218662	0.003880587298
218663	0.005011931844
218664	0.000997320207
218665	0.001656101666
218666	0.0002719496427
218667	0.007698171783
218668	0.001531140032
218669	0.003081617843
218670	0.003294328168
218671	0.0002104602947
218672	0.005457870888
218673	0.001842369298
218674	0.0008957993987
218675	0.004145240901
218676	0.0009808983878
218677	0.007844205024
218678	0.0014075076
218679	0.007466006875
218680	0.0001025423255
218681	0.002479729444
218682	0.006284375143
218683	0.003048203648
218684	0.0001240379751
218685	0.001700459487
218686	0.004613807385
218687	0.004606531231
218688	0.007510287644
218689	0.01312219664
218690	0.00133847057
218691	0.002069350786
218692	0.001266776462
218693	0.002974091079
218694	0.0018391147
218695	0.002840875846
218696	0.004433110172
218697	0.005630732697
218698	0.003332346805
218699	0.002782591347
218700	0.0001167907985
218701	0.00676097108
218702	0.01105557161
218703	0.0033405539
218704	0.0113390663
218705	0.001633093903
218706	0.009039329564
218707	0.006402854918
218708	0.004851488267
218709	0.003973845749
218710	0.007991337958
218711	0.01120912877
218712	0.0005116411813
218713	1.593005494e-05
218714	0.002696595521
218715	0.01071003596
218716	0.0001622983682
218717	0.00378097321
218718	0.001522684026
218719	0.00434403921
218720	0.00878657692
218721	0.009634144737
218722	0.001131872472
218723	0.0142581704
218724	0.00188893314
218725	0.005350548425
218726	0.009045140885
218727	0.004659359613
218728	0.005337310546
218729	0.001334370177
218730	0.002804900459
218731	0.01602272559
218732	0.002826225154
218733	0.003876092449
218734	0.001702339379
218735	0.001840356051
218736	0.001227118316
218737	0.006369792506
218738	0.006913571293
218739	0.00504629749
218740	0.01226628467
218741	0.001667437245
218742	0.00223496696
218743	0.000900107625
218744	0.002269073023
218745	0.000478336927
218746	0.01460363607
218747	0.0001296155922
218748	0.01868185775
218749	0.0130599498
218750	0.0001396332119
218751	0.00236288625
218752	0.01070850904
218753	0.007752480754
218754	0.006662361049
218755	0.002638339586
218756	0.006429365036
218757	0.0001762428922
218758	0.002236610942
218759	0.0006751411013
218760	0.0003550473158
218761	0.006487853194
218762	0.002082498287
218763	0.005173536622
218764	0.002050263599
218765	0.004797764669
218766	0.004061346104
218767	0.003728872117
218768	0.004394341969
218769	0.004107181849
218770	0.00531404097
218771	0.000530585284
218772	0.009791989492
218773	0.004920121175
218774	0.001645601115
218775	0.001616323731
218776	0.0001630270044
218777	0.001257642745
218778	0.00257069166
218779	9.750412424e-05
218780	0.0003569299459
218781	0.005256700841
218782	0.002704184755
218783	0.003457659513
218784	0.007528217416
218785	0.008301410711
218786	0.006408278107
218787	0.001972444475
218788	0.001481673552
218789	0.005782477004
218790	0.001873880639
218791	0.002519320643
218792	0.0008054771519
218793	0.007961204378
218794	0.0003884427317
218795	0.004462056142
218796	0.005050363187
218797	0.0001517787936
218798	0.007506643002
218799	0.003108790542
218800	0.01139058606
218801	0.01035968506
218802	0.01386424476
218803	0.0004197385398
218804	0.004653761654
218805	0.009190680042
218806	0.01049457342
218807	0.00571781608
218808	0.009582762911
218809	0.0004999907717
218810	0.0002713904287
218811	0.0006320099888
218812	0.0005748783292
218813	0.0006010846688
218814	0.0006522703639
218815	0.0001095084041
218816	0.0001739347129
218817	0.0007260751572
218818	0.0007878598409
218819	0.0007007814803
218820	0.00186709208
218821	0.002771314692
218822	0.002709830699
218823	0.0004810066439
218824	0.00424557388
218825	0.002095595873
218826	0.0006132050109
218827	0.006869320294
218828	0.001695815125
218829	0.002795065299
218830	0.0003718395545
218831	0.005103251136
218832	0.004353536906
218833	0.0002672682806
218834	0.003690922499
218835	0.004726089289
218836	0.001444420499
218837	0.006782495069
218838	0.006959429583
218839	0.01478583761
218840	0.003127888299
218841	0.004096003122
218842	0.002057602189
218843	0.002116788092
218844	0.001607481497
218845	0.002006066921
218846	0.001407419091
218847	0.01087810692
218848	0.007001281803
218849	0.000822771937
218850	0.001761349934
218851	0.001768721948
218852	0.002026632282
218853	0.005190553498
218854	0.004034179701
218855	0.006904239049
218856	0.0006600075947
218857	7.777450306e-07
218858	0.001891280499
218859	0.002858700091
218860	0.01241829436
218861	0.0006388930065
218862	0.008136442096
218863	0.007571744453
218864	0.009982938809
218865	0.001406970058
218866	0.002279120657
218867	0.006400429902
218868	0.01379675357
218869	0.008868975387
218870	0.006184616159
218871	0.0001788767849
218872	0.006874568551
218873	0.01646808612
218874	0.02044152724
218875	0.009099758372
218876	0.01515280016
218877	0.006623199843
218878	0.004294111197
218879	0.003390010477
218880	0.006601912415
218881	0.00336571814
218882	0.005293936643
218883	0.004504234501
218884	0.002890502361
218885	0.002026122122
218886	0.00633706141
218887	0.01209603039
218888	0.006357761366
218889	0.004697142598
218890	0.006356381692
218891	0.001130122279
218892	0.005740415936
218893	0.001991626791
218894	0.007787283753
218895	0.000733965603
218896	0.000972327143
218897	0.006860678455
218898	0.002138998885
218899	0.003568882373
218900	0.004583192995
218901	0.009437494154
218902	0.0005005861835
218903	0.005699553988
218904	0.003057169313
218905	0.01093397671
218906	0.006556311669
218907	0.01562602195
218908	0.008283471714
218909	0.0065621886
218910	0.01276884822
218911	0.003792823395
218912	0.002678679874
218913	0.002928297939
218914	0.002994929224
218915	0.004090955561
218916	0.005484287395
218917	0.006137029347
218918	0.0002484389222
218919	0.002013933846
218920	0.002755302253
218921	0.0009002038491
218922	0.001896017801
218923	0.0007225849126
218924	0.0001618225452
218925	0.01012472479
218926	0.00179039045
218927	0.0002753226088
218928	0.002792578357
218929	0.004900508489
218930	0.001387907813
218931	0.0002688343722
218932	0.0008593216746
218933	0.0001372016171
218934	0.002722968945
218935	0.002446892643
218936	0.0008499289125
218937	0.00510799524
218938	0.003865946664
218939	0.0008970524252
218940	0.0009751716369
218941	0.003865533199
218942	0.004060035502
218943	0.00423082358
218944	0.002544233252
218945	0.003366427207
218946	0.001160507499
218947	0.005569822822
218948	0.001583284839
218949	0.0002479508245
218950	0.005751076038
218951	0.003500415133
218952	0.003808678733
218953	0.00266238075
218954	0.001482623681
218955	0.008287314578
218956	0.00190530178
218957	0.001893120739
218958	0.001843837203
218959	0.002735038776
218960	0.002911429339
218961	0.003359130809
218962	0.001106719524
218963	0.002315631466
218964	0.0007952874964
218965	0.006803238145
218966	0.002007398903
218967	0.001801535547
218968	0.01501732313
218969	0.001195440207
218970	0.005260469718
218971	0.006957823083
218972	0.01744758602
218973	0.002437990749
218974	0.002756984976
218975	0.005091102483
218976	0.0006160830023
218977	0.001570693497
218978	0.001040077227
218979	0.002062929246
218980	0.004812709153
218981	0.002812583021
218982	0.009987415982
218983	0.003088525714
218984	0.007866023208
218985	0.004991510236
218986	0.005527920245
218987	0.006956973882
218988	0.01193683485
218989	0.002627910756
218990	0.002490109463
218991	0.003204395816
218992	0.006820091008
218993	0.004642507106
218994	0.001517158385
218995	0.000372162777
218996	0.00567209787
218997	0.001931677361
218998	0.01168587479
218999	0.01185833516
219000	0.01285357697
219001	0.0005641266896
219002	0.00827176006
219003	0.01089792172
219004	0.00743624321
219005	0.002720718228
219006	0.002723325993
219007	0.003158790145
219008	0.008200093162
219009	0.004844325941
219010	0.00969682083
219011	0.0004259771971
219012	0.005978210554
219013	0.01122494031
219014	0.001352575941
219015	0.007703061929
219016	0.00552783398
219017	0.01248203487
219018	0.007824524945
219019	0.00957657355
219020	0.0003304018525
219021	0.001399981146
219022	0.007064594668
219023	0.002173493729
219024	0.001250001012
219025	0.002350861792
219026	0.01154886482
219027	0.001849014753
219028	0.002030932976
219029	0.002066220211
219030	0.01204798701
219031	0.0005362496381
219032	0.003363796168
219033	0.01315109011
219034	0.004097354099
219035	0.001245754714
219036	0.01569369063
219037	0.002115938845
219038	0.007470299074
219039	0.000968137632
219040	0.01139480894
219041	0.0038374153
219042	0.0041739242
219043	0.0002575490931
219044	0.009127405302
219045	0.002852002797
219046	0.007759661972
219047	0.001704907922
219048	0.004418172958
219049	0.003123867081
219050	0.007026425458
219051	0.004172209609
219052	0.005458590629
219053	0.001276574542
219054	0.00339263221
219055	0.003831146892
219056	0.003950856531
219057	0.0139798555
219058	0.006386141355
219059	0.002239342741
219060	0.005578774831
219061	0.004009187057
219062	0.003488674839
219063	0.002640113395
219064	0.00367005785
219065	0.006518142875
219066	0.003492157546
219067	0.002636444688
219068	0.002788089514
219069	0.004782945305
219070	0.001599369058
219071	8.426858097e-05
219072	0.006232278331
219073	0.01122819152
219074	0.004283881206
219075	0.0114237805
219076	0.0014125093
219077	0.003435027715
219078	0.0002736094237
219079	0.001230413219
219080	0.006017935491
219081	0.00176518347
219082	0.00323386631
219083	0.001798162362
219084	0.0002802555941
219085	0.0004538476783
219086	0.005512451118
219087	0.007527950688
219088	0.004667833699
219089	0.002812797978
219090	0.002192320334
219091	0.006379830148
219092	0.003161348466
219093	0.002744859481
219094	0.001448144703
219095	0.00246575032
219096	0.002397800729
219097	0.001704400096
219098	0.002775651026
219099	0.003342112507
219100	0.003387554693
219101	0.006294578311
219102	0.005631627817
219103	0.006556285955
219104	0.002772036299
219105	0.003810318993
219106	0.001647267773
219107	0.003060314755
219108	0.008302889463
219109	0.003084542583
219110	0.01324438814
219111	0.003712524081
219112	0.003248294314
219113	0.003935407111
219114	0.001859215557
219115	0.0007502871482
219116	0.001595495938
219117	0.009241267266
219118	0.002852092708
219119	0.003087058536
219120	0.004280270595
219121	0.0002896419045
219122	0.0005568229698
219123	0.00485549985
219124	0.002736515034
219125	0.001095444921
219126	0.003573281227
219127	0.002067209467
219128	0.003621091212
219129	0.004721305436
219130	0.0006398674994
219131	1.733720124e-06
219132	0.002080713043
219133	0.0003073263295
219134	0.008350637345
219135	0.008629775308
219136	0.005653000481
219137	0.006726415033
219138	0.006567894055
219139	0.00431184061
219140	0.008233288862
219141	0.002438513712
219142	0.0007268390171
219143	0.001138598851
219144	0.000175592283
219145	0.001283638102
219146	0.000658665191
219147	3.339326046e-05
219148	0.0005472572892
219149	0.002959207768
219150	0.001525134302
219151	0.003409291737
219152	0.004162404312
219153	0.0001075259848
219154	0.001683866768
219155	0.0003961516918
219156	0.006222588237
219157	0.001488534513
219158	0.001295459009
219159	3.888739859e-05
219160	0.001498207747
219161	0.001587910463
219162	0.001534418712
219163	9.770406833e-05
219164	0.001947517714
219165	0.003034751648
219166	0.002792156563
219167	0.002703564103
219168	0.0002393723266
219169	0.001098228838
219170	0.002994226689
219171	0.00813235589
219172	0.009546245422
219173	0.004702706725
219174	0.003278892854
219175	0.001452099159
219176	0.003925027636
219177	0.0119861477
219178	0.003026325539
219179	0.01371222041
219180	0.002785496246
219181	0.01074061885
219182	0.0004193666194
219183	0.002079191555
219184	0.01093826583
219185	0.0003681606106
219186	0.005777665843
219187	0.003575914301
219188	0.003692023717
219189	0.001035342937
219190	0.006294373092
219191	0.002654724282
219192	0.001755439665
219193	0.008361532715
219194	0.005761671767
219195	0.003950581575
219196	0.007962605036
219197	0.005339663451
219198	0.003681453242
219199	0.001316641535
219200	0.007566059687
219201	0.006381139824
219202	0.001490803759
219203	0.005933525742
219204	0.01358373056
219205	0.003733108203
219206	0.01108554469
219207	0.0007261232209
219208	0.001914503415
219209	0.01080322843
219210	0.002545421431
219211	0.001463606068
219212	0.002127350781
219213	0.00442703307
219214	0.007452845027
219215	0.005964411624
219216	0.003281280148
219217	0.006466363117
219218	3.37115324e-05
219219	0.0004643281908
219220	0.007414196096
219221	2.440630397e-05
219222	0.00315062063
219223	0.01633155168
219224	0.004051075388
219225	0.01391002733
219226	0.00367545134
219227	0.005344776904
219228	0.005207897474
219229	0.01588094118
219230	0.00288909433
219231	0.0006884422103
219232	0.001118064694
219233	0.005117117432
219234	0.001504061976
219235	0.0005470482959
219236	0.001327265268
219237	0.007817287312
219238	0.002107751289
219239	6.731902087e-05
219240	0.001521727656
219241	0.0006706151596
219242	0.004946817371
219243	0.003384815569
219244	0.0009002321426
219245	0.0004420486593
219246	0.0004898774818
219247	0.0004037050166
219248	0.004139295758
219249	0.00331824693
219250	0.001836477906
219251	0.001978912103
219252	0.002823246293
219253	0.003034357058
219254	0.001989198905
219255	0.001651105232
219256	0.0002942349041
219257	0.0004373609052
219258	0.0001183149253
219259	0.0005385323637
219260	0.0009229475913
219261	0.0002355019709
219262	0.0108655792
219263	0.0003456396106
219264	0.0005424425858
219265	0.001052800862
219266	0.003159532138
219267	0.0007665643669
219268	9.529942936e-05
219269	0.004724650501
219270	0.005877592202
219271	0.0007517925418
219272	4.351844145e-05
219273	0.0003942601007
219274	0.0001271960958
219275	0.0002270323553
219276	0.0004790455745
219277	0.001391304088
219278	8.617679522e-05
219279	0.0005348087924
219280	0.000556971434
219281	0.0007504115178
219282	0.003248348749
219283	0.0005085490418
219284	0.005731012565
219285	0.0007117944548
219286	0.001698241896
219287	0.0005181566487
219288	0.0008719326335
219289	0.003965045678
219290	0.003199387733
219291	0.003137757789
219292	0.0008506870453
219293	5.831212434e-05
219294	0.00118665724
219295	0.003008622364
219296	0.001454916976
219297	0.001170838771
219298	0.0003753122129
219299	0.0005720595837
219300	0.000131684804
219301	0.000520493196
219302	0.0001143577495
219303	0.001503124016
219304	0.0008893777222
219305	0.0005376842858
219306	0.001069888119
219307	0.004223964253
219308	0.006952466071
219309	0.003104127168
219310	0.0002019785701
219311	0.009830986923
219312	0.0002049882551
219313	0.004573481448
219314	0.02049822724
219315	0.001995452484
219316	0.005761283114
219317	0.01068047706
219318	0.001479111337
219319	0.003494880791
219320	0.001298806645
219321	0.01049693014
219322	0.00513887738
219323	0.006021056254
219324	0.00069204298
219325	0.003723558242
219326	0.001910413055
219327	0.006667238677
219328	0.001211252952
219329	0.001407603333
219330	0.004136752544
219331	0.001514992256
219332	0.00117842747
219333	0.00818452658
219334	0.001658989747
219335	0.003826627315
219336	0.01022401637
219337	0.005232290779
219338	0.002886562084
219339	0.0006938752541
219340	0.007657505266
219341	0.0008687071896
219342	0.001020149757
219343	0.004803753075
219344	0.006206321449
219345	0.005337537884
219346	0.0008889575984
219347	0.003438480278
219348	0.002131900893
219349	4.67067973e-05
219350	0.002939517883
219351	0.005985101543
219352	0.007946412756
219353	0.001650816958
219354	0.002336086022
219355	0.003736942662
219356	0.01726148543
219357	0.00754309585
219358	0.001899130011
219359	0.002335883035
219360	0.005605068175
219361	0.001927261319
219362	0.0005866158808
219363	0.008831128033
219364	0.01087110077
219365	0.002184992088
219366	0.004173411974
219367	0.001081507756
219368	0.00424117984
219369	0.003259682401
219370	0.0005669734902
219371	0.001781997485
219372	0.00370176827
219373	0.0008153043739
219374	0.0004343853697
219375	0.005269226946
219376	0.008705721152
219377	0.007915176758
219378	0.003157951602
219379	0.009456028985
219380	0.002037679864
219381	0.009110440709
219382	0.0002554753739
219383	0.003174695786
219384	0.0008318609352
219385	0.007757395568
219386	0.007403023382
219387	0.0007890201126
219388	0.006826545548
219389	0.004460447344
219390	0.002895659646
219391	0.002691802915
219392	0.001536145546
219393	0.00202225998
219394	0.002342794615
219395	0.0006291324937
219396	0.001040265236
219397	0.002069402605
219398	0.00074381443
219399	0.00354025872
219400	0.0005602231925
219401	0.00163826885
219402	0.0003308294205
219403	0.002607400164
219404	0.0007037971229
219405	0.001637833328
219406	0.003235804202
219407	0.001517813927
219408	0.0005097285704
219409	0.001558531092
219410	0.002482719629
219411	0.0007526699668
219412	0.0031430327
219413	1.995844889e-06
219414	0.001282608079
219415	0.001621500021
219416	0.01426838542
219417	0.001150485782
219418	0.001342022318
219419	0.004783000899
219420	0.007720163432
219421	0.001711494265
219422	0.002049484429
219423	0.003606553755
219424	0.001670627608
219425	0.0005069487362
219426	0.00470031797
219427	0.007606426213
219428	0.001949345841
219429	0.0006522630053
219430	0.006443034864
219431	0.0007035693118
219432	0.001947441686
219433	0.001831076155
219434	0.003890377809
219435	0.00711493893
219436	0.00290140273
219437	0.003535443439
219438	0.009399695797
219439	0.01725031401
219440	0.008982333168
219441	0.001466729127
219442	0.002510885248
219443	5.319470533e-05
219444	0.001661600247
219445	0.004727781069
219446	0.00364979515
219447	0.004433014911
219448	0.003391456913
219449	0.002357238401
219450	0.001869421062
219451	0.007942145423
219452	0.0002379650263
219453	0.003821078191
219454	0.004777941608
219455	0.00766943788
219456	0.005356985926
219457	0.001478006137
219458	0.002515487461
219459	0.0005873779707
219460	0.0009208271362
219461	0.005764008747
219462	0.006524489366
219463	0.007174035531
219464	0.0006275947031
219465	0.001878743195
219466	0.005346085513
219467	0.005015490214
219468	0.003429176305
219469	0.0007263126867
219470	0.008599557095
219471	0.004435673151
219472	0.000681391414
219473	0.0005489713299
219474	0.00281471918
219475	0.001864036772
219476	0.001939628492
219477	0.005012772554
219478	0.005172323496
219479	0.003046096082
219480	0.002820999814
219481	0.004824561523
219482	0.00450696609
219483	0.005472628505
219484	0.005811333248
219485	0.002954541278
219486	0.003317949601
219487	0.002400422662
219488	0.005480475619
219489	0.005135054096
219490	0.005259917202
219491	0.0006985874692
219492	0.0009708836894
219493	0.0008326296738
219494	0.004086643309
219495	0.001942560621
219496	0.003067334494
219497	0.001846303181
219498	0.00674609797
219499	0.002544292559
219500	0.0004513176297
219501	0.00117644779
219502	0.002785751719
219503	0.0007483291484
219504	0.00250345387
219505	0.005976365362
219506	0.01429223833
219507	0.005059119984
219508	0.008592551306
219509	0.001808082355
219510	0.002472614542
219511	0.0006273004881
219512	0.0003558715701
219513	0.0001015482717
219514	0.002825940185
219515	0.001366377385
219516	0.0008881153602
219517	0.0023999776
219518	0.001423356796
219519	0.001953173424
219520	0.001729804011
219521	0.0001238895035
219522	0.004476595919
219523	0.002543229554
219524	0.001937870382
219525	0.01119149352
219526	0.006684612788
219527	0.0007868041245
219528	0.001530950238
219529	0.001140084848
219530	0.003501967097
219531	0.00119064731
219532	0.002162389188
219533	0.004283850859
219534	0.001831461054
219535	0.000267076608
219536	0.002503352986
219537	0.006549288453
219538	0.00117634059
219539	0.002987612797
219540	0.001913135145
219541	0.001596298622
219542	0.0003177902915
219543	0.006869601419
219544	0.001301050274
219545	0.001183193156
219546	0.01255136282
219547	0.003332785065
219548	0.005528364721
219549	0.003968264202
219550	0.00174010776
219551	0.001665158065
219552	0.001108401998
219553	0.00379063225
219554	0.002854609139
219555	0.001609053376
219556	0.0002224925562
219557	0.005414648319
219558	0.001678372146
219559	0.001160005966
219560	0.003423028934
219561	0.001569785655
219562	0.001716661004
219563	0.0001872580715
219564	0.001347754348
219565	0.001962117478
219566	0.0008435344841
219567	0.0007742548966
219568	0.002352373859
219569	0.001285271926
219570	0.002432702517
219571	0.001408909161
219572	0.0005387633978
219573	0.0003619626447
219574	0.001223957137
219575	0.00166620496
219576	0.003539712843
219577	0.001115388174
219578	0.001903354257
219579	0.0009071099346
219580	0.001459329699
219581	0.004648004172
219582	2.284971644e-05
219583	0.009522448237
219584	0.006004412753
219585	0.001077063823
219586	0.003745466797
219587	0.002827825743
219588	2.221279021e-05
219589	0.004067937353
219590	0.0030049558
219591	0.0001079027021
219592	0.002932443838
219593	0.001405888206
219594	0.001748831472
219595	0.006654047924
219596	0.01001568075
219597	0.01069686653
219598	0.01093485252
219599	0.00298137495
219600	0.00395520245
219601	0.006217936502
219602	0.009022673382
219603	0.0053076181
219604	0.006120483985
219605	0.01075767352
219606	0.005174868514
219607	0.001463007458
219608	0.008886511196
219609	0.009762678977
219610	0.005060405788
219611	0.01004237808
219612	0.01003998457
219613	0.006958765316
219614	0.008192331714
219615	0.008624828225
219616	0.009192603973
219617	0.009933042676
219618	0.008727260195
219619	0.01243700826
219620	0.007538392167
219621	0.005996795762
219622	0.008876373649
219623	0.009295953353
219624	0.00649529363
219625	0.009931358664
219626	0.007335609962
219627	0.01101478494
219628	0.01009588143
219629	0.004679477294
219630	0.008483425505
219631	0.007801068362
219632	0.009324930303
219633	0.009788058061
219634	0.009072002567
219635	0.008480695099
219636	0.009548366479
219637	0.009111761399
219638	0.009445376616
219639	0.008393646042
219640	0.008599236961
219641	0.005743362281
219642	0.00858445167
219643	0.008172299596
219644	0.009400223638
219645	0.008691273354
219646	0.009396851612
219647	0.01162973131
219648	0.008494597926
219649	0.01033649902
219650	0.009169710949
219651	0.008762828795
219652	0.009888487
219653	0.005047760405
219654	0.01268524347
219655	0.008826863884
219656	0.008255433868
219657	0.005314585788
219658	0.01100091208
219659	0.01007148112
219660	0.007891584416
219661	0.007932006735
219662	0.008195215721
219663	0.006922050077
219664	0.00860245907
219665	0.008962289053
219666	0.008795403062
219667	0.008288187592
219668	0.005928882861
219669	0.008392999936
219670	0.008968640261
219671	0.01074951491
219672	0.00676652028
219673	0.007350451425
219674	0.005481382525
219675	0.0002219805997
219676	0.0001470559841
219677	0.0007537040814
219678	0.001605866506
219679	0.001587936663
219680	0.0002847937471
219681	0.0004297610304
219682	0.001772428795
219683	0.0001933490843
219684	0.00236099991
219685	0.0001899823028
219686	0.0007215666157
219687	0.0008841543808
219688	0.003298653517
219689	0.002824773389
219690	0.001564578911
219691	0.002657639313
219692	0.003808294877
219693	0.001058723752
219694	0.000309470578
219695	0.0002530215457
219696	0.001741790856
219697	0.003217534056
219698	0.003625457191
219699	0.001669420542
219700	0.003531488787
219701	0.004081269075
219702	0.0008618760534
219703	2.160304467e-05
219704	0.000998911468
219705	4.282551405e-05
219706	0.0005540740219
219707	0.006011347556
219708	0.001466586297
219709	0.0007524129885
219710	0.006908112824
219711	0.003346765749
219712	0.0007891907594
219713	0.002496999718
219714	0.0026922057
219715	0.005586515659
219716	0.00640749026
219717	0.0039421318
219718	0.003079389937
219719	0.003662499816
219720	0.004495667319
219721	0.004003364239
219722	0.00788512974
219723	0.003618125609
219724	0.004276656679
219725	0.006151955071
219726	0.001065817584
219727	0.0008812024788
219728	0.009881671489
219729	0.005450444905
219730	0.004417787653
219731	0.004893966717
219732	0.002788260026
219733	0.0004484877958
219734	0.002053817174
219735	0.0026128303
219736	0.00239833952
219737	0.002383421205
219738	0.00177452057
219739	0.0008242179114
219740	0.004924471549
219741	0.002394180182
219742	0.004263000132
219743	0.001875347627
219744	0.002597886044
219745	0.002334238959
219746	0.004709422573
219747	0.0006490376519
219748	0.000346858655
219749	0.0006320541936
219750	0.0005364901985
219751	0.000137138433
219752	9.196095472e-06
219753	0.001593023494
219754	0.003952527761
219755	0.0001322018761
219756	0.0005072723372
219757	0.0001075409527
219758	0.0005569611001
219759	3.820141729e-05
219760	0.002459937588
219761	0.004939396363
219762	0.001772753531
219763	0.0007136415442
219764	0.003283106541
219765	0.009484649135
219766	0.003476594113
219767	0.0008455439488
219768	0.001253461211
219769	0.004718623955
219770	0.0004475763925
219771	0.0008210148627
219772	0.006261814433
219773	0.01102436106
219774	0.006365993273
219775	0.001362251737
219776	0.00100041149
219777	0.001656065822
219778	0.001443860139
219779	0.001473558339
219780	0.002628566096
219781	0.0006730119328
219782	0.0008748244861
219783	0.002270742647
219784	0.001288000383
219785	0.002472961804
219786	0.0004381911167
219787	0.001348422578
219788	0.001344320985
219789	0.0002123183858
219790	0.003498381846
219791	0.002221052825
219792	0.001512310421
219793	0.001681169901
219794	0.000154669821
219795	2.708330293e-05
219796	0.0006900686852
219797	0.003492300819
219798	0.007623411062
219799	0.001069976682
219800	0.001620889705
219801	0.004677453979
219802	0.0007466072891
219803	0.003039745703
219804	0.0002534319568
219805	0.001981496899
219806	0.00323873857
219807	0.007602062611
219808	0.0004328643584
219809	0.003309934309
219810	0.0002394185499
219811	0.0001563440448
219812	0.005164358156
219813	0.003604351804
219814	0.002785364594
219815	0.01128585763
219816	0.002963496212
219817	0.002593935225
219818	0.002551666725
219819	0.006225680832
219820	0.005348281053
219821	0.004475377194
219822	0.002039875778
219823	0.002303499494
219824	0.001335269723
219825	0.001048579113
219826	0.002873863026
219827	0.002804327769
219828	0.003215303512
219829	0.003308684465
219830	0.002728855598
219831	0.002828400131
219832	0.002573233597
219833	0.003440076427
219834	0.003017153672
219835	0.00429394753
219836	0.003090285722
219837	0.004733298539
219838	0.003288373978
219839	0.003856695765
219840	0.004684831096
219841	0.003515498696
219842	0.002801074145
219843	0.004287940102
219844	0.001365055456
219845	0.002252523144
219846	0.00228144264
219847	0.0006965822625
219848	0.0048296334
219849	0.004026973615
219850	0.0010781744
219851	0.0007697732121
219852	0.002762774853
219853	0.003953747986
219854	0.002977777318
219855	0.003056754639
219856	0.001709593956
219857	0.001199614615
219858	0.008260624735
219859	0.01175280486
219860	0.007386814385
219861	0.006421695413
219862	0.008520589611
219863	0.01048100936
219864	0.00977054943
219865	0.003977320501
219866	0.01010258359
219867	0.008925474532
219868	0.008287107675
219869	0.009098251278
219870	0.009533101566
219871	0.009558080307
219872	0.009873405763
219873	0.004245144547
219874	0.003951418444
219875	0.0003234673621
219876	0.009146379872
219877	0.00493662826
219878	0.01082725031
219879	0.00897121368
219880	0.009221542421
219881	0.003444162699
219882	9.862327646e-06
219883	0.006293667766
219884	0.00947993862
219885	0.007806613854
219886	0.008325919005
219887	0.00621943772
219888	0.003379130575
219889	0.007903541361
219890	0.009335869136
219891	0.01016937153
219892	0.009551243809
219893	0.007454623477
219894	0.007402741491
219895	0.008846954241
219896	0.008250395528
219897	0.009762281416
219898	0.009294725191
219899	0.00643795135
219900	0.004843098328
219901	0.003848940641
219902	0.00280831952
219903	0.003967454758
219904	0.004681385897
219905	0.004854989855
219906	0.003972067572
219907	0.004817176691
219908	0.003341207565
219909	0.004817533268
219910	0.006245881791
219911	0.002058407281
219912	0.001354401972
219913	0.003636860846
219914	0.004454308777
219915	0.004788912673
219916	0.005305732103
219917	0.004100563265
219918	0.004051957367
219919	0.003441866853
219920	0.001054159523
219921	0.004146884321
219922	0.002244840815
219923	0.008043137048
219924	0.004193204587
219925	0.002649177533
219926	0.008971129254
219927	0.005372104237
219928	0.004619073689
219929	0.003515878571
219930	0.003892682283
219931	0.00384531528
219932	0.002731656874
219933	0.003653892699
219934	0.002136151672
219935	0.003193988555
219936	0.003918121874
219937	0.004603403876
219938	0.003619836859
219939	0.00390879545
219940	0.0007498028159
219941	0.003547898988
219942	0.003455928487
219943	0.004329674172
219944	0.003746202524
219945	0.004614449132
219946	0.006515184002
219947	0.007895055125
219948	0.001525188594
219949	0.0002293992072
219950	0.005596658301
219951	0.003447779977
219952	0.004841125806
219953	0.006585703852
219954	0.007978010779
219955	0.005726106106
219956	0.004152919326
219957	0.006495848822
219958	0.004924451965
219959	0.007783719275
219960	0.007683145354
219961	0.001671698728
219962	0.002220930067
219963	0.002428343212
219964	0.005892416232
219965	0.006604488229
219966	0.003344121955
219967	0.003494839985
219968	0.005728900904
219969	0.001568457307
219970	0.001079690249
219971	0.005721347269
219972	0.005539505113
219973	0.005210676923
219974	0.004461841721
219975	0.00276628781
219976	0.004466917389
219977	0.001102220894
219978	0.001176088859
219979	0.004135104293
219980	0.004683081025
219981	0.003324036278
219982	0.001811361152
219983	0.002271232289
219984	0.00547816636
219985	0.005464091737
219986	0.006021288625
219987	0.002871461269
219988	0.005629872529
219989	0.003645349339
219990	0.003184585647
219991	0.003550713677
219992	0.007776945677
219993	0.007489663867
219994	0.0002750413686
219995	0.002200851865
219996	0.006214313015
219997	0.003811816551
219998	0.008773173794
219999	0.00328682025
220000	0.005025391972
220001	0.007102903995
220002	0.002446136881
220003	0.003655811007
220004	0.004413883956
220005	0.004908153185
220006	0.00446304069
220007	0.006466163892
220008	0.005149696106
220009	0.004506538029
220010	0.008424420165
220011	0.005897748208
220012	0.006385627253
220013	0.01038423223
220014	0.005028846629
220015	0.003198345194
220016	0.004084493233
220017	0.003931423399
220018	0.0007828986709
220019	0.002231706079
220020	0.000730357517
220021	0.005107953854
220022	0.006457009649
220023	0.007007238009
220024	0.002291700954
220025	0.0006996022552
220026	0.00956965401
220027	0.007356525414
220028	0.005010348425
220029	0.004699651471
220030	0.001357599665
220031	0.003728398326
220032	0.005201429597
220033	0.002313979012
220034	0.005108734561
220035	0.001910427267
220036	0.005396733086
220037	0.002503240825
220038	0.002334566903
220039	0.003980245477
220040	0.009429808731
220041	0.001379722422
220042	0.002268690801
220043	0.004004395869
220044	0.007757292942
220045	0.001282540669
220046	0.00564145377
220047	0.005368804096
220048	0.00518111697
220049	0.006561666016
220050	0.004244483432
220051	0.0043054629
220052	0.002052581113
220053	0.00371865731
220054	0.003380303155
220055	0.0007506418637
220056	0.005769575863
220057	0.006276661552
220058	0.005857565663
220059	0.001880741769
220060	0.002204363361
220061	0.0011710608
220062	0.001030964764
220063	0.003369966297
220064	0.003902140895
220065	0.006983774283
220066	0.007774978267
220067	0.005204349559
220068	0.002507469919
220069	0.002726417643
220070	0.00221450873
220071	0.001471227582
220072	0.004019174805
220073	0.01258260635
220074	0.01119638123
220075	0.01264331658
220076	0.008047949323
220077	0.008411243315
220078	0.008429977711
220079	0.0125311727
220080	0.008799895614
220081	0.01001825482
220082	0.01212549322
220083	0.0117003623
220084	0.01253329617
220085	0.01559358088
220086	0.01300351295
220087	0.009901526793
220088	0.01027515249
220089	0.01171082963
220090	0.01264613069
220091	0.01218772417
220092	0.01278067375
220093	0.01389549229
220094	0.01252403365
220095	0.01161805353
220096	0.01437350562
220097	0.01342447152
220098	0.01660412243
220099	0.0124120171
220100	0.01117123901
220101	0.01396171807
220102	0.009497638853
220103	0.0128781138
220104	0.01374188183
220105	0.01527014747
220106	0.01311793863
220107	0.01442373995
220108	0.01367486662
220109	0.01228933527
220110	0.009981194796
220111	0.0111842896
220112	0.01264113039
220113	0.001743634336
220114	0.001663199985
220115	0.0007725972452
220116	0.004786961061
220117	0.0004896825812
220118	0.003514882802
220119	0.0005029021773
220120	0.006691171577
220121	0.001256039931
220122	0.007523194775
220123	0.003917147061
220124	0.003768486259
220125	0.001511915017
220126	0.003364994432
220127	0.001411734066
220128	0.001869028741
220129	0.0002763298563
220130	0.0002879708995
220131	0.008405612166
220132	0.001419194271
220133	0.0008406581476
220134	0.0004755787425
220135	0.005445892162
220136	0.005368347916
220137	0.009573625411
220138	0.005166578493
220139	0.001460169183
220140	0.001142461203
220141	0.0009736279706
220142	0.002271492182
220143	0.0004788463638
220144	0.0006111518043
220145	0.002152736109
220146	0.0002384442796
220147	0.001517249747
220148	0.009819743783
220149	4.950422868e-05
220150	0.002959227767
220151	0.0008456518703
220152	0.004448698082
220153	0.005213885432
220154	0.005143633985
220155	0.001012841057
220156	0.002547050295
220157	0.002922278453
220158	0.01382261948
220159	0.006022383122
220160	0.001746425704
220161	0.001300550531
220162	0.002468943504
220163	0.001439161979
220164	0.00263306513
220165	0.008115141162
220166	0.003540342463
220167	0.0050016615
220168	0.0009108075638
220169	0.001336863621
220170	0.003741907949
220171	0.005762876631
220172	0.005953529204
220173	0.0010415149
220174	0.01208129207
220175	0.006305338702
220176	0.01245460457
220177	0.009497685146
220178	0.009297669023
220179	0.01276192515
220180	0.011136196
220181	0.002885363087
220182	0.01265168418
220183	0.01096399136
220184	0.01110706587
220185	0.01275725746
220186	0.009194839504
220187	0.01174987606
220188	0.01622127811
220189	0.005989475053
220190	0.01148179487
220191	0.01227707975
220192	0.01172649792
220193	0.003751434408
220194	2.89989478e-05
220195	0.009764734639
220196	0.01528805109
220197	0.01258536969
220198	0.01039322537
220199	0.01076057195
220200	0.01139057861
220201	0.009467244243
220202	0.01162819344
220203	0.01145251199
220204	0.0119240614
220205	0.008255857586
220206	0.002620672567
220207	0.01122707283
220208	0.009558529478
220209	0.01159670084
220210	0.01135766815
220211	0.01045713588
220212	0.01247534601
220213	0.01162784789
220214	0.01139184546
220215	0.002547663845
220216	0.008161487925
220217	0.008878766853
220218	0.009609496663
220219	0.002164274317
220220	0.00309964107
220221	0.001672911752
220222	0.001953961008
220223	0.003141861415
220224	0.004182280067
220225	0.002239364272
220226	0.002266468215
220227	0.0007864939667
220228	0.000349822539
220229	0.002718651792
220230	0.005749065245
220231	0.002888064939
220232	0.002636685839
220233	0.006941367583
220234	0.0008709990712
220235	0.0007489031572
220236	0.0002695447817
220237	0.002680727117
220238	0.002551401909
220239	0.002057910112
220240	0.002985917071
220241	0.003389757803
220242	0.00230722542
220243	0.004451783017
220244	0.003820264477
220245	0.002307062352
220246	0.0035089893
220247	0.000302803273
220248	0.002490548272
220249	0.0006739639958
220250	0.002323523627
220251	0.001892535768
220252	0.0002551988551
220253	0.001449327885
220254	0.005652613833
220255	0.002844324522
220256	0.0005688374891
220257	0.002033479144
220258	0.005141706099
220259	0.002497627198
220260	0.003734412993
220261	0.002567088971
220262	0.01331289002
220263	0.00586079584
220264	0.003740196665
220265	0.0001493380312
220266	0.001925904665
220267	0.002262605221
220268	0.001599653998
220269	0.00156242792
220270	0.004109081667
220271	0.001830668688
220272	0.00625286405
220273	0.0057361974
220274	0.005384585323
220275	0.002678469467
220276	0.001883656757
220277	0.003978093506
220278	0.0007874895203
220279	0.001287928201
220280	0.002453177878
220281	0.003390561285
220282	0.00182517939
220283	0.003397514762
220284	0.0005030628446
220285	0.004451826187
220286	0.0004549844078
220287	0.003212911297
220288	0.003155277066
220289	0.001969237627
220290	0.0007083920216
220291	0.00419122149
220292	0.005726635655
220293	0.003763125096
220294	0.005727334337
220295	0.004971246046
220296	0.004211464846
220297	0.00439860334
220298	0.005853891115
220299	0.003927432819
220300	0.005113621512
220301	0.003082218717
220302	0.005797310279
220303	0.00575349639
220304	0.005638833286
220305	0.002620369
220306	0.003829912141
220307	0.004293805732
220308	0.002917686619
220309	0.003142038049
220310	0.004904294166
220311	0.004311435657
220312	0.003866005599
220313	0.00370937784
220314	0.003821023127
220315	0.006269325387
220316	0.004110041619
220317	0.003877518073
220318	0.004996340122
220319	0.0009023724971
220320	0.005200801046
220321	0.003120753097
220322	0.0005134608679
220323	0.007559537832
220324	0.006278362902
220325	0.008986506843
220326	0.004937971048
220327	0.002348342915
220328	0.005578308544
220329	0.004073098924
220330	0.003811248035
220331	0.005586290525
220332	0.005028236943
220333	0.00455287456
220334	0.000121389144
220335	0.00376871783
220336	0.002748393122
220337	0.005608332009
220338	0.002957109318
220339	0.004150012395
220340	0.009675616839
220341	0.001056339671
220342	0.001274322514
220343	0.0008888019732
220344	0.003581088529
220345	0.003320556278
220346	0.004509044069
220347	0.003953237945
220348	0.005094613839
220349	0.004005967316
220350	0.006882965894
220351	0.007935069518
220352	0.004002984891
220353	0.0009585348495
220354	0.004198545983
220355	0.00300968869
220356	0.003769723721
220357	0.004976482234
220358	0.001972247481
220359	0.009769943914
220360	0.009432637063
220361	0.007089667205
220362	0.0122197654
220363	0.008852535382
220364	0.007818981959
220365	0.009999916224
220366	0.008964585442
220367	0.008734928934
220368	0.009975445673
220369	0.01260108553
220370	0.01058511953
220371	0.01341717792
220372	0.01114118803
220373	0.008429928649
220374	0.003912751405
220375	0.00971732068
220376	0.006170126116
220377	0.002826478444
220378	0.001036107361
220379	0.0005276618507
220380	0.003115591262
220381	0.003229936284
220382	0.003261664835
220383	0.002838938194
220384	0.004843054534
220385	0.003756252759
220386	0.002739866211
220387	0.002238877644
220388	0.005212276227
220389	0.0009982047287
220390	0.005237485593
220391	0.002670694168
220392	0.003059083238
220393	0.001159136039
220394	0.001159845659
220395	0.0011413293
220396	0.005708244283
220397	0.002133790315
220398	0.0006190221014
220399	0.002251057172
220400	0.003773682595
220401	0.00273204056
220402	0.004583552233
220403	0.002944576776
220404	0.002747011618
220405	0.0001448801267
220406	0.001216666267
220407	0.00278884353
220408	0.002865878363
220409	0.00606887537
220410	0.003320692018
220411	0.003549307101
220412	0.002161000107
220413	0.001662276639
220414	0.004000205662
220415	0.001773549942
220416	0.0004249131988
220417	0.005039042762
220418	0.002800899586
220419	1.253783501e-06
220420	0.00258634179
220421	0.003421333241
220422	0.004192109401
220423	0.004875063451
220424	0.004018892934
220425	0.003555899607
220426	0.003310745084
220427	0.0005388101015
220428	0.0004442149578
220429	0.003765403573
220430	0.003851876303
220431	0.002698805916
220432	0.00770681178
220433	0.004035667005
220434	0.004387618684
220435	0.003449540174
220436	0.004479140691
220437	0.004482620985
220438	0.004905255639
220439	0.004258689151
220440	0.001229371365
220441	0.002027530491
220442	0.002705372297
220443	0.003526214744
220444	0.004151900117
220445	0.005902003766
220446	0.005503356472
220447	0.00902510624
220448	0.007565753188
220449	0.0008745631749
220450	0.006345544076
220451	0.0008886447672
220452	6.952755269e-05
220453	0.001046003375
220454	0.002797255376
220455	0.004628205979
220456	0.00299548065
220457	0.005081501821
220458	0.004635722233
220459	0.01656667956
220460	0.006976530968
220461	0.003761109887
220462	0.0006653838739
220463	0.0006837926821
220464	0.0009081620556
220465	0.005123883662
220466	0.001289315138
220467	0.002443706514
220468	0.001082099971
220469	0.003388931964
220470	0.00423637101
220471	0.00493852021
220472	0.005183655643
220473	0.002973672419
220474	0.004356978132
220475	0.009803084404
220476	0.004966895869
220477	0.002788321722
220478	0.002783713832
220479	0.002556906741
220480	0.003170537622
220481	0.003154775935
220482	0.003064292121
220483	0.005137516061
220484	0.001943264461
220485	0.002214979114
220486	0.0004517300925
220487	0.003604573261
220488	0.0004036460894
220489	0.01147227459
220490	0.01173397104
220491	0.01424199588
220492	0.003388083429
220493	0.009897807861
220494	0.002604880287
220495	0.001451089817
220496	0.002135424408
220497	0.002263754556
220498	0.00390871564
220499	0.003820655665
220500	0.00250329419
220501	0.001449020696
220502	0.0003027330603
220503	0.004198713425
220504	0.002951744133
220505	0.004601556265
220506	0.001919406099
220507	0.00210500211
220508	0.0003119358772
220509	0.002575060521
220510	0.003154885692
220511	0.002461626401
220512	0.002730281811
220513	0.002667594572
220514	0.002073191759
220515	0.003128458889
220516	0.003030683067
220517	1.640892355e-05
220518	0.001201262104
220519	0.00308625492
220520	0.001432607321
220521	0.004289737773
220522	0.003345443128
220523	0.002772483274
220524	0.001104281749
220525	0.005077550059
220526	0.001565136832
220527	0.002315460933
220528	0.004287610508
220529	0.00577569609
220530	0.005172531185
220531	0.005910925672
220532	0.002779688172
220533	0.002737050418
220534	0.008916571253
220535	0.0007765802835
220536	0.00722485558
220537	0.002976747672
220538	0.001360260365
220539	0.0008368714765
220540	0.004016554646
220541	0.001682268323
220542	0.01350716936
220543	0.000517631941
220544	0.002725789648
220545	0.001531881387
220546	0.003464801258
220547	0.0006010633116
220548	0.001650606707
220549	0.002724666631
220550	0.002008597508
220551	0.0005408178731
220552	0.004241499064
220553	0.001204082543
220554	0.006336343979
220555	0.0005241820776
220556	0.006746551167
220557	0.006075364476
220558	0.008927971422
220559	0.006167715848
220560	0.004208891289
220561	0.004065401958
220562	0.005059119855
220563	0.002498063554
220564	0.005603100104
220565	0.005663348712
220566	0.00492692105
220567	0.007285958885
220568	0.004832519159
220569	0.002216316889
220570	0.007758373288
220571	0.001225811557
220572	0.003360602525
220573	0.002374194656
220574	0.004691726067
220575	0.0005942910163
220576	0.0002894814196
220577	0.002848397582
220578	0.003070674594
220579	0.007631806042
220580	0.005207797137
220581	0.009620838694
220582	0.003403600383
220583	0.001067875901
220584	0.009235520166
220585	0.005270313632
220586	0.001799497686
220587	0.005438179587
220588	0.006200383506
220589	0.006358913726
220590	0.00162954245
220591	0.007137374641
220592	0.004699130736
220593	0.006469042939
220594	0.000682988482
220595	0.005722760473
220596	0.007994152069
220597	0.001127883504
220598	0.003465594799
220599	0.002856445644
220600	0.007118758879
220601	0.005066706814
220602	7.235817189e-05
220603	0.005698765791
220604	0.007373637483
220605	0.008992601207
220606	0.007901873408
220607	0.006634856576
220608	0.003513061422
220609	0.005652293073
220610	0.0064197389
220611	0.007521092025
220612	0.0007696662724
220613	0.001317505664
220614	0.0006482950642
220615	0.001163804827
220616	0.001210887679
220617	0.0007622098298
220618	0.00710573546
220619	0.000980983038
220620	0.002094786705
220621	0.00119979675
220622	0.00122599552
220623	0.001505845351
220624	0.0005785555221
220625	0.0006170016863
220626	0.002871576734
220627	0.001440913991
220628	0.0008915861471
220629	0.0007502981117
220630	0.001587128523
220631	0.001147713357
220632	0.001189580206
220633	0.001647320847
220634	0.001187231837
220635	0.00060314743
220636	0.0009654624475
220637	0.001417144211
220638	0.002143571737
220639	0.001077768217
220640	0.000605282818
220641	0.0001276554271
220642	0.0006242534499
220643	0.0004385584218
220644	0.0009892752631
220645	8.823454163e-05
220646	0.001113969059
220647	0.001083023632
220648	0.0008571908824
220649	0.004092273173
220650	0.001142268325
220651	0.0009158779787
220652	0.001809944887
220653	0.0008451882535
220654	0.0002444357235
220655	0.0001347148294
220656	0.002354053585
220657	0.001187804373
220658	0.002371429237
220659	0.001380057672
220660	0.001301340865
220661	0.00148953571
220662	0.001164897038
220663	0.001342847243
220664	0.001374725998
220665	0.001476621419
220666	0.001914199635
220667	0.004930424095
220668	0.001318522441
220669	0.001032240986
220670	0.0009208971417
220671	0.0002973585715
220672	0.0002684799341
220673	0.001420473097
220674	0.006106936774
220675	0.0005232601857
220676	0.001910245413
220677	0.00176501104
220678	2.850563633e-05
220679	0.005765888239
220680	0.0001953227449
220681	0.0008974092871
220682	0.0002383098642
220683	0.002539736305
220684	0.001379519466
220685	0.001630914775
220686	0.004730831854
220687	0.004532331554
220688	0.003244506152
220689	0.009316535907
220690	0.000333196703
220691	0.0009039115059
220692	0.0004644651397
220693	0.005092573927
220694	0.0005215914762
220695	0.001767554654
220696	0.002177959267
220697	0.0003881432557
220698	0.0002892562654
220699	0.0006913397631
220700	5.820840561e-05
220701	0.0005433219548
220702	0.0003566136867
220703	0.001290995514
220704	0.003942597705
220705	0.002959187336
220706	0.002683477709
220707	0.002798596147
220708	0.01050369591
220709	0.003559350813
220710	0.0001820678675
220711	0.000939203301
220712	0.002626584803
220713	0.002408080181
220714	0.002433625455
220715	0.006028383331
220716	0.002502892295
220717	0.0004409080379
220718	0.003708962075
220719	8.196715899e-07
220720	0.00162213293
220721	0.0001842545762
220722	0.003155505871
220723	0.002532193265
220724	0.001375046364
220725	0.001452964657
220726	0.005378829103
220727	0.0002643857621
220728	0.0002968211367
220729	0.0006289844368
220730	0.00163534671
220731	0.004300620815
220732	0.000614012065
220733	0.001882510329
220734	0.0002646692363
220735	0.004510421581
220736	0.00640289094
220737	0.00140461801
220738	0.003106959478
220739	0.002361006181
220740	0.004233303865
220741	0.0006354935357
220742	0.001117474313
220743	0.0008528779662
220744	0.00177418955
220745	0.001973777079
220746	6.463080841e-05
220747	0.01418876972
220748	0.006383978262
220749	0.00134299815
220750	0.001104116836
220751	0.001573333997
220752	0.0004348819571
220753	0.003291656934
220754	0.003753523219
220755	0.001303870187
220756	0.004046432577
220757	0.001454574833
220758	0.002765595527
220759	0.001690116358
220760	0.001906291183
220761	0.005941462
220762	0.001721792057
220763	0.003184357028
220764	0.002700907681
220765	0.0007433555408
220766	0.004233282169
220767	0.001560816727
220768	0.001729844663
220769	0.00169865695
220770	0.0009267903515
220771	0.002085261666
220772	0.0004629153669
220773	0.007269917545
220774	0.001757311078
220775	0.001390131513
220776	5.035377499e-05
220777	0.002904382166
220778	0.0004218098273
220779	0.01330365007
220780	0.0004847788204
220781	0.001379377773
220782	0.0008528404479
220783	0.002020823932
220784	0.0111953609
220785	0.0004151063008
220786	0.005694839762
220787	0.0007248663174
220788	0.001436964029
220789	0.002117523948
220790	0.005540954564
220791	0.0004120457544
220792	0.0003684454599
220793	0.002697015042
220794	0.005288068072
220795	0.001185148657
220796	0.002186664206
220797	0.005998814876
220798	0.004003450803
220799	0.002091400649
220800	0.0002318601259
220801	0.001746744583
220802	0.004177860725
220803	0.005914484608
220804	0.005502508139
220805	0.001463203304
220806	0.004018693572
220807	0.001382161798
220808	0.0002854347594
220809	0.003564820992
220810	0.0028457143
220811	0.007710072567
220812	0.001366500305
220813	0.00149462172
220814	0.01063842664
220815	0.000847907087
220816	0.001804714224
220817	0.0003742222811
220818	0.0007785860038
220819	0.00101604156
220820	7.307649054e-05
220821	0.0006991631031
220822	0.002174194043
220823	0.00169971185
220824	0.001285843423
220825	0.001726824031
220826	0.001104656052
220827	0.001494145901
220828	0.01044657519
220829	0.002081699175
220830	0.002670377747
220831	0.001408852934
220832	0.002096364616
220833	0.001375123023
220834	0.002139334933
220835	0.003666459603
220836	0.0009451308199
220837	0.002504378005
220838	0.002106512852
220839	0.00209211622
220840	0.006967731258
220841	0.004276360115
220842	0.001935771929
220843	0.006412723332
220844	0.00459356672
220845	0.002794982215
220846	0.0042729072
220847	0.008216144809
220848	0.002982269568
220849	0.004573089899
220850	0.005414798735
220851	0.004033607298
220852	0.004418796176
220853	0.007628746086
220854	0.0006232027093
220855	0.001056638518
220856	0.004334200171
220857	0.003620265974
220858	0.005887911773
220859	0.004983495867
220860	0.002142971551
220861	0.0004691120923
220862	0.003661511847
220863	0.005311447116
220864	0.007823017693
220865	0.003348952932
220866	0.003665510193
220867	0.003342344139
220868	0.006916109989
220869	0.0004826055464
220870	5.263740893e-06
220871	0.005898215645
220872	0.004671986098
220873	0.004033576076
220874	0.003921000148
220875	0.002812866797
220876	0.002536508844
220877	0.003027702467
220878	0.003601803726
220879	0.003794078624
220880	0.004732650531
220881	0.004118350556
220882	0.005764766116
220883	0.005469196592
220884	0.006127040072
220885	0.004418299578
220886	0.002138382617
220887	0.0008884362149
220888	0.003814326121
220889	0.003655165437
220890	0.01365714789
220891	0.001989159497
220892	0.00151505426
220893	0.004927285266
220894	0.006025856056
220895	0.01131416732
220896	0.008394401252
220897	0.008453295327
220898	0.003356793649
220899	0.001763003997
220900	0.006554490518
220901	0.002884170137
220902	0.005586157708
220903	0.002942171885
220904	1.433640878e-05
220905	0.001326568827
220906	8.155712393e-05
220907	0.005447713431
220908	0.001121255975
220909	0.003168853741
220910	0.009213399704
220911	0.003120517327
220912	0.003751875984
220913	0.005802129711
220914	0.0006833336837
220915	0.0005732772145
220916	0.002039444569
220917	0.002441324831
220918	0.00221916764
220919	0.001248123272
220920	0.003210005982
220921	0.004637235298
220922	0.003782219046
220923	0.002717942794
220924	0.002911071747
220925	0.01088376991
220926	0.007615379218
220927	0.008181075527
220928	0.006560332612
220929	0.002558234032
220930	0.002521717669
220931	0.00310007838
220932	0.00626288858
220933	0.0003783062265
220934	0.005792830141
220935	0.0003882670293
220936	0.00142298912
220937	0.005895876721
220938	0.004799694146
220939	0.002171801077
220940	0.003188944869
220941	0.002287609482
220942	0.001253726123
220943	0.001648774325
220944	0.0003445130416
220945	0.00630980022
220946	0.007467793244
220947	0.01548109875
220948	2.566587175e-05
220949	0.001332838047
220950	0.00792721133
220951	0.005918434492
220952	0.004947663079
220953	0.002592517551
220954	0.007560808462
220955	0.0008109784277
220956	0.004747838741
220957	0.00906798955
220958	0.006612573157
220959	0.000334110092
220960	0.005738022839
220961	0.01411159592
220962	0.0001675678956
220963	0.005184253036
220964	0.00111336941
220965	0.0003002402097
220966	0.002163179827
220967	0.003793490177
220968	0.00615196163
220969	0.01193209337
220970	0.0130036145
220971	0.002358428132
220972	0.009869140132
220973	0.001790540771
220974	0.003214423778
220975	0.009267267332
220976	0.001455845415
220977	0.01186686117
220978	0.009132756729
220979	0.007234395753
220980	0.004499148167
220981	0.0008025826297
220982	0.0010850111
220983	0.008561386328
220984	0.000794637641
220985	0.0003669473142
220986	0.0007947857056
220987	0.002504454538
220988	0.003153066738
220989	0.0070102547
220990	0.005370486256
220991	0.004382638819
220992	0.002798159777
220993	0.001281705481
220994	3.540147307e-05
220995	0.001177429148
220996	0.00219853548
220997	0.006449298382
220998	0.004783346868
220999	0.002109418753
221000	0.001529112529
221001	0.001950223705
221002	0.007761609486
221003	0.009731087402
221004	0.008042146763
221005	0.003703856612
221006	0.007864337892
221007	0.004345021919
221008	0.01459120737
221009	0.005729243268
221010	0.007652322538
221011	0.008826992203
221012	0.003233077323
221013	0.001369555197
221014	0.004791568055
221015	0.003343129693
221016	0.01068707626
221017	0.001448461218
221018	0.01028525396
221019	0.004273701697
221020	0.0005268857376
221021	0.002910472215
221022	0.003171151803
221023	0.001092259199
221024	0.007336303444
221025	0.006617845925
221026	0.005496750432
221027	0.01085895501
221028	0.003331188779
221029	0.0006759943773
221030	0.004840412299
221031	0.00192515514
221032	0.0002873481529
221033	0.003231978749
221034	0.000514376509
221035	0.001789335923
221036	0.003195320402
221037	0.002353343868
221038	0.001326949027
221039	0.002455602505
221040	0.00144903795
221041	0.0007524911013
221042	0.001043318288
221043	0.003625826411
221044	0.0004793023828
221045	0.000391552793
221046	0
221047	0.002743516793
221048	0.00318056298
221049	0.002996650986
221050	0.002406477294
221051	0.003341178981
221052	0.001705160761
221053	0.0003175352734
221054	0.001843849199
221055	0.002624860156
221056	0.0002269419935
221057	0.0005126022962
221058	0.0007179944561
221059	0.0004614769733
221060	0.000259257574
221061	0.000744144364
221062	0.005770436514
221063	0.002401138058
221064	0.00368135092
221065	0.0001513639518
221066	0.002660628125
221067	0.001048791119
221068	5.705487412e-05
221069	0.002839816046
221070	0.005094017894
221071	0.007120287072
221072	0.00607464639
221073	0.0009713556842
221074	0.002082995637
221075	0.002323332602
221076	0.002396054475
221077	0.007989617085
221078	0.000999396998
221079	0.007410796558
221080	0.002435429606
221081	0.005176955832
221082	0.001592488756
221083	0.0009976215672
221084	0.003486124226
221085	0.003439536495
221086	0.002445059779
221087	0.0003992569726
221088	0.006604880813
221089	0.00298637536
221090	0.002289842645
221091	0.003576695178
221092	0.003741225475
221093	0.004545112149
221094	0.000563457496
221095	0.0008960058168
221096	0.00748281564
221097	0.003148343441
221098	0.007681347419
221099	0.004232696478
221100	0.001790985368
221101	0.001224705672
221102	0.001159508556
221103	0.00591401588
221104	0.005934711831
221105	0.006660600735
221106	0.004041176345
221107	0.001048427977
221108	0.006711432658
221109	0.0004704543605
221110	0.006256525637
221111	0.0003141376875
221112	0.0009572586605
221113	0.004888216334
221114	0.006917458887
221115	0.007221208318
221116	0.001587885564
221117	0.00740011296
221118	0.00086771701
221119	0.002346841282
221120	0.002338346336
221121	0.0008944261005
221122	0.0003219744255
221123	0.008643800577
221124	0.005654348342
221125	0.004199326783
221126	0.001924687235
221127	0.008839911391
221128	0.006624420877
221129	0.008438120788
221130	0.003896927776
221131	0.001439942113
221132	0.006764327878
221133	0.009949774392
221134	0.012249575
221135	0.009167583721
221136	0.001360638325
221137	0.00884813243
221138	0.00301667049
221139	0.0102997422
221140	0.0001477174188
221141	0.009268105868
221142	0.008128319274
221143	0.004239703997
221144	0
221145	0.008047273609
221146	0.002336126555
221147	0.0148453403
221148	0.009004378715
221149	0.006191666491
221150	0.0007121880088
221151	0.007336729266
221152	0.00474686923
221153	9.344224064e-05
221154	0.003223918595
221155	0.001560402502
221156	0.009101908609
221157	0.01059862419
221158	0.006419068891
221159	0.013026691
221160	0.000357707931
221161	0.002428829031
221162	0.006860122487
221163	0.01015882248
221164	0.01773954002
221165	0.01076020819
221166	0.01046200678
221167	0.002536119233
221168	0.004365910759
221169	0.01018728567
221170	0.001341164088
221171	0.009479819471
221172	0.01631568765
221173	0.01167016903
221174	0.007428895802
221175	0.01495957381
221176	0.01249728108
221177	0.002504383226
221178	0.005936977491
221179	0.007256743852
221180	0.008084720236
221181	0.000544147776
221182	0.008596463946
221183	0.00902037919
221184	0.004881633405
221185	0.001917968097
221186	0.002495267225
221187	0.002803712945
221188	0.00342464511
221189	0.003739817486
221190	0.008128816383
221191	0.007594037216
221192	0.005660804764
221193	0.0001499690089
221194	0.007422622718
221195	0.009243444039
221196	0.0002186752775
221197	0.009532356546
221198	0.001666714824
221199	0.003284052937
221200	0.006876774584
221201	0.007253169255
221202	0.002797666967
221203	0.0006450132764
221204	0.002077996497
221205	0.008997576879
221206	0.0008408661866
221207	0.0007467150176
221208	0.00338837495
221209	0.005801335485
221210	0.002200877327
221211	0.01144713282
221212	0.003339326544
221213	0.006783363725
221214	0.00676210292
221215	0.001069545508
221216	0.007128813544
221217	0.0004754174148
221218	0.01325103786
221219	0.003343659818
221220	0.006667177658
221221	0.006524042413
221222	0.002646777569
221223	0.009364108387
221224	0.001858628357
221225	0.00658671418
221226	0.0009257743275
221227	0.006525676158
221228	0.00959901355
221229	0.005884023669
221230	0.001818589306
221231	0.007130841115
221232	0.002641085684
221233	0.005110824278
221234	0.001226122882
221235	0.003554269326
221236	0.003841066996
221237	0.003313399201
221238	0.001072320385
221239	0.006721215239
221240	0.007529025995
221241	0.007759249192
221242	0.008924209885
221243	0.004848760473
221244	9.51060803e-05
221245	0.001299761923
221246	6.988119139e-05
221247	0.004880234345
221248	0.00385452306
221249	0.006223148672
221250	3.22432796e-05
221251	0.002700748943
221252	0.007933987964
221253	0.002853817694
221254	0.0009908831466
221255	0.009474134132
221256	0.0006409962088
221257	0.003604731048
221258	0.000328706746
221259	0.002408110598
221260	0.005701087052
221261	0.01071044414
221262	0.004144784862
221263	0.004218337781
221264	5.462368521e-05
221265	0.009657236707
221266	0.004897834378
221267	0.000926126271
221268	0.001338759748
221269	0.001929334652
221270	0.003576441131
221271	0.0002363677323
221272	0.002863141936
221273	0.005810379214
221274	0.003111315413
221275	0.0001174113442
221276	0.005473330581
221277	0.002252567952
221278	0.009878971106
221279	5.591971631e-05
221280	0.003059557297
221281	0.009769191725
221282	0.00612729981
221283	0.0006141411648
221284	0.009658245722
221285	0.004174787865
221286	0.01371276629
221287	0.008383551972
221288	0.0006086013487
221289	0.001948585428
221290	0.002586891478
221291	0.0001438452044
221292	0.00313938157
221293	0.001766190906
221294	0.0007071494945
221295	0.01398931596
221296	0.002032238386
221297	0.0017653571
221298	0.01223290249
221299	0.007032883399
221300	0.0001381661032
221301	0.006141724488
221302	0.002405827381
221303	0.003786878538
221304	0.006164875235
221305	0.001574198395
221306	0.002340834526
221307	0.0003550481243
221308	0.0009646312764
221309	0.01137428407
221310	0.001298099213
221311	0.00248456969
221312	0.01010081065
221313	0.001513597312
221314	0.0005561822048
221315	0.0009214780329
221316	0.003191138774
221317	0.008807171022
221318	0.006966634439
221319	0.006369929551
221320	0.009560199233
221321	0.006044758984
221322	0.004559885758
221323	0.0008330482739
221324	0.002510876982
221325	0.01701009039
221326	0.003825173616
221327	0.00278069977
221328	0.0158900077
221329	0.003293431562
221330	0.0034022598
221331	0.01251667878
221332	0.002024286872
221333	0.004645458359
221334	0.004367968294
221335	0.003145378305
221336	0.01158792442
221337	0.007344146388
221338	0.001301932222
221339	0.001626031447
221340	0.008253391928
221341	0.005368153531
221342	0.007739912366
221343	0.01009663437
221344	0.007034776718
221345	0.009174571337
221346	0.00274005595
221347	0.0004624794552
221348	0.004749289686
221349	0.007903228713
221350	0.005948440443
221351	0.004406813165
221352	0.006289383173
221353	0.00922517808
221354	0.0004489517508
221355	0.01156092773
221356	0.001996144635
221357	0.005369259348
221358	0.005142499142
221359	0.002611289169
221360	0.001114279439
221361	0.003371082224
221362	0.007846765385
221363	0.003123598116
221364	0.001637687524
221365	0.0006153980378
221366	0.003113150777
221367	0.000827886272
221368	0.009906993852
221369	0.000385958102
221370	0.003460764515
221371	0.007224368519
221372	0.007399406578
221373	6.646155555e-05
221374	0.01384083732
221375	0.01813162294
221376	0.006684605863
221377	0.001248568733
221378	0.007406208415
221379	0.001127388498
221380	0.005237597032
221381	0.008308278973
221382	0.001088748883
221383	0.005132853209
221384	0.002142602007
221385	0.005178631228
221386	0.006576032342
221387	0.0105569897
221388	0.01795349868
221389	0.001498020187
221390	0.006683112338
221391	0.006771188768
221392	0.007576753853
221393	0.006975252487
221394	0.006789437391
221395	0.00822769322
221396	0.001040422785
221397	0.001122356631
221398	0.004834291551
221399	0.006939871718
221400	0.00592651642
221401	0.00557173414
221402	0.0009966878622
221403	0.00388980349
221404	0.0001924111344
221405	0.002834066055
221406	0.0250498535
221407	0.002378648219
221408	0.0005086464596
221409	0.003366418014
221410	0.006052986499
221411	0.006321877107
221412	0.00849241141
221413	0.009440766689
221414	0.0007701667795
221415	0.004479125962
221416	0.0008339958834
221417	0.002972576431
221418	0.002694391912
221419	0.001715884017
221420	0.004353161679
221421	0.006328719058
221422	0.001469663576
221423	0.000612699916
221424	0.00447029257
221425	0.010729337
221426	0.004905313921
221427	0.00602752204
221428	0.003139884308
221429	0.001026277255
221430	0.001991861142
221431	0.004666402714
221432	0.005098163377
221433	0.003622612784
221434	0.01187787215
221435	0.003186212629
221436	0.002666996431
221437	0.001298945921
221438	0.01527043411
221439	0.01107119957
221440	0.0003698538445
221441	0.003292888595
221442	0.003717580235
221443	0.01037745124
221444	0.008686983388
221445	0.004842407715
221446	0.002437617584
221447	0.005514161834
221448	0.008757857696
221449	0.005120800506
221450	0.0001434020397
221451	0.004710107552
221452	0.004534007468
221453	0.004341655772
221454	0.002653520357
221455	0.007544109408
221456	0.0006106962777
221457	0.003366772419
221458	0.001947625723
221459	0.0010945952
221460	0.0001138092649
221461	0.001524516221
221462	0.005755293384
221463	0.0003701222639
221464	0.004253867761
221465	0.008031985497
221466	0.004390662559
221467	0.007539346756
221468	0.0001318209866
221469	0.0004159930467
221470	4.78778913e-05
221471	0.01079884937
221472	0.0002916826997
221473	0.004076218665
221474	0.005858158533
221475	0.003374309339
221476	0.005077628736
221477	0.006359559697
221478	0.002756307308
221479	0.0008558706909
221480	0.001970433319
221481	0.009595579503
221482	0.0004671000414
221483	0.002692415738
221484	0.00718824495
221485	6.263034731e-06
221486	0.01067351762
221487	0.008464203877
221488	0.00919927169
221489	0.001526187753
221490	0.001004820183
221491	0.006239237053
221492	0.009436728831
221493	0.0006605848653
221494	0.007170497512
221495	0.007190395152
221496	0.007774891547
221497	0.01610430639
221498	0.008423441959
221499	0.004392772972
221500	0.004101755411
221501	0.006400012212
221502	0.006154365873
221503	0.008725166498
221504	0.008320531726
221505	0.002415875464
221506	0.01158340491
221507	0.006782777888
221508	0.0001463476397
221509	0.004337291721
221510	0.006253016812
221511	0.01163497735
221512	0.005089229535
221513	0.004531240578
221514	0.006789096552
221515	0.007210070263
221516	0.015589812
221517	0.003008934872
221518	0.001816592294
221519	3.988740252e-05
221520	0.00252095515
221521	0.005075187582
221522	0.002577682363
221523	0.001327599866
221524	0.0003145560151
221525	0.008690260955
221526	0.007649325933
221527	0.0007750423497
221528	0.006741777463
221529	0.002179118873
221530	0.005292635288
221531	0.00622325781
221532	0.001467777893
221533	0.00330591828
221534	0.003671068441
221535	0.004384148682
221536	0.002039396463
221537	0.0121124976
221538	0.002580645419
221539	0.007088315576
221540	0.003075537038
221541	0.006521457787
221542	0.004084690347
221543	0.0007672727115
221544	0.01025937591
221545	0.002656124554
221546	0.002107363982
221547	0.00961703805
221548	0.0006063994208
221549	0.003277839935
221550	0.001339111916
221551	0.003469511916
221552	0.008470342938
221553	0.01417830603
221554	0.003443834142
221555	0.003029043584
221556	0.002325171263
221557	0.003129605293
221558	0.008214931106
221559	0.005130418842
221560	0.003390332859
221561	0.001399265879
221562	0.01158614169
221563	0.00177052954
221564	0.007967549566
221565	0.002131479505
221566	0.01337620946
221567	0.003593590074
221568	0.006610225981
221569	0.008471882209
221570	0.00054971702
221571	0.002710581824
221572	0.009057948774
221573	0.006003315584
221574	0.005439953437
221575	0.0002034188548
221576	0.00264355883
221577	0.001037013651
221578	0.004816808758
221579	0.008326819597
221580	0.007517483917
221581	0.004145673825
221582	0.01344939469
221583	0.0007768916796
221584	0.002627396207
221585	0.007215259543
221586	0.0008956041622
221587	0.0007259233325
221588	0.0129166099
221589	0.002481262782
221590	0.0005336837414
221591	0.008821635844
221592	0.004654704128
221593	0.00491704812
221594	0.001246585055
221595	0.0006036680433
221596	0.005407091047
221597	0.0005035881449
221598	0.007388655745
221599	0.006165556894
221600	0.001287520519
221601	0.004476944487
221602	0.003184798221
221603	0.0006662396932
221604	0.003938081542
221605	0.0007668425097
221606	0.003241212284
221607	0.00847687363
221608	0.00673568218
221609	0.001538699394
221610	0.006411424563
221611	0.004369037653
221612	0.000739002022
221613	0.00562688148
221614	0.003950694789
221615	0.0009634811635
221616	0.0009536354044
221617	0.0006674623053
221618	0.00661488029
221619	0.008012701773
221620	0.007097756122
221621	0.003695553067
221622	0.002189141643
221623	0.02194713326
221624	0.0007121771983
221625	0.002231791408
221626	0.0008509971598
221627	0.001636948056
221628	0.00240003988
221629	0.003501812055
221630	0.002143014789
221631	0.006018918549
221632	0.0003895229331
221633	0.007956317931
221634	0.001105404505
221635	0.002056368242
221636	0.00826226066
221637	0.01301339942
221638	0.01035404174
221639	0.008472087621
221640	0.007414090129
221641	0.002536840893
221642	0.0005098398272
221643	0.002417820348
221644	0.0008530837362
221645	0.002097894382
221646	0.01299980475
221647	0.009812724548
221648	0.0001072739668
221649	0.004807376882
221650	0.002757576212
221651	0.001022853771
221652	0.008708968247
221653	0.001373639727
221654	0.002674411141
221655	0.001498315065
221656	0.001234461564
221657	0.0004421057415
221658	0.001914983506
221659	0.001003288306
221660	0.000443481472
221661	0.000896085046
221662	0.0003831982243
221663	0.000369780976
221664	0.001431084909
221665	0.001221778347
221666	0.00152663248
221667	0.001452325452
221668	0.001122545739
221669	0.002312075537
221670	0.0009729448403
221671	0.005358124451
221672	0.00150095672
221673	0.001082072344
221674	0.001072999793
221675	0.001591434507
221676	0.0002286988833
221677	0.0006167350026
221678	0.0001220337433
221679	0.001941585007
221680	0.002211787746
221681	2.229240749e-05
221682	0.001621348472
221683	0.0005364838093
221684	0.001067911755
221685	0.001187441584
221686	0.0003584062078
221687	0.002418788908
221688	0.001266695612
221689	0.0009229666263
221690	0.000756362437
221691	0.0006608411649
221692	0.001095066154
221693	0.0004619312631
221694	0.001409058532
221695	7.882918338e-05
221696	0.0006372215202
221697	0.0007757447186
221698	0.001479661907
221699	0.001011246079
221700	0.008938921494
221701	0.003172314566
221702	0.01329318669
221703	0.0004914046564
221704	0.001831900467
221705	0.00396821982
221706	0.006080615296
221707	4.121477572e-05
221708	0.0010742739
221709	0.001345914101
221710	0.002036063392
221711	0.001900337513
221712	0.0004727466083
221713	0.01095646272
221714	0.007959890461
221715	0.0009246842292
221716	0.01342254749
221717	0.006715062363
221718	0.002516926651
221719	0.003589940713
221720	0.007886329685
221721	0.001200720061
221722	0.000612712585
221723	0.004484723831
221724	0.009747771315
221725	0.007070972243
221726	0.002961780981
221727	0.00329394784
221728	0.001862992681
221729	0.002719141649
221730	0.0129635102
221731	0.0029747477
221732	0.00563809667
221733	0.003011280913
221734	0.0002856507774
221735	0.001499758132
221736	0.007486687065
221737	0.01120429913
221738	0.000478282883
221739	0.005751779448
221740	0.002913808796
221741	0.002778440622
221742	0.003331970777
221743	0.005186963328
221744	0.00463596293
221745	0.002181194923
221746	0.0002771106429
221747	0.00657563034
221748	0.01333418351
221749	0.001641969928
221750	0.003576533174
221751	0.01504720907
221752	0.002287575007
221753	0.006837928685
221754	0.002161250683
221755	0.008057131621
221756	0.007694776914
221757	0.001177477128
221758	0.006278377632
221759	0.005556434277
221760	0.01463123387
221761	0.008775472779
221762	0.003918215743
221763	0.007240014147
221764	0.01249653724
221765	0.003496520899
221766	0.0005610500491
221767	0.009479940458
221768	0.002008093403
221769	0.002045921929
221770	0.02289516563
221771	0.007799064454
221772	0.01805449482
221773	0.002178885055
221774	0.005646087531
221775	0.0004242896831
221776	0.003966974791
221777	0.003072294207
221778	0.008339103242
221779	0.0002346574908
221780	0.00107226806
221781	0.0005215828124
221782	0.01088813031
221783	0.0001571255198
221784	0.006410434832
221785	0.002624333256
221786	0.008910933278
221787	0.0005756338288
221788	0.009077080524
221789	0.0004840414383
221790	0.001099580918
221791	0.007495761011
221792	0.007164471478
221793	0.000275716555
221794	0.007905387965
221795	0.003797242536
221796	0.002379554671
221797	0.009312860086
221798	0.003485423345
221799	0.001533583488
221800	0.001256115569
221801	0.005766287615
221802	0.0110524301
221803	0.005832010099
221804	0.002312222174
221805	0.005778834155
221806	0.002588948259
221807	0.0003724219388
221808	0.000360665296
221809	0.01071272672
221810	0.0009998309358
221811	0.00483670619
221812	0.004978017389
221813	0.0004324176558
221814	0.00605390566
221815	0.004857206975
221816	0.0004323938307
221817	0.005708925285
221818	0.001900914239
221819	0.002352204445
221820	0.001767369737
221821	0.005975324086
221822	0.002006422523
221823	0.0052624173
221824	0.002142517526
221825	0.00395056046
221826	0.01181368684
221827	0.001669030361
221828	0.01096763644
221829	0.003952678835
221830	0.009031865049
221831	0.003031057738
221832	0.004457045811
221833	0.004074225238
221834	0.003373863747
221835	0.0009677804113
221836	0.005798800411
221837	0.004490435561
221838	0.001202717174
221839	0.005636777015
221840	0.003741746517
221841	0.003624687762
221842	0.001640017586
221843	0.004315642075
221844	0.005534518263
221845	0.00131868833
221846	0.0126106257
221847	0.001117947455
221848	0.006122516596
221849	0.005186502187
221850	0.004367441999
221851	0.0012940974
221852	0.0007271258596
221853	0.005660033491
221854	0.009183813428
221855	0.0002540084249
221856	0.004251365349
221857	0.0109250692
221858	0.008996367855
221859	0.001817138917
221860	0.001079419501
221861	0.007279070524
221862	0.01183486052
221863	0.006608047024
221864	0.009196822613
221865	0.01052476106
221866	0.01637784056
221867	0.01048981818
221868	0.002898198929
221869	0.002507354256
221870	0.005321859589
221871	0.0009227643984
221872	0.005576885259
221873	0.004622522289
221874	0.002874266309
221875	0.005343754668
221876	0.003233023238
221877	0.003390910744
221878	0.009632698232
221879	0.0002188170626
221880	0.0007092689391
221881	0.001270470892
221882	0.004872291083
221883	0.003845919297
221884	0.000248505179
221885	0.000480847366
221886	0.002358560245
221887	0.002522279128
221888	0.0002050778642
221889	0.001579115126
221890	0.01092501869
221891	0.008002909454
221892	0.004231111276
221893	0.00216878338
221894	0.001694490935
221895	0.007062100116
221896	0.002041183153
221897	0.0008554051945
221898	0.0009947371622
221899	0.003346393467
221900	0.0003632811211
221901	0.005841748557
221902	0.01409040514
221903	0.005344065838
221904	0.005410908264
221905	0.007170505042
221906	0.000597981257
221907	0.005005140679
221908	0.002851019764
221909	0.002232540359
221910	0.001636401236
221911	0.01576264515
221912	0.002706151747
221913	0.0004454553086
221914	5.091771352e-05
221915	0.009657391845
221916	0.002499668855
221917	0.008343631771
221918	0.001748710173
221919	0.004381395885
221920	0.003295263045
221921	0.004422297863
221922	5.79238459e-06
221923	0.001895874322
221924	0.006599199766
221925	0.006154759155
221926	0.0007274065676
221927	0.0003588041808
221928	0.005521762437
221929	9.591630521e-08
221930	0.008640768012
221931	0.0006727994348
221932	0.003011203098
221933	0.0006355849391
221934	0.0005783032161
221935	0.0005820331438
221936	0.0008640218227
221937	0.0008377548304
221938	0.0004159946013
221939	0.01340216302
221940	0.001837934886
221941	0.0008063828789
221942	0.00109864961
221943	0.001829922484
221944	0.002118174684
221945	0.001747275911
221946	0.003807621069
221947	0.00636825393
221948	0.002887434634
221949	0.00162140363
221950	0.004090775688
221951	0.003013415342
221952	0.005830262201
221953	0.001938976983
221954	0.005964542931
221955	5.348205527e-05
221956	0.002798507682
221957	0.002116716923
221958	0.009695267075
221959	0.007411234504
221960	0.001514528425
221961	0.0006910133775
221962	0.003880793423
221963	0.0005352906888
221964	0.002452537811
221965	0.001370987339
221966	0.01090119976
221967	0.004059202761
221968	0.003464188757
221969	0.001551802272
221970	0.002278294432
221971	0.00653060291
221972	0.0007170566163
221973	0.003573248666
221974	0.009599491602
221975	0.002569542412
221976	7.195349601e-05
221977	0.00224695511
221978	0.0005964759753
221979	0.001401585136
221980	0.006502102965
221981	0.008387771964
221982	0.005004539641
221983	0.006373349634
221984	0.002546413593
221985	0.01096602674
221986	0.008938598622
221987	0.005502013029
221988	0.001826884255
221989	0.002898446995
221990	0.0002943602761
221991	0.0003588084229
221992	0.0142152585
221993	0.006552841447
221994	0.001854097144
221995	0.004023688951
221996	0.01085502187
221997	0.003374480856
221998	0.0024852763
221999	0.002808180889
222000	0.003422819013
222001	0.003712139622
222002	0.00715157608
222003	0.005576430042
222004	0.005542629586
222005	0.006657176745
222006	0.002290747681
222007	0.002534072586
222008	0.004268540466
222009	0.004084505863
222010	0.004010817781
222011	0.0007195432362
222012	0.00337283483
222013	0.008062652733
222014	0.00336654776
222015	0.006594358645
222016	0.002372916941
222017	0.0005888556553
222018	0.006090188312
222019	0.001934470543
222020	0.0008951041512
222021	0.00305410629
222022	0.004180827572
222023	0.01496815772
222024	0.0014362442
222025	0.009996143844
222026	0.001689627268
222027	0.0005798188481
222028	0.001388454098
222029	0.001568003512
222030	0.001168898173
222031	0.0009436642151
222032	0.001136853169
222033	0.001829563796
222034	0.001178963847
222035	0.002473346158
222036	0.001154772014
222037	0.001115917668
222038	0.001538924588
222039	0.001823842043
222040	8.617604528e-05
222041	0.0005286210164
222042	0.000294444805
222043	0.001757427218
222044	0.002432406317
222045	0.0009967056204
222046	0.0003263210238
222047	0.001131102065
222048	0.0008539380969
222049	0.001707325521
222050	6.779909899e-05
222051	0.0008429788991
222052	0.001696376536
222053	0.0006950471052
222054	0.001522989718
222055	0.0003054061843
222056	0.00220116672
222057	0.001121471298
222058	0.0005828742814
222059	0.001289048152
222060	0.000273292093
222061	0.000792742284
222062	0.001600082541
222063	0.0009944849496
222064	0.001978655218
222065	0.001754587536
222066	0.002072304336
222067	0.00233721414
222068	1.44130801e-05
222069	0.004804894278
222070	0.002742854649
222071	0.005938445102
222072	0.001076660795
222073	0.002635248503
222074	0.001202715044
222075	0.007196789337
222076	0.002372441297
222077	0.001778405204
222078	0.001874208679
222079	0.003516283532
222080	0.001357837513
222081	0.004732183181
222082	0.002162642096
222083	0.001584228708
222084	0.002547468327
222085	0.001891210378
222086	0.001911104265
222087	0.0004946097868
222088	0.001939075421
222089	0.0001242269264
222090	0.001378277812
222091	0.00109043888
222092	0.006277844109
222093	0.008059081583
222094	0.001009989209
222095	0.001263922057
222096	0.01083086929
222097	0.008560971669
222098	0.009589705317
222099	0.01060430818
222100	0.006165906571
222101	0.001082903944
222102	0.002816096471
222103	0.0004589477516
222104	0.0001624906295
222105	0.001805429364
222106	0.002242477541
222107	0.003180457974
222108	0.00196407489
222109	6.68891182e-05
222110	0.0006021983817
222111	0.0003934487914
222112	0.003021955852
222113	0.001328543833
222114	0.0005021796097
222115	0.0007436256221
222116	0.001826619501
222117	0.0008418040589
222118	0.001464886273
222119	0.004222192518
222120	0.001175442389
222121	0.001456368049
222122	0.0001354850293
222123	0.00220262689
222124	0.001177249208
222125	0.0005045957764
222126	0.001176289021
222127	0.00115127837
222128	0.000934551851
222129	0.001227479897
222130	0.000787323054
222131	0.0001180491172
222132	0.01234265876
222133	0.006025489587
222134	0.001285488348
222135	0.002479631574
222136	0.003276374696
222137	1.158919875e-06
222138	0.0002883984689
222139	0.004768119793
222140	0.001899573435
222141	0.00411845068
222142	0.0003319349997
222143	0.002709621695
222144	0.006895040043
222145	0.005995420223
222146	0.0004925421986
222147	0.002948796388
222148	0.007051296769
222149	0.0007796392432
222150	0.001803283907
222151	0.007134102117
222152	0.006664320065
222153	0.002022795821
222154	0.001649194285
222155	0.002863015733
222156	0.002368376096
222157	0.00335945589
222158	0.0003788549092
222159	5.489693577e-05
222160	0.003370138005
222161	0.003627830842
222162	0.00209744326
222163	0.006360379475
222164	0.005354828884
222165	0.00716949949
222166	0.01627937827
222167	0.0006307444221
222168	0.004972190251
222169	0.007397021614
222170	0.0004472554713
222171	0.003549844816
222172	0.0003410885265
222173	0.0174310961
222174	0.01193534206
222175	0.006380459014
222176	0.004931252877
222177	0.01208959894
222178	0.000258332468
222179	0.009473202282
222180	0.01044237959
222181	0.008433257686
222182	5.328723001e-08
222183	0.002168836689
222184	0.01281381499
222185	0.007208161416
222186	0.01022850467
222187	0.01170081531
222188	0.0161304696
222189	0.003795592577
222190	0.0001330346587
222191	0.005965951488
222192	0.009276875025
222193	0.01246983734
222194	0.01108466559
222195	0.01911076769
222196	0.005917457056
222197	0.005107758775
222198	0.00619806818
222199	0.003782742965
222200	0.009796027158
222201	0.007684340103
222202	0.01344177921
222203	0.01561296109
222204	0.01851392273
222205	0.0008948861949
222206	0.0002127797825
222207	0.0001477814232
222208	0.0003597289537
222209	0.002818973534
222210	0.01617686284
222211	6.481149229e-05
222212	0.007917121295
222213	0.006019613385
222214	0.002005426075
222215	0.002780225143
222216	0.002836160303
222217	0.002207614218
222218	0.003636715744
222219	0.001864611593
222220	0.003408357046
222221	0.004372461509
222222	0.01109790158
222223	0.005862554444
222224	0.002360770572
222225	0.008212786643
222226	0.00563318444
222227	0.001092031778
222228	0.001027832999
222229	0.007046131218
222230	0.005965432658
222231	0.003918425258
222232	0.004484970891
222233	0.0005435800051
222234	0.008949691907
222235	0.001130933477
222236	0.001978226513
222237	0.00146972659
222238	0.002110332174
222239	0.005444964629
222240	0.007968884704
222241	0.001166984817
222242	7.372233713e-05
222243	0.000343945315
222244	0.002799138512
222245	0.0001277230437
222246	0.0008009207972
222247	0.001570992662
222248	0.008475619022
222249	0.0004743058876
222250	0.001913981718
222251	0.003133394797
222252	0.006051387026
222253	0.00378736477
222254	0.0006012327998
222255	0.001234037353
222256	0.001363371539
222257	0.0092421182
222258	0.001607390827
222259	0.00668542151
222260	0.006732777662
222261	0.0001782672936
222262	0.003676699278
222263	0.01543735595
222264	0.004935122318
222265	0.002541400516
222266	0.0003606997155
222267	0.007886328486
222268	0.002582523733
222269	0.01057865055
222270	0.001526023428
222271	0.003440384504
222272	0.001489404176
222273	0.01115849302
222274	0.005516400467
222275	0.005705277955
222276	0.0001050649812
222277	0.000874821073
222278	0.007403724769
222279	0.00799511285
222280	0.002227979584
222281	0.01388011308
222282	0.005283361689
222283	0.00209132073
222284	0.0006374071357
222285	0.001687278802
222286	0.01434653906
222287	0.008560914935
222288	0.0009626439539
222289	0.0006914090209
222290	0.005652177564
222291	0.002367041715
222292	0.0009789083361
222293	0.005633708008
222294	0.0006772618094
222295	0.0004167238078
222296	0.001881718167
222297	0.003734677234
222298	0.00122770989
222299	0.002729073288
222300	0.000643841282
222301	0.004547071147
222302	0.0002350115927
222303	0.002794151848
222304	0.002301728754
222305	0.00106497024
222306	0.0008567582948
222307	0.01453893454
222308	0.000296299722
222309	0.0006314233129
222310	0.001880915622
222311	0.002559898809
222312	0.001232499708
222313	0.002356359076
222314	0.0003041020129
222315	0.01205872078
222316	0.0009480505308
222317	0.00432574476
222318	0.001039228136
222319	0.002397868589
222320	0.002725991287
222321	0.006120218286
222322	0.0002835745822
222323	0.003739951885
222324	0.002801710488
222325	0.0009587011733
222326	0.006351549788
222327	0.0007961124027
222328	0.0007961231438
222329	0.001665965113
222330	0.009813127992
222331	0.003781177061
222332	0.002142204075
222333	0.001829928519
222334	0.001448963532
222335	0.003753922651
222336	0.002855047191
222337	0.007671714219
222338	0.0008097183006
222339	0.008014692125
222340	0.0001963064188
222341	0.002723793819
222342	0.00225518884
222343	0.001392698722
222344	0.001656381351
222345	0.00381027793
222346	0.008950365798
222347	0.00312390245
222348	0.004290224826
222349	0.0005741454864
222350	0.004067979532
222351	8.895346957e-05
222352	0.004227866877
222353	0.004396015065
222354	0.001753158376
222355	0.005048882021
222356	0.01456874005
222357	0.004449240973
222358	0.01159734232
222359	0.002230202069
222360	0.006550794783
222361	0.001235193274
222362	0.01023547277
222363	0.002518220653
222364	0.002702489913
222365	0.00341831858
222366	0.00415138506
222367	0.001373140048
222368	0.00268484247
222369	0.004001493482
222370	0.004231604142
222371	0.003908706233
222372	0.001646994122
222373	0.0005852438761
222374	0.005600983234
222375	0.0003097284136
222376	0.002194669033
222377	0.006505856339
222378	0.0008339571594
222379	0.009290534835
222380	0.007916270935
222381	0.001649422466
222382	0.006189870749
222383	0.002588825636
222384	0.0005377968488
222385	0.01002087837
222386	0.003389399718
222387	0.002633751509
222388	0.0003435894425
222389	0.002485003917
222390	0.01095792283
222391	0.001490208041
222392	0.005955772227
222393	0.0003471179408
222394	0.004585165826
222395	5.778424756e-05
222396	0.004822768814
222397	0.003940487766
222398	0.00226143638
222399	0.002320918026
222400	0.009357889529
222401	0.000679576228
222402	0.003617306057
222403	0.005579151393
222404	0.000568549896
222405	0.01509003719
222406	0.003471082526
222407	0.007440058049
222408	0.007395958128
222409	0.006143416361
222410	0.002230266316
222411	0.006547585388
222412	0.0002177069404
222413	0.001569608282
222414	0.003372704595
222415	0.007148351951
222416	0.0006030831245
222417	0.0006892324422
222418	0.000513840379
222419	0.0007049615122
222420	0.0006854405549
222421	0.00206551164
222422	0.003135597468
222423	0.0007589576112
222424	0.0005342774109
222425	0.0006444866046
222426	0.0006504244846
222427	0.0005092982093
222428	0.0006769232753
222429	0.0006826436156
222430	0.0005361703389
222431	0.00101506732
222432	0.0007048417029
222433	0.0006698805605
222434	0.000638572153
222435	0.0006112363952
222436	0.0005850421669
222437	0.0006593356766
222438	8.613430506e-05
222439	0.0006938960378
222440	0.0006793185723
222441	0.0003112764227
222442	0.001520580746
222443	0.001479703088
222444	0.000194922581
222445	0.001152949066
222446	0.001509793785
222447	0.0005549258688
222448	0.0008550578755
222449	0.000599476384
222450	0.004944576977
222451	0.001507193241
222452	0.008077358838
222453	0.007024554554
222454	0.0003760381167
222455	0.002264019456
222456	0.004169030866
222457	0.006279987297
222458	0.001262765433
222459	0.002148868171
222460	0.006096709576
222461	0.002960968405
222462	0.0006773317495
222463	0.0006594798449
222464	0.0004235750207
222465	0.0007006580591
222466	0.0006738534689
222467	0.0005301363935
222468	0.0006026379339
222469	0.0001270818936
222470	0.001178266515
222471	0.0005709089315
222472	0.004378992413
222473	0.006828970771
222474	0.01273323107
222475	0.001747614884
222476	0.0005081113875
222477	0.0007564211566
222478	0.0007131318336
222479	0.0005094588615
222480	0.0005718561251
222481	0.0006852040016
222482	0.0006882146215
222483	0.0008879789336
222484	0.0006430897012
222485	0.001211611136
222486	0.005083435088
222487	0.01002149663
222488	0.003691929896
222489	0.00686684924
222490	0.01236746288
222491	0.0006224045218
222492	0.004589939188
222493	0.002412647414
222494	0.001752160061
222495	0.00286021823
222496	0.001652522825
222497	0.0005048789733
222498	0.007643459728
222499	0.0002119223471
222500	0.003138752646
222501	0.004400004817
222502	0.007255166986
222503	0.0009079888699
222504	0.004097612831
222505	0.0060218426
222506	0.000683074752
222507	0.004873969238
222508	0.001387329105
222509	0.005464188685
222510	5.389927319e-05
222511	0.001236211747
222512	0.004977074306
222513	0.002426324518
222514	0.00958625505
222515	0.009897133485
222516	0.0008777543411
222517	0.0007925013552
222518	0.006280813674
222519	0.007464838308
222520	0.006493091734
222521	0.0009206497473
222522	0.00243888314
222523	0.01768100149
222524	0.002590559637
222525	0.0003043387953
222526	0.0004774270905
222527	0.002482963096
222528	0.001082849202
222529	0.001221058527
222530	0.00763390252
222531	0.0005988327132
222532	0.01328546996
222533	0.001098808935
222534	0.005162888843
222535	0.00566885442
222536	0.0100289618
222537	0.001995216704
222538	0.004165578085
222539	0.0041153592
222540	0.005304233316
222541	0.008919200162
222542	0.00123173471
222543	0.008957133248
222544	0.003278956342
222545	0.00299282052
222546	0.002474624519
222547	0.008259906797
222548	0.003114268989
222549	0.003540363338
222550	0.0008971612432
222551	0.001830125019
222552	0.001965418223
222553	0.002570763431
222554	0.00764626536
222555	0.002105554739
222556	0.0003265529438
222557	0.0008645933555
222558	0.008639186791
222559	0.002883355465
222560	0.004081067091
222561	0.006278912753
222562	0.002241286653
222563	0.003875135211
222564	0.01313482646
222565	0.005523380641
222566	0.0002530359606
222567	0.002939197357
222568	0.001812327989
222569	0.008995920153
222570	0.0005352203523
222571	0.000643044337
222572	0.002171625608
222573	0.003088539969
222574	0.003760539439
222575	0.001935040383
222576	0.001572009632
222577	0.003527058335
222578	0.0001779171987
222579	0.006527518125
222580	0.003441597648
222581	0.005975742416
222582	0.009551107021
222583	0.01133640963
222584	0.0004572291322
222585	0.007920960836
222586	0.01025561715
222587	0.005466513176
222588	0.001855109949
222589	0.001158190991
222590	0.01088985093
222591	0.009994297446
222592	0.0113493286
222593	0.001346340277
222594	0.0009600402237
222595	0.005761587813
222596	0.002392093772
222597	0.003432328195
222598	0.00154701486
222599	0.008799404972
222600	0.008398678731
222601	0.002990170407
222602	0.002586326622
222603	0.0001015628043
222604	0.001692773108
222605	0.001541921465
222606	0.001271139806
222607	0.01675633147
222608	0.002933812566
222609	0.01050820893
222610	0.01400898795
222611	0.00580089805
222612	0.0006414305475
222613	0.001315682205
222614	0.01188302554
222615	0.00333795799
222616	0.01472835844
222617	0.01179688874
222618	0.005725689211
222619	0.005212654785
222620	0.004467069609
222621	0.004225352752
222622	0.01100059431
222623	0.004778175092
222624	0.004076065728
222625	0.005028860989
222626	0.0003819900627
222627	0.00718283829
222628	0.00461115991
222629	0.002484887125
222630	0.006033988995
222631	0.00899133765
222632	0.0008492803448
222633	0.004974570758
222634	0.009875156104
222635	0.004780190728
222636	0.001318995954
222637	0.002738113918
222638	0.001427455079
222639	0.0006614537897
222640	0.0001156473711
222641	0.007908812814
222642	0.002121657103
222643	0.002433351225
222644	0.002809741206
222645	5.609469285e-05
222646	0.002829353526
222647	0.00353558275
222648	0.006551797467
222649	0.005214184228
222650	0.0002430067523
222651	0.004517495334
222652	0.005897357264
222653	0.002441785022
222654	0.0121708002
222655	0.007281238313
222656	0.004808113662
222657	0.007807008
222658	0.0004730251734
222659	0.005632022682
222660	0.01052255527
222661	0.004228154318
222662	0.004791199124
222663	0.001698745322
222664	0.00991179795
222665	9.155493967e-09
222666	0.003616430729
222667	0.005943302055
222668	0.00776143309
222669	0.002172592371
222670	0.002547719443
222671	0.003193203359
222672	0.0006733195434
222673	0.002479789759
222674	0.001448603792
222675	0.0002793514848
222676	0.003106151645
222677	0.005935836759
222678	0.005754520852
222679	0.01153938189
222680	0.003857517637
222681	0.004386879845
222682	0.007265359145
222683	0.01470622287
222684	0.007759963976
222685	0.0007197221152
222686	0.004542680752
222687	0.003938551691
222688	0.004427931479
222689	0.005154956121
222690	0.001867723895
222691	0.001769412016
222692	0.0007078732617
222693	0.01259425886
222694	0.007007110715
222695	0.001475261841
222696	0.001146943749
222697	0.001390840824
222698	0.0001195434591
222699	0.001501310158
222700	0.0001038690884
222701	0.0002447862239
222702	0.005764194542
222703	0.003569791219
222704	0.005746037742
222705	0.0003940041586
222706	0.002998485512
222707	0.0001227963787
222708	0.001424789864
222709	0.002565449043
222710	0.0004509146599
222711	3.725368789e-05
222712	0.0004008806131
222713	0.001788954297
222714	0.009180161655
222715	2.918772063e-05
222716	0.001354039256
222717	0.002178195955
222718	0.002388682623
222719	0.000694612161
222720	0.002325939271
222721	0.002052134297
222722	0.001076351965
222723	0.001011156923
222724	0.002599552966
222725	0.0002427516685
222726	0.003405508588
222727	0.0002063749145
222728	0.001391335828
222729	0.002469009336
222730	0.00430808955
222731	0.0001510060145
222732	0.001769276088
222733	0.009800616132
222734	8.76835577e-05
222735	0.0005666824384
222736	0.004942980621
222737	0.002408173042
222738	0.004121656577
222739	0.0005099400743
222740	0.009697614227
222741	0.006840720046
222742	0.000779537768
222743	0.002870386304
222744	0.004322867709
222745	0.0037403566
222746	0.0009856328338
222747	0.01180215964
222748	0.006643564041
222749	0.002921727456
222750	0.007980314422
222751	0.002980067561
222752	0.005848560448
222753	0.001327289798
222754	0.004080515882
222755	0.002845253355
222756	0.003798599597
222757	0.005859387216
222758	0.005119230323
222759	0.006738149018
222760	0.004222389519
222761	0.000884237577
222762	0.006690236557
222763	0.002178786706
222764	0.006656689511
222765	0.0006631664783
222766	0.00427367727
222767	0.001725661336
222768	0.002094572244
222769	0.0004417040744
222770	0.002314707844
222771	0.0008104993448
222772	0.002920429946
222773	0.001837973392
222774	0.0004471820805
222775	0.002268136851
222776	0.003306289959
222777	0.0005532225939
222778	0.004289250544
222779	0.00434992693
222780	0.002376099792
222781	0.000315251616
222782	0.001579934223
222783	0.001275507425
222784	0.003575961794
222785	0.0008436594684
222786	0.001272190526
222787	0.001817094404
222788	0.003695141105
222789	0.001226628587
222790	0.0003265070907
222791	0.001826159214
222792	0.002689210722
222793	0.001578596375
222794	0.0009144436539
222795	0.002855755191
222796	0.0005567817535
222797	0.001803005381
222798	0.001332500375
222799	0.0003487692624
222800	0.003312854914
222801	0.00190660065
222802	0.0002030227633
222803	0.002340738184
222804	0.0008437084907
222805	0.002193188474
222806	0.002410010741
222807	0.004037021518
222808	0.0001481856566
222809	0.0006907767346
222810	0.0005552729791
222811	0.0002514113088
222812	0.002387521432
222813	0.004493458363
222814	0.003832977922
222815	0.0008003082154
222816	0.001923259398
222817	0.0008438072742
222818	0.003090365825
222819	0.007789239952
222820	0.0002379650161
222821	0.002538039906
222822	0.001051404961
222823	0.0007226993948
222824	0.005323085588
222825	0.001605979441
222826	0.006398365382
222827	0.001584489372
222828	0.00113216939
222829	0.001155926565
222830	0.001767126367
222831	0.0002944034952
222832	0.000798543534
222833	0.0008386194768
222834	0.0008556365074
222835	0.002889759522
222836	0.003539563253
222837	0.003046663013
222838	0.00105409234
222839	0.002593517211
222840	0.002401355261
222841	0.0009491346173
222842	0.00208531398
222843	0.005150251586
222844	0.0008433028811
222845	0.002173070033
222846	0.001828941703
222847	0.005739508648
222848	0.003451456709
222849	0.002566970332
222850	0.001425400582
222851	0.001536439982
222852	0.001214089302
222853	0.002087170854
222854	0.002502251527
222855	0.002105188452
222856	0.001006976974
222857	0.0009738604007
222858	0.0004842306061
222859	0.0009301167245
222860	0.001724200613
222861	3.076905129e-06
222862	0.0007796851194
222863	0.001300496979
222864	0.001715424708
222865	0.001516203356
222866	0.00222550533
222867	4.715040623e-05
222868	0.001453854421
222869	0.002237605004
222870	0.001472285028
222871	0.001979385084
222872	0.001088465235
222873	0.00292030029
222874	0.00209093424
222875	0.0004774082995
222876	0.001417782902
222877	0.00203896049
222878	0.002777238993
222879	0.001894988956
222880	0.002230493726
222881	0.00252577064
222882	0.002398284715
222883	0.003270154346
222884	0.001484653587
222885	0.004367740776
222886	0.002075154295
222887	0.001351680005
222888	0.001567730622
222889	0.003596582228
222890	0.002565008448
222891	0.0001929382177
222892	0.007957293471
222893	0.002730963194
222894	0.0006999476967
222895	0.0002830849298
222896	0.0006580264934
222897	0.0009595137713
222898	0.0009707263524
222899	0.0007739418362
222900	5.183351464e-05
222901	0.0006696937608
222902	0.0002421633654
222903	0.001809464864
222904	0.0007055522413
222905	0.001174485549
222906	0.0005266417278
222907	0.0008751771043
222908	0.0008509456759
222909	0.001104607318
222910	0.0005883073762
222911	0.001068688
222912	5.38470102e-05
222913	0.0003206885398
222914	0.0008759951117
222915	0.001066028176
222916	0.0008738308641
222917	0.0001698018932
222918	0.0007300641168
222919	0.0001662240604
222920	1.14090615e-05
222921	0.005266097594
222922	0.0007940789005
222923	0.0006818021213
222924	7.584877732e-05
222925	0.0004714705126
222926	0.0007641286135
222927	0.002400224078
222928	0.001751382503
222929	3.540269319e-05
222930	0.002441406463
222931	0.00349643943
222932	0.001387946232
222933	8.850593591e-05
222934	0.0006543949415
222935	0.000811368091
222936	0.001992414754
222937	0.002252397147
222938	0.001047642996
222939	0.001747911867
222940	0.00454467585
222941	0.001243380872
222942	0.0006378686939
222943	0.000772003405
222944	0.0005393388335
222945	0.0009989772142
222946	0.0004068155473
222947	0.0001065651689
222948	0.002501187266
222949	0.001138170083
222950	0.005593010107
222951	0.00207237321
222952	0.001895049379
222953	0.0002356150553
222954	0.0002933449054
222955	9.136051824e-05
222956	0.0005056265664
222957	0.001124841991
222958	0.0001629261077
222959	0.001432242034
222960	0.0005880447836
222961	0.000964936186
222962	0.001108094562
222963	0.001136748536
222964	0.0003972055943
222965	0.000841854954
222966	0.0007674515127
222967	0.0002430070798
222968	0.0007728450121
222969	0.001135193603
222970	0.001380116631
222971	0.0001077851678
222972	0.0008133613361
222973	0.0006724290858
222974	0.003566978514
222975	0.0001003410826
222976	0.0007216502283
222977	0.000254389635
222978	0.0006275697099
222979	0.002383796336
222980	0.0003716964969
222981	0.0008681983716
222982	0.0007582563133
222983	0.0004935915198
222984	0.0006954362798
222985	0.0002524472738
222986	3.94666002e-05
222987	0.000610732363
222988	0.002157910614
222989	0.001344450024
222990	0.001761257191
222991	0.0007931366451
222992	0.001571314906
222993	0.001568635678
222994	0.001196527727
222995	0.001808186142
222996	0.002688179742
222997	0.0005142405273
222998	0.001942837677
222999	0.002292277754
223000	0.001097342409
223001	0.001093233539
223002	0.002748603925
223003	0.00178019412
223004	0.001476459806
223005	0.002132116001
223006	0.0008112020159
223007	0.001276340865
223008	0.00265456379
223009	0.0004502967608
223010	0.0003960463086
223011	0.0002966373302
223012	0.001666738901
223013	0.003262414593
223014	0.0006231890251
223015	0.0009540013771
223016	0.001058818137
223017	0.0002728198435
223018	0.0007189734032
223019	0.0002422809913
223020	0.0006146394705
223021	0.0003229785046
223022	0.0005155291565
223023	0.0003619262604
223024	0.00199867772
223025	0.006189519976
223026	0.0002357461771
223027	0.0009047840749
223028	0.0002428668698
223029	0.001306137582
223030	0.001049903324
223031	0.0004121134898
223032	0.0007167549354
223033	0.0004250374242
223034	0.001222112327
223035	0.0008189018424
223036	6.633558164e-05
223037	0.0006198612086
223038	0.00112745136
223039	0.0004501607466
223040	0.0006972280672
223041	0.001641414415
223042	0.0001522827454
223043	0.0004913575154
223044	0.0009827116565
223045	0.0008195172185
223046	0.0009587734868
223047	0.0003231365641
223048	0.00139766471
223049	0.00158169872
223050	0.004957405004
223051	0.001920819331
223052	0.002822899094
223053	0.000564782509
223054	0.001764025657
223055	0.001773383636
223056	0.001387079135
223057	0.00233662039
223058	0.002787299766
223059	0.0007587706489
223060	0.002244600922
223061	0.001226094769
223062	0.001223809881
223063	0.001552792367
223064	0.001168775116
223065	0.0009139386835
223066	0.002771022725
223067	0.0002192682655
223068	0.001901847266
223069	0.00292308135
223070	0.002052807464
223071	0.0005528939771
223072	0.0002105741651
223073	0.0001613373748
223074	5.681560872e-05
223075	0.0007055803673
223076	0.0003584901012
223077	0.000852126214
223078	0.0003741407679
223079	0.0004953467708
223080	0.0005458515282
223081	0.00105769214
223082	0.001157950084
223083	0.0006312412613
223084	0.0005631992237
223085	0.0006849433623
223086	0.0003670341749
223087	0.003240598232
223088	0.0008911920451
223089	0.00150209515
223090	0.000970855353
223091	0.0002805653085
223092	0.0004340233798
223093	0.0009444745261
223094	0.002111740302
223095	0.0002264710136
223096	0.0006028772837
223097	0.0003845503485
223098	0.001404536744
223099	0.0008596589727
223100	0.0008414041305
223101	0.005958965892
223102	0.0002383042578
223103	0.003889498578
223104	0.0004832535802
223105	0.001039288246
223106	0.0003710953159
223107	0.000709539013
223108	0.0006672586205
223109	0.0001761432889
223110	0.0002988347058
223111	0.0001915653102
223112	0.000552599818
223113	0.0009328024888
223114	0.0006448214867
223115	0.001266485152
223116	0.0002266880548
223117	0.001824632025
223118	0.0002073845676
223119	0.0007391244364
223120	0.002003632898
223121	0.002807431297
223122	0.001732239407
223123	0.00465063204
223124	0.001332819589
223125	0.001855823252
223126	0.001465627324
223127	0.002833336343
223128	0.001979547268
223129	0.001797853764
223130	0.001872127018
223131	0.001944063432
223132	0.0009268615748
223133	0.0004017745071
223134	1.705191023e-06
223135	0.0003072168481
223136	0.0006680061457
223137	0.001476260037
223138	0.00312245262
223139	0.000355200575
223140	0.000730550542
223141	0.0003147186371
223142	2.539124526e-05
223143	0.0009766502998
223144	0.003390438846
223145	8.554587177e-05
223146	0.0002763659454
223147	0.001065347199
223148	0.001191591765
223149	0.0007343361151
223150	0.0002846027754
223151	0.0005658236164
223152	0.0006828225452
223153	0.0004957564991
223154	0.0002442619232
223155	0.000523550078
223156	7.929773312e-05
223157	0.0008407946538
223158	0.001182753517
223159	0.0004746070512
223160	0.0009854292412
223161	0.0004714013432
223162	0.0009282960217
223163	0.0008627862396
223164	0.000514646083
223165	0.0005818947629
223166	0.0004947384098
223167	0.001077458765
223168	0.001112863453
223169	0.0001803939811
223170	0.0004619643621
223171	0.0004639164757
223172	0.0008906270546
223173	0.001001947277
223174	0.004369053831
223175	0.0007373793835
223176	0.0007222732164
223177	0.001037341123
223178	0.001445794088
223179	7.307763472e-05
223180	0.001351531763
223181	0.0003733647977
223182	8.971382267e-05
223183	0.000649413336
223184	0.0003551924897
223185	0.0003078920835
223186	1.80794258e-05
223187	0.0003834843757
223188	0.0006421541214
223189	0.000447014841
223190	0.0002267511476
223191	0.0004292787317
223192	0.000548080661
223193	0.0005221043321
223194	0.0004231604231
223195	0.0005554301011
223196	0.0008463696245
223197	0.001387194983
223198	0.0008913982907
223199	0.0004773577854
223200	0.000212274439
223201	0.001234658803
223202	0.001776832935
223203	0.003452845651
223204	0.0007287272408
223205	0.004377139581
223206	0.0005706539687
223207	0.0006778416472
223208	0.0005963705357
223209	0.003167878206
223210	0.00052887948
223211	0.0007580382847
223212	0.0003464489767
223213	0.0004676835354
223214	0.003876872815
223215	0.001699758731
223216	0.001850194826
223217	0.002203042391
223218	0.0003637985216
223219	0.001120276176
223220	0.003266729594
223221	0.001079183549
223222	0.0003975188524
223223	0.002213509467
223224	0.002679521498
223225	0.002377790612
223226	0.003363313041
223227	0.003407442831
223228	0.0007577854263
223229	0.003193632105
223230	0.00315675785
223231	0.0006708806075
223232	0.0005594567271
223233	0.0004826338317
223234	6.657264976e-06
223235	0.001653449002
223236	0.001359840607
223237	1.824764347e-05
223238	0.000773820056
223239	0.00077284847
223240	1.546181726e-05
223241	0.0006779662895
223242	0.0001606747397
223243	0.003432048974
223244	0.0004542729698
223245	0.0007162434588
223246	0.0007170555817
223247	0.001383072696
223248	0.0002798500646
223249	0.0003019297736
223250	0.0002177588008
223251	4.838614944e-05
223252	0.000674034615
223253	0.001899938822
223254	0.002754839648
223255	0.002575937055
223256	0.002253537794
223257	0.002637458968
223258	0.001902947956
223259	0.002832718191
223260	0.001383966424
223261	0.002800342478
223262	0.001554861324
223263	0.001554223671
223264	0.001262010961
223265	0.003124907728
223266	0.001786665842
223267	0.006393520804
223268	0.01442780508
223269	0.006122702636
223270	0.009685202749
223271	0.007676235662
223272	0.006258682263
223273	0.005278511213
223274	0.005554770976
223275	0.0005182509822
223276	0.001473245577
223277	0.01248851249
223278	0.006015760145
223279	0.001130549966
223280	0.003401619138
223281	0.00297396968
223282	0.0003240202779
223283	0.003543280014
223284	0.00416815046
223285	0.00641907714
223286	0.002819606115
223287	0.009823026778
223288	0.001224017641
223289	0.00709659449
223290	0.009309223192
223291	0.005822229456
223292	0.003524219355
223293	0.007273120937
223294	0.009525943388
223295	0.004106652951
223296	0.01249867978
223297	0.01058659066
223298	0.006334364844
223299	0.004482334273
223300	0.01108910727
223301	0.001083878845
223302	0.0006351127597
223303	0.001577197537
223304	0.003154451248
223305	0.0004530521858
223306	0.006454191565
223307	0.002054600879
223308	0.0008325296664
223309	0.002724092256
223310	0.001928262364
223311	0.00186068151
223312	0.001671526781
223313	0.002246572311
223314	0.001088188098
223315	0.0007583813857
223316	0.001055260479
223317	0.001964289966
223318	0.0008608108804
223319	0.002085534098
223320	0.0019643032
223321	0.00192978339
223322	0.002381059336
223323	0.00225722775
223324	0.001916661723
223325	0.003266155199
223326	0.0003552478273
223327	0.0008395023408
223328	0.002957025307
223329	0.001976377459
223330	0.0005887330919
223331	0.00187017531
223332	0.001559936422
223333	0.002081998836
223334	0.003606386433
223335	0.001994341741
223336	0.0008798088896
223337	0.001495416256
223338	0.001353295859
223339	0.001749048213
223340	0.001191518155
223341	0.00222453206
223342	0.001269923763
223343	0.001006713631
223344	0.006252075773
223345	0.001705132291
223346	0.00358633533
223347	0.005268911911
223348	0.002785407947
223349	0.0007839633822
223350	0.006325765796
223351	0.0001467731687
223352	0.0001632581682
223353	0.01189118908
223354	0.002605546998
223355	0.002643390411
223356	0.0006255409625
223357	0.001305583904
223358	0.0059618095
223359	0.002648990391
223360	0.00558589633
223361	0.001001065794
223362	0.0002981930252
223363	0.0003173196838
223364	0.0005874363892
223365	0.0003361569046
223366	0.0009172926193
223367	0.0004511593826
223368	0.0007300523711
223369	0.001441143189
223370	0.006467411631
223371	0.006036435794
223372	0.01052313088
223373	0.004943790941
223374	0.002454496335
223375	0.0002397694558
223376	0.00327489214
223377	0.003664277394
223378	0.006263250595
223379	0.003630924806
223380	0.0009530756763
223381	0.001402907291
223382	0.003110011582
223383	0.002865121441
223384	0.0003635827142
223385	0.0007124409859
223386	0.001620252505
223387	0.003618340875
223388	0.001758503584
223389	0.001807277095
223390	0.002943347672
223391	0.003130974292
223392	0.0005608578951
223393	0.002800366029
223394	0.004163293975
223395	0.001089660523
223396	0.001751059
223397	9.4820568e-05
223398	0.008238979694
223399	0.0003582772906
223400	6.479279268e-05
223401	0.001617992766
223402	0.006038805567
223403	0.006996477879
223404	0.003327621705
223405	0.0003539845232
223406	0.000499313423
223407	0.003196405194
223408	0.005537020355
223409	0.002224244775
223410	0.002421910053
223411	0.008584471103
223412	0.005145349433
223413	0.006104414964
223414	0.006202431802
223415	0.00889345634
223416	0.0003365465842
223417	0.0001723132999
223418	0.002255983567
223419	0.002723647179
223420	0.003117995841
223421	0.002828375128
223422	0.001923936296
223423	0.008668317992
223424	0.002670195477
223425	0.0009809252248
223426	0.00208561232
223427	0.003962736056
223428	0.002027735161
223429	0.0006227134329
223430	0.001169153478
223431	0.002889687061
223432	0.002883156073
223433	0.001901399586
223434	0.005875529723
223435	0.01087493876
223436	0.0002304968254
223437	0.006987860193
223438	0.007211084905
223439	0.0002091577301
223440	0.00494391971
223441	0.0004787071655
223442	0.000708823129
223443	0.003361876962
223444	4.218385019e-06
223445	0.002825193328
223446	0.0004738553083
223447	0.0001973522647
223448	0.003799876424
223449	0.00235242262
223450	0.002746377786
223451	3.112931285e-05
223452	0.005153454654
223453	0.007967586547
223454	0.004526366539
223455	0.0088144325
223456	0.002806649644
223457	0.0004419467777
223458	0.006752529506
223459	0.007626690022
223460	0.009003857087
223461	0.003413805515
223462	0.0005650950655
223463	0.004952853926
223464	0.002635704806
223465	0.002155031047
223466	0.00667889014
223467	0.006179490987
223468	0.002176716042
223469	0.002269070865
223470	0.01008619768
223471	0.006312639469
223472	0.0003145947701
223473	0.00175750668
223474	0.001423420528
223475	0.0002499944223
223476	0.000498689043
223477	0.001198233301
223478	0.006908236958
223479	0.0003152048758
223480	0.006941522179
223481	0.01145974619
223482	0.0007232239714
223483	0.0006981643245
223484	0.0001445018038
223485	0.001159002627
223486	0.0002109177687
223487	0.0002009867568
223488	0.002995496001
223489	0.0001408135816
223490	0.001456529526
223491	0.001301240841
223492	0.007253667398
223493	0.001637108012
223494	0.001351727885
223495	0.001444396166
223496	8.218160201e-05
223497	0.001675954168
223498	0.000258079886
223499	0.01338529748
223500	0.001228863989
223501	0.0004187165944
223502	0.004025132656
223503	0.003066167097
223504	0.005279123227
223505	0.001608669524
223506	0.005767351002
223507	0.002632985416
223508	0.001331887783
223509	0.009374216674
223510	0.004926223341
223511	0.003136588124
223512	0.006877493503
223513	0.0058554176
223514	0.01017895571
223515	0.005621182675
223516	0.001783172402
223517	0.0005613545897
223518	0.001172100112
223519	0.001816813204
223520	0.002895813977
223521	0.004747626339
223522	0.006152558912
223523	0.0006862021521
223524	0.00224407364
223525	0.007319239788
223526	0.001799508591
223527	0.006296129863
223528	0.001202862368
223529	0.002347832704
223530	0.002174782926
223531	0.00631620657
223532	0.002015453596
223533	0.0007132261894
223534	0.008143098533
223535	9.631318159e-05
223536	0.01108133871
223537	0.00346403813
223538	0.002646367053
223539	0.002065530933
223540	0.003151737226
223541	0.00367365686
223542	1.969861444e-05
223543	0.001862738798
223544	0.0008277673769
223545	0.0002509259553
223546	0.0004704759897
223547	0.000320212932
223548	0.006302803466
223549	0.0006023737269
223550	0.001117431013
223551	0.002290406499
223552	0.0013630282
223553	0.0004915581467
223554	0.003304359673
223555	0.0008073161349
223556	0.004111834671
223557	0.001485223138
223558	0.001347791281
223559	0.001481768069
223560	0.002640262156
223561	0.001512876196
223562	0.003005244842
223563	0.003513375522
223564	0.0008550873104
223565	0.006243390439
223566	0.001949161014
223567	0.01086310348
223568	0.001138171462
223569	0.001221432922
223570	0.0078888919
223571	0.004431073321
223572	0.004272754203
223573	0.002807216701
223574	0.003433151999
223575	0.002284904422
223576	0.001490992223
223577	0.001644456009
223578	0.01152628438
223579	0.002014562622
223580	0.002971735192
223581	0.001910835417
223582	0.0008187739369
223583	0.0003602456041
223584	0.01045687523
223585	0.004725971224
223586	0.006212769345
223587	0.0006321137145
223588	0.002496886422
223589	0.002771228909
223590	0.0003435781361
223591	0.003933847596
223592	0.00086929553
223593	0.004008286003
223594	0.004341463547
223595	0.001507341127
223596	0.00766950408
223597	0.0007908935258
223598	0.001238355345
223599	0.01020148608
223600	0.002565814007
223601	0.001141695627
223602	0.001226774464
223603	0.01118129093
223604	0.00264735199
223605	0.004240894667
223606	0.002840985738
223607	0.0007877474003
223608	0.001377149809
223609	0.002733103232
223610	0.001247759269
223611	0.009221603857
223612	0.00280964476
223613	0.0001218425129
223614	0.003774441766
223615	0.003471677866
223616	0.003854356977
223617	0.009893423709
223618	0.002369884766
223619	0.006781882118
223620	4.328787928e-05
223621	0.009722290657
223622	0.006136346168
223623	0.00334822857
223624	0.003511798835
223625	0.001873921589
223626	0.005589749161
223627	0.006612810957
223628	0.002129425946
223629	0.00330430757
223630	0.002179483415
223631	0.0005706806393
223632	0.002068734334
223633	0.001658326449
223634	0.005320398755
223635	0.002731779514
223636	0.002613430318
223637	0.003124525857
223638	0.001354413211
223639	0.01072392046
223640	0.0004308535988
223641	0.001118528296
223642	0.001065654654
223643	0.01142974091
223644	0.005482548911
223645	0.005830778765
223646	0.003067840347
223647	0.00139137878
223648	0.003170419319
223649	0.003667113969
223650	0.002765139762
223651	0.00194870687
223652	0.001071940245
223653	0.00622930592
223654	0.004652933296
223655	0.001087556327
223656	0.007050303996
223657	0.004258898818
223658	0.0009865484578
223659	0.005160539599
223660	0.001520709141
223661	0.007025663049
223662	0.003757630376
223663	0.001170890172
223664	0.002844814412
223665	0.002961844879
223666	0.002179370182
223667	0.001048701752
223668	0.001118403531
223669	0.0001374847403
223670	0.00436564436
223671	0.00770954796
223672	0.004120778096
223673	0.003169483213
223674	0.003632768494
223675	0.003469063346
223676	0.002517845792
223677	0.002991678037
223678	0.002409407852
223679	0.0003383745298
223680	0.003176673951
223681	0.001752367842
223682	0.002811413752
223683	0.004727279454
223684	0.003425719042
223685	0.003272420969
223686	0.002965672104
223687	0.003843721577
223688	0.002452710598
223689	0.00299843792
223690	0.0005411426206
223691	0.001592789002
223692	0.002532160412
223693	0.002808259863
223694	0.003727407582
223695	0.004139202569
223696	0.001659410116
223697	0.004723309222
223698	0.004650651317
223699	0.0161307341
223700	0.003474947854
223701	0.008922847975
223702	0.007774383459
223703	0.01003044318
223704	0.01321575281
223705	0.005891005269
223706	0.0001594906794
223707	0.006447596131
223708	0.001508741423
223709	0.00397390093
223710	0.00828240563
223711	0.0005892799088
223712	0.004833325878
223713	0.007477851353
223714	0.00339278306
223715	0.004025122139
223716	0.008408266761
223717	0.000165329757
223718	0.003261727237
223719	0.0009380239373
223720	0.001591828832
223721	0.004437909634
223722	0.007754783649
223723	0.005264139843
223724	0.005213455048
223725	0.005273416382
223726	0.006387113005
223727	0.002697593652
223728	0.004081841376
223729	0.0006901650346
223730	0.00223043917
223731	0.004508020347
223732	0.003100188882
223733	0.006380084346
223734	0.001321177371
223735	0.001503383595
223736	0.01224162863
223737	0.01246414534
223738	0.006308971186
223739	0.0004154645795
223740	0.001694098269
223741	0.004296796194
223742	0.006078176317
223743	0.01009146572
223744	0.004564437652
223745	0.007952295136
223746	0.0003545062832
223747	0.001769311698
223748	0.000661100785
223749	0.0003119522091
223750	0.0009694515304
223751	0.0008667999115
223752	0.001454419301
223753	0.01395625014
223754	0.0191340516
223755	0.01256355715
223756	0.0005723567875
223757	0.002108889241
223758	0.004090338492
223759	0.003930157197
223760	0.0009534042253
223761	0.003264898434
223762	0.008744750981
223763	0.008221637864
223764	0.005415640176
223765	0.002736078187
223766	0.003871058701
223767	0.004950899919
223768	0.008742505461
223769	0.008882883861
223770	0.01124257105
223771	0.002582594961
223772	0.0002397671052
223773	0.008187070913
223774	0.002267543158
223775	0.003424137622
223776	0.0001810610001
223777	0.00442716502
223778	0.01386673987
223779	0.01042630706
223780	0.0006258662887
223781	0.006654942319
223782	0.003493726844
223783	0.008554720689
223784	0.01020342556
223785	0.001009663921
223786	6.59842018e-05
223787	0.0003532929089
223788	0.0006605337715
223789	0.006991482202
223790	0.002031528634
223791	0.007749434025
223792	0.005006607348
223793	0.001251982552
223794	0.005544075258
223795	0.001991712763
223796	2.330040986e-06
223797	0.002928308651
223798	0.0004177660232
223799	0.004886355815
223800	0.000494770378
223801	0.0005164306572
223802	5.37698412e-05
223803	0.0005211809195
223804	0.0007249125665
223805	0.0003572902949
223806	0.0007944885208
223807	0.002368209111
223808	6.55475749e-05
223809	0.002616409476
223810	0.0007717825946
223811	0.007958833074
223812	0.003268136375
223813	0.007563271613
223814	0.003548522489
223815	0.0002978742065
223816	0.0009351928362
223817	0.00574480194
223818	0.00893569108
223819	0.006081566688
223820	0.006320541807
223821	0.004797248212
223822	0.001554931926
223823	0.0003025153527
223824	0.0009798159442
223825	0.00115464227
223826	0.001798659646
223827	0.0004554347215
223828	0.0003608907343
223829	0.000789680467
223830	0.0007276581628
223831	0.00367692885
223832	0.005642014221
223833	0.00505897572
223834	0.01120699143
223835	0.003036155077
223836	0.009536084472
223837	0.0006657204494
223838	0.005131860899
223839	0.0008276383491
223840	0.003572074287
223841	0.00496894508
223842	0.002257283315
223843	0.002959607005
223844	0.005682008459
223845	0.01310513009
223846	0.0001427306647
223847	0.01004255706
223848	0.004684452599
223849	0.005449985079
223850	0.002913976236
223851	0.004051459552
223852	0.01316732137
223853	0.007830169905
223854	0.006670241166
223855	0.005719420728
223856	0.01474764505
223857	0.0003472782738
223858	0.002791109627
223859	0.004506930898
223860	0.006936511463
223861	0.01332814161
223862	0.005150510178
223863	0.003937046403
223864	0.004903979952
223865	0.007462447666
223866	0.0004579388775
223867	0.001935066506
223868	0.004033535106
223869	0.002632214333
223870	0.0004487938896
223871	0.00645351258
223872	0.005531933267
223873	0.01006781469
223874	0.005576153055
223875	0.003842637705
223876	0.002772981352
223877	0.001445519514
223878	0.003176664572
223879	0.007375042739
223880	0.01305189779
223881	0.004996124639
223882	0.00483236103
223883	0.005017085361
223884	0.00437160725
223885	0.003270421174
223886	0.001382564248
223887	0.001620316145
223888	0.002947879951
223889	0.004831116669
223890	0.0177211189
223891	0.005682580157
223892	0.007268861949
223893	0.01175738649
223894	0.005503503235
223895	0.009319148373
223896	0.003419465146
223897	0.00351532866
223898	0.001349565556
223899	0.009124958756
223900	0.0007653406881
223901	0.0002202229502
223902	0.004650260541
223903	0.002970042058
223904	0.003559831632
223905	0.00549161474
223906	0.005841433959
223907	0.004295368496
223908	0.002331972446
223909	0.0007299367259
223910	0.003782899497
223911	0.003725656127
223912	0.004924259292
223913	0.008957897531
223914	0.009428755252
223915	0.01694250004
223916	0.01173716735
223917	0.002352234564
223918	0.004638488937
223919	0.006244250934
223920	0.0004281604588
223921	0.005139819759
223922	0.01075982237
223923	0.001202612067
223924	0.01731112276
223925	0.002456041909
223926	0.009908693285
223927	0.00126342514
223928	0.01398941544
223929	0.004348507443
223930	0.005074469984
223931	0.007945392016
223932	0.003604897037
223933	0.003607939616
223934	0.003198566138
223935	0.001426210419
223936	0.003141299082
223937	0.00218690695
223938	0.0001010716555
223939	0.005334700645
223940	0.005252054136
223941	0.0002711745265
223942	0.005044560332
223943	1.760359729e-05
223944	0.004627366336
223945	3.750670128e-05
223946	0.01207480392
223947	0.006585278813
223948	0.00191421501
223949	0.008474391394
223950	0.001821341116
223951	0.004670505646
223952	0.005302967579
223953	0.002020861048
223954	0.003396846522
223955	0.004986397203
223956	0.005370461717
223957	0.01354735328
223958	0.001731941801
223959	0.009208596981
223960	0.001246252763
223961	0.0001424884211
223962	0.0004257155575
223963	0.01737196881
223964	0.01677667018
223965	0.01700417725
223966	0.003406079009
223967	0.004662254877
223968	0.0008827866996
223969	0.007037873946
223970	0.003063062191
223971	0.005660372395
223972	0.0008183850726
223973	0.001183801871
223974	0.002082312959
223975	0.001293806538
223976	0.002344594203
223977	0.008845678371
223978	0.0003074809344
223979	0.007125401805
223980	0.003731800265
223981	0.004008275583
223982	0.002571668245
223983	0.002513110075
223984	0.005677789538
223985	0.004346871557
223986	0.005046807977
223987	0.0003201655426
223988	0.0007752175558
223989	0.0008540712536
223990	0.006501767954
223991	0.001698293298
223992	0.0005414269785
223993	0.009290723113
223994	0.001096121744
223995	0.003674469564
223996	0.0004483497999
223997	0.001915637085
223998	0.003426892878
223999	0.00388106455
224000	0.0005746257364
224001	0.001370119977
224002	0.002547714348
224003	0.002254871123
224004	0.001566026105
224005	0.00245981299
224006	6.856644486e-05
224007	0.004595698095
224008	0.001347015683
224009	0.002103769395
224010	0.004354129029
224011	0.006480856399
224012	0.001859710285
224013	0.002169731488
224014	9.588784775e-05
224015	0.002100424042
224016	0.0005862474567
224017	0.0002612085973
224018	0.0002968892357
224019	0.005877487649
224020	0.001607822015
224021	0.001420178835
224022	0.0002803648626
224023	0.001892934427
224024	0.003654888541
224025	0.001509541872
224026	0.0006731824859
224027	0.005292217158
224028	0.0008602810114
224029	9.841427129e-05
224030	0.003794345
224031	0.001841110792
224032	0.0006281122261
224033	0.001290875431
224034	0.001759043412
224035	0.002599161013
224036	1.36986793e-06
224037	0.002776755723
224038	0.002310878806
224039	0.001200227709
224040	0.0005321961826
224041	0.0008671921735
224042	0.001433039223
224043	0.0005133233679
224044	0.01191608652
224045	0.0003728108793
224046	0.005674732353
224047	0.002521501794
224048	0.001416234811
224049	0.003327075126
224050	0.005604612663
224051	0.0004632635713
224052	0.0009493377082
224053	0.001648740723
224054	0.001688568083
224055	0.0003620843393
224056	0.0009280886354
224057	7.023648917e-05
224058	0.001877738827
224059	0.004121648536
224060	0.01279775083
224061	0.0003314056132
224062	0.002475616103
224063	0.00310723998
224064	0.001108703826
224065	0.004353063448
224066	0.001969693084
224067	0.0008212975916
224068	0.001506104253
224069	0.0001994616898
224070	0.0007285371052
224071	0.001445204966
224072	0.0004078677581
224073	0.004060397138
224074	0.003603410604
224075	0.001049837338
224076	0.003749094427
224077	0.007627341379
224078	0.002626417175
224079	0.001393093034
224080	0.001933379801
224081	0.005215680722
224082	0.01656503894
224083	0.001074429804
224084	0.002199097713
224085	0.005023944338
224086	0.01278619576
224087	0.0005849711859
224088	0.003230916173
224089	0.01018519742
224090	0.0004581250074
224091	0.0001624602751
224092	0.008461820087
224093	0.005356981375
224094	0.01119935787
224095	0.002182852777
224096	0.0003535811538
224097	0.00404895276
224098	0.008571368198
224099	0.002495701067
224100	0.00415477208
224101	0.0007882591636
224102	0.0001708211086
224103	0.005415837562
224104	0.00304120452
224105	0.007319140176
224106	0.01068217916
224107	0.001480799816
224108	0.002501634589
224109	0.009817581779
224110	0.005062299157
224111	0.009320678522
224112	0.007760846954
224113	0.002677656487
224114	0.001069386363
224115	9.531080292e-05
224116	0.0003703997816
224117	0.004310438045
224118	0.005493481065
224119	0.002727172657
224120	0.002380497547
224121	0.01231986398
224122	0.004919173723
224123	0.001658922591
224124	0.001552901412
224125	0.009989745215
224126	0.000931723543
224127	0.0003345593798
224128	0.0009724071306
224129	0.01194932255
224130	0.003998685294
224131	0.01303995042
224132	0.004121782895
224133	0.0007087293846
224134	0.001168512473
224135	0.0006768775724
224136	0.002386378845
224137	0.006047503401
224138	0.007846038345
224139	0.008747575953
224140	0.01504482736
224141	0.004087769412
224142	0.0004562099524
224143	0.005864826546
224144	0.009121464114
224145	0.003397594126
224146	0.008538651707
224147	0.003392627283
224148	0.01117277954
224149	0.003646310476
224150	0.006416666633
224151	0.004857796846
224152	0.002091537782
224153	0.000564031068
224154	0.002891121429
224155	0.008477784031
224156	0.0004665002031
224157	0.003141411005
224158	0.001366061565
224159	0.002549578343
224160	0.013566777
224161	0.004069892919
224162	0.005397146131
224163	0.00803210174
224164	0.006054069042
224165	0.01205161888
224166	0.008316847892
224167	0.00952342642
224168	0.004228087065
224169	0.01145688753
224170	0.007873867573
224171	0.001087953915
224172	0.006231826118
224173	0.001175928603
224174	0.002103273495
224175	0.002553378914
224176	0.0008406989579
224177	0.001183302162
224178	0.007600678503
224179	0.006667157081
224180	0.002897945457
224181	0.004746712512
224182	0.002986838249
224183	0.003866168391
224184	0.000418238349
224185	0.007532584948
224186	0.002099014728
224187	0.009438545014
224188	6.705831385e-05
224189	0.002962943759
224190	0.001486006988
224191	0.0006420416614
224192	0.005199048296
224193	0.008681043974
224194	0.006376362701
224195	0.005585000024
224196	0.01017558624
224197	0.004378999812
224198	0.001772162688
224199	0.005608526867
224200	0.003413217348
224201	0.003824873474
224202	0.009358669024
224203	0.004799869657
224204	0.002609013383
224205	0.01169121174
224206	0.0008283480828
224207	0.001778345418
224208	0.001766568971
224209	0.01313995393
224210	0.004245790079
224211	0.00166105551
224212	0.0002699249042
224213	0.001513606113
224214	0.0070756621
224215	0.001428215861
224216	0.007532823945
224217	0.01714823866
224218	0.001079474092
224219	0.00170797388
224220	0.003426651461
224221	0.002545565758
224222	0.001164130223
224223	0.0008852454901
224224	0.002009238524
224225	0.01391154016
224226	0.00576478624
224227	0.002617728586
224228	0.006300515306
224229	0.002473547511
224230	0.005814177978
224231	0.01352189591
224232	0.001855837071
224233	0.001819664262
224234	0.0006439536185
224235	0.000402338589
224236	0.00572193637
224237	0.003167108493
224238	0.002114851095
224239	0.003804466636
224240	0.0007786533004
224241	0.0008546035229
224242	0.001781506386
224243	0.00385121963
224244	0.007997302103
224245	0.01269906311
224246	0.01597404016
224247	0.0001255228357
224248	0.004371904631
224249	0.008463817932
224250	0.01419114523
224251	0.001835707804
224252	0.002180231605
224253	0.01281883761
224254	0.002417725486
224255	0.007261143383
224256	0.003701232131
224257	0.002040719157
224258	0.002469119831
224259	0.00257108731
224260	0.002804687617
224261	0.008963613007
224262	9.639710874e-05
224263	0.001399378153
224264	0.01063669166
224265	0.008400233841
224266	0.003437627514
224267	0.0002659392569
224268	0.009761495496
224269	0.02261783294
224270	0.0009181749221
224271	0.003987206538
224272	0.006832215581
224273	0.0002081815388
224274	0.002964328956
224275	0.001506817637
224276	0.006232669444
224277	0.001423599668
224278	0.006042209546
224279	0.001332970134
224280	0.000493168025
224281	0.003380927705
224282	0.002392822235
224283	0.01060163349
224284	0.000763272294
224285	0.006447056681
224286	0.003663793187
224287	0.0002966625118
224288	0.001684598756
224289	0.007095453534
224290	0.0002916238834
224291	0.002727453779
224292	0.004210468527
224293	0.004911293029
224294	0.01126938353
224295	0.006633659605
224296	0.002434023483
224297	0.008297674238
224298	0.003223077753
224299	0.002273662889
224300	0.0006232604423
224301	0.006624769645
224302	0.003422101459
224303	0.01064288675
224304	0.004960013336
224305	0.006736349218
224306	0.004846022583
224307	0.004661047299
224308	0.003882775152
224309	0.01153743537
224310	0.005245291809
224311	0.01749072288
224312	0.0003655467763
224313	0.002563308931
224314	0.006398917339
224315	0.008798272668
224316	0.0028048042
224317	0.00229344788
224318	0.006345776203
224319	0.00493039014
224320	0.0005524768947
224321	0.003399496978
224322	0.00844429047
224323	0.005119055655
224324	0.005930165703
224325	0.006551718189
224326	0.01023140074
224327	0.002658341231
224328	0.0003177261756
224329	0.007405326701
224330	0.003573685182
224331	0.001356624962
224332	0.006715170498
224333	0.008675351863
224334	0.009069301954
224335	0.0006049976231
224336	0.006756115204
224337	0.002477777394
224338	0.00387786314
224339	0.005228306339
224340	0.009609892627
224341	0.007968616638
224342	0.002767091523
224343	0.00269019536
224344	0.002149941831
224345	0.0006144507452
224346	0.004064753147
224347	0.007330358612
224348	0.001951429266
224349	0.0009198212407
224350	0.002041301468
224351	0.0003218062591
224352	0.01789462574
224353	0.00728406599
224354	1.381574385e-05
224355	0.002054657589
224356	0.003148915106
224357	0.0001893564137
224358	1.165635119e-05
224359	0.006270932275
224360	0.004293992782
224361	0.002362526483
224362	0.002151200146
224363	0.001948807416
224364	0.000242896559
224365	0.005468328932
224366	0.007171101841
224367	0.002145178541
224368	0.0002544756863
224369	0.001933692288
224370	0.001929549623
224371	0.005364277933
224372	0.000770666688
224373	0.002789837962
224374	0.004266447218
224375	0.003354663307
224376	0.002669428839
224377	0.0158633353
224378	0.001103693654
224379	0.01167053637
224380	0.005451245831
224381	0.002337570477
224382	0.01055775244
224383	0.005604615552
224384	0.00386697759
224385	0.01176778997
224386	2.897524603e-05
224387	0.009010514955
224388	0.003146071426
224389	3.047325009e-05
224390	0.001756472994
224391	0.001584756724
224392	0.007774332787
224393	0.003823348536
224394	0.0006731292495
224395	0.001699399391
224396	0.0001425354235
224397	0.003904038828
224398	0.001045161648
224399	0.005510469708
224400	0.0009989069342
224401	0.01561760505
224402	0.009123723683
224403	0.001317711107
224404	0.002615225272
224405	0.008068808153
224406	0.0002302792002
224407	0.002180192699
224408	0.0004375763046
224409	0.007876260095
224410	0.01162139605
224411	0.002298237807
224412	0.001987547237
224413	0.0009870497164
224414	0.001834447059
224415	0.007927839147
224416	0.001260862784
224417	0.000133367417
224418	0.001127633786
224419	0.002864649964
224420	0.005265090737
224421	0.001564304076
224422	0.009277667191
224423	0.007849802999
224424	0.0004742354653
224425	0.0001782320031
224426	0.00335021776
224427	0.002846430332
224428	0.0009181706667
224429	0.002288404423
224430	0.004455341183
224431	0.00551144839
224432	0.000215043241
224433	0.000875374036
224434	0.005434810796
224435	0.0002347985052
224436	0.0008186823106
224437	0.009505085875
224438	0.005064799131
224439	0.009614546405
224440	0.004511120058
224441	0.003956934169
224442	0.01095175092
224443	0.000581395553
224444	0.002020860451
224445	0.002147472509
224446	0.007347581467
224447	0.003119299527
224448	0.003141199799
224449	1.391119393e-05
224450	0.002219160341
224451	0.002281761119
224452	0.01677286066
224453	0.01333842592
224454	0.004469262377
224455	0.0005490489073
224456	9.050838696e-06
224457	0.009016440884
224458	0.002911988877
224459	0.004578484783
224460	0.001190416119
224461	0.008101578819
224462	0.01599182539
224463	0.007618319518
224464	0.003041691523
224465	0.009780646117
224466	0.002808890414
224467	0.01417092214
224468	0.002292298478
224469	0.001533748952
224470	0.001629338552
224471	0.0008022344913
224472	0.004288713985
224473	0.004244466151
224474	0.001084875178
224475	0.003723406666
224476	0.0005345651206
224477	0.00403285527
224478	0.003769412861
224479	0.007260999416
224480	0.009159493961
224481	0.006336658819
224482	0.0003122015415
224483	0.0008921954518
224484	0.001258116969
224485	0.0002615143378
224486	0.001131109419
224487	0.0005051771162
224488	0.0003331567803
224489	0.001583175233
224490	0.005192821795
224491	0.01010968811
224492	0.0004614933067
224493	0.005451662932
224494	0.002712442002
224495	0.006001825037
224496	0.000446140639
224497	0.001726734925
224498	0.0003140131156
224499	0.003300530549
224500	0.005971951855
224501	0.002471777103
224502	0.01510615331
224503	0.009815857932
224504	0.007735425438
224505	0.002192584308
224506	0.002694704408
224507	0.004654976415
224508	0.003258165784
224509	0.0007273806644
224510	0.003310697356
224511	0.001578449693
224512	0.01265489542
224513	0.01228387154
224514	0.006767927697
224515	0.001695899723
224516	0.006310628658
224517	0.00154347719
224518	0.0006435154238
224519	0.001619171821
224520	0.01059350789
224521	0.0101638106
224522	0.005527134717
224523	0.003400210114
224524	0.01111486172
224525	0.005951790086
224526	0.01058083357
224527	0.02201247949
224528	0.002263432436
224529	0.0008521761401
224530	0.001493782224
224531	0.0002500207945
224532	0.005470955055
224533	7.802066664e-05
224534	0.001536374934
224535	0.003822190226
224536	0.004589816286
224537	0.004957529582
224538	0.01042019756
224539	0.001200045347
224540	0.000384197122
224541	0.001771801754
224542	0.004576215219
224543	0.004467445292
224544	0.001853575526
224545	0.01577843396
224546	0.003138093288
224547	0.01401354319
224548	0.00418364362
224549	0.003441875208
224550	0.002223508786
224551	0.004998850798
224552	0.008515316265
224553	0.007238478486
224554	0.005679152169
224555	0.004042517574
224556	0.004862356356
224557	0.01061577543
224558	0.007570324211
224559	0.007122814244
224560	0.001181071989
224561	0.008598652981
224562	0.005727102102
224563	0.002927191315
224564	0.007677647511
224565	0.0008862512253
224566	0.001607028983
224567	0.008530284438
224568	0.0004598953505
224569	0.004758638057
224570	0.009977297418
224571	0.006270029854
224572	0.003693747452
224573	0.001415009063
224574	0.007565502847
224575	0.003318652449
224576	0.00511716424
224577	0.009036639416
224578	0.004221333499
224579	0.006220826937
224580	0.002264979101
224581	0.002484127327
224582	0.01823012177
224583	0.007348097456
224584	0.008035017029
224585	0.006539874042
224586	0.001434477799
224587	0.0004959271627
224588	0.009100689917
224589	0.009380345688
224590	0.0001204392368
224591	0.005772257685
224592	0.005253175685
224593	0.0006311012956
224594	9.661188311e-05
224595	0.001079485574
224596	0.0007162456052
224597	0.003836591033
224598	0.002238511912
224599	0.001291120506
224600	0.0003552988126
224601	0.005136130951
224602	0.001553558974
224603	0.005000216236
224604	0.004963167189
224605	0.008075874223
224606	0.001056830663
224607	0.005515427264
224608	0.003681522525
224609	0.01055949036
224610	0.00313669107
224611	0.001355356477
224612	0.002161054464
224613	0.002858098251
224614	0.001939800013
224615	0.0008252552397
224616	0.003735608661
224617	0.004964188217
224618	0.01464937957
224619	0.006051577099
224620	0.004904169068
224621	0.005504904067
224622	0.004868859996
224623	0.001535741016
224624	0.004856904249
224625	0.003180421032
224626	0.005899918709
224627	0.0007267135647
224628	0.001314054364
224629	0.001955544638
224630	0.002798267431
224631	0.0006992220132
224632	0.002563505058
224633	0.0005667383724
224634	0.002894815909
224635	0.006839802195
224636	0.009995048338
224637	0.001151022279
224638	0.0006468208616
224639	0.001643595238
224640	0.004397778817
224641	0.0044040785
224642	0.005061434755
224643	0.001134447463
224644	0.0002102648889
224645	0.004755164451
224646	0.003826075387
224647	0.0006434845053
224648	0.0005464971911
224649	0.0009023791728
224650	0.00144105992
224651	0.0007305031155
224652	0.008095419249
224653	0.01071447735
224654	0.009154627827
224655	0.002388793691
224656	0.005557558061
224657	8.207649881e-05
224658	0.003150023446
224659	0.001814626704
224660	0.005060425417
224661	0.002308623301
224662	0.00155902017
224663	0.000847685245
224664	0.002130210657
224665	0.002369790985
224666	0.002657107077
224667	0.001526668929
224668	0.002618548024
224669	0.002417760392
224670	0.0001011592048
224671	0.0001477007365
224672	0.0004648103609
224673	0.001039052689
224674	4.954099786e-06
224675	0.002174661395
224676	6.253192619e-06
224677	0.002301822954
224678	0.001329888504
224679	0.004636987554
224680	0.0001750183763
224681	0.002104958247
224682	0.01285797479
224683	0.0012010803
224684	0.0004354196648
224685	0.0003240548159
224686	0.001766143697
224687	0.002927945463
224688	0.004455198153
224689	0.005814398843
224690	0.00128753126
224691	0.007907477067
224692	0.0008739635792
224693	0.0005947023636
224694	0.001435905895
224695	2.168663773e-05
224696	0.002605585033
224697	0.002814023013
224698	0.00167989615
224699	0.0006193821812
224700	0.002223679922
224701	0.01344959648
224702	0.006072137025
224703	0.00440893214
224704	0.003713755465
224705	0.003211400594
224706	0.00447787017
224707	0.001869806603
224708	0.002082423015
224709	0.005630485875
224710	0.007908148702
224711	0.000461568084
224712	2.61915515e-05
224713	0.0007370321435
224714	9.656209797e-05
224715	0.0001381038437
224716	0.0008907131743
224717	0.0001693673742
224718	0.001231526957
224719	0.0003509026358
224720	0.003478523149
224721	0.001173979676
224722	0.0007577869115
224723	0.002475533636
224724	0.0009885318105
224725	0.0001657501324
224726	0.0008442661575
224727	0.0007046389559
224728	0.0007705598477
224729	0.0002314488038
224730	7.960926801e-06
224731	0.0005533983844
224732	0.0003956291954
224733	0.0004409440121
224734	0.0008708886325
224735	0.003206176211
224736	0.001352292074
224737	0.0002944479566
224738	0.0001013353023
224739	0.001240474278
224740	0.00177576024
224741	9.434679916e-05
224742	0.001702804469
224743	0.002218108152
224744	0.001361335156
224745	0.00165470498
224746	0.0007577562469
224747	0.0001642350999
224748	0.001325436882
224749	0.0001492535566
224750	0.001811782579
224751	0.002415304816
224752	0.002664389883
224753	0.001736393035
224754	0.001432843292
224755	0.003071770451
224756	0.0001572184734
224757	0.00109039808
224758	0.004595842872
224759	0.003668253095
224760	0.003634475209
224761	0.002407868151
224762	0.002445009312
224763	0.001634867538
224764	0.0005037349393
224765	0.009867501121
224766	0.002267231944
224767	0.009780439859
224768	0.007386699541
224769	0.01164896781
224770	0.002405555041
224771	0.0008899988233
224772	0.01207038293
224773	0.01095662811
224774	1.8155898e-05
224775	0.003467655766
224776	0.003680474952
224777	0.00210127744
224778	0.006610084981
224779	0.001440692404
224780	0.004160512501
224781	0.006500534611
224782	0.008038805495
224783	0.0005407278484
224784	0.007440932425
224785	0.005829695275
224786	0.001491339432
224787	0.00624500244
224788	0.00610200167
224789	0.002095429359
224790	0.002537222662
224791	0.005649862565
224792	3.278590024e-06
224793	0.001979163678
224794	6.510865942e-05
224795	0.0003220632323
224796	0.001824202399
224797	0.001968858418
224798	0.005375478272
224799	9.427210828e-05
224800	3.080279661e-07
224801	0.004164761885
224802	9.643543466e-05
224803	0.002195712514
224804	0.009978027069
224805	0.001625992249
224806	0.0005610693201
224807	0.001808458504
224808	0.002148591884
224809	0.001467696784
224810	0.001999683229
224811	0.001318193744
224812	0.003573195049
224813	0.0003324562896
224814	0.0006220785985
224815	0.001535210227
224816	0.001360720376
224817	0.0005717468349
224818	0.005493101879
224819	0.001424672816
224820	0.001174678648
224821	0.00107325608
224822	0.00135956125
224823	0.004426352168
224824	0.0008160096899
224825	0.0006331153913
224826	0.0009209340818
224827	0.002782225687
224828	0.0003205555586
224829	0.002168109728
224830	0.0009030816191
224831	0.001262891068
224832	0.0004218918956
224833	0.001504093288
224834	0.0006913453207
224835	0.000432104213
224836	0.0006286600738
224837	0.0003168883272
224838	0.0006183448588
224839	0.0006638308241
224840	0.002893404017
224841	3.502046384e-05
224842	0.0002232299507
224843	0.002386934355
224844	0.002075302883
224845	0.003111960539
224846	0.00109378494
224847	0.001864631032
224848	0.002101034312
224849	0.001423552478
224850	0.001774721009
224851	0.0006065597369
224852	0.001816921031
224853	0.01198185227
224854	0.002132375377
224855	0.0008158946686
224856	0.001928550086
224857	0.002515869295
224858	0.001150182233
224859	0.00106816889
224860	0.0009427596899
224861	0.003444746147
224862	0.00812213394
224863	0.0005984552712
224864	0.002101536274
224865	0.002455664863
224866	0.005005818185
224867	0.001277418331
224868	0.0008456860143
224869	0.001639194773
224870	0.002090472526
224871	4.131365846e-05
224872	0.001926352012
224873	0.0081961865
224874	0.002502521614
224875	0.008070904973
224876	0.0104571282
224877	0.003255684467
224878	0.00199709401
224879	0.002673810461
224880	0.006206278617
224881	0.009770382146
224882	0.0060275199
224883	0.005503655718
224884	0.0003798541012
224885	0.001761017051
224886	0.003277210288
224887	0.01609370319
224888	0.006930843139
224889	0.0007766737159
224890	0.01100007339
224891	0.000341787179
224892	0.009787986979
224893	0.004001900915
224894	0.01449817763
224895	0.006165262647
224896	0.005924201855
224897	0.008480639054
224898	0.0001460226872
224899	0.00555437488
224900	0.005899065128
224901	0.007160065813
224902	0.0002574595904
224903	0.01410133485
224904	0.01099437361
224905	0.004178763413
224906	0.002227373352
224907	0.0003256511477
224908	0.005266478747
224909	0.0005080335996
224910	0.001006680348
224911	0.006673997948
224912	0.001021466418
224913	0.0007775900416
224914	0.0003820363553
224915	0.0007940589239
224916	5.8284396e-05
224917	0.0006354669004
224918	0.0007550294222
224919	0.003990530623
224920	0.000370805216
224921	0.001180270302
224922	0.001541369991
224923	0.0006039994567
224924	0.0008832202152
224925	6.616069578e-05
224926	0.00169997309
224927	0.00125836139
224928	0.0003146272732
224929	0.001268367175
224930	1.321178687e-05
224931	0.001242657601
224932	0.003848680754
224933	0.0007767773097
224934	0.001975347248
224935	0.002922689909
224936	0.002646063343
224937	0.00117222229
224938	0.0003886897693
224939	0.00239167789
224940	0.0004661534557
224941	0.001198112642
224942	0.0005241415534
224943	0.0004664832313
224944	0.0005111964479
224945	0.0008415519594
224946	0.00122883647
224947	0.002608096651
224948	1.810396806e-05
224949	0.0005429814315
224950	0.003971753833
224951	0.002236296075
224952	0.002008388312
224953	0.004103292578
224954	0.0006320773971
224955	0.0004513756954
224956	0.005049015795
224957	0.001894666019
224958	0.0008549241325
224959	0.00916358267
224960	0.00685077438
224961	0.0001172584774
224962	0.001736445965
224963	0.003009273438
224964	0.001055230773
224965	0.002169016321
224966	0.001589593288
224967	0.003759258908
224968	0.001010108877
224969	0.002801244488
224970	0.0003987346464
224971	0.0001746260914
224972	0.0008344631378
224973	0.0006029855185
224974	6.287676664e-05
224975	0.0006159902921
224976	0.0002831768981
224977	0.001507667315
224978	0.001468569104
224979	8.159292365e-05
224980	0.0002692898267
224981	0.001797577059
224982	0.002046143259
224983	0.0004245662046
224984	0.001886341009
224985	0.002185718768
224986	0.0008844928446
224987	0.004365159345
224988	0.002315469771
224989	0.001286444128
224990	0.0001485077351
224991	0.001589831609
224992	0.001403944895
224993	0.001071799305
224994	0.0006071464611
224995	0.002188013677
224996	0.001664425433
224997	0.0009381633251
224998	0.001640189817
224999	0.002203754275
225000	0.005622417069
225001	0.001037081429
225002	0.001126063649
225003	0.004800535979
225004	0.001026549319
225005	3.769908953e-05
225006	0.001558803839
225007	0.0001450630876
225008	0.002798842098
225009	0.002269681859
225010	0.0004214277002
225011	0.0008912421381
225012	0.003744793833
225013	0.009144019822
225014	0.001058590457
225015	0.0009393550528
225016	0.0002815218531
225017	0.0003929779004
225018	0.0007006215149
225019	0.002521087574
225020	0.001373447757
225021	0.001086019677
225022	0.001462223987
225023	0.0002270475258
225024	0.001634943335
225025	0.001156861241
225026	0.0006990776485
225027	0.0001482655436
225028	0.001004615288
225029	0.001170883167
225030	0.001134290868
225031	0.0002547528257
225032	0.0004202915474
225033	0.0004895859088
225034	0.0006297410806
225035	0.00257133851
225036	0.0003440844545
225037	0.001237984372
225038	0.001333203629
225039	0.003644934867
225040	0.002326916835
225041	0.004365277297
225042	0.0003445149578
225043	0.00112347526
225044	0.00139769116
225045	0.0003006650769
225046	0.001981013087
225047	0.0002410284932
225048	0.0007482889356
225049	0.0001127061133
225050	0.0002884940794
225051	0.001884296171
225052	0.002696771526
225053	0.003715317475
225054	0.0001044355626
225055	0.0001780082414
225056	0.0003893581508
225057	0.0005334027342
225058	0.003999140058
225059	0.000448252924
225060	1.061883943e-05
225061	0.0009993996292
225062	3.075465412e-05
225063	0.0004479920822
225064	0.001383206272
225065	0.0006730210471
225066	0.0002532713498
225067	0.0005668709353
225068	0.0009789737098
225069	0.001077247822
225070	0.0007978030236
225071	0.001801036063
225072	0.0009911701003
225073	0.001650166719
225074	0.0006366579865
225075	0.002718702621
225076	0.00249493629
225077	0.002337706205
225078	0.0004282564724
225079	0.001721929442
225080	0.001203983242
225081	0.000215634401
225082	0.0002721225029
225083	0.001177709634
225084	0.001668201319
225085	4.151599024e-05
225086	0.001593925003
225087	1.692797143e-05
225088	0.00721617866
225089	0.001885944379
225090	0.004592118526
225091	9.31395292e-07
225092	0.0003202697925
225093	1.185807588e-05
225094	0.0006528334247
225095	0.0007294044525
225096	0.0009325207019
225097	0.00145618789
225098	0.0002946048239
225099	0.001936563676
225100	0.001902114752
225101	0.002697459657
225102	0.0003578614611
225103	0.00128343222
225104	0.000526162221
225105	0.006343838314
225106	0.0008734982
225107	0.000632637527
225108	1.059203599e-05
225109	7.536474449e-05
225110	0.0009228239254
225111	0.0008236891727
225112	0.001352508044
225113	0.001369061692
225114	0.0001167787606
225115	0.001216407198
225116	0.001310071216
225117	0.002120744802
225118	0.001697696569
225119	0.001467171668
225120	0.001135371336
225121	0.0004208725333
225122	0.0006369144131
225123	0.001198754505
225124	0.003019650783
225125	0.000819686878
225126	0.003164173794
225127	0.003877072303
225128	0.0009234223837
225129	0.0005397774631
225130	0.0007905558206
225131	0.0008369828903
225132	0.001372536041
225133	0.000120767461
225134	0.00540354374
225135	0.000111705737
225136	0.0003040500443
225137	0.001721278631
225138	0.001682356185
225139	0.001689775809
225140	0.001040285389
225141	0.0009014456753
225142	0.0007659389881
225143	0.001127407543
225144	0.001707425362
225145	2.729816128e-05
225146	0.0004181031085
225147	1.141287299e-05
225148	0.0002460456193
225149	0.0003131953588
225150	0.0005139419375
225151	4.695566038e-05
225152	0.005773990524
225153	0.001763922745
225154	0.0004189201707
225155	0.001557605645
225156	0.001946714102
225157	0.001303515659
225158	0.0003874073492
225159	0.00446812785
225160	0.001335382569
225161	0.0004703561119
225162	0.0003271856432
225163	0.001183074269
225164	0.001329973688
225165	0.0004551498349
225166	0.001439440203
225167	0.0002147740635
225168	0.0008271056179
225169	2.22391684e-05
225170	0.002230221138
225171	0.00237197255
225172	0.003193976086
225173	8.461417049e-05
225174	0.0005672199709
225175	0.001337150506
225176	0.0005934094827
225177	0.00123178036
225178	0.0009228314382
225179	0.005746305212
225180	0.002592623292
225181	0.0001755062724
225182	0.003177398724
225183	0.001287904338
225184	0.001666984087
225185	0.0003173568641
225186	0.0008644653923
225187	0.0004507690783
225188	0.001637364825
225189	0.003131206983
225190	0.001175166837
225191	0.003394872088
225192	0.004318600532
225193	0.0007077280674
225194	0.0007874979753
225195	0.0006334703192
225196	0.003417292758
225197	0.0004798072592
225198	0.003050401295
225199	0.003010702249
225200	0.005187709624
225201	0.001992218237
225202	0.00141254871
225203	0.002051336807
225204	0.002705163429
225205	0.002392326688
225206	0.001531251644
225207	0.0007342812318
225208	0.0001966426533
225209	0.001471368508
225210	0.0006854567621
225211	0.0004382046693
225212	0.000710318468
225213	2.536171348e-05
225214	0.0005758292711
225215	0.001612340905
225216	0.000539292307
225217	0.001580500007
225218	0.001509182796
225219	0.0008435400078
225220	0.0001314160959
225221	0.0009127422337
225222	0.002044092406
225223	0.001533760296
225224	5.916248058e-05
225225	0.001722881529
225226	2.113829353e-05
225227	0.0008752059684
225228	0.001679420016
225229	0.0008451205188
225230	0.001619377543
225231	0.001274635721
225232	0.00209956806
225233	0.001441648166
225234	0.0005425980276
225235	0.0006853568728
225236	0.0001194065092
225237	0.0004764608983
225238	0.0005384094029
225239	0.0002100500664
225240	0.0004398938292
225241	0.001045125326
225242	0.001317794679
225243	0.0006811452606
225244	0.0002859575726
225245	0.002285399599
225246	0.0002575394305
225247	0.001235445125
225248	0.000696180175
225249	0.004498905909
225250	0.0007914226927
225251	0.0007365545593
225252	0.001394141649
225253	0.0009731026666
225254	0.001931089021
225255	0.0009940931166
225256	0.0006755025057
225257	0.0009600764269
225258	0.0004336424164
225259	0.001820148733
225260	7.92319094e-05
225261	0.001172888676
225262	0.0001444799435
225263	0.002957888306
225264	0.001954710553
225265	0.002496829574
225266	0.001038958564
225267	0.0001965898132
225268	0.000539786532
225269	0.0003599037167
225270	6.013473923e-05
225271	0.0003149217969
225272	0.001991150505
225273	0.002860557731
225274	0.0002535196544
225275	0.0008767578842
225276	0.0001569763101
225277	0.003249201365
225278	0.0008757686584
225279	0.0003219820056
225280	0.0008374657791
225281	0.002161672734
225282	0.002014262843
225283	0.001002619033
225284	0.0006336064179
225285	0.001059744053
225286	0.002382562441
225287	0.001912067583
225288	0.001498803205
225289	0.00196469187
225290	0.00106867593
225291	9.015800495e-05
225292	0.0006047716507
225293	0.0003605330123
225294	0.0005411463111
225295	0.001026095835
225296	0.003381038764
225297	0.0003187738023
225298	0.001730253007
225299	0.0002828806343
225300	0.0002733582706
225301	0.000582426686
225302	0.002365928884
225303	0.0001497411098
225304	0.0005646250936
225305	0.004395066003
225306	0.003846421501
225307	0.001279059711
225308	9.190313028e-05
225309	0.002287402115
225310	0.001156516727
225311	0.0002248456042
225312	0.0001825433453
225313	0.00176007902
225314	0.00254557609
225315	0.002434500499
225316	0.001526391831
225317	0.003865034526
225318	0.001292843221
225319	0.0005344973787
225320	0.001584580397
225321	0.002632476765
225322	0.003021514368
225323	5.876194525e-05
225324	0.0002046768801
225325	0.001374631473
225326	0.0003331629411
225327	0.005401145323
225328	0.0003066299698
225329	0.0002071893456
225330	0.001829840386
225331	0.00203208402
225332	0.00528765391
225333	0.002156443498
225334	0.001614262314
225335	0.0009694026054
225336	0.0009599802691
225337	0.0006000345944
225338	0.0007314243554
225339	0.00262578699
225340	0.001340536667
225341	0.000767614086
225342	0.00138888443
225343	0.00134415611
225344	2.403286997e-05
225345	0.003118765385
225346	0.0008165513353
225347	0.001941906296
225348	0.0008033882674
225349	0.001947873728
225350	0.0003138876348
225351	0.0003379047869
225352	0.0002558916156
225353	0.0007820123349
225354	0.002287171002
225355	0.001306184166
225356	0.0001077326514
225357	0.0002080788596
225358	0.000973046231
225359	0.001731194795
225360	0.003656802518
225361	5.808286024e-05
225362	0.001628598291
225363	0.001911200007
225364	0.0009818915788
225365	0.001653136009
225366	0.0003029384212
225367	0.0006059230986
225368	9.590559767e-05
225369	0.0006888048962
225370	0.002060918814
225371	0.002898915354
225372	0.001842344601
225373	0.0002606011576
225374	0.001459535417
225375	0.0006307530977
225376	0.001029510697
225377	0.001654028703
225378	0.0006679441371
225379	0.0003437161738
225380	0.005887027225
225381	0.0009124643552
225382	0.001104637885
225383	0.0004068760588
225384	0.0002554475634
225385	0.00275231224
225386	0.0001529960326
225387	0.00406432082
225388	0.0008510367397
225389	0.005784027607
225390	0.001749402761
225391	0.0001350606629
225392	0.002299116003
225393	0.001298861247
225394	0.002405643175
225395	0.001270620214
225396	0.001451896166
225397	0.0008589519069
225398	0.001202122373
225399	0.001623515415
225400	0.000721488458
225401	0.0008784850228
225402	0.0009471962087
225403	5.676433171e-05
225404	0.001044170913
225405	0.001456157717
225406	0.009097204504
225407	0.0005867551512
225408	0.0005555446719
225409	0.003353127375
225410	0.002983013473
225411	0.009337853982
225412	0.0005520896981
225413	0.0003033245849
225414	0.007850031938
225415	0.004504892784
225416	0.002272830377
225417	0.001731783585
225418	0.0003047298384
225419	0.002006253146
225420	0.0003046072066
225421	0.0002524569798
225422	0.001503301959
225423	0.0003721421905
225424	0.001113712021
225425	0.000761658208
225426	0.001065076653
225427	0.001271165126
225428	0.0003519237581
225429	0.001113161492
225430	0.0007035156955
225431	0.003522479177
225432	0.0004380826408
225433	0.002067360193
225434	0.001175868727
225435	0.0008743555151
225436	0.003822117379
225437	0.0001641911379
225438	0.0005152723807
225439	0.0004311581479
225440	0.001047679685
225441	0.0009106912577
225442	0.001605255989
225443	8.362053006e-06
225444	0.00141682994
225445	0.0001658777843
225446	0.0009415980824
225447	0.001548640077
225448	0.001042229277
225449	0.0001763056207
225450	0.00129653661
225451	0.002249157845
225452	0.001644452977
225453	0.001873193787
225454	0.0003050030781
225455	0.003076297608
225456	5.997995841e-05
225457	0.001312290566
225458	0.0008862158698
225459	0.0006094444436
225460	0.0022028821
225461	0.001459239703
225462	0.0003802258535
225463	0.0006285698605
225464	0.0005334026171
225465	0.0009032886942
225466	0.001667507758
225467	0.0008022092079
225468	0.0007580724208
225469	4.23276415e-05
225470	0.0001453919509
225471	0.0001561746223
225472	0.0001912051638
225473	0.0009158349314
225474	0.001216689536
225475	0.001272381874
225476	0.001217444833
225477	0.006779097405
225478	0.002636086153
225479	0.0005324150186
225480	0.001321110884
225481	0.0004138658065
225482	0.007494734302
225483	0.001732402177
225484	0.0003978879468
225485	0.005291986574
225486	0.0009567658724
225487	0.0007951245664
225488	0.002366738273
225489	0.0004830390092
225490	0.0001058191692
225491	0.0004188594274
225492	0.0003653714607
225493	0.0006045611546
225494	0.002134153749
225495	3.980991297e-05
225496	0.0002921838596
225497	0.001141192173
225498	0.001763715341
225499	0.0007127547874
225500	0.000880910403
225501	0.002420396444
225502	0.002830923213
225503	0.0001043792209
225504	0.001460405731
225505	0.0009458505439
225506	0.0008734926549
225507	0.0008105228149
225508	0.001321474948
225509	0.001000846046
225510	0.003003958149
225511	0.002135871721
225512	0.001169446088
225513	0.002735193034
225514	0.001920457196
225515	0.0005392505149
225516	0.001714610467
225517	0.0002904708958
225518	0.002103637822
225519	0.002627355163
225520	0.0002217330287
225521	0.00567748215
225522	0.002507302224
225523	0.00142108933
225524	0.0005038202892
225525	0.003945903748
225526	0.0003799939629
225527	0.0005712517763
225528	0.001783487873
225529	0.0007232338807
225530	0.00271437974
225531	0.001149471227
225532	0.001207500248
225533	0.001477971456
225534	0.0016167077
225535	0.0003169071504
225536	0.001296678625
225537	0.0001312081911
225538	0.0003855440298
225539	0.001180974139
225540	5.713739911e-05
225541	0.0004209892986
225542	0.0001381438969
225543	0.0002793861136
225544	0.002081787
225545	0.001064244116
225546	0.001806083236
225547	0.0005987993193
225548	0.002343479968
225549	0.0007321496692
225550	0.000689793326
225551	0.0003141458723
225552	0.001023484161
225553	0.002375368266
225554	0.0001346940642
225555	0.002372025858
225556	0.00379045929
225557	0.001188591086
225558	0.002593361186
225559	0.0001453176257
225560	0.00232679742
225561	0.001889875964
225562	0.0007744701658
225563	0.001507818621
225564	0.001879581483
225565	0.0009793106367
225566	0.0007796714672
225567	0.001706414727
225568	0.0003100228798
225569	0.0001297568764
225570	0.001252564167
225571	0.0009491696719
225572	0.000622048487
225573	0.003572792345
225574	0.0005424163703
225575	0.009162179759
225576	0.003841651639
225577	0.007970253965
225578	0.002996231457
225579	0.0008145216627
225580	0.002591900239
225581	0.001498304737
225582	0.005474867244
225583	0.001329559234
225584	0.001781911151
225585	0.001452223021
225586	0.001847806068
225587	0.001017336844
225588	0.001570767454
225589	0.002306084129
225590	0.0002766627032
225591	0.000796257177
225592	0.0006292426232
225593	0.009678134922
225594	0.003301880478
225595	0.0008777015586
225596	0.001018661815
225597	0.0001831337854
225598	0.0008889166969
225599	0.001317331267
225600	0.001346285212
225601	0.005390761069
225602	0.005131393005
225603	0.0005928018329
225604	0.0007580145184
225605	0.002511258845
225606	0.000936511057
225607	0.001216613779
225608	0.001513368201
225609	0.003461805748
225610	0.004620829718
225611	0.00836911343
225612	0.002392982287
225613	0.001102335765
225614	6.734017107e-05
225615	0.0006240281116
225616	0.0005511547539
225617	0.0009109861216
225618	0.002179165572
225619	0.0009872144642
225620	0.0006363662704
225621	0.0004301876813
225622	0.001312655282
225623	0.001713515443
225624	0.003288363215
225625	0.001495855041
225626	0.001745415248
225627	0.001027730557
225628	0.001234215155
225629	0.001621161808
225630	0.0008266068341
225631	0.001535387034
225632	0.001321435895
225633	0.0001991359706
225634	0.00206719292
225635	0.001063157866
225636	0.0002879829933
225637	0.00026931067
225638	0.0005312082411
225639	0.0001757214006
225640	0.001495719561
225641	0.001630205005
225642	0.001178130056
225643	0.0008722727054
225644	0.001481602193
225645	0.0001037720382
225646	0.0003752316957
225647	0.0002076551549
225648	0.001103106256
225649	0.0001591518318
225650	0.0009116456513
225651	0.0008983874026
225652	0.001685114517
225653	0.0005708287654
225654	0.0007224452749
225655	0.0005687881973
225656	0.0006042313192
225657	0.000506569168
225658	0.0007711486812
225659	0.001362891029
225660	0.001528892378
225661	0.0005151877697
225662	0.0001563350241
225663	0.0001555722276
225664	9.822225212e-06
225665	0.0009200481219
225666	0.002668377689
225667	0.0005407519832
225668	0.001964381634
225669	0.002466465011
225670	0.001698696413
225671	0.004837915238
225672	0.007551733869
225673	0.0001823042587
225674	0.002326119073
225675	0.0018497285
225676	0.003721389284
225677	0.001715426296
225678	0.0007149547462
225679	0.001263855133
225680	0.001238597705
225681	0.001004664897
225682	0.002734222605
225683	0.0007743605376
225684	0.005262233013
225685	0.0008530911299
225686	0.002425739663
225687	0.001715679483
225688	0.002208428969
225689	0.0007284503006
225690	0.001895682863
225691	0.0007092918427
225692	0.003821721282
225693	0.0007120158161
225694	0.0008539962548
225695	0.001375104853
225696	0.002416798773
225697	0.0009529625692
225698	0.001500260153
225699	1.18584281e-05
225700	0.0002511827288
225701	9.172977656e-05
225702	0.002754729945
225703	0.001377548946
225704	0.000141981437
225705	0.001245964229
225706	0.007418732865
225707	4.810798499e-05
225708	0.0005854663764
225709	0.00125421893
225710	0.00060419342
225711	0.0007491447883
225712	0.0003849298853
225713	0.0001714276283
225714	0.001338834805
225715	0.001381189794
225716	0.001510284949
225717	0.0005205225302
225718	1.781441723e-05
225719	0.000710425076
225720	0.0004472432148
225721	0.002529625756
225722	0.0003405381066
225723	0.001008626656
225724	0.0001396763474
225725	0.0002452583758
225726	0.001312615765
225727	0.0001023488871
225728	0.001197825368
225729	1.194556659e-05
225730	0.0007304112588
225731	0.001357335911
225732	0.00111181231
225733	0.001636663045
225734	0.0002233112053
225735	0.002912742364
225736	0.001200630262
225737	0.0003799103905
225738	0.001961960647
225739	0.0007792450016
225740	0.01002841448
225741	0.0004716065449
225742	3.983531372e-05
225743	0.002733646302
225744	0.001082571221
225745	0.00179777734
225746	0.0003432056385
225747	0.0006651559069
225748	0.001756337862
225749	0.001165370539
225750	0.002833799843
225751	0.0005863595369
225752	0.003620752872
225753	0.002130490049
225754	0.000108013921
225755	0.001372196443
225756	0.001959333494
225757	0.0001743128702
225758	0.0006070277062
225759	0.0009610129028
225760	0.0001356994476
225761	0.0001890160334
225762	0.0006533090593
225763	0.002010946866
225764	0.0008802383773
225765	0.0009429837732
225766	0.001154832504
225767	0.0008373283101
225768	0.0009466654998
225769	0.0003294146982
225770	0.0002396989178
225771	0.001049707465
225772	0.001691098931
225773	0.002877019322
225774	0.002759215627
225775	0.0002251966848
225776	0.0008144363918
225777	0.0001491297155
225778	0.0004273902497
225779	0.0005839227602
225780	0.001257271883
225781	0.0004723044084
225782	0.0008847626047
225783	0.001162245865
225784	0.0008303246902
225785	0.001291458543
225786	0.003131866881
225787	0.002523915681
225788	0.0003696900202
225789	0.0003409238164
225790	0.0001740575899
225791	3.009855841e-05
225792	0.0008663737045
225793	0.0001791325062
225794	0.001673940248
225795	0.0006449906614
225796	0.002874570607
225797	0.0009557183425
225798	0.0005363345817
225799	0.0001679216664
225800	0.001401100704
225801	0.001399146152
225802	0.002340237739
225803	0.00127381418
225804	0.002727784452
225805	0.001424100333
225806	0.00107281889
225807	0.00160262927
225808	0.005088373175
225809	0.0006743279625
225810	3.902874445e-05
225811	0.001541513694
225812	0.0003510132573
225813	0.001538255999
225814	0.004027540762
225815	0.007423378563
225816	0.001940114222
225817	0.0009426735772
225818	0.002325740226
225819	0.0001593836032
225820	2.435181207e-05
225821	0.0006628610581
225822	0.00178783889
225823	0.0001014500818
225824	0.001355814131
225825	0.001121003993
225826	0.001700410212
225827	0.0003798361771
225828	0.001355868292
225829	0.001982520697
225830	0.0001856573714
225831	0.0008275770943
225832	0.003428678163
225833	0.004714757601
225834	0.008142236679
225835	0.003544571613
225836	0.002788336455
225837	0.0004293104416
225838	1.31806204e-05
225839	0.001511832849
225840	0.001391155338
225841	0.001634719632
225842	0.0007015472027
225843	0.0005360237209
225844	0.001950343472
225845	0.001093094552
225846	0.002135001718
225847	0.0006077919003
225848	0.001578931545
225849	0.0006506399199
225850	0.001742272613
225851	0.00116415248
225852	0.0008194461595
225853	0.0002049243443
225854	0.001573100737
225855	0.003226546906
225856	0.002221001909
225857	0.001531425508
225858	0.000782640889
225859	0.0008118116059
225860	0.0003115748443
225861	0.002760403736
225862	0.006489841834
225863	0.0006085261767
225864	0.006151729801
225865	0.001673693372
225866	0.001129707133
225867	0.0006206118394
225868	0.007603087631
225869	0.003703905793
225870	0.001183627873
225871	0.0009928290814
225872	0.003521826497
225873	0.0004221428098
225874	0.00188991501
225875	0.001022165766
225876	0.003896856995
225877	0.003899548504
225878	0.001224328374
225879	0.0002933100381
225880	0.002064259849
225881	0.007176193576
225882	0.004524889991
225883	0.001581385008
225884	0.009579785063
225885	0.0003734286766
225886	0.00089329229
225887	0.0007816609432
225888	0.005420653111
225889	0.001600992736
225890	0.0009900290495
225891	0.0001075922204
225892	0.003544821838
225893	0.007929584104
225894	0.01054854821
225895	0.006535371275
225896	0.006310643929
225897	0.001259775267
225898	0.0002264098645
225899	0.002434603101
225900	0.001945464001
225901	0.001085929255
225902	0.001466756204
225903	0.001215904552
225904	0.001410707172
225905	0.0003945309062
225906	0.000770915003
225907	0.003581693409
225908	0.002193641322
225909	0.0005637567665
225910	0.002594835507
225911	0.0002718411225
225912	8.045198429e-05
225913	5.037863713e-06
225914	2.242585021e-05
225915	0.0006914349271
225916	0.0009706972246
225917	0.0007091293586
225918	0.0006108007883
225919	0.0005502189606
225920	0.001063394777
225921	9.978755892e-05
225922	0.0002042211667
225923	0.0004508977755
225924	0.002837853639
225925	0.01011408455
225926	0.002488979179
225927	0.001011369883
225928	0.001000241425
225929	0.0001882660394
225930	0.001123035958
225931	0.001642459303
225932	0.00157133425
225933	0.0004799015067
225934	0.001464399067
225935	0.0006768756063
225936	0.0002095048319
225937	0.001485544974
225938	0.002220106349
225939	0.002785532357
225940	0.0003581403306
225941	0.0007781013559
225942	0.002867173256
225943	0.001841490075
225944	0.0001817172709
225945	0.002689671262
225946	0.0005045987492
225947	0.002571735202
225948	0.0009684143651
225949	0.003136790522
225950	0.003717731646
225951	0.0002552862789
225952	0.001845592153
225953	0.0038354082
225954	0.001257421231
225955	7.264463172e-05
225956	0.008984027514
225957	0.002847507935
225958	0.0003671828809
225959	0.0008978469134
225960	0.0004625312027
225961	0.001436365226
225962	0.0006054722771
225963	0.00335883517
225964	0.0004916837396
225965	0.001556939745
225966	0.0008380038724
225967	0.0005556906842
225968	0.001882657922
225969	0.001133146413
225970	0.0008178858944
225971	0.0004086963541
225972	0.0004297529319
225973	0.0003055209804
225974	0.001245628888
225975	0.001233140027
225976	0.001808419186
225977	0.0008759321913
225978	0.002085591387
225979	0.0005292346261
225980	0.001479909685
225981	0.002873518434
225982	0.0001059669957
225983	0.00167065101
225984	0.001574243467
225985	0.002794529594
225986	0.0003883174986
225987	0.004753464045
225988	0.0008834768829
225989	0.0008849844405
225990	0.0005464253459
225991	0.0007231307121
225992	0.0001916555396
225993	0.001666685689
225994	0.002468028205
225995	0.001773258442
225996	0.003702571578
225997	0.002123643245
225998	0.001394605328
225999	0.0008463970655
226000	0.003075577207
226001	0.0008283971954
226002	0.0009226114507
226003	0.0003101368755
226004	0.002330816409
226005	0.0008250215724
226006	0.0009716993883
226007	0.00257340637
226008	0.001099785162
226009	0.000938899677
226010	0.0007165322942
226011	0.001310625344
226012	0.001282853515
226013	0.002623703113
226014	0.004185401555
226015	0.0004657691635
226016	0.0001952265281
226017	0.0009677054435
226018	0.001148048785
226019	0.0003071764199
226020	0.002247479693
226021	0.0007799159074
226022	0.001786948092
226023	0.002320918131
226024	9.072503851e-05
226025	0.001821875567
226026	0.0002318844677
226027	0.0002789151884
226028	0.001953012268
226029	0.00138811096
226030	0.00105470097
226031	0.00203673153
226032	0.001165774355
226033	0.001723282558
226034	5.080830713e-05
226035	0.001599597588
226036	0.0004254688198
226037	0.001516552464
226038	0.0007797900529
226039	0.0007848304171
226040	0.0003780717629
226041	0.001734289057
226042	0.001980597917
226043	0.0007099119394
226044	0.002212114004
226045	0.001632129241
226046	0.002641037086
226047	0.002004358684
226048	0.0001763183247
226049	0.0008736803775
226050	0.0005509535002
226051	0.0004039437226
226052	0.0004824819395
226053	0.0008451240266
226054	9.977454549e-05
226055	0.001217162892
226056	0.001059949986
226057	0.0003128341938
226058	0.0005426548882
226059	0.0007343195067
226060	0.00228881095
226061	0.003665296344
226062	0.001115420534
226063	0.0009544111012
226064	0.001432465676
226065	9.206695031e-05
226066	0.000104110222
226067	0.001520135776
226068	0.0006782399332
226069	0.0006167035768
226070	0.001194554746
226071	0.003642103082
226072	0.000570160053
226073	0.000399151754
226074	0.0009523305304
226075	0.001404423148
226076	0.007750814092
226077	0.0001055663277
226078	0.0007006096144
226079	0.001713612982
226080	0.001889769884
226081	0.0001043583979
226082	0.0007714105943
226083	0.001969145758
226084	0.0006569012117
226085	0.001501709845
226086	0.001327167205
226087	6.401281025e-05
226088	0.005257845254
226089	0.001301784123
226090	0.001678105447
226091	0.0003622224143
226092	0.001536874037
226093	0.001378181219
226094	0.0004691718185
226095	0.0006567931427
226096	0.0004039158702
226097	0.002603611918
226098	0.0006084017099
226099	0.001257301694
226100	0.0002074395857
226101	0.0004700781424
226102	0.004166093857
226103	0.004500603862
226104	0.005653307228
226105	0.0004978145323
226106	0.001169846645
226107	0.002665027792
226108	0.001354174029
226109	0.001294971492
226110	0.0009185516054
226111	0.0005166547138
226112	0.001269199228
226113	0.001245474403
226114	0.003597020552
226115	0.001716215002
226116	0.0005309596897
226117	0.001840881733
226118	0.00235905819
226119	0.0005476160533
226120	0.0002001982469
226121	0.001476460382
226122	0.002040365925
226123	0.0005404454639
226124	0.002146810061
226125	0.0003547381768
226126	0.001517994301
226127	0.002621571879
226128	0.001083996659
226129	0.002515003795
226130	0.0007154723461
226131	0.0005857629961
226132	0.001754225697
226133	0.004333833793
226134	0.003439973306
226135	0.0006131374951
226136	0.002245620309
226137	0.0009152919193
226138	0.001395959512
226139	0.0007503882709
226140	0.000266639493
226141	0.0007530680812
226142	0.001688763459
226143	0.001737620888
226144	0.003270271226
226145	0.001489299708
226146	0.000536399496
226147	0.001239066533
226148	0.00022039396
226149	0.0008324472571
226150	0.0009771328206
226151	0.0004171287219
226152	0.001406004226
226153	0.001830720706
226154	0.001311495382
226155	0.0004331852239
226156	0.001440514669
226157	0.0006224570471
226158	1.870049368e-05
226159	0.0006272469502
226160	0.0007015530293
226161	0.0005687279224
226162	0.0001166226888
226163	0.0005869394296
226164	0.00146929743
226165	0.002014835479
226166	0.001007940008
226167	0.001151178819
226168	0.001285945396
226169	0.00181174252
226170	0.001136428964
226171	0.0007581689565
226172	0.0008702736754
226173	0.0008740252804
226174	0.001985855127
226175	0.008666146649
226176	0.0009669886781
226177	6.743559235e-06
226178	0.0002720779589
226179	0.002689892549
226180	0.002362353949
226181	0.002845218245
226182	0.001698010369
226183	0.001382786987
226184	0.001202178526
226185	0.00054219992
226186	0.001257714299
226187	0.001457289349
226188	0.0008824609167
226189	0.0008634112843
226190	0.001321461864
226191	0.000280651875
226192	0.001476762178
226193	0.002099361918
226194	0.00120994835
226195	0.002028729547
226196	0.001100038087
226197	0.002886488449
226198	0.001050350672
226199	0.002661849091
226200	0.002883631912
226201	0.001234644288
226202	8.935108688e-05
226203	0.0001370564636
226204	0.0007651191392
226205	0.001985537434
226206	0.001696098661
226207	0.0003174315841
226208	0.001786341349
226209	0.0007858376378
226210	0.001036493874
226211	0.0005139096049
226212	6.925126455e-05
226213	0.0002821439566
226214	0.0009385298975
226215	0.0004047020542
226216	0.000955134347
226217	5.084046628e-05
226218	0.0002880254074
226219	0.001138342462
226220	0.001951821727
226221	0.0004461896048
226222	0.0008087318536
226223	0.003011360594
226224	0.001348707827
226225	0.002777056017
226226	0.0008357467841
226227	0.001919892744
226228	0.001347377375
226229	5.392410909e-05
226230	0.0003835007954
226231	0.001735323901
226232	0.0002560470249
226233	0.0007682475367
226234	0.001734605827
226235	0.001025786657
226236	0.0009875147127
226237	0.0004830471813
226238	0.0005957982447
226239	0.001997434795
226240	0.003940426783
226241	0.004433334342
226242	0.003082679
226243	0.0002957810479
226244	0.0008224826986
226245	0.007323322689
226246	0.002366990752
226247	0.0004406470426
226248	0.003798447021
226249	0.0004058709582
226250	9.052433669e-05
226251	0.0004106636313
226252	0.001865909026
226253	0.001888939383
226254	0.006765916059
226255	0.0008137599954
226256	0.002799379125
226257	0.000834906706
226258	0.001121458728
226259	0.001466359138
226260	0.001245519687
226261	0.001915319279
226262	0.001156431797
226263	0.0006700063347
226264	0.002293249643
226265	0.0009983003808
226266	0.002751017659
226267	0.001447202763
226268	0.002974907607
226269	0.000709989944
226270	3.533833272e-05
226271	4.037353741e-05
226272	0.001566540753
226273	0.003103839827
226274	0.00138735084
226275	0.0001214025898
226276	0.002080260237
226277	0.004186184052
226278	0.001099261669
226279	0.0008106041654
226280	0.0005554155211
226281	0.003326777285
226282	0.0003450775993
226283	0.0004374120698
226284	9.712705025e-05
226285	0.0004222740054
226286	2.02633153e-05
226287	0.0011986024
226288	0.001095221236
226289	0.0006160724113
226290	0.001318023687
226291	0.003822820271
226292	0.001008387783
226293	0.005844441648
226294	0.001176112525
226295	0.001280966493
226296	0.0005645165657
226297	0.001251154312
226298	0.000140397888
226299	0.0003169015751
226300	0.0006146039728
226301	0.001813084141
226302	0.002056265896
226303	0.0004755116613
226304	0.0007175101605
226305	0.0007652912612
226306	0.0005726693746
226307	0.0009585889574
226308	0.004008782367
226309	0.0008886826061
226310	0.001274492316
226311	0.0007541853173
226312	0.0001884741653
226313	0.0008344905452
226314	0.001994253109
226315	0.0007186220436
226316	0.001114080085
226317	0.001391496328
226318	0.001605469751
226319	0.0008364782045
226320	0.001308304615
226321	0.0005689885197
226322	0.0004075848661
226323	0.0005914752307
226324	0.0001285782585
226325	0.001528860005
226326	0.001590116614
226327	0.001123726588
226328	0.0001480048227
226329	0.002434154705
226330	0.0009242234603
226331	0.001951526638
226332	0.001225524566
226333	0.0001248163671
226334	3.320167094e-05
226335	0.0008103479746
226336	0.002067729561
226337	0.00291508186
226338	0.0001261628787
226339	0.001558850817
226340	0.0004267250495
226341	0.002718515681
226342	0.007767047371
226343	0.0001022244404
226344	0.00140217434
226345	0.0009584977847
226346	0.0005024392411
226347	0.0005138447844
226348	0.001763114118
226349	0.0002206934636
226350	0.0001413522063
226351	0.001881668278
226352	0.003850028574
226353	0.001349361417
226354	0.002168051054
226355	0.003217093088
226356	0.000974870375
226357	0.001295025526
226358	0.002102153961
226359	0.005999076269
226360	0.002363504181
226361	0.0009412454596
226362	0.0006791616929
226363	0.001055100731
226364	0.001150058711
226365	0.0003851020439
226366	0.001333236424
226367	0.003656752708
226368	7.884958341e-05
226369	0.0001252566016
226370	0.002637756046
226371	0.003273667426
226372	0.001892829438
226373	0.002431984735
226374	0.0001975187383
226375	0.0005459473311
226376	6.166856988e-05
226377	0.002486803929
226378	0.003081094075
226379	0.00121709505
226380	0.0002961158398
226381	0.0007197069731
226382	0.0002527513525
226383	0.0007133311821
226384	0.001625630976
226385	0.002348662208
226386	0.003560476034
226387	0.003689899324
226388	0.004331914948
226389	0.008381268243
226390	0.007002637157
226391	0.0006172850694
226392	0.006567138534
226393	0.003395731895
226394	0.002802227275
226395	0.005305801087
226396	0.003838083198
226397	0.001909788388
226398	0.007634876035
226399	0.00382984
226400	0.004319536498
226401	0.002893221357
226402	0.0004275209977
226403	0.0009154668755
226404	0.002275206705
226405	0.005070446406
226406	0.0001119710549
226407	0.00840368206
226408	0.001981500729
226409	0.01272596728
226410	0.002834220363
226411	0.0005454830889
226412	0.0009978881603
226413	0.001690169602
226414	0.002555368654
226415	0.001155607086
226416	0.002762269725
226417	0.001206464851
226418	0.001350949307
226419	8.166261797e-05
226420	0.001160899742
226421	0.001163958545
226422	0.0005957354761
226423	7.105203296e-05
226424	0.001482387034
226425	0.0002942014004
226426	0.0009184608859
226427	0.001125042024
226428	0.00137436071
226429	0.0005674674165
226430	0.0005601743069
226431	0.002903111138
226432	0.002464341215
226433	0.0007439808952
226434	0.001551506622
226435	0.000460325252
226436	0.001628325791
226437	0.003122171501
226438	0.0002079650864
226439	0.0004988664505
226440	0.001131754202
226441	0.0006165342984
226442	0.0009232217802
226443	0.0001341666907
226444	0.0002624593285
226445	0.001371220368
226446	0.0002517102311
226447	0.001526427066
226448	0.0006910536849
226449	0.0005777931771
226450	0.000226123059
226451	0.0003518601799
226452	0.00161101369
226453	0.0002393332541
226454	0.0005802324641
226455	0
226456	0.000689458423
226457	0.0012373588
226458	9.050458468e-07
226459	0.001624705791
226460	0.00134594331
226461	0.0005367875817
226462	0.0007018829865
226463	0.0002223671385
226464	0.000236885367
226465	0.001257249266
226466	0.0005592184401
226467	0.0008418626321
226468	0.0004648660728
226469	0.000214706684
226470	0.001145363734
226471	0.0003197010096
226472	0.002293813319
226473	0.001355109084
226474	0.0004249491706
226475	0.0009531556398
226476	0.003027941288
226477	0.00215236227
226478	0.0005407511928
226479	0.001902273249
226480	0.008855810981
226481	0.002656394041
226482	0.006439637671
226483	0.001639785842
226484	0.004724788475
226485	0.002206933071
226486	0.0004695364204
226487	5.01868096e-05
226488	0.0001172157223
226489	0.002369000382
226490	9.129614174e-06
226491	0.002774388359
226492	0.000434575611
226493	0.001935369774
226494	0.001064021448
226495	0.00444776908
226496	0.003208923325
226497	0.01356228253
226498	0.004305059954
226499	0.01038565846
226500	0.001394209776
226501	7.862912595e-05
226502	0.001955774182
226503	0.009744651363
226504	0.004912150617
226505	0.002666888512
226506	0.009955495704
226507	0.003796511025
226508	0.002586910024
226509	0.006077658771
226510	0.001015110246
226511	0.0004285728622
226512	0.005656335857
226513	0.005392330455
226514	0.005223595694
226515	0.0008583946822
226516	0.006910135978
226517	0.001231187956
226518	0.00734913711
226519	0.0005566198274
226520	0.007724564503
226521	0.0001076726572
226522	0.002089361092
226523	0.01016604982
226524	0.007348855426
226525	0.003435010101
226526	0.004298715823
226527	0.004103495885
226528	0.006095881156
226529	0.01316962904
226530	0.0006019133337
226531	0.009604799247
226532	0.007461251711
226533	0.001323146134
226534	0.002895743993
226535	0.001586336235
226536	0.001476510941
226537	0.01055614822
226538	0.01100088041
226539	0.01037976321
226540	0.009376758669
226541	0.01250278746
226542	0.003016169255
226543	0.006807806935
226544	0.00353645273
226545	0.002713645636
226546	0.006370536028
226547	0.006782054472
226548	0.00691404099
226549	0.003598591211
226550	0.001418137462
226551	0.007019915546
226552	0.004240505259
226553	0.004504897302
226554	0.001267978105
226555	0.001990817458
226556	0.004376251059
226557	0.004502624733
226558	0.003476348279
226559	0.002316672584
226560	0.0001457211965
226561	0.001328738602
226562	0.007882769206
226563	0.004477913957
226564	0.005982410127
226565	2.83648163e-05
226566	0.0004154835545
226567	0.0003327265928
226568	0.0005001499709
226569	0.0008260451726
226570	0.003287281197
226571	0.001656616417
226572	0.006639279556
226573	0.007402573404
226574	6.591491628e-05
226575	0.003219804176
226576	0.002892860603
226577	0.001296940573
226578	0.003093366126
226579	0.001141835084
226580	0.01183638931
226581	0.008652629064
226582	0.004617747292
226583	0.01358706839
226584	0.007682654051
226585	0.01207310693
226586	0.006937367404
226587	0.006925147617
226588	0.002726679463
226589	0.01187797808
226590	0.0008122951907
226591	0.009183067572
226592	0.003213606962
226593	0.00131635544
226594	0.003191796171
226595	0.002370723799
226596	0.000895679137
226597	0.001789583427
226598	0.007741325428
226599	0.0136737545
226600	0.0004239816221
226601	0.009123368434
226602	0.0009643012754
226603	0.005297933883
226604	2.860524577e-05
226605	0.002324122262
226606	0.001199596771
226607	0.0006886797129
226608	0.002121227515
226609	0.007426448741
226610	0.0006430872844
226611	0.0001949192586
226612	0.004531058312
226613	0.0007849670157
226614	0.002959251268
226615	0.003465017511
226616	0.004167138852
226617	0.002885639782
226618	0.001272508515
226619	0.001326902755
226620	0.004060875355
226621	0.0005433090031
226622	0.001810483116
226623	0.003065747899
226624	0.0006042805149
226625	0.004141880297
226626	0.01080810738
226627	0.00065225502
226628	7.436456023e-05
226629	0.009013353349
226630	0.001051468286
226631	0.005609968009
226632	0.002507541615
226633	0.0007558508216
226634	0.000910559314
226635	0.006111078861
226636	0.003196411291
226637	0.006948020261
226638	0.004879318064
226639	0.004949307829
226640	0.003549926488
226641	0.0005292587863
226642	0.001628300833
226643	7.552313587e-07
226644	0.005431166384
226645	0.006534428568
226646	2.53902759e-05
226647	0.002550003725
226648	0.004580287918
226649	0.00256174933
226650	0.001112783963
226651	0.001604599385
226652	0.001005069805
226653	0.001075312749
226654	0.004276631576
226655	0.001314527865
226656	0.001418792374
226657	0.00148481227
226658	0.005019795591
226659	0.001996019446
226660	0.001382181692
226661	0.001682840781
226662	0.002205412116
226663	0.003910119109
226664	0.00150023761
226665	0.001531732238
226666	0.004165093057
226667	0.0005792941608
226668	0.001438208892
226669	0.000741899504
226670	0.001467945947
226671	0.0005333632827
226672	0.001461746381
226673	0.001899215688
226674	0.004301380041
226675	0.0003441057134
226676	0.002017850269
226677	0.002235948077
226678	0.0005186829048
226679	0.0019690724
226680	0.004532391377
226681	0.0007978011152
226682	0.001523387438
226683	0.001084763868
226684	0.0001834373915
226685	0.004286186442
226686	0.007859153445
226687	0.0006494302964
226688	0.001156425133
226689	0.003569253102
226690	0.004320795671
226691	0.008769953606
226692	0.001194337999
226693	6.086912221e-05
226694	0.002306073331
226695	0.002365994923
226696	0.00206219787
226697	0.001155569849
226698	0.0004060205751
226699	0.001219492115
226700	0.006164286429
226701	0.004727589751
226702	0.002890333479
226703	0.0002806625675
226704	0.003324669349
226705	0.001258262628
226706	0.001847238737
226707	0.003184300493
226708	0.001862257693
226709	0.002754020359
226710	0.0004080615584
226711	0.0002558344804
226712	0.006106363856
226713	0.003415351153
226714	0.002200528954
226715	0.0006181698153
226716	0.002112878387
226717	0.002736715412
226718	0.003866168821
226719	0.004458613817
226720	0.002839289853
226721	0.002171639815
226722	0.004312437957
226723	0.001133267882
226724	0.0004840995895
226725	0.006157899467
226726	0.003588003237
226727	0.002408563628
226728	0.006395577848
226729	0.00170386672
226730	0.003369877337
226731	0.001799289528
226732	0.007566218779
226733	0.0004513128238
226734	8.430184875e-05
226735	0.006533494533
226736	0.001976829337
226737	0.004977370678
226738	0.0006240982608
226739	0.0003663749428
226740	0.00169928414
226741	0.001210101299
226742	0.02029053661
226743	0.003430468387
226744	0.00151242343
226745	0.008260049595
226746	0.002424701191
226747	0.002910990297
226748	0.0101023787
226749	0.01030611679
226750	0.006955560883
226751	0.008261839505
226752	0.0003641196558
226753	0.003140584279
226754	0.001475139495
226755	0.002337803389
226756	0.001947987654
226757	0.0008519944622
226758	0.0009868122657
226759	0.003242668255
226760	0.001518773779
226761	0.001258677009
226762	0.003533533534
226763	0.007668207529
226764	0.0008938517875
226765	0.005943802171
226766	0.002907597571
226767	0.001843306887
226768	0.001480119366
226769	0.0008976432747
226770	0.0007216071859
226771	0.002166293606
226772	0.004016016626
226773	0.001552284497
226774	0.003030197936
226775	0.00277914535
226776	0.001066214377
226777	0.004457044323
226778	0.0007482738448
226779	0.008735337022
226780	0.002889359404
226781	0.002423375008
226782	0.0001105590072
226783	0.003494698867
226784	0.008958082783
226785	0.002404673702
226786	0.002994264208
226787	0.0005691253743
226788	0.001259804718
226789	0.0008516925338
226790	0.0002374544025
226791	0.006376865026
226792	0.0009695736109
226793	0.002919622045
226794	0.0006128269745
226795	0.003756339959
226796	0.001150150996
226797	0.002461654484
226798	0.006962697271
226799	0.007244546401
226800	0.0143599637
226801	0.0001775878141
226802	0.0009717367534
226803	0.0009729585902
226804	0.002804298366
226805	0.002003409196
226806	0.004987779981
226807	0.01059385076
226808	0.00694109392
226809	0.003503345183
226810	0.003258199311
226811	0.001051443505
226812	9.190312436e-05
226813	0.001126086656
226814	0.006660071294
226815	0.006831683705
226816	0.001023673048
226817	0.001099333225
226818	0.003669441766
226819	0.005412060539
226820	0.003900128347
226821	0.002035130901
226822	0.001064473728
226823	0.002261396896
226824	2.374394719e-05
226825	0.008572666914
226826	0.001531569348
226827	0.001921104289
226828	0.005832240611
226829	0.001730252091
226830	0.006351593421
226831	0.002478844829
226832	0.002688186938
226833	0.001735155469
226834	0.007184859126
226835	0.01045599806
226836	0.002682601336
226837	0.01710718561
226838	0.001795705371
226839	0.001614326667
226840	0.003777590637
226841	0.0005614526851
226842	0.001890384887
226843	0.0004141772534
226844	0.0004550679112
226845	0.0003113659697
226846	0.0003939322985
226847	0.0009223981571
226848	0.001328200057
226849	0.001329732189
226850	0.003242783249
226851	0.004540551337
226852	0.002502125587
226853	0.007534127493
226854	0.01048484921
226855	0.004763001903
226856	0.00332184383
226857	0.002791792431
226858	0.01710764887
226859	0.006485160519
226860	0.001072889152
226861	0.002750630254
226862	0.0002602694379
226863	0.001413020909
226864	0.002169655196
226865	8.494835311e-05
226866	0.0005598781156
226867	0.002400306468
226868	0.005160172532
226869	0.001347050294
226870	0.007972812818
226871	0.003806951253
226872	0.004025397706
226873	0.009867343877
226874	0.007119986404
226875	0.001423495411
226876	0.01017962496
226877	0.004160577894
226878	0.005429324038
226879	0.0009379687048
226880	0.01094336521
226881	0.004090337505
226882	0.0007653205032
226883	0.003519205222
226884	0.001636196214
226885	0.0004141889615
226886	0.01377818444
226887	0.00349129898
226888	0.0008000828789
226889	0.004371915349
226890	0.00193367641
226891	0.00305299088
226892	0.002655192506
226893	0.0003221199351
226894	0.0003573079227
226895	0.00517231089
226896	0.0006238943159
226897	0.002763439968
226898	0.0006192764669
226899	0.0002202781478
226900	0.01011430414
226901	0.0008711988785
226902	0.003874989403
226903	0.0009439732481
226904	0.0004105342172
226905	0.00478150173
226906	0.0001866040125
226907	0.00949057056
226908	0.001735836731
226909	0.002730338589
226910	0.001830342021
226911	0.003303059094
226912	0.01307287318
226913	0.004184434938
226914	0.0008909004639
226915	2.010132875e-05
226916	0.001945649662
226917	0.001088323917
226918	0.003988673001
226919	0.004612566223
226920	0.004777185309
226921	0.00351477123
226922	0.003333888219
226923	0.006170551656
226924	0.003154522827
226925	0.0009905773504
226926	0.002076666825
226927	0.0003921248671
226928	0.001816298302
226929	0.005851233804
226930	0.002028043203
226931	0.005310548023
226932	0.006977866087
226933	0.001057720715
226934	0.005647824338
226935	0.0002003114581
226936	0.006081986526
226937	0.01043072487
226938	0.001076443103
226939	0.002288395217
226940	0.0116313571
226941	0.004928731629
226942	0.003582538554
226943	0.002284491471
226944	0.001266729073
226945	0.003733375887
226946	0.002894057055
226947	0.0002226950941
226948	0.0008646988976
226949	0.0118860502
226950	0.0001319579165
226951	0.01286203749
226952	0.003963451803
226953	0.00165797946
226954	0.002857055091
226955	0.00518894832
226956	0.0003864693816
226957	0.0001285148262
226958	0.0006737072159
226959	0.0003564065865
226960	0.004147333254
226961	9.981760855e-05
226962	0.005270613037
226963	0.002535108941
226964	0.006404609459
226965	0.01074998636
226966	0.001081882989
226967	0.001195955971
226968	0.0040904998
226969	0.009907562707
226970	0.004109240915
226971	0.0004208920598
226972	0.001831926715
226973	0.001157429673
226974	0.0008091936283
226975	0.0009823421073
226976	0.005443185869
226977	0.003793896541
226978	0.009964669686
226979	0.001266439433
226980	0.0008862459434
226981	0.002219024571
226982	0.0009212493204
226983	0.0008114446727
226984	0.0009649222153
226985	0.01479430937
226986	9.615910058e-05
226987	0.0007517951547
226988	0.001083519825
226989	4.996920157e-05
226990	0.002081367459
226991	0.001674548788
226992	0.002263785327
226993	0.0004052602453
226994	0.0008595726668
226995	0.001774702826
226996	1.228018469e-08
226997	0.006379270051
226998	0.0001857876513
226999	0.003414677782
227000	0.004304719158
227001	0.007400688499
227002	0.009557129253
227003	0.004856687077
227004	0.00258171628
227005	0.004213588517
227006	0.0005954874424
227007	0.006082609829
227008	0.01045600701
227009	0.005982260112
227010	0.003773257675
227011	0.003285761082
227012	0.001279243759
227013	0.003722517623
227014	0.007801481216
227015	0.0002210274419
227016	0.004223995888
227017	0.00220675316
227018	0.005732562774
227019	0.001516621565
227020	0.005133847511
227021	0.003509162575
227022	0.002876937055
227023	0.004069908762
227024	0.01020207916
227025	0.01191292992
227026	0.001918822352
227027	0.005600602034
227028	0.004378772528
227029	0.003488113002
227030	0.001818663139
227031	0.003820097697
227032	0.003822982179
227033	0.002995481686
227034	0.01845846897
227035	0.003939639805
227036	0.003701175802
227037	0.01490629078
227038	0.005592068611
227039	0.006620621926
227040	0.00109936065
227041	0.009451754709
227042	0.01406591664
227043	0.004287855841
227044	0.002356249935
227045	0.00323120936
227046	0.003805936529
227047	0.0007083436496
227048	0.004517295415
227049	0.002228828864
227050	0.0004023867653
227051	0.0006145829926
227052	0.001631498369
227053	0.0007974480818
227054	0.002513684937
227055	0.001606263789
227056	0.002511361522
227057	0.001697380993
227058	0.0005173268639
227059	0.001009355255
227060	0.0008990072454
227061	0.003758123362
227062	7.999287181e-05
227063	0.0008250980914
227064	0.0002456365649
227065	0.001794191695
227066	0.00401821837
227067	0.001798973326
227068	0.005270709132
227069	0.000113900757
227070	0.007121147691
227071	0.00325439637
227072	0.001033868041
227073	0.005254598831
227074	0.007889132415
227075	0.005702361737
227076	0.01044335443
227077	0.002289998078
227078	0.0006902498991
227079	0.01029043584
227080	0.006937431029
227081	0.006271705967
227082	0.008580406505
227083	0.005612587743
227084	0.000641243503
227085	0.009717803643
227086	0.004288835434
227087	0.005783501926
227088	0.005486082389
227089	0.00519442789
227090	0.007117473448
227091	0.007713527378
227092	0.005550933341
227093	0.01128354019
227094	0.003288852516
227095	0.006538868317
227096	0.01037183763
227097	0.003529990844
227098	0.0091857619
227099	0.008520250853
227100	0.008439968119
227101	0.001242704043
227102	0.00160957537
227103	0.001343262775
227104	0.002104115794
227105	0.001828454258
227106	8.942317958e-05
227107	0.0138073844
227108	0.005705077194
227109	0.0008759454001
227110	0.008147839259
227111	0.001311190667
227112	0.006541071899
227113	0.006113054892
227114	0.0004666791179
227115	0.002217665587
227116	0.009254302166
227117	0.0003138211435
227118	0.01013917588
227119	0.01492148154
227120	0.005260342478
227121	0.007624645808
227122	0.009288324166
227123	0.0134423437
227124	0.004806455503
227125	0.006618839289
227126	0.003565174091
227127	0.01196479982
227128	0.01375070432
227129	0.006852191211
227130	0.001971343153
227131	0.0005535495809
227132	0.001150375073
227133	0.006501832304
227134	0.0001289695229
227135	0.01533434544
227136	0.009799398553
227137	0.001205234216
227138	0.001032905638
227139	0.001035795711
227140	0.00172224746
227141	0.009378378014
227142	0.005805251623
227143	0.007799438463
227144	0.003058589015
227145	0.007994012865
227146	0.002536598823
227147	0.0005527543872
227148	0.0005714490051
227149	0.001078234229
227150	0.01167658102
227151	0.0026723871
227152	0.00775875816
227153	0.003891543883
227154	0.004695827134
227155	0.00631087383
227156	0.002815062567
227157	0.002150396244
227158	0.0002450679988
227159	0.004320850989
227160	0.005222998844
227161	0.008191704772
227162	0.01372271676
227163	0.00569172933
227164	0.0004303355818
227165	0.005228468954
227166	0.001511060202
227167	0.003223275123
227168	0.0001281803703
227169	0.002456884397
227170	0.0009281510285
227171	0.01196766224
227172	0.01008238683
227173	0.01660737388
227174	0.009094690813
227175	0.002474506978
227176	0.004128227199
227177	0.0001732828092
227178	0.002681496404
227179	0.01236093872
227180	0.01527878982
227181	0.009193911688
227182	0.008386412331
227183	0.000693694502
227184	0.001863023671
227185	0.005625410873
227186	0
227187	0.0009062118659
227188	0.008369714986
227189	0.004174999694
227190	0.00323707289
227191	0.01028534046
227192	0.00782512902
227193	0.0004219242721
227194	0.005610082192
227195	0.002288199215
227196	0.009151979236
227197	0.01165603155
227198	0.00270091128
227199	0.006880565498
227200	0.002179296643
227201	0.009813413673
227202	0.002034673768
227203	0.007338473792
227204	0.007421074498
227205	0.00428430952
227206	0.002441520528
227207	0.002455850173
227208	0.009998709122
227209	0.002040356343
227210	0.002346667848
227211	0.007905871509
227212	0.004821252837
227213	0.003574855692
227214	0.007320454583
227215	0.006216300781
227216	0.001895299495
227217	0.00720874783
227218	0.003733906877
227219	0.01202659346
227220	0.001494664683
227221	0.005597940263
227222	0.001746432633
227223	0.009848703162
227224	0.006238157715
227225	0.002135550218
227226	0.00242362639
227227	0.01400904285
227228	0.005778936135
227229	0.007633370789
227230	0.02649952052
227231	0.002466687992
227232	0.004163945494
227233	0.00426348969
227234	0.01273408726
227235	0.001288141029
227236	0.002295744588
227237	0.002859214577
227238	0.0009179163387
227239	0.007473700813
227240	0.0073730087
227241	0.004434575322
227242	0.004383686119
227243	0.00162184769
227244	0.0007172441064
227245	0.01219752399
227246	0.003510316937
227247	0.0090748614
227248	0.006822650106
227249	0.004526329426
227250	0.005921796617
227251	0.005068588461
227252	0.008435800747
227253	0.01084112576
227254	0.008868205017
227255	0.003007927598
227256	0.01073052365
227257	0.005265523599
227258	0.009473633884
227259	0.0007466894874
227260	0.009111918606
227261	0.005987479126
227262	0.0001302897434
227263	0.0009473906426
227264	0.004581730951
227265	0.003369214645
227266	0.01369926311
227267	0.01445081477
227268	0.003830825313
227269	0.002737396293
227270	0.004135845192
227271	0.00169396779
227272	0.000120983555
227273	0.005125466023
227274	0.008701553434
227275	0.003788672453
227276	0.01132055731
227277	0.01665116727
227278	0.002632185041
227279	0.01566768857
227280	0.0102071529
227281	0.01380282486
227282	0.0009555812798
227283	0.003697741237
227284	0.01439228352
227285	0.007716739017
227286	0.003417139661
227287	0.01287229991
227288	0.004098117606
227289	0.003031280613
227290	0.01064261758
227291	0.007264845219
227292	0.0103081302
227293	0.01073361286
227294	0.00528267799
227295	0.01014083264
227296	0.0057566575
227297	0.003610190881
227298	0.01595291792
227299	0.001451919757
227300	0.0001717810069
227301	0.0006155586852
227302	0.003276819407
227303	0.01042438591
227304	0.001558421126
227305	0.002545744696
227306	0.01228127128
227307	0.005740410259
227308	0.0003406647272
227309	0.002582049999
227310	0.003960649664
227311	0.004792476818
227312	0.006178665982
227313	0.003720849663
227314	0.003435901964
227315	2.660506665e-07
227316	0.01294454637
227317	0.001315746023
227318	0.002769642154
227319	0.01619513029
227320	0.00526241864
227321	0.009056594767
227322	0.002121527518
227323	0.0002895036531
227324	0.001780478179
227325	0.0008272776026
227326	0.01196814909
227327	0.0005467984396
227328	0.001429213515
227329	0.000515025755
227330	0.002249562628
227331	0.001318044047
227332	0.00956334626
227333	0.003100569082
227334	0.01576379962
227335	0.0006322033739
227336	0.0002499031943
227337	0.001185715056
227338	0.001822859242
227339	0.0009882739641
227340	0.007973561181
227341	0.0004497723629
227342	0.0009924948448
227343	0.001527128267
227344	0.01016526222
227345	0.006214355883
227346	7.806527362e-05
227347	0.009863091918
227348	0.006222141282
227349	0.00511391029
227350	0.01254836012
227351	0.006803176217
227352	0.001071107673
227353	0.007730586232
227354	0.007181316133
227355	0.01535806566
227356	0.004959987382
227357	0.004099491973
227358	0.01095378537
227359	0.001379339323
227360	0.0009734907229
227361	0.01837373452
227362	0.004189995001
227363	0.0003556209866
227364	0.0004569548329
227365	0.01370573419
227366	0.0001413167554
227367	0.0095458589
227368	0.005564176219
227369	0.008221174806
227370	0.00441308533
227371	0.007978070005
227372	0.008169226307
227373	0.003129544677
227374	0.004126771252
227375	0.003699001273
227376	0.002773790955
227377	0.008171490924
227378	0.004278503216
227379	0.01039251492
227380	0.006669720537
227381	0.01097617103
227382	0.0001161432533
227383	0.004144475283
227384	0.004786702366
227385	0.01330397154
227386	0.003325077427
227387	0.002447598697
227388	0.0003857548493
227389	0.004079248207
227390	0.0002772870729
227391	0.001839076605
227392	0.0249107526
227393	0.001319582649
227394	0.003209901905
227395	0.003713641191
227396	0.005420493976
227397	0.008605555208
227398	0.01089659016
227399	0.01214745986
227400	0.0001810365216
227401	0.002322436811
227402	0.00374858799
227403	0.009730893323
227404	0.005405869305
227405	0.000890918155
227406	0.0058198531
227407	6.918008722e-05
227408	0.002494288683
227409	0.00424317376
227410	0.004748596636
227411	0.004090877527
227412	0.003524642573
227413	0.004207247933
227414	0.001926621865
227415	0.009222376833
227416	0.001369397732
227417	0.004864086566
227418	0.001309859533
227419	0.008735132809
227420	0.001670158604
227421	0.003446407201
227422	0.01087375172
227423	0.008123901314
227424	0.01154593184
227425	3.858538569e-05
227426	0.003428522256
227427	0.002243075192
227428	0.01343502443
227429	0.005846524114
227430	0.004551415929
227431	0.005193283706
227432	0.001989892764
227433	0.01005268004
227434	0.001530435271
227435	0.006454741755
227436	0.00106129869
227437	0.01010841886
227438	0.01198004067
227439	0.0168688544
227440	0.0003155225388
227441	0.005128720595
227442	0.0003396314154
227443	0.002149405011
227444	0.01208025117
227445	0.01330489964
227446	0.007319980907
227447	0.0001664694435
227448	0.001847162096
227449	0.002352808578
227450	0.001604158796
227451	0.002382011389
227452	0.0005166013245
227453	0.001127209339
227454	0.01360278798
227455	0.005886119867
227456	0.007923254878
227457	0.001213624393
227458	0.004245232853
227459	0.002201717716
227460	0.006162904104
227461	0.0003163841576
227462	0.01060362723
227463	0.003875418726
227464	0.01020312075
227465	0.007834029214
227466	0.002654121463
227467	0.0005985111652
227468	0.006048014465
227469	0.00476756469
227470	0.007991879467
227471	0.0189327458
227472	0.0003749161116
227473	0.01238830922
227474	0.0009705103629
227475	0.003589491394
227476	0.0009703373029
227477	0.009234572429
227478	0.007457768334
227479	0.001712952875
227480	0.0308974384
227481	0.001370069358
227482	0.00123568146
227483	0.01336161347
227484	0.005857046907
227485	0.01005912007
227486	0.01382190234
227487	0.00170743553
227488	0.01317909246
227489	0.008092785074
227490	0.008596317333
227491	0.003377357823
227492	0.01079468329
227493	0.00459095078
227494	0.004242439767
227495	0.003276844291
227496	0.007422415936
227497	0.02149838595
227498	0.006523956709
227499	0.0008932610932
227500	0.0004376154161
227501	0.00686158061
227502	0.005675381688
227503	0.001622051087
227504	0.01026697015
227505	0.007124543015
227506	0.001138063667
227507	0.009065848022
227508	0.01113500601
227509	0.005989468377
227510	0.008718696745
227511	0.003535594749
227512	0.005464336978
227513	0.0006329523929
227514	0.0008695870044
227515	0.00945002064
227516	0.009801654238
227517	0.007802298857
227518	0.007402878117
227519	0.008989794963
227520	0.001349404478
227521	0.01323966552
227522	0.01647914484
227523	0.00194622356
227524	0.007412311816
227525	0.0008787158203
227526	0.0009189491909
227527	0.007805712348
227528	0.001709800239
227529	8.649671618e-05
227530	0.002542654976
227531	0.001117498063
227532	0.001906264942
227533	0.003795229606
227534	0.009023254029
227535	0.01545952025
227536	0.005046028891
227537	0.02658067054
227538	0.005392290194
227539	0.001478117758
227540	0.002292971521
227541	0.004865995656
227542	0.000416466093
227543	0.0001833762783
227544	0.00296438146
227545	0.0009001189084
227546	2.566977905e-06
227547	0.002551934068
227548	0.001705289222
227549	0.007425439285
227550	0.002139980039
227551	0.003389321653
227552	0.0001401165964
227553	0.001905864777
227554	0.007124092145
227555	0.001750364908
227556	0.006535383956
227557	0.01029006553
227558	0.004927681129
227559	0.009164594637
227560	9.05047386e-05
227561	0.00203047573
227562	0.003713447635
227563	0.003641116942
227564	0.009018627086
227565	0.0017631034
227566	0.008055950005
227567	0.005686266796
227568	0.006234108384
227569	0.004329616325
227570	0.01040737262
227571	0.0009654596031
227572	0.003390577646
227573	0.001077346849
227574	0.002312769044
227575	0.008211905529
227576	0.01147063127
227577	0.01156119521
227578	0.003666235508
227579	0.003542854734
227580	0.00170561575
227581	0.005192105131
227582	0.001558290399
227583	0.01021482395
227584	0.004157995655
227585	9.05379543e-05
227586	0.001389503623
227587	0.005496627725
227588	0.000370740718
227589	0.009593575486
227590	0.003179730611
227591	0.009244688547
227592	0.001137448129
227593	0.009788501447
227594	0.003279776187
227595	0.003504876911
227596	0.005608656577
227597	0.005473589714
227598	0.003155369914
227599	0.0002357937365
227600	0.0001207296775
227601	0.0002730747515
227602	0.0005404882945
227603	0.002141751561
227604	0.008163679185
227605	0.005936859403
227606	0.01042109088
227607	0.004055776053
227608	0.001055408701
227609	0.001294296017
227610	0.006447460869
227611	0.01132200473
227612	0.01403697552
227613	0.009676754444
227614	0.005333220938
227615	0.01957649992
227616	0.00489312235
227617	0.0001406629511
227618	0.0008115343926
227619	0.0009252382819
227620	3.570414969e-07
227621	0.0009424060886
227622	0.0004744333467
227623	0.0004672641368
227624	0.001288803767
227625	0.00041926826
227626	0.0007720906583
227627	0.001822202664
227628	0.0003219621203
227629	0.0002058026343
227630	0.003582938024
227631	0.007959761493
227632	0.0006045237347
227633	0.00256718426
227634	0.002085778013
227635	0.006329218043
227636	0.002121116366
227637	0.007414702208
227638	0.002049410427
227639	0.001984781916
227640	0.003774436428
227641	0.001826276192
227642	0.002249265577
227643	0.009249137134
227644	0.008116303121
227645	0.002753078456
227646	0.00478815774
227647	0.00337543922
227648	0.01169523213
227649	0.004416999673
227650	0.00546798235
227651	0.008263982098
227652	0.01506815613
227653	0.005243940817
227654	0.002537322357
227655	0.002118282362
227656	0.003653142741
227657	0.001106111916
227658	0.0006732557481
227659	0.007083761688
227660	0.00829823749
227661	0.005760189654
227662	0.01162087275
227663	0.005111649325
227664	0.003222034369
227665	0.006030588019
227666	0.005190427318
227667	0.002946471291
227668	0.008526378901
227669	0.008811114207
227670	0.0005057525749
227671	0.01298180926
227672	0.01280439128
227673	0.01175806796
227674	0.003579765797
227675	0.01276272261
227676	0.01029456684
227677	0.00293075088
227678	0.01195122589
227679	0.004723288192
227680	0.00955864157
227681	0.009602689245
227682	0.008014885499
227683	0.001244146754
227684	0.0102616928
227685	0.01284691537
227686	0.004813045182
227687	4.759385492e-07
227688	0.002783525526
227689	0.01160178594
227690	0.009854090861
227691	0.00165685726
227692	0.009499763164
227693	0.005123408996
227694	0.0006014910678
227695	0.001358570996
227696	0.0169488359
227697	0.009384674066
227698	0.001819394572
227699	0.0001466995273
227700	0.01630029484
227701	0.0002964628198
227702	0.009583031851
227703	0.001084268053
227704	0.002660148009
227705	0.009974262355
227706	0.006773215041
227707	0.001785134979
227708	0.01136666002
227709	0.01068752137
227710	0.01495729405
227711	0.006300250159
227712	0.005381513631
227713	0.0137124125
227714	0.0006052609924
227715	0.002022273715
227716	0.005781665104
227717	0.004056220877
227718	0.01177216797
227719	0.009631424333
227720	0.007146972639
227721	0.009666051789
227722	0.01268810228
227723	0.005239249658
227724	0.004888600107
227725	0.002819867395
227726	0.004351381602
227727	0.001550584366
227728	0.00881699889
227729	0.00112549135
227730	0.00540456534
227731	0.002270377645
227732	0.001648888669
227733	0
227734	0.006517653104
227735	0.006835311107
227736	0.003891796642
227737	0.007099834191
227738	0.01330210012
227739	0
227740	0.002511927746
227741	0.007634865276
227742	0.005285756506
227743	0.002353772374
227744	7.36119852e-06
227745	0.008525831603
227746	0.00769718479
227747	0.005511303577
227748	0.009558156721
227749	0.007456240001
227750	0.003414350526
227751	0.01336896185
227752	0.001427994688
227753	0.002435761818
227754	0.0008277777175
227755	0.0002792989565
227756	0.007047419737
227757	0.008260192969
227758	0.0003564803824
227759	0.001644001063
227760	0.001913222177
227761	0.003761534331
227762	0.000251738236
227763	0.002305009354
227764	0.01032262426
227765	0.004015185733
227766	0.003706145011
227767	0.001827559204
227768	0.005764713039
227769	0.00475045518
227770	0.004862558807
227771	0.004140908704
227772	0.002894726423
227773	0.003269939192
227774	0.003641689075
227775	0.004814555088
227776	0.003208581805
227777	0.005594050105
227778	0.003807353989
227779	0.0036873079
227780	0.003680351838
227781	0.00349926578
227782	0.002089359738
227783	0.005351191593
227784	0.00385488635
227785	0.003300456208
227786	0.002784449398
227787	0.003896524451
227788	0.004028818947
227789	0.001787185417
227790	0.004689968723
227791	0.004665689525
227792	0.002942289163
227793	0.00282337639
227794	0.0008763691039
227795	0.001188783978
227796	0.003235592901
227797	0.002177435512
227798	0.002080579661
227799	0.002197687675
227800	0.002528666623
227801	0.001924124212
227802	0.003543349808
227803	0.003874634461
227804	0.004698812273
227805	0.004492215984
227806	0.004053164521
227807	0.004443858999
227808	0.00447059033
227809	0.002563129449
227810	0.00438159718
227811	0.0001423725153
227812	0.0003044299926
227813	0.0007054446588
227814	0.0001596053394
227815	0.0004924774241
227816	0.0006080521354
227817	0.001028639886
227818	0.0002176758667
227819	0.0007029185615
227820	0.0002021561021
227821	0.0002456490928
227822	0.001556689443
227823	0.001841374551
227824	0.003151943738
227825	0.003087234415
227826	0.00310739795
227827	0.0002545680101
227828	0.0004127742455
227829	0.0002043960261
227830	0.001418416661
227831	0.000870977827
227832	0.002309946552
227833	0.001309181595
227834	0.001881945151
227835	0.0009675349473
227836	6.97102197e-05
227837	0.0006718437232
227838	0.001276852312
227839	0.0003036850686
227840	0.0006717462712
227841	0.0005304795691
227842	0.002200661581
227843	0.0004490804266
227844	0.0003122306687
227845	0.0009053624903
227846	0.0003616095678
227847	0.0009356242619
227848	0.003047284508
227849	0.003478266767
227850	0.003345309888
227851	0.002577234145
227852	0.00356320158
227853	0.003777172732
227854	0.002053846313
227855	0.0006710936329
227856	0.0003008148848
227857	0.002741053802
227858	0.002947635755
227859	0.003606812237
227860	0.002293234691
227861	0.002145342207
227862	0.002773890649
227863	0.001453565573
227864	0.004037211284
227865	0.001496478952
227866	0.0008931570985
227867	0.003692406317
227868	0.003586653571
227869	0.002398201997
227870	0.002107622924
227871	0.003209626017
227872	0.002598896285
227873	0.001943000148
227874	0.00304251472
227875	0.002912041452
227876	0.002666932704
227877	0.002010130439
227878	0.003264977068
227879	0.002845672581
227880	0.00309480245
227881	0.00102769356
227882	0.000443024751
227883	0.0006718844386
227884	0.0004245289112
227885	0.002054468995
227886	0.001220828311
227887	0.002004353647
227888	0.0008296823029
227889	0.001319929793
227890	0.0004187193699
227891	0.00284282388
227892	0.00195690375
227893	0.003009466787
227894	0.001915987386
227895	0.002100383522
227896	0.002765001529
227897	0.00691885824
227898	0.007814176298
227899	0.005483185958
227900	0.006616855809
227901	0.005396247337
227902	0.007220249579
227903	0.004491944601
227904	0.003653648228
227905	0.004667138736
227906	0.004370527281
227907	0.00167193404
227908	0.0020461512
227909	0.0001035642101
227910	0.002025197562
227911	0.002475290565
227912	0.002382044297
227913	0.002882278139
227914	0.003507224204
227915	0.005778680824
227916	0.003455421314
227917	0.003329402961
227918	0.009263106049
227919	0.004588010132
227920	0.0007113176345
227921	0.003218903028
227922	0.001451743833
227923	0.003518962095
227924	0.00219978968
227925	0.002390199337
227926	0.002775148902
227927	0.002304548607
227928	0.00171769828
227929	0.002525855185
227930	0.001915116844
227931	0.002761452364
227932	0.001506262151
227933	0.004307390318
227934	0.0006686233836
227935	0.003173046564
227936	0.002683574785
227937	0.003074385051
227938	0.003010795423
227939	0.003556817942
227940	0.003054191137
227941	0.002765744289
227942	0.002510685739
227943	0.00200199608
227944	0.004862845125
227945	0.003396361929
227946	0.002258128559
227947	0.002512831077
227948	0.00248430881
227949	0.003687873629
227950	0.004754715822
227951	0.00316886323
227952	0.001322622603
227953	0.003546366998
227954	0.001089037935
227955	0.0001323520804
227956	0.001317444411
227957	0.003652353567
227958	0.005971244647
227959	0.003994828487
227960	0.00452193402
227961	0.003998339237
227962	0.004185545617
227963	0.005047130098
227964	0.004054460872
227965	0.003814388169
227966	0.001114711138
227967	0.003187120413
227968	0.002268503963
227969	0.003581634046
227970	0.006944474843
227971	0.004779025458
227972	0.003969379668
227973	0.002545223741
227974	0.005719917912
227975	0.006941598927
227976	0.005677513995
227977	0.003254104716
227978	0.005220026763
227979	0.005679594321
227980	0.005247572691
227981	0.003945505136
227982	0.006063123524
227983	0.004171999013
227984	0.003838363066
227985	0.005120418907
227986	0.002616857521
227987	0.005639882469
227988	0.004640139475
227989	0.003555450057
227990	0.0009784590075
227991	0.0009953754286
227992	0.001540274398
227993	0.004262196153
227994	0.00285739226
227995	0.003959028121
227996	0.001728657749
227997	0.00134107416
227998	0.000508633885
227999	0.003014085289
228000	0.002748258226
228001	0.00185246786
228002	0.001871838897
228003	0.004632724665
228004	0.009534803271
228005	0.0001277033966
228006	0.005842994523
228007	0.001810162675
228008	0.003692557707
228009	0.0009863643248
228010	0.002135091629
228011	0.0003865281269
228012	0.0003571326848
228013	0.00391257325
228014	0.004728381664
228015	0.002591889528
228016	0.002485823425
228017	0.001937812386
228018	0.001220054579
228019	0.0006229045031
228020	0.002891996544
228021	0.002884290862
228022	0.0008281970736
228023	0.0003166585575
228024	0.009963810357
228025	0.003178790763
228026	0.001273223248
228027	0.0002939837791
228028	0.001029681802
228029	0.002183509076
228030	0.005167789465
228031	0.001276771163
228032	0.0005023293743
228033	0.0007894737999
228034	0.001040739479
228035	0.0006153709347
228036	0.0005220523142
228037	0.005457825525
228038	0.001008868483
228039	0.003333953974
228040	0.001582065136
228041	0.0008168170597
228042	0.0006453626186
228043	0.0008502740332
228044	0.005990065357
228045	0.007324706477
228046	0.001148470562
228047	0.0009572235756
228048	0.002054043604
228049	0.0008660201549
228050	0.005151010709
228051	0.001577736718
228052	0.001839398097
228053	0.001306387948
228054	0.001309845218
228055	0.001359251081
228056	0.001946921439
228057	0.001653775242
228058	0.002476734048
228059	0.0007241349499
228060	0.006083627711
228061	0.006205612808
228062	0.002608885212
228063	0.001565806938
228064	0.001283641387
228065	0.001342019179
228066	0.001143342723
228067	0.003475561672
228068	0.001989040611
228069	0.001837471927
228070	0.001410243814
228071	0.001466018941
228072	0.0009820685921
228073	0.001843698766
228074	0.001860519289
228075	0.001153153766
228076	0.0014537742
228077	0.004424387499
228078	0.0004860207568
228079	0.001989243511
228080	0.001949719679
228081	0.001535849817
228082	0.002145983598
228083	0.001883330189
228084	0.0009735877429
228085	0.002768777592
228086	0.0009004191805
228087	0.005204982499
228088	0.002582468955
228089	0.000997683407
228090	0.004265439084
228091	0.002755583754
228092	0.001352252692
228093	0.002043791848
228094	0.002406013932
228095	0.00246234615
228096	0.003878293814
228097	0.002009348738
228098	0.0017705375
228099	5.716477692e-05
228100	0.004339342846
228101	0.003999645158
228102	0.002790092385
228103	0.002465037459
228104	0.00182248751
228105	9.972537131e-05
228106	0.001603216617
228107	0.0002343077117
228108	0.002454250824
228109	0.001213576468
228110	0.002825477343
228111	0.002026240492
228112	0.002327169714
228113	0.002845424858
228114	0.01960547113
228115	0.0081061271
228116	0.005653381038
228117	0.005369296078
228118	0.009051551254
228119	0.002440885897
228120	0.003961445976
228121	0.005184832086
228122	0.00659673395
228123	0.01719000049
228124	0.0006961371723
228125	0.001160739044
228126	0.0004438408828
228127	0.0003222284224
228128	0.0009449383078
228129	0.0003612881704
228130	0.002570442199
228131	0.0007122833912
228132	0.00892547896
228133	0.004190710066
228134	0.0005766289056
228135	0.001974167782
228136	0.003305761283
228137	0.00213521322
228138	0.006751595402
228139	0.0003664804781
228140	0.0004012153701
228141	0.0002984321026
228142	0.0001916987069
228143	0.0003735385377
228144	0.0001635928807
228145	0.002037432654
228146	0.001069073539
228147	0.001314114816
228148	0.00126967509
228149	0.001278423766
228150	0.000633517381
228151	0.001764424669
228152	0.0003093001432
228153	0.000350442195
228154	0.003246448559
228155	0.0003745802697
228156	0.0002561580873
228157	0.0002318411232
228158	7.026832148e-05
228159	0.0005592518787
228160	0.0009574552684
228161	0.001344141835
228162	0.0004772731548
228163	0.0001329869666
228164	6.001415953e-05
228165	0.0002737698364
228166	0.002024261422
228167	0.001122769815
228168	0.0005475789091
228169	0.0007720402887
228170	9.78123647e-06
228171	3.673621392e-05
228172	0.0002694998483
228173	0.0007321972034
228174	0.0003730380873
228175	0.0001103406036
228176	0.000449337601
228177	0.001609032951
228178	0.001791253576
228179	0.0004547514963
228180	0.0001686259064
228181	0.0005773999448
228182	0.0003631731247
228183	2.672615213e-05
228184	0.0001090453918
228185	5.641436487e-05
228186	0.0004523538016
228187	0.001222375177
228188	0.0007490710785
228189	0.0006152382618
228190	0.0007504955324
228191	0.001631270256
228192	0.002082623873
228193	0.0001454673418
228194	0.0007094350225
228195	0.0008464330207
228196	0.0008962013941
228197	0.001644202794
228198	0.001204999004
228199	0.000922631683
228200	0.0008302185388
228201	0.001344937171
228202	0.0008957436703
228203	0.001883005976
228204	0.0006412212049
228205	0.0001839623672
228206	0.0001745926342
228207	0.001435006289
228208	0.003183738356
228209	0.002443087098
228210	0.0005695503539
228211	0.001845429155
228212	0.0008087645564
228213	0.0003918169905
228214	0.0005235840807
228215	0.0002864874992
228216	0.0004091532081
228217	0.0007456774874
228218	0.001087102746
228219	0.0009118309325
228220	0.0007136127474
228221	0.001845920333
228222	0.001303783559
228223	0.0005203870076
228224	0.0006475402025
228225	0.0003104731673
228226	0.000343588447
228227	0.001044594532
228228	0.0004272741126
228229	0.000285629477
228230	0.000351696266
228231	0.0004728250526
228232	0.0003186453857
228233	0.001323834821
228234	0.0005303028279
228235	0.0009672495986
228236	0.001077672246
228237	0.0008720343336
228238	0.0009042385351
228239	0.0009841425992
228240	0.002229089801
228241	0.0002020420285
228242	4.114421689e-05
228243	0.001124036761
228244	0.0009925018288
228245	0.0005159783258
228246	0.0005521538278
228247	0.002010759459
228248	6.131559712e-05
228249	0.0007170019962
228250	0.0003398281829
228251	0.001262275203
228252	0.000958327986
228253	0.0005627374581
228254	0.001731872538
228255	0.0004597274352
228256	0.000318566422
228257	0.00154420025
228258	0.0006966235606
228259	0.0009763340368
228260	0.0005906584105
228261	0.0006600631099
228262	0.0008647105642
228263	0.0004558078385
228264	0.0007842913033
228265	2.071040238e-05
228266	0.000474780512
228267	0.001285499788
228268	0.0008042101502
228269	0.0005647073504
228270	0.0006634779555
228271	0.0005341533299
228272	0.0004434836733
228273	0.0002682019494
228274	0.0008435151621
228275	0.0003765589148
228276	0.0003726207974
228277	0.0006071273851
228278	0.00101526554
228279	0.0005214479282
228280	0.001085744562
228281	0.001661418499
228282	0.001537754875
228283	0.0008092335285
228284	0.001167509008
228285	0.000591979883
228286	0.0001944108532
228287	6.288196574e-05
228288	0.001291620655
228289	0.00089510903
228290	0.0003279949498
228291	0.001173789211
228292	0.0008218474086
228293	0.001171154167
228294	0.001504202609
228295	0.0001946999492
228296	0.0003397358912
228297	0.0009221043718
228298	0.0006128075486
228299	0.000594926358
228300	0.000694067349
228301	0.000883322497
228302	0.0006450110887
228303	0.0008171825427
228304	0.001256107004
228305	0.0006604663107
228306	0.0005494663638
228307	0.001758138041
228308	0.0009253338219
228309	0.0004170095976
228310	0.001789143151
228311	1.760990687e-05
228312	0.0002811038862
228313	0.0004132914587
228314	0.0003187494642
228315	0.0005820972965
228316	0.0001587502344
228317	0.0004853785023
228318	0.0004864541393
228319	0.0002980960621
228320	0.0006274464463
228321	0.001428020666
228322	0.002786115983
228323	0.001198096149
228324	3.952747874e-05
228325	0.0004711918401
228326	0.001469857021
228327	0.0008815863437
228328	0.0008084562217
228329	0.001009308968
228330	0.0008072646364
228331	2.105924983e-05
228332	0.000391800858
228333	0.001007180025
228334	2.943575638e-05
228335	0.0007015014148
228336	0.0003365476258
228337	0.0001110213018
228338	0.0005929547923
228339	3.28556563e-05
228340	0.001199359779
228341	0.0006547833703
228342	0.0009972307442
228343	0.0002358458674
228344	0.002005345195
228345	0.0008935257999
228346	0.0002095342214
228347	0.0006371638277
228348	0.0001452489997
228349	0.0009814860978
228350	0.0008503734948
228351	0.0005031928553
228352	0.0004599952505
228353	0.001293307114
228354	0.0003517718799
228355	0.001230002936
228356	0.0006293277211
228357	0.001201051239
228358	0.001353437948
228359	0.0006160061123
228360	0.0008225068808
228361	0.001083175979
228362	0.002226139838
228363	0.0001966077205
228364	0.0001877036345
228365	0.002539006512
228366	2.113526811e-05
228367	0.0002481740004
228368	0.00121817047
228369	0.000784787654
228370	0.0004082527501
228371	0.001738190794
228372	0.000599214841
228373	0.0001960777584
228374	0.001096170487
228375	0.0007614738026
228376	0.0005803893891
228377	0.00059015832
228378	0.0005505369504
228379	0.0002502827129
228380	0.001268812864
228381	0.001379039738
228382	0.0005526093203
228383	0.00184232372
228384	0.001117054961
228385	0.0009838015414
228386	0.0009976160595
228387	0.0006773871458
228388	0.002609534412
228389	0.00142955152
228390	0.000389603438
228391	0.0004161077391
228392	0.0009638191572
228393	0.001340856483
228394	0.0004149038569
228395	0.0002577379745
228396	4.948749944e-05
228397	0.0005094617752
228398	0.0004753092825
228399	0.0002751944829
228400	0.00131060958
228401	0.0001601539885
228402	0.0004885851255
228403	0.001113378564
228404	0.0004942655146
228405	0.0006061955374
228406	0.0004453469208
228407	0.0007483034191
228408	0.001156026146
228409	0.001207755893
228410	0.0003131550462
228411	0.001180565019
228412	2.428215031e-05
228413	0.0006776275599
228414	0.001292772118
228415	9.880392812e-05
228416	0.0003374114855
228417	4.282722378e-05
228418	0.0004138485288
228419	0.0001818946267
228420	0.0004430261912
228421	0.001732681306
228422	0.0006935336822
228423	0.0004927406945
228424	0.0004293662267
228425	0.0010269792
228426	9.83591342e-05
228427	0.0003149541566
228428	0.001298088309
228429	0.0003714252617
228430	0.001996946765
228431	0.0004781791052
228432	0.0003151426892
228433	0.001113546946
228434	0.0005801399081
228435	5.857332051e-05
228436	0.001522525514
228437	0.001916537792
228438	0.001495298565
228439	0.001063368092
228440	0.001779678291
228441	0.000578955153
228442	0.000846168565
228443	2.0721706e-05
228444	0.0001414700979
228445	0.00141153693
228446	0.0001288719152
228447	0.00044088161
228448	0.0004578609667
228449	0.001485292531
228450	0.0003379013972
228451	2.40807767e-05
228452	0.0004116641475
228453	0.0001037159053
228454	0.0005260256692
228455	0.0009587604084
228456	0.0002512226698
228457	0.001788849734
228458	1.959495744e-05
228459	0.001698734141
228460	0.0005016010861
228461	0.0001293283965
228462	0.00127876056
228463	6.915236906e-05
228464	0.001160710762
228465	0.00049207033
228466	0.001146028418
228467	0.00100312945
228468	0.0009228572011
228469	0.001613539127
228470	0.0004697873984
228471	0.0001634031143
228472	0.0008170972759
228473	0.001005214009
228474	0.001199061641
228475	0.0004720574088
228476	0.0006922136039
228477	0.0005722236901
228478	0.0001720934096
228479	0.0005347823095
228480	0.000675157448
228481	0.0005258439326
228482	0.0008122470174
228483	0.000443634384
228484	0.001079198711
228485	0.0006496890904
228486	0.0004898788406
228487	0.0004383070463
228488	0.001035088063
228489	0.002197857861
228490	0.0003218938644
228491	0.001365497951
228492	0.0004856342456
228493	0.001736163344
228494	0.0002836027412
228495	0.0002158366894
228496	0.001254415664
228497	0.0002835447364
228498	0.001085030709
228499	0.001598901988
228500	2.967264175e-05
228501	0.00176293758
228502	0.001014458008
228503	0.0005897362161
228504	0.001502194231
228505	0.0004131580465
228506	0.00132807126
228507	0.001438436291
228508	0.0005496616181
228509	0.002436255704
228510	0.000396727768
228511	0.0004024551519
228512	0.0002725829152
228513	0.0006932381973
228514	0.0004221841225
228515	0.0003532507407
228516	0.001256470482
228517	0.0009214528488
228518	0.0008166639863
228519	0.0006998190388
228520	0.0006592201253
228521	0.001936182631
228522	0.0005106685813
228523	0.001762892443
228524	0.0002844425923
228525	0.0006260530279
228526	0.0003388616041
228527	0.00129855386
228528	0.001566886631
228529	0.0006950716419
228530	0.0002065431728
228531	0.001294836516
228532	8.546554532e-05
228533	0.0004894821337
228534	0.0007632386653
228535	0.001005084045
228536	0.0002500097148
228537	0.001394859837
228538	0.001479415315
228539	0.001096101774
228540	0.001614011913
228541	0.0005880260122
228542	0.0002718010728
228543	0.001377329512
228544	0.000520430365
228545	0.000461210784
228546	0.0006873754123
228547	0.0004191715944
228548	0.0004430104387
228549	0.0003123597024
228550	0.0008667254697
228551	0.0005927686876
228552	0.0009853971728
228553	6.385928427e-05
228554	0.0002926019245
228555	0.0007268734446
228556	0.001203982922
228557	0.000333870409
228558	0.0007076247307
228559	0.001279096015
228560	0.00153903341
228561	0.0007485942507
228562	0.001675534769
228563	0.0006279118789
228564	0.0009704883695
228565	0.002593055614
228566	0.002101282688
228567	0.0002521268555
228568	0.0008295096895
228569	0.001545613039
228570	0.0007607077467
228571	0.0001626878874
228572	0.001564494771
228573	0.0004562028001
228574	0.0001207602521
228575	0.0002843441859
228576	0.0003328292753
228577	0.0001989215703
228578	0.0008260768258
228579	0.001292269382
228580	0.001096059062
228581	0.000387660219
228582	0.0009411494906
228583	0.0008798969142
228584	0.001136217024
228585	0.0002322971116
228586	0.0001924831416
228587	0.0008754855135
228588	0.002279948715
228589	0.001446576145
228590	0.001287262813
228591	0.0004724439706
228592	0.0003046253124
228593	0.00155070098
228594	0.0006928163358
228595	0.0004392854304
228596	0.001639428138
228597	0.0005927981915
228598	0.0004209912969
228599	0.00082860035
228600	0.0005272482941
228601	0.00236884203
228602	0.0007239040483
228603	0.0009998206288
228604	0.001957370527
228605	0.002434444597
228606	0.00070527025
228607	0.0008093729681
228608	0.0005319278307
228609	0.0003352267838
228610	0.001579769182
228611	0.0009705802425
228612	0.002552914177
228613	0.0002423687959
228614	0.001264900916
228615	0.001000462792
228616	0.0006400118641
228617	0.0002676335479
228618	0.0004425499407
228619	0.001389959506
228620	7.963656264e-05
228621	0.0004223557423
228622	3.474090828e-05
228623	0.0003250333617
228624	0.000323189101
228625	0.002982080654
228626	0.001538825206
228627	0.0006021148933
228628	0.0004172426845
228629	2.758578441e-05
228630	0.0005599398124
228631	0.00032768697
228632	0.0008163538725
228633	0.001774653702
228634	0.0006297523625
228635	0.0009298328869
228636	0.0003319669621
228637	0.001328437263
228638	0.0003025816267
228639	0.001121137356
228640	0.0009950852941
228641	0.0001129421026
228642	0.000287243985
228643	0.001094662431
228644	5.060383151e-05
228645	5.825707889e-05
228646	0.001191694777
228647	0.0001903990688
228648	0.001531374124
228649	0.0003119763314
228650	0.0005852696159
228651	0.0008269245105
228652	0.0007642663659
228653	0.000790874877
228654	0.0008254278956
228655	2.603739612e-05
228656	0.0005202780363
228657	0.00126478503
228658	0.0001461357552
228659	0.0002969650364
228660	0.0002302662759
228661	0.0009058343062
228662	0.0005225026275
228663	0.0004486881492
228664	0.001071479062
228665	0.001697773212
228666	0.0001325259062
228667	2.362605279e-05
228668	0.0008851357477
228669	0.0005480889638
228670	0.0006648601155
228671	0.0008740569935
228672	0.0009070058286
228673	0.001113839498
228674	0.0004421858111
228675	0.000141316477
228676	3.38787385e-05
228677	6.163771123e-05
228678	0.0009138897641
228679	0.001454857065
228680	7.638271254e-05
228681	1.644330354e-05
228682	0.001288183656
228683	0.001114149011
228684	0.001339655919
228685	0.001569289973
228686	0.001043689828
228687	2.985176306e-05
228688	0.0003286352583
228689	0.001803205739
228690	0.0002615829555
228691	0.0008734904234
228692	0.0006709332364
228693	0.0009749922872
228694	0.001109161628
228695	0.00166674613
228696	0.0006324442505
228697	0.001230780554
228698	0.0004720455429
228699	0.0004228455333
228700	0.0002078806637
228701	0.0003576775424
228702	0.0005736463953
228703	0.0004118379738
228704	0.001331605457
228705	0.001040231705
228706	0.0001306149779
228707	0.001253778383
228708	9.682310284e-05
228709	0.0008854112139
228710	0.0007703428476
228711	0.0005567099388
228712	0.0001819521545
228713	0.0004069561543
228714	0.0002132877503
228715	0.0004009529816
228716	0.000215537327
228717	0.0004659763879
228718	4.944110734e-05
228719	0.0005502569587
228720	0.001126664985
228721	0.001620605698
228722	0.0004543617742
228723	0.0008100115145
228724	0.001746334571
228725	0.002364575319
228726	0.0009297034395
228727	0.003281431638
228728	0.000714412624
228729	0.0005980487239
228730	9.112934374e-05
228731	0.0009683558953
228732	0.0003447851334
228733	0.0001007608664
228734	6.523277748e-05
228735	0.0005109347303
228736	0.001296901012
228737	0.00129976058
228738	0.0001817525429
228739	0.0008099289091
228740	0.0003549085709
228741	0.0006060759071
228742	0.001167929313
228743	0.0003210509393
228744	0.0004389937569
228745	3.819448312e-05
228746	0.0009150078324
228747	0.0004883128008
228748	0.001725689054
228749	0.0006150825663
228750	0.0008805225925
228751	0.001140998741
228752	0.0002282887013
228753	0.0007241795034
228754	0.0005813344745
228755	0.000105479146
228756	0.0003270571591
228757	0.001731103145
228758	0.0006963387572
228759	0.0009409158633
228760	0.001090298167
228761	0.0004377141622
228762	0.001116356827
228763	0.0001804210577
228764	1.997942358e-05
228765	0.0004567493316
228766	0.001189985137
228767	0.001676492684
228768	0.0003421462455
228769	0.001656104439
228770	0.0006071593555
228771	0.002061668561
228772	6.675482341e-05
228773	0.0009418220628
228774	0.0009026268853
228775	0.001384189529
228776	0.000494672409
228777	0.0006851335878
228778	0.001269080107
228779	0.002823366797
228780	0.000826585246
228781	0.001553984207
228782	0.0005752669018
228783	0.001623761104
228784	0.0006249894252
228785	0.00189232171
228786	0.000558803949
228787	0.0008412901714
228788	0.0001395534081
228789	0.000167214099
228790	0.0004721207901
228791	0.0001882232571
228792	0.0002683927023
228793	1.907939184e-05
228794	6.184646765e-05
228795	0.0001347240269
228796	0.001413118455
228797	0.0008316320212
228798	0.0001392085091
228799	0.0006075066095
228800	0.001127949828
228801	4.361194461e-05
228802	0.0009097527906
228803	0.0009476279494
228804	0.0006923982114
228805	9.300324504e-06
228806	0.0003460621899
228807	0.002333825098
228808	0.0004631730131
228809	0.001825174936
228810	0.001010901314
228811	0.0004479962979
228812	0.0005627644686
228813	0.0008511691789
228814	0.0005629361608
228815	0.001317778727
228816	0.002567830297
228817	0.000332882757
228818	0.000150357975
228819	0.0003198788409
228820	0.003584677623
228821	0.0007765946985
228822	0.001032516873
228823	0.001413459567
228824	0.0006712703565
228825	0.001417684368
228826	0.001365014492
228827	0.0001755774597
228828	0.0008857375007
228829	0.0005868485263
228830	0.001425613328
228831	0.0002450416369
228832	0.0009827948802
228833	0.00170429909
228834	0.0007198990452
228835	0.002107229672
228836	0.0003619989114
228837	0.000140219782
228838	0.001889287641
228839	0.0001223174151
228840	0.000517790392
228841	0.0002776255625
228842	0.001651159265
228843	0.0006542228041
228844	0.001353491377
228845	8.330848758e-05
228846	0.001088626608
228847	0.0001215071841
228848	0.0005487486952
228849	0.0006645598125
228850	0.001174372941
228851	0.0009415554105
228852	0.001039444477
228853	0.001106525136
228854	0.002232334722
228855	0.0005188589042
228856	0.001912330577
228857	0.001051686437
228858	0.00060015202
228859	0.002512070831
228860	0.0001611435312
228861	0.0002551950727
228862	0.000195622044
228863	0.0003485744532
228864	0.0006114142346
228865	0.001344444643
228866	7.984722783e-05
228867	0.0005132506467
228868	0.001488987177
228869	0.001110597394
228870	0.0007249747416
228871	0.001649607253
228872	0.0005063640804
228873	0.0009331063642
228874	0.001304188215
228875	0.00104279562
228876	0.00205336012
228877	5.477516674e-05
228878	0.0009423706389
228879	0.0001955922883
228880	0.001633772278
228881	0.0005656353437
228882	0.0007629391842
228883	0.0007395604096
228884	0.000924787892
228885	0.001418875686
228886	0.001097417708
228887	0.001166476909
228888	0.001075880275
228889	0.0007089083024
228890	0.0007334222193
228891	9.321527425e-05
228892	0.001467811725
228893	0.001697927541
228894	0.0007946722712
228895	0.0004287078169
228896	0.0007041115691
228897	0.001607350541
228898	0.0003560508079
228899	0.00024113612
228900	0.0002381046845
228901	0.0002193189463
228902	0.001660777619
228903	0.0005037326152
228904	0.0005066666208
228905	0.0001245519015
228906	0.0006941075262
228907	0.0003385091652
228908	0.0004886929637
228909	0.0004082852828
228910	6.134730018e-05
228911	0.0004360288697
228912	2.981671496e-05
228913	0.001023950489
228914	0.0004792596643
228915	0.0001669659906
228916	0.0001916908846
228917	0.0002851772566
228918	0.001114872883
228919	0.002689033004
228920	0.0009064813433
228921	0.0004476387468
228922	0.0006245490879
228923	0.0006486045878
228924	0.0006799102828
228925	0.0006340169904
228926	0.0001645576337
228927	0.0002090083687
228928	0.001768831731
228929	0.0005377802628
228930	0.0004391892978
228931	0.001879214484
228932	0.0006524611412
228933	0.001348653456
228934	0.0009592146142
228935	0.000453720395
228936	0.0014932489
228937	0.001300152971
228938	0.001549084165
228939	0.0005994307413
228940	0.0003681092749
228941	0.0002417658625
228942	0.0002476575813
228943	0.0006105826977
228944	0.001222565028
228945	0.00114607355
228946	0.0002494493974
228947	0.0002234552191
228948	0.001041367943
228949	0.000844874063
228950	3.414509671e-06
228951	9.984451399e-06
228952	0.0005551869111
228953	0.001750169345
228954	0.0002617794605
228955	0.0004243164061
228956	0.001339319679
228957	0.001113558549
228958	0.001061742543
228959	0.0009985456598
228960	0.0004039731962
228961	0.0009249707882
228962	0.001476316201
228963	0.0003703855341
228964	0.0001172991481
228965	0.0001184348689
228966	0.0003109905019
228967	0.0006901531566
228968	0.0007992716524
228969	0.0004684239177
228970	0.0005907638232
228971	0.002007919729
228972	0.0006819877992
228973	7.617764338e-06
228974	0.0002655184091
228975	0.0003926382692
228976	0.001369254322
228977	0.001187468586
228978	0.002673997377
228979	0.0003853700488
228980	0.0001989165646
228981	0.0006300540269
228982	0.0001787308332
228983	0.0008296037464
228984	0.0009924863772
228985	0.0004985615852
228986	0.002574431047
228987	0.000412783409
228988	0.001328049986
228989	0.0002805402938
228990	0.0003693395021
228991	0.0018478245
228992	0.001303972862
228993	0.0006113462932
228994	0.002444487232
228995	0.0007202699862
228996	0.0004217323147
228997	0.0004519308326
228998	0.0001253940256
228999	0.0004249321831
229000	0.0001161680715
229001	0.001579599385
229002	0.001711117022
229003	0.001249099139
229004	0.0004891929823
229005	0.000721155025
229006	0.0001636304357
229007	0.0007401867895
229008	3.550078016e-06
229009	0.0002106431665
229010	0.0001671348895
229011	6.133647888e-05
229012	0.0001247346186
229013	0.0005873307489
229014	0.0004984442112
229015	0.0004530875485
229016	0.0009569098466
229017	0.0016604505
229018	5.64715506e-05
229019	0.0003860688094
229020	0.001678520077
229021	0.0001801821822
229022	0.0007234933222
229023	0.0004988580092
229024	0.0001515630756
229025	0.0006627691566
229026	0.0006117586288
229027	0.001460762198
229028	0.001587595585
229029	0.000172313249
229030	6.248936114e-05
229031	0.001058265071
229032	0.0003243419479
229033	0.0003481784665
229034	0.0004003231943
229035	0.0004489801348
229036	0.00102999805
229037	0.001843612471
229038	2.583044318e-05
229039	0.0006246578994
229040	0.0001701955457
229041	0.000265180747
229042	0.0006757654172
229043	0.001380367332
229044	0.002111412063
229045	0.000599954442
229046	0.0006994105684
229047	0.0007625813303
229048	0.0003098473127
229049	0.001078096166
229050	3.707177518e-05
229051	0.0017190511
229052	0.000613967721
229053	0.0004023264235
229054	0.000798351468
229055	0.0002671445471
229056	1.635540688e-05
229057	0.000397190882
229058	0.0001560653069
229059	0.0003239568779
229060	0.0005214670167
229061	0.001357371954
229062	0.0004169310731
229063	0.000425600229
229064	0.0008339029474
229065	0.0008667936072
229066	0.002386963454
229067	7.902690723e-05
229068	0.0002300251293
229069	0.001134944618
229070	0.0003955531027
229071	0.0002717051611
229072	0.0007579264893
229073	0.001270824822
229074	0.001084255237
229075	0.0002367547081
229076	0.001231187662
229077	0.0002033375901
229078	3.30346297e-05
229079	0.001126281791
229080	0.00116910746
229081	0.001161241348
229082	0.0001805488768
229083	0.0001525615632
229084	0.001254411098
229085	0.001749631692
229086	0.000844462128
229087	0.002161610962
229088	0.000712084026
229089	0.001741393756
229090	0.0001896059358
229091	0.0002813688523
229092	0.0006719505344
229093	0.0009620320863
229094	0.0002587413077
229095	0.0006866873125
229096	0.0008492869434
229097	1.921154395e-05
229098	0.0008906142022
229099	0.0006307269136
229100	0.001326150236
229101	0.0002157462289
229102	0.002012163873
229103	0.000778405176
229104	0.0004087982177
229105	0.000846087649
229106	0.0005812074084
229107	0.002150103588
229108	0.001364561
229109	0.0001101712985
229110	0.001959844331
229111	0.0006194539957
229112	4.698288948e-06
229113	0.0003189580022
229114	0.0006447701619
229115	0.001302491421
229116	0.001471716242
229117	0.0007271752625
229118	0.001014090257
229119	0.000941419226
229120	0.00154886673
229121	0.001346200019
229122	0.0002357503735
229123	0.0006727072132
229124	0.0006419789086
229125	0.0005038082787
229126	0.0003437501187
229127	0.0006923757967
229128	0.0003746274167
229129	0.0005599358351
229130	0.001852404119
229131	0.0004489151054
229132	0.0009667176396
229133	0.0008220962403
229134	0.001094409753
229135	0.001278230974
229136	0.0006103053679
229137	0.0002017650858
229138	0.001123223502
229139	0.0006217764536
229140	0.0007701505456
229141	0.0001246950746
229142	0.0009123191767
229143	0.0008481225105
229144	0.001000729445
229145	0.0006538927586
229146	3.638992966e-05
229147	0.000205878822
229148	0.0006429850609
229149	0.0006933660184
229150	0.001030447165
229151	0.0006666747799
229152	0.000186210089
229153	0.0008201937502
229154	0.001300711592
229155	0.0007338318827
229156	0.001682042478
229157	0.00287856496
229158	0.001633778321
229159	0.0006367073888
229160	0.0009482782662
229161	0.001007132909
229162	0.0004690372251
229163	0.0001072419336
229164	0.0004007415448
229165	0.001089803624
229166	0.001888831716
229167	0.0001563164675
229168	0.001495349891
229169	0.0003497850261
229170	0.0001730556004
229171	0.0003605716687
229172	0.0006398728214
229173	0.0007841340069
229174	0.002074441235
229175	0.000427538584
229176	0.002627283206
229177	0.0005397925009
229178	0.0008901048958
229179	0.001028051886
229180	0.001973862636
229181	0.0005618071934
229182	0.0006537778111
229183	0.0006836585625
229184	0.0006639708921
229185	0.001061626955
229186	0.001140916328
229187	0.0006214348139
229188	0.001788509383
229189	0.00146090319
229190	0.0005580618514
229191	0.0005865659053
229192	0.002603911219
229193	0.0007399494096
229194	0.0003748989181
229195	8.751316547e-05
229196	0.000650265359
229197	0.0005755884357
229198	0.0005645750439
229199	0.001213975281
229200	0.000590348205
229201	0.001022664634
229202	0.0007224400753
229203	0.001686070012
229204	0.0003254128232
229205	0.0008575039564
229206	0.0004644183395
229207	0.00106175365
229208	0.0001495975319
229209	0.0008207277846
229210	0.0008415209323
229211	0.0006139015412
229212	0.001331744688
229213	0.00114889402
229214	0.0005165777942
229215	0.000387133985
229216	0.0003256961411
229217	0.001393852449
229218	0.0001773608586
229219	0.001084928908
229220	0.0004019138014
229221	0.000385835582
229222	0.0009850536605
229223	0.001109322321
229224	4.059710978e-05
229225	0.0006002120585
229226	0.001417008585
229227	0.0009165731417
229228	0.0005453073393
229229	0.0006094956617
229230	0.0003252182349
229231	0.001940801255
229232	0.0006984807975
229233	3.28335161e-05
229234	0.0006025970195
229235	0.001700633565
229236	0.0007815885281
229237	0.001122080542
229238	0.0004919767804
229239	0.001289208009
229240	0.0002212388527
229241	0.001168614154
229242	0.001118974223
229243	0.001269094682
229244	0.002460374225
229245	0.001202361403
229246	0.001971859178
229247	0.0006841350168
229248	0.003314654818
229249	0.0004308079623
229250	0.0005889193822
229251	0.00088376162
229252	6.667196048e-05
229253	0.001492267298
229254	0.0001163342689
229255	0.001063025678
229256	0.0001074359545
229257	0.0006253406407
229258	0.002297341547
229259	8.013900706e-05
229260	0.0003769787177
229261	0.0007801395673
229262	0.0007889562048
229263	0.0009903152147
229264	0.001186349371
229265	0.0004812634644
229266	0.001358422317
229267	0.001066270856
229268	0.0003646738786
229269	0.001044336021
229270	0.0005406825539
229271	0.0003205204586
229272	0.00200960226
229273	0.000829127493
229274	0.0008865568894
229275	0.0004126466252
229276	0.001483330944
229277	0.001871028908
229278	9.531606338e-05
229279	0.002832418502
229280	0.0009860918406
229281	0.000520402182
229282	0.0001166190248
229283	0.0002967216042
229284	0.001092744678
229285	0.0007096281418
229286	0.0004149200307
229287	0.0004968600475
229288	0.0002225632737
229289	0.001391791158
229290	0.0004560084381
229291	0.001714377263
229292	0.001317966923
229293	0.0006960670872
229294	0.0003678805523
229295	0.001092411297
229296	7.883907891e-05
229297	0.001376837529
229298	0.0005048015105
229299	0.0003605471001
229300	0.0008340730072
229301	0.0009545811717
229302	0.0008231517572
229303	0.001172814831
229304	0.0002698696925
229305	0.0008434478933
229306	0.001133967218
229307	0.0005558613277
229308	0.001155169481
229309	0.001288828208
229310	0.001491968063
229311	0.001310662817
229312	0.0002272400396
229313	2.390035492e-06
229314	0.0002503629591
229315	0.0007034357322
229316	0.0004784665035
229317	0.0004298909553
229318	0.0002328426938
229319	0.0007139856287
229320	9.036345977e-05
229321	0.0002548166447
229322	0.002610431007
229323	0.0006592727655
229324	0.000479819417
229325	0.0002128697745
229326	0.001158336353
229327	0.0006460132427
229328	0.0009333999498
229329	0.0001964198246
229330	0.001344420469
229331	0.001179650182
229332	0.001950917941
229333	0.001895703089
229334	0.0006248931101
229335	0.002087088152
229336	0.0003711028089
229337	0.0004590177921
229338	0.001340446177
229339	0.0004541243915
229340	0.0001832989036
229341	0.0004940666669
229342	0.003369340232
229343	0.0004969997733
229344	0.0009827755181
229345	0.001134511321
229346	0.002175051023
229347	0.0005751707391
229348	0.0003855649101
229349	6.252513111e-06
229350	0.0007208892989
229351	0.001491892189
229352	0.0009553701824
229353	3.159075156e-05
229354	0.0006274799501
229355	0.001327323354
229356	0.0001298704883
229357	0.001679520475
229358	0.001520326011
229359	8.590967751e-05
229360	0.001634370014
229361	9.429142088e-05
229362	0.0005741803329
229363	0.001597297334
229364	0.0008157634008
229365	0.0007179188361
229366	0.0009983888876
229367	0.0005067264553
229368	0.0002407813487
229369	0.001088944263
229370	0.0008387648139
229371	0.0001461335894
229372	0.001316120621
229373	0.000209014856
229374	0.002380740568
229375	5.590360231e-05
229376	0.0005420238677
229377	0.001204707535
229378	0.0008670431588
229379	0.0006925909537
229380	0.002650433165
229381	0.0003283374131
229382	0.001186827573
229383	0.0003692707612
229384	9.211311702e-05
229385	0.0008419806779
229386	0.0006150393734
229387	0.001222282334
229388	0.0005681972513
229389	0.0008736024121
229390	0.0007695986683
229391	0.0002729276044
229392	0.0009379446985
229393	0.0009104287651
229394	0.001990145418
229395	0.001136817164
229396	8.117780224e-08
229397	0.0001024104983
229398	0.002392636159
229399	0.0001970112567
229400	0.0006858975652
229401	0.001260015854
229402	0.0008263646977
229403	0.0007001106785
229404	0.001026501527
229405	0.001762737236
229406	0.001152236042
229407	0.00154649953
229408	0.00114076739
229409	0.0006886763996
229410	0.00189262211
229411	0.002212170732
229412	0.001661967312
229413	0.0006507874777
229414	0.000526120584
229415	0.00117634981
229416	0.002087238999
229417	0.0009997627993
229418	0.00155285726
229419	0.0007276354895
229420	0.001022609377
229421	0.001626651889
229422	0.001490798787
229423	0.0002118893155
229424	0.000152986619
229425	0.001332831698
229426	0.0003288129142
229427	4.534131832e-05
229428	0.0002946060694
229429	0.00236941217
229430	0.0008616720954
229431	8.153947091e-05
229432	0.0003507548456
229433	0.000595166987
229434	0.0003134427917
229435	0.000293326307
229436	0.0007521101925
229437	7.291365459e-05
229438	7.759328774e-05
229439	0.0005008489675
229440	0.001023665289
229441	0.0003786512813
229442	0.0002136273134
229443	0.001186743564
229444	0.0004843420132
229445	0.001225191525
229446	0.002175978525
229447	4.411069367e-06
229448	0.001699663068
229449	0.0004531900775
229450	0.0006752873536
229451	0.0006817838003
229452	0.001303918961
229453	0.00159252211
229454	0.0009084037624
229455	0.001525552331
229456	0.0002542116473
229457	0.001340435219
229458	0.001113014366
229459	0.001887839925
229460	0.001696470193
229461	0.0007664952395
229462	0.001944091429
229463	0.001293888854
229464	0.001656773195
229465	0.0003142644878
229466	0.001814418124
229467	0.0003182809137
229468	0.0002109281711
229469	0.001010958486
229470	0.0008341924801
229471	0.001635249593
229472	0.001531044832
229473	1.221943932e-05
229474	4.96639768e-06
229475	0.001929310258
229476	0.0008762903552
229477	0.0001163744864
229478	0.000688213108
229479	0.0007839205382
229480	0.001092463266
229481	0.0002482815159
229482	0.0004209200433
229483	0.0009826209045
229484	0.0009685274642
229485	0.0009636128937
229486	0.0002697732472
229487	0.001466861504
229488	0.0008742788665
229489	0.0001550594062
229490	0.0005138276716
229491	0.0002627236161
229492	0.0008653241666
229493	0.0001187167384
229494	0.0004637808017
229495	0.0009104409014
229496	0.0006882064185
229497	8.302276735e-06
229498	0.0003769401658
229499	6.233595024e-05
229500	0.0005113306207
229501	0.0005145704985
229502	0.0007985926226
229503	0.002946990651
229504	0.001373944493
229505	0.0002788870487
229506	0.0008810979452
229507	0.0002980968098
229508	0.0004228357167
229509	0.002148922846
229510	0.0002018691771
229511	0.001030628614
229512	0.0009789187081
229513	0.001133706762
229514	0.0008705845498
229515	0.00225330374
229516	0.001078428749
229517	0.0002909308196
229518	0.00127049653
229519	0.0005951815239
229520	0.0003794703209
229521	0.001277744366
229522	9.515828264e-05
229523	0.0004869622669
229524	0.0007449714579
229525	0.0004976169842
229526	6.027168411e-05
229527	0.0001104358587
229528	9.651119468e-05
229529	0.001001519433
229530	0.0003645622678
229531	0.0002933910779
229532	0.002176254748
229533	0.0009082307658
229534	0.0009499751697
229535	0.0005798703086
229536	0.001639737968
229537	0.001712658482
229538	0.0004990707988
229539	0.0004304855872
229540	0.002639385375
229541	0.000732715041
229542	0.0006189708931
229543	0.0005843518515
229544	0.001267831725
229545	0.000496849568
229546	0.0006175065358
229547	0.001161607215
229548	0.0001948876851
229549	7.472422045e-05
229550	0.0010863915
229551	0.001083908796
229552	0.0003475351217
229553	0.000253466607
229554	0.0009869317915
229555	0.0003813290791
229556	0.001039123763
229557	0.0002320614768
229558	0.0003951321466
229559	0.001830246177
229560	0.0004736470945
229561	0.002090050083
229562	0.0001144758006
229563	0.0007623011653
229564	0.0005330876804
229565	0.0002768501328
229566	0.001003013129
229567	0.000471710067
229568	0.0008260343533
229569	0.003482092414
229570	0.0001898757922
229571	0.0004910899352
229572	0.000823992346
229573	0.0001718227661
229574	0.0004480573324
229575	0.0001387565542
229576	0.0008997597951
229577	0.0007830821589
229578	0.0002987934525
229579	0.0007333531857
229580	0.0004616942208
229581	0.0007256975284
229582	1.815112148e-05
229583	0.001121226134
229584	0.0002597945858
229585	0.001202486072
229586	0.00115487339
229587	0.0004938815395
229588	0.001251485909
229589	0.0008113290596
229590	0.000375986883
229591	0.001586463201
229592	0.0005327301369
229593	0.001957971337
229594	0.002202362638
229595	0.001241607157
229596	0.0006494728598
229597	0.0002096199344
229598	0.001214250542
229599	0.0009006260377
229600	0.002112214641
229601	0.001148473594
229602	0.0004083502496
229603	0.0009246727791
229604	2.25634822e-05
229605	0.0008403965932
229606	0.0009322569053
229607	0.0002165725723
229608	0.0002274044565
229609	0.0002546165865
229610	0.0007462057257
229611	0.0009918223394
229612	0.00118823978
229613	0.0007097442266
229614	0.001740165028
229615	0.001381237841
229616	0.001040802491
229617	0.0002360404483
229618	0.001154293527
229619	0.002142326417
229620	0.001790394226
229621	0.0001439246479
229622	0.001146015754
229623	9.773854483e-05
229624	0.001872421091
229625	0.0008556807664
229626	0.0007166240934
229627	0.002719957404
229628	0.0005638714227
229629	0.00187330362
229630	0.0008564012816
229631	0.001276020274
229632	0.001464237273
229633	0.0009872038294
229634	0.0002501697152
229635	0.0007467579218
229636	0.001255416074
229637	0.0009263428898
229638	0.002155667067
229639	0.0005880885423
229640	0.001003827894
229641	0.0005542138422
229642	0.0008818632134
229643	0.0005277395093
229644	0.001603744993
229645	0.0002994893338
229646	0.000801072345
229647	0.00281731014
229648	0.0003784708831
229649	6.476219478e-05
229650	0.0003053236378
229651	0.0006556552096
229652	4.623018348e-05
229653	0.0002716344313
229654	0.001088550175
229655	0.0007187061394
229656	0.001218088866
229657	0.0002300571912
229658	0.001050969696
229659	0.0008885954687
229660	0.001417724688
229661	0.0007757703156
229662	0.0006024816315
229663	0.002180240036
229664	0.0009188005477
229665	0.001982819294
229666	0.0003633756425
229667	0.002422147872
229668	0.003256852095
229669	0.0005489731235
229670	0.001064682208
229671	0.001834109338
229672	0.0005559882499
229673	0.0005267767935
229674	0.00226225913
229675	0.0009887163524
229676	0.0004117307237
229677	0.0004314011466
229678	0.003672331035
229679	0.001066439802
229680	0.0003757999503
229681	0.0003182549813
229682	0.0004395771767
229683	0.0003937705164
229684	0.001538479321
229685	0.0004466401776
229686	0.002096225003
229687	0.0004491617933
229688	0.0006344393255
229689	0.0005765609967
229690	0.0003183050678
229691	0.000786361109
229692	7.142470876e-06
229693	0.001409871803
229694	0.001018365027
229695	0.000128490867
229696	0.000575396331
229697	0.001625116447
229698	0.0007815614405
229699	0.001124991262
229700	0.0002572868527
229701	0.00111587961
229702	0.0001846522323
229703	0.001179741561
229704	0.0008788003278
229705	0.0003724612578
229706	0.0005384655642
229707	0.0004209223415
229708	0.0005528013199
229709	0.002277564051
229710	0.0002362077572
229711	0.0006732030448
229712	0.000101978905
229713	0.001369312032
229714	2.987174515e-05
229715	0.00111532003
229716	0.0001270897334
229717	0.0005588566776
229718	0.0007427836605
229719	0.0005727192931
229720	0.0004939202513
229721	0.0001777171141
229722	0.0002988101501
229723	0.0004857792352
229724	0.0008028061397
229725	9.112617518e-05
229726	0.000926061291
229727	0.001214512576
229728	0.0004402002094
229729	0.0007648868377
229730	0.002524796639
229731	0.000436748428
229732	0.001460454306
229733	0.001333380737
229734	3.231244678e-05
229735	0.0007895070557
229736	0.002327379418
229737	0.0007188102163
229738	0.001489404987
229739	0.0006875742552
229740	0.0005929317133
229741	0.0005008505111
229742	0.0006875198244
229743	0.001089938455
229744	0.0004186319252
229745	0.0003416256948
229746	0.002047466362
229747	0.0008884054057
229748	0.0003560276715
229749	0.000180364818
229750	0.000616284139
229751	8.641404583e-05
229752	0.001116225421
229753	0.001388614145
229754	0.0009716810153
229755	0.0003491047428
229756	0.001797862746
229757	0.001593385075
229758	0.000372460605
229759	0.0004310091496
229760	0.0007570982436
229761	0.00165005422
229762	0.00219684075
229763	0.002181305881
229764	6.257017147e-05
229765	0.0005167272713
229766	0.002173362059
229767	0.0009734182693
229768	0.0006948196246
229769	3.788490304e-05
229770	0.001280401253
229771	0.0009316409875
229772	0.0009784269267
229773	0.0002901007561
229774	0.0001777722606
229775	0.001259569512
229776	0.0003963705999
229777	0.001070797828
229778	0.001137213818
229779	0.0005126726944
229780	0.001592135911
229781	0.0005319467533
229782	2.009394478e-05
229783	0.0002109584486
229784	0.0008657437526
229785	0.0002747637773
229786	0.0003839341124
229787	0.0005867707538
229788	0.001089488527
229789	2.897851252e-05
229790	0.001639686804
229791	0.001262206477
229792	6.915409029e-07
229793	0.0004316602736
229794	0.0007484109961
229795	0.0005717319749
229796	0.0008572050806
229797	3.639314239e-05
229798	3.730438726e-05
229799	0.002088795713
229800	0.0003836407176
229801	0.0006583224063
229802	0.000437811607
229803	0.0004375006491
229804	0.0001582587944
229805	0.000400148768
229806	0.001153498656
229807	0.0002043643528
229808	0.0001732450259
229809	0.00150146855
229810	0.002001060109
229811	0.001438790921
229812	0.001655267583
229813	0.0006131352748
229814	0.001146375922
229815	0.001326302738
229816	0.0009213773366
229817	0.001306687863
229818	0.0004177855727
229819	0.001193332772
229820	0.0004061046054
229821	0.002046391246
229822	0.001294485314
229823	0.000289078505
229824	0.00096277974
229825	0.001333429125
229826	0.0006392723222
229827	0.0006317849997
229828	0.001121325779
229829	0.001230230128
229830	0.0007131658811
229831	0.001772033753
229832	0.0009505790052
229833	0.001250062315
229834	0.0001210798064
229835	0.0009188193927
229836	0.0007202315004
229837	0.001811702264
229838	0.0007686053109
229839	0.0007973823409
229840	0.001335230643
229841	0.00119834709
229842	0.0003542812897
229843	8.521046735e-05
229844	0.0007283290213
229845	0.001000760071
229846	0.0009994647355
229847	0.0007068471967
229848	0.001612781662
229849	0.0007834500798
229850	0.001436940263
229851	0.0009143745232
229852	0.0001728120041
229853	0.001235677601
229854	0.0003263064795
229855	0.0009342102436
229856	0.0007711148879
229857	0.001136391308
229858	0.0001825824607
229859	0.0004755134893
229860	0.0001731453631
229861	0.0001570609405
229862	0.0005353166177
229863	0.002623243047
229864	2.985466094e-05
229865	0.000821300641
229866	0.0007307116378
229867	0.001077521622
229868	0.001438771193
229869	0.0009521849363
229870	6.763873518e-06
229871	0.0003525340874
229872	0.0009837548966
229873	0.0006444296365
229874	0.0006153009617
229875	0.0003591196603
229876	0.0002475795241
229877	0.001572559934
229878	0.0007331726047
229879	0.001008246691
229880	0.0008852899171
229881	0.001519419832
229882	0.001899460738
229883	0.0001037883416
229884	0.0009547050377
229885	0.0003531634738
229886	0.0004124987478
229887	7.716927559e-05
229888	0.0002312510521
229889	0.002034190107
229890	0.0005319750742
229891	0.001186703323
229892	0.0004109612828
229893	0.0004041290193
229894	0.0008510209238
229895	0.001009133392
229896	0.001504639858
229897	3.914634386e-05
229898	0.0006259840538
229899	0.0006531206824
229900	0.002540068791
229901	0.000276752838
229902	0.0006751994421
229903	0.00115210723
229904	0.001019821185
229905	0.0007988653953
229906	0.001354593807
229907	1.08500879e-05
229908	0.0006039123078
229909	0.0001116544432
229910	0.0008875840656
229911	0.001349601997
229912	0.0005171758102
229913	0.001300733797
229914	0.001377515198
229915	0.0009560785013
229916	0.001372102192
229917	0.001287482231
229918	0.001145105201
229919	0.001357465462
229920	0.0009554049898
229921	0.0001629486099
229922	0.00201905874
229923	0.0004156189766
229924	0.001048041385
229925	0.002132180257
229926	0.0002142943764
229927	0.0001126921983
229928	0.0002243404065
229929	0.0009777944427
229930	0.001421708629
229931	0.0008946268337
229932	0.0005790340441
229933	0.00096320811
229934	0.0004449911853
229935	3.445476606e-05
229936	0.000238922941
229937	0.0008172414577
229938	0.001148849919
229939	0.0005755232666
229940	0.0006278586105
229941	0.0009641455285
229942	0.00115857755
229943	0.000511422982
229944	0.0003726134844
229945	0.0007277875836
229946	2.00318462e-05
229947	0.001012767514
229948	0.001472001934
229949	0.0007455635784
229950	0.001774318691
229951	0.000724799332
229952	0.001352438909
229953	0.002445674654
229954	0.0006109901823
229955	0.0001905626194
229956	0.0006706002682
229957	0.00249306778
229958	0.0007930478118
229959	0.00159357762
229960	0.001077995225
229961	0.00127784342
229962	0.001299334041
229963	0.00176717903
229964	0.0002888860078
229965	0.001214566915
229966	0.0002902934913
229967	0.000923402619
229968	0.001134591306
229969	0.001064584686
229970	0.001047127707
229971	0.001545772849
229972	0.001928652912
229973	0.0009891528568
229974	0.0007359048192
229975	0.0008841178718
229976	0.0009802182506
229977	9.494286672e-05
229978	0.0006527974245
229979	0.0004684528257
229980	0.0001710293378
229981	0.001094290962
229982	0.0002763347533
229983	0.0005082309626
229984	0.0006694303563
229985	5.73097433e-05
229986	0.001323457325
229987	0.0007893198973
229988	0.0008395413368
229989	3.735344339e-05
229990	0.0002996219116
229991	0.00272264331
229992	0.001250289537
229993	0.0002514515312
229994	0.0001790749169
229995	0.001269859563
229996	0.0005608869749
229997	0.0008986937721
229998	0.00108907032
229999	0.0005252812151
230000	0.001199243081
230001	0.0006733117033
230002	0.0002902102991
230003	0.001109899556
230004	0.0003901686692
230005	0.0002353598072
230006	0.0009718465661
230007	0.0005867689324
230008	0.0008509526815
230009	0.002126787773
230010	0.001242609442
230011	0.000392146005
230012	0.001295149972
230013	0.0007704422367
230014	0.001230659823
230015	0.0008476792608
230016	0.0006849813195
230017	1.039482813e-05
230018	0.0001676958325
230019	0.0006030587275
230020	0.000625947945
230021	0.000682840831
230022	0.0006316218604
230023	0.0005468758972
230024	0.0002768282045
230025	0.0005081091825
230026	0.001094652768
230027	0.001000613456
230028	0.000153188582
230029	0.0008807379339
230030	0.00137184091
230031	2.144545378e-06
230032	2.442520096e-06
230033	0.0008265220856
230034	1.102006034e-05
230035	0.0008515244897
230036	0.0005435220178
230037	0.00108594595
230038	0.001370761423
230039	0.0001565893851
230040	0.0007351991218
230041	0.000771717845
230042	0.001235068226
230043	0.0002987350827
230044	0.0001980704578
230045	0.0007615145498
230046	0.001161885335
230047	0.0003033897157
230048	0.001323598164
230049	3.281249048e-05
230050	0.001952340027
230051	5.004008283e-05
230052	0.000485258227
230053	0.00057049057
230054	0.0004333114081
230055	0.001425060438
230056	0.002154365171
230057	0.0004184796356
230058	0.000219131333
230059	0.0001587161261
230060	0.0005863103968
230061	0.0007536668288
230062	0.0001607146716
230063	0.0009182960343
230064	0.0001987660924
230065	0.002500243856
230066	0.001436586558
230067	0.000538514013
230068	0.0001424824792
230069	0.001288003448
230070	0.0002530416833
230071	0.00080305501
230072	0.001161497273
230073	0.001444970915
230074	0.001479018194
230075	0.0003228389192
230076	0.0003109523584
230077	3.841691463e-05
230078	0.0005431755611
230079	0.0005479037818
230080	0.001425577634
230081	0.001103417817
230082	0.0001453759021
230083	0.001460202268
230084	6.382741476e-05
230085	0.0007711317665
230086	5.069609176e-06
230087	0.001118395392
230088	0.0003092532532
230089	0.0003370768261
230090	0.0009404476611
230091	0.0005933880624
230092	0.0007812771354
230093	0.0008356409005
230094	0.0002777790701
230095	0.001311244962
230096	0.0008353671389
230097	0.00153313682
230098	0.002694106538
230099	0.001040502324
230100	0.0007202178024
230101	0.0002541697609
230102	0.00144796663
230103	0.002212710001
230104	0.001532471865
230105	0.001977090641
230106	0.002023506828
230107	0.002201028268
230108	4.445020972e-05
230109	0.0007025194428
230110	0.0002028147973
230111	0.001481360329
230112	0.000367731091
230113	0.001663737992
230114	0.0003349265536
230115	0.00037492765
230116	0.0007178911803
230117	0.0009980909601
230118	0.001521130743
230119	0.0004823089791
230120	0.0002399344466
230121	0.0008426778885
230122	0.000488715702
230123	0.0007268668389
230124	0.000666985552
230125	0.00227266034
230126	0.0003491225597
230127	0.0003549205436
230128	0.0008223091661
230129	0.0008882688561
230130	0.002339562812
230131	0.0003198788111
230132	0.001238439909
230133	0.003072707402
230134	0.0001697992081
230135	0.0002835594149
230136	0.0007210592102
230137	0.0006345395127
230138	7.981119528e-05
230139	0.0003051519822
230140	0.0005692606413
230141	0.001241155462
230142	0.0006559408043
230143	0.0002885127029
230144	0.001804606132
230145	0.001552283214
230146	0.0001984975155
230147	0.0012330697
230148	8.456180307e-05
230149	0.001321510226
230150	0.0001550194815
230151	0.0005150557284
230152	0.0009562243297
230153	0.0002099912262
230154	0.000885212281
230155	0.001976631281
230156	0.001957639206
230157	0.0009923951388
230158	0.0005850001865
230159	0.0004077838503
230160	0.001030174988
230161	0.0003923260566
230162	0.0009103782246
230163	0.0001382892856
230164	0.001115179017
230165	0.0005792295903
230166	0.0002783038188
230167	0.001194561041
230168	0.002323266031
230169	8.431115521e-06
230170	0.001125140162
230171	0.001438160606
230172	0.000387306997
230173	4.799687172e-05
230174	0.0002157408334
230175	0.001004890866
230176	0.0008728811088
230177	0.0004078926868
230178	0.002994260135
230179	0.0003196951316
230180	0.0005247188092
230181	0.001512160994
230182	0.0007854377246
230183	0.00128735522
230184	0.002750484434
230185	0.0001065200785
230186	0.001767542759
230187	0.0006943781233
230188	0.001797349608
230189	0.001472156602
230190	0.0004473358829
230191	0.002759960268
230192	0.0004700437283
230193	6.052180472e-05
230194	0.000976384788
230195	0.000902479067
230196	0.0003034356474
230197	0.0004818720058
230198	0.002069854948
230199	0.0004549107307
230200	0.0003341602238
230201	0.0003317107353
230202	0.002579781554
230203	0.001836945915
230204	0.001860333924
230205	0.0005062827778
230206	0.000158162891
230207	0.0009272824477
230208	0.0002013601874
230209	0.001608306576
230210	0.001179227493
230211	0.0002590295055
230212	0.001457679143
230213	0.000220861478
230214	0.001726372059
230215	0.0001083990981
230216	0.0007820419343
230217	0.0001910910874
230218	0.0007879348915
230219	0.0001838035765
230220	0.0007992502416
230221	0.0008940495995
230222	0.00139552513
230223	0.002446075206
230224	0.0001556611039
230225	0.001070027534
230226	0.003086905894
230227	0.0003296859751
230228	0.001193009179
230229	0.001250326882
230230	0.001514577059
230231	0.00113709898
230232	0.001493822417
230233	0.001070514282
230234	0.001341706748
230235	0.0008778920851
230236	0.0004042490795
230237	0.0002168915183
230238	0.00122339019
230239	0.001630597654
230240	0.0006331551523
230241	0.0007849996972
230242	0.0008675725592
230243	0.0002304801862
230244	0.0007159217957
230245	0.0008926616836
230246	0.0006659166737
230247	0.0001034252818
230248	0.0008215813383
230249	0.000621149568
230250	0.0003022477777
230251	0.0006115512783
230252	0.0007908338016
230253	0.0003129670004
230254	0.0007822257229
230255	0.002155082694
230256	0.0001312280738
230257	0.0003463735852
230258	0.0004669214076
230259	0.00138285615
230260	0.0001729370909
230261	0.001223895643
230262	8.241121226e-05
230263	0.001445891745
230264	0.0005571467591
230265	0.0008520085333
230266	0.0003123692987
230267	0.0004864516868
230268	0.0007184794829
230269	0.0009461425111
230270	0.0009261855909
230271	0.001437715185
230272	0.0005642121122
230273	0.0001860357732
230274	0.001445577399
230275	0.0002780884804
230276	5.467987424e-06
230277	0.0008205003226
230278	0.0007241677748
230279	0.001254472587
230280	0.0006424395707
230281	0.0008014295876
230282	0.0001712097245
230283	0.0003756597914
230284	6.586986217e-05
230285	0.0002690501819
230286	0.0008409053261
230287	0.001444871883
230288	0.0006227038355
230289	0.0003380603612
230290	0.0007634576887
230291	0.0006487158605
230292	0.0001987500115
230293	0.00170549466
230294	0.000990186012
230295	0.0005136973521
230296	0.0006489162639
230297	0.001001990421
230298	0.0006409155665
230299	0.0007903290194
230300	0.0004243547735
230301	0.001656242186
230302	0.001634699627
230303	0.0009829796665
230304	0.0002327196233
230305	0.002212087701
230306	0.0003804287171
230307	0.001939387149
230308	0.0002876324344
230309	0.001404084856
230310	0.0004016715615
230311	0.0003776750029
230312	0.0001755389253
230313	0.0004943567479
230314	0.0005802277901
230315	0.001159266944
230316	0.001233085724
230317	0.001699607142
230318	0.0004403903188
230319	0.001179830482
230320	0.0007100687542
230321	0.0002660082473
230322	0.0009193795422
230323	0.0007543444404
230324	0.0005414585254
230325	0.0009309622107
230326	0.0009013094548
230327	0.00076073912
230328	6.91620849e-05
230329	0.0007614315523
230330	0.001918316782
230331	0.0003259681989
230332	0.0009151562237
230333	0.0001997771613
230334	0.0003859352535
230335	0.001592594331
230336	0.0002417178596
230337	0.0008366463861
230338	0.0008514644743
230339	0.001770138418
230340	0.000651484696
230341	0.0006371079527
230342	0.0006122077635
230343	0.0003639032041
230344	0.002413037756
230345	0.0002992710891
230346	0.0005694504489
230347	6.61430876e-06
230348	0.00103032228
230349	0.001385374512
230350	0.0007268208558
230351	0.0005594113457
230352	0.0002300580282
230353	0.001632343681
230354	0.0006575861487
230355	0.000126121461
230356	0.0008631868617
230357	0.001173906415
230358	0.0002937095389
230359	0.0008505545747
230360	0.0007199313717
230361	0.001816474283
230362	0.0008910551888
230363	0.0004719690747
230364	0.0005721866904
230365	0.001190551778
230366	0.00161299118
230367	0.0001297167829
230368	0.002115900706
230369	0.0004912577958
230370	0.0007534692458
230371	0.0005777302946
230372	0.001170931812
230373	0.00086174832
230374	0.000537878755
230375	0.0008391300057
230376	0.001485069959
230377	3.170085466e-05
230378	0.0006759518497
230379	0.0004079298383
230380	0.0005233808972
230381	0.0003015144435
230382	0.0003619630295
230383	0.000691810029
230384	0.0005155971921
230385	0.0004291559767
230386	7.052785891e-05
230387	0.001223904094
230388	0.000511675509
230389	1.983811912e-05
230390	0.001642897166
230391	0.0002287792801
230392	0.001208441692
230393	0.000121933917
230394	0.0001412935066
230395	0.0009241359073
230396	0.000687855842
230397	0.001046723867
230398	0.0002958549645
230399	0.000807549806
230400	0.0007730072019
230401	0.0006851878342
230402	0.0007057410682
230403	0.0003394663847
230404	0.0006348227597
230405	0.001845624952
230406	0.0007019134509
230407	0.00135516702
230408	0.00117644399
230409	0.002610470338
230410	6.513816554e-05
230411	0.000846992142
230412	0.0001882346097
230413	0.0005741324898
230414	0.0007781130884
230415	0.0008022182313
230416	0.001461681511
230417	4.823581455e-05
230418	0.001078557083
230419	0.0002650834115
230420	0.001515771737
230421	0.0009355210447
230422	0.0004578494748
230423	0.0003534215374
230424	0.0005535371127
230425	0.001471910818
230426	0.00235315508
230427	0.000505771148
230428	0.0001813311457
230429	0.0005966924037
230430	0.003914047648
230431	0.002127619357
230432	0.001208537326
230433	0.0001781959055
230434	0.001393993883
230435	0.002108860272
230436	0.0008914945082
230437	0.0005545859568
230438	0.0002494694766
230439	0.0005516300042
230440	0.0001002712624
230441	0.0005851051516
230442	0.00170830244
230443	0.000658161458
230444	0.0009854905481
230445	0.001451827916
230446	0.0003489571682
230447	0.001426219959
230448	0.0007848365074
230449	0.0008035184072
230450	2.985991435e-05
230451	0.0002379063044
230452	0.001662951585
230453	0.0006076388649
230454	0.0001093629191
230455	0.005167434384
230456	0.001094233893
230457	0.0007359280423
230458	0.001527254924
230459	0.001523400971
230460	0.0003015774082
230461	0.0003824730312
230462	9.409744445e-05
230463	0.0004777598061
230464	0.0005797876115
230465	0.001452127725
230466	0.0001189580877
230467	0.0007707287722
230468	0.0006710751391
230469	0.00152050834
230470	0.0004293571602
230471	0.0004173838166
230472	0.000462652058
230473	0.0007095754842
230474	0.0002081638581
230475	0.001473314789
230476	0.0008700351775
230477	0.000889398665
230478	0.0002616646203
230479	0.0009751953838
230480	0.001661824032
230481	0.00116383046
230482	0.0004861202987
230483	0.0002957620491
230484	0.001136768939
230485	0.0002983708739
230486	0.0002370415833
230487	0.001934336546
230488	0.0002013762204
230489	0.0003551284461
230490	0.0009390425171
230491	0.0008409207787
230492	0.002380134753
230493	0.0009969323245
230494	0.001215657534
230495	0.0009493233637
230496	0.0002325395148
230497	0.00125973367
230498	0.0006795108969
230499	0.001593442902
230500	0.0006927040694
230501	0.0006536644384
230502	0.0006244206267
230503	0.001161512738
230504	0.001104198077
230505	0.001136367054
230506	7.2900415e-05
230507	0.0007268013222
230508	0.0003413834057
230509	0.001212108421
230510	0.0003806895148
230511	0.0006597108965
230512	0.0001340155849
230513	0.000485829608
230514	0.0002595807043
230515	0.0009950398739
230516	0.0009555881586
230517	8.42655077e-05
230518	0.0002771696559
230519	0.0008755841619
230520	0.0004517501686
230521	0.0005353255787
230522	0.001788912178
230523	0.0004088875671
230524	0.0005794185663
230525	0.001236645873
230526	0.000100958776
230527	0.0007467896415
230528	0.0004110351919
230529	0.0008552068599
230530	0.0007931861241
230531	0.001654775101
230532	0.0006240305444
230533	0.000749301939
230534	0.001446299188
230535	0.002099846196
230536	0.0005826210355
230537	0.00175525834
230538	0.002509394576
230539	0.0003982411714
230540	9.743010233e-06
230541	4.049804889e-05
230542	0.0006076950851
230543	0.000603119046
230544	0.0005321328784
230545	0.0007920646956
230546	0.001178127233
230547	0.0003081925456
230548	0.001143906147
230549	2.65958065e-05
230550	0.0005956867513
230551	0.0001764415957
230552	0.001089114736
230553	0.0008320100412
230554	0.0001650963166
230555	0.0005860315285
230556	0.001229599327
230557	3.612104261e-05
230558	0.0001319397656
230559	0.0001910782102
230560	0.001771196301
230561	0.001346825429
230562	0.0001117145071
230563	0.0006605900796
230564	0.0002034633013
230565	8.626075251e-05
230566	0.0006373425416
230567	8.855822761e-05
230568	8.33778341e-05
230569	0.000157107593
230570	0.0003765168822
230571	6.138536292e-05
230572	0.001101254882
230573	0.0006933177203
230574	0.001525783803
230575	0.0002543825335
230576	0.0009164235708
230577	7.281623912e-05
230578	0.0007578193958
230579	8.589639503e-05
230580	0.0005804980612
230581	0.0007694307481
230582	5.152653281e-05
230583	0.0005556365714
230584	0.0002954450607
230585	0.0006077935684
230586	7.685689112e-05
230587	0.0005282062215
230588	0.0006173906665
230589	0.0004401921161
230590	0.0004833909039
230591	0.001301251857
230592	0.0004925973022
230593	0.000637658995
230594	0.003825487077
230595	4.446070995e-05
230596	0.0006208694742
230597	0.0005969762948
230598	0.0004625464766
230599	0.0003647391449
230600	0.0005184187428
230601	0.0005789023878
230602	0.0003996972471
230603	0.0003645941061
230604	0.001276623941
230605	0.0009178116206
230606	0.0001265432065
230607	0.0005834728848
230608	4.87188895e-05
230609	0.0007155074922
230610	0.001382207257
230611	8.114551151e-05
230612	0.001438952573
230613	0.0001528495558
230614	0.0009899453061
230615	0.0009995997468
230616	0.002188847599
230617	2.034073452e-05
230618	0.0007029513409
230619	0.001009609091
230620	0.0006649307935
230621	0.000644477088
230622	0.0006727634372
230623	0.0005993491382
230624	0.0005609348969
230625	0.0009728629505
230626	0.0007178139712
230627	0.000217337665
230628	2.007292165e-05
230629	0.00116674956
230630	0.0009578842882
230631	0.000456963868
230632	1.597791717e-05
230633	0.0001731489977
230634	0.0006866393708
230635	9.603080316e-05
230636	7.338539559e-06
230637	0.002168256333
230638	0.0004914632121
230639	0.0004859445434
230640	0.0009495345118
230641	0.0004995196956
230642	0.001022637711
230643	0.0001905412558
230644	0.0009675361854
230645	0.0007809390562
230646	9.948134249e-05
230647	0.0002873205275
230648	0.0009065594095
230649	0.0006159596568
230650	0.001050291857
230651	0.0004991137303
230652	0.0009508540924
230653	0.001193575109
230654	0.0003334832286
230655	0.001244684318
230656	3.071108499e-05
230657	0.0004594096118
230658	0.0005583398313
230659	0.002148979466
230660	0.0001686821788
230661	0.001516415427
230662	0.002222639851
230663	0.0005590764194
230664	0.001155781543
230665	0.0001537181699
230666	0.003432619926
230667	0.0001524197292
230668	0.0004511938016
230669	1.450517015e-05
230670	0.0004632367005
230671	0.0006390810201
230672	9.997352545e-05
230673	0.0005444138939
230674	0.0005675002168
230675	0.0005385242805
230676	0.000593372852
230677	0.0003527076131
230678	0.0006543111387
230679	0.001200137444
230680	0.0008076956456
230681	9.045399899e-06
230682	0.000333785058
230683	0.0004501680711
230684	0.001188830891
230685	0.001663972246
230686	0.0005616363281
230687	0.0007363347979
230688	0.0002587745985
230689	0.0004923513599
230690	0.0005925549379
230691	0.0001318048068
230692	0.0006858069679
230693	0.0006148362768
230694	0.0005155761146
230695	0.0002055936818
230696	0.0002402654277
230697	0.0005307289462
230698	0.0005544987799
230699	9.208754416e-05
230700	0.000757983351
230701	0.001194004046
230702	0.0007591882574
230703	0.0004133308002
230704	0.001777773331
230705	0.0002341509969
230706	0.001182998976
230707	0.0006409742796
230708	0.001570920524
230709	0.001520614936
230710	0.0006099999258
230711	0.001192109518
230712	0.0009569493916
230713	0.0001629282853
230714	0.0005051313399
230715	0.0002289674176
230716	0.0001774203503
230717	0.002185172633
230718	0.000473733407
230719	0.0003840209878
230720	8.89832914e-05
230721	0.001385975946
230722	0.0009379848871
230723	0.000514045122
230724	0.0004835625097
230725	0.0003576747346
230726	0.001543016575
230727	0.00199281083
230728	7.460857862e-05
230729	0.0002733839825
230730	0.0007281627489
230731	0.001107191168
230732	2.778875018e-05
230733	0.001935068921
230734	0.0001568794363
230735	0.0009150225181
230736	0.0005097775451
230737	0.00102685753
230738	0.0008127806576
230739	0.0009774661832
230740	0.000886293918
230741	4.05515201e-05
230742	0.0005252474681
230743	0.000977200291
230744	0.0009443982576
230745	0.0006002022143
230746	0.0008606250344
230747	0.001128430929
230748	0.0007243162901
230749	0.0007326142707
230750	0.0001869028657
230751	0.001406875048
230752	0.001111810994
230753	0.0008014270271
230754	0.0002163847032
230755	4.065106394e-05
230756	0.0005525542009
230757	1.663092743e-05
230758	0.0006526176112
230759	0.0002742017846
230760	0.0012780159
230761	0.0008770582806
230762	0.001108439559
230763	0.0008282736992
230764	0.0002228033819
230765	0.0009751933552
230766	0.0008819696483
230767	0.0005827361212
230768	0.000913656456
230769	0.0007256284719
230770	3.656336479e-05
230771	0.0009822445857
230772	0.001029051868
230773	0.0005323410607
230774	0.001785888762
230775	7.242120893e-05
230776	0.0009011848976
230777	0.001441292269
230778	0.0005530130989
230779	0.0003026920001
230780	0.00035907841
230781	0.0002600961261
230782	0.0003261636547
230783	0.0006372054512
230784	0.0002834967506
230785	0.0005132675698
230786	0.0001826381158
230787	0.001581092645
230788	0.000645297312
230789	0.0006090951021
230790	0.0003120101306
230791	1.14939372e-06
230792	0.0002654067801
230793	0.001742190891
230794	0.0004764270997
230795	0.0007481772116
230796	0.0005594703014
230797	0.001684946061
230798	0.0008019357248
230799	0.0004300146797
230800	0.00178869862
230801	0.0008934427333
230802	0.0007687036322
230803	0.0002779805452
230804	0.001319625204
230805	0.0005322235622
230806	0.0004718306717
230807	0.001306438302
230808	0.0009345462004
230809	0.001622640545
230810	0.000922546183
230811	0.002170346012
230812	0.0002972435248
230813	0.0003284691903
230814	0.0001644676991
230815	0.002853010732
230816	0.0007049407637
230817	0.0007210261476
230818	0.0003822574009
230819	0.001063564006
230820	0.001397768461
230821	0.0008252436757
230822	0.0005733985087
230823	8.577425969e-05
230824	0.0004191585725
230825	0.001794035174
230826	0.0007677522247
230827	0.0001802270235
230828	0.001249670973
230829	0.0001672199482
230830	7.261240068e-05
230831	0.0008653488098
230832	0.001069673478
230833	0.0002812689692
230834	0.000514874761
230835	0.003294694607
230836	0.0003956560217
230837	0.001018690617
230838	0.0005495058446
230839	0.00180048981
230840	0.0004661604705
230841	0.0003406146197
230842	0.001248590289
230843	0.0006682595787
230844	0.0007895039699
230845	0.000694457014
230846	0.000262397781
230847	0.0006937691869
230848	0.000887772058
230849	0.0004737597644
230850	0.0002254836853
230851	0.0001470607628
230852	0.0004344235545
230853	0.0008293763939
230854	0.002521385071
230855	0.0001872279936
230856	0.0009036090499
230857	0.002098111882
230858	0.001440417142
230859	0.001953359806
230860	9.003908859e-05
230861	0.000648259248
230862	0.0001959174995
230863	0.0004088274994
230864	7.397343328e-05
230865	0.0007844061167
230866	7.661029527e-05
230867	7.752598233e-05
230868	0.000589876562
230869	0.0006286211005
230870	0.0004567600732
230871	0.0003373000572
230872	0.0008141193869
230873	0.001062262208
230874	0.001137188032
230875	0.0007536167802
230876	0.0002603572186
230877	0.001391729036
230878	0.0008363169092
230879	4.419578485e-06
230880	5.708610426e-05
230881	0.0006549066532
230882	0.0001194176324
230883	0.0001602108463
230884	0.0007144853775
230885	0.001668654706
230886	6.970048744e-05
230887	0.001382781989
230888	0.0001875044007
230889	0.0004129349877
230890	0.0003865459466
230891	9.146589435e-05
230892	0.002251350414
230893	0.0009364389394
230894	0.0006781983462
230895	0.0005654413168
230896	0.0004181388991
230897	0.0008548195024
230898	0.0009712561587
230899	0.0004205275695
230900	0.001489458833
230901	0.0003773900172
230902	0.0004209078525
230903	0.0004431119336
230904	0.0006580500143
230905	0.002018444782
230906	0.0004578931497
230907	0.0002458931617
230908	0.0004969497037
230909	0.001536546313
230910	8.554590483e-05
230911	0.0001094550538
230912	0.000273549951
230913	0.001978020958
230914	0.0002844750688
230915	0.0004106877661
230916	0.0002836456689
230917	0.0003694915526
230918	0.0009111697518
230919	0.001562664351
230920	0.0005930981068
230921	0.001204825847
230922	0.0006180772362
230923	0.0008358646007
230924	3.4138503e-05
230925	0.0009695937103
230926	0.0005173101474
230927	0.0006555480153
230928	0.001356653118
230929	0.001995739581
230930	0.000319125089
230931	0.0001135732818
230932	0.000982202865
230933	0.0005784990333
230934	0.001021378729
230935	0.002700146926
230936	8.546788436e-05
230937	0.0005972866061
230938	0.0002391027778
230939	0.0008481047622
230940	0.0009519863522
230941	0.001599423054
230942	0.001748078116
230943	0.001386765646
230944	0.00112972595
230945	0.0003367250099
230946	0.0005653102006
230947	0.001961665316
230948	0.0007367365225
230949	0.0005476461622
230950	0.0005091344554
230951	0.0004999328372
230952	0.0001545289593
230953	0.0008736816779
230954	0.0006184626318
230955	0.0001780612048
230956	0.0009184282012
230957	0.001051508828
230958	0.0007232977983
230959	0.0007044469703
230960	0.0009079585379
230961	0.0005042007553
230962	0.00223072441
230963	0.0007929039154
230964	0.0002100187374
230965	0.0002992986999
230966	0.001097877382
230967	0.0007514940064
230968	0.0006850277315
230969	0.0006460286564
230970	0.0001474724394
230971	0.0009344554879
230972	0.0008641648975
230973	0.000231254354
230974	0.001226749446
230975	0.0004339820186
230976	0.0004351113205
230977	0.0001725678595
230978	0.0003020882609
230979	0.0001675758314
230980	0.0001484524885
230981	0.000324682256
230982	0.0003762322658
230983	0.0003646414709
230984	0.00090354131
230985	0.0003636911023
230986	0.001423601659
230987	9.528628749e-05
230988	0.0007052944828
230989	0.001609088219
230990	0.0005988210934
230991	0.0007365483644
230992	0.0006752228192
230993	0.002818348912
230994	0.000646233747
230995	0.001940060177
230996	0.0004426811922
230997	0.0003107269537
230998	0.0001166792034
230999	0.0007728989701
231000	0.0001419380602
231001	0.000583850504
231002	0.0004046919399
231003	0.0006602976672
231004	0.000248459429
231005	0.0007823241279
231006	0.0015423973
231007	0.0005534479216
231008	6.230545025e-05
231009	3.195037131e-05
231010	0.0003073196158
231011	0.000203103011
231012	0.00174764019
231013	0.0004438558137
231014	0.001050131709
231015	3.676862063e-05
231016	0.001158487705
231017	0.0004541660235
231018	0.0004286485839
231019	0.001101479509
231020	0.001175376428
231021	0.0008364720266
231022	0.0007327423984
231023	0.000530893996
231024	0.0002990579838
231025	0.000336229598
231026	0.0002250872036
231027	0.001172928432
231028	0.0002184252663
231029	6.037647914e-05
231030	0.0007078273608
231031	2.37225986e-06
231032	0.001189032145
231033	0.001184103717
231034	0.0002684263831
231035	0.0001798301747
231036	3.837516886e-05
231037	0.0002407603385
231038	0.0004942135944
231039	0.0001620008395
231040	0.001804998974
231041	0.0006384133164
231042	0.001317782309
231043	0.0004592576431
231044	1.294421052e-05
231045	0.00144948875
231046	0.0002987336524
231047	0.0001453405527
231048	0.000760836405
231049	0.001177610482
231050	0.0004840030434
231051	0.0005227955875
231052	0.001516203547
231053	0.001506546684
231054	0.000444758178
231055	0.0005493414634
231056	0.001387146714
231057	0.0001277859633
231058	0.001836151105
231059	0.002256488595
231060	0.00111360236
231061	0.000814153117
231062	0.001043329198
231063	0.001115894206
231064	0.0004685030824
231065	0.0004959018475
231066	0.0003254156584
231067	0.0003282106888
231068	0.0002292347381
231069	0.001928898679
231070	0.0001712253284
231071	0.0009047472908
231072	0.001395870473
231073	0.000121672669
231074	0.0001431291987
231075	0.001063373532
231076	0.0009953287438
231077	0.0006759367398
231078	0.001208729141
231079	0.0001262981712
231080	0.0004601073573
231081	0.001425413044
231082	0.0008691058596
231083	0.001403872397
231084	6.386926591e-05
231085	0.001041495925
231086	4.040503231e-06
231087	0.001070497749
231088	0.0001991563882
231089	0.0007913551573
231090	0.0009187819508
231091	0.000556179731
231092	0.0002048265898
231093	0.0007768137693
231094	0.0003183389273
231095	0.001047462652
231096	0.001609029062
231097	0.0008229318209
231098	0.0008384528258
231099	0.001576477149
231100	0.00052046014
231101	0.001470884788
231102	0.0009817719993
231103	0.001063744727
231104	8.612138593e-05
231105	0.0001817135725
231106	0.0003868502285
231107	0.001492818488
231108	0.0004589497316
231109	0.0007070877191
231110	0.0006829779505
231111	0.0003287293624
231112	0.0004845206684
231113	0.001604732349
231114	0.005140127469
231115	0.0004004128803
231116	5.018861769e-05
231117	0.0006852823293
231118	0.001117340252
231119	0.000386505891
231120	0.002065425161
231121	0.0003939659766
231122	0.0003004771326
231123	0.0006963146538
231124	0.0001634093373
231125	0.0003815116168
231126	0.000427255395
231127	0.001543478883
231128	0.0003142612654
231129	0.001737052168
231130	0.00028123263
231131	0.001018451899
231132	0.0007647570139
231133	0.0006945121444
231134	0.001311303317
231135	0.0007856834437
231136	0.0008084144579
231137	0.001664468085
231138	0.0003909382312
231139	0.002161322618
231140	0.0001868278019
231141	0.0007602187761
231142	0.0003917426023
231143	0.0009504903664
231144	0.0004185153262
231145	0.0007205323932
231146	0.000629428372
231147	0.0004657307308
231148	0.000416382278
231149	0.001753827239
231150	0.001211823167
231151	0.000480427089
231152	0.0002190587344
231153	0.000819806852
231154	0.000137495305
231155	0.001176556752
231156	0.0003797232558
231157	0.000577765048
231158	0.002313955128
231159	0.001133847863
231160	0.001674598179
231161	0.0002597543689
231162	0.001172359273
231163	0.0003423083662
231164	3.212594463e-05
231165	0.001685106859
231166	0.0005164636088
231167	0.0002552726328
231168	0.0005967622705
231169	3.408437428e-06
231170	0.0006108469166
231171	0.0005898042089
231172	0.001019481625
231173	9.918202384e-05
231174	0.0004184349162
231175	0.0004252817276
231176	0.000705786048
231177	0.0003011637754
231178	0.0003999387293
231179	0.0009199452818
231180	0.0003083058084
231181	2.269305808e-05
231182	0.0003891891846
231183	0.000677627105
231184	0.0002783615948
231185	0.0003913805893
231186	0.0008653609525
231187	0.0009897574063
231188	0.000697465678
231189	0.001581565287
231190	0.0006941812841
231191	0.001098829164
231192	0.000239742832
231193	7.16722801e-06
231194	0.0005642545753
231195	0.0006611310285
231196	0.001215979949
231197	0.001485473433
231198	0.0005167444419
231199	0.001001315042
231200	0.0002258888741
231201	0.0003452092574
231202	0.0006548186209
231203	0.0006089553925
231204	0.0003184559073
231205	5.998761562e-05
231206	0.0006393454352
231207	0.0008651763576
231208	0.001034441329
231209	0.0007555165148
231210	0.0007182041279
231211	0.0008148342477
231212	0.0001411695777
231213	0.000378365496
231214	0.0004087548584
231215	0.0009593442623
231216	0.0004076482737
231217	0.00109333835
231218	0.0005677148501
231219	6.5620295e-05
231220	0.0003573850473
231221	0.0006836339557
231222	0.000512962703
231223	0.0009748978371
231224	0.0003491005439
231225	0.001631397458
231226	0.001239764575
231227	9.758604962e-05
231228	0.0004534530047
231229	0.0009557667703
231230	0.0007089417556
231231	0.00110804358
231232	0.0003678875409
231233	0.00188173654
231234	0.002277351237
231235	0.0004192613496
231236	0.0004476434306
231237	0.0009936705559
231238	4.096135133e-05
231239	0.0007650558366
231240	0.0006079540374
231241	5.298053231e-06
231242	0.0009959403146
231243	9.077592781e-05
231244	0.001357083411
231245	0.001238193512
231246	0.0004079276445
231247	0.0003606184409
231248	0.001252032191
231249	0.0004400901266
231250	0.000374047172
231251	0.0002631294217
231252	0.001699760541
231253	0.0006598878741
231254	0.001754976592
231255	6.103284526e-05
231256	0.0005136266327
231257	0.0007372793944
231258	0.0003521109928
231259	0.0004422343241
231260	5.278187771e-05
231261	0.001566190626
231262	0.001703446186
231263	0.001042552302
231264	0.0002549090253
231265	0.0003370342054
231266	0.0005648717377
231267	0.0007147820988
231268	0.0009256737275
231269	0.0003868045451
231270	0.0001818243748
231271	0.0005831944699
231272	0.0002082845639
231273	0.000438009269
231274	0.001453534506
231275	0.001819058705
231276	0.001031334074
231277	0.001216799228
231278	4.162541485e-06
231279	0.0001799646077
231280	0.000536398156
231281	0.00136158927
231282	0.001066459413
231283	0.0007075657771
231284	0.000834954098
231285	0.0006043101359
231286	0.00105257224
231287	0.001235510133
231288	0.0005649165891
231289	0.00110358862
231290	0.0006993659054
231291	0.0004112391919
231292	0.001494539487
231293	0.0009373082484
231294	0.0001030951448
231295	0.0004832294606
231296	0.0002641794317
231297	0.0008057907628
231298	0.0001353429146
231299	0.000308985196
231300	0.0004542014859
231301	0.0002088414409
231302	0.0003800814944
231303	0.00059241876
231304	0.00282431725
231305	0.002330864267
231306	0.0008509701227
231307	0.001943294138
231308	0.0002301952059
231309	0.0009095181849
231310	0.0005015481203
231311	0.0003070567657
231312	0.0004508437817
231313	8.707426926e-05
231314	0.0008839215622
231315	0.0002727976796
231316	0.001385764481
231317	0.0007483754185
231318	0.0002457521927
231319	0.0006163487712
231320	0.0004848562159
231321	0.0003643698718
231322	5.661912384e-05
231323	0.0001982854215
231324	0.001553214605
231325	0.0001041707009
231326	0.0005539402963
231327	0.001266092035
231328	0.0006429914057
231329	0.0006723690042
231330	0.0003669267802
231331	2.416526023e-05
231332	0.001033149616
231333	0.0009029685136
231334	0.0004254645384
231335	0.001354587651
231336	0.0005675940695
231337	0.0004839685374
231338	0.00090137685
231339	0.0009384223307
231340	0.0008038662334
231341	0.0006828771148
231342	0.001452629788
231343	0.0002419734563
231344	0.000285456586
231345	0.000129164624
231346	0.0008383127444
231347	0.0007048863451
231348	0.0009595859079
231349	0.001164621812
231350	0.0002352830937
231351	0.0006432930008
231352	0.002428596234
231353	0.0004657083029
231354	0.001513409823
231355	0.001148916679
231356	0.000239601258
231357	0.0003879443365
231358	0.0002131891868
231359	0.001549535886
231360	0.001664999631
231361	0.0005341628355
231362	0.0006158497554
231363	3.759890213e-05
231364	0.00113401041
231365	0.0004043271178
231366	0.001456594376
231367	0.001785373359
231368	0.001225124903
231369	0.0008213641127
231370	0.0004625810102
231371	0.0007019242309
231372	0.001425878482
231373	0.001041141732
231374	0.0003293925823
231375	0.001917803552
231376	0.0004534884125
231377	0.0007869623271
231378	0.002042812849
231379	0.001074515579
231380	0.0005231659128
231381	0.0009383498568
231382	0.000442624846
231383	0.0004003877267
231384	8.165467953e-05
231385	0.001513920258
231386	0.0008784671213
231387	0.0006504700184
231388	0.0004292737673
231389	0.0002142994661
231390	5.676233811e-05
231391	0.0005388398143
231392	2.023719452e-05
231393	0.0002549156111
231394	0.001619431707
231395	0.0001405008757
231396	0.001212499311
231397	0.0005035368419
231398	0.0001950876391
231399	0.0006995029309
231400	0.0003021958474
231401	0.0006125965823
231402	0.001736355478
231403	9.838691752e-05
231404	0.0008672670985
231405	0.0002397018439
231406	0.0005863429294
231407	0.0006891828994
231408	0.001587513
231409	7.805716965e-05
231410	0.00032400511
231411	6.09364412e-05
231412	0.001509181696
231413	0.001825944222
231414	0.001380434598
231415	0.0009395741888
231416	0.001854954382
231417	0.0008540969522
231418	0.0002125185325
231419	8.422266936e-05
231420	0.0005503040881
231421	0.0004547393597
231422	0.0003862121435
231423	0.0008537449555
231424	0.0003802075808
231425	0.0001611294245
231426	0.001273278417
231427	0.0005869154972
231428	0.001806208809
231429	0.0006228196709
231430	0.001231734807
231431	9.608673443e-05
231432	0.0001977048292
231433	0.000538407779
231434	1.523135695e-05
231435	0.00097116862
231436	0.0005909707755
231437	0.001712202848
231438	0.0003613069913
231439	0.0006005289632
231440	5.006988242e-06
231441	0.0003272525033
231442	0.0008007869137
231443	0.0008389731048
231444	0.000529942037
231445	0.0005417256841
231446	0.0001019343367
231447	3.828538328e-05
231448	0.0003661853811
231449	0.0005432076471
231450	0.0003940025728
231451	0.0004452726267
231452	0.0003486401617
231453	0.0003715556056
231454	2.2140937e-05
231455	0.001387203908
231456	0.0003145694024
231457	0.0009863178829
231458	0.001965929559
231459	0.0004989115572
231460	0.0001964644115
231461	0.0005680461594
231462	1.089860962e-05
231463	0.0005444350011
231464	0.0005783813036
231465	0.00126540942
231466	2.748429932e-05
231467	0.0002699982204
231468	0.001046013263
231469	2.384288134e-05
231470	0.0005438074466
231471	3.006180146e-05
231472	0.0007463768637
231473	0.001561792717
231474	0.001051636353
231475	0.0006093665328
231476	0.001826835793
231477	0.001249286834
231478	0.0005008402267
231479	0.001023742152
231480	0.0008188611972
231481	0.0005560878144
231482	0.0007509317426
231483	0.001408529807
231484	0.000177031076
231485	0.0009839592143
231486	6.451922069e-05
231487	0.000427140493
231488	0.0006648981033
231489	0.001426928616
231490	5.771111624e-05
231491	0.0002892377083
231492	0.0001482759462
231493	0.0001723553145
231494	0.0001119878315
231495	0.0007463302326
231496	0.0006450979363
231497	0.0003365577222
231498	0.001571491395
231499	0.001024137848
231500	0.001165045684
231501	0.001769558628
231502	3.305134556e-05
231503	0.0006374881121
231504	0.0009770924921
231505	0.0003637092933
231506	4.436723113e-05
231507	0.0003732626174
231508	0.002188655489
231509	0.0002868763908
231510	0.002934600961
231511	0.0006858817706
231512	0.0007992094946
231513	0.0006413724936
231514	0.001945129623
231515	0.006639136336
231516	0.0006843931832
231517	0.001716705123
231518	0.008700049283
231519	0.00420480252
231520	0.01306422421
231521	0.004719566857
231522	0.006109877329
231523	0.01013867147
231524	0.002272148195
231525	0.00243251341
231526	0.007032340497
231527	0.002190187326
231528	0.0008721979711
231529	0.00111398826
231530	0.002166623776
231531	0.004465273071
231532	0.003596296639
231533	0.008557116331
231534	0.001219544233
231535	0.002990478299
231536	0.008141985955
231537	0.005119508493
231538	0.005756112336
231539	0.003034593788
231540	0.00557642951
231541	0.01066921601
231542	0.006817980338
231543	0.0012639039
231544	0.005047441393
231545	0.003393606242
231546	0.002986424322
231547	0.001647807913
231548	0.01641409432
231549	0.003967273837
231550	0.00859299116
231551	0.005945266249
231552	0.004199338895
231553	0.01427579862
231554	0.003322138232
231555	0.005655434809
231556	0.001807210122
231557	1.589060464e-05
231558	0.0001787297886
231559	0.001742706044
231560	0.0009106381287
231561	0.006665204747
231562	0.008031387582
231563	0.006330445206
231564	0.006667492125
231565	0.004613726904
231566	0.002727049091
231567	0.003550318241
231568	0.005811124025
231569	0.001852990582
231570	0.0001790070501
231571	0.007925254889
231572	0.02139345197
231573	0.002451089886
231574	0.002703959694
231575	0.002477559302
231576	0.002478355985
231577	0.005830104813
231578	0.004093441498
231579	0.0009609662663
231580	0.002638157477
231581	0.003256535009
231582	0.004832929364
231583	0.008083379101
231584	0.01091904346
231585	0.003291508387
231586	0.006216181754
231587	0.01759610347
231588	0.007335618908
231589	0.01270318526
231590	0.007958319478
231591	0.002292603583
231592	0.0002542186747
231593	0.001449691248
231594	0.0007240220891
231595	1.414061466e-05
231596	0.008282847711
231597	0.0001190356774
231598	0.002740070947
231599	0.0002117169152
231600	5.503057766e-06
231601	0.001662027595
231602	0.001183146678
231603	0.005479860339
231604	0.00417761177
231605	0.0007593730918
231606	0.001983213111
231607	0.0004677850398
231608	0.003232421829
231609	0.001108957546
231610	0.001294787979
231611	0.00429947217
231612	0.004265613013
231613	0.002711608887
231614	0.003612973289
231615	0.000256002113
231616	0.003797492353
231617	0.003916369739
231618	0.0006937637254
231619	0.0007325439499
231620	0.0005238122601
231621	0.001776548289
231622	0.001479323208
231623	0.00163806087
231624	0.0009667620888
231625	0.003351730241
231626	0.003097974897
231627	0.001299701422
231628	0.000819085715
231629	0.004866485623
231630	0.001657495589
231631	0.002097008881
231632	0.01171868292
231633	0.002698083983
231634	0.004503939494
231635	0.002714894719
231636	0.006047821236
231637	0.001380366778
231638	0.004684562362
231639	0.008406664723
231640	0.008555520135
231641	2.319419884e-06
231642	0.004062598655
231643	0.01416286076
231644	0.004270368192
231645	0.001958632138
231646	0.0007858492731
231647	0.005117968
231648	0.00191877856
231649	0.005608493915
231650	0.03218733712
231651	0.02258797377
231652	0.01498601271
231653	0.002986792346
231654	0.002906664046
231655	0.003911560312
231656	0.003230379494
231657	0.0009292359198
231658	0.00164949585
231659	0.01331735903
231660	0.0006095983134
231661	0.001214109022
231662	0.005399746383
231663	0.003542007027
231664	0.002967683656
231665	0.00881032022
231666	0.002945242021
231667	0.002435496385
231668	0.002774972953
231669	0.01170507084
231670	0.004994613681
231671	0.001790353528
231672	0.004935985187
231673	0.002503082166
231674	0.00403903408
231675	0.004242239908
231676	0.01214503975
231677	0.0004178564834
231678	0.002604072914
231679	0.003592656713
231680	0.006006943466
231681	0.0002446988152
231682	0.0007063080627
231683	0.001060568525
231684	0.003196221054
231685	0.0001478045105
231686	0.0008807158296
231687	0.002803242678
231688	0.000771772228
231689	0.0003752238755
231690	0.0006857771755
231691	0.002600602417
231692	0.004125399818
231693	4.09220943e-05
231694	4.610265672e-05
231695	0.001836790904
231696	0.001929570625
231697	0.00542327102
231698	0.005788787008
231699	0.001538650445
231700	0.002004237178
231701	0.0005154117546
231702	0.00314148327
231703	0.001790433639
231704	0.0008255669852
231705	0.001079471558
231706	0.002828245273
231707	0.002048461481
231708	0.002286896248
231709	0.0002556946326
231710	0.004462660903
231711	0.001429467149
231712	0.00448000827
231713	0.001328748846
231714	0.0009015871662
231715	0.001142073701
231716	0.001004803373
231717	0.001355915041
231718	0.001142814179
231719	0.0009507130391
231720	0.005009422356
231721	0.001219152913
231722	0.001322566216
231723	0.0009750438206
231724	0.00081622326
231725	0.00046969091
231726	1.141956211e-06
231727	0.0002273028021
231728	0.0007333905387
231729	0.001441493948
231730	0.0005981441524
231731	0.0001322407235
231732	0.000626743157
231733	0.0001079555069
231734	0.001207483302
231735	0.001185761069
231736	5.458188555e-07
231737	0.001556487734
231738	0.0015565723
231739	0.001985232004
231740	0.0003734418022
231741	0.0007514449281
231742	0.0007334416501
231743	0.0008474371002
231744	1.86732261e-06
231745	0.002623034421
231746	0.001009112793
231747	0.0003912771668
231748	0.0006311162202
231749	0.0008930561234
231750	0.0003964427722
231751	0.0007545970353
231752	0.001131732071
231753	0.001636833774
231754	0.002740453201
231755	0.001127109043
231756	0.001493157036
231757	0.001131585849
231758	0.0002582125452
231759	0.0006267441972
231760	0.002395975016
231761	0.001139512559
231762	0.0006049310233
231763	0.001283845439
231764	0.004179088641
231765	0.009285615221
231766	0.0082347815
231767	0.006288904185
231768	7.112880479e-05
231769	0.0002485637431
231770	0.0001702321661
231771	8.515646996e-05
231772	9.110105519e-05
231773	0.0002568555269
231774	7.270380593e-05
231775	0.000250660254
231776	0.0001692720387
231777	7.996429591e-05
231778	1.484924021e-05
231779	0.001214708274
231780	0.001215683582
231781	0.0007686448395
231782	0.001894332984
231783	0.0006065448691
231784	0.004856898752
231785	0.005161983019
231786	0.0006259933212
231787	0.003095315936
231788	0.0004811069688
231789	0.001330422587
231790	0.001804860031
231791	0.0012453344
231792	0.001594592797
231793	0.005156224361
231794	0.004041168923
231795	0.0006943293206
231796	0.003561829601
231797	0.0142397691
231798	0.0008414576452
231799	0.001633965218
231800	0.004812243264
231801	0.0056136865
231802	0.008128353306
231803	0.002314130655
231804	0.001465575825
231805	0.001618796258
231806	0.003200435049
231807	0.009473957864
231808	0.009152325424
231809	0.005162673421
231810	0.00656777143
231811	0.01157794931
231812	0.003619098201
231813	0.004777786932
231814	0.001912345352
231815	0.005681034672
231816	0.004308926092
231817	0.007964445696
231818	0.01243072506
231819	0.008052212958
231820	0.001599749365
231821	0.007950537592
231822	0.0103534852
231823	0.01701735939
231824	0.0006057306436
231825	0.00659659711
231826	0.01101722907
231827	0.002192721086
231828	0.005581507846
231829	0.009604612762
231830	0.001166065553
231831	0.003916218094
231832	0.000199362361
231833	0.01106049799
231834	0.007867653745
231835	0.004512268412
231836	0.01078065262
231837	0.003137469711
231838	0.005008641501
231839	0.004533821764
231840	0.003130031907
231841	0.00208602105
231842	0.01827601794
231843	0.001967003473
231844	0.005072886138
231845	0.01673034894
231846	0.002488022414
231847	0.004247789438
231848	2.400178531e-06
231849	0.002779922801
231850	0.009390237073
231851	0.01070647521
231852	0.007103326422
231853	0.001905891946
231854	0.002800858744
231855	0.004406939206
231856	0.003528141303
231857	0.01077517836
231858	0.004562778381
231859	0.006004005992
231860	0.00131724349
231861	0.000494099606
231862	0.003371083905
231863	0.008488753527
231864	0.005119923463
231865	0.006550628829
231866	0.0004967197731
231867	0.0004109374804
231868	0.007093404794
231869	0.01506801065
231870	0.001756101465
231871	0.01155955849
231872	0.01196307475
231873	0.006746582847
231874	0.0009689724231
231875	0.001210491706
231876	1.288951565e-05
231877	0.005669541382
231878	0.0002569829357
231879	0.0007882701251
231880	0.004264744967
231881	0.003176261272
231882	0.01436948897
231883	0.009694951122
231884	0.001325295135
231885	0.003770375976
231886	0.00206489081
231887	0.005497416914
231888	0.004040863311
231889	0.005679954792
231890	0.0005620140031
231891	0.01030611822
231892	0.009922353659
231893	0.006535132238
231894	0.003980413667
231895	0.004532374982
231896	0.002452117345
231897	0.0214660921
231898	0.007753939538
231899	0.00650632952
231900	0.009819326186
231901	0.01809001677
231902	0.002215606132
231903	8.438838158e-05
231904	0.0007331004196
231905	0.005675815289
231906	0.00346585674
231907	0.0009478914051
231908	0.009477606447
231909	0.009031835351
231910	0.009043822418
231911	1.163902148e-06
231912	0.006796609826
231913	0.002905114164
231914	0.00777976798
231915	0.006848653972
231916	0.004884608307
231917	0.001111972126
231918	0.008113306244
231919	0.00922985415
231920	0.009889930399
231921	0.01626600756
231922	0.002899750653
231923	0.005838327417
231924	0.005619227011
231925	0.006034331841
231926	0.0007525243365
231927	0.01796196243
231928	0.002604180351
231929	0.0002410098989
231930	0.008777409585
231931	0.01217343487
231932	0.004736294708
231933	0.002687328794
231934	0.007653448376
231935	0.006774658805
231936	0.01641132223
231937	0.01426286972
231938	0.003569961417
231939	0.004775023088
231940	0.005896349666
231941	2.734466701e-05
231942	0.00651976383
231943	0.003518115794
231944	0.007614716864
231945	0.007492309038
231946	0.0004149429258
231947	0.01288352415
231948	0.00854993278
231949	0.003781747555
231950	0.005364207041
231951	0.0005282049975
231952	0.008629446052
231953	0.01260419198
231954	0.003115745585
231955	0.002102140946
231956	0.001187649149
231957	0.001343907095
231958	0.0001463221554
231959	0.00330448616
231960	0.01344431438
231961	0.001146730338
231962	0.0005433449328
231963	0.002139065927
231964	0.002451927397
231965	0.0006704658186
231966	0.0007739034852
231967	0.0004065255253
231968	0.0002326184879
231969	0.000273973347
231970	0.0003458545482
231971	6.662444607e-05
231972	0.00056339318
231973	0.001093025044
231974	0.002057042336
231975	0.0004995030172
231976	0.00155491816
231977	0.0005805456851
231978	0.001120649625
231979	0.0003007404073
231980	0.0008280614743
231981	0.0004256734752
231982	0.0006311404826
231983	0.0004491364755
231984	2.090770413e-06
231985	0.0008113342525
231986	0.0004736279852
231987	0.000563435627
231988	0.0002193448838
231989	0.001110613664
231990	0.0009744719881
231991	0.002326616231
231992	0.0008496289186
231993	0.0008495658537
231994	0.0008945741042
231995	5.161388914e-05
231996	0.001946735854
231997	0.0004260514436
231998	0.0003151438529
231999	0.001788094279
232000	0.0009876034521
232001	0.0003664458436
232002	0.000684893441
232003	0.0002201312768
232004	0.002703036918
232005	0.001374552673
232006	6.941266772e-06
232007	0.0007359433063
232008	0.0007778025985
232009	0.0008018935975
232010	0.0009647311348
232011	0.0006659218148
232012	0.001094295935
232013	0.001443167068
232014	0.0008198155141
232015	0.000658083941
232016	0.0008173364356
232017	0.0006911881155
232018	0.0003691852787
232019	0.0002082354664
232020	0.0014239452
232021	6.077580574e-05
232022	0.001615618409
232023	0.001407813113
232024	0.0001499021992
232025	0.0008975313607
232026	0.001176113175
232027	0.001791570205
232028	0.001250671994
232029	0.0005610424191
232030	0.0008159305613
232031	0.000326276644
232032	0.002322612659
232033	0.001599094593
232034	0.0008697011491
232035	0.00157305829
232036	0.0004315065363
232037	0.0001639323414
232038	0.0005198916466
232039	5.5310928e-06
232040	0.001120540356
232041	0.0001101164314
232042	0.0006914251029
232043	0.0002669036715
232044	0.002431619616
232045	0.0008739593086
232046	0.0007310369795
232047	0.0001063680324
232048	0.001914141082
232049	0.001649097707
232050	0.0007261452297
232051	0.001028638013
232052	0.0009829168016
232053	0.0003913656408
232054	0.0008899097884
232055	0.001402621052
232056	0.0003945177928
232057	0.0008004095322
232058	0.001657518695
232059	0.001366953092
232060	0.000701911103
232061	0.0009494329222
232062	0.0009487376185
232063	0.001158408777
232064	0.0009782277374
232065	0.001076336906
232066	0.00168893566
232067	0.001413958793
232068	0.001740943111
232069	0.0002884131991
232070	0.0004916970097
232071	4.944912442e-05
232072	0.001939035761
232073	0.0002591600496
232074	0.0003160787392
232075	0.001947049682
232076	0.0003266887359
232077	0.0004978301314
232078	0.001589181779
232079	0.0005045586384
232080	0.0003485492388
232081	0.001775053028
232082	0.0008310283066
232083	0.001387717768
232084	0.002341898764
232085	0.0001070819247
232086	0.000408975168
232087	0.0003296973293
232088	0.0007292357336
232089	0.001810586223
232090	0.001341720826
232091	0.0008169834518
232092	0.0003741988333
232093	0.0003247400234
232094	0.0008729341262
232095	0.001324953589
232096	0.0005373312382
232097	0.001371475531
232098	0.002124504131
232099	0.0006929227137
232100	0.0003836670798
232101	0.0009009803343
232102	0.001664142933
232103	0.0003648813343
232104	0.001414135635
232105	0.0003864650134
232106	0.0007907052137
232107	0.001123028521
232108	0.001524248982
232109	0.001359593169
232110	2.312245463e-05
232111	0.0009629186555
232112	0.0006213068681
232113	0.0005736128574
232114	0.0006657849195
232115	0.001743609417
232116	0.001414009323
232117	0.0002632631976
232118	0.0005737140241
232119	0.0003343186573
232120	0.0006359622072
232121	0.0009921483576
232122	0.0004216608223
232123	0.001463745887
232124	0.001214787848
232125	0.001576420185
232126	0.001896640521
232127	0.001602822524
232128	0.0008737947392
232129	0.002284780742
232130	0.001461884909
232131	0.001318233525
232132	0.00109191612
232133	0.0005525180765
232134	0.001527319244
232135	0.0009025608001
232136	4.452934219e-06
232137	0.0001961549194
232138	0.0006084006525
232139	0.0004555689408
232140	0.0005721304039
232141	0.0009814929002
232142	0.0009275875595
232143	0.0007091599616
232144	0.002170597647
232145	0.001489810283
232146	0.0001220037168
232147	0.0005925075351
232148	0.0004419467271
232149	0.0003243807261
232150	0.0001399780475
232151	0.00131365458
232152	0.0001873661702
232153	0.0009386394254
232154	0.0004558956815
232155	0.0007272331654
232156	0.001605536115
232157	0.001178975447
232158	0.0004192761492
232159	0.0002435284085
232160	0.0001779229507
232161	0.0001973946813
232162	0.0003339525099
232163	0.001623324688
232164	0.0009003879947
232165	0.001482068688
232166	0.001630770206
232167	0.001819181234
232168	7.032564345e-05
232169	0.000462660742
232170	0.0009245903239
232171	0.0006393216759
232172	0.001315183883
232173	0.001121845691
232174	0.0009686319988
232175	9.637014439e-05
232176	0.0002780234925
232177	0.001123839867
232178	0.0002920278674
232179	0.002144249798
232180	0.0003666111448
232181	0.0007973118159
232182	0.0001412331889
232183	0.0006800327799
232184	0.001977806892
232185	0.0006560807017
232186	0.00245659898
232187	1.3415221e-05
232188	0.0004337119634
232189	0.0001019224155
232190	0.0012256718
232191	0.0005766902684
232192	0.001993755038
232193	0.0001643584686
232194	0.001747799322
232195	0.001636219617
232196	0.0005026805704
232197	0.0006309311886
232198	0.0004383439623
232199	0.002192432581
232200	0.0005699166346
232201	0.0009845032438
232202	6.807787377e-05
232203	0.001304260746
232204	0.001046914436
232205	0.002022243853
232206	0.0005221985347
232207	5.204759377e-05
232208	0.001603013789
232209	0.0001746755085
232210	0.0005712064708
232211	0.0009053608094
232212	0.001434909148
232213	0.0003414682676
232214	6.843527237e-05
232215	0.0002640859689
232216	0.0001401159871
232217	0.0004858167723
232218	0.0006592286966
232219	0.001622573084
232220	0.000528265721
232221	0.001356015918
232222	0.001780484864
232223	0.000702863054
232224	0.0009143969681
232225	0.00239118627
232226	0.001155981917
232227	0.0007541280041
232228	0.001151590016
232229	0.002070364677
232230	5.845695075e-05
232231	0.000544076387
232232	0.000151441525
232233	0.001375732482
232234	0.000850034559
232235	0.0009286294363
232236	0.001695986452
232237	0.001844761608
232238	0.001362256736
232239	0.0008429495881
232240	0.001185505257
232241	0.001664875818
232242	0.0008034693875
232243	0.0004513877132
232244	0.0005573889508
232245	0.001223080586
232246	0.001491667327
232247	0.0004645161841
232248	7.508706551e-06
232249	0.0006851393116
232250	0.00137388016
232251	0.001191655033
232252	0.0009799792275
232253	0.0004751080769
232254	0.001165201702
232255	0.0005233919139
232256	0.000225330488
232257	0.0008005432462
232258	0.001342911469
232259	0.0005872650567
232260	0.001440032847
232261	0.0008358139273
232262	0.0006360669766
232263	0.001243957704
232264	0.0002352540064
232265	0.0009889524575
232266	0.001480540598
232267	0.002435218025
232268	0.001011636613
232269	0.00103694634
232270	0.001426125069
232271	0.001980057402
232272	0.001567394523
232273	0.0001975736253
232274	0.0005367043721
232275	4.483850193e-05
232276	0.0003099603033
232277	0.0007336472537
232278	0.0001340649908
232279	0.0001215106454
232280	0.0002854151486
232281	0.001088895408
232282	0.0007464834562
232283	0.000625326478
232284	0.0008966546387
232285	0.0001913185369
232286	0.0003763125995
232287	0.0006337191277
232288	0.001306956142
232289	0.001550599984
232290	9.696561271e-05
232291	0.001036870103
232292	0.001919031636
232293	0.001383479075
232294	0.0003907957713
232295	0.0008056123881
232296	0.001027493677
232297	0.001238195695
232298	0.0006593703762
232299	0.0005526678814
232300	0.001082314617
232301	0.0009790686444
232302	0.001494848214
232303	0.0002844942133
232304	0.001301938102
232305	0.0004814608909
232306	0.0009679289678
232307	0.0004703288641
232308	0.001146695459
232309	0.001104682105
232310	0.0003562455633
232311	0.00021434306
232312	0.000582269544
232313	0.0003699106692
232314	0.001278280764
232315	0.00449236371
232316	0.0008952564938
232317	0.00132744857
232318	0.000331181881
232319	0.001006064861
232320	0.000841480204
232321	0.001289295021
232322	0.001501184357
232323	0.001259044972
232324	0.0005052650502
232325	0.0001455280466
232326	0.0008125192736
232327	0.0007464111642
232328	0.0008470453936
232329	0.001097440504
232330	7.441761742e-06
232331	0.001234566005
232332	0.0009135482975
232333	0.0004329058644
232334	0.0006765848658
232335	0.0008685321748
232336	0.001979431474
232337	0.000401809757
232338	0.0008729302599
232339	0.001056231744
232340	0.000157188653
232341	0.0006315685394
232342	0.002469173729
232343	0.0002351703629
232344	0.001222735447
232345	3.4034876e-05
232346	0.0001565664488
232347	0.0004589979771
232348	0.0004864018947
232349	0.002157586105
232350	0.0006673147347
232351	0.003050781946
232352	0.0009185526346
232353	0.0006654055176
232354	0.001188391727
232355	0.001561481776
232356	0.001396847267
232357	0.0004878697323
232358	0.001632030632
232359	4.0295794e-05
232360	8.346576337e-05
232361	0.001586056761
232362	0.001385205725
232363	0.001651666035
232364	0.0004434651482
232365	0.00143214568
232366	0.001893518447
232367	0.001741829644
232368	0.001369238086
232369	0.0001317300372
232370	0.001293373244
232371	0.001437055448
232372	0.001458547627
232373	0.0008181054751
232374	0.001390068592
232375	0.001496730643
232376	0.001068708575
232377	0.0005019102701
232378	0.0005568132928
232379	0.001497728964
232380	0.0004405468781
232381	0.00134621563
232382	0.0004175156026
232383	0.001713841291
232384	0.000774735042
232385	1.13596459e-05
232386	0.00124024252
232387	0.00113660889
232388	1.760643026e-05
232389	0.0009615043193
232390	0.0002743648577
232391	0.001010900377
232392	0.0002770009609
232393	0.001491210364
232394	0.0005243428414
232395	0.0006038424226
232396	0.0003924350167
232397	0.0007324061831
232398	0.00193930638
232399	0.0008217948615
232400	0.002357723824
232401	9.370978148e-06
232402	2.335329341e-06
232403	0.000448081053
232404	5.562542567e-05
232405	0.0004341541949
232406	0.0007791306052
232407	0.001564108743
232408	8.907158634e-05
232409	0.001210717611
232410	5.068549568e-05
232411	0.00070352372
232412	0.0008681326598
232413	0.001319839255
232414	0.002140680948
232415	0.0001296415784
232416	0.0001729837352
232417	6.400480392e-05
232418	0.0007607406845
232419	0.001191606459
232420	0.003249661762
232421	0.001641228966
232422	0.001206877765
232423	0.00275476822
232424	0.001035044335
232425	0.002125551463
232426	0.001043777919
232427	0.0006741445338
232428	0.0009164077124
232429	0.002246835695
232430	0.0008586489984
232431	0.0006628276556
232432	0.0001743369505
232433	0.0002049516757
232434	0.0006160926186
232435	0.0004316828287
232436	0.0003617452569
232437	0.00185706126
232438	3.450854766e-05
232439	0.002322098144
232440	0.002648525733
232441	5.658897319e-05
232442	0.0007145827798
232443	0.001087614414
232444	0.0008199559677
232445	0.0001837905203
232446	0.0005296656395
232447	0.0002898941273
232448	0.0009498540083
232449	0.001409597381
232450	0.0001888902396
232451	0.0001924194368
232452	0.0002628945209
232453	8.742322447e-05
232454	0.0002721053298
232455	0.0003412828797
232456	0.001032865544
232457	0.0004443472359
232458	0.002427723235
232459	0.0002064826526
232460	0.001234310084
232461	0.001211380238
232462	0.0001844116733
232463	0.0002144438691
232464	0.0008599269548
232465	0.0004792486334
232466	0.0008276392615
232467	0.0003755832358
232468	0.0003810603267
232469	0.002253382531
232470	0.0009698207732
232471	0.001857613114
232472	0.001389731662
232473	0.0008087254226
232474	0.0006053850941
232475	0.0009270905906
232476	0.000982405249
232477	0.0005060258587
232478	0.001633914404
232479	0.001095438967
232480	0.0007176996962
232481	0.001370788954
232482	0.0002300250591
232483	2.547831953e-05
232484	0.001011320095
232485	0.001585405617
232486	0.0007808298237
232487	0.001003843833
232488	0.0004140144563
232489	0.001034960033
232490	0.001318300789
232491	0.0005449499138
232492	0.0003744300146
232493	0.0009946969552
232494	0.000347006326
232495	0.0008247747985
232496	0.000759765823
232497	0.0001966533684
232498	0.001309500717
232499	0.002203694291
232500	0.001086047864
232501	0.00352827459
232502	0.001488059102
232503	0.001460526599
232504	0.0009523959886
232505	0.0002506131651
232506	0.0005634694022
232507	0.0005655344246
232508	0.0007664514036
232509	0.001784955016
232510	0.002747532474
232511	0.001247331299
232512	0.00057733102
232513	9.205817047e-05
232514	0.0006024359402
232515	0.0004656036753
232516	0.001262591445
232517	0.001710049945
232518	0.001426694385
232519	0.000893123956
232520	8.729027402e-05
232521	0.0003672598929
232522	0.0003961277153
232523	0.0004508101069
232524	0.001289855838
232525	0.0003243816224
232526	0.001146990644
232527	0.0004649159575
232528	0.001346768325
232529	0.0005010369223
232530	0.001400475423
232531	0.0004208974106
232532	0.001031075972
232533	0.001458053207
232534	0.001808957098
232535	0.001802112272
232536	9.40581011e-05
232537	0.001030661923
232538	0.001102863949
232539	0.001089621707
232540	0.001036022887
232541	0.001371692029
232542	0.001033702478
232543	0.0008013439926
232544	0.0003598113814
232545	0.0006427667796
232546	0.001209491031
232547	0.0007404080518
232548	0.0004774461648
232549	0.001510807197
232550	0.0005565617305
232551	0.001056397478
232552	0.0002289924737
232553	0.002026290385
232554	0.00130225215
232555	0.0001557428066
232556	0.001093475382
232557	0.001180844851
232558	0.0006700778287
232559	0.0002777735385
232560	0.002354269883
232561	0.0002915632933
232562	0.002516517569
232563	0.002174127073
232564	0.002260872412
232565	0.001331186654
232566	0.0006622891431
232567	0.001278392003
232568	0.000484282928
232569	0.0001971382604
232570	0.0003953036002
232571	0.001633886214
232572	0.0004928425757
232573	0.0006305241399
232574	0.0006984959012
232575	0.001687355889
232576	0.000353935397
232577	0.0007382496943
232578	0.0007777539435
232579	0.0006689114208
232580	0.0002132271484
232581	1.11085556e-05
232582	0.002139417711
232583	0.0009325280886
232584	0.0007361312659
232585	0.0007522911937
232586	0.0008986132328
232587	0.0006950518067
232588	0.0004799287213
232589	0.001633803174
232590	0.0001664468684
232591	0.00119719741
232592	0.0002152816088
232593	0.00111488324
232594	0.001214793468
232595	0.001705792681
232596	3.425725188e-05
232597	0.0003216742348
232598	0.001125665264
232599	0.001374721427
232600	0.0005146788196
232601	0.0008903082572
232602	0.001778191858
232603	0.001194903774
232604	0.0009397628569
232605	8.642128952e-06
232606	0.0006942204557
232607	0.000387923232
232608	0.0004043747968
232609	0.001408301467
232610	0.0009697612961
232611	0.001391972675
232612	0.0002527466559
232613	0.0002244393214
232614	9.537745369e-05
232615	0.0004487869577
232616	0.0006947792511
232617	0.001038760196
232618	0.0008918376767
232619	0.0009116269007
232620	0.001464438307
232621	0.0008555450036
232622	0.001326600984
232623	0.0003126400339
232624	0.0003946858619
232625	0.001608575259
232626	0.0006989121303
232627	0.0003960771355
232628	0.0001659269593
232629	0.0001370030831
232630	0.0005600040501
232631	0.0007757872508
232632	0.0007036461431
232633	0.0005730078976
232634	0.0007902486575
232635	0.0007500828113
232636	0.0001274850514
232637	0.0002804879165
232638	0.0009845372942
232639	0.0003440154857
232640	0.0003757884689
232641	0.0003326417919
232642	0.0007057063669
232643	0.002472881051
232644	0.0006960458147
232645	0.001240631759
232646	5.237784508e-05
232647	0.0008788636634
232648	0.0006105183523
232649	0.0005790725965
232650	0.001616262212
232651	0.001492785411
232652	9.37755389e-06
232653	0.0003946557566
232654	0.0007412588055
232655	0.0004747909872
232656	0.0004003041222
232657	0.001320430005
232658	0.002114643047
232659	0.00149259825
232660	0.0003321352529
232661	0.0008724523836
232662	0.002780212133
232663	0.0005384590507
232664	0.0008168076392
232665	0.0006549999029
232666	0.0003277105389
232667	0.001009163149
232668	0.000516761853
232669	0.001024548893
232670	0.0007065657456
232671	0.0008296658958
232672	0.0003027195897
232673	0.00139807812
232674	0.0005746459308
232675	0.0006468160111
232676	0.001281787631
232677	0.0009595125029
232678	0.0003986882271
232679	0.001291546379
232680	0.0007096431441
232681	8.842638298e-05
232682	0.0006091465734
232683	0.001026854243
232684	0.001279645636
232685	0.001819372831
232686	0.0005290858173
232687	0.001291534554
232688	0.0006084772455
232689	0.001460161322
232690	0.0006114641755
232691	0.001050842859
232692	0.0006899466691
232693	0.003043035311
232694	0.0007433998217
232695	0.001421554317
232696	0.002099195045
232697	0.0001527975372
232698	0.0004214474316
232699	0.00130955508
232700	0.0007023261216
232701	0.0002338550936
232702	0.0006037202618
232703	0.001917110457
232704	0.0005957533759
232705	0.001179885449
232706	0.001977109381
232707	0.0008256431471
232708	0.001476043933
232709	0.001294788178
232710	0.0004501979356
232711	0.001579823837
232712	0.001825104667
232713	0.0002146830167
232714	0.001916922655
232715	0.001055134713
232716	0.001203459625
232717	0.001928654066
232718	0.001236582421
232719	0.0005197034521
232720	0.0002201308644
232721	0.001773096389
232722	0.0003045624653
232723	0.0008066706552
232724	0.001546072217
232725	0.0004436544212
232726	0.001294829446
232727	0.0004371012022
232728	0.001376883639
232729	0.0004363795411
232730	0.0002325531167
232731	0.001668590238
232732	7.51645382e-05
232733	0.0005287560757
232734	0.0003890389333
232735	0.0007903868614
232736	0.0006315883814
232737	0.001349185078
232738	0.001147975858
232739	0.0001346590622
232740	0.000936341117
232741	0.001065511195
232742	0.001563785185
232743	0.001178795757
232744	0.0006888615687
232745	0.0008258661474
232746	0.000877179841
232747	0.0004528470368
232748	0.001020154434
232749	0.0008277574887
232750	0.0008963475673
232751	0.000680139567
232752	0.001451336797
232753	0.0002578096254
232754	0.001252466277
232755	0.001207897472
232756	0.0002525064008
232757	0.0003685958517
232758	0.0001741942898
232759	0.000935635114
232760	0.002043525023
232761	8.366972941e-05
232762	0.0001523759403
232763	0.00228946833
232764	0.0005757457924
232765	0.0009072622311
232766	0.001531337793
232767	0.002535636544
232768	0.0004781298697
232769	0.0008109564233
232770	0.0004124252776
232771	0.001012908754
232772	0.001317758738
232773	0.0007974334467
232774	0.001087142773
232775	1.881540938e-05
232776	0.000297006763
232777	0.00165516033
232778	0.0004804231739
232779	9.558458898e-06
232780	1.544424681e-05
232781	0.001016875488
232782	0.001964517269
232783	0.0009675346595
232784	0.002699271036
232785	0.000925842988
232786	0.00157657699
232787	0.0005614033307
232788	0.0009768576512
232789	0.0006450961708
232790	0.0009324716688
232791	0.0001879390331
232792	0.0005144842646
232793	0.0002228170383
232794	0.0003748223007
232795	0.0001398414946
232796	0.001227951705
232797	0.0003167493066
232798	0.0008349868951
232799	6.365444924e-05
232800	0.0001901817711
232801	0.001636206199
232802	0.0001170825679
232803	0.001024567779
232804	0.002880910246
232805	0.0001629730328
232806	0.001164392433
232807	0.001009261782
232808	0.0004745741046
232809	0.001014490031
232810	0.0001516692614
232811	0.0008896126838
232812	0.002229176705
232813	0.002117200542
232814	0.001238356645
232815	0.0007033574961
232816	0.0003554264847
232817	0.00142981635
232818	0.0005791768613
232819	0.0009972654281
232820	0.002214258647
232821	0.0008971165568
232822	0.001271243543
232823	0.0005438515098
232824	0.001086461296
232825	0.0008157486931
232826	3.511374531e-05
232827	0.0003801189832
232828	0.0003890778045
232829	0.0004849351034
232830	0.001022278292
232831	0.0002432045051
232832	0.00134969837
232833	0.001177410305
232834	0.00192210197
232835	0.0009092500326
232836	0.001059984267
232837	0.0005057907742
232838	0.001311368369
232839	0.0007482950427
232840	0.001077917917
232841	0.0003605551066
232842	0.0002960983579
232843	0.003466210776
232844	0.0005234368459
232845	0.001731052178
232846	0.001545584439
232847	0.001451160305
232848	0.001589801955
232849	0.0007463524813
232850	0.0003001526547
232851	0.0003050894907
232852	0.0007913422995
232853	0.002743461868
232854	0.002576276824
232855	0.0003127043461
232856	0.001295510013
232857	0.001470756418
232858	0.0001042736829
232859	0.0002353525871
232860	0.001388815504
232861	0.001354987664
232862	0.001155145528
232863	0.001103125566
232864	0.0007106923671
232865	0.001364484714
232866	0.001113422762
232867	0.000870947873
232868	4.103883118e-06
232869	0.0003313667953
232870	0.0005808114397
232871	0.0008197754227
232872	0.002812647535
232873	0.0009213192968
232874	0.0002364668633
232875	0.0008761152501
232876	0.0004476489292
232877	0.0006559739699
232878	0.0002787087805
232879	0.001633370209
232880	0.0003062174918
232881	0.002083117195
232882	0.0005896831368
232883	0.0005953233805
232884	0.0008881831309
232885	0.002182975469
232886	0.001933180603
232887	0.001497381074
232888	0.0008041556368
232889	0.002829443645
232890	4.346909542e-05
232891	0.0006309719938
232892	9.339361288e-05
232893	0.001392234823
232894	0.001239674766
232895	1.790094191e-05
232896	0.001963039799
232897	0.0008865097598
232898	0.001517349726
232899	0.001450654934
232900	0.0004529179602
232901	0.001085821543
232902	0.002020787347
232903	0.001037487792
232904	0.00026799824
232905	0.0004472070995
232906	0.000473765886
232907	0.001343300464
232908	0.0001903605551
232909	0.002599931466
232910	0.001063414156
232911	0.0002164683668
232912	0.001843148272
232913	0.0009011776703
232914	3.32692875e-05
232915	0.001138813127
232916	0.0005419854796
232917	0.0002370020225
232918	0.0005241520249
232919	0.002000184086
232920	0.0001798141422
232921	0.0004016098936
232922	0.0003635044819
232923	3.807651769e-05
232924	0.001005762038
232925	0.00188410585
232926	0.001016654491
232927	0.001605053049
232928	0.0003628171982
232929	0.001081963678
232930	0.0005502304178
232931	0.000937963703
232932	0.0002108283025
232933	0.0006551494203
232934	0.000663350692
232935	0.0003822472913
232936	7.555748469e-05
232937	0.001209131447
232938	0.0004324372498
232939	0.001031184886
232940	0.0009607147653
232941	0.0006103111258
232942	0.0009320807114
232943	0.0006517239769
232944	0.000277552863
232945	0.001310204565
232946	0.001189028928
232947	0.0003112487618
232948	0.001512087314
232949	0.0005089418441
232950	0.0009542155973
232951	0.0006169964132
232952	0.001298207545
232953	0.0004571277662
232954	0.0009597922201
232955	0.001655769138
232956	0.0001942326027
232957	0.0004063425773
232958	0.0005251853213
232959	0.0001788097311
232960	0.0005808967308
232961	0.0006091636609
232962	0.001922980634
232963	0.001664919008
232964	0.001007671238
232965	0.0007872941221
232966	0.0009593573338
232967	0.001208219671
232968	0.001631118255
232969	0.001697912195
232970	0.0009921461183
232971	0.0005835288343
232972	0.000179883708
232973	0.0008164297342
232974	0.0001987696996
232975	0.001577312606
232976	0.001341688242
232977	0.0006134174105
232978	0.001382996275
232979	0.001096105827
232980	0.00108253559
232981	0.001431878185
232982	0.001125118128
232983	0.001388626143
232984	0.0008256162384
232985	0.0006749332761
232986	0.0009775378744
232987	0.00169555171
232988	0.0002655224284
232989	9.266706037e-05
232990	0.0005473593497
232991	0.002502974849
232992	0.001221250594
232993	0.001114627963
232994	0.0003488184819
232995	0.0007876995021
232996	0.0008733691377
232997	0.0001298031633
232998	0.001715190164
232999	0.001442720263
233000	9.756785166e-05
233001	0.0005892086185
233002	0.002526554812
233003	0.0001132505746
233004	0.00150078822
233005	0.0004393198993
233006	0.0003353069631
233007	0.001066006348
233008	0.00027977964
233009	0.001215263014
233010	0.0001322979929
233011	0.001129602086
233012	0.0005382751638
233013	0.002123229571
233014	0.0007263349271
233015	0.0004862476143
233016	9.201700564e-05
233017	0.0002640219337
233018	0.001245193249
233019	0.001109308137
233020	0.001076754716
233021	0.0006999775808
233022	0.002405099858
233023	0.001704718578
233024	0.001489902962
233025	0.0002535568022
233026	0.0009901886922
233027	0.0001907054807
233028	0.0009551526175
233029	0.001160037233
233030	0.0007897943813
233031	0.001100853658
233032	0.0009602202148
233033	0.0001725600693
233034	0.001205808181
233035	0.0006956353305
233036	0.002370501609
233037	0.000585131148
233038	0.001390905109
233039	0.001635394016
233040	0.0008918230616
233041	0.0004351498289
233042	0.0002917048198
233043	0.001944662414
233044	0.0006757733589
233045	0.0003339026938
233046	0.0007150229718
233047	0.0008930855051
233048	0.0005379503821
233049	0.0003294521872
233050	0.0005969664634
233051	0.0007429757005
233052	0.0004663554697
233053	0.0009044220599
233054	0.001215517083
233055	0.0008958913308
233056	0.0006310615196
233057	0.0002034914589
233058	0.001705406751
233059	0.002313552282
233060	0.0006557574331
233061	0.003711888528
233062	2.998568671e-06
233063	9.731551708e-05
233064	0.004192460724
233065	0.00102749891
233066	0.001093927463
233067	0.0004700593259
233068	0.0007740299153
233069	0.0004480932922
233070	0.001061153159
233071	0.0006388835689
233072	0.001335086257
233073	0.0006853247377
233074	0.000425671948
233075	0.002269639772
233076	6.448953962e-05
233077	0.0001423290306
233078	0.0001496785515
233079	0.001004175409
233080	0.001113490518
233081	0.0003427747533
233082	0.000526920717
233083	0.002100289431
233084	0.001002690415
233085	0.001305966836
233086	0.0006136595454
233087	0.001224588473
233088	0.001960545664
233089	0.0003602701791
233090	0.0009950102952
233091	0.001119605792
233092	0.001153663066
233093	0.001326233681
233094	0.0004655345687
233095	0.00042172721
233096	0.0004230899788
233097	0.002193441656
233098	0.002338337494
233099	0.001659550521
233100	0.001733478502
233101	0.0007391355487
233102	0.0004206576337
233103	0.0004783157345
233104	0.005333823739
233105	0.0003398758463
233106	7.179758306e-05
233107	0.002276122971
233108	0.0001920131818
233109	0.0003971701239
233110	0.00085512199
233111	0.001061748801
233112	0.001025235571
233113	0.001476689661
233114	0.0008261326627
233115	0.0001567170404
233116	3.394014346e-05
233117	0.001323202084
233118	0.0004745298705
233119	0.001996161458
233120	0.0005114913061
233121	0.00160353541
233122	0.0004911441376
233123	0.001333845051
233124	0.0004635011581
233125	0.001097161355
233126	0.002219065046
233127	0.002001676915
233128	0.0002257554943
233129	0.001088356906
233130	0.0008776737891
233131	0.001026925525
233132	0.0005513181544
233133	0.00129720833
233134	0.0006259522844
233135	0.001954384325
233136	0.001625479763
233137	0.001048914422
233138	0.0003793811421
233139	0.002051984575
233140	0.002261620538
233141	7.31356206e-05
233142	0.0006165123651
233143	0.00124246733
233144	0.0009328335234
233145	0.001533891903
233146	0.0001692229835
233147	0.001299681377
233148	3.077451548e-05
233149	0.0001815341269
233150	0.001422789169
233151	0.000144274867
233152	0.0006431964765
233153	0.0004241271179
233154	0.001001603647
233155	0.001303511597
233156	0.0004202025825
233157	0.001301993102
233158	0.001059246211
233159	0.002916270294
233160	0.002075985344
233161	0.0009993784542
233162	0.001018160039
233163	9.155530914e-05
233164	0.0001626688308
233165	0.0004219874716
233166	0.001970665561
233167	0.0006669031117
233168	0.0009370274275
233169	0.0009964387534
233170	0.001195770196
233171	0.001537188386
233172	0.0012090054
233173	0.0005676330821
233174	0.0002315539787
233175	0.0005240019172
233176	0.0006913919637
233177	0.0005809166279
233178	0.0006541333489
233179	0.001700118029
233180	0.0001587570848
233181	0.001311584972
233182	0.0004251826629
233183	0.0003635484616
233184	0.001128033832
233185	0.001259314456
233186	0.00220446778
233187	0.0009629862588
233188	0.001559784395
233189	0.001144354858
233190	0.0005375836254
233191	0.001751280036
233192	0.001530520772
233193	0.001650708874
233194	0.001671026592
233195	0.001660010337
233196	0.001123089656
233197	0.0006887815487
233198	0.00184861747
233199	7.795679142e-05
233200	0.001076854735
233201	0.0007295909587
233202	0.001249634974
233203	0.0009062101819
233204	0.00172809158
233205	0.0001713766737
233206	0.001669575745
233207	0.000303404874
233208	0.0009634901065
233209	0.001182721535
233210	0.0004562827751
233211	0.0003716506698
233212	0.0009410024371
233213	0.0007144192813
233214	0.001248270628
233215	0.0007310877831
233216	0.001162591728
233217	0.001128462036
233218	7.72822899e-05
233219	0.0004868334457
233220	0.0003995015043
233221	0.0006570102159
233222	0.0009684855571
233223	0.000552547164
233224	0.001416347937
233225	0.0001251154517
233226	0.0001090488031
233227	0.0003676004932
233228	0.0008051404115
233229	0.0008175946951
233230	0.00134354044
233231	0.001835911159
233232	0.000347434312
233233	0.001015741009
233234	0.001954732046
233235	0.001399915777
233236	0.0004430712323
233237	0.001329958237
233238	0.00223408555
233239	0.002778450562
233240	0.0006576334218
233241	9.760298689e-05
233242	0.001185699254
233243	5.437375787e-05
233244	0.001871895117
233245	0.001590088044
233246	0.0008153531955
233247	0.0003254900905
233248	0.0002041907977
233249	0.0003660864197
233250	0.0009478518842
233251	0.001131336554
233252	0.001045443117
233253	0.001089626176
233254	4.346109566e-05
233255	0.001406297245
233256	0.001186607238
233257	0.0003127986613
233258	0.0008082422714
233259	0.001197858717
233260	0.0002761599995
233261	0.000928618275
233262	0.001156718917
233263	0.0008758122409
233264	0.002314330655
233265	0.0006541498262
233266	0.0003872785976
233267	0.000553017925
233268	0.0005632446985
233269	0.002928674223
233270	0.0001113182331
233271	0.000852011985
233272	0.0009162529251
233273	0.0007275984145
233274	0.002240478091
233275	0.001564780722
233276	0.001631602366
233277	0.0008535949067
233278	0.001499923409
233279	0.0007266874864
233280	0.001854234023
233281	0.0001122261006
233282	0.001684220355
233283	0.0003161679181
233284	0.0009601824158
233285	0.0006018503121
233286	0.0012612414
233287	0.0007982555353
233288	0.000550954054
233289	0.0003746426851
233290	0.002065964267
233291	0.001216401955
233292	0.001199853532
233293	0.002967753556
233294	0.000388801102
233295	0.0006351840398
233296	0.00177558599
233297	0.0003646933231
233298	0.001443908266
233299	0.0001817792291
233300	0.0001763001288
233301	0.002612085389
233302	0.000794711244
233303	0.001024785724
233304	0.0006385751461
233305	0.0005868908469
233306	0.0007201154413
233307	0.001314183103
233308	0.0006210730741
233309	0.00236091568
233310	0.0007811097455
233311	0.0009929035872
233312	0.0003929822844
233313	0.001283774833
233314	0.0002565077726
233315	0.0003087871386
233316	0.000114135658
233317	0.001845039446
233318	0.001249033397
233319	0.000144187012
233320	0.001187927276
233321	0.0008267416302
233322	0.0007788642282
233323	0.0002123463773
233324	0.00134099754
233325	0.0004051220339
233326	0.001213699712
233327	0.001020610212
233328	0.0005593175929
233329	0.001473181083
233330	0.001067597903
233331	0.0001253683448
233332	0.001280306968
233333	0.00231389038
233334	0.0007008957661
233335	0.002063145233
233336	0.0005393046452
233337	0.001639222992
233338	0.001563628874
233339	0.001229432259
233340	0.0005732896932
233341	0.0004176313421
233342	0.0009265489739
233343	0.001904621965
233344	0.001365416243
233345	0.0008221234723
233346	0.001387700552
233347	0.001409640451
233348	0.0006307918809
233349	0.0009792032688
233350	0.0008442276139
233351	0.0004329427926
233352	0.0007591865341
233353	0.0007477381216
233354	0.001386199664
233355	0.00192055083
233356	0.001253478393
233357	0.0008390813889
233358	0.0001866938479
233359	0.0017241409
233360	0.0005567909399
233361	0.0009888672942
233362	0.0005476009435
233363	0.0001954055087
233364	0.0004033672158
233365	0.0001365894574
233366	0.0009783650403
233367	0.0006669643546
233368	3.182542642e-05
233369	0.001266236651
233370	0.001802370604
233371	0.0006421147651
233372	0.001344563648
233373	0.00117249204
233374	0.0002907317617
233375	0.0009792660339
233376	0.0005949562347
233377	0.0008516202125
233378	0.0005154424923
233379	0.0008029476292
233380	0.0008975506103
233381	0.001206337257
233382	0.000417811451
233383	0.00060830955
233384	0.001066900212
233385	0.0006867124048
233386	0.0003169754119
233387	0.0007773098458
233388	0.0007922115749
233389	0.001393277622
233390	0.0008536228284
233391	0.0009270561012
233392	0.001733669494
233393	0.000499689656
233394	0.0006425056149
233395	0.0007336453441
233396	0.0006663610682
233397	0.0001497119022
233398	0.001773322989
233399	0.002067272523
233400	0.001399482669
233401	0.0007409040383
233402	0.00118568164
233403	0.0007010190155
233404	0.0006986850847
233405	0.0003090405852
233406	0.001957440459
233407	0.0005482322701
233408	0.0008919080362
233409	0.001302843555
233410	0.0004479914555
233411	0.0005639643384
233412	0.001954249884
233413	0.0008824485002
233414	0.0009174517225
233415	0.0005896189739
233416	0.001736100411
233417	0.0002956230818
233418	0.0007007543864
233419	0.0007272019473
233420	0.001164166612
233421	6.739445889e-05
233422	0.0004921513723
233423	0.002069399912
233424	0.001536239978
233425	0.0007067753324
233426	0.001435216485
233427	0.001992441909
233428	0.00139032435
233429	0.001660346784
233430	0.001145036831
233431	0.0008696719971
233432	0.001543257019
233433	0.000912211687
233434	0.0003931213871
233435	0.001046983588
233436	0.0003016068384
233437	0.0005039454708
233438	0.002327943456
233439	0.000895868482
233440	0.0005625773363
233441	0.000998378037
233442	0.0007899903422
233443	0.0003649663618
233444	0.0009568244269
233445	0.001004661029
233446	0.00193406785
233447	0.00220178494
233448	0.001385152745
233449	0.002245838251
233450	0.0009743645602
233451	0.00226099894
233452	0.001088069669
233453	0.0008909107984
233454	0.0004409609393
233455	0.001315882914
233456	0.001142799329
233457	0.001409860187
233458	4.817019843e-05
233459	0.001315647428
233460	0.001003322877
233461	0.001242796439
233462	0.001395107184
233463	0.0007212295049
233464	0.00110340109
233465	0.001184300926
233466	0.002268762284
233467	0.0001115459119
233468	0.003353648448
233469	0.001549515928
233470	0.001100703205
233471	0.0002910732037
233472	0.0006724201316
233473	0.001102978284
233474	0.001117203229
233475	0.0002636811021
233476	0.002022028742
233477	0.0001063978965
233478	0.0009919441867
233479	0.0004889780745
233480	0.0006286171525
233481	0.003149972541
233482	0.0006752754206
233483	0.001625085464
233484	0.001010912315
233485	0.001510488851
233486	5.831493103e-05
233487	0.002365180196
233488	0.0004073574675
233489	0.000273186424
233490	0.001037758956
233491	0.0006402313625
233492	0.001162816505
233493	9.328016387e-05
233494	0.001893737613
233495	0.00163997989
233496	0.0001268777511
233497	0.0005640276076
233498	0.0008826084667
233499	6.551645629e-05
233500	0.0008229598151
233501	0.0002612624198
233502	0.0008034849447
233503	0.0008917995218
233504	0.0001307842505
233505	0.001449954913
233506	0.0002367484918
233507	0.001583176578
233508	0.001138559252
233509	0.0005543202641
233510	0.0008908833027
233511	0.0009986373505
233512	0.0006050596624
233513	0.001534308447
233514	0.002066681178
233515	0.002951429665
233516	0.000328173742
233517	0.000880112206
233518	0.001292104427
233519	0.001583522839
233520	0.001341540965
233521	0.0002620813555
233522	0.0007609218651
233523	0.001101065573
233524	0.0005246625691
233525	0.001816413371
233526	0.001032305478
233527	0.0006408008884
233528	0.0009383629871
233529	0.00120782619
233530	0.0008109090547
233531	0.00189570045
233532	0.000543387776
233533	0.0001729981467
233534	0.001109549365
233535	0.001033660315
233536	0.001516470137
233537	0.002944854314
233538	0.001367243563
233539	0.0004628491882
233540	0.0006526946708
233541	0.001876262663
233542	0.0002268934286
233543	0.001327349793
233544	0.0007119062597
233545	0.0003233798021
233546	0.0002711677171
233547	0.0001259907406
233548	0.001279096982
233549	0.0008449495655
233550	2.812046132e-06
233551	0.00106032415
233552	0.0009487411389
233553	0.0005579027296
233554	0.002928947911
233555	0.003021074619
233556	0.0019676972
233557	0.0006034913751
233558	0.001619126833
233559	0.0002113221923
233560	0.0004761977678
233561	0.0004872883361
233562	0.0007962306888
233563	0.001224492884
233564	0.001172798493
233565	0.001113786119
233566	0.001043810032
233567	0.00202750709
233568	0.0030838691
233569	0.0002556790018
233570	0.0009927477746
233571	0.001103664379
233572	0.0009844453223
233573	0.0007150162971
233574	0.00230514046
233575	0.001071774062
233576	0.0006938336733
233577	0.0007008792607
233578	0.000293889561
233579	0.0003415440478
233580	0.0007914374102
233581	0.001106645237
233582	0.0008155782763
233583	0.001802529188
233584	0.0001624968351
233585	0.0008441508822
233586	0.0007863383028
233587	0.001360164796
233588	0.0007519989775
233589	0.001352013967
233590	0.0005505046584
233591	0.0005967722973
233592	0.001068603483
233593	0.0009809459136
233594	0.0007895777521
233595	0.0007045892059
233596	0.0001273394179
233597	0.002203659025
233598	0.000673249078
233599	0.001136751648
233600	0.002054945484
233601	0.0009165022512
233602	0.001235748488
233603	0.001330601105
233604	0.0005189552649
233605	0.0006199006251
233606	0.0008774293208
233607	0.0005635291325
233608	0.001421824848
233609	0.0004332247286
233610	0.0004214294958
233611	0.001129402339
233612	0.001378485529
233613	0.0007018985989
233614	0.0004216883861
233615	0.001281000825
233616	0.001099760504
233617	0.0008394579968
233618	0.001126662411
233619	0.0006552217637
233620	0.0008456461666
233621	0.0004722451889
233622	0.001045283466
233623	0.001019086833
233624	0.0005118260839
233625	0.003216860025
233626	0.0006774249836
233627	0.0007441557286
233628	0.001109447698
233629	0.0008756033647
233630	0.0006988396785
233631	0.003393474771
233632	0.0004673378351
233633	0.001027888322
233634	0.0005945088879
233635	0.002098692843
233636	0.001387234614
233637	0.00103119396
233638	0.002334682974
233639	0.001365009101
233640	0.0003725279761
233641	0.002367893723
233642	0.002286199819
233643	0.001779622466
233644	0.0007367696692
233645	0.001572829194
233646	0.001384615458
233647	0.000875067527
233648	0.001028162627
233649	0.0001765162574
233650	0.0007495216067
233651	0.001676325058
233652	0.001036594909
233653	5.542933543e-05
233654	0.0003735635376
233655	0.0007821999562
233656	4.772396378e-05
233657	0.0004971758623
233658	4.658969932e-05
233659	0.000966423922
233660	0.0007479975927
233661	0.00201832241
233662	7.66220094e-05
233663	0.0005968144653
233664	0.001046414315
233665	0.0009480966107
233666	0.000340810158
233667	0.001585474
233668	0.001042982458
233669	0.001381784146
233670	0.001027053113
233671	0.002854464945
233672	0.00125589823
233673	6.984289514e-05
233674	0.001925476637
233675	0.0003180635073
233676	0.001568362102
233677	0.0008751791268
233678	0.0009646226739
233679	0.001150308919
233680	0.0001511765409
233681	2.977850125e-05
233682	0.003021966896
233683	0.0002799173446
233684	0.0004274323164
233685	0.0009170395033
233686	0.001364995939
233687	0.0003147238837
233688	0.001170501355
233689	0.001410451533
233690	0.002049029039
233691	0.0001371683162
233692	0.001444720264
233693	0.0007407154815
233694	0.001275227866
233695	0.0004302084697
233696	0.001723263209
233697	0.0009954429583
233698	0.002313558544
233699	0.001128931217
233700	0.001726180594
233701	0.001433917898
233702	0.000895296494
233703	0.0008257124148
233704	0.00165522131
233705	0.002585342808
233706	0.0004678224215
233707	0.001326935603
233708	0.0008502500633
233709	0.001111057759
233710	0.0004331651384
233711	0.001282808982
233712	0.002320012015
233713	0.0005815871503
233714	0.0007203105521
233715	0.000952705447
233716	0.0008098897199
233717	0.0006128170819
233718	0.00100278269
233719	0.001334841945
233720	0.001147359396
233721	0.0003737022545
233722	0.001216474963
233723	0.001019011457
233724	0.0009679987641
233725	0.000751853628
233726	0.001665179264
233727	0.000147253689
233728	0.0004813877346
233729	0.001478803651
233730	1.951900218e-05
233731	0.001670686966
233732	0.002064781409
233733	0.001061504847
233734	0.0006814762118
233735	0.0001064587656
233736	0.0001754568689
233737	0.001048707295
233738	0.0007786200224
233739	0.001044368105
233740	0.001400394403
233741	0.0001625305228
233742	0.0006383805368
233743	0.001816590404
233744	0.0001208206546
233745	0.0007499638101
233746	0.001092395859
233747	0.0008626662885
233748	0.0004334333629
233749	0.001524088931
233750	0.0005477670417
233751	0.0008217179772
233752	0.0002355073262
233753	0.001667223135
233754	0.001226678982
233755	0.0008555198108
233756	0.0007478024882
233757	0.001000372732
233758	0.0007716199468
233759	0.001382163905
233760	0.000516738535
233761	0.0003292551399
233762	0.0001797613562
233763	7.663977386e-05
233764	0.0003045406398
233765	0.000134682872
233766	0.006625087302
233767	0.002019914174
233768	0.001303393529
233769	0.0008021032398
233770	0.0009718655065
233771	0.0006658693703
233772	0.0007240458799
233773	0.001250852607
233774	9.871196313e-05
233775	0.001892436099
233776	0.001999515022
233777	0.0007838237986
233778	0.002251534896
233779	0.001373918177
233780	0.0006091442039
233781	1.904916858e-05
233782	0.0005054432908
233783	0.001468922952
233784	0.002062069395
233785	0.001962878625
233786	0.001277170725
233787	0.0007771791672
233788	0.001372733279
233789	0.001195116937
233790	0.000150716505
233791	0.001787573597
233792	0.0009195320334
233793	0.0009541164107
233794	0.0001803463968
233795	0.001092139815
233796	0.0002281824165
233797	0.0002577955235
233798	0.000453680108
233799	0.0002960264004
233800	0.0005635966404
233801	0.0007702088359
233802	0.0008148828014
233803	0.0006271997259
233804	0.00051642545
233805	0.0005230556104
233806	0.0007673257819
233807	5.935630814e-05
233808	5.614721006e-05
233809	0.0009496218119
233810	0.0001504287458
233811	0.0008496260425
233812	0.001116350494
233813	0.0005901020009
233814	0.0007573513336
233815	0.0003961987008
233816	0.001094854292
233817	0.002247538567
233818	0.001293404578
233819	0.001334418489
233820	0.001247016604
233821	0.001248015611
233822	0.0005753301968
233823	0.001310528931
233824	0.0008275486586
233825	0.00120581765
233826	0.0004193596651
233827	0.001120950758
233828	0.002795736747
233829	0.0009082430951
233830	0.001840666089
233831	0.001918232285
233832	0.001111060381
233833	0.0008314488713
233834	0.002512714544
233835	0.0002758490761
233836	0.0009316845861
233837	0.001075665498
233838	0.0009713413992
233839	0.0008110974219
233840	0.003081076874
233841	0.001293491327
233842	0.002076851398
233843	0.0004911029618
233844	0.001471571877
233845	0.0001211434175
233846	0.001555744203
233847	0.001164995489
233848	0.0006849978731
233849	0.0009140521834
233850	0.002706508969
233851	0.002015527772
233852	0.001076191981
233853	0.000364881453
233854	0.000951571788
233855	0.0005275395124
233856	0.0006233786704
233857	0.001621686013
233858	0.0003445781301
233859	0.0003123348891
233860	0.00087493038
233861	2.645090787e-05
233862	0.0008774270958
233863	0.001677306531
233864	0.0008039096348
233865	0.00110736103
233866	0.0002027554508
233867	0.00265117911
233868	0.0009645478872
233869	0.0003798583511
233870	0.001037714483
233871	0.0009495038439
233872	8.367491931e-05
233873	0.0009014731142
233874	0.001082956729
233875	0.001522884191
233876	0.001077388345
233877	0.0007490854017
233878	0.001455978
233879	0.001133781428
233880	0.0004552931822
233881	0.001296115975
233882	0.001332808684
233883	0.001953391746
233884	0.0008740752047
233885	0.0008712478727
233886	0.001141930091
233887	0.0006451841097
233888	0.001797807029
233889	0.0009781975171
233890	0.000435607133
233891	0.0001543712949
233892	0.001507883602
233893	0.0007553270711
233894	0.001635813369
233895	0.001477875696
233896	0.001815360063
233897	0.001428612493
233898	0.0004667937583
233899	0.00145204639
233900	0.0001301231341
233901	0.001152577604
233902	0.003021978641
233903	0.001678271789
233904	0.001749457371
233905	0.0001669999447
233906	0.0007440569048
233907	0.001266920686
233908	0.000609539701
233909	0.0002521758557
233910	0.0002324084133
233911	0.0008542247895
233912	0.00153247189
233913	0.0002203220515
233914	0.00140792841
233915	0.002070917237
233916	0.0006337163192
233917	0.0009300908199
233918	0.0003112633413
233919	0.001026225463
233920	0.0003941697167
233921	0.002579598802
233922	0.000721473683
233923	0.000449538317
233924	0.001806719712
233925	0.001670289925
233926	8.150527934e-05
233927	0.0005757871072
233928	0.001047785603
233929	0.0006738765654
233930	0.000122894118
233931	0.0009471920408
233932	0.000995900452
233933	0.0008660935856
233934	0.000543922607
233935	0.001128522999
233936	0.0006217307267
233937	0.0004726261932
233938	0.0008565603592
233939	0.002597816433
233940	0.0008787797298
233941	0.0007471151233
233942	0.0007274986225
233943	0.001817726438
233944	0.0002743693716
233945	0.0004661507853
233946	0.001959417382
233947	0.001453487606
233948	0.0007348289669
233949	0.001373588989
233950	1.401444455e-05
233951	0.0002274613391
233952	0.001464572889
233953	0.0008323521236
233954	0.001190990316
233955	0.001530454644
233956	0.0005279676061
233957	0.002367654657
233958	0.003165926434
233959	0.0008968004608
233960	0.001161159686
233961	0.0009756625262
233962	0.001474396511
233963	0.0007949198405
233964	0.00126377568
233965	0.000494362268
233966	0.00199879299
233967	0.0001460023636
233968	0.000384465721
233969	0.001196610034
233970	0.001195106322
233971	0.001931054653
233972	0.0004366923804
233973	0.002457663413
233974	0.001118728872
233975	0.0007698680063
233976	0.001436333005
233977	0.001766069671
233978	0.0009631756124
233979	0.000614604074
233980	0.001181807372
233981	0.001246381244
233982	0.0008743825698
233983	0.001325207372
233984	0.0003318843253
233985	0.0005530046755
233986	0.001466513756
233987	0.0009604420901
233988	0.0006047034454
233989	0.0009896598207
233990	0.001154200979
233991	0.001774285526
233992	0.002778888965
233993	0.0002794359501
233994	0.001696337023
233995	0.001010069864
233996	0.0005376393533
233997	0.001692001295
233998	0.0007128872689
233999	0.001183905656
234000	0.0004483726301
234001	0.002181906772
234002	0.000512720184
234003	0.0003939969418
234004	0.0001799205073
234005	0.0006769777011
234006	0.001858208985
234007	0.001397581349
234008	0.001953545406
234009	0.001284334838
234010	0.001071316752
234011	0.001071241075
234012	0.001501583476
234013	8.225501589e-06
234014	0.0001118219165
234015	0.000711444996
234016	9.092854337e-05
234017	0.001583083384
234018	0.0003719133769
234019	0.001808172559
234020	0.001340302857
234021	0.001086021802
234022	0.003033652563
234023	0.0009484938697
234024	0.002218377095
234025	0.0005715845709
234026	0.0001694129595
234027	0.0002408564765
234028	0.0002078344663
234029	0.0005912203647
234030	0.002371697619
234031	0.0001967463634
234032	0.001572944178
234033	0.001200496849
234034	0.0005829848122
234035	0.0004696356369
234036	0.002246141358
234037	0.001503657369
234038	0.0003053202926
234039	9.672142833e-05
234040	0.002341713183
234041	0.001422024152
234042	0.0006141473415
234043	0.001016180805
234044	0.000696120065
234045	0.0002450536219
234046	0.0007539878915
234047	0.0005747122203
234048	0.000987453536
234049	0.0003354178607
234050	0.0002394474999
234051	0.0001323637202
234052	0.0003773466079
234053	0.001026383733
234054	0.0004371813809
234055	0.00152237832
234056	0.000925119155
234057	0.0003446973045
234058	0.001220483716
234059	0.0003549056885
234060	0.0001911360472
234061	0.0009715599393
234062	0.0009325696878
234063	0.0008448605922
234064	0.001395737391
234065	0.0001826159592
234066	0.0004311022058
234067	0.0008146204779
234068	0.0004718126954
234069	0.001363944425
234070	0.001096552319
234071	0.001630369541
234072	0.001222970539
234073	0.0007226485444
234074	0.001046054991
234075	0.001446828678
234076	0.002082836201
234077	0.001023930809
234078	0.001258464035
234079	0.0002102622893
234080	0.001146824532
234081	0.002019941541
234082	0.001233150276
234083	0.0004244309875
234084	0.0007382320428
234085	0.0009768956151
234086	0.001417284619
234087	0.0006839517872
234088	0.0003939633719
234089	0.001132032103
234090	0.001257569051
234091	0.0009989533381
234092	0.001139457738
234093	0.001895842071
234094	0.0006792530743
234095	0.001217390968
234096	0.001908056285
234097	0.0007435019625
234098	0.0006990162761
234099	0.000420593317
234100	0.0007909478597
234101	0.001053376742
234102	0.000927007897
234103	0.0001476155664
234104	0.0003064505566
234105	0.0006530978725
234106	0.001087103015
234107	0.001454817676
234108	0.0001323087877
234109	5.339926701e-05
234110	0.001089719083
234111	0.00105179633
234112	0.00167248078
234113	0.001589898538
234114	0.0006819206869
234115	0.001288818368
234116	0.002029615133
234117	0.001194529785
234118	0.001218866129
234119	0.0007960939312
234120	0.001712554333
234121	0.0007027832206
234122	0.000608752363
234123	0.0007603250489
234124	0.0005036333741
234125	0.001590187507
234126	0.0006454717009
234127	0.0002238599447
234128	0.001041796537
234129	0.0009939558257
234130	0.00136928426
234131	0.0009167005379
234132	0.001238277642
234133	0.0006430365769
234134	0.0002914278305
234135	0.0008690284187
234136	0.001868955503
234137	0.0005596999647
234138	0.0003931004102
234139	3.77102088e-05
234140	0.002231783227
234141	0.0003687864424
234142	0.0009553920211
234143	0.0004770611444
234144	0.0006374550967
234145	0.0003742593888
234146	0.00158937972
234147	0.00110397147
234148	0.000111491344
234149	0.0003516346659
234150	0.0007459969176
234151	0.0006525018727
234152	0.001142780586
234153	0.001411295843
234154	0.0004938137422
234155	0.0006466674257
234156	0.003078223766
234157	0.001116115108
234158	0.001248807872
234159	0.0003210494139
234160	0.001386499557
234161	0.0008447829134
234162	0.0003677493075
234163	0.0004012904876
234164	0.0001993082046
234165	0.0005207072906
234166	0.0003143892669
234167	0.001601303809
234168	0.00121129686
234169	0.001909873363
234170	0.0008224431353
234171	0.0007405990757
234172	0.0001022828317
234173	0.002538228969
234174	0.0008649860022
234175	0.0009555291263
234176	0.001304044706
234177	0.0003207936916
234178	0.002194017833
234179	0.001092455626
234180	0.001089872487
234181	0.0006033083645
234182	0.0009523640732
234183	0.001056639876
234184	0.001933475123
234185	0.001229915808
234186	0.001334719531
234187	0.001607266989
234188	0.0009204636036
234189	0.002059968259
234190	0.001291363707
234191	4.978173033e-05
234192	0.003410019527
234193	0.001415163513
234194	0.001262391491
234195	0.0004693150994
234196	0.001268899614
234197	0.000237231938
234198	0.00283990565
234199	0.001715842287
234200	0.0002689148198
234201	0.001841555127
234202	0.001551647958
234203	0.0001271902239
234204	0.0007739897636
234205	0.0005444456296
234206	0.001496971234
234207	0.0004760926949
234208	0.000120582472
234209	0.0007800505288
234210	7.368016396e-05
234211	0.0005801376027
234212	0.000876785036
234213	0.001610110294
234214	0.001536124989
234215	0.002057694392
234216	0.001595632776
234217	0.0003015989369
234218	0.001264097788
234219	0.002656370371
234220	0.001195436769
234221	0.001523612191
234222	0.0004118382508
234223	0.0006012934595
234224	0.0008379240138
234225	0.0003609792318
234226	0.0005251257858
234227	0.001006160971
234228	0.001308367741
234229	0.0009479599007
234230	0.0008362617411
234231	0.001147362883
234232	0.001866926682
234233	0.0003091914012
234234	0.0005479637606
234235	0.0002976773782
234236	0.0002783097211
234237	0.0009122502989
234238	0.0009936007431
234239	0.0009464336729
234240	0.002409364747
234241	0.0005912697702
234242	0.001611548848
234243	0.0007704276095
234244	0.0005503664511
234245	3.023814177e-05
234246	0.00033626452
234247	0.0008647258921
234248	0.0006720429325
234249	0.001061232633
234250	1.58917446e-05
234251	0.0007757575415
234252	0.0008659605725
234253	0.001223380778
234254	0.0003157079986
234255	3.122882259e-05
234256	0.001336003619
234257	0.001092996484
234258	0.0004103574468
234259	0.001087053178
234260	0.001012431563
234261	0.0008243393183
234262	0.0002793552153
234263	0.0002000805614
234264	0.0008524547677
234265	0.001046165658
234266	0.0002279282402
234267	0.0004359570243
234268	0.0007401297312
234269	0.002363620099
234270	0.0008701266236
234271	0.001191808475
234272	0.00120077165
234273	0.000285192614
234274	0.001161629638
234275	0.0004801408112
234276	0.0008241734446
234277	0.0008019357101
234278	0.001793133658
234279	0.0009928459009
234280	0.0005723574758
234281	0.001093418418
234282	0.001223175037
234283	0.00020004623
234284	0.0005512807383
234285	0.001990469467
234286	0.000344541811
234287	0.002435292197
234288	0.001303760294
234289	0.0001389542221
234290	0.0003099931468
234291	0.00130905489
234292	0.0009316871521
234293	0.00125234558
234294	8.410686036e-05
234295	1.495768601e-06
234296	0.0008604182934
234297	0.0005621548504
234298	0.0003379149654
234299	0.000836246641
234300	0.0001207083502
234301	0.000424344061
234302	0.000311661193
234303	0.003404020703
234304	0.0005179865056
234305	0.00138620948
234306	0.0005097776363
234307	0.000156880151
234308	0.00166029327
234309	0.001052611519
234310	0.002729621289
234311	0.002638471721
234312	0.0001140819562
234313	0.001148897559
234314	0.000220919267
234315	0.001485106684
234316	0.001628299117
234317	0.0002794737533
234318	0.001092147896
234319	0.0003619178195
234320	0.001666888047
234321	5.740735974e-05
234322	0.0002814670062
234323	0.0004813418015
234324	0.0008634990894
234325	0.0009487599757
234326	0.0003248772626
234327	0.0002137997884
234328	0.001364187844
234329	0.0001992200342
234330	0.000515662038
234331	0.0005640712609
234332	0.0003572361887
234333	0.0008749168334
234334	0.0001211432753
234335	0.000170086931
234336	3.865551021e-05
234337	0.0006087022456
234338	0.0005749253804
234339	0.0003652049106
234340	3.722201199e-05
234341	0.0007295004362
234342	0.0005770639326
234343	0.0008219405548
234344	0.0007106574412
234345	0.001213480497
234346	0.001025981717
234347	0.001348570239
234348	0.0003997772418
234349	0.0003577541645
234350	0.001514031696
234351	0.0003618471833
234352	0.00156846195
234353	0.00130071215
234354	4.154667553e-05
234355	0.0001021411964
234356	0.0002318467047
234357	0.0004147882881
234358	0.001017554009
234359	0.0001543475085
234360	0.0006472715416
234361	0.001360252852
234362	0.0006162870099
234363	0.0005636456996
234364	0.001146205184
234365	0.0003865517798
234366	0.002646395508
234367	0.0006066477681
234368	0.001368690701
234369	0.0007675945092
234370	0.0007570234945
234371	0.0005100841031
234372	0.00120134055
234373	0.001215066668
234374	0.001141807765
234375	0.002061625909
234376	0.0004844267422
234377	0.0001107738032
234378	0.0007653971315
234379	0.0001402623656
234380	0.0006183885369
234381	0.0001801455597
234382	0.000580045281
234383	0.002195578167
234384	0.0017901934
234385	0.0001920606317
234386	0.002466852879
234387	0.002039745491
234388	0.001628952596
234389	0.001652902567
234390	0.0008840470488
234391	0.0005841490725
234392	0.000518439876
234393	1.927520272e-05
234394	0.000937030635
234395	0.001169314485
234396	0.001164242393
234397	0.001059996627
234398	0.0004277125573
234399	0.002503568072
234400	2.570025397e-06
234401	0.001018351181
234402	0.0001054191606
234403	0.0002350796781
234404	0.00108773505
234405	0.0001110232425
234406	0.0005367149881
234407	0.0001940186841
234408	0.001618793139
234409	0.0004252415799
234410	0.0007390334755
234411	0.001094423976
234412	0.0001815244509
234413	0.0001353496575
234414	0.001582491543
234415	0.0004933357609
234416	0.0005810819511
234417	0.0009104652446
234418	0.00211023725
234419	0.005952133882
234420	0.0004220075119
234421	0.0005225055229
234422	0.00147338377
234423	0.001606368925
234424	0.001650188874
234425	0.001059448909
234426	0.0007282506046
234427	0.0006761211207
234428	0.0009513900356
234429	0.001085783586
234430	0.0001077502913
234431	0.0003201856532
234432	0.0006495220179
234433	0.0003952746978
234434	0.0008596969577
234435	0.0007765955767
234436	0.0003394876222
234437	0.0001150876362
234438	0.0006760771432
234439	0.002024103493
234440	8.491489213e-05
234441	0.0009114462076
234442	0.0005775225324
234443	0.000405269318
234444	0.00119933853
234445	0.0007566241579
234446	0.0003630629234
234447	0.002658158458
234448	0.000676309492
234449	5.550972833e-05
234450	0.002334201197
234451	0.0009111739216
234452	0.0006057815529
234453	0.001215789714
234454	0.0002631787449
234455	0.00193986431
234456	0.001363050209
234457	0.002911255587
234458	0.001146078613
234459	0.001133151851
234460	0.0001476741269
234461	0.0001295931357
234462	0.0004399122977
234463	0.001137555791
234464	0.0001220786032
234465	0.001316831737
234466	0.0008174973556
234467	0.001502120685
234468	0.0003077857448
234469	0.002485218169
234470	0.000892059078
234471	0.0007839936492
234472	0.001976608894
234473	0.001909732704
234474	0.0007361371749
234475	0.0002476405298
234476	0.0003378471115
234477	0.000150495982
234478	0.0007417071058
234479	0.002076585017
234480	0.0003506683743
234481	0.001237374982
234482	0.001557251761
234483	0.000815163367
234484	0.0005544640525
234485	4.484527831e-05
234486	0.002291374544
234487	0.000265874821
234488	0.001109916747
234489	0.0001586921519
234490	0.000830934124
234491	0.001137364798
234492	0.0002695853844
234493	0.000813647973
234494	0.0007583529848
234495	0.001278399279
234496	0.0006282782819
234497	0.0007278114106
234498	0.002469413024
234499	0.0004317714224
234500	0.001109741514
234501	0.001039429631
234502	7.349522948e-05
234503	6.192631141e-05
234504	0.0001314316216
234505	0.0007008549856
234506	0.001078998864
234507	0.0006006340585
234508	0.0005672314337
234509	0.0001368353129
234510	0.0005408874074
234511	0.001115869584
234512	0.0008034850447
234513	0.002111032552
234514	0.001572606324
234515	0.0006598855654
234516	0.0005111615346
234517	0.001462603875
234518	0.001165567398
234519	0.00166066664
234520	0.0009990343541
234521	0.001412013607
234522	0.0006299374787
234523	0.001061737013
234524	0.001120631326
234525	0.001204236926
234526	0.001134424689
234527	0.0003440442609
234528	0.0008018715327
234529	0.0008817515861
234530	0.0004723857607
234531	0.001108780511
234532	0.001477711498
234533	0.000557283477
234534	0.0003353381052
234535	0.001001043188
234536	0.000385448983
234537	0.001396175424
234538	0.001059327959
234539	0.00162436386
234540	0.0008000642364
234541	0.001962638
234542	0.0001443042825
234543	0.0001453195591
234544	0.0009415787699
234545	0.001891768852
234546	0.00103678077
234547	0.001640525405
234548	0.001452938867
234549	0.001039533231
234550	0.0008354643652
234551	0.0003765492193
234552	0.001318683467
234553	0.001347582841
234554	0.0001980015408
234555	0.000896886214
234556	0.001496159162
234557	0.0006106757587
234558	0.0010524992
234559	0.001013609444
234560	0.001972759321
234561	0.0004048148434
234562	0.0004098084583
234563	0.001186939849
234564	0.0002190357046
234565	0.0007181868312
234566	0.0003744417306
234567	9.644269627e-05
234568	0.0006463220914
234569	0.0008529093971
234570	0.000387647765
234571	0.000864720227
234572	0.000393507819
234573	7.405116601e-05
234574	0.0006684188667
234575	0.0002556771525
234576	0.0006882120179
234577	0.001294096183
234578	0.001035869569
234579	0.0001192749509
234580	0.0005013288239
234581	0.000695934143
234582	0.001140991363
234583	0.001956096781
234584	9.416106167e-05
234585	0.002436991842
234586	0.0003545438015
234587	0.0007986597062
234588	0.0008841534888
234589	0.001546158321
234590	0.0007664355653
234591	0.001068010354
234592	0.0009485155458
234593	0.00186613277
234594	0.0009303364408
234595	4.151064618e-05
234596	0.000132922596
234597	0.0001893639711
234598	0.001062460046
234599	0.0009501378876
234600	0.001585212047
234601	0.0006474562388
234602	0.0004122047425
234603	0.00152006293
234604	0.0003946406858
234605	0.0006266958669
234606	0.0005212573683
234607	0.001498578481
234608	0.0001217535243
234609	0.001131714246
234610	0.001538001994
234611	0.000946819333
234612	0.00157218818
234613	0.0004737204645
234614	0.003178463367
234615	1.496205909e-05
234616	0.00016399238
234617	0.001202545662
234618	0.0006164855526
234619	9.01887921e-05
234620	5.318114387e-05
234621	0.001209273907
234622	0.0004192774209
234623	0.001450181455
234624	0.001134904904
234625	0.0009285398864
234626	0.0006050824912
234627	0.0009197324524
234628	0.001233898616
234629	0.001471821497
234630	0.001480879704
234631	0.00066693569
234632	0.001119513737
234633	0.0008819200602
234634	0.002383147044
234635	0.0002591764192
234636	0.0005122339544
234637	0.001724640344
234638	0.0007079343532
234639	1.928861177e-05
234640	0.0006275334836
234641	0.0001647133457
234642	0.0003956549755
234643	0.000706643506
234644	0.0008218941155
234645	0.0003036116137
234646	0.0007071248477
234647	0.00108399842
234648	0.002061543419
234649	0.001487693116
234650	0.001017489592
234651	0.0001417251105
234652	0.0003389917677
234653	0.0009080237261
234654	0.0002292741343
234655	3.527112818e-05
234656	0.001005430308
234657	0.001123456805
234658	0.001244567011
234659	0.0001675017152
234660	0.000664306219
234661	0.000381024707
234662	0.0008655908319
234663	0.00084699347
234664	0.0002665474422
234665	0.0007958523079
234666	4.739282278e-05
234667	0.0001750065116
234668	0.0007632256669
234669	0.0007061699606
234670	0.0004985716064
234671	0.001444423078
234672	0.0008415673019
234673	0.001036113695
234674	0.0004684139864
234675	0.001251623622
234676	0.0009670228385
234677	0.0008232738051
234678	0.001936940278
234679	0.0008811215139
234680	0.0005670704075
234681	0.0007934688534
234682	0.001151279749
234683	0.0009089152805
234684	0.00099701828
234685	0.001148580918
234686	0.001291787378
234687	0.00105313648
234688	0.0005609957849
234689	0.0002295512236
234690	0.0001186050256
234691	0.0002640943992
234692	3.391909164e-05
234693	0.000298480874
234694	0.002003875423
234695	0.0004120460761
234696	0.0003384486085
234697	4.93901941e-05
234698	0.001806886879
234699	0.001428074744
234700	0.0001602940968
234701	0.002445657062
234702	0.001274478818
234703	0.0006920216214
234704	0.0004113780712
234705	0.0002779694608
234706	0.0006378938945
234707	0.0006566126741
234708	0.001112008241
234709	0.0004546587966
234710	0.0004409955663
234711	0.002000675485
234712	0.001624290293
234713	0.0008426353345
234714	0.001258704015
234715	0.000959933748
234716	0.0007018979542
234717	0.0004030634095
234718	0.0004329424049
234719	0.001015509869
234720	0.001011952038
234721	0.001718517528
234722	8.263701297e-05
234723	0.001152860279
234724	0.0005314938522
234725	0.001493702685
234726	0.001238522393
234727	0.001037964621
234728	0.0006714415317
234729	0.0009583874163
234730	0.000258086473
234731	0.001098826522
234732	0.000664261344
234733	0.001809842595
234734	0.0006708021702
234735	0.001938874378
234736	0.0001744720795
234737	0.0009140526322
234738	0.001869563846
234739	0.0008581820871
234740	0.0009154042594
234741	0.0005424160051
234742	0.002134985553
234743	0.0007855349736
234744	0.0006530533664
234745	0.0003220523395
234746	0.001283761174
234747	0.001521816015
234748	0.0004630945553
234749	0.0001052635763
234750	1.430432793e-05
234751	0.0004847344928
234752	0.000885091943
234753	0.001173278379
234754	7.46129432e-05
234755	0.001499842633
234756	0.0009182533754
234757	0.00203734744
234758	0.001437382018
234759	0.001049713105
234760	0.0005682664625
234761	0.001166107712
234762	0.0003636966057
234763	0.0007442629798
234764	0.0001489978895
234765	0.0003055394251
234766	0.001742559272
234767	0.002120639141
234768	0.0005051722168
234769	0.001430419717
234770	0.0002240396735
234771	0.002111621727
234772	0.0003178057836
234773	0.001368058522
234774	0.000209175972
234775	0.0005903711053
234776	0.0006937891655
234777	0.00135699588
234778	0.0008817170214
234779	0.001291077522
234780	0.001334251406
234781	0.001432544251
234782	0.0006202233567
234783	0.0001947835608
234784	0.0008956040642
234785	0.001069845125
234786	0.002518897508
234787	0.0008139695354
234788	0.0007756225472
234789	0.002648624172
234790	0.001671725811
234791	0.0002506394012
234792	0.0005400959604
234793	0.000552985372
234794	0.0003876526953
234795	0.0004008445455
234796	0.001003402706
234797	0.001356502364
234798	0.0009927378727
234799	0.0009957437428
234800	0.0008032720034
234801	0.001060227136
234802	0.0009382967102
234803	0.001655132882
234804	0.001238771291
234805	0.000570918732
234806	0.0007275958406
234807	6.236163309e-05
234808	0.001481718802
234809	0.001052838065
234810	0.0003337473319
234811	8.324229689e-05
234812	0.00158397567
234813	2.855445758e-05
234814	4.030918349e-05
234815	0.0005235306446
234816	0.001888712983
234817	0.001711680442
234818	0.002206391082
234819	0.001018231001
234820	0.0009657699678
234821	0.0004089762546
234822	0.0003976067349
234823	0.002643590354
234824	0.0001257012646
234825	0.0005662165292
234826	0.000929635707
234827	0.0005120268877
234828	0.000510463102
234829	0.0001217418809
234830	0.0001023020168
234831	0.000882648716
234832	0.001418331957
234833	0.0006606565837
234834	0.0004651603871
234835	0.0005928617082
234836	0.001127482325
234837	0.001020842996
234838	0.0008234237406
234839	0.001229526257
234840	0.002452711767
234841	0.001052544043
234842	0.0009328450289
234843	0.001185750071
234844	0.0008823697655
234845	0.000311327218
234846	0.0004513003234
234847	0.0007197240656
234848	0.001011773371
234849	2.367645004e-05
234850	0.0008673586942
234851	0.002055644144
234852	0.0009218259231
234853	0.001726720184
234854	0.0003296386241
234855	0.001280764905
234856	0.001681111928
234857	0.0006945379238
234858	0.0007790603187
234859	0.0002079859095
234860	6.230411358e-05
234861	0.002872705824
234862	2.302440423e-05
234863	0.0002337155829
234864	0.000632506107
234865	0.0005407114789
234866	0.0005189189695
234867	0.00107565746
234868	0.001338120513
234869	0.001032499522
234870	0.0007194332274
234871	0.001057240296
234872	0.0005898957842
234873	0.0003583869246
234874	0.001839902352
234875	0.0003526172118
234876	0.001482807227
234877	0.0005663771689
234878	0.0003987757507
234879	0.0007486952371
234880	0.0005782231882
234881	0.000475654677
234882	0.0002810803074
234883	0.002065346091
234884	0.0007670435398
234885	0.001031272802
234886	0.0016862724
234887	0.0003506621921
234888	0.0008764268781
234889	0.0004257321407
234890	4.347472136e-05
234891	0.0008677725466
234892	0.0006046467898
234893	0.0007127280673
234894	0.0008271751644
234895	0.0005823880115
234896	0.001980455548
234897	0.0005071135138
234898	0.0003341549109
234899	0.0011275538
234900	0.0008234001009
234901	0.001586910828
234902	7.222865351e-06
234903	0.0009025578427
234904	0.0004681335578
234905	0.0003354662883
234906	0.002124955453
234907	0.0002736252629
234908	0.0002536379883
234909	0.001852032487
234910	0.001055839744
234911	0.0011192972
234912	0.0003434122573
234913	0.001046169415
234914	0.002820332897
234915	0.0007146826153
234916	0.000662129342
234917	0.0005644834684
234918	0.002104591223
234919	0.0002557476023
234920	0.001563027588
234921	0.001125188503
234922	0.001217386138
234923	0.0007609704438
234924	0.0001098128974
234925	0.001282054118
234926	0.0008044473402
234927	0.0005841175595
234928	0.0003955890979
234929	6.553943819e-05
234930	0.000276009674
234931	0.001178355985
234932	8.342234307e-05
234933	0.0001000016451
234934	0.0002165599498
234935	0.0009530818491
234936	0.0009002328542
234937	0.0006445537014
234938	0.0003762239162
234939	0.0005020797158
234940	0.001662772315
234941	0.0006383567424
234942	0.002175045795
234943	0.001011382007
234944	0.0001809238779
234945	0.0006406361737
234946	0.0009492623354
234947	0.002915237941
234948	0.001373289962
234949	0.001429293214
234950	0.002375102498
234951	0.002283136951
234952	0.0009650944796
234953	1.654138443e-05
234954	0.0005299226265
234955	0.0004657413963
234956	0.0001434149247
234957	0.001101009362
234958	0.00217156794
234959	0.0001729604637
234960	0.002656154962
234961	0.002231526625
234962	0.0005659077273
234963	0.001162777309
234964	0.001219579272
234965	0.001226829367
234966	0.0008081481731
234967	0.002346631805
234968	0.0009579700173
234969	0.001253240158
234970	0.0008475489169
234971	0.00037155169
234972	0.003427085068
234973	0.001423988599
234974	0.0007834716951
234975	0.0003657173509
234976	0.001293196062
234977	0.0003005301481
234978	0.0002819858059
234979	0.0003888199774
234980	0.001395150595
234981	0.0007495846101
234982	0.0004154144609
234983	0.0007206416325
234984	5.281032389e-05
234985	0.001274557983
234986	7.747777925e-05
234987	0.0004574031802
234988	0.001106139179
234989	0.0007644637133
234990	0.001093534713
234991	0.000754789985
234992	0.001427676681
234993	0.001071870663
234994	0.0005335919966
234995	0.0004081512574
234996	0.000246201052
234997	0.000228231823
234998	0.000545361734
234999	0.000531390446
235000	0.0009708667678
235001	8.830526301e-06
235002	0.0006974996942
235003	0.0005273722539
235004	0.000195775421
235005	0.001052740162
235006	0.0007599476586
235007	0.0003927329767
235008	0.0003057489112
235009	0.0007955795077
235010	0.0001924417201
235011	0.0007115283975
235012	0.000692842196
235013	0.001869437358
235014	0.0004164683886
235015	0.001184317825
235016	0.0006105123483
235017	0.0002800296185
235018	0.002209534015
235019	0.0007140324054
235020	0.0007824064226
235021	0.0002793493514
235022	2.63492789e-05
235023	0.001024829494
235024	4.36520402e-05
235025	0.000958075608
235026	0.001366852224
235027	0.0004199854183
235028	0.0007311641312
235029	0.001580670045
235030	0.0003241450107
235031	0.0009185720374
235032	0.0003308393666
235033	0.002346788941
235034	0.001063180607
235035	6.459596571e-05
235036	0.0005234846167
235037	0.0008452000008
235038	0.00109030178
235039	0.0008376148103
235040	0.0003026755408
235041	0.0007821573842
235042	6.623880334e-05
235043	0.002171809636
235044	0.0004161460703
235045	6.83895323e-05
235046	0.002408866547
235047	0.0001777255641
235048	0.00275780794
235049	8.259571822e-05
235050	0.00122837844
235051	0.0009734853414
235052	0.0007575326
235053	0.0004603961096
235054	0.001194393177
235055	0.001238509254
235056	0.000550835378
235057	0.0001954913773
235058	0.0006101751017
235059	0.0002513525282
235060	0.0006779707116
235061	0.0009017917466
235062	0.0006498974908
235063	0.0004521208824
235064	0.0001129994329
235065	0.002140985173
235066	2.289534136e-05
235067	0.0005609552409
235068	0.0016995182
235069	0.001773531535
235070	0.001204843536
235071	0.001588849636
235072	4.161481073e-05
235073	0.0007766434873
235074	0.001499097561
235075	0.00103023633
235076	0.002008834622
235077	0.0002160693683
235078	0.001297279858
235079	0.0008676117542
235080	0.001173873856
235081	0.001938172146
235082	0.0007862024727
235083	0.0002001929839
235084	0.0009944210966
235085	0.001238863079
235086	0.0009204152268
235087	0.004936568054
235088	0.001184269324
235089	0.003004241857
235090	0.001017207625
235091	0.001069752876
235092	0.001534964029
235093	0.001738398764
235094	0.0002435044911
235095	0.002259067304
235096	0.000491118626
235097	0.001122256339
235098	0.001653257928
235099	0.001106052352
235100	0.0005832703863
235101	0.0007786418955
235102	0.001708208794
235103	0.000620461395
235104	0.001181864201
235105	0.0007721693021
235106	0.000698945936
235107	0.0008247748036
235108	0.001047301263
235109	0.001040781572
235110	0.0005755248416
235111	0.0008606017992
235112	0.001617594598
235113	0.000413543068
235114	0.0001429595976
235115	0.003367438001
235116	0.001045936706
235117	0.001299836229
235118	0.00115205419
235119	0.001328464325
235120	0.001285665129
235121	0.001700130477
235122	0.0009190871695
235123	0.001075678192
235124	0.0007145877787
235125	0.000384795326
235126	0.001684886371
235127	0.000869983228
235128	0.001021748142
235129	0.0008646499223
235130	0.001265924696
235131	0.0007960721292
235132	4.975506394e-05
235133	2.237382931e-05
235134	0.0002030670611
235135	0.001582902693
235136	0.0005586651791
235137	0.001330378926
235138	0.0006899821309
235139	0.0003149984771
235140	0.001313793657
235141	0.0002837698173
235142	0.0006233971675
235143	0.0004791285022
235144	0.001335908521
235145	0.0007790103564
235146	0.0002998962764
235147	1.399389945e-05
235148	0.0009224011231
235149	0.0005394436619
235150	0.0003184950009
235151	0.0001384523234
235152	0.0005306921721
235153	0.0009359538854
235154	0.0009162848642
235155	0.0001388730794
235156	0.0001199829908
235157	0.0002397182757
235158	0.001130101927
235159	0.0007380645648
235160	1.494784294e-05
235161	0.000113195126
235162	0.001659173815
235163	0.0005403774402
235164	0.000529143274
235165	0.001562567649
235166	7.085363081e-05
235167	0.0008504744713
235168	0.0003993539737
235169	0.0005457402606
235170	0.0004349401585
235171	0.000843802518
235172	0.001844365742
235173	0.0009574669385
235174	0.001468738367
235175	0.0001646481822
235176	0.002369148723
235177	0.0007768435999
235178	0.0001615086705
235179	0.0006150699679
235180	6.767225654e-05
235181	0.0006053933826
235182	0.0005644022836
235183	0.001328832913
235184	0.0008037051372
235185	0.0005550857666
235186	0.0009353699876
235187	0.0008068053031
235188	0.0005694082436
235189	0.0001477716968
235190	0.0001859605786
235191	0.00163007844
235192	0.0004338151293
235193	0.001426171472
235194	0.0007226525559
235195	0.001376116383
235196	0.0006279099608
235197	0.0005722600947
235198	0.0007643536068
235199	0.0006893420988
235200	0.0005986691082
235201	0.000985247836
235202	0.0008625451838
235203	0.00154342372
235204	0.0004575409364
235205	0.002421131758
235206	0.0005755066492
235207	0.00135979327
235208	0.0003343814484
235209	0.0008985654459
235210	0.0006265143697
235211	0.001234409364
235212	0.0002808879856
235213	0.000661208108
235214	0.0009105303418
235215	0.0003468250429
235216	0.0005073703972
235217	0.0006475543395
235218	0.001345492838
235219	4.674946448e-05
235220	0.0006068573307
235221	0.0009600352216
235222	0.0003679585023
235223	0.0002104716906
235224	0.0008970766169
235225	0.0002194198867
235226	0.0003959476165
235227	0.0006761393362
235228	0.0005471043604
235229	0.0002212791496
235230	0.0009961054207
235231	0.0005592760588
235232	0.001486492732
235233	0.00272555414
235234	0.0002967713801
235235	0.0002214924136
235236	0.001085619736
235237	0.0008193706803
235238	0.001195092419
235239	0.0007578425643
235240	0.001029669172
235241	0.0002667181786
235242	0.001660599998
235243	0.000614534697
235244	0.001810595684
235245	0.00092092531
235246	0.0004494846641
235247	0.0003032050469
235248	0.0007694616031
235249	0.0007931621695
235250	0.0005732454598
235251	0.000217080352
235252	0.000573418995
235253	0.001384552691
235254	0.001278566259
235255	0.0009667528887
235256	0.001055627714
235257	0.0008159848381
235258	0.0002136244749
235259	0.001410521538
235260	0.0008620298767
235261	0.0002852193469
235262	0.0008952546674
235263	8.266088761e-05
235264	0.0006014405371
235265	0.0005911572158
235266	0.0004134696229
235267	0.0008642831228
235268	0.0009745692972
235269	0.0007136126614
235270	0.001430718445
235271	0.0001263538607
235272	0.0004284702212
235273	0.0005922345029
235274	0.0003055137539
235275	0.0004356049711
235276	0.001133223554
235277	0.002079214249
235278	0.0009652058246
235279	0.0006865674657
235280	0.001157750936
235281	0.000370787671
235282	0.0005400905896
235283	0.001917433553
235284	0.002261416744
235285	0.0008037823413
235286	0.0005899626796
235287	0.0007501021689
235288	0.0004560586486
235289	0.002859707101
235290	0.002089466106
235291	0.0001001215528
235292	0.003295252607
235293	0.0006067679535
235294	0.0001736296926
235295	0.0007980326664
235296	0.0005905465993
235297	0.001662661244
235298	0.001369858969
235299	0.0006830295372
235300	0.001015414489
235301	0.001298383568
235302	0.0002955472683
235303	6.303744017e-05
235304	0.0001365412039
235305	0.001256350692
235306	0.001208069415
235307	0.0007012189681
235308	0.000323855321
235309	0.001087563937
235310	0.0002580079233
235311	0.0008300730673
235312	0.002368246607
235313	4.491544567e-05
235314	0.0009670976237
235315	0.0008473440157
235316	0.0001425867679
235317	0.0009396127639
235318	0.0007733219068
235319	0.001075344067
235320	0.001077012224
235321	0.000509790812
235322	0.0004992724985
235323	0.001860429605
235324	0.0005217975304
235325	0.00132757
235326	9.827941991e-05
235327	0.0004903783933
235328	0.000367566082
235329	0.0007648016592
235330	0.0005542367561
235331	0.00147776054
235332	0.002819194654
235333	0.003786953438
235334	0.0001764710854
235335	0.002195548818
235336	0.00914593472
235337	3.595241139e-05
235338	0.0003150074133
235339	0.001230896734
235340	0.004657223573
235341	0.0007841695086
235342	0.007714117318
235343	0.003262920187
235344	4.814738641e-05
235345	0.005746494016
235346	0.003394273712
235347	0.002154903672
235348	0.004290527231
235349	0.004151989237
235350	0.0003195627798
235351	0.001725174382
235352	0.001057761988
235353	0.009117546336
235354	0.004708167086
235355	0.006560692132
235356	0.0007277069172
235357	0.006870081813
235358	0.006644238051
235359	0.00654479593
235360	0.006921356867
235361	0.005315364515
235362	0.002373862986
235363	0.0006753048398
235364	0.007343662603
235365	0.007576323013
235366	0.0001819601648
235367	0.001154034084
235368	0.0005106219554
235369	0.00375376572
235370	0.003233088218
235371	0.003318033562
235372	0.002419225088
235373	0.01248268527
235374	0.0003885641058
235375	5.974649732e-05
235376	3.214103487e-05
235377	0.0001937942993
235378	0.0005959371424
235379	0.0006055675056
235380	7.275655598e-05
235381	0.0006207922244
235382	6.32203461e-05
235383	0.002433299651
235384	0.0002078248151
235385	0.0007629939189
235386	0.0005214113261
235387	0.001979705915
235388	0.01367068234
235389	0.0003677183927
235390	0.0003282368503
235391	0.001647351159
235392	0.0007704561305
235393	9.942784455e-05
235394	0.0003135774641
235395	0.0004154759914
235396	0.0008698558488
235397	0.001068893148
235398	0.0004662169673
235399	0.0002386793232
235400	0.007446990249
235401	0.0002301648262
235402	0.0003603601093
235403	0.001234469344
235404	0.0003436256362
235405	0.001972012952
235406	0.006599500086
235407	0.007365981661
235408	0.0002237911438
235409	0.0006061811801
235410	0.0001374874449
235411	0.0003130236941
235412	0.0007910297827
235413	0.0001661969844
235414	0.0008102140304
235415	0.0005996998302
235416	0.0001422366984
235417	0.0004203019211
235418	0.001167584726
235419	0.0006789052131
235420	0.0005159034937
235421	0.0006868966069
235422	0.000877852581
235423	0.0002907452011
235424	0.0007737633416
235425	0.001011179424
235426	0.000364270364
235427	0.0005970128837
235428	0.0002466385472
235429	0.0006117759367
235430	0.000755982461
235431	0.0003073807562
235432	0.0009956523548
235433	0.0004832698675
235434	0.0005518839128
235435	0.0003206403452
235436	0.0008534987988
235437	0.0009756977029
235438	0.0007280452502
235439	7.366092358e-05
235440	0.002385429873
235441	0.00053003464
235442	0.00145596389
235443	0.0003459826403
235444	0.004182544241
235445	0.0008832195735
235446	0.0006134538267
235447	0.001014341642
235448	0.0005452925503
235449	0.0004861172717
235450	0.001116843184
235451	0.0007241471569
235452	0.0005625457706
235453	0.0002175210977
235454	0.0003968123603
235455	0.0004594708293
235456	0.0004541431617
235457	0.0002990380844
235458	0.0005524378011
235459	0.0003481568385
235460	1.985333043e-05
235461	0.00129877932
235462	4.736024586e-05
235463	0.001184996628
235464	0.001393769805
235465	0.001274062503
235466	0.0004379061023
235467	0.0006414166639
235468	0.0008137464357
235469	0.00130302621
235470	0.000321652201
235471	0.0003127841735
235472	0.0002868587008
235473	0.0001353733338
235474	0.0006556533424
235475	0.0004828539323
235476	0.0003602257011
235477	0.0005826675068
235478	0.0007081876218
235479	0.0009076392987
235480	0.001979540919
235481	7.152586692e-05
235482	4.848616888e-05
235483	6.901231384e-05
235484	0.0006603956456
235485	0.0009757268893
235486	0.0003672055235
235487	0.0007389568476
235488	0.0001469836714
235489	0.0001176507478
235490	0.0005240965825
235491	0.0003564711227
235492	0.005552078914
235493	0.0008074143383
235494	0.001489759712
235495	0.0002300962454
235496	0.002095345222
235497	0.0004456037612
235498	0.0001119596093
235499	0.0001324345986
235500	0.0004592338751
235501	0.0007579689512
235502	0.0002101659896
235503	0.0006373746149
235504	0.00119772875
235505	0.0002551369538
235506	0.0001277913417
235507	0.0001339514855
235508	0.00078318146
235509	0.0001672787951
235510	0.0004874162783
235511	0.000330899082
235512	0.0009710915615
235513	0.003647029914
235514	0.0005884434777
235515	0.001978368469
235516	0.0005384393805
235517	0.001231205957
235518	0.00095002196
235519	0.000746726964
235520	0.0002811552703
235521	0.0006807156172
235522	0.0002400023038
235523	8.90070332e-06
235524	0.000106837883
235525	0.001992884141
235526	0.001893897248
235527	0.000559046438
235528	0.0003358598632
235529	0.0006268583562
235530	0.0003606807855
235531	0.001178078171
235532	0.0003886237138
235533	0.0001076658103
235534	0.004049696144
235535	0.0004393018795
235536	0.0006974039499
235537	0.0004399617595
235538	0.0009056498264
235539	0.001539331463
235540	0.0003328448309
235541	0.001300553008
235542	0.001044581125
235543	0.0003222270755
235544	0.001439392995
235545	0.0003132447901
235546	0.0007812316129
235547	0.0002582670697
235548	0.001359568293
235549	0.001007180121
235550	0.000142799642
235551	0.001707757219
235552	0.0007472516182
235553	0.001127565426
235554	3.514806953e-05
235555	0.001077553015
235556	1.030118543e-05
235557	0.0002782840512
235558	0.001877939851
235559	0.0001343186854
235560	0.001543004709
235561	6.566837606e-05
235562	0.0005031615359
235563	7.970718283e-06
235564	0.0003332189825
235565	0.0009004914659
235566	0.0008549510554
235567	0.0005881331643
235568	0.0003487587757
235569	0.0007140132126
235570	0.00209199571
235571	0.0002656426997
235572	0.002739613138
235573	0.003420939768
235574	0.001616276426
235575	0.001221807041
235576	0.0002364074868
235577	0.0001606201413
235578	0.0005396589688
235579	0.0008277685766
235580	0.0003562853611
235581	0.0005478630665
235582	0.001091214297
235583	7.896608867e-05
235584	0.0004000443576
235585	0.0009915567279
235586	0.005010777066
235587	0.000545951121
235588	3.513134668e-05
235589	0.001007653896
235590	0.000863555986
235591	0.0006738126649
235592	0.0006922394963
235593	0.0002677961729
235594	0.000520417006
235595	0.0001107713321
235596	0.0001728827371
235597	0.0004088175468
235598	0.0002822629222
235599	0.0003777735969
235600	0.00213218762
235601	0.000368277044
235602	0.001065053779
235603	4.23277737e-06
235604	0.0001006326181
235605	0.0001272396102
235606	3.461556694e-05
235607	0.0005222109678
235608	0.0007536574845
235609	0.0002538722353
235610	0.0005192719751
235611	0.00121622371
235612	0.0009456418382
235613	0.0001032903804
235614	0.0005325274642
235615	0.0008214714493
235616	0.0005420460588
235617	0.0001967776073
235618	0.001064167425
235619	0.001311715224
235620	0.0001534231198
235621	0.001316958955
235622	0.00052221385
235623	0.000334216221
235624	6.149346192e-05
235625	0.001060224619
235626	0.0004078759524
235627	0.001395706771
235628	0.001204846992
235629	0.0002199675123
235630	0.0004224841956
235631	0.0001046535827
235632	0.001531290335
235633	0.001023191161
235634	9.341535551e-05
235635	0.001243243684
235636	0.004319854058
235637	0.0003806240823
235638	0.001410483136
235639	0.0002935390682
235640	0.0001582630009
235641	0.0003565590077
235642	0.0004021650057
235643	2.243389416e-05
235644	0.0003230297815
235645	0.0003661327938
235646	0.0002930059638
235647	0.0008680394549
235648	0.0009258433161
235649	0.0007775466673
235650	0.0004485943344
235651	0.001442320025
235652	0.0003220965333
235653	0.0002131570137
235654	0.0006914238258
235655	0.001879095535
235656	0.001294828688
235657	0.002210419869
235658	0.0004989275657
235659	0.0003266568163
235660	0.0001091693565
235661	0.002299778518
235662	0.001488475442
235663	0.001377986999
235664	0.0003520319038
235665	0.0007151448026
235666	0.0001723136607
235667	0.0001224269291
235668	0.0004496956038
235669	0.000683696512
235670	0.001285825189
235671	0.0004335145953
235672	0.0006057142807
235673	0.0001715654643
235674	0.0002911653867
235675	0.0007479754331
235676	0.0006576270126
235677	0.0004768321468
235678	0.0008208392034
235679	0.000146162759
235680	0.0004831640036
235681	0.0007753567266
235682	0.0006081319452
235683	0.0007032920489
235684	0.0009089238488
235685	0.0003363032441
235686	0.0003857634103
235687	0.0002389331569
235688	0.001854329156
235689	0.001236455074
235690	0.0008486902893
235691	0.0004384646541
235692	0.0001271036673
235693	0.0003510597638
235694	0.001162188886
235695	0.0001875116016
235696	0.01469518188
235697	0.001882497429
235698	0.0005067091426
235699	0.0007893090633
235700	0.00182110231
235701	0.0001246564933
235702	0.0008427792423
235703	0.0008516262756
235704	0.0006092198271
235705	9.979805542e-05
235706	0.000118281453
235707	0.0001915851969
235708	0.0002682208667
235709	0.0005897819592
235710	0.000723054181
235711	0.0003429687827
235712	0.0008809654083
235713	0.001620147485
235714	0.0003772127464
235715	0.0001222328536
235716	0.0004037893032
235717	0.001739496649
235718	0.000382166331
235719	0.0003669000586
235720	0.0004852427301
235721	0.0004627732885
235722	0.0004717993862
235723	0.001180075112
235724	0.001118353288
235725	0.0007684443061
235726	0.0004825805478
235727	0.0003408363514
235728	0.0007494647093
235729	4.032556947e-05
235730	0.0002314022438
235731	0.0003460045349
235732	0.0005663774906
235733	0.0008590409184
235734	0.0002639489961
235735	0.0002321952427
235736	9.548875554e-05
235737	0.001668700793
235738	9.654632442e-05
235739	0.000905704299
235740	0.0005897053636
235741	0.0006515457608
235742	0.0002365967158
235743	0.0003999840693
235744	0.0003137099131
235745	8.348385302e-05
235746	0.002380608538
235747	0.0005365901615
235748	0.0006435301807
235749	0.00101479574
235750	0.001359925661
235751	0.0002017280034
235752	0.0004518715077
235753	4.607462003e-05
235754	7.225321784e-05
235755	0.0004672416297
235756	0.001301003843
235757	0.0003137188433
235758	1.41403512e-06
235759	0.0003167933555
235760	7.574799594e-06
235761	0.0009235462271
235762	0.0007185262075
235763	0.000529993002
235764	0.001068363942
235765	0.0005125973106
235766	0.0001651253926
235767	0.006355865987
235768	0.0001216105687
235769	0.0002761387676
235770	0.0005546690212
235771	3.191831164e-06
235772	0.0002926540078
235773	0.0002289530962
235774	0.0001593305551
235775	0.00120329959
235776	0.0007828269295
235777	6.219375249e-05
235778	0.0001366642785
235779	0.002350563974
235780	0.0004504796738
235781	0.0007690763113
235782	0.0007593322088
235783	0.0009684844126
235784	0.002203710982
235785	0.001831026792
235786	0.0001243398353
235787	0.001243597794
235788	0.0008889661042
235789	0.001190152887
235790	6.015140917e-05
235791	0.001342587474
235792	0.0001331236999
235793	0.001829158716
235794	0.0002858060258
235795	0.002047046633
235796	0.0002104641082
235797	0.0005818752595
235798	0.0008001654332
235799	0.0005822265773
235800	0.002527688769
235801	0.0006702892963
235802	0.0001066193466
235803	0.00159917711
235804	0.0007991390024
235805	0.0002714599229
235806	0.00170009185
235807	0.0002583936067
235808	0.0004387753291
235809	0.005548881368
235810	0.00129827423
235811	0.00065249822
235812	0.0002156849516
235813	0.001152961596
235814	7.305777477e-06
235815	0.0006457834633
235816	0.0006790840487
235817	0.004752181141
235818	0.005296146844
235819	0.006522373242
235820	0.002145979131
235821	0.01417426697
235822	0.003702383828
235823	0.006410454811
235824	0.002910116927
235825	0.007331499835
235826	0.001059591354
235827	0.003247579887
235828	0.006384050989
235829	0.001544707477
235830	0.002674020837
235831	0.0004439193202
235832	0.0004958112772
235833	0.004287729416
235834	0.00215857841
235835	0.002700123689
235836	0.004760164228
235837	0.0007644643053
235838	0.001454800579
235839	0.001174203116
235840	0.0008024754772
235841	0.002817271329
235842	0.004368734432
235843	0.003704977488
235844	0.0006637576821
235845	0.001048087672
235846	0.0008442383353
235847	0.00294984797
235848	0.006727972858
235849	0.001804343581
235850	0.0009994663675
235851	0.0006460567325
235852	0.00238614308
235853	0.001462102202
235854	0.001728009358
235855	0.004846782527
235856	0.006457058635
235857	0.006521889336
235858	5.397918083e-05
235859	0.006416290344
235860	0.0005937376658
235861	0.004838348872
235862	0.002316004591
235863	0.001284652059
235864	0.00302744505
235865	0.01325231992
235866	0.0001744199555
235867	0.001902705235
235868	0.001133020582
235869	0.002526696219
235870	0.0002678083261
235871	0.00704734135
235872	0.007740055519
235873	0.001302749043
235874	0.003617620826
235875	0.003000644687
235876	0.001003952441
235877	0.002637061206
235878	0.003296158167
235879	0.001685821507
235880	0.002389615903
235881	0.0005697706941
235882	0.002457439415
235883	0.004832575826
235884	0.0007731100212
235885	0.0007665601318
235886	9.264682995e-05
235887	0.002905042486
235888	0.004708963224
235889	0.003614222556
235890	0.006331220296
235891	0.0005514829794
235892	0.003169091391
235893	0.001454279019
235894	0.003782193502
235895	0.002296050531
235896	0.006769303472
235897	0.002302505101
235898	0.01101465811
235899	0.007518064666
235900	0.002403661094
235901	0.01926780021
235902	0.006423949586
235903	0.00719336883
235904	0.0004017105114
235905	0.001852015386
235906	0.001819595423
235907	0.003841291154
235908	0.00026752079
235909	0.001785978112
235910	0.0002035238067
235911	0.001255846816
235912	0.001435913234
235913	0.0006378388253
235914	0.0007498172619
235915	0.006274819679
235916	0.0005458626788
235917	0.0003242650529
235918	0.00206231544
235919	0.002592127219
235920	6.453278267e-05
235921	0.003560950323
235922	0.001663723028
235923	0.001431598425
235924	0.0001309194383
235925	0.0016101845
235926	0.001301555435
235927	0.0006946385984
235928	0.00080151102
235929	0.0005283585948
235930	0.0007482239995
235931	0.001406357156
235932	0.0005536027581
235933	0.001072914196
235934	0.001071871774
235935	0.0004483419235
235936	0.001341068947
235937	0.001140295422
235938	0.001931248321
235939	8.972845787e-05
235940	0.001346329252
235941	0.001846107852
235942	0.001632065293
235943	0.0004369500354
235944	0.0006029076037
235945	0.001590706079
235946	0.0004596762304
235947	0.00136737293
235948	0.0007460199109
235949	0.0004103850325
235950	0.0006914826998
235951	0.001083570614
235952	5.414365266e-05
235953	0.0008186959687
235954	0.0005478453121
235955	0.001345263695
235956	0.001204243274
235957	0.001918576501
235958	0.0007503274659
235959	0.0002027549398
235960	0.0001068391787
235961	0.00105435287
235962	0.001847971474
235963	0.0008916134405
235964	0.00270650647
235965	0.00212002762
235966	0.002163091742
235967	0.001118801831
235968	0.0006418764781
235969	0.0002373367985
235970	0.002297425471
235971	0.001977461837
235972	0.0003947387011
235973	0.0007583516748
235974	0.00249625948
235975	0.001641098568
235976	0.001103176332
235977	0.001016264055
235978	0.00091700579
235979	0.001133124395
235980	0.0001056238283
235981	0.004312826079
235982	0.0007308785744
235983	0.001144397813
235984	0.002990270705
235985	0.0007617206807
235986	0.0008419911902
235987	0.0004908786636
235988	0.0006980585491
235989	0.001085385982
235990	0.002350227822
235991	0.001892006505
235992	0.001973152358
235993	0.0009431919498
235994	0.0009407206622
235995	0.002693987774
235996	0.0004426589922
235997	0.0002308593033
235998	0.0006208329836
235999	0.0005228548054
236000	0.001815244761
236001	0.008156706646
236002	7.385895741e-06
236003	0.0001044488111
236004	0.0007771757556
236005	0.001890519524
236006	0.001158010691
236007	0.002828512984
236008	0.0008556763827
236009	0.001535026929
236010	0.001098081975
236011	0.0007370037008
236012	0.001412013647
236013	0.0006937573005
236014	0.000762786458
236015	0.002191943744
236016	0.0002156295288
236017	0.0008994244798
236018	0.001631053648
236019	0.0002772512588
236020	0.0008657859083
236021	0.001937387769
236022	0.001061139343
236023	0.005422320903
236024	0.002636982556
236025	0.001089671705
236026	0.0003369108625
236027	0.001393698831
236028	0.0009224894237
236029	0.002085073655
236030	0.0006560578405
236031	0.001257110298
236032	0.0007053090486
236033	0.0007404434212
236034	0.00151988747
236035	0.000613268913
236036	0.0001058505264
236037	0.0003781381869
236038	0.0005033047161
236039	0.0008560544627
236040	0.0009832945099
236041	0.00108309491
236042	0.0003074851942
236043	0.0006672368225
236044	0.0001296167189
236045	0.0005192623478
236046	0.001207307447
236047	0.004651760435
236048	0.0002049949267
236049	0.001964371542
236050	0.001416533548
236051	0.001617256253
236052	0.001086967268
236053	6.829440496e-05
236054	0.002745868829
236055	0.0004573259385
236056	0.0005668786372
236057	0.002566967085
236058	9.01781267e-05
236059	0.0002377043247
236060	0.0006235666505
236061	0.0005360275594
236062	0.000133512601
236063	0.001425898036
236064	0.001048253096
236065	4.725831564e-05
236066	0.0007159645272
236067	0.0006178320124
236068	5.981781713e-05
236069	0.001271488522
236070	0.0006383071551
236071	0.001876411851
236072	0.0005289014557
236073	0.0008274842148
236074	0.0003115765476
236075	0.0003588127562
236076	0.0006481134759
236077	0.0006036423816
236078	0.0009633447177
236079	0.001221682713
236080	0.00058743212
236081	0.0001123638552
236082	0.0008886283948
236083	0.001702714788
236084	0.001116605684
236085	0.001192945575
236086	1.834177877e-05
236087	0.001056728041
236088	0.001356514633
236089	0.0007133780707
236090	0.001691391184
236091	1.691911174e-05
236092	0.00182522932
236093	0.00392832155
236094	0.0007135022059
236095	0.001393093406
236096	0.0009224078527
236097	0.001184444694
236098	2.718953442e-05
236099	0.001186369096
236100	0.0006599430867
236101	0.000815437876
236102	0.001060024364
236103	0.01282661663
236104	0.0008165066204
236105	0.004781783895
236106	0.003756086831
236107	0.006438555537
236108	0.005896902955
236109	0.003681317707
236110	0.00412038251
236111	0.001002373348
236112	0.005246864351
236113	0.002696822712
236114	0.002990611324
236115	0.003207693756
236116	0.001262150216
236117	3.644840748e-05
236118	0.005618567922
236119	0.0004591926189
236120	0.003508401532
236121	0.008897221401
236122	0.003273041617
236123	0.002410175177
236124	0.004012901924
236125	0.0008485346003
236126	0.001663570833
236127	0.00627625274
236128	0.009823873378
236129	0.001519499119
236130	0.002311897555
236131	0.01306233097
236132	0.002326223895
236133	0.003736823723
236134	0.003982844817
236135	0.01331844614
236136	0.000222593959
236137	0.0005397738932
236138	0.0001912282956
236139	0.001474845721
236140	0.002229323337
236141	0.0005801141223
236142	0.009840286079
236143	0.004549122458
236144	0.001314707266
236145	0.009376381369
236146	0.002736423885
236147	0.002034455188
236148	0.005512610182
236149	0.0002956607063
236150	0.0003506024002
236151	0.01155844405
236152	0.0001831191193
236153	0.004590341106
236154	0.00619080821
236155	0.009675823005
236156	0.001983267747
236157	0.003724300381
236158	0.002909995105
236159	0.004450923197
236160	0.0007486569447
236161	0.006896532578
236162	0.005747716906
236163	0.009015041366
236164	0.003183993168
236165	0.0008229435333
236166	0.001892854075
236167	0.003085130159
236168	0.001454809799
236169	0.005840497007
236170	0.007949051651
236171	0.001440377434
236172	0.007786630224
236173	0.007139419787
236174	0.00123711795
236175	0.000560074711
236176	0.0007523681407
236177	0.0003994682772
236178	0.002068130799
236179	0.0004097938458
236180	0.0004385677035
236181	0.0007636770848
236182	0.0001132287642
236183	0.002329297996
236184	0.0003438766023
236185	0.001611586835
236186	0.0004930353019
236187	0.000105326351
236188	6.099344252e-05
236189	0.0001461126568
236190	0.0003037822525
236191	0.006066326405
236192	0.003151895245
236193	0.001086159864
236194	0.003157525399
236195	0.0010263861
236196	0.0007662819453
236197	0.0003960580333
236198	0.0110889988
236199	0.0001604272224
236200	0.0002403908262
236201	0.002434219713
236202	0.001234940758
236203	0.0007928624311
236204	0.0002828496662
236205	0.005442450651
236206	0.0001341184465
236207	0.0007323356247
236208	0.008656921085
236209	0.006256834245
236210	0.003617710903
236211	0.002215508773
236212	0.005060391056
236213	0.0001677896799
236214	0.001542992385
236215	2.749756126e-05
236216	0.0001995952351
236217	0.0004617803478
236218	0.0003147426173
236219	0.001752911879
236220	0.0004866843619
236221	0.0009483928759
236222	0.0004648915091
236223	0.000599008887
236224	0.001064011723
236225	0.0007744474527
236226	0.0003908773346
236227	0.0004945152024
236228	0.00103260146
236229	0.0003763716857
236230	0.0004492176768
236231	0.0024840275
236232	0.001201053967
236233	0.0001294106341
236234	0.001092189289
236235	0.0004831469629
236236	0.0001744908323
236237	0.0007790612936
236238	0.0009334351124
236239	0.001065639743
236240	0.000225381123
236241	0.004641579558
236242	8.701741971e-05
236243	0.001578230993
236244	0.0004293963694
236245	0.0007232218983
236246	0.000756044661
236247	3.668826173e-05
236248	0.0002348429769
236249	0.001044985236
236250	0.001246816696
236251	0.0005641524138
236252	0.002643837658
236253	0.0006823862788
236254	0.001972780663
236255	0.0005473836469
236256	0.000855169334
236257	0.0004970544893
236258	0.0004276559529
236259	0.0007325910951
236260	0.001032978545
236261	0.0002854561055
236262	0.0004262919915
236263	0.001029251953
236264	0.001061030253
236265	3.471088237e-05
236266	0.0003551245344
236267	0.006547217188
236268	6.483758126e-05
236269	0.001638977038
236270	0.001014934648
236271	5.935119892e-05
236272	0.001320067433
236273	0.0002248381765
236274	0.0008017362142
236275	0.0001928346551
236276	0.0001357371417
236277	0.0007851368192
236278	0.0003438509733
236279	0.001696115396
236280	0.001445089303
236281	0.001858634059
236282	0.0004332419165
236283	0.0003157123308
236284	0.001664334467
236285	0.0006769919335
236286	0.0001378705374
236287	0.0003280833009
236288	0.001625369176
236289	0.0009122483967
236290	0.0002767329662
236291	0.0003869750622
236292	0.0001168440904
236293	0.0001117805214
236294	0.0005827291299
236295	0.001479897861
236296	0.001092578848
236297	0.001306857567
236298	0.0009318056587
236299	0.002487777724
236300	0.0001583431367
236301	0.0002200841103
236302	0.001560802449
236303	0.00050902669
236304	0.004100054005
236305	0.0006600435156
236306	0.003140755376
236307	0.001384421844
236308	0.003683024877
236309	0.004319575368
236310	0.001029980119
236311	0.007563120225
236312	0.000232250379
236313	0.009120891838
236314	0.003183782011
236315	0.008388281862
236316	0.003387219377
236317	0.00113319343
236318	0.004767154683
236319	1.199081178e-05
236320	0.0006953125021
236321	0.001127851119
236322	0.005557978205
236323	0.002898671124
236324	0.01174413677
236325	0.002392068226
236326	0.004545196502
236327	0.004807466803
236328	0.002159135965
236329	0.004879601656
236330	0.0001586653884
236331	0.002203856904
236332	0.0007862892919
236333	5.44546652e-05
236334	0.008172912151
236335	0.009386732716
236336	0.00823766573
236337	0.001099528874
236338	0.003256086008
236339	0.004625376082
236340	0.003203171996
236341	0.001797240223
236342	0.001666579468
236343	0.002394846098
236344	0.0008005591576
236345	0.004908759918
236346	0.008673250843
236347	0.002523818013
236348	0.002607652488
236349	0.002700407492
236350	0.0115473522
236351	0.004732345836
236352	0.002942423639
236353	0.004196859367
236354	0.008294050628
236355	0.007357857804
236356	0.007835392505
236357	0.01152168757
236358	0.0009759728116
236359	0.001754270887
236360	2.938661756e-05
236361	0.0003257810599
236362	9.342904171e-05
236363	0.002510015796
236364	0.002945647506
236365	0.002202825756
236366	0.0003409920728
236367	0.009061499154
236368	0.01025892235
236369	0.003747371424
236370	0.005162021941
236371	0.002161557683
236372	0.007224322382
236373	0.003423510015
236374	0.002754086683
236375	0.009013149862
236376	0.002023116527
236377	0.002591203245
236378	0.004984423445
236379	0.004611943004
236380	0.02053974352
236381	0.0002011109579
236382	0.006658580353
236383	0.001963689744
236384	0.004475517763
236385	0.0005615666949
236386	0.003757843738
236387	0.003704809415
236388	0.01067955163
236389	0.007226674905
236390	0.002285466581
236391	0.001571169582
236392	0.004147804561
236393	0.004626336625
236394	0.004555659589
236395	0.005904620987
236396	0.003117533734
236397	0.005453496515
236398	0.004289113509
236399	0.003480765706
236400	0.009992627613
236401	0.009020153805
236402	0.006943792446
236403	0.001016532601
236404	0.003038248224
236405	0.01398033007
236406	0.002559202619
236407	0.004072607068
236408	0.000620493581
236409	0.003596185769
236410	0.002569432921
236411	0.0006568718282
236412	0.002514818319
236413	0.0110796614
236414	0.004328124349
236415	0.005014592555
236416	0.001405150463
236417	0.001113268263
236418	0.006538066752
236419	0.00288304762
236420	0.00615982599
236421	0.008670140411
236422	0.003152051008
236423	0.003839763553
236424	0.0002654750868
236425	0.004837828636
236426	0.002370652973
236427	0.001755838423
236428	0.005404912031
236429	0.01326799255
236430	0.00644166044
236431	0.002598100349
236432	0.002479196385
236433	0.0036539284
236434	0.002863751911
236435	0.001888889428
236436	0.0003820513006
236437	0.001235199187
236438	0.0001160772243
236439	4.874009686e-05
236440	0.0004493031802
236441	0.0008146298874
236442	0.0004468069187
236443	0.0001750775902
236444	0.0002192271913
236445	0.0003137719279
236446	0.0005259506204
236447	0.0007095398184
236448	0.0005621871186
236449	7.393116212e-05
236450	0.0004936245039
236451	0.00700591037
236452	0.003677822139
236453	0.00995599284
236454	0.003226155243
236455	0.001121418143
236456	0.0028902375
236457	0.0007001865425
236458	0.001792609733
236459	0.001751206757
236460	0.002645302841
236461	0.002721239148
236462	0.004065393203
236463	0.001706309893
236464	0.002538014568
236465	0.01122727749
236466	0.005259937489
236467	0.01174263496
236468	0.001846145006
236469	0.003578911367
236470	0.000319792632
236471	9.336324348e-05
236472	0.001987465209
236473	0.00271620602
236474	0.002822777525
236475	0.002332715841
236476	0.0005326704466
236477	0.002693231889
236478	0.001896581764
236479	0.002634437138
236480	0.00269022607
236481	0.002686080781
236482	0.001525998638
236483	0.0003000314345
236484	0.002687383517
236485	0.002240174672
236486	0.003923456893
236487	0.005957478347
236488	0.002867366412
236489	0.006178258258
236490	0.002089156525
236491	0.004604991182
236492	0.004435033719
236493	0.003141265446
236494	0.001862624554
236495	0.001607804228
236496	0.002503392333
236497	0.001692824451
236498	0.001593518855
236499	0.001816418925
236500	0.001074976741
236501	0.001451560803
236502	0.001774942445
236503	0.001442771516
236504	0.001951804144
236505	0.004312587884
236506	0.000439365366
236507	0.003086284732
236508	0.002188297737
236509	0.001673806175
236510	0.00181622418
236511	0.001763879328
236512	0.001528291534
236513	0.001730154204
236514	0.001924369341
236515	0.002158110538
236516	0.0008540083567
236517	0.003981501294
236518	0.002273425833
236519	0.002243607956
236520	0.002310688903
236521	0.00299156749
236522	0.001884569748
236523	0.001802325028
236524	0.003934925987
236525	0.0003500699717
236526	0.003351255611
236527	0.001906313395
236528	0.0005876117979
236529	0.005052021803
236530	0.005089333979
236531	0.000880955741
236532	0.0001963881366
236533	0.003910266944
236534	0.001461837659
236535	0.002802630931
236536	0.00381546781
236537	0.0001522326274
236538	0.002094097796
236539	0.0009508639395
236540	0.001953959523
236541	0.0007711600904
236542	0.000415059914
236543	0.0002671213996
236544	0.0009208963186
236545	2.732003715e-05
236546	0.007608848586
236547	0.0005176551005
236548	0.0002706660129
236549	0.003818382652
236550	0.007532946316
236551	0.001272927595
236552	0.006027983648
236553	0.002785276185
236554	0.001048335214
236555	7.281963986e-05
236556	1.777229017e-05
236557	0.007988197177
236558	0.002227595523
236559	0.002605185333
236560	0.002905901652
236561	0.006613112295
236562	0.007073855963
236563	0.008061345131
236564	0.005582505745
236565	0.00497867647
236566	0.001270066538
236567	0.006095413237
236568	0.0002781886114
236569	0.002086344575
236570	0.003812850888
236571	0.003589578563
236572	0.0002164076965
236573	0.01070234969
236574	0.007478987738
236575	0.003552205736
236576	0.0009077123043
236577	0.0005230226768
236578	0.0002278558147
236579	0.0004460466711
236580	0.000752399076
236581	0.007252545109
236582	0.001145601441
236583	0.001632493385
236584	0.003565123007
236585	0.006831475781
236586	0.003377855876
236587	0.0007860299621
236588	0.008458717379
236589	0.005465833056
236590	0.005850635464
236591	0.0006032812633
236592	0.00257163034
236593	0.007243264748
236594	0.001600650806
236595	0.003084496424
236596	0.004608645018
236597	0.0003079738968
236598	0.00652950344
236599	0.0003331387256
236600	0.009463329762
236601	0.002769063285
236602	0.002772924755
236603	0.002130725591
236604	0.008059075914
236605	0.004718028909
236606	0.002371550984
236607	0.001062927094
236608	0.006027813239
236609	6.917826974e-05
236610	0.002123824802
236611	0.002370970329
236612	0.001784171209
236613	0.00223345574
236614	0.0002825177485
236615	0.0004318688639
236616	0.0003145985357
236617	0.0007383802758
236618	0.002758344104
236619	5.494563374e-05
236620	0.006192033697
236621	0.001321632677
236622	0.001116479784
236623	0.003183035958
236624	0.001173050222
236625	0.002736123726
236626	0.01124468762
236627	0.0007928502779
236628	0.004475602859
236629	0.002454514145
236630	0.01288420066
236631	0.003800751959
236632	0.004060282248
236633	0.001578177295
236634	0.000374075994
236635	0.007897009298
236636	0.004711073036
236637	0.01478148603
236638	0.003139996122
236639	0.004641474966
236640	0.001242552941
236641	0.004045974249
236642	0.00879327316
236643	0.02218117993
236644	1.037458602e-05
236645	0.001274143735
236646	0.01208012187
236647	0.002682524854
236648	0.003526029325
236649	0.00661776591
236650	0.0004183896778
236651	0.001701850449
236652	0.0007719259803
236653	0.006263559166
236654	0.01318321132
236655	0.00241618868
236656	0.001727708613
236657	0.004618228958
236658	0.002327830763
236659	0.003403354249
236660	0.00694495803
236661	0.001263196194
236662	0.003358362866
236663	0.001554798877
236664	0.001302825666
236665	0.006173956381
236666	0.0008878174154
236667	0.00396611513
236668	0.001708205204
236669	0.0008728708125
236670	0.001130199092
236671	0.004062252068
236672	0.00169750549
236673	0.001828808134
236674	0.00261232523
236675	0.003950405255
236676	0.003614894033
236677	0.003593156868
236678	0.002068987162
236679	0.005072122462
236680	0.004652357868
236681	0.0007877565207
236682	0.001390986294
236683	0.0001196493738
236684	0.002598663768
236685	0.0005653203092
236686	0.0006888660963
236687	0.0003487031148
236688	0.001214147443
236689	0.0005208799028
236690	0.0005376061003
236691	0.004006050383
236692	0.001487697795
236693	0.004474826701
236694	0.0001059548334
236695	0.004739687272
236696	0.00202289767
236697	0.002670187173
236698	0.01017157014
236699	0.003886335796
236700	0.004498416882
236701	0.0003077558425
236702	0.001569630597
236703	0.002586159619
236704	0.007318521882
236705	0.003879839437
236706	0.008082575823
236707	0.00706124398
236708	0.01113974164
236709	0.008048996817
236710	0.002533927499
236711	0.01326952633
236712	0.003065548674
236713	0.008438942357
236714	0.006935507645
236715	0.002129888545
236716	0.008047764504
236717	0.004823581981
236718	0.01003971515
236719	0.003511634123
236720	0.003505311819
236721	0.007098276741
236722	0.0152247012
236723	0.008685002066
236724	0.0122164404
236725	0.007749490026
236726	0.002708825245
236727	0.003535393215
236728	0.007454816373
236729	0.01328233137
236730	0.007407312549
236731	0.0003838110777
236732	0.00454730852
236733	0.001654392062
236734	0.004462700369
236735	0.00650083747
236736	0.009715887875
236737	0.001402658616
236738	0.0008237481176
236739	0.0005688776697
236740	0.003820250568
236741	0.006412111046
236742	0.0038438419
236743	0.002509680555
236744	0.002864919295
236745	0.01529395178
236746	0.01273312955
236747	0.004334570252
236748	0.009195012265
236749	0.004686686936
236750	0.004773637194
236751	0.006223694377
236752	0.0007447888363
236753	0.00750729863
236754	0.0002077008358
236755	0.002054804561
236756	0.000472173511
236757	0.001098778477
236758	0.005912079929
236759	0.002935764518
236760	0.0005585441093
236761	0.003164933058
236762	0.006139934332
236763	0.00676230435
236764	0.00478896129
236765	0.001971435451
236766	0.0005386486432
236767	0.002324789754
236768	0.005917620216
236769	0.004284551601
236770	0.0009649067526
236771	0.001656191433
236772	0.006258705083
236773	0.002225752321
236774	0.005003147083
236775	0.001579046651
236776	0.003215231743
236777	0.001194557548
236778	0.002111519263
236779	0.003973725701
236780	0.01059745184
236781	0.002297542361
236782	0.002626174674
236783	0.004678110024
236784	0.001494334175
236785	0.01143576784
236786	0.004808235792
236787	0.01172104317
236788	0.01127983794
236789	0.008558387141
236790	0.01189994931
236791	0.01727175512
236792	0.000185912341
236793	0.003307308073
236794	0
236795	0.003555083866
236796	0.01664011006
236797	0.002663259024
236798	0.00816361853
236799	0.001210960318
236800	0.01171956171
236801	0.01414048277
236802	0.000931890651
236803	0.007727034057
236804	0.003793774241
236805	0.01208287101
236806	0.02137527581
236807	0.01488566182
236808	0.02616249603
236809	0.01415658646
236810	0.01421504524
236811	0.01296875433
236812	0.01515433471
236813	0.009237120316
236814	0.009108775273
236815	0.005797280808
236816	0.01375792496
236817	0.00221706588
236818	0.01062637405
236819	0.005430219856
236820	0.02161407988
236821	0.01277090495
236822	0.003988429981
236823	0.004615127355
236824	0.006991161136
236825	0.01003737128
236826	0.00563345557
236827	0.01081203578
236828	0.007546999032
236829	0.006885869917
236830	0.008728096948
236831	0.007394610068
236832	0.004957929037
236833	0.003946534206
236834	0.000951423461
236835	0.0001611183175
236836	0.01556291248
236837	0.003470991687
236838	0.008330312729
236839	0.02180058591
236840	0.00241170321
236841	0.003997603901
236842	0.01081461149
236843	0.006684798126
236844	0.009079739663
236845	1.773102557e-05
236846	0.002668288557
236847	0.01471367237
236848	0.01366785204
236849	0.009341926544
236850	0.002586147669
236851	0.009622754017
236852	0.01267840807
236853	0.013176222
236854	0.0002529887013
236855	0.001125724555
236856	0.003660012411
236857	0.008357388518
236858	0.003091207541
236859	0.01037269301
236860	0.01190886878
236861	0.005657042809
236862	0.002745432708
236863	0.008927981868
236864	0.001466817108
236865	0.01281708333
236866	0.0005234323688
236867	0.007022466081
236868	0.004261524396
236869	0.01081052558
236870	0.01229630754
236871	0.004266363953
236872	0.01453074459
236873	0.002562919316
236874	0.002766186884
236875	0.01468015705
236876	0.01328056512
236877	0.01249776695
236878	0.007178132814
236879	0.008343247421
236880	0.01870126372
236881	0.008243113507
236882	0.01508287574
236883	0.006834977171
236884	0.004526937485
236885	0.01682376651
236886	0.008797380312
236887	0.0130117497
236888	0.00236033836
236889	0.005273848269
236890	0.000348247347
236891	0.01377677327
236892	0.005616048086
236893	0.02524921865
236894	0.006068516782
236895	0.01161979852
236896	0.004764020371
236897	0.007577258009
236898	0.005567943059
236899	0.01005772333
236900	0.00203654022
236901	0.0002609027974
236902	0.0007190456247
236903	0.003256804823
236904	0.0002600165127
236905	0.001133430309
236906	0.001192927003
236907	0.001058300233
236908	0.002761512504
236909	0.0007661174815
236910	0.001798268853
236911	0.001076071381
236912	0.00173916925
236913	0.003992947384
236914	0.00438821124
236915	0.00315979167
236916	0.001935061642
236917	0.01073363856
236918	0.007027635233
236919	0.003344462746
236920	0.003373265603
236921	0.00757462082
236922	0.004209739296
236923	0.002618078194
236924	0.009376419548
236925	0.003597499719
236926	0.0119779628
236927	0.007192823868
236928	0.001389255416
236929	0.002646937501
236930	0.005451273804
236931	0.002731200737
236932	0.0199651713
236933	0.01293144738
236934	0.003162808367
236935	0.0006303299111
236936	0.0001015349766
236937	0.001656942298
236938	0.0006239742402
236939	0.004413537791
236940	0.0003928416699
236941	0.0127691656
236942	0.01977209251
236943	0.001548669012
236944	0.005482977263
236945	0.0003174263966
236946	0.008490559733
236947	0.007378430685
236948	0.009586991421
236949	0.008635547658
236950	0.001400776484
236951	0.001820785426
236952	0.00405542321
236953	0.006885438972
236954	0.01157193065
236955	0.002634896219
236956	0.00379642423
236957	0.01221670132
236958	0.005169787687
236959	0.002985747418
236960	0.006460209252
236961	0.0190869292
236962	0.0009768462399
236963	0.008521104381
236964	0.009749443635
236965	0.003299383124
236966	0.002471634333
236967	0.0003446715343
236968	0.007166932148
236969	0.001811889522
236970	0.002911209532
236971	0.0009398828811
236972	0.003512180975
236973	0.0003584779743
236974	0.004450984186
236975	0.0003018485808
236976	0.003807061071
236977	0.007640687359
236978	0.004863736945
236979	0.007486603076
236980	0.00364288163
236981	0.003486972621
236982	0.0009500369772
236983	0.005299781661
236984	0.001937752304
236985	0.005123589979
236986	0.007504589771
236987	0.002652848732
236988	0.007775973487
236989	0.0004608275939
236990	0.005004291913
236991	0.002437735746
236992	0.001527827152
236993	0.003085196465
236994	0.001923190762
236995	0.01335685045
236996	0.003522264551
236997	0.006425739861
236998	0.001750329383
236999	0.004772655414
237000	0.01131507845
237001	0.007478981659
237002	0.01061066696
237003	0.001255582862
237004	0.01235336348
237005	0.007428968523
237006	0.0009738024631
237007	0.004516369671
237008	0.0005980959717
237009	0.002356883579
237010	0.01006814049
237011	0.01672164742
237012	0.008225239575
237013	0.01026765717
237014	0.01202335186
237015	0.004989690978
237016	0.003797953542
237017	3.679855761e-05
237018	0.0009948716958
237019	0.008161469344
237020	0.008537350112
237021	0.001354204177
237022	0.0009462409223
237023	0.003908683494
237024	0.0006836802577
237025	0.00784384362
237026	0.002914375306
237027	0.006217393802
237028	0.005488558212
237029	0.005716921457
237030	0.008185944743
237031	0.00171322203
237032	0.003693753883
237033	0.001532175783
237034	0.00214530533
237035	0.001687470274
237036	0.00157503261
237037	0.01475963636
237038	0.01088342345
237039	0.01290668454
237040	0.003327839523
237041	0.009285877723
237042	0.01290123637
237043	0.0009402224943
237044	0.00842041662
237045	0.005621600878
237046	0.009021075744
237047	0.0131203719
237048	0.006676239251
237049	0.0008859467998
237050	0.001683416306
237051	0.004938887607
237052	0.00490416534
237053	0.008480086836
237054	0.005528971301
237055	0.01276143117
237056	0.000582087333
237057	0.0008325090421
237058	0.007384871072
237059	0.009716392301
237060	0.00306513448
237061	0.002079984559
237062	0.00350505399
237063	0.0009285881198
237064	0.001122897277
237065	0.006532568541
237066	0.004942716527
237067	0.009054691292
237068	0.006390422254
237069	0.006552050013
237070	0.001012349097
237071	0.001017359216
237072	0.0008987902513
237073	0.005257440737
237074	0.003540375873
237075	0.01029167017
237076	0.0005972052995
237077	0.005071870358
237078	0.009695069158
237079	0.008369429802
237080	0.001874207958
237081	0.0005289833223
237082	0.005416116118
237083	0.0004499205507
237084	0.00259104988
237085	0.0007905225077
237086	0.005455315136
237087	0.009188549855
237088	0.004639859092
237089	0.004856717141
237090	0.004650463655
237091	0.001419460718
237092	0.0004588021218
237093	0.002250582089
237094	0.0004751067333
237095	0.0001208313247
237096	0.002406673274
237097	0.004403089299
237098	0.004121457889
237099	0.001527003885
237100	0.006139300962
237101	0.01378077864
237102	0.002541040319
237103	0.0005302421813
237104	0.007933930599
237105	0.004790903028
237106	0.01071919822
237107	0.0009290413974
237108	0.0007956014148
237109	0.004242808527
237110	0.002331084941
237111	0.003036494565
237112	0.004652051079
237113	9.595564374e-05
237114	0.01141866843
237115	0.002008939549
237116	0.007631831709
237117	0.001371946627
237118	0.005170116812
237119	0.0006516305999
237120	0.006346920055
237121	0.004950075651
237122	0.005235847831
237123	0.006997135609
237124	0.006720616219
237125	0.002174949867
237126	0.01445228897
237127	0.001494148082
237128	0.009048865903
237129	0.000804092454
237130	0.0008491884538
237131	0.001841796478
237132	0.002234742673
237133	0.001980900127
237134	0.00064631953
237135	0.00306834874
237136	0.001986462381
237137	0.005801258724
237138	0.006133325609
237139	0.0002430929757
237140	0.003976175046
237141	0.0003387453989
237142	0.007414263772
237143	0.0001179396171
237144	0.001118774627
237145	0.005662134625
237146	0.0001427378384
237147	0.007584691582
237148	0.003874348131
237149	0.01536013765
237150	0.00116633383
237151	9.807157319e-05
237152	0.007889760178
237153	0.007159929859
237154	0.004299729581
237155	0.0002323601294
237156	0.00123060489
237157	0.002949205852
237158	0.01275206922
237159	0.00532648338
237160	0.004535317381
237161	0.001802976017
237162	0.0006261439616
237163	0.004557406842
237164	0.00966905917
237165	0.0004394196325
237166	0.006489043595
237167	0.01083470214
237168	0.01173912417
237169	0.007183765533
237170	0.0013958914
237171	0.006991846055
237172	0.007857164094
237173	0.005519349948
237174	0.001112701895
237175	0.004194891058
237176	0.003088201977
237177	0.0003985054372
237178	0.0007837151704
237179	0.0004221541275
237180	0.001175854437
237181	0.0009776604819
237182	0.006636231184
237183	0.005177075728
237184	0.01504500013
237185	0.005811151658
237186	0.002328478914
237187	0.00243177807
237188	0.0008775986511
237189	0.008275435244
237190	0.009729179336
237191	0.01012997432
237192	0.00261275487
237193	0.007166121911
237194	0.006647771307
237195	0.001366064771
237196	0.006820153645
237197	0.0128910067
237198	0.002941429835
237199	0.003118523991
237200	0.01163106068
237201	0.006106402581
237202	0.004174632233
237203	0.003433123385
237204	0.004611796708
237205	0.001013578388
237206	0.00222778991
237207	0.002796608306
237208	0.006338451665
237209	0.006162323671
237210	0.009210808502
237211	0.00070021662
237212	0.008456853884
237213	0.00787138036
237214	0.008291547932
237215	0.006773369579
237216	0.0007432512112
237217	0.007294580189
237218	0.001474577338
237219	0.004845800893
237220	0.002991768408
237221	0.003427323186
237222	0.0003464321441
237223	0.001633160103
237224	0.00140126263
237225	0.0008123423389
237226	0.003440270673
237227	0.002271369932
237228	0.00210385966
237229	0.007931786825
237230	0.002326797956
237231	0.001085146806
237232	0.00273791704
237233	0.002968222622
237234	0.00353741393
237235	0.00913710615
237236	0.0002425097809
237237	0.004096455565
237238	0.0005496307783
237239	0.01013586347
237240	0.001693297533
237241	0.005088055553
237242	0.009674251207
237243	0.002519003786
237244	0.0006427806278
237245	0.005348471649
237246	0.006150742927
237247	0.0001636795762
237248	0.01213532011
237249	0.005884102251
237250	0.003769970167
237251	0.01126825558
237252	0.004530305466
237253	0.004441751232
237254	0.0001798470409
237255	0.005518936203
237256	0.01098722297
237257	0.004816071994
237258	0.002904411855
237259	0.005427050267
237260	0.001437836135
237261	0.008488993106
237262	0.0003444411623
237263	0.005266946808
237264	0.008231259538
237265	0.008291206408
237266	0.0006018302895
237267	0.006463856001
237268	0.005712616628
237269	0.005403538604
237270	0.004446094715
237271	0.003306747467
237272	0.001511239741
237273	0.01380404318
237274	0.004029776457
237275	0.004710726134
237276	0.003117987734
237277	0.0003501868087
237278	0.001797688996
237279	0.002321852972
237280	0.001468726661
237281	0.006404929054
237282	0.002440351465
237283	0.005810553788
237284	0.007346612315
237285	0.001712439024
237286	0.006747380349
237287	0.001460726814
237288	0.004112940189
237289	0.001048814579
237290	0.007181502965
237291	0.007298359983
237292	0.003379320376
237293	0.001099275508
237294	0.004101058383
237295	0.009109997819
237296	0.007500553742
237297	0.0009572323062
237298	0.005458122926
237299	0.003655129808
237300	0.003644621224
237301	0.003920291822
237302	0.00596000191
237303	0.001770693837
237304	0.005699128709
237305	0.0009705469417
237306	0.006129100916
237307	0.01163400535
237308	0.001408866284
237309	0.003064923669
237310	0.003183409049
237311	0.005662621512
237312	0.003589310579
237313	0.00320711399
237314	0.003528892924
237315	0.00606873722
237316	0.007362115794
237317	0.001425889317
237318	0.0009190305944
237319	0.003533757291
237320	0.001572257374
237321	0
237322	0.01112213722
237323	0.006739228973
237324	0.002705683997
237325	0.0005405415634
237326	0.005266096514
237327	0.002602719215
237328	0.001792197966
237329	0.01256507272
237330	0.002677872287
237331	0.007256019595
237332	0.009359904812
237333	0.002676204335
237334	0.001244253694
237335	0.001230053254
237336	0.005053308473
237337	0.005883450526
237338	0.003626174919
237339	0.005003958795
237340	0.002368118392
237341	0.005327281942
237342	0.005536693994
237343	0.00125494586
237344	0.007473783697
237345	0.003401078205
237346	0.0003058307263
237347	0.00133484331
237348	0.002782072882
237349	0.001078584783
237350	0.001805407457
237351	0.003776538435
237352	0.005068842855
237353	0.006353332971
237354	0.009540800992
237355	0.008648668263
237356	0.00169464844
237357	0.01103849136
237358	0.004334997188
237359	0.002983627227
237360	0.002627625293
237361	0.0001139355851
237362	0.0007714610178
237363	0.006638673075
237364	0.007560218453
237365	0.004737541794
237366	0.01083149188
237367	0.002349412414
237368	0.001415057362
237369	0.004201339091
237370	0.001992800535
237371	0.001876305424
237372	0.001173239393
237373	0.002417427211
237374	0.003855382103
237375	0.003624488617
237376	0.01087786684
237377	0.003370968904
237378	0.004624158518
237379	0.00182885819
237380	0.006660361011
237381	0.007574384111
237382	0.0003423148998
237383	0.00624010844
237384	0.001715854218
237385	0.01387096759
237386	0.001481454747
237387	0.001011104376
237388	0.001624710612
237389	0.0008356805882
237390	0.0009700610123
237391	0.00028145851
237392	0.001206664423
237393	0.001301574871
237394	0.001804076149
237395	0.001419411164
237396	0.00549387414
237397	0.0006734664085
237398	0.0004816901409
237399	0.003871527754
237400	0.0003644701399
237401	0.004794953623
237402	0.01182701533
237403	0.004057440703
237404	0.0006445391886
237405	0.005600548306
237406	0.001422800105
237407	0.008321044743
237408	0.007379012627
237409	0.0001068629901
237410	0.008871029491
237411	0.0009970344489
237412	0.001795521013
237413	0.00108790734
237414	0.01136659133
237415	0.01142030905
237416	0.004499776911
237417	0.0008993100032
237418	0.0008531540203
237419	0.003262352528
237420	0.0004772139499
237421	0.0005211069541
237422	0.001294787245
237423	0.001342474801
237424	0.009750178582
237425	0.0002235134066
237426	0.001086008673
237427	0.003876440806
237428	0.008259015689
237429	0.003432133933
237430	0.001255262056
237431	0.004236910865
237432	0.001370069535
237433	0.00115850411
237434	0.002769029462
237435	0.003562501747
237436	0.001609163721
237437	0.00205961269
237438	0.002207139989
237439	0.001816755008
237440	0.002086708089
237441	0.001585865528
237442	0.001904483411
237443	0.00311975903
237444	0.006107790168
237445	0.008193569848
237446	0.0005769609144
237447	0.009628334693
237448	0.01124526176
237449	0.017851706
237450	0.001165392192
237451	0.004070119378
237452	0.005802555098
237453	0.001081985878
237454	0.002628435455
237455	0.009748258977
237456	0.0004359710047
237457	0.005385115054
237458	1.283675238e-05
237459	0.006179597036
237460	0.006996996384
237461	0.009116016618
237462	0.007745653825
237463	0.002960799035
237464	0.0009316789093
237465	1.178984921e-05
237466	0.0007276602085
237467	0.005724070076
237468	0.004233155642
237469	0.002913020813
237470	0.00150554942
237471	0.003673011922
237472	0.004743731618
237473	0.00976335215
237474	0.004536684564
237475	0.01977542081
237476	0.008104614193
237477	0.005497537028
237478	0.009255377383
237479	0.007139161056
237480	0.0007141261259
237481	0.0001302880584
237482	0.008615604039
237483	0.005201339442
237484	0.001250288036
237485	0.01378441646
237486	0.006731078655
237487	0.002419767271
237488	0.01123839105
237489	0.01715946247
237490	0.0007673586924
237491	0.001638129923
237492	0.002676042826
237493	0.008003602925
237494	0.003229625259
237495	0.0002128413497
237496	0.008951185864
237497	0.0005777555466
237498	0.0009544115465
237499	0.001721180711
237500	0.0002378328902
237501	0.0006259650976
237502	0.002877413531
237503	7.893389577e-07
237504	0.0009001541939
237505	0.002396108357
237506	0.002165479971
237507	0.005969255787
237508	0.0007100904708
237509	0.0008462888752
237510	0.001637458825
237511	0.003862880246
237512	0.009089328639
237513	0.001921898193
237514	0.005375484069
237515	0.002564153378
237516	0.004945987604
237517	0.001209246288
237518	0.0005934164624
237519	0.001416085637
237520	0.001515436174
237521	0.001086865538
237522	0.007161289069
237523	0.002713275475
237524	0.0006837751646
237525	0.01032790322
237526	0.01249282471
237527	0.006028268356
237528	0.005038870536
237529	0.000603227155
237530	0.0002282212548
237531	0.009233581117
237532	0.009116154372
237533	0.0006744366781
237534	0
237535	0.0001919129813
237536	0.009475350705
237537	0.001877448955
237538	0.003215474424
237539	0.002167361478
237540	0.01141720504
237541	0.002540517429
237542	0.002507568698
237543	0.004787441789
237544	0.01070111557
237545	0.007498787321
237546	0.005261986556
237547	0.003971215897
237548	0.01239318887
237549	0.004351112924
237550	0.003035728779
237551	0.003352227284
237552	0.004300586902
237553	0.01310162143
237554	0.005702983091
237555	0.006785792724
237556	0.002748455686
237557	0.01020393096
237558	0.004913870732
237559	0.00168948308
237560	0.001440439323
237561	0.0006741301194
237562	0.0145204003
237563	0.006890675539
237564	0.001241659711
237565	0.005929811117
237566	0.005537119296
237567	0.004739752839
237568	0.0002899234138
237569	0.001029733641
237570	0.002022090931
237571	0.007338532677
237572	0.003286258645
237573	0.004946876831
237574	0.001507652618
237575	0.006529854816
237576	0.006322556681
237577	3.172832543e-05
237578	0.001566547239
237579	0.002193831648
237580	0.001292903574
237581	0.0006773377871
237582	0.0009819340084
237583	0.003679983741
237584	0.005730250325
237585	0.01132619061
237586	0.0008788033595
237587	0.001672158133
237588	0.02232266311
237589	5.450198855e-05
237590	0.00386618767
237591	0.005506650249
237592	0.01485946375
237593	0.001383091157
237594	0.0004593791847
237595	0.003050224601
237596	0.005856171321
237597	0.007095569753
237598	0.003124793836
237599	0.0008020758949
237600	0.004663287613
237601	0.0002190717626
237602	0.001705518264
237603	0.002930030228
237604	0.0006563766571
237605	0.003009907697
237606	0.003491541535
237607	0.001198588518
237608	0.0005388369323
237609	0.001409259971
237610	0.002008935843
237611	0.0005673071382
237612	1.210075755e-06
237613	1.429413498e-06
237614	0.009445611515
237615	7.91681511e-05
237616	0.004353926059
237617	0.0002815279694
237618	0.001248262246
237619	0.001017695742
237620	0.0003623366275
237621	0.001594532977
237622	0.0006079854731
237623	0.002104344455
237624	0.0002859228829
237625	0.00127477153
237626	0.000194155652
237627	0.001704929045
237628	0.001031333553
237629	9.801829812e-06
237630	2.024382079e-05
237631	0.00268318321
237632	0.0008319769459
237633	0.0005008243785
237634	0.004059765772
237635	0.0005941543104
237636	0.003596043865
237637	0.006152741123
237638	0.002164306138
237639	0.002712840611
237640	0.005492676767
237641	0.0035285513
237642	0.0006024826871
237643	0.00821883106
237644	0.00670847429
237645	0.00351047979
237646	0.001333081751
237647	0.007157398377
237648	0.00524931805
237649	0.002455590509
237650	8.46883645e-05
237651	0.002824092682
237652	0.002167848759
237653	0.0002426198403
237654	0.002146488944
237655	0.007210693426
237656	0.003841853734
237657	0.0007991714811
237658	0.01209682491
237659	0.002277785301
237660	0.002945266381
237661	0.005030840767
237662	0.004333295236
237663	0.003265162421
237664	0.005711321977
237665	0.001614813669
237666	0.01148167801
237667	0.003714260179
237668	0.001998086181
237669	0.004656500923
237670	0.006131385582
237671	0.007698501518
237672	0.01590229544
237673	0.00041825644
237674	0.003170610789
237675	0.0008866522981
237676	0.002874364312
237677	0.001560912834
237678	0.0011763055
237679	0.005705791494
237680	0.001101297677
237681	0.001625875851
237682	0.001079645774
237683	0.004406030557
237684	0.004356240628
237685	0.002535893671
237686	0.004481505584
237687	0.007513087982
237688	7.881095703e-05
237689	0.0002958777662
237690	0.006137922691
237691	0.002827095844
237692	0.003158647467
237693	0.006211136433
237694	0.006679169095
237695	0.002100890317
237696	0.0003928117396
237697	0.0009579078055
237698	0.007004112631
237699	0.004652165103
237700	0.00039893813
237701	0.008566756754
237702	0.002536839483
237703	0.002171214048
237704	0.004152522051
237705	0.0006876223442
237706	0.006553528142
237707	0.0005719944614
237708	0.002636373575
237709	0.003197838942
237710	0.01053105606
237711	0.004188505382
237712	0.01417224474
237713	0.003695269508
237714	0.001908520486
237715	0.0008887147351
237716	0.001268186311
237717	0.001958562545
237718	0.001578462762
237719	0.002720342973
237720	0.0006030804254
237721	0.001827834618
237722	0.005617162524
237723	0.0007611330541
237724	0.0009023421567
237725	0.002851464632
237726	0.004782885579
237727	0.01138488756
237728	0.007179936124
237729	0.001497153812
237730	1.071709768e-05
237731	0.0022546156
237732	0.001336505408
237733	0.0006992221148
237734	0.006206920086
237735	0.008863270688
237736	0.01857052219
237737	0.003696963855
237738	0.01622110705
237739	0.007240643077
237740	0.0006237743489
237741	0.002193743999
237742	0.001746541388
237743	0.00770254887
237744	0.003527620249
237745	0.001191413928
237746	0.0006198866317
237747	0.001652781374
237748	0.001770227402
237749	0.001587780332
237750	0.007548820341
237751	0.00957094417
237752	0.0003757061523
237753	0.0110116648
237754	0.0002029076404
237755	0.0004889518294
237756	0.0004880974783
237757	0.0003862124791
237758	2.479176469e-06
237759	0.0001888075374
237760	0.0003048079128
237761	0.0001977317352
237762	0.0006283229659
237763	0.001983012905
237764	0.002061105142
237765	0
237766	0.0007845737732
237767	0.0001972197078
237768	0.001082966542
237769	0.003119620175
237770	0.002525574305
237771	6.115561457e-07
237772	0.00119439409
237773	0.001721060157
237774	0.001597856739
237775	0.002222592211
237776	0.003842920621
237777	0.0005457551408
237778	0.001397942628
237779	0.0004032201786
237780	0.00243930406
237781	0.002357813597
237782	0.0001019450597
237783	0.002111496972
237784	0.0006642874239
237785	0.001030968496
237786	0.001025082235
237787	0.004177179794
237788	0.002709034403
237789	0.001612401652
237790	0.002837429351
237791	0.004008978203
237792	0.001735249553
237793	0.000207690789
237794	0.005508551663
237795	0.0002752347494
237796	0.001427294887
237797	0.003286688396
237798	0.002080999703
237799	0.003868545919
237800	0.006970754002
237801	0.003638646523
237802	0.001880956688
237803	0.01598578671
237804	0.00419016276
237805	0.0003794735334
237806	0.001775787799
237807	0.0006654685414
237808	0.01088172985
237809	0.01084928217
237810	0.00558538856
237811	0.008777752604
237812	0.00410805478
237813	0.005666511511
237814	0.002947092318
237815	0.0002080608389
237816	0.001013292176
237817	0.00186840997
237818	0.01101065655
237819	0.00956784834
237820	0.0137180471
237821	0.0005180981041
237822	0.007396818497
237823	0.01045875224
237824	0.002246648392
237825	0.006964120312
237826	0.003397865253
237827	0.001100636207
237828	0.003304787436
237829	0.001271469836
237830	0.0007590444135
237831	0.0003419195761
237832	0.002730838845
237833	0.001537772321
237834	0.002040473688
237835	0.01041869136
237836	0.003028902318
237837	0.00289001857
237838	0.002495208767
237839	0.005456119858
237840	0.007906595996
237841	0.005376517069
237842	0.001559921931
237843	0.0005189047679
237844	0.0005600176927
237845	0.001572898956
237846	0.005273951024
237847	0.007323635961
237848	0.003597152728
237849	0.003942911636
237850	0.002917944496
237851	0.002815017984
237852	0.00312048541
237853	0.001293498595
237854	0.000622504928
237855	0.009985113882
237856	0.00485596822
237857	0.006308751371
237858	0.01850191494
237859	0.004499484257
237860	0.002566445938
237861	0.00393822378
237862	0.0009395353811
237863	0.01222432252
237864	0.004464695596
237865	0.0005308012179
237866	0.001404110422
237867	0.004414955791
237868	0.001978180019
237869	0.005625070197
237870	0.004253920626
237871	0.004967863795
237872	0.007940274581
237873	0.01006492534
237874	0.0140883355
237875	0.003468236955
237876	0.004363383192
237877	0.001451958658
237878	0.004699879499
237879	0.0002185807778
237880	0.003239491997
237881	0.000110138024
237882	0.004473510343
237883	0.002025119311
237884	0.001911043076
237885	0.004480493839
237886	0.002791308991
237887	8.407882563e-05
237888	0.00524679034
237889	0.009118780125
237890	0.001847612215
237891	0.005254408432
237892	0.004927476131
237893	0.002953013424
237894	0.002173893184
237895	0.0001973369178
237896	0.001371851639
237897	0.0006696071088
237898	0.001530291164
237899	0.006067764202
237900	0.007948204493
237901	0.003993649055
237902	0.003981034026
237903	0.006763973241
237904	0.006213968443
237905	0.0001882325414
237906	0.0008321883158
237907	0.003362487735
237908	0.007687687414
237909	0.003071689083
237910	0.01192516892
237911	0.01034043692
237912	0.007955749726
237913	0.003117276936
237914	0.002851097937
237915	0.0007926674472
237916	0.002166985281
237917	0.009051325489
237918	0.002851012671
237919	0.007907620304
237920	0.005418574707
237921	0.001074385517
237922	0.002524907586
237923	0.01702102981
237924	0.002787627686
237925	0.001190220629
237926	0.008034769746
237927	0.006456995238
237928	0.006163669666
237929	0.002866797011
237930	0.001620958456
237931	0.02318107739
237932	0.0004862121763
237933	0.02174158792
237934	0.002093821245
237935	0.01355627977
237936	0.007615246305
237937	0.0002653320394
237938	0.006918372639
237939	0.001513617441
237940	0.004348862226
237941	0.005535279911
237942	0.0006289575
237943	0.008090834764
237944	0.006873043218
237945	0.007914627402
237946	0.0006845054925
237947	0.009459039801
237948	0.008316738013
237949	0.006312158814
237950	0.007558759407
237951	0.00781695819
237952	0.01028451718
237953	0.01554517729
237954	0.01567785694
237955	0.01310381263
237956	0.003154422987
237957	0.0044472444
237958	0.01493721656
237959	0.0005034128065
237960	0.00587674619
237961	0.01233489983
237962	0.006070223194
237963	0.001285541186
237964	0.002814673241
237965	0.0008931208884
237966	0.007667533793
237967	0.008314693706
237968	0.008328106002
237969	0.003149036252
237970	0.003072539091
237971	0.01198624864
237972	0.006918537764
237973	0.005533590949
237974	0.01453530905
237975	0.001171146017
237976	0.02474280678
237977	0.02641138722
237978	0.01270454453
237979	0.002115701123
237980	0.01101481725
237981	0.003591652077
237982	0.002360375779
237983	0.00645002429
237984	0.006232989897
237985	0
237986	0.003276272492
237987	0.01230197106
237988	0.01496212711
237989	0.0001184166723
237990	0.002258739182
237991	0.003960992997
237992	0.001795606217
237993	0.004698288956
237994	0.004903059225
237995	0.01114860954
237996	0.01266773848
237997	0.001896810298
237998	0.004007608209
237999	0.0001486676888
238000	0.005561014964
238001	0.0009045326679
238002	0.0137510254
238003	0.001415428103
238004	0.002093222923
238005	0.005939897524
238006	0.004963344524
238007	0.004477076253
238008	0.003679516792
238009	0.007903770116
238010	0.0006341499061
238011	0.02106272755
238012	0.008770361397
238013	0.002766987034
238014	0.0002824130665
238015	0.001557010734
238016	0.01759343088
238017	0.003267416735
238018	0.02102336509
238019	0.008936661771
238020	0.002063158684
238021	0.001262391841
238022	0.0002954495857
238023	0.002489372728
238024	0.00293535925
238025	0.001657279459
238026	0.00315251576
238027	0.01206892061
238028	0.006820429059
238029	0.004166226954
238030	0.004108930062
238031	0.001642902735
238032	0.00375237477
238033	0.001672178172
238034	0.001962044404
238035	0.002252534738
238036	0.001419973459
238037	0.008311865264
238038	0.01354099206
238039	0.02795880535
238040	0.004499884199
238041	0.001630780992
238042	0.006774355392
238043	0.002322823482
238044	0.00561082759
238045	0.006108959108
238046	0.001716785641
238047	0.009231784676
238048	0.003493269638
238049	0.0108607343
238050	0.00294106773
238051	0.004282774788
238052	0.0007779436893
238053	0.006713416667
238054	0.0008498203958
238055	0.004257984889
238056	0.00242305463
238057	0.008126105606
238058	0.006991749534
238059	0.002516948001
238060	0.01162464475
238061	0.00391642029
238062	0.01220942872
238063	0.005713941721
238064	0.01069772598
238065	0.0102175253
238066	0.001605195443
238067	0.003616890205
238068	0.002975442319
238069	0.005991779671
238070	0.001749274751
238071	0.005944449502
238072	0.003740739739
238073	0.00728451825
238074	0.0004517644592
238075	0.003578751381
238076	0.009322588808
238077	0.00223764534
238078	0.004102580468
238079	0.01231571549
238080	0.02236200057
238081	0.0006075534603
238082	0.00948973352
238083	0.01007073947
238084	0.0026084873
238085	0.007280858579
238086	0.006564593322
238087	0.001196084812
238088	0.00197646651
238089	0.00359399236
238090	0.004585545245
238091	0.00599588814
238092	0.01251000487
238093	0.01389048143
238094	0.009972784249
238095	0.005879692947
238096	0.01192300213
238097	0.000553804835
238098	0.0008435498099
238099	0.02616531001
238100	0.007655325435
238101	0.009080259779
238102	0.009278694832
238103	0.005674149498
238104	0.00303524055
238105	0.008903419072
238106	0.003238368152
238107	0.008487940198
238108	0.004347274104
238109	0.01063585467
238110	0.009059378743
238111	0.006541853868
238112	0.005407913641
238113	0.00904489917
238114	0.001485409038
238115	0.01059986003
238116	0.007274645191
238117	5.355940593e-05
238118	0.00948717774
238119	0.001476697458
238120	0.0002296325569
238121	0.008474515026
238122	0.006009704214
238123	0.009174151522
238124	0.008019412706
238125	0.001720448132
238126	0.002876404081
238127	0.0001432764758
238128	1.884417455e-05
238129	0.00151339611
238130	0.0002585579897
238131	0.000413141377
238132	0.002740757781
238133	0.0001354935634
238134	0.0005920530617
238135	0.001399741286
238136	0.002352491182
238137	0.000770699408
238138	0.003304368156
238139	0.01383487881
238140	0.008287927049
238141	0.01515602641
238142	0.003523445176
238143	0.002408746998
238144	0.003520125106
238145	0.01170159804
238146	0.00311909444
238147	0.001704526066
238148	0.001213746857
238149	0.00381194774
238150	0.0008285989814
238151	0.003804967172
238152	0.007866378713
238153	2.508552468e-07
238154	0.004490336507
238155	0.0001441100225
238156	0.001812132162
238157	0.009202093856
238158	0.001695729942
238159	0.001261554591
238160	0.001613346063
238161	0.0001903983714
238162	0.002223536497
238163	0.0006394802783
238164	0.002775708234
238165	0.000797360025
238166	0.006793587414
238167	0.01206366854
238168	0.0005335067362
238169	0.002481094148
238170	0.002638717222
238171	0.001703213891
238172	0.003277983652
238173	0.005450099013
238174	0.01565906225
238175	0.005651725603
238176	0.009368769653
238177	0.002831397952
238178	0.0001722810842
238179	0.002879226316
238180	0.00237739126
238181	0.008116806499
238182	0.009062647271
238183	0.007583302075
238184	0.006635126584
238185	0.01231867645
238186	0.007638191458
238187	0.01109174118
238188	0.002185572163
238189	0.001867875095
238190	0.0006433638598
238191	0.0013872991
238192	5.04659074e-07
238193	0.0001282622493
238194	0.001251990032
238195	0.0004895595467
238196	0.003484660451
238197	0.0003730702125
238198	0.001264051496
238199	0.0009956915376
238200	0.001489750971
238201	2.777097363e-06
238202	0.01592128904
238203	0.001100777582
238204	0.006794911205
238205	0.0008055880152
238206	0.002923215428
238207	0.00497450162
238208	0.005494728701
238209	0.001256952485
238210	0.002380810198
238211	0.001233093635
238212	0.004985157563
238213	0.003919950568
238214	0.001899699677
238215	0.01090302053
238216	0.006183085507
238217	0.000145975415
238218	0.001692383838
238219	0.002240478294
238220	0.002389577828
238221	0.00169385809
238222	1.842027704e-08
238223	0.0005403856883
238224	0.005591551091
238225	0.00237257533
238226	0.007132995906
238227	0.001391052882
238228	0.01036643091
238229	0.0004459991303
238230	0.004859396
238231	0.01126618215
238232	0.01074234599
238233	0.002679348979
238234	0.003364184184
238235	0.01302198866
238236	1.01915229e-05
238237	0.005310559931
238238	0.01098962156
238239	0.001834073749
238240	0.01623144247
238241	0.0004682791929
238242	0.01285854554
238243	0.0001844225143
238244	0.005972795234
238245	0.003506169627
238246	0.008222342879
238247	0.005058340417
238248	0.001791755426
238249	0.009362862454
238250	0.0002664621584
238251	0.004078436095
238252	0.004376156261
238253	0.0007928187248
238254	0.001007918968
238255	0.001755755626
238256	0.002632819107
238257	0.001712865842
238258	0.006204554838
238259	0.01270262842
238260	0.01493615487
238261	0.002107481381
238262	0.007043793957
238263	0.001839265938
238264	0.0004088615213
238265	0.00337116434
238266	0.001846895292
238267	0.004403438293
238268	0.01086991246
238269	0.0003601001297
238270	0.000230540033
238271	0.009657358554
238272	0.0002483468839
238273	0.00467280123
238274	0.01063329594
238275	0.0002265116999
238276	0.0005836745097
238277	0.000584857859
238278	0.0001211622795
238279	0.000230400275
238280	0.0009375744789
238281	0.002480485495
238282	0.0005689296952
238283	4.358018885e-06
238284	0.0005914904127
238285	0.008420987804
238286	0.009035902769
238287	0.002325310704
238288	0.001764191442
238289	0.0004774581157
238290	2.530082585e-06
238291	0.004816771119
238292	0.001960519253
238293	0.005172420605
238294	0.0005804563966
238295	0.0006203107377
238296	0.002156836638
238297	2.720936173e-05
238298	0.002583762249
238299	0.003920891697
238300	0.0009511030162
238301	0.001678143822
238302	0.002849868657
238303	0.003903441672
238304	0.005673409649
238305	0.004008387249
238306	0.006869948928
238307	0.007883878335
238308	0.008492787012
238309	0.01407201625
238310	0.006493451157
238311	0.006382442334
238312	0.009214540759
238313	0.004808675491
238314	0.004453960083
238315	0.009738575724
238316	0.004584560354
238317	0.00552121362
238318	0.00219112111
238319	0.004764436637
238320	0.001284777336
238321	0.00537261629
238322	0.0001444991404
238323	0.003036171424
238324	0.00269959384
238325	0.005335312734
238326	0.007640078832
238327	0.01014008391
238328	0.002326054563
238329	0.006994931284
238330	0.01249449339
238331	0.01131266065
238332	0.00706977513
238333	0.01306788616
238334	0.009609842489
238335	0.004225226927
238336	0.0005553875886
238337	0.003420173473
238338	0.001337778667
238339	0.002108523056
238340	0.001677086959
238341	0.003838174539
238342	0.005360368385
238343	0.004685906522
238344	0.0002965236113
238345	0.0009811571011
238346	0.001968646522
238347	0.0002801935411
238348	0.003196923348
238349	0.0007783687835
238350	0.002683887151
238351	0.0007120258816
238352	0.002419041849
238353	0.001218539847
238354	0.002242296618
238355	8.82485611e-05
238356	0.003545539485
238357	0.0003281436835
238358	0.001118963499
238359	0.001000968474
238360	0.0008850703728
238361	0.001341579826
238362	0.001064772424
238363	0.003380664436
238364	0.002779537236
238365	0.00222552901
238366	0.00711124421
238367	0.003614027214
238368	0.003303741658
238369	0.0004398149212
238370	2.009289167e-07
238371	0.001103501993
238372	0.002034215715
238373	0.00595575214
238374	0.0006573818759
238375	0.001117838883
238376	0.00661987812
238377	0.001301911417
238378	0.0001769728834
238379	0.0002690883989
238380	3.279144208e-05
238381	0.001443042817
238382	0.002567055628
238383	0.003181610769
238384	0.001180493458
238385	0.006311183421
238386	2.812535682e-05
238387	0.007194950509
238388	0.0005106648585
238389	0.002225143784
238390	0.003715027297
238391	0.003831833985
238392	0.0009232159806
238393	0.0008413011602
238394	0.001816017561
238395	0.005590701553
238396	0.006182530935
238397	0.001935522569
238398	0.0004992961977
238399	0.004458755517
238400	0.001768185053
238401	0.004977168536
238402	0.002338730729
238403	0.002172418605
238404	0.0004251187517
238405	0.003652185784
238406	0.004873000955
238407	0.003261715689
238408	2.143992648e-05
238409	0.001738352585
238410	0.005544550948
238411	0.00222539024
238412	0.002021880458
238413	0.0004610172004
238414	0.001564293629
238415	0.0001050485899
238416	0.0004391717517
238417	0.001099275507
238418	0.00100477892
238419	0.001211376391
238420	0.0007605278242
238421	0.00143753094
238422	0.001442343278
238423	0.0002248531145
238424	0.001002085819
238425	0.002355769006
238426	0.003349083958
238427	0.00250804594
238428	0.0006995587761
238429	0.0002284712919
238430	0.005428637619
238431	0.003154159548
238432	0.003938389454
238433	0
238434	0.005810000146
238435	0.002630833568
238436	0.003082681878
238437	0.002612398936
238438	0.006670156083
238439	0.001617766146
238440	0.0001224767525
238441	0.009957109379
238442	0.007020933306
238443	0.0003026540492
238444	0.00877531114
238445	0.003552340072
238446	0.002500116959
238447	0.001378960448
238448	0.004722643598
238449	0.0003254713639
238450	0.001798323097
238451	0.009637210745
238452	0.001235741061
238453	0.00254478114
238454	0.009380806376
238455	0.002037285445
238456	0.001625161881
238457	0.001795244264
238458	0.001788342043
238459	0.001791530649
238460	0.002162066187
238461	0.00753568119
238462	0.009058618488
238463	0.006600261
238464	0.01259978377
238465	0.006343422525
238466	0.001586472833
238467	0.002038786297
238468	0.001519689106
238469	0.008264695971
238470	0.004688367093
238471	0.01895747535
238472	0.0007317230333
238473	0.001072533081
238474	0.001785709174
238475	0.002988909894
238476	0.001811753671
238477	0.01519578885
238478	0.00169807021
238479	0.002573820686
238480	0.00309103891
238481	0.01226971192
238482	0.01065651524
238483	0.002203953519
238484	0.007204733468
238485	0.0004397084754
238486	0.001585648702
238487	0.0003470533748
238488	0.002781979664
238489	0.0007000334206
238490	0.001356887068
238491	0.003559163243
238492	0.001254920885
238493	0.005618851302
238494	0.0006810479584
238495	0.003996439092
238496	0.000322246565
238497	0.001941884905
238498	0.002470645304
238499	0.004615166404
238500	0.001350992054
238501	0.001508018683
238502	0.001209667877
238503	0.001457896644
238504	0.002882747222
238505	0.003822608408
238506	0.004831897886
238507	0.002271670172
238508	0.001237391684
238509	0.007984656355
238510	0.007132486046
238511	0.00434484605
238512	2.778510016e-05
238513	0.001373844317
238514	0.003432224927
238515	0.008819748129
238516	0.0007185655118
238517	0.005510337689
238518	0.004814292533
238519	0.005657332421
238520	0.004279890434
238521	2.330382694e-05
238522	0.01285014298
238523	0.01238624811
238524	0.0006418864635
238525	0.0009973866875
238526	0.006727263506
238527	0.006174083899
238528	0.005030162984
238529	0.001698069836
238530	0.002186436126
238531	0.0004522520333
238532	0.003589816225
238533	0.002828713702
238534	0.007008612971
238535	4.380921167e-07
238536	0.002659379453
238537	0.0007746140247
238538	0.0001053893211
238539	0.001671428375
238540	0.0001156296148
238541	0.0002089261708
238542	0.0002078782661
238543	0.0002093443005
238544	0.0002121822357
238545	0.0006877429837
238546	0.001155910171
238547	0.001455395777
238548	0.0006004195565
238549	0.001150587297
238550	0.0003659066449
238551	0.001339974662
238552	0.001544095347
238553	0.0007668668972
238554	0.0009526458182
238555	0.00182894141
238556	0.002268231527
238557	0.002376705139
238558	0.0004267806971
238559	0.0001090020709
238560	0.00144699524
238561	0.002099346916
238562	0.0009996708512
238563	0.0007669078416
238564	0.001118222515
238565	0.002195334343
238566	0.003705437879
238567	0.002629558798
238568	0.0004469599572
238569	0.001555749402
238570	0.0009138390416
238571	0.0006605678297
238572	0.002935416978
238573	0.0009926359391
238574	0.001205291783
238575	0.0004576691061
238576	0.001032685609
238577	0.002225857058
238578	0.000107611043
238579	0.0006627359965
238580	0.001154116962
238581	0.0007693509136
238582	0.0005493211356
238583	0.0007679150433
238584	0.0004463543008
238585	0.0002196809647
238586	0.0003367323563
238587	0.0008808060601
238588	0.0002221804284
238589	0.00043448325
238590	5.884591454e-07
238591	1.355173309e-05
238592	1.475912123e-05
238593	2.112048737e-06
238594	1.186270605e-05
238595	1.044316599e-05
238596	1.862032398e-05
238597	1.494112132e-05
238598	8.999846381e-06
238599	5.575479204e-06
238600	1.163496352e-06
238601	7.549131638e-06
238602	1.824461427e-05
238603	1.52567427e-06
238604	1.352367768e-05
238605	2.022447757e-05
238606	1.397509501e-05
238607	8.447022586e-06
238608	1.902829203e-05
238609	2.088592857e-05
238610	5.031600039e-06
238611	0.001875024162
238612	0.0004390869529
238613	0.00065553172
238614	0.0006570976195
238615	0.003756716687
238616	0.0005487934114
238617	0.001236051976
238618	0.000995041133
238619	0.001418869863
238620	0.0006666547988
238621	0.001878563822
238622	0.001098041688
238623	0.0003256922794
238624	0.0009968583057
238625	0.0005549876683
238626	0.001658785922
238627	0.001323358009
238628	0.001320979582
238629	0.0005496899534
238630	0.001108164279
238631	7.10125925e-07
238632	0.001565922485
238633	0.003181133795
238634	0.001092609558
238635	0.002652195761
238636	0.001630522108
238637	0.002116882362
238638	0.006067089617
238639	0.002187443832
238640	0.005701789208
238641	0.00637484677
238642	0.003079400268
238643	0.0009897537738
238644	0.0007523428886
238645	0.0004167936472
238646	4.790175284e-05
238647	0.005531220249
238648	0.002069201407
238649	0.004855759001
238650	0.001269660135
238651	0.0005901785903
238652	0.001295458706
238653	0.001981633969
238654	0.001364036143
238655	3.183862183e-05
238656	0.0006937740088
238657	0.005608399077
238658	0.008220077316
238659	0.001113673035
238660	0.00855696979
238661	0.002327101485
238662	0.001668787766
238663	0.0008881763592
238664	3.88748891e-07
238665	0.001984358667
238666	0.001430772708
238667	0.001435786965
238668	0.001100395065
238669	2.520619339e-06
238670	0.001225749355
238671	0.0005540980922
238672	0.002975519251
238673	0.00416818527
238674	0.0007359518673
238675	0.003877538041
238676	0.003547434658
238677	0.002380327803
238678	0.004763566423
238679	0.002043950041
238680	2.456036939e-08
238681	9.502041509e-05
238682	0.0002044467472
238683	0.003175830244
238684	0.003193247857
238685	0.00186494826
238686	0.0005906808313
238687	0.0004464868955
238688	0.005925163157
238689	0.005457812799
238690	0.004868835448
238691	0.002378841456
238692	0.001258606756
238693	0.0009995349273
238694	0.002243062535
238695	0.003171174966
238696	0.006693723938
238697	0.00317530546
238698	0.007801751917
238699	0.004101465545
238700	0.008027611497
238701	0.004815136925
238702	0.006912601056
238703	0.0006209670761
238704	0.003663292919
238705	0.002388588619
238706	0.003583786231
238707	0.01249469905
238708	0.00055869472
238709	0.005389022041
238710	0.00662192184
238711	0.007219670988
238712	0.0003459507656
238713	0.004112833517
238714	0.008236818538
238715	0.0008291242313
238716	0.004207133144
238717	0.002557237334
238718	0.006382472762
238719	0.001253310241
238720	0.009411787
238721	0.002380073843
238722	0.005346212828
238723	0.001658511431
238724	0.002482953053
238725	0.003774619079
238726	0.000256737549
238727	0.001989632446
238728	0.006050682287
238729	0.00912622334
238730	0.005283772775
238731	0.001051879025
238732	0.01661412317
238733	0.001628385803
238734	0.002380091005
238735	0.0007389298891
238736	0.0002429386115
238737	6.3160594e-07
238738	0.0001113044706
238739	0.0003295934268
238740	0.0002196223676
238741	0.0003287620703
238742	0.0003285967326
238743	0.001942204406
238744	0.0020666343
238745	0.0001094056591
238746	0.00313741894
238747	0.001007161589
238748	0.005498974858
238749	0.002074415716
238750	0.02151255144
238751	0.004994532457
238752	0.0008177265765
238753	0.003054227669
238754	0.0143173461
238755	0.001806901517
238756	0.009897193479
238757	0.002501462758
238758	0.00643310921
238759	0.001026301421
238760	0.006015762353
238761	0.001257473869
238762	0.003413085755
238763	0.003411146517
238764	6.722461671e-05
238765	0.006784159939
238766	0.001156136332
238767	0.003263353927
238768	0.001412291839
238769	0.004558060751
238770	0.004770932047
238771	0.000697901147
238772	0.0006005732131
238773	0.01017543799
238774	0.006981101892
238775	0.002681398745
238776	0.003436877183
238777	0.0026005966
238778	0.007409818018
238779	9.824147755e-08
238780	0.006086299517
238781	0.002303863288
238782	0.002434603515
238783	0.0009207607895
238784	0.00236666432
238785	4.518365004e-05
238786	0.0006442936322
238787	0.0006994679052
238788	0.0006137180716
238789	0.007067784602
238790	0.01542670373
238791	0.0003444542838
238792	0.000541453458
238793	0.001606142841
238794	0.002379250351
238795	0.001654334399
238796	0.00403138852
238797	0.0003849952146
238798	0.005577864838
238799	0.0008411113811
238800	0.0003275280135
238801	0.0005085202312
238802	0.00173159126
238803	0.002305056434
238804	0.002164405068
238805	0.003960577879
238806	0.0009118297386
238807	0.001782862117
238808	0.002939560962
238809	0.0004901917253
238810	0.004170049624
238811	0.003576086808
238812	0.001636685033
238813	0.00108736192
238814	0.000471840698
238815	0.005052703217
238816	0.002096442267
238817	0.0006163317802
238818	0.001881921061
238819	0.004596519945
238820	0.002346257357
238821	0.0001622609374
238822	9.616006516e-05
238823	0.002515787478
238824	0.001705447372
238825	0.003682516796
238826	0.001107313573
238827	0.003809907137
238828	0.007010018523
238829	0.0009731501723
238830	0.0001698820656
238831	0.003385610367
238832	0.001804097846
238833	0.004761663588
238834	7.957619075e-05
238835	0.005211283649
238836	0.001528963103
238837	0.006329869436
238838	0.002935787154
238839	0.00634257278
238840	0.001808081984
238841	0.00258671541
238842	0.005728853214
238843	0.002034136308
238844	0.001166533211
238845	0
238846	0.0007942751702
238847	0.001056282284
238848	0.0003074121003
238849	0.004766622352
238850	0.0006940588068
238851	0.00246097637
238852	0.002581172826
238853	0.003623706585
238854	0.007033068432
238855	0.00981394597
238856	0.005984988812
238857	0.005160802978
238858	0.003674124201
238859	0.0003470856014
238860	0.001507486845
238861	0.002072076007
238862	0.008716978827
238863	0.007168794814
238864	0.000758990797
238865	0.0003486772034
238866	0.0006997772244
238867	0.007774347717
238868	0.00284098485
238869	0.003886861442
238870	0.001284139782
238871	0.001959888731
238872	0.005615459895
238873	0.001876134194
238874	0.00325703405
238875	0.006399610343
238876	0.002419895089
238877	0.01406244422
238878	0.002243199953
238879	0.003286121676
238880	0.001865296313
238881	0.006010310841
238882	0.004654900489
238883	0.006543791722
238884	0.004829336998
238885	0.001607136546
238886	0.008453535091
238887	0.001283616972
238888	0.002379078778
238889	0.001331932788
238890	0.00301794006
238891	0.0009169697081
238892	0.001349546416
238893	0.001370816514
238894	0.003861067844
238895	0.003205615725
238896	0.00373549259
238897	0.003178796528
238898	0.001203611708
238899	0.0004246931514
238900	0.003939728632
238901	0.006038589065
238902	0.001033546388
238903	0.0006357265192
238904	0.0004198712292
238905	0.002831499477
238906	0.0005759790885
238907	0.004297515381
238908	0.003256143626
238909	0.007063999381
238910	0.007409298289
238911	0.0005326812236
238912	0.001056268639
238913	0.0005485706156
238914	0.003262644288
238915	0.001935167401
238916	0.0009612548051
238917	0.0002057399795
238918	0.002909003211
238919	0.0008931357139
238920	0.006603691355
238921	0.00825571814
238922	0.003627274348
238923	0.01267085444
238924	0.01669141036
238925	0.00354645567
238926	0.007807287049
238927	0.01472229758
238928	0.01140250115
238929	0.003801371215
238930	0.002338558605
238931	0.005617355808
238932	0.005397615136
238933	0.0008167797982
238934	0.007687391535
238935	0.0008823785883
238936	0.001611025503
238937	0.004946418812
238938	0.005482318845
238939	0.001759856846
238940	0.001027199543
238941	0.0007076948732
238942	0.001983508504
238943	0.0001524838471
238944	0.006129953671
238945	0.0006872334332
238946	0.002860299606
238947	0.0007600073298
238948	0.0008080917574
238949	0.007640731381
238950	0.002270303842
238951	0.004331997253
238952	0.0004979036399
238953	0.002823266344
238954	0.009993784934
238955	0.0001891655782
238956	0.009427548278
238957	0.003511764284
238958	0.006790761794
238959	0.0004671565125
238960	0.003095794966
238961	0.006671381708
238962	0.008886931497
238963	0.001965846675
238964	0.004585484756
238965	0.0004136750812
238966	0.005402529838
238967	0.001006499035
238968	0.002052858802
238969	0.008644375412
238970	6.229827557e-05
238971	0.002224360137
238972	0.004287383685
238973	0.01007666297
238974	0.005240279699
238975	0.0008578441103
238976	0.001085063986
238977	0.004847003816
238978	0.006085831163
238979	0.001314082761
238980	0.004741435325
238981	0.001650875867
238982	0.001893880489
238983	1.961399088e-05
238984	0.01552302222
238985	0.0008825126886
238986	0.006671440965
238987	0.001420560976
238988	0.00245720979
238989	0.004605345845
238990	0.009097496542
238991	0.006917679285
238992	0.001807923217
238993	0.003901267631
238994	0.003826138914
238995	0.002600919642
238996	0.003167495744
238997	0.01272489166
238998	0.0004071473129
238999	0.007021549531
239000	0.003892608506
239001	0.001273406757
239002	0.001385124393
239003	0.004157059231
239004	0.00255461206
239005	0.00583973298
239006	8.875615361e-06
239007	0.003933919139
239008	0.003018324956
239009	0.005862896067
239010	0.005160431838
239011	0.007506930547
239012	0.004484190097
239013	0.004881857843
239014	0.003823652755
239015	0.003704390952
239016	0.00110434923
239017	0
239018	0.01171421231
239019	0.01117238828
239020	0.007060107202
239021	0.001667547661
239022	0.004472530729
239023	0.006047515235
239024	0.0102500001
239025	0.001323886795
239026	0.0082537588
239027	0.004454390556
239028	0.0001807722525
239029	0.0155286506
239030	0.001630903352
239031	0.001145012142
239032	0.01779734209
239033	0.002175933248
239034	0.0114482942
239035	0.008969235261
239036	0.004351132384
239037	0.003345814473
239038	0.004267419736
239039	0
239040	0.0009969340537
239041	0.01270421096
239042	0.004019491342
239043	0.005723440375
239044	0.001884114895
239045	0.004898958426
239046	0.004595951133
239047	0.00706985531
239048	0.008629569774
239049	0.004062462423
239050	0.0145356664
239051	0.007772716677
239052	0.001693374328
239053	0.001732233358
239054	0.007302447114
239055	0.0003775609623
239056	0.01349712207
239057	0.003012056087
239058	0.006232351033
239059	0.0003427504388
239060	0.000844079834
239061	0.004659710803
239062	0.002561252686
239063	0.008830531987
239064	0.004741681793
239065	0.00450961349
239066	0.004335353331
239067	0.007762942251
239068	0.003536472274
239069	0.006676332286
239070	0.001293787897
239071	0.0006116258809
239072	0.01121969469
239073	0.004420340971
239074	0.005112878061
239075	0.004900393722
239076	0.01081108596
239077	0.00707733388
239078	0.003091049899
239079	0.001496940555
239080	0.01402506085
239081	0.0006022396716
239082	0.00304883907
239083	0.005507443526
239084	0.00432482002
239085	0.005506566817
239086	0.003363609524
239087	0.0006566924944
239088	0.0005997179611
239089	0.004585623597
239090	0.005705198275
239091	0.007088645755
239092	0.01389379625
239093	0.007902359963
239094	0.00422337242
239095	0.01085086525
239096	0.005239714328
239097	0.001261869261
239098	0.002988921899
239099	0.003970963262
239100	0.008500953879
239101	8.597564629e-05
239102	0.003127481162
239103	0.006726109831
239104	0.00325025502
239105	0.0013306581
239106	0.0009653920578
239107	0.0002661509282
239108	0.003579397714
239109	0.001427545744
239110	9.891313653e-05
239111	0.02249709553
239112	0.008619187941
239113	0.003238081596
239114	0.01212872153
239115	0.006247066893
239116	0.0154523068
239117	0.01421526268
239118	0.003495476695
239119	0.01165377119
239120	0.007245573836
239121	0.001442057687
239122	0.003256125984
239123	0.003612863493
239124	0.000865660547
239125	0.006616878569
239126	0.004280047593
239127	0.005982624054
239128	0.009498204944
239129	0.003326782379
239130	0.007875527607
239131	0.001141805814
239132	0.01081846209
239133	0.0001163223909
239134	0.009824814288
239135	0.00280610329
239136	0.004978917782
239137	0.001577732288
239138	0.0007127841432
239139	0.006720084238
239140	0.005116686637
239141	0.0003863846185
239142	0.01225096806
239143	0.005825204447
239144	0.007152780342
239145	5.336044067e-05
239146	0.002883914588
239147	0.002096952061
239148	0.0006402854498
239149	0.00122495137
239150	0.002791226186
239151	0.0002046016026
239152	0.004448769622
239153	0.0005354304876
239154	0.0006500953198
239155	0.0011432461
239156	0.006958887708
239157	0.01775441254
239158	0.001048117069
239159	0.01079832253
239160	0.001674667295
239161	0.01258711784
239162	0.001350888202
239163	0.0001325302704
239164	0.005145900433
239165	0.001041886841
239166	0.0006535542218
239167	0.0009978159713
239168	0.001590832275
239169	0.005152706535
239170	0.001827121929
239171	0.001968977912
239172	0.0007133006637
239173	0.0009754938044
239174	0.001268375727
239175	0.001562373605
239176	0.0004061234778
239177	0.001249881926
239178	0.0003301284662
239179	0.0008354544558
239180	0.001016441716
239181	0.001871427509
239182	0.0008537509604
239183	0.000379875247
239184	0.00105730664
239185	0.001972491308
239186	0.009196849157
239187	0.0008353001965
239188	0.001854100449
239189	0.005393392009
239190	0.0003381315082
239191	0.001067877894
239192	0.002068606706
239193	0.00197926104
239194	0.001886856808
239195	0.002536288447
239196	0.006214229927
239197	0.00109819995
239198	0.002534166712
239199	0.001139438188
239200	0.00108791678
239201	0.003701416824
239202	0.001780425759
239203	0.0004487489675
239204	0.0003666481776
239205	0.001508586612
239206	0.001291772892
239207	0.005467932492
239208	0.001120773332
239209	2.324643449e-05
239210	0.001033508872
239211	0.002985692456
239212	0.001141545978
239213	0.00154428819
239214	0.0004048930547
239215	0.0007264609256
239216	0.00146479604
239217	0.001096139323
239218	0.0010843545
239219	0.002286663969
239220	0.001326178802
239221	0.002034690929
239222	0.001348107663
239223	0.0004930743045
239224	0.003836057488
239225	0.000136698482
239226	0.0007842778895
239227	0.0004682938241
239228	0.0005227631255
239229	0.001110893693
239230	0.001149079884
239231	0.002658700522
239232	0.0007280314917
239233	0.001623881612
239234	0.0002901363475
239235	0.003206640998
239236	0.001522981861
239237	0.001205114698
239238	0.001447836332
239239	0.0005797168499
239240	0.001221451547
239241	0.000140991782
239242	0.0009758623371
239243	0.0006700221044
239244	0.001003883082
239245	0.000406492448
239246	0.00193205674
239247	0.001208803963
239248	0.001495547947
239249	0.002332605405
239250	0.003141696169
239251	0.002922972205
239252	0.002409831465
239253	0.002318045291
239254	0.0008172737982
239255	0.0001045294555
239256	0.0006815569931
239257	0.001789215265
239258	0.001058145464
239259	0.0001999492195
239260	0.002160153912
239261	0.0009082182998
239262	0.0004753678129
239263	0.001295720806
239264	0.002994281961
239265	0.001795889027
239266	0.0006035972625
239267	0.001931361962
239268	0.0003240158652
239269	0.001529335032
239270	0.001774656377
239271	0.0004617377922
239272	0.002166025422
239273	0.001759495409
239274	0.001061950776
239275	0.002313699492
239276	0.00194233986
239277	0.001231942097
239278	0.003229900092
239279	0.001570603453
239280	0.005112849216
239281	0.002128042
239282	0.0007586165922
239283	0.0007761354644
239284	0.0002398895427
239285	0.0001940813327
239286	0.00261188035
239287	0.0003171394843
239288	0.002534432663
239289	0.0007342830976
239290	0.0004329512335
239291	0.0001335711995
239292	0.001831570681
239293	0.0001439523105
239294	0.001454991748
239295	0.001094712241
239296	0.001576687672
239297	0.001129440139
239298	0.002410374977
239299	0.001867800518
239300	0.006591828914
239301	0.00184986922
239302	0.003167798448
239303	0.0006108727031
239304	0.0008357550152
239305	0.0003918094016
239306	0.0007376040981
239307	0.001566858497
239308	0.001628924261
239309	0.001625402429
239310	0.00106125377
239311	0.002085596803
239312	0.001030000834
239313	0.001322086586
239314	0.001328285911
239315	0.001792169549
239316	0.0007831440998
239317	0.0008824396867
239318	0.0008004471421
239319	0.001370034123
239320	0.002382738522
239321	0.0002896303169
239322	0.00159451085
239323	0.0008858403227
239324	0.0004450688036
239325	0.001612158454
239326	0.002230021834
239327	0.001835790949
239328	0.001598459311
239329	0.0004241536563
239330	0.001280547086
239331	7.352698436e-05
239332	0.001491850607
239333	0.0007778432714
239334	0.002192025019
239335	0.001596240142
239336	0.001870687707
239337	0.001290514466
239338	0.001357585321
239339	0.001776707103
239340	0.001468934999
239341	0.001051423398
239342	0.001701606569
239343	0.0006968834292
239344	0.0003338619804
239345	0.001457101779
239346	0.001012937626
239347	0.0006823051142
239348	0.0002077109053
239349	0.001478490292
239350	0.001637235155
239351	0.0001131790839
239352	0.001219931746
239353	0.001317793637
239354	0.001191757949
239355	0.002163470254
239356	0.001787282301
239357	0.001133090003
239358	0.001233515801
239359	3.41543919e-05
239360	0.002549420707
239361	0.001686862079
239362	0.00314429098
239363	0.0005134908364
239364	0.005503106686
239365	0.0006456956767
239366	0.001785709384
239367	0.00202713785
239368	0.001371029763
239369	0.00225495119
239370	0.0003558434683
239371	0.00426129384
239372	0.0005681996427
239373	0.00133713038
239374	0.001772445191
239375	0.0007419259923
239376	0.001273498243
239377	0.0009424066912
239378	0.005404603605
239379	0.001202850714
239380	0.001700441157
239381	0.002475374152
239382	8.221532343e-06
239383	0.0008156759778
239384	0.00122371065
239385	0.0003332795277
239386	0.0002759035454
239387	0.001165739458
239388	0.0007997906449
239389	0.001214731274
239390	0.001392845361
239391	0.0003876121146
239392	0.0003238594175
239393	0.001182822263
239394	0.001646570781
239395	0.003709894887
239396	0.005745152846
239397	0.00157440632
239398	0.0008953997833
239399	0.0004622541689
239400	0.002663435887
239401	0.001039802178
239402	0.002833660469
239403	0.001846824676
239404	0.0001571548618
239405	0.0005076536424
239406	0.001326530151
239407	0.002577479443
239408	0.002386452643
239409	0.004343856143
239410	0.002425929506
239411	0.0009620971576
239412	0.003522825625
239413	0.001912931949
239414	0.0008074634361
239415	0.0004919829299
239416	0.0003460582418
239417	0.0002463490962
239418	0.002103209609
239419	8.669891168e-05
239420	1.172077251e-06
239421	0.0006516056402
239422	0.001309939569
239423	0.006173443911
239424	0.001564729139
239425	0.0009448555488
239426	0.0003526750266
239427	0.001251035559
239428	0.001453531146
239429	0.0005696888346
239430	0.000586446116
239431	0.0003951979985
239432	0.003933399026
239433	0.001148678339
239434	0.00215854222
239435	0.0003982523878
239436	0.001884475025
239437	0.00110403629
239438	0.001382931066
239439	2.233132955e-05
239440	0.0007970126387
239441	0.002185219203
239442	0.005409182603
239443	0.001620207288
239444	0.001465844416
239445	6.023253137e-05
239446	0.001277656994
239447	0.0003901979414
239448	0.001327727386
239449	0.002206822775
239450	0.0002517684539
239451	0.0002075748525
239452	0.003574848356
239453	0.01215609608
239454	0.001689173929
239455	0.001581245254
239456	0.001929460859
239457	0.001499351122
239458	0.0001284576516
239459	0.001204155259
239460	0.0001057271093
239461	0.0005999467871
239462	0.001654056518
239463	0.005211143586
239464	0.01104745231
239465	0.005039533999
239466	0.003763985366
239467	0.00169934646
239468	0.0005199243395
239469	0.003487888264
239470	0.003330136893
239471	0.001712181981
239472	0.002897417343
239473	6.054915041e-05
239474	0.003128865974
239475	0.0004229469934
239476	0.003069526421
239477	0.001310918092
239478	0.001174966765
239479	7.473310416e-05
239480	0.007891216514
239481	0.001135678483
239482	0.001095133665
239483	0.001722636362
239484	0.0001662491275
239485	0.001249065577
239486	0.0005825481872
239487	0.001852858369
239488	0.003650624492
239489	0.005267640283
239490	0.004965566975
239491	0.003273394536
239492	0.001596209681
239493	0.001699786101
239494	0.00117328168
239495	0.007303212039
239496	0.004700239864
239497	0.00184503931
239498	0.002849006727
239499	0.0001417308465
239500	0.0007420599984
239501	0.003905163586
239502	0.0002858307958
239503	0.0007997289794
239504	0.0006082968794
239505	0.0009632052634
239506	0.0001424185722
239507	0.0004235595936
239508	0.0001706069723
239509	0.001207815113
239510	0.001744575974
239511	0.001340325903
239512	0.001480468795
239513	0.0009439792794
239514	1.827654167e-06
239515	0.001608746253
239516	0.001885394209
239517	0.000954854625
239518	0.001076669083
239519	0.001486871199
239520	0.0006993125662
239521	0.0006419261452
239522	0.0009773900394
239523	0.00123666533
239524	0.001887188124
239525	0.0009603101584
239526	0.001333672878
239527	0.0008201815298
239528	0.0002438447977
239529	0.001094364636
239530	0.001375355009
239531	0.001761705599
239532	0.001744413036
239533	0.0002852457199
239534	0.00162030923
239535	0.0001396459441
239536	0.0006779722167
239537	0.0001390323731
239538	0.0006747429921
239539	0.001102383369
239540	0.0002813432083
239541	0.001759948507
239542	7.722023205e-07
239543	0.0004154069707
239544	0.0001385875403
239545	0.003691233608
239546	0.001804129581
239547	0.001557375864
239548	0.003750634616
239549	0.003056019175
239550	0.001411770982
239551	0.004022942458
239552	0.0002636389487
239553	0.00203173203
239554	0.003197628098
239555	0.000713365329
239556	0.002436740469
239557	0.002159298301
239558	0.0127329332
239559	0.001693543864
239560	0.007173997343
239561	0.01643411114
239562	0.00534726303
239563	0.00608108468
239564	0.004119791607
239565	0.007452128639
239566	0.0055824568
239567	0.0007143221588
239568	0.001800830348
239569	0.01270684205
239570	0.001548799824
239571	0.0008946769975
239572	0.00298607957
239573	0.0004493281414
239574	0.00696862791
239575	0.008741767788
239576	0.006361595835
239577	0.0007068076864
239578	0.001510741652
239579	0.003039817595
239580	0.003099865365
239581	0.001201137295
239582	0.001552186451
239583	0.008854238849
239584	0.008201222047
239585	0.01445039501
239586	0.003937579079
239587	0.002289602191
239588	0.001720475537
239589	0.004909621514
239590	0.004731909093
239591	0.000820886854
239592	0.005215649103
239593	0.005182007168
239594	0.0001780772115
239595	0.001151104607
239596	0.003890569583
239597	0.0004170026631
239598	0.01161924043
239599	0.0008899741006
239600	0.001191670893
239601	0.001794158742
239602	0.0008824847461
239603	0.002810486495
239604	0.005178296393
239605	0.001010965342
239606	0.004240153958
239607	0.008065031045
239608	0.002750873472
239609	0.01104803746
239610	0.00404819255
239611	0.0006041080149
239612	0.003936171014
239613	0.004343658326
239614	0.002628938181
239615	0.006908068986
239616	0.003807769371
239617	0.003103112496
239618	0.005973255136
239619	0.00197347109
239620	0.003715086349
239621	0.00392736009
239622	0.0008279155147
239623	0.004704259697
239624	0.001549315852
239625	0.001131435769
239626	0.0105273076
239627	0.005330730176
239628	0.0002554700239
239629	0.008308941411
239630	0.002456957016
239631	0.003306551713
239632	0.003645498654
239633	0.001532326265
239634	0.003486767557
239635	0.009860412862
239636	0.009516295033
239637	0.0004393661181
239638	0.00382266296
239639	0.002510155493
239640	0.009088742232
239641	0.01013802458
239642	0.001354560666
239643	0.004683239722
239644	0.002295581009
239645	0.002113476018
239646	0.00154103849
239647	0.001285596031
239648	0.00515575981
239649	0.0005400282408
239650	0.001266277555
239651	0.0007921473737
239652	0.002646635434
239653	0.001356106383
239654	0.01160715894
239655	0.0006405261772
239656	0.001277035085
239657	0.00317184132
239658	0.0002750349977
239659	0.001814692011
239660	0.0006670502371
239661	0.01146962669
239662	0.006594942356
239663	0.0135549362
239664	0.001266268748
239665	0.008462799091
239666	0.004290137259
239667	0.002816619057
239668	0.001861904993
239669	3.147931242e-05
239670	0.004266560768
239671	0.004459163345
239672	0.004956553575
239673	0.003066526155
239674	0.01135165729
239675	0.00167316051
239676	0.0006371528511
239677	0.005035339224
239678	0.00742196353
239679	0.00545022214
239680	0.005603865211
239681	0.01290165118
239682	0.003294280451
239683	0.0001013656512
239684	0.002169747997
239685	0.001685454827
239686	0.001276894493
239687	4.157565243e-06
239688	0.002868709549
239689	0.000418014873
239690	0.001486675763
239691	0.0007595248829
239692	0.0009972422726
239693	0.003876366913
239694	0.0006611399533
239695	0.001287263324
239696	0.0007282909605
239697	0.002507643336
239698	0.007944549218
239699	0.002949756272
239700	0.01005827482
239701	0.002526776109
239702	0.004102266479
239703	0.001571292342
239704	0.001588869233
239705	0.0007533037699
239706	0.005040848192
239707	0.00688438099
239708	0.009873572308
239709	0.005531121966
239710	0.0009057545073
239711	0.00372609036
239712	0.005585816016
239713	0.003671700285
239714	0.003945807673
239715	0.0004333641097
239716	0.01048663246
239717	0.00614924669
239718	0.001232645849
239719	0.006918219724
239720	6.159282031e-05
239721	0.0029057226
239722	0.003554225572
239723	0.004994027712
239724	0.001581654087
239725	0.0003452612183
239726	0.009313774422
239727	0.0110683275
239728	0.003573235971
239729	0.000365195058
239730	0.005414407411
239731	0.001968280202
239732	0.002819103644
239733	0.002912275715
239734	0.0004055150303
239735	0.0005315048536
239736	0.0004639021481
239737	0.0007972775804
239738	0.00169187508
239739	0.0112322124
239740	0.0005165673244
239741	0.001866328317
239742	0.008726895281
239743	0.002132278168
239744	0.01294074504
239745	0.005276529809
239746	0.008310761701
239747	0.008861306079
239748	0.007591495722
239749	0.008352958896
239750	0.009449570325
239751	0.002314056913
239752	0.001210267966
239753	0.001393446576
239754	0.004852502563
239755	0.01225707303
239756	0.002526416784
239757	0.005206989888
239758	0.004524158585
239759	0.01252130124
239760	0.01603040982
239761	0.003241582409
239762	0.00397404947
239763	0.002982093825
239764	0.004908470803
239765	0.0004642678673
239766	0.008553813878
239767	0.004127800625
239768	0.002464525073
239769	0.007049158925
239770	0.001187232702
239771	0.008399103048
239772	0.007846084816
239773	0.006818805492
239774	0.004589485666
239775	0.01187763555
239776	0.002053379282
239777	9.420045282e-07
239778	0.001826256746
239779	0.005962615115
239780	0.004267442401
239781	0.001599841733
239782	0.0007816230239
239783	0.003022865043
239784	0.0002764607348
239785	0.004434162905
239786	0.0002402489702
239787	0.003281501899
239788	0.003469951854
239789	0.001350002033
239790	0.003725979192
239791	0.002718034691
239792	0.00116210598
239793	0.01159422015
239794	0.009158934308
239795	0.001912799838
239796	0.02081057552
239797	0.004985190465
239798	0.003046366433
239799	0.009304401281
239800	0.005195723414
239801	0.001180524724
239802	0.01318796527
239803	0.001177003821
239804	0.000662805161
239805	0.004966527929
239806	0.01413588748
239807	0.0006140686173
239808	0.008607913812
239809	0.002447736501
239810	0.01195665575
239811	0.004211936131
239812	0.003654443563
239813	0.008595601458
239814	0.004895503966
239815	0.005065959942
239816	0.02180826509
239817	0.0089926671
239818	0.01174574814
239819	0.00989194669
239820	0.002512359506
239821	0.00147675198
239822	0.002271026289
239823	0.006122142955
239824	0.001282939468
239825	0.01126126526
239826	0.005208572878
239827	0.006758561624
239828	0.004365554962
239829	0.0007150999191
239830	0.0008030755849
239831	0.0007729901822
239832	0.001102950862
239833	0.0001241339188
239834	0.003066847495
239835	0.001168431349
239836	0.0004565370109
239837	0.0005239843758
239838	0.0003613958956
239839	0.0006290935657
239840	0.003887853801
239841	0.005245614417
239842	0.00214011774
239843	0.000492150794
239844	0.006764141
239845	0.0002471949606
239846	0.001577421646
239847	0.0003174031776
239848	0.0008440725402
239849	0.002395759421
239850	0.00216429467
239851	0.005949196252
239852	0.002256709112
239853	0.001587190293
239854	0.007443009246
239855	0.001452164822
239856	0.004758575014
239857	0.006699295476
239858	0.0005292858976
239859	0.002476694228
239860	0.0005038362891
239861	0.005977598741
239862	0.001889235814
239863	0.001783182227
239864	0.001587889971
239865	0.0001506077949
239866	3.109100768e-05
239867	0.001480580219
239868	0.01106758276
239869	0.0004302221456
239870	2.370581312e-06
239871	0.000143762965
239872	0.007858457779
239873	0.003735362827
239874	0.0007931866993
239875	0.000701686163
239876	0.001901274671
239877	0.003111018795
239878	0.007109967002
239879	0.007646886519
239880	0.0008777366067
239881	0.005002511281
239882	0.0009974865404
239883	0.005382790529
239884	0.004298080293
239885	0.0140304539
239886	0.0004612278215
239887	0.003762216213
239888	0.007782002458
239889	0.000382096331
239890	0.002789302792
239891	0.006682941234
239892	0.01169649658
239893	0.002111265089
239894	0.01338770836
239895	0.002635288619
239896	0.001710493232
239897	0.001251200534
239898	0.002383114059
239899	0.005695122878
239900	0.005530581022
239901	0.007043531
239902	0.001624349573
239903	0.006550371646
239904	0.004380067904
239905	0.00224591489
239906	0.007976973415
239907	0.0002369402636
239908	0.002538957011
239909	0.0006846917053
239910	0.0007898133139
239911	1.747598525e-05
239912	0.002287564378
239913	0.002501375063
239914	0.01111924424
239915	0.0009428885573
239916	0.001952705392
239917	0.003449935616
239918	0.01192990909
239919	0.008322986725
239920	0.006367729748
239921	0.005948380306
239922	0.003248806597
239923	0.002563081427
239924	0.01700713398
239925	0.001412923405
239926	0.002760563412
239927	0.007825600993
239928	0.004530486739
239929	0.005324803847
239930	0.006293463327
239931	0.001033093402
239932	0.01050839472
239933	0.003599977127
239934	0.005431162543
239935	0.001120925314
239936	0.00529742208
239937	0.0007594723053
239938	0.0006611170189
239939	0.00786864825
239940	0.000469797711
239941	0.004875173227
239942	0.0006331478538
239943	0.004288271328
239944	0.000613973024
239945	0.001328630507
239946	0.002850078143
239947	0.005964416332
239948	0.002077558967
239949	0.0009935584483
239950	0.00335726686
239951	0.005509995789
239952	0.006093558748
239953	0.005161151184
239954	0.002445869714
239955	0.004123683375
239956	0.00131005622
239957	0.0007330050437
239958	0.0001587912795
239959	0.005510046326
239960	0.002177917386
239961	0.002771051689
239962	0.003169665077
239963	0.007054820965
239964	0.002467189714
239965	0.004985803624
239966	0.005264037358
239967	0.005092549047
239968	0.0006472039496
239969	0.001120700799
239970	0.007081697855
239971	0.001638799852
239972	0.009788791978
239973	0.001163178684
239974	0.008883067454
239975	0.008925191478
239976	0.01426062373
239977	0.004195175263
239978	0.0009344104091
239979	0.0004187289536
239980	0.009651513481
239981	0.007204586157
239982	0.001566886592
239983	0.004414879161
239984	0.0002327058274
239985	0.003674035124
239986	0.006859561128
239987	0.006825743213
239988	0.0007214078285
239989	0.005840507095
239990	0.004555292344
239991	0.002480742853
239992	0.003476244691
239993	0.002749914702
239994	0.001454019899
239995	0.007299474443
239996	0.0003280669275
239997	0.002749118901
239998	0.0008670698635
239999	0.001729371207
240000	0.001797416611
240001	0.001664692769
240002	0.0009466432998
240003	0.003795659428
240004	0.002473271523
240005	0.0002522982743
240006	0.0007467910093
240007	0.001896191772
240008	0.000947717193
240009	0.005336471692
240010	0.01052657276
240011	0.001990114671
240012	0.0003899465524
240013	0.0008736194034
240014	0.005947751209
240015	0.000574008313
240016	0.0005240638
240017	0.001359587341
240018	0.0003111686066
240019	0.003704468868
240020	0.001341105808
240021	0.0004909565634
240022	0.001042974763
240023	0.001076376106
240024	0.01160163338
240025	0.002462844988
240026	0.006351920411
240027	0.004866121985
240028	0.008795579308
240029	0.007192223037
240030	0.0009700264708
240031	0.001613400362
240032	0.002911308245
240033	0.0005318175223
240034	0.003347170245
240035	0.006114704487
240036	0.006115524554
240037	1.705581207e-08
240038	0.004525844996
240039	0.001898860298
240040	0.004019026591
240041	0.001731748439
240042	0.000105781832
240043	0.007011507421
240044	0.001984487771
240045	4.723226819e-07
240046	0.0006973164457
240047	0.001189530049
240048	0.0004303550677
240049	0.001000997836
240050	0.0002116738808
240051	0.0001901680785
240052	0.0006891646962
240053	0.000513441416
240054	0.000202791993
240055	0.003160785212
240056	0.004478301889
240057	0.005723107654
240058	0.001104011816
240059	0.0008588539849
240060	0.004980515384
240061	0.001152180575
240062	0.005419272737
240063	0.001693168111
240064	0.001461339249
240065	0.001697362793
240066	0.009044314117
240067	0.008324619992
240068	0.0068992286
240069	0.002392543446
240070	0.01212052056
240071	3.237953167e-05
240072	0.01123048116
240073	0.000595314781
240074	0.004798985157
240075	0.00308353027
240076	0.01408895962
240077	0.003242864539
240078	0.006415341171
240079	0.008145666405
240080	0.0008336418403
240081	0.0001758387258
240082	0.001838982138
240083	0.00533216287
240084	0.005513629732
240085	0.003638940072
240086	0.004323354843
240087	0.004069169639
240088	0.003997701234
240089	0.004978892095
240090	0.005113975959
240091	0.00510213235
240092	0.004619278549
240093	0.006093731928
240094	0.004920893617
240095	0.005249864148
240096	0.002343378448
240097	0.004769435646
240098	0.005445575933
240099	0.005081445881
240100	0.004986516024
240101	0.004973701048
240102	0.00466057341
240103	0.003510803798
240104	0.005348840458
240105	0.004693178593
240106	0.005386944993
240107	0.005583092529
240108	0.005711905297
240109	0.005111447487
240110	0.004688656683
240111	0.007251774868
240112	0.004897697522
240113	0.005297891289
240114	0.004817897619
240115	0.005078421871
240116	0.005777964651
240117	0.005200003966
240118	0.00520286754
240119	0.004389268543
240120	0.004546709833
240121	0.007008295435
240122	0.007316048208
240123	0.007004804019
240124	0.004895686731
240125	0.005216160166
240126	0.004392237456
240127	0.003045095051
240128	0.00865612194
240129	0.009469714131
240130	0.00855329396
240131	0.010262614
240132	0.01055589257
240133	0.008646794131
240134	0.008360919027
240135	0.00807722016
240136	0.008063019448
240137	0.008292490238
240138	0.005672481871
240139	0.008898373034
240140	0.007149446698
240141	0.007515131111
240142	0.008914565887
240143	0.008085206176
240144	0.008030428151
240145	0.008128123969
240146	0.006253727814
240147	0.007735117861
240148	0.0105972881
240149	0.007186875919
240150	0.007869076332
240151	0.005956519505
240152	0.007450400796
240153	0.009179483971
240154	0.008750858507
240155	0.008742455997
240156	0.008060288097
240157	0.00657940236
240158	0.007575840613
240159	0.007478957748
240160	0.008076156945
240161	0.006696338563
240162	0.007323662488
240163	0.007213763898
240164	0.007828155665
240165	0.0006996834919
240166	0.00176189816
240167	0.0002462758447
240168	0.001342686628
240169	0.00481043802
240170	0.00122987675
240171	9.126702507e-05
240172	0.002280456903
240173	0.0003656501026
240174	0.003205531764
240175	0.0009842822524
240176	0.001973713393
240177	7.77355638e-05
240178	0.008065207897
240179	0.0007095251042
240180	9.378981756e-05
240181	0.0005906645097
240182	0.0002641641234
240183	0.0004532165682
240184	0.0001428065424
240185	0.0004299226211
240186	0.002766094046
240187	0.003046641007
240188	0.001698998115
240189	0.0005347181147
240190	0.00116236215
240191	0.001418050118
240192	0.004223546223
240193	0.005472349289
240194	0.0006438911124
240195	0.0008830729831
240196	0.0002613885282
240197	0.003595844356
240198	0.0004164726046
240199	0.0009015827421
240200	0.0009285278346
240201	0.002902170153
240202	0.0001438760996
240203	0.0009172887538
240204	0.0006593573699
240205	0.0008783380733
240206	0.0007343317017
240207	0.002420769397
240208	0.009146855805
240209	0.001412793585
240210	0.001325401515
240211	0.001895439929
240212	0.0004401042287
240213	0.0004217179714
240214	0.006635219926
240215	0.006442996819
240216	0.005109654753
240217	0.005176044262
240218	0.006391371849
240219	0.006686009352
240220	0.004230323141
240221	0.002565173258
240222	0.001348228609
240223	0.0003019641531
240224	0.0006739872398
240225	0.0003354844858
240226	0.00357139034
240227	0.004695407213
240228	0.004150896695
240229	0.0006272866895
240230	0.0002030921533
240231	0.0001698357215
240232	0.003605290692
240233	0.003503120518
240234	0.002412841296
240235	0.003509975953
240236	0.003078250919
240237	0.0005472983486
240238	0.0006819050689
240239	0.001291990306
240240	0.001797778708
240241	0.0007290590904
240242	0.001153269164
240243	0.0001856589573
240244	0.002208324436
240245	0.001341564903
240246	0.003032907818
240247	0.002790978721
240248	0.0009398909211
240249	0.001733140153
240250	0.001172322412
240251	0.003019515345
240252	0.00153186292
240253	0.0006927526895
240254	0.001445090599
240255	0.002063859054
240256	0.0002447011833
240257	0.0004624209184
240258	0.00123896769
240259	0.000757010909
240260	0.001586922534
240261	0.002053730293
240262	0.0007901374716
240263	0.000758264524
240264	0.0001472762493
240265	0.0006236294008
240266	0.0009784199151
240267	0.0005923253462
240268	0.0006400037415
240269	0.0008221305187
240270	0.0004326185529
240271	8.852092163e-05
240272	0.0002618668363
240273	0.0009112280272
240274	0.003683502249
240275	0.004296936702
240276	0.001287747193
240277	0.001474874616
240278	0.001303372585
240279	0.004066938239
240280	0.003270080974
240281	0.003418497
240282	0.003400896048
240283	0.004846373928
240284	0.004844353584
240285	0.002038332232
240286	0.002845046784
240287	0.002962635335
240288	0.004589792506
240289	0.005000798498
240290	0.004629100671
240291	0.00233612064
240292	0.002144727263
240293	0.001954216636
240294	0.00411534866
240295	0.006241884189
240296	0.002512343691
240297	0.002000591571
240298	0.0009467089096
240299	0.002430368173
240300	0.006910521865
240301	0.003954275269
240302	0.001683801418
240303	0.004709693493
240304	0.004082148347
240305	0.004906357812
240306	9.043164073e-05
240307	0.001628349375
240308	0.0001988744123
240309	0.004455317428
240310	0.005995925248
240311	0.001549945252
240312	0.001927247385
240313	0.004753137157
240314	0.001712316713
240315	0.0006642575836
240316	0.0009113637886
240317	0.005500334591
240318	0.0002792311099
240319	0.001428854877
240320	0.003491870655
240321	0.0003336111598
240322	0.001263668435
240323	0.002572076488
240324	0.003505418202
240325	0.001714712528
240326	3.216877534e-05
240327	0.0003528028975
240328	0.000534330535
240329	0.001206387399
240330	0.00225938841
240331	0.001042485902
240332	0.00150459841
240333	0.001165548265
240334	0.001361575056
240335	0.0001974718343
240336	0.004251596027
240337	0.004323814638
240338	0.002812291713
240339	0.001166818844
240340	7.691949854e-05
240341	0.004898014047
240342	0.004308780804
240343	0.0002833513482
240344	0.002639405773
240345	0.003816500809
240346	0.0008345946804
240347	0.001537941057
240348	0.0002503287246
240349	0.002119643449
240350	0.001713026944
240351	0.002127939711
240352	0.003916766852
240353	0.003805472082
240354	0.0008644124191
240355	8.50000239e-05
240356	0.001037730097
240357	0.0006483878336
240358	0.0004365265743
240359	0.0008704469752
240360	0.001152407873
240361	0.001547273242
240362	0.0002853433601
240363	0.004277517195
240364	0.001861157001
240365	0.00583522528
240366	0.001602838553
240367	0.003291406785
240368	0.001055806976
240369	0.0003732301846
240370	0.002817843507
240371	0.002859791312
240372	0.00197288979
240373	0.001113538622
240374	0.001268111254
240375	0.001285490432
240376	0.000588270123
240377	0.001489023047
240378	0.0001090205824
240379	0.003255710052
240380	0.001193854405
240381	0.003121752466
240382	0.002022367698
240383	0.001059264655
240384	0.0009490444168
240385	0.003598875155
240386	0.003930622244
240387	0.002243167567
240388	0.002153287039
240389	0.004267172302
240390	0.0035656824
240391	0.0017418308
240392	0.0005550916752
240393	0.002795619334
240394	0.001552208931
240395	0.003539484217
240396	0.004973503184
240397	0.00206010179
240398	0.003699453152
240399	0.007264028076
240400	0.003225563097
240401	0.002304492194
240402	0.003800439189
240403	0.002595970675
240404	0.007049105586
240405	0.002300991904
240406	0.002660631341
240407	0.002312374623
240408	0.0002315578701
240409	0.0002618273636
240410	0.002413958141
240411	0.007496335778
240412	0.00712074074
240413	0.002387223041
240414	0.002738164278
240415	0.001633705327
240416	0.002953875887
240417	0.00348066384
240418	0.002104496248
240419	0.002835729552
240420	0.002677501973
240421	0.001063768088
240422	0.003632426024
240423	0.002964190027
240424	0.002817428713
240425	0.002692177308
240426	1.535479961e-05
240427	0.0001029337769
240428	0.01067086629
240429	0.004255175504
240430	0.002965462804
240431	0.00196025155
240432	0.0008334825084
240433	0.003251637072
240434	0.004089224797
240435	0.002852201368
240436	0.001211739253
240437	0.0008091867058
240438	0.001306800261
240439	0.001291599139
240440	0.001160956328
240441	0.001361755783
240442	0.001074049
240443	0.0007609483819
240444	0.0002447511879
240445	0.001069828619
240446	0.0009389146738
240447	0.001274464851
240448	0.0009449092445
240449	0.0009704412668
240450	0.001054813521
240451	0.0008527995715
240452	0.0008029834705
240453	0.001183118609
240454	0.0002628023961
240455	0.0003490307731
240456	9.504825399e-05
240457	0.001243061108
240458	0.001335483093
240459	0.001377558568
240460	0.001111688543
240461	0.001095564439
240462	0.0005719565288
240463	0.00110131761
240464	0.0005501912942
240465	0.0008648620186
240466	0.001171453873
240467	0.001295248489
240468	0.0005432540724
240469	0.00098936223
240470	0.001248718759
240471	0.001158745797
240472	0.00113944366
240473	0.001205126292
240474	0.001105972862
240475	0.0007955724478
240476	1.48177509e-05
240477	0.00138497233
240478	0.0005747903929
240479	0.002705738823
240480	0.002998920244
240481	0.0009174765304
240482	0.0001551538252
240483	0.002336739823
240484	0.0008280271824
240485	0.002522990345
240486	0.0005331204213
240487	6.96073348e-05
240488	0.000647515639
240489	0.0001935603508
240490	0.0008233554428
240491	0.0009642892436
240492	0.002656322321
240493	0.001416607696
240494	0.001307589191
240495	0.0004467218888
240496	0.002499703291
240497	0.0001009449577
240498	0.0005040738065
240499	0.002102979776
240500	0.001389527928
240501	0.0003090741066
240502	0.0002652426458
240503	0.0006894328831
240504	0.0002763291524
240505	0.0009282589424
240506	0.003019828074
240507	0.0003938899903
240508	0.002710607414
240509	0.00242548362
240510	0.0005852290725
240511	0.002456250797
240512	0.007648281203
240513	0.005505914121
240514	0.006941008724
240515	0.01008916142
240516	0.00692950024
240517	0.008200836884
240518	0.005985394852
240519	0.007500964445
240520	0.008456563372
240521	0.007629782201
240522	0.001949967762
240523	0.007105305133
240524	0.002521963246
240525	0.007497405359
240526	0.007665174254
240527	0.005836494689
240528	0.0113636077
240529	0.006503514986
240530	0.006425452044
240531	0.006901824527
240532	0.006075809196
240533	0.007648821167
240534	0.007070033048
240535	0.00776933031
240536	0.007891224348
240537	0.006421421918
240538	0.007022313261
240539	0.009346542914
240540	0.007949265212
240541	0.009634449526
240542	0.005292316362
240543	0.006602040929
240544	0.005670971832
240545	0.005074090458
240546	0.007162240842
240547	0.007406821299
240548	0.007356680136
240549	0.009213828261
240550	0.008946152704
240551	0.002547549074
240552	0.005981997894
240553	0.005936404957
240554	0.004686489027
240555	0.005340165369
240556	0.004829380572
240557	0.006087032139
240558	0.006753266117
240559	0.003842827385
240560	0.003740074966
240561	0.002917676203
240562	0.005833121347
240563	0.004858595339
240564	0.007007645308
240565	0.005919112282
240566	0.005434272883
240567	0.005158377565
240568	0.00540809277
240569	0.005923403527
240570	0.004172730182
240571	0.005185174459
240572	0.004736049788
240573	0.005852050717
240574	0.004203358377
240575	0.006501923593
240576	0.002115311752
240577	0.005512648718
240578	0.005252695889
240579	0.005772961494
240580	0.004512811983
240581	0.004853720221
240582	0.0007113506201
240583	0.003159912272
240584	0.003235575302
240585	0.005146502672
240586	0.006244019403
240587	0.005546466829
240588	0.005366555427
240589	0.006011689862
240590	0.005875904973
240591	0.00561392025
240592	0.005526427769
240593	0.005794582812
240594	0.007123755534
240595	0.005365007914
240596	0.004480241047
240597	0.005304354874
240598	2.379587524e-05
240599	0.005143914172
240600	0.006969196308
240601	0.007472512455
240602	0.004023760551
240603	0.004194519499
240604	0.005872708334
240605	0.004427403096
240606	0.00502006682
240607	0.004487638234
240608	0.004758611133
240609	0.004047293507
240610	0.0001548214156
240611	0.007288053379
240612	0.004337187967
240613	0.005667611768
240614	0.004815157012
240615	0.003451360418
240616	0.004508115971
240617	0.005440514394
240618	0.004029062952
240619	0.004282113974
240620	0.00450368576
240621	0.00353431216
240622	0.004925017399
240623	0.004531683311
240624	0.001099088692
240625	0.001256833089
240626	0.006072212445
240627	0.002451234952
240628	0.001865631848
240629	0.00292494046
240630	0.003361044386
240631	0.000917868085
240632	0.001224092449
240633	0.002222464738
240634	0.008444020612
240635	0.001074050261
240636	0.003841198365
240637	0.004505665344
240638	0.002774077314
240639	0.0009929563257
240640	0.00102820603
240641	0.002065374847
240642	0.002822697151
240643	0.002312005446
240644	0.001994828651
240645	0.003096918113
240646	0.004945821724
240647	0.001515374417
240648	0.000904566069
240649	0.006651289189
240650	6.006295934e-05
240651	0.0003558820894
240652	0.001409183019
240653	0.004845198901
240654	0.0006994720743
240655	0.0005272152903
240656	0.001275362787
240657	0.002385447623
240658	3.614558405e-05
240659	0.0001693181389
240660	0.001350963836
240661	0.002912410731
240662	0.005812899777
240663	0.0007585362054
240664	0.001885981403
240665	0.001264707606
240666	0.0009254093246
240667	0.001031286729
240668	0.0007511593364
240669	0.0005656290529
240670	0.003072378789
240671	0.001663534247
240672	0.0006591557584
240673	0.0004265008363
240674	0.003472737842
240675	0.001405704312
240676	0.007554233604
240677	0.007541917837
240678	0.00701986359
240679	0.007607260735
240680	0.009079351781
240681	0.005943929385
240682	0.007559311553
240683	0.008422594994
240684	0.007176425393
240685	0.004430764116
240686	0.007553499377
240687	0.008204378829
240688	0.005544309768
240689	0.0034954005
240690	0.01373323452
240691	0.008789585371
240692	0.007564346638
240693	0.00973236325
240694	0.009445973673
240695	0.008023868334
240696	0.008555003056
240697	0.004406839363
240698	0.004356171312
240699	0.005238593258
240700	0.008375866765
240701	0.008605310391
240702	0.007119548025
240703	0.007464778142
240704	0.006615679479
240705	0.008054140777
240706	0.008302242648
240707	0.001685773017
240708	0.004343218317
240709	0.01172304834
240710	0.01009871168
240711	0.00883292887
240712	0.006959527872
240713	0.0151336159
240714	0.008141652072
240715	0.01071714171
240716	0.01012211477
240717	0.008338832749
240718	0.00768852073
240719	0.007167416841
240720	0.01117863172
240721	0.007479221985
240722	0.006217648845
240723	0.003040970045
240724	0.0035082047
240725	0.007858363745
240726	0.008301555425
240727	0.006385678803
240728	0.007749503949
240729	0.007256737871
240730	0.004838366729
240731	0.008363012114
240732	0.007183664627
240733	0.009255882716
240734	0.001623218021
240735	0.003098986809
240736	0.003423685785
240737	0.003958604655
240738	0.003704701704
240739	0.001626484783
240740	0.001797605244
240741	0.003102827897
240742	0.009611569532
240743	0.001547382419
240744	0.002891326381
240745	0.002752024704
240746	0.001843947468
240747	0.0001968135576
240748	0.00317269435
240749	0.003005716982
240750	0.003615749188
240751	0.001151848137
240752	0.003321145993
240753	0.0002038876566
240754	0.0006679379071
240755	0.0009962126256
240756	0.0004609709172
240757	0.0004575823851
240758	0.003393427452
240759	0.0002252822431
240760	0.004105637231
240761	0.0003487804136
240762	0.0006088876489
240763	0.0009378554831
240764	0.001126974275
240765	0.0003776968779
240766	0.001063612932
240767	0.00112260323
240768	3.143662935e-05
240769	3.990988478e-05
240770	0.0004146231063
240771	0.001043379198
240772	0.0003626638745
240773	0.003219282681
240774	0.001889676746
240775	0.0005875814076
240776	0.006820605915
240777	0.000425489665
240778	0.005350747036
240779	0.005845357281
240780	0.006123494489
240781	0.005769700154
240782	0.004801855277
240783	0.006931417188
240784	0.007045485068
240785	0.006176285217
240786	0.00834837421
240787	0.006190907887
240788	0.005629500761
240789	0.005956943123
240790	0.006636230185
240791	0.006950896081
240792	0.002905977015
240793	0.00495762425
240794	0.005866574946
240795	0.00456380277
240796	0.005835374704
240797	0.006953211983
240798	0.006952308434
240799	0.006331246315
240800	0.005321371289
240801	0.006879086255
240802	0.006041976812
240803	0.004392863303
240804	0.003564077698
240805	0.004672887528
240806	0.004463144768
240807	0.003599726304
240808	0.003974008676
240809	0.003931738886
240810	0.004292270675
240811	0.00403204099
240812	0.003534184365
240813	0.003690833566
240814	0.003479290233
240815	0.002428234224
240816	0.004039478324
240817	0.003792713956
240818	0.003813076577
240819	0.003611160905
240820	0.004550532092
240821	0.004572947186
240822	0.003495628042
240823	0.004545907639
240824	0.004423930524
240825	0.003808847062
240826	0.003801409797
240827	0.004088223638
240828	0.004030988405
240829	0.002920126967
240830	0.00528604911
240831	0.003806057464
240832	0.003835967862
240833	0.003528561009
240834	0.002348090694
240835	0.003895038534
240836	0.004112972184
240837	0.004409213522
240838	0.003393404432
240839	0.004289257326
240840	0.004151706092
240841	0.005082392149
240842	0.005877658581
240843	0.005904453486
240844	0.004096522991
240845	0.003992465867
240846	0.006009164855
240847	0.001927989422
240848	0.001196045543
240849	0.004536854814
240850	0.005470073163
240851	0.005502911506
240852	0.00551211808
240853	0.00302922205
240854	0.005305124998
240855	0.006439232752
240856	0.005266587776
240857	0.002870244217
240858	0.001135878101
240859	0.005708909351
240860	0.004510694769
240861	0.003781757068
240862	0.003389647425
240863	0.005619934254
240864	0.0042008468
240865	0.0005198152274
240866	0.002163977216
240867	0.003933943846
240868	0.004966455255
240869	0.005188490638
240870	0.005070731807
240871	0.005022714268
240872	0.006774832509
240873	0.008618877486
240874	0.005561538396
240875	0.005023385561
240876	0.001567556755
240877	0.00461257156
240878	0.001378325807
240879	0.001749018309
240880	0.0004686859606
240881	0.001073941496
240882	0.004680590996
240883	0.004770053467
240884	0.0001366410377
240885	0.002729652873
240886	0.003683546497
240887	8.433220827e-06
240888	0.001935748216
240889	0.003359439564
240890	0.001472728644
240891	0.004145136993
240892	0.003847536543
240893	0.003700154784
240894	0.00128018616
240895	0.0003984209812
240896	0.003500642537
240897	0.001383978443
240898	0.002819828087
240899	0.000490062089
240900	0.002179662094
240901	0.004664529698
240902	0.0004232753851
240903	0.00200123523
240904	0.003534049735
240905	0.001127795221
240906	0.001014507577
240907	0.001260827136
240908	0.003933731255
240909	0.001484637885
240910	0.0007995306495
240911	0.0002132399359
240912	0.000331241772
240913	0.004963089125
240914	0.001279854161
240915	0.004053299462
240916	0.004060776134
240917	0.003772054033
240918	0.00419971708
240919	0.004178536547
240920	0.002933088604
240921	0.002549367102
240922	0.006219275654
240923	0.002555385412
240924	0.003317081719
240925	0.00592958948
240926	0.002951401767
240927	0.002938930293
240928	0.003568336618
240929	0.003424437392
240930	0.001954435157
240931	0.003317804664
240932	0.002688284323
240933	0.003874360777
240934	0.003568407179
240935	0.003557898016
240936	0.003845143504
240937	0.002538894202
240938	0.004454685059
240939	0.004154541581
240940	0.003260838095
240941	0.004649804072
240942	0.00299786783
240943	0.003316987698
240944	0.001797240187
240945	0.00185608911
240946	0.002972696375
240947	0.003265063357
240948	0.003659078422
240949	0.003933202884
240950	0.004356658561
240951	0.003049492099
240952	0.003594747065
240953	0.00105594744
240954	0.003827478281
240955	0.002680775704
240956	0.005662573802
240957	0.006132061822
240958	0.003091060346
240959	0.005193250592
240960	0.003396966171
240961	0.005131624958
240962	0.003601753363
240963	0.001412015422
240964	0.003726600847
240965	0.003487923457
240966	0.004055448641
240967	0.004005188321
240968	0.003658065584
240969	0.003969267058
240970	0.0008808554959
240971	0.001841910254
240972	0.00300365689
240973	0.0005762031346
240974	0.002458164491
240975	0.002738938699
240976	0.005692007314
240977	0.003364030792
240978	0.002502611471
240979	0.002382008501
240980	0.002296391294
240981	0.001068344162
240982	0.0001533658851
240983	0.003060630527
240984	0.002876387671
240985	0.003230208877
240986	0.002640508817
240987	0.004808034025
240988	0.002472750028
240989	0.002644244384
240990	0.004931062023
240991	0.003022389687
240992	0.0004496847771
240993	0.005258241302
240994	0.00356966675
240995	0.002749435936
240996	0.002787741465
240997	0.002746720943
240998	0.006028734146
240999	0.004683237916
241000	0.005556207533
241001	0.006229684903
241002	0.004396320638
241003	0.002345248111
241004	0.002479452624
241005	0.003063361426
241006	0.00282165784
241007	0.002636985898
241008	0.002461116266
241009	0.001089047219
241010	0.0001887515416
241011	0.001930551593
241012	0.0007397537965
241013	0.0004848625361
241014	0.001695431549
241015	0.0001088741574
241016	0.0003370711482
241017	0.00160395834
241018	0.0005059016441
241019	6.52478596e-05
241020	0.0001622804669
241021	0.0003834233673
241022	0.000131212635
241023	0.0002356421252
241024	0.0005244212097
241025	0.00124034963
241026	0.0007474084548
241027	0.0007946437453
241028	6.304210255e-05
241029	0.0009140135248
241030	6.145598727e-05
241031	0.002306202635
241032	0.001994943608
241033	4.150156437e-05
241034	0.000425572297
241035	0.0004111767123
241036	0.005204616994
241037	0.005406159416
241038	0.005267296865
241039	0.003772710184
241040	0.002912689976
241041	0.004910842205
241042	0.005341153572
241043	7.260357723e-05
241044	0.005121407322
241045	0.005275502098
241046	0.005404902122
241047	0.005488125068
241048	0.003149732279
241049	0.00352889924
241050	7.074512361e-05
241051	0.0002797911721
241052	0.006293191732
241053	0.005161225128
241054	0.004899880334
241055	0.005441395189
241056	0.005167414229
241057	0.005346095997
241058	0.004989321929
241059	0.0006425600078
241060	0.001047365684
241061	0.002606744098
241062	0.004731981577
241063	0.004978304614
241064	0.005142082223
241065	0.006262842407
241066	0.005427435427
241067	0.005212145692
241068	0.001391319728
241069	0.005316755462
241070	0.0005038888004
241071	6.406849822e-05
241072	0.0006974775236
241073	0.0009093488102
241074	0.0006978645516
241075	0.0001684091022
241076	0.0005620624168
241077	0.0003362238456
241078	0.001829482094
241079	0.0004868184221
241080	0.0004655013955
241081	0.0004145342465
241082	0.0005741199958
241083	0.0004126742856
241084	0.0005437035976
241085	0.0006241076058
241086	0.0003307767148
241087	0.0001038193405
241088	0.0004559296025
241089	0.0003615221758
241090	0.0005251167889
241091	0.002110328802
241092	0.001152640192
241093	0.002276214714
241094	0.001912240974
241095	0.002159433728
241096	0.001957322493
241097	0.002293633328
241098	0.002242223045
241099	0.002187708865
241100	0.00273518127
241101	0.002531568764
241102	0.002301646277
241103	0.002068480929
241104	0.00182683306
241105	0.002556711263
241106	0.002385809597
241107	0.001885157632
241108	0.0001516710466
241109	0.002300121078
241110	0.002620913519
241111	0.002204344721
241112	0.002351902438
241113	0.002101983957
241114	0.002145381688
241115	0.002161129911
241116	0.001902113536
241117	0.001551204336
241118	0.003014734627
241119	0.001833426965
241120	0.002490086863
241121	0.002058882261
241122	0.002117375103
241123	0.0004627870763
241124	0.001351363158
241125	0.001021310738
241126	0.001638868723
241127	0.002007936126
241128	0.002165204187
241129	0.001957118425
241130	0.002612132091
241131	0.002041418075
241132	0.002386651216
241133	0.0001764564705
241134	0.004114771588
241135	0.002523635009
241136	0.002149897422
241137	0.002352395081
241138	0.001827132762
241139	0.0001934050862
241140	0.002018372913
241141	0.002672773786
241142	0.002637526249
241143	0.002475173436
241144	0.002127541441
241145	0.002107958869
241146	0.002502149288
241147	0.002646027159
241148	0.002621579743
241149	0.002207613854
241150	0.001997318005
241151	0.004318741094
241152	0.0006892249663
241153	0.004548388688
241154	0.005316362548
241155	0.004926205711
241156	0.004459581219
241157	0.00355844401
241158	0.003584432791
241159	0.004171200339
241160	0.003846125308
241161	0.003816114719
241162	0.004488888304
241163	0.004547405368
241164	0.005321090999
241165	0.001349634663
241166	0.00454494063
241167	0.004253146156
241168	0.003826859562
241169	0.003949319234
241170	0.004128754754
241171	0.004654813718
241172	0.004783107565
241173	0.005990952803
241174	0.004646579707
241175	0.004480759412
241176	0.005055597128
241177	0.0052453685
241178	0.004509857824
241179	0.002059226417
241180	0.006567494922
241181	0.004727173433
241182	0.006211326983
241183	0.002367161425
241184	0.005324917449
241185	0.005502769507
241186	0.004884527866
241187	0.002844056447
241188	0.00501204108
241189	0.003244423324
241190	0.0008151294867
241191	0.005008804488
241192	0.004648097684
241193	1.060241723e-05
241194	0.002437460593
241195	0.00216270024
241196	0.002431829648
241197	0.002600173109
241198	0.002354262817
241199	0.002439625881
241200	0.002387101738
241201	0.002027362363
241202	0.002496652609
241203	0.001663793927
241204	0.0017369431
241205	0.001665748444
241206	0.00157749365
241207	0.001758866958
241208	0.002386148992
241209	0.002173437912
241210	0.001686480926
241211	0.002149305261
241212	0.001930893803
241213	0.00153254335
241214	0.001737717479
241215	0.001583638424
241216	0.002501056657
241217	0.002622220257
241218	0.001877913836
241219	0.003455716602
241220	0.002587528428
241221	0.004620844827
241222	8.271053943e-05
241223	0.00256081785
241224	0.004226625457
241225	0.001324999304
241226	0.0005638956931
241227	6.269483584e-05
241228	0.000364539376
241229	0.003106503952
241230	0.001475724534
241231	0.0007580664046
241232	0.003353648224
241233	0.009979414574
241234	0.00227390943
241235	0.003533354821
241236	0.004557710035
241237	0.002247648439
241238	0.004794452287
241239	0.003703819645
241240	0.003429363404
241241	0.002231302497
241242	0.002410327052
241243	0.002832739114
241244	0.002391208787
241245	0.003206195716
241246	0.0009331330407
241247	0.003516331602
241248	0.003844657572
241249	0.003311399902
241250	0.002930017491
241251	0.003477112261
241252	0.000779746402
241253	0.003652335897
241254	0.00287270757
241255	0.003736327602
241256	0.002627563997
241257	0.004854026839
241258	0.003687956356
241259	0.003648547727
241260	0.003567843437
241261	0.003954017873
241262	0.004191606198
241263	0.003695238269
241264	0.0006985644944
241265	0.0007049671926
241266	0.00376630707
241267	0.003380672185
241268	0.003567126423
241269	0.004313323754
241270	0.0004124650796
241271	0.001483369119
241272	0.003490441044
241273	0.003974899902
241274	0.005724376245
241275	0.001816241101
241276	0.001430945785
241277	0.004745787276
241278	0.001243826935
241279	0.004133031996
241280	0.004296038154
241281	0.004382208954
241282	0.002504286325
241283	0.003785483057
241284	0.003269597108
241285	0.004603838955
241286	0.003494061068
241287	0.00747060874
241288	4.023747774e-05
241289	0.003293683711
241290	0.003316052917
241291	0.002779251448
241292	0.002961387841
241293	0.001825655149
241294	0.001139463327
241295	0.001174185658
241296	0.001034768219
241297	0.0009717466166
241298	0.000652490791
241299	0.0009759034977
241300	0.0007658125755
241301	0.0007808561433
241302	0.0009278425439
241303	0.001047546929
241304	0.0008226439004
241305	0.001083271895
241306	0.001119943534
241307	0.0009549809981
241308	0.001150213144
241309	0.001141889898
241310	0.00111340179
241311	0.001146235495
241312	0.001078580421
241313	0.001069257811
241314	0.0009974524955
241315	0.001033221405
241316	0.001146969134
241317	0.002200377179
241318	0.003186679209
241319	0.002302081308
241320	0.001715743296
241321	0.001320332518
241322	0.002356089941
241323	0.005779080799
241324	0.005753593013
241325	0.002158877845
241326	0.006964471583
241327	0.006884740528
241328	0.005909147243
241329	0.006247814185
241330	0.00167578263
241331	0.007899176676
241332	0.007900908807
241333	0.009771946558
241334	0.005010305482
241335	0.004776686548
241336	0.008582647323
241337	0.005831219929
241338	0.00257322813
241339	0.004567765235
241340	0.003451542073
241341	0.001905941263
241342	0.0006904364285
241343	0.003524896097
241344	0.0003051025648
241345	0.002550302159
241346	0.0007176945745
241347	0.0003621638915
241348	0.0008514534702
241349	0.001486605374
241350	0.001714126308
241351	0.002959071666
241352	0.003647927114
241353	0.002809619319
241354	0.005201914113
241355	0.0005225386563
241356	0.002126149815
241357	0.002445034061
241358	0.0003538885787
241359	0.001816149215
241360	1.268240284e-05
241361	0.006409789824
241362	0.002603028271
241363	0.003278756685
241364	0.00499547985
241365	0.002345950398
241366	0.003516405526
241367	0.006226821209
241368	0.009851801321
241369	0.003111525095
241370	0.004767659811
241371	0.003214024201
241372	0.002905959395
241373	0.001773487977
241374	0.0003502800476
241375	0.002188369796
241376	0.002467166335
241377	0.004716390068
241378	0.0006583970958
241379	0.00698023885
241380	0.002511658574
241381	0.001814667348
241382	0.004515165477
241383	0.002709955765
241384	0.002457533522
241385	0.0006321156944
241386	0.0005424039106
241387	0.005581215514
241388	0.0005089468749
241389	0.001897414361
241390	0.005596760616
241391	0.0007427631384
241392	0.001018604531
241393	0.0002471172912
241394	0.001084673549
241395	0.006747695702
241396	0.004298529698
241397	0.001400272075
241398	0.001595278664
241399	0.0003188549588
241400	0.0004321934723
241401	0.002378839257
241402	0.0009906161883
241403	0.002276177163
241404	0.001335333807
241405	0.001740767452
241406	0.00394403866
241407	0.002216686331
241408	0.0006915335706
241409	0.001752563351
241410	0.003694104935
241411	0.002952817249
241412	0.003857925298
241413	0.00268068899
241414	0.005488280542
241415	0.003827606749
241416	0.003901002208
241417	0.003842509924
241418	0.001600056896
241419	0.003280639224
241420	0.003546091489
241421	0.003791655036
241422	0.004186965868
241423	0.00510884629
241424	0.001070420473
241425	0.003409343061
241426	0.0004042649418
241427	0.0004099235819
241428	0.00307352237
241429	0.00362361036
241430	0.003313839928
241431	0.005207564812
241432	0.003578415287
241433	0.003787632009
241434	0.003435793906
241435	0.003379471423
241436	0.004221544888
241437	0.0008217744823
241438	0.002765694672
241439	0.0006948273668
241440	0.004013450216
241441	0.001319301379
241442	0.008762484771
241443	0.006126321852
241444	0.0007904489046
241445	0.007260674485
241446	0.003874917168
241447	0.003440260289
241448	0.001759584145
241449	0.004361348747
241450	0.00942623009
241451	0.004008183524
241452	0.004864342696
241453	0.004279347615
241454	0.004341234872
241455	0.002805262335
241456	0.006993152757
241457	0.006003610238
241458	0.001936466356
241459	0.005054493846
241460	0.004888052867
241461	5.285752781e-05
241462	0.003566567645
241463	0.00500004165
241464	0.003783380487
241465	0.003859302755
241466	0.00468350539
241467	0.003428468792
241468	0.0003310029732
241469	0.004278919799
241470	0.003480980618
241471	0.004262294689
241472	0.003919892831
241473	0.004458415593
241474	0.00549352601
241475	0.001567200384
241476	0.005074316406
241477	0.00322248457
241478	0.001706954352
241479	0.004081355857
241480	0.0008112293401
241481	0.004749127955
241482	0.002977726925
241483	0.001730990509
241484	0.001500441531
241485	0.002273878887
241486	0.004034085151
241487	0.00381099557
241488	0.006001186268
241489	0.005045454787
241490	0.005425381481
241491	0.01111684224
241492	0.002654348079
241493	0.002250455572
241494	0.004905618144
241495	0.00282177224
241496	0.001233239099
241497	0.001062787188
241498	0.0002819627795
241499	0.0004045411868
241500	0.0004835732654
241501	0.006024432679
241502	0.001365882142
241503	0.002131377928
241504	0.001637032466
241505	0.0005115085881
241506	0.003205869863
241507	0.0002041904643
241508	0.003917937051
241509	0.002806453
241510	0.0005069812061
241511	0.003275296119
241512	0.002726242003
241513	0.002760987137
241514	0.00358096734
241515	0.003925058706
241516	0.00483884058
241517	0.002879277786
241518	0.004018281818
241519	0.0003677818608
241520	0.0002485567717
241521	0.002758940989
241522	0.001647178095
241523	0.0003922197077
241524	0.002527566146
241525	0.004672667524
241526	0.003009984207
241527	0.002387063997
241528	0.0004773373331
241529	0.001183772946
241530	0.002241828976
241531	0.002114284601
241532	0.002276729604
241533	0.002991309763
241534	0.001098191613
241535	0.0006985359678
241536	0.001160039034
241537	0.0008125231003
241538	0.001537074244
241539	0.002033209094
241540	0.002759850427
241541	0.007426992567
241542	0.0001590269805
241543	0.0009547259964
241544	0.001978474547
241545	0.002621184618
241546	0.002735206907
241547	0.003796248258
241548	0.004185930514
241549	0.001666630213
241550	0.01239313823
241551	0.001475017003
241552	4.910994816e-05
241553	0.003361836709
241554	0.003949870943
241555	0.005379206173
241556	0.0001230782796
241557	0.001637470875
241558	5.956170827e-05
241559	0.005695540022
241560	0.003583659933
241561	0.0003629451534
241562	0.0009544260118
241563	0.001847152799
241564	0.0006080023119
241565	0.0003819273234
241566	0.003348649503
241567	0.003419781727
241568	0.002142577914
241569	0.001317829283
241570	0.0005363872024
241571	0.001212951146
241572	0.002072203816
241573	0.001037906203
241574	0.001307015177
241575	0.006359597447
241576	0.004521438685
241577	0.002722558169
241578	0.001665334582
241579	0.005008930872
241580	0.002012495311
241581	0.000792499106
241582	0.006090494998
241583	0.0006883365433
241584	9.415226786e-06
241585	0.0006970741678
241586	0.004531366177
241587	0.004646017238
241588	0.002750164375
241589	0.002485640172
241590	7.268126166e-05
241591	0.0002925779453
241592	0.001817992901
241593	0.0001745658191
241594	0.004080918261
241595	0.007810800518
241596	0.001000431013
241597	0.0003290005082
241598	0.00202996952
241599	0.0003511583341
241600	2.520491573e-05
241601	0.001801231918
241602	0.001489102531
241603	0.002811174902
241604	0.001294621252
241605	0.001793196191
241606	0.00290112232
241607	0.001727388176
241608	0.0007032503437
241609	0.001157511344
241610	0.001470854231
241611	0.001982299718
241612	0.003161356402
241613	0.00292255707
241614	0.0023154744
241615	2.195549303e-05
241616	0.0005804660645
241617	0.001669132892
241618	0.0018479446
241619	0.003199335047
241620	0.001016505026
241621	0.004745151883
241622	0.001981598457
241623	0.003030791535
241624	0.002700639866
241625	0.002980930827
241626	0.002297989494
241627	0.002752809279
241628	0.00338584684
241629	0.005974243592
241630	0.0004695811256
241631	0.0007996650939
241632	0.001440853773
241633	0.003967836418
241634	0.01303409597
241635	0.0007397788914
241636	0.002265557154
241637	0.002306410711
241638	0.001943258559
241639	0.002467536774
241640	0.003058674516
241641	0.002317375801
241642	0.001281307643
241643	0.001939600718
241644	0.002092728822
241645	0.002728616607
241646	0.003875482452
241647	0.002562502243
241648	0.0001170909615
241649	0.005436115862
241650	0.004117693056
241651	0.002106456178
241652	0.00040219525
241653	0.002011620776
241654	0.002345154086
241655	0.007244875644
241656	0.0059406438
241657	0.0001408183125
241658	0.0002416712589
241659	0.00930286289
241660	0.008874276119
241661	0.009252084299
241662	0.005218726597
241663	0.01001139357
241664	0.01028215652
241665	0.00157334838
241666	0.009140424317
241667	0.008495663807
241668	0.008591100411
241669	0.006517481174
241670	0.006694061637
241671	0.004858648607
241672	0.004106660901
241673	0.01056049498
241674	0.009442854473
241675	0.005354038685
241676	0.003879173428
241677	0.00930643482
241678	0.003595502103
241679	0.009652432732
241680	0.009262926282
241681	0.00306124532
241682	0.008000029262
241683	0.008058847511
241684	0.01060289631
241685	0.006401846127
241686	0.007696414392
241687	0.01031465658
241688	0.01027427217
241689	0.007966601734
241690	0.008271030218
241691	0.01041753473
241692	0.01051584139
241693	0.00947391342
241694	0.007182851405
241695	0.003989534134
241696	0.005063433321
241697	0.01029781941
241698	0.003627560584
241699	0.009741014488
241700	0.009711574776
241701	0.009887619639
241702	0.002308824439
241703	0.009220657475
241704	0.009715219783
241705	0.01007369208
241706	0.00811299533
241707	0.01268467638
241708	0.00692864178
241709	0.008550510712
241710	0.009236159952
241711	0.006718096251
241712	0.007396804034
241713	0.002658115779
241714	0.003540754505
241715	0.002605752315
241716	0.001748672016
241717	0.003971114983
241718	0.007245935741
241719	0.001352977281
241720	0.003831178032
241721	0.003928882901
241722	0.00455205657
241723	0.001428565067
241724	0.0002852094805
241725	0.00260101963
241726	0.002328973647
241727	0.001913438137
241728	0.004402113434
241729	0.004248648266
241730	0.003781597108
241731	0.00299218705
241732	0.0004159628984
241733	0.0001993329094
241734	0.0005425098977
241735	0.0005261273117
241736	0.0002784958497
241737	0.0007482967837
241738	0.0001150564339
241739	0.0002864434283
241740	0.0006095989007
241741	0.0005766795874
241742	0.0005506893834
241743	0.0004514014726
241744	0.0004167511217
241745	0.000375828116
241746	0.0001347664652
241747	0.0003904656676
241748	0.0005767714933
241749	0.0005010969504
241750	0.0005636347626
241751	0.0005144298297
241752	0.0003569620394
241753	0.001285492943
241754	0.001228117221
241755	0.001894027553
241756	0.005057337587
241757	0.00117937195
241758	0.0009727144854
241759	0.001431174124
241760	0.00163969819
241761	0.001922629568
241762	0.00262080616
241763	0.001527667853
241764	0.0009563718414
241765	0.003026045588
241766	0.0003468478505
241767	0.005443951257
241768	0.003569816128
241769	0.001307796032
241770	0.0007345431779
241771	0.00322437055
241772	0.002214104855
241773	0.002017314862
241774	0.007032290878
241775	0.001179843391
241776	0.005155400814
241777	0.002922472726
241778	0.001205485805
241779	0.003836193094
241780	0.001356230886
241781	0.002213548188
241782	0.002851859204
241783	0.0008810251885
241784	0.01086293881
241785	0.004248818951
241786	0.003949772464
241787	0.002918756553
241788	0.002314015727
241789	0.00113508448
241790	0.001847816784
241791	0.002289431278
241792	0.001992792879
241793	0.002018738895
241794	0.00447275113
241795	0.002324272483
241796	0.00232840642
241797	0.003264867459
241798	0.002279838031
241799	0.002677681899
241800	0.001776679015
241801	0.003815961334
241802	0.002741542818
241803	0.001823038978
241804	0.004587406285
241805	0.006412106722
241806	0.005382966548
241807	0.00712212594
241808	0.00649283464
241809	0.004434020366
241810	0.003608253356
241811	0.007591119902
241812	0.00580519139
241813	0.004213582896
241814	0.001333171194
241815	0.0034810261
241816	0.01032603905
241817	0.007335097215
241818	0.006545232232
241819	0.006896560341
241820	0.006929013448
241821	0.006243087946
241822	0.007245538372
241823	0.01033008094
241824	0.00505419249
241825	0.007746331547
241826	0.006987773278
241827	0.007316017356
241828	0.00752390492
241829	0.007257941879
241830	0.006446119313
241831	0.003889845344
241832	0.003655616884
241833	0.003768243986
241834	0.004087623
241835	0.004185255936
241836	0.001941864113
241837	0.008837279473
241838	0.007385798363
241839	0.006046335712
241840	0.006050800049
241841	0.007336932429
241842	0.007310328412
241843	0.005191073248
241844	0.000645963778
241845	0.001158291166
241846	6.214395617e-05
241847	0.0003745257997
241848	0.001317810514
241849	0.0005163295729
241850	0.002594957321
241851	0.001761000226
241852	0.0004825643028
241853	0.003387678434
241854	0.0001614775878
241855	0.003032381058
241856	0.00232628458
241857	0.002229074695
241858	0.005984390581
241859	0.001801452183
241860	0.002029941685
241861	0.001284377506
241862	0.001192157089
241863	0.002745614852
241864	0.0005143952002
241865	0.0003517950461
241866	0.0002512486613
241867	0.001563558039
241868	0.003756777984
241869	0.001093006837
241870	0.001255425513
241871	0.0009670651562
241872	0.0001439272495
241873	0.00030453696
241874	0.0003771613687
241875	0.0004009595576
241876	0.001168595326
241877	0.0005378007111
241878	0.001164231896
241879	0.001944462356
241880	0.001550769242
241881	0.00245091847
241882	0.001449296011
241883	0.004040856264
241884	0.005441162573
241885	0.006418050005
241886	0.003226309251
241887	0.001702175054
241888	0.001309260558
241889	0.006539653114
241890	0.001629885377
241891	0.001853819115
241892	0.004069890912
241893	0.003269038604
241894	0.003843507739
241895	0.001389062162
241896	0.0009411186737
241897	0.001409690653
241898	0.001137003866
241899	0.0005742083166
241900	0.000967137921
241901	0.001738891135
241902	0.002179544004
241903	0.00280955299
241904	0.005771913503
241905	0.00183738421
241906	0.002829179541
241907	0.002227326424
241908	0.0002195440504
241909	0.002494334369
241910	0.004265169399
241911	0.002714588853
241912	0.002543874726
241913	0.0007118069591
241914	7.671100205e-05
241915	0.0006190154787
241916	0.0003224184182
241917	0.00371506654
241918	0.002622576982
241919	0.004624998441
241920	0.001389397431
241921	0.001820783807
241922	0.001625690868
241923	0.002255483328
241924	0.00309860218
241925	0.001626582896
241926	0.002841448945
241927	0.003139843459
241928	0.002642024859
241929	0.002159766512
241930	0.0009103524125
241931	0.004193118298
241932	0.003170368716
241933	0.001270646131
241934	0.001651406136
241935	0.005110131011
241936	0.005444452884
241937	0.003098515678
241938	0.002196914774
241939	0.001750865642
241940	0.003281107937
241941	0.005252597451
241942	0.006152341035
241943	0.003529286101
241944	0.003600819509
241945	0.00135467807
241946	0.004848323203
241947	0.00473576228
241948	0.003005775922
241949	0.004790384342
241950	0.005900954123
241951	0.003566552789
241952	0.003678399715
241953	0.002053830609
241954	0.001740154291
241955	0.002704673866
241956	0.003010077156
241957	0.007179485382
241958	0.004981455021
241959	0.004867174344
241960	0.002663006509
241961	0.005770434596
241962	0.009816627585
241963	0.005644896234
241964	0.001850935049
241965	0.004438022408
241966	0.007987505804
241967	0.005699893587
241968	0.004239954531
241969	0.004187431365
241970	0.004880578741
241971	0.003139753333
241972	0.003806725066
241973	0.005074340605
241974	0.007598314439
241975	0.003126579117
241976	0.004020316724
241977	0.005622819601
241978	0.004119354466
241979	0.002956657113
241980	0.003524994613
241981	0.00374201817
241982	0.003927190988
241983	0.005222736991
241984	0.00492764145
241985	0.004524747044
241986	0.005378026393
241987	0.006106299918
241988	0.007286463424
241989	0.006753198963
241990	0.01043584909
241991	0.00525142684
241992	0.005748364141
241993	0.005901376174
241994	0.004819131377
241995	0.00428566877
241996	0.005100179657
241997	0.006952767508
241998	0.01067668853
241999	0.006630440537
242000	0.008208091513
242001	0.004402307898
242002	0.00398809257
242003	0.002274559781
242004	0.006784437826
242005	0.004628886684
242006	0.006061450483
242007	0.004406452836
242008	0.004512471934
242009	0.002875437598
242010	0.004085021021
242011	0.00360532347
242012	0.004486980528
242013	0.004451093004
242014	0.003236569111
242015	0.004560281914
242016	0.005964330186
242017	0.00441262607
242018	0.004227654807
242019	0.005063496419
242020	0.002367634769
242021	0.001620650997
242022	0.001067734888
242023	0.0008679575717
242024	0.002081598231
242025	0.003462676494
242026	0.002510627659
242027	0.001490102329
242028	0.0003592145628
242029	0.002659429795
242030	0.00193583203
242031	0.001109195122
242032	0.0003684119177
242033	0.0009657987221
242034	0.002002959092
242035	0.005320154128
242036	0.00739242915
242037	0.006222921519
242038	0.002508415661
242039	0.007540899793
242040	3.53037642e-05
242041	0.0148756513
242042	0.01222623534
242043	0.001232923197
242044	0.00212085618
242045	0.007347607708
242046	0.003629007512
242047	0.002995167949
242048	0.00383500317
242049	0.003906072316
242050	0.006916557006
242051	0.001912683596
242052	0.005195209041
242053	0.001925040699
242054	0.003431666141
242055	0.00583247025
242056	0.008232968749
242057	0.002656384301
242058	0.002475580265
242059	0.0004637090412
242060	0.000704781954
242061	0.001859923243
242062	0.002335643573
242063	0.0001409887855
242064	0.003387343605
242065	0.002901321022
242066	0.0003508426144
242067	0.001305304879
242068	0.002988690145
242069	0.007936170646
242070	0.005276487477
242071	0.004346761135
242072	0.00184726113
242073	0.003436752083
242074	0.004418783779
242075	0.002670548393
242076	0.0001145314922
242077	0.002362189016
242078	0.0009167272686
242079	0.002172041165
242080	0.0007298255019
242081	0.001744339178
242082	0.001126501523
242083	0.0007609472249
242084	0.002740523973
242085	0.001771457648
242086	0.002645238849
242087	0.0009086929176
242088	0.002023059847
242089	0.0005360287809
242090	0.005714780566
242091	0.005607304857
242092	0.003906118769
242093	0.0004017829103
242094	0.002003988435
242095	0.001371552224
242096	0.005678603192
242097	0.0036032385
242098	0.0004624789212
242099	0.006870077142
242100	0.0009268818069
242101	0.002739908161
242102	0.003158952974
242103	0.001872728759
242104	0.001063833207
242105	0.007439640466
242106	0.001125713411
242107	0.002560951277
242108	0.008068001464
242109	0.002323603721
242110	0.010365698
242111	0.002972228205
242112	0.002510862988
242113	0.004637489141
242114	0.001981767165
242115	0.001562854869
242116	0.002000075399
242117	0.005453561556
242118	0.002659315662
242119	0.00239782348
242120	0.005209021181
242121	0.002493309895
242122	0.003903457599
242123	0.001999040145
242124	0.005386799741
242125	0.006681565653
242126	0.002958458111
242127	0.003821982578
242128	0.005319325724
242129	0.01335602705
242130	0.004149545535
242131	5.425317495e-05
242132	0.001255781808
242133	0.0009116367191
242134	0.005607834963
242135	0.02094832925
242136	0.001648447512
242137	0.008571692144
242138	0.005473336336
242139	0.00748509938
242140	0.008348691171
242141	0.0007547832455
242142	0.001638402505
242143	0.003929423961
242144	0.007099626765
242145	0.007326996036
242146	0.0004850671744
242147	0.004767395273
242148	0.003824621028
242149	0.006174872714
242150	0.0004212507973
242151	0.00370235269
242152	0.002835701385
242153	0.002539772946
242154	0.003733823343
242155	0.00655228479
242156	0.00174378625
242157	0.008884542512
242158	0.0005646627639
242159	0.01047098411
242160	0.00205494933
242161	0.006018599873
242162	0.001442992083
242163	0.002127027878
242164	0.0009868322015
242165	0.004095513223
242166	0.008691824741
242167	0.003115762539
242168	0.002616688341
242169	0.001690241422
242170	0.008794235367
242171	0.007664700321
242172	0.006658528374
242173	0.006023039468
242174	0.0004048570764
242175	0.0005697261788
242176	0.0008012236033
242177	0.004616062927
242178	0.00208939082
242179	0.005979585129
242180	0.003308640861
242181	0.006600852807
242182	0.005830193204
242183	0.0008973979326
242184	0.005094862645
242185	0.007647665943
242186	0.006133290552
242187	0.01390656719
242188	0.0007787028944
242189	0.005572636677
242190	0.002442380274
242191	0.000903996203
242192	0.0006952791762
242193	0.001416806954
242194	0.001488613448
242195	0.003081880852
242196	0.0005187972385
242197	0.006911247449
242198	0.003622456575
242199	0.006490591535
242200	0.01407082703
242201	0.001394215434
242202	0.01369619021
242203	0.01488110853
242204	0.005397499484
242205	0.002325952085
242206	0.002152493811
242207	0.003412127846
242208	0.002799019341
242209	0.01075341478
242210	0.006953018474
242211	0.01526149966
242212	0.003134731023
242213	0.009031330382
242214	0.02127027787
242215	0.0004488033464
242216	0.003407846549
242217	0.01418213909
242218	0.005337017689
242219	0.01235516801
242220	0.01323410798
242221	0.002640701152
242222	0.002260685577
242223	0.009003694082
242224	0.001915560797
242225	0.002593687854
242226	0.003622991673
242227	0.0084556116
242228	0.01449634251
242229	0.007577391278
242230	0.001669715174
242231	0.007612445154
242232	0.006936507711
242233	0.001175025173
242234	0.002768493575
242235	0.007779556181
242236	0.009500812382
242237	0.01307661919
242238	0.002683188337
242239	0.0209113556
242240	0.001008175135
242241	0.008778795743
242242	0.001809646395
242243	0.008378717552
242244	0.008517729758
242245	0.008552578097
242246	0.007669379233
242247	0.006332405758
242248	0.01252906407
242249	0.006137694824
242250	0.004173004449
242251	0.003483799376
242252	0.001520172697
242253	0.009131108112
242254	0.001873272151
242255	0.008053917835
242256	0.009112246832
242257	0.001476725758
242258	0.004413932373
242259	0.003621870426
242260	0.005509081325
242261	0.0007139217864
242262	0.003993180137
242263	0.002945994853
242264	0.004609230264
242265	0.002634982661
242266	0.01033203615
242267	0.004800354065
242268	0.005056603744
242269	0.0005564954471
242270	0.004054316845
242271	0.0005537037807
242272	0.002405532908
242273	0.004043368586
242274	0.001577592392
242275	0.003734763292
242276	0.007693681023
242277	0.008572784145
242278	0.008938889244
242279	0.002025522884
242280	0.006963402626
242281	0.0124827725
242282	0.008115330437
242283	0.01572715199
242284	0.005886180741
242285	0.0007944073844
242286	0.0223175806
242287	0.003061937272
242288	0.005803426922
242289	0.0001475251746
242290	0.009296210473
242291	0.009284712586
242292	0.003770827865
242293	0.00245769157
242294	0.0162611335
242295	0.005167883133
242296	0.01190119369
242297	0.002836978739
242298	0.01090986835
242299	0.002445331166
242300	0.00473381261
242301	0.00897281929
242302	0.0008748227572
242303	0.0009104550622
242304	0.01299952244
242305	0.002835073593
242306	0.006734023529
242307	0.002654440363
242308	0.005199909264
242309	0.006245902525
242310	0.005705398286
242311	0.01482769009
242312	0.003781993174
242313	0.002199624944
242314	0.0109992919
242315	0.02096883902
242316	0.01002194917
242317	0.005698953896
242318	0.01131995297
242319	0.007237453537
242320	0.009067104263
242321	0.002244888232
242322	0.002621736646
242323	0.009771473589
242324	0.00383890073
242325	0.001462473354
242326	0.006334122537
242327	0.01010547307
242328	0.02377462946
242329	0.0208272246
242330	0.003015206851
242331	0.01406063958
242332	0.002879635128
242333	0.005221033852
242334	0.001404085042
242335	0.01480948937
242336	0.005059840756
242337	0.01403257095
242338	0.01477355148
242339	0.0003571863963
242340	0.002198851824
242341	0.01424265382
242342	0.01270842007
242343	0.007634047194
242344	0.01306755357
242345	0.003962702188
242346	0.002856185399
242347	0.0007600712835
242348	0.008448483382
242349	0.004142971997
242350	0.0005459698683
242351	0.004031421517
242352	0.003139285903
242353	0.01367689781
242354	0.002331913943
242355	0.01278505695
242356	0.01650097478
242357	0.006174317173
242358	0.01838971574
242359	0.007154725634
242360	0.001679383492
242361	0.009104706031
242362	0.01315087578
242363	0.007715761456
242364	0.01475825015
242365	0.009476430504
242366	0.004749349139
242367	0.005797712668
242368	0.0009886311485
242369	0.00477057124
242370	0.007693047303
242371	0.006170838626
242372	0.001708941146
242373	0.01649733763
242374	0.01337893451
242375	0.01485865718
242376	0.00775239233
242377	0.001045346278
242378	0.006566961626
242379	0.004706595548
242380	0.02391129513
242381	0.0008754950348
242382	0.01442099318
242383	0.01961382339
242384	0.0137523355
242385	0.008858867192
242386	0.01308214117
242387	0.009676872953
242388	0.009834811429
242389	0.006824055114
242390	0.001717865952
242391	0.00145652524
242392	0.005096970582
242393	0.01047682276
242394	0.004577963542
242395	0.01430986674
242396	0.004227028206
242397	0.002305231663
242398	0.0156159689
242399	0.003597954492
242400	0.003211789572
242401	0.002855277679
242402	0.004454119114
242403	0.01592678592
242404	0.009637536063
242405	0.008075643644
242406	0.001636751914
242407	0.007910944557
242408	0.001016588182
242409	0.003050472771
242410	0.003123825028
242411	0.005313277125
242412	0.001758024013
242413	0.004347298915
242414	0.002127030106
242415	0.00381476149
242416	0.003377213094
242417	0.000289309843
242418	0.007857812784
242419	0.007627943739
242420	0.009415450352
242421	0.01110377537
242422	0.003595364304
242423	0.005406747582
242424	0.01292210608
242425	0.007607131249
242426	0.001063601636
242427	0.001487105777
242428	0.005630068705
242429	0.001494501531
242430	0.004170573803
242431	0.001475577614
242432	0.0008003578569
242433	0.002237817959
242434	0.004536596574
242435	0.008763018505
242436	0.005590715836
242437	0.005903808391
242438	0.004738497927
242439	0.001125812542
242440	0.005381193654
242441	0.0004217899826
242442	0.003015454382
242443	0.002723384612
242444	0.006994735517
242445	0.002438928212
242446	0.001778837052
242447	0.001403515542
242448	0.003500405161
242449	0.0001555957934
242450	0.001025035133
242451	0.02335779895
242452	0.01012483461
242453	0.002182664308
242454	0.004900066522
242455	0.003721066982
242456	0.0009964264686
242457	0.008812211524
242458	0.01166089059
242459	0.003943476453
242460	0.001928971893
242461	0.002813538937
242462	0.004493566396
242463	0.006490750635
242464	0.009084500155
242465	0.01387304938
242466	0.005030207768
242467	0.0005547528748
242468	0.02016734838
242469	0.004500635566
242470	0.01025530009
242471	0.01101849694
242472	0.0008336598114
242473	0.006321278952
242474	0.002909358422
242475	0.000715864935
242476	0.00882045587
242477	0.009609110042
242478	0.002145404492
242479	0.007176684672
242480	0.0009045618422
242481	0.002304302856
242482	0.01293486771
242483	0.006798270141
242484	0.009807640036
242485	0.001930171268
242486	0.005043808283
242487	0.003409193473
242488	0.003922828153
242489	0.004208421602
242490	0.002738504932
242491	0.001008243891
242492	0.0006807946597
242493	0.002433770094
242494	0.0003685618703
242495	0.006461836986
242496	7.761373678e-05
242497	0.004859484741
242498	0.002259607104
242499	0.01041373608
242500	0.001686369893
242501	0.00501509199
242502	0.001048742016
242503	0.00915974941
242504	0.01117357474
242505	0.006321760912
242506	0.002762606551
242507	0.004049865313
242508	0.0002450509112
242509	0.008489217713
242510	0.01199105485
242511	0.009411301256
242512	0.002011520211
242513	0.004785850652
242514	0.01129399369
242515	0.002603166597
242516	0.00598569548
242517	0.002813443424
242518	0.01056587633
242519	0.0003936898539
242520	0.002835641236
242521	0.01954694149
242522	0.001802874983
242523	0.005854306302
242524	0.00555802704
242525	0.0006066880747
242526	0.003813930046
242527	0.0003276786789
242528	0.002494225047
242529	0.001571458371
242530	0.000687925302
242531	0.00389611602
242532	0.00536669831
242533	0.0007281672463
242534	0.002779435583
242535	0.002411104497
242536	0.00157159333
242537	0.003536221111
242538	0.003655254605
242539	0.002944880543
242540	0.001877770825
242541	0.002418397587
242542	0.002290058205
242543	0.002910382563
242544	0.001798900253
242545	0.001878767251
242546	0.0007196542806
242547	0.001404372586
242548	0.001571082006
242549	0.001362914298
242550	0.003416502316
242551	0.002594540042
242552	0.002213662387
242553	0.001288595516
242554	0.003202851141
242555	0.001516195696
242556	0.002487871908
242557	0.001889541455
242558	0.001677045379
242559	0.003264693094
242560	0.001926175355
242561	0.003346346334
242562	0.004099357563
242563	0.0028592563
242564	0.003009517496
242565	0.002060321743
242566	0.001450634739
242567	0.001356641733
242568	0.001613211972
242569	0.002289211414
242570	0.002195915803
242571	1.348308908e-05
242572	0.002592460002
242573	0.002952597692
242574	0.003228868915
242575	0.001471050048
242576	0.002801351419
242577	0.002512762934
242578	0.001429484565
242579	0.001222165076
242580	0.002985799854
242581	0.002191954601
242582	0.001577908209
242583	0.003364998857
242584	0.0006103281036
242585	0.00291207837
242586	0.003214775012
242587	0.0004819613037
242588	0.002261746576
242589	0.00301451014
242590	0.004424099077
242591	0.002497572627
242592	0.002665990048
242593	0.001779676874
242594	0.001524611493
242595	0.002530006934
242596	0.00282159338
242597	0.0002170567524
242598	0.002929432134
242599	0.003001154795
242600	0.002586812692
242601	0.001889573696
242602	0.003921507865
242603	0.001851827364
242604	0.001847248441
242605	0.001275460821
242606	0.002447936976
242607	0.0001617494963
242608	0.001896507963
242609	0.001646614221
242610	0.002044104229
242611	0.008336678578
242612	0.001728869622
242613	0.002025534728
242614	0.001666529303
242615	0.002527531906
242616	0.002529833709
242617	0.002507934478
242618	0.00249761918
242619	0.003011968763
242620	0.001999368896
242621	0.001202984255
242622	0.002640913823
242623	0.00137188065
242624	0.001631014272
242625	0.001093192654
242626	0.002739444825
242627	0.00355243982
242628	0.002162405864
242629	0.002696032189
242630	0.00275725175
242631	0.004131004904
242632	0.00465992328
242633	0.002538375402
242634	0.002753794768
242635	0.0009886780074
242636	0.001435394594
242637	0.002777750576
242638	0.001485603894
242639	0.002759695488
242640	0.001351628978
242641	0.001434742058
242642	0.001831374128
242643	0.002375435927
242644	0.001976709495
242645	0.001755600275
242646	0.002671674966
242647	0.001775773313
242648	0.001585028074
242649	0.001701943671
242650	0.001299204176
242651	0.002072427757
242652	0.002320419122
242653	0.00294939323
242654	0.00211719602
242655	0.003701540952
242656	0.002460351646
242657	0.001984786593
242658	0.00115993863
242659	0.001454892951
242660	0.000293269347
242661	0.001840108947
242662	0.001819204163
242663	0.001904650728
242664	0.001435893775
242665	0.001571548506
242666	0.001645729945
242667	0.002599399448
242668	0.001621299822
242669	0.001899662673
242670	0.002383663938
242671	0.002298994335
242672	0.001727055166
242673	0.001616851311
242674	0.002194222097
242675	0.002100383757
242676	0.001422014257
242677	0.002346833732
242678	0.001992137342
242679	0.001912086682
242680	0.002947461727
242681	0.001870951741
242682	0.002889566007
242683	0.00113300349
242684	0.002861029534
242685	0.002405065643
242686	0.001391836657
242687	0.0008779731192
242688	0.001893612525
242689	0.001514500653
242690	0.002966029943
242691	0.004973586272
242692	0.002924296023
242693	0.009779632851
242694	0.001637744677
242695	0.001520349779
242696	0.0001309103256
242697	0.0005476623347
242698	0.001511649683
242699	0.001018793517
242700	0.004914253643
242701	0.0003684118888
242702	0.005747672268
242703	0.0001221277179
242704	0.001433449135
242705	0.005981347058
242706	0.00647474231
242707	0.0006057712362
242708	0.003529494299
242709	0.009861076566
242710	0.0003560160592
242711	0.0004728312303
242712	0.001157889983
242713	0.000462794912
242714	0.001039159831
242715	2.58121821e-06
242716	0.0001107889562
242717	4.438992312e-07
242718	2.941180989e-07
242719	1.866035889e-06
242720	0.0002336399762
242721	0.0001119142954
242722	0.0008184502462
242723	0.000917557992
242724	0.0002250018612
242725	0.0003428666269
242726	0.001047944144
242727	0.001166815848
242728	0.0004683948538
242729	8.139294647e-06
242730	0.0005790293945
242731	1.412937096e-07
242732	0.0009289435814
242733	0.0008222311454
242734	0.0009239910965
242735	0.0009411086964
242736	0.001037786753
242737	0.0006831498964
242738	0.0003646501545
242739	0.0002193978877
242740	0.0006997370862
242741	0.0006873806676
242742	0.0004422611718
242743	0.0007182626224
242744	0.0002205844366
242745	0.0004481383953
242746	0.0009308214535
242747	0.001158069706
242748	0.0002293888807
242749	0.0004641151697
242750	0.0009330962266
242751	0.0005743101713
242752	0.00378505174
242753	0.0003514641645
242754	0.007955736901
242755	0.002593598922
242756	0.004306760029
242757	0.00260457688
242758	0.004704640218
242759	0.006764436811
242760	0.002484676326
242761	0.002497924463
242762	0.006442324581
242763	0.002229497103
242764	0.000570527378
242765	0.001403045404
242766	0.0007122087119
242767	0
242768	0.00291407277
242769	0.0006052087154
242770	0.002281047516
242771	0.004519981008
242772	0.0013869477
242773	0.005671913943
242774	0.001406903479
242775	0.001531552183
242776	0.004582979425
242777	0.004558704663
242778	0.004972550453
242779	0.002099621786
242780	0.003132267542
242781	0.005081506797
242782	0.004112977934
242783	0.005200172168
242784	0.001178575682
242785	0.001800871135
242786	0.005424016977
242787	0.003480141306
242788	0.004274240389
242789	0.004854225825
242790	0.002289310274
242791	0.00969432147
242792	0.0005410404959
242793	0.0006096905494
242794	0.002456192715
242795	0.001849698824
242796	0.004951951668
242797	0.009827263222
242798	0.003082231449
242799	0.01432175894
242800	0
242801	0.004250263119
242802	0.002151855252
242803	0.004675264988
242804	0.00250404281
242805	0.004580710184
242806	0.004410357517
242807	0.005044696206
242808	0.001755551743
242809	0.002609425419
242810	0.005382366831
242811	0.005666244067
242812	0.006130258437
242813	0.00228448369
242814	0.0005210686895
242815	0.002269062731
242816	0.009882966529
242817	0.004713143457
242818	0.003239005702
242819	0.0009459041332
242820	0.01221666816
242821	0.001758255532
242822	0.001645717553
242823	0.003029961992
242824	0.0009321496759
242825	0.0008934956821
242826	0.002542709818
242827	0.002414592808
242828	0.002051794554
242829	0.003177010757
242830	0.008043777705
242831	0.003455038378
242832	0.003092972273
242833	0.009652319267
242834	0.009421442318
242835	0.01161585766
242836	3.061712361e-07
242837	0.0001751780407
242838	0.004285621119
242839	0.002068342174
242840	0.00445280456
242841	0.002263525049
242842	0.001818916542
242843	0.0004398978612
242844	0.00426227389
242845	0.002606571633
242846	0.004481143499
242847	0.002131459059
242848	0.002292137027
242849	0.0008873266743
242850	0.004377241218
242851	0.002314672902
242852	0.000775011496
242853	0.0004188944094
242854	0.001397222435
242855	0.0002054068063
242856	0.00400857876
242857	0.001157061126
242858	0.00498886477
242859	0.003580415974
242860	0.00276151606
242861	0.005223326651
242862	0.0007368932794
242863	0.003811938738
242864	0.00364984379
242865	0.001345864722
242866	0.004791922852
242867	0.005925088065
242868	0.002476344735
242869	0.002528749336
242870	0.002529828871
242871	0.002903172934
242872	0.004847960566
242873	0.005564512984
242874	0.003043568493
242875	0.005156685731
242876	0.003731501468
242877	0.002993965685
242878	0.0004240548903
242879	0.003903188939
242880	0.002445878497
242881	0.001821337148
242882	0.003890178125
242883	0.001094890758
242884	0.004402426617
242885	0.007968454059
242886	0.002147405493
242887	0.01579601457
242888	0.002018845857
242889	0.002391035319
242890	0.005283777572
242891	0.001707964887
242892	0.002789582929
242893	0.007326429389
242894	0.002230682182
242895	0.007819213467
242896	0.01122361706
242897	0.01702778131
242898	0.00549540149
242899	0.003901207234
242900	0.007023804537
242901	0.0004616074866
242902	0.004045559202
242903	0.003369452139
242904	0.009029679836
242905	0.00561511439
242906	0.005368716534
242907	0.001311369182
242908	0.002333828902
242909	0.0008791648119
242910	0.009742292837
242911	0.003398975811
242912	0.01174152709
242913	0.007082224178
242914	0.0006836960248
242915	0.00505801934
242916	0.0002579356066
242917	0.006664981083
242918	0.001714735435
242919	0.002845905863
242920	0.00154166107
242921	0.002653262751
242922	0.00277849744
242923	0.01661997548
242924	0.007502285288
242925	0.002657750451
242926	0.004135681486
242927	0.001264808568
242928	0.002631639804
242929	0.002106852004
242930	0.007401698505
242931	0.006641131723
242932	0.001004717147
242933	0.007521698233
242934	0.003160466874
242935	0.003688754816
242936	0.003603481939
242937	0.001121678554
242938	0.007624642488
242939	0.01033008779
242940	0.004108794814
242941	0.007944876421
242942	0.004535389793
242943	0.003226068999
242944	0.005339988823
242945	0.002156641181
242946	0.001660140013
242947	0.00178768378
242948	0.0002628598539
242949	0.0001240849117
242950	0.005738623197
242951	0.0005378786655
242952	0.007841993719
242953	0.0006664058755
242954	0.0003968295974
242955	0.008819195185
242956	0.01088020266
242957	0.004019376169
242958	0.003669205066
242959	0.004571831113
242960	0.005695033477
242961	0.007048939423
242962	0.003907439749
242963	0.001328112409
242964	0.01876162635
242965	0.006393041769
242966	0.002282377295
242967	0.002567994696
242968	0.000946934758
242969	0.001827805991
242970	0.006475832674
242971	0.003584570438
242972	0.01148556015
242973	0.002961951287
242974	0.001271161366
242975	0.005900293452
242976	0.00369552439
242977	0.002966638133
242978	0.0009053285759
242979	0.009278841462
242980	0.008848256218
242981	0.002792726852
242982	0.006744727259
242983	0.009182884875
242984	0.01435236819
242985	0.002658097265
242986	0.004278561991
242987	0.002137663941
242988	0.002581673456
242989	0.008717071048
242990	0.00259921154
242991	0.005120544695
242992	0.002462475102
242993	0.003015605877
242994	0.004567576285
242995	0.00562348026
242996	0.01095077172
242997	0.001582138822
242998	0.0148658182
242999	0.008387216414
243000	0.02190315999
243001	0.001775334345
243002	0.001494437007
243003	0.005455813718
243004	0.01010816473
243005	0.01320207912
243006	0.006317778327
243007	0.01343968137
243008	0.007193328959
243009	0.004349937026
243010	0.004518867789
243011	0.01214377248
243012	0.004771164975
243013	0.008953346008
243014	0.01089314249
243015	0.005637350573
243016	0.005730799902
243017	0.004656400406
243018	0.004589190513
243019	6.676987827e-05
243020	0.00685773118
243021	0.002082666689
243022	0.003284656685
243023	0.0003981036177
243024	0.01494776658
243025	0.004910118471
243026	0.005594122574
243027	0.00230927861
243028	0.0021425268
243029	0.005545510109
243030	0.0008616751485
243031	0.001682286955
243032	0.004650072754
243033	0.001952295501
243034	0.00181534915
243035	0.0068747923
243036	0.0005900634326
243037	0.0006457778193
243038	0.0003432371363
243039	0.002546856196
243040	0.002465303923
243041	0.0006064948986
243042	0.001997132818
243043	0.0009723392612
243044	0.003915734026
243045	0.000113492435
243046	0.004831130128
243047	0.0005146659357
243048	0.0009237854609
243049	0.006334663948
243050	0.004435046311
243051	0.0004822150067
243052	0.00198782239
243053	0.006201879683
243054	0.001505783516
243055	0.003896672456
243056	0.0004251644429
243057	0.0009113729322
243058	7.101516701e-06
243059	0.00251798792
243060	0.00145937832
243061	0.0007295768133
243062	0.007912832289
243063	0.009370361748
243064	0.001601566652
243065	0.003383152257
243066	0.00492076323
243067	0.0009048335875
243068	0.0005352226294
243069	0.001603175941
243070	0.01684921712
243071	0.005318147851
243072	0.003380113052
243073	0.002117279074
243074	0.0118347095
243075	0.01364905314
243076	0.004759432255
243077	0.01193541295
243078	0.002545413808
243079	0.001335175767
243080	0.003498116814
243081	0.009379446838
243082	0.004200807191
243083	0.0005061532664
243084	0.00304242002
243085	0.001773361134
243086	0.004395803267
243087	0.002653403396
243088	0.003412177432
243089	0.0128198187
243090	0.002268485219
243091	0.001901249289
243092	0.009629565432
243093	0.004472219426
243094	0.002444285487
243095	0.002754343442
243096	0.009171060178
243097	0.003774897044
243098	0.00115741822
243099	0.003521171418
243100	0.009299401257
243101	0.0007646157843
243102	0.009327196336
243103	0.002711035009
243104	0.01480712729
243105	0.001759350097
243106	0.003132657734
243107	0.01419055435
243108	0.006768092819
243109	0.009431618708
243110	0.01257330925
243111	0.003230039079
243112	0.002068100941
243113	0.0007984384419
243114	0.002224040869
243115	0.00748262121
243116	0.007137084321
243117	0.002500566767
243118	0.007313953152
243119	0.007725429755
243120	0.007082714402
243121	0.01042036494
243122	0.001607438873
243123	0.002012479607
243124	0.0001537744158
243125	0.004503805049
243126	0.002326711196
243127	0.001378711668
243128	0.00877594329
243129	0.002971937928
243130	0.001337125979
243131	0.003652150963
243132	0.006716304924
243133	0.009925028211
243134	0.006017141385
243135	0.005460576168
243136	0.00494350921
243137	0.001767744777
243138	0.0007588471461
243139	0.004043059355
243140	0.009006961464
243141	0.01187702972
243142	0.003664009253
243143	0.003954152675
243144	0.001036190752
243145	0.001772209706
243146	0.01005242105
243147	0.01026025771
243148	0.007457880183
243149	0.001970499768
243150	0.0002855134136
243151	0.0003572175979
243152	0.002826242834
243153	0.005141951997
243154	0.002687541552
243155	0.007880218636
243156	0.002897402735
243157	0.007404100396
243158	0.004460995629
243159	0.0008343702992
243160	0.005899059456
243161	0.001000496662
243162	0.00816850294
243163	0.004452974615
243164	0.004638411293
243165	0.001574878615
243166	0.003181401962
243167	0.003998063009
243168	0.001665101015
243169	0.01142535629
243170	0.0006222589122
243171	0.008576551448
243172	0.006122099262
243173	0.00138644063
243174	0.002417359437
243175	0.003837599498
243176	0.0004187161899
243177	0.00811263808
243178	0.001514668928
243179	0.003749295651
243180	0.001854510065
243181	0.001205215838
243182	0.003131319524
243183	0.0008719217852
243184	0.01367180165
243185	0.008446137814
243186	0.001310358141
243187	0.001874200791
243188	0.007489296551
243189	0.004901469228
243190	0.004070347533
243191	0.003122535794
243192	0.01187362357
243193	0.002328230659
243194	0.006197696024
243195	0.01165548328
243196	0.006864387262
243197	0.001351173052
243198	0.002523795215
243199	0.001222818472
243200	0.004828695463
243201	0.01343162838
243202	0.009691521053
243203	0.003527404951
243204	0.0128464342
243205	0.01037755087
243206	0.01107241861
243207	0.01478732192
243208	0.004735911888
243209	0.005614420526
243210	0.005532705865
243211	0.001379001526
243212	0.007685019352
243213	0.01025832735
243214	0.01175831632
243215	0.01135463944
243216	0.01476975593
243217	0.0009834153089
243218	0.006126455379
243219	0.004664005501
243220	0.009046961648
243221	0.01035799792
243222	0.001661028553
243223	0.0002659873859
243224	0.007684295516
243225	0.00759483917
243226	0.01401813972
243227	0.001988355842
243228	0.007492324027
243229	0.01337951956
243230	0.007142932253
243231	0.007895222308
243232	0.007909187639
243233	0.005294978843
243234	0.001249383722
243235	0.01542065163
243236	0.004285524458
243237	0.0007848467234
243238	0.002835859316
243239	0.007247445429
243240	0.005607440806
243241	0.00859733799
243242	0.008802189781
243243	0.007435024006
243244	0.0005944611944
243245	0.005609217142
243246	0.007615026434
243247	0.003304598428
243248	0.001880557956
243249	0.0087804446
243250	0.004920461617
243251	0.002390499049
243252	0.007517070923
243253	0.009625525875
243254	0.01382170691
243255	0.009371015878
243256	0.005264916563
243257	0.009421888249
243258	0.01223118535
243259	0.01251041224
243260	0.003167967929
243261	0.00129939478
243262	0.00982271571
243263	0.001681071198
243264	0.0218528143
243265	0.008306529544
243266	0.01203670067
243267	0.01091219827
243268	0.00923266962
243269	0.0003091528658
243270	0.001429227292
243271	0.008108419879
243272	0.003516528504
243273	0.0004073673398
243274	0.0005377497151
243275	0.005013032204
243276	0.00626284988
243277	0.001318702599
243278	0.002183542878
243279	0.0007126248618
243280	0.002226654658
243281	0.006015387118
243282	0.0003340521914
243283	9.730812744e-05
243284	0.006059528852
243285	0.007383938324
243286	0.005746380335
243287	0.002660045137
243288	0.005687373421
243289	0.001018806519
243290	0.00627461187
243291	0.00243019659
243292	0.0006558592709
243293	0.001409465063
243294	0.004023730563
243295	0.002014706864
243296	0.001789242757
243297	0.0006155167492
243298	0.000549734254
243299	0.002872925131
243300	0.001113267262
243301	0
243302	0.002091694748
243303	0.002071874154
243304	0.003000307537
243305	0.001811130197
243306	0.005594373292
243307	0.001753237887
243308	0.003143286304
243309	0.001915331917
243310	0.000304312563
243311	6.41265601e-05
243312	0.005231572778
243313	0.001026086677
243314	0.003966370866
243315	0.005340399241
243316	5.541271966e-05
243317	0.007095384032
243318	0.01220805949
243319	0.01746016088
243320	0.01680410601
243321	0.007971477434
243322	0.009572558428
243323	0.01099048112
243324	0.01068091839
243325	0.002584101268
243326	0.000658249933
243327	0.003055688156
243328	0.005819862051
243329	0.004537075387
243330	0.002379766376
243331	0.007429215394
243332	0.01156484355
243333	0.009739326857
243334	0.0007241216178
243335	0.0042260367
243336	0.003846204305
243337	0.006364379555
243338	0.001428489728
243339	0.004871041856
243340	0.001365463109
243341	0.007191576429
243342	0.002058502676
243343	0.002432845434
243344	0.007087155972
243345	0.001307881981
243346	0.0008595511109
243347	0.01245265463
243348	0.001043518636
243349	0.002709287295
243350	0.007318253035
243351	0.003650729625
243352	0.01581523596
243353	0.003576936881
243354	0.001904600531
243355	0.001588406799
243356	0.001265909633
243357	0.005222027971
243358	0.009457719146
243359	0.00186080377
243360	0.005070247073
243361	0.001354078623
243362	0.004720071745
243363	0.00584769247
243364	0.009530293653
243365	0.0009820691657
243366	0.002990836196
243367	0.001689733058
243368	0.002699457854
243369	0.003628009352
243370	0.008628025067
243371	0.005078643442
243372	0.0006900354878
243373	0.003775597563
243374	0.002030806278
243375	0.003871633538
243376	0.006168621526
243377	0.003040431626
243378	0.0033084149
243379	0.004353596934
243380	0.004315289707
243381	0.004979006192
243382	0.00107492913
243383	0.007974293696
243384	0.006780823533
243385	0.004249084745
243386	0.006442596915
243387	0.000476517801
243388	0.01282372708
243389	0.003194837327
243390	0.007109495837
243391	0.001446239417
243392	0.02409395048
243393	0.001355838683
243394	0.009774533066
243395	0.004801019043
243396	0.0006887509559
243397	0.003681674017
243398	0.006949841311
243399	0.001302335211
243400	0.004229056451
243401	0.0034066356
243402	0.004621792319
243403	0.004571031935
243404	0.0114645666
243405	0.001613602369
243406	0.002997555239
243407	0.002482762318
243408	0.003018676794
243409	0.006690799018
243410	0.00152037931
243411	0.01152885376
243412	0.00621993205
243413	0.004634730926
243414	0.01491609647
243415	0.002938494104
243416	0.005791828772
243417	0.0001060202856
243418	0.006702517613
243419	0.001521745339
243420	0.006039440679
243421	0.00561656933
243422	0.003451388771
243423	0.0002568918779
243424	0.001186811107
243425	0.00152310061
243426	0.01136717192
243427	0.01023653611
243428	0.02455979289
243429	0.002441503303
243430	0.007734825167
243431	0.004490690208
243432	0.0001232401018
243433	0.00681022126
243434	0.004203186624
243435	0.006451697727
243436	0.01335383339
243437	0.0001441722422
243438	0.000736639134
243439	0.009369349746
243440	0.003477345509
243441	0.001485583948
243442	0.00299599222
243443	0.007396783293
243444	0.007196415711
243445	0.003649120608
243446	0.007920795795
243447	0.002195096636
243448	0.004512471551
243449	0.008741439375
243450	0.005406470163
243451	0.003854479027
243452	0.00678144235
243453	0.001463299557
243454	0.001195792413
243455	0.0127664057
243456	0.004761512729
243457	0.0004518092309
243458	0.004823940847
243459	0.008609429049
243460	0.003594307795
243461	0.0005515299964
243462	0.005088269789
243463	0.0009856842124
243464	0.01235011763
243465	0.009147555397
243466	0.001881129963
243467	0.009208585793
243468	0.006562991602
243469	0.0007025906034
243470	0.005096405003
243471	0.0070597565
243472	0.007591922229
243473	0.01005120127
243474	0.004093867284
243475	0.003035533306
243476	0.009827637106
243477	0.00400368673
243478	0.007123176763
243479	0.004195397011
243480	0.008510374088
243481	0.005935581515
243482	0.002390258773
243483	0.009076583213
243484	0.005611801743
243485	0.009825451293
243486	0.005280901994
243487	0.001399806848
243488	0.00196099896
243489	0.004761970116
243490	0.004679619292
243491	0.001873114396
243492	0.004633185936
243493	0.001706347092
243494	0.005368539486
243495	0.001275036518
243496	0.002970541304
243497	0.008664052282
243498	0.002404996439
243499	0.002684314909
243500	0.001206079605
243501	0.008889483686
243502	0.002123931167
243503	0.003176633036
243504	0.01062944215
243505	0.01163007649
243506	0.001376933938
243507	0.0009565324081
243508	0.008042045629
243509	0.002424735746
243510	0.001389415307
243511	0.007754584983
243512	0.001268110093
243513	0.003080289719
243514	0.001512141955
243515	0.00311409199
243516	0.005105396721
243517	0.0003075855156
243518	0.002296986784
243519	0.008198618932
243520	0.008908891644
243521	0.001186952176
243522	0.002738528423
243523	0.005122734472
243524	0.008960968292
243525	0.01553731831
243526	0.003062058162
243527	0.004227662563
243528	0.001146757352
243529	0.002374705612
243530	0.0008964323216
243531	9.64802675e-05
243532	0.008115329759
243533	0.003245941673
243534	0.007948635817
243535	0.008833146266
243536	0.003267145462
243537	0.001873769148
243538	0.0066568753
243539	0.003886741336
243540	0.00163305421
243541	0.01113188961
243542	0.008318106369
243543	0.01022327349
243544	0.01144321642
243545	0.000110009428
243546	0.0002297431232
243547	0.0002016613843
243548	0.0001533045851
243549	0.001481033506
243550	0.0001128437866
243551	8.782715238e-05
243552	0.0001552813582
243553	0.001732550072
243554	0.001228510206
243555	0.0002605662774
243556	0.0006705948701
243557	0.000688146389
243558	0.0002888830144
243559	0.0005308360293
243560	0.00146585291
243561	0.001270329825
243562	0.0003704578836
243563	0.0002724387784
243564	0.0002291085179
243565	0.009351022777
243566	0.002412549362
243567	0.002275407614
243568	0.008869988743
243569	0.002645656752
243570	0.001467898162
243571	0.00381334802
243572	0.003228986206
243573	0.009666318399
243574	0.006883101709
243575	0.007548356544
243576	0.002134168788
243577	0.001283728354
243578	0.0005827628774
243579	0.01122936224
243580	0.007185666566
243581	0.01259309279
243582	0.003992223866
243583	0.0004823631327
243584	0.003071598931
243585	0.0005642897186
243586	0.007223058237
243587	0.005886770621
243588	0.006344704974
243589	0.003304661948
243590	0.005249813834
243591	0.01346684163
243592	0.01726952713
243593	0.01161829358
243594	0.002815356378
243595	0.004733530565
243596	0.01414071637
243597	0.001897457248
243598	0.0034575964
243599	0.006964782104
243600	0.005902630135
243601	0.002030135552
243602	0.004532271464
243603	0.008959268433
243604	0.01068021768
243605	0.002293672416
243606	0.01375214471
243607	0.005716126391
243608	0.004245670347
243609	0.003488889732
243610	0.001079916733
243611	0.01487453504
243612	0.0005558319769
243613	0.0030342327
243614	0.006644407142
243615	0.00124378903
243616	0.001371353432
243617	0.006335465681
243618	3.063913124e-05
243619	0.005088704994
243620	0.00216154819
243621	0.004267654888
243622	0.001894439328
243623	0.001810685622
243624	0.004964493753
243625	0.0003966423794
243626	0.0007820513468
243627	0.001215568106
243628	0.001792341698
243629	0.00381050682
243630	0.001803202492
243631	0.005022825542
243632	0.003976136545
243633	0.002918934278
243634	0.01342458498
243635	0.001953649097
243636	0.0008466973323
243637	0.011652334
243638	0.004745899737
243639	0.007680777554
243640	0.0003826519468
243641	0.0001597327649
243642	0.003562450459
243643	7.942946837e-05
243644	0.002608415268
243645	0.004778906575
243646	0.006240651085
243647	0.003342927684
243648	0.004711274612
243649	0.006973625738
243650	0.007593239889
243651	0.002172845537
243652	0.005106162272
243653	0.0002373528225
243654	0.009084362562
243655	0.006852413626
243656	0.0003818965227
243657	0.003602841315
243658	0.008520640759
243659	0.00133083146
243660	0.007148385735
243661	0.01119884237
243662	0.006835234874
243663	0.01332426415
243664	0.001223239416
243665	0.0002332447988
243666	0.004991057913
243667	0.001945392915
243668	0.009107275116
243669	0.0189447591
243670	0.00109407367
243671	0.0001253334519
243672	0.003426074456
243673	0.004284906325
243674	0.001107312505
243675	0.001083410506
243676	0.005327278356
243677	0.008718497209
243678	0.002465474126
243679	0.005736208028
243680	0.001282533177
243681	0.005692850628
243682	0.003293723213
243683	0.005915784457
243684	0.0004155376557
243685	0.002148739878
243686	0.005335551886
243687	0.002701339087
243688	0.007176368929
243689	0.0008732362115
243690	0.005814592347
243691	0.006440315456
243692	0.005511281222
243693	0.005058414277
243694	0.0003631371477
243695	0.01186749697
243696	0.00194990721
243697	5.927623611e-05
243698	0.009753946283
243699	0.002862746435
243700	0.008583281414
243701	0.001080459519
243702	0.001891694979
243703	0.006573721115
243704	0.005077082247
243705	0.00905503296
243706	0.005163936186
243707	0.006089401293
243708	0.0106711338
243709	0.0007800123793
243710	0.003081786289
243711	0.001590749598
243712	0.007142231968
243713	0.00299710602
243714	0.000843145533
243715	0.008110498041
243716	0.0001526667243
243717	3.421045326e-05
243718	0.000896955212
243719	0.002652741391
243720	0.0002855547875
243721	0.0005166548212
243722	0.0003561494495
243723	0.0001833891359
243724	0.000796318935
243725	0.001442733285
243726	0.001252730676
243727	0.0009945442037
243728	0.005263749828
243729	0.0008348524524
243730	0.000442798064
243731	0.002586086558
243732	0.000410735093
243733	0.001781057405
243734	0.001503953161
243735	0.0002478993049
243736	0.000883447508
243737	0.001300260758
243738	0.0005284922188
243739	0.0008672679282
243740	0.000873188908
243741	0.0005207360849
243742	0.0002370186808
243743	0.0001519412683
243744	0.0001316947338
243745	0.002390457554
243746	0.001799775698
243747	0.0004088074677
243748	0.01375414177
243749	0.001040796054
243750	0.0004062171294
243751	0.006684879598
243752	0.0006060056875
243753	0.006014574338
243754	0.01023475345
243755	0.0004589661667
243756	0.0004609732618
243757	0.002387789739
243758	0.00106186134
243759	0.0001231596396
243760	0.0004696323576
243761	0.0003086728229
243762	0.0006001768956
243763	0.006499478772
243764	0.004383704637
243765	0.003108992014
243766	0.0002930036255
243767	0.0007226735895
243768	0.001441380026
243769	0.001047178475
243770	0.0004567303628
243771	0.0003603892799
243772	0.0008599227867
243773	0.0009085385185
243774	0.0004659200132
243775	4.895463663e-05
243776	0.001919215182
243777	0.0001378759573
243778	0.0003046264903
243779	0.0008593200408
243780	0.0006266083216
243781	0.0006121455043
243782	0.001010235889
243783	0.0002868086489
243784	0.0007327408852
243785	5.774963129e-05
243786	8.78311935e-05
243787	0.0005437944243
243788	0.002170843032
243789	0.001109388853
243790	0.0004061026332
243791	0.0004088578787
243792	0.000823925698
243793	0.0008585030209
243794	0.0006912875034
243795	0.0006373656809
243796	0.0007868218882
243797	0.001973119369
243798	0.001290568434
243799	0.001284356967
243800	0.003009834487
243801	0.0004553001698
243802	9.93040128e-05
243803	0.0002493909481
243804	0.0007978979385
243805	0.0006236206716
243806	0.000268422814
243807	0.0009939223489
243808	0.0007095275828
243809	0.001801267762
243810	0.0005398483798
243811	0.0002835226583
243812	0.0003145727317
243813	0.0004237880912
243814	0.0004794943294
243815	0.001971748073
243816	0.0002436797084
243817	0.000685995158
243818	0.0001937710767
243819	0.000594323894
243820	0.0005584196303
243821	0.0003070323509
243822	0.001260933312
243823	0.000854716151
243824	0.0002826938592
243825	0.001691933487
243826	0.002087632398
243827	2.912344948e-05
243828	6.804436205e-05
243829	0.002090453755
243830	0.001810300956
243831	0.001076881956
243832	0.001501368326
243833	0.0002167329424
243834	0.0009226222487
243835	0.0004130416192
243836	0.001012787269
243837	0.0001463539857
243838	0.0002691533296
243839	0.003686766386
243840	0.000800699934
243841	0.0004776393327
243842	0.0005418101784
243843	0.000707934278
243844	0.001273415002
243845	0.000368958835
243846	0.0007979992755
243847	0.0001470794772
243848	0.0008075262281
243849	0.003985944788
243850	0.0008444107555
243851	0.002040140884
243852	0.0001672090443
243853	0.0002174604445
243854	0.0004102245688
243855	0.0002444172762
243856	0.001303774462
243857	0.0004607206569
243858	0.00103955741
243859	0.0003161131673
243860	7.618145307e-05
243861	0.0002958075298
243862	0.0006928343101
243863	0.0001919438824
243864	0.0006040272416
243865	0.0007450464476
243866	0.0001713266187
243867	0.0004627097103
243868	0.0003926452478
243869	0.0001250951102
243870	0.004539970316
243871	0.001291775287
243872	0.0005694406117
243873	0.001783048786
243874	0.0006256285857
243875	0.0007638064352
243876	0.001639444667
243877	0.002251161168
243878	0.001580814447
243879	0.0002506811513
243880	0.001070059798
243881	0.0006605609014
243882	0.0001288671912
243883	0.0006991995419
243884	0.002802669327
243885	0.001391913293
243886	0.0001672392655
243887	0.0002104993181
243888	0.001061923434
243889	6.254131342e-05
243890	3.646888311e-05
243891	0.0002892383593
243892	0.001972880684
243893	0.003617062
243894	0.01230795119
243895	0.0003396604248
243896	0.003833387362
243897	0.00950285806
243898	0.0003771526188
243899	0.002609669757
243900	0.004813236642
243901	0.0005495037548
243902	0.000655521001
243903	0.003970339561
243904	0.001357068418
243905	0.001055318336
243906	0.001504553602
243907	0.0005835275555
243908	0.0001941160491
243909	0.001675576276
243910	0.00091498581
243911	0.0006637413028
243912	0.00182452899
243913	0.0008323347581
243914	0.001383246601
243915	4.610821548e-05
243916	0.00262768335
243917	0.0001697949882
243918	0.000272399877
243919	0.0002418087149
243920	0.001580666224
243921	0.001340193894
243922	0.0007759999098
243923	0.001243360836
243924	0.0004908029352
243925	0.000834864631
243926	0.0007573262808
243927	0.0002302287839
243928	0.0001058393977
243929	0.0007881493746
243930	0.001820775247
243931	0.0001349020521
243932	0.0004207468058
243933	0.001284289686
243934	0.0001109746954
243935	0.001022452989
243936	0.001173242996
243937	0.0001385793771
243938	0.0004392334143
243939	0.0001422644327
243940	0.0007096897973
243941	0.0004404605978
243942	0.001412779267
243943	0.0001033821811
243944	0.002241722383
243945	0.0005041674561
243946	0.001546345568
243947	0.0001266173614
243948	0.0004236602132
243949	0.0006576954803
243950	0.0005206418421
243951	0.0008112237554
243952	0.000747908429
243953	0.0002207117681
243954	0.0003669885258
243955	0.0007746228559
243956	0.0002077182777
243957	0.001364951583
243958	0.0007147504616
243959	3.195276804e-05
243960	0.0009160176027
243961	0.0001179785934
243962	0.0001058380243
243963	0.001047106146
243964	0.0003637792867
243965	0.002390067054
243966	0.001469950821
243967	0.001971131551
243968	0.0001652321682
243969	0.00145445548
243970	0.0005739609559
243971	0.0003540780205
243972	0.00153238141
243973	0.001073095917
243974	0.0008400940661
243975	0.0008288553104
243976	0.000721503646
243977	0.0009347553959
243978	0.0004183622433
243979	0.0003829497467
243980	0.001584245144
243981	0.000162596208
243982	0.0009699599027
243983	8.394800578e-06
243984	0.001045925994
243985	0.003190693579
243986	0.0008638669471
243987	0.0002477579778
243988	0.001563520491
243989	0.0001036502539
243990	0.0009893653154
243991	0.0008128934338
243992	0.0004151777057
243993	0.002005201589
243994	0.001096464237
243995	0.0001849838483
243996	0.0003575455117
243997	0.00125177208
243998	4.486527281e-05
243999	0.001346929053
244000	0.0008266544841
244001	0.002882100857
244002	0.0007716674781
244003	5.528542375e-05
244004	0.001084938062
244005	0.0003669717356
244006	0.0008295675195
244007	0.0004202415218
244008	0.0008831953176
244009	0.002989813534
244010	0.0007928628215
244011	0.001923430638
244012	0.0002630309909
244013	3.406981143e-05
244014	0.0001660480013
244015	0.001908877571
244016	0.0001889468466
244017	0.0005631610404
244018	0.001255211711
244019	0.001597686953
244020	0.0001331699171
244021	0.001023850943
244022	0.000867993255
244023	0.001036523306
244024	0.0003202909477
244025	0.0003758858436
244026	0.002282165501
244027	0.0007361267607
244028	0.0007666655946
244029	0.001687750943
244030	0.002253608738
244031	0.0002561184901
244032	4.611168541e-05
244033	0.001422907295
244034	0.0002494071666
244035	0.0005206573554
244036	2.601207616e-05
244037	0.001732521215
244038	0.0001501573234
244039	0.001632769828
244040	0.0001897722498
244041	0.0001478567949
244042	0.001294466897
244043	0.0009232750492
244044	0.0001345115323
244045	0.0007960871373
244046	0.001033563686
244047	0.001891413088
244048	0.001161901665
244049	0.0001844784989
244050	0.0003634561107
244051	0.001182646516
244052	0.001147076758
244053	0.0005954247485
244054	0.00103611565
244055	0.003544739687
244056	0.003908830638
244057	0.0003049401414
244058	0.0005720603848
244059	8.621868611e-05
244060	0.001609078328
244061	0.005036812155
244062	0.001725550939
244063	0.001252866155
244064	0.000927839883
244065	8.03286602e-05
244066	0.001325519249
244067	0.0001339120111
244068	0.0003372620776
244069	0.0004413903349
244070	0.0009263311127
244071	0.0008315646904
244072	0.0001505976915
244073	0.0008819598244
244074	0.003991558806
244075	0.0008521696182
244076	0.0003276946082
244077	0.0006046611663
244078	0.002893875649
244079	0.0009751044017
244080	0.001448660785
244081	0.004411276454
244082	0.003638601276
244083	0.0007878459941
244084	0.0008351320847
244085	0.001410051369
244086	0.003505912739
244087	9.864052695e-05
244088	0.0001815419889
244089	0.001624359257
244090	0.01151760042
244091	0.0002939660231
244092	0.0003566435795
244093	0.001743794983
244094	0.0008787096615
244095	0.01126484164
244096	0.001264567277
244097	0.000591394824
244098	0.0003535066626
244099	0.001475687281
244100	0.000851120385
244101	0.001411937605
244102	0.0003269249383
244103	0.01085980011
244104	0.004305951783
244105	0.00307353476
244106	0.003302536817
244107	0.004094770591
244108	0.0009565089966
244109	0.002573024916
244110	0.004537202083
244111	0.0009577348438
244112	0.001183339635
244113	0.00204003104
244114	0.001138859697
244115	0.001654705059
244116	0.008160396099
244117	0.0003671856928
244118	0.0002213317916
244119	0.0002660680443
244120	0.000612391239
244121	0.005253295917
244122	0.00200561227
244123	0.0003447575613
244124	0.001280981817
244125	0.0002231079861
244126	0.002905656316
244127	0.000242500734
244128	0.0005529729948
244129	0.0003357801204
244130	0.001248711501
244131	0.001345908176
244132	0.0001328776282
244133	0.0005240505875
244134	0.0001898325361
244135	0.000270603808
244136	0.0003585131292
244137	0.00124154534
244138	9.559773477e-05
244139	0.0002960461153
244140	0.002618633983
244141	0.00553744323
244142	0.00262505418
244143	0.0001474981887
244144	0.000962996315
244145	0.001724283145
244146	0.0002349327911
244147	0.0006127652691
244148	0.0005786508491
244149	0.0001464303197
244150	0.0004204759915
244151	7.95987514e-05
244152	0.001009960592
244153	0.0004185664216
244154	0.0004235965942
244155	0.001229592391
244156	0.001026527425
244157	0.002228704412
244158	0.0004354778352
244159	0.0004071718515
244160	0.0005273451151
244161	0.001043168446
244162	0.0001216013355
244163	0.001152177354
244164	0.002277638591
244165	0.000126069325
244166	0.0001498792262
244167	0.0007493505394
244168	0.0004071643781
244169	0.002649646499
244170	0.001167448965
244171	0.01263537981
244172	7.663895998e-05
244173	0.008205819956
244174	0.0006577958491
244175	0.001836127562
244176	0.001852775233
244177	0.004894556926
244178	0.005892795459
244179	0.003619765879
244180	0.002667437502
244181	0.01012989828
244182	0.0105971267
244183	0.001117994504
244184	0.005619039361
244185	0.004276984365
244186	0.01179996436
244187	0.0003414348089
244188	0.001312926748
244189	0.00252518911
244190	0.003170845827
244191	0.002626699916
244192	0.0007414292928
244193	0.002745603597
244194	0.002419304415
244195	0.002072969429
244196	0.002200055244
244197	0.003070090885
244198	0.001941352406
244199	0.001192908573
244200	0.005870621181
244201	0.0003623993025
244202	0.008874384849
244203	0.0009120705734
244204	0.00190531589
244205	0.0002944017056
244206	0.004488119724
244207	0.01283539005
244208	0.007078464987
244209	0.00912225273
244210	0.001012762742
244211	0.001557414108
244212	0.009685481084
244213	0.005229407109
244214	0.002067397703
244215	0.01087473222
244216	0.001442249455
244217	0.0001804488031
244218	0.001276975589
244219	0.009549594141
244220	0.007786161407
244221	0.003421126593
244222	0.01068775425
244223	0.003785303638
244224	0.003204217457
244225	0.001041233995
244226	0.00391955239
244227	0.001034915173
244228	0.007299957778
244229	0.0006518303407
244230	0.001355232081
244231	0.007290547238
244232	0.0008911485019
244233	0.0002114588128
244234	0.0004156866774
244235	0.001521407271
244236	0.0007127888983
244237	0.0008015324977
244238	0.004895505985
244239	0.003561830053
244240	0.005428532409
244241	0.00446281088
244242	0.003899945828
244243	0.002603597832
244244	0.00147101859
244245	0.007344403579
244246	0.0056714093
244247	0.01113055117
244248	0.009786873041
244249	0.005653166277
244250	0.001523237809
244251	0.00228657587
244252	0.002226221528
244253	0.002490428958
244254	0.006909338759
244255	0.01037377192
244256	0.008200311135
244257	0.001000054946
244258	0.005471923997
244259	0.002693897446
244260	0.002130538718
244261	0.002012420204
244262	0.002331330637
244263	0.002166367151
244264	0.001028931392
244265	0.005427351947
244266	0.001079605327
244267	0.0117608007
244268	0.006625763988
244269	0.001921386674
244270	0.004513341543
244271	0.0007258803453
244272	0.001755164309
244273	0.004840082567
244274	0.00102267636
244275	0.005488732758
244276	0.0005477761352
244277	0.003212749256
244278	0.0007413007462
244279	0.00237409742
244280	0.001929756179
244281	0.002835043421
244282	0.002063937632
244283	0.005435835782
244284	0.0005964410685
244285	6.631842157e-05
244286	0.006034630123
244287	0.001344300948
244288	0.00152882215
244289	0.0001987510584
244290	0.0009351038326
244291	0.00412097141
244292	0.005287025005
244293	0.001583606274
244294	0.001015661892
244295	0.01166864098
244296	0.004927436242
244297	3.356236067e-05
244298	0.006021823231
244299	0.000206077341
244300	0.003801788534
244301	0.003252725798
244302	0.004924210022
244303	0.003406000532
244304	0.005433292603
244305	0.005764672669
244306	0.00651377951
244307	0.0006760003105
244308	0.02364557574
244309	0.0004636019661
244310	0.0009774316614
244311	0.007246477741
244312	0.0005898027048
244313	1.143678027e-05
244314	0.003331916837
244315	0.001673815089
244316	0.003727876812
244317	0.002976763224
244318	0.01054166646
244319	0.01026097912
244320	0.000383391177
244321	0.0008243340376
244322	0.007362515017
244323	0.0001864643736
244324	0.0001940470013
244325	0.0008170023446
244326	0.002194878772
244327	0.002208889694
244328	0.0001762117091
244329	0.006805034904
244330	0.001403985512
244331	0.001357767828
244332	0.004063298407
244333	0.009170586536
244334	0.003727413908
244335	0.001826140329
244336	0.008598645563
244337	0.01042936678
244338	0.002682180159
244339	0.0001612641197
244340	0.001304492548
244341	0.00275770116
244342	0.0006849436204
244343	0.004096348586
244344	0.003244496564
244345	0.00160538587
244346	0.01147550844
244347	0.0004665278398
244348	2.897533229e-05
244349	0.002316126081
244350	3.185398838e-05
244351	7.765494345e-05
244352	0.001420667127
244353	0.000509035785
244354	0.0005165404779
244355	0.0003833747104
244356	0.000682852965
244357	0.001566395576
244358	0.0002770799526
244359	0.0007251964916
244360	0.0006420300904
244361	0.0008836305573
244362	6.354270391e-05
244363	0.008275742164
244364	0.0008265192284
244365	0.0002099784491
244366	0.0006483668617
244367	0.004205055404
244368	7.394624074e-05
244369	0.0003427477458
244370	0.0005251194863
244371	0.0007329058548
244372	0.0009000002013
244373	0.0002924114312
244374	0.0005129120257
244375	9.095946319e-05
244376	0.002966626917
244377	0.0001773401934
244378	0.001793764087
244379	0.0001725240748
244380	0.0003044543738
244381	0.001015387027
244382	0.0001707097607
244383	0.001320935791
244384	0.0009472411869
244385	0.001569951441
244386	0.000986661535
244387	0.0008107192288
244388	0.0001208762009
244389	0.00173842465
244390	0.0003849098923
244391	0.001268159505
244392	0.002017317327
244393	0.0009030207317
244394	0.0015251464
244395	0.0002668082248
244396	0.00114340605
244397	0.001071799052
244398	0.0008234635476
244399	0.001633969138
244400	0.0002162255305
244401	0.0004486686656
244402	0.0003322742857
244403	0.0001687889783
244404	0.000259862197
244405	0.0008758831153
244406	0.001051036268
244407	0.001604042452
244408	0.001298543633
244409	0.002217413539
244410	0.01116483188
244411	0.001182200283
244412	0.006709470448
244413	0.0007201824479
244414	0.0009987905918
244415	0.00147435882
244416	4.459940804e-05
244417	1.690792638e-07
244418	0.0002780337638
244419	0.0006833315436
244420	0.0002467781571
244421	0.0003241020953
244422	2.434368518e-05
244423	5.066624354e-05
244424	0.0007785199491
244425	1.041307409e-05
244426	0.0004124942282
244427	6.263624361e-05
244428	0.005302041925
244429	0.001821381012
244430	0.001361494604
244431	0.0005854033162
244432	0.00114863314
244433	0.001858580737
244434	5.087185004e-05
244435	0.001653653619
244436	7.68436773e-05
244437	0.001827214378
244438	0.0006481479356
244439	0.0004480282974
244440	0.000395351737
244441	0.0007178667071
244442	0.001094101117
244443	0.001075411013
244444	0.0002496393359
244445	8.931618648e-05
244446	0.0004586831682
244447	2.215556504e-06
244448	0.0003401269184
244449	0.00168177446
244450	0.002358194908
244451	0.0003925866063
244452	0.002206400164
244453	0.004998416487
244454	0.004960368427
244455	0.004531477948
244456	0.004957943628
244457	0.007990469121
244458	0.002849907754
244459	0.0001701487926
244460	0.008926944847
244461	0.002192337501
244462	0.001976410195
244463	0.005521449758
244464	0.001972050677
244465	0.0005069880918
244466	0.006488971721
244467	0.01133009928
244468	0.001677011862
244469	0.00477222142
244470	0.0006356124756
244471	0.0008137622114
244472	0.004017225704
244473	0.003819523097
244474	0.004296309763
244475	0.01022064741
244476	0.001145221736
244477	0.001096039333
244478	0.004332192469
244479	0.001476499446
244480	0.001846154646
244481	0.005171863772
244482	0.00299164209
244483	0.002867367676
244484	0.001760967035
244485	0.008845414519
244486	0.0004415785746
244487	0.004915008073
244488	0.004286256437
244489	0.002889782799
244490	0.0006520108279
244491	0.0004092722979
244492	2.747662046e-05
244493	0.002921389544
244494	0.001433901703
244495	0.001317861864
244496	0.0009047102435
244497	0.0002418315297
244498	6.239319617e-06
244499	0.001100702642
244500	0.0003235781119
244501	0.0003338667805
244502	0.0006901603486
244503	0.001116446887
244504	0.00219640444
244505	0.0002319644004
244506	0.001696679896
244507	0.0001480376925
244508	0.001988981372
244509	3.092425442e-06
244510	0.001291609888
244511	0.004006718143
244512	0.0006622696933
244513	0.001222098138
244514	0.0009331058458
244515	0.0005944654507
244516	0.00065011383
244517	0.0001622570996
244518	0.0005364321806
244519	0.001605298477
244520	0.0007297196182
244521	0.0001107294268
244522	0.001007235093
244523	0.0005319958468
244524	0.0007522095926
244525	0.0002244999896
244526	0.001690436227
244527	0.000157026251
244528	0.0009688613873
244529	0.0002174136007
244530	0.002923582411
244531	0.0005356958252
244532	0.001207350998
244533	0.0001796908748
244534	0.0007011353817
244535	0.001619241904
244536	0.002924311344
244537	0.003682125527
244538	0.0007046537846
244539	0.0001937409578
244540	0.001160945624
244541	0.0008279833411
244542	0.006798313093
244543	1.228018469e-08
244544	0.003266042066
244545	0.007373638325
244546	0.00102169733
244547	0.004574856439
244548	0.004424464419
244549	0.005970654757
244550	0.004029495577
244551	0.003858369378
244552	0.0116258883
244553	0.000277062937
244554	0.00424074545
244555	0.007041579422
244556	0.01679678903
244557	0.008936647378
244558	0.001727980257
244559	0.008311326791
244560	0.003371058927
244561	0.005178574582
244562	0.004148295402
244563	0.006840597257
244564	0.008451099909
244565	0.001465792302
244566	0.0003529987363
244567	0.001390217065
244568	0.01219808887
244569	0.0009965251904
244570	1.010949588e-05
244571	0.009271650576
244572	0.008489389863
244573	0.01118325334
244574	0.002762785597
244575	0.004700710298
244576	0.001210070986
244577	0.000248177263
244578	0.003679484078
244579	0.0001232492205
244580	0.001244469384
244581	0.00219580128
244582	0.001806268647
244583	0.008986247024
244584	0.003544803871
244585	0.004772231196
244586	0.002042167613
244587	0.0008511568609
244588	0.001063216323
244589	0.0004204298515
244590	0.009362887065
244591	0.007967241615
244592	0.007266582599
244593	0.002300488614
244594	0.009036363596
244595	0.005288213264
244596	0.006710917117
244597	0.007823368942
244598	0.01394922643
244599	0.01080993839
244600	0.002981392652
244601	0.002286824384
244602	0.01690852693
244603	0.01717462308
244604	0.0002193296587
244605	0.01746080417
244606	0.00878895432
244607	0.003186617939
244608	0.004638467089
244609	0.003056684402
244610	0.01233218427
244611	0.002580169968
244612	0.002755629944
244613	0.002485281372
244614	0.003782382273
244615	0.004276593957
244616	0.003180223032
244617	0.0005690248452
244618	0.004139694454
244619	0.00542941148
244620	2.065588305e-05
244621	0.0007618218274
244622	2.129692893e-06
244623	0.009053390169
244624	0.0004213998528
244625	0.01103998283
244626	0.0006738789977
244627	0.003047545855
244628	0.01142843372
244629	0.006058632092
244630	0.006871483426
244631	0.001322422192
244632	0.002834164845
244633	0.008075199962
244634	0.009943483356
244635	0.000891574996
244636	0.001619484282
244637	0.002369715226
244638	0.005357457785
244639	0.001109899886
244640	0.001584439559
244641	0.01307826709
244642	0.01109346768
244643	0.01533098674
244644	0.006810494553
244645	0.007535702203
244646	0.01158549671
244647	0.0008343067514
244648	0.00395604326
244649	0.003692245709
244650	0.006691359372
244651	0.004646937683
244652	0.006054803417
244653	0.004456281116
244654	0.00358887785
244655	0.001808861315
244656	0.0110114025
244657	0.01265888918
244658	0.004762633485
244659	0.01294388505
244660	5.836188373e-05
244661	0.00754921093
244662	0.008480739275
244663	0.004097862257
244664	0.002461794016
244665	0.009174795521
244666	0.009809628251
244667	0.003262963055
244668	0.005666382971
244669	0.006018760909
244670	0.002274079409
244671	0.001128105326
244672	0.001632351413
244673	0.005157961535
244674	0.006995954623
244675	0.002961718499
244676	0.003557379706
244677	0.009886029404
244678	0.00462144748
244679	0.001778691644
244680	0.00115420077
244681	0.00391707172
244682	0.0001174217504
244683	0.005271529548
244684	0.008190954095
244685	0.007727128912
244686	0.003835549856
244687	0.00366721413
244688	0.01055265197
244689	0.005079223432
244690	0.007237273406
244691	0.01107991762
244692	0.003520718334
244693	0.0001049507988
244694	0.003942009372
244695	0.001625120301
244696	0.0002025105701
244697	0.003883193183
244698	0.002011466065
244699	0.005633597185
244700	0.01023777864
244701	0.0001548409241
244702	0.0105459618
244703	0.0003169239655
244704	0.01253864299
244705	1.705581207e-08
244706	0.002485340411
244707	0.0003286760612
244708	0.004635785352
244709	0.002687633628
244710	0.007183553758
244711	0.01190005862
244712	0.001664045339
244713	0.002152125926
244714	0.005993552812
244715	0.003532592286
244716	0.001900600536
244717	0.005913278478
244718	0.001378622427
244719	0.01065693247
244720	2.029777196e-05
244721	0.003712857064
244722	0.006313503423
244723	0.00130066638
244724	0.001752811763
244725	0.001001624675
244726	0.003183116682
244727	0.002918450549
244728	3.839522736e-05
244729	0.0008332404295
244730	0.002709262526
244731	0.0007476988287
244732	0.002698870759
244733	0.00908255576
244734	0.0001217665167
244735	0.005440800501
244736	0.003781492455
244737	0.000637196566
244738	0.001546670655
244739	0.000321499353
244740	0.001228994214
244741	0.005118321777
244742	0.003400536924
244743	0.004042100524
244744	0.004622159657
244745	0.003552287036
244746	0.005863967509
244747	0.005926486676
244748	0.0004830793055
244749	0.001120437035
244750	0.001642705243
244751	0.003523878903
244752	0.008255856898
244753	0.0002775110948
244754	0.005050138876
244755	0.005659227192
244756	0.002437535158
244757	0.001044737496
244758	0.001864850747
244759	0.001913859795
244760	0.002692346738
244761	0.007468087462
244762	0.005984376202
244763	0.003975136222
244764	0.004060696239
244765	0.004255092933
244766	0.004894875638
244767	0.01232628855
244768	0.004546691289
244769	0.01090936136
244770	0.005826833698
244771	0.0004532400622
244772	0.00575043473
244773	0.001810177262
244774	0.001619343071
244775	0.001145750088
244776	0.005546548906
244777	0.01342513177
244778	0.002873722045
244779	0.005223051004
244780	0.003873622424
244781	0.0005510206433
244782	0.002536945622
244783	0.0005439711806
244784	0.003491544439
244785	0.008403482353
244786	0.001479107712
244787	0.002522936942
244788	0.0001756191529
244789	0.00323039449
244790	0.0002898809417
244791	0.009189024912
244792	0.003598153136
244793	0.004026920439
244794	0.0009087801775
244795	0.00400996138
244796	0.001073186455
244797	0.009664321284
244798	0.002303194801
244799	0.002032639946
244800	0.004784857848
244801	0.004779607502
244802	0.007472098513
244803	0.004391975299
244804	0.009015484705
244805	0.00557849094
244806	0.004925081809
244807	0.009949778655
244808	0.004508817737
244809	0.003545606572
244810	0.007641268762
244811	0.002890657964
244812	0.002667950913
244813	0.009997104949
244814	0.00514608688
244815	0.003730259689
244816	0.00321965074
244817	0.002416487513
244818	0.002108207565
244819	0.004810262736
244820	0.006152851142
244821	0.004611021088
244822	0.0008721593342
244823	0.005788284608
244824	0.008111220062
244825	0.01239778856
244826	0.001553880478
244827	7.320668505e-05
244828	0.004978260914
244829	0.001618153129
244830	0.01173295804
244831	0.001274337784
244832	0.002880263505
244833	0.008088957171
244834	0.004711299979
244835	8.018290163e-05
244836	0.00108624012
244837	0.0008229789041
244838	0.001131726418
244839	0.0006197750448
244840	1.956447838e-07
244841	0.008663764973
244842	0.01251006157
244843	0.005709387805
244844	0.0002815905578
244845	0.002887849055
244846	0.001508011277
244847	0.0003537392175
244848	0.003430202415
244849	0.0009450658279
244850	0.003507690779
244851	0.00111624117
244852	0.005955234612
244853	0.002645739643
244854	0.006357620127
244855	0.00489371022
244856	0.003484078905
244857	0.0008120740367
244858	0.001059401702
244859	0.00216930347
244860	0.007144690144
244861	0.0004592089585
244862	0.003760498237
244863	0.00238037847
244864	0.001655416476
244865	0.001721491155
244866	0.00092162033
244867	0.001482925642
244868	0.003234213192
244869	0.002760501504
244870	0.001662581093
244871	0.003029850324
244872	0.002155255462
244873	0.003256489821
244874	0.0007676391074
244875	0.002493841036
244876	0.002311473378
244877	0.0004223487313
244878	0.002325312083
244879	0.001776571003
244880	0.0008996395774
244881	0.0005051900124
244882	0.001628092398
244883	0.0004637045495
244884	0.0009459184668
244885	0.0003225034724
244886	0.001548825542
244887	0.0003764878228
244888	0.003405483051
244889	1.961366793e-05
244890	0.002654261317
244891	0.001771242448
244892	0.001461099831
244893	0.002147089692
244894	0.001068824811
244895	0.002789420887
244896	0.002727430855
244897	0.002125592377
244898	0.001690443731
244899	0.002036135304
244900	0.002802328251
244901	0.002498478029
244902	0.001927726699
244903	0.0006676734302
244904	0.001695188656
244905	0.002663089165
244906	0.00165825636
244907	0.0016822049
244908	0.002320327711
244909	0.003743339956
244910	0.001380170814
244911	0.001448023854
244912	0.00125324687
244913	0.002235233051
244914	0.00333380875
244915	0.003485822512
244916	0.002650658846
244917	0.002723802339
244918	0.001401017862
244919	0.0003158351841
244920	0.003021524027
244921	0.002971552139
244922	0.002083822595
244923	0.002965248611
244924	0.002279690663
244925	0.00213971647
244926	0.0008163458878
244927	0.001130564327
244928	0.003069199475
244929	0.003436225906
244930	0.001346185238
244931	0.001253621777
244932	0.003564773778
244933	0.002751395764
244934	0.002323522181
244935	0.003397953395
244936	0.003477237322
244937	0.002630979245
244938	0.00758541568
244939	0.003052167854
244940	0.003398840577
244941	0.001049287018
244942	0.001573802517
244943	0.00141952799
244944	0.002109474169
244945	0.003415675895
244946	0.0010863715
244947	0.002356812643
244948	0.002851316528
244949	0.0005793990901
244950	0.003011839821
244951	0.001463848537
244952	0.001044224348
244953	0.003093890667
244954	0.002090542242
244955	0.002987899522
244956	0.001265677953
244957	0.001696629715
244958	0.000885659889
244959	0.002017679503
244960	0.00286653422
244961	0.002291095855
244962	0.001699579035
244963	0.001649558671
244964	0.002303870938
244965	0.002641941721
244966	0.0008958698752
244967	0.0008377487183
244968	0.0009839642556
244969	0.001651476352
244970	0.001030198948
244971	0.003127321193
244972	0.002688280392
244973	0.003072530076
244974	0.001345227425
244975	0.002172900299
244976	0.002104737053
244977	0.001347819152
244978	0.001690639852
244979	0.002395040948
244980	0.00269553929
244981	0.002436301851
244982	0.0005134079905
244983	0.002845122249
244984	0.0007711246246
244985	0.0001597066705
244986	0.0005043337962
244987	0.001777950751
244988	0.003229946537
244989	0.002621500912
244990	0.0041944204
244991	0.002822634582
244992	0.0006589269624
244993	0.004067633065
244994	0.001666305168
244995	0.002244457613
244996	0.005304459444
244997	0.001490191965
244998	0.0005570976346
244999	0.002627871432
245000	0.001875694077
245001	0.002454589609
245002	0.0008293820108
245003	0.0008175355169
245004	0.001581204477
245005	0.001140382912
245006	0.0004370294534
245007	0.00204577935
245008	0.003481180811
245009	0.001397472989
245010	0.001779243717
245011	0.003458479043
245012	0.002270800501
245013	0.002792637423
245014	0.003387666421
245015	0.00348638176
245016	0.002561410275
245017	0.002254091223
245018	0.001639580277
245019	0.002226493315
245020	0.002820684802
245021	0.0006647428201
245022	0.0003440961124
245023	0.0001211052411
245024	0.000542502791
245025	0.001356713055
245026	0.002133773383
245027	0.0006491922761
245028	0.01217580487
245029	0.004232690441
245030	0.0008772749024
245031	0.003801730793
245032	0.00178912708
245033	0.002472113838
245034	0.008212371229
245035	0.005072688148
245036	0.008095561651
245037	0.001654043335
245038	0.01256710768
245039	0.002443650161
245040	0.001566713149
245041	0.00160325783
245042	0.003621153893
245043	0.001034343459
245044	0.006080953527
245045	0.003635617103
245046	0.002843971643
245047	0.001788977554
245048	0.004980904346
245049	0.008671730953
245050	0.002783449691
245051	0.002424249537
245052	0.002275826943
245053	0.003787187587
245054	0.01037874716
245055	0.001729028957
245056	0.001764294667
245057	0.006014551046
245058	0.003159795612
245059	0.001112893568
245060	0.003874969076
245061	0.004001219749
245062	0.007059757699
245063	0.003299523041
245064	0.01057768669
245065	0.005389343993
245066	0.01130658076
245067	0.01880320732
245068	0.0041837993
245069	0.00297822574
245070	0.0130876715
245071	0.01744357798
245072	0.007431444343
245073	0.004706221821
245074	2.519248075e-05
245075	0.001964219258
245076	0.006805890551
245077	0.004477664529
245078	0.003128104162
245079	0.002253655479
245080	0.004452175248
245081	0.005511650395
245082	0.003911131557
245083	0.01852033696
245084	0.009792324975
245085	0.003080706048
245086	0.01294120312
245087	0.001132428362
245088	0.00543165731
245089	0.0005049488602
245090	0.007110317332
245091	0.01513867381
245092	0.005407657662
245093	0.01316466427
245094	0.001951786597
245095	0.001248630407
245096	0.01567969724
245097	0.002745494751
245098	0.01429518903
245099	0.002769048487
245100	0.004524535752
245101	0.00630517815
245102	0.002095808268
245103	0.0007554677029
245104	0.002957728192
245105	0.00362306436
245106	0.0006824547125
245107	0.009278854028
245108	0.002959422386
245109	0.003907332163
245110	0.00247199025
245111	0.001139929173
245112	0.004566195966
245113	0.005397661593
245114	0.006668277598
245115	0.006458997266
245116	0.001294273515
245117	0.0004064466845
245118	0.000359789821
245119	0.00402446049
245120	0.008993793251
245121	0.007095813783
245122	0.008750164442
245123	0.008433534047
245124	0.001044934843
245125	0.004805134102
245126	0.01174195027
245127	0.003426952392
245128	0.01159413333
245129	0.002712143623
245130	0.006084648398
245131	0.005867940187
245132	0.003166983035
245133	0.004040649629
245134	0.0107260269
245135	0.002379576903
245136	0.001037146298
245137	0.003536448413
245138	0.002528843767
245139	0.0007398144395
245140	0.0002025661887
245141	0.004298669559
245142	0.002476917785
245143	0.001751840444
245144	0.001490186321
245145	0.003675691198
245146	0.003028233165
245147	0.002775721253
245148	0.0001658406762
245149	0.002651350447
245150	0.003095654562
245151	0.001702292744
245152	0.004148373779
245153	0.003226134844
245154	0.001135927277
245155	0.003783672861
245156	0.0003255930312
245157	0.005841733835
245158	0.002767150042
245159	0.0008859744105
245160	0.001310886386
245161	0.002576393928
245162	0.00260504522
245163	0.002274044991
245164	0.001365311275
245165	0.002436787888
245166	0.002386749307
245167	0.006638424981
245168	0.002537241762
245169	0.002675923247
245170	0.002237154047
245171	0.003118694207
245172	0.001633204526
245173	0.00383099209
245174	0.002330907739
245175	0.001964802313
245176	0.002446484248
245177	0.00090779954
245178	0.001180552955
245179	0.0006595788614
245180	3.865926957e-05
245181	0.003155268485
245182	0.003166540756
245183	0.002717509618
245184	0.0008514078411
245185	0.00490037531
245186	0.001060451493
245187	0.00244035701
245188	0.004882202096
245189	0.0004510112656
245190	0.0007455195719
245191	0.003259415197
245192	0.002222051297
245193	0.002058259879
245194	0.001163705956
245195	0.0009561882389
245196	0.01219328071
245197	0.002562749291
245198	0.001682595998
245199	0.003344782237
245200	0.002997193286
245201	0.0006726608578
245202	0.001178553942
245203	0.002130223263
245204	0.001201260187
245205	0.001488593121
245206	0.002154620341
245207	0.001441404577
245208	0.002180954331
245209	0.001126758957
245210	0.001470979067
245211	0.004430172488
245212	0.003469993797
245213	0.0009689390864
245214	0.005437867396
245215	0.002654515721
245216	0.0007980043943
245217	0.003151733557
245218	0.003190870696
245219	0.001344271812
245220	0.002787740174
245221	0.00202484327
245222	0.001735250592
245223	0.004912182249
245224	0.00190983354
245225	0.0023738107
245226	0.002391592562
245227	0.003477994315
245228	0.001835784539
245229	0.001751482019
245230	0.0058791025
245231	0.004029945594
245232	0.003258213414
245233	0.006205630769
245234	0.003035099467
245235	0.001928402604
245236	0.002190979855
245237	0.002378088201
245238	0.00221816847
245239	0.002320313084
245240	0.00242541527
245241	0.001138972821
245242	0.002150565879
245243	0.001165657262
245244	0.001852970804
245245	0.002604289222
245246	0.001600570654
245247	0.002763313302
245248	0.001845672349
245249	0.003874508423
245250	0.008079850776
245251	0.003187146862
245252	0.001426359035
245253	0.002323436967
245254	0.003289715805
245255	0.002114805779
245256	0.001556433778
245257	0.003042218549
245258	0.002802584156
245259	0.001947795284
245260	0.005054514802
245261	0.00250582507
245262	0.002785867586
245263	0.002542205637
245264	0.001297319527
245265	0.00274147099
245266	0.003362073854
245267	0.002696159171
245268	0.003038060546
245269	0.00288489162
245270	0.0007238432268
245271	0.002626111894
245272	0.0009172957615
245273	0.00409510278
245274	0.0009465583851
245275	0.002846810677
245276	0.003090563107
245277	0.002431686611
245278	0.001656506852
245279	0.004271190949
245280	0.002272489384
245281	0.002799442255
245282	0.001250238506
245283	0.004710798784
245284	0.002286051955
245285	0.003103909439
245286	0.001460531792
245287	0.003413775115
245288	0.003040841839
245289	0.002745235878
245290	0.0007098017389
245291	0.00428070675
245292	0.000395227296
245293	0.001696749226
245294	0.003585598913
245295	0.0009672499413
245296	0.003712379585
245297	0.003847115067
245298	0.004138154192
245299	0.004511434312
245300	0.0002592052523
245301	0.005064530664
245302	0.001585484568
245303	0.0004270385297
245304	0.00196731424
245305	0.002099249633
245306	0.0004531692862
245307	0.003986239248
245308	0.002651900587
245309	0.0006658175011
245310	0.001997540175
245311	0.003274570919
245312	0.001454955888
245313	0.006328608639
245314	0.001695312575
245315	0.003811284795
245316	0.001854398651
245317	0.003951629294
245318	0.001813154143
245319	0.001458335678
245320	0.001840453475
245321	0.003470538223
245322	0.002645269032
245323	0.0001575593944
245324	0.003804440297
245325	0.002913076714
245326	0.002133403574
245327	0.001477838913
245328	0.000631744205
245329	0.001914190064
245330	0.002493600093
245331	0.001648618129
245332	0.001062785271
245333	0.002847379859
245334	0.002769136686
245335	0.007956681442
245336	0.009300989783
245337	0.002218039942
245338	0.001993785774
245339	0.002607910032
245340	0.003402882834
245341	0.002229799077
245342	0.003685867053
245343	0.003233086214
245344	0.002245854565
245345	0.002554114276
245346	0.0008824062756
245347	0.00382881189
245348	0.002873110446
245349	0.002792807364
245350	0.003172845284
245351	0.005689062043
245352	0.003530774848
245353	0.001053999017
245354	0.001991982159
245355	0.001462338697
245356	0.002575247469
245357	0.002182786202
245358	0.01392740519
245359	0.002762008519
245360	0.0007119417622
245361	0.003007500774
245362	0.002170277996
245363	0.001510968548
245364	0.003214538251
245365	0.004069161496
245366	0.0007538773478
245367	0.001909396776
245368	0.003158291949
245369	0.002294168218
245370	0.001834271677
245371	0.002048806385
245372	0.002422900431
245373	0.001672557279
245374	0.0003384555346
245375	0.003806255421
245376	0.002683871393
245377	0.001983583047
245378	0.002207265378
245379	0.001635331759
245380	0.0007010221061
245381	0.002549903964
245382	0.002522474304
245383	0.002959745583
245384	0.002926359786
245385	0.00218980119
245386	0.00277643122
245387	0.001981307951
245388	0.002988321093
245389	0.003152818823
245390	0.001055190712
245391	0.002930798666
245392	0.001945627776
245393	0.00249628414
245394	0.003278322038
245395	0.003058778598
245396	0.001515555197
245397	7.338353773e-05
245398	0.001229200436
245399	0.002052546376
245400	0.001138110233
245401	0.001399062368
245402	0.002731555704
245403	0.00328082917
245404	0.003530458101
245405	0.002149728025
245406	0.0007484528976
245407	0.008735272099
245408	0.003612121563
245409	0.002483144475
245410	0.0002330654559
245411	0.002867810348
245412	0.003714588973
245413	0.003030673134
245414	0.002762167069
245415	0.003391986101
245416	0.0007422575444
245417	0.001423752679
245418	0.001753588176
245419	0.001188736234
245420	0.001189094646
245421	0.001546743888
245422	0.000427311327
245423	6.993480421e-05
245424	0.001568327303
245425	0.002189985641
245426	0.005368622897
245427	0.00382991499
245428	0.004197580694
245429	0.00378912513
245430	0.003550138332
245431	0.003101136557
245432	0.002181487369
245433	0.001894439848
245434	0.0008301515301
245435	0.003316312655
245436	0.002800744463
245437	0.003571079534
245438	0.002451871768
245439	0.002884675441
245440	0.001365397784
245441	0.001162003359
245442	0.001817960652
245443	0.003779737695
245444	1.800407382e-05
245445	0.002129481011
245446	0.003018724774
245447	0.002820389382
245448	0.003414393939
245449	0.00131338862
245450	0.002750525073
245451	0.00210270152
245452	0.007045563787
245453	0.00305791143
245454	0.0008172591668
245455	0.002129646344
245456	0.00371104212
245457	0.002832674313
245458	0.003027880176
245459	0.003332561073
245460	0.001654216399
245461	0.003019250278
245462	0.00243662446
245463	0.003265552326
245464	0.002164747906
245465	0.001402770377
245466	0.001010455614
245467	0.003312271608
245468	0.0001625625123
245469	0.003196384798
245470	0.001869473466
245471	0.0022749045
245472	0.0009875160859
245473	0.003310984572
245474	0.001503138199
245475	0.001674879561
245476	0.001790402889
245477	0.001568582956
245478	0.0009809831895
245479	0.002955350292
245480	0.002893751942
245481	0.0003218153672
245482	0.001364423948
245483	0.002566401464
245484	0.002370891323
245485	0.001983468227
245486	0.001880138862
245487	0.001236535462
245488	0.001319220337
245489	0.000975852282
245490	0.008484194877
245491	0.003620478659
245492	0.003726368581
245493	0.001813715148
245494	0.003171144215
245495	0.001009204461
245496	0.002653000792
245497	0.001421641707
245498	0.00149438098
245499	0.001989146642
245500	0.000105395484
245501	0.001503063662
245502	0.002313900312
245503	0.001215849507
245504	0.001837183483
245505	0.003955817079
245506	0.002447467777
245507	0.000629810256
245508	0.0002830918997
245509	4.276615779e-05
245510	0.003221420432
245511	0.001793303698
245512	0.003053081485
245513	0.001262041471
245514	0.003106831225
245515	0.002359357353
245516	0.003505500202
245517	0.001975985
245518	0.003145467914
245519	0.001725556407
245520	0.002796580305
245521	0.003298847222
245522	0.002086138817
245523	0.002260277983
245524	0.00348375844
245525	0.003281041461
245526	0.00174818938
245527	0.001813914665
245528	0.0006850442158
245529	0.001528140275
245530	0.002824463082
245531	0.002480151645
245532	0.001955281754
245533	0.001353412509
245534	0.00238001725
245535	0.00161547893
245536	0.002442738909
245537	0.002088673019
245538	0.002222703873
245539	0.003492682879
245540	0.001341164281
245541	0.003834387801
245542	0.002303982337
245543	0.004744974106
245544	0.00269892051
245545	0.006170486101
245546	0.000365195728
245547	0.005212939421
245548	0.0005834194058
245549	0.00317970787
245550	0.002786397917
245551	0.001472607304
245552	0.002793035253
245553	0.00336434573
245554	0.0007364495522
245555	0.004081296559
245556	0.00158776395
245557	0.002701894007
245558	0.004036653542
245559	0.001115808257
245560	0.001462367109
245561	0.002938941205
245562	0.002425647199
245563	0.0001276502009
245564	0.002875682492
245565	0.001997935239
245566	0.003390366792
245567	0.003520168494
245568	0.003066013764
245569	0.003438482347
245570	0.0005207495004
245571	0.002912689832
245572	0.002315362322
245573	0.005497212645
245574	0.003692973777
245575	0.002356899787
245576	0.003324638731
245577	0.002458241274
245578	0.002363750296
245579	0.0002079321621
245580	0.002243122093
245581	0.003248485504
245582	0.005370370266
245583	0.009934013623
245584	0.008241749126
245585	0.001275251623
245586	0.001382857579
245587	0.001970508509
245588	0.003393649918
245589	0.001685204364
245590	0.003868263632
245591	0.0005469416786
245592	0.002267836925
245593	0.002344667904
245594	0.001941767641
245595	0.001664810788
245596	0.002861213295
245597	0.00088511848
245598	0.002566505497
245599	0.00309354894
245600	0.001471394752
245601	0.002378631139
245602	0.00211440881
245603	0.00170844168
245604	0.001070958682
245605	0.004274289162
245606	0.003295435303
245607	0.001084739023
245608	0.003047341405
245609	0.002355002153
245610	0.002145031842
245611	0.002505485577
245612	0.003723043059
245613	0.001209903374
245614	0.003079249339
245615	0.0011804951
245616	0.0011336834
245617	0.001942347326
245618	0.002187120226
245619	0.004599400759
245620	0.002030979648
245621	0.001186477569
245622	0.002530355935
245623	0.002148377016
245624	0.002511890499
245625	0.0009200712666
245626	0.0018487577
245627	0.001823442799
245628	0.001125867237
245629	0.002922021736
245630	0.001329046177
245631	0.003260587318
245632	0.002755329027
245633	0.006727103751
245634	0.001930344054
245635	0.001133710653
245636	0.004616908817
245637	0.004656714897
245638	0.001070338373
245639	0.00113809962
245640	0.004051929621
245641	0.0006018805087
245642	0.003887086628
245643	0.002457430281
245644	0.002805013644
245645	0.001730490581
245646	0.002701783304
245647	0.003341718343
245648	0.002831023965
245649	0.01698925027
245650	0.0009704682429
245651	0.002187306506
245652	0.0007237555857
245653	0.002377124458
245654	0.00364599721
245655	0.003021902148
245656	0.002473914185
245657	0.002258706133
245658	0.002500449223
245659	0.001764308769
245660	0.002555207315
245661	0.003499571936
245662	0.002722288993
245663	0.001864738309
245664	0.001886958301
245665	0.002627158384
245666	0.001310280842
245667	0.002895920683
245668	0.001257821839
245669	0.001206708882
245670	0.001797251033
245671	0.003308969411
245672	0.0008867128809
245673	0.003107646409
245674	0.003434309964
245675	0.001449381731
245676	0.001134240768
245677	0.003355911638
245678	0.003124598154
245679	0.003591495228
245680	0.00255191621
245681	0.003548999086
245682	0.003384225012
245683	0.002701721054
245684	0.004323656989
245685	0.00610672404
245686	0.002141237621
245687	0.002894944188
245688	0.003079310427
245689	0.002423086559
245690	0.002623402244
245691	0.0006301519237
245692	0.003935198325
245693	0.001626630689
245694	0.0008814260518
245695	0.00254087862
245696	0.00204033451
245697	0.0009021353553
245698	0.002967901621
245699	0.001440443539
245700	0.001628734373
245701	0.003052434265
245702	0.003580306597
245703	0.003083246481
245704	0.003589621544
245705	0.002495818196
245706	0.002976390637
245707	0.003612892593
245708	0.001948149092
245709	0.002784662071
245710	0.0003332103708
245711	0.00144950671
245712	0.001546521991
245713	0.003553784266
245714	0.003458996021
245715	0.001720549943
245716	0.001736264381
245717	0.001911910441
245718	0.003607983114
245719	0.003099208793
245720	0.002630703922
245721	0.00247292362
245722	0.003082959222
245723	0.002061546417
245724	0.005993308501
245725	0.003497296153
245726	0.0005095652582
245727	1.556192798e-05
245728	0.003211955201
245729	0.002299239266
245730	0.0003450806769
245731	0.002356151591
245732	0.003396706742
245733	0.002516408132
245734	0.002920788467
245735	0.002349765444
245736	0.002697716653
245737	0.004416765619
245738	0.00325326187
245739	0.003059815842
245740	0.001085007823
245741	0.001870692894
245742	0.001039289256
245743	0.00331824376
245744	0.002808835264
245745	0.001410288532
245746	0.004035573681
245747	0.002249572509
245748	0.002909201373
245749	0.002435232893
245750	0.003038459241
245751	0.001634088515
245752	0.0008530754147
245753	0.002509150923
245754	0.003007811813
245755	0.002439765016
245756	0.003120965146
245757	0.002100240509
245758	0.001080389402
245759	0.004950075552
245760	0.002271594044
245761	0.002960445405
245762	0.001631324434
245763	0.001568433208
245764	0.002577968974
245765	0.00500538377
245766	0.001683730702
245767	0.001616748352
245768	0.002344611133
245769	0.006440895282
245770	0.001420032753
245771	0.0002795962221
245772	0.002226122832
245773	0.002179983006
245774	0.003217605114
245775	0.002340885439
245776	0.002540477139
245777	0.002375795106
245778	0.00192590933
245779	0.003164736758
245780	0.001511161796
245781	0.002126443576
245782	0.0003306342968
245783	0.003810688096
245784	0.002272279456
245785	0.0003845104741
245786	0.002145848385
245787	0.005647644612
245788	0.001396916637
245789	0.00229184863
245790	0.0008886690322
245791	0.001635982761
245792	0.00155371712
245793	0.0004558445023
245794	0.003589044945
245795	0.0003212700343
245796	0.002614626743
245797	0.001512251874
245798	0.001650147571
245799	0.002290744425
245800	0.0004870944073
245801	0.001074431255
245802	0.002429645503
245803	0.002078980072
245804	0.001854262738
245805	0.0006024135983
245806	0.0008231609108
245807	0.0008041076613
245808	0.002359951237
245809	0.001185529235
245810	0.001789478383
245811	0.003110536853
245812	0.002332692258
245813	0.003634700154
245814	0.000938569796
245815	0.002176479758
245816	0.005073353936
245817	0.003209600924
245818	0.003668078157
245819	0.002591231362
245820	0.000650719593
245821	0.001561945971
245822	0.003526108579
245823	0.004702009911
245824	0.004062348805
245825	0.001984898917
245826	0.0001766439684
245827	0.001176916836
245828	0.006745448058
245829	0.006454885713
245830	0.001143668105
245831	0.0004013087958
245832	0.003680891825
245833	0.006542216205
245834	0.003183080036
245835	0.002426354472
245836	0.007183202018
245837	0.001103666943
245838	0.00942597916
245839	0.004895916599
245840	0.006177796534
245841	0.002424037494
245842	0.004532259215
245843	0.008354861955
245844	0.002421032325
245845	4.213362632e-05
245846	0.006918466187
245847	0.001864666831
245848	0.008299266827
245849	0.009119355563
245850	0.01049068364
245851	0.002267377689
245852	0.0006032416154
245853	0.01353134353
245854	0.001219277263
245855	0.001262896501
245856	0.005954653284
245857	0.008495456128
245858	0.001927128738
245859	0.00531855124
245860	0.008947793358
245861	0.001805959177
245862	0.00423142811
245863	0.01238468112
245864	0.004091714948
245865	0.004817199974
245866	0.004261770311
245867	0.007118833488
245868	0.009963605935
245869	0.001588925977
245870	0.00827515339
245871	0.003277756782
245872	0.006738044296
245873	0.004191208477
245874	0.01020469713
245875	0.007422882725
245876	0.004754779425
245877	0.009684153047
245878	0.002652619016
245879	0.001527193533
245880	0.004776902763
245881	0.01349469316
245882	0.009777349678
245883	6.432403566e-05
245884	0.0003555271207
245885	0.0007252628934
245886	0.0009951192754
245887	0.003891493722
245888	0.0003261402166
245889	0.002846626428
245890	0.004027677423
245891	0.001020959014
245892	0.01280001526
245893	0.004284685397
245894	0.004245444095
245895	0.004507025685
245896	0.005684235206
245897	0.002783497036
245898	0.00886306776
245899	0.006928263605
245900	0.005745488507
245901	0.009578267492
245902	0.008899347531
245903	0.0009328269789
245904	0.008238742673
245905	0.003242834544
245906	0.001586105466
245907	0.004318388446
245908	0.0143728092
245909	0.008098209835
245910	0.01468256006
245911	0.002894278758
245912	0.005411608149
245913	0.004417527941
245914	0.001700133355
245915	0.002841503441
245916	0.006964591541
245917	0.01036658779
245918	0.006401260788
245919	0.003744067642
245920	0.004109824119
245921	0.002643841035
245922	0.003352522058
245923	0.004069381385
245924	0.003200860493
245925	0.005431704279
245926	0.01427736813
245927	0.0009464425154
245928	0.003887581799
245929	0.01400078514
245930	0.001287309844
245931	0.003912797202
245932	0.009892105302
245933	0.010597065
245934	0.01391633508
245935	0.007274779357
245936	0.001788073198
245937	0.004007625189
245938	0.001851067672
245939	0.002494511803
245940	0.006628023754
245941	0.00721022349
245942	0.002411615899
245943	0.007287544665
245944	0.0004548538896
245945	0.004299042577
245946	6.411010217e-05
245947	0.008249410771
245948	0.001894301221
245949	0.008350375954
245950	0.001890409341
245951	0.003388594492
245952	0.005046936931
245953	0.004687141897
245954	0.006168869375
245955	0.001239282626
245956	0.0008687801099
245957	0.003495246235
245958	0.004778633769
245959	0.002805039679
245960	0.0005532198521
245961	0.009035236932
245962	0.002278517688
245963	0.006283429299
245964	0.01174113439
245965	0.00208243587
245966	0.001938703365
245967	0.008555671529
245968	0.002947833295
245969	0.01341062849
245970	0.008051469123
245971	0.002640641772
245972	0.005262310019
245973	0.009985476948
245974	0.009330702711
245975	0.0005900470537
245976	0.001286625756
245977	0.008201296399
245978	0.002063904031
245979	0.0007904953125
245980	0.005250090882
245981	0.01609763863
245982	0.000245516153
245983	0.007094192213
245984	0.00330640995
245985	0.01559171797
245986	0.007148704779
245987	0.005743829725
245988	0.00627055611
245989	0.001350629611
245990	0.003881655678
245991	0.00324064937
245992	0.00455265161
245993	0.003249271764
245994	0.007062172964
245995	0.002179207747
245996	0.01000542119
245997	0.008737144472
245998	0.001324819956
245999	0.005289973043
246000	0.0009457215812
246001	0.0001663376173
246002	2.813389937e-05
246003	0.0004543500425
246004	0.0004758152254
246005	0.0003730396079
246006	0.0002596569576
246007	0.0001888702843
246008	0.0004166979764
246009	0.0009773225806
246010	1.782437911e-05
246011	0.0008165895899
246012	0.000798211574
246013	0.0008047871382
246014	3.504170844e-05
246015	0.001278910303
246016	0.0002286988355
246017	0.0007654878689
246018	0.001395443971
246019	0.001201870384
246020	0.00840212281
246021	0.008134724284
246022	2.790358898e-06
246023	0.007861569863
246024	0.01460530371
246025	0.004375463994
246026	5.670252617e-05
246027	0.01365950405
246028	0.003312467732
246029	0.001451500735
246030	0.002836007404
246031	0.00129809399
246032	0.00637104914
246033	0.0006420865842
246034	0.003400584689
246035	0.002453628756
246036	0.002876040441
246037	0.005964316565
246038	0.003441992924
246039	0.0003970454635
246040	0.01338920313
246041	0.003665660497
246042	0.0005441953644
246043	0.002158626347
246044	0.0002924360962
246045	0.01313178947
246046	0.0003366917011
246047	0.001930711065
246048	0.007189577755
246049	0.0005588363992
246050	0.005937955051
246051	0.00677496493
246052	0.004028753035
246053	0.001858458119
246054	0.00135849898
246055	0.009133527864
246056	0.004454507383
246057	0.0004847722662
246058	0.0103860095
246059	0.003889648887
246060	0.007170394442
246061	0.005481023015
246062	0.006161563741
246063	0.002829259769
246064	0.002377608152
246065	0.006164328109
246066	0.003552944025
246067	0.0080706164
246068	0.002989439389
246069	0.01066813462
246070	0.003152486917
246071	0.004707525438
246072	0.01148106876
246073	0.002320480751
246074	0.001533370306
246075	0.003103427243
246076	0.005307838477
246077	0.002054972696
246078	0.004710037175
246079	0.0002957858388
246080	0.005035206568
246081	0.0007607061869
246082	8.131471472e-06
246083	0.003139751104
246084	0.003669624935
246085	0.008395630928
246086	0.005496683834
246087	0.003552244434
246088	0.001615847495
246089	0.001624308246
246090	0.002005238028
246091	0.002765809526
246092	0.01051256584
246093	0.002736536516
246094	0.000385553003
246095	0.00576079148
246096	0.00110837121
246097	0.002494710812
246098	0.01043713472
246099	0.008158192797
246100	0.002622351865
246101	0.006976050572
246102	0.001180569308
246103	0.005911088704
246104	0.007932307906
246105	0.01080027512
246106	0.007066982349
246107	0.008824629018
246108	0.000305779891
246109	0.003499659366
246110	0.0003058425833
246111	0.001936709198
246112	0.003907732566
246113	0.007114537505
246114	0.001734430288
246115	0.0002636470208
246116	0.006527187584
246117	0.0112618092
246118	0.0006538330911
246119	0.01127528759
246120	0.005408531266
246121	0.0007937477942
246122	0.004199080925
246123	0.008407125147
246124	0.001089086313
246125	0.01430349121
246126	0.001635309128
246127	0.001982293929
246128	0.001666543131
246129	0.001300871298
246130	0.005988708089
246131	0.0003253618915
246132	0.001755250625
246133	0.00257373127
246134	0.001515100172
246135	0.004553063679
246136	0.01308152258
246137	0.004110028172
246138	0.003330369033
246139	0.001094288512
246140	0.006949428772
246141	0.002680263775
246142	0.007671459548
246143	0.008441923529
246144	0.002480453226
246145	0.001665692188
246146	0.00555910539
246147	0.005474198817
246148	0.004589237116
246149	0.01283747293
246150	0.006730504151
246151	0.001631186533
246152	0.001342830278
246153	0.006492663034
246154	0.003147381058
246155	0.001625419237
246156	0.006969408069
246157	0.005666951271
246158	0.0009506322827
246159	0.001912952723
246160	0.003413210712
246161	0.01650722431
246162	0.0009667589956
246163	0.006532565931
246164	0.00578280717
246165	0.00422114506
246166	0.00481814666
246167	0.003778419813
246168	0.003530159867
246169	0.009095909801
246170	0.002377900934
246171	0.001155146383
246172	0.001085576579
246173	0.007911753209
246174	0.002017244984
246175	0.00632609264
246176	0.007615659088
246177	0.001081757219
246178	8.60817557e-05
246179	0.0003196565943
246180	0.0002537903451
246181	0.001665952285
246182	0.0008188260926
246183	6.774202496e-05
246184	0.001124140846
246185	0.0003471734299
246186	0.001255451958
246187	0.0006118254581
246188	0.0009989938885
246189	0.001398047032
246190	0.006195469037
246191	0.00125790175
246192	0.0006449735683
246193	0.0009619664602
246194	0.001195211538
246195	0.0005401747866
246196	0.0005684173819
246197	0.0006960658498
246198	0.0002799042459
246199	0.001236623346
246200	0.0002180428371
246201	7.463467601e-05
246202	0.00122930858
246203	0.001482691768
246204	0.0004930778393
246205	0.0002758689059
246206	0.000413210755
246207	0.0005038854797
246208	0.0001297689292
246209	0.004486875542
246210	0.001237797693
246211	0.001049071176
246212	0.0007058188341
246213	0.005749186715
246214	0.009581022086
246215	0.003239767378
246216	0.0007480354751
246217	0.000407100704
246218	0
246219	0.0004211928016
246220	0.000104978232
246221	0.0005078286608
246222	0.0003273002687
246223	0.0002683818379
246224	0.006395672505
246225	0.001153404432
246226	0.0001934056145
246227	0.0001862249781
246228	1.224741375e-05
246229	0.0006752498368
246230	0.001308333528
246231	0.004254997026
246232	0.0007768306673
246233	0.001197546556
246234	0.0001918906238
246235	0.0003795354943
246236	0.0004417556428
246237	0.000713277616
246238	1.781860561e-05
246239	0.00125698499
246240	0.0004517104953
246241	0.0004535938416
246242	0.0004941330009
246243	1.217290044e-05
246244	0.0003035238067
246245	0.001230497521
246246	0.0003212553415
246247	0.0002998265523
246248	0.0005016108808
246249	0.0005462965106
246250	9.558446705e-05
246251	1.697874454e-05
246252	0.0004610340783
246253	0.001838621434
246254	8.710060503e-05
246255	8.968285783e-06
246256	0.0001437865194
246257	0.0001463851594
246258	0.0009557616142
246259	0.0007768189104
246260	0.0006956655891
246261	0.000707542092
246262	0.0003332512885
246263	0.0005328144118
246264	0.0005021443711
246265	0.0005294742821
246266	0.0002405574026
246267	0.001444904583
246268	0.002123417168
246269	8.335617118e-05
246270	1.698468975e-05
246271	7.441071923e-05
246272	0.0001798662746
246273	0.0002766077002
246274	0.0009029148151
246275	0.0007210199023
246276	0.0002946619876
246277	3.402745624e-06
246278	0.0004540391557
246279	0.000597215831
246280	0.0003306418574
246281	3.256396331e-05
246282	0.0002573674391
246283	0.001018342589
246284	0.0002086129043
246285	0.0007738727182
246286	7.040788908e-05
246287	0.0005455346647
246288	0.0002738187866
246289	0.0009822494748
246290	0.0002996431211
246291	0.0001293415951
246292	0.0007622858693
246293	0.0006281322616
246294	0.0003392947147
246295	0.0001123405566
246296	0.0001216175719
246297	0.0001787051524
246298	0.0006576978609
246299	0.0004213189059
246300	0.0003948068451
246301	0.0002306471203
246302	0.0004845276212
246303	0.0002390830408
246304	0.0001425197893
246305	0.0004964235714
246306	0.001490812624
246307	0.0003789528835
246308	0.0002766435321
246309	0.003959704094
246310	0.000321162411
246311	0.000290262354
246312	0.003669300961
246313	0.0005656118241
246314	0.0004030178004
246315	0.0007236425149
246316	0.0007443956971
246317	0.0002562724641
246318	0.001512575522
246319	0.0006730338811
246320	0.001201560638
246321	0.0004892457368
246322	0.0003080068901
246323	0.0004812861108
246324	0.0005198932556
246325	0.001084332667
246326	0.002307000811
246327	0.0001633203462
246328	0.0004936003278
246329	0.0003354392816
246330	0.0006847421113
246331	0.0006201055893
246332	5.749598981e-05
246333	0.0003178961351
246334	0.0008384963858
246335	0.0004984465915
246336	0.0003137053675
246337	0.0008370846277
246338	0.0004909395456
246339	0.0004122867556
246340	0.0005803097972
246341	0.0002296459192
246342	0.000200573896
246343	0.0003487587286
246344	0.001520104058
246345	0.0007741686065
246346	0.0004785459008
246347	9.368792261e-05
246348	0.0004617128613
246349	0.0001193251969
246350	0.0002106927509
246351	0.001063240608
246352	0.0001127081109
246353	0.001628226593
246354	0.002326547926
246355	0.0001029308059
246356	0.003465059276
246357	0.0002207773154
246358	0.003062459067
246359	0.001397230486
246360	4.670854972e-05
246361	3.009156867e-05
246362	0.006406273825
246363	0.001911898786
246364	0.0007408492185
246365	0.0003389284498
246366	0.0004862633901
246367	0.0007520414856
246368	0.0006449204339
246369	0.0003761759334
246370	0.000269258703
246371	0.001113787984
246372	0.0003953568662
246373	0.0009279332965
246374	0.0001330446744
246375	5.007662672e-05
246376	0.0004441602686
246377	0.0008067977707
246378	0.0007218510631
246379	0.0008984661958
246380	0.001055595073
246381	0.000590351627
246382	0.0001553200573
246383	0.004343309278
246384	0.001092556859
246385	0.001134397626
246386	0.0005556017108
246387	0.0006114782855
246388	4.971681194e-05
246389	9.155238746e-05
246390	0.0006076909862
246391	0.0006667285366
246392	9.504357857e-05
246393	0.0005149247494
246394	0.0002674421375
246395	5.183715808e-05
246396	0.0003512541315
246397	0.0001948355714
246398	0.0001023716285
246399	0.001228119956
246400	0.0005251187144
246401	8.448486083e-05
246402	0.0001588434158
246403	9.966234783e-05
246404	0.0002034237104
246405	0.0006329407459
246406	0.0003498748702
246407	3.865519196e-05
246408	0.001013926496
246409	0.0004513389519
246410	0.0002570867432
246411	0.0007590272213
246412	0.0003676676273
246413	0.0007395397914
246414	3.987481975e-05
246415	0.0007301390592
246416	7.011380786e-06
246417	0.0004295454091
246418	0.0005139971122
246419	0.0006649707899
246420	0.0005462044683
246421	0.0003269802423
246422	0.0002494219488
246423	0.001080024695
246424	3.805054798e-05
246425	0.0002708387636
246426	0.0004478382582
246427	0.0001839331867
246428	2.969667419e-05
246429	2.884032153e-05
246430	0.000103998236
246431	6.081782974e-05
246432	0.001408696017
246433	0.003678855789
246434	0.0001117502038
246435	0.0002641582421
246436	2.228754149e-05
246437	0.0004105634069
246438	0.000189685516
246439	0.001804228575
246440	0.0008269263731
246441	0.006666919855
246442	0.0001118920609
246443	0.0003513671559
246444	0.0004003241506
246445	2.353029631e-05
246446	0.0001837571182
246447	0.0006938334144
246448	0.0005821886389
246449	0.0008121424146
246450	0.0002708091929
246451	0.0004563646438
246452	1.568659507e-05
246453	0.001136930202
246454	0.003399689142
246455	0.0007073321175
246456	8.735933481e-05
246457	0.002059542325
246458	0.0001976852423
246459	0.0003336543355
246460	0.0002365510086
246461	0.0001899142908
246462	0.0007171003056
246463	0.0008029201396
246464	5.981567848e-05
246465	6.584929975e-05
246466	0.0003624506582
246467	0.0001612351269
246468	0.001155299114
246469	0.0006400917709
246470	8.417856019e-05
246471	0.0009287144172
246472	8.167725688e-05
246473	0.0005876579332
246474	0.0001275748282
246475	0.001052965439
246476	0.0004445257781
246477	0.0001021203765
246478	0.0002459162731
246479	0.0004627938986
246480	0.001947477306
246481	0.0006906784819
246482	0.0004134844467
246483	0.0006594000015
246484	0.0008250488919
246485	0.0002542715798
246486	0.000584733123
246487	5.265351957e-05
246488	0.000129776591
246489	0.0008253532666
246490	7.127163502e-05
246491	0.0006892028829
246492	0.0009951271665
246493	0.001213169202
246494	0.001429728995
246495	0.001661262378
246496	0.0008519483763
246497	0.0003495011342
246498	0.0009333970787
246499	0.0005896446059
246500	0.0005425790346
246501	0.001080495772
246502	0.0008647030719
246503	0.0003604014759
246504	0.0003195089166
246505	0.005270277527
246506	8.737898034e-06
246507	8.073645015e-05
246508	0.0007057988766
246509	0.001027243587
246510	0.0005271042378
246511	0.005625455316
246512	0.00052673409
246513	0.0001238554678
246514	0.001471787832
246515	0.0004135071578
246516	0.01252122832
246517	0.004580021712
246518	0.003067899016
246519	0.0004881846561
246520	0.002312422057
246521	1.157760435e-05
246522	0.0006329612616
246523	5.424022705e-05
246524	0.0004673344017
246525	0.0005049929518
246526	0.0001738952344
246527	0.0005388340699
246528	0.0002163176286
246529	0.002126963337
246530	0.0002080100453
246531	5.75911596e-05
246532	0.0001195279753
246533	0.002108938158
246534	0.002218293974
246535	0.0003031525169
246536	0.0005159536389
246537	0.0004295025722
246538	0.001612207383
246539	0.00275804663
246540	0.0005141665019
246541	0.0008731418521
246542	0.0006920570869
246543	0.0003865473934
246544	0.0007472633826
246545	0.0009118702892
246546	0.001908311284
246547	8.65050625e-05
246548	0.0008495256742
246549	0.0001987050808
246550	0.001699379755
246551	0.003577410718
246552	0.0005090320205
246553	0.000122345912
246554	0.0008588523054
246555	1.731938452e-05
246556	0.001535598047
246557	0.001667333224
246558	0.0008446067629
246559	0.001834368832
246560	0.0001537118863
246561	0.001495915842
246562	0.003438317584
246563	0.006723678055
246564	0.001981443904
246565	0.0005162154775
246566	0.002895798752
246567	0.0001974920038
246568	0.001671525335
246569	0.005014573008
246570	0.002435506021
246571	1.685085307e-05
246572	0.0002042096898
246573	0.000386523868
246574	0.002740287563
246575	0.001403895272
246576	8.448237355e-06
246577	0.001370981626
246578	0.0005400591252
246579	0.002442560207
246580	0.001100146473
246581	0.001492750472
246582	0.0006452134114
246583	0.001174479006
246584	3.895768283e-05
246585	0.0002405055765
246586	0.0006855792777
246587	0.003614693564
246588	0.0009344466795
246589	0.000283426455
246590	0.0007944705807
246591	0.0006234250519
246592	0.002571197479
246593	0.0003783144343
246594	0.0003945480076
246595	1.662468883e-06
246596	0.0007314228052
246597	0.000875325864
246598	0.0001890577882
246599	0.001145104064
246600	0.00076068919
246601	0.0002600246045
246602	0.001587614926
246603	0.0005306703871
246604	0.0001527434288
246605	0.000205802264
246606	0.0008721053468
246607	0.0004048218697
246608	0.006183161882
246609	0.001110604642
246610	0.001414288983
246611	0.00040831895
246612	0.0002912941349
246613	0.0002274467497
246614	0.0007453085008
246615	0.0003706623749
246616	0.0008630227116
246617	0.001229268108
246618	0.0003955198692
246619	6.405907019e-05
246620	0.0002865329273
246621	0.0001339657531
246622	0.0006279104854
246623	0.0004291563299
246624	0.0001976882267
246625	0.000373427251
246626	0.0001893693238
246627	0.0009744002343
246628	0.0002014334786
246629	0.0005238843492
246630	0.00270763649
246631	0.003951160335
246632	0.0004573860448
246633	0.004881680062
246634	0.0007423668585
246635	0.003731576658
246636	0.0004417007255
246637	0.0127437222
246638	0.005862234689
246639	7.111208601e-06
246640	0.002469201994
246641	0.001328178228
246642	0.005688842313
246643	0.005073566754
246644	0.006627584012
246645	0.001863642036
246646	0.002148782075
246647	0.001075897757
246648	0.005191807872
246649	0.003953806784
246650	0.006209312908
246651	0.006373166432
246652	0.004645390067
246653	0.005291313255
246654	0.000506207163
246655	0.003363081762
246656	0.00147723584
246657	0.003106858509
246658	0.003758737448
246659	0.001042787742
246660	0.002466782027
246661	0.0004234715244
246662	0.0009313445399
246663	0.003452951969
246664	0.001292531648
246665	0.00327805778
246666	0.004347016509
246667	0.001045604736
246668	0.009552507042
246669	0.005151269901
246670	0.001109099618
246671	0.001884232653
246672	0.007806729519
246673	0.007344371087
246674	0.003154129385
246675	0.002371194419
246676	0.002742587375
246677	0.01749030928
246678	0.004491076801
246679	0.004914026233
246680	0.001118039065
246681	0.005173755968
246682	0.0007018854458
246683	0.0001938009577
246684	0.004425192075
246685	0.005414439409
246686	0.00110542669
246687	7.080898218e-05
246688	0.003429412026
246689	0.0008732253465
246690	0.0006662455115
246691	0.0008906645084
246692	0.0006265007299
246693	0.003999315734
246694	0.002181010492
246695	0.0006001640413
246696	0.00086264609
246697	0.0004676134994
246698	0.009536166995
246699	0.003362754186
246700	0.006526143861
246701	0.0005285388225
246702	0.008918822089
246703	0.00107472348
246704	0.008391765172
246705	0.001059008404
246706	0.001082428121
246707	0.001218808371
246708	0.006087858092
246709	0.006662443782
246710	0.009127670432
246711	0.005340316352
246712	0.01557593597
246713	0.009320928093
246714	0.0009444413645
246715	0.006133958287
246716	0.003935862502
246717	0.005682852483
246718	0.002478226553
246719	0.004646593693
246720	0.00302284537
246721	0.002253813836
246722	0.00121374559
246723	0.01145693518
246724	0.009717784431
246725	0.007245067048
246726	0.001205933885
246727	0.002790916004
246728	0.0008493524183
246729	0.003506157547
246730	0.007175411705
246731	0.001084927661
246732	1.618733543e-05
246733	0.005859141634
246734	0.003290737674
246735	0.002968581457
246736	0.004618946239
246737	8.329954377e-05
246738	0.004059097779
246739	0.00578211208
246740	0.001653831102
246741	0.003087138812
246742	0.002402102045
246743	0.003618409923
246744	0.0002419438794
246745	0.002074126579
246746	0.003258536072
246747	0.002632333619
246748	0.007866207198
246749	0.003329049042
246750	0.0008722682064
246751	0.0005050157689
246752	0.008507076155
246753	0.002538840949
246754	0.003321732431
246755	0.002717686226
246756	0.0006290356345
246757	0.002668376297
246758	0.00198184118
246759	0.000975341599
246760	0.008156202689
246761	0.00288215731
246762	0.006094662859
246763	0.000205902741
246764	0.001166124614
246765	0.002671747194
246766	0.009210217695
246767	0.001516377146
246768	0.001300867413
246769	0.004279365043
246770	0.007981663414
246771	0.003031386484
246772	0.0004608401708
246773	0.004874227486
246774	0.001092517766
246775	0.0005100658551
246776	0.002422928895
246777	0.008734289717
246778	0.002222402224
246779	0.004618849606
246780	0.007848646155
246781	0.002108988762
246782	0.0005581104484
246783	0.005675552673
246784	0.001772717819
246785	0.0001722337067
246786	0.0005863654915
246787	0.003010195746
246788	0.00474767384
246789	0.01200429292
246790	0.004666109445
246791	0.001829039125
246792	0.0031339106
246793	0.01327336354
246794	0.0004970725033
246795	3.462366361e-05
246796	0.001410311197
246797	0.003343445315
246798	0.001318966607
246799	0.002187732628
246800	0.006339147614
246801	0.001418327745
246802	0.004299064922
246803	0.002328008927
246804	0.01106172376
246805	0.0001718906058
246806	0.004961264214
246807	0.005205512805
246808	0.001060773042
246809	0.0009548577132
246810	0.0004398920512
246811	0.0003020567574
246812	0.0008856048962
246813	8.430086147e-07
246814	0.0004723398393
246815	0.0007835790704
246816	0.0003074685977
246817	0.0005814776814
246818	0.0003989964094
246819	7.972900484e-05
246820	0.001151409221
246821	0.0003109711959
246822	0.0002831809936
246823	0.004014593246
246824	0.00290227554
246825	0.0001393809379
246826	0.0001043582245
246827	0.0002517686827
246828	2.120388791e-05
246829	0.002224373135
246830	0.000973845924
246831	0.0004368954777
246832	0.001379899016
246833	2.547218232e-05
246834	0.0007392574787
246835	0.0001074082851
246836	0.0001735237008
246837	0.0004628417097
246838	0.0006378387241
246839	6.051934245e-05
246840	0.0006895084237
246841	0.0001202681671
246842	0.0006169653972
246843	9.713853324e-05
246844	0.0007532290894
246845	0.0001227767149
246846	0.00187185399
246847	0.0006895610581
246848	0.0009325707151
246849	0.0002228901713
246850	0.0003849244981
246851	0.0004839102341
246852	0.000439982618
246853	0.0009890273549
246854	0.0003278027847
246855	0.0006581234127
246856	0.0003305399526
246857	0.0007934463032
246858	0.0005092926029
246859	0.0008563048725
246860	0.0001807180447
246861	0.001158616303
246862	6.160281667e-06
246863	0.001114760924
246864	0.000190142521
246865	7.162912037e-05
246866	0.0006888606596
246867	0.01270841788
246868	0.002190937031
246869	0.0001220364532
246870	0.0003170147323
246871	0.0004769967807
246872	0.0003552575851
246873	8.943293674e-05
246874	0.0001587771151
246875	0.0001408019891
246876	0.001278891353
246877	0.0006280733437
246878	0.0008892740384
246879	0.0002288909091
246880	0.0007215044135
246881	0.0005720376527
246882	5.479293651e-06
246883	0.0008407586785
246884	0.0001514354261
246885	0.0001029752703
246886	5.322768215e-06
246887	0.001308104499
246888	0.000726763525
246889	0.0004048063991
246890	0.0003302678463
246891	0.0004765863367
246892	8.855895698e-05
246893	0.0001345297965
246894	0.003505451597
246895	0.0004135786005
246896	0.0001793814339
246897	0.0001054034658
246898	0.001126015696
246899	0.0008257526941
246900	0.0006960188228
246901	0.000153955571
246902	0.0002527844629
246903	0.0001660175377
246904	0.0002297558858
246905	0.001229684091
246906	5.615627368e-05
246907	0.0004592450624
246908	0.0005011227791
246909	8.078649548e-05
246910	0.0001094690981
246911	0.001427129587
246912	0.0007271504804
246913	0.005022000844
246914	0.0006302437545
246915	0.00425750116
246916	0.002943556393
246917	0.001493197777
246918	0.0006832950176
246919	0.001069062396
246920	0.003516633496
246921	0.001153089523
246922	0.0004390408816
246923	0.00147359297
246924	0.001946318402
246925	0.000471447841
246926	3.111238172e-05
246927	0.0005826602279
246928	0.0002231500344
246929	0.00173287124
246930	0.0006737572873
246931	0.0009463582196
246932	0.0002035466845
246933	6.788605555e-05
246934	0.0007093806
246935	0.003378488829
246936	0.0009971394424
246937	0.001022966911
246938	0.002317347683
246939	0.01383170172
246940	0.0007205737805
246941	7.781187862e-05
246942	0.001794111772
246943	0.002526779723
246944	0.002243615456
246945	0.004032462715
246946	0.003526434197
246947	0.005291506492
246948	0.001395530693
246949	0.0002658228711
246950	0.0001906168615
246951	0.0006760882864
246952	0.001168115539
246953	0.003715152523
246954	0.002694805162
246955	0.003634477238
246956	0.0005869432764
246957	4.927730039e-05
246958	0.0001360125531
246959	0.000343476781
246960	0.000600036131
246961	0.0001641445164
246962	0.0001765403416
246963	0.000358312625
246964	0.001016249075
246965	0.0008970043613
246966	8.617608453e-05
246967	0.0003116125803
246968	0.001889891862
246969	0.0007348353655
246970	0.0001895602898
246971	0.0002868066468
246972	0.0003076664684
246973	0.0002427178461
246974	0.002838643192
246975	0.0009898920045
246976	0.001993665761
246977	0.0003744260402
246978	0.001328777796
246979	0.001047708793
246980	0.0006034242488
246981	0.0003306892648
246982	0.000110443981
246983	0.0002552279846
246984	0.001888440658
246985	0.001117750261
246986	0.000869838173
246987	0.0004941556559
246988	0.0001677687197
246989	0.0004319793097
246990	0.0005865320466
246991	0.0002582987805
246992	0.0008707276661
246993	0.0002201759407
246994	0.0001664893175
246995	0.0006825063348
246996	0.001351899307
246997	0.0005359449208
246998	0.0003744351825
246999	0.0001246570315
247000	0.0006903400408
247001	0.0001851022836
247002	0.0002946300653
247003	0
247004	0.0005317024181
247005	0.002307556132
247006	0.0005747814254
247007	0.003297814608
247008	0.001914747257
247009	0.003813145069
247010	0.002065808619
247011	0.001620528038
247012	0.005369168689
247013	0.002449255785
247014	0.002344253374
247015	0.004314321863
247016	0.003142259963
247017	0.005191464328
247018	0.004672516681
247019	0.003703759809
247020	0.002598628943
247021	0.0008741826509
247022	0.001191708058
247023	0.002222949234
247024	0.007424295107
247025	0.005021712868
247026	0.0006203029293
247027	0.000355358015
247028	0.009257881536
247029	0.0004371625068
247030	0.004327177693
247031	0.002784005428
247032	0.004599835923
247033	0.006084051623
247034	0.003471084635
247035	0.006858081723
247036	0.007619570594
247037	0.008942208818
247038	0.009195917215
247039	0.003226708885
247040	0.003723907494
247041	0.001679309738
247042	0.005046862497
247043	0.003027616981
247044	0.01102114512
247045	0.002546524837
247046	0.007124210775
247047	0.0003031678733
247048	0.001396216645
247049	0.002842378308
247050	0.001831664428
247051	0.003847141043
247052	0.01594729751
247053	0.004855028602
247054	0.008245827232
247055	0.005034063566
247056	0.006937824379
247057	0.0119760935
247058	0.001536709188
247059	0.001894420774
247060	0.007560635415
247061	0.003513153855
247062	0.006944139057
247063	0.002542941402
247064	0.000935535527
247065	0.001992749204
247066	0.01476879852
247067	0.01807226304
247068	0.0003856833842
247069	0.005240924556
247070	0.003998328831
247071	0.0002862400173
247072	0.001981922501
247073	0.009828879988
247074	0.00674490295
247075	0.004931720826
247076	0.007827787287
247077	0.008448469638
247078	0.008881832775
247079	0.007700863327
247080	0.00560928198
247081	0.007317374687
247082	0.008983389705
247083	0.008015138373
247084	0.007188558937
247085	0.0009969833036
247086	0.005864233964
247087	0.000485070231
247088	0.002314370515
247089	0.001275920006
247090	0.006980694351
247091	0.002101306885
247092	0.0005826934256
247093	0.0001653331113
247094	0.001103646862
247095	0.001849143307
247096	0.005854289735
247097	0.0004636709837
247098	0.0005165440944
247099	0.002408534209
247100	0.007972585314
247101	0.002566398823
247102	0.0007334095352
247103	0.002257454423
247104	0.003125132991
247105	0.001019312843
247106	0.002549155361
247107	0.002800633871
247108	0.00300504484
247109	0.0003349258887
247110	0.01362158567
247111	0.006008839836
247112	0.003519187549
247113	0.0008509073833
247114	0.01030928843
247115	0.005554852683
247116	0.01068461649
247117	0.004833371886
247118	0.003182285017
247119	0.0013575056
247120	0.002064894973
247121	0.003644973057
247122	0.006892557349
247123	0.009595573285
247124	0.0001295224705
247125	0.01202334627
247126	0.001833988101
247127	0.00126431339
247128	0.01018652376
247129	0.00105432745
247130	0.006833194854
247131	0.003223019816
247132	0.002940661177
247133	0.004036227541
247134	0.004296528492
247135	0.002020690463
247136	0.0008681348662
247137	0.001326574549
247138	0.0009384495987
247139	0.001522072191
247140	0.009034833137
247141	0.006615359969
247142	0.007164492804
247143	0.00250754836
247144	0.001818001355
247145	0.0003901554339
247146	0.0005636285748
247147	0.006807378454
247148	0.0006184887765
247149	0.00440538691
247150	0.00426850864
247151	0.002194066813
247152	0.002092573258
247153	0.002310753964
247154	0.004862468329
247155	0.01150386804
247156	0.001044651576
247157	0.0004298861899
247158	0.005500097307
247159	0.008156304005
247160	0.000931833263
247161	0.003385013282
247162	0.006510921961
247163	0.0009591860295
247164	0.002574731513
247165	0.004027535543
247166	0.007304104187
247167	0.001523993434
247168	0.014192678
247169	0.0006923609546
247170	6.69262889e-05
247171	0.006761875641
247172	0.01202384328
247173	0.004505120011
247174	0.003838292255
247175	0.01090684938
247176	0.01261264656
247177	0.002110598221
247178	0.006220386205
247179	0.006011905063
247180	0.002046729761
247181	0.001855772824
247182	0.006256197457
247183	0.001843658809
247184	0.0007968470739
247185	0.002131361567
247186	0.007110335753
247187	0.007494755586
247188	0.0002129806864
247189	0.006986889034
247190	0.003726314911
247191	0.008318808583
247192	0.003778991437
247193	0.01104976588
247194	0.001749833999
247195	0.001490519275
247196	0.003182623272
247197	0.01229418334
247198	0.003537748629
247199	0.006008707373
247200	0.002356588706
247201	0.0007947572106
247202	0.006489222485
247203	0.002388771874
247204	0.004703269436
247205	0.005814850651
247206	0.0004908684473
247207	0.009974263003
247208	0.004801410988
247209	0.0004362284287
247210	0.00746617785
247211	0.004877035467
247212	0.004645513817
247213	0.0007855172079
247214	0.003481552622
247215	0.004622950697
247216	0.005751195094
247217	0.004229052387
247218	0.002929505218
247219	0.002367028853
247220	0.0001575780596
247221	0.005111073751
247222	0.002493038746
247223	0.0005004034898
247224	0.005689475799
247225	0.01340590416
247226	0.01076927669
247227	0.001407753467
247228	0.008714431887
247229	0.002054415596
247230	0.01135931504
247231	0.001839736474
247232	0.00114106798
247233	0.0001944218236
247234	0.002272108135
247235	0.008388273379
247236	0.0007570077852
247237	0.007324140596
247238	0.006986815575
247239	0.006166179876
247240	0.001853006723
247241	0.001842696365
247242	0.0005752721077
247243	0.01187011548
247244	0.007997972429
247245	0.007243264885
247246	0.004381641895
247247	0.001772869339
247248	0.0003277173939
247249	0.005678054852
247250	0.005248787808
247251	0.001857384895
247252	0.002747382469
247253	0.001169047463
247254	0.003560855228
247255	0.007107725833
247256	0.009777251363
247257	0.007234424811
247258	0.01582760307
247259	0.0006900743178
247260	0.002823002402
247261	0.003091180379
247262	0.007113287291
247263	0.003850266369
247264	0.004706369938
247265	0.00129778844
247266	0.001707181935
247267	0.008001694661
247268	0.0001488890804
247269	0.008548103574
247270	0.01080556911
247271	0.004623944589
247272	0.004113753682
247273	0.004157523952
247274	0.008978340046
247275	0.00717435123
247276	0.007580667494
247277	0.006663666153
247278	0.00170631385
247279	0.005579948828
247280	0.001849960546
247281	0.001985156788
247282	0.004536580195
247283	0.00340036869
247284	0.003922340724
247285	0.002091540108
247286	0.0005229095642
247287	0.002228010537
247288	0.001887206849
247289	0.002296679627
247290	0.00869204486
247291	0.003486406681
247292	0.005424537573
247293	0.01187291205
247294	0.01103699709
247295	0.007379457846
247296	0.004502167866
247297	0.00709330526
247298	0.00190517132
247299	0.009288930883
247300	0.007991251531
247301	0.004342279695
247302	0.009483094943
247303	0.0007397092365
247304	0.001625399552
247305	0.002269732135
247306	0.001152720334
247307	0.004935851261
247308	0.001322734142
247309	0.004301626061
247310	0.009709388711
247311	0.001583059799
247312	0.003660131261
247313	0.01360786086
247314	0.01395300412
247315	0.01002075997
247316	0.001277954645
247317	0.0009372572531
247318	0.001911162023
247319	0.009586136956
247320	0.00334034142
247321	0.004873582865
247322	0.005598372177
247323	0.01058460735
247324	0.00453813852
247325	0.0007948433428
247326	0.003768640568
247327	0.006012758858
247328	0.007222919986
247329	0.002665958502
247330	0.008655158165
247331	0.01050207824
247332	0.00612670617
247333	0.01147161943
247334	0.0228419648
247335	0.00762392563
247336	0.00400330508
247337	0.001005229457
247338	0.007416919888
247339	0.002606628871
247340	0.001026653719
247341	0.003464964765
247342	0.001785920233
247343	0.005984278267
247344	0.001110032686
247345	0.002813543148
247346	0.001547903458
247347	0.003457602103
247348	0.004814334959
247349	0.007552143937
247350	0.02000437414
247351	0.0023687008
247352	0.003168089231
247353	0.0006473387306
247354	0.01559163157
247355	0.004060205248
247356	0.003762110225
247357	0.02186620603
247358	0.01800913156
247359	0.004574957453
247360	0.003463402879
247361	0.0009061669332
247362	0.003454711796
247363	0.007249533111
247364	0.02270533623
247365	0.003219413384
247366	0.01294497026
247367	0.007175479845
247368	0.0006051476283
247369	0.001478947338
247370	0.009990355749
247371	0.008016889163
247372	0.002326757066
247373	0.002390747309
247374	0.007921940421
247375	0.002618747896
247376	0.0005543020407
247377	0.01029979944
247378	0.01371496128
247379	0.00205161814
247380	0.006856085448
247381	0.003095188443
247382	0.0003413005163
247383	0.01073918583
247384	0.008745142609
247385	0.006115017614
247386	0.004784889741
247387	0.007284120486
247388	0.0140645359
247389	0.002982650105
247390	0.005329129992
247391	0.01404533746
247392	0.002582739468
247393	0.005130989663
247394	0.0001262492856
247395	0.001877287522
247396	0.000800814047
247397	0.003992684396
247398	0.001078937343
247399	0.01689276543
247400	0.005934152806
247401	0.00285289476
247402	0.01396487835
247403	0.004154629897
247404	0.01160091384
247405	0.006922534658
247406	0.0008743440679
247407	0.001789225815
247408	0.004339492798
247409	0.006310863647
247410	0.004791377777
247411	0.002260892865
247412	0.01070796508
247413	0.00791717996
247414	0.002401755861
247415	0.002038383016
247416	0.008310330435
247417	0.003753924286
247418	0.0005899274119
247419	0.00327297944
247420	0.0006753503858
247421	0.002718971176
247422	0.001239818401
247423	0.009782143982
247424	0.001866273884
247425	0.002790719877
247426	0.006006032199
247427	0.01249862445
247428	4.678698009e-05
247429	0.003787599326
247430	0.002942285069
247431	0.004235185958
247432	0.01302121054
247433	0.005378860827
247434	0.009662366542
247435	0.006120790164
247436	0.002155663976
247437	0.004407219017
247438	0.003930881326
247439	0.001108574334
247440	0.004183780293
247441	5.382445666e-05
247442	0.001002839905
247443	0.01123837954
247444	0.003892152599
247445	0.001080389023
247446	0.01000500391
247447	0.008807610108
247448	0.002886864377
247449	0.003501172063
247450	0.001281670784
247451	0.003863980727
247452	0.0009919882054
247453	0.004763729709
247454	0.005031783534
247455	0.001315118393
247456	0.003227153973
247457	0.002917994959
247458	0.004883106856
247459	0.008876378684
247460	0.006286976377
247461	0.005268761135
247462	0.002334320679
247463	0.01206941235
247464	0.005315738236
247465	0.001867721201
247466	0.003226305605
247467	0.003902249223
247468	0.01004756407
247469	0.002328078077
247470	0.0005348191516
247471	0.008330498257
247472	0.01338100392
247473	0.01086142694
247474	0.01951631545
247475	0.009823694994
247476	0.0114566582
247477	0.02394310467
247478	0
247479	0.001458368714
247480	0.01110510001
247481	0.006218288729
247482	0.001401793853
247483	0.002642708673
247484	0.01259682419
247485	0.001696261066
247486	0.0103006524
247487	0.005689010708
247488	0.004771214583
247489	0.004781061331
247490	0.006173207514
247491	0.0002855310466
247492	0.004803111825
247493	0.01894323909
247494	0.001494705266
247495	0.006622186357
247496	0.00747681287
247497	0.01369961205
247498	0.001388977449
247499	0.01067846034
247500	0.01454536759
247501	0.003986908278
247502	0.00477223027
247503	0.007221023658
247504	0.002446782718
247505	0.0130961389
247506	0.002217865253
247507	0.003668791879
247508	0.01600189205
247509	0.003524657702
247510	0.002207395703
247511	0.01366004769
247512	0.004074752366
247513	0.02129091381
247514	0.009164392966
247515	0.008969791412
247516	0.004613972563
247517	0.002351468813
247518	0.002757598308
247519	0.001868639697
247520	0.001980845798
247521	0.001577060079
247522	0.01662652616
247523	0.004790637078
247524	0.005622524909
247525	0.02085028208
247526	0.009564360863
247527	0.01401517236
247528	0.002974130469
247529	0.000310301808
247530	0.01127237303
247531	0.008052673667
247532	0.005955051868
247533	0.008652402242
247534	0.008520622035
247535	0.006986161225
247536	0.003959782247
247537	0.005307739039
247538	0.003079516315
247539	0.0009599138067
247540	0.002420973896
247541	0.002168282319
247542	0.0007439679288
247543	0.001265091109
247544	0.0002653788627
247545	0.001502579826
247546	8.574036783e-05
247547	0.001080076119
247548	0.000274317364
247549	0.001911667669
247550	0.0008572516614
247551	0.0009712871236
247552	0.002735948299
247553	5.946743853e-05
247554	0.0005658119859
247555	0.001207288814
247556	0.003063842961
247557	0.0006931226599
247558	0.003870496264
247559	0.01036079435
247560	0.0001199370664
247561	0.0009914306365
247562	0.001713153323
247563	0.0005441211413
247564	0.0003085295349
247565	0.0004054471508
247566	0.0006308342491
247567	0.0002712230661
247568	0.0001019098321
247569	0.001323811313
247570	0.0009119923999
247571	0.001173751965
247572	0.001236344787
247573	0.002867220627
247574	0.0002038939701
247575	0.00132888607
247576	0.001606061329
247577	0.0008667582336
247578	0.000423200193
247579	0.001640791053
247580	0.000125793644
247581	0.001499093604
247582	0.001218248711
247583	0.0008827975324
247584	0.001488010231
247585	0.0006787088055
247586	5.996167209e-05
247587	0.002240275043
247588	0.00135951615
247589	0.000991155473
247590	0.0003570113498
247591	0.0015931217
247592	0.0009374386344
247593	0.001827249493
247594	0.0005577703866
247595	0.0009004344964
247596	0.0023751166
247597	0.00162379635
247598	0.0008197131063
247599	0.0007133617994
247600	0.001258129099
247601	0.004389157923
247602	0.00082713387
247603	0.001782521455
247604	0.001159928713
247605	0.005287744054
247606	0.004073581912
247607	0.001692009673
247608	0.003208391991
247609	0.003264755661
247610	0.001446809921
247611	0.006599101095
247612	0.001643255473
247613	0.0007650840371
247614	0.001912677373
247615	0.001705852821
247616	0.0003376053322
247617	0.0004245563208
247618	0.0002100077983
247619	0.00110364201
247620	0.00150697921
247621	0.0007933326141
247622	0.0007323859701
247623	0.00238584867
247624	0.005002056169
247625	0.001410541466
247626	0.001097982691
247627	0.001450816451
247628	0.001252493833
247629	0.001121003195
247630	0.002185783527
247631	0.003993495715
247632	0.00321378189
247633	0.0009461997467
247634	0.002458134328
247635	0.005866091313
247636	0.001477219481
247637	0.001262277827
247638	0.001207842227
247639	0.001108784329
247640	0.001294971039
247641	0.001841802522
247642	0.001489300527
247643	0.001055959376
247644	0.0009700190014
247645	0.0009831348361
247646	0.002965822904
247647	0.00380732596
247648	0.001475173387
247649	0.005508896348
247650	0.00142632882
247651	0.001295774554
247652	0.001215389419
247653	0.001552317268
247654	0.00143211671
247655	0.0005808256561
247656	0.0009558573335
247657	0.001025291898
247658	0.0003400292034
247659	0.001820513307
247660	0.002308922905
247661	0.0003018344455
247662	0.002140138082
247663	0.003755825955
247664	0.000135873369
247665	0.001478822526
247666	0.001241725998
247667	0.002646786491
247668	0.0005241243077
247669	0.001904161568
247670	0.001015788762
247671	0.00147709804
247672	0.001761063755
247673	0.002462777317
247674	0.00211392085
247675	0.0006916435371
247676	0.002222410935
247677	0.001207788514
247678	0.0009072992812
247679	0.0009688194312
247680	0.002230593682
247681	0.002341322032
247682	0.0008625386745
247683	0.0008224506689
247684	0.001664805387
247685	0.001464566684
247686	0.0008207632893
247687	0.001086238035
247688	0.0001140540113
247689	0.001159051217
247690	0.0004555781721
247691	0.0009785955377
247692	0.003231698398
247693	0.001441311051
247694	0.004484660403
247695	0.00250247387
247696	0.0008163246398
247697	0.0007945346815
247698	0.0007265771224
247699	0.003376510183
247700	0.001061220069
247701	0.001039733453
247702	0.005979720407
247703	0.000893206853
247704	0.000344560253
247705	0.001325258122
247706	0.001609820196
247707	0.0004662192432
247708	0.001336350067
247709	0.0009297428335
247710	0.004010550161
247711	0.002978827964
247712	0.001793378881
247713	0.00091106037
247714	0.001605413882
247715	0.001920170034
247716	0.00213728757
247717	1.136454239e-05
247718	0.003483662802
247719	0.002641282752
247720	0.001182198885
247721	0.0004717033618
247722	0.001143806242
247723	0.001844280289
247724	0.0004385086975
247725	0.001321696373
247726	0.002014345151
247727	0.0001753551537
247728	0.004728436497
247729	0.005146202788
247730	0.000915235188
247731	0.001773464227
247732	0.001425122738
247733	0.003013892189
247734	0.001937067731
247735	0.003692578542
247736	0.008805857176
247737	0.004130839269
247738	0.001591587481
247739	0.0008453866474
247740	7.564940765e-05
247741	0.002417538701
247742	0.0009922163839
247743	0.002558337314
247744	0.001040840828
247745	0.001379921638
247746	0.001392791461
247747	0.001308451156
247748	0.0007101402656
247749	0.0007360417709
247750	0.003352434338
247751	0.002016383271
247752	0.00509863537
247753	0.000334039355
247754	0.0005626510496
247755	0.003033387256
247756	0.001736335612
247757	0.0008447772354
247758	0.000564838567
247759	0.0007933781371
247760	0.001337678588
247761	0.0008012110022
247762	0.002990083601
247763	0.0005334542771
247764	0.0002823477081
247765	0.000501362284
247766	0.000682284045
247767	0.0009204223771
247768	0.008907684511
247769	0.001670642264
247770	0.004051267723
247771	0.00354685343
247772	0.001145792432
247773	0.001250991072
247774	0.001164821503
247775	0.0004066378491
247776	0.0001918955481
247777	0.0005894746581
247778	0.001405728566
247779	0.001726956567
247780	0.0003097085217
247781	0.0091996741
247782	0.000656873015
247783	0.0007253975375
247784	0.001784604703
247785	2.50902571e-05
247786	0.001203995388
247787	0.001116720349
247788	0.0009450780115
247789	0.002038241555
247790	6.719182144e-06
247791	0.0009329719649
247792	0.0005405250436
247793	0.0009132690486
247794	0.001128167903
247795	0.002164320459
247796	0.002203278842
247797	0.001090977749
247798	0.001319371829
247799	0.001165966937
247800	0.001662915593
247801	0.0008909156261
247802	0.000578333564
247803	0.0005794368619
247804	0.001618297909
247805	0.002383963128
247806	0.001242449298
247807	0.007030057968
247808	0.00143050464
247809	0.001666462597
247810	0.001110740946
247811	0.00140628031
247812	0.001343674972
247813	0.0006434443938
247814	0.0001234091523
247815	0.001249322071
247816	0.0005662750579
247817	0.002024335437
247818	0.001080078641
247819	0.002815140331
247820	0.0025147458
247821	0.0001595519788
247822	0.0008685694647
247823	0.0008766001973
247824	0.00174430993
247825	0.008364068309
247826	0.001779117938
247827	0.003177280164
247828	0.002635453069
247829	0.001073261702
247830	0.0007613087895
247831	0.001620658062
247832	0.001617940374
247833	0.003616806081
247834	0.002083887467
247835	0.001447020215
247836	0.002315320873
247837	0.0003135792154
247838	0.0003494772184
247839	0.0005945622
247840	0.0008344373384
247841	0.002022764103
247842	0.001284421163
247843	0.0001310255968
247844	0.001443857947
247845	0.0003457477645
247846	0.0006419967576
247847	0.002487816403
247848	0.001915252554
247849	0.0009093754394
247850	0.001623242159
247851	0.0004458345807
247852	0.003085955127
247853	0.003844765411
247854	0.001020138659
247855	0.001323928498
247856	0.000339032608
247857	0.0005131703774
247858	0.00137422706
247859	0.0009690258968
247860	0.0006926036259
247861	0.001708636738
247862	0.0002712526246
247863	0.003009618771
247864	0.0009562692985
247865	0.002488396275
247866	0.002495574772
247867	0.001755754085
247868	0.0001901116735
247869	0.0001306120007
247870	0.0006687849123
247871	0.002616552565
247872	0.0003353700192
247873	0.002562073927
247874	0.001246541952
247875	0.0002793652131
247876	0.0007201144866
247877	8.784509273e-05
247878	0.001129449752
247879	0.001733621759
247880	2.082937078e-05
247881	0.0002642144228
247882	0.0006215661978
247883	0.0009671500713
247884	0.00168216596
247885	0.001662961909
247886	0.001434659377
247887	0.00327819649
247888	0.0007263186735
247889	0.004058478716
247890	6.177537292e-06
247891	0.0007035916213
247892	0.001709185039
247893	0.002258811478
247894	0.0004134381727
247895	0.0009363983892
247896	0.0003338647948
247897	0.0007684806038
247898	0.002486368045
247899	0.002806231598
247900	0.001959883334
247901	0.001787222282
247902	6.211603402e-05
247903	0.001012304999
247904	0.0006532705689
247905	0.000890075295
247906	0.000575665775
247907	0.004710266093
247908	0.0007418595337
247909	0.001314539787
247910	0.001099729058
247911	0.0009157496286
247912	0.001634100104
247913	0.000638495488
247914	0.001173443692
247915	0.0002810200885
247916	0.0007334679852
247917	0.0007898868946
247918	0.0002096621722
247919	0.0009887361082
247920	0.001854918701
247921	0.002391120454
247922	0.003828437032
247923	0.00939169169
247924	0.00201889391
247925	0.000122331438
247926	0.00319175469
247927	0.001182200852
247928	0.001453552595
247929	0.0001385618524
247930	0.001062043944
247931	9.628030048e-05
247932	7.734438036e-05
247933	0.001435498266
247934	0.0005823757878
247935	0.002022717743
247936	0.0006731681604
247937	0.002262419478
247938	0.0008636838333
247939	0.0001904545431
247940	0.0007295392665
247941	0.0005449883614
247942	0.0007478439574
247943	0.004263258367
247944	0.0001040547953
247945	0.0008113013694
247946	0.0001937000518
247947	0.0001191072834
247948	0.001364324248
247949	0.0002741054647
247950	0.00190325457
247951	0.001660955006
247952	0.002924984106
247953	0.0003606837496
247954	0.000763497909
247955	0.003467201247
247956	0.001911783555
247957	0.001814676533
247958	0.002551795116
247959	0.0006996083605
247960	0.001226738767
247961	0.001311496201
247962	0.001203603681
247963	0.0006005337286
247964	0.0009955326237
247965	0.0020562981
247966	0.0002409489599
247967	0.00318829734
247968	0.0006433731808
247969	0.00184030886
247970	9.066782295e-05
247971	0.001112939012
247972	0.001100567766
247973	0.001086328739
247974	0.001525848757
247975	0.0003744302168
247976	0.002302875852
247977	5.744608938e-05
247978	0.001477524709
247979	0.001177709258
247980	0.000912830344
247981	0.005229889759
247982	0.001040347564
247983	0.0006938817318
247984	0.003432254472
247985	0.003289647071
247986	0.0008905789687
247987	0.002564113071
247988	0.0005970817816
247989	0.0005393694316
247990	0.0003805442062
247991	0.002058324267
247992	0.001666568377
247993	0.0006860076558
247994	0.001234857974
247995	0.001941101516
247996	0.001369846222
247997	0.001864942207
247998	0.000286337731
247999	0.003192905271
248000	0.001460737401
248001	0.001905677929
248002	0.0006063766202
248003	0.0009479841248
248004	0.002129503988
248005	0.002898853333
248006	0.001928424141
248007	0.001432284683
248008	0.001252021971
248009	0.001951383059
248010	0.0003339950583
248011	0.00351692898
248012	0.001246743613
248013	0.0002696752241
248014	0.001044984957
248015	0.001209615037
248016	0.001858103255
248017	0.001317161196
248018	0.0008307403916
248019	0.0007871568379
248020	0.00234988811
248021	0.0002785071058
248022	0.001309102561
248023	0.01103234836
248024	0.002517605948
248025	0.001366509373
248026	0.001529821268
248027	0.001482619501
248028	0.002789747651
248029	0.001117778272
248030	0.0015947614
248031	0.00163342111
248032	0.002011504876
248033	0.001126595037
248034	0.001303278748
248035	0.002269949731
248036	0.0006337541233
248037	0.001803858235
248038	0.0009002889809
248039	0.0005016477668
248040	0.001430252622
248041	0.001165642706
248042	0.002335104567
248043	0.001022557643
248044	0.001772275037
248045	0.001744280803
248046	0.002155310651
248047	0.0008133960441
248048	0.0013789538
248049	0.0009062737932
248050	0.001725340399
248051	0.001282022417
248052	0.0007508976647
248053	0.002401154034
248054	0.0006791970434
248055	0.0004685131012
248056	0.001324771992
248057	0.0009016328951
248058	0.004767316817
248059	0.001774461864
248060	0.00160277108
248061	0.0001956053446
248062	0.001265477605
248063	0.001416627772
248064	0.0003561558638
248065	0.0007228759133
248066	0.001289074882
248067	0.001180957406
248068	0.001055265893
248069	0.0001296275724
248070	0.0002003918404
248071	0.0005478065953
248072	0.001159581405
248073	0.0008578425779
248074	0.0009225539595
248075	0.000536858988
248076	0.001879842418
248077	0.0008934858504
248078	0.003478779337
248079	0.002553069345
248080	0.0001013640506
248081	0.001395266493
248082	0.001207852744
248083	0.004537027791
248084	0.0007976115196
248085	0.001484964546
248086	0.002655544327
248087	0.00120842674
248088	0.002708233721
248089	0.002804737405
248090	0.0009049772608
248091	0.001597022003
248092	0.001983154903
248093	0.001228171974
248094	0.001793336428
248095	0.0008782887813
248096	0.001256639378
248097	0.0006991372352
248098	0.001089365185
248099	0.006977983678
248100	0.003944483282
248101	0.0008928347358
248102	0.0002603800524
248103	0.001098391669
248104	0.0009383336877
248105	0.004596118933
248106	0.00137348955
248107	0.0008829167354
248108	0.002230588338
248109	0.002069907606
248110	0.002350468415
248111	0.001333326625
248112	0.001352181894
248113	0.001400477032
248114	0.001212578853
248115	0.003919589545
248116	0.0008963755492
248117	0.0009360155052
248118	0.0004174396911
248119	0.001468945259
248120	0.0009596589235
248121	0.001686514365
248122	0.002224753365
248123	0.002425178613
248124	0.001214044476
248125	0.001027282521
248126	0.0008090341527
248127	0.003234764767
248128	0.0001355595324
248129	0.0006103275532
248130	0.002194566894
248131	0.001701725287
248132	0.002967637233
248133	0.001071234666
248134	0.00212735446
248135	0.0005268185792
248136	0.001480031282
248137	0.001500479
248138	0.003278111358
248139	0.0006561617706
248140	0.0009892203313
248141	0.0009831237166
248142	0.0008493148264
248143	0.0005983885056
248144	0.0006072917431
248145	0.002868333001
248146	0.0005721431833
248147	0.001364884498
248148	0.0006668476324
248149	0.002627781836
248150	0.001548910148
248151	0.0004564079494
248152	0.002972220467
248153	0.0004758273095
248154	0.0007897765819
248155	0.002440650265
248156	0.001010452931
248157	0.002606796
248158	0.0004746406909
248159	0.0009018659248
248160	8.377066354e-05
248161	0.0004767883982
248162	0.0008473030823
248163	0.001812963813
248164	0.001016865242
248165	0.001608695147
248166	0.001618047081
248167	3.742807844e-05
248168	0.0003970019983
248169	0.001024765483
248170	0.001488442042
248171	0.001551141454
248172	0.001182967941
248173	0.001340016818
248174	0.00082590001
248175	0.001855852762
248176	0.0008385312854
248177	0.001894992631
248178	0.001388325743
248179	0.001444153892
248180	0.002613966451
248181	0.0009823646306
248182	0.001628122048
248183	0.0002418781039
248184	0.001073234738
248185	0.000382632576
248186	0.001254015356
248187	0.001496198412
248188	0.001196977727
248189	0.0007937642545
248190	0.0002101009522
248191	0.002755854763
248192	0.002563614895
248193	0.0001890730677
248194	3.077306235e-05
248195	0.004777519461
248196	0.0005894657131
248197	0.003877160367
248198	0.001065429501
248199	0.002706255851
248200	0.0001283778991
248201	0.0009098596396
248202	0.0008748250199
248203	0.002157181729
248204	0.001150278973
248205	0.0009998567501
248206	0.0007092348774
248207	0.001278033536
248208	0.0002027882063
248209	0.0004447839052
248210	0.002609196563
248211	0.002429153234
248212	0.0004489192056
248213	0.001825005409
248214	0.001624987041
248215	0.007395493111
248216	0.001112136348
248217	5.14399426e-05
248218	0.00256124405
248219	0.001433022698
248220	0.006064292313
248221	0.001130804081
248222	0.002267579831
248223	0.002527191111
248224	0.004213834055
248225	0.003441527935
248226	0.001976600396
248227	0.004020994552
248228	0.001168842232
248229	0.002638008905
248230	0.002558396021
248231	0.005805689833
248232	2.693022959e-07
248233	0.003777231121
248234	0.001418406346
248235	0.005760180258
248236	0.001200861889
248237	0.001265028316
248238	0.003700021542
248239	0.003538785281
248240	0.000283526817
248241	0.001470408649
248242	0.0001104702843
248243	0.001841151727
248244	8.699385054e-05
248245	0.0008019967523
248246	0.00389741091
248247	0.0004594380387
248248	0.001736888397
248249	0.008433283307
248250	0.001486414906
248251	0.00132594744
248252	0.001856036852
248253	0.004032417529
248254	7.779288156e-05
248255	0.001521115121
248256	0.001586431342
248257	0.001229653769
248258	0.001602135234
248259	0.0002427419007
248260	0.001326347395
248261	0.004050775199
248262	0.001059254014
248263	0.00333868184
248264	0.002746338156
248265	0.003615388952
248266	0.000547291419
248267	0.002668274574
248268	0.007952087615
248269	0.001441391799
248270	0.0006600737788
248271	0.004495344963
248272	0.0003575563393
248273	0.006283843417
248274	0.000400410081
248275	0.001672707701
248276	0.00126802265
248277	0.0008857897416
248278	0.003832068984
248279	0.0001279433105
248280	0.003302478935
248281	0.006171476958
248282	0.0002704760805
248283	0.0002783272693
248284	0.001817611539
248285	0.0006315139349
248286	0.005144412846
248287	0.001432779217
248288	0.007513392425
248289	0.00124662277
248290	0.0004164125039
248291	0.003866076485
248292	0.001851187844
248293	0.002954149293
248294	0.0004648949153
248295	0.0003175465514
248296	0.003266814865
248297	0.001735272268
248298	0.002513059606
248299	0.007050076589
248300	0.002253067664
248301	0.001130661152
248302	0.006825038708
248303	0.003555179498
248304	0.0007037552053
248305	0.003912787678
248306	0.005575177043
248307	0.0005139638246
248308	5.376091054e-05
248309	0.001553511305
248310	0.0006445912711
248311	0.001956779433
248312	0.002750427837
248313	0.0004125507926
248314	0.0002520215638
248315	0.003033115723
248316	0.002994283162
248317	0.001389068185
248318	5.292554601e-05
248319	0.01058785452
248320	0.002172610591
248321	0.004513466848
248322	0.000520386266
248323	0.005542430324
248324	0.001727780355
248325	0.003393279304
248326	0.004395223937
248327	0.00596972713
248328	0.006759156217
248329	0.002175387289
248330	0.0007062408686
248331	0.0009360344671
248332	0.002398220036
248333	0.0006605759966
248334	0.003396033035
248335	0.006592215701
248336	0.003444680335
248337	0.0003131629661
248338	0.00329056958
248339	0.003920585594
248340	0.004506028038
248341	0.002092705169
248342	0.00169643065
248343	0.00249866866
248344	0.00235660249
248345	0.0002896460537
248346	7.558843786e-05
248347	0.004028074356
248348	0.0004009706874
248349	0.005031360666
248350	0.001410564957
248351	0.0005721284998
248352	0.001112907648
248353	0.0001559880219
248354	0.002639171516
248355	0.001416985391
248356	0.0002135647801
248357	0.001483133109
248358	0.003537489638
248359	0.003046002228
248360	2.138813668e-05
248361	0.003791560624
248362	0.001698339833
248363	6.407391638e-05
248364	0.001430813772
248365	0.00220037932
248366	0.0007332170465
248367	0.003197922602
248368	0.001829462189
248369	0.005890505401
248370	0.005354250287
248371	0.000842928915
248372	0.007625548489
248373	0.0006124995202
248374	0.002986346168
248375	0.002328776789
248376	0.004561260888
248377	0.00391100699
248378	0.00208980779
248379	0.00066976103
248380	0.000859091577
248381	0.0005553764759
248382	0.0006054694693
248383	0.002812572127
248384	0.001428414679
248385	0.0002019609117
248386	0.001710197394
248387	0.003996741819
248388	0.0006622573765
248389	0.006531103074
248390	2.037259091e-05
248391	0.002996783458
248392	0.004332713953
248393	0.0005149267078
248394	0.002904186436
248395	0.0007307144977
248396	0.0009023365781
248397	0.00403939407
248398	0.0007992039225
248399	0.005292736139
248400	0.001220947917
248401	0.0006988504897
248402	0.003389071091
248403	7.468213445e-05
248404	0.002307821159
248405	0.001590586843
248406	0.002168637314
248407	0.002804810572
248408	0.001684605371
248409	0.005071952353
248410	0.001747249428
248411	0.00911271451
248412	0.0002107089527
248413	0.002896442927
248414	0.0007273650472
248415	0.00166330681
248416	0.001884250097
248417	3.43287847e-06
248418	0.00315725764
248419	0.001675523542
248420	0.0009016964053
248421	0.002097116684
248422	0.001243714793
248423	0.005871892479
248424	0.001395882371
248425	0.002094791025
248426	0.002700885923
248427	0.0004556131088
248428	0.003344492742
248429	0.0006494714381
248430	0.002813267768
248431	0.0002649577639
248432	0.005816012442
248433	0.0005404273222
248434	0.00237288527
248435	0.005599328044
248436	0.000288827267
248437	0.0007897489089
248438	0.000335188608
248439	0.005909473931
248440	0.003124595057
248441	0.001126000711
248442	0.0007426117342
248443	0.0002517814342
248444	0.002952122789
248445	0.007222639252
248446	0.001876743921
248447	0.00504457032
248448	0.005520600613
248449	0.003166621295
248450	0.0004063127448
248451	0.003290049803
248452	0.001241266237
248453	0.0008956020321
248454	0.0005345718842
248455	0.001720814486
248456	0.0007754947751
248457	0.00226253156
248458	0.000614102932
248459	0.0005789250151
248460	0.0001651179976
248461	0.002127146954
248462	0.001250571738
248463	0.002990288855
248464	0.005569965806
248465	0.001412455301
248466	0.001614825787
248467	0.002374613381
248468	0.004636739527
248469	0.001115840769
248470	0.00207206654
248471	0.001311674292
248472	0.0007916150217
248473	0.003635564183
248474	0.002427137134
248475	0.001166923129
248476	0.002346642648
248477	0.003322648378
248478	0.006995972474
248479	3.177572669e-07
248480	0.00193665344
248481	0.0005036266556
248482	0.001089095488
248483	0.001247455992
248484	0.003025877486
248485	0.0004001513834
248486	0.001753252431
248487	0.002694029462
248488	0.00143810045
248489	0.003720998152
248490	0.004499181577
248491	0.0003253475068
248492	0.001552374193
248493	0.003081857574
248494	0.0004290478889
248495	0.008360821969
248496	0.005042079556
248497	0.00140772816
248498	0.0001634716517
248499	0.001994380117
248500	0.001390000312
248501	0.001054961976
248502	0.003246453758
248503	0.007188529363
248504	0.002461009572
248505	0.0001984223061
248506	0.001044424801
248507	0.001621066485
248508	0.001486271215
248509	0.00146054758
248510	0.0001131083324
248511	0.001518701677
248512	0.0005919077052
248513	0.0001276528081
248514	0.0001271421899
248515	0.0001280704691
248516	1.833582198e-06
248517	3.226179954e-07
248518	0.0001272365507
248519	0.0001281332716
248520	0.003563165025
248521	0.000504171535
248522	0.0006433615009
248523	0.001866581009
248524	0.001032581536
248525	0.003168916716
248526	0.0005478162325
248527	0.001000933285
248528	0.0009577976121
248529	0.001523220524
248530	8.348477794e-05
248531	0.002152137179
248532	8.885900663e-06
248533	0.000891878326
248534	0.001137154116
248535	0.0001611225867
248536	0.0002336142193
248537	0.00137543179
248538	0.001559210471
248539	0.001932260162
248540	0.001156541109
248541	0.001625365791
248542	0.0002790902432
248543	0.000993785096
248544	0.001214996197
248545	0.00203980793
248546	0.001786129657
248547	0.002926643573
248548	0.001210190788
248549	0.002218441132
248550	0.0001975388739
248551	0.0001095225226
248552	0.000352988901
248553	0.009967742464
248554	0.00993923655
248555	0.002545844293
248556	0.009215377554
248557	0.01124233458
248558	0.005176640787
248559	0.005444212615
248560	0.00391781858
248561	0.007009992844
248562	0.01102388372
248563	0.00517431627
248564	0.01244445265
248565	0.007525641247
248566	0.001045591525
248567	0.008317776287
248568	0.002628047732
248569	0.002498890504
248570	0.00323518523
248571	0.006581591216
248572	0.004077909364
248573	0.004272131467
248574	0.007928074677
248575	0.003351695219
248576	0.001506393815
248577	0.001673275509
248578	0.002689907788
248579	0.009014033199
248580	0.002417741522
248581	0.00201085607
248582	0.009996613097
248583	0.002561123502
248584	0.003169404011
248585	0.006218450615
248586	0.00495116928
248587	0.006930689982
248588	0.00429060847
248589	0.009750099105
248590	0.003840370842
248591	0.00313044442
248592	0.004154151302
248593	0.0009012302022
248594	0.001044578479
248595	0.001974854615
248596	0.0006044441728
248597	0.0004020525997
248598	0.004171767151
248599	0.008322995286
248600	0.002102756494
248601	0.007723395332
248602	0.002183003453
248603	0.01070435754
248604	0.0056227337
248605	0.01543278304
248606	0.003198112676
248607	0.01590874319
248608	0.005667369807
248609	0.003223396099
248610	0.005875194456
248611	0.009400934585
248612	0.006044963583
248613	0.002586418112
248614	0.01174393746
248615	0.006411436635
248616	0.002917836242
248617	0.001654726751
248618	0.001879620461
248619	0.001825776199
248620	0.006232097127
248621	0.007412772697
248622	0.01055627312
248623	0.006566252727
248624	0.007172774247
248625	0.00274363859
248626	0.001183905318
248627	0.01023722652
248628	0.002927207312
248629	0.005543342865
248630	0.006908153269
248631	0.004388814953
248632	0.004841832054
248633	0.003629382837
248634	0.004395866324
248635	0.004192914387
248636	0.008277106054
248637	0.002478743019
248638	0.0006176527719
248639	0.000539776283
248640	0.01066741126
248641	0.01306871503
248642	0.002624450161
248643	0.003911905614
248644	0.001069660722
248645	0.001526591907
248646	0.006923067897
248647	0.005750774247
248648	0.003164995005
248649	0.006967831104
248650	0.00889245912
248651	0.007466941316
248652	0.01508531651
248653	0.009202443564
248654	0.00360409449
248655	0.00746416858
248656	0.009202648519
248657	0.007363033373
248658	0.000930746895
248659	0.003773527111
248660	0.005435864851
248661	0.0109671852
248662	0.0001717585166
248663	0.002502832563
248664	0.000245132853
248665	0.003997196521
248666	0.001068430497
248667	0.01439969533
248668	0.004780301074
248669	0.003359226702
248670	0.003816637145
248671	0.0001606495674
248672	0.00408122223
248673	0.004733487792
248674	0.006909648432
248675	0.003119832058
248676	0.008858965372
248677	0.0025240924
248678	0.01148621409
248679	0.003764861191
248680	0.009710624903
248681	0.001559635785
248682	0.007552817013
248683	0.004581658461
248684	0.01093406807
248685	0.001713650897
248686	0.004095782583
248687	0.01091376379
248688	0.004033735452
248689	0.002067510264
248690	0.0001746726177
248691	0.0001427271025
248692	0.0003080941746
248693	0.0004685641574
248694	0.0002586898982
248695	0.0004401128408
248696	0.0005212715714
248697	0.0003769134313
248698	0.0003127488597
248699	0.0001031517774
248700	0.0005908798888
248701	0.0007385248137
248702	0.0002224996389
248703	0.000157183019
248704	0.001536302652
248705	0.0001143928048
248706	0.0001167780455
248707	0.000208273864
248708	0.0008808618191
248709	0.001199179954
248710	0.001050687707
248711	0.001013353436
248712	0.0001258798159
248713	0.0001022417661
248714	0.0001984925729
248715	0.0004358298613
248716	0.0005423575664
248717	0.0002639538845
248718	0.0004135631838
248719	0.0001667855812
248720	0.0002395188427
248721	8.034688082e-05
248722	7.945862863e-05
248723	0.00102947481
248724	0.0006857539531
248725	6.416492454e-05
248726	0.0003391417719
248727	0.0001887769383
248728	0.000186559851
248729	6.616615306e-05
248730	6.629809831e-05
248731	0.002065488317
248732	0.0007613654418
248733	0.001321550351
248734	0.0004590519597
248735	0.001283763024
248736	0.0005612758565
248737	0.0005220151466
248738	0.0002498913526
248739	0.0008560791445
248740	0.001453258577
248741	0.0009713174515
248742	0.0009206088879
248743	0.0003914102564
248744	0.0004317492153
248745	0.0008464749794
248746	7.84321401e-05
248747	0.001071032209
248748	0.0004265740429
248749	1.088277455e-05
248750	0.0008495690246
248751	0.0002985445469
248752	0.001118268034
248753	0.001142804512
248754	0.0004192578465
248755	0.001731326692
248756	0.000615252149
248757	0.0002847401795
248758	9.518805248e-05
248759	0.0006751343972
248760	0.0008340822775
248761	0.0008103672845
248762	0.0008318291166
248763	0.0005823263092
248764	0.000923890779
248765	0.0001487704781
248766	0.0008836246775
248767	0.0005267028739
248768	0.0009711686756
248769	0.001572636879
248770	0.0003374266042
248771	0.0006376112173
248772	0.00158362946
248773	0.002233240133
248774	0.0005513685466
248775	0.0006645625376
248776	0.000304135502
248777	0.0008626389351
248778	0.0006220319442
248779	0.001188994453
248780	0.0004478413806
248781	3.547016719e-05
248782	0.0009913714679
248783	0.001334109698
248784	0.0003823914463
248785	0.0005957712249
248786	0.0008678915839
248787	0.0006847736258
248788	0.0003475481028
248789	0.0009237747411
248790	0.0009053098402
248791	0.0009966498165
248792	0.0004933602499
248793	0.000168185104
248794	0.0002157848813
248795	0.0003487538748
248796	0.0007201829054
248797	0.0002994961932
248798	0.0009626131562
248799	0.0005798274832
248800	0.0002200445586
248801	0.0002606093029
248802	0.0005269271348
248803	0.0005454386219
248804	0.0009204471098
248805	0.0007334111529
248806	3.65134755e-05
248807	0.0008795913933
248808	0.001319337972
248809	0.0005253757357
248810	0.0007615807185
248811	0.000168187213
248812	0.0005626475156
248813	0.0004883725761
248814	0.0002355404684
248815	0.0005152363699
248816	0.000162092438
248817	0.0002061539541
248818	0.0005656733906
248819	0.0007085212717
248820	0.0007820274266
248821	0.0001671987553
248822	0.000604518607
248823	0.009075910757
248824	0.000201786313
248825	0.0009597366668
248826	0.0006317912219
248827	0.000308038956
248828	0.001062443498
248829	0.0004748743182
248830	9.643534085e-05
248831	0.0002001296111
248832	0.00047893252
248833	0.001813094013
248834	0.001452988898
248835	0.0001873816451
248836	0.0001058653886
248837	0.0009476471699
248838	3.532940629e-05
248839	0.0007713889117
248840	0.004012031822
248841	0.0004171793514
248842	0.0004407351178
248843	0.0008904167934
248844	0.0001818327918
248845	0.0002365845886
248846	0.001281667319
248847	0.0003331830908
248848	0.0003716937645
248849	0.0004149443808
248850	0.0001824649751
248851	4.61561862e-05
248852	0.0008360844231
248853	0.0003100597827
248854	0.006821747626
248855	0.004669052588
248856	0.006984025443
248857	0.0104577919
248858	0.004098065896
248859	0.0007709847672
248860	0.000121726349
248861	0.001376977973
248862	0.0007263035461
248863	0.001795612365
248864	0.003678424557
248865	0.0007720222918
248866	0.01148076562
248867	0.004375457094
248868	0.002326257902
248869	0.003848810044
248870	0.003724595384
248871	0.002615952396
248872	0.003355848613
248873	0.005007081723
248874	0.001463738625
248875	0.0009346369024
248876	0.004006253899
248877	0.002797016748
248878	0.006117633337
248879	0.003156241292
248880	0.003180190256
248881	0.006610443415
248882	0.004113222831
248883	0.005426651336
248884	0.004680828628
248885	0.005066566671
248886	0.004980675435
248887	0.005840543719
248888	0.0012536517
248889	0.006237657553
248890	0.003309946457
248891	0.01250250017
248892	0.01093276582
248893	0.008107180547
248894	0.01498021131
248895	0.007211926605
248896	0.006483785452
248897	0.001424834517
248898	0.01874502807
248899	0.01024696392
248900	0.001904913562
248901	0.01654593715
248902	0.003051650715
248903	0.01073311693
248904	0.0002808915416
248905	0.0009574315154
248906	0.0009014333839
248907	0.01088470766
248908	0.002006740045
248909	0.01054313315
248910	0.003190174945
248911	0.005664768184
248912	0.009071142915
248913	0.01147906777
248914	0.009398304717
248915	0.0001437320301
248916	0.007579758322
248917	0.0009084585022
248918	0.00231081539
248919	0.01060195686
248920	0.005903710465
248921	0.009824489089
248922	0.0007080314082
248923	0.01789788775
248924	0.004397718667
248925	0.005152672597
248926	0.01375333388
248927	0.009192906951
248928	0.01115368661
248929	0.01131974091
248930	0.009469271055
248931	0.0005538587836
248932	0.003635679629
248933	0.01429852499
248934	0.003161979424
248935	0.0002910705894
248936	0.006291235414
248937	0.008810246131
248938	0.007968568744
248939	0.01029370012
248940	0.01324130191
248941	0.0007316069871
248942	0.006214249831
248943	0.008007668445
248944	0.004401915836
248945	0.002327110808
248946	0.01063993083
248947	0.0003300374761
248948	0.003022532911
248949	0.001957561633
248950	0.005505730297
248951	0.002500852505
248952	0.01408718978
248953	0.01356117303
248954	0.002237498105
248955	0.006243528887
248956	0.001959916009
248957	0.002121879225
248958	0.005450857379
248959	0.0003394399198
248960	0.005558789441
248961	0.01557029478
248962	0.01344636445
248963	0.003282217053
248964	0.005626420043
248965	0.004651239333
248966	0.001573564465
248967	0.00587324994
248968	0.005673559938
248969	0.008353310398
248970	0.0002793233456
248971	0.00263070783
248972	0.01020661355
248973	0.01316242266
248974	0.008107027874
248975	0.003682583722
248976	0.01271277325
248977	0.005074917061
248978	0.003729812738
248979	0.0004390607773
248980	0.001580644911
248981	0.009177495745
248982	0.006971832006
248983	0.01105221045
248984	0.002648381106
248985	0.001646843879
248986	0.01372869946
248987	0.01716430581
248988	0.003790808352
248989	0.006832095103
248990	0.004243940989
248991	0.0004738951507
248992	0.008845782125
248993	0.01278402966
248994	0.003032388893
248995	0.01227134915
248996	0.005788636943
248997	0.001433394975
248998	0.00158446549
248999	0.000788535376
249000	0.003026383078
249001	0.004679718439
249002	0.006952083606
249003	0.01279917781
249004	0.01480928143
249005	0.02395511811
249006	0.02118474825
249007	0.00121322999
249008	0.005740648223
249009	0.003973659442
249010	0.004021172586
249011	0.008075805565
249012	0.006356345375
249013	0.001574489641
249014	0.004685424232
249015	0.006807109563
249016	0.002320247547
249017	0.003064913617
249018	0.008620675908
249019	0.00472898721
249020	0.0009575938447
249021	0.001304710678
249022	0.0005593148839
249023	0.003722745498
249024	0.005078310676
249025	0.00532198712
249026	0.02156191978
249027	0.0002863928075
249028	0.0004695489111
249029	0.0002338988433
249030	0.003727062897
249031	0.007308329709
249032	0.001595970357
249033	0.001697892402
249034	0.00683683814
249035	0.003848128008
249036	0.003270678867
249037	0.003861736536
249038	0.00357716342
249039	0.002822097668
249040	0.002317884302
249041	0.002067059869
249042	0.0005018577305
249043	0.008113927928
249044	0.002714497741
249045	0.003233436367
249046	0.001589096467
249047	0.002915006974
249048	0.003683482525
249049	0.0009842203337
249050	0.004314533459
249051	0.008656982956
249052	0.01164404205
249053	0.005195048854
249054	0.005887079743
249055	0.001720508245
249056	0.002027417006
249057	0.003957535603
249058	0.001947234675
249059	0.007744329212
249060	0.01284399727
249061	0.0009718494182
249062	0.002100974495
249063	0.002836421414
249064	0.0001570543015
249065	0.0004898867461
249066	0.001174182048
249067	0.0007228609174
249068	0.0005743603795
249069	0.0006303591631
249070	0.006567731861
249071	0.0008794268043
249072	0.00066647981
249073	0.0007981163485
249074	0.00132577269
249075	0.001578902988
249076	0.000779210001
249077	0.001448050383
249078	0.001870383128
249079	0.0004748042376
249080	0.002746752341
249081	0.004616101334
249082	0.001255980446
249083	0.009508104206
249084	0.001243733055
249085	0.008212355214
249086	0.00137410819
249087	0.003298805626
249088	0.001254078636
249089	6.808059969e-08
249090	0.0007161945107
249091	0.0002915689006
249092	0.001864830943
249093	0.00124939432
249094	0.001425135886
249095	0.0002959186481
249096	0.004227525511
249097	0.006767387863
249098	0.003151089135
249099	0.0003567745265
249100	0.006428755965
249101	0.004896204582
249102	0.007109058672
249103	0.00816869032
249104	0.00396795351
249105	0.0006999876237
249106	0.002693175011
249107	0.005005150805
249108	0.002334981311
249109	0.005611018653
249110	0.0004704856436
249111	0.0005377505997
249112	1.943079592e-07
249113	0.001545488805
249114	0.005154713153
249115	0.0003045709574
249116	0.002974524422
249117	0.007805530699
249118	0.0002514849314
249119	0.0007426274436
249120	0.000240011719
249121	0.002349569094
249122	0.003216210934
249123	0.001777036477
249124	0.000630114117
249125	0.003789822934
249126	0.00244269138
249127	0.0002749185009
249128	0.002265665688
249129	0.008224955897
249130	0.005725935084
249131	0.001743381763
249132	0.002535907224
249133	0.002280390676
249134	0.0005645954295
249135	0.007650196065
249136	0.008030722358
249137	0.002391255374
249138	0.002748881591
249139	0.001709355761
249140	0.0001552944069
249141	0.006267962447
249142	0.001475254307
249143	0.003357612794
249144	0.001324242668
249145	0.0057858429
249146	0.007269536203
249147	0.006729467404
249148	0.003124049691
249149	0.006425101902
249150	0.0005652393405
249151	6.281821945e-05
249152	0.0003845711009
249153	0.003901683777
249154	0.0001761584229
249155	0.006016055602
249156	0.0002462443859
249157	0.002195196302
249158	0.002884893405
249159	0.0004988001559
249160	0.002595060381
249161	0.003321740386
249162	0.005042601212
249163	0.01257761038
249164	0.0009952624644
249165	0.002311338938
249166	0.003687595894
249167	0.01198324701
249168	0.009139573769
249169	0.005168805532
249170	0.0005534304792
249171	9.038127776e-05
249172	0.002431130696
249173	0.005975527265
249174	0.0009506505336
249175	0.001564829668
249176	0.006794008415
249177	0.003401220566
249178	0.003397459387
249179	0.008789668748
249180	0.001439373252
249181	0.007787738203
249182	0.0005298946923
249183	0.002278447028
249184	0.002049966877
249185	0.0007975973797
249186	0.004346052518
249187	0.004819364419
249188	0.0008776746724
249189	0.001402008366
249190	0.003455394069
249191	0.007482996939
249192	0.008755167286
249193	0.0005384589143
249194	0.002752158246
249195	0.0003261535889
249196	0.007909346742
249197	0.001046520843
249198	0.0002639805821
249199	0.004605823949
249200	0.0003494146562
249201	0.0001872411907
249202	0.001198649131
249203	0.004155487496
249204	0.003731528018
249205	0.004784659668
249206	0.002017119192
249207	0.001137881248
249208	0.001697046273
249209	0.0001709291711
249210	0.008494697367
249211	0.00159665801
249212	0.01060639755
249213	0.002645066442
249214	0.001378087054
249215	0.003946570158
249216	0.005047020675
249217	0.004327138726
249218	0.004477483976
249219	0.001037458141
249220	0.005860784096
249221	0.004194113752
249222	0.001804377112
249223	0.001967558975
249224	0.003771221751
249225	0.001396338592
249226	0.0006405940101
249227	0.0009094246157
249228	0.001387967806
249229	0.00111117069
249230	0.0007000949981
249231	0.0005610912764
249232	0.001471804054
249233	0.002625529264
249234	0.002493787199
249235	0.003558602536
249236	0.007849131147
249237	0.004435211531
249238	0.0008125690998
249239	0.003684546189
249240	0.001349587137
249241	0.001745046792
249242	0.002134307544
249243	0.008617774008
249244	0.0004136230711
249245	0.0002302339288
249246	0.001583560939
249247	0.001572762844
249248	0.0006418636289
249249	0.0009477058646
249250	0.002077900764
249251	0.001578446967
249252	5.27144953e-05
249253	0.005700267389
249254	0.007476080745
249255	0.003053245279
249256	0.009497250253
249257	0.007444276251
249258	0.002339071988
249259	0.0006833733469
249260	0.002088064639
249261	0.0006774469924
249262	0.0007688030536
249263	0.004720523948
249264	0.003469005641
249265	0.002652705315
249266	0.004035449743
249267	0.0009104643147
249268	0.0008308962115
249269	0.00572357115
249270	0.001203768172
249271	0.004245290092
249272	0.0002663907191
249273	0.001104314732
249274	0.002374186657
249275	0.000250463977
249276	0.0002261521724
249277	0.002883662028
249278	0.005746929302
249279	0.0006268612448
249280	0.0002432809109
249281	0.0009533567863
249282	0.001149025596
249283	0.002129391175
249284	0.003496992601
249285	0.002909139263
249286	0.002735251428
249287	0.0007042884031
249288	0.0001597717136
249289	0.0005682159487
249290	0.007506741793
249291	0.005979280507
249292	0.007300286571
249293	0.002744117832
249294	0.01106872769
249295	0.003784914292
249296	0.005038376677
249297	0.009075795336
249298	0.004503337729
249299	0.0004917798553
249300	0.002688881698
249301	0.001076047901
249302	0.0004733557527
249303	0.008311904028
249304	0.005653762493
249305	0.0008332679433
249306	0.003311074962
249307	0.002942281929
249308	0.009865227797
249309	0.004593463484
249310	1.250911569e-05
249311	0.001195249773
249312	0.006078283614
249313	0.0001020281748
249314	0.001655216183
249315	0.001961964953
249316	0.008334804773
249317	0.002009750005
249318	0.00659688648
249319	0.006648675781
249320	0.00769011775
249321	0.01651446397
249322	0.007312552645
249323	0.01536452687
249324	0.003261288234
249325	0.0009160366263
249326	0.002145032698
249327	0.01332290871
249328	0.003905639546
249329	0.0007545337874
249330	0.002507178847
249331	0.006392207258
249332	0.002130609848
249333	0.009847942425
249334	0.002878963123
249335	0.0007167114113
249336	0.001375478424
249337	0.005899986046
249338	0.007761912696
249339	0.005171780628
249340	0.003454322802
249341	0.001044542169
249342	0.008180096551
249343	0.002447696305
249344	0.005201980395
249345	0.001088251857
249346	0.01120569388
249347	0.00191689927
249348	0.0009523367329
249349	0.006064151577
249350	0.002960710514
249351	0.01499447496
249352	0.008526539602
249353	0.007551807831
249354	0.007087652515
249355	0.001791675763
249356	0.001195445586
249357	0.01068544814
249358	0.01045371659
249359	4.0766351e-05
249360	0.004870464924
249361	0.00644711042
249362	0.002691039837
249363	0.008327525925
249364	0.006545713391
249365	0.003654692132
249366	0.003657646313
249367	9.464586988e-05
249368	0.006302833294
249369	0.001207856341
249370	8.562748617e-05
249371	0.00601970132
249372	0.001309379868
249373	0.00535795691
249374	0.007990128222
249375	0.002257484146
249376	0.01324279632
249377	0.004161203201
249378	0.01311184756
249379	0.000642629516
249380	0.002699011177
249381	0.002197129314
249382	0.003165621557
249383	0.002651196727
249384	0.0170856908
249385	0.001290914439
249386	0.00903180583
249387	0.01453838634
249388	0.004271807691
249389	0.006338583956
249390	0.001488997865
249391	0.005548722805
249392	0.003926116377
249393	0.004267719556
249394	0.004280941981
249395	1.484461751e-05
249396	0.001172805512
249397	0.00865217158
249398	0.002591117167
249399	6.157332425e-05
249400	0.004414299412
249401	0.009602259436
249402	0.00156142843
249403	0.006153639292
249404	0.008158770236
249405	0.0002650384708
249406	0.000540452936
249407	0.002489444785
249408	0.009664114716
249409	0.007928803707
249410	0.00276166441
249411	0.001033627429
249412	0.007650578216
249413	0.003429572567
249414	0.01043678606
249415	0.0012426845
249416	0.0001405552565
249417	0.002816281695
249418	0.0007812729192
249419	0.002733430111
249420	0.01714698531
249421	0.001867787833
249422	0.000876655763
249423	0.002121130902
249424	0.0009029669298
249425	0.0001230421198
249426	0.009365148243
249427	0.008857289716
249428	0.007059881189
249429	0.007586945147
249430	0.0008073280525
249431	0.0009669935896
249432	0.00209723013
249433	0.001539418697
249434	0.01779384467
249435	0.003572336673
249436	0.007460084401
249437	0.01002528004
249438	0.009452677767
249439	0.01955780769
249440	0.005021862569
249441	0.006815119251
249442	0.0121573281
249443	0.008981765301
249444	0.002015463868
249445	0.001427527555
249446	0.004441488537
249447	0.0007018699164
249448	0.0001306590483
249449	0.002923215387
249450	0.006357607473
249451	0.002648922635
249452	0.0003869548863
249453	0.002800393573
249454	0.0006711672405
249455	0.005739645925
249456	0.002671351921
249457	0.002126510584
249458	0.003206582275
249459	0.00398823268
249460	0.00813467263
249461	0.0008909040054
249462	0.0001209169244
249463	0.001523235113
249464	0.002952352182
249465	0.01293408209
249466	0.004265231805
249467	0.002701003194
249468	0.0001233721602
249469	0.006275377331
249470	0.0006552983031
249471	0.00467857331
249472	0.01239613844
249473	1.911615417e-06
249474	0.0005375255907
249475	0.001093959762
249476	0.0005627445943
249477	0.002256666729
249478	0.003322725138
249479	0.001208083839
249480	0.0006222062213
249481	0.001217143177
249482	0.001600037863
249483	0.0002878827945
249484	0.001934090242
249485	0.001374440439
249486	0.003033693517
249487	0.001868784174
249488	0.0007924105317
249489	0.002183507251
249490	0.0002855570936
249491	0.0034051333
249492	0.0006723173404
249493	0.0008741326829
249494	0.001218563828
249495	0.0005801066015
249496	0.002912222473
249497	0.001956890348
249498	0.001893646676
249499	0.001954211357
249500	0.0001912850636
249501	0.004759783384
249502	0.004070179192
249503	0.01045001915
249504	0.0007224013371
249505	0.003844221595
249506	0.005455694626
249507	0.001859310149
249508	0.007591033235
249509	0.0008074762396
249510	0.003715358489
249511	0.002548528034
249512	0.005443521312
249513	0.009485458735
249514	0.00573533078
249515	0.004074947666
249516	0.003570815639
249517	0.002636819251
249518	2.271325246e-05
249519	0.001649002006
249520	0.004024210563
249521	0.008829777554
249522	0.0008456258483
249523	0.002808438612
249524	0.005323684656
249525	0.004594562723
249526	0.001565027645
249527	0.00420915721
249528	0.003951648688
249529	0.002681981475
249530	0.004108246397
249531	0.005590839256
249532	0.0007540946872
249533	0.001138710267
249534	0.002633955126
249535	0.009672072922
249536	0.01057218818
249537	0.002558506194
249538	0.003191251523
249539	0.008610623194
249540	0.01288090478
249541	0.005019889469
249542	0.002253383602
249543	0.01483178355
249544	0.004549004061
249545	0.0008770230433
249546	0.009302310873
249547	0.007274399791
249548	0.0008602569315
249549	0.002890771499
249550	8.250822437e-05
249551	0.002203062946
249552	0.002170809515
249553	0.002099068201
249554	0.003279653794
249555	0.000256364489
249556	0.005356881352
249557	0.0006154328811
249558	0.002768145515
249559	0.001511220003
249560	0.003415063086
249561	0.001194379283
249562	1.842027704e-08
249563	0.003601072184
249564	0.006517402432
249565	0.001343143929
249566	0.002403501289
249567	0.003837827091
249568	0.00467270703
249569	1.81902215e-05
249570	0.0001076964595
249571	0.006170245428
249572	0.0008599036908
249573	0.002067452615
249574	0.000935196085
249575	0.003226788102
249576	0.001458988311
249577	0.0005585795522
249578	0.002655797581
249579	0.003768768705
249580	0.002005385924
249581	0.01089667551
249582	0.002493863614
249583	0.000690589375
249584	0.004793110414
249585	0.002397190466
249586	0.001190182152
249587	0.001811263861
249588	0.002070963496
249589	0.001702826498
249590	0.001351369304
249591	0.0008313799835
249592	0.007611869794
249593	0.002482348423
249594	0.01546357294
249595	0.001807400302
249596	0.009830727124
249597	0.007132636409
249598	0.001979192254
249599	5.594707952e-05
249600	0.007083330437
249601	0.00465461011
249602	0.0002617669481
249603	0.009844226156
249604	0.0008532758112
249605	6.009281415e-05
249606	0.002903007665
249607	0.002811121124
249608	0.001049850683
249609	0.002841640756
249610	0.003121382487
249611	0.0002083082136
249612	0.0006241074167
249613	0.001553537324
249614	0.001132583217
249615	0.00114724151
249616	0.0008361379512
249617	0.0002083261598
249618	0.0003091724857
249619	0.001289786026
249620	0.0004204436514
249621	0.0002714800582
249622	5.736134142e-05
249623	0.002103054833
249624	0.004848412742
249625	0.001376873252
249626	0.005897325882
249627	0.005505877125
249628	0.001960214529
249629	0.002147887305
249630	0.004153382853
249631	0.003598710158
249632	0.0008134629177
249633	0.001490870101
249634	0.001118403493
249635	0.005872561413
249636	0.005344621099
249637	0.0008921210004
249638	0.003642166456
249639	0.00368371358
249640	0.002986218079
249641	0.0005696230451
249642	0.003199894403
249643	0.006207889665
249644	0.001804537479
249645	0.002444463971
249646	0.007815556404
249647	0.001539236768
249648	0.0007585882707
249649	0.00516482998
249650	0.00708009387
249651	0.006271545209
249652	0.004189493616
249653	0.001653526399
249654	0.0005028040894
249655	0.005586784485
249656	0.001373919106
249657	0.0009900673944
249658	0.003910086665
249659	0.0003107897726
249660	0.0009361438587
249661	0.002555435737
249662	0.002989642351
249663	0.001982380161
249664	0.001644572748
249665	0.001174458143
249666	0.003902826442
249667	0.000934703067
249668	0.01354244892
249669	0.004733080638
249670	0.0005202299853
249671	0.001442408126
249672	0.00534494599
249673	0.001488146007
249674	0.002169244619
249675	0.002556845686
249676	0.0001254061505
249677	0.0009015500107
249678	0.001776337251
249679	0.000383198018
249680	0.001605594418
249681	0.0001091611883
249682	0.0001414784662
249683	0.009785584214
249684	0.01140644444
249685	0.001633865088
249686	0.008764489843
249687	0.007661463426
249688	0.0003539392519
249689	0.005312735758
249690	0.0001999432824
249691	0.01063566852
249692	0.001789821784
249693	0.01032964487
249694	0.000310843495
249695	0.0004361448054
249696	0.007195624624
249697	1.475997794e-07
249698	0.002174442674
249699	0.002038665201
249700	0.0007639332365
249701	0.004362635564
249702	0.0007984075408
249703	0.002723964137
249704	0.0004885389472
249705	0.01153234747
249706	0.002688286899
249707	0.002615403639
249708	0.002210851266
249709	0.004006529713
249710	0.007541834973
249711	0.004171594228
249712	0.004031709927
249713	0.001584836524
249714	0.009083405063
249715	0.001284109049
249716	0.004198414797
249717	0.000990874818
249718	0.005056889427
249719	0.003742900808
249720	0.008007889008
249721	0.001015376082
249722	0.002851840309
249723	0.003367720038
249724	0.002074794106
249725	0.003408063648
249726	0.001173718555
249727	0.001367567752
249728	0.0003099405508
249729	0.001026303201
249730	0.006091731522
249731	0.002822761246
249732	0.0007381094979
249733	0.003867118015
249734	0.005212823026
249735	0.01240097748
249736	0.007514215375
249737	0.002192245363
249738	0.001588858843
249739	0.00835762389
249740	0.004921538655
249741	0.0009545592775
249742	0.006197873251
249743	0.00548455477
249744	0.01112036644
249745	0.007911459798
249746	0.01047218654
249747	0.001515838298
249748	0.007625959912
249749	0.0003728113736
249750	0.00674796041
249751	0.004243347634
249752	0.001113911444
249753	0.0008314418343
249754	0.00545706908
249755	0.004398465896
249756	0.008289837958
249757	0.003312390129
249758	0.0008550793812
249759	4.780328097e-05
249760	0.001413185488
249761	0.01340839219
249762	0.01221633762
249763	0.003552798546
249764	0.006446497799
249765	0.006319727398
249766	0.001703636891
249767	0.009454773372
249768	0.02768839448
249769	0.004666445577
249770	0.0004652201462
249771	0.005051034232
249772	0.001500052475
249773	0.01578671658
249774	0.003898706195
249775	0.0008277643338
249776	0.004264888792
249777	0.006068537895
249778	0.0002223235519
249779	0.00303372673
249780	0.005975809716
249781	0.005388803345
249782	0.01166790839
249783	0.006822299999
249784	0.001455966073
249785	0.003110977367
249786	0.004640660751
249787	0.008243079537
249788	0.00450432741
249789	0.001224800042
249790	0.0001955512448
249791	0.007897049967
249792	0.003307610734
249793	0.001596058768
249794	0.007723219567
249795	0.0008227296575
249796	0.008734702799
249797	0.003969311354
249798	0.002757570342
249799	0.01100159936
249800	0.003588509442
249801	0.005038926686
249802	0.003957219288
249803	0.002854189367
249804	0.0001778904943
249805	0.002985902844
249806	0.001908326356
249807	0.005369787773
249808	0.003345700515
249809	0.005825835112
249810	0.009626461516
249811	0.0002218953292
249812	0.001575287596
249813	0.001775284813
249814	0.01878917079
249815	0.003958479477
249816	0.005055038208
249817	0.01167097437
249818	0.003583892182
249819	0.00248540533
249820	0.00173573035
249821	0.001548256923
249822	2.780423317e-05
249823	0.006913816393
249824	0.001865625418
249825	0.005276947944
249826	0.006388589468
249827	0.01447380668
249828	0.01306244257
249829	0.01006749022
249830	0.0007305046395
249831	0.0004903829804
249832	0.009915445911
249833	0.003324450055
249834	0.002865703884
249835	0.008841002925
249836	0.004957258779
249837	0.001073975112
249838	6.078085955e-05
249839	0.00438327982
249840	0.005212738597
249841	0.003185302605
249842	0.0004737717634
249843	0.009797257359
249844	0.001660291886
249845	7.296535756e-05
249846	0.001528964527
249847	0.002114851707
249848	0.001381356026
249849	0.0002720629946
249850	0.003600035646
249851	0.002964021742
249852	0.002384997244
249853	0.005958872365
249854	8.461306059e-06
249855	0.003807717825
249856	0.005742171337
249857	0.001330867567
249858	0.004253563911
249859	0.005139721499
249860	0.0007096177233
249861	0.002949494916
249862	0.00774927126
249863	0.01266980727
249864	0.0006340810011
249865	0.001592104011
249866	0.01089795617
249867	0.002957174061
249868	0.000697271875
249869	0.002285817375
249870	0.006330804161
249871	0.0145030238
249872	0.007186532519
249873	0.001405991275
249874	0.0006621857564
249875	0.0002672897655
249876	0.01630267323
249877	0.00108330055
249878	0.002770486681
249879	0.004544084643
249880	0.006466898172
249881	0.008175485254
249882	0.009263923149
249883	0.007362550989
249884	0.008621092714
249885	0.00494834953
249886	0.002469929951
249887	0.01024472802
249888	0.005043045175
249889	0.00213512287
249890	0.007726547768
249891	0.002251120458
249892	0.007001336818
249893	0.002470794367
249894	0.001316691917
249895	0.0003238727421
249896	4.073569718e-05
249897	0.005347233665
249898	0.002116252067
249899	0.007767155309
249900	0.01412925332
249901	0.005108706685
249902	0.001302086574
249903	0.008961657779
249904	0.005726466636
249905	0.01861730026
249906	0.003388296317
249907	0.000750194523
249908	0.005171001994
249909	0.003180307192
249910	0.001784757741
249911	0.007313503945
249912	0.002635800313
249913	0.0004729539145
249914	0.003922578573
249915	0.004978561598
249916	0.00660731243
249917	0.007076965718
249918	0.001160689462
249919	0.00340406522
249920	0.0008593594482
249921	0.004616473799
249922	0.002859482151
249923	0.007442846464
249924	0.002230579738
249925	0.0004407853391
249926	0.0005398025457
249927	0.0003923739218
249928	0.001092459611
249929	0.0001300031878
249930	0.0002834118414
249931	0.001528545867
249932	0.0002109861037
249933	0.0007311924217
249934	0.001273978728
249935	0.0009124874048
249936	0.001462676124
249937	0.002303646227
249938	0.001544313252
249939	0.006383205357
249940	0.003979089303
249941	0.0008364954713
249942	0.002272811751
249943	0.001785097885
249944	0.001282861465
249945	0.003734988769
249946	0.008646852034
249947	0.0001415736599
249948	0.0008397577933
249949	0.001286933462
249950	0.002286143943
249951	0.001583739407
249952	0.004202949489
249953	0.004993329513
249954	0.002606032024
249955	0.003956795386
249956	0.01687062592
249957	0.00222926637
249958	0.006895846674
249959	0.004140493878
249960	0.01152031232
249961	0.006978354542
249962	0.009762529253
249963	0.004442755532
249964	0.00235049561
249965	0.003739100657
249966	0.001012087088
249967	0.004350576256
249968	0.00711060629
249969	0.0005644600879
249970	0.003506377203
249971	0.001592297118
249972	0.001949997408
249973	0.003713247238
249974	0.005216579358
249975	0.003276111474
249976	0.0138226051
249977	0.004021014808
249978	0.01364484782
249979	0.008059156454
249980	0.001607094159
249981	0.002606759531
249982	0.005306974066
249983	0.0131217654
249984	0.007581520338
249985	0.001602839874
249986	0.004173125597
249987	0.001573210563
249988	0.0006074590222
249989	0.009069645228
249990	0.01025285034
249991	0.007470964625
249992	0.01215277923
249993	0.004422306725
249994	0.014951435
249995	0.0006761409828
249996	0.001556153647
249997	0.007704087802
249998	0.007428251455
249999	0.001337998754
250000	0.002524585758
250001	0.001533090879
250002	0.001005439274
250003	0.007126481908
250004	0.00027309951
250005	0.002706616758
250006	0.01898685962
250007	0.0008781848632
250008	0.003005987406
250009	0.001791355301
250010	0.007609274958
250011	0.001170266718
250012	0.01351567378
250013	0.0005486310194
250014	0.002598873622
250015	0.005812134454
250016	0.007396226004
250017	0.009492780594
250018	0.004566798255
250019	0.008314651137
250020	0.004183588187
250021	0.008009491825
250022	0.00113981107
250023	0.001309139751
250024	0.01411776193
250025	0.003067548313
250026	0.0009386772145
250027	0.004002397469
250028	0.002313769707
250029	0.00597816416
250030	0.0002977401691
250031	0.0006997424266
250032	0.0152327134
250033	0.005351878422
250034	0.003878083783
250035	0.005327843566
250036	0.001571999359
250037	0.001828091028
250038	0.005049671245
250039	0.0007564289695
250040	0.009267166835
250041	0.001460773958
250042	0.005285914689
250043	0.00128749285
250044	0.003398743762
250045	0.0003805224882
250046	0.002949249808
250047	0.00225315655
250048	0.003419928667
250049	0.003822785423
250050	0.004218733756
250051	0.009154487886
250052	0.005043925142
250053	0.00544148668
250054	0.004333605093
250055	0.002644757899
250056	0.0126972086
250057	0.003610507338
250058	0.00332198792
250059	0.004686208473
250060	0.005335973833
250061	0.001239515704
250062	0.003728001254
250063	0.00141992988
250064	0.0003674180406
250065	0.0001636253549
250066	0.004417269143
250067	0.005480320686
250068	0.01160104116
250069	0.001480526847
250070	0.006074732525
250071	0.009576085559
250072	0.004502772027
250073	0.0002276485075
250074	0.007816907192
250075	0.002550945084
250076	0.01670029645
250077	0.022827661
250078	0.004713206794
250079	0.001537823502
250080	0.004528328097
250081	0.00378909866
250082	0.007376632623
250083	0.0007461635502
250084	0.003921519318
250085	5.526546292e-06
250086	0.0008332266177
250087	0.006109058202
250088	0.0001296366591
250089	0.0005786923209
250090	0.0004547826247
250091	0.006156837575
250092	0.001648889897
250093	0.006926848604
250094	0.002331817051
250095	0.008322406452
250096	0.005695503867
250097	0.01203709817
250098	0.005557921324
250099	0.006702399769
250100	0.007056196425
250101	0.005976817498
250102	0.0004520530092
250103	0.000752410842
250104	0.004843787733
250105	0.001345092546
250106	0.01166871686
250107	0.009883700563
250108	0.0008840278208
250109	0.002036514626
250110	0.002773142144
250111	0.00551268104
250112	0.005452677495
250113	0.005003952413
250114	0.00146770536
250115	0.008281124248
250116	0.0009740127939
250117	0.00144601908
250118	0.005768712738
250119	0.001535384596
250120	0.004978132232
250121	0.002615581156
250122	0.001473667807
250123	0.0004552879443
250124	1.078424069e-05
250125	0.006501982897
250126	0.005806238344
250127	0.006117307555
250128	0.004176673712
250129	0.003098256884
250130	0.002858493367
250131	0.002609245208
250132	0.003060236153
250133	0.003923241234
250134	0.0004737148898
250135	0.001132096842
250136	0.002550744342
250137	0.003203871004
250138	0.0001640719625
250139	1.685807688e-05
250140	0.0009450164811
250141	0.003506444583
250142	0.007314944619
250143	0.007128916591
250144	0.001849116592
250145	0.007318184145
250146	0.008256963277
250147	0.002069114642
250148	0.0009419102704
250149	0.0006481780147
250150	0.005790135984
250151	0.002796888978
250152	0.003637330728
250153	0.00819200498
250154	0.002626656445
250155	0.006474396121
250156	0.002437117661
250157	0.0001072338565
250158	0.001044944539
250159	0.00428143098
250160	0.0063254516
250161	0.005586131636
250162	0.0007218277772
250163	0.0019704525
250164	0.0001532065506
250165	0.001439726476
250166	0.009656988418
250167	0.001664142271
250168	0.008043238785
250169	0.00357684182
250170	0.002748159326
250171	0.0006685191909
250172	0.005037898107
250173	0.0007115654948
250174	0.01985060359
250175	0.02204948059
250176	0.0001423676428
250177	0.006370408428
250178	0.007329312849
250179	0.00192074779
250180	0.003939508682
250181	0.004249124524
250182	0.006861181407
250183	0.001825968315
250184	0.001896453261
250185	0.003481804833
250186	0.004339009968
250187	0.006054357292
250188	0.001475584135
250189	0.00155184123
250190	0.001611856629
250191	0.002861000982
250192	0.001310170436
250193	0.002203186009
250194	0.002095812656
250195	0.0003209075928
250196	0.007092383734
250197	0.003311086999
250198	0.002274224982
250199	0.005830101992
250200	0.005598893991
250201	0.003457191088
250202	0.004232175538
250203	0.007181827356
250204	0.004554507318
250205	0.003194826268
250206	0.0001569944432
250207	0.01335393649
250208	0.001329664221
250209	0.008796296139
250210	0.0009307806732
250211	0.002747665855
250212	0.001497074795
250213	0.002092522854
250214	0.01131405179
250215	9.129944824e-05
250216	0.005515821536
250217	0.003442193952
250218	0.006729213882
250219	0.001708835938
250220	0.001229948166
250221	0.01979325605
250222	0.001631830217
250223	0.0008370642091
250224	0.005941734134
250225	0.003442149854
250226	0.0007020730653
250227	0.002884305135
250228	0.0008115284741
250229	0.002033597401
250230	0.003551802534
250231	0.002610477104
250232	0.005507295467
250233	0.006733925273
250234	0.0006704610613
250235	0.002446522672
250236	0.004283807352
250237	0.001525680175
250238	0.002146610322
250239	0.006217333889
250240	0.006293950346
250241	0.0009285939327
250242	0.001011583943
250243	0.000651575968
250244	0.004452388817
250245	0.003725352008
250246	0.002972598691
250247	0.001117145112
250248	0.003789366789
250249	0.0004663713895
250250	0.001344829339
250251	0.005927447261
250252	0.002356455386
250253	0.0006893499138
250254	0.001879829583
250255	0.001494502404
250256	0.0009066460434
250257	0.001917447935
250258	0.001915394551
250259	0.001872792136
250260	0.0006723938941
250261	0.0002299910956
250262	0.000729885267
250263	0.002473643076
250264	0.004445852717
250265	0.0006704916088
250266	0.001587796712
250267	0.00104230257
250268	0.01623376087
250269	0.01056820181
250270	0.006612574283
250271	0.0009307122274
250272	0.004371932013
250273	0.0009727497064
250274	0.003593367864
250275	0.003788504925
250276	0.000543356797
250277	0.003228146345
250278	0.002405783703
250279	0.006394698317
250280	0.001941801186
250281	0.01008740538
250282	0.003518094594
250283	0.001974730162
250284	0.001976756431
250285	0.01060102466
250286	0.009996003097
250287	0.002925511412
250288	0.008605737893
250289	0.01424887251
250290	0.006266629022
250291	0.009785916847
250292	0.001360174075
250293	0.002264951754
250294	0.002247029577
250295	0.003927921339
250296	0.01263773956
250297	0.001549473883
250298	0.001646333212
250299	0.003631972063
250300	0.002905696686
250301	0.003488459994
250302	0.002501090339
250303	0.00550198247
250304	0.003884477611
250305	7.552992004e-05
250306	0.009197758235
250307	0.01387954033
250308	0.008120949264
250309	0.009220342396
250310	0.003735838858
250311	0.006843044082
250312	0.00412560481
250313	0.007457109676
250314	0.00347346612
250315	0.002437723503
250316	0.001398064058
250317	0.01360057604
250318	0.001886133426
250319	0.007488835546
250320	0.004711283101
250321	0.003526173407
250322	0.002516105047
250323	0.009865951983
250324	0.00944982493
250325	0.01004475824
250326	0.008123137382
250327	0.005262893096
250328	0.005632629907
250329	0.006254279845
250330	0.00014536653
250331	0.01499715455
250332	0.002023806593
250333	0.0004101298629
250334	0.005459102607
250335	0.001628123754
250336	0.000851625823
250337	0.008297970948
250338	0.007402437685
250339	0.00909940981
250340	0.0003215355909
250341	0.005710067798
250342	0.01549854432
250343	0.001888607935
250344	0.002422324834
250345	0.007113980288
250346	0.01001106
250347	0.01468556236
250348	0.0004724124608
250349	0.002930915574
250350	0.003820192994
250351	0.005637010281
250352	0.001727340465
250353	0.001407178372
250354	0.007381908619
250355	0.01054633643
250356	0.004493875695
250357	0.008402965875
250358	0.006737863367
250359	0.01316914672
250360	0.0007606781661
250361	0.008953153896
250362	0.01666989804
250363	0.008369872982
250364	0.0154059702
250365	0.0009736420841
250366	0.001388106666
250367	0.01235168717
250368	0.002145929649
250369	0.003862331604
250370	0.001416209009
250371	0.01497588091
250372	0.005462748957
250373	0.01337384052
250374	0.002745260585
250375	0.002518956752
250376	0.0240481327
250377	0.009856593834
250378	0.009874647962
250379	0.01232544952
250380	0.007373574198
250381	0.02938616121
250382	0.003565706482
250383	0.0111479872
250384	0.01161218734
250385	0.009942075994
250386	0.001707077909
250387	0.01597009527
250388	0.003086948405
250389	0.0003759607736
250390	0.005922375663
250391	0.008004559079
250392	0.001554735646
250393	0.0137187448
250394	0.004343210396
250395	0.005334591227
250396	0.002352905604
250397	0.003349888353
250398	0.001463281792
250399	0.002417318343
250400	0.0007608915859
250401	0.005866546639
250402	0.003821609583
250403	0.002905294693
250404	0.002546881282
250405	2.915272048e-05
250406	0.002682747882
250407	0.002875168493
250408	0.002151523067
250409	0.003043913363
250410	0.003105759969
250411	0.002576598142
250412	0.00207584395
250413	0.002799063959
250414	0.002868464999
250415	0.0001157018412
250416	0.000630083806
250417	0.0001093819222
250418	0.001256657424
250419	0.0006146318135
250420	0.0007312557003
250421	0.0004099743897
250422	0.001576092109
250423	0.001591281492
250424	0.0001916258235
250425	0.00168169593
250426	0.0004131416821
250427	0.0008314423824
250428	0.0002078628388
250429	0.001261084033
250430	0.001056829833
250431	0.001368027044
250432	0.001690735557
250433	0.001467933243
250434	1.012416551e-06
250435	0.001462144134
250436	0.003837951105
250437	0.0008905843205
250438	0.005949287525
250439	0.01050656596
250440	0.00968624996
250441	0.006963526177
250442	0.01167489801
250443	0.000251531838
250444	0.0001890010921
250445	0.0009025462758
250446	0.0005903525208
250447	0.004375608959
250448	0.008770023224
250449	0.003484843763
250450	0.002313351061
250451	0.01252399573
250452	0.01062559583
250453	0.009349792727
250454	0.0006041741269
250455	0.002168689998
250456	0.0001163290892
250457	0.002947429041
250458	0.0051723459
250459	0.00715846696
250460	0.0003001086201
250461	0.004179347027
250462	0.003016638117
250463	0.004733284599
250464	0.001521831433
250465	0.003190072278
250466	0.00492721405
250467	0.01062333164
250468	0.001988308851
250469	0.00124349907
250470	0.00599142142
250471	0.003817212585
250472	0.01335975751
250473	0.004836774743
250474	0.00188773102
250475	0.007811065292
250476	0.008739527331
250477	0.006672592839
250478	0.009879890541
250479	0.002938993479
250480	0.007276181909
250481	0.01018590925
250482	0.000297238167
250483	0.00767981349
250484	0.00519808451
250485	0.009645383647
250486	0.009398592921
250487	0.000917471568
250488	0.00694463993
250489	0.004224160846
250490	0.005150011779
250491	0.007997253176
250492	0.008703552642
250493	0.0102060641
250494	0.003848360069
250495	0.003184927424
250496	0.004927751731
250497	0.005637344618
250498	0.001147910532
250499	0.001385647611
250500	0.00021237201
250501	0.001481771051
250502	7.011815029e-05
250503	0.002643363211
250504	0.000811999929
250505	0.002887568857
250506	0.005613410939
250507	0.006359025549
250508	0.00683404241
250509	0.001076099244
250510	0.0007471498667
250511	0.001482440266
250512	0.001328021066
250513	0.00448205603
250514	0.0004374521142
250515	0.005145798125
250516	0.002740154973
250517	0.0007743916754
250518	0.001945684725
250519	0.004581431084
250520	0.002676095492
250521	0.0001295457193
250522	0.001147208708
250523	0.002229461336
250524	0.0009034628657
250525	0.004960271756
250526	0.0003496485372
250527	0.0005959607559
250528	0.001029400582
250529	0.0004504779197
250530	0.0002217233048
250531	0.001176722473
250532	0.0005837312605
250533	0.001584410219
250534	0.0009844927624
250535	0.003871050941
250536	0.002241452537
250537	0.001677064331
250538	0.001789181474
250539	0.006073695411
250540	0.001460849771
250541	0.002376655781
250542	0.001615568346
250543	0.001207921128
250544	0.0009517214843
250545	0.003315632378
250546	0.0003784794404
250547	0.002098674288
250548	0.003147126779
250549	0.003010867432
250550	0.002678679141
250551	0.001935707151
250552	0.005894211057
250553	0.0003863361305
250554	0.003966298536
250555	0.003175289442
250556	0.001094943475
250557	4.182385718e-05
250558	0.001536209363
250559	0.003528062537
250560	8.044362059e-05
250561	0.004305962517
250562	0.006749388563
250563	0.007185529115
250564	0.0008036551992
250565	0.002701434869
250566	0.0006778115609
250567	0.00110734992
250568	0.003168339394
250569	0.004096894666
250570	0.001947423165
250571	0.002457717305
250572	0.001193405887
250573	0.003237293584
250574	0.003738628676
250575	0.0008914140929
250576	0.002841268731
250577	0.003985458381
250578	0.000345992762
250579	0.0004049929454
250580	0.003082942753
250581	0.002405610493
250582	0.004662600895
250583	0.004308001132
250584	0.0006476967043
250585	0.00292438505
250586	0.001919341737
250587	0.0026937501
250588	0.0003924481501
250589	0.003433343112
250590	0.0006387811505
250591	0.0008023072735
250592	0.0001932403534
250593	0.002713921791
250594	0.001256277336
250595	0.000344203389
250596	0.001767237694
250597	0.001008172765
250598	0.002271224242
250599	0.004813872123
250600	0.005311548826
250601	0.00162406114
250602	0.0001676201112
250603	0.006410766137
250604	0.000335828038
250605	0.003655941877
250606	0.001956594515
250607	0.00647493412
250608	0.007406399436
250609	0.005401658168
250610	0.0002173063956
250611	0.003235358621
250612	0.01436292153
250613	0.0007532098504
250614	0.0003928889467
250615	0.002731849686
250616	0.002175764573
250617	0.001460249744
250618	0.004939888535
250619	0.001040027649
250620	0.001492938961
250621	0.0008474940212
250622	0.0006113547554
250623	0.000540648577
250624	0.001067294809
250625	0.001246179617
250626	0.002087704164
250627	0.001864875118
250628	0.0009170294981
250629	0.00161807254
250630	0.00712416042
250631	0.002621263226
250632	0.001120217882
250633	0.0003496543054
250634	0.001633936048
250635	0.007797884626
250636	0.00149952283
250637	0.0006421568761
250638	0.0007897452694
250639	0.002064905806
250640	0.0004072787936
250641	0.0004828326117
250642	0.01236141179
250643	1.510308977e-05
250644	0.008160098239
250645	0.00318950446
250646	8.199092719e-05
250647	0.0001484369013
250648	0.004403944936
250649	0.005666114568
250650	0.005726012476
250651	0.001263494003
250652	0.0005763748133
250653	0.003445094151
250654	0.005096365055
250655	0.001987414995
250656	0.001892773027
250657	0.0010862006
250658	0.001905364142
250659	0.001972383904
250660	0.004024121131
250661	0.001449257485
250662	0.003003773072
250663	0.003021788143
250664	0.009959803578
250665	0.003697282
250666	0.002644055617
250667	0.005944880952
250668	0.002338892703
250669	0.00190059655
250670	0.001994845689
250671	0.001539297392
250672	0.005353559579
250673	0.00241585644
250674	0.005691338477
250675	0.005840770545
250676	0.001043465899
250677	0.009490743496
250678	0.02564465458
250679	0.004541435792
250680	0.00590778842
250681	0.01614807144
250682	0.003832286537
250683	0.002805585235
250684	0.001436443389
250685	9.790547603e-05
250686	0.007560620008
250687	0.001305510321
250688	0.001083792694
250689	0.001403222943
250690	0.001871981389
250691	0.00368600838
250692	0.001749074222
250693	0.004107762504
250694	0.002152016751
250695	0.002446563357
250696	0.009771057093
250697	0.003436577363
250698	0.00238045473
250699	0.003948700956
250700	0.0005299538573
250701	0.005607126513
250702	0.001350996241
250703	0.006892290421
250704	0.003121888275
250705	0.006629192495
250706	0.01181916079
250707	0.002404378488
250708	0.004237352579
250709	0.003543434072
250710	0.0004553711637
250711	0.001220656379
250712	0.002932118872
250713	8.247359676e-05
250714	0.003942527874
250715	0.004458620726
250716	0.009835790193
250717	0.0006543469751
250718	0.01414959499
250719	5.779778459e-05
250720	0.006473088926
250721	0.0008092486308
250722	0.0002758279791
250723	0.0079579057
250724	0.002775411368
250725	0.0006053140947
250726	0.005229122993
250727	0.006018161086
250728	0.005922347927
250729	0.003306644982
250730	0.005467851215
250731	0.0007086208019
250732	0.003024056717
250733	0.002716511428
250734	0.0006124442784
250735	0.004080247502
250736	0.002084440071
250737	0.005246440998
250738	0.0009853466088
250739	0.006839369906
250740	0.01228219328
250741	0.001656801597
250742	0.006624965582
250743	0.007717108934
250744	0.001759777021
250745	0.001105470267
250746	0.001584572302
250747	0.006397628705
250748	0.01543247303
250749	0.007126125357
250750	0.002430482521
250751	0.001355454256
250752	0.01437468127
250753	0.000588389709
250754	0.008165497918
250755	0.009926888471
250756	0.0005391026249
250757	0.01112719347
250758	0.00347722588
250759	0.002525048227
250760	0.003642429778
250761	0.003763814831
250762	0.003314002147
250763	0.01877605245
250764	0.0007272064829
250765	0.0003493575938
250766	0.005137752387
250767	0.01202409906
250768	0.001019728918
250769	0.007833990618
250770	0.006709167163
250771	0.0002920071434
250772	0.002501689053
250773	0.007324323794
250774	0.006667929726
250775	0.001506617218
250776	0.006843294423
250777	0.003946881925
250778	0.003413723837
250779	0.006592598688
250780	0.0001126172454
250781	0.002878020171
250782	0.01117387118
250783	0.003542167588
250784	0.004565257478
250785	0.001333164322
250786	0.004681571128
250787	0.005643783366
250788	0.0002442331987
250789	0.0006818060677
250790	0.00455680616
250791	0.00215604969
250792	0.003875310332
250793	0.0003564744434
250794	0.001949600628
250795	0.006229027391
250796	0.006998501557
250797	0.004106795243
250798	0.00238941611
250799	0.009745388998
250800	0.0117251176
250801	0.002277290666
250802	0.0006834651636
250803	0.0007548749304
250804	0.001938157469
250805	0.004824812549
250806	0.0008707958796
250807	0.0002363408411
250808	0.001025736049
250809	0.006093530165
250810	0.01252271999
250811	0.01820123649
250812	0.008807589598
250813	0.0002104831265
250814	0.01571133318
250815	0.000678443453
250816	0.0006669519439
250817	0.0005723208611
250818	0.0006468597854
250819	0.0007517066971
250820	0.0005734071385
250821	0.00400613187
250822	3.160833093e-05
250823	0.0006993598492
250824	0.001774556276
250825	0.001119033156
250826	0.01137270161
250827	0.002150143328
250828	0.01082127275
250829	0.01026026162
250830	0.01440334592
250831	0.001458053763
250832	0.0008453038464
250833	0.007331447531
250834	0.00457772136
250835	0.0004003473124
250836	0.002750613987
250837	0.005626119059
250838	0.00120289999
250839	0.002074100334
250840	0.005579253435
250841	0.0003059424435
250842	0.004847842817
250843	0.001863365789
250844	0.005077806099
250845	0.003715533121
250846	0.00390951431
250847	0.007910432113
250848	0.004414132441
250849	0.006921033608
250850	0.001432659248
250851	0.00620638408
250852	0.00462186633
250853	0.003479672893
250854	0.001106367291
250855	0.008749525043
250856	0.005644271915
250857	0.002781274491
250858	0.005944546646
250859	0.002169969927
250860	0.00108071851
250861	0.0037634849
250862	0.0009575441233
250863	0.0009307666541
250864	0.008851906027
250865	0.001355735794
250866	0.002297308166
250867	0.005542579286
250868	0.00532381284
250869	0.01181878397
250870	0.01298796655
250871	0.003229053023
250872	0.000546378036
250873	0.01057912783
250874	0.01053755684
250875	0.00218522507
250876	0.002529867617
250877	0.0003755594714
250878	0.0006704876404
250879	0.001333805246
250880	0.0007669193148
250881	0.0003008273232
250882	0.001348059695
250883	0.0003704741356
250884	0.0005933754486
250885	0.00215714543
250886	0.0002756055239
250887	7.168515773e-05
250888	0.002499599967
250889	0.001166386781
250890	0.002314996768
250891	0.001732284804
250892	0.0002826596127
250893	0.0005712170612
250894	0.0006673093676
250895	0.005120992278
250896	0.003699542985
250897	0.002975668087
250898	0.005570472797
250899	0.005674939362
250900	0.007764727191
250901	0.007720251461
250902	0.007048539557
250903	0.006985072556
250904	0.005066150359
250905	0.00278555409
250906	0.001251134591
250907	5.485149163e-08
250908	0.002743333059
250909	0.001773685683
250910	0.0002553069254
250911	0.001677957032
250912	0.0008131337267
250913	0.004258544295
250914	0.001282781136
250915	0.01036628816
250916	0.007859437725
250917	0.002083945242
250918	0.004821682105
250919	0.005816252537
250920	0.01348644624
250921	0.001262620961
250922	0.002836032784
250923	0.002963149847
250924	0.00206067881
250925	0.002917417577
250926	0.001256703136
250927	0.004242415787
250928	0.001775208076
250929	0.001026388582
250930	0.0003763658958
250931	0.002536754552
250932	0.001221288457
250933	0.00531423013
250934	0.009272202249
250935	0.001057295432
250936	0.005577619666
250937	0.003750480623
250938	0.002412723757
250939	0.0004411909445
250940	0.007859869925
250941	0.004287801912
250942	0.001736104747
250943	0.0009325594778
250944	0.0001425961374
250945	0.004681616906
250946	0.002902352416
250947	0.0003656519695
250948	0.001617974862
250949	0.003076462927
250950	0.0003742043017
250951	0.001096800287
250952	9.032340008e-05
250953	0.003925359812
250954	0.002098642158
250955	0.003319000224
250956	0.00550928209
250957	0.003403334014
250958	0.0003478220824
250959	0.002050456544
250960	0.004308364477
250961	0.001442068632
250962	0.003122834862
250963	0.0007846118845
250964	0.002804662996
250965	0.0003100076419
250966	0.01174174641
250967	0.002460377932
250968	0.004810881608
250969	0.006317372444
250970	0.001969032377
250971	0.002171167527
250972	0.003098079885
250973	0.001866542343
250974	0.007577837576
250975	0.0007708163137
250976	0.005600722345
250977	0.0003072626334
250978	0.001746008307
250979	0.01177390826
250980	7.987497576e-05
250981	0.0009018994074
250982	0.001143428304
250983	0.01011208727
250984	0.001168130927
250985	0.004248863251
250986	0.0009847634283
250987	0.01234052997
250988	0.001373094675
250989	0.007151231894
250990	0.005281561791
250991	0.006772798184
250992	0.003206680703
250993	0.002228797122
250994	0.002805325573
250995	0.001861972602
250996	0.005379430848
250997	0.0007218096795
250998	0.0002409355562
250999	0.001477780648
251000	0.002693547836
251001	0.0002331893099
251002	0.00119862943
251003	0.00325404157
251004	0.0001455440945
251005	0.0004292656875
251006	0.001356254255
251007	0.0001046691527
251008	0.0004285740667
251009	0.0009058177526
251010	0.0009331225375
251011	0.002762823054
251012	0.008515727867
251013	0.000983880218
251014	0.001639636765
251015	0.0005595341445
251016	0.002251053617
251017	0.0001065198095
251018	0.0007727073664
251019	0.00220677717
251020	0.00186732444
251021	0.001651802985
251022	0.0006450075398
251023	0.003729851937
251024	0.003164337396
251025	0.001624342529
251026	0.006975513658
251027	0.00403088289
251028	0.001292312739
251029	0.002326306484
251030	0.0008749194536
251031	0.0008851993115
251032	0.009311056701
251033	0.003350792541
251034	0.008430467855
251035	0.001759009965
251036	0.002024132444
251037	0.008880024963
251038	0.008198259414
251039	0.0003977814069
251040	0.003555764764
251041	0.00550097724
251042	0.001908193391
251043	0.003040352322
251044	0.005803032788
251045	0.002272214617
251046	0.002618629401
251047	0.001241236217
251048	0.002894915711
251049	0.004175837126
251050	0.003342003069
251051	0.002418672165
251052	0.006289792605
251053	0.0008977083633
251054	0.001270128607
251055	0.01012815458
251056	0.001652417404
251057	0.003847311974
251058	0.00224883498
251059	0.009907669131
251060	0.006177056824
251061	0.001362640829
251062	0.003768721294
251063	0.002958297432
251064	0.001265947956
251065	0.002379314007
251066	0.001079096466
251067	0.00701992405
251068	0.005739063985
251069	0.004923001451
251070	0.001978111644
251071	0.004224556728
251072	0.0004887808078
251073	0.00619561837
251074	0.003361312165
251075	0.002523555455
251076	0.001839773556
251077	0.002921108096
251078	0.003824305134
251079	0.002964341402
251080	4.63304629e-05
251081	0.001185269824
251082	0.0005944205311
251083	0.005386311442
251084	0.004902710338
251085	0.01482386405
251086	0.001113545665
251087	0.003155957401
251088	0.01011836439
251089	0.00338713739
251090	0.003786378946
251091	0.001615514805
251092	0.0005047602426
251093	0.001926366636
251094	0.006397638702
251095	0.00101731715
251096	0.0004750772513
251097	0.0006325843333
251098	0.003795011221
251099	0.001058689935
251100	0.002680463184
251101	0.004582799023
251102	0.001250918484
251103	0.0002694835532
251104	9.71090423e-05
251105	0.001284994238
251106	0.007479137871
251107	0.003630621918
251108	0.005936060326
251109	0.002578306501
251110	0.0008315681176
251111	0.002111789826
251112	0.01019263077
251113	0.0006647839828
251114	0.002576227838
251115	0.003784654791
251116	0.002070720811
251117	0.002705275444
251118	0.002341203323
251119	0.0005438769776
251120	0.002186130842
251121	0.002218690457
251122	0.004132360666
251123	0.005855967657
251124	0.001720103798
251125	0.0009543505907
251126	0.001176821821
251127	0.005960916248
251128	0.001762221036
251129	0.003199914534
251130	0.002049716709
251131	0.003793982091
251132	0.002413834142
251133	0.004990946472
251134	0.01055850171
251135	0.001827359918
251136	0.0005052544957
251137	0.001900676534
251138	4.337713681e-05
251139	0.0003924176716
251140	0.002941128463
251141	0.00148519601
251142	0.006895092044
251143	0.0004941571271
251144	0.004604668845
251145	0.008481183143
251146	0.004395980315
251147	0.0006859437932
251148	0.002235953444
251149	0.004109348426
251150	4.33878186e-05
251151	0.0003199090184
251152	2.190132936e-05
251153	0.009082673006
251154	0.001625492513
251155	0.00526544609
251156	0.004803491764
251157	0.007408205756
251158	0.001800718827
251159	0.005952064943
251160	0.003157213448
251161	0
251162	0.000888560447
251163	0.003758925831
251164	0.001933714979
251165	0.0006795862748
251166	0.0005814963163
251167	0.001375783208
251168	0.002754772731
251169	0.004192778858
251170	0.002678508785
251171	0.002867419473
251172	0.007485583464
251173	0.001215721348
251174	0.007063946167
251175	0.0002330923248
251176	0.001267720216
251177	0.002428412535
251178	0.0001203959842
251179	0.00020693168
251180	0.0005039682846
251181	0.002077073451
251182	0.004875798551
251183	0.003250777204
251184	0.003417202132
251185	0.002148077612
251186	0.005528033813
251187	0.005996774462
251188	0.003932207558
251189	0.002341130983
251190	0.002006473885
251191	0.004469543586
251192	0.002940673217
251193	0.003660572565
251194	6.733048753e-05
251195	0.003646705995
251196	0.0002308159368
251197	0.004452573556
251198	0.002265195505
251199	0.003436108708
251200	0.001075109983
251201	0.003141077948
251202	0.004536892742
251203	0.002497918707
251204	0.007179580781
251205	0.0005982984034
251206	0.004611373287
251207	0.002039191877
251208	0.002124284829
251209	0.0001794991371
251210	0.0003990421276
251211	0.001731110093
251212	0.00264894681
251213	0.001373115079
251214	0.00512469755
251215	0.008595889232
251216	0.001699818956
251217	0.004659627832
251218	0.009351919266
251219	0.0003267961586
251220	0.003889489244
251221	0.00160871979
251222	0.001076486355
251223	0.00225101919
251224	0.006305826563
251225	0.005165119484
251226	0.002043033021
251227	0.004077362848
251228	0.004703732357
251229	0.0003064308479
251230	0.001745167611
251231	0.01095939536
251232	0.001831446789
251233	0.0002527419312
251234	0.001368304001
251235	0.001429710467
251236	0.01446747275
251237	0.009621881032
251238	0.000594257114
251239	0.0003629137848
251240	0.003121124936
251241	0.001881006823
251242	0.00621644454
251243	0.003633375419
251244	0.01308234228
251245	0.001796384741
251246	0.008786984787
251247	0.003241495568
251248	2.446613462e-07
251249	0.007908620463
251250	0.00532700558
251251	0.002666390768
251252	0.002204786608
251253	0.0007058428898
251254	0.008551147561
251255	0.003104760279
251256	0.007450697025
251257	0.007286050931
251258	0.003041646619
251259	0.001747146538
251260	0.003191439221
251261	0.0005240482684
251262	0.0002715928344
251263	0.00674460084
251264	0.0008576938681
251265	0.0009857197432
251266	0.003038552922
251267	0.001488043628
251268	0.003098065949
251269	0.0007247683848
251270	0.002343988883
251271	0.004373648233
251272	0.003197029005
251273	0.0008282067419
251274	0.002542834197
251275	0.006558626785
251276	0.008268728125
251277	0.004581872418
251278	0.0007718944724
251279	0.0035530287
251280	0.004996288745
251281	0.002660368701
251282	0.003365430707
251283	0.001675904679
251284	0.0002328922946
251285	0.00245270024
251286	0.0007649339216
251287	0.005998005438
251288	0.002338098021
251289	0.001827697578
251290	0.007382801579
251291	0.002084467585
251292	0.001604942325
251293	0.0008332863031
251294	0.00602189914
251295	0.002641564692
251296	0.001516582827
251297	0.006676758754
251298	0.006273799827
251299	0.00506904095
251300	0.002592503208
251301	0.002327640666
251302	0.003847415072
251303	0.006454911402
251304	0.002483875738
251305	5.415951634e-05
251306	0.002875194817
251307	0.001104532232
251308	0.001500489726
251309	0.002242875444
251310	0.001052111194
251311	0.005572395585
251312	1.460761404e-05
251313	0.008448371353
251314	0.00192932422
251315	0.002787835112
251316	0.001726874029
251317	0.002734294756
251318	0.003071544129
251319	0.0006327837748
251320	0.007138651952
251321	0.001416137697
251322	0.003881441912
251323	0.001187043822
251324	0.00205082845
251325	0.004548113809
251326	0.0004164659404
251327	0.002679516395
251328	0.003721153214
251329	0.0009985988642
251330	0.0001759251234
251331	0.009746386398
251332	0.0002280452196
251333	0.0007835799083
251334	0.002612761599
251335	0.004379761595
251336	0.00409414184
251337	0.003886532245
251338	0.001768993395
251339	0.001294238268
251340	0.002956632069
251341	0.00310600834
251342	0.0007280422269
251343	0.003943080121
251344	0.000269846917
251345	0.004663241569
251346	0.008325653808
251347	0.006846289949
251348	0.007432001081
251349	0.005393091787
251350	0.005722006379
251351	0.002752262987
251352	0.0001356341836
251353	0.003102458175
251354	0.0003890363866
251355	0.002251183266
251356	0.008762402881
251357	0.007047406616
251358	0.003094558174
251359	0.001796992122
251360	0.004440024793
251361	0.003507129711
251362	0.002044919538
251363	0.0005288253187
251364	0.00308707736
251365	0.004154859104
251366	0.001274676606
251367	0.001934747501
251368	0.0009630761228
251369	0.002390828595
251370	0.002286506885
251371	0.0007564779404
251372	0.0006650511666
251373	0.002845144314
251374	0.001019895268
251375	0.000983300514
251376	0.005408316543
251377	0.001121551372
251378	0.0005090204673
251379	0.002553472192
251380	0.01186036762
251381	0.005293032021
251382	0.002509897433
251383	0.003207757328
251384	0.002908140537
251385	0.004049541903
251386	0.009869780173
251387	0.001298056041
251388	0.002702011188
251389	0.004893405415
251390	0.007621547804
251391	0.001731179616
251392	0.0004219227731
251393	0.004948554093
251394	0.004037305878
251395	0.0007354413607
251396	0.00194598373
251397	0.003122046136
251398	0.006980637303
251399	0.00170546728
251400	0.001144755281
251401	0.0007444979525
251402	0.0005298830364
251403	0.006265447825
251404	0.001730257965
251405	0.01033528283
251406	0.001271772641
251407	0.003178480752
251408	7.861540171e-05
251409	0.005456995864
251410	0.003876200232
251411	0.0005225310159
251412	0.0001456641149
251413	0.004155062271
251414	0.001863463502
251415	0.004276738157
251416	0.0008048362407
251417	0.005225163425
251418	0.003473810885
251419	0.003938800067
251420	0.0001711598125
251421	0.006143293664
251422	0.001386492082
251423	0.001504824798
251424	0.003847180222
251425	0.0009524348175
251426	0.006930869497
251427	0.003106721414
251428	0.001622953423
251429	0.0005273858855
251430	0.004298974233
251431	0.001563577693
251432	0.006266585302
251433	0.002091227122
251434	0.000675631587
251435	0.004071175125
251436	0.002453196244
251437	0.001001186148
251438	0.000259524185
251439	0.0006837832292
251440	0.001212939995
251441	0.0030882969
251442	0.007511820966
251443	0.002863377548
251444	0.007637554262
251445	0.0008470379414
251446	0.001805577263
251447	0.002087819602
251448	0.006325801938
251449	0.003671452688
251450	0.004920921299
251451	0.001437965209
251452	0.002150589353
251453	0.001587878079
251454	0.008109992235
251455	0.002639996092
251456	0.01021520799
251457	0.006695776715
251458	0.003331265389
251459	0.006177421276
251460	0.004805699558
251461	0.0006364892693
251462	0.002656404095
251463	0.0105829908
251464	0.000212678238
251465	0.006864418442
251466	0.000454245675
251467	0.002437960414
251468	9.167273006e-05
251469	0.0007325619664
251470	0.003428963432
251471	0.003180061364
251472	0.002362057576
251473	0.003409254958
251474	0.0007626744884
251475	0.0006182583453
251476	0.003820352895
251477	0.008328211882
251478	0.003115436523
251479	0.005245309276
251480	0.009538254428
251481	0.008100725883
251482	0.004213960287
251483	0.004454128421
251484	0.001352912037
251485	0.005048698257
251486	0.007855367247
251487	0.002048811266
251488	0.0007576515822
251489	1.234083231e-05
251490	0.000888243565
251491	0.002656559836
251492	0.006046377611
251493	0.0007700451865
251494	0.004393815703
251495	0.001033152497
251496	0.00395916724
251497	0.0003512650114
251498	0.003047251633
251499	0.004826114855
251500	0.007112500046
251501	0.0009625576803
251502	0.00239731933
251503	0.005885311205
251504	0.003507295858
251505	0.003137279386
251506	0.005885460558
251507	0.005087141458
251508	0.002244758858
251509	0.005469641051
251510	0.003302892752
251511	0.001835664041
251512	0.002928225138
251513	0.0003836880156
251514	0.002721917745
251515	0.003675958
251516	0.01140473165
251517	0.004560676086
251518	0.003519257919
251519	0.001600519493
251520	0.003955873045
251521	0.004849042693
251522	0.007262115625
251523	0.000390474321
251524	0.002746904041
251525	0.006618200584
251526	0.00409581035
251527	0.004548851424
251528	0.0004798487786
251529	0.001553857039
251530	0.001828768518
251531	0.006986896335
251532	0.002626347535
251533	0.006741685126
251534	5.3700642e-06
251535	0.00106919034
251536	0.0007966934198
251537	0.008324616409
251538	0.009323953426
251539	0.007361949192
251540	0.0038203783
251541	0.001550750611
251542	0.007971245135
251543	0.0036846885
251544	0.0006257953733
251545	0.001963671214
251546	0.001882142895
251547	0.004999340888
251548	0.003568770954
251549	0.002683934872
251550	0.001874419009
251551	0.007129840328
251552	0.004433037193
251553	0.003550219455
251554	0.004137230777
251555	0.0002528488071
251556	0.0001941724996
251557	0.00652930517
251558	0.00153034237
251559	0.001564812204
251560	0.0009358734863
251561	0.000969515221
251562	0.003426967389
251563	0.001531329041
251564	0.002443408312
251565	0.004624732679
251566	0.002939237459
251567	0.001999318129
251568	0.001625511601
251569	0.001430624519
251570	0.004584230703
251571	0.0001991539003
251572	0.001491388695
251573	0.003740249438
251574	0.0001161717027
251575	0.00586371052
251576	0.0007117343813
251577	0.003320190708
251578	0.002488780097
251579	0.005712344182
251580	0.002633541256
251581	0.0003506301925
251582	0.001178230074
251583	0.0009549542807
251584	0.0005536877914
251585	0.002076432568
251586	0.006472506249
251587	0.0003071510052
251588	0.003573177987
251589	0.005252252958
251590	0.001064856891
251591	0.0004961016622
251592	0.001381132257
251593	0.008360681199
251594	0.008014676847
251595	0.01061333238
251596	3.066699363e-05
251597	0.0007776127758
251598	0.003776553365
251599	0.004710413504
251600	0.005027013355
251601	0.001037365792
251602	0.006744470776
251603	0.005081681614
251604	0.01227859531
251605	0.005041057451
251606	0.004217025682
251607	0.0009960895047
251608	0.006763571864
251609	0.0006789903015
251610	0.0006859795243
251611	0.002412709842
251612	0.005341346457
251613	0.002561339974
251614	0.0002440320469
251615	0.0002878115645
251616	0.005842046437
251617	0.000193574606
251618	0.004218931914
251619	0.001590303473
251620	0.008359630625
251621	0.001855991199
251622	0.0009973763696
251623	0.00140281821
251624	0.00560762894
251625	0.002844219569
251626	9.532722506e-05
251627	0.006116126496
251628	0.002234231118
251629	0.004996084246
251630	0.004163738142
251631	0.001723457795
251632	0.001779413248
251633	0.0002607420995
251634	0.001612523482
251635	0.0007134593336
251636	0.001441484194
251637	0.003730415714
251638	0.003732525359
251639	5.999502154e-05
251640	0.000451709969
251641	0.008233529836
251642	0.01279946606
251643	0.001064296762
251644	0.0001748434681
251645	0.0009960551936
251646	0.001606158166
251647	0.007083354865
251648	0.004275338199
251649	0.003201525995
251650	0.002447400398
251651	0.000489296481
251652	0.004411251951
251653	0.005001573111
251654	0.004130385664
251655	0.0009585479915
251656	0.002978838769
251657	0.007491000723
251658	0.003026882515
251659	0.004274806563
251660	0.004108662174
251661	3.450878212e-05
251662	0.002931259297
251663	0.002231773456
251664	0.006754986599
251665	0.001084907327
251666	0.001130057977
251667	0.002058724051
251668	0.001894899406
251669	0.0005804867691
251670	0.002721638762
251671	0.001274596423
251672	0.0007500882662
251673	0.003127397195
251674	0.002265343518
251675	0.00510449989
251676	0.007753289927
251677	0.0004550712305
251678	0.01226386335
251679	0.0006179511474
251680	0.0006803109355
251681	0.0006290049964
251682	0.00605977283
251683	0.005608929702
251684	0.0001843268772
251685	0.004031956597
251686	0.005867389871
251687	0.001196431062
251688	0.007430144244
251689	0.006203339842
251690	0.0001932268698
251691	0.007700779554
251692	0.003942293055
251693	0.001189742541
251694	0.007127620124
251695	4.86752867e-05
251696	0.0006282590858
251697	0.0009698296442
251698	0.003102504421
251699	0.001390563473
251700	0.002394344845
251701	0.0009178546059
251702	0.0008461888451
251703	0.0006523887623
251704	0.00492614122
251705	7.653940592e-05
251706	0.01257054754
251707	0.0009198871643
251708	0.00348581559
251709	0.004423266303
251710	0.01379695329
251711	0.006090246819
251712	0.005171090811
251713	0.006276128162
251714	0.002854300339
251715	0.003706731285
251716	0.003645869956
251717	0.003099625189
251718	0.0007123992163
251719	0.003146292849
251720	0.00185902975
251721	0.004392019409
251722	0.002162304571
251723	0.000515606111
251724	0.009872673214
251725	0.003215910395
251726	0.0006830449201
251727	0.0007520963975
251728	0.002512276226
251729	7.470676889e-05
251730	0.0103100625
251731	0.001419485811
251732	0.003115531717
251733	0.002912703594
251734	0.00792906084
251735	0.005139129394
251736	3.120812128e-05
251737	0.005438428765
251738	0.006521493755
251739	0.002744035366
251740	0.001112904486
251741	0.0008265239411
251742	0.000229187271
251743	1.899389079e-06
251744	0.004428972718
251745	0.006133019381
251746	0.002347183462
251747	0.008036850886
251748	0.0003566934843
251749	0.001982420319
251750	0.003908795781
251751	0.0009081415211
251752	0.001516772684
251753	0.001269753851
251754	0.00936097524
251755	0.001603213661
251756	0.005015452236
251757	0.006690023124
251758	0.0002232589011
251759	0.01333868713
251760	0.01118999903
251761	0.00400355728
251762	0.009994732433
251763	6.344083244e-05
251764	0.001243932685
251765	0.003572204975
251766	0.001307970894
251767	0.006546498488
251768	0.003489600698
251769	4.676908873e-05
251770	0.002278119004
251771	0.002771771417
251772	0.003509681888
251773	0.0001036563964
251774	0.008969018893
251775	0.003134064334
251776	0.001530190414
251777	0.0009879396484
251778	0.003252765305
251779	0.004404943579
251780	0.005210016024
251781	0.00641975073
251782	0.006196302739
251783	0.003814693183
251784	0.005394989661
251785	0.003883477512
251786	0.004441355354
251787	0.0002426083053
251788	0.000165548729
251789	0.001136461979
251790	0.001109112301
251791	0.004773802609
251792	0.0009335375915
251793	0.004872569718
251794	0.0039896622
251795	0.006158742966
251796	0.01027614062
251797	0.006130921532
251798	0.009556571174
251799	0.0003003848581
251800	0.002388118683
251801	0.001331146646
251802	0.002837828142
251803	0.005185648428
251804	0.004781521585
251805	0.001519587872
251806	0.00928161905
251807	0.00181685162
251808	0.0004663952297
251809	0.003324432477
251810	0.001570217199
251811	0.005264881809
251812	9.07607096e-05
251813	0.002938446307
251814	0.00211005281
251815	0.003156312159
251816	0.002299777351
251817	0.001148254075
251818	0.004602143777
251819	0.002299215775
251820	0.002145875817
251821	0.00334477773
251822	0.00463726484
251823	0.001810678984
251824	0.0002506095666
251825	0.006199365153
251826	5.00308996e-05
251827	0.001939528346
251828	0.002156805233
251829	0.0001893800829
251830	0.006828077358
251831	0.002342460038
251832	0.004560108035
251833	0.002811522306
251834	0.004331925217
251835	0.00072034446
251836	0.001352080644
251837	0.0002615095051
251838	0.0001930562258
251839	1.186686132e-05
251840	0.002150754005
251841	0.008508974033
251842	0.006494785992
251843	0.0004068986441
251844	0.003959626063
251845	0.002405260644
251846	0.009150012605
251847	0.004844366851
251848	0.001200925666
251849	4.69005651e-05
251850	0.00506270947
251851	0.001931889963
251852	0.001253335544
251853	0.002069265189
251854	6.056540851e-05
251855	0.001613736507
251856	0.01097184815
251857	0.001764638336
251858	0.003485420166
251859	0.0011354296
251860	0.008722681581
251861	0.0005731499502
251862	0.001127213712
251863	0.0005794673663
251864	0.006677834689
251865	0.0004631093722
251866	0.0003688685696
251867	0.007778334097
251868	0.003659174228
251869	0.0002698213858
251870	0.003861329876
251871	0.004857438266
251872	0.0009678277194
251873	0.001093954949
251874	0.005901679262
251875	0.00578869122
251876	0.001824399358
251877	0.007832303933
251878	0.005632534482
251879	0.001512915346
251880	0.009059688668
251881	0.002456118007
251882	0.001739701111
251883	0.002077359306
251884	0.0008272720796
251885	0.0006652731612
251886	0.00110893299
251887	0.003318697845
251888	0.001644625823
251889	0.00333950277
251890	0.001398107121
251891	0.006305292284
251892	0.0003149544078
251893	0.003260928728
251894	0.0005703124623
251895	0.000854597628
251896	0.005354365315
251897	0.001967521576
251898	0.0001856049135
251899	0.005180293478
251900	0.003099332736
251901	0.005466580481
251902	0.003804418597
251903	0.0002474914777
251904	0.001259204843
251905	0.0003236432227
251906	0.003759160151
251907	0.008078017221
251908	0.007221351306
251909	0.005289623249
251910	0.004732254834
251911	0.01256732669
251912	0.003529489623
251913	0.0003952412112
251914	9.894866308e-05
251915	0.002593110263
251916	0.003712718702
251917	0.001541629472
251918	0.001357957311
251919	0.002527008632
251920	0.01126950491
251921	0.00133414692
251922	0.000321400998
251923	0.00609411063
251924	0.001705179574
251925	0.001721789549
251926	0.00060448761
251927	0.003108874315
251928	0.002691834547
251929	0.004221643604
251930	0.001250771251
251931	0.005922030377
251932	0.0002552619351
251933	0.003723946244
251934	0.002412765623
251935	0.001364149298
251936	0.005115403918
251937	0.001189557154
251938	0.003694344305
251939	0.003442830213
251940	0.00316919153
251941	0.004150808908
251942	0.01053803341
251943	0.004962248794
251944	0.000747674279
251945	0.00747965004
251946	0.0002213794994
251947	0.002255560951
251948	0.0006952830449
251949	0.005742816019
251950	0.0005236585152
251951	0.005780744908
251952	0.0006691387801
251953	0.002243183213
251954	0.001992739128
251955	0.00233206564
251956	0.004099209365
251957	0.0009481424866
251958	0.0005739543425
251959	0.0007413100339
251960	0.004033657886
251961	0.000403430057
251962	0.005400555095
251963	0.003090015665
251964	0.006233103816
251965	0.004094384711
251966	0.001003080896
251967	0.001812880416
251968	0.002259295434
251969	0.007020992559
251970	0.007577468624
251971	0.004918971307
251972	0.0005534500574
251973	0.001321307849
251974	0.001811809377
251975	0.00230165709
251976	0.009564184093
251977	0.004205535852
251978	0.002212203609
251979	0.001573767007
251980	0.002254593398
251981	0.0074668979
251982	0.002073551243
251983	0.002762062276
251984	0.001921845051
251985	0.0007115856352
251986	0.005272890363
251987	0.0008244330063
251988	0.001666236396
251989	0.0001100467597
251990	0.001544009371
251991	0.0007587350196
251992	0.009496026864
251993	0.004079831249
251994	0.003713797525
251995	0.005317942159
251996	0.003212653984
251997	0.004667451935
251998	0.005104419908
251999	0.004994352455
252000	0.006876573873
252001	0.002816283066
252002	0.002442457399
252003	0.0002355645644
252004	2.89593996e-05
252005	0.001580211976
252006	0.0006446807944
252007	0.008563432212
252008	0.002392981157
252009	0.01041100594
252010	0.0009858497843
252011	0.002728975725
252012	0.002350298265
252013	0.002315772848
252014	0.006729141541
252015	0.00325046422
252016	0.001548565729
252017	0.00190064923
252018	3.272381914e-05
252019	0.001176832753
252020	0.002876038834
252021	0.0002828410883
252022	0.00145742096
252023	0.005695509351
252024	0.002253839373
252025	0.01047204681
252026	0.0008146270624
252027	0.0007344422571
252028	0.001323482821
252029	0.005790156013
252030	0.003420390006
252031	0.0006027782264
252032	0.00217446952
252033	0.002047456743
252034	0.008859999855
252035	0.004266490078
252036	0.001287183946
252037	0.005621685479
252038	0.001840652512
252039	0.002245132743
252040	0.001075049312
252041	0.005806974764
252042	0.0006586494456
252043	0.004627672108
252044	0.003927144748
252045	1.618740542e-05
252046	0.004603604702
252047	0.002666054272
252048	0.006446755934
252049	0.001626313738
252050	0.005350264231
252051	0.004193915721
252052	0.001372644944
252053	0.002456342144
252054	0.0001779612094
252055	0.0051508705
252056	0.001951311273
252057	0.001526818612
252058	0.0003655760331
252059	0.0009580631698
252060	0.003780855976
252061	0.004225440915
252062	0.004303823897
252063	0.003599068678
252064	0.004512960345
252065	0.006703233123
252066	0.0002448293461
252067	0.01228693294
252068	0.001352025414
252069	0.001578627335
252070	0.004521264051
252071	0.004668760284
252072	0.006714554267
252073	1.435322563e-05
252074	0.009454765071
252075	0.00836958137
252076	0.001984254426
252077	0.003812486418
252078	0.009984498722
252079	0.0004215322419
252080	0.002124279612
252081	0.002806712317
252082	0.006448112475
252083	0.0007633526212
252084	0.001943441217
252085	0.003792350672
252086	0.001361868719
252087	0.001315859957
252088	0.001358038821
252089	0.0001335441351
252090	0.002076731624
252091	0.001019089109
252092	0.004361736222
252093	0.002904132683
252094	0.0005500259045
252095	0.004489257622
252096	0.006711731667
252097	0.002345877706
252098	0.009357611275
252099	0.001269393802
252100	0.001177370335
252101	7.063187046e-05
252102	0.006589212317
252103	0.002288186733
252104	0.002224717809
252105	0.002107623021
252106	0.005397870649
252107	0.002022227706
252108	0.001882862217
252109	0.00469257035
252110	0.006239699689
252111	0.001119531713
252112	0.003626294409
252113	0.002117674205
252114	0.0004378695168
252115	0.006345478612
252116	0.009079182495
252117	0.01372655727
252118	0.001661038337
252119	0.002714254288
252120	0.0008003676198
252121	0.004087681086
252122	0.001583103546
252123	0.003214457336
252124	0.0005915879651
252125	0.0009803650905
252126	0.006596876288
252127	0.001194090208
252128	0.001161702257
252129	0.007263007058
252130	0.004547972673
252131	0.0002814519846
252132	0.000749215783
252133	0.002329836152
252134	0.0001957442886
252135	0.002665189538
252136	0.001639405689
252137	0.001076098829
252138	0.01294500458
252139	0.003075585477
252140	0.00179281918
252141	0.0005265480376
252142	0.0007465195946
252143	0.003228659508
252144	0.004521063518
252145	0.0003774840695
252146	0.002753727785
252147	0.001872188688
252148	0.001642919947
252149	0.001949124836
252150	0.007864501772
252151	0.001212217428
252152	0.004295576866
252153	0.004903013865
252154	0.005086518591
252155	0.006048911996
252156	0.0002706504896
252157	0.008860918801
252158	0.004440577249
252159	0.001298229727
252160	0.003427037702
252161	0.009911304614
252162	0.005918189548
252163	0.002484236073
252164	0.0001064800589
252165	5.526015758e-05
252166	0.004296850114
252167	0.008532352576
252168	0.005281731114
252169	0.00216259743
252170	0.001058132005
252171	0.005059842858
252172	0.01040923943
252173	0.005314348615
252174	0.002091160434
252175	0.0073182584
252176	0.004259172779
252177	0.00278235177
252178	0.00631132474
252179	0.0007923352355
252180	0.005931787953
252181	0.002349536718
252182	0.001209185223
252183	0.002519458309
252184	0.008443660925
252185	0.002331754536
252186	0.004488829048
252187	9.92202936e-05
252188	0.0006354284202
252189	0.001663903215
252190	0.001079438582
252191	0.001476093031
252192	0.003786795106
252193	0.003493029462
252194	0.003018595137
252195	0.0114768058
252196	0.0116762389
252197	0.0008438520531
252198	0.009016269736
252199	0.004553404227
252200	0.003667935376
252201	0.0004890569756
252202	0.001676341801
252203	0.007634638869
252204	0.001211082912
252205	0.0002107621614
252206	3.484645966e-05
252207	0.003972577121
252208	0.002339642987
252209	0.00122355718
252210	0.008325938517
252211	0.005618256314
252212	5.686991543e-05
252213	0.003262933752
252214	0.002106387786
252215	0.005162196509
252216	0.00265009727
252217	0.004150404389
252218	0.001449706829
252219	0.004672394011
252220	0.0007674332478
252221	0.0006212401941
252222	0.001758725097
252223	0.00229825765
252224	0.0008865712007
252225	4.777306344e-05
252226	0.003585603275
252227	0.001215692665
252228	0.006184557907
252229	0.003244152854
252230	0.00135812386
252231	0.0007100117971
252232	0.006456697535
252233	4.665001205e-05
252234	0.0005367155115
252235	0.001352008103
252236	0.006904127084
252237	0.006150893304
252238	0.001580439345
252239	0.002733558538
252240	0.0003650919671
252241	0.00598017749
252242	0.001657525553
252243	0.004224340986
252244	0.002143437153
252245	9.363172323e-05
252246	0.0007348877581
252247	0.002061867844
252248	0.001016259664
252249	0.0005204405635
252250	0.003299588512
252251	0.003109898623
252252	0.004805921688
252253	0.0006541609715
252254	0.004333757755
252255	0.006963068871
252256	0.002218961766
252257	0.01037193899
252258	0.004029312914
252259	0.005102536836
252260	0.001709691192
252261	0.006164785305
252262	0.006183764207
252263	0.007063505499
252264	0.008666021618
252265	0.001566492373
252266	0.008849568801
252267	0.006867955029
252268	0.0004536971194
252269	0.008638024253
252270	0.0001286285822
252271	0.006761999615
252272	0.001115440896
252273	0.002124404577
252274	0.006859777975
252275	0.004223537522
252276	0.003736991158
252277	0.007046931497
252278	0.0008639115101
252279	0.01044316061
252280	0.007553808802
252281	0.004346123577
252282	0.002598163294
252283	0.002153858008
252284	0.001519256778
252285	0.0008300372294
252286	0.0001986953042
252287	0.0002831567476
252288	0.01145182818
252289	0.009038719297
252290	0.00749928099
252291	0.00230706261
252292	0.0003225043049
252293	0.007485825198
252294	0.002371945945
252295	0.002085912309
252296	0.006490331421
252297	0.00276239952
252298	0.002611151706
252299	0.001077143319
252300	0.003914791612
252301	0.000737144451
252302	0.0002092934936
252303	0.0006552904156
252304	0.008568941915
252305	0.00607444151
252306	0.0006640340583
252307	3.279332468e-05
252308	0.0002546879532
252309	0.005565532047
252310	0.0004825881723
252311	0.0006413101299
252312	0.005988134246
252313	0.003066601485
252314	0.00113158433
252315	8.361314532e-05
252316	0.004602732368
252317	0.0002533680682
252318	0.0004007494256
252319	0.002653616467
252320	0.0001311560818
252321	0.0007719160977
252322	0.006275631168
252323	0.000152581609
252324	0.004171931942
252325	0.00444134617
252326	0.001825123419
252327	0.00296083545
252328	0.003822145478
252329	0.003537593931
252330	0.0003143273966
252331	0.006678932975
252332	0.002323414948
252333	0.001297557699
252334	0.009746270849
252335	0.001869810354
252336	0.001577149448
252337	0.002824465545
252338	0.00387390746
252339	0.001660677613
252340	0.009346467456
252341	0.0001074479335
252342	0.004719493399
252343	0.0001990551917
252344	0.0002073040314
252345	0.003581265143
252346	0.003504437177
252347	0.001027133091
252348	0.0002665118961
252349	0.003535832651
252350	0.005508767283
252351	0.000540425527
252352	7.323320905e-06
252353	0.004896403144
252354	0.0003428056057
252355	0.0002739379071
252356	0.000603531195
252357	0.005254431662
252358	0.0006467226186
252359	0.003423011151
252360	0.004596329817
252361	0.002485616323
252362	0.0005835123583
252363	0.001330809338
252364	0.000941380711
252365	0.0101135549
252366	0.003358207819
252367	0.009721427673
252368	0.007469491301
252369	0.003400399465
252370	0.008727120906
252371	0.003265109004
252372	0.00106117245
252373	0.0003211375602
252374	0.002856388864
252375	0.003000171805
252376	0.001002656227
252377	0.001015815067
252378	0.000851243819
252379	0.008089429179
252380	0.00748980029
252381	0.008255201382
252382	0.001531791837
252383	0.003024814863
252384	0.002729673628
252385	0.001279415384
252386	0.001809250185
252387	0.001286801586
252388	0.0001862277931
252389	0.0003897877318
252390	0.003208141555
252391	0.0009675587232
252392	0.000325397805
252393	0.005328297714
252394	0.00448978604
252395	0.007421678237
252396	0.005915733071
252397	0.0004627343414
252398	0.0003392886518
252399	0.003186331393
252400	0.004255101022
252401	0.002790554996
252402	0.002022856219
252403	0.002288200397
252404	0.0006384604309
252405	0.001211385679
252406	0.003816195827
252407	0.002637387242
252408	0.001150834532
252409	0.004870109155
252410	0.004391512475
252411	0.007811705127
252412	0.003947356325
252413	0.0008961818344
252414	0.0003776800999
252415	0.0008454565705
252416	0.00122271542
252417	0.001759162791
252418	0.005492593859
252419	0.003457383763
252420	0.001535789013
252421	0.006399148545
252422	0.001022383015
252423	0.002065952649
252424	0.001656329754
252425	0.006927665044
252426	0.001579161799
252427	0.002378057545
252428	0.002293122928
252429	0.002815015885
252430	0.004077445934
252431	0.0006905976402
252432	0.0002990448917
252433	0.001283152336
252434	0.003051338279
252435	0.003007685427
252436	0.00117986641
252437	0.001061112836
252438	0.007188724551
252439	0.0006762526939
252440	0.004560962716
252441	0.003237228167
252442	0.0007980597794
252443	0.008432679944
252444	0.004243623391
252445	0.0008908794857
252446	0.003426423038
252447	0.009208169296
252448	0.003222378646
252449	0.001994558378
252450	5.239915912e-08
252451	0.000345259148
252452	0.0008832613833
252453	0.00265169872
252454	0.005039713753
252455	0.003760194091
252456	0.006145218291
252457	0.002096877176
252458	0.001186719133
252459	0.004172152961
252460	0.001413771763
252461	0.01042741488
252462	0.009252935529
252463	0.003843055362
252464	0.003940167683
252465	0.004552526452
252466	0.004019489906
252467	0.000161034709
252468	0.001635857582
252469	0.001823759246
252470	0.008307659237
252471	7.027457948e-05
252472	0.00177651353
252473	0.008129263943
252474	0.0003304709362
252475	0.003164441045
252476	0.002718665745
252477	0.000107910911
252478	0.0008464527741
252479	0.004843054342
252480	0.0071989883
252481	0.003047727521
252482	0.00706974105
252483	0.004167604312
252484	0.01028473197
252485	0.004728824452
252486	0.009432214167
252487	0.005926533764
252488	0.0008169914105
252489	0.008745850843
252490	0.002766967652
252491	0.003602814141
252492	0.01068992466
252493	0.003068296617
252494	0.007538611387
252495	0.007887166491
252496	0.002691841205
252497	0.009178845508
252498	0.005104555474
252499	0.002239239733
252500	0.002328649738
252501	0.00107030653
252502	0.003877411304
252503	0.005317020079
252504	0.006318539012
252505	0.004370645477
252506	0.005155725669
252507	0.001721170143
252508	0.001035831931
252509	0.001918423863
252510	0.002390440633
252511	0.005249390444
252512	0.0003286612969
252513	0.00685119679
252514	0.003063957222
252515	0.004249026982
252516	0.01220608472
252517	0.003584361959
252518	0.004152160444
252519	0.001005104989
252520	0.001299059602
252521	0.004073211108
252522	0.0008040791014
252523	0.007738646874
252524	0.003119923848
252525	0.0008456527999
252526	0.001164687369
252527	0.0007758318905
252528	0.001880087143
252529	0.003826469612
252530	0.001930040213
252531	0.002002529558
252532	0.001908314625
252533	0.0002360951768
252534	0.00632494397
252535	0.001437708709
252536	0.004598480664
252537	0.0001266763323
252538	0.002713237646
252539	0.01596798542
252540	0.004039273204
252541	0.002669193673
252542	0.002025436155
252543	0.001659155999
252544	0.003846271544
252545	0.003903745229
252546	0.001018670059
252547	0.004183920242
252548	0.00322911019
252549	0.007204681154
252550	0.001152439231
252551	0.008088616242
252552	0.002499291114
252553	0.003686612978
252554	0.003219940965
252555	0.0006317679102
252556	0.004579778237
252557	0.000856109249
252558	0.00603353548
252559	0.0003583965703
252560	0.003835980026
252561	0.0009801018979
252562	0.00371308305
252563	0.002826120232
252564	0.006287990803
252565	0.0004200472291
252566	0.00921557623
252567	0.006257124335
252568	0.0009152382177
252569	0.006494654071
252570	0.004340450961
252571	0.005532855802
252572	0.009991806095
252573	0.01641787927
252574	0.001432522734
252575	0.000113959545
252576	0.003340857967
252577	0.001288107299
252578	0.006840951994
252579	0.007694177043
252580	0.004098754691
252581	0.004263397707
252582	0.0002206490845
252583	0.001039049781
252584	0.0003503842204
252585	0.001525847267
252586	0.004936083791
252587	0.0004847570081
252588	0.00945160054
252589	0.002277450489
252590	0.004815871118
252591	0.002425089214
252592	0.002986248309
252593	0.002273545246
252594	0.004214989826
252595	0.002929428268
252596	0.01246013834
252597	0.004486511363
252598	0.0008067072637
252599	0.006360752465
252600	0.005275957608
252601	0.004416908356
252602	0.0002371965916
252603	0.002564930361
252604	0.001928490316
252605	0.002559889791
252606	0.00480208879
252607	0.002257551178
252608	0.004002690564
252609	0.004586088189
252610	0.003052809207
252611	0.00723991407
252612	0.005724104247
252613	0.00038877909
252614	0.006342968898
252615	0.0007402136937
252616	0.001797797289
252617	0.001874235187
252618	0.001676011997
252619	0.002304084322
252620	0.005637423761
252621	0.006721000884
252622	0.003311734299
252623	0.0007223969935
252624	0.0005283959633
252625	0.0009227639321
252626	0.0006644703018
252627	0.001685522646
252628	0.003854899704
252629	0.005354564977
252630	0.00190966734
252631	0.001885559466
252632	0.001620239691
252633	0.009527295603
252634	0.00016456121
252635	0.0003210537575
252636	0.005791082158
252637	0.007351339611
252638	0.003687384761
252639	0.004271187079
252640	0.01330658345
252641	0.00393535572
252642	0.0006475641355
252643	0.00125650352
252644	0.01114424679
252645	0.002596411932
252646	0.00394945885
252647	0.004671739291
252648	0.003866451257
252649	0.007083311428
252650	0.002597951712
252651	0.001535718147
252652	0.004273766643
252653	0.001343487445
252654	0.007446514663
252655	0.005660611738
252656	0.002634526855
252657	0.0002357639089
252658	0.004739488065
252659	0.002068954353
252660	0.003105150401
252661	0.000343391805
252662	0.01032336691
252663	0.0002924927425
252664	0.002118528262
252665	0.002258817408
252666	0.001799281871
252667	0.004134141053
252668	4.906837661e-05
252669	0.002950172792
252670	0.002759962211
252671	0.002274896915
252672	0.00587779094
252673	0.002735429402
252674	0.00257772244
252675	0.001792567503
252676	0.003402866076
252677	0.00584775964
252678	0.0006511395438
252679	0.006885737405
252680	0.002642718101
252681	0.002004046978
252682	0.002406688364
252683	0.003294624225
252684	0.005199839233
252685	0.006163759395
252686	0.006067931268
252687	0.0005348579073
252688	0.004527744879
252689	0.009314641989
252690	0.001171025375
252691	0.0004575917715
252692	0.004558371243
252693	0.002921555535
252694	0.003084952632
252695	0.002701528001
252696	0.0003371720554
252697	0.008747044769
252698	0.0009451885412
252699	0.002319047571
252700	0.004105971633
252701	0.005237785173
252702	0.001321434879
252703	0.003657643748
252704	0.0007153254701
252705	0.001062486487
252706	0.0001169815698
252707	0.0006182294989
252708	0.002776961889
252709	0.0001901410396
252710	0.001082468582
252711	0.0001197994205
252712	0.0007112553704
252713	0.0007065755919
252714	0.002146903378
252715	0.001016266601
252716	0.001070121251
252717	0.001473846727
252718	0.003686037398
252719	0.004281681255
252720	0.002748536606
252721	0.003553030151
252722	0.0004808752403
252723	0.0002789452142
252724	0.0008018824851
252725	4.167120776e-05
252726	0.001016563779
252727	0.0005902064009
252728	0.0003431853833
252729	0.0002419113854
252730	0.001799469732
252731	8.305768191e-05
252732	0.0001839214519
252733	0.0004285991869
252734	0.0003386843104
252735	0.0004673610149
252736	0.0002478230896
252737	0.001291544436
252738	0.004400389461
252739	0.002078445325
252740	1.77366226e-05
252741	0.008477884673
252742	0.0004729720579
252743	0.0004189645986
252744	0.007397550871
252745	0.002157193875
252746	0.002701458989
252747	0.0001955239374
252748	0.0005475011248
252749	0.0009224089641
252750	0.002832084505
252751	0.001032530875
252752	0.001065714977
252753	0.0005202799621
252754	0.00022939291
252755	0.003950208124
252756	0.00223278414
252757	0.001439871439
252758	0.0007394426275
252759	0.0009411705787
252760	0.007201594999
252761	0.008173000633
252762	0.005102796135
252763	0.006950441599
252764	0.001466732632
252765	0.004854296319
252766	0.001693967841
252767	0.001136018719
252768	0.001544915339
252769	0.0008447621116
252770	0.0004230359668
252771	0.000351722052
252772	0.0005856507489
252773	0.001329147194
252774	0.0007069318598
252775	0.002315211393
252776	0.0009498794651
252777	0.0009716009378
252778	0.0001110431604
252779	6.800171519e-06
252780	0.0007334361088
252781	0.0005483875688
252782	2.854333651e-06
252783	0.002064687069
252784	0.0007121358219
252785	0.001393627276
252786	0.0007008645958
252787	0.001093823568
252788	0.0008187241003
252789	0.0006970990225
252790	0.0002201954998
252791	0.0005974022183
252792	0.001186773718
252793	0.0005409452097
252794	0.0009308477373
252795	0.0007479429358
252796	0.0007103464725
252797	0.0003295126222
252798	5.157616966e-05
252799	0.0008162384104
252800	0.0003278984837
252801	0.0008983204385
252802	0.0006967723395
252803	0.00126795472
252804	0.0004243297398
252805	0.0001230867956
252806	0.0008431785516
252807	0.000476776898
252808	0.0003281717897
252809	0.000909315663
252810	0.0001697834527
252811	0.0008387059684
252812	0.0009429256751
252813	0.0003844286856
252814	0.0006254192054
252815	0.001825000846
252816	0.0007814256002
252817	0.0005585628534
252818	9.805585093e-05
252819	0.0003228245141
252820	0.001441215552
252821	0.001011553428
252822	0.001138385107
252823	0.001162971006
252824	0.004397755228
252825	0.001313181683
252826	0.0006110331943
252827	0.0001708489795
252828	0.001962937263
252829	0.0004306576068
252830	0.0005327583497
252831	0.0007547999064
252832	0.000607490893
252833	0.0005858686085
252834	0.0006554093506
252835	0.001527541558
252836	0.0009759371174
252837	0.0006733137595
252838	0.0009326630463
252839	0.0002802509207
252840	0.0007793101126
252841	0.0004012112268
252842	0.0001399992518
252843	0.0006550561483
252844	0.0005734194076
252845	0.0007355037794
252846	0.000540943019
252847	0.001216689301
252848	0.0007665782548
252849	0.001760680323
252850	0.0004553663368
252851	0.000866572602
252852	0.0005747924512
252853	0.0008374661652
252854	0.0007020107777
252855	0.001098597201
252856	0.001257195016
252857	0.0004869538257
252858	0.000330034332
252859	0.001042707704
252860	0.001292144674
252861	0.0003701456223
252862	0.0003636572048
252863	0.001097058714
252864	0.0006016388642
252865	0.001220029275
252866	0.0004888888012
252867	0.0003381124194
252868	0.0007229539595
252869	0.0001730798554
252870	9.416773535e-05
252871	0.0008216338896
252872	0.0006621637654
252873	0.001393860319
252874	0.001260755181
252875	0.002835529037
252876	0.003177368535
252877	0.0004741967626
252878	0.0003847343929
252879	0.0005027727032
252880	0.001362693528
252881	0.001196237379
252882	0.0001703273401
252883	0.0002537266034
252884	0.001459026723
252885	0.001553047086
252886	0.0005496697083
252887	0.004540434842
252888	0.0006300528507
252889	0.001523580674
252890	0.001900771697
252891	0.002239803278
252892	0.0007769070683
252893	0.0001454813801
252894	0.003849911422
252895	0.002933539018
252896	0.002152137413
252897	0.001181590069
252898	0.001697439351
252899	0.001168610339
252900	0.001523412005
252901	0.0004233127818
252902	0.001368435361
252903	0.001704313623
252904	0.0009966199537
252905	0.003906063527
252906	0.003438016945
252907	0.001654759092
252908	0.001893124332
252909	0.002040299344
252910	0.001102389176
252911	0.001748037594
252912	0.0007907694056
252913	0.001806964571
252914	0.005543976463
252915	0.002264917284
252916	0.0004009069086
252917	0.008872506732
252918	0.002297500825
252919	0.0007427115001
252920	0.004019264134
252921	0.004763551124
252922	0.004665889927
252923	0.003374649518
252924	0.001912795079
252925	0.004636006572
252926	5.699515581e-05
252927	0.007166241204
252928	0.001311785447
252929	0.005923996956
252930	0.002897685693
252931	0.003169174841
252932	0.001424976969
252933	0.001424153719
252934	0.001462985094
252935	3.469807417e-05
252936	0.004854561071
252937	0.000811658322
252938	0.0009186522306
252939	0.00263203813
252940	0.002798471257
252941	0.0002762548958
252942	0.004725164024
252943	0.001264548479
252944	0.005843578338
252945	0.001535314157
252946	0.005900300346
252947	0.004514863486
252948	0.005925751739
252949	0.01274582616
252950	0.003147469516
252951	0.003525625281
252952	0.001867107342
252953	0.003933965079
252954	0.0008745832223
252955	0.008627778975
252956	0.009171249074
252957	0.001185186592
252958	0.003528024049
252959	0.00313955206
252960	0.006212038765
252961	0.004134527765
252962	0.005297949078
252963	0.002234552425
252964	0.003410177878
252965	0.002815652087
252966	0.003216272335
252967	0.003279296344
252968	0.001952049419
252969	0.003285134416
252970	0.00857643317
252971	0.001507160039
252972	0.003979742267
252973	0.007747053321
252974	0.001981545982
252975	0.004571908441
252976	0.004172233052
252977	0.004240470421
252978	0.01095506745
252979	0.002965760727
252980	0.002553801656
252981	0.004957276808
252982	0.00324169329
252983	0.004621994841
252984	0.007048009902
252985	0.01262706987
252986	0.005117725903
252987	0.001400201761
252988	0.001624188346
252989	0.006482687891
252990	0.002338687163
252991	0.000273868802
252992	0.0007278862172
252993	0.005219153634
252994	0.003070113588
252995	0.001960936381
252996	0.0004312759178
252997	0.00189154731
252998	0.002122943999
252999	0.004783034622
253000	0.00131283403
253001	0.002413873583
253002	0.008168294649
253003	0.004127144341
253004	0.005653717432
253005	0.0009096156216
253006	0.01120759822
253007	0.002684747536
253008	0.006496712802
253009	0.003080616878
253010	0.0002713890112
253011	0.002971172275
253012	0.003186132467
253013	0.002772493774
253014	0.007288119684
253015	0.003442798987
253016	0.008913821969
253017	0.01211040185
253018	0.0001029552413
253019	0.004372608659
253020	0.003576022402
253021	0.001598939693
253022	0.0002422205711
253023	0.001330773138
253024	0.002857754805
253025	0.004399278513
253026	0.005039414223
253027	0.0145549914
253028	0.002673987908
253029	0.001560579984
253030	0.001554355722
253031	0.0001526875115
253032	0.0005975147178
253033	4.732266163e-05
253034	0.0003041219949
253035	0.0001779475646
253036	0.004595753973
253037	0.002338584928
253038	0.008158973855
253039	0.001986059135
253040	0.0001514810316
253041	0.002607253253
253042	0.002419805584
253043	0.002463674953
253044	0.01505426129
253045	0.001895892876
253046	0.0007868314203
253047	0.004055124684
253048	0.001264976207
253049	0.01588863161
253050	0.0004936468607
253051	0.0003128029774
253052	0.00359994954
253053	0.0007554106043
253054	0.002198131587
253055	0.004305368473
253056	0.008197648181
253057	0.00122484529
253058	0.003935628823
253059	0.008911480814
253060	0.002683096308
253061	0.005660634281
253062	0.007651162242
253063	0.005023719324
253064	0.01346434649
253065	0.008209319155
253066	0.005027673691
253067	6.672164077e-05
253068	0.002822044458
253069	0.01239214161
253070	0.0060579644
253071	0.006036417333
253072	0.003996196921
253073	0.002742658542
253074	0.004827797594
253075	0.0002454010789
253076	2.090452076e-05
253077	0.001279166976
253078	0.0005102414733
253079	0.0005155137002
253080	0.0008612765615
253081	0.0003905724587
253082	0.0008449629557
253083	0.002756933592
253084	0.0009319546506
253085	0.000302723765
253086	0.0001732775363
253087	0.002261322844
253088	0.001681239899
253089	0.001212477286
253090	0.003806355827
253091	0.0003209560959
253092	0.0009808318149
253093	0.0003731626383
253094	0.001199905615
253095	0.0001043349035
253096	7.444488649e-06
253097	0.0002526405996
253098	0.0006063633182
253099	0.0004478115283
253100	0.002655298028
253101	0.001221554369
253102	0.001033433884
253103	0.004496479294
253104	0.001068176478
253105	0.008000091155
253106	0.003307216418
253107	0.004336776962
253108	0.009571177718
253109	0.004606508045
253110	0.00303139869
253111	0.0005734388407
253112	0.007348127451
253113	0.003533133641
253114	0.01340924778
253115	0.001377504722
253116	0.001152978709
253117	4.285618542e-05
253118	0.009453607732
253119	0.0142465211
253120	0.007428768782
253121	0.0007778546166
253122	0.01026194084
253123	0.007923573277
253124	0.00400088083
253125	0.01568355934
253126	0.00184609549
253127	0.0005024717978
253128	0.01256163177
253129	0.006009554945
253130	0.002244125484
253131	0.007382876732
253132	0.002790880964
253133	0.0006466870303
253134	0.0007563848234
253135	0.008701217427
253136	0.0132970259
253137	0.003582165933
253138	0.004807009377
253139	0.004029995447
253140	0.002778513087
253141	0.007573363946
253142	0.0120015175
253143	0.002811157469
253144	0.009708822687
253145	0.005319136293
253146	0.001007754637
253147	0.01036542316
253148	0.0008045704607
253149	0.004932765885
253150	0.00381279609
253151	0.008705658062
253152	0.001391763741
253153	0.005781586592
253154	0.003675130922
253155	0.002667122597
253156	0.001118814113
253157	0.003231229909
253158	0.006440384211
253159	0.004223236064
253160	0.007035739021
253161	0.003546678621
253162	0.0004854520183
253163	0.002980581492
253164	0.0009632150768
253165	0.004291707017
253166	0.01248633065
253167	0.01206300583
253168	0.005494609358
253169	0.001197669184
253170	0.006635056822
253171	0.002126217654
253172	4.74525174e-05
253173	0.006122153745
253174	0.007176830022
253175	2.026363538e-05
253176	0.0006779836152
253177	0.003396721086
253178	0.0007728226015
253179	0.001985611285
253180	0.01017706482
253181	0.0003042402015
253182	0.002550251263
253183	0.00252449566
253184	0.00184910305
253185	0.008530461124
253186	0.01590242546
253187	0.001424226809
253188	0.008912952336
253189	0.0003028719378
253190	0.001604209916
253191	0.004651163713
253192	0.002220589284
253193	0.004724437015
253194	0.0003666814527
253195	0.00439464562
253196	0.0002078564499
253197	0.003068831292
253198	0.006815116492
253199	0.002791056857
253200	0.006378836657
253201	0.00488254145
253202	0.001215882993
253203	0.01072715933
253204	0.0008500860451
253205	0.0002758099226
253206	0.003559740813
253207	0.002231617408
253208	0.008169225501
253209	0.002959488676
253210	0.009337496846
253211	0.005271547568
253212	0.01076929221
253213	0.0003182439485
253214	0.002178929945
253215	0.003672234267
253216	0.003965489519
253217	0.005188501889
253218	0.001415923854
253219	0.005835113637
253220	0.006521668234
253221	0.006769601664
253222	0.01636827078
253223	0.00170662592
253224	0.0008283852277
253225	0.001947325322
253226	0.000997997003
253227	0.01141656887
253228	0.007169922736
253229	0.02378409155
253230	0.01991964388
253231	0.00117093329
253232	0.003468971462
253233	0.006348406255
253234	0.009469785353
253235	0.007472878629
253236	0.005362326669
253237	0.005996636383
253238	0.002757204377
253239	0.0001624821184
253240	0.002199660903
253241	0.01002492585
253242	4.717311037e-05
253243	0.002283949236
253244	0.0002977298409
253245	0.001682792619
253246	0.003374577698
253247	0.004925110092
253248	0.006188014216
253249	0.001344295388
253250	0.001546098738
253251	0.0003644140509
253252	0.001196161271
253253	0.01827769174
253254	0.003241026065
253255	0.002662968737
253256	0.0009454497122
253257	0.005928675723
253258	0.00226402485
253259	0.007995955936
253260	0.007785413204
253261	0.0004789009853
253262	0
253263	0.01128841274
253264	0.002886206187
253265	0.01195454683
253266	0.00306223268
253267	0.009880886656
253268	0.0007361683177
253269	0.003539696584
253270	0.0005293629068
253271	0.01063343395
253272	0.002980689825
253273	0.004329763316
253274	0.002068430195
253275	0.0001339295056
253276	0.01050086171
253277	0.006768074713
253278	0.00180436352
253279	0.005447940602
253280	0.004331545685
253281	0.006632975767
253282	0.003923639877
253283	0.01055845657
253284	0.004278217498
253285	0.01607061945
253286	0.008521249962
253287	0.0046223798
253288	0.006367381978
253289	0.00428967029
253290	0.003506703996
253291	0.0009544273373
253292	0.003320840558
253293	0.009235258334
253294	0.002221512028
253295	0.005061353276
253296	0.006600685474
253297	0.001946908019
253298	0.00335626285
253299	0.007170396818
253300	0.00938049934
253301	0.005459095533
253302	0.002902383076
253303	0.002610440133
253304	0.003926162575
253305	0.002642846855
253306	0.002796788776
253307	0.00738631903
253308	0.006955853358
253309	0.004076856175
253310	0.001769475002
253311	0.01835596718
253312	0.01355986637
253313	0.01545343804
253314	0.002045109274
253315	0.007266769736
253316	0.002667732522
253317	0.0004529891018
253318	0.009205527991
253319	0.0006723822079
253320	0.004835520919
253321	0.01119197446
253322	0.008812499141
253323	0.002656562852
253324	0.001234790862
253325	0.009616227945
253326	0.005568122053
253327	0.0009540432365
253328	0.001080481632
253329	0.0119090493
253330	0.01296212129
253331	0.007032932937
253332	0.007329544329
253333	0.01612879038
253334	0.005818889755
253335	0.006460335571
253336	0.002492743015
253337	0.004451774057
253338	0.001384811342
253339	0.004201576959
253340	0.001304101244
253341	0.01868462994
253342	0.0001723809175
253343	0.008269577154
253344	0.004307319285
253345	0.0002824832928
253346	0.001284665637
253347	0.00661935175
253348	0.0008477520037
253349	0.001989352161
253350	0.004896825725
253351	0.004801319106
253352	0.005437992372
253353	0.003051283394
253354	0.002200347218
253355	0.01438503129
253356	0.001818790974
253357	0.008075607588
253358	0.001632199116
253359	0.004801913814
253360	0.0001618600784
253361	0.002529586617
253362	0.007673164187
253363	0.005298806687
253364	0.01203658393
253365	0.002275460203
253366	0.002266040112
253367	0.007659347502
253368	0.001102824802
253369	0.00156317662
253370	0.004567825161
253371	0.01776896556
253372	0.005429292594
253373	0.0002379942243
253374	0.002497822225
253375	0.007226212279
253376	0.006604692908
253377	0.0195597041
253378	0.002464399575
253379	0.01161922313
253380	4.803219945e-05
253381	0.004362539684
253382	0.005498169069
253383	0.007023142048
253384	0.01317973924
253385	0.00637257461
253386	0.01510841874
253387	0.005924602277
253388	0.001295743412
253389	0.009290682313
253390	0.000865877089
253391	0.0006018415505
253392	0.000644191661
253393	0.00166172656
253394	0.003825773523
253395	0.002243304555
253396	0.001136597486
253397	0.01761119066
253398	0.004131347906
253399	0.006655708231
253400	0.02077350067
253401	0.007861042776
253402	0.004940693552
253403	0.002222055934
253404	0.003163829038
253405	0.001177817382
253406	0.00180146033
253407	0.004734602508
253408	0.00153689423
253409	0.009006982722
253410	0.005347844279
253411	0.005473893109
253412	0.002933898266
253413	0.007780983491
253414	0.001557414349
253415	0.006268884669
253416	0.00210809092
253417	0.01414354621
253418	0.000498430362
253419	0.002158797671
253420	0.000382276319
253421	0.001511859397
253422	0.005179909501
253423	0.003872427787
253424	0.001264957875
253425	0.00245543639
253426	0.009469309375
253427	0.001022824948
253428	0.005099982484
253429	0.002013928397
253430	0.001007066027
253431	0.00773257242
253432	0.00553377189
253433	0.00942559875
253434	0.007055379763
253435	0.003881306893
253436	0.001535819036
253437	0.004095984129
253438	0.003237332464
253439	0.01520418524
253440	0.002658356911
253441	0.003281268354
253442	0.003409943558
253443	0.01220577569
253444	0.009858523689
253445	0.006231924512
253446	0.0009503828867
253447	0.005051912433
253448	0.01542158659
253449	0.0003123496667
253450	0.0009128854015
253451	0.0004713654186
253452	0.003030975209
253453	0.01021208588
253454	0.005847601067
253455	0.004043304508
253456	0.0008716431923
253457	0.004121797133
253458	0.01909061334
253459	0.004677565398
253460	0.001526801563
253461	0.01153834193
253462	0.004401527623
253463	0.008344659462
253464	0.006426734003
253465	0.003407591726
253466	0.0002846320286
253467	0.002980946625
253468	0.007005878843
253469	0.002495026919
253470	0.003442632764
253471	0.001701152872
253472	0.009385204055
253473	0.0105734941
253474	0.0004263242586
253475	0.01146979154
253476	0.007793803032
253477	0.003143491376
253478	0.0001679301756
253479	0.0130138502
253480	0.000463403161
253481	0.003173619009
253482	0.006407532434
253483	0.0008642453368
253484	0.005223072358
253485	0.003125198698
253486	0.0041824815
253487	0.003448398258
253488	0.002969465882
253489	0.0007413132123
253490	0.01063247387
253491	0.003485912841
253492	0.008041756109
253493	0.0006532314349
253494	0.001121781418
253495	0.00413843533
253496	0.004161798221
253497	0.006608039416
253498	0.0002136968106
253499	0.0004417951587
253500	0.004997684478
253501	0.005236719846
253502	0.01058854018
253503	0.004622862448
253504	0.0001991508113
253505	0.01207313547
253506	0.006892543671
253507	0.003961444875
253508	0.01322067093
253509	0.004868193311
253510	0.002617158279
253511	7.749751686e-05
253512	0.005681810027
253513	0.00379187885
253514	0.0004707829253
253515	0.001191821122
253516	0.001463484928
253517	0.00266099684
253518	0.0105920389
253519	0.002286154078
253520	0.005357967827
253521	0.005627575819
253522	0.008056846488
253523	0.004217500667
253524	0.01518155673
253525	0.003081313092
253526	0.008094864826
253527	0.006913234911
253528	0.01165085098
253529	0.005674691749
253530	0.001973787825
253531	0.002281203535
253532	0.004796162882
253533	0.007258739422
253534	0.005472689636
253535	0.01082059582
253536	0.01010604077
253537	0.02100353787
253538	0.005344245758
253539	0.0007832290271
253540	0.009101966907
253541	0.001436776314
253542	0.009599226215
253543	0.005113755891
253544	0.0002176034087
253545	0.007153653172
253546	0.007104199094
253547	0.001518833201
253548	0.001373204854
253549	0.0007560537133
253550	0.0137491327
253551	0.005415482274
253552	0.00913773305
253553	0.00322638954
253554	0.001615324043
253555	0.003034665847
253556	0.01125935442
253557	0.002762142133
253558	0.001157819847
253559	0.002055178528
253560	0.001340248242
253561	0.0009567725667
253562	0.001662617471
253563	0.002098064615
253564	0.004288640133
253565	0.0001498703839
253566	0.004358263933
253567	0.0082953841
253568	0.003144511156
253569	0.002274872877
253570	0.00276846114
253571	0.006374442369
253572	0.01386433402
253573	0.006456056682
253574	0.0002670687153
253575	0.01584795156
253576	0.0004838093598
253577	0.006800612032
253578	0.003442270582
253579	0.002756065486
253580	0.002762161488
253581	0.0002195892583
253582	0.003310682739
253583	0.007137113729
253584	0.0006594417627
253585	0.0004606659651
253586	0.005545248304
253587	0.002524083361
253588	0.001861267579
253589	0.00123401945
253590	0.01082676022
253591	0.002368199199
253592	0.0009536846847
253593	0.004747435159
253594	0.001216498744
253595	0.01649058182
253596	0.005567721242
253597	0.00194004851
253598	0.005440561353
253599	0.01010490792
253600	0.003000956281
253601	0.006417873709
253602	0.001627159698
253603	0.002712764649
253604	0.01756349453
253605	0.001787137875
253606	0.001380609216
253607	0.005937734517
253608	0.004448829076
253609	0.002178225666
253610	0.002327723837
253611	0.009976112016
253612	0.001541715082
253613	0.001309886453
253614	0.006047421057
253615	0.006705548924
253616	0.004120849672
253617	0.006117725332
253618	0.009733665042
253619	0.005311247287
253620	0.009305450364
253621	0.003108967269
253622	0.0006043604945
253623	0.002724120107
253624	0.0001304875801
253625	0.0004995114491
253626	0.0007800702334
253627	0.0008038073032
253628	0.001317039555
253629	0.001670412021
253630	0.00219737889
253631	0.001375475938
253632	0.0002229639401
253633	0.0001914320714
253634	0.0006304620535
253635	0.0004248640498
253636	0.0002760408368
253637	0.001448916697
253638	0.0008788296649
253639	0.001454268938
253640	3.002235603e-05
253641	0.001431156698
253642	0.0007415061556
253643	0.0003230759196
253644	0.001222097429
253645	0.0004553312576
253646	0.0009438966664
253647	0.0002282672416
253648	0.003017584284
253649	0.0007133897795
253650	0.001183568558
253651	0.00312829704
253652	0.0005342426824
253653	0.0006557424269
253654	0.003401937523
253655	0.0003268352165
253656	0.003895873399
253657	0.0007379761667
253658	0.0006664037419
253659	0.004177155714
253660	0.003329687638
253661	0.00309759085
253662	0.003010029397
253663	0.003150536468
253664	0.002217552879
253665	0.002915078432
253666	0.003181689752
253667	0.002859438107
253668	0.002756122325
253669	0.000131294009
253670	8.000079088e-05
253671	0.002068020209
253672	0.0006322339808
253673	0.003556536077
253674	0.01503344954
253675	0.009902019322
253676	0.006649977631
253677	0.004807832911
253678	0.001649753543
253679	0.00209446837
253680	0.005301184367
253681	3.829882601e-06
253682	0.006906604154
253683	8.863015994e-05
253684	0.002406965497
253685	0.002805967553
253686	0.001973487089
253687	0.006280307955
253688	7.202969679e-07
253689	0.0001195728565
253690	0.003337663449
253691	8.798703204e-05
253692	0.006849737999
253693	0.002161428807
253694	0.002888893633
253695	0.00150382944
253696	0.0006026295837
253697	0.002646787401
253698	0.0004442538231
253699	0.01003585975
253700	0.0001703392102
253701	0.001059048935
253702	0.004357177693
253703	0.001962402126
253704	0.004054606364
253705	0.0002614638177
253706	0.0006960201066
253707	0.002866439878
253708	0.0005893513976
253709	0.0007999557359
253710	0.0006477885028
253711	0.001728627161
253712	0.001984142616
253713	0.0003123251714
253714	0.0007000595712
253715	0.0008291410317
253716	0.0008169037473
253717	0.0008863764269
253718	0.001414951082
253719	0.007776274115
253720	0.0006510233099
253721	0.006902527672
253722	0.0005916042654
253723	0.0007762519471
253724	0.0003082554848
253725	1.457938431e-05
253726	0.0003897364896
253727	0.004094860531
253728	0.001882174439
253729	0.0007171047229
253730	0.002186277901
253731	0.0005309901129
253732	0.0006393132464
253733	0.001514406113
253734	0.0004909151556
253735	0.0009267933404
253736	0.001031842045
253737	0.000355546582
253738	0.001496324408
253739	0.0002270172134
253740	0.001275844487
253741	0.0008656829612
253742	0.0008349906687
253743	0.0005420402011
253744	0.002619340643
253745	0.003944444984
253746	0.0008324506201
253747	0.001657167011
253748	0.0009680688392
253749	0.002417930435
253750	0.0008889950057
253751	0.001831499698
253752	0.007327751107
253753	0.001760433851
253754	0.002939795878
253755	0.002607237087
253756	0.001457306816
253757	0.002890021114
253758	0.001381481972
253759	0.001304172332
253760	0.007386865885
253761	0.0006358272581
253762	0.0002074306892
253763	0.002565724418
253764	0.000558751665
253765	0.0006192571351
253766	8.475419894e-05
253767	0.001076933092
253768	0.002000159757
253769	0.0006644340817
253770	0.001713910045
253771	0.001621893001
253772	0.001486003269
253773	0.0004226643413
253774	0.001591226819
253775	0.0005892276596
253776	0.00109038757
253777	0.0107498056
253778	0.006125985466
253779	0.001577025762
253780	0.01714595491
253781	0.001390384716
253782	0.003852709776
253783	0.0002397817475
253784	0.0004591503398
253785	0.0006783991903
253786	0.003280181561
253787	0.0004273433394
253788	0.0004824462434
253789	6.186020511e-05
253790	0.001047699776
253791	0.001844465626
253792	0.002801633979
253793	0.003755813645
253794	0.0003801243865
253795	0.009454520731
253796	0.01793816956
253797	0.0001993026092
253798	0.001219992682
253799	0.001040571704
253800	0.0008369257497
253801	0.002553203486
253802	0.0009880825123
253803	0.001065882995
253804	0.001392764881
253805	0.0008767242497
253806	0.0005304286612
253807	0.005822052247
253808	0.0003675104104
253809	0.001984578716
253810	0.001205612993
253811	7.015980188e-05
253812	0.0004492652654
253813	0.003859681829
253814	0.0004135220054
253815	0.002001518214
253816	0.001956818771
253817	0.002581035952
253818	0.0005879427759
253819	0.001219904656
253820	0.001781566829
253821	0.003266304401
253822	6.001029008e-05
253823	0.0001928793924
253824	0.00424541587
253825	0.001519030982
253826	0.002161272368
253827	0.0006572002655
253828	0.0005935829391
253829	0.0003369123885
253830	0.0007906801499
253831	0.0009170630213
253832	0.0004403423135
253833	0.0006417748484
253834	0.0008841488227
253835	0.0001410863675
253836	0.001439784232
253837	0.001550314155
253838	0.0001913464443
253839	0.001076391396
253840	0.00191103979
253841	0.004149659012
253842	0.001307172883
253843	0.001468386884
253844	0.001083665262
253845	0.001745554808
253846	0.003040756255
253847	0.001744413378
253848	0.001708813362
253849	0.0007216377315
253850	0.001076099667
253851	0.001016268149
253852	0.001662652495
253853	0.0007070981735
253854	3.700451067e-05
253855	0.001254885671
253856	0.00104560242
253857	0.0001173532439
253858	0.001123628883
253859	0.002824187693
253860	0.00217839136
253861	0.0007742825362
253862	0.0006202469529
253863	0.001509232873
253864	0.002875333589
253865	0.0006751724873
253866	0.0004050940175
253867	0.0001592921832
253868	0.0003481754828
253869	0.0004027875159
253870	0.0009423385698
253871	0.001477058167
253872	0.0006282748535
253873	0.0003727900913
253874	0.002300390555
253875	0.0008590746917
253876	0.0006398427631
253877	3.536657297e-05
253878	4.09437492e-05
253879	0.0008776261318
253880	0.001762230294
253881	0.0008532591587
253882	0.002395147257
253883	0.001422796862
253884	0.002979700744
253885	0.0002600794948
253886	0.0001069205142
253887	0.002826772424
253888	0.002204744231
253889	0.001752770275
253890	0.001999764724
253891	0.001735880184
253892	0.0005454577651
253893	0.002895670228
253894	0.001495080669
253895	0.000594282181
253896	0.003929039353
253897	0.0007129494172
253898	0.001834053029
253899	0.003828975718
253900	0.001770211305
253901	0.001297748856
253902	0.0004814553497
253903	0.0007204545744
253904	0.001787388033
253905	8.548089031e-05
253906	0.002926589378
253907	0.0001831379027
253908	0.0008872827802
253909	0.001443196853
253910	0.000218665256
253911	0.001812099814
253912	0.0005701831246
253913	0.002029652761
253914	0.0009624972044
253915	0.001545612612
253916	9.008486081e-05
253917	0.001826008703
253918	0.0006416514551
253919	0.0002124450056
253920	0.001259359922
253921	0.0009169130065
253922	0.0003373971306
253923	0.0002976180958
253924	0.00102440494
253925	0.002639443939
253926	0.0007398181525
253927	0.0001674917086
253928	0.002051282397
253929	0.00243512374
253930	8.586230556e-05
253931	0.0004211893059
253932	0.001461064917
253933	0.002202229933
253934	0.001307757525
253935	0.0009435049691
253936	0.002510573472
253937	0.001796574719
253938	0.0002955547334
253939	0.002305471302
253940	0.001560941023
253941	0.00244656409
253942	0.00173990528
253943	0.001631111407
253944	0.002671686521
253945	0.001636547897
253946	0.003851680508
253947	0.001936593998
253948	0.001045368151
253949	0.0005220764544
253950	0.0002862301237
253951	9.211203419e-05
253952	0.001329510855
253953	0.001318880839
253954	0.0003688512179
253955	0.002284495017
253956	0.0005979008206
253957	0.0006502806649
253958	0.0005441423622
253959	0.0002264495959
253960	0.0005477546833
253961	0.002944988444
253962	0.0007404635045
253963	0.001537820718
253964	0.003615790692
253965	0.001349143889
253966	0.001162031187
253967	0.0009160047492
253968	0.0008527328597
253969	0.0007450642697
253970	0.002438497326
253971	0.001021315692
253972	4.32403969e-05
253973	0.002296979952
253974	0.001453781343
253975	9.502649532e-05
253976	0.0002978651338
253977	0.0002265717764
253978	0.001420832442
253979	0.001290081064
253980	0.001166256116
253981	0.001020910648
253982	0.001000167975
253983	0.0002878955549
253984	0.0009007714725
253985	0.0005913471242
253986	0.0009404874382
253987	0.00157279064
253988	0.003091939204
253989	0.0002562473589
253990	0.001345031762
253991	0.0006405635988
253992	0.0002618870053
253993	0.0007108256953
253994	0.001178906796
253995	0.002009784243
253996	0.003145760509
253997	0.0008287314363
253998	0.0007522407384
253999	0.0007639111328
254000	0.001526427668
254001	0.0007527505727
254002	0.0009023058083
254003	0.002481259137
254004	2.244119789e-05
254005	0.002589088452
254006	0.0006865047757
254007	0.001215500524
254008	0.0008766377305
254009	0.00070358343
254010	0.001036456125
254011	0.002072712387
254012	0.0004655941657
254013	0.0009298944254
254014	0.0004928433332
254015	0.004426609153
254016	0.004192294533
254017	0.003951347802
254018	0.0008600370247
254019	0.001788729235
254020	0.001008526698
254021	0.001892577994
254022	0.002220820724
254023	0.002254271698
254024	0.0003535493619
254025	0.001431388092
254026	0.001749336237
254027	0.002096701376
254028	0.002482173552
254029	0.0009155144465
254030	3.161591797e-05
254031	0.0003584893705
254032	0.00138698818
254033	0.002184002999
254034	0.0006412692377
254035	0.0008946024028
254036	0.001377859073
254037	0.0009779247706
254038	0.0001650337262
254039	0.0005620911457
254040	0.001296449696
254041	9.34932958e-05
254042	0.0002735740572
254043	0.001358990492
254044	0.001297228758
254045	0.0003426660541
254046	0.001505142517
254047	0.0006358099325
254048	0.0009856867861
254049	0.0002864448261
254050	1.489628028e-07
254051	0.002899044354
254052	0.0009781546416
254053	0.0003830285688
254054	0.001277602291
254055	0.0006935467516
254056	0.002860855842
254057	0.0001447041424
254058	0.005051505364
254059	0.0007580126023
254060	0.0009639592125
254061	0.001998114008
254062	0.0002644627484
254063	0.0003938980718
254064	0.001546603583
254065	0.00261470537
254066	0.0002067532737
254067	2.261963153e-05
254068	0.00112977184
254069	0.0009718791734
254070	0.001147631474
254071	0.0004228891343
254072	0.0003379233228
254073	0.0001467069866
254074	0.004268738486
254075	0.001727614151
254076	0.001180037847
254077	0.0009631471526
254078	0.00120234749
254079	0.00021322549
254080	0.001110248865
254081	0.0005720806921
254082	0.001057728847
254083	0.0003837576712
254084	0.0006773595056
254085	0.001255699336
254086	0.001395440207
254087	4.999889523e-05
254088	0.0008015072096
254089	0.002129933338
254090	0.001817586173
254091	0.002650352894
254092	0.0003406764992
254093	0.0008240677677
254094	0.0008549910602
254095	0.0002984457077
254096	0.001939615755
254097	0.001183966746
254098	0.0002196030541
254099	0.0005667652258
254100	0.00356314566
254101	0.003397799573
254102	0.002440971345
254103	0.002049891397
254104	0.001987803169
254105	0.003072446875
254106	0.001974683284
254107	0.001349279181
254108	0.005061671629
254109	0.0002479513659
254110	0.001251883913
254111	0.002811329184
254112	0.001673990687
254113	0.001502883275
254114	0.002887831381
254115	0.002231124589
254116	0.0006051633761
254117	0.00350489237
254118	0.003178534438
254119	0.001045120245
254120	0.0001470936922
254121	0.001480959449
254122	0.000741800383
254123	0.000954960794
254124	0.0005916354102
254125	0.001099539126
254126	0.01587900064
254127	2.961443407e-05
254128	0.001920687788
254129	0.00164377979
254130	0.001122610719
254131	0.001776903911
254132	0.001065971663
254133	0.001316263475
254134	0.000363416556
254135	0.0008689177557
254136	0.0007664365398
254137	0.003450936385
254138	0.001546467677
254139	0.001870113697
254140	0.00096953205
254141	0.001786735716
254142	0.001802515348
254143	0.00134384164
254144	0.0004491948905
254145	0.001129412363
254146	0.0009851863423
254147	1.443718876e-05
254148	0.0004905061408
254149	0.001611624423
254150	0.001509011987
254151	0.00115082202
254152	0.0005905743872
254153	0.00200826577
254154	0.0002361966665
254155	0.0005183693671
254156	0.001184266877
254157	0.003556147266
254158	0.001083646556
254159	0.0005910864035
254160	0.0007085050648
254161	0.001232386556
254162	0.007257498303
254163	0.0009221785308
254164	0.003153203487
254165	0.001672476647
254166	0.0002036642339
254167	0.0005966680224
254168	0.002685689888
254169	0.002376267523
254170	0.00454167192
254171	9.572433025e-05
254172	0.002628925292
254173	0.004972537497
254174	9.515897939e-05
254175	0.003120017704
254176	0.0005597455011
254177	0.0002650462126
254178	0.00120769824
254179	0.001438654577
254180	0.002196657038
254181	0.001056131846
254182	0.0008109373307
254183	0.001574148287
254184	0.001955583712
254185	0.0007235944141
254186	0.0003774796862
254187	3.259384905e-05
254188	0.002585562714
254189	0.003659973241
254190	0.00217895886
254191	0.002132084119
254192	0.006604801798
254193	0.0006493889108
254194	0.003917231194
254195	0.001276661007
254196	0.0006118678762
254197	0.0007784100127
254198	0.001399635571
254199	0.0006616276607
254200	0.001334604873
254201	0.003391818729
254202	0.003644815143
254203	0.001594302615
254204	0.002422943361
254205	0.001223071028
254206	0.01029203446
254207	0.002912942761
254208	0.001560797925
254209	0.002020965836
254210	0.001115772383
254211	0.003607030204
254212	0.002845265469
254213	0.0003210547467
254214	0.002536726312
254215	0.0009579367911
254216	0.0006696608966
254217	0.002568747466
254218	0.008424276682
254219	0.00256910713
254220	0.0001353893609
254221	7.746351912e-05
254222	0.0006375708262
254223	0.002442880032
254224	0.00116907385
254225	5.589500553e-07
254226	0.001336156493
254227	0.001477957391
254228	0.003159222087
254229	0.002466777908
254230	0.0003703347029
254231	0.000734088417
254232	0.00345419987
254233	0.002095756286
254234	0.001149988604
254235	0.001545009683
254236	0.006383480206
254237	0.002050222238
254238	0.001084423653
254239	0.001214314479
254240	0.000101956574
254241	0.001925175284
254242	0.003954494583
254243	0.003353237949
254244	0.003640954353
254245	0.002838007235
254246	0.0008314551929
254247	0.001228695185
254248	0.003055601724
254249	0.001473513682
254250	0.0006099207185
254251	0.0007339242728
254252	0.001667598737
254253	0.0007088345321
254254	0.003014605093
254255	0.004639320545
254256	0.0006672922911
254257	0.001424778869
254258	0.0005370504447
254259	0.00130836729
254260	0.002024730476
254261	0.004721781016
254262	0.004218615484
254263	0.002330721408
254264	0.001102475082
254265	0.002743724073
254266	0.01179779073
254267	0.005189115496
254268	0.0009848649613
254269	0.004627122818
254270	0.004372033319
254271	0.005888215629
254272	0.0008123591169
254273	0.0005395721525
254274	0.002167127479
254275	0.003056294912
254276	0.0002261973149
254277	0.0005621201943
254278	0.006970181674
254279	0.003527445221
254280	0.001871010633
254281	0.001653397198
254282	0.003238244725
254283	0.002230538898
254284	0.002861717313
254285	0.001303297658
254286	0.0008160740502
254287	0.0001351011749
254288	0.001406132926
254289	0.0002306705438
254290	0.008985027054
254291	0.003803388669
254292	0.001907422892
254293	0.001996943452
254294	0.002349378573
254295	1.064179216e-05
254296	0.002808264893
254297	2.672973283e-05
254298	0.001016043869
254299	0.002240909735
254300	0.002986125613
254301	0.0005481427437
254302	0.002067717645
254303	0.0001641414894
254304	0.002099022628
254305	0.001001662019
254306	0.0003671414288
254307	0.009756424756
254308	0.00157075304
254309	0.002933831234
254310	0.001104487307
254311	0.006097264941
254312	0.004977317581
254313	0.005307620151
254314	0.001465604564
254315	0.004089989876
254316	0.0006161705804
254317	0.0006257173045
254318	0.0007709391894
254319	0.0006325709078
254320	0.001254031359
254321	0.01114463068
254322	0.000647173668
254323	0.0003676937983
254324	0.002334790668
254325	0.0006506618806
254326	0.004815173573
254327	0.000669297803
254328	0.0006185209304
254329	0.0003622311687
254330	0.0007091499904
254331	0.0006276829304
254332	0.0007397234029
254333	0.001058713083
254334	0.001408874295
254335	0.0006967474504
254336	0.0002965944087
254337	0.007060703341
254338	0.0003387763373
254339	0.005833958116
254340	0.003374544401
254341	0.006737557168
254342	0.005571556653
254343	0.003838263754
254344	0.005793614836
254345	0.0004742389466
254346	0.006251246693
254347	0.004613558841
254348	0.002853669492
254349	0.003502892438
254350	0.002827470455
254351	0.004346743709
254352	0.001333325735
254353	0.002053675537
254354	0.001596503515
254355	0.001091679886
254356	0.00381046245
254357	9.450197957e-05
254358	0.000728290003
254359	0.0003031079526
254360	0.00696700459
254361	0.004838405151
254362	0.0006388047504
254363	0.007499580841
254364	0.01432350051
254365	0.0006576625199
254366	0.001569821811
254367	0.0004556123342
254368	0.001176626564
254369	0.006604242934
254370	0.0006145036004
254371	0.0006282555104
254372	0.0005226301718
254373	0.009258048815
254374	0.0005460251627
254375	0.003603960766
254376	0.002156244737
254377	0.004993788355
254378	0.009673674131
254379	0.002389608783
254380	0.01137004505
254381	0.0008716788935
254382	0.005201500658
254383	0.009471460884
254384	0.007024429648
254385	0.004028366998
254386	0.003528891667
254387	0.01152845955
254388	0.007078280638
254389	0.003210070361
254390	0.01667774101
254391	0.01054570645
254392	0.002351907874
254393	0.01098928148
254394	0.004440202762
254395	0.0005233068152
254396	0.001865488004
254397	0.002451031756
254398	1.676392585e-05
254399	0.0005699492708
254400	8.424076066e-05
254401	0.002352893848
254402	0.01049639023
254403	0.007344281426
254404	0.008546814881
254405	0.007052239508
254406	0.009038332852
254407	0.01242990999
254408	0.004785523574
254409	0.004621975422
254410	0.002293207047
254411	0.01002057841
254412	0.008872923166
254413	0.001853048427
254414	0.004299195413
254415	0.0001208377507
254416	0.0004761634403
254417	0.002899484917
254418	0.001369005462
254419	0.001705175647
254420	0.0002077089663
254421	0.002923109457
254422	0.003234646551
254423	0.00205734853
254424	0.009771446082
254425	0.006897862237
254426	0.003006856895
254427	0.001836684038
254428	0.004896002696
254429	0.007104145791
254430	0.0009177139404
254431	0.00972763261
254432	0.0003836887626
254433	0.0114351622
254434	0.00497301852
254435	0.004176245737
254436	0.0004094141691
254437	0.001387197308
254438	0.0004664270394
254439	0.0007142015613
254440	0.007662207978
254441	0.001950632561
254442	0.002354490787
254443	0.009924618059
254444	0.003934592618
254445	0.002208484687
254446	0.002076700959
254447	0.0003185872489
254448	0.007030393864
254449	0.004733947671
254450	0.01171589403
254451	0.009954888105
254452	0.007912671718
254453	0.002315810806
254454	0.002450351947
254455	0.005268687302
254456	0.01103531356
254457	0.001382096966
254458	0.01747106648
254459	0.0009201436315
254460	0.0132508265
254461	0.01252292633
254462	0.009580386586
254463	0.003095880056
254464	0.001177476008
254465	0.003087886054
254466	0.004653007662
254467	0.001899457085
254468	0.0006955459151
254469	0.002627475262
254470	0.007971556832
254471	0.001674591383
254472	7.422683647e-05
254473	0.0122081518
254474	0.003610243374
254475	0.001465604323
254476	0.007154043057
254477	0.0064122745
254478	0.001092944156
254479	0.00164183674
254480	0.0002279285341
254481	0.004557813941
254482	0.001952902626
254483	0.01079331599
254484	0.005346245313
254485	0.003506467337
254486	0.00449466992
254487	0.001836687395
254488	0.005273224384
254489	0.004319228872
254490	0.004035070713
254491	0.0005018947199
254492	0.006101925739
254493	0.009291476211
254494	0.001678512127
254495	0.00273135826
254496	0.0006361551504
254497	0.002301217422
254498	0.001790352589
254499	0.004786392906
254500	0.006092186562
254501	0.01178677527
254502	0.00495906116
254503	0.007491557312
254504	0.000840695914
254505	0.007191489148
254506	0.007773832009
254507	0.00620821171
254508	0.001291007618
254509	0.005317985028
254510	0.002583464019
254511	0.001018463144
254512	0.004176112077
254513	0.004226047385
254514	0.002504247581
254515	0.0007814418284
254516	0.0004335248094
254517	0.006479123519
254518	0.004449188554
254519	0.002240095391
254520	0.00346683861
254521	0.002296318295
254522	0.001122806846
254523	0.008477099109
254524	0.009185342979
254525	0.006951907572
254526	0.005995711982
254527	0.003508911229
254528	0.003344392242
254529	0.01312251496
254530	0.004203406754
254531	0.001093072935
254532	0.002182696616
254533	0.001584965426
254534	0.004854677214
254535	0.0002022443453
254536	0.0009377633854
254537	0.00100108859
254538	0.001273569211
254539	0.0006451735697
254540	0.0008307645209
254541	0.001761099516
254542	0.002246840965
254543	0.0005098545496
254544	0.001620943593
254545	0.001333695634
254546	0.00043736478
254547	0.0004363558865
254548	0.003231456501
254549	0.0005430923423
254550	0.001013663755
254551	0.0004232972729
254552	0.00706276153
254553	0.001818152807
254554	0.002768960748
254555	0.0009779767845
254556	0.00300608416
254557	6.182061118e-05
254558	2.000817885e-05
254559	0.0006639408306
254560	0.008378003128
254561	0.0009231948826
254562	0.00020377558
254563	0.00992319137
254564	0.00203509399
254565	0.0004048862727
254566	8.954334238e-05
254567	0.0002702057321
254568	0.002957863925
254569	0.001044386844
254570	0.001141905639
254571	0.0006901551874
254572	7.810224512e-05
254573	0.0001438218554
254574	0.0007977148629
254575	0.0009654711286
254576	0.003064689638
254577	0.001183572949
254578	0.001289815328
254579	0.001251205288
254580	0.0007966863864
254581	0.000285055431
254582	0.001945478692
254583	0.0005234255739
254584	7.603710564e-06
254585	9.426527613e-05
254586	0.001470337139
254587	0.00122465973
254588	0.001012620007
254589	0.002177611061
254590	0.0006519280065
254591	0.0006375409698
254592	0.001353251646
254593	0.0007150821744
254594	8.448017626e-06
254595	0.001153341487
254596	0.0006190189733
254597	0.0001843361055
254598	0.0007465783539
254599	0.0007378944174
254600	0.001583645454
254601	0.0009027471697
254602	0.0009804383449
254603	0.001525371802
254604	0.0006491992055
254605	0.002096043111
254606	0.001539387946
254607	0.0006935402983
254608	0.001428080777
254609	0.001219731437
254610	0.0003361008002
254611	0.0007417500288
254612	0.0004358069403
254613	0.001023616852
254614	0.002603429377
254615	0.0009459654597
254616	0.001453094615
254617	0.0005361643429
254618	0.0006030083176
254619	0.001071614351
254620	0.001058874729
254621	0.0004510071693
254622	0.0007984726558
254623	0.00037209402
254624	0.0003087815549
254625	0.0008052936322
254626	5.317319544e-05
254627	0.001543813389
254628	0.0004116525724
254629	0.001127344216
254630	0.001698105286
254631	0.000413299693
254632	0.002193576134
254633	0.0001430627671
254634	0.0007045738345
254635	0.001739351722
254636	0.0006911481557
254637	0.001568618355
254638	2.871573533e-05
254639	6.94654482e-05
254640	0.0001448228364
254641	0.002462706915
254642	0.0004322717656
254643	0.0004689455732
254644	0.001143460626
254645	0.0002612505905
254646	0.00205472113
254647	0.002405620956
254648	0.0007160877213
254649	0.0004757032935
254650	3.391837672e-05
254651	0.0009144086869
254652	0.0003221849796
254653	0.001570987905
254654	0.000407068533
254655	0.0004800431292
254656	6.567593627e-05
254657	0.0027975071
254658	0.002242025763
254659	0.0005866120508
254660	0.001980116835
254661	0.0008933301244
254662	0.0003693172448
254663	0.001093302145
254664	0.0008123808685
254665	0.002737714796
254666	0.001177640038
254667	0.002045067137
254668	0.0001465264332
254669	0.0008798598946
254670	0.0002130167654
254671	0.00142725274
254672	0.002606936268
254673	0.001232253043
254674	0.0007836618617
254675	0.001026923783
254676	0.0003837085629
254677	0.001365419714
254678	0.001422014159
254679	0.0006002899565
254680	0.001228091065
254681	0.002028666397
254682	0.002000536176
254683	0.0004958004001
254684	0.0003008514623
254685	0.001620528172
254686	0.000252187884
254687	6.805384717e-06
254688	0.0009790052665
254689	0.000266228152
254690	0.0007190982065
254691	0.001382927805
254692	0.001171682408
254693	0.0008402410376
254694	0.001354950555
254695	0.0004547461308
254696	0.0001959751119
254697	0.0008059116681
254698	4.019842393e-05
254699	0.000638694825
254700	0.000433116737
254701	0.00103334016
254702	0.001218475494
254703	0.001970910425
254704	0.001242265789
254705	0.0007284568436
254706	0.001478939209
254707	0.002795250895
254708	0.002052295816
254709	0.002913907452
254710	0.0007830269721
254711	0.001008197827
254712	0.002330508969
254713	0.0002443680329
254714	0.001643401288
254715	0.0008924893174
254716	0.0009102907434
254717	0.0008185665705
254718	0.002180829617
254719	0.0004151868824
254720	0.001378076852
254721	0.0004325498327
254722	1.146949613e-05
254723	0.0007018198946
254724	0.003506627572
254725	0.0002525646971
254726	0.000133429989
254727	0.001253809472
254728	0.001144646707
254729	0.00117640228
254730	0.002131510991
254731	0.0009701248302
254732	0.001513819724
254733	0.003543823131
254734	0.000508338881
254735	0.0004105388299
254736	0.0009309234503
254737	0.002066690345
254738	0.001931006782
254739	0.0008628425554
254740	0.001412650591
254741	0.000255178409
254742	0.0001648118615
254743	0.001385822613
254744	0.003056584305
254745	0.0004564590842
254746	0.003481703982
254747	0.003720237629
254748	0.0002585247947
254749	0.001607294611
254750	7.625552858e-05
254751	0.002178672152
254752	0.001112940087
254753	0.0005147620946
254754	0.002276216512
254755	0.001801170987
254756	0.0002881209505
254757	0.000158798201
254758	0.0008466580084
254759	0.0004721543984
254760	0.0004674152063
254761	0.00034050779
254762	0.002974587414
254763	0.0001906131298
254764	0.0004224846765
254765	0.001555785691
254766	0.001595493691
254767	0.001628538787
254768	0.000430652625
254769	0.001381994187
254770	5.224011476e-05
254771	0.001710495607
254772	0.001054882292
254773	0.0006112785929
254774	0.001674046736
254775	0.001804273125
254776	0.003892098604
254777	0.0005719714638
254778	0.0003881303739
254779	0.0001205909803
254780	3.232906187e-07
254781	0.0008760558491
254782	0.00140632329
254783	0.002383116507
254784	0.0006316503406
254785	0.009040282411
254786	0.0004801065637
254787	0.002102947913
254788	0.0004329440048
254789	0.0003647519894
254790	0.001988344175
254791	4.694432011e-05
254792	0.0006769596512
254793	0.0002505822805
254794	0.00113975032
254795	0.0008991963601
254796	0.001596937974
254797	0.0001894032823
254798	0.001238174303
254799	0.001854755194
254800	0.003261634519
254801	0.004258399954
254802	0.002241187073
254803	0.001586820991
254804	0.005434136222
254805	0.0001239128237
254806	0.001884617116
254807	0.0009540770784
254808	0.0005408337385
254809	0.002987732514
254810	0.002412126036
254811	0.004763517042
254812	0.002864506587
254813	0.0001932981265
254814	0.0004175820837
254815	0.001564357927
254816	0.001399215348
254817	0.0005396474066
254818	0.0008361734775
254819	0.001326032045
254820	0.002038362313
254821	0.001247863934
254822	0.007525705189
254823	0.002350645178
254824	0.0007742026512
254825	0.0007959595653
254826	0.001920367136
254827	4.698796252e-05
254828	0.0007403570549
254829	0.002761420745
254830	0.003948489681
254831	0.0008407040928
254832	0.001309513363
254833	0.0009841529541
254834	9.402923672e-05
254835	0.001321519723
254836	0.0007995820161
254837	0.001177700764
254838	0.001555931417
254839	0.0001025838857
254840	0.0008321482471
254841	0.0003639341069
254842	0.0009524837832
254843	0.0001687366147
254844	0.0002776692852
254845	2.695137835e-05
254846	0.003167708662
254847	0.001901392689
254848	0.001819621387
254849	0.002849905339
254850	0.0004122125766
254851	0.00172037297
254852	0.001046144024
254853	0.00044422222
254854	0.00115475006
254855	0.0005621856342
254856	0.004242404383
254857	0.001924740021
254858	0.0005688657487
254859	0.001609045066
254860	0.003495315009
254861	0.002513087327
254862	0.00287006511
254863	0.0004608526768
254864	0.0005868615528
254865	0.0008512122044
254866	0.003172783374
254867	0.001262497023
254868	0.001603301835
254869	0.002891392235
254870	0.0008025829889
254871	0.001803019445
254872	0.003995320176
254873	0.001171906788
254874	0.002526933726
254875	0.001323881784
254876	0.0009368781669
254877	0.001066073324
254878	0.005885129022
254879	0.001112715595
254880	0.0004819721051
254881	0.001193353989
254882	0.004907793909
254883	0.002666782465
254884	0.0009415221979
254885	0.0005399122543
254886	0.0006556582102
254887	0.001572754529
254888	0.001777893187
254889	0.001521228181
254890	0.001619502204
254891	0.0002674227528
254892	8.353956908e-05
254893	0.001553727471
254894	0.000118231853
254895	0.001857806518
254896	0.000885131149
254897	0.001114135804
254898	0.0006619322397
254899	8.697588076e-05
254900	0.001151523511
254901	7.631053124e-05
254902	0.001486195438
254903	0.0009858806675
254904	0.001727938393
254905	0.0001526968345
254906	0.000311722988
254907	0.001118601163
254908	9.596017168e-05
254909	0.0006661000895
254910	0.0005081041797
254911	0.001567137845
254912	0.000828805199
254913	0.001883152539
254914	0.001699127168
254915	0.0002418297329
254916	0.001373818225
254917	0.0003948554166
254918	0.002715008225
254919	0.0008911367826
254920	0.001147490153
254921	0.00040518681
254922	0.002759460757
254923	0.004445001355
254924	0.0002497079424
254925	0.0006971212803
254926	0.001095650699
254927	0.001386457571
254928	0.000516300001
254929	0.0009606427097
254930	0.0007350552886
254931	0.005681547784
254932	0.003425786432
254933	0.0005356786767
254934	0.001743168039
254935	0.0007017638437
254936	4.938970807e-05
254937	0.0001448835452
254938	0.00229288014
254939	3.464390998e-05
254940	0.0008339020116
254941	0.001327236877
254942	0.0002911307848
254943	0.00363204452
254944	0.0008255608645
254945	0.001339231891
254946	0.006931884484
254947	0.000915416147
254948	0.001107575979
254949	0.0004488905732
254950	0.00536407241
254951	0.004069491131
254952	0.0009030683497
254953	0.001256755699
254954	0.000634016064
254955	0.002016489185
254956	0.001248387276
254957	0.004889235003
254958	0.002664311764
254959	0.002757240624
254960	0.001960978065
254961	0.0007314268971
254962	0.0003046047496
254963	0.0008327208112
254964	0.001717342112
254965	0.0001410757348
254966	0.0004407884189
254967	0.001932102916
254968	0.0002753977098
254969	0.002934662837
254970	0.001217741422
254971	0.001172864976
254972	0.001201367885
254973	0.001544309337
254974	0.001057490663
254975	0.0004403709878
254976	0.002830827556
254977	0.002217843638
254978	0.003954421359
254979	0.0006670347802
254980	0.0009631816283
254981	0.0008515140962
254982	0.0002739991607
254983	0.0001219554439
254984	0.0005006394305
254985	0.001652896687
254986	0.001382638104
254987	0.001462872347
254988	0.000432590626
254989	0.002352140887
254990	0.005251274293
254991	0.003638571122
254992	0.001052110894
254993	0.001019868219
254994	0.001117000857
254995	0.0002014879188
254996	0.0002102377468
254997	0.001104281395
254998	0.004050858847
254999	0.0006256187159
255000	0.001566124465
255001	0.004277669853
255002	0.0002676817948
255003	0.001596141358
255004	0.001230078875
255005	0.0006730951485
255006	0.0008133838825
255007	0.00573391219
255008	0.002001693056
255009	0.003105508058
255010	0.0017820671
255011	0.0002935923187
255012	0.001261524381
255013	0.0005280607255
255014	0.001449033615
255015	0.001350761379
255016	0.002819451623
255017	0.0007154822116
255018	0.0008005121494
255019	0.001123064127
255020	0.0004516743198
255021	2.169275746e-06
255022	0.0005271973581
255023	9.755177101e-05
255024	0.0008424181879
255025	0.003672908013
255026	0.0002044898274
255027	0.001212020304
255028	0.0002391325794
255029	0.001984830296
255030	0.0010680162
255031	0.002656794848
255032	0.002457479088
255033	0.0008513858716
255034	0.002576281751
255035	0.0006104655411
255036	0.002524126195
255037	0.006464550598
255038	0.003617842424
255039	0.005521999778
255040	0.0008162352967
255041	0.0002028703694
255042	0.001873590201
255043	0.00255911147
255044	0.0008766875192
255045	0.003072315725
255046	7.950712876e-05
255047	0.0002556420497
255048	0.0003573112725
255049	0.0004379721169
255050	0.001461415683
255051	0.0001329694853
255052	0.008138394009
255053	0.0003803150933
255054	0.0002463424121
255055	0.001164566872
255056	0.003341789906
255057	0.0009294810686
255058	0.001835347305
255059	0.0035671431
255060	0.001996439016
255061	0.0001873084942
255062	0.0006623863937
255063	0.0009480051479
255064	0.003449023406
255065	0.001014500883
255066	0.001251474646
255067	0.001221287639
255068	0.003279170209
255069	0.001560902629
255070	0.0003266102686
255071	0.0002606386205
255072	0.001246467357
255073	0.002197105291
255074	0.002048293651
255075	0.00180549374
255076	0.001589533487
255077	0.00135197813
255078	0.001024710033
255079	0.0001030861952
255080	0.0007169456771
255081	0.001575824029
255082	0.001908966965
255083	0.001351037865
255084	0.0003861002101
255085	0.001740244225
255086	0.003745425731
255087	0.003020049379
255088	0.0007189185057
255089	0.002594093239
255090	0.001048106271
255091	0.0005949254694
255092	0.001188486557
255093	0.0008025897102
255094	0.0009235416699
255095	0.0005874253485
255096	2.336722078e-05
255097	0.0006516931685
255098	0.001633231411
255099	0.00031584025
255100	0.003783159656
255101	0.002814848765
255102	0.0001901796123
255103	0.0005720203343
255104	0.003038143782
255105	0.003147567805
255106	0.001637341826
255107	0.0007693405424
255108	0.0005514993372
255109	0.00208090856
255110	0.0005409916275
255111	0.0001034391813
255112	0.001373160203
255113	0.0006554228384
255114	0.0004676129291
255115	0.003062503909
255116	0.0008140295696
255117	0.001203691363
255118	8.100774606e-05
255119	0.0007729737637
255120	0.001268329426
255121	0.002057464437
255122	0.001840598923
255123	0.0002775733774
255124	2.424239977e-05
255125	0.00397891385
255126	0.0006020180362
255127	0.0009875031219
255128	0.005440078982
255129	0.002553484022
255130	0.001421499663
255131	0.0009567296843
255132	0.006866728544
255133	0.0002845411589
255134	0.0003180476722
255135	7.540188856e-05
255136	0.001350822039
255137	0.00120580188
255138	0.001232139621
255139	0.00118871197
255140	0.002392128496
255141	0.0002887786316
255142	0.002379160846
255143	0.001308768308
255144	0.001404765063
255145	0.0007738687585
255146	0.000603178574
255147	0.0007809119682
255148	0.0005869411012
255149	0.008122415374
255150	0.001249411773
255151	0.0001080507825
255152	0.001572446413
255153	0.001019052352
255154	0.002301756463
255155	0.0001696232775
255156	0.0002272292922
255157	0.001493182067
255158	0.0003389132853
255159	0.00143121156
255160	0.0002722190672
255161	0.0008653802628
255162	2.190455729e-05
255163	0.002754577682
255164	0.0003291426294
255165	0.0009454182539
255166	0.004473652198
255167	0.002509800705
255168	0.002467843789
255169	0.0005435992767
255170	2.839428919e-05
255171	0.0007099910034
255172	0.0008045093062
255173	0.0003000325199
255174	0.0001879867715
255175	0.0005190137854
255176	0.0009375852196
255177	0.001497657309
255178	0.001665159491
255179	0.001236486732
255180	0.00168933793
255181	0.0002216107369
255182	0.0002259472038
255183	0.0004945137754
255184	0.003370445435
255185	0.0001427330103
255186	0.0001173908925
255187	0.0008458249804
255188	0.001611674751
255189	0.001889538274
255190	7.256215246e-05
255191	8.058564229e-05
255192	0.00110832072
255193	0.001314484964
255194	0.001193324498
255195	0.0019717758
255196	0.002507789882
255197	0.001829338064
255198	0.0006832080452
255199	0.001100736883
255200	0.0006667396219
255201	0.0007330630206
255202	0.000703767625
255203	0.0001407876441
255204	0.001712765343
255205	0.0004502410213
255206	0.001594524288
255207	8.513713497e-05
255208	9.116995459e-05
255209	0.0003194024393
255210	0.00115683697
255211	0.001581201871
255212	0.001661709668
255213	0.001328697777
255214	0.0006120377166
255215	0.003139320458
255216	0.000583133798
255217	0.002226576159
255218	0.001486808981
255219	0.0005751736781
255220	0.0004983702535
255221	1.169317242e-05
255222	0.0009236324611
255223	0.0003173948418
255224	3.928902349e-05
255225	0.001123315282
255226	0.0005312449519
255227	0.0002745121659
255228	0.001915256515
255229	0.000547808649
255230	0.002293828076
255231	0.001669687741
255232	0.0009525074163
255233	0.001520202651
255234	0.0008991105875
255235	0.001828523864
255236	0.0003683878326
255237	0.0009279899728
255238	0.0010649144
255239	0.003396060716
255240	0.0004139216592
255241	0.0002313581441
255242	0.003955791501
255243	0.003680362136
255244	0.001633898857
255245	0.0004422823254
255246	0.001467612534
255247	0.002684937074
255248	0.002220122917
255249	0.001172040245
255250	0.001525202593
255251	0.003050270889
255252	0.003537120898
255253	0.0001179174237
255254	0.0002365032699
255255	0.001808456877
255256	0.001831209105
255257	0.002790709303
255258	0.001078512434
255259	0.002080128626
255260	0.0009207770888
255261	0.001032009498
255262	0.007160048639
255263	0.004030712204
255264	0.002478679813
255265	0.003291701167
255266	0.002157540086
255267	0.004449599435
255268	0.003491406473
255269	0.0008218447614
255270	0.0002291663237
255271	0.0007149334646
255272	0.002180351605
255273	0.0006229646211
255274	0.001880041704
255275	0.0004002122301
255276	0.001732160917
255277	0.002054129971
255278	0.0003544357311
255279	0.002567458094
255280	0.001301902724
255281	0.0009534464213
255282	0.0002642846845
255283	0.001478355622
255284	0.003445774925
255285	0.0004564061848
255286	0.002092488614
255287	0.0003281518662
255288	0.002618760001
255289	0.001435300969
255290	0.001369425848
255291	0.001150346655
255292	0.0003196321618
255293	0.0001824269148
255294	0.0004125250426
255295	0.0008618899531
255296	0.003607384685
255297	0.0003914556181
255298	0.007058312901
255299	0.0008201098677
255300	0.0007917130496
255301	0.002036509173
255302	0.0008114381489
255303	0.008681091375
255304	0.0001106773823
255305	0.002130342724
255306	0.001184879594
255307	0.0004645223967
255308	0.0002811594385
255309	0.002035692466
255310	0.0002969479505
255311	0.0004140564409
255312	0.001093216401
255313	0.003303509595
255314	0.001055663314
255315	0.001204801072
255316	0.001350741536
255317	0.003778646974
255318	0.001800899396
255319	0.0001059520327
255320	0.0006933689952
255321	0.003006119897
255322	0.001167097766
255323	1.644176691e-05
255324	1.878692526e-05
255325	0.003114168647
255326	0.002181899046
255327	0.0005823981251
255328	0.0008542423876
255329	0.00210238786
255330	0.001288275883
255331	0.00226757324
255332	0.001125924306
255333	0.002023066448
255334	0.00239432704
255335	7.966537876e-05
255336	0.001076392606
255337	0.0007826846337
255338	0.000830793089
255339	0.0009477360251
255340	0.001453411703
255341	0.000240922229
255342	0.001208158365
255343	0.0008225171341
255344	0.001899131254
255345	0.0008069612911
255346	0.003357569652
255347	6.082866323e-05
255348	0.0007639084953
255349	0.001373380125
255350	0.000198270589
255351	0.001195495423
255352	0.0006962656754
255353	0.0006705214604
255354	0.00376870891
255355	0.0001992773349
255356	0.001946332938
255357	0.0007737695145
255358	0.0002889750785
255359	6.141707777e-05
255360	0.003193528955
255361	0.001324382694
255362	1.936044542e-05
255363	0.0003638471923
255364	0.0005749407459
255365	0.000301915438
255366	0.0009165607438
255367	0.0009407773903
255368	0.007073400267
255369	0.001234879281
255370	0.001449920763
255371	7.050484762e-05
255372	0.0009127428726
255373	0.0002478714816
255374	0.0001400917136
255375	0.001585229809
255376	0.002561129944
255377	0.001351694605
255378	0.002321081264
255379	0.001246666421
255380	0.001542351656
255381	0.001310759322
255382	0.0009589991936
255383	0.0005403644998
255384	0.002355042797
255385	0.002749220953
255386	0.001568448727
255387	0.001724496694
255388	0.001896405385
255389	0.001528144005
255390	0.001557092073
255391	0.001188255109
255392	0.001406940716
255393	0.002585873495
255394	0.001977815533
255395	0.0009018350653
255396	0.006682323019
255397	0.002086273129
255398	0.006051386185
255399	0.0004155258704
255400	0.0006572681673
255401	0.001849282512
255402	0.0009266706869
255403	0.001682005556
255404	0.001611671437
255405	0.0005758881619
255406	0.0008089692362
255407	0.0009594993014
255408	5.194090506e-05
255409	0.002432142127
255410	0.0002249415232
255411	0.0009392362167
255412	0.0005532683077
255413	0.0008001805623
255414	0.0009563829084
255415	0.0008359412257
255416	0.001738012802
255417	0.0005377280843
255418	0.0004027199821
255419	0.001436145638
255420	0.001873039646
255421	0.0008369369884
255422	0.0005914385973
255423	0.001512679088
255424	0.001254633376
255425	0.00259648229
255426	0.001748540813
255427	0.001340410565
255428	0.001551903466
255429	0.0008884014449
255430	0.003587351374
255431	0.002132953455
255432	0.001622669479
255433	0.002281714804
255434	0.000905789763
255435	0.001763662136
255436	0.0006822175655
255437	0.001099141365
255438	0.0002245255425
255439	0.006212547537
255440	0.001395984775
255441	0.0006577138006
255442	0.000841286888
255443	0.001576276045
255444	0.0005946814313
255445	0.002073297528
255446	0.0009982276499
255447	0.001140907028
255448	0.00130680329
255449	0.0012801609
255450	0.0005655874121
255451	0.009391771949
255452	0.0004746658447
255453	0.001204127349
255454	0.002073799925
255455	0.0009258600905
255456	0.005643282393
255457	0.0001826195837
255458	0.002263588186
255459	0.001901079235
255460	0.0003577525017
255461	0.0003984185981
255462	0.00146194313
255463	0.001374607848
255464	0.001300196237
255465	0.001406549987
255466	0.0005208766291
255467	0.002160539518
255468	0.002137822964
255469	0.001495937849
255470	0.0004903839553
255471	0.0006744380391
255472	0.002100932923
255473	0.0004719281223
255474	0.002204003102
255475	0.00722099733
255476	0.00299248288
255477	0.001124054466
255478	0.001768183022
255479	0.0003810174983
255480	0.00100324213
255481	0.0004913073625
255482	0.002684628363
255483	0.0008541673463
255484	0.00420285973
255485	0.001246506169
255486	0.0003941582143
255487	0.002362605919
255488	0.0003670280865
255489	0.001613986329
255490	0.0008439871348
255491	0.002960891379
255492	0.00173090343
255493	0.0006522630651
255494	0.0005637883746
255495	0.003397207515
255496	0.0002863966452
255497	0.001993007294
255498	0.0001505868835
255499	0.001811696338
255500	0.0009288987483
255501	0.001881086238
255502	0.001145151434
255503	0.0003408527105
255504	0.0009924837507
255505	0.0007063267295
255506	0.000642199161
255507	0.0004148525778
255508	0.001562957119
255509	0.001082773937
255510	0.01167048018
255511	0.002226955839
255512	0.0001009966476
255513	0.001348638659
255514	0.001743515185
255515	3.238174334e-05
255516	0.000844745942
255517	0.0001654711498
255518	0.0002304846107
255519	0.0003423229133
255520	0.0007081372103
255521	1.500157354e-05
255522	0.001312706282
255523	0.0002977200906
255524	0.0007746171101
255525	0.0005075363251
255526	0.002207022069
255527	0.001749319645
255528	0.0006639588779
255529	0.001309408433
255530	0.002410946046
255531	0.005715972102
255532	0.003982774334
255533	0.0004182032795
255534	0.001717518532
255535	0.002745054521
255536	0.001678703391
255537	0.002989991617
255538	0.0001876426442
255539	0.001332073033
255540	0.001760563898
255541	0.003450007952
255542	0.003024267963
255543	0.0006018461585
255544	0.001488118928
255545	0.001428705188
255546	0.00196509606
255547	0.0004032416531
255548	0.0005933524781
255549	0.0009684288771
255550	0.00215605353
255551	0.002536127337
255552	0.0003862228862
255553	0.000595497496
255554	0.0007476590761
255555	0.000241000408
255556	0.0009291562043
255557	0.00115186429
255558	0.002423723253
255559	0.0004571316978
255560	0.004023210558
255561	0.001077489115
255562	0.0006687615965
255563	0.0003213450942
255564	0.001453351483
255565	0.0008228509492
255566	0.0004195183782
255567	0.0001997395207
255568	0.001059328232
255569	0.001621982509
255570	0.0007774676051
255571	0.009053081298
255572	0.002144133305
255573	0.008126731104
255574	0.00109432489
255575	0.001764666117
255576	0.001476652555
255577	0.0007883522646
255578	0.002807173311
255579	0.002266100444
255580	0.0004422529392
255581	0.001298750348
255582	2.154836656e-05
255583	0.002487624031
255584	0.0005773658853
255585	0.001043164217
255586	0.003786040586
255587	0.002686175516
255588	0.0003842978212
255589	0.001288657117
255590	0.0005195257512
255591	7.236728224e-05
255592	0.0003009311831
255593	0.0001194285736
255594	0.0007687527296
255595	1.090076347e-05
255596	0.0002051615654
255597	0.0002163871205
255598	0.0005393964346
255599	0.001068072745
255600	0.001447927065
255601	0.0001609614025
255602	0.002169239863
255603	0.0004122676365
255604	0.001032364311
255605	0.001096646909
255606	0.0002370412229
255607	0.0002982829833
255608	0.002060789546
255609	0.0004574390985
255610	0.002245160811
255611	0.0004316178069
255612	0.002122473737
255613	0.00129155488
255614	0.001657723496
255615	0.0007444748348
255616	3.226279193e-06
255617	0.000497275311
255618	0.0001795839545
255619	0.00172955053
255620	0.001324433912
255621	0.0005068095107
255622	0.002219288139
255623	0.00062866059
255624	0.001877791048
255625	0.002461309311
255626	0.001292741456
255627	0.001754118938
255628	0.0009235240889
255629	0.0002028197262
255630	0.001404612433
255631	0.002932702467
255632	3.176389648e-05
255633	0.001004855803
255634	0.001548568343
255635	0.001123970943
255636	0.001125657832
255637	0.0004068216735
255638	0.001704875487
255639	4.335930934e-05
255640	0.001782660122
255641	0.000769883161
255642	5.000544892e-05
255643	0.00103359426
255644	0.0005566726318
255645	0.0002955943484
255646	0.0001064100225
255647	0.001566451061
255648	0.001050816115
255649	0.002403857027
255650	0.0001862058195
255651	0.0008227174855
255652	0.0006312277703
255653	0.002009708798
255654	0.001420584634
255655	0.0008105807734
255656	0.001040687855
255657	0.0002991434292
255658	0.001787594139
255659	0.001237419663
255660	0.001088098864
255661	0.0009560432097
255662	0.0005735655242
255663	0.0006201878314
255664	1.179540393e-05
255665	4.068670074e-07
255666	0.0001041742493
255667	0.0005566789378
255668	0.0003057683564
255669	0.002414372175
255670	0.0003731867852
255671	0.0007593389842
255672	0.0003343856097
255673	0.003422547761
255674	0.001168106325
255675	0.002653533097
255676	0.001979517304
255677	0.002339059712
255678	0.0005482667806
255679	0.0004274349439
255680	0.0002807821256
255681	0.0008214182459
255682	0.0007984363784
255683	0.003095888289
255684	0.0009190210454
255685	0.0009229262394
255686	0.0004411430454
255687	0.0005849536434
255688	0.0004107793941
255689	0.0002013431739
255690	0.00146049617
255691	0.001031422298
255692	0.003165802944
255693	0.001574190422
255694	0.0006685684498
255695	0.003187854038
255696	0.0006091948349
255697	0.0007418300816
255698	0.001011861431
255699	0.0005927526383
255700	0.002585056711
255701	0.00174272418
255702	0.001026907554
255703	0.000841232763
255704	0.00478838128
255705	0.001937238699
255706	0.0009115154957
255707	0.002104734627
255708	0.0010262907
255709	0.002868563454
255710	0.001614369694
255711	0.0004097659199
255712	0.001141599229
255713	0.002235012723
255714	0.001444058171
255715	0.002489117383
255716	9.096829213e-06
255717	5.559893325e-05
255718	0.0001888915255
255719	0.002491731366
255720	0.001275048497
255721	0.001617993985
255722	0.001274410054
255723	0.001176588113
255724	0.0001603887257
255725	0.001196490652
255726	0.002563071214
255727	0.0007261845025
255728	0.001481423532
255729	0.001248952978
255730	0.00181764261
255731	0.002686117045
255732	0.001250292543
255733	0.001056664971
255734	0.0005799360534
255735	0.0006938876594
255736	0.001115926465
255737	0.0009814813332
255738	0.005030504233
255739	0.000269532233
255740	0.0002343325921
255741	0.001067805985
255742	0.004309212173
255743	0.0008738675937
255744	1.973139206e-05
255745	0.002919106368
255746	0.0009351965578
255747	0.0008440039069
255748	0.0001221787136
255749	0.0001438453773
255750	0.0003512903368
255751	0.001680275069
255752	0.004342535874
255753	0.002271454152
255754	0.0010419634
255755	0.002326274804
255756	2.784059004e-05
255757	0.002965111844
255758	0.002021653209
255759	0.002515486477
255760	0.0009926929763
255761	0.0008763897102
255762	0.0001964512926
255763	0.0007990790672
255764	0.00128890337
255765	0.0006096718081
255766	0.001767211221
255767	0.001108424205
255768	0.004793802061
255769	0.006177669115
255770	0.003022075894
255771	0.002756872111
255772	0.002481729894
255773	0.00138034321
255774	0.001735459125
255775	0.000979156979
255776	0.003447055885
255777	0.001125813175
255778	0.002482985651
255779	0.001763269313
255780	0.0002148360704
255781	0.0006609939461
255782	0.002611665141
255783	0.001023901216
255784	0.002459937387
255785	0.001382541314
255786	0.0001381450541
255787	0.0008309005007
255788	0.0003069632781
255789	0.001981570294
255790	0.0007423257539
255791	2.308280592e-05
255792	0.0004981368886
255793	9.199148146e-05
255794	0.0002317922751
255795	0.0008973430404
255796	0.0006894964748
255797	0.0002622303568
255798	0.001775829899
255799	0.001431638747
255800	0.003336214104
255801	0.001883791157
255802	0.001720161304
255803	0.001139172212
255804	0.002372054436
255805	0.001181363876
255806	0.0003804662845
255807	0.0009701498229
255808	1.786009706e-05
255809	0.001247527889
255810	0.001591372795
255811	0.001287411715
255812	0.002094537831
255813	0.0008647961848
255814	0.003782847696
255815	0.0002307536028
255816	0.002769051596
255817	0.001033381395
255818	0.0004396307706
255819	5.622066939e-05
255820	0.001764065219
255821	0.002176142065
255822	0.002222968207
255823	0.000723288017
255824	0.001962102806
255825	0.0008450150974
255826	0.001005901567
255827	0.002866147785
255828	0.0006100572187
255829	7.683252961e-05
255830	0.002083043481
255831	0.0008538499165
255832	0.0002022569772
255833	0.0004286882663
255834	0.0002083751139
255835	0.001028443104
255836	0.002061858331
255837	0.005045815145
255838	0.001222839056
255839	0.000612185441
255840	0.0004051883515
255841	0.00330537284
255842	0.001485256726
255843	0.0002035205675
255844	0.0009002776454
255845	0.0009245039918
255846	0.0005002106559
255847	0.0001524506154
255848	0.003788567609
255849	0.002513324039
255850	0.001271740975
255851	0.0004455224258
255852	0.0005989857978
255853	7.170096026e-05
255854	0.0005670363024
255855	0.00050560206
255856	0.0003740554102
255857	0.0003858838608
255858	0.00108398817
255859	0.004018487164
255860	0.0007114612645
255861	0.0002336331458
255862	0.0138222293
255863	0.0002684818164
255864	0.0005059407364
255865	0.0009872746858
255866	0.001687546404
255867	0.001230512941
255868	0.002885815186
255869	0.0009960018495
255870	0.001659159176
255871	0.004865693657
255872	0.001904660582
255873	0.0005402135095
255874	0.001194460739
255875	0.001414552742
255876	0.0005417843064
255877	0.001846421257
255878	0.001046980223
255879	0.003070781321
255880	0.0003154514362
255881	4.729041737e-05
255882	0.0002270311372
255883	0.0005791519644
255884	0.0004595248623
255885	0.001190863427
255886	0.0003625554979
255887	0.000775613777
255888	0.0004640908531
255889	0.001051000141
255890	0.001897614556
255891	0.0001040863906
255892	0.00196852047
255893	0.001046234956
255894	0.0009764587627
255895	0.0008594470642
255896	7.301279432e-05
255897	0.000981680437
255898	0.0008980635616
255899	0.0008407399277
255900	0.001406948053
255901	0.002093340513
255902	0.0003716090713
255903	0.001141228173
255904	0.0004285094364
255905	0.001677062077
255906	0.001633315715
255907	0.0005107159382
255908	0.001051620367
255909	0.0004542906332
255910	0.002830370359
255911	0.002280391546
255912	0.000477419394
255913	0.0008880145316
255914	0.002122743537
255915	0.003113536422
255916	0.001083769009
255917	0.00127212374
255918	0.0003477061145
255919	0.008306262215
255920	0.0008776915884
255921	0.0007183057343
255922	0.001025338428
255923	0.0007517292856
255924	0.001444162022
255925	0.00111145235
255926	0.001590053345
255927	0.001066596156
255928	0.002373943723
255929	0.001298984145
255930	0.001575970531
255931	0.002991448601
255932	0.0003845851377
255933	0.001133172528
255934	0.001833546949
255935	0.0005055135784
255936	0.002904868932
255937	0.0006384140544
255938	0.001579681575
255939	0.002392326647
255940	0.00148498867
255941	0.0007968681535
255942	0.0006749598172
255943	0.00035281473
255944	0.0002784715842
255945	9.559689863e-05
255946	0.001037235147
255947	0.0002647024961
255948	5.734692067e-06
255949	3.139997519e-05
255950	0.001553857298
255951	0.0007753118728
255952	0.0003051246783
255953	0.0004803033785
255954	0.00243741479
255955	6.306146661e-05
255956	0.001160410862
255957	0.001553235918
255958	3.173453519e-05
255959	0.0005331632588
255960	0.001015207746
255961	0.0004292851372
255962	0.002017059233
255963	0.0003078392718
255964	0.002047188756
255965	0.0008345218759
255966	0.0002899090698
255967	0.0007782027504
255968	0.001644996479
255969	0.00125610405
255970	0.001815978627
255971	0.0005291251096
255972	0.0001628253667
255973	0.002992211741
255974	0.0005826150414
255975	0.001891330849
255976	0.004313274891
255977	0.0002424359062
255978	0.001638313357
255979	0.0005539758939
255980	0.001871543593
255981	0.0003739040056
255982	0.001377377726
255983	0.000941606491
255984	0.003746752436
255985	0.001235595888
255986	0.002374959276
255987	0.001280034768
255988	0.001055081734
255989	0.008687322045
255990	0.0001885638185
255991	0.002546624899
255992	0.005204515581
255993	0.002157593739
255994	0.001164725922
255995	0.001532756462
255996	0.0009307556082
255997	0.001371817897
255998	0.0005622661105
255999	0.0005652161171
256000	0.001451889828
256001	0.001786730592
256002	0.001342689328
256003	0.001644817791
256004	0.001980426831
256005	0.004126707777
256006	0.001734527912
256007	0.0001628558184
256008	0.0008524959181
256009	0.000221003064
256010	0.00176360124
256011	0.004026030679
256012	0.0004926858674
256013	0.001873318186
256014	0.000225212448
256015	0.0007649518391
256016	0.0009087469375
256017	0.002194925686
256018	0.000503225685
256019	0.001260314007
256020	0.001337098155
256021	4.629339573e-05
256022	0.0002091415861
256023	0.001588198813
256024	0.0002029431607
256025	0.002631920679
256026	0.003322448991
256027	0.001808874705
256028	0.0004214753813
256029	0.001177191764
256030	0.002045976926
256031	0.002010273514
256032	0.003729741448
256033	0.001125661691
256034	0.001574237672
256035	0.0002292968091
256036	0.001989077691
256037	0.0008400642289
256038	0.0004874848842
256039	6.280403488e-05
256040	0.0004233203691
256041	0.00135936726
256042	0.001413684099
256043	0.001124974271
256044	0.0005673272845
256045	0.000414413928
256046	0.001171671681
256047	0.0008873626054
256048	0.00149547827
256049	0.005569471337
256050	0.0005253855608
256051	0.002378843501
256052	0.001337114669
256053	0.0007177758067
256054	0.001017996706
256055	0.001478309991
256056	0.001135274829
256057	0.003403094011
256058	0.001246388027
256059	0.001539242423
256060	0.0007262153266
256061	0.000944555431
256062	0.001633555808
256063	0.0005554205232
256064	0.0002726684992
256065	0.001217558624
256066	0.001154149232
256067	0.003857725897
256068	0.001720406029
256069	0.01017925457
256070	0.001899378301
256071	0.0008936758341
256072	0.000224945519
256073	0.002053525532
256074	0.0002159307898
256075	0.001852477723
256076	3.782036265e-05
256077	0.0006915304732
256078	0.001352971645
256079	0.002884513007
256080	0.007926714259
256081	0.000468975368
256082	0.001047478333
256083	0.00218829669
256084	0.001006655591
256085	0.0007211417614
256086	0.001465467094
256087	0.0008826860407
256088	0.007647318301
256089	0.00183497369
256090	0.00141074628
256091	0.0007235725393
256092	0.0002873840107
256093	0.003708778469
256094	0.001726561405
256095	0.001382196081
256096	0.001041378033
256097	0.00453903462
256098	0.001608937867
256099	0.002425692899
256100	0.0002568072496
256101	0.001356902925
256102	0.0004398116789
256103	0.003942099123
256104	0.001715324661
256105	0.001377011262
256106	0.001330997585
256107	0.002005603399
256108	0.008447656714
256109	0.002181060574
256110	0.001405575823
256111	0.001747294267
256112	0.0003412398134
256113	0.001211810198
256114	0.001478916467
256115	0.000874077167
256116	0.0001763908361
256117	0.0008133499834
256118	0.0002347358359
256119	0.001056366219
256120	0.002600659554
256121	0.0006957589538
256122	0.004903324807
256123	0.0008519927072
256124	0.0003683536743
256125	8.810135214e-05
256126	0.002029497027
256127	0.0006737132972
256128	0.005626039463
256129	0.0004861334628
256130	0.003255224468
256131	0.003588859272
256132	0.003796474312
256133	0.001154431074
256134	0.001905043319
256135	0.0003633913393
256136	0.001744277734
256137	0.001450306265
256138	0.001029971482
256139	9.221635157e-05
256140	0.001666243905
256141	0.003910212246
256142	0.000221095585
256143	0.001985485299
256144	8.189068414e-05
256145	0.001257509083
256146	0.0006412090063
256147	0.002260374437
256148	0.001025948382
256149	0.001639444638
256150	0.009505071874
256151	0.002824013915
256152	0.005531055671
256153	0.005252766208
256154	0.0003223768982
256155	0.0008947545114
256156	0.002967022425
256157	0.002088398254
256158	0.00176917236
256159	0.006537420926
256160	0.0005455528438
256161	0.0004760254798
256162	0.004914265246
256163	0.003134003511
256164	0.001364665193
256165	0.002127157222
256166	0.001610709205
256167	0.0008014732924
256168	0.003877586479
256169	0.006241986991
256170	0.001096711637
256171	0.0007214759553
256172	0.002219811156
256173	0.0004139520052
256174	0.0008057646512
256175	0.0009435641267
256176	0.00271339604
256177	0.001649788051
256178	0.0004925799906
256179	0.0005147528068
256180	0.003389801059
256181	0.001593189181
256182	0.0006000051967
256183	0.0009120699807
256184	0.0001532390586
256185	0.002985134403
256186	8.735119588e-05
256187	9.898713439e-05
256188	0.0001882268826
256189	9.838235815e-05
256190	1.456109402e-05
256191	8.350784127e-05
256192	1.671007856e-05
256193	8.193846675e-05
256194	5.911226068e-07
256195	2.201058228e-06
256196	0.0002006573392
256197	1.897051055e-05
256198	9.269826708e-06
256199	3.095946861e-05
256200	8.998982093e-05
256201	4.228455126e-06
256202	9.762971234e-05
256203	9.660464987e-05
256204	1.978573315e-06
256205	0.0001114101135
256206	1.483397843e-05
256207	1.312141717e-06
256208	0.0001876315732
256209	8.373554304e-06
256210	0.0001875149557
256211	0.0001906473385
256212	8.312302387e-05
256213	4.283389546e-06
256214	0.000185760821
256215	3.401626382e-06
256216	0.0001922727401
256217	0.0001029632625
256218	3.078932435e-06
256219	7.936648619e-05
256220	0.0001800807795
256221	0.000112491449
256222	4.137999224e-06
256223	0.0001886608244
256224	4.964081741e-06
256225	5.482269893e-06
256226	0.0001829205584
256227	0.0001682497071
256228	0.0001856641964
256229	0.0001831873866
256230	7.098483198e-05
256231	8.440621099e-05
256232	3.416347013e-06
256233	3.423939089e-07
256234	0.0001301265008
256235	8.75965134e-05
256236	9.87716499e-05
256237	7.701106585e-05
256238	9.904881498e-05
256239	0.0001840181138
256240	0.0001791755462
256241	8.688419041e-05
256242	6.850442118e-05
256243	0.0002082724896
256244	1.504314073e-06
256245	0.0001805692659
256246	0.0001870121015
256247	9.262889093e-05
256248	8.895012503e-05
256249	1.561855913e-05
256250	0.0001800920263
256251	1.182612459e-05
256252	8.743405237e-05
256253	9.857892255e-05
256254	9.731630933e-05
256255	7.021505495e-05
256256	8.459673154e-05
256257	9.555706684e-05
256258	8.71547263e-06
256259	1.368389466e-05
256260	0.0001865284489
256261	0.000189151733
256262	0.000195516185
256263	4.499791368e-06
256264	0.0001966130958
256265	0.000195708324
256266	9.034173942e-05
256267	0.0001837770266
256268	1.195138754e-05
256269	1.367607747e-06
256270	0.0001805005561
256271	0.0001221400653
256272	0.0008948723903
256273	0.005133520836
256274	0.008870316225
256275	0.00885168495
256276	0.009220292085
256277	0.01542584125
256278	0.004700818994
256279	0.006220402798
256280	0.001587857182
256281	0.001967031399
256282	0.0007734686515
256283	0.002092329118
256284	0.001055403082
256285	0.001171357049
256286	0.002044068856
256287	0.0074634771
256288	0.003672357014
256289	0.01799882888
256290	0.002769557054
256291	0.001770051534
256292	0.0001769907037
256293	0.008595380654
256294	0.01302601327
256295	0.0093044374
256296	0.0006948317898
256297	0.001168129826
256298	0.002698840413
256299	0.003247109486
256300	0.00105457511
256301	0.005885038091
256302	0.000343447934
256303	0.002930867631
256304	0.00191128838
256305	0.001652452365
256306	0.004411352482
256307	0.001981774766
256308	0.003817148561
256309	0.0007412480916
256310	0.001802796536
256311	0.006158257179
256312	0.001819886335
256313	0.004968024688
256314	0.00632462507
256315	0.001434823301
256316	0.0006095489196
256317	0.003586189766
256318	0.00698842811
256319	0.007200580967
256320	0.002355269487
256321	0.004579245692
256322	0.00202309355
256323	0.01004624588
256324	0.001491693272
256325	0.00180090445
256326	0.00143206829
256327	0.004509274657
256328	0.01614005969
256329	0.01589058229
256330	0.0002398930688
256331	0.008080613574
256332	0.007739699257
256333	0.009075496489
256334	0.001464541617
256335	0.005066988873
256336	0.0018277156
256337	0.005886647116
256338	0.006417522562
256339	0.00679441038
256340	0.002216902042
256341	0.0008744400489
256342	2.496724904e-05
256343	0.001275195148
256344	0.000324581691
256345	0.007291533407
256346	0.003741984065
256347	0.004172866881
256348	0.002546018575
256349	0.004219052957
256350	0.005011324997
256351	0.0008069940793
256352	0.01001395784
256353	0.001130998554
256354	0.0009617315626
256355	0.002593145545
256356	0.01764368235
256357	0.001243233003
256358	0.01062694583
256359	7.42951174e-07
256360	0.00576023786
256361	0.004585521361
256362	0.002890462638
256363	0.001480529584
256364	0.002106927376
256365	0.0003551431093
256366	0.0003607357695
256367	8.99934083e-05
256368	0.0003539210581
256369	0.001264004248
256370	0.000893004277
256371	0.0002385429653
256372	6.87876988e-06
256373	0.001277881049
256374	0.001155055729
256375	0.0005150583123
256376	0.0004878694592
256377	0.0009978759879
256378	0.0003736806886
256379	0.001043892998
256380	0.0005326280122
256381	0.0007480144147
256382	0.001112099854
256383	0.000754361697
256384	0.0007884597932
256385	0.001397239163
256386	0.0002639855487
256387	0.0006483196606
256388	0.000462360616
256389	0.001017255441
256390	0.001010234637
256391	0.0003705991989
256392	0.0001007337508
256393	0.001397257574
256394	0.001129756902
256395	0.00128755186
256396	0.001400084798
256397	0.0010311528
256398	0.001150609521
256399	0.0008890856409
256400	0.001271797303
256401	0.0006441058461
256402	0.00241417664
256403	0.0001463108272
256404	0.00909702665
256405	0.00266081096
256406	0.003305540296
256407	0.009770302917
256408	0.01086203654
256409	0.006145962832
256410	0.001696266201
256411	0.002735705832
256412	0.002493034435
256413	0.006243585971
256414	0.0009932229579
256415	0.004010565951
256416	0.0007664723739
256417	0.003489425364
256418	1.283885989e-05
256419	0.002650951679
256420	0.002088937594
256421	0.0002991372167
256422	0.005064321391
256423	0.001307402919
256424	0.005455447587
256425	0.001062285295
256426	0.003158325432
256427	0.005762019012
256428	0.002338658756
256429	0.0003353349181
256430	0.0002517360698
256431	0.0004618686144
256432	0.002466295559
256433	0.002499389263
256434	0.00401058204
256435	1.442098221e-05
256436	0.004706118425
256437	0.006469208008
256438	0.01357297685
256439	0.01113155772
256440	0.006915539969
256441	0.002203565553
256442	0.002986599543
256443	1.459211429e-05
256444	0.003728491431
256445	0.006769281484
256446	0.005156785379
256447	0.002832671457
256448	0.00668259202
256449	0.008483942612
256450	0.002631612535
256451	0.003001491046
256452	0.0006121238492
256453	0.001748759499
256454	0.002712106463
256455	0.006615687389
256456	0.001482796401
256457	0.006718458713
256458	0.005605955177
256459	0.01182519129
256460	0.00642616212
256461	0.001314486377
256462	0.001919110968
256463	0.005668935119
256464	0.001975396055
256465	0.000833234612
256466	0.0001901789188
256467	0.0005487048388
256468	0.007278968811
256469	0.002963436541
256470	0.005964887546
256471	0.002761073073
256472	0.003689979977
256473	0.008947073473
256474	0.003436923247
256475	0.005913157795
256476	0.01024260692
256477	0.004261180591
256478	0.0002283838149
256479	0.004494293221
256480	0.003036642163
256481	0.001387515806
256482	0.0006906253408
256483	0.001973837686
256484	0.001926841405
256485	0.003651846653
256486	0.0009236020515
256487	0.004005017821
256488	0.00130415979
256489	0.0006291739251
256490	0.002374448743
256491	0.0004269557906
256492	0.0007564624823
256493	0.0002465303531
256494	0.001815352813
256495	0.00565432854
256496	0.003810841392
256497	0.008909820427
256498	0.00441025969
256499	0.003733360723
256500	0.004753071663
256501	0.002577877389
256502	0.001371439379
256503	0.0009509071251
256504	0.001228897128
256505	0.002871442198
256506	0.001312744734
256507	0.0002603990974
256508	7.709021495e-05
256509	0.001287465656
256510	0.0006320548228
256511	0.001172446829
256512	0.0005552510424
256513	0.001898167559
256514	0.001564994493
256515	0.002845619598
256516	0.0004097902258
256517	0.001159533774
256518	0.0007746928601
256519	0.0001474328949
256520	0.01012911647
256521	0.004013617795
256522	0.007121583965
256523	0.0001798613097
256524	0.002912983499
256525	0.0008135995248
256526	0.0007696674788
256527	0.0005254271957
256528	0.00107912105
256529	0.001960970129
256530	0.003596505775
256531	0.0005648649896
256532	0.000300481652
256533	0.004067374063
256534	0.004403405314
256535	0.002060033135
256536	0.004677365316
256537	0.00139600166
256538	0.001679695763
256539	0.000933469243
256540	0.002360785061
256541	0.0006468668919
256542	0.0003674553303
256543	0.001890237408
256544	0.0009054430984
256545	0.000553158068
256546	0.001433074952
256547	0.003468629382
256548	0.001227441312
256549	0.005911411399
256550	0.003658680195
256551	0.003686189131
256552	0.005029386726
256553	0.0009780909136
256554	0.0008430100452
256555	0.005998811124
256556	0.007313524978
256557	0.0003349641742
256558	0.0001889275337
256559	0.004285775022
256560	0.003764742142
256561	0.002002975206
256562	0.01200386078
256563	0.004852206657
256564	0.003246861575
256565	0.007535307635
256566	0.0006927869692
256567	0.004402072957
256568	0.008731480907
256569	0.005105456266
256570	0.001610064599
256571	8.279325599e-05
256572	0.0002222555064
256573	0.00181237782
256574	0.00597144739
256575	2.146358839e-05
256576	0.002114982931
256577	0.001330455171
256578	0.0009332221523
256579	0.002837737358
256580	0.001652588218
256581	0.0007482678251
256582	0.004664286249
256583	0.00432784995
256584	0.001420766937
256585	0.0007085675139
256586	0.005627280361
256587	0.001590078645
256588	0.003540097522
256589	0.001971846412
256590	0.007003598856
256591	0.006711371395
256592	6.33466916e-05
256593	0.002158396216
256594	0.00382366893
256595	0.006452567976
256596	0.00296965471
256597	0.0098951015
256598	0.00642649405
256599	0.00730908839
256600	0.002878037464
256601	0.006594437776
256602	0.00970879422
256603	0.001288255149
256604	0.002520069491
256605	0.006819747788
256606	0.0008139525195
256607	0.001383007809
256608	0.002508952299
256609	0.008199772654
256610	0.001794123512
256611	0.001604175249
256612	0.0009189454012
256613	0.000186680245
256614	0.01476342379
256615	0.001725270602
256616	0.001439922516
256617	0.001577340368
256618	0.001478441469
256619	0.001681457055
256620	0.0008211578937
256621	0.0003243210547
256622	0.0009830062815
256623	0.001835127287
256624	0.003086803174
256625	0.004028912209
256626	0.004186785476
256627	0.002590070956
256628	0.007521265717
256629	0.0008571493536
256630	0.0006063246096
256631	0.003837699401
256632	0.002074494861
256633	0.001822312516
256634	0.0007352817136
256635	0.004905671948
256636	0.004977838152
256637	0.003045101338
256638	0.002973151855
256639	0.0002567882817
256640	0.003575340477
256641	0.002627435371
256642	0.002438439593
256643	0.000657814294
256644	0.003425628879
256645	0.008347224497
256646	0.002606783866
256647	0.005290607072
256648	0.0004646446434
256649	2.689340723e-05
256650	0.001882578205
256651	0.009683423781
256652	0.002003380902
256653	0.002992426376
256654	0.004041944434
256655	0.004094689176
256656	0.001791015945
256657	0.001459825146
256658	0.001104945528
256659	0.00978142511
256660	0.002824341946
256661	0.0002726625367
256662	0.003340168292
256663	0.0003253374373
256664	0.006924399672
256665	0.000111829875
256666	0.00802189472
256667	0.008446510303
256668	0.001502182767
256669	0.001111585414
256670	0.003884257761
256671	0.0001132364448
256672	0.001136048246
256673	0.007552591545
256674	0.003619658765
256675	0.005314131605
256676	0.0003064592329
256677	0.002688259916
256678	0.001266318234
256679	0.009498864343
256680	0.001461133786
256681	0.003007095924
256682	0.00853994442
256683	0.009554593361
256684	0.003774003049
256685	0.00151508198
256686	0.0003200793536
256687	0.006021286659
256688	0.005397239872
256689	0.00167692952
256690	0.001242549536
256691	0.0004456559141
256692	0.001516323127
256693	0.0001822685719
256694	0.001521710755
256695	0.0005943568694
256696	0.007334330261
256697	0.0003917048767
256698	0.003529767899
256699	0.003483217112
256700	0.0007047716533
256701	0.001972762493
256702	0.001821906137
256703	0.00382566041
256704	0.001779148363
256705	0.007084870428
256706	0.01365785479
256707	0.01247352262
256708	0.0002742955559
256709	0.004017347397
256710	0.005701659346
256711	0.0029595016
256712	0.0005846092721
256713	0.002566166594
256714	0.008384076339
256715	0.01556345749
256716	0.001410056917
256717	0.004919369667
256718	0.00658016607
256719	0.001129806321
256720	0.004821723339
256721	0.001148931508
256722	0.001113461728
256723	0.001526579855
256724	0.01025547696
256725	0.00303868237
256726	0.0002463961089
256727	0.006423027017
256728	0.00146237095
256729	0.00375936307
256730	0.0009931583714
256731	0.0003012951543
256732	0.001627734358
256733	0.007584597587
256734	0.001521098957
256735	0.000794539079
256736	0.001305596138
256737	0.002307517646
256738	0.0003371625725
256739	0.008789576644
256740	0.003773694044
256741	0.01185886736
256742	0.004265344726
256743	0.001352597375
256744	0.002134766234
256745	0.002894389017
256746	0.0004060385309
256747	0.001710240853
256748	0.0004726509937
256749	0.0006257929451
256750	0.002330438376
256751	0.01023403475
256752	0.00114878861
256753	0.00179674625
256754	0.0002486680991
256755	0.0007599597217
256756	0.002375053093
256757	0.0005660501087
256758	2.811027069e-05
256759	3.14043268e-05
256760	0.001483036294
256761	2.363493956e-05
256762	0.0005783366716
256763	0.0008975096994
256764	0.001765595967
256765	0.0002440802871
256766	0.0002890738041
256767	3.762574125e-05
256768	0.0003111732643
256769	0.00188771246
256770	1.020010325e-05
256771	0.0005104087982
256772	0.0003547361544
256773	0.0008922818813
256774	0.0007604956289
256775	0.003081687714
256776	0.00114308133
256777	0.01380128559
256778	0.003487477593
256779	0.01196807816
256780	0.002376047186
256781	0.006360520079
256782	0.006800810655
256783	0.003975530924
256784	0.003015522028
256785	0.001048521839
256786	0.005005835374
256787	0.007351404983
256788	0.002901087877
256789	0.007518184226
256790	0.0007862695158
256791	0.0005554277571
256792	0.0006590486533
256793	0.0002297618358
256794	0.0007609940982
256795	0.003125555526
256796	0.004872119194
256797	0.008021790666
256798	0.00231560461
256799	0.005405915794
256800	0.01136491617
256801	0.009623607169
256802	0.0007787366184
256803	0.0006713037759
256804	0.00395457416
256805	0.002582999003
256806	0.01130744645
256807	0.007839170436
256808	0.01308568205
256809	0.005295401047
256810	0.005325803107
256811	0.01175792477
256812	0.0003444532514
256813	0.007663474753
256814	0.005407863046
256815	0.001186270354
256816	0.001399045629
256817	0.003208914524
256818	0.003198695233
256819	0.01329282434
256820	0.0007923004748
256821	0.002645463536
256822	0.0002653207366
256823	0.0009365525151
256824	0.003383032147
256825	0.01511762273
256826	0.01063549965
256827	0.009694852793
256828	0.0002210515987
256829	0.001583908288
256830	0.003497839678
256831	0.007171520095
256832	0.00778719878
256833	0.0008470356683
256834	0.005108048518
256835	0.001021423791
256836	0.005738694584
256837	0.001046030691
256838	0.004644672945
256839	0.005070934245
256840	0.01434212295
256841	0.0116215845
256842	0
256843	0.01548746381
256844	3.989838054e-05
256845	0.002014851641
256846	0.003019464238
256847	0.004293171347
256848	0.004301690537
256849	0.004651177357
256850	0.004746391887
256851	0.0002730231627
256852	0.002087725451
256853	0.0007145700567
256854	0.001614065302
256855	0.0007714462133
256856	0.001239604548
256857	0.0001714334485
256858	0.0004684435252
256859	0.0003869994422
256860	0.001542875203
256861	0.005309953559
256862	0.000525925421
256863	0.005594555976
256864	0.005397559172
256865	0.005260816416
256866	4.584890923e-07
256867	7.527753217e-07
256868	0.0002607994428
256869	0.0002599093728
256870	0.000259610142
256871	0.0001304535729
256872	3.981313847e-07
256873	9.61889324e-07
256874	0.00330499191
256875	0.002226714133
256876	0.0009797630361
256877	0.0009226294002
256878	0.0008278267061
256879	0.0005431701128
256880	0.001438932435
256881	0.003051138405
256882	0.0004342028887
256883	0.002819670804
256884	0.002459575194
256885	0.002317394588
256886	0.0005629445726
256887	0.003309427333
256888	0.001081708411
256889	0.003767268052
256890	0.001920697024
256891	0.000333822445
256892	0.002751318766
256893	0.000973490218
256894	0.0004672682296
256895	0.001363582253
256896	0.003558030557
256897	0.002110895496
256898	0.001620285313
256899	0.001261999238
256900	0.0003843771471
256901	0.0001240874636
256902	0.002872810816
256903	0.001806501493
256904	0.0009398492763
256905	0.0008005972931
256906	0.001840462689
256907	0.0004581488267
256908	0.001059456473
256909	0.001217314523
256910	0.001975757499
256911	0.002670674492
256912	0.001989857004
256913	0.0005688941069
256914	0.0008814639789
256915	0.001804546166
256916	0.003064013877
256917	0.001236350989
256918	0.00255312579
256919	0.001209725807
256920	0.001733289177
256921	0.001891930389
256922	0.0007015472766
256923	0.00276124687
256924	0.001808128317
256925	0.001129804985
256926	0.0008291065871
256927	0.0007285013422
256928	0.001162761976
256929	0.002291206929
256930	0.001499630039
256931	0.001457271984
256932	0.00255337873
256933	0.001500821748
256934	0.001854831845
256935	0.0007179690796
256936	0.0008135460028
256937	2.407546953e-06
256938	0.0003692846185
256939	0.001468341594
256940	0.001171814947
256941	0.001216442002
256942	0.002041176356
256943	0.0006635685446
256944	0.002040631689
256945	0.001964091509
256946	0.002971125768
256947	0.002106650347
256948	0.002518894257
256949	0.0009572914368
256950	0.0005593821042
256951	0.0006722715074
256952	0.002048843132
256953	2.560510635e-07
256954	0.007924612244
256955	0.0008566952388
256956	0.001573850493
256957	0.001000512831
256958	0.000923399451
256959	0.0004623347168
256960	0.001443856796
256961	0.008640629169
256962	0.001358356858
256963	0.000790199851
256964	0.003562172944
256965	0.00237060373
256966	0.0005406131313
256967	0.001263315617
256968	0.001111860292
256969	5.736394774e-05
256970	0.002029339852
256971	0.003436182807
256972	0.001276881012
256973	0.002387612697
256974	0.003222193221
256975	0.002852086718
256976	0.0004442923983
256977	0.002148074592
256978	0.002948735812
256979	0.002022923305
256980	0.003178881721
256981	0.0006157996916
256982	0.00369614062
256983	0.0008774957607
256984	0.0001075427509
256985	0.0006869593071
256986	0.0006422813485
256987	0.003534865163
256988	0.0004746585689
256989	0.001311358471
256990	0.002565687113
256991	0.0005120202737
256992	0.00126016735
256993	0.002637358692
256994	0.00176220865
256995	0.001020453151
256996	0.002009776807
256997	0.002572293993
256998	0.002287950971
256999	0.002226040066
257000	0.0006472393845
257001	0.0008725632204
257002	0.001422073033
257003	0.001264191557
257004	0.003886521088
257005	0.001879046053
257006	0.002154515705
257007	0.002148136728
257008	0.001483569351
257009	0.003856741476
257010	0.001923309931
257011	0.0007550941786
257012	0.001172395276
257013	0.0002762585524
257014	0.003034911339
257015	0.001027668376
257016	0.0002108447516
257017	0.0001660294128
257018	0.0007040015219
257019	0.002495941478
257020	0.003164022508
257021	0.001472942903
257022	0.002034241231
257023	0.001508179934
257024	0.0007464148709
257025	6.954870278e-06
257026	0.002798290273
257027	0.001666057062
257028	0.001630684575
257029	0.0009892903373
257030	0.002058795042
257031	0.001806514217
257032	0.0003659703661
257033	0.0007816876664
257034	0.0005641957049
257035	0.001445102263
257036	0.002283308695
257037	0.001372379699
257038	0.001258785099
257039	0.002645249777
257040	0.001133466314
257041	0.0006427300213
257042	0.0009618251863
257043	0.0008564954012
257044	0.001027518369
257045	0.001917116833
257046	0.0005806019016
257047	0.0003607590702
257048	0.003055410325
257049	0.005553361884
257050	0.0007183125125
257051	0.002095814587
257052	0.001917575309
257053	0.001486778101
257054	0.001305822254
257055	0.0007436072938
257056	0.0002972011651
257057	0.001081436871
257058	0.002561630954
257059	0.0001706830464
257060	0.001328893073
257061	0.001884172074
257062	0.001431221638
257063	0.003854738974
257064	0.0001471396508
257065	0.002024712449
257066	0.0008030285117
257067	0.00161681727
257068	0.0009036089551
257069	0.0007997057376
257070	0.001894096819
257071	0.001467440381
257072	0.002667922422
257073	0.001808331826
257074	0.00121636835
257075	0.00284179873
257076	0.001811223373
257077	0.002541284457
257078	0.002264443316
257079	0.003581760487
257080	0.001591374397
257081	0.001695114935
257082	0.002767512306
257083	0.002010841163
257084	0.001522473269
257085	0.00234005032
257086	0.003607025312
257087	0.002745247299
257088	0.001990733883
257089	0.002615005005
257090	0.002566438408
257091	0.002350668236
257092	0.001494182541
257093	0.0004378798282
257094	0.001594660915
257095	0.002694574912
257096	0.002258102698
257097	0.004572183339
257098	0.0001645304125
257099	0.001807822191
257100	0.00280792886
257101	0.001664434798
257102	0.000914432961
257103	0.001259203043
257104	0.001345206929
257105	0.002016430921
257106	0.002513159875
257107	0.004442477608
257108	0.00254454259
257109	1.114051737e-05
257110	0.001737612871
257111	0.001451581673
257112	0.00252173562
257113	0.003333648589
257114	0.002313892461
257115	0.005534304914
257116	0.001488896105
257117	0.0004311451526
257118	0.0004238088907
257119	0.0007653258034
257120	0.0007230970206
257121	0.002324813193
257122	0.002332550932
257123	0.002039912248
257124	0.00259981703
257125	0.001658300413
257126	0.001547610517
257127	0.001903589091
257128	0.002872620174
257129	0.0007707030888
257130	0.0001929758412
257131	0.002091281763
257132	0.000639030828
257133	0.0003941080507
257134	0.002620959507
257135	0.00205129558
257136	0.0002564609265
257137	0.002858508365
257138	0.001088705217
257139	0.003184270441
257140	0.002116058989
257141	0.001087302754
257142	0.001534791208
257143	0.0006975677752
257144	0.00275105006
257145	0.002616539758
257146	0.001714436235
257147	0.0001256389056
257148	0.0005863182397
257149	0.0005944792252
257150	0.000526927808
257151	0.0005956674372
257152	0.0005718247231
257153	0.0006374812737
257154	0.0005723859833
257155	0.0006340379244
257156	0.0005902760123
257157	0.0006242899562
257158	0.0006242397999
257159	0.0005747100256
257160	0.0006197981013
257161	0.0006185305678
257162	0.0006047359227
257163	0.000638961698
257164	0.000622105169
257165	0.0005638289887
257166	0.0006097333311
257167	0.0005833614047
257168	0.0006009244685
257169	0.000632037462
257170	0.0006335812671
257171	0.0006345084449
257172	0.0006329849843
257173	0.0005664944054
257174	0.0006104718406
257175	0.0005981543541
257176	0.0006381147411
257177	0.0006122479683
257178	0.0003813560596
257179	0.0006209942813
257180	0.0005964205307
257181	0.000582319837
257182	0.0005386035799
257183	0.0005718389206
257184	0.0006090447551
257185	0.0005928382438
257186	0.0006327569664
257187	0.0005755103186
257188	0.00059405664
257189	0.0006203784151
257190	0.0005993197133
257191	0.0005700552784
257192	0.0006377520247
257193	0.0006369994391
257194	0.0005564951089
257195	0.0005946058437
257196	0.0005872942687
257197	0.0005954827518
257198	0.0005903683752
257199	0.0006341436357
257200	0.0006029134435
257201	0.0005750907344
257202	0.0006103093338
257203	0.0006226711176
257204	0.0005941920472
257205	0.0005772002524
257206	0.0005579782763
257207	0.0006071475286
257208	0.0005849945803
257209	0.0006291176434
257210	0.01009301303
257211	0.006562026021
257212	0.008673992738
257213	0.006997303081
257214	0.008578236422
257215	0.007739692829
257216	0.006533144926
257217	0.00758896779
257218	0.007131547737
257219	0.007083072139
257220	0.008902018619
257221	0.008656672241
257222	0.007818964475
257223	0.008082089775
257224	0.004885886402
257225	0.008441517631
257226	0.007034708482
257227	0.00551878157
257228	0.006426982524
257229	0.005278221492
257230	0.006522634366
257231	0.00794889273
257232	0.004298138377
257233	0.004972346104
257234	0.007694599069
257235	0.007058227792
257236	0.007231856838
257237	0.007611201284
257238	0.007350909908
257239	0.007948807708
257240	0.005731892663
257241	0.007205258137
257242	0.006654022952
257243	0.007827572738
257244	0.007389429736
257245	0.007183862728
257246	0.007259534806
257247	0.007846394608
257248	0.008786766824
257249	0.006985417866
257250	0.006951172126
257251	0.009135876335
257252	0.007816332853
257253	0.006962901143
257254	0.008551807875
257255	0.003760351423
257256	0.003200222494
257257	0.007682863916
257258	0.005996595687
257259	0.00903002306
257260	0.00819983245
257261	0.007067032251
257262	0.005985107541
257263	0.008472984985
257264	0.002515375973
257265	0.007503708032
257266	0.006657902164
257267	0.007770682679
257268	0.0003873857192
257269	0.004260161094
257270	4.356110011e-05
257271	0.008851968464
257272	0.003080375411
257273	0.001120131505
257274	0.0005257540863
257275	0.009472385057
257276	0.007156255605
257277	0.0006487610035
257278	0.003142500259
257279	0.002081220279
257280	0.008278028484
257281	0.003427693422
257282	0.00329261996
257283	0.02109686109
257284	0.002103025462
257285	0.005218215267
257286	0.0006014177116
257287	0.007523626165
257288	0.004273825358
257289	0.003615737014
257290	0.0007940387637
257291	0.004899439917
257292	0.009056526294
257293	0.008807839143
257294	0.003221175364
257295	0.001776913936
257296	0.002706098418
257297	0.001152729302
257298	0.01312376345
257299	0.01511413836
257300	0.0005351115912
257301	0.005903411669
257302	0.001590602187
257303	0.005481861317
257304	0.006498851661
257305	0.005028449461
257306	0.001097727554
257307	0.006694033665
257308	0.001143164449
257309	0.0007729982722
257310	0.004867480663
257311	0.009704369824
257312	0.003842091259
257313	0.001452987495
257314	0.003587272474
257315	0.002666086882
257316	9.883209593e-07
257317	1.705074406e-06
257318	2.045644861e-06
257319	2.384168619e-06
257320	3.44226419e-07
257321	7.129329447e-08
257322	0.002569745518
257323	0.003204547138
257324	0.0004130991416
257325	0.0005604470564
257326	0.0005673422605
257327	0.00364086724
257328	0.002688341454
257329	2.413056292e-06
257330	0.002106220653
257331	0.001864196718
257332	0.001196094384
257333	0.001158221845
257334	0.009876537582
257335	0.0134286152
257336	0.00656276928
257337	0.005972751005
257338	0.002318804636
257339	0.00196785747
257340	0.000730544347
257341	0.00767168037
257342	0.001893789269
257343	0.00100532332
257344	0.003159371438
257345	0.005036828868
257346	0.002670892631
257347	0.006935806565
257348	0.01144712787
257349	0.001805725567
257350	0.0001559852566
257351	0.001394390755
257352	0.005777729355
257353	0.00758572805
257354	0.004533294094
257355	0.003159745449
257356	0.002803859986
257357	0.007828653757
257358	0.003438425328
257359	0.008191373966
257360	0.004478896154
257361	0.0005042869767
257362	0.002023730052
257363	0.0004458453591
257364	0.001770401908
257365	0.001332231087
257366	0.02241652846
257367	0.008520136556
257368	0.01082142539
257369	3.872341779e-06
257370	6.69683696e-06
257371	2.335800579e-05
257372	2.096835182e-05
257373	2.289340757e-05
257374	1.515862336e-05
257375	3.436226205e-06
257376	2.502803487e-06
257377	9.139027316e-06
257378	2.270579043e-05
257379	0.000176192806
257380	9.498308092e-05
257381	0.001370902586
257382	0.0003077516692
257383	2.370773513e-05
257384	0.0004818548401
257385	0.001461006882
257386	0.0009744786666
257387	0.001484505323
257388	0.0005944460739
257389	0.0003999575727
257390	0.0005913088099
257391	0.0009155568839
257392	0.001329210459
257393	0.001370608686
257394	2.443967059e-05
257395	0.0001315289461
257396	0.002606488155
257397	0.003003800915
257398	0.001240616882
257399	0.004732236739
257400	0.00195148667
257401	0.0005963961133
257402	0.005367017565
257403	0.005807680595
257404	0.001135575164
257405	0.000293007182
257406	0.005104373361
257407	0.005053964177
257408	0.003018718998
257409	0.0004173484492
257410	0.002998904085
257411	0.001994815219
257412	0.002800792643
257413	0.0005820294667
257414	0.002093478936
257415	0.00147642989
257416	0.001738376141
257417	0.001499663703
257418	0.001781967053
257419	0.002628048039
257420	0.001977498302
257421	0.001825384948
257422	0.001219988572
257423	0.001046581071
257424	0.00100614848
257425	0.001420444671
257426	0.0003591300284
257427	0.001063053215
257428	0.0003491125575
257429	0.0004953445675
257430	0.001117574041
257431	0.001061955292
257432	0.001944834513
257433	0.0002669228948
257434	6.853829501e-05
257435	0.001818078183
257436	0.0009525843228
257437	0.001816071556
257438	0.0007317959479
257439	0.001646444963
257440	0.0001387310836
257441	0.0002633273211
257442	0.002417274085
257443	0.001265826874
257444	0.001722213768
257445	0.001298312428
257446	0.001049739691
257447	0.0009958468228
257448	0.001195968017
257449	0.001944820602
257450	2.289642961e-05
257451	0.0008271636589
257452	0.001936300152
257453	0.001441444506
257454	0.0008204224078
257455	0.001239908847
257456	0.001606569924
257457	0.0009260714783
257458	0.001008830011
257459	0.001890024726
257460	0.001983094289
257461	0.001281656087
257462	0.0005246558988
257463	0.0002671556098
257464	0.0008354751451
257465	0.001174434685
257466	0.000117190835
257467	0.0001137759845
257468	0.001512826207
257469	0.000565114121
257470	0.0007559862597
257471	0.00117645458
257472	0.0005144178121
257473	0.001831730359
257474	0.002002391076
257475	0.002006136103
257476	0.001108438645
257477	0.001313436517
257478	0.0005077329842
257479	0.0003095902842
257480	0.001055187197
257481	0.0001587074568
257482	0.000886276023
257483	0.001236988945
257484	0.000891185057
257485	0.0004922448479
257486	0.00179990037
257487	0.004191982138
257488	0.001019559902
257489	0.001254358467
257490	0.001891071412
257491	0.001390650201
257492	0.001834489972
257493	0.001804973101
257494	0.0009783676705
257495	3.957808353e-05
257496	0.001594905391
257497	0.002399861667
257498	0.00132928719
257499	0.002516285531
257500	0.001483453037
257501	0.001868203766
257502	0.001074278285
257503	0.001952169552
257504	0.0009851584079
257505	0.0002565826294
257506	0.001435558679
257507	0.001023933595
257508	0.00241644976
257509	0.001080302934
257510	0.001628053382
257511	0.002957121734
257512	0.001378145817
257513	0.0006261540745
257514	0.0009675188268
257515	0.0004000477141
257516	0.0009402326834
257517	0.002317161919
257518	0.0009987340314
257519	0.001664853417
257520	0.001820894504
257521	0.0009030365905
257522	1.648735632e-05
257523	0.002007250383
257524	0.001270739329
257525	0.001918147563
257526	0.0009635182551
257527	0.0009234688761
257528	0.0003450675656
257529	0.002411960283
257530	0.000920004514
257531	0.0005110860884
257532	0.0004979924086
257533	0.001007888287
257534	0.0009694219437
257535	0.0005842637382
257536	0.002011453043
257537	0.0004113329809
257538	0.0006651903798
257539	0.0002830184424
257540	0.000369310554
257541	0.000907292741
257542	0.0001646860002
257543	0.0008619249957
257544	0.001461065331
257545	0.0005334851595
257546	0.0006666576188
257547	0.0007761685967
257548	0.0007391111637
257549	0.00197546074
257550	0.0001973193445
257551	0.001871960083
257552	0.001073392113
257553	0.0001095243949
257554	0.0001685345848
257555	0.001454737057
257556	0.0001933207937
257557	0.0008296853894
257558	7.369643429e-05
257559	0.000234424345
257560	9.42188813e-05
257561	0.0005008276036
257562	7.546216906e-05
257563	0.0006038750928
257564	0.0008465250537
257565	0.001090509745
257566	0.0005748610476
257567	0.0003842783205
257568	0.001006381994
257569	0.001092919519
257570	0.001443932172
257571	0.0002227488711
257572	0.000277163891
257573	0.0004642686558
257574	0.0008494957822
257575	0.00110068482
257576	0.001389622753
257577	0.001939600202
257578	0.0006712775128
257579	0.0003191868367
257580	0.000879337932
257581	0.000848853514
257582	0.001317410724
257583	0.0009996579199
257584	0.001225797835
257585	0.001376161578
257586	0.0006271844176
257587	0.0005123165761
257588	0.00140031779
257589	0.0007401439761
257590	0.0002237379776
257591	0.001588754074
257592	0.0005889285976
257593	0.001102864565
257594	0.002041900767
257595	0.0008137119709
257596	0.0006134301697
257597	0.0006501334299
257598	0.0009851910856
257599	0.0006482563735
257600	0.0008792728317
257601	0.001505213426
257602	0.0002528667599
257603	5.444002049e-05
257604	0.0005084660768
257605	0.001371858414
257606	0.001850570755
257607	0.0006863708597
257608	0.001397152593
257609	0.0006873431764
257610	0.0007626854256
257611	0.000495407948
257612	0.0009501026502
257613	0.001933127662
257614	0.0007906943437
257615	0.0001210566364
257616	0.001147586451
257617	0.0007541303022
257618	0.002531300012
257619	0.0005241435268
257620	0.001349097808
257621	9.139410737e-05
257622	0.001195952801
257623	0.0007923553942
257624	0.0009772080542
257625	0.0004342429493
257626	0.001038548014
257627	0.001246045137
257628	0.0001429715171
257629	0.001485525697
257630	0.001124904314
257631	0.0009424000234
257632	0.00147588538
257633	0.001156515684
257634	0.0001781526355
257635	0.0009824559365
257636	0.0008951605609
257637	0.00147101208
257638	1.722472599e-05
257639	0.001951663738
257640	0.0009510609253
257641	0.001414128856
257642	0.0008405031598
257643	0.001490412296
257644	0.001962680149
257645	0.0003307133806
257646	0.000956560469
257647	0.0008577568873
257648	0.001411672194
257649	7.31628982e-05
257650	0.001332191316
257651	0.0006107128287
257652	0.001253619824
257653	0.0003319761086
257654	0.0006793988783
257655	0.00132145559
257656	0.0008009191646
257657	0.002223591129
257658	0.001064733946
257659	0.0009549912545
257660	0.002403614328
257661	0.0008895265749
257662	0.0009776362263
257663	0.0007914204724
257664	0.001845605289
257665	7.777199442e-05
257666	0.0005958211144
257667	0.001543145264
257668	0.0008359064914
257669	0.0006980268396
257670	2.600341663e-05
257671	0.0007649028628
257672	0.002252697987
257673	0.00048820665
257674	0.0002375181577
257675	0.0005452977065
257676	0.002156000085
257677	0.001485289035
257678	0.001543710907
257679	0.0005151078958
257680	0.0004979647198
257681	0.001023416324
257682	0.0001772572479
257683	0.001533981096
257684	0.001406958165
257685	0.001516945471
257686	0.00233642346
257687	0.001201883032
257688	0.0004704986631
257689	0.0009397170603
257690	0.001870115705
257691	0.00118007195
257692	0.0001608824121
257693	0.0003723057238
257694	0.001010837353
257695	0.0002380488007
257696	0.001360857033
257697	0.001581811971
257698	0.002388201415
257699	0.0007537657155
257700	0.0008545068892
257701	0.001079941448
257702	0.001270921638
257703	0.002222280266
257704	0.001425544301
257705	0.002023358365
257706	0.001243379653
257707	0.001724778971
257708	0.000799485952
257709	0.0005428667487
257710	0.001355441953
257711	0.001326283912
257712	0.001219912528
257713	0.001821498094
257714	0.001549391925
257715	0.001050564366
257716	0.0009446614346
257717	0.002189519272
257718	0.0006148583557
257719	0.0007346915751
257720	0.0004431640051
257721	0.001158743243
257722	2.78027111e-05
257723	0.001298610774
257724	0.0003614779082
257725	0.0009524092136
257726	0.001473281939
257727	0.0009389806012
257728	0.0006591886994
257729	1.496608606e-05
257730	0.001280406395
257731	0.000654160969
257732	0.0007108264772
257733	0.001082401726
257734	0.001828723897
257735	0.001847307319
257736	0.001158986445
257737	0.0004004192966
257738	0.001004359641
257739	0.001516199565
257740	0.001039960861
257741	0.001598029051
257742	0.0006227377524
257743	0.002288895674
257744	0.0007276575405
257745	9.843044541e-05
257746	0.0004459903739
257747	6.236539067e-05
257748	0.00112940598
257749	0.0007957322025
257750	0.0004008280514
257751	0.0001394964554
257752	0.001402096902
257753	0.0001102079936
257754	0.0007548167838
257755	0.002229837791
257756	0.0003275552967
257757	0.00233433239
257758	0.001452757279
257759	0.0004894051023
257760	0.001423642371
257761	0.0006723684471
257762	0.001242206058
257763	0.0009285310892
257764	0.001207366918
257765	0.0002429158506
257766	0.001738375665
257767	0.0008423778187
257768	0.0004258900937
257769	0.0001898502478
257770	0.00104966824
257771	0.001306841573
257772	0.0007003445761
257773	0.0009789613934
257774	0.001216643676
257775	0.001239286937
257776	0.001699510049
257777	0.0006425883741
257778	0.0008403534505
257779	0.000359843547
257780	0.001055026587
257781	0.001144919693
257782	0.0009148332258
257783	0.002537518106
257784	0.00116469822
257785	0.0008766382396
257786	0.0009268941898
257787	0.001873517334
257788	0.001026090649
257789	0.0006672491723
257790	0.0006522282301
257791	0.00142314317
257792	3.651264678e-05
257793	0.000339690915
257794	0.002059000521
257795	0.0005456181644
257796	0.0006814239853
257797	0.001781790319
257798	0.001857586811
257799	0.0005560239983
257800	0.001240406521
257801	0.0001198481139
257802	0.001205185935
257803	0.001344012631
257804	0.0005614039648
257805	0.001213870609
257806	0.0007565695187
257807	0.0006505022001
257808	0.0002947482134
257809	0.0007503886394
257810	0.002328864215
257811	0.0003244690623
257812	0.0003370896675
257813	0.000446109254
257814	0.0006217460856
257815	0.0005678927699
257816	0.002091632383
257817	9.888840115e-05
257818	0.0008537747816
257819	0.00093331207
257820	0.001042931057
257821	0.0002303258593
257822	0.001146805813
257823	0.001197348452
257824	0.0006591818014
257825	0.001723326957
257826	0.0005151371791
257827	8.871873956e-05
257828	0.0009425265027
257829	0.001982374661
257830	0.001031475892
257831	0.0007247600091
257832	6.633356023e-05
257833	0.001739688362
257834	0.001736133463
257835	0.0005352993738
257836	0.0005607309244
257837	0.0008263831579
257838	0.0003505550246
257839	0.001096061403
257840	0.0008452235459
257841	0.001138892005
257842	0.00151324721
257843	0.0001176818305
257844	0.0003668664911
257845	0.0005615733537
257846	0.001922312045
257847	0.000607757081
257848	0.0007467923854
257849	0.0008743786307
257850	0.001048248565
257851	0.003081469861
257852	0.0004303433231
257853	0.0005939848837
257854	0.0008154684294
257855	0.001023888022
257856	0.0003100934797
257857	0.0005430525425
257858	0.002118119571
257859	0.001361918567
257860	0.0007986678763
257861	3.95701028e-05
257862	0.0008900051824
257863	0.001923245885
257864	0.0003736018483
257865	0.0002027202972
257866	0.001019689163
257867	0.0004573518811
257868	0.001893080997
257869	0.001013706323
257870	0.001622940616
257871	0.001254966463
257872	0.001665178418
257873	0.001350864668
257874	0.001580993921
257875	0.001718575168
257876	0.001362684466
257877	0.0007823179165
257878	0.00130302435
257879	0.0022189577
257880	0.0006427255657
257881	0.0002140375337
257882	0.0003778489322
257883	0.00185994884
257884	0.0008459813815
257885	0.0003582875593
257886	0.001508622593
257887	0.003632235879
257888	0.0003024931037
257889	0.0005962334952
257890	0.001616199414
257891	0.0006892459678
257892	0.000432886704
257893	0.000511871965
257894	0.000659709968
257895	0.00111119244
257896	0.0001535801864
257897	0.0004315571643
257898	0.001439078971
257899	0.0001578488204
257900	0.000678983489
257901	0.000304054034
257902	0.0009596705079
257903	0.001026113902
257904	0.0008075639917
257905	0.00105398654
257906	0.001904654372
257907	0.0001863476829
257908	0.0012321709
257909	0.00112171967
257910	0.001607289661
257911	0.0001930248285
257912	0.002056489904
257913	0.00166242041
257914	0.0003043497856
257915	0.0003308768418
257916	5.858728903e-05
257917	0.001125097817
257918	0.0007640371238
257919	0.0009600640067
257920	0.002438493325
257921	0.001178977804
257922	0.0009561977052
257923	0.001209992382
257924	0.0009084102557
257925	0.0003002678822
257926	0.001634928428
257927	0.001281138749
257928	6.519562542e-05
257929	0.001941610661
257930	0.0001655203805
257931	0.002156392376
257932	0.0004490633137
257933	0.0007487804236
257934	0.001485154872
257935	0.002837817993
257936	0.000285234379
257937	0.001050980201
257938	0.000672136457
257939	0.001384510478
257940	0.001116228627
257941	0.001919196589
257942	0.001052629929
257943	0.0007779119469
257944	0.001218790694
257945	0.001638550609
257946	0.0009105962017
257947	0.001527685095
257948	0.0009393818571
257949	0.001257328603
257950	0.0008766042018
257951	0.0009123446972
257952	0.00112493235
257953	0.0007636134383
257954	0.001731852502
257955	0.0008908226191
257956	0.00132945821
257957	0.0007062876926
257958	0.001808167863
257959	0.0007027496743
257960	0.0006963138946
257961	0.001954619834
257962	0.0007542566421
257963	0.001362833226
257964	0.0008368226634
257965	0.001550496435
257966	0.001366641403
257967	0.00215277913
257968	0.0007602302191
257969	0.001953108528
257970	1.075741915e-05
257971	0.001391828692
257972	0.001034072191
257973	0.0009379888181
257974	5.890123005e-05
257975	0.0006246665728
257976	0.0001559103257
257977	0.002173102865
257978	0.0008116124847
257979	0.003523219971
257980	0.003201409129
257981	0.0002459398405
257982	0.001834989365
257983	0.001676838603
257984	0.0007836239598
257985	0.001948972728
257986	0.001043348738
257987	0.001107458448
257988	0.0006991095638
257989	0.001567115148
257990	0.000503777772
257991	0.002122211592
257992	7.240995918e-05
257993	0.0006756462766
257994	0.001493429615
257995	0.0012095538
257996	0.0005961746217
257997	0.00187905161
257998	0.0002522426048
257999	0.001234228994
258000	0.001705479684
258001	0.0006135633246
258002	0.001194163112
258003	0.001553960797
258004	0.001236274224
258005	0.0006203432402
258006	0.001584316537
258007	0.001669087907
258008	0.0005879604817
258009	0.0002701634748
258010	0.001865080474
258011	0.0005904866744
258012	0.00124130885
258013	0.001243861916
258014	0.001686887743
258015	0.0003970585731
258016	0.0004167028723
258017	0.0005162905027
258018	0.0008167225905
258019	6.935827314e-05
258020	0.0009961630961
258021	0.000147752456
258022	0.0003981177289
258023	0.000465039895
258024	0.000633217181
258025	0.0002920995495
258026	0.001599571795
258027	0.001646711345
258028	0.002184556705
258029	0.001838111284
258030	0.0007663798261
258031	0.00150940366
258032	0.002350999533
258033	0.0002602187563
258034	0.001026522719
258035	0.0009467345074
258036	0.0006072463764
258037	0.001441182685
258038	0.0009429999279
258039	0.0004256544401
258040	0.0002199107716
258041	0.002115601274
258042	0.001186457816
258043	0.001056235166
258044	0.001763670501
258045	0.001365352043
258046	0.0002103132054
258047	0.0006285348146
258048	6.809974362e-05
258049	0.002421004346
258050	0.001594380949
258051	0.0006024580767
258052	0.0005948073249
258053	0.00113695935
258054	0.002412589376
258055	0.001391824511
258056	0.0006244490145
258057	0.0008555191424
258058	0.0010678326
258059	0.0008604852852
258060	0.0008444646677
258061	0.001517686334
258062	0.0002889286548
258063	0.001404039229
258064	0.0008576593943
258065	3.552555209e-05
258066	8.185074309e-05
258067	0.001253319182
258068	0.001116045755
258069	0.000786240837
258070	0.001080532047
258071	0.0005010515261
258072	0.001418903467
258073	0.001451077573
258074	0.001939343026
258075	0.0005903008695
258076	0.001216243827
258077	0.001701714612
258078	0.0006159247009
258079	0.0003006172926
258080	0.0004888230844
258081	0.00143092084
258082	0.0009901448545
258083	6.521094303e-05
258084	0.0008758639001
258085	0.0004429397246
258086	0.002272270948
258087	0.0003986343366
258088	0.001061596038
258089	0.0001693123955
258090	7.639008158e-05
258091	0.001095193552
258092	0.001412287164
258093	0.001337405656
258094	0.0008416328125
258095	0.001064501426
258096	0.001077224429
258097	0.001529341842
258098	0.001652465203
258099	0.0004941498145
258100	0.0002519210315
258101	0.001809596592
258102	6.622109514e-05
258103	0.0003976869283
258104	0.001020968625
258105	0.00104505978
258106	0.001267727811
258107	0.00090811336
258108	0.001201258464
258109	0.0008462208219
258110	0.00116129479
258111	0.0007106800043
258112	0.0008855954236
258113	0.0003753429547
258114	2.763232673e-05
258115	0.001589215465
258116	0.0004058178015
258117	0.001958946232
258118	0.0001384025698
258119	0.001047145763
258120	9.556388375e-05
258121	0.001830361938
258122	0.00167127758
258123	0.0009727251869
258124	0.001361388867
258125	0.0009740625787
258126	0.002111640933
258127	0.0004546135936
258128	0.0003732888797
258129	0.0007290539236
258130	0.0004956297591
258131	0.001212228382
258132	0.001687666647
258133	0.001021342457
258134	0.0007480492286
258135	0.0001215024617
258136	0.0003026204129
258137	0.001635418618
258138	0.001348472843
258139	0.0005911371174
258140	0.003100995433
258141	0.001789284725
258142	0.001687690496
258143	0.0009321676629
258144	0.001850535673
258145	0.001293727235
258146	0.0007539851587
258147	0.0006220756534
258148	0.0006109661853
258149	0.0004898283899
258150	0.001078482673
258151	0.001212019268
258152	0.0007233986608
258153	0.001712519938
258154	0.001232119052
258155	0.0005368420327
258156	0.0009943969205
258157	0.001161979235
258158	4.81629802e-05
258159	0.001062002324
258160	0.00116315559
258161	0.0008296993666
258162	9.533525701e-05
258163	0.0001664422525
258164	0.002047822563
258165	0.0009495937722
258166	0.001174199237
258167	0.001335455067
258168	0.0004871451879
258169	0.0004614098152
258170	0.0009226963272
258171	0.001243886077
258172	0.001131905033
258173	0.001221849739
258174	0.001630448781
258175	0.001021757996
258176	0.0008735678248
258177	0.0008686292707
258178	0.001117813415
258179	0.0003962979965
258180	0.0008257303215
258181	0.001517085718
258182	0.001299149397
258183	0.0007276757123
258184	0.001666113014
258185	0.001118174364
258186	0.0002295017186
258187	0.0005238337998
258188	0.001436403459
258189	0.001022388518
258190	0.0006682423997
258191	0.0009359735791
258192	0.0003227564013
258193	0.001066981872
258194	0.0009610621439
258195	0.00104323801
258196	0.0007664137937
258197	0.001083006027
258198	0.001204177856
258199	0.001358721806
258200	0.001004837908
258201	0.0007366624449
258202	0.0008768004301
258203	0.0008815016829
258204	2.543935471e-05
258205	0.001951233504
258206	0.001467278449
258207	0.0009956764179
258208	0.0005564625262
258209	0.0005532387532
258210	0.00098217894
258211	0.002397846904
258212	0.0007035011364
258213	0.001207426573
258214	0.0009694625681
258215	0.002087262786
258216	0.001777754407
258217	0.001896276275
258218	0.001219029025
258219	0.002133851317
258220	0.001588901582
258221	0.001600229544
258222	0.0007702001575
258223	0.0005991940716
258224	0.002421700803
258225	0.0003527791891
258226	0.00174776617
258227	0.0003130048632
258228	0.0002702091155
258229	0.001731746272
258230	0.002364158962
258231	0.001796702746
258232	0.001365897871
258233	0.0005975907431
258234	0.001608234411
258235	0.001165983967
258236	0.0007913669572
258237	0.001060811334
258238	0.0006699762728
258239	0.001463385252
258240	0.001054393606
258241	0.001436021465
258242	0.0005613048315
258243	0.0009128903947
258244	0.0006026528464
258245	3.918194765e-05
258246	0.001338474607
258247	0.00101766624
258248	0.0001186445482
258249	0.0006849947535
258250	6.006331314e-05
258251	0.0006560404281
258252	0.002556582775
258253	0.0009233390835
258254	0.0008292888545
258255	0.001439248176
258256	0.001877044882
258257	0.001813252506
258258	0.001577846218
258259	0.001229665348
258260	0.001038586387
258261	3.249016344e-05
258262	0.001311124022
258263	0.0001112453792
258264	0.001448997675
258265	0.001049305468
258266	0.001109864214
258267	0.0008530827152
258268	0.001412361466
258269	0.001294561094
258270	8.148121715e-05
258271	0.0007128299646
258272	0.0008322287576
258273	0.00209371022
258274	0.001067694453
258275	0.001155149954
258276	0.0002092090166
258277	0.0003307584784
258278	0.001131425694
258279	0.001104769195
258280	0.001086330279
258281	0.001710369895
258282	0.001403441633
258283	0.001800782177
258284	0.0006680222799
258285	0.001205298032
258286	0.0007721794516
258287	0.0003352229988
258288	0.001494937473
258289	0.001882955097
258290	0.0009131907948
258291	0.0006563152094
258292	0.001928816878
258293	0.001070449537
258294	0.000188148335
258295	0.002330819928
258296	0.000174393402
258297	0.002404669032
258298	0.001280992553
258299	0.002117196635
258300	0.002807480165
258301	0.001183619961
258302	0.001495460111
258303	0.0009801757003
258304	0.0004588674879
258305	0.001755999518
258306	0.001305550885
258307	0.001161502315
258308	0.001125575243
258309	0.0009781653317
258310	0.0005323875877
258311	0.0002377453505
258312	0.001655633318
258313	0.001677254541
258314	0.001504064172
258315	0.0003068238649
258316	0.0009456486444
258317	3.85547894e-05
258318	1.933978954e-05
258319	0.0003167537703
258320	0.001502242221
258321	0.0004519646
258322	0.0005999602502
258323	0.0010627605
258324	0.0003326816983
258325	0.0007523117059
258326	0.001417152459
258327	0.001604879858
258328	0.0006571403068
258329	0.0002606914657
258330	0.001355420954
258331	0.0008259230751
258332	0.0004563532167
258333	0.0003880005777
258334	0.001160109211
258335	0.001312908601
258336	0.001450618059
258337	0.001343339948
258338	0.00349346687
258339	0.0002633142711
258340	0.000724785195
258341	0.0009853607862
258342	0.001536013301
258343	0.001072040606
258344	9.48002642e-05
258345	0.0003494361651
258346	0.001059375814
258347	0.0008622306262
258348	0.001351258558
258349	0.0002323834859
258350	0.0004180646862
258351	0.0007373392926
258352	0.001889652359
258353	0.001207768719
258354	0.0001659502072
258355	0.0001867573476
258356	0.001499840117
258357	0.001411681455
258358	0.001897143432
258359	0.001604977007
258360	0.002287123521
258361	0.001324195786
258362	0.0005687775175
258363	0.0006690505148
258364	0.000345934616
258365	0.001024374321
258366	0.0009463835039
258367	0.001223817879
258368	0.002544951268
258369	0.00115300642
258370	0.0008077059178
258371	0.0005507579859
258372	0.000636939277
258373	0.0004210993595
258374	0.0005042559552
258375	0.0006443553504
258376	0.0006988811433
258377	0.00168361809
258378	0.0001211225258
258379	0.0008635760379
258380	0.000970271978
258381	0.000680755775
258382	0.00100815593
258383	0.0002808405909
258384	0.0005300931613
258385	0.001441473504
258386	0.002592651347
258387	0.0009133173994
258388	0.0007251352681
258389	0.0003810502117
258390	0.0006128749647
258391	4.76468034e-05
258392	0.0008321212546
258393	0.0004499138993
258394	0.001144447185
258395	0.0004317939359
258396	0.001814626248
258397	0.001992562648
258398	0.001033176238
258399	0.0004963611145
258400	0.0003234992172
258401	0.002003065827
258402	0.001101804933
258403	0.002437617462
258404	0.001250941874
258405	0.0009789647822
258406	0.0008696594247
258407	0.00038224516
258408	0.0002941172629
258409	0.002084324653
258410	0.001283461361
258411	0.001143409612
258412	0.001502929838
258413	0.001747029347
258414	0.001004437649
258415	0.0009065731879
258416	0.001310074626
258417	0.001548746133
258418	0.001964247639
258419	0.001197055823
258420	0.003773575977
258421	0.001047083917
258422	0.001600210047
258423	0.001174187453
258424	0.002093248409
258425	0.001607148244
258426	0.000856264475
258427	2.912743762e-06
258428	0.001554539847
258429	0.000334167858
258430	0.0007445451097
258431	0.002293524426
258432	0.0007028081637
258433	0.0008423160308
258434	0.0009815215925
258435	0.000697456075
258436	1.754015934e-05
258437	0.0002554437104
258438	0.0006953002813
258439	0.0006000721813
258440	0.0003745404884
258441	0.0008118421366
258442	0.001073496579
258443	9.388696193e-05
258444	0.0009507711466
258445	0.0004166279654
258446	0.0002329272242
258447	0.001219082519
258448	0.0006543461861
258449	0.0003811836064
258450	0.0003344504157
258451	0.0003210115134
258452	0.001255516496
258453	0.003653356266
258454	0.00116365046
258455	0.001786139367
258456	0.001285471939
258457	0.0004590113652
258458	7.399641203e-05
258459	0.002105019664
258460	0.00112524258
258461	0.0007279389765
258462	0.001467193957
258463	0.00167674115
258464	0.0005400717124
258465	0.001351814108
258466	0.0008109107979
258467	0.0009487326125
258468	0.0003341191722
258469	0.0007653424997
258470	0.0006884162482
258471	0.0001835303114
258472	0.001519337998
258473	0.00135192026
258474	0.001302723377
258475	0.00101473044
258476	0.0008463922794
258477	0.0006499083444
258478	0.001330958077
258479	0.001235533225
258480	7.864642869e-05
258481	0.0008303252421
258482	0.0005751345247
258483	0.0005416857194
258484	0.001003379521
258485	0.0003410149147
258486	0.0004528017152
258487	0.001439970421
258488	0.001063706464
258489	7.916242482e-05
258490	0.0004738249592
258491	0.001242920613
258492	0.000375697437
258493	0.001142650077
258494	0.001816118919
258495	0.001122973443
258496	0.002145886793
258497	0.0005313096482
258498	0.001832043218
258499	1.925845341e-05
258500	0.0002238213225
258501	0.001053745852
258502	0.0009284734049
258503	0.0005080195281
258504	0.0006072007661
258505	0.002085655844
258506	5.729456208e-05
258507	0.0007583454563
258508	0.0009100928048
258509	0.002408854359
258510	0.001252454855
258511	0.002061408739
258512	0.001783897351
258513	0.001533307149
258514	0.001472889487
258515	0.0008822005903
258516	0.001213072806
258517	0.001457932668
258518	0.001468668182
258519	0.0008277094995
258520	0.0003088624121
258521	0.0008716935797
258522	0.0004149134909
258523	0.0009391479002
258524	0.0005059616124
258525	0.0004663322164
258526	0.0009617814245
258527	0.001853729253
258528	0.001421864479
258529	0.001539386322
258530	0.0003825936586
258531	0.001405467308
258532	0.0001826615171
258533	0.0007885833187
258534	0.001731899784
258535	0.002181710304
258536	0.001717446233
258537	0.001125510254
258538	0.0008448482698
258539	0.001489216087
258540	0.001581754406
258541	0.001396099826
258542	0.001377165271
258543	0.0007494916249
258544	0.0001776382027
258545	0.001336525253
258546	0.002060979466
258547	0.003049118876
258548	0.001141661886
258549	0.0009552242427
258550	0.001761692991
258551	0.001324968551
258552	0.0008190207303
258553	0.001280505996
258554	0.0003111828723
258555	0.001332793225
258556	0.001407163436
258557	0.001181487349
258558	0.0005472983849
258559	0.001863294832
258560	0.001059881102
258561	0.001544401581
258562	0.0008029287797
258563	0.00190732958
258564	0.002077109449
258565	0.000625857108
258566	0.00149606056
258567	0.00182340656
258568	0.001967556314
258569	0.001170822106
258570	0.001090369118
258571	0.001406939769
258572	0.00132967096
258573	0.001730052163
258574	0.0007932035718
258575	0.001936017097
258576	0.001029759786
258577	0.001101576229
258578	0.0006811249181
258579	0.0017259611
258580	0.001106508653
258581	0.001236001087
258582	0.0006071109855
258583	0.001055277628
258584	0.0008370695508
258585	0.0003494057374
258586	0.0001813536933
258587	0.002395954704
258588	0.0004633750808
258589	0.0002408766306
258590	0.001829930399
258591	0.001330051362
258592	0.001038485074
258593	0.001336139366
258594	0.001374995679
258595	0.001083760576
258596	0.0007926835449
258597	0.0006994463164
258598	0.00149021755
258599	0.001398925217
258600	0.001018027831
258601	2.915241877e-05
258602	0.0002697922161
258603	0.001041004733
258604	0.0002815625801
258605	0.0005397602999
258606	0.001349105862
258607	0.0004608085059
258608	0.002212730562
258609	0.001890693456
258610	0.00250815646
258611	0.0004769383808
258612	0.0002483866304
258613	0.001033937452
258614	0.0048858446
258615	4.646837608e-05
258616	0.001160165007
258617	0.0004866414908
258618	0.003263664425
258619	0.002108219961
258620	0.001093744995
258621	0.0004248465082
258622	0.002642965904
258623	0.001062677301
258624	0.0003071483355
258625	0.001255267558
258626	0.001705230262
258627	0.0025236687
258628	0.0007963775588
258629	0.001906821979
258630	0.00125220637
258631	0.00125306217
258632	0.001429954037
258633	0.0008420919606
258634	0.002951200309
258635	0.0024178646
258636	0.001516270266
258637	0.001881765781
258638	0.000762867125
258639	0.002057054226
258640	0.0002265428329
258641	0.0005011701602
258642	0.001410793207
258643	0.002219766273
258644	0.0008094474848
258645	0.002292895768
258646	0.001673232512
258647	0.006264929299
258648	0.001382324605
258649	0.001617805161
258650	0.002307486092
258651	0.001399278263
258652	0.0001108942581
258653	0.0007153416467
258654	0.002346216896
258655	0.001700403512
258656	0.002605271006
258657	0.000249775803
258658	0.002271273196
258659	0.0006294663491
258660	0.003375030457
258661	0.001416525611
258662	0.001283240715
258663	0.000803916668
258664	0.0006147800754
258665	0.001701538088
258666	0.0008469851945
258667	0.0004932840845
258668	0.0004520038173
258669	0.001989216571
258670	0.001192788915
258671	0.001328923007
258672	0.0003721641953
258673	0.001277017272
258674	0.0001428047722
258675	0.0002798549682
258676	0.0008233930996
258677	0.001285171527
258678	0.0003455213264
258679	0.001634252057
258680	0.002142134288
258681	0.001660729762
258682	0.001129085714
258683	0.001403633412
258684	0.0005224213356
258685	0.000192133263
258686	0.001691559268
258687	0.001481594556
258688	0.002177571029
258689	0.001270789046
258690	0.0001232002779
258691	0.0008446940731
258692	0.00134087437
258693	0.0008892998585
258694	0.0007770318567
258695	0.0002956229537
258696	0.001616573737
258697	0.0005837185433
258698	0.00162835275
258699	8.923081085e-05
258700	0.0005606678606
258701	0.001313441565
258702	0.001533542572
258703	0.002331085395
258704	0.0001491321686
258705	0.0005936138179
258706	0.0006802515167
258707	0.0009596856629
258708	0.0009932956164
258709	0.000866997333
258710	0.001507973481
258711	0.0009789969256
258712	0.001214744666
258713	0.001072980483
258714	0.0005410958152
258715	0.0004844979733
258716	0.001459732869
258717	0.001103890338
258718	0.00101773309
258719	0.001159599096
258720	0.0009055154137
258721	0.0004617648337
258722	0.001207020258
258723	0.00203520852
258724	0.001698524344
258725	0.002134251015
258726	8.387027317e-05
258727	0.0009343857427
258728	0.002446576916
258729	0.0003988410303
258730	0.001781593746
258731	0.001600688005
258732	0.0006963520081
258733	0.0008748867927
258734	0.0008260127819
258735	0.002258554895
258736	0.0008704816187
258737	0.001282791898
258738	0.001025871973
258739	8.384878991e-05
258740	0.001265060256
258741	0.001052897773
258742	0.0005025266107
258743	0.0007202261347
258744	0.002015679624
258745	0.0008274571746
258746	0.0003668213278
258747	0.0009552902227
258748	0.001914091949
258749	0.000440189018
258750	0.0009437924187
258751	0.0002450889561
258752	0.001457160427
258753	0.0007079005728
258754	0.0009378272352
258755	0.0005339005364
258756	0.001219466096
258757	0.0009066984063
258758	0.0009854199739
258759	0.001533977715
258760	0.0007875458513
258761	0.0005776762657
258762	0.001215911297
258763	0.001218465026
258764	0.00145082841
258765	0.000376140661
258766	0.0004064693124
258767	0.0004966222349
258768	0.001955629846
258769	0.001281275717
258770	0.0008606546511
258771	0.0008901059938
258772	0.0009303486372
258773	0.0006888197527
258774	0.002319725301
258775	5.195965139e-05
258776	0.00157506475
258777	0.000809541162
258778	0.0009876611829
258779	0.001936767686
258780	0.0003674835304
258781	9.524526267e-05
258782	0.001604123663
258783	0.0004403693529
258784	0.0007405673166
258785	0.0008829293183
258786	0.0007798727409
258787	0.001092485822
258788	0.0002584834745
258789	0.0001409626555
258790	0.001074111316
258791	0.0008603160423
258792	0.0008389776238
258793	0.00242797263
258794	0.0001024244982
258795	0.001263222084
258796	0.0008908286589
258797	0.002414755462
258798	0.0003974048916
258799	0.0012048408
258800	0.0007609796819
258801	0.0009341585353
258802	0.001269987162
258803	0.001473685673
258804	0.0003022162498
258805	0.001676154752
258806	0.002152155532
258807	0.001342967292
258808	0.0009185915432
258809	0.0007504899734
258810	0.0007940210554
258811	0.001641697203
258812	0.0002449916194
258813	0.001242237311
258814	0.001109574871
258815	0.001940798807
258816	0.000642293268
258817	0.0008807190389
258818	0.0007925415119
258819	0.001787362248
258820	0.001038477088
258821	0.0001656151886
258822	0.0009601983233
258823	0.0006562045153
258824	0.001015757508
258825	0.001080306721
258826	0.001541446379
258827	0.0006273772587
258828	0.00192457451
258829	0.001464041618
258830	0.0009485883076
258831	0.00053957584
258832	0.001242009644
258833	0.001336589253
258834	0.001114004652
258835	0.001046806101
258836	0.002085335565
258837	0.002521135163
258838	0.0003336886811
258839	0.001437249818
258840	0.001596598336
258841	0.001044664673
258842	0.001749919803
258843	0.0005499833032
258844	0.0001411582393
258845	0.00110992148
258846	0.0007112761073
258847	0.001458356992
258848	0.0005983979144
258849	0.00100527317
258850	0.00155145787
258851	0.001632272435
258852	0.0007798172491
258853	0.001290374908
258854	0.0012901766
258855	5.15270775e-06
258856	0.001614232496
258857	0.001389500808
258858	0.0006403219484
258859	0.0005768016666
258860	0.0005183300827
258861	0.002570309439
258862	0.003246344428
258863	0.001030551523
258864	0.001684603048
258865	0.001679005896
258866	0.001704115346
258867	0.001654811839
258868	0.0001498028137
258869	0.0003660008019
258870	0.001536517362
258871	0.0009789246482
258872	0.002316862251
258873	0.0007858470847
258874	0.0007152096071
258875	0.0008409396774
258876	0.0004275062544
258877	0.001192414486
258878	0.001928622252
258879	0.0008311950959
258880	0.0002769382811
258881	0.0004669553704
258882	0.0008433496912
258883	0.000381963357
258884	0.0004139558414
258885	0.001984356858
258886	0.0002191729725
258887	0.001109281891
258888	0.0009864259151
258889	0.001604806071
258890	0.002028239647
258891	0.00017510929
258892	0.0009917730827
258893	0.001098077365
258894	0.0004107180135
258895	0.001635933289
258896	0.00197518905
258897	0.00104144226
258898	0.002157460418
258899	0.00117558811
258900	0.0008573516979
258901	0.001237078117
258902	0.002397133171
258903	0.0002850998195
258904	0.001667704949
258905	0.0002017461296
258906	0.0008564245951
258907	0.0003965693348
258908	0.0007813190886
258909	0.001424933031
258910	0.0007972372141
258911	0.0001743101938
258912	2.424897891e-05
258913	0.001918633959
258914	0.0004432083855
258915	0.0007885241346
258916	0.0004872800131
258917	0.001139282923
258918	0.0009022906314
258919	0.001382558429
258920	0.0003557604756
258921	0.002365592237
258922	0.0001537288184
258923	0.001202863995
258924	0.0003458816312
258925	0.0006389134152
258926	0.0004317029544
258927	0.001070700417
258928	0.001462560951
258929	0.0005047673699
258930	0.00134117787
258931	0.001582942342
258932	0.0009032289939
258933	0.0009831440336
258934	0.0003531968661
258935	7.566036129e-05
258936	0.0009755212508
258937	0.00076276093
258938	0.0006581396022
258939	5.597180057e-05
258940	0.0005805798887
258941	0.00156890717
258942	0.001442267523
258943	0.001374432657
258944	0.002665362017
258945	0.00122059136
258946	0.001927414705
258947	0.001434708339
258948	0.001652888154
258949	0.001219488744
258950	0.0003587572381
258951	0.002092232859
258952	0.00112346676
258953	0.0009583864345
258954	0.0003526766491
258955	0.001057377834
258956	0.0006820904426
258957	0.001350336334
258958	0.00134040716
258959	0.0008731436933
258960	0.001820005402
258961	1.874494249e-05
258962	0.001949339751
258963	0.002091542307
258964	0.002342727705
258965	0.00131597123
258966	0.0007876143427
258967	0.0004101006831
258968	0.0001700622417
258969	0.001500000001
258970	0.001381304016
258971	0.0005040756447
258972	0.001126243182
258973	0.0009920838185
258974	0.0005535084801
258975	0.0004541120029
258976	0.001271429511
258977	0.0003614346421
258978	0.002099377166
258979	0.0008943337839
258980	0.002539660172
258981	0.0004596070875
258982	0.0005855904935
258983	2.898417349e-05
258984	0.000904599765
258985	0.001633713972
258986	0.0006329842586
258987	0.0007156397166
258988	0.001013102833
258989	0.001412682006
258990	0.001747724659
258991	0.0004059971558
258992	0.002147765749
258993	0.001633268533
258994	0.0006872859693
258995	0.002482364066
258996	0.0009262926473
258997	4.624279049e-05
258998	0.0005215172903
258999	0.0009085588705
259000	0.001686896487
259001	0.001059355769
259002	0.0008350006072
259003	0.0002557003508
259004	0.001452914596
259005	0.0007403084532
259006	0.0009978890438
259007	0.001976217131
259008	0.001534717542
259009	0.002815640609
259010	0.0004584442661
259011	0.001224212413
259012	0.0002962783541
259013	0.001558651776
259014	0.001213424198
259015	0.0009789411377
259016	0.0004729057127
259017	0.001273970911
259018	0.001406126313
259019	0.0002276984912
259020	0.001910473433
259021	0.0008716632783
259022	8.50094005e-05
259023	0.0007068617665
259024	0.0011038782
259025	0.0006090774431
259026	0.002865273707
259027	0.001393959446
259028	0.001974531026
259029	0.001615114547
259030	0.002010406749
259031	0.001357699764
259032	0.0005686848238
259033	0.00127884973
259034	0.001634159301
259035	0.001430183005
259036	0.0002162718171
259037	0.002596562484
259038	0.000487030442
259039	0.0006691151693
259040	0.001892040606
259041	0.001641201907
259042	0.001045566249
259043	0.001141814519
259044	0.001249638565
259045	0.0001701987556
259046	0.001227603026
259047	0.001241038542
259048	0.0005184388949
259049	0.002069583568
259050	0.0007798548096
259051	0.0005361451109
259052	0.001618989558
259053	0.001816848149
259054	0.001149041173
259055	0.0008920849703
259056	0.0006704493772
259057	0.0008269986519
259058	0.000204177717
259059	0.001619053917
259060	0.0001348376528
259061	0.0009809512854
259062	0.001118869263
259063	0.0007234506355
259064	0.001018212172
259065	0.00128385961
259066	0.0004598600439
259067	0.001618274529
259068	0.001477405186
259069	0.001968443792
259070	0.0009147909743
259071	0.001294107228
259072	0.003069760813
259073	0.0009458772478
259074	0.001067697517
259075	0.001247323544
259076	0.0007548416389
259077	0.002988880432
259078	0.002062151303
259079	0.001598880134
259080	0.0002858286869
259081	0.0006227036744
259082	0.0009225883779
259083	0.002415166901
259084	0.0007624976668
259085	0.001586867372
259086	0.0005467170918
259087	0.001358542396
259088	0.001126493033
259089	0.0005641270586
259090	0.001823162954
259091	0.00169262762
259092	0.001024308624
259093	0.001013561443
259094	0.0006539727116
259095	0.0008958148295
259096	0.001977499764
259097	0.002773157026
259098	0.001764417928
259099	0.001830420013
259100	0.001100901048
259101	0.0004951941618
259102	0.001511824538
259103	0.001422902932
259104	0.0008644229192
259105	0.002413050011
259106	0.001731291606
259107	4.298850426e-05
259108	0.001947508625
259109	0.001571624187
259110	0.001852075722
259111	0.00102990797
259112	0.001004788322
259113	0.001128482767
259114	0.0008429397225
259115	0.001383676377
259116	0.0003470514642
259117	0.001177168187
259118	0.001688066207
259119	0.001370966093
259120	0.001702785041
259121	0.001736586641
259122	0.0007795186338
259123	0.001926837184
259124	0.001218688424
259125	0.0004076961613
259126	0.001042313723
259127	0.0009391128261
259128	0.002100593164
259129	0.001371161975
259130	0.0004385647028
259131	0.002297664273
259132	0.00217635537
259133	0.001445503734
259134	0.0006924308309
259135	0.001252603603
259136	0.000994817713
259137	0.001215781479
259138	0.000839972307
259139	0.0005315029658
259140	0.001324090959
259141	0.001418069047
259142	0.0007069887114
259143	0.0005735323231
259144	0.0005436784671
259145	0.0007442234907
259146	0.001882578853
259147	0.0007590360784
259148	0.0002249823819
259149	0.00262674327
259150	0.001050127
259151	0.001457133684
259152	0.001242321351
259153	0.001080853579
259154	0.001176391894
259155	0.0009058293728
259156	0.002048158798
259157	0.0003745783816
259158	0.001015044492
259159	0.0002000974107
259160	0.0005041570519
259161	0.001344288854
259162	0.002029976902
259163	0.00141875739
259164	0.002767112031
259165	0.001002698458
259166	0.0007398380155
259167	0.001590389688
259168	0.001316630648
259169	0.001853188334
259170	0.00141842847
259171	0.001339252395
259172	0.0007521419377
259173	0.002085177575
259174	0.001539425979
259175	0.001514780183
259176	0.0009871335658
259177	0.001643385028
259178	0.0007377581953
259179	0.0006744047509
259180	0.0005115298043
259181	0.001986832492
259182	0.0004990432219
259183	0.001035957029
259184	0.001237094766
259185	0.001390613667
259186	0.00042013866
259187	0.0005080203415
259188	0.0010330575
259189	0.001306204145
259190	0.001362166235
259191	0.002059648587
259192	0.00111055992
259193	0.001456796172
259194	0.0009639093585
259195	0.001266775372
259196	0.001675934084
259197	0.0007617145794
259198	0.0003667910311
259199	0.0008282578897
259200	0.00173757812
259201	0.001970731739
259202	0.0009890965491
259203	0.00222554506
259204	0.001921350394
259205	0.001512080165
259206	0.0006198662619
259207	0.002660127573
259208	0.001919168569
259209	0.001228497728
259210	0.0004805630467
259211	0.0005580470049
259212	0.001571386979
259213	0.0009694744451
259214	0.0004185494339
259215	0.00218340316
259216	0.0009853563832
259217	0.001283507153
259218	0.001527040417
259219	0.001441712031
259220	0.001094202821
259221	0.003334943701
259222	0.00275851107
259223	0.0008306170857
259224	0.0006994495254
259225	0.0009534659722
259226	0.002290172391
259227	0.0003129947619
259228	0.001877221025
259229	0.001335034315
259230	0.0006379523153
259231	0.001119446548
259232	0.0004966186227
259233	0.001161051926
259234	0.002352954623
259235	0.001416129853
259236	0.001536243208
259237	0.001450982217
259238	0.001659878509
259239	0.00184434208
259240	0.002240120529
259241	0.00107040258
259242	0.002326878958
259243	0.001237052643
259244	0.00112812832
259245	0.001170058565
259246	0.00116476717
259247	0.0002241765545
259248	0.0007202459145
259249	0.001030384441
259250	0.001773239737
259251	0.001615622659
259252	0.0008798984588
259253	0.0007639961395
259254	0.001837031641
259255	0.0006757427526
259256	0.001076344906
259257	0.001145965423
259258	0.0009415054655
259259	0.002461069536
259260	0.0008425000644
259261	0.001668899826
259262	0.0004246348707
259263	6.242835898e-05
259264	0.002587732538
259265	0.001986354992
259266	0.000899081516
259267	0.0001480120958
259268	0.0004261971714
259269	0.001622384898
259270	0.0006878975816
259271	0.0004643345859
259272	0.000283356235
259273	0.001078111577
259274	0.002023935693
259275	0.001115738221
259276	9.51557297e-05
259277	0.0008792037936
259278	0.001220933026
259279	0.0004139188903
259280	0.001876787686
259281	0.00128296062
259282	0.001366107348
259283	0.0007738548419
259284	0.001045424663
259285	0.0002024675987
259286	0.001156842133
259287	0.0009233682534
259288	0.0002592993992
259289	0.001012668559
259290	0.0006004809843
259291	7.449955248e-05
259292	0.0008841591727
259293	0.001051222117
259294	0.0008717341126
259295	0.0006727399978
259296	0.001063030139
259297	0.001975287688
259298	0.001052992309
259299	0.001496058575
259300	0.001669800093
259301	0.001470422286
259302	0.0008025490747
259303	0.001093858478
259304	6.102184193e-05
259305	0.001510631577
259306	0.001493885132
259307	0.00108819705
259308	0.002086342234
259309	0.001847834844
259310	0.00133525543
259311	0.0009980070503
259312	0.001005669786
259313	0.001076759248
259314	0.0001739885807
259315	0.001589332024
259316	0.001150495588
259317	0.0005807762488
259318	0.0005636034103
259319	0.0002456724407
259320	0.0005327216706
259321	0.0009535077823
259322	0.0006833197413
259323	0.0005294505733
259324	0.001524245805
259325	0.001465539332
259326	0.002399658869
259327	0.00138933724
259328	0.0008819466782
259329	0.0006925529056
259330	0.001344843525
259331	0.001304181208
259332	0.001310217851
259333	0.002994043406
259334	0.0001868642645
259335	0.002186594207
259336	0.0002248469634
259337	0.0001479407014
259338	0.001428794693
259339	0.00108506106
259340	0.001251711734
259341	0.0008539620318
259342	0.000390525993
259343	0.003110076456
259344	0.0008182032558
259345	0.001403407282
259346	0.0006100111474
259347	0.0006891269147
259348	0.002291381401
259349	0.001038386932
259350	0.00137895665
259351	0.00175133351
259352	0.0008286315421
259353	0.001558860241
259354	0.0003383987857
259355	0.001492172665
259356	0.001559923701
259357	0.0003234286366
259358	0.001132181207
259359	0.001988816078
259360	0.002451127126
259361	0.0007214340022
259362	0.0002312496684
259363	0.001011917516
259364	3.919863241e-06
259365	0.002675116456
259366	0.0009458331881
259367	0.001561817584
259368	0.001164811866
259369	0.001703188467
259370	0.001958428533
259371	0.0003576053428
259372	0.0009393305527
259373	0.001016491087
259374	0.0009024932156
259375	0.0001201246546
259376	0.001350988483
259377	0.001910174057
259378	0.0003594040539
259379	0.0001540134485
259380	0.0009558101927
259381	0.001411950083
259382	0.001027763441
259383	0.0004051073747
259384	0.000225675271
259385	0.001778569355
259386	0.000373877766
259387	0.0008940071627
259388	0.0002310230811
259389	0.0007781068505
259390	0.001099534143
259391	0.001578956224
259392	0.0008106823841
259393	0.0006778209045
259394	0.0006694905648
259395	0.002220431412
259396	0.0004352273646
259397	0.0007275251563
259398	0.001571657914
259399	0.001490226245
259400	0.001836043903
259401	0.0007154060506
259402	0.0006224390624
259403	0.00213542213
259404	0.001214626484
259405	0.002321228011
259406	0.000171429142
259407	0.0007143981369
259408	0.001566079277
259409	0.0005059000561
259410	0.0008597061059
259411	0.001739137968
259412	0.0001647874035
259413	0.0009873140053
259414	0.001178949412
259415	0.001553010425
259416	0.002010603764
259417	0.0009896282188
259418	0.000194651529
259419	0.001809742891
259420	0.0006867069358
259421	0.0004819121712
259422	0.002080698368
259423	8.218938414e-05
259424	0.001401478376
259425	0.0006383604501
259426	0.001640999544
259427	0.0007475115698
259428	0.001378055719
259429	0.001288273784
259430	0.001247913163
259431	0.0006112411205
259432	0.002280866662
259433	0.0003553142303
259434	0.000528054763
259435	0.0008996331862
259436	0.003342914352
259437	0.000588901908
259438	8.044899576e-05
259439	0.001272055557
259440	0.0002550092306
259441	0.001533941338
259442	0.002008615844
259443	0.001389384053
259444	0.0008412231747
259445	0.00183917912
259446	0.000113005217
259447	0.0006182681453
259448	0.00140799565
259449	0.0004550661898
259450	0.00109564767
259451	0.001318144884
259452	0.0003761180824
259453	0.0008997509958
259454	0.001490194352
259455	0.001122187757
259456	0.001494096924
259457	0.0005461713899
259458	0.0003382405819
259459	0.0001613192028
259460	0.002563753352
259461	0.0009352723757
259462	0.0002400822092
259463	0.0007221678622
259464	0.0007489614885
259465	0.001619043915
259466	0.001347779051
259467	0.001109451736
259468	0.0006140392201
259469	0.0001008927023
259470	0.001106870792
259471	0.0006787011305
259472	0.0006555041745
259473	0.00190037089
259474	0.001230016838
259475	0.001367271834
259476	0.0001447908575
259477	0.0004512725114
259478	0.0006528762828
259479	0.001330304951
259480	0.001045229173
259481	0.002421763116
259482	0.0004554831169
259483	0.001705894627
259484	0.0003074373276
259485	0.002246852324
259486	0.001116010452
259487	0.001332271562
259488	0.0005930120624
259489	0.001220501352
259490	0.000839111851
259491	0.001236563716
259492	0.001164348174
259493	0.0002265005798
259494	0.0009978796851
259495	0.001333010435
259496	0.0006050476843
259497	0.0009383152031
259498	0.001663323744
259499	0.0007463320669
259500	0.0003574236429
259501	0.001104817625
259502	0.0008698801603
259503	0.001132868734
259504	0.002003036525
259505	0.001557024997
259506	0.0007090928954
259507	0.0009852823107
259508	0.0005366322167
259509	0.0007983583079
259510	0.001593629084
259511	0.0009576493851
259512	0.00102946634
259513	0.002858483461
259514	0.0008090065005
259515	0.0005095012284
259516	0.001070325577
259517	0.002171251372
259518	0.00178413241
259519	0.002059393997
259520	0.0003540093314
259521	0.0009837780991
259522	0.001203096215
259523	0.003189903513
259524	0.0005212061083
259525	0.001716603192
259526	0.0001533117445
259527	0.0006368810902
259528	0.002349729571
259529	0.0008480772534
259530	0.002059338924
259531	0.002255077233
259532	0.0017518625
259533	0.001809142697
259534	0.001854047121
259535	0.001046796027
259536	0.0008672537747
259537	0.0007352932327
259538	0.0007756300696
259539	0.001020740864
259540	0.0009830565101
259541	0.001179749925
259542	0.002300583829
259543	0.001321520379
259544	0.002457737081
259545	0.001853500752
259546	0.000623130785
259547	0.001081848293
259548	0.0001241254126
259549	0.001694602889
259550	2.552827943e-05
259551	0.0009584715251
259552	0.0008876038564
259553	0.0004366146517
259554	0.0004300198863
259555	0.001143267163
259556	0.001046201151
259557	0.001731898225
259558	0.001495042381
259559	0.0003212897412
259560	0.002464530018
259561	5.386040608e-05
259562	0.0003813676065
259563	0.0006701162627
259564	0.001272768949
259565	0.0008462897154
259566	0.002358654193
259567	0.0009306003423
259568	0.0003479372398
259569	0.0006971700998
259570	0.001591423573
259571	0.001585856542
259572	0.0012720542
259573	0.001331380872
259574	4.633336914e-05
259575	0.0008088413527
259576	0.0002825834376
259577	0.001156990529
259578	0.0004257020641
259579	0.001658507312
259580	0.001212232466
259581	0.001561089268
259582	0.001309121001
259583	0.001807684177
259584	0.0008398029672
259585	0.002421375825
259586	0.0006682874501
259587	0.0005307758357
259588	0.002398331449
259589	0.0007980524898
259590	7.815204214e-05
259591	0.0004108250579
259592	0.001152039326
259593	0.0006059561227
259594	0.002605222987
259595	0.001426467129
259596	0.001168164235
259597	0.0004643651138
259598	0.001767948414
259599	0.0007278710446
259600	0.001351514538
259601	0.001384323436
259602	0.0005778931546
259603	0.001804742723
259604	0.002035927428
259605	0.001093827214
259606	0.00105994896
259607	0.001108170614
259608	0.001000607181
259609	0.0007448869505
259610	7.430202342e-05
259611	0.001079338724
259612	0.001448278647
259613	0.0008190860908
259614	0.001751199185
259615	0.001597411183
259616	0.001178040624
259617	0.0008707055688
259618	0.001156526345
259619	0.001254096823
259620	6.489673384e-05
259621	0.0009539681504
259622	0.001043541824
259623	0.0007939124721
259624	0.0010011988
259625	0.0005086724147
259626	0.0007407552132
259627	0.001218044697
259628	0.001298544527
259629	0.0008793411038
259630	3.938137808e-05
259631	0.0007522410135
259632	0.0009045979178
259633	0.001121845904
259634	0.0002028681235
259635	0.001065963534
259636	0.001085851487
259637	0.001151730455
259638	0.001341369579
259639	0.001807567494
259640	0.001147051668
259641	0.00171033248
259642	0.0008746653242
259643	0.002280427071
259644	0.001621008305
259645	0.0008943876605
259646	0.0003417494289
259647	0.0008237097152
259648	0.001184560078
259649	0.001056754905
259650	0.002226306796
259651	0.0009901665045
259652	0.001418106105
259653	0.001065680726
259654	0.0009227588719
259655	0.0003789666361
259656	0.001200050596
259657	0.0005066845685
259658	0.0005211667787
259659	0.0004607491912
259660	0.0011113833
259661	0.0004469443193
259662	0.002465263162
259663	0.0006045591805
259664	0.0001746495403
259665	0.0005466651139
259666	0.0003645961331
259667	0.002046557683
259668	5.798279045e-05
259669	0.0008659398917
259670	0.001401803598
259671	0.001433419258
259672	0.0006887258778
259673	0.001251038925
259674	0.0009112032521
259675	0.00132253419
259676	0.001290982992
259677	0.000597166872
259678	0.001119557273
259679	0.000456417209
259680	0.00116099922
259681	0.0008901020296
259682	0.0001162598055
259683	0.001477466052
259684	0.00143788987
259685	0.001312872748
259686	0.0006900303162
259687	0.0007222288616
259688	0.001469876479
259689	0.0009226631105
259690	0.0008830319865
259691	0.001141873906
259692	0.000506946005
259693	0.0008486728592
259694	0.0007698288338
259695	0.001112191996
259696	0.0009751995127
259697	0.0001766101169
259698	0.0002368479322
259699	0.0005151199685
259700	0.001059634088
259701	0.0002932110118
259702	0.0007522878127
259703	0.0008716636253
259704	0.001406027124
259705	1.284443751e-05
259706	0.0001519315982
259707	0.0005209114078
259708	0.0009184437502
259709	0.0007980753346
259710	0.001489998099
259711	0.001096453726
259712	0.001967339533
259713	8.082806823e-05
259714	0.001377746509
259715	0.001394732283
259716	0.000249258512
259717	0.00117400117
259718	0.001392269691
259719	0.001043849314
259720	0.002610960338
259721	0.0002915140035
259722	0.0009516198437
259723	0.0006730917273
259724	0.0001343411428
259725	0.001118217248
259726	0.0005758427232
259727	0.0007040173953
259728	0.002185650848
259729	0.001174941656
259730	0.001371381058
259731	0.0004689955918
259732	0.000306708962
259733	0.001372024063
259734	0.001022076124
259735	0.0003652246992
259736	0.001293012664
259737	0.0007129245992
259738	0.0006512734306
259739	0.001920070761
259740	0.0004094407134
259741	6.886279983e-05
259742	0.001440306719
259743	0.001142229251
259744	0.001265463119
259745	0.002140937011
259746	0.0002237585028
259747	0.0001233087257
259748	0.001720064636
259749	0.0007224464366
259750	0.0002367128462
259751	0.001677544798
259752	0.001082651962
259753	0.001558002486
259754	4.561698499e-05
259755	0.002676957105
259756	0.001324768114
259757	0.001674944684
259758	0.0008366933003
259759	0.001062824256
259760	0.001260619394
259761	0.0009527899745
259762	0.001926871458
259763	0.00138405664
259764	0.001344972086
259765	0.001658280828
259766	0.0004335884109
259767	0.0006074079143
259768	0.0006575456678
259769	0.001730826786
259770	0.0005941752052
259771	0.0002984085848
259772	0.0002695603888
259773	0.001648979309
259774	0.0007728458316
259775	0.0005262799361
259776	0.0004720728531
259777	0.0004490435978
259778	0.0006141450275
259779	0.0003965695192
259780	0.002268424745
259781	0.000597233428
259782	0.0003399588035
259783	0.001039337446
259784	0.0005197320419
259785	0.0009671061715
259786	0.0004290890852
259787	0.0004923362843
259788	0.0008031614405
259789	0.0008975482185
259790	0.00270588056
259791	0.0009980476913
259792	0.0008381855627
259793	0.001475873513
259794	0.0006426586844
259795	0.00111096102
259796	0.001106368139
259797	0.002368230114
259798	0.0004954296701
259799	0.00159499569
259800	0.00160574764
259801	0.002627491946
259802	0.0002059992601
259803	0.001019239266
259804	0.001369061239
259805	0.0004656613974
259806	0.001191974394
259807	0.0002070042369
259808	0.00150321722
259809	0.0001152036389
259810	0.00255206471
259811	0.001823937967
259812	0.0005351604539
259813	0.001597526551
259814	0.001057536202
259815	0.001189225818
259816	0.0001194232612
259817	0.001531684191
259818	0.0006153771651
259819	0.0008670588718
259820	0.001159517711
259821	0.0005013315363
259822	0.0007719444165
259823	0.0005695991156
259824	0.001152528276
259825	0.0006778703179
259826	0.001145022657
259827	0.0001802493741
259828	0.0003535959914
259829	9.308907268e-05
259830	0.001225444224
259831	0.0004994877934
259832	0.001013176133
259833	0.001097769822
259834	0.001312221889
259835	0.0008441552537
259836	0.0007392764554
259837	0.001319203605
259838	0.002636313957
259839	0.0007087516339
259840	0.0001527229026
259841	0.0006008042522
259842	0.0003225506152
259843	0.0006206939547
259844	0.0008667759642
259845	0.0005977012133
259846	0.0009881957479
259847	6.062622974e-05
259848	0.0004420539086
259849	0.001047570506
259850	0.00229586327
259851	0.001738062005
259852	0.002103577758
259853	0.001586086477
259854	0.001874153456
259855	0.001027321325
259856	0.0003683182645
259857	0.000933228191
259858	0.0004949406393
259859	0.0001421938245
259860	0.001475719704
259861	0.00169522171
259862	0.001243552655
259863	0.001255195891
259864	0.0006778646228
259865	0.0005086463293
259866	0.001638830269
259867	0.001910858347
259868	0.0003013780995
259869	0.000272360493
259870	0.0007943206515
259871	0.0008074793361
259872	0.001759624986
259873	0.00194118596
259874	0.0004507200618
259875	6.472443563e-05
259876	0.0004187055724
259877	0.0013671004
259878	0.0006908853943
259879	0.0007011011725
259880	0.0007896378545
259881	0.00090483075
259882	0.0008814679126
259883	0.0005127128099
259884	0.0007463904745
259885	0.0009255663905
259886	0.001186802492
259887	0.0002566780008
259888	0.0003052417474
259889	0.0001878444949
259890	0.0007548100726
259891	0.000645700324
259892	0.001966534109
259893	0.00172628815
259894	0.002132960306
259895	0.002099117267
259896	0.0004730771996
259897	0.001153857117
259898	0.0005952076527
259899	0.0004600219194
259900	0.0002982053893
259901	0.0003130791103
259902	0.000700894946
259903	0.001227347288
259904	0.000534865651
259905	0.001804800578
259906	0.0007376428013
259907	0.0004540706417
259908	0.001513717268
259909	0.001704573024
259910	0.001286728842
259911	0.001782061227
259912	0.0002378865394
259913	0.001521437709
259914	0.0006928272945
259915	0.00100188927
259916	0.001748076975
259917	0.0003181168098
259918	0.0008794796684
259919	0.001461054165
259920	0.001893729051
259921	0.0007077689346
259922	0.001591529393
259923	0.001389071383
259924	0.001728615166
259925	0.0002172442716
259926	0.002462355939
259927	0.001783202438
259928	0.0002436460517
259929	0.0004536623917
259930	0.0006555690748
259931	0.001019551233
259932	0.0005663715681
259933	0.0009568762912
259934	0.0005400449852
259935	0.0001814567005
259936	0.0009523528078
259937	0.0006068112561
259938	0.001520847047
259939	0.00373505043
259940	0.0006481623386
259941	0.0005440367914
259942	0.0001950801368
259943	0.001395894614
259944	0.001420119075
259945	0.001480465491
259946	0.001266902541
259947	0.001003446694
259948	0.0009062197969
259949	0.0001262035975
259950	0.0002932966354
259951	0.001315507872
259952	0.0003037870669
259953	0.001286514987
259954	0.001115943183
259955	0.001651722234
259956	0.0002436660703
259957	0.0006062000261
259958	0.001671073162
259959	0.0006781665606
259960	0.000715192104
259961	0.002571141373
259962	0.001014316656
259963	0.0006294250402
259964	0.0003928741187
259965	0.001118071211
259966	0.00281645055
259967	0.0007247993258
259968	0.0002450644794
259969	0.000144537075
259970	0.0003689751693
259971	0.001519175581
259972	0.001361408439
259973	0.001301436274
259974	0.001330803114
259975	0.0003975464822
259976	0.0003821172014
259977	6.450044361e-06
259978	0.0006163187952
259979	0.001420033949
259980	0.0004639293071
259981	0.001123484841
259982	0.0002925202203
259983	0.001350456194
259984	0.0001596216387
259985	0.0009789141503
259986	0.0001529380009
259987	0.0005106798166
259988	2.955185517e-05
259989	0.0008001349227
259990	0.001410862977
259991	0.0009904033288
259992	0.002425366665
259993	0.0009188279851
259994	0.001109216086
259995	3.47116559e-05
259996	0.001060310634
259997	0.0006773690527
259998	0.0004182239073
259999	0.0006439695168
260000	0.0008969639615
260001	0.001849552734
260002	0.001430220785
260003	0.001570553464
260004	0.001778834593
260005	0.001114604446
260006	0.0006090005533
260007	0.001845559964
260008	0.0003780739333
260009	0.00113549535
260010	0.001094785368
260011	1.938581634e-05
260012	0.001952304507
260013	3.818257951e-05
260014	0.002716280413
260015	0.00080505699
260016	0.0003307720077
260017	0.0005764655496
260018	0.0005011546012
260019	0.0009492443863
260020	0.0009962320227
260021	0.0007320197264
260022	0.0008530780123
260023	0.0006596578452
260024	0.001002632797
260025	0.0008506937531
260026	0.0003448104631
260027	0.001390867047
260028	0.0002416589507
260029	0.001282654622
260030	0.000355514515
260031	0.0003845556651
260032	5.035611723e-06
260033	0.0003150138318
260034	0.0006983634315
260035	0.0008336007691
260036	0.001051095556
260037	0.0005083333516
260038	7.831418597e-05
260039	0.0009049829153
260040	0.0008508134625
260041	0.0007428680412
260042	0.0001991766891
260043	0.000682016527
260044	0.000828053446
260045	0.0006261890562
260046	0.00157584362
260047	0.0007243911798
260048	0.001777848835
260049	0.001381854657
260050	0.000119388121
260051	0.0004035102258
260052	0.00209888177
260053	0.0005458412479
260054	0.001016117192
260055	0.001069941731
260056	0.001790977223
260057	0.0008839353705
260058	0.001788647171
260059	0.001091780002
260060	0.0006105117928
260061	0.001401987216
260062	0.0006037297187
260063	0.0006312898327
260064	0.0007367655247
260065	0.001258747886
260066	0.0008584717102
260067	0.0006452839378
260068	0.001131337357
260069	0.0008223080424
260070	0.001067426752
260071	0.001270511379
260072	0.0008029083566
260073	0.0001099143772
260074	0.0006263769605
260075	0.001734334963
260076	0.00121709134
260077	0.001812778078
260078	0.0005070804403
260079	0.002347029468
260080	0.001238397234
260081	0.0001510862191
260082	0.0005904400395
260083	0.001317324315
260084	0.001052734413
260085	0.0006319246562
260086	0.0008486736592
260087	0.001942772472
260088	0.0001503194054
260089	2.175089492e-05
260090	0.002158066899
260091	0.0006676312887
260092	0.0003012546206
260093	0.001104546877
260094	0.001594784181
260095	5.303013956e-05
260096	0.001383304788
260097	0.0009985525745
260098	0.000873461941
260099	0.0006273813536
260100	0.001467541464
260101	0.0007929090532
260102	0.0009592801945
260103	0.001040463219
260104	0.0006675100748
260105	0.0006517307079
260106	0.001391831349
260107	0.0003637039708
260108	0.0002376140953
260109	9.171512652e-05
260110	3.019485791e-05
260111	0.001770590989
260112	0.0009723866327
260113	0.0006249898017
260114	0.001806113592
260115	0.0008794525069
260116	0.001778524605
260117	0.001358488812
260118	0.002032554266
260119	0.0002143138673
260120	0.0008169432705
260121	0.0009942317452
260122	0.0001735709739
260123	0.00209366506
260124	0.0007818007435
260125	0.0009163939598
260126	0.0005381427968
260127	0.0007239575199
260128	0.0006088742416
260129	0.0009266759684
260130	0.001275127037
260131	0.0003490797826
260132	0.000528229161
260133	0.001011895899
260134	0.0007440218011
260135	0.0007291203389
260136	0.002106558914
260137	0.001186086936
260138	0.001451234163
260139	0.0002759235752
260140	0.001509334378
260141	0.001580681267
260142	0.0001473515594
260143	0.0005496798028
260144	0.0006006302132
260145	0.0002436537988
260146	0.0011399968
260147	0.001758125535
260148	6.474037054e-05
260149	0.0009510611417
260150	0.001070118265
260151	0.0006578475004
260152	0.0009430838729
260153	0.0004345154589
260154	0.0010782145
260155	0.00111172946
260156	0.0005366390394
260157	0.0002663616047
260158	0.0006577887859
260159	0.000518138405
260160	0.000698052838
260161	0.00225312459
260162	0.0005553418579
260163	0.001121166154
260164	0.0003579128702
260165	0.0005882367595
260166	0.001496438351
260167	0.001297353776
260168	0.0007529875585
260169	0.001546684229
260170	0.0007652946485
260171	0.001093504069
260172	0.0003215426226
260173	0.002316292269
260174	0.0006158167329
260175	0.002053748334
260176	0.0002759862323
260177	0.0007566020946
260178	0.001512596917
260179	0.0007525372664
260180	5.569859179e-05
260181	0.0009413765957
260182	0.000369550869
260183	0.001475409274
260184	7.143043376e-05
260185	0.0003620789114
260186	0.0007551968194
260187	8.968515495e-05
260188	0.0007866050335
260189	0.001559886243
260190	0.0007924991899
260191	0.0007319130118
260192	0.001067429071
260193	0.0002737760722
260194	8.628952903e-05
260195	0.001698420877
260196	0.0006121676245
260197	0.0006595224578
260198	0.0002593341578
260199	0.0004645720323
260200	0.0009821582159
260201	0.001267516077
260202	0.002559618718
260203	0.001738106128
260204	0.002387958887
260205	0.0002335674596
260206	0.0004888584968
260207	0.001510050157
260208	0.0002673013703
260209	0.001331022183
260210	0.0009584749594
260211	0.002280779054
260212	8.257230905e-05
260213	0.001452129564
260214	0.0003995585186
260215	0.001277127982
260216	0.0002971304606
260217	0.0005081104102
260218	2.006164177e-05
260219	0.001082420705
260220	0.0003211437084
260221	0.001724816737
260222	0.0001970701213
260223	0.0003302571827
260224	0.0002819446852
260225	0.001191581279
260226	0.0008054851426
260227	0.001930099058
260228	0.001424943298
260229	0.001016018942
260230	0.0009865034845
260231	0.00147544707
260232	0.002456327639
260233	0.001120059408
260234	0.0006261652608
260235	3.216129497e-05
260236	0.0002579249856
260237	0.000439341754
260238	0.001210104164
260239	0.001687343678
260240	0.0004486559088
260241	0.0004915602205
260242	0.001438564826
260243	0.0007554132995
260244	0.0005368608595
260245	0.00133172972
260246	0.0009457450544
260247	0.001336193117
260248	1.136551326e-05
260249	0.000720737327
260250	0.0006544356447
260251	0.0005561335917
260252	0.0004285646969
260253	0.001659120114
260254	0.0006751972483
260255	0.000552446229
260256	0.0009646878738
260257	0.0003868921025
260258	0.0009999677604
260259	0.0004039805711
260260	0.000318771303
260261	0.002232618178
260262	0.001428385361
260263	0.0002450139477
260264	0.0008453939588
260265	0.0001991252795
260266	0.0009152592985
260267	0.0004031688177
260268	0.0008849842516
260269	0.000520616416
260270	0.0004276510384
260271	0.001760975865
260272	0.000190757326
260273	0.001241678285
260274	0.001026365964
260275	0.001120179344
260276	0.0007307779916
260277	0.00130432058
260278	0.001542154409
260279	0.0001690750522
260280	0.001444190877
260281	0.0004807572475
260282	0.0002598947085
260283	0.0002903295369
260284	5.225447587e-05
260285	0.0005687346669
260286	0.0007731185379
260287	7.09629661e-05
260288	0.001976443253
260289	0.000905623291
260290	0.0002432386192
260291	0.0006973626045
260292	0.0005182690087
260293	0.000559768817
260294	0.0003785565215
260295	0.001825503472
260296	0.0001899357514
260297	0.0009038954061
260298	0.0009882741461
260299	0.0008432033636
260300	0.0001752385381
260301	0.002036736361
260302	0.002260533843
260303	0.0005347255972
260304	0.000656683613
260305	0.0008522592134
260306	0.001315946771
260307	0.002051141103
260308	0.0003858782747
260309	0.0007245370729
260310	0.0004863609678
260311	0.0001559148103
260312	0.001080127896
260313	0.0007773292841
260314	0.001853620753
260315	0.001094930466
260316	0.003912431568
260317	0.001302315294
260318	0.0009423915262
260319	0.0007620432164
260320	0.0005106125777
260321	0.001127746396
260322	0.0001380961588
260323	0.001574602412
260324	0.0009726689726
260325	0.0006734364588
260326	0.0002099058479
260327	0.0007335397125
260328	0.0008558086262
260329	0.001882002392
260330	0.0002372846213
260331	0.0001711757529
260332	0.0005843990856
260333	0.002634986956
260334	0.002174728654
260335	0.0007849969427
260336	0.0009086373737
260337	5.784658925e-05
260338	0.0003924867711
260339	0.0005501105964
260340	0.0005814104597
260341	0.0008377959627
260342	0.002636584676
260343	0.0009830498983
260344	8.634516955e-05
260345	8.130739242e-06
260346	0.0009452466099
260347	0.001534769121
260348	9.432519396e-05
260349	0.0001324621949
260350	0.0001944155212
260351	0.0002274780278
260352	0.0002213505332
260353	0.001573160987
260354	0.000432337779
260355	0.002460378584
260356	0.0009827166242
260357	0.001329225149
260358	0.002103238828
260359	0.001166953846
260360	0.001533584536
260361	0.002887366927
260362	0.002498358761
260363	0.001653564778
260364	0.001388971892
260365	0.001328516148
260366	0.0008679091384
260367	4.765182552e-05
260368	0.001209631447
260369	0.0001005876776
260370	0.0009745460104
260371	0.0001961285417
260372	0.0005764908691
260373	0.0004709749027
260374	0.001127777335
260375	0.001029554042
260376	0.002793719069
260377	0.0002835916217
260378	0.000464622705
260379	0.0009798911141
260380	0.001194972969
260381	0.0003977466047
260382	0.0004559273858
260383	0.001933069719
260384	0.0005624742603
260385	0.0009394380833
260386	0.001337249971
260387	0.0001895235577
260388	0.001176588885
260389	0.001397909958
260390	0.001360946828
260391	0.001226569145
260392	0.0004435940209
260393	0.0007153067657
260394	0.001075912094
260395	0.0009520349027
260396	0.0006283190549
260397	0.001087721273
260398	0.001316487861
260399	0.001616233346
260400	0.001055087526
260401	0.001704611553
260402	0.0002569076068
260403	0.001350958074
260404	0.001419953176
260405	0.0002984186436
260406	0.00102092117
260407	0.0009889346832
260408	0.001042664242
260409	8.279141549e-05
260410	0.002585529042
260411	0.001724637265
260412	0.001122272399
260413	1.056452129e-05
260414	0.0009615850299
260415	0.0001576925549
260416	0.001028923675
260417	0.001471357414
260418	0.001056740597
260419	0.0009130326479
260420	0.002101236582
260421	0.000615038758
260422	0.0004015010291
260423	0.0003362521614
260424	0.0007130181304
260425	0.001211936743
260426	0.001371171
260427	0.000773727468
260428	0.0006870491931
260429	5.78921871e-05
260430	3.71115817e-07
260431	0.001494948768
260432	0.0009912169464
260433	0.0002190310559
260434	0.0009230719158
260435	0.0001217696088
260436	0.002433329974
260437	0.00114535986
260438	0.000413262732
260439	0.0002810913123
260440	0.0003844597043
260441	0.001079809469
260442	0.000613218243
260443	0.0002889298861
260444	0.001044534969
260445	0.001192713711
260446	0.0001827390918
260447	1.325501957e-05
260448	0.0002763335055
260449	0.0005866570613
260450	0.0004720807329
260451	0.001959280837
260452	0.001428583109
260453	0.002236724788
260454	0.001464566311
260455	0.001207488562
260456	0.0004756068175
260457	0.0001697976278
260458	0.0004253070851
260459	8.117554354e-05
260460	0.001424615042
260461	8.252618953e-05
260462	0.001540564629
260463	0.001286886622
260464	0.001393564212
260465	0.002462988957
260466	0.001402171871
260467	0.001704333155
260468	0.0009899920967
260469	0.0009515963751
260470	7.476672316e-06
260471	0.0006747982751
260472	0.001468367294
260473	0.001759730648
260474	1.192832837e-05
260475	0.000467480339
260476	0.0006087898927
260477	0.0012736358
260478	0.0009033760419
260479	0.001047964224
260480	0.001206359448
260481	0.0009784543227
260482	0.001404776694
260483	0.0005476771704
260484	0.0003602103149
260485	0.0006842096899
260486	0.001384354643
260487	0.0004160770827
260488	0.0009651465814
260489	0.0005759402234
260490	0.001663226226
260491	0.001581179656
260492	0.002327058637
260493	0.0004701124525
260494	0.001599961692
260495	0.002755986969
260496	0.00040867868
260497	0.001458695739
260498	0.000359742486
260499	0.002521752182
260500	0.001505199534
260501	0.001960654863
260502	0.000789646693
260503	0.001122171396
260504	0.00114056327
260505	0.0008993308465
260506	0.0004489651932
260507	0.00179764636
260508	0.002666005764
260509	0.0001436390817
260510	0.0009218486723
260511	0.0008890816464
260512	0.0009579439657
260513	0.001334959206
260514	2.732627769e-05
260515	0.0002307656912
260516	0.0005105094157
260517	0.001173010225
260518	0.000600766067
260519	0.00157323892
260520	0.002397495929
260521	0.00155361479
260522	0.001283593534
260523	0.0008434215731
260524	0.000116443054
260525	0.0009258514459
260526	0.0008467418281
260527	0.000723465258
260528	0.001503566087
260529	0.0005011110966
260530	0.0005190313267
260531	0.0002722890421
260532	0.001468718919
260533	0.0008178919627
260534	0.0009209593545
260535	0.001492278859
260536	0.001359605916
260537	0.00276696861
260538	0.0005801623726
260539	0.000995549137
260540	0.001337293188
260541	6.059806144e-05
260542	0.0008332169127
260543	0.0002299255698
260544	0.0009691124706
260545	0.0003109772765
260546	0.001125958425
260547	0.001781934564
260548	0.0009953642427
260549	0.0006950958252
260550	0.001078229206
260551	0.00224687515
260552	0.0004944403559
260553	0.0003775005355
260554	0.000157518285
260555	0.0004096215837
260556	0.0007976981937
260557	0.001743420474
260558	0.0004955383628
260559	0.0003083683078
260560	0.001765743791
260561	0.001421218007
260562	0.0008792999079
260563	0.0009487240345
260564	0.001279341443
260565	0.001809122837
260566	0.0005479692995
260567	0.0008077010566
260568	0.00328699566
260569	0.0001658198009
260570	0.001592763306
260571	0.000616835808
260572	0.001267008948
260573	0.001020175539
260574	0.002334620523
260575	0.001920768106
260576	0.001676501843
260577	0.0005224053896
260578	0.000755556286
260579	0.0005572076369
260580	0.00109699831
260581	0.0007402885257
260582	0.0008927761141
260583	0.001237433884
260584	0.0005062748468
260585	0.002340935374
260586	0.001906126379
260587	0.001264987673
260588	0.00105283321
260589	0.0004239895385
260590	0.00129482712
260591	0.0006652689404
260592	0.001260541408
260593	0.0002485659379
260594	0.0008628833843
260595	0.00109205237
260596	0.0007549408862
260597	0.0003449278857
260598	0.00135724583
260599	0.001407155427
260600	0.001179314211
260601	0.001872474128
260602	0.000108682661
260603	0.0006507955629
260604	0.0009117883185
260605	2.171193518e-05
260606	0.0005109205067
260607	5.613067616e-05
260608	0.000166597931
260609	0.001781526946
260610	0.001394131081
260611	0.0006826937298
260612	0.0004994183398
260613	3.334218641e-05
260614	8.136283333e-05
260615	0.003037914566
260616	0.00101975618
260617	0.0008797874112
260618	0.0005761329804
260619	0.0002240379253
260620	0.000758038809
260621	0.0004571456141
260622	0.0005899916079
260623	0.0001274258233
260624	0.001293006026
260625	0.0007735665716
260626	0.0008491882093
260627	0.0005782760857
260628	0.001803066197
260629	0.001671593169
260630	0.0004880951596
260631	0.0008382225484
260632	0.0003518019373
260633	0.002182244674
260634	0.002302739556
260635	0.0008237497069
260636	0.001990415045
260637	0.0009481097628
260638	0.0006847042152
260639	0.0005574600927
260640	0.0005950553489
260641	0.0009116761526
260642	7.847684013e-05
260643	0.001401846055
260644	0.00196374543
260645	0.002095544723
260646	0.0003073846639
260647	0.0006846178507
260648	0.0005916076585
260649	0.001411735665
260650	0.001439236874
260651	9.888655749e-06
260652	0.0008624844156
260653	0.001618495511
260654	0.0007245643619
260655	0.001208553047
260656	0.001528573944
260657	0.0005572811485
260658	0.002020130974
260659	1.672095516e-05
260660	0.0005890100803
260661	0.0005807857178
260662	0.0008653988082
260663	0.0006749234046
260664	0.001252418557
260665	0.0008003319561
260666	0.0008197716991
260667	0.0009199186957
260668	0.0009088102936
260669	0.0005038095483
260670	0.0001725529578
260671	0.002034200764
260672	0.0005572223104
260673	0.0001099222363
260674	0.000335555051
260675	0.001343779422
260676	0.0005915315411
260677	0.001512961539
260678	0.001620041008
260679	0.0001132441396
260680	0.0004833394698
260681	0.0001479072083
260682	0.001951381651
260683	0.001889758304
260684	0.0006741445737
260685	0.001163179368
260686	0.0007200585011
260687	0.001382494718
260688	5.082171575e-06
260689	0.0004397936055
260690	0.000300226459
260691	0.002315813846
260692	0.002052180925
260693	0.001051560044
260694	0.0004297508234
260695	0.002265389655
260696	0.0008764639303
260697	0.0005034506297
260698	0.0006878148227
260699	0.001912117372
260700	0.001443831101
260701	0.0009453649234
260702	0.0004984336225
260703	0.0002821765558
260704	0.0001432118262
260705	0.000975491352
260706	0.002661300027
260707	0.000693940572
260708	0.0009955248558
260709	0.001573798841
260710	0.0006318489323
260711	0.0008000601616
260712	0.0001491841378
260713	0.000485647924
260714	0.0008481502288
260715	6.039651181e-05
260716	0.0009235250236
260717	0.002230080104
260718	0.0008663910532
260719	0.00131506841
260720	0.001640881715
260721	0.000640138739
260722	0.002227215738
260723	0.00032512222
260724	0.002019989005
260725	9.17890149e-05
260726	0.0007369655927
260727	0.000530315321
260728	0.000427482355
260729	0.001310153298
260730	0.000890635893
260731	0.0002001601468
260732	0.002332892034
260733	0.0006609657091
260734	6.535420828e-05
260735	0.0002664095995
260736	0.0007668995679
260737	0.0009490451627
260738	0.001230822478
260739	0.0009713675542
260740	0.0007933949766
260741	0.001121787766
260742	0.001423604258
260743	0.0007617529634
260744	0.0003957778341
260745	0.0007490535771
260746	0.00108580669
260747	0.0008594201917
260748	0.0008033548582
260749	0.001630425055
260750	0.0003851232724
260751	0.001159765916
260752	0.001957762236
260753	0.001477681862
260754	0.0003058703885
260755	0.001306069015
260756	0.0006757162032
260757	0.0009997046702
260758	0.001885572912
260759	0.0007438569528
260760	0.001039507007
260761	0.0008805058114
260762	0.001799285158
260763	0.0009884853654
260764	0.0004867259774
260765	0.0007317476943
260766	0.001545425924
260767	0.001448418528
260768	0.0007102121641
260769	0.0009304498727
260770	0.0001691890062
260771	0.0008204934103
260772	0.0005221671138
260773	0.0001665461817
260774	0.001267076185
260775	0.0001545955397
260776	0.002205016248
260777	2.030948955e-05
260778	0.001423232813
260779	0.000188854547
260780	0.0004583419045
260781	0.0007233901924
260782	0.00134651495
260783	0.0007424393806
260784	0.001182235526
260785	0.0018650441
260786	0.0003088373479
260787	0.001126957447
260788	0.0004158429466
260789	0.0003072217013
260790	8.663810366e-05
260791	0.001286514464
260792	0.002158390139
260793	8.22895822e-05
260794	0.001563628171
260795	0.001056886393
260796	0.0005534312607
260797	0.002586042635
260798	0.001589669939
260799	0.0004747628899
260800	4.561729302e-05
260801	0.002710306136
260802	0.000243179382
260803	0.001339892135
260804	0.0002729616117
260805	4.048091975e-05
260806	0.005104452332
260807	0.003499946393
260808	0.0001870965684
260809	0.0003603619095
260810	0.0001284153147
260811	7.150629992e-05
260812	0.0006004347991
260813	0.0009748394722
260814	0.0007810714278
260815	0.0004911390062
260816	0.0008356024766
260817	3.752952555e-05
260818	0.001156048339
260819	0.001827806985
260820	0.00197419055
260821	0.0002474055772
260822	0.003655571537
260823	0.0003017903753
260824	0.001640499766
260825	0.001221853346
260826	0.00180267834
260827	0.004676892696
260828	0.004143620953
260829	0.005948081806
260830	0.007611145086
260831	0.00252346372
260832	0.001174822564
260833	0.001110107074
260834	0.001571126211
260835	0.003821351811
260836	0.0002069953602
260837	6.654129698e-05
260838	0.0009413828651
260839	0.001570993397
260840	0.001265135718
260841	5.181764817e-05
260842	0.0001145011241
260843	0.0005460322777
260844	0.0005809115226
260845	8.693042869e-05
260846	0.0004085374538
260847	0.000233435237
260848	0.0005297249341
260849	0.0002650275451
260850	0.002087534015
260851	0.0005694262839
260852	0.0002190308858
260853	0.0004615574942
260854	0.002187248909
260855	0.0007079728028
260856	9.666603523e-05
260857	0.0001778256464
260858	0.0004282855902
260859	0.0004974075169
260860	0.0004274404152
260861	0.0003863331189
260862	0.001531182202
260863	3.631573225e-06
260864	0.0003833010171
260865	0.0001782212018
260866	0.0005442978717
260867	0.0001547191494
260868	0.001640018328
260869	0.0003242986247
260870	0.0005769558646
260871	0.002145535766
260872	0.0008256856672
260873	9.390669648e-06
260874	0.003970375613
260875	0.001130929369
260876	0.001833345003
260877	0.0008663903909
260878	6.340845088e-05
260879	0.000250240593
260880	7.036322829e-06
260881	0.0005072228755
260882	0.0006323426824
260883	0.001044609976
260884	1.044969218e-05
260885	0.0003632231217
260886	0.0001533007258
260887	0.0006116090321
260888	0.00223252744
260889	0.0004246086076
260890	0.0002059095993
260891	0.0009500632467
260892	0.00308295363
260893	0.0007338121337
260894	0.002634946285
260895	0.001551649884
260896	0.0004785253115
260897	0.001082969384
260898	0.0009274933232
260899	0.0002370370277
260900	0.002055012026
260901	0.001150405993
260902	0.0008959082749
260903	0.003872414055
260904	0.0008483273407
260905	0.001332702489
260906	0.001668142779
260907	0.0004664811952
260908	0.0008726416878
260909	0.0004147093748
260910	0.000612359623
260911	0.0001483694401
260912	0.001439138269
260913	0.0002960838247
260914	0.00116483077
260915	0.001873291183
260916	0.002039858498
260917	0.001983329291
260918	0.001636748837
260919	0.0008229395768
260920	0.003450251294
260921	0.001634694355
260922	0.002042296889
260923	0.00232472256
260924	0.0007777385569
260925	0.0002354059237
260926	0.0004424449507
260927	0.000324859607
260928	0.008824015385
260929	0.0120640557
260930	0.004013113453
260931	0.0001133109851
260932	0.001802519088
260933	0.01135052588
260934	0.004979800437
260935	0.0001718268411
260936	0.0003437453976
260937	0.001343037133
260938	0.004656817395
260939	0.004116527921
260940	0.003358024827
260941	0.00508837113
260942	0.01209096404
260943	0.006826265183
260944	0.001953227543
260945	0.003151822235
260946	0.01124358344
260947	0.002050504298
260948	0.0006432674983
260949	0.0008808591944
260950	0.01567082344
260951	0.0009853028913
260952	0.005291838097
260953	0.003143589108
260954	0.009647780686
260955	0.005022149882
260956	0.007197582832
260957	0.01023270186
260958	0.005979165944
260959	0.001716809668
260960	0.0003382572769
260961	0.004610703107
260962	0.006383361624
260963	0.003207808516
260964	0.00622560764
260965	0.004800462729
260966	0.006790825503
260967	0.003075758022
260968	0.01107110011
260969	0.001337583739
260970	0.01048032991
260971	0.007443927439
260972	0.005616786547
260973	0.002251821673
260974	0.0006094154235
260975	0.000513313373
260976	0.001253181952
260977	0.002079355395
260978	0.001721557489
260979	0.0004130857211
260980	0.001851285568
260981	0.002127698379
260982	0.001946953129
260983	0.001170972621
260984	0.001215155678
260985	0.001491524864
260986	0.004988008246
260987	0.001364505926
260988	0.001416079487
260989	0.001963155008
260990	0.004060606022
260991	0.009035721509
260992	0.01165873689
260993	0.0009711942248
260994	0.003621148297
260995	0.005702853872
260996	0.003967864715
260997	0.003733365688
260998	0.0004475288261
260999	0.0004180240534
261000	0.001094914165
261001	0.000189563119
261002	0.01260546199
261003	0.006386616381
261004	0.003772980771
261005	0.001059915899
261006	7.318209538e-05
261007	0.0009244327931
261008	2.295086192e-05
261009	0.004447151988
261010	0.007090581211
261011	0.002046083765
261012	0.005221151484
261013	0.002811563454
261014	0.006376612235
261015	7.343835696e-06
261016	0.01010450046
261017	0.006422678415
261018	0.004967495796
261019	0.007561630269
261020	0.005428169812
261021	0.001901644165
261022	0.003972231091
261023	0.0014000008
261024	0.004043726464
261025	0.003126271657
261026	0.002404210648
261027	0.003951732568
261028	0.008385284513
261029	0.005281507608
261030	0.005071405632
261031	0.008632701584
261032	0.004984102308
261033	0.003991356987
261034	0.004249523917
261035	0.005812614232
261036	0.008784964085
261037	0.009132401744
261038	0.008235723005
261039	0.002039176762
261040	0.0009862820355
261041	0.0008048176933
261042	0.001098647552
261043	0.00529374118
261044	0.001356027649
261045	0.009322963946
261046	0.007354911733
261047	0.006106413735
261048	0.004665806889
261049	0.002615887139
261050	0.001025583214
261051	0.009871636726
261052	0.002633185454
261053	0.002650138348
261054	0.003899675736
261055	0.00101939984
261056	0.001811455554
261057	0.001012469381
261058	0.00307461376
261059	0.0001839798342
261060	0.0009256430691
261061	0.00288691695
261062	0.002000583033
261063	0.005257435615
261064	0.001358191447
261065	0.004756287664
261066	2.65339705e-08
261067	0.006722537744
261068	0.001930772267
261069	0.00586313309
261070	0.006830275459
261071	0.002024831099
261072	0.005112299699
261073	0.00135233516
261074	0.001683910865
261075	0.006687848857
261076	0.000800990438
261077	0.006084416146
261078	0.01170176021
261079	0.0038647384
261080	0.01122864911
261081	0.005612156421
261082	0.004099510407
261083	0.0001370664756
261084	0.006730513161
261085	0.008695895293
261086	0.001331837868
261087	0.002125737216
261088	0.002484868218
261089	0.001057356629
261090	0.0006318807605
261091	0.003529360707
261092	0.004698309732
261093	0.001197893724
261094	0.003906438655
261095	0.001541249604
261096	0.003668397968
261097	0.00405826853
261098	1.469176407e-05
261099	0.006560847005
261100	0.003914798626
261101	0.0004899266478
261102	0.001102787479
261103	0.0003894398715
261104	0.005310820144
261105	0.004995628071
261106	0.001363663183
261107	0.003644076748
261108	0.002599506059
261109	0.003504579653
261110	0.0003598296323
261111	0.001296091684
261112	0.003126576196
261113	0.001643318436
261114	0.004594144258
261115	0.0002884572151
261116	0.004658902864
261117	0.001191244432
261118	0.006448456266
261119	0.001989401283
261120	0.003518321468
261121	0.00409674918
261122	0.0004767603302
261123	0.0007128368384
261124	0.0052667323
261125	0.005067997789
261126	0.002252008345
261127	2.175488465e-05
261128	0.006432257164
261129	0.0002370396383
261130	0.005629838606
261131	0.004768046789
261132	0.003867896409
261133	0.001522515744
261134	0.003514181493
261135	0.00173788402
261136	0.002133698954
261137	0.003589603035
261138	0.0009100994932
261139	0.0008105718962
261140	0.0001200718177
261141	0.003471504767
261142	0.002261865366
261143	0.001651510393
261144	0.000643604242
261145	0.004692851909
261146	0.003256889079
261147	0.00137236739
261148	0.001765472942
261149	0.002311431482
261150	0.003864028402
261151	0.004542399471
261152	0.0001686920942
261153	0.001754118367
261154	0.0002646699413
261155	0.0009311601848
261156	0.004323309616
261157	0.003858463353
261158	0.0004059922787
261159	0.007859506961
261160	0.0037621371
261161	0.00274159124
261162	0.006670237434
261163	0.006013670834
261164	0.004150433689
261165	0.007768706615
261166	0.005376778985
261167	3.32722771e-06
261168	0.001038593623
261169	0.002238040528
261170	0.002008908101
261171	0.001356953464
261172	0.001948256569
261173	0.001583441611
261174	0.002663998074
261175	0.0004412059398
261176	0.0002834570118
261177	0.005358447233
261178	0.002703838792
261179	0.004950517319
261180	0.0001985848268
261181	0.001748854779
261182	0.0007371139257
261183	6.140092347e-09
261184	0.003721842292
261185	0.004807953038
261186	0.0007408830116
261187	0.001777293708
261188	0.006090225564
261189	0.004213588521
261190	0.002480197373
261191	0.0001343526816
261192	0.002027036247
261193	0.00223750441
261194	0.001986499342
261195	0.002683734142
261196	0.00622110688
261197	0.003170698484
261198	0.0002898767143
261199	0.0002682847156
261200	0.001378095759
261201	0.00376819941
261202	0.0006072040492
261203	0.003542027834
261204	0.003094583957
261205	0.0005765254557
261206	0.0006209745881
261207	0.0020457474
261208	0.001080010209
261209	0.0008070597014
261210	0.001633410794
261211	0.0002546285502
261212	0.002422352653
261213	0.00237751017
261214	0.003844690408
261215	0.002129159433
261216	0
261217	0.001042639065
261218	0.0004598223584
261219	0.002761010349
261220	0.0005958436239
261221	0.001296745494
261222	0.002036755392
261223	0.002407759856
261224	0.001946097077
261225	0.002637635011
261226	0.0040039749
261227	0.005265531131
261228	0.008600512976
261229	0.001382718894
261230	0.003694421346
261231	0.005074205565
261232	0.0004361744166
261233	0.0003393381239
261234	0.004807816008
261235	0.0008967338107
261236	0.007377773198
261237	0.0001719990732
261238	0.002649239485
261239	0.0005634953261
261240	0.004415606861
261241	0.001094604209
261242	0.002625930672
261243	0.001368274827
261244	0.003665058169
261245	0.004276183293
261246	0.0005017492536
261247	0.005477115311
261248	0.001574006286
261249	0.001046500688
261250	0.002568410622
261251	0.0005059999235
261252	0.002598951306
261253	0.001584639166
261254	0.001882631135
261255	0.0004308559543
261256	0.004806381769
261257	0.002985442247
261258	0.004725598698
261259	0.0008074586911
261260	0.002981340284
261261	0.005078077486
261262	0.0003706765183
261263	0.003335193035
261264	0.005228968567
261265	0.004857640716
261266	0.001896253753
261267	0.00472915005
261268	0.003514453775
261269	0.002763132292
261270	0.002862787079
261271	0.002559308605
261272	0.002652449848
261273	0.002852161502
261274	0.001620941404
261275	0.001745872356
261276	0.008662851562
261277	0.001039867913
261278	0.001319307763
261279	0.00104543187
261280	0.005816622963
261281	0.002351966415
261282	0.002720755827
261283	0.001994764868
261284	0.001606186799
261285	0.0005902675501
261286	0.006199714074
261287	0.002079839867
261288	0.003894754347
261289	0.0009188652938
261290	0.002587135709
261291	0.00951903052
261292	0.001936572031
261293	0.002935299734
261294	0.003091464081
261295	0.001245238783
261296	0.006648486671
261297	0.003711081616
261298	0.002565808571
261299	0.0005094145438
261300	0.002159582995
261301	0.001109169735
261302	0.001341510935
261303	3.649144753e-06
261304	0.002135385327
261305	0.004710289871
261306	0.004293759444
261307	0.002009811656
261308	0.0049744616
261309	0.001225609116
261310	0.004427269573
261311	0.003334935892
261312	0.003041455518
261313	0.0002307196351
261314	0.0006283989667
261315	0.0174544632
261316	0.001417896886
261317	0.001869793235
261318	0.002219935241
261319	0.0004350659885
261320	0.01718561036
261321	0.004557111458
261322	0.0001841471423
261323	0.003121438476
261324	0.001522146673
261325	0.01159322383
261326	0.0007779709286
261327	0.0004413848106
261328	0.007010668134
261329	0.004175288924
261330	0.00045644444
261331	0.00106391953
261332	0.004639699056
261333	0.004996107555
261334	0.006377783128
261335	0.0003568642174
261336	0.006869733018
261337	0.002769149629
261338	0.01108258319
261339	0.001877463603
261340	0.0004815357188
261341	0.0024639798
261342	0.001673515106
261343	0.002227448442
261344	0.0003217081663
261345	0.009395595219
261346	0.007743113924
261347	0.001106319153
261348	0.003265522667
261349	9.705655697e-05
261350	0.001440905842
261351	0.0002158555774
261352	0.004909516375
261353	0.006664767279
261354	0.00348885102
261355	0.0002326544185
261356	0.001210175567
261357	1.85759951e-05
261358	0.002342627726
261359	0.0004941006993
261360	0.0006334786091
261361	0.00277252593
261362	0.001304471595
261363	0.00175237453
261364	0.0003937527717
261365	4.023222414e-08
261366	0.002237765417
261367	0.0002331647079
261368	0.0003632678645
261369	0.0001545029946
261370	0.002177222767
261371	0.004542282151
261372	0.004778926276
261373	0.0003522863775
261374	0.0008585507139
261375	0.001289865262
261376	0.001443414766
261377	0.004540321412
261378	0.001349026501
261379	0.002268757263
261380	1.033246854e-07
261381	0.001477740357
261382	0.0008682023752
261383	0.003928823813
261384	0.004027094733
261385	0.001757326366
261386	0.001295121366
261387	0.002172963967
261388	0.0006569552977
261389	0.003901115342
261390	0.007401273428
261391	0.001414154764
261392	0.002118617536
261393	2.517437862e-07
261394	0.001670660715
261395	0.00181957138
261396	0.008625290513
261397	0.001200803471
261398	0.00680378735
261399	0.005096870207
261400	0.000472611423
261401	0.01524048508
261402	0.004539105327
261403	0.001495783113
261404	0.01235140179
261405	0.001406249921
261406	0.001026582295
261407	0.01031353001
261408	0.00346292446
261409	0.01098568075
261410	0.01162942045
261411	0.001954804112
261412	0.0001094991737
261413	0.00231113681
261414	0.001457597775
261415	0.01314031748
261416	0.001424934334
261417	0.001501298402
261418	0.002799877376
261419	0.00099077515
261420	0.00101274226
261421	0.001011801336
261422	0.003125106131
261423	0.004333493727
261424	0.008314035411
261425	0.001080399033
261426	0.005019472614
261427	0.007029018062
261428	0.006247414684
261429	0.007804490231
261430	0.01212055141
261431	0.006618436156
261432	0.000974415965
261433	0.0007055674964
261434	0.000480296075
261435	0.0001255981424
261436	0.005354166911
261437	0.0004036378907
261438	0.004516031806
261439	0.00699410966
261440	0.002211891237
261441	0.005736458772
261442	0.00101335885
261443	0.003835963903
261444	0.001137290477
261445	0.004174277189
261446	0.002573055001
261447	0.00107054886
261448	0.004782177862
261449	0.006905901643
261450	0.0008537360348
261451	0.0052647378
261452	0.006395184551
261453	0.00264677504
261454	0.001570150785
261455	0.001696009196
261456	0.003793524157
261457	0.00246490128
261458	0.0006402845861
261459	0.001355379795
261460	0.003896391594
261461	0.001800836528
261462	0.003348659727
261463	0.005442827404
261464	0.003107528457
261465	0.006393398664
261466	0.0003073197038
261467	0.0001752602703
261468	0.004221426785
261469	0.005072518372
261470	0.002608293373
261471	0.001143806437
261472	0.0028665296
261473	0.0004131105707
261474	0.00228398307
261475	0.007006683342
261476	0.0009851972239
261477	0.01301875175
261478	0.001833767071
261479	0.01031075987
261480	0.000997329563
261481	0.006523797555
261482	0.0008990152628
261483	0.008554707977
261484	4.933815479e-06
261485	0.0007267170982
261486	0.00296616572
261487	0.003376897511
261488	4.90202023e-05
261489	0.0009145947062
261490	0.0004279151326
261491	0.002213945969
261492	0.0110779581
261493	0.002352704914
261494	0.0005232307577
261495	0.005757119161
261496	0.004038595601
261497	0.004281092693
261498	0.0001008252426
261499	0.000264684158
261500	0.001887228919
261501	0.0005782200743
261502	0.001208509581
261503	0.0005675473447
261504	0.001258722593
261505	0.00119742371
261506	0.0003028765182
261507	0.008438519973
261508	0.0001009104566
261509	0.0007554679117
261510	0.0009722225952
261511	0.005559337738
261512	0.0003542260481
261513	0.001473709285
261514	0.0002387322142
261515	0.002347842644
261516	0.0007076416563
261517	0.004999135803
261518	0.0007462482176
261519	0.001175876583
261520	0.001752200306
261521	0.0006368561707
261522	0.001339234426
261523	0.0002077986633
261524	0.001899928632
261525	0.005722872352
261526	0.001284202357
261527	0.001630439817
261528	0.001660924781
261529	0.0003701366916
261530	0.001413888469
261531	0.004013848072
261532	0.005074843371
261533	0.003195740105
261534	0.008233691679
261535	0.0009872715644
261536	0.0003336806706
261537	0.003173104829
261538	0.01456134149
261539	0.0008644596643
261540	0.0005124334936
261541	0.005642922131
261542	0.002064031383
261543	0.007068804512
261544	0.0003534242657
261545	0.002058512113
261546	0.001697245093
261547	0.0009610197151
261548	0.002522514699
261549	0.01084129398
261550	0.0006065782126
261551	0.003275049248
261552	0.001174931586
261553	0.002056770792
261554	0.005602212007
261555	0.00877474673
261556	0.00375726309
261557	0.007129513111
261558	0.003239624283
261559	0.004418681339
261560	0.007462497155
261561	0.009906805951
261562	0.0008120198573
261563	0
261564	0.009098668109
261565	0.007684585786
261566	0.003165117403
261567	0.00544244353
261568	0.004073942779
261569	0.01009972165
261570	0.0003867957544
261571	0.001148222825
261572	0.002279542786
261573	0.003405952232
261574	0.006706142353
261575	0.003163955019
261576	0.001615981238
261577	0.001584159423
261578	0.0007088354351
261579	0.00495663633
261580	5.065939713e-05
261581	0.01494192557
261582	0.01184139071
261583	0.01462995681
261584	0.01321471462
261585	0.004424967321
261586	0.001360739584
261587	0.0005402760143
261588	0.0001666185398
261589	0.000843416994
261590	0.001028329372
261591	0.00181573469
261592	0.0003600446511
261593	4.943709379e-05
261594	0.003316351447
261595	4.528989649e-05
261596	0.005198949129
261597	0.0001375780579
261598	0.008111145871
261599	0.008261381118
261600	0.008306624818
261601	0.008252219967
261602	0.00766697451
261603	0.004888627618
261604	0.00849224112
261605	0.009237227775
261606	0.008573716785
261607	0.007603537389
261608	0.008739012688
261609	0.008319575683
261610	0.009075065075
261611	0.004345923688
261612	0.006205610228
261613	0.004573925114
261614	0.006450657592
261615	0.006693079305
261616	0.0007987425942
261617	0.001672427325
261618	0.001012885741
261619	0.00288533368
261620	0.002352677295
261621	0.005565808783
261622	0.001611837549
261623	0.001855676305
261624	0.0007726754014
261625	0.002281884791
261626	0.003665129792
261627	0.002673605309
261628	0.0001555756112
261629	0.003790334895
261630	0.001505520019
261631	0.001567498121
261632	0.0004654072887
261633	0.001469871185
261634	0.001680585717
261635	0.002401115761
261636	0.002265706659
261637	0.002824312335
261638	0.003703259223
261639	0.003061793004
261640	0.001009941347
261641	0.0006595453697
261642	0.002951565574
261643	0.001171094353
261644	0.001758821103
261645	1.691966977e-06
261646	0.001651279877
261647	0.001378563316
261648	0.001131320301
261649	0.00103626728
261650	0.002406590217
261651	0.001215502254
261652	0.001755427901
261653	0.002993184401
261654	0.003931434248
261655	0.00193827917
261656	0.003738679144
261657	1.007789928e-06
261658	0.0001234748628
261659	0.000104193945
261660	1.936258389e-05
261661	1.380270925e-06
261662	5.420684598e-06
261663	1.498115023e-05
261664	3.616166317e-06
261665	1.535382981e-05
261666	7.499034956e-06
261667	1.883717377e-06
261668	0.0001044613868
261669	0.0001228120538
261670	1.652127413e-06
261671	0.0001174980768
261672	0.0001169023829
261673	0.0001224903967
261674	0.0001193779199
261675	3.385693197e-07
261676	2.811338277e-07
261677	3.870354014e-06
261678	1.894329353e-05
261679	1.077734459e-05
261680	0.0001054493148
261681	1.246865413e-05
261682	0.0001139608553
261683	1.378519928e-05
261684	0.0001056951885
261685	0.0001087464056
261686	1.115594918e-05
261687	3.620753057e-06
261688	2.360138333e-05
261689	0.00010745139
261690	0.0001081089806
261691	2.181522811e-05
261692	0.000124533073
261693	0.001018926113
261694	0.006959929732
261695	0.006835641408
261696	0.004010244112
261697	0.001940151476
261698	0.003361538141
261699	0.001507446562
261700	0.003335451611
261701	0.007582256313
261702	0.0131039715
261703	0.007468954193
261704	0.001794595084
261705	0.003357907187
261706	0.001748857001
261707	0.002323752868
261708	0.003159070676
261709	0.006224354119
261710	0.001373088236
261711	0.000627312907
261712	0.001331957785
261713	0.001292558726
261714	0.004011414397
261715	0.002590381625
261716	0.0002060285488
261717	0.005373276724
261718	0.004683239371
261719	0.00584197607
261720	0.01216726809
261721	0.00623166917
261722	0.002443535981
261723	9.996220283e-07
261724	0.008710705772
261725	0.001010382376
261726	0.003309156556
261727	0.002663672769
261728	0.005068698037
261729	0.007727756171
261730	0.003366207989
261731	0.0002209745974
261732	0.000675507322
261733	0.0001114616602
261734	0.000112720315
261735	0.0003423374531
261736	0.0007953876273
261737	0.0004522423285
261738	0.0009097001019
261739	2.112298033e-06
261740	0.0004482677797
261741	7.250452124e-07
261742	0.00100111756
261743	0.000333552776
261744	8.061833531e-07
261745	2.232946917e-06
261746	0.01360630985
261747	0.0002431200371
261748	0.00718676907
261749	0.0008644544332
261750	0.001769752668
261751	0.005636144223
261752	0.005359091036
261753	0.002721361043
261754	0.0002672445375
261755	1.22384339e-06
261756	0.002590021691
261757	0.002439409682
261758	0.001276802803
261759	0.001964982981
261760	0.0001133770311
261761	0.001576974084
261762	0.002710876486
261763	0.0003940440876
261764	6.903268511e-07
261765	0.001046026692
261766	0.001596675346
261767	0.002004192213
261768	0.002151638703
261769	1.167333724e-06
261770	0.002585368647
261771	0.002606911287
261772	0.001544166508
261773	0.0009258598236
261774	0.0004779163012
261775	0.001416796419
261776	0.00297486566
261777	1.915580671e-06
261778	7.792111731e-07
261779	0.001716755255
261780	0.001580116718
261781	0.003999824574
261782	0.01123566994
261783	0.01649657764
261784	0.006763029716
261785	0.009039880446
261786	0.01198357646
261787	0.003798461715
261788	0.008101288679
261789	0.0009773830974
261790	0.002633793485
261791	0.003047430169
261792	0.002303906034
261793	0.01490572624
261794	0.0007088185617
261795	0.004382137768
261796	0.002201852012
261797	0.002862738078
261798	0.00233016496
261799	0.003778954008
261800	0.002755935719
261801	0.0001272390907
261802	0.003630787332
261803	0.003919704004
261804	0.001517837251
261805	0.006797895374
261806	0.002910225671
261807	0.003206489254
261808	0.002786608942
261809	0.001517831201
261810	0.001717329061
261811	0.00243676481
261812	2.356911521e-05
261813	0.001948674819
261814	0.001737873576
261815	0.009839469196
261816	0.001207765445
261817	0.007105678317
261818	0.001394547316
261819	0.009035104772
261820	0.004711826042
261821	0.002438809701
261822	0.00383964588
261823	0.001414621192
261824	0.001468009838
261825	0.001738680959
261826	0.005521287566
261827	0.0003870490487
261828	0.001279690431
261829	8.147158944e-05
261830	0.004314137974
261831	0.001522151206
261832	0.0004689088025
261833	0.006641149399
261834	0.0051194355
261835	0.002871792188
261836	0.00187547753
261837	0.0008694232541
261838	0.0007497532839
261839	0.0002615489207
261840	0.0004033936717
261841	0.001924219306
261842	0.0006040519124
261843	0.00279101341
261844	0.01467882352
261845	0.006840407404
261846	0.005293047552
261847	0.0001962160462
261848	0.002668249955
261849	0.005566488517
261850	0.004349196464
261851	0.004494253361
261852	0.003836487659
261853	0.003100840367
261854	0.002964590088
261855	0.004722910847
261856	0.001700529118
261857	0.002631454657
261858	0.0004758052148
261859	0.003678483632
261860	0.004501971321
261861	0.005976055256
261862	0.0006707098727
261863	0.0007327817553
261864	0.006751199926
261865	0.000495070625
261866	0.005276016767
261867	0.003505405652
261868	0.0009400924848
261869	0.00327520496
261870	0.00233388556
261871	0.001355961879
261872	0.009455511243
261873	0.00840287429
261874	4.655342387e-05
261875	0.001377983309
261876	0.00100731674
261877	0.000338867848
261878	0.001415897118
261879	0.005118895365
261880	0.001023566645
261881	0.002332619251
261882	0.003667462977
261883	0.002598762152
261884	0.008705589304
261885	0.006206427103
261886	0.005064376231
261887	0.001077318247
261888	0.005406318231
261889	0.007427169619
261890	0.002441786742
261891	0.0009188249427
261892	0.0003761913264
261893	0.005811310724
261894	0.003597250241
261895	0.001179759819
261896	0.001055348475
261897	0.002358376711
261898	0.0009434499072
261899	0.002821807582
261900	0.0008458010471
261901	8.401062354e-05
261902	0.003978653574
261903	0.0009341516227
261904	0.005694985101
261905	0.007604882135
261906	0.0004245237651
261907	0.0001840876757
261908	0.002035269312
261909	0.003616094212
261910	0.0007556645374
261911	0.0008578711099
261912	0.004115376588
261913	0.003201544875
261914	0.0001567816131
261915	0.003424916333
261916	0.001461885308
261917	0.009989970597
261918	0.001774666171
261919	0.002788357118
261920	0.0005712700041
261921	0.006830973202
261922	0.006505693841
261923	0.001220711746
261924	0.0001733674712
261925	0.0008174236352
261926	0.004789216927
261927	0.003372930667
261928	0.001512050963
261929	0.0002868116789
261930	0.001642098312
261931	0.003191542594
261932	0.0002224781592
261933	0.003583779074
261934	0.0032456578
261935	0.008992236176
261936	0.005234881557
261937	0.01120489566
261938	0.004765122006
261939	0.002319250512
261940	0.00203771932
261941	0.0006880769024
261942	0.001900001448
261943	0.00558386306
261944	0.0009477797281
261945	0.003268483765
261946	0.009129187585
261947	0.007093925623
261948	0.001784521822
261949	0.000521970941
261950	0.006336186034
261951	0.004634988513
261952	0.001355044134
261953	0.001699816301
261954	0.002199166275
261955	0.001533187929
261956	0.006314996136
261957	0.001523300378
261958	0.002604918997
261959	0.001251108818
261960	0.001587529849
261961	0.0008341707294
261962	0.004412681073
261963	0.002425038655
261964	0.009578625491
261965	0.000658456655
261966	0.003390219455
261967	0.001575045322
261968	0.007177958212
261969	0.002483670453
261970	0.001122485391
261971	0.001680155861
261972	0.004537255995
261973	0.001683247449
261974	0.004361105531
261975	0.001767327686
261976	0.008183583605
261977	0.0001708126431
261978	0.00724872185
261979	0.006190713894
261980	0.005434400401
261981	0.003897537077
261982	0.0002722983801
261983	0.007437663705
261984	0.0005685880056
261985	5.291622121e-05
261986	0.003191796814
261987	0.001140851067
261988	0.004605980035
261989	0.000761334009
261990	0.002931943117
261991	0.003990985974
261992	0.001354978999
261993	0.000712310944
261994	0.007161179899
261995	0.002826608944
261996	0.006364777661
261997	0.005704615017
261998	0.0007025819009
261999	0.0007390861908
262000	0.001843861618
262001	0.001745118459
262002	0.003266142788
262003	0.0001877809606
262004	0.003192466877
262005	0.001171630877
262006	7.319586231e-06
262007	0.001243408209
262008	7.308416946e-05
262009	0.004511324131
262010	0.003357227978
262011	0.003426272967
262012	0.005793449994
262013	0.003599728616
262014	0.006091411054
262015	0.003399350659
262016	0.006919351538
262017	0.008447829758
262018	0.002892615628
262019	0.0006755755717
262020	0.0003615404138
262021	0.000988917749
262022	0.0086981131
262023	0.006354445272
262024	0.001357847577
262025	0.002119643518
262026	5.467011042e-07
262027	0.0002909553166
262028	0.0006138532211
262029	0.001421932448
262030	0.0001830672738
262031	0.003425952802
262032	0.0002570822608
262033	0.001844751844
262034	0.002255208829
262035	0.001180223699
262036	0.002580192044
262037	0.0050072452
262038	0.0004891240045
262039	0.001711916366
262040	0.0002237263836
262041	0.004887918602
262042	0.0002247488967
262043	0.0009334527791
262044	0.002435790655
262045	0.01321306619
262046	0.00453797429
262047	0.0004460739061
262048	0.001983593446
262049	0.002707057962
262050	0.002223611589
262051	0.001333908281
262052	0.0003774433481
262053	0.001662869369
262054	0.003466554242
262055	0.0007611014521
262056	0.001262045687
262057	0.002116290537
262058	0.005313754087
262059	0.0003164527191
262060	0.001905860205
262061	0.001218166563
262062	0.00160300861
262063	0.001470240194
262064	0.002929862208
262065	0.001265609732
262066	0.001051178411
262067	0.002984860318
262068	0.001459280221
262069	0.005458017291
262070	0.002001581487
262071	0.00126432512
262072	0.001706462988
262073	0.006810228405
262074	0.0007327977821
262075	0.0007558239103
262076	0.001598783045
262077	0.001179697012
262078	0.0003717369989
262079	0.0004093822404
262080	0.002665110247
262081	0.0003223978988
262082	0.003245405378
262083	0.001843994204
262084	0.00180933863
262085	0.0005790387683
262086	0.0008641901438
262087	0.0003480986022
262088	0.0009695231211
262089	0.0009705865567
262090	0.003668158509
262091	0.002005698255
262092	0.0001835779227
262093	0.0002876920643
262094	0.001213283167
262095	0.0004136425256
262096	0.007404539815
262097	0.004134110864
262098	0.005124505787
262099	0.005211481362
262100	0.0058484149
262101	0.000908913071
262102	0.005103831815
262103	0.00444059867
262104	0.02282015329
262105	0.003563708199
262106	0.002254701116
262107	0.004102706708
262108	0.005317969228
262109	0.0003941633147
262110	0.002732123133
262111	0.001727606806
262112	0.002797385103
262113	0.0008809963823
262114	0.005753515289
262115	0.001338226752
262116	0.002824372781
262117	0.002304489174
262118	0.01149191426
262119	0.0005839678524
262120	0.001420546306
262121	0.001735839755
262122	0.003627529584
262123	0.002165907911
262124	0.001668603479
262125	0.0007674312519
262126	0.0001016808466
262127	0.004451142455
262128	0.001070340088
262129	0.005774035431
262130	0.0001816207113
262131	0.002620845608
262132	0.002400427752
262133	0.003517113751
262134	0.0009733492843
262135	0.002832797031
262136	0.002311820515
262137	0.001095175995
262138	7.908730632e-05
262139	0.005906297385
262140	9.520032508e-05
262141	0.001120152599
262142	0.001255733976
262143	0.0001891118999
262144	0.01002659777
262145	0.003397092307
262146	0.001545223849
262147	0.002879824835
262148	0.01537578687
262149	0.003509380098
262150	0.00247244479
262151	0.0006884480113
262152	0.001896108591
262153	0.002644731419
262154	0.001164016921
262155	0.001668475724
262156	0.003997781617
262157	0.00988432392
262158	0.009841217666
262159	0.0003573267301
262160	0.001290733685
262161	0.004305504277
262162	0.002491596178
262163	0.001407112105
262164	0.001692048141
262165	0.001244400778
262166	0.0004340038939
262167	0.0009710064283
262168	0.001611752122
262169	0.0007701574835
262170	0.002069610489
262171	0.002474046586
262172	0.0005268804894
262173	0.002110372641
262174	0.001292012219
262175	0.0006560606056
262176	0.0001411603143
262177	0.001428510865
262178	0.001438145362
262179	0.001634504656
262180	0.000402083419
262181	0.002516226447
262182	0.002393255569
262183	0.001819655913
262184	0.005954881533
262185	0.002648578222
262186	0.0008454694782
262187	0.0008310281585
262188	0.002696505044
262189	0.000533506494
262190	0.0005705440962
262191	0.003065660574
262192	1.148760185e-05
262193	0.005410547001
262194	0.002200079095
262195	0.0002829239683
262196	0.001383898395
262197	0.000849844147
262198	0.001187136096
262199	0.001145986996
262200	0.001507584981
262201	0.0006648140655
262202	0.002025207822
262203	0.001412906272
262204	0.003504643667
262205	0.00156117498
262206	0.001965160082
262207	0.01537639009
262208	0.0007593206251
262209	0.001403340117
262210	0.00237894814
262211	0.00309316915
262212	0.0005905821293
262213	0.001414152686
262214	0.0005582235468
262215	0.002829369858
262216	0.002295140463
262217	0.004119874006
262218	0.004330309686
262219	0.0005116576867
262220	0.005842699049
262221	0.001504299934
262222	0.0004359964017
262223	0.001365841443
262224	0.000391311906
262225	0.0002008085079
262226	0.00503467257
262227	0.002592699457
262228	0.001540603681
262229	0.0007183215286
262230	0.005645429177
262231	0.004638721121
262232	0.007765067438
262233	0.00234522234
262234	0.001198110652
262235	0.001541178099
262236	0.004115056221
262237	0.001348878452
262238	0.0008804921319
262239	0.0002314054362
262240	0.003280093615
262241	0.0005535656712
262242	0.002970041703
262243	0.003925053625
262244	0.00203953569
262245	0.000733871545
262246	0.002194483312
262247	0.001290688411
262248	0.002316446872
262249	0.001644771836
262250	0.005549267964
262251	0.0007121728993
262252	0.001915812479
262253	0.004101712151
262254	0.00059672485
262255	0.002430929414
262256	0.001908478479
262257	0.002377215841
262258	0.002553279351
262259	0.002334907039
262260	0.002551769341
262261	0.003102473307
262262	0.0008160939847
262263	0.002505629044
262264	0.0003456417047
262265	0.001342270309
262266	0.0008301503372
262267	0.001504947477
262268	3.350465292e-05
262269	0.001813201919
262270	0.002040057577
262271	0.003188265014
262272	0.001207891764
262273	0.0008309200793
262274	0.002483360565
262275	0.003051680758
262276	0.0003401040319
262277	0.01767625672
262278	0.005246574345
262279	0.001710809689
262280	0.001292019898
262281	0.003464897412
262282	0.0009970342818
262283	0.0003124613184
262284	0.001013480829
262285	0.0001946094798
262286	0.001605301473
262287	0.003819269661
262288	0.004591707608
262289	0.00323541735
262290	0.001188589885
262291	0.002398294287
262292	0.001713346303
262293	0.008973199665
262294	0.00114357034
262295	0.01469754756
262296	0.0006541615488
262297	0.001288904729
262298	0.0008484564343
262299	9.337185583e-05
262300	0.0008781072439
262301	0.0003847427486
262302	2.784763894e-05
262303	0.002606019318
262304	0.0008466284197
262305	0.005317378384
262306	0.001326392302
262307	0.004565337002
262308	0.0008940873956
262309	0.0001006941429
262310	0.002758139201
262311	0.001177168761
262312	0.001440706254
262313	0.009281364282
262314	0.003144614818
262315	0.001651888618
262316	0.002009375101
262317	0.001616614287
262318	0.0008232600825
262319	0.001945639403
262320	0.0015275891
262321	0.01325622707
262322	0.001646272839
262323	0.000433242086
262324	0.0005046896459
262325	0.00174970992
262326	0.001846530174
262327	0.003951611746
262328	0.003935311818
262329	0.000674608083
262330	0.004200420819
262331	0.002626760388
262332	0.006593951009
262333	0.007243001695
262334	0.001269069821
262335	0.002547173517
262336	0.00131001236
262337	0.0053258991
262338	0.001030529994
262339	0.001084387805
262340	0.004206463067
262341	0.001003254394
262342	0.0005470841041
262343	0.001413411628
262344	0.0003520408239
262345	0.0004134252505
262346	0.001735469656
262347	1.411701413e-05
262348	0.009336881775
262349	0.001287445058
262350	0.001987923469
262351	0.002052924658
262352	0.001662800747
262353	0.002518163634
262354	0.002603895368
262355	0.001584270531
262356	0.003676122515
262357	0.003407017833
262358	0.001305310031
262359	0.0001120600605
262360	0.002243527679
262361	0.01089542209
262362	0.001525655303
262363	0.001376487493
262364	0.002580009174
262365	0.0006142359433
262366	0.007614734429
262367	0.002587256207
262368	0.001981096551
262369	0.006300077552
262370	0.003180225334
262371	0.001779615915
262372	0.0008613155172
262373	0.0003814963399
262374	0.002227839249
262375	0.002117430578
262376	0.001141368471
262377	0.001078982659
262378	0.005944891591
262379	0.002175546722
262380	0.00130122218
262381	0.003094481353
262382	0.001520042463
262383	0.0008816905436
262384	0.003554591903
262385	0.001407613628
262386	0.001805463919
262387	0.0008620522285
262388	0.007945706536
262389	0.002193413822
262390	0.001461375146
262391	0.008277253742
262392	0.00207882666
262393	0.0008215151882
262394	0.0003470390683
262395	0.0007669895993
262396	0.002402357423
262397	0.001241050969
262398	0.001209102248
262399	0.0007917398185
262400	0.007538393838
262401	0.0001301385944
262402	8.318106613e-05
262403	7.313626337e-05
262404	0.003309128052
262405	0.0003992763496
262406	0.001369108569
262407	0.001687634816
262408	0.001431419762
262409	0.000419197941
262410	0.001249240389
262411	0.001598851612
262412	0.0002956215755
262413	0.0001046492498
262414	0.0002718163934
262415	0.003558930044
262416	0.0005432080668
262417	0.005019009878
262418	0.001645140429
262419	0.01093821835
262420	0.002387566846
262421	0.0009389404397
262422	0.0012578609
262423	0.0003385785801
262424	0.004194224593
262425	0.00793716046
262426	0.0002531214723
262427	0.002271140674
262428	0.0009305461733
262429	0.001952103693
262430	0.0101645038
262431	0.006688882698
262432	0.00561587013
262433	0.01084943036
262434	0.001787652325
262435	0.001788420664
262436	0.0006469108203
262437	0.0005135605996
262438	0.007671117818
262439	0.01045843269
262440	0.0004528652616
262441	0.002367674424
262442	0.001455004132
262443	0.007116738644
262444	0.001621897106
262445	0.012905942
262446	0.01202263701
262447	0.000346690546
262448	0.004075694068
262449	0.001846466982
262450	0.02085857407
262451	0.01066609037
262452	0.001921558359
262453	0.01121886861
262454	0.005002911487
262455	0.001514195898
262456	0.001216962426
262457	0.01416662007
262458	0.002902177486
262459	0.002332840539
262460	0.002872774842
262461	8.186789796e-09
262462	0.002725226397
262463	0.002963700586
262464	0.002341909864
262465	0.001589217928
262466	6.506991318e-05
262467	0.001253919765
262468	0.001324951495
262469	0.0002525877531
262470	0.0018237714
262471	0.0003287830464
262472	0.0003472579036
262473	0.00253588942
262474	0.004583674407
262475	0.003211790877
262476	0.00458227933
262477	0.00281136031
262478	0.001964936709
262479	0.01096005609
262480	0.005221298379
262481	0.01176998868
262482	0.00212877802
262483	0.00234491379
262484	0.00335167072
262485	0.00426390742
262486	0.009245349924
262487	0.005847841452
262488	0.01342264756
262489	0.002846431265
262490	0.009609723851
262491	0.002606570705
262492	0.002259682522
262493	0.003938388401
262494	0.009180906285
262495	0.004226577212
262496	0.002901472947
262497	0.01381840334
262498	0.0004320087538
262499	0.001388750804
262500	0.002273215463
262501	0.009293888728
262502	0.0147319222
262503	0.006401749362
262504	0.003261554636
262505	0.002516202
262506	0.01031358805
262507	0.007969278082
262508	0.01082302494
262509	0.001375565236
262510	0.000840486332
262511	0.005160810446
262512	0.009899623802
262513	0.006466551344
262514	0.004666815699
262515	0.005233576434
262516	0.0008689611225
262517	0.001543346729
262518	0.007882722012
262519	0.007321845644
262520	0.00623356558
262521	0.01030486769
262522	0.0053792162
262523	0.002984318873
262524	0.01018570494
262525	4.347559904e-06
262526	0.002506651608
262527	0.006008457954
262528	0.009527955723
262529	0.005149879166
262530	0.002614766547
262531	0.002944424218
262532	0.002971687214
262533	0.006048531816
262534	0.007689014478
262535	0.004788412552
262536	0.005976081604
262537	0.00596482957
262538	0.002545567149
262539	0.0002270748952
262540	0.008122310761
262541	0.007876057936
262542	0.002023417338
262543	0.007700548456
262544	0.004640099823
262545	0.001031976603
262546	0.0165519433
262547	0.004338907178
262548	0.02379350702
262549	0.01197662081
262550	0.007813181716
262551	0.003069679168
262552	0.002377396307
262553	0.0003348355218
262554	0.006933307143
262555	0.001217646369
262556	0.01231094191
262557	0.0008577638611
262558	0.003696597117
262559	0.005262122247
262560	0.008625555472
262561	0.007407726596
262562	0.001578471001
262563	0.001599751132
262564	0.0051746856
262565	0.001049508582
262566	0.002098770211
262567	0.00258551584
262568	0.009227837388
262569	0.007742325792
262570	0.005156374195
262571	0.007806758845
262572	0.00617460817
262573	0.006869637081
262574	0.0005544125156
262575	0.0004725658484
262576	0.001410154638
262577	0.004484189795
262578	0.002681280132
262579	4.14143088e-05
262580	0.001906091873
262581	0.007398165734
262582	0.004864267513
262583	0.00237731387
262584	0.003459953569
262585	0.0009411340738
262586	0.003099217273
262587	0.0007652982669
262588	0.0001104790539
262589	0.005875627826
262590	0.006780647605
262591	0.003989674223
262592	0.004049503084
262593	0.003519043163
262594	0.003204755466
262595	0.0005951972426
262596	0.002928814396
262597	0.002701620894
262598	0.001564156228
262599	0.001075857098
262600	0.005556828872
262601	0.01042009231
262602	0.006392838975
262603	0.00399131941
262604	0.003786470924
262605	0.006481791519
262606	0.002438445898
262607	0.006733779712
262608	0.007932276304
262609	0.0188588933
262610	0.005330575
262611	0.0008014880681
262612	0.01957437394
262613	0.004921496653
262614	0.01291318374
262615	0.006697171698
262616	0.01489741929
262617	0.002646061005
262618	0.004636010327
262619	0.01140486967
262620	0.01058911053
262621	0.00339210046
262622	0.01176386981
262623	0.002068710354
262624	0.01193307742
262625	0.0007983568408
262626	0.007820233306
262627	0.01088059769
262628	0.006132229932
262629	0.0004101870275
262630	0.000399399193
262631	0.0001207865025
262632	0.005991634035
262633	0.0003679008003
262634	0.0001075112461
262635	0.002547690041
262636	0.005517760443
262637	0.00274118013
262638	0.0005573947053
262639	0.001242964094
262640	0.002150112381
262641	0.003394811435
262642	0.001725028176
262643	0.0008912985295
262644	0.003559097085
262645	0.001388200765
262646	0.003065931787
262647	0.003825042548
262648	0.002002128336
262649	0.006059836664
262650	0.0006049918679
262651	0.003239113451
262652	0.001714504316
262653	0.0002517960589
262654	0.003026773819
262655	0.0005521706049
262656	0.002484103811
262657	0.0009929431559
262658	0.003960885724
262659	0.002165581914
262660	0.005826830415
262661	0.001334891273
262662	0.004305933705
262663	0.009863927521
262664	0.01059540318
262665	0.002594662299
262666	0.0020566191
262667	0.008970020641
262668	0.001853975754
262669	0.007201700865
262670	0.0006308848894
262671	0.002357281378
262672	0.00134813397
262673	0.004618497201
262674	0.00401313668
262675	0.002743912361
262676	0.002907070188
262677	0.003542629201
262678	0.001624890793
262679	0.004474516809
262680	0.001325739593
262681	0.001241992819
262682	0.01323334852
262683	0.0006425918277
262684	0.001199553291
262685	0.008868295178
262686	0.01096862072
262687	0.0005660476242
262688	0.01379299993
262689	0.001908137785
262690	0.00198380836
262691	0.009189807212
262692	0.002950256595
262693	0.005591141424
262694	0.0004267487121
262695	0.001032790316
262696	0.001846526122
262697	0.00571469461
262698	0.001077207391
262699	0.0002601388551
262700	0.002504196866
262701	0.001055797081
262702	0.01161856631
262703	0.002281533706
262704	0.01238776119
262705	0.002282822494
262706	0.003445792392
262707	0.001859446933
262708	0.007344332159
262709	0.00401585605
262710	0.005172183296
262711	0.002302348008
262712	0.002091904842
262713	0.002953962308
262714	0.0009592858058
262715	0.004525697779
262716	0.003303676787
262717	0.001348501926
262718	0.004142333059
262719	0.0008446780051
262720	0.01488281165
262721	0.002995785176
262722	0.001061068669
262723	0.005481606842
262724	0.005529576753
262725	4.458569945e-06
262726	0.0008215424592
262727	0.0009313521844
262728	0.0007580776869
262729	0.0004358745647
262730	0.0008823199281
262731	0.0008940780815
262732	0.0003542748287
262733	0.001032842481
262734	0.0008487910106
262735	0.003083195732
262736	5.389161305e-05
262737	0.0001647301167
262738	0.003592501371
262739	0.001505328795
262740	0.007585419983
262741	0.003463529774
262742	0.001675392843
262743	0.0002426627624
262744	0.01829829157
262745	0.001100403866
262746	0.005879128727
262747	0.01314742154
262748	0.002437999928
262749	0.004260334813
262750	0.006485503902
262751	0.002420650617
262752	0.01092578781
262753	0.003075166262
262754	0.009549246734
262755	0.006182804883
262756	0.008426355264
262757	0.007454954858
262758	0.001486749952
262759	0.00994577999
262760	0.006186686899
262761	0.0070330161
262762	0.00735007116
262763	0.001118610691
262764	0.004239602917
262765	0.007423256008
262766	0.0121229748
262767	0.0006866012571
262768	0.002615212356
262769	0.00779492557
262770	0.001988502393
262771	0.0007751835104
262772	0.0004193832621
262773	0.003729976521
262774	0.01314610745
262775	0.0007610203033
262776	0.004723198093
262777	0.001384413334
262778	0.00111729034
262779	0.001900263151
262780	0.006351768318
262781	0.005752775076
262782	0.003943493857
262783	0.0004655849087
262784	0.0007589146457
262785	0.004617172856
262786	0.001089905188
262787	0.0008696286343
262788	0.002833898
262789	0.008228198202
262790	0.008517681297
262791	0.01085356846
262792	0.001113498918
262793	0.001545301847
262794	0.001467863999
262795	0.002785853805
262796	0.0002920233623
262797	0.003066032252
262798	0.002797104049
262799	0.001904934331
262800	0.006280961665
262801	0.004946163682
262802	7.119186087e-05
262803	0.008227365395
262804	0.002032862595
262805	0.004667568727
262806	0.006482395468
262807	0.00485820249
262808	0.001351709528
262809	0.001446950626
262810	0.005443718229
262811	0.001457296772
262812	0.007639686092
262813	0.004901099894
262814	0.0006795074963
262815	0.002319406258
262816	0.002024331479
262817	0.006128397843
262818	0.002702457833
262819	0.00165751672
262820	0.0002980990168
262821	0.0001084193931
262822	0.0006084348388
262823	0.003043544337
262824	0.001884063032
262825	0.0009709909089
262826	0.008529829971
262827	0.0187294328
262828	0.001940296598
262829	0.002705567267
262830	0.002245789718
262831	0.005587685174
262832	0.002425994874
262833	0.007926581346
262834	0.001908144113
262835	0.003677103068
262836	0.007694046584
262837	0.001755120126
262838	0.001669288209
262839	0.01766269195
262840	0.003948294979
262841	1.120816119e-05
262842	0.0003427213746
262843	0.0008035581808
262844	0.0009401793453
262845	0.0001642713134
262846	0.0001133020888
262847	0.0005091744726
262848	0.0006532641228
262849	0.0006495077553
262850	0.0001792789613
262851	0.0002668302026
262852	0.0001516338655
262853	0.001141290779
262854	0.000545245854
262855	0.0003890861544
262856	0.002138975504
262857	0.01089944922
262858	0.007993616478
262859	0.008018927902
262860	0.001883554508
262861	0.002820317415
262862	0.003106729965
262863	0.002914394272
262864	0.00523974444
262865	0.004299419019
262866	0.006447964238
262867	0.001324676728
262868	0.0002615067369
262869	0.0003110403299
262870	0.0005780094191
262871	0.001615194873
262872	0.002271354205
262873	0.0006728263861
262874	0.0006419488394
262875	0.0008768813905
262876	0.0003820883543
262877	0.001730182267
262878	0.0005011640211
262879	5.971540395e-05
262880	0.0001976877917
262881	0.0006844939133
262882	0.0003269325981
262883	0.009748604378
262884	0.0007369817417
262885	0.00246620816
262886	0.005611220483
262887	0.01050867487
262888	0.005491550476
262889	0.003440835384
262890	0.0003795877054
262891	0.0003382922112
262892	0.004141751815
262893	0.001494332912
262894	0.004115405812
262895	0.003318574119
262896	0.006764033958
262897	0.01092265862
262898	0.01337677878
262899	0.0178101979
262900	0.01314840292
262901	0.006152669442
262902	0.0008675895521
262903	0.0007252082022
262904	0.00701302114
262905	0.003844340044
262906	0.01084432053
262907	0.00444435858
262908	0.001573757265
262909	0.004068741234
262910	0.00125137809
262911	0.0001295208502
262912	0.006011686261
262913	0.004218543317
262914	0.0004891977495
262915	0.001112444896
262916	0.003545575819
262917	0.001053880705
262918	0.01065603424
262919	0.0004642355953
262920	0.003289672044
262921	0.01181836354
262922	0.004043357053
262923	0.0004441997905
262924	0.002065142904
262925	0.0001259516154
262926	0.001091223923
262927	0.003254011049
262928	0.002368982854
262929	0.01297308795
262930	0.003292748577
262931	0.00206258756
262932	0.0051981073
262933	0.009505432901
262934	0.003907620998
262935	0.001925104142
262936	0.006991215674
262937	6.058105659e-05
262938	0.002166168933
262939	0.01178587367
262940	0.00375695648
262941	0.003885568797
262942	0.002586516797
262943	0.01359899701
262944	0.003565977826
262945	0.001548755316
262946	0.008065693335
262947	0.001040106117
262948	0.003765207217
262949	0.003956267598
262950	0.0001061460228
262951	2.618677751e-05
262952	0.005189523083
262953	0.004554662692
262954	0.001095506535
262955	0.009338195533
262956	0.0003327270037
262957	0.006464060487
262958	0.01084033442
262959	0.00124618648
262960	0.007883813311
262961	0.0007048572622
262962	0.004242559186
262963	0.003051347069
262964	0.001072234933
262965	0.001478462264
262966	0.0006033984833
262967	0.001554677129
262968	2.118791715e-07
262969	0.006832584346
262970	0.0005908981706
262971	0.004001890249
262972	0.002193200765
262973	0.006838279237
262974	0.006220609201
262975	0.001028810949
262976	0.004612366701
262977	0.0008330869981
262978	0.001499462243
262979	0.001336768827
262980	0.002253506437
262981	0.003583277563
262982	0.003599993369
262983	0.005503217128
262984	0.004453416042
262985	0.004406448404
262986	0.003831917002
262987	0.005461564078
262988	2.149958625e-05
262989	0.001371700072
262990	0.00505224227
262991	0.001822927962
262992	3.71218569e-05
262993	0.008144165211
262994	3.243687064e-05
262995	0.00462919888
262996	0.001943852238
262997	0.003556977474
262998	0.006033083013
262999	0.002029826519
263000	0.002098179915
263001	0.001420436085
263002	0.005429776959
263003	0.00941733462
263004	0.0003146577041
263005	0.01131218426
263006	0.001317125463
263007	0.00387123425
263008	0.0002080425229
263009	0.0005090512274
263010	0.001572961924
263011	0.001544226659
263012	0.004254366218
263013	0.004508649522
263014	0.002523426766
263015	0.0001656873934
263016	0.005982608336
263017	0.001839922196
263018	0.003442734598
263019	0.00281013907
263020	0.006994583982
263021	0.003245826588
263022	0.005151332748
263023	0.001578899779
263024	0.003716460549
263025	0.002072651558
263026	0.003122533706
263027	0.0007161369086
263028	0.005556116915
263029	0.003057456384
263030	0.001911074277
263031	0.001966712666
263032	0.003772962068
263033	0.003392999787
263034	0.005896897076
263035	0.0006852286378
263036	0.0002247381371
263037	0.002368853346
263038	0.001097818357
263039	0.01029864525
263040	0.0008903112726
263041	0.003161509243
263042	0.0002542151876
263043	0.00204713072
263044	0.00323786002
263045	0.0002415493045
263046	0.001366346361
263047	0.0004192882461
263048	0.004312540548
263049	0.006219228302
263050	0.004006795186
263051	0.003660881933
263052	0.005852397618
263053	0.002492504238
263054	0.009734338313
263055	0.0004782811052
263056	0.003771023268
263057	0.006431129195
263058	0.00381547653
263059	0.008454114029
263060	0.001189547463
263061	0.0004354986824
263062	0.004030883864
263063	0.003678440069
263064	0.0008855970041
263065	0.001532096765
263066	0.005864142825
263067	0.003562371619
263068	0.005212923741
263069	0.01416187007
263070	0.001879884312
263071	0.0008863970501
263072	0.005518380356
263073	0.002976163115
263074	0.003259390995
263075	0.005309704943
263076	0.0003585211891
263077	0.003970887879
263078	0.0001220942767
263079	0.008032103813
263080	0.009244542714
263081	0.005811488438
263082	0.00664257808
263083	0.00378515217
263084	0.003977364124
263085	0.0009387304992
263086	0.005113721153
263087	0.005926449773
263088	0.001258551093
263089	0.00458362325
263090	0.001065270805
263091	0.001652077292
263092	0.001357766769
263093	0.0005543485062
263094	0.0002042483932
263095	0.0005544251307
263096	0.004058235275
263097	3.249181964e-05
263098	0.002790561075
263099	0.002950086815
263100	0.008741704762
263101	0.001588419891
263102	0.0006292684582
263103	0.006699959503
263104	0.0005934328448
263105	0.009185564029
263106	0.002836012586
263107	0.008939867406
263108	0.001718159177
263109	0.002397312206
263110	0.0001266975361
263111	0.003515808363
263112	0.005595355944
263113	0.0004272568618
263114	0.0001046986668
263115	0.01524070967
263116	0.0008672824878
263117	0.000423832823
263118	0.004561290715
263119	0.0004298613947
263120	0.002545573176
263121	0.00439938167
263122	0.007174068199
263123	0.0007729594685
263124	0.003440217556
263125	0.008535469762
263126	0.003495147922
263127	0.006328771987
263128	0.0009504511143
263129	0.0001199989102
263130	0.003865415761
263131	0.004151467411
263132	0.0001064777665
263133	0.003750159591
263134	0.00049621363
263135	0.01020413112
263136	0.003028299142
263137	0.009286311657
263138	0.002452940195
263139	0.003598640448
263140	0.002330508129
263141	0.004296991945
263142	0.009238721195
263143	0.001144503519
263144	0.006180234455
263145	0.0007200029632
263146	0.002611045253
263147	0.005790462106
263148	0.008184207342
263149	0.003865213222
263150	0.003977694853
263151	0.005402589331
263152	0.004650306012
263153	0.007906814557
263154	0.00503698942
263155	0.0008050022151
263156	0.001523201753
263157	0.003295186571
263158	0.005298605073
263159	0.007869511006
263160	0.007500382206
263161	0.002413893799
263162	0.001585258109
263163	0.001520599582
263164	0.0002827232323
263165	0.01003827349
263166	0.01245415425
263167	0.005244661089
263168	0.003384155389
263169	0.004740890213
263170	0.00141445119
263171	0.001034946249
263172	0.003937736488
263173	0.001025278958
263174	0.0007543147592
263175	0.003403723759
263176	0.001637782156
263177	0.01553726104
263178	0.009293333258
263179	0.008553967163
263180	0.005733271457
263181	0.01065597014
263182	0.0009173492919
263183	0.006091366396
263184	8.557838419e-05
263185	0.005078887815
263186	0.007279587851
263187	0.002587359306
263188	0.0008682214694
263189	0.0006682137835
263190	0.001017646209
263191	0.008701353402
263192	0.003216655169
263193	0.001659522962
263194	0.002787009802
263195	0.001456022067
263196	0.001973899973
263197	0.0008865346498
263198	0.008471869655
263199	0.004618502986
263200	0.0008660493194
263201	0.001332605198
263202	0.0124156816
263203	0.003416766904
263204	0.0003945571435
263205	0.00655057206
263206	0.003455415123
263207	0.00548729139
263208	0.009190555736
263209	0.001598745774
263210	0.0005467261865
263211	0.0003936785073
263212	0.008170049737
263213	0.0002434153306
263214	0.0009570369807
263215	1.122998662e-06
263216	0.004508422411
263217	6.680592873e-05
263218	0.003585710551
263219	0.00444204844
263220	0.004487315298
263221	0.001141461254
263222	0.0009364715711
263223	0.0006472447951
263224	0.0001012643817
263225	0.005148757786
263226	0.002002670368
263227	0.001103355976
263228	0.008617892699
263229	0.002333347819
263230	0.005773010422
263231	0.00578316945
263232	0.003242425322
263233	0.000301335323
263234	0.005036665324
263235	0.002672197155
263236	0.004831343618
263237	0.001845972627
263238	0.001213035976
263239	8.795133187e-05
263240	0.0002999071727
263241	0.001387997038
263242	0.0003365477933
263243	0.004152392186
263244	0.0003437331965
263245	0.0006834591471
263246	0.0009314299475
263247	0.007765227954
263248	0.002032652173
263249	0.004579988662
263250	0.002728254421
263251	0.001769469291
263252	0.000515133879
263253	9.65308513e-05
263254	0.005080035221
263255	0.007400950358
263256	0.008100969859
263257	0.0006310956349
263258	0.003952005478
263259	0.004825309038
263260	0.0008141425802
263261	0.003314167803
263262	0.006975566447
263263	0.001030651374
263264	0.005793013797
263265	0.0001682364884
263266	0.01291782786
263267	0.007190803419
263268	0.004487716056
263269	0.0004830984621
263270	0.000650306365
263271	0.006633492167
263272	0.001667440286
263273	0.0009209745068
263274	0.005367392048
263275	0.007181179057
263276	0.0008455939083
263277	0.00378285991
263278	0.01388528335
263279	0.0005363317068
263280	0.000106217887
263281	0.003815146439
263282	0.005251030783
263283	0.002715612611
263284	0.001129905754
263285	0.0006703270917
263286	0.0007799351035
263287	0.005981734629
263288	0.001782264578
263289	0.001386344446
263290	0.008699213183
263291	0.008041031232
263292	0.0155036356
263293	0.00943509598
263294	0.003794106965
263295	0.01265858258
263296	0.003797129772
263297	0.00883229239
263298	0.007661832319
263299	0.0009240760276
263300	0.00424015391
263301	0.00879436969
263302	1.587693658e-05
263303	0.005471739642
263304	0.009991136666
263305	0.0001725539583
263306	0.003960974037
263307	0.001150112162
263308	0.001761780638
263309	0.001439530946
263310	0.003738072737
263311	0.003942892515
263312	0.006442253549
263313	0.0009972126876
263314	0.01013134859
263315	0.008500721439
263316	0.003703728651
263317	0.0005343912368
263318	0.003789239747
263319	0.009219486391
263320	0.003480103994
263321	0.007123699113
263322	0.006065162358
263323	0.001073371773
263324	0.001458563747
263325	0.0004642533697
263326	0.001087147001
263327	0.00396270019
263328	0.0006054973467
263329	0.002325182968
263330	0.001209186791
263331	0.001923668248
263332	0.01111587291
263333	0.0007837911728
263334	0.006264060154
263335	0.0007692410872
263336	0.003484970033
263337	0.001526443848
263338	0.003924932074
263339	0.0143282378
263340	0.0003709266445
263341	0.006234036389
263342	0.004033687641
263343	0.003108447047
263344	0.009960576392
263345	0.002092548341
263346	0.0024109687
263347	0.0006611431985
263348	0.0006025291021
263349	0.0002258087736
263350	0.000434695101
263351	0.002032531195
263352	0.001772418809
263353	0.002264870102
263354	0.01333084489
263355	0.006078470363
263356	0.01027429444
263357	0.001118274006
263358	0.0002862723479
263359	0.001243680982
263360	0.006089757678
263361	0.000419925621
263362	0.001483271072
263363	0.01299378781
263364	0.010384027
263365	0.002226776338
263366	0.004580277104
263367	0.005196169755
263368	0.009304992765
263369	0.0007838780047
263370	0.001753367622
263371	0.002008689954
263372	0.004956635889
263373	0.01160717333
263374	0.008678406321
263375	0.00593986961
263376	0.001133061344
263377	0.0008089209269
263378	0.009000756894
263379	0.00367478704
263380	0.005784981001
263381	0.01612022274
263382	0.001579890936
263383	0.0006076446955
263384	0.001191275835
263385	0.006015237779
263386	0.00259745515
263387	0.007276268581
263388	0.005251005463
263389	0.004999321098
263390	0.002266279429
263391	0.0005178932191
263392	0.001130496383
263393	0.002383517691
263394	0.003591226428
263395	0.001738868632
263396	4.653681158e-06
263397	0.0002473984977
263398	0.001208625575
263399	0.001010581626
263400	0.001758306631
263401	0.001868915966
263402	0.0005316516199
263403	0.001806730424
263404	4.228670651e-06
263405	0.0001343350709
263406	0.0001261350889
263407	0.0003318975241
263408	0.005067270171
263409	0.003538519026
263410	0.0004180105262
263411	0.001519035653
263412	0.001405655252
263413	0.003172986422
263414	0.0001233922454
263415	0.0002473933925
263416	0.0001743500519
263417	0.00169090651
263418	0.002268908545
263419	0.001392703933
263420	0.001882921619
263421	0.004076895951
263422	0.002797988121
263423	0.000628330246
263424	0.001602345788
263425	0.001427109648
263426	1.106308648e-05
263427	0.002177374189
263428	0.0003898386997
263429	0.005076119604
263430	0.002125317709
263431	0.004879437471
263432	0.003459278054
263433	0.0007654860263
263434	0.002430484316
263435	0.001970498821
263436	0.00243577692
263437	0.0007165564073
263438	0.0001266401646
263439	2.601652078e-06
263440	0.001106874855
263441	0.002605667684
263442	0.001771735498
263443	0.001121363895
263444	0.0007754868827
263445	0.002508657922
263446	0.000512132333
263447	0.0001160384909
263448	0.001152545618
263449	0.001164574897
263450	0.0009055775626
263451	0.0009752046786
263452	0.002625384242
263453	0.0008863646464
263454	0.00256791065
263455	0.001029761582
263456	0.0004338958896
263457	0.00226238832
263458	0.002732833793
263459	0.0007229335285
263460	0.002159968583
263461	0.002648183647
263462	0.0009503112157
263463	0.002258017025
263464	0.002633461477
263465	0.002246461867
263466	0.0007485203391
263467	0.001052466511
263468	0.00112824287
263469	0.002373727251
263470	0.001650173217
263471	0.00138948337
263472	0.002880745991
263473	0.00233856075
263474	0.002883238511
263475	0.0005142711961
263476	0.004466187707
263477	0.001758769466
263478	0.001769114756
263479	0.00223215652
263480	0.0009671657847
263481	0.001371963078
263482	8.024530839e-06
263483	0.00265978771
263484	0.000932251544
263485	0.0005233088045
263486	0.0001589239951
263487	0.002526947113
263488	0.00250035994
263489	0.0005907277916
263490	0.001445266908
263491	0.001131406268
263492	0.002419625125
263493	0.001217230238
263494	0.002403611389
263495	0.001412166704
263496	0.0004697067092
263497	0.002891078638
263498	0.001572352179
263499	0.00366915683
263500	0.002215855376
263501	0.001370222839
263502	0.0003899097259
263503	0.002719162511
263504	0.002353646313
263505	0.001083118533
263506	0.004107852169
263507	0.003055319745
263508	0.002763052517
263509	0.001816083293
263510	0.002573605509
263511	0.001143048136
263512	0.00356614021
263513	0.0002580209217
263514	0.002532459261
263515	0.005105771681
263516	0.001314519653
263517	0.002144669049
263518	0.001044854001
263519	0.0005180340792
263520	0.00255895286
263521	0.003279810892
263522	0.0007430619957
263523	0.001096436204
263524	0.002499002786
263525	0.002390080035
263526	0.001234661202
263527	0.0002401300157
263528	0.000189797413
263529	0.003284065221
263530	0.002494238941
263531	1.03709077e-05
263532	0.0002010580333
263533	0.0002531230628
263534	0.001023863573
263535	0.004360200144
263536	0.002986089394
263537	0.002572485843
263538	0.004717654529
263539	0.004283745167
263540	0.0004847099004
263541	0.0002503268638
263542	0.005628302057
263543	0.002955217789
263544	0.002945375805
263545	0.003748776552
263546	0.001544560077
263547	0.002955393988
263548	0.004335757807
263549	0.001920481942
263550	0.002379237722
263551	0.00307311259
263552	0.001840778204
263553	0.003535522536
263554	0.001913241073
263555	0.005354880618
263556	0.002689622221
263557	0.0001387741886
263558	0.000135880111
263559	0.00288161969
263560	0.004233991094
263561	0.004880681651
263562	0.001896149932
263563	0.00412707228
263564	0.002767435232
263565	0.002036038587
263566	0.002907904879
263567	0.004786313838
263568	4.831123083e-06
263569	0.001502606495
263570	0.0008687995208
263571	0.004071890794
263572	5.759951088e-06
263573	0.003593916868
263574	0.001614325524
263575	0.002519077174
263576	0.005488079995
263577	0.005522805357
263578	0.004642625286
263579	0.002944440199
263580	0.002380879471
263581	0.005540907181
263582	0.005352562602
263583	0.004082233216
263584	0.003728340472
263585	0.005117630687
263586	0.001965367976
263587	0.001939039825
263588	0.003656625039
263589	0.002247847789
263590	0.005240482805
263591	0.0007171978876
263592	0.004038890206
263593	0.002193999563
263594	0.001386801483
263595	0.004588658835
263596	0.001637051276
263597	0.005236537534
263598	0.002916997543
263599	0.003838967445
263600	0.002842036415
263601	0.000757463822
263602	0.003918194214
263603	0.004254058824
263604	0.002758101321
263605	0.004855861046
263606	0.003842065998
263607	0.005627891247
263608	0.004979719764
263609	0.003374080552
263610	0.003737130119
263611	0.005753153026
263612	0.0002404987221
263613	0.003988158108
263614	0.00311382388
263615	0.004841287669
263616	0.002418299019
263617	0.003005125756
263618	0.001268875757
263619	0.002796379866
263620	0.004125054608
263621	0.004347175717
263622	0.00509842602
263623	0.0007694623458
263624	0.001990403479
263625	0.00298759158
263626	0.000213073648
263627	0.001497483577
263628	0.0005939211214
263629	0.002837733047
263630	0.005122084733
263631	0.004824848664
263632	0.002108266576
263633	0.001246269804
263634	0.002731588349
263635	0.002887539703
263636	0.004961065921
263637	0.002796783674
263638	0.003612131196
263639	0.004515622759
263640	0.003969448741
263641	0.003976663226
263642	0.001961242957
263643	0.002235729398
263644	0.00304544668
263645	0.003200016052
263646	0.0008483625111
263647	0.0006565752817
263648	0.004351670421
263649	0.0008392332891
263650	0.003553864166
263651	0.002528069713
263652	0.001109357844
263653	0.004080705674
263654	0.003703560729
263655	0.005112519398
263656	0.005653123143
263657	0.004442247075
263658	0.000786361918
263659	0.001885280763
263660	0.003660596596
263661	0.005246573918
263662	0.0003836301507
263663	0.004108741855
263664	0.002137286276
263665	0.001353183518
263666	0.002988775021
263667	0.0007587144952
263668	0.002261196479
263669	0.004117462666
263670	0.0001297789724
263671	0.003078051494
263672	0.001765767668
263673	0.0004997580108
263674	0.002056811144
263675	0.003613513358
263676	0.001617940089
263677	0.001000832721
263678	0.002635808523
263679	0.002400594413
263680	0.0002254745837
263681	0.003279433082
263682	0.005095324299
263683	0.002483087403
263684	0.003741663615
263685	0.001836324575
263686	0.003556583603
263687	0.005358289726
263688	0.004836274633
263689	0.001893149554
263690	0.0003931181236
263691	0.004615760116
263692	0.0008640709381
263693	0.001127859272
263694	0.003727537381
263695	0.003468843967
263696	0.002714449963
263697	0.002040018968
263698	0.001541086606
263699	0.001766474755
263700	0.0007463188643
263701	0.002854355521
263702	0.003687031863
263703	0.004769780979
263704	0.005117285894
263705	0.003805145975
263706	0.003479514092
263707	0.005356097241
263708	0.003233509894
263709	0.000374667712
263710	0.001848418383
263711	0.0002653685239
263712	0.005241422022
263713	0.005017215007
263714	0.00473745032
263715	0.002581286858
263716	0.003916258395
263717	0.002909610595
263718	0.0007568591685
263719	0.001974676718
263720	0.005740317682
263721	0.000389356144
263722	0.005743104766
263723	0.00371432
263724	0.003152864017
263725	0.003147111795
263726	0.0006817232585
263727	0.0128142473
263728	0.001558400943
263729	0.004741034395
263730	0.008448505528
263731	0.007815507345
263732	0.009531878389
263733	0.001871222887
263734	0.003448161131
263735	0.001448332517
263736	0.00129190555
263737	0.0007674717303
263738	0.002645967105
263739	0.01515204045
263740	0.009859979863
263741	0.000132720689
263742	0.001843774879
263743	0.00689380551
263744	0.000471800513
263745	0.01010420867
263746	0.000432576391
263747	0.01223661326
263748	0.01127593173
263749	0.007101373278
263750	0.007394803809
263751	0.008151750246
263752	0.000643632231
263753	0.001253942524
263754	0.0006681821272
263755	0.001101421854
263756	0.002088836701
263757	0.003239175028
263758	0.003384139868
263759	0.001213779197
263760	0.009358158348
263761	0.009133102347
263762	0.002788661119
263763	0.008511521326
263764	0.006006762996
263765	0.01451588424
263766	0.00104307196
263767	0.001397674725
263768	0.014570841
263769	0.003380030655
263770	0.005917057941
263771	0.008230127049
263772	0.003675615721
263773	0.0008679732669
263774	0.008149380822
263775	0.001719913178
263776	0.004528241647
263777	0.0002360473728
263778	0.004756988367
263779	0.0001232111135
263780	0.0001220653194
263781	0.004291180205
263782	0.0006837213526
263783	0.004538403194
263784	0.002343435626
263785	0.0004628700431
263786	0.002282078626
263787	0.002114703312
263788	0.005559100867
263789	0.001278837046
263790	0.0006892507235
263791	0.002330431097
263792	0.001176398644
263793	0.0008489628848
263794	0.002194999873
263795	0.0002304065132
263796	0.0002196524636
263797	1.228018469e-08
263798	0.001053296271
263799	0.001608004087
263800	0.005192866584
263801	0.01069109067
263802	0.003644280412
263803	0.000735931751
263804	0.007614453803
263805	0.003027787216
263806	0.0004518365711
263807	0.002865527185
263808	0.004658315678
263809	0.0004205567153
263810	0.001224326542
263811	0.01283153152
263812	0.004619246499
263813	0.004449246961
263814	0.006109864591
263815	0.01054959317
263816	0.001034566125
263817	0.005932399934
263818	0.006449435385
263819	0.004327185474
263820	0.001616794249
263821	0.001944057681
263822	0.001680829809
263823	0.007191275971
263824	0.001859267089
263825	0.005686415979
263826	0.008488108919
263827	0.003626579137
263828	8.943332854e-07
263829	0.00212430359
263830	0.002711010901
263831	0.01096447115
263832	0.005329320843
263833	0.0002816569289
263834	0.003232667385
263835	0.004250198686
263836	0.01147717546
263837	0.0004640778752
263838	7.713777887e-05
263839	0.00128921933
263840	0.002596000307
263841	0.001297279661
263842	0.004584442481
263843	0.007526534828
263844	0.01209067105
263845	0.007197885781
263846	0.003133392505
263847	0.00689921719
263848	0.004449195773
263849	0.0003485966565
263850	0.007189802861
263851	0.002961140659
263852	0.008149167207
263853	0.01482980185
263854	0.01065571346
263855	0.001392979299
263856	0.007861932093
263857	0.004994775476
263858	0.005922567544
263859	0.008633872902
263860	0.001702326275
263861	0.000722285866
263862	0.000348513727
263863	0.0008448785406
263864	0.001683896732
263865	0.0003710380149
263866	0.002774813326
263867	0.0002414298044
263868	0.004580079663
263869	0.002798771698
263870	0.0130224513
263871	0.01469196444
263872	0.003082380545
263873	0.01080692335
263874	0.009771868733
263875	0.003058612426
263876	0.01705171916
263877	0.00496185907
263878	0.02072036398
263879	0.01185934521
263880	0.007074932407
263881	0.01114200096
263882	0.004671022198
263883	0.01571279214
263884	0.01668309534
263885	0.01025698937
263886	0.01012331731
263887	0.01830200107
263888	0.0205997811
263889	0.003758234545
263890	0.01975180114
263891	0.01301512729
263892	0.001988918127
263893	0.0184363605
263894	0.01471839628
263895	0.005620331615
263896	0.01972260295
263897	0.01741263146
263898	0.01375637672
263899	0.01331985323
263900	0.0007701277023
263901	0.002197465521
263902	0.01163191937
263903	0.01348409285
263904	0.003180039327
263905	2.876925934e-05
263906	0.001611627206
263907	0.0002710079272
263908	0.008319643872
263909	0.01237252759
263910	0.009748031065
263911	0.01587690452
263912	0.008560585965
263913	0.01816152662
263914	0.00704764253
263915	0.009586127068
263916	0.008504831738
263917	0.02336163647
263918	0.0005801137001
263919	0.01587940404
263920	0.006611122844
263921	0.005537652067
263922	0.004980694523
263923	0.002460895248
263924	0.00901745779
263925	0.006738677569
263926	0.01326348588
263927	0.001895990682
263928	0.0157009815
263929	0.01730320022
263930	0.007603975178
263931	0.002353214435
263932	0.0001510012933
263933	0.01409315812
263934	0.004279199075
263935	0.005178068562
263936	0.0004152727774
263937	0.01667920826
263938	0.01334770165
263939	0.009351464759
263940	0.01241075215
263941	0.01669164139
263942	0.009822371004
263943	0.005787957264
263944	0.009837662699
263945	0.01163895393
263946	0.007121196717
263947	0.006253885214
263948	0.01610742299
263949	0.01388987556
263950	0.002483637827
263951	0.01940124191
263952	0.005888986023
263953	0.002629887353
263954	0.004229926231
263955	0.01323446916
263956	0.01007126352
263957	0.01423750189
263958	0.01394671596
263959	0.00273025317
263960	0.005660859753
263961	0.01684679506
263962	0.01919665014
263963	0.003955994359
263964	0.0002726634247
263965	0.01201159624
263966	0.008454992942
263967	0.003672482966
263968	0.0007743080343
263969	0.01239694406
263970	0.01437225478
263971	0.006225561179
263972	0.002247692824
263973	0.009105079314
263974	0.01873363621
263975	0.006063352996
263976	0.007705605559
263977	0.0112704114
263978	0.001347306372
263979	0.01076113811
263980	0.007224965093
263981	0.0187333646
263982	0.004268469526
263983	0.01686825032
263984	0.0004096520583
263985	0.02223763089
263986	0.01170384634
263987	0.00101935846
263988	0.01516062785
263989	0.002297524727
263990	0.005901066071
263991	0.01328295595
263992	0.004358580814
263993	0.01091498643
263994	0.009047176341
263995	0.006165300698
263996	0.0005831111313
263997	0.001446768171
263998	0.00829875274
263999	0.003008725367
264000	0.001259969608
264001	0.01683639616
264002	0.006261187597
264003	0.008227165324
264004	0.01794675035
264005	0.002491809916
264006	0.002748872395
264007	0.01238240817
264008	0.01652396943
264009	0.0108669555
264010	0.009807121482
264011	0.01502306129
264012	0.001013875557
264013	0.01020634213
264014	0.0127129902
264015	0.004132191786
264016	0.009092591863
264017	0.003449581125
264018	0.005538943638
264019	0.002266397456
264020	0.000320512856
264021	0.008314732765
264022	0.0009124744955
264023	0.01696814745
264024	0.01013823121
264025	0.006855558795
264026	0.01785287875
264027	0.00879136397
264028	0.00733372539
264029	0.0002394568326
264030	0.01342674433
264031	0.01025286396
264032	0.0005525071442
264033	0.002060092287
264034	0.003344214593
264035	0.005934099185
264036	0.01570201722
264037	0.01088928683
264038	0.002455149715
264039	0.01491267901
264040	0.02102601795
264041	0.001858664507
264042	0.0007448271226
264043	0.01584113354
264044	0.00102303939
264045	0.01141290691
264046	0.004188000363
264047	0.004055022124
264048	0.009321570785
264049	0.003625680745
264050	0.01576916771
264051	0.02083876292
264052	0.007811048477
264053	0.01218703713
264054	0.0003337266474
264055	0.01363209525
264056	0.01781700323
264057	0.007594174093
264058	0.001854208839
264059	0.002058003316
264060	0.007041854238
264061	0.002037875581
264062	0.007311511648
264063	0.01539689221
264064	0.009556791344
264065	0.01895339293
264066	0.0137677982
264067	0.01784587181
264068	0.01133184816
264069	0.01600104561
264070	0.01859406737
264071	0.01729600309
264072	0.01930873529
264073	0.002884832546
264074	0.017735913
264075	0.01983120796
264076	0.003782093119
264077	0.008153951066
264078	0.0005075567162
264079	0.0007038644096
264080	0.009268069716
264081	0.01604655941
264082	0.01635239343
264083	0.009172150037
264084	0.01596803501
264085	0.001594966127
264086	0.002936799513
264087	0.02083541671
264088	0.0004730886096
264089	0.02045474952
264090	0.01594666198
264091	0.008562456246
264092	0.02336201906
264093	0.006195261463
264094	0.004878754225
264095	0.01666265468
264096	0.0177040895
264097	0.008718228346
264098	0.009495027351
264099	0.01246221053
264100	0.006634599574
264101	0.001763596566
264102	0.004792433282
264103	0.004026460706
264104	0.0106084012
264105	0.0002386621608
264106	0.007998967468
264107	0.001997834924
264108	0.00812274447
264109	0.01592216744
264110	0.01947077865
264111	0.01604342175
264112	0.01380965068
264113	0.01657762149
264114	0.01381425797
264115	0.01340700681
264116	0.0004738394649
264117	0.01439301036
264118	0.0142147252
264119	0.01525589552
264120	6.461443727e-05
264121	0.01511523742
264122	0.001459659451
264123	0.02158938869
264124	0.01793756554
264125	0.01737029015
264126	0.01007192287
264127	0.01683177228
264128	0.002749704189
264129	0.01917394029
264130	0.004578934154
264131	0.001814280447
264132	0.009193724014
264133	0.0005617569939
264134	0.01882125048
264135	0.01784586385
264136	0.01803427807
264137	0.006448345369
264138	0.003035419085
264139	5.071262196e-06
264140	0.004565249219
264141	0.01495441239
264142	0.007820364842
264143	0.002764509055
264144	0.007546262856
264145	0.01168684366
264146	0.01178785943
264147	0.006241934581
264148	0.01354030199
264149	0.004589292398
264150	0.01232131374
264151	0.0153833693
264152	0.01671398694
264153	0.006316255122
264154	0.01641086969
264155	0.01019788396
264156	0.006253236765
264157	0.004126765763
264158	0.003043595842
264159	0.0127143402
264160	0.01021860546
264161	0.0123544517
264162	0.01392996836
264163	0.002448691238
264164	0.009428176067
264165	0.003088575961
264166	0.009156741292
264167	0.01476225921
264168	0.009500540613
264169	0.009008049662
264170	0.003885777373
264171	0.001690565192
264172	0.006360553619
264173	0.003104770545
264174	0.003815113
264175	0.01385174074
264176	0.01817013056
264177	0.01595204401
264178	0.004596117182
264179	0.01058558379
264180	0.001665690969
264181	0.01626208224
264182	0.01734797831
264183	0.01294906144
264184	0.00170172827
264185	0.001580549548
264186	0.01799275652
264187	0.01879482974
264188	0.01860013755
264189	0.01498035447
264190	0.009736882379
264191	0.02014473377
264192	0.01222911384
264193	0.007018020502
264194	0.00878350774
264195	0.006596711707
264196	0.001782166746
264197	0.0127049065
264198	0.0001357008131
264199	0.0007464422224
264200	0.00704578201
264201	0.01946697959
264202	0.00891851292
264203	0.007326509965
264204	0.01897265479
264205	0.01654246818
264206	0.01786403997
264207	0.01184645621
264208	0.01598172762
264209	0.003971188555
264210	0.01325786443
264211	0.01706150609
264212	0.01042906139
264213	0.005163034992
264214	0.003481036217
264215	0.01435242209
264216	0.01291340623
264217	0.01827470686
264218	0.001556405283
264219	0.01153370882
264220	0.0008994041598
264221	0.0170055272
264222	0.01375820796
264223	0.001243962509
264224	0.009250690323
264225	0.0077757141
264226	0.01464218812
264227	0.002459009966
264228	0.008221392935
264229	0.01637118162
264230	0.007161754739
264231	0.000434517564
264232	0.008164271553
264233	0.02431150906
264234	0.009756320047
264235	0.003027657106
264236	0.01580350105
264237	0.00176299232
264238	0.0253209669
264239	0.01360064404
264240	0.009666706255
264241	0.01211694454
264242	0.007223710613
264243	0.01728811306
264244	0.01105758778
264245	0.00867128283
264246	0.01357706428
264247	0.002292458537
264248	0.01582777528
264249	0.008403644591
264250	0.02056296731
264251	0.002180329883
264252	0.01068126252
264253	0.01093474509
264254	0.01772916406
264255	0.001622266896
264256	0.01756037054
264257	0.01382242705
264258	0.009061345967
264259	0.01222250653
264260	0.01699639851
264261	0.01446083183
264262	0.02115918822
264263	0.001450310375
264264	0.002490720942
264265	0.01381518312
264266	0.00636604535
264267	0.0002893473247
264268	0.004916611983
264269	0.01623791828
264270	0.006730661343
264271	0.009221125273
264272	0.008788428644
264273	0.00499014981
264274	0.007849054586
264275	0.01086865228
264276	0.0004737279686
264277	0.002583229232
264278	0.0006460416536
264279	0.0001809143579
264280	0.0003327766487
264281	0.001470506479
264282	0.001758336351
264283	0.00155307471
264284	0.00062322217
264285	4.957143287e-05
264286	0.001241727382
264287	0.001090027262
264288	0.0004854145507
264289	0.0002670045608
264290	0.0005407137974
264291	0.0003285060979
264292	0.0009663119533
264293	0.001653061692
264294	0.001810879503
264295	0.0001250131198
264296	0.0007371709227
264297	3.519217126e-05
264298	0.000284352096
264299	3.151610236e-05
264300	0.0006004511333
264301	0.0001823855728
264302	0.0007635576499
264303	0.000422826336
264304	0.001380093804
264305	0.0004108590679
264306	0.001618632864
264307	0.003794515172
264308	0.00502072031
264309	0.004605487686
264310	0.004749500733
264311	0.003347610241
264312	0.0105495049
264313	0.004811670161
264314	0.003417262486
264315	0.0109605061
264316	0.0003751990408
264317	0.0150267827
264318	0.00502667709
264319	0.004829155774
264320	0.009658183784
264321	0.01095202485
264322	0.009771174443
264323	0.01034345205
264324	0.001089410926
264325	0.01011583143
264326	0.01094616033
264327	0.007998256216
264328	0.01534464784
264329	0.0009179062763
264330	0.001303930307
264331	0.001274328962
264332	0.000601862877
264333	0.003347651113
264334	0.001125578597
264335	0.01162125912
264336	0.002119287004
264337	0.0002120333154
264338	0.0001264528344
264339	0.002268984422
264340	0.002560817687
264341	0.002204128225
264342	0.002154344422
264343	0.003421961598
264344	0.0009898858661
264345	0.002508025457
264346	0.002052706173
264347	0.002787544042
264348	0.002379711567
264349	0.002524960314
264350	0.002535026701
264351	0.00266798833
264352	0.002555106131
264353	0.002181739033
264354	0.001224481639
264355	0.00159032144
264356	0.001617871737
264357	0.002309135034
264358	0.001322964732
264359	0.003076649424
264360	0.001965881215
264361	0.001543399987
264362	0.001676239382
264363	0.0007639742098
264364	0.001902241729
264365	0.001600033731
264366	0.003038705101
264367	0.003258481245
264368	0.002348320661
264369	0.003689181644
264370	0.002359062744
264371	0.002235568264
264372	0.003344486828
264373	0.002139501945
264374	0.004926296901
264375	0.001639113203
264376	0.00189315948
264377	0.002071636642
264378	0.005335308313
264379	0.002193710123
264380	0.002632197664
264381	0.002190338307
264382	0.00226569838
264383	0.001792745413
264384	0.002681425219
264385	0.001806415041
264386	0.002000952603
264387	0.003024810716
264388	0.00182404012
264389	0.00233771506
264390	0.002418700852
264391	0.001611384748
264392	0.001978421085
264393	0.002756204093
264394	0.003396383801
264395	0.002415897346
264396	0.002588050768
264397	0.0024192498
264398	0.002338405848
264399	0.002947976638
264400	0.0007909341181
264401	0.002831130413
264402	0.004276402318
264403	0.002284632941
264404	0.0005760148457
264405	0.001052001764
264406	0.001289831027
264407	0.0009847428543
264408	0.002412552685
264409	0.001595164086
264410	0.0007555405125
264411	0.004102013034
264412	0.00160379373
264413	0.003473726312
264414	0.002312070853
264415	0.002742802303
264416	0.002817555909
264417	0.00241347693
264418	0.001023669702
264419	0.002874103068
264420	0.002888672836
264421	0.002841577642
264422	0.00305127713
264423	0.0005933341076
264424	0.001183163661
264425	0.002610919768
264426	0.003972908242
264427	0.002692448239
264428	0.002230444357
264429	0.001840062526
264430	0.003170866586
264431	0.001441931902
264432	0.00133511235
264433	0.0004622976741
264434	0.005857777624
264435	0.002737588675
264436	0.001852951152
264437	0.003223883328
264438	0.002869559305
264439	0.001488276335
264440	0.002406705986
264441	0.001710384732
264442	0.0001314466985
264443	0.002267727426
264444	0.0005853505296
264445	0.001727423011
264446	0.003520707004
264447	0.001909151994
264448	0.003282379551
264449	0.003083744944
264450	0.00168700561
264451	0.002185565967
264452	0.001220687105
264453	0.002350910763
264454	0.001043807216
264455	0.002476235065
264456	0.001435604364
264457	0.001106932289
264458	0.0006493775392
264459	0.002461790174
264460	0.002082041297
264461	0.002597983608
264462	0.001267612961
264463	0.002160771964
264464	0.002848271128
264465	0.001261134252
264466	0.0003661910596
264467	0.001827015668
264468	0.003008091659
264469	0.001272372358
264470	0.001113369338
264471	0.002099712643
264472	0.001736198594
264473	0.002074517624
264474	0.003721262087
264475	0.005375761479
264476	0.002168689464
264477	0.001293824582
264478	0.000463562439
264479	0.00317709777
264480	0.001871761338
264481	0.002258920022
264482	0.007209131548
264483	0.0005338240383
264484	0.002658628933
264485	0.003506766292
264486	0.002372770807
264487	0.001543163464
264488	0.001778113304
264489	0.001885863753
264490	0.00247289555
264491	0.002265605388
264492	0.002900379378
264493	0.002793011095
264494	0.001547172111
264495	0.002348443268
264496	0.002811804718
264497	0.002606562929
264498	0.002946817754
264499	0.00198029726
264500	0.003463481856
264501	0.002020691791
264502	0.002047631071
264503	0.002339837284
264504	0.002669236667
264505	0.001899688849
264506	0.0002713605191
264507	0.002454591473
264508	0.002615414695
264509	0.002202589937
264510	0.002949903375
264511	0.003174332237
264512	0.001558579895
264513	0.0004847503186
264514	0.001197573523
264515	0.003162175335
264516	0.001418072121
264517	0.001052041867
264518	0.002603302699
264519	0.0003127541149
264520	0.002292596654
264521	0.002551625346
264522	0.001297074317
264523	0.001786486919
264524	0.001845065821
264525	0.001512456713
264526	0.001635053737
264527	0.002620814355
264528	0.001928864937
264529	0.001675627792
264530	0.001785680892
264531	0.0007883116039
264532	0.0009166893193
264533	0.002852102242
264534	0.001073273332
264535	0.002214800511
264536	0.003146963349
264537	0.00222513666
264538	0.0009684978896
264539	0.001771557326
264540	0.00343466674
264541	0.001477136614
264542	0.002456208486
264543	0.001843096125
264544	0.002358829916
264545	0.0008972021649
264546	0.002384528584
264547	0.002793424355
264548	0.00218786332
264549	0.001834301558
264550	0.0008410428858
264551	0.001563815178
264552	0.002826380263
264553	0.003547379784
264554	0.001358685252
264555	0.002635588134
264556	0.002454837596
264557	0.002139570877
264558	0.001228061725
264559	0.002193124893
264560	0.002995281948
264561	0.002714649845
264562	0.002657651175
264563	0.001025822012
264564	0.00214419915
264565	0.000851309235
264566	0.00196539641
264567	0.003846319957
264568	0.003181914167
264569	0.00141664039
264570	0.002616231895
264571	0.00134113495
264572	0.002335468549
264573	0.001224658705
264574	0.002717032316
264575	0.001704927466
264576	0.0006867931499
264577	0.001783581584
264578	0.001426475883
264579	0.002578373679
264580	0.001438800871
264581	0.001702154461
264582	0.001860192078
264583	0.000182613997
264584	0.002823893133
264585	0.001974402185
264586	0.003316971431
264587	0.001390525841
264588	0.002942495183
264589	0.003392203612
264590	0.001805997117
264591	0.002778750574
264592	0.003409422527
264593	0.002678622599
264594	0.00200438359
264595	0.002309887304
264596	0.002274206055
264597	0.000705432923
264598	0.001931434091
264599	0.003021743954
264600	0.002280344296
264601	0.001428026085
264602	0.002135273464
264603	0.001865644479
264604	0.00287005577
264605	0.001349837387
264606	0.001179561671
264607	0.001798708091
264608	0.004263026778
264609	0.001538415355
264610	0.002085724191
264611	0.00152969188
264612	0.003428472996
264613	0.002496925542
264614	0.001576481216
264615	0.002257434253
264616	0.001607941079
264617	0.001481851495
264618	0.001388558538
264619	0.0014448364
264620	0.002903517154
264621	0.004494915848
264622	0.002457926373
264623	0.002663546172
264624	0.00494583741
264625	0.0032821578
264626	0.001580267727
264627	0.002309979972
264628	0.006441662191
264629	0.001863182376
264630	0.0014182099
264631	0.001856237005
264632	0.001782346884
264633	0.002482733062
264634	0.002109293512
264635	0.0008488412755
264636	0.001980103663
264637	0.001897578874
264638	0.002007856716
264639	0.002645385216
264640	0.001605737592
264641	0.003968945016
264642	0.002370082066
264643	0.003017844154
264644	0.001622516868
264645	0.002560527599
264646	0.001849644732
264647	0.001187757506
264648	0.00248978471
264649	0.003337789743
264650	0.002612026744
264651	0.002912083302
264652	0.002658738576
264653	0.003528792199
264654	0.00173097608
264655	0.001881797889
264656	0.002948081578
264657	0.0005181711242
264658	0.002540349704
264659	0.002573153985
264660	0.001497350683
264661	0.002615412792
264662	0.001105498999
264663	0.002058459504
264664	0.00210765795
264665	0.002335632576
264666	0.003431457633
264667	0.002770970377
264668	0.001913464633
264669	0.003582860208
264670	0.001413980774
264671	0.001888106907
264672	0.001817215702
264673	0.001440271366
264674	0.002886412072
264675	0.00208503531
264676	0.001289210458
264677	0.0027031309
264678	0.00339629097
264679	0.001868858768
264680	0.002227937007
264681	0.002957059041
264682	0.0014333188
264683	0.002367610011
264684	0.001949545401
264685	0.0019099446
264686	0.001920076629
264687	0.0007343282322
264688	0.001416257504
264689	0.001719514069
264690	0.002768832662
264691	0.004074896828
264692	0.001037024483
264693	0.002266233373
264694	0.0006517558159
264695	0.001160005326
264696	0.003252739851
264697	0.0009676079335
264698	0.007284526402
264699	0.009101952457
264700	0.007633008945
264701	0.00229317748
264702	0.0003169098421
264703	0.001273324319
264704	0.006993192203
264705	0.003534679358
264706	0.0003817759029
264707	0.002963103583
264708	0.007516458388
264709	0.008512254881
264710	0.009632515739
264711	0.001609906799
264712	0.003682918991
264713	0.003423876471
264714	0.006603640259
264715	0.003742835472
264716	0.009606669441
264717	0.009115993329
264718	0.008350069431
264719	0.005197434382
264720	0.004519088999
264721	0.003823879741
264722	0.006527309502
264723	0.0009886176033
264724	0.006505576526
264725	0.002729419461
264726	0.006896355759
264727	0.004664736552
264728	0.001112805706
264729	0.004092842379
264730	0.001670081538
264731	0.001821300359
264732	0.001943478246
264733	0.0001168860523
264734	0.0009820983054
264735	0.001591733817
264736	0.003971608222
264737	0.001783653016
264738	0.001812780387
264739	0.0009694444474
264740	0.00618243429
264741	0.004199750454
264742	0.005709708154
264743	0.003503757947
264744	0.0001902548218
264745	0.0006116492675
264746	0.007501673471
264747	0.003423674407
264748	0.002113737821
264749	0.001845983285
264750	0.0119397207
264751	0.003459294235
264752	0.003242278838
264753	0.001031738888
264754	0.01072353685
264755	0.007947758619
264756	0.002008626893
264757	0.001114817632
264758	0.001074182527
264759	0.0004363477243
264760	0.004274866612
264761	0.0009442331246
264762	0.003199633934
264763	0.0007090318067
264764	0.002591063729
264765	0.002923311472
264766	0.0008747216423
264767	0.007733850479
264768	0.0001809980914
264769	7.6106782e-05
264770	0.002752788962
264771	0.001832213685
264772	0.002612004742
264773	0.0004264091438
264774	7.085223668e-05
264775	0.001277331927
264776	0.0007630328165
264777	9.939098072e-05
264778	0.00564871266
264779	0.000483524031
264780	0.002536856195
264781	0.004964735637
264782	0.001223431901
264783	0.007202838309
264784	0.003192842407
264785	0.0004524778904
264786	0.002397176286
264787	0.005944072502
264788	0.001999395703
264789	0.006211796463
264790	0.005174877999
264791	0.0006398712593
264792	0.0007985225186
264793	0.0005154041576
264794	0.002366365725
264795	0.011071729
264796	0.0008198769766
264797	0.01533653757
264798	0.007544509171
264799	0.001845500971
264800	0.005534344573
264801	0.001866912789
264802	0.005468197515
264803	0.0007258988848
264804	0.007651773812
264805	0.0001632259684
264806	0.007463788826
264807	0.002328709976
264808	0.001266802611
264809	0.000925070248
264810	0.003373431939
264811	0.0008995375735
264812	0.0002361107051
264813	0.000964340364
264814	0.004272743353
264815	0.003587439342
264816	0.005267656789
264817	0.006140603093
264818	0.005136624991
264819	0.01035507271
264820	0.003669548974
264821	0.001493003029
264822	0.003438055915
264823	0.002399656742
264824	0.003671353175
264825	0.0020527984
264826	0.0002919820521
264827	0.002320064041
264828	0.0001508308768
264829	0.003266354426
264830	0.001254972342
264831	0.0009401551338
264832	8.813609833e-05
264833	0.01025735955
264834	0.001202282941
264835	0.001687633859
264836	0.003403158976
264837	0.004406633174
264838	0.0005411263633
264839	0.0009017694004
264840	0.003082521327
264841	0.00190741569
264842	0.005070362039
264843	0.002224500919
264844	0.005299812318
264845	0.005252423244
264846	0.00698696012
264847	0.007236193965
264848	0.0069504775
264849	0.006058986568
264850	0.006782266763
264851	0.005817743124
264852	0.007425042323
264853	0.006674832824
264854	0.007491644928
264855	0.007710396141
264856	0.00568023454
264857	0.005513507646
264858	0.006392350442
264859	0.007462304682
264860	0.006653403352
264861	0.005876732272
264862	0.005659412097
264863	0.006505201143
264864	0.005875920003
264865	0.008048776777
264866	0.007273670633
264867	0.009681834759
264868	0.001973517019
264869	0.00680111306
264870	0.005877355012
264871	3.824648148e-05
264872	0.004303056776
264873	0.004924080951
264874	0.001668563972
264875	0.008527966275
264876	0.002195462373
264877	0.000945933025
264878	0.005365454096
264879	0.001807997813
264880	0.003420989708
264881	0.001529269719
264882	0.00942020425
264883	0.01145582201
264884	0.01023304774
264885	0.01362346415
264886	0.00411282526
264887	0.00964796413
264888	5.928103657e-05
264889	0.005695173203
264890	0.00364937188
264891	0.0001675376576
264892	0.0006573351715
264893	0.001409408919
264894	0.0167788186
264895	0.004071182741
264896	0.002872539331
264897	0.00787579387
264898	0.008330811661
264899	0.006436419133
264900	0.00840180926
264901	0.0006245130706
264902	0.002443942232
264903	0.006031272564
264904	0.003948688503
264905	0.002678905427
264906	0.004374873769
264907	0.007141707434
264908	0.004231183874
264909	0.00100217682
264910	0.000220362231
264911	0.002156784949
264912	0.001651623845
264913	0.002150553412
264914	0.006455326385
264915	0.0002598916241
264916	0.002960038594
264917	0.006597794495
264918	0.0134659946
264919	0.001101715441
264920	0.009541988031
264921	0.00481412827
264922	0.005077746235
264923	0.005386511043
264924	0.002034061292
264925	0.004178027261
264926	0.008587183996
264927	0.004242143616
264928	0.00159591368
264929	0.01091219337
264930	0.01481742671
264931	0.0001983200635
264932	0.005978302826
264933	0.009792311649
264934	0.01294605449
264935	0.003287525064
264936	0.0001698317429
264937	0.003443362721
264938	0.009055363254
264939	0.006545985878
264940	0.01729348706
264941	0.005688739661
264942	0.006632797405
264943	0.004239324966
264944	0.007006499366
264945	0.009333034546
264946	0.0004103201831
264947	0.0114365388
264948	0.002685685725
264949	0.001140203684
264950	0.002648973132
264951	0.0007003690743
264952	0.001749451505
264953	0.002007020236
264954	0.003374732757
264955	0.01009875632
264956	0.01033833358
264957	0.01047297765
264958	0.00890520028
264959	0.007133457879
264960	0.001590959495
264961	0.002416164385
264962	0.001674068329
264963	0.004836760189
264964	0.0007301919169
264965	0.009446394065
264966	0.007084901276
264967	0.005114625956
264968	0.003395377811
264969	0.009134227305
264970	0.00182945504
264971	0.001612585139
264972	0.001094802359
264973	0.002380196442
264974	0.0009980582802
264975	0.0003965124036
264976	0.004562972133
264977	0.006013099387
264978	0.004479210407
264979	0.004709942514
264980	0.00663159361
264981	0.004449034551
264982	0.00103403966
264983	0.007543854656
264984	0.005318736135
264985	0.001731859015
264986	0.00708674711
264987	0.003558752243
264988	0.0149774394
264989	0.008257457515
264990	0.01185437273
264991	0.000777853044
264992	0.00326051448
264993	0.004503549358
264994	0.006889045035
264995	0.009698804048
264996	0.01048905338
264997	0.002722497523
264998	0.002537026392
264999	0.006284221814
265000	0.002758581823
265001	0.003307198429
265002	0.001784804548
265003	0.006176625481
265004	0.003313673577
265005	0.001466214428
265006	0.002532864612
265007	0.009163301168
265008	0.006182823394
265009	0.006644529823
265010	0.007824310698
265011	0.003034266968
265012	0.002035605205
265013	0.006750095922
265014	0.006670141345
265015	0.005642230856
265016	0.003312239143
265017	0.006755799216
265018	0.005981652663
265019	0.005834641553
265020	0.007183744216
265021	0.007908872379
265022	0.001581197871
265023	0.01117563165
265024	0.004101559457
265025	0.007096644514
265026	0.006805418155
265027	0.0066197734
265028	0.006611063441
265029	0.008264562036
265030	0.00610005907
265031	0.008428297515
265032	0.004981311937
265033	0.006104248141
265034	0.005898529256
265035	0.008083909308
265036	0.005937542751
265037	0.007625001758
265038	0.006236134223
265039	0.007662330279
265040	0.006356226136
265041	0.007572208719
265042	0.007536651676
265043	0.006299807724
265044	0.009136528617
265045	0.00754331497
265046	0.006226698366
265047	0.006021981567
265048	0.006839713302
265049	0.006806474971
265050	0.005742329046
265051	0.007639295657
265052	0.005625896492
265053	0.005216185398
265054	0.004807088135
265055	0.006235965499
265056	0.007333061331
265057	0.004728868056
265058	0.007395146706
265059	0.006080913152
265060	0.006283906771
265061	0.007110000977
265062	0.005799327609
265063	0.006311700261
265064	0.004688048829
265065	0.007369551178
265066	0.006108135108
265067	0.006057215254
265068	0.007650256811
265069	0.005752774087
265070	0.006743974923
265071	0.006441327695
265072	0.005559161547
265073	0.00756682736
265074	0.005265453445
265075	0.004381261604
265076	0.006491026177
265077	0.007173186815
265078	0.006816841221
265079	0.008720344462
265080	0.00769753493
265081	0.007903168392
265082	0.006270258146
265083	0.006344110039
265084	0.005745712372
265085	0.005545811737
265086	0.007642622
265087	0.006763543384
265088	0.008803738032
265089	0.006320512876
265090	0.007272911532
265091	0.007160752685
265092	0.006495163753
265093	0.006262488428
265094	0.005622549187
265095	0.006187979319
265096	0.006428034543
265097	0.006401269621
265098	0.006265350161
265099	0.006768251488
265100	0.007568727252
265101	0.006700372163
265102	0.007573227971
265103	0.006055223078
265104	0.0073331582
265105	0.003480257529
265106	0.004876441075
265107	0.007275343324
265108	0.00872465859
265109	0.00653022567
265110	0.005899351743
265111	0.007189610283
265112	0.007278285786
265113	0.005676419815
265114	0.006366936774
265115	0.00621324293
265116	0.004789839262
265117	0.006335773057
265118	0.006212391916
265119	0.005912948736
265120	0.005494056127
265121	0.007071844199
265122	0.006735846401
265123	0.006638846372
265124	0.00697249972
265125	0.006761688743
265126	0.006313239686
265127	0.006801505835
265128	0.007907259263
265129	0.0003363955822
265130	0.006380594079
265131	0.006432228175
265132	0.007320630532
265133	0.005403413199
265134	0.007589239749
265135	0.006594280417
265136	0.005569060178
265137	0.007198695131
265138	0.007971738624
265139	0.008003846296
265140	0.007328183207
265141	0.003584137955
265142	0.005381121401
265143	0.006421633461
265144	0.004119970729
265145	0.005401967825
265146	0.005736865862
265147	0.007561206342
265148	0.007678924757
265149	0.007974354801
265150	0.006880392882
265151	0.007079983998
265152	0.005847842152
265153	0.008183749273
265154	0.006966538056
265155	0.00421086473
265156	0.006879510768
265157	0.00731712955
265158	0.003465203265
265159	0.01010871706
265160	0.004586166372
265161	0.007566933097
265162	0.008293101819
265163	0.005905551164
265164	0.004512746454
265165	0.00484778135
265166	0.006964294611
265167	0.006788632254
265168	0.002574916671
265169	0.005356082207
265170	0.005871623055
265171	0.007098019183
265172	0.007854837799
265173	0.007842633537
265174	0.00670397315
265175	0.005996890316
265176	0.007663623956
265177	0.007121801472
265178	0.006511715205
265179	0.006714989523
265180	0.00667641313
265181	0.007198485043
265182	0.006428578615
265183	0.006524267193
265184	0.005149714359
265185	0.006995680129
265186	0.007690630148
265187	0.007442563144
265188	0.003172148787
265189	0.006985608188
265190	0.006236929202
265191	0.007277315472
265192	0.007264845581
265193	0.006434939819
265194	0.007062387506
265195	0.00746775224
265196	0.007265266129
265197	0.00685900445
265198	0.006646712009
265199	0.006431374212
265200	0.007436895235
265201	0.005921028096
265202	0.00753628681
265203	0.00533526385
265204	0.007438784022
265205	0.005793349043
265206	0.007389203797
265207	0.004742565278
265208	0.005792695905
265209	0.005900263745
265210	0.006494617443
265211	0.005636095238
265212	0.007253323871
265213	0.007434796258
265214	0.00652058526
265215	0.005975226979
265216	0.007631444677
265217	0.0003812863181
265218	0.005844006159
265219	0.00743350718
265220	0.001197079599
265221	0.008583290546
265222	0.008780211562
265223	0.006232055801
265224	0.007711052785
265225	0.007158820786
265226	0.006424364797
265227	0.00708554332
265228	0.005292670658
265229	0.006372753023
265230	0.007046340323
265231	0.004998416368
265232	0.005418909498
265233	0.006576248673
265234	0.006373694847
265235	0.007824128439
265236	0.007051631878
265237	0.006516762388
265238	0.005239635764
265239	0.005548474157
265240	0.006527702884
265241	0.006865454942
265242	0.00550728773
265243	0.007107522441
265244	0.005315909446
265245	0.005312570693
265246	0.006130464658
265247	0.007104193336
265248	0.005304839005
265249	0.007084552144
265250	0.00618298829
265251	0.007602673485
265252	0.009096230639
265253	0.007895917659
265254	0.007176476213
265255	0.006783282636
265256	0.005933643392
265257	0.005661187706
265258	0.006162912534
265259	0.007815347049
265260	0.006876819738
265261	0.006436776954
265262	0.007279064346
265263	0.007613253405
265264	0.001277861197
265265	0.007833876234
265266	0.005717654462
265267	0.006409965534
265268	0.006198553963
265269	0.005803739977
265270	0.007757527807
265271	0.005661150915
265272	0.006437310955
265273	0.007110981906
265274	0.006843271814
265275	0.007494360285
265276	0.006011926324
265277	0.007395051448
265278	0.005303546824
265279	0.004790478687
265280	0.006284099548
265281	0.005497079049
265282	0.007989057409
265283	0.00684397105
265284	0.006010017964
265285	0.0003190864782
265286	0.006434150619
265287	0.006880487339
265288	0.006950764529
265289	0.006462396627
265290	0.006747988302
265291	0.006351083745
265292	0.007233923014
265293	0.005230776546
265294	0.006671536157
265295	0.006894927947
265296	0.005595822778
265297	0.007070959995
265298	0.00705958592
265299	0.005351740781
265300	0.0053544394
265301	0.005765162002
265302	0.00375238658
265303	0.009164581185
265304	0.004893882114
265305	0.007289966202
265306	0.006459294522
265307	0.007424309262
265308	0.007831850676
265309	0.005525691474
265310	0.007960989389
265311	0.007413218014
265312	0.003391198806
265313	8.756134474e-05
265314	0.005870161965
265315	0.000464305303
265316	0.006074858879
265317	0.007915370731
265318	0.004504589767
265319	0.005897104381
265320	0.005978051774
265321	0.00530295601
265322	0.007526637165
265323	0.005551931767
265324	0.006477036514
265325	0.006106262454
265326	0.007516102234
265327	0.005532297181
265328	0.005315290243
265329	0.006818150535
265330	0.006127811228
265331	0.007287013849
265332	0.006544740891
265333	0.006792189465
265334	0.004850498611
265335	0.006850258042
265336	0.007838390821
265337	0.008379739368
265338	0.007485927382
265339	0.002518497634
265340	0.006253468669
265341	0.006977398643
265342	0.006571848048
265343	0.001693055396
265344	0.005996780339
265345	0.007245469575
265346	0.007090624052
265347	0.00618961054
265348	0.006959998042
265349	0.007240646262
265350	0.007383433365
265351	0.009472953824
265352	0.006947094911
265353	0.001516391611
265354	0.004999463656
265355	0.008117076917
265356	0.006125021857
265357	0.01028941206
265358	0.00769819886
265359	0.00809076055
265360	0.01027637335
265361	0.006477919375
265362	0.004600611322
265363	0.007444719769
265364	0.007220562923
265365	0.007418304844
265366	0.008036293909
265367	0.008198803547
265368	0.008801116802
265369	0.008269751328
265370	0.005664772553
265371	0.00665761662
265372	0.0008819852665
265373	0.002791603869
265374	0.00698348019
265375	0.006299422959
265376	0.005687323354
265377	0.006264946182
265378	0.005389524132
265379	0.007294758312
265380	0.007544637654
265381	0.004434279212
265382	0.007358463734
265383	0.01149056623
265384	0.004575019548
265385	0.007388878134
265386	0.007323348375
265387	0.002173861184
265388	0.00721655408
265389	0.005900805528
265390	0.005511828558
265391	0.005448360556
265392	0.00749007842
265393	0.007631827127
265394	0.005392241645
265395	0.006691250132
265396	0.008501930032
265397	0.006992220627
265398	0.00650198573
265399	0.007160756523
265400	0.006495703817
265401	0.006216816156
265402	0.007311178223
265403	0.006964023553
265404	0.006388088703
265405	0.004414277581
265406	0.005747400674
265407	0.005281348234
265408	0.004909208059
265409	0.005517723586
265410	0.006533441399
265411	0.005696922827
265412	0.007230799745
265413	0.006024956245
265414	0.006374501128
265415	0.005686072478
265416	0.006474955737
265417	0.007267732052
265418	0.005089866569
265419	0.004884280121
265420	0.008753701564
265421	0.006730569945
265422	0.007327490727
265423	0.007784176578
265424	0.006934777927
265425	0.007220144306
265426	0.008061250951
265427	0.006623541824
265428	0.003253111368
265429	0.006533581706
265430	0.001077977693
265431	0.004100415222
265432	0.005757230258
265433	0.002949809605
265434	5.833703707e-05
265435	0.006643151398
265436	0.008555355848
265437	0.00800838826
265438	0.006267654567
265439	0.004332293354
265440	0.002918898068
265441	0.006290509176
265442	0.003692505128
265443	0.003916600122
265444	0.003777362532
265445	0.007673459912
265446	0.0005959450829
265447	0.001307604323
265448	0.001279557004
265449	0.000975888162
265450	0.002090042095
265451	0.006223479044
265452	0.003869420222
265453	0.0049248334
265454	0.008916947815
265455	0.0008244148481
265456	0.004659247245
265457	0.0005854484857
265458	0.00417947889
265459	0.001684358698
265460	0.003923384386
265461	0.001196128091
265462	0.006984538617
265463	0.005969898159
265464	0.01198824856
265465	0.008397328082
265466	0.007274109551
265467	0.009662066478
265468	0.01310649488
265469	0.01296325218
265470	0.003500217122
265471	0.004931695246
265472	0.002190019594
265473	0.002289798088
265474	0.007255883299
265475	0.005883261535
265476	0.005880385959
265477	0.004707539361
265478	0.001476146345
265479	0.0115740683
265480	0.0002514781597
265481	0.0003115243681
265482	0.01028697574
265483	0.009952782309
265484	0.007461578563
265485	0.01262240784
265486	0.007272841303
265487	0.006133697356
265488	0.005602845487
265489	0.008183512114
265490	0.001198911369
265491	0.006433850081
265492	0.004604723989
265493	0.005923704977
265494	0.008277548995
265495	0.003841065588
265496	0.006072538059
265497	0.008616460587
265498	0.0004725575398
265499	0.004651671443
265500	0.005680445399
265501	0.007067139622
265502	0.0002104015749
265503	0.002681962547
265504	0.002228814029
265505	0.0001095377732
265506	0.004787237702
265507	0.004782210231
265508	0.008543001619
265509	0.004745706621
265510	0.006889276281
265511	0.007691265516
265512	0.004557822868
265513	0.002089552745
265514	0.009732619171
265515	0.002698778315
265516	0.004798506233
265517	0.006153617347
265518	0.006709998489
265519	0.006319477875
265520	0.0008188304043
265521	9.138268463e-05
265522	0.00968372264
265523	0.006991549715
265524	0.0007810420734
265525	0.006318208464
265526	0.003437865508
265527	0.0114064348
265528	0.007984600281
265529	0.005035027788
265530	0.008413572633
265531	0.007407988947
265532	0.003698567993
265533	0.00340967281
265534	2.44641407e-05
265535	0.01295184773
265536	0.003402082301
265537	0.00660997549
265538	0.01021927959
265539	0.002975274976
265540	0.006301169411
265541	0.01016079666
265542	0.002291191919
265543	0.006343445689
265544	0.003239491301
265545	0.005610195021
265546	0.002715974482
265547	0.01466091254
265548	0.006799807058
265549	0.007897441628
265550	0.006014138016
265551	0.002894284423
265552	0.001984397952
265553	0.006372173887
265554	0.00547176143
265555	0.004747362978
265556	0.008935648153
265557	0.002747414372
265558	0.005600676233
265559	0.0009848286571
265560	0.002056449278
265561	0.005054122251
265562	0.004923911836
265563	0.005683713157
265564	0.008263574383
265565	0.002313446195
265566	0.00594261217
265567	0.0074373631
265568	0.00313485498
265569	0.004863327897
265570	0.006466433114
265571	0.006558100747
265572	0.003642925144
265573	0.005559918788
265574	0.005959037114
265575	0.002573412981
265576	0.01133282523
265577	0.008241657593
265578	0.002155982961
265579	0.00582162112
265580	0.002771410179
265581	0.003520763635
265582	0.00119913372
265583	0.007424148791
265584	0.007704035627
265585	0.003107526041
265586	0.006001351339
265587	0.0009254799692
265588	0.006171761978
265589	0.0008990436624
265590	3.671104232e-05
265591	0.0008287993577
265592	0.0110456012
265593	0.005481681351
265594	0.006577919485
265595	0.01241054962
265596	0.003573680148
265597	0.0008660507756
265598	0.0003660851124
265599	0.007412513564
265600	0.007536677728
265601	0.0007039796605
265602	0.00565975873
265603	0.002383506679
265604	0.004412780567
265605	0.01233143297
265606	0.01506902645
265607	0.004815846021
265608	0.006886711794
265609	0.01093256786
265610	0.005064445779
265611	0.006380154807
265612	0.007459944086
265613	0.005999371463
265614	0.005553657509
265615	0.006213431358
265616	0.005384567538
265617	0.004156344872
265618	0.004976564846
265619	0.005590679319
265620	0.004847121752
265621	0.007581814676
265622	0.01249567384
265623	0.007722984899
265624	0.005932857308
265625	0.006926303623
265626	0.007167319939
265627	0.005380481269
265628	0.00625396192
265629	0.007615077227
265630	0.007112603004
265631	0.007462201341
265632	0.003192519815
265633	0.006722273079
265634	0.005827677216
265635	0.004050449777
265636	0.00614830471
265637	0.005659722683
265638	0.008053288145
265639	0.006213444815
265640	0.005660168355
265641	0.006507762296
265642	0.006949137542
265643	0.006833021384
265644	0.004466405233
265645	0.004958591956
265646	0.00634052589
265647	0.007587100796
265648	0.007341437025
265649	0.007375880055
265650	0.006859462463
265651	0.006543999584
265652	0.006592659144
265653	0.005528509506
265654	0.00623960772
265655	0.005968469737
265656	0.00639370113
265657	0.007166872518
265658	0.007668818761
265659	0.008889877392
265660	0.005053903466
265661	0.007112565295
265662	0.007849331644
265663	0.005992134181
265664	0.006652209385
265665	0.006257065959
265666	0.006253477184
265667	0.005649311268
265668	0.006109095717
265669	0.005968985549
265670	0.007086265665
265671	0.006537740991
265672	0.005497314103
265673	0.004199326574
265674	0.005203615065
265675	0.007329515635
265676	0.00767344489
265677	0.005574018299
265678	0.004855888673
265679	0.00587055373
265680	0.006764539097
265681	0.006360387398
265682	0.006962054346
265683	0.00677276308
265684	0.007403176702
265685	0.006039063525
265686	0.005938432561
265687	0.006373590845
265688	0.007381738301
265689	0.005521732375
265690	0.006312858432
265691	0.007120819775
265692	0.006401014869
265693	0.005991237167
265694	0.006752047325
265695	0.006072263711
265696	0.006637078511
265697	0.005804526682
265698	0.007614484624
265699	0.006161133209
265700	0.005485333496
265701	0.006318151724
265702	0.006760206449
265703	0.006970406127
265704	0.005726672504
265705	0.005022142745
265706	0.007029310967
265707	0.006561316708
265708	0.004846510547
265709	0.004416754859
265710	0.00418459886
265711	0.006351680013
265712	0.007519411459
265713	0.001427799939
265714	0.0009105253619
265715	0.0002543225284
265716	0.003110347955
265717	0.002609664025
265718	0.008710644488
265719	0.005972091863
265720	0.01017394489
265721	0.004817199835
265722	0.01220173824
265723	0.007234114049
265724	0.008741135542
265725	0.00691266853
265726	0.009749567347
265727	0.005662482997
265728	0.01031471838
265729	0.007141304827
265730	0.00583038419
265731	0.005313792863
265732	0.002094703333
265733	0.006612162091
265734	0.004789270748
265735	0.006169084053
265736	0.01221441538
265737	0.004766372104
265738	0.003548301477
265739	0.0004090533842
265740	0.006434863781
265741	0.002819769329
265742	0.007105400282
265743	0.002755180098
265744	0.003895702358
265745	0.009094956834
265746	0.008095556517
265747	0.00312565577
265748	0.003347492799
265749	0.002256322229
265750	0.001575616904
265751	0.009972373297
265752	0.001057793947
265753	0.006843481856
265754	0.008781448333
265755	0.004054349032
265756	0.002372573656
265757	0.007082956487
265758	0.007044749184
265759	0.00686092107
265760	0.005608568099
265761	0.006439801347
265762	0.006338891033
265763	0.007412861878
265764	0.006513095459
265765	0.006527402642
265766	0.005353338306
265767	0.007623070601
265768	0.01014428986
265769	0.006289705179
265770	0.00660021828
265771	0.006806576228
265772	0.006352748267
265773	0.007698917721
265774	0.00668549916
265775	0.006741739137
265776	0.007044391449
265777	0.006494092469
265778	0.003724645263
265779	0.00451861722
265780	0.006901545862
265781	0.008012052543
265782	0.008151573476
265783	0.007616665113
265784	0.007211805028
265785	0.004788589143
265786	0.004561699039
265787	0.005442268162
265788	0.00703414699
265789	0.007668793137
265790	0.007859469057
265791	0.006915181524
265792	0.00874456865
265793	0.006005295603
265794	0.00664482667
265795	0.006672638629
265796	0.005330010636
265797	0.00645164589
265798	0.004370852778
265799	0.006938263115
265800	0.0067124666
265801	0.005403017556
265802	0.00160447519
265803	0.0004251022168
265804	0.001890168746
265805	0.001769587483
265806	0.001751611438
265807	0.002053509104
265808	0.0005653287054
265809	0.002438911725
265810	0.001353066793
265811	0.001717346451
265812	0.001569530083
265813	6.862264284e-05
265814	0.00716022716
265815	0.007131713387
265816	0.0009220437199
265817	0.0004872157911
265818	0.007888834892
265819	0.002316530759
265820	0.00676191948
265821	4.168486702e-05
265822	0.005612544743
265823	0.001687526147
265824	0.006675698592
265825	0.008903204625
265826	0.00513400373
265827	0.006854890816
265828	0.003121454497
265829	0.002163588049
265830	0.007524555903
265831	0.0008228889002
265832	0.004448361086
265833	0.0005630353409
265834	0.001203378952
265835	0.006838787258
265836	0.001770903154
265837	0.003752031594
265838	0.006942344244
265839	0.006168021637
265840	0.003875304363
265841	0.002638966935
265842	0.002671292493
265843	0.002643403294
265844	0.01245964794
265845	0.002206232041
265846	0.004150155826
265847	0.0003061356734
265848	0.003926346956
265849	0.005919248382
265850	0.00144042332
265851	0.002567874169
265852	0.002339773587
265853	0.006278681356
265854	0.002326637045
265855	0.01069122694
265856	0.001060607816
265857	0.002914829901
265858	0.004993829226
265859	0.01039457061
265860	0.0001570157302
265861	0.0007681251889
265862	0.00590597996
265863	0.01056062418
265864	0.005231833056
265865	0.005673167239
265866	0.001468632011
265867	0.004851433637
265868	0.01061295637
265869	0.001297800756
265870	0.005408788351
265871	0.001060607816
265872	0.005368122871
265873	0.004408941463
265874	0.008281746997
265875	0.002318067874
265876	0.008298581924
265877	0.003201328471
265878	0.00159376484
265879	0.002003716013
265880	0.001287458256
265881	0.001293166503
265882	0.001914430885
265883	0.001404454986
265884	0.003223395289
265885	0.00569538903
265886	0.007253753283
265887	0.004639373435
265888	0.00406655961
265889	0.0009392459864
265890	0.00159837812
265891	0.0006051253547
265892	0.002852309206
265893	0.00461698467
265894	0.005970982941
265895	0.005626382753
265896	0.009053544691
265897	0.003828186999
265898	0.005849681843
265899	0.0001031919534
265900	0.002164704745
265901	0.000594663056
265902	0.001555373716
265903	0.006782227115
265904	0.004792325913
265905	0.01122959426
265906	0.004723422788
265907	0.003685957203
265908	0.007857057057
265909	0.006767325128
265910	0.001619236654
265911	0.0002228480455
265912	0.002526995797
265913	0.01063341846
265914	0.009540565913
265915	0.008412878575
265916	0.004048973058
265917	0.007476504922
265918	0.007117956769
265919	0.002988512878
265920	0.003272949979
265921	0.004306456765
265922	0.002286737296
265923	0.002297384772
265924	0.004410537883
265925	0.001774762591
265926	0.0008542040993
265927	0.0006754979062
265928	0.01191269187
265929	0.004884521064
265930	0.005629933486
265931	0.007804047853
265932	0.001735944267
265933	0.004991203288
265934	0.01325181565
265935	0.009331596605
265936	0.0002233555973
265937	0.005189035506
265938	0.003913479976
265939	0.001389096712
265940	0.008724954884
265941	0.000594315319
265942	0.008002084627
265943	0.00718233476
265944	0.001989154169
265945	0.002243528242
265946	0.008367672426
265947	0.002388209095
265948	0.001969786783
265949	0.002534838823
265950	0.0005043272743
265951	0.002950379691
265952	0.007500113859
265953	0.003741310157
265954	0.003904957449
265955	0.003368075071
265956	0.002899695021
265957	0.01674493906
265958	0.004753398095
265959	0.005317862846
265960	0.003478515053
265961	0.00151389074
265962	0.004126851378
265963	0.002384515217
265964	0.01206916822
265965	0.001867930347
265966	0.002296211634
265967	0.006309834487
265968	0.002476669736
265969	0.006692751578
265970	0.0001150785202
265971	1.403449679e-08
265972	0.002594029641
265973	0.0008015730499
265974	0.004566905617
265975	0.005117163682
265976	0.0006936165439
265977	0.0006227264517
265978	0.001079387329
265979	0.005183746395
265980	0.004529632023
265981	0.0004181808083
265982	0.01062257762
265983	0.004055665399
265984	0.001647232559
265985	0.002165997162
265986	0.01005080971
265987	6.304355329e-05
265988	0.008291165409
265989	0.0005536831515
265990	0.0008410883543
265991	0.00248402013
265992	0.004638071429
265993	0.002640540165
265994	0.01089311203
265995	0.002872302952
265996	0.009064067084
265997	0.003184590437
265998	0.001877820688
265999	0.004317766328
266000	0.005014315546
266001	0.01164381303
266002	0.009169728337
266003	0.004621224497
266004	0.003012489983
266005	0.008553320954
266006	0.002071713261
266007	0.0002401822391
266008	0.002177925111
266009	0.001174679794
266010	0.008073366758
266011	0.005680962616
266012	0.001332029782
266013	0.003090261364
266014	0.008960607545
266015	0.0004126222673
266016	0.000254435265
266017	0.003055481395
266018	0.003243289604
266019	0.003258648108
266020	0.002607890008
266021	0.002200549909
266022	0.00734158985
266023	0.008925871477
266024	0.00210740277
266025	0.005067169091
266026	0.0006112358284
266027	0.0002675207567
266028	0.001857478404
266029	0.003161353782
266030	0.01108813325
266031	0.009460940632
266032	0.01006653377
266033	0.0088779265
266034	0.00135320347
266035	0.00877015028
266036	0.007089036973
266037	0.0007358450796
266038	0.006925079448
266039	0.000595101148
266040	0.002772205455
266041	0.006670661544
266042	0.003977014124
266043	0.001729572837
266044	0.002194953588
266045	1.091437026e-07
266046	0.008391187757
266047	0.008768397411
266048	0.000879998419
266049	0.004730948693
266050	0.00643726622
266051	0.007711624647
266052	0.0005739672069
266053	0.001367615973
266054	0.0002422587101
266055	0.003407111035
266056	0.008437861672
266057	0.0003262210224
266058	0.009199883536
266059	0.008514594361
266060	0.004575246245
266061	0.002502384681
266062	0.002092499798
266063	0.005457672959
266064	0.001478267153
266065	0.001705437222
266066	0.0008303825224
266067	0.0001308428078
266068	0.001784333039
266069	0.001106485841
266070	0.003210089371
266071	0.0009570303097
266072	0.004121593532
266073	0.0003815353617
266074	0.004069154639
266075	0.00182008415
266076	0.008737799522
266077	0.01157574644
266078	0.00806810116
266079	0.0002622002339
266080	0.002228110529
266081	0.001440817676
266082	0.01249858049
266083	0.001378169837
266084	0.006213610579
266085	0.001486988603
266086	0.009615574749
266087	0.005572378718
266088	0.0001001385933
266089	0.01052853574
266090	0.004422931643
266091	0.0001920255168
266092	0.004225177337
266093	0.00067745226
266094	0.0001152944568
266095	0.005599126673
266096	0.007176871828
266097	0.005307725767
266098	0.006159109928
266099	0.004674733948
266100	0.003749814564
266101	0.006545497919
266102	0.00738030274
266103	0.001694222548
266104	0.008156009879
266105	0.006373256956
266106	0.003995036115
266107	0.00739504207
266108	0.0002883324417
266109	0.004519133327
266110	0.0131901373
266111	0.006197673966
266112	0.007133017714
266113	0.004334334672
266114	0.006450804991
266115	0.002178684405
266116	0.01155973868
266117	0.001011815108
266118	0.007896824783
266119	0.005508299103
266120	0.003823080552
266121	0.003465174037
266122	0.00309212788
266123	0.003104253859
266124	0.0007227521362
266125	0.00169252618
266126	0.002263727045
266127	0.00201547334
266128	0.0003065752987
266129	0.003079141922
266130	0.003446655239
266131	0.01000886651
266132	0.02146199806
266133	0.005564358458
266134	0.005559541225
266135	0.0105008245
266136	0.005348602474
266137	0.007535726355
266138	0.01366801717
266139	0.0006725061055
266140	0.007280534338
266141	0.004873759605
266142	0.00673672217
266143	0.00126547024
266144	0.0007952437692
266145	0.005531205817
266146	0.0003882601688
266147	0.005163901284
266148	0.006796370169
266149	0.00109590535
266150	0.006711098164
266151	0.005550331771
266152	0.00122585269
266153	0.003421778334
266154	0.01410828303
266155	0.01408915258
266156	0.001318897374
266157	0.004238977079
266158	0.002858405118
266159	0.002552095018
266160	0.009509944328
266161	0.005900466345
266162	0.0001361072781
266163	0.002823839953
266164	0.0102782276
266165	0.003550002768
266166	0.001354411607
266167	0.001801738267
266168	0.0005464600599
266169	0.001571333902
266170	0.001183602566
266171	0.004696748939
266172	0.0005596297666
266173	0.0006015775491
266174	7.223582688e-05
266175	0.001327213096
266176	0.001002545313
266177	0.00044672638
266178	0.0005237358799
266179	0.0002705877666
266180	0.0009699143448
266181	0.0001341181072
266182	9.084779169e-05
266183	0.001188263844
266184	0.000859496267
266185	0.000634171181
266186	0.000902076983
266187	0.001283955634
266188	0.0008010580695
266189	0.001626060369
266190	8.004664888e-05
266191	0.001550992626
266192	0.001062454605
266193	0.001132798947
266194	0.001172257068
266195	0.001718321014
266196	0.0005153827719
266197	0.001142762064
266198	0.000115788118
266199	0.001136473355
266200	0.001093839648
266201	0.001024888536
266202	0.000764148188
266203	0.0004094475
266204	0.0008249067211
266205	0.001140884201
266206	0.0005421908956
266207	0.001542795859
266208	7.581610089e-05
266209	0.0002998001719
266210	0.0008438980165
266211	0.001475247255
266212	0.0003944857368
266213	0.001192578428
266214	0.0004946456513
266215	0.0007162116134
266216	0.000260891568
266217	0.000110846734
266218	0.001315559048
266219	0.001023682881
266220	0.0003763780192
266221	0.0004899616588
266222	0.0009070178163
266223	0.001516813919
266224	0.002007929908
266225	0.0008542707385
266226	0.0005047854088
266227	0.0006630741373
266228	4.45704515e-05
266229	0.001796559542
266230	0.002933333361
266231	0.0004031781538
266232	0.0003342441616
266233	0.001051455811
266234	0.000159440385
266235	2.211362927e-05
266236	0.001072853525
266237	0.0008228575665
266238	0.0008061725876
266239	0.0009571181623
266240	0.0004835425302
266241	0.00111317284
266242	5.647999586e-05
266243	0.001058736663
266244	0.001748694543
266245	0.001182693202
266246	0.001162127859
266247	0.000647732211
266248	0.001664170041
266249	0.0003744575233
266250	0.00231612245
266251	0.001195279175
266252	0.0008283102174
266253	0.000636946037
266254	0.0001239629183
266255	0.0009464443418
266256	0.0008650886841
266257	0.001498034754
266258	0.00210625826
266259	0.00213273597
266260	0.0002610628445
266261	0.001329391064
266262	0.0005008317545
266263	0.00125287233
266264	0.0001723191124
266265	0.0009584506648
266266	0.0007669228137
266267	0.001006231683
266268	0.0007717145526
266269	0.0007572969208
266270	0.0003732673527
266271	0.0004743668916
266272	0.0009254586873
266273	0.0002471488981
266274	0.001462986709
266275	0.0008343199141
266276	0.0007456196337
266277	0.001256599679
266278	8.425120087e-05
266279	0.000326805857
266280	0.001224934671
266281	0.0006919244951
266282	0.0008582763818
266283	0.001257515955
266284	0.0001390896034
266285	0.001521988982
266286	0.0003937603191
266287	0.001547098253
266288	4.704856715e-05
266289	0.0008888998225
266290	0.0001531014611
266291	0.0009159418944
266292	0.000320052641
266293	0.0003171887095
266294	0.001266003803
266295	0.001117604964
266296	0.001485916944
266297	0.001071679759
266298	0.000829574578
266299	0.001096796303
266300	0.0006626063185
266301	0.001122008985
266302	0.00150714535
266303	0.003733383401
266304	0.0006154131229
266305	0.0008298148424
266306	0.0007618571153
266307	0.0001564696241
266308	0.001045748957
266309	1.744352203e-06
266310	0.0008522740094
266311	0.0001491069766
266312	0.0007619571872
266313	0.0001024840971
266314	0.0001194810946
266315	0.001185924189
266316	0.0006117766263
266317	0.0004442403974
266318	0.0003005181745
266319	0.0003851277562
266320	0.001116537404
266321	0.00165691742
266322	0.001745404418
266323	0.0003663518989
266324	0.0009720553268
266325	0.001119746685
266326	0.0003610060344
266327	0.00117558304
266328	0.0007299595116
266329	0.0003223501285
266330	0.001110417397
266331	0.002147457649
266332	0.001527413294
266333	7.369604708e-05
266334	0.0004253563229
266335	8.952341275e-05
266336	0.0009776012192
266337	0.002362902763
266338	0.001360725656
266339	0.01091848961
266340	0.004549403278
266341	0.000216883939
266342	0.002364436053
266343	0.005995101541
266344	0.0181080045
266345	0.01599705667
266346	0.0106658335
266347	0.005117755355
266348	0.007990541505
266349	0.001165851672
266350	0.0001147251431
266351	0.003223268725
266352	0.004829612632
266353	0.003858597448
266354	0.02589155188
266355	0.008434674371
266356	0.001480029682
266357	0.01045635257
266358	0.006355680823
266359	0.004365353662
266360	0.003835533999
266361	0.00454919288
266362	0.0001087383573
266363	0.009871349561
266364	0.007312667496
266365	0.007039959373
266366	0.004545499206
266367	0.0005888577639
266368	0.005271344148
266369	0.001338080933
266370	0.001459980378
266371	0.002732224622
266372	0.004484724597
266373	0.0002907871104
266374	0.01348621579
266375	0.01851363037
266376	0.002708848857
266377	0.005001416462
266378	0.01119710567
266379	0.00175909642
266380	0.003556099376
266381	0.0007331330853
266382	0.01828931449
266383	0.0005238511718
266384	0.006782145868
266385	0.006401732962
266386	0.005703340744
266387	0.008131460461
266388	0.003000878843
266389	0.004949536218
266390	0.0008038625469
266391	0.01470551012
266392	0.00187767656
266393	0.0107195532
266394	0.0003169130549
266395	0.0003689044719
266396	0.006994104331
266397	0.002202706215
266398	0.003231484218
266399	0.005576113717
266400	0.0033248063
266401	0.01990096787
266402	0.01084327898
266403	0.004214102239
266404	0.003940213391
266405	0.008059470963
266406	0.006244273101
266407	0.001885683345
266408	0.006667590423
266409	0.008777064544
266410	0.001661883777
266411	0.002411580253
266412	0.01284385047
266413	0.001097558055
266414	0.01552718848
266415	0.00523149005
266416	0.004708269531
266417	0.004434200966
266418	0.001847646084
266419	0.00209140289
266420	0.005843569915
266421	0.00410503342
266422	0.007299077896
266423	0.00143489239
266424	0.006189612278
266425	0.003653552887
266426	0.0121994549
266427	0.01089402449
266428	0.004807154339
266429	0.0008347978522
266430	0.001400456032
266431	0.007745310031
266432	0.006644864635
266433	0.005200539261
266434	0.002527551058
266435	0.005424847794
266436	0.0145837933
266437	0.0006411871267
266438	0.006114551425
266439	0.003325475885
266440	0.009210622471
266441	0.01088345262
266442	0.01275260995
266443	0.0007958244671
266444	0.005899317935
266445	0.007988734853
266446	0.01087261691
266447	0.007307078962
266448	0.01025755632
266449	9.889872057e-05
266450	0.002262950914
266451	0.005516988561
266452	0.002035640168
266453	0.01425758478
266454	0.00204228679
266455	0.004545328232
266456	0.004554844235
266457	0.004833380536
266458	0.002377690845
266459	0.02100424269
266460	0.00804588089
266461	0.002671643664
266462	0.001603002206
266463	0.009115544828
266464	0.003098594474
266465	0.006627940026
266466	0.001088141376
266467	0.008941053923
266468	0.005889682533
266469	0.005738520085
266470	0.009338799315
266471	0.002584928195
266472	0.007633116936
266473	0.001396595197
266474	0.006499753295
266475	0.00208969756
266476	0.001031157677
266477	0.006292428576
266478	0.004175191019
266479	0.001553745656
266480	0.009302487328
266481	0.01099650668
266482	0.00137575896
266483	0.003159066295
266484	0.004959094166
266485	0.003056669911
266486	0.01528883956
266487	0.005943079796
266488	0.001649677368
266489	0.01256627274
266490	0.002894988698
266491	0.007318555624
266492	0.003960089477
266493	0.001413159836
266494	0.004157879248
266495	0.005800707995
266496	0.005829424926
266497	0.0006658953035
266498	0.002196402883
266499	0.0007367127866
266500	0.0008309338162
266501	0.0005179713712
266502	0.003250361646
266503	0.004694327868
266504	0.003021792482
266505	0.001130737443
266506	0.00117533215
266507	0.001436314359
266508	0.002536497268
266509	0.0006306212373
266510	0.001413751924
266511	0.00286040322
266512	0.0008475894175
266513	0.000203910909
266514	0.001240291911
266515	0.0010066199
266516	0.001543762773
266517	0.0002825419416
266518	0.001543014164
266519	0.00309904329
266520	0.0005776318358
266521	0.0007249419803
266522	0.0005573755001
266523	0.001248473731
266524	0.0005348327929
266525	0.0001354127424
266526	0.001538652108
266527	0.002216786449
266528	0.001030794418
266529	0.0009128302039
266530	0.0001430456395
266531	0.0007836895198
266532	0.001119690188
266533	4.144195793e-05
266534	7.650301397e-05
266535	0.0003004501808
266536	0.0007403785879
266537	0.002195559636
266538	0.003235618428
266539	0.0005134622808
266540	0.000913707528
266541	0.001055608751
266542	0.001616462779
266543	0.001182988998
266544	0.0008675661986
266545	0.00185993792
266546	0.001061279217
266547	0.0005382683534
266548	0.00127952707
266549	0.0005475224192
266550	0.003281578001
266551	0.0008269861954
266552	0.002826207156
266553	0.001259916853
266554	0.000661248124
266555	0.0007015416406
266556	0.001760915009
266557	0.004904068354
266558	0.0009060952408
266559	0.0002350786549
266560	0.0006861576059
266561	0.002818649973
266562	0.00179663665
266563	0.0009011825906
266564	0.0009890455765
266565	0.000944036698
266566	0.001684625358
266567	0.0007945324129
266568	0.001444279744
266569	0.0008748766128
266570	0.001855046631
266571	0.005600077538
266572	0.0002609126976
266573	6.298352723e-05
266574	0.001232733746
266575	0.0001371240507
266576	0.0003025868998
266577	0.00207533347
266578	0.001256849573
266579	0.001679667265
266580	0.001955982521
266581	0.001110621298
266582	0.001547337786
266583	0.001232306184
266584	0.0006788674966
266585	0.000942441214
266586	0.0006169755265
266587	0.0003662030531
266588	0.004520305807
266589	0.001531438518
266590	0.002319091142
266591	0.0004470038583
266592	0.0003916442832
266593	0.001964055766
266594	0.002673311654
266595	0.001489146154
266596	0.005673548228
266597	6.133647782e-05
266598	0.001483564539
266599	0.0009823266136
266600	0.003506738184
266601	0.002333071338
266602	0.0003245927514
266603	0.001492962064
266604	0.0007983981677
266605	0.0002963273947
266606	0.0001278516149
266607	0.0001293767419
266608	0.0001477760485
266609	0.002551416375
266610	0.0004854564884
266611	0.001316910272
266612	8.348324831e-05
266613	0.0003900378721
266614	0.007512372082
266615	0.0008584590753
266616	0.0004861273124
266617	0.008625568854
266618	0.004863463756
266619	0.001160892514
266620	0.001407398405
266621	0.00115739399
266622	0.001261757058
266623	0.0004343872826
266624	2.522217548e-05
266625	0.001331788126
266626	0.001821705488
266627	0.001504435866
266628	0.003460589943
266629	0.002391449993
266630	0.002351274682
266631	0.006064318436
266632	0.0007599354361
266633	0.0002654020205
266634	0.0009239278492
266635	0.002746474546
266636	0.002440681854
266637	0.001744342948
266638	0.0005516894274
266639	0.0008550974277
266640	0.0004278601202
266641	0.003385557472
266642	0.0009699739539
266643	0.0008116328639
266644	0.002886483666
266645	0.0007338478442
266646	0.001477997869
266647	0.0005355403676
266648	0.001085033007
266649	0.0006722428017
266650	0.007674601358
266651	0.001388256778
266652	0.002189683057
266653	0.001456280073
266654	0.009381341131
266655	0.001101184208
266656	0.002306829769
266657	0.0003763446949
266658	0.001239514759
266659	0.001088579806
266660	0.0004735861113
266661	8.879415916e-06
266662	0.00169078938
266663	0.002727111163
266664	0.00367664113
266665	0.0004955688701
266666	0.000156006204
266667	0.001498124354
266668	0.0005204930545
266669	1.127240781e-06
266670	0.001183282081
266671	0.001183082359
266672	0.002535231627
266673	0.0009386126223
266674	0.001925015455
266675	0.001852914974
266676	0.005107719128
266677	0.0001927665926
266678	0.0005220026888
266679	0.0008623824738
266680	0.000439417621
266681	0.001697533135
266682	0.0001854186467
266683	2.500057107e-06
266684	0.0006644897898
266685	0.001203944076
266686	0.004722564746
266687	0.00186440409
266688	4.4531098e-05
266689	0.0008212646985
266690	0.001488546066
266691	0.001852217194
266692	0.0008740979283
266693	0.001150867042
266694	0.002425841761
266695	0.0008345433
266696	0.001048157416
266697	0.001571982661
266698	0.002742286812
266699	0.001424053673
266700	0.0006045297798
266701	0.004868422162
266702	0.002622484469
266703	4.314301743e-07
266704	0.001696775547
266705	0.001386601002
266706	0.001965823161
266707	0.005909898996
266708	0.002687149805
266709	0.0002517075398
266710	0.0008996972345
266711	0.001425343235
266712	0.0003835746219
266713	0.0018771708
266714	0.001800178489
266715	0.00513029856
266716	0.0002250231336
266717	0.003982211964
266718	0.001056620785
266719	0.002085262878
266720	0.003837759517
266721	0.001763255832
266722	0.001109626644
266723	0.00071198789
266724	0.0009917860043
266725	8.531311658e-05
266726	0.001260367574
266727	0.001486714761
266728	0.0005826948152
266729	0.002575376315
266730	0.0007832686039
266731	0.0005273664145
266732	0.0004138384739
266733	0.0004034818971
266734	0.0001192664772
266735	0.001395619678
266736	0.001260839073
266737	0.0009347742626
266738	2.028891234e-05
266739	9.282183311e-05
266740	0.0004658867539
266741	0.000306372959
266742	0.0003987920063
266743	0.00160879032
266744	0.0003601686981
266745	0.0002552433358
266746	0.001015297252
266747	5.759856211e-05
266748	0.0005706644179
266749	0.0009190523655
266750	0.0003527443478
266751	0.0003610705433
266752	0.001518732453
266753	0.001625910253
266754	0.000832111176
266755	0.0002397002626
266756	0.002109345221
266757	0.0005615047576
266758	0.0009760011226
266759	0.001254393654
266760	0.001063335299
266761	0.0005947566242
266762	0.0003723912459
266763	0.0005358074986
266764	0.002361374651
266765	0.001112871104
266766	0.0006507712185
266767	0.0004743977649
266768	0.003855986553
266769	5.192360353e-05
266770	0.0008949042125
266771	0.001583426135
266772	0.0008271122184
266773	0.001521347209
266774	0.01178396071
266775	0.0002668977861
266776	0.001161019273
266777	0.001229612224
266778	0.002442421736
266779	0.000838194153
266780	0.0005742167565
266781	0.000360325231
266782	0.000585057438
266783	0.0007945247427
266784	0.001557648969
266785	0.000499614452
266786	0.0002551843415
266787	0.001271987444
266788	0.001545451821
266789	0.000601597179
266790	0.001051836146
266791	0.001029724196
266792	0.0005311474622
266793	0.0007462115387
266794	0.0009220517066
266795	0.0005699942092
266796	0.001489602934
266797	0.001390991206
266798	0.001757855198
266799	0.002803248052
266800	0.0008759411286
266801	0.0003669271738
266802	0.0007611461493
266803	5.796397596e-06
266804	0.0007995266772
266805	0.0008014980772
266806	0.002911136319
266807	0.001046770193
266808	8.17953465e-05
266809	0.000415648283
266810	0.001617777566
266811	0.001464676451
266812	0.001163819156
266813	0.0003456292595
266814	0.0007167045702
266815	0.001249849511
266816	0.004157805327
266817	0.0003988778415
266818	0.0007714992028
266819	0.0008249809345
266820	0.001674948831
266821	0.0007047674644
266822	7.076203151e-05
266823	0.001559133003
266824	0.001112493124
266825	0.0002887516585
266826	0.005835509662
266827	0.0004301928226
266828	0.001153563545
266829	0.001028023311
266830	0.000714178343
266831	0.0008328640077
266832	0.0008327998272
266833	0.0002019131016
266834	0.000463329579
266835	0.001321121113
266836	0.0008091223784
266837	0.0005632021238
266838	0.002274311645
266839	0.001368524306
266840	0.001505755418
266841	0.001583955507
266842	0.0024814517
266843	0.001190446088
266844	0.0002149461744
266845	0.002178105337
266846	0.0005913751932
266847	0.001339733764
266848	0.002023503133
266849	0.0006337067039
266850	0.0006118407678
266851	0.0003780781348
266852	0.001001385249
266853	0.002729112647
266854	0.001402584811
266855	0.000496059475
266856	0.00035673424
266857	0.0001848419218
266858	0.004097002511
266859	0.0002520291776
266860	0.004221055871
266861	0.001451594297
266862	0.001237451366
266863	0.0007629716018
266864	0.002059351174
266865	9.215099013e-05
266866	0.000652137378
266867	0.001584406456
266868	0.0008864406914
266869	6.202647598e-05
266870	0.007025766714
266871	0.003937170477
266872	0.002111284528
266873	0.0005015638663
266874	0.001329241137
266875	4.154810302e-05
266876	0.0005047729632
266877	0.0005957859488
266878	0.0006674134418
266879	0.0006952697632
266880	0.0002884704543
266881	6.253024242e-05
266882	0.0006039146392
266883	0.0005933679998
266884	0.001296989514
266885	0.00232611167
266886	0.005781685637
266887	0.001892873079
266888	0.001430160295
266889	0.00934115038
266890	0.001442477143
266891	7.675790125e-05
266892	0.001088860734
266893	0.001167320989
266894	6.514565042e-05
266895	0.001211115213
266896	0.00325535535
266897	0.0003246977176
266898	0.0003498110745
266899	0.0004396700992
266900	0.0005281594798
266901	0.0003140756741
266902	0.0009800431797
266903	0.001874512672
266904	0.0003771428102
266905	0.001722724295
266906	0.003106769632
266907	0.003268412586
266908	0.00137469287
266909	0.001458744964
266910	0.0002365809776
266911	0.00142597017
266912	0.0003360884914
266913	0.003876462868
266914	0.002408928745
266915	0.000488683692
266916	0.004484491689
266917	0.001090270226
266918	0.001279447348
266919	0.0006546157158
266920	0.002650001197
266921	0.001115039427
266922	0.0009580397554
266923	0.001877179523
266924	0.0008464494097
266925	0.002135861633
266926	0.001505557117
266927	0.0007248555098
266928	0.001567081991
266929	0.001223467758
266930	0.003618866811
266931	0.001003483413
266932	0.002451107776
266933	0.0009815482672
266934	0.000102279885
266935	0.0003271263576
266936	0.002752598087
266937	0.0002418419671
266938	0.0006384753611
266939	0.001142950574
266940	0.001692062338
266941	0.0007949730456
266942	0.0004004250561
266943	0.00167564166
266944	0.0006457651317
266945	0.0003528471883
266946	0.0007924688103
266947	0.001268601719
266948	0.002796982194
266949	0.001891383864
266950	0.001336089359
266951	0.001128916012
266952	0.0005371860531
266953	0.0006306444635
266954	0.001441178159
266955	0.001509464449
266956	0.002502600224
266957	4.479015e-05
266958	0.001495095542
266959	0.001001779073
266960	0.001195885474
266961	0.01134990804
266962	0.0007440732213
266963	0.001449336918
266964	0.001445996682
266965	0.0008407117179
266966	0.001082270422
266967	0.001751892432
266968	0.0001681962097
266969	0.0008166004289
266970	0.0009078998335
266971	0.000315954357
266972	0.0006021626003
266973	0.0001890960933
266974	0.001058068836
266975	0.002858637043
266976	0.001903239436
266977	0.001129149878
266978	0.0005553313883
266979	0.0004353975666
266980	8.268795773e-05
266981	0.001014403027
266982	0.001922725476
266983	0.0009660682066
266984	0.0009333458609
266985	0.000774484034
266986	0.0005049057136
266987	0.001105694514
266988	0.002861221852
266989	0.001000334588
266990	0.0005081893533
266991	0.0005744395349
266992	0.0007425465211
266993	0.001099329245
266994	0.0005520889122
266995	0.002403631556
266996	0.003026567823
266997	0.0009137300363
266998	0.001752282165
266999	0.003736806494
267000	0.008080020575
267001	0.001393871291
267002	0.0001264636006
267003	0.009274136793
267004	0.0005243785678
267005	0.0009768932402
267006	0.001659451733
267007	0.003010433683
267008	0.001067146245
267009	0.001356220028
267010	0.002606353616
267011	0.002446901269
267012	0.001706421724
267013	0.0008103470101
267014	0.002272695318
267015	0.0004064192676
267016	0.001367047373
267017	0.001852076267
267018	0.001795941899
267019	0.0006864893295
267020	0.0007815303321
267021	0.000334464736
267022	0.0007687440271
267023	0.000517140934
267024	0.001100783759
267025	0.002080493167
267026	0.0009461907331
267027	0.001547979349
267028	0.0001755452371
267029	0.0004542398168
267030	0.0004727085351
267031	0.001197939523
267032	0.0005499227009
267033	0.0006201674953
267034	0.0006266064017
267035	0.001239530658
267036	0.0009263117425
267037	0.002256103323
267038	0.0002013115042
267039	0.002837422336
267040	0.002332777192
267041	0.001477269279
267042	0.0009317355007
267043	0.004020442133
267044	0.001479297475
267045	0.0009321791031
267046	0.001961186911
267047	0.002116816434
267048	0.002791354927
267049	0.0009214273094
267050	0.001260028086
267051	0.002919913921
267052	0.0009659823254
267053	0.0008482090688
267054	0.0006867965908
267055	0.001089725018
267056	0.001496633251
267057	0.0006555876619
267058	0.0008205001892
267059	0.001322214999
267060	0.00162323066
267061	0.001391248369
267062	0.001741471855
267063	0.0006787315263
267064	0.0002190433673
267065	0.00514824973
267066	0.002129203936
267067	0.0009349411828
267068	0.0004252933566
267069	0.00248264426
267070	0.0009940675698
267071	0.0002357083388
267072	0.001041905423
267073	1.709626151e-06
267074	3.554214147e-05
267075	0.0008975494928
267076	0.0007707385995
267077	0.0001781910619
267078	0.0005849505468
267079	0.001541399209
267080	0.0004725690327
267081	0.0007066424126
267082	0.001264632118
267083	0.000650893943
267084	0.005509599525
267085	0.0009306753337
267086	0.005539807689
267087	0.004937197573
267088	0.0007071601768
267089	0.0005823984835
267090	0.0007093307053
267091	0.0002461646024
267092	0.001840217068
267093	0.001266549823
267094	0.002285768335
267095	0.004060828185
267096	4.027199825e-05
267097	0.001168655326
267098	0.001035683513
267099	0.003416684067
267100	0.001776177875
267101	0.00150841005
267102	0.001516968525
267103	0.0005090768461
267104	0.0002887529251
267105	0.0022719849
267106	0.000487835892
267107	0.001221779475
267108	0.0008953563033
267109	0.0002714875683
267110	0.0009462782373
267111	0.0106584494
267112	0.000778042936
267113	0.001566698754
267114	0.001130276174
267115	0.001941205925
267116	0.007789037462
267117	0.00690783607
267118	0.001574496907
267119	0.0009887636344
267120	0.001054184509
267121	0.002434256616
267122	0.0008367162982
267123	0.004135817959
267124	0.001124173516
267125	0.001694375903
267126	0.001680398994
267127	0.0005198632999
267128	0.001176922221
267129	5.687048322e-05
267130	0.003245421721
267131	0.002486911729
267132	0.0009252929677
267133	0.000953335435
267134	0.0004205983608
267135	0.0002580128181
267136	0.0001092174131
267137	0.001028483729
267138	0.000343208513
267139	0.001074968629
267140	0.0002647471657
267141	0.0003007457193
267142	0.001750995298
267143	0.0006964640288
267144	0.0006825100951
267145	0.0009555023185
267146	0.001255167597
267147	0.001179781499
267148	0.0003895159986
267149	0.001749563314
267150	0.0005860602463
267151	0.002999733809
267152	0.001232892319
267153	0.0009663110845
267154	0.000727834253
267155	0.001383284063
267156	0.0002558063833
267157	0.0002387071747
267158	0.00125709292
267159	0.00161654587
267160	0.0003495970674
267161	0.002203696419
267162	0.0002962955355
267163	0.0001274829148
267164	0.002181830302
267165	3.794081253e-05
267166	0.002429414454
267167	0.00304441138
267168	0.003285295795
267169	1.696390717e-05
267170	0.001043663242
267171	0.001291092339
267172	0.000177007715
267173	0.0004818211705
267174	0.0005240016078
267175	0.000554643279
267176	0.0002720859338
267177	0.004413045317
267178	0.0002219861175
267179	0.0009163221894
267180	0.001355908377
267181	0.00188212634
267182	0.001941870367
267183	0.002864277966
267184	0.0006216722362
267185	0.006521906514
267186	0.001508226358
267187	0.001206400645
267188	0.004016717767
267189	0.01099439826
267190	0.001824699957
267191	0.0005464366932
267192	0.0003076115074
267193	0.0005436555448
267194	0.0002229212374
267195	0.0005292076211
267196	0.0001026734744
267197	8.761937781e-05
267198	0.0007537046533
267199	0.0002050442817
267200	0.000412085178
267201	0.0001114036303
267202	0.0004507438142
267203	0.0005520989336
267204	0.0007843800027
267205	0.0004233598475
267206	0.0004441684897
267207	0.0001969374328
267208	4.912866445e-07
267209	0.0007773864208
267210	0.0005469663091
267211	0.0006677530378
267212	0.000888533527
267213	0.00012542244
267214	1.591498845e-05
267215	0.0003329303371
267216	9.473065341e-05
267217	0.000209071986
267218	0.0006901550944
267219	0.0005240322089
267220	0.0003119483529
267221	0.0004679173757
267222	0.0006557523134
267223	6.579311254e-07
267224	0.0001180775239
267225	0.0005407346149
267226	0.0009011232105
267227	1.009404741e-05
267228	0.0008723776943
267229	0.0002077606427
267230	8.897643612e-05
267231	0.0003091976137
267232	0.0002060381561
267233	0.0005512720918
267234	0.0002265398835
267235	0.0005440231283
267236	0.0004360719516
267237	0.0001020055733
267238	0.0007604215173
267239	0.0005799840667
267240	0.0003117544906
267241	0.0006494188246
267242	0.0005421164137
267243	9.350908397e-05
267244	0.0004334947639
267245	6.463830243e-05
267246	9.203468711e-05
267247	0.0002494551681
267248	0.0008911606231
267249	0.0007813633693
267250	0.0006823439333
267251	2.548519433e-07
267252	0.0008796476388
267253	0.0001053708334
267254	0.000224755303
267255	0.000409207767
267256	0.0003380053987
267257	0.0002076521315
267258	2.490411121e-06
267259	0.0001045038929
267260	0.000754051959
267261	0.0004333973047
267262	0.0005151101029
267263	0.0005136394555
267264	9.432318528e-06
267265	0.000567057645
267266	0.0003383260979
267267	0.0007684286069
267268	1.109077267e-05
267269	0.0005479834845
267270	9.217315663e-06
267271	0.0003222199383
267272	1.053621711e-05
267273	0.0005570990091
267274	9.465231935e-05
267275	2.679845258e-05
267276	0.000641074364
267277	0.0002215591511
267278	1.145105326e-05
267279	0.0004400564374
267280	0.001713224996
267281	0.005533711495
267282	0.0003416944894
267283	0.001771661892
267284	0.0006909565757
267285	0.0009782507057
267286	0.0005733046399
267287	0.001876499103
267288	0.001617818093
267289	3.939976704e-05
267290	0.00146033929
267291	0.000401772812
267292	0.000300218979
267293	0.00164452837
267294	0.001683488522
267295	0.0005710583107
267296	0.0003649925604
267297	0.0005867129913
267298	0.0006940993996
267299	0.002386191745
267300	0.002208987928
267301	0.001560931995
267302	0.0005341461764
267303	0.0005475287789
267304	0.001395791363
267305	0.0003374033031
267306	0.002583830955
267307	0.0003183050631
267308	0.0004478008229
267309	0.001083874238
267310	0.003020680742
267311	0.0008497762276
267312	0.001577822961
267313	1.805390907e-06
267314	0.001336031104
267315	0.0001130420195
267316	0.0002586630596
267317	0.00241755729
267318	0.0005213909454
267319	0.0004748495726
267320	0.001819656919
267321	0.001565388109
267322	0.00227430531
267323	0.000856278883
267324	0.002592639368
267325	0.00111728495
267326	0.0004508838136
267327	3.736545134e-05
267328	0.0002253309366
267329	1.562605912e-05
267330	0.0005746390546
267331	0.0003359913979
267332	0.001548962579
267333	0.0004394237876
267334	4.820594029e-06
267335	0.0009033023463
267336	0.0004787446712
267337	0.0005642056257
267338	0.001449333656
267339	0.002115443635
267340	0.0001245003242
267341	0.003250541866
267342	0.0003842805782
267343	0.0002086747535
267344	0.001978756113
267345	0.0002183136247
267346	0.0002545979299
267347	0.0005568839877
267348	0.0005710202996
267349	0.0008717401913
267350	1.151584278e-05
267351	0.001636772368
267352	0.0008924527753
267353	0.000460093072
267354	0.002239802895
267355	0.002472028774
267356	0.001904627189
267357	0.001110653515
267358	0.0003360683151
267359	0.0008842493342
267360	0.001568908966
267361	0.0006889006962
267362	0.001147027916
267363	0.000549760052
267364	0.0008665515479
267365	0.001510753085
267366	0.001230094901
267367	0.0001003427361
267368	0.0005823017272
267369	0.0006471996994
267370	0.0005515873875
267371	0.0006426611655
267372	0.0003139390022
267373	0.0001887516723
267374	0.000897679222
267375	0.001199231621
267376	0.0009930452276
267377	0.0006469526073
267378	0.001181742158
267379	0.001609125919
267380	0.0002075460374
267381	0.0004716662352
267382	0.0006982130935
267383	0.002210309383
267384	0.0002500455716
267385	0.001694285783
267386	9.072222813e-07
267387	0.0003181838971
267388	0.0009650139568
267389	0.002259797703
267390	0.001577033295
267391	6.209100401e-05
267392	0.0009733854862
267393	0.0001111901063
267394	0.0008694603194
267395	0.000686125524
267396	0.0008167362633
267397	0.0009866190968
267398	0.001818749206
267399	0.002257459216
267400	0.001451792767
267401	0.001123157077
267402	0.002464124752
267403	0.0002002690152
267404	0.0001189812064
267405	0.0006367284057
267406	0.0009899153687
267407	0.0005786563663
267408	0.003269066575
267409	0.0001241819011
267410	0.002058631855
267411	0.0004537564129
267412	0.001074899248
267413	0.0003252447685
267414	0.001973631273
267415	0.001085539128
267416	0.001482768443
267417	0.0001044057494
267418	0.003363438597
267419	0.002232337684
267420	0.001347219114
267421	0.0006932361888
267422	0.0005832499582
267423	0.001030205937
267424	0.001976714263
267425	0.002257519376
267426	0.0003731135729
267427	0.0004728012035
267428	0.0004470777112
267429	0.001077371956
267430	0.0004401265165
267431	0.001163140805
267432	5.683923269e-05
267433	0.001027500443
267434	0.0004535353814
267435	0.0006096853792
267436	0.002797753547
267437	0.0001137857051
267438	0.0001880989004
267439	0.0009137566004
267440	2.078921727e-05
267441	0.001078028093
267442	0.0001068391621
267443	0.002594327235
267444	0.002598413686
267445	0.002801637488
267446	1.937243573e-06
267447	0.001549753718
267448	0.0004804228331
267449	0.00248583705
267450	3.116173235e-07
267451	0.000381727284
267452	0.0007770148793
267453	0.0001170280954
267454	0.0006578724919
267455	5.110043015e-06
267456	0.001389095788
267457	0.0001152057725
267458	0.001649913635
267459	0.000375824726
267460	0.0008908488789
267461	0.001786269906
267462	0.001864920712
267463	0.001575195113
267464	0.0003334468713
267465	0.0005608799357
267466	0.0003609132404
267467	0.0005161354971
267468	0.002068617149
267469	0.002335052956
267470	9.437053589e-05
267471	0.0003285009114
267472	0.0006541543869
267473	0.0003588162389
267474	0.001439730558
267475	0.0002113382934
267476	0.001102173246
267477	0.001092900749
267478	0.0005527843854
267479	0.001092818083
267480	0.002428288264
267481	0.009344735114
267482	0.002138056954
267483	0.008972365055
267484	0.00942027772
267485	0.0005066406481
267486	0.003359785863
267487	0.004800946061
267488	0.01787777427
267489	0.004940106554
267490	0.003818135694
267491	0.005433330126
267492	0.0005580741172
267493	0.01123637556
267494	0.003225470395
267495	0.01582501492
267496	0.005710399955
267497	0.003781331689
267498	0.01767193034
267499	0.004415235025
267500	0.004590673314
267501	0.006630529532
267502	0.01843433343
267503	0.008399804361
267504	0.00674922797
267505	0.003179023701
267506	0.002628140456
267507	0.0004895473094
267508	0.008684129666
267509	0.01311793062
267510	0.01015554207
267511	0.002463225561
267512	0.001418768333
267513	0.01539589063
267514	0.003846626069
267515	0.006041053712
267516	0.001195155855
267517	0.007062455239
267518	0.002358602468
267519	0.009811669985
267520	0.005768104897
267521	0.0059572291
267522	0.01379251078
267523	0.00888159561
267524	0.001033342911
267525	0.00465789564
267526	0.001486588102
267527	0.009908701182
267528	0.01660801994
267529	0.0002537595406
267530	0.002935622069
267531	0.005462756085
267532	0.009002226113
267533	0.006288543158
267534	0.008922356603
267535	0.003411476116
267536	0.01288397543
267537	0.00129028413
267538	0.009237213596
267539	0.002521146975
267540	0.002288190223
267541	0.001068366293
267542	0.001396249077
267543	0.005463696339
267544	0.000449295607
267545	0.0005377840339
267546	0.003516562528
267547	0.01187664199
267548	0.004459840828
267549	0.00571271843
267550	0.005649497048
267551	0.008780454641
267552	0.001558671943
267553	0.002875907945
267554	0.002773328681
267555	0.008943288224
267556	0.004266265964
267557	0.001725974943
267558	0.01910718627
267559	0.0003609835371
267560	0.006083748435
267561	0.002323560967
267562	0.01529346591
267563	0.005526113269
267564	0.007007138695
267565	0.001614496592
267566	0.001246413824
267567	0.002343032403
267568	0.001518024763
267569	0.002375655638
267570	0.009644302812
267571	0.002428594954
267572	0.0006529473866
267573	0.0009288186376
267574	0.005142800015
267575	0.0007745565339
267576	0.003617834565
267577	0.002078488727
267578	0.004415301167
267579	0.009741874472
267580	0.009114567391
267581	0.00823306664
267582	0.003218402013
267583	0.0001771946129
267584	0.008850605616
267585	0.001587769809
267586	0.0002767729658
267587	0.002954552678
267588	0.001408199795
267589	0.003395141689
267590	0.00418086002
267591	0.00300112346
267592	0.0008221699998
267593	0.008614523232
267594	0.002929689175
267595	0.02205293515
267596	0.008564230754
267597	0.005579801966
267598	0.002398321217
267599	0.01053437524
267600	0.002776991561
267601	0.005147441839
267602	0.001860569349
267603	0.007340782678
267604	0.005842807559
267605	0.00110342631
267606	0.008405338558
267607	0.0008409706619
267608	0.002430561467
267609	0.009310716752
267610	0.006778908645
267611	0.01013858526
267612	0.001934943058
267613	0.007056224289
267614	0.0007063256577
267615	0.0005264376272
267616	0.0005738087193
267617	0.005607465538
267618	0.003030535039
267619	0.0100273201
267620	0.01238482952
267621	0.001897973506
267622	0.005307564437
267623	0.006929712465
267624	0.0008483775257
267625	0.004903256552
267626	0.003153782654
267627	0.002849738671
267628	0.005724046341
267629	0.005973755341
267630	0.0003742137398
267631	0.002252542041
267632	0.003856665653
267633	0.002103843422
267634	0.002403612281
267635	0.003451743302
267636	0.002243411255
267637	0.002425760883
267638	0.002941180096
267639	0.002941955502
267640	0.003605168353
267641	0.001851571414
267642	0.003260399807
267643	0.002619855721
267644	0.003021778336
267645	0.002598784721
267646	0.003695453865
267647	0.003996127682
267648	0.003043526413
267649	0.0021296932
267650	0.001561873005
267651	0.002957837843
267652	0.002800822274
267653	0.00442271382
267654	0.006302191553
267655	0.002730458492
267656	0.006557168548
267657	0.001686265536
267658	0.001901440232
267659	0.003198083327
267660	0.01317000758
267661	0.0002328411981
267662	0.0006947791586
267663	0.001034985026
267664	0.008335172613
267665	0.003076981184
267666	0.008802920794
267667	0.000784701926
267668	0.003618267624
267669	0.004623093882
267670	0.005572591419
267671	0.003662693879
267672	0.007683926284
267673	0.0037366487
267674	0.004152486708
267675	0.005742887454
267676	0.007321303895
267677	0.004197264173
267678	0.002266813964
267679	0.01355565534
267680	0.004508652578
267681	0.01030149773
267682	0.000239197948
267683	0.002767731069
267684	0.01073448407
267685	0.009731346887
267686	0.008315917961
267687	0.0009524311852
267688	0.0004332801249
267689	0.009195698206
267690	0.001414980861
267691	0.007913111444
267692	0.000495013538
267693	0.005786297216
267694	0.007189080355
267695	0.0004916383162
267696	0.005458731476
267697	0.002177522367
267698	0.00941490481
267699	0.01959617532
267700	0.008456315779
267701	0.009404932551
267702	0.007394948956
267703	0.005073784642
267704	0.001070576789
267705	0.001787127835
267706	0.007926443145
267707	0.001835014459
267708	0.009973758382
267709	0.009800689655
267710	0.004154109784
267711	0.008633988279
267712	0.00458674089
267713	0.002002644184
267714	0.00822663436
267715	0.007291474434
267716	0.006634825714
267717	0.01494109879
267718	0.00113344017
267719	0.005805506099
267720	0.001143362438
267721	0.007544022171
267722	0.006420284836
267723	0.0004718332534
267724	0.007583910793
267725	0.003426140631
267726	0.003789089829
267727	0.005560296436
267728	0.007318740266
267729	0.0009556970099
267730	0.003535843658
267731	0.009166317643
267732	0.008152527372
267733	0.01562389637
267734	0.004555522755
267735	0.008412700705
267736	0.005138442669
267737	0.009833073125
267738	0.004341039498
267739	0.004964558367
267740	0.006706830986
267741	0.00433475255
267742	0.004397593377
267743	0.003419660248
267744	0.002141495166
267745	0.004458635166
267746	0.003090188566
267747	0.002436193076
267748	0.002749024143
267749	0.0009393691198
267750	0.0013683328
267751	0.005477225176
267752	0.01038149759
267753	0.001376284405
267754	0.005782179269
267755	0.01170098365
267756	0.003930157014
267757	0.004526488731
267758	0.0135738464
267759	0.005688273507
267760	0.00217141802
267761	0.005276615518
267762	0.007865597081
267763	0.004356294856
267764	0.009363733022
267765	0.0037193465
267766	0.005316594748
267767	0.00366573394
267768	0.007222992603
267769	0.001973205838
267770	0.005745571494
267771	0.001319944684
267772	0.005059450595
267773	0.002718432976
267774	0.002323871211
267775	0.002591284801
267776	0.002494757473
267777	0.01487072508
267778	0.01637832832
267779	0.004591161653
267780	0.005519297765
267781	0.006183491272
267782	0.01128943652
267783	0.003421986874
267784	0.0005394914691
267785	0.01743978951
267786	0.003562289965
267787	0.000475833042
267788	0.008697156779
267789	0.002213292847
267790	0.008064517569
267791	0.001591635727
267792	0.004561546076
267793	0.001491167308
267794	0.01303706177
267795	0.01028915315
267796	0.003355835438
267797	0.004285252957
267798	0.01218745534
267799	0.0009239748053
267800	0.004375624754
267801	0.003209762606
267802	0.002543415057
267803	0.0007072408623
267804	0.0008031624953
267805	0.001680275057
267806	0.00087154907
267807	0.002407353024
267808	0.0009925542745
267809	0.001625503883
267810	0.001703863257
267811	0.0006922657238
267812	0.0007936606238
267813	0.0004137079048
267814	0.000530445202
267815	0.0003709907548
267816	0.001210621232
267817	0.000350753089
267818	0.0009742726677
267819	0.0001740379564
267820	0.001825429559
267821	0.001594787103
267822	0.001013939394
267823	0.001273773229
267824	0.0005561608833
267825	0.001316271612
267826	0.001251406051
267827	0.0009449887285
267828	0.001013682188
267829	0.001261672623
267830	0.001353010528
267831	0.0003959637824
267832	0.001359422058
267833	0.00104289399
267834	0.002493456333
267835	0.001216347468
267836	0.001577680231
267837	0.002396999852
267838	0.0004051444397
267839	0.003770245867
267840	0.002549753413
267841	0.001384587332
267842	0.001433623356
267843	0.002733314042
267844	0.004260134691
267845	0.002317420118
267846	0.002105799236
267847	0.002120560734
267848	0.00288662868
267849	0.0001484072225
267850	0.003054881728
267851	0.003918470831
267852	0.01194949626
267853	0.003118433633
267854	0.00234023117
267855	0.002203163198
267856	0.00177131035
267857	0.002145868153
267858	0.003212414611
267859	0.004594628688
267860	0.001193698206
267861	0.002830913584
267862	0.004094518605
267863	0.001758369871
267864	0.002321411265
267865	0.00093314016
267866	0.001513911099
267867	0.002933215574
267868	0.001600956606
267869	0.001536108475
267870	0.002111149608
267871	0.00366059577
267872	0.0003406743695
267873	0.0043596224
267874	0.002404459286
267875	0.002233764131
267876	0.004283078262
267877	0.001499219245
267878	0.003863396816
267879	0.00275685481
267880	0.002835138651
267881	0.002830265596
267882	0.003518767741
267883	0.002898999802
267884	0.001883751958
267885	0.003767663188
267886	0.001782012355
267887	0.004902453731
267888	0.002364001979
267889	0.001921788043
267890	0.002179180863
267891	0.002536412142
267892	0.001558333649
267893	0.005388315634
267894	0.003298192258
267895	0.002280626771
267896	0.002339116903
267897	0.001715341453
267898	0.003567612261
267899	0.002722809933
267900	0.0009834269098
267901	0.003410180149
267902	0.002461470129
267903	0.0001023663088
267904	0.002069502601
267905	0.001324785038
267906	0.003231475052
267907	0.0007194823574
267908	0.002299727449
267909	0.004718031624
267910	0.001119876677
267911	0.003880113896
267912	0.002651386653
267913	0.002784689431
267914	0.002107408577
267915	0.00225108984
267916	0.002538873351
267917	0.0006408604291
267918	0.004322633522
267919	0.002099678747
267920	0.002734913879
267921	0.002881597965
267922	0.002195235545
267923	0.00256363959
267924	0.002112757596
267925	0.002883911629
267926	0.001547028067
267927	0.003160076395
267928	0.002045948113
267929	0.005482469427
267930	0.002486347427
267931	0.00278982202
267932	0.002993524018
267933	0.001882176223
267934	0.004480231523
267935	0.003922679495
267936	0.00210478304
267937	0.003928382855
267938	0.003669590447
267939	0.001884524973
267940	0.002934339411
267941	0.003180414543
267942	0.0007836274474
267943	0.002887264005
267944	0.002366323113
267945	0.003240541405
267946	0.003882420073
267947	0.003445770708
267948	0.002003042089
267949	0.003381872425
267950	0.00386321644
267951	0.003325242892
267952	0.001855769704
267953	0.002349039868
267954	0.002980065747
267955	0.003249626234
267956	0.003419361304
267957	0.004273700716
267958	0.002991693549
267959	0.0006782035685
267960	0.002751264299
267961	0.002802178379
267962	0.002334093323
267963	0.003701478983
267964	0.0001059629071
267965	0.00280040446
267966	0.003973420711
267967	0.002355129512
267968	0.002259039928
267969	0.003688037729
267970	0.002687882506
267971	0.0081190521
267972	0.002606412566
267973	0.005042954006
267974	0.002185880291
267975	0.003822869693
267976	0.002756741078
267977	0.0001163612387
267978	0.001404829411
267979	0.002466022331
267980	0.00431324078
267981	0.003020321147
267982	0.005353518607
267983	0.003313293158
267984	0.001935901013
267985	0.0007223281034
267986	0.002643090729
267987	0.003765187019
267988	0.008928832735
267989	0.0003594956982
267990	0.005760945305
267991	0.002327835159
267992	0.004459770585
267993	0.002226595396
267994	0.003496844172
267995	0.00298005745
267996	0.002496081603
267997	0.00315495251
267998	0.004680641154
267999	0.00189979838
268000	0.002445774201
268001	0.002904542134
268002	0.001917676841
268003	0.003458428736
268004	0.00219217382
268005	0.003852141831
268006	0.00398019727
268007	0.003249614876
268008	0.002600402336
268009	0.009996655567
268010	0.003742329399
268011	6.2305401e-05
268012	0.001209881094
268013	0.002042876485
268014	0.00117201773
268015	0.002511518565
268016	0.005130838733
268017	0.002636951933
268018	0.003547741839
268019	0.001843464218
268020	0.002837812379
268021	0.003451389492
268022	0.002354040904
268023	0.002569599543
268024	0.001594765691
268025	0.003321010147
268026	0.002211908124
268027	0.0005817393617
268028	0.0007955263044
268029	0.002738957784
268030	0.002403082607
268031	0.001645622881
268032	0.004173828921
268033	0.002142210441
268034	0.002981460378
268035	0.002906005472
268036	0.002111339638
268037	0.004315542814
268038	0.002298224271
268039	0.003503581853
268040	0.002749445046
268041	0.002714346769
268042	0.004044888365
268043	0.001354632605
268044	0.002478938461
268045	0.002449435216
268046	0.001518494545
268047	0.002629993905
268048	0.002175803936
268049	0.002788902571
268050	0.002525166516
268051	0.0031190584
268052	0.002799614225
268053	0.002277591954
268054	0.005528508102
268055	0.003666775162
268056	0.003975475621
268057	0.002620180357
268058	0.003688467832
268059	0.003037456978
268060	0.002385883878
268061	0.001629380116
268062	6.565952851e-05
268063	0.003223037413
268064	0.001722343289
268065	0.001574873105
268066	0.004723185187
268067	0.003147135549
268068	0.002745457044
268069	0.004470919907
268070	0.005274911982
268071	0.003025125223
268072	0.002362731773
268073	0.001683455928
268074	0.003310387783
268075	0.004697866626
268076	0.002186140212
268077	0.002462633133
268078	0.002119580221
268079	0.001406577283
268080	0.003987630208
268081	0.001749466792
268082	0.00186324201
268083	0.00226337958
268084	0.003541066926
268085	0.001800577932
268086	0.003180596739
268087	0.003054527052
268088	0.001528360743
268089	0.0009630894695
268090	0.003017245583
268091	0.003560469441
268092	0.002142260453
268093	0.002082219673
268094	0.002416359476
268095	0.002846792022
268096	0.005810868671
268097	8.831964911e-05
268098	0.002078087844
268099	0.002443208274
268100	0.002974696362
268101	0.003826356106
268102	0.002315790119
268103	0.002927454484
268104	0.001306797791
268105	0.002006292943
268106	0.0003435981335
268107	0.0008266784753
268108	0.00252692798
268109	0.003831020842
268110	0.002744447989
268111	0.002096589408
268112	0.002325918744
268113	0.003093884475
268114	0.002627513632
268115	0.003944465645
268116	0.003555563619
268117	0.003251503455
268118	0.002845099798
268119	0.0008211397086
268120	0.00282896583
268121	0.004388146935
268122	0.002240217152
268123	0.003213266079
268124	0.0002502133403
268125	0.001946002276
268126	0.002661667758
268127	0.00416263919
268128	0.00223812654
268129	0.002102882956
268130	0.0005188328513
268131	0.003627465534
268132	0.003074545624
268133	0.002138779562
268134	0.002577126206
268135	0.002434852852
268136	0.008118517658
268137	0.001685222905
268138	0.002367377114
268139	0.002375951928
268140	0.003233805262
268141	0.003951829055
268142	0.001784817416
268143	0.005544173799
268144	0.0029766146
268145	0.003923158838
268146	0.001478784999
268147	0.001534242937
268148	0.002216228976
268149	0.001184733216
268150	0.0005134443978
268151	0.002374664896
268152	0.002399220297
268153	0.002076754684
268154	0.002735699379
268155	0.001561677056
268156	0.002113875547
268157	0.002925644398
268158	0.003377647222
268159	0.004247930707
268160	0.00391180368
268161	0.003601851947
268162	0.0009679238175
268163	0.001503495273
268164	0.004528792717
268165	0.00326347683
268166	0.002824018614
268167	0.002180683825
268168	0.001917994573
268169	0.0002847116701
268170	0.0009345500893
268171	0.003034339113
268172	0.001512080517
268173	0.002846897363
268174	0.0002642678376
268175	0.0003643416067
268176	0.002491735651
268177	0.005822911695
268178	0.002433921042
268179	0.003356298366
268180	0.004094424911
268181	0.0008617893756
268182	0.01088734291
268183	0.003155368413
268184	0.00432657593
268185	0.01272410377
268186	0.007448200862
268187	0.002135136404
268188	0.001829095188
268189	0.003724401365
268190	0.004407260845
268191	0.005160461084
268192	0.0005678389129
268193	0.005274725672
268194	0.004066556439
268195	0.002229125012
268196	6.357116283e-05
268197	0.001926669022
268198	0.001059001876
268199	0.003257058956
268200	0.004357592769
268201	0.004515255634
268202	0.003706047911
268203	0.005017735837
268204	0.002143650996
268205	0.005334748193
268206	0.0004153868384
268207	0.001881660784
268208	0.0007119446839
268209	0.003563645889
268210	0.001089317608
268211	0.006096659548
268212	0.01327587491
268213	0.002460692234
268214	3.870803798e-05
268215	0.002032577922
268216	0.001922731305
268217	0.00256253514
268218	0.001747145242
268219	0.002810860598
268220	0.002680461641
268221	0.002103421144
268222	0.003688605614
268223	0.004181990836
268224	0.00158124074
268225	0.0001532964511
268226	0.003041451824
268227	0.002464728443
268228	0.001462122327
268229	0.003427514387
268230	0.003221209675
268231	0.003284838446
268232	0.002290817103
268233	0.001485439806
268234	0.001073853286
268235	0.001765513483
268236	0.0009232232115
268237	0.003441530547
268238	0.001696664835
268239	0.0009339173993
268240	0.001366296517
268241	0.002903053985
268242	0.002704183787
268243	0.00176940268
268244	0.002390174415
268245	0.002222946629
268246	0.002823014497
268247	0.003023112092
268248	0.003238777251
268249	0.00169188634
268250	0.001711450651
268251	0.002029392336
268252	0.002910966096
268253	0.00210648145
268254	0.00327130923
268255	0.004183067533
268256	0.005431438975
268257	0.006674270705
268258	0.001946200805
268259	0.006205525878
268260	0.0007746005304
268261	0.0005980193374
268262	0.002270607004
268263	0.001433127255
268264	0.003727801959
268265	0.002124103063
268266	0.003246910848
268267	0.005295174526
268268	0.0007211047049
268269	0.004609453245
268270	0.006535204854
268271	0.008517181358
268272	0.003026102008
268273	0.01282334399
268274	0.00369257494
268275	0.006936187773
268276	0.004078680574
268277	0.009981151525
268278	0.002390038526
268279	0.001064819282
268280	0.0007501055056
268281	0.004735450292
268282	0.003028492859
268283	0.00398238369
268284	0.001639958362
268285	0.002094645846
268286	0.00291482199
268287	0.009314642906
268288	0.003739666217
268289	0.002468794461
268290	0.00141980731
268291	0.004649169133
268292	0.001769047567
268293	0.0005178879412
268294	0.002066505826
268295	0.001453678892
268296	0.001603138381
268297	0.00296948614
268298	0.01956874984
268299	0.005161887159
268300	0.002078181269
268301	0.01654764651
268302	0.002924801321
268303	0.005958121995
268304	0.001030008441
268305	2.750586354e-05
268306	0.004166894865
268307	0.01212053221
268308	0.004064549833
268309	0.006532729099
268310	0.007246950716
268311	0.01074162791
268312	0.003891521266
268313	0.01294205977
268314	0.001420049962
268315	0.0004568141142
268316	0.0001646750676
268317	0.00088034428
268318	0.0003660556384
268319	0.004960037532
268320	0.00258357794
268321	0.006676490245
268322	0.01025632722
268323	0.005424109658
268324	0.004411238755
268325	0.008081434072
268326	0.006884069915
268327	0.002762380358
268328	0.0009436342004
268329	0.003658627993
268330	0.002344331267
268331	0.0007636037448
268332	0.003060458875
268333	0.0001211171201
268334	0.001072455157
268335	0.007228754679
268336	0.001805280946
268337	0.002134451027
268338	0.004221787255
268339	0.01522968001
268340	0.002162072016
268341	0.0050021015
268342	0.002972672825
268343	0.01458361725
268344	0.005109655843
268345	0.001551800271
268346	0.0006630478747
268347	0.001948641407
268348	0.00290712496
268349	0.008563666867
268350	0.004851750281
268351	0.002898883836
268352	0.003441833234
268353	0.004903333086
268354	0.007318301774
268355	0.004429883198
268356	0.002812091126
268357	0.002814754768
268358	0.01146627101
268359	0.001900331308
268360	0.005325856275
268361	0.002857775023
268362	0.01065010854
268363	0.006077873806
268364	0.002735599057
268365	0.003578979986
268366	0.00703367188
268367	0.0004773458338
268368	0.001960350471
268369	0.000318724751
268370	0.003558622268
268371	0.0003136974034
268372	0.009341016933
268373	0.0005767052956
268374	0.005698906321
268375	0.007577785069
268376	0.007091463097
268377	0.0007003837176
268378	0.008004763277
268379	0.0009517564667
268380	0.004321299486
268381	0.009916633418
268382	0.005992578594
268383	0.001688522098
268384	0.003160110418
268385	0.009126607615
268386	0.004643288364
268387	0.001879175169
268388	0.0005513660712
268389	0.001558260059
268390	0.001122512405
268391	0.004483159149
268392	0.006814381092
268393	0.0006469924745
268394	0.0004975073727
268395	0.01485368526
268396	0.00128151021
268397	0.003583214781
268398	0.00412113789
268399	0.006787646296
268400	0.002367521749
268401	0.003583308552
268402	0.00231310297
268403	0.007357719396
268404	0.01015103543
268405	0.002879105963
268406	0.006259846038
268407	0.005011600178
268408	0.006995018029
268409	0.0004931715797
268410	0.003019488764
268411	0.00373826516
268412	0.004165893438
268413	0.00118418662
268414	0.0004021400022
268415	0.001888756218
268416	0.001411065445
268417	0.003168730219
268418	0.007894445474
268419	0.002345185841
268420	0.005673105233
268421	0.004395273055
268422	0.004074192079
268423	0.01171434035
268424	0.004390800871
268425	0.002829618425
268426	0.005169023642
268427	0.001412520757
268428	0.0009131372296
268429	0.003558456697
268430	0.005519993402
268431	0.005454695766
268432	0.007769807245
268433	0.009505435027
268434	0.002971304993
268435	0.003007077717
268436	0.000835575135
268437	0.002776456962
268438	0.001609423662
268439	0.002540226375
268440	0.003502643351
268441	0.00341024018
268442	0.002742034827
268443	0.002429976689
268444	0.002374210337
268445	0.001686460373
268446	0.0040069981
268447	0.002108485035
268448	0.001726477226
268449	0.004150270398
268450	0.002009808624
268451	0.003004288006
268452	0.001188855329
268453	0.002267305528
268454	0.002894025293
268455	0.005466192842
268456	0.002835985306
268457	0.002748235742
268458	0.002228529783
268459	0.002927871613
268460	0.001503725026
268461	0.003427041061
268462	0.002659071518
268463	0.002053043008
268464	0.003049657443
268465	0.00231978103
268466	0.001772347043
268467	0.003001126852
268468	0.00434178175
268469	0.002329417828
268470	0.001682914519
268471	0.004149085771
268472	0.001915188026
268473	0.004317734753
268474	0.002091608584
268475	0.001825936219
268476	0.001199319585
268477	0.00152939646
268478	0.00248001071
268479	0.002616642632
268480	0.004703882925
268481	0.0001789923959
268482	0.003321651529
268483	0.0007359452369
268484	0.001678708341
268485	0.002431884282
268486	0.002223823475
268487	0.0006399117029
268488	0.003127366722
268489	0.00238838442
268490	0.0001960379546
268491	0.002723426026
268492	0.002653992903
268493	0.002254215997
268494	0.004822532569
268495	0.002431859697
268496	0.003324692249
268497	0.001133939027
268498	0.002562194915
268499	0.003476975492
268500	0.002294929512
268501	0.002591724776
268502	0.001545259556
268503	0.003215596232
268504	0.001095384276
268505	0.003884064504
268506	0.001939055477
268507	0.002103104067
268508	0.002751427124
268509	0.0043423079
268510	0.004071003379
268511	0.00291181886
268512	0.004866451631
268513	0.001426617945
268514	0.001742743778
268515	0.003374072183
268516	0.001990511223
268517	0.002312500028
268518	0.002401523924
268519	0.002474221358
268520	0.002787308854
268521	0.004236582536
268522	0.002722889591
268523	0.008004060273
268524	0.006756685009
268525	0.001542324919
268526	0.003980861418
268527	0.004771830331
268528	0.003279883638
268529	0.003526515365
268530	0.00229205416
268531	0.00179098108
268532	0.00291489225
268533	0.002899004412
268534	0.003109956188
268535	0.003522367252
268536	0.005226317975
268537	0.003265740389
268538	0.001145320359
268539	0.003851887414
268540	0.001244539714
268541	0.004068067142
268542	0.0008489157147
268543	0.0005167487461
268544	0.0004272387888
268545	0.003925135744
268546	0.0003910854422
268547	0.008043422294
268548	0.004856507001
268549	0.00224507051
268550	0.003033833347
268551	0.003585781584
268552	0.0007308902695
268553	0.003244061071
268554	0.005331448176
268555	0.001021001836
268556	0.003947802262
268557	0.00123514008
268558	0.002920651908
268559	0.004770946862
268560	0.002400986884
268561	0.004361200319
268562	0.001086173719
268563	0.002381048767
268564	0.01017622482
268565	0.006149091521
268566	0.0004230978117
268567	0.00208652432
268568	0.001523103542
268569	0.003011829643
268570	0.0005125014868
268571	0.001802271005
268572	0.005344525495
268573	0.005360158398
268574	0.001751180565
268575	0.002702565836
268576	0.01784242568
268577	0.0009552770269
268578	0.003281366078
268579	0.00218093681
268580	0.005553293239
268581	0.0002935510192
268582	0.002382354254
268583	0.001635807199
268584	0.004366894858
268585	0.002545482144
268586	0.003347064116
268587	0.00191039632
268588	0.002277319556
268589	0.00234039122
268590	0.00263666626
268591	0.002131592711
268592	0.0029873005
268593	0.003024237464
268594	0.004138730614
268595	0.001667822059
268596	0.00709914093
268597	0.0007618932011
268598	0.005233510524
268599	0.0001271691955
268600	0.002385714983
268601	0.002863754456
268602	0.001326163714
268603	0.001337006083
268604	0.001949201637
268605	0.002311343867
268606	0.003242039984
268607	0.002264461749
268608	0.0002280368677
268609	0.003325985238
268610	0.001118332754
268611	0.001731903858
268612	0.002953059983
268613	0.001367241392
268614	0.001665495596
268615	0.002389658075
268616	0.002756626014
268617	0.003329413454
268618	0.002301781402
268619	0.001582437465
268620	0.002972889391
268621	0.003449924026
268622	0.002851354698
268623	0.002168252331
268624	0.003668816536
268625	0.001451746004
268626	0.003361777921
268627	0.003271532151
268628	0.002707451393
268629	0.001394494423
268630	0.005660302559
268631	0.008726176576
268632	0.004455114824
268633	0.0003467142138
268634	0.003414428227
268635	0.007857112508
268636	0.00366971159
268637	0.009745322765
268638	0.002147288428
268639	0.0004816292321
268640	0.001768301125
268641	0.0005052628228
268642	0.002768474157
268643	0.003945805755
268644	0.004496517531
268645	0.008634833557
268646	0.00104389463
268647	0.008187214884
268648	0.00437527402
268649	0.004949245559
268650	0.01118026037
268651	0.0003020883913
268652	0.01063055072
268653	0.0005928992232
268654	0.003016540987
268655	0.003987021516
268656	0.009728581514
268657	0.005324924887
268658	0.007897289554
268659	0.002855879671
268660	0.007705374122
268661	0.002381368103
268662	0.001535348847
268663	0.003574441583
268664	0.008816755638
268665	0.002506221833
268666	0.008157164333
268667	0.006762538361
268668	0.005510255383
268669	0.002637809198
268670	0.002442619685
268671	0.003242860719
268672	0.0008434017024
268673	0.0007127675149
268674	0.001520783975
268675	0.008098615473
268676	0.008260535235
268677	0.00276673727
268678	0.002719554181
268679	0.0003387710444
268680	0.006264347292
268681	0.003115927782
268682	0.01117504165
268683	0.0006554270319
268684	0.002293103531
268685	5.570738329e-08
268686	5.800231557e-05
268687	0.0005792628681
268688	0.002499693973
268689	0.002967079113
268690	0.005817613634
268691	0.002317578075
268692	0.003583538942
268693	0.001785125737
268694	0.003011370822
268695	0.002662909531
268696	0.00217148759
268697	0.004596484947
268698	0.004276516161
268699	0.001360306215
268700	0.00533545224
268701	0.005766746208
268702	0.002478614288
268703	0.0001812861234
268704	0.003642813273
268705	0.0001307455878
268706	0.001758529676
268707	0.001458670635
268708	0.001185602415
268709	0.00186479352
268710	0.003223858221
268711	7.137118131e-05
268712	0.00311052495
268713	0.001569407749
268714	0.005695293667
268715	0.00148687597
268716	0.001824250443
268717	0.003902487548
268718	0.002788940708
268719	0.01879517409
268720	0.001149455683
268721	0.008656662518
268722	0.003930542571
268723	0.003127686804
268724	0.001955529318
268725	0.001190020033
268726	0.001954631004
268727	0.00291397713
268728	0.008199786416
268729	0.0007027019142
268730	0.01095342215
268731	0.0005903487309
268732	0.007047418721
268733	0.009518789426
268734	5.250726617e-05
268735	0.001867215824
268736	0.006750391128
268737	0.002550990479
268738	0.00231248351
268739	0.00500571648
268740	0.003000127618
268741	0.001245346422
268742	0.001211123307
268743	0.0008714380464
268744	0.001638306053
268745	0.008447651648
268746	0.003299935052
268747	0.0008140631865
268748	0.0005798095105
268749	0.003669130873
268750	0.01006669829
268751	8.147280655e-05
268752	0.0062923952
268753	0.003664346675
268754	0.0007401767384
268755	0.00602840902
268756	0.0004591171873
268757	0.006088216476
268758	0.007930544903
268759	0.003174859755
268760	0.002823691064
268761	0.01138255159
268762	0.0117968136
268763	0.003037067027
268764	0.0008906920589
268765	0.00019183323
268766	0.00989221072
268767	0.01142607113
268768	0.008204190512
268769	0.008367571354
268770	0.001383924286
268771	0.0005328218184
268772	0.004234642953
268773	0.001671526268
268774	0.001894775252
268775	0.005164773009
268776	0.007205928779
268777	0.004104664474
268778	0.005930742217
268779	0.0003343803694
268780	0.001785393919
268781	0.002746510688
268782	0.006168829459
268783	0.004118289004
268784	0.006597243206
268785	0.001513116529
268786	0.001097524559
268787	0.001689808974
268788	0.01055811129
268789	0.002471299877
268790	0.008718881029
268791	0.006396398797
268792	0.001823284619
268793	0.004898774839
268794	0.003126602167
268795	0.009261981061
268796	0.004015111639
268797	0.0003657814816
268798	0.004872182186
268799	1.377597997e-05
268800	0.003698437084
268801	0.00837436019
268802	0.004206303547
268803	0.005998168156
268804	0.008552340305
268805	0.01137246039
268806	0.002578413132
268807	0.001864676561
268808	0.0001687564906
268809	0.0008854302925
268810	0.004990502434
268811	0.01027526518
268812	0.008976049642
268813	0.00505418589
268814	0.0005390851135
268815	0.001251496598
268816	0.004051175246
268817	0.002471735191
268818	0.0004116583912
268819	0.004767980564
268820	0.003095992173
268821	0.000235195409
268822	0.0003886140432
268823	0.01670896926
268824	0.001109976246
268825	0.005911474914
268826	0.00100604385
268827	0.001612568508
268828	0.004493764196
268829	0.000850713363
268830	0.002051990694
268831	0.005774834177
268832	0.004082262468
268833	0.006820567445
268834	0.007727019566
268835	0.002048652973
268836	0.008737832135
268837	0.002177513304
268838	0.003359866969
268839	0.001786214069
268840	0.004944196689
268841	0.002533745587
268842	0.0002591374826
268843	0.004531102394
268844	0.004609826538
268845	0.003361576471
268846	0.001027099503
268847	0.001273253345
268848	0.0001290846721
268849	0.0002589489236
268850	0.001547452701
268851	0.0002400219124
268852	0.01706012804
268853	0.01442352188
268854	0.01545288014
268855	0.009715097126
268856	0.01595891031
268857	0.0165058821
268858	0.0122028517
268859	0.0003875630388
268860	0.01858420968
268861	0.001674466408
268862	0.005872211747
268863	0.01666131023
268864	0.0001997514667
268865	0.004522005776
268866	0.006804537901
268867	0.001692213581
268868	0.01448007523
268869	0.008060673079
268870	0.000752891022
268871	0.006941373711
268872	0.003844924274
268873	0.004675943348
268874	0.01078799806
268875	0.002609515267
268876	2.468824638e-05
268877	0.001448487489
268878	2.875566382e-05
268879	0.009277566409
268880	0.009460058986
268881	0.004899939024
268882	0.01547452752
268883	0.01318588629
268884	0.0110012245
268885	0.008932093248
268886	0.006194981262
268887	0.008641184568
268888	0.005115147637
268889	0.004820223338
268890	0.0009631047009
268891	0.006187702015
268892	0.008331477173
268893	0.00639294867
268894	0.0006566907327
268895	0.009451837835
268896	0.003419524052
268897	0.005442276702
268898	0.01453787843
268899	0.004232633317
268900	0.01521069952
268901	0.01315006201
268902	0.006289036933
268903	0.009123885452
268904	0.01100131526
268905	0.005494148534
268906	0.00727201133
268907	0.005000682912
268908	0.00420840111
268909	0.001850466414
268910	0.001908883252
268911	0.001692902741
268912	0.002045946237
268913	0.001193068881
268914	2.167631017e-05
268915	0.001934576076
268916	0.0007701175951
268917	0.00409517416
268918	0.0001243542788
268919	0.002374864717
268920	0.0001249826294
268921	0.005985780834
268922	0.0009727341301
268923	0.002282307072
268924	0.003878424704
268925	0.0002621419821
268926	0.001233678939
268927	0.0003485065629
268928	0.003037931445
268929	0.00754005957
268930	0.008896191802
268931	0.0004556628561
268932	0.006422165684
268933	0.008654926758
268934	0.0002216029233
268935	0.006120756871
268936	0.00137779498
268937	0.0006043606264
268938	0.002684648061
268939	0.01036055006
268940	0.005676191418
268941	0.01005299095
268942	0.0009911561424
268943	0.003338693943
268944	9.015645655e-05
268945	0.001568982405
268946	0.0009415168235
268947	0.00352732097
268948	0.003022090686
268949	0.0002751082964
268950	0.0009568651086
268951	0.0001200255783
268952	0.0007836225416
268953	0.000710582054
268954	0.0002572131836
268955	0.001186541866
268956	0.001139708012
268957	0.0003176779572
268958	0.0004504622776
268959	0.001247438525
268960	0.0008804621374
268961	0.0002484581132
268962	0.0006300161534
268963	0.0007915423049
268964	0.0007234729115
268965	0.004145345122
268966	0.0004381376644
268967	0.0008721544585
268968	0.001026647716
268969	0.002264258009
268970	0.001539790974
268971	0.001639715709
268972	1.086066263e-05
268973	0.0008154630512
268974	8.806170164e-05
268975	0.001122677673
268976	0.001247117472
268977	0.001306262148
268978	0.0004442832576
268979	0.001064918454
268980	0.0005123444922
268981	0.001380950281
268982	0.001141470553
268983	0.001128551969
268984	0.0005683070662
268985	0.0001458202769
268986	0.0007555504647
268987	0.0008483104315
268988	1.725302113e-05
268989	0.0009093790593
268990	0.002196446392
268991	0.001789584607
268992	0.0008911853062
268993	0.0002615812056
268994	0.000192904762
268995	0.0001825158726
268996	0.001098406866
268997	0.0001085865108
268998	0.001623080276
268999	0.0005488677148
269000	9.43229267e-05
269001	0.002112906865
269002	0.0009203369448
269003	0.001415539303
269004	0.0009036693577
269005	0.001135487315
269006	0.0003575144683
269007	0.0004301168312
269008	0.001189686736
269009	0.0002901121616
269010	0.0001181456348
269011	0.0004075694939
269012	0.0007839770422
269013	0.002212260438
269014	0.001104350122
269015	0.0003707766695
269016	0.001510370404
269017	0.001255964046
269018	0.0008578301883
269019	0.0007777929298
269020	0.001035255819
269021	0.0002077344411
269022	0.006764501521
269023	0.001637393185
269024	0.0007934120914
269025	0.003954655481
269026	0.0007040897937
269027	0.0006945751174
269028	0.0007868140336
269029	0.0003636190937
269030	9.97137327e-05
269031	0.001217874633
269032	0.0001111281032
269033	0.0005503053541
269034	0.00123601389
269035	0.0008504514589
269036	0.0006096995115
269037	0.0001075016837
269038	0.001186883031
269039	0.0008546396626
269040	0.0003747254006
269041	0.0002687941373
269042	0.0007009370133
269043	0.0003325730807
269044	0.001540272689
269045	9.05301475e-05
269046	0.0008867509953
269047	0.0002910424051
269048	0.0009637797673
269049	0.001262732201
269050	0.001687425714
269051	0.0007521562791
269052	0.002059519357
269053	0.0009493528897
269054	0.000922620543
269055	0.0006311534729
269056	0.0004471466813
269057	0.0004833937131
269058	0.0009069839101
269059	0.0007447737192
269060	0.0004986566299
269061	0.00138760628
269062	0.0003604679788
269063	0.0003896447004
269064	0.0005597922751
269065	0.001350291746
269066	0.0005795855032
269067	0.0009977254757
269068	0.0005690775001
269069	0.001095361618
269070	0.001032550881
269071	0.0004346732953
269072	0.0003334047795
269073	0.0005243301773
269074	0.0002654668144
269075	0.0004020422341
269076	8.245858448e-05
269077	0.0007254042395
269078	0.001076805329
269079	0.0009076175702
269080	0.0008124198081
269081	0.0009944640875
269082	0.0003632424109
269083	0.001538798751
269084	0.001441304237
269085	0.001914984511
269086	0.0008375535753
269087	0.000366895137
269088	0.001191497103
269089	0.0006183036999
269090	0.0005080047221
269091	0.001439380904
269092	0.0003154553835
269093	0.007049266396
269094	0.00011328787
269095	0.001144340335
269096	0.0006154351838
269097	0.001477042676
269098	0.0006093487209
269099	0.0004407817014
269100	0.0003298793977
269101	0.000276736496
269102	0.0006604353764
269103	0.0007552510174
269104	0.0009312852226
269105	0.0001577638195
269106	0.001148311172
269107	0.000711607358
269108	0.0006837829621
269109	0.0007462636681
269110	0.000991017117
269111	0.001434863443
269112	0.001282104513
269113	0.00135772132
269114	0.009222756157
269115	0.001436252998
269116	0.0004986507539
269117	0.008596909455
269118	0.006010557196
269119	0.00227863916
269120	0.000244545088
269121	0.00195076726
269122	0.0006733502125
269123	0.004492152736
269124	0.0008135067346
269125	0.005377792126
269126	0.004032491754
269127	0.002035098257
269128	0.006038942096
269129	0.0009166835554
269130	0.005185758977
269131	0.008264877382
269132	0.009001811118
269133	0.005355955425
269134	0.005883382096
269135	0.006812189696
269136	0.005716761205
269137	0.02430790594
269138	0.007295105413
269139	0.01553318397
269140	0.02209311175
269141	0.009835623232
269142	0.01228940556
269143	0.007014596647
269144	0.007922542627
269145	0.002614993434
269146	0.0003736623778
269147	0.003462400952
269148	0.01361049966
269149	0.0004963074276
269150	0.001850331534
269151	0.01570018838
269152	0.001085114678
269153	0.008574062587
269154	0.008720265665
269155	0.02086469322
269156	0.0008079752766
269157	0.001853008952
269158	0.002612231753
269159	0.006590456092
269160	0.002828316945
269161	0.01068247402
269162	0.008554286911
269163	0.002731952181
269164	0.009826037172
269165	0.002075595847
269166	0.002336365864
269167	0.006441257134
269168	0.02531540815
269169	0.009665160656
269170	0.01244154368
269171	0.005672827624
269172	0.005636282012
269173	0.005752881036
269174	0.009248941631
269175	0.002299848805
269176	0.0002536206015
269177	0.01226009708
269178	0.00261949658
269179	0.01504531672
269180	0.01584578346
269181	0.0006103310848
269182	0.003396106383
269183	0.01527258005
269184	0.01474108285
269185	0.00140005387
269186	0.00453079188
269187	0.000646551436
269188	0.0017294312
269189	0.000239273478
269190	0.02115804133
269191	0.003421347874
269192	0.00650908489
269193	0.01076966615
269194	0.0136440967
269195	0.0004230158033
269196	0.003152202448
269197	0.001193293274
269198	0.004802359593
269199	0.001792519291
269200	0.006964316471
269201	0.004585973266
269202	0.005532576491
269203	0.00251691169
269204	0.01335912208
269205	0.0009367821311
269206	0.0008276414932
269207	0.0149256816
269208	0.004279206776
269209	0.01600724658
269210	0.001862110385
269211	0.00736579293
269212	0.004354713083
269213	0.004955627394
269214	0.01002617517
269215	0.01077540749
269216	0.01286339627
269217	0.004301566466
269218	0.006714655934
269219	0.01514968531
269220	0.003477425328
269221	0.001348932755
269222	0.007372905584
269223	0.01335629459
269224	0.001238580094
269225	0.001433606854
269226	0.002242127103
269227	0.00187232114
269228	0.000160173438
269229	0.0008634385612
269230	0.001146212874
269231	0.001044347029
269232	0.005006577259
269233	0.001579398513
269234	0.001075512165
269235	0.001028345161
269236	0.001295235042
269237	0.001194309533
269238	0.0007154224508
269239	0.0003833752808
269240	0.0008763026922
269241	3.15665763e-05
269242	8.324166779e-05
269243	0.0009760784545
269244	0.001209618442
269245	0.0007828691328
269246	0.0006349482665
269247	0.0007062249953
269248	0.001943043437
269249	0.0008381574036
269250	0.0008857938203
269251	0.0009906879009
269252	0.0007196831287
269253	0.001744081355
269254	0.001458786316
269255	0.001519772407
269256	0.00251161439
269257	0.002272289057
269258	0.0005433403132
269259	0.0009897862191
269260	0.0005914632088
269261	0.0001250708503
269262	0.0007023509055
269263	0.0002825236078
269264	0.0005355052991
269265	0.001383259339
269266	0.001066860356
269267	0.0003446360571
269268	0.0002959513323
269269	0.0009153365906
269270	0.0002531591643
269271	0.0004154474697
269272	0.002184772604
269273	0.0003145406427
269274	0.0007715890685
269275	0.002412024678
269276	0.001138798163
269277	0.001167010582
269278	5.930174553e-05
269279	5.995570961e-05
269280	0.0001471609604
269281	0.0008510764833
269282	0.0009243776524
269283	0.002644334701
269284	0.0006315985363
269285	0.00115685376
269286	0.0009625257958
269287	0.0007745453296
269288	0.000563601668
269289	0.001097173628
269290	0.001269376337
269291	0.001286964227
269292	0.001831636229
269293	0.001501051682
269294	0.001022722859
269295	0.0001970106314
269296	0.005038039592
269297	0.003823698209
269298	0.000511951116
269299	0.0007258402558
269300	0.001701974045
269301	0.002255857196
269302	0.0007125247219
269303	0.0005115386456
269304	0.0005656269175
269305	0.001052739492
269306	0.0005059391342
269307	0.0002136097408
269308	0.001014713889
269309	3.553411652e-05
269310	0.0005357404875
269311	0.0002198078911
269312	9.96459523e-05
269313	0.0005530760716
269314	0.0008184658909
269315	5.88324483e-05
269316	0.0008637359195
269317	0.0006711514893
269318	4.5131016e-05
269319	0.001108703039
269320	0.003274280653
269321	0.0003673681105
269322	0.0009681658798
269323	0.0008036880099
269324	0.0008294923615
269325	0.0008453994802
269326	0.002019118266
269327	0.001230376174
269328	9.287631239e-05
269329	0.0003579446659
269330	0.001454612032
269331	0.001760655753
269332	0.004016278951
269333	0.0007085592777
269334	0.0006683492453
269335	0.0007358966936
269336	0.000185936067
269337	0.01480229913
269338	0.0009327081927
269339	0.0003885823055
269340	0.0003078517284
269341	0.003857775439
269342	8.002690466e-05
269343	0.002434254213
269344	0.0003820622504
269345	0.007774449734
269346	3.580954291e-05
269347	0.0009786796395
269348	0.001004943315
269349	0.0004721028405
269350	0.0008428580234
269351	0.0002628626114
269352	0.00226809202
269353	0.002007560457
269354	0.0003889061066
269355	0.003394691773
269356	0.003033233011
269357	0.001957571175
269358	0.002313069333
269359	0.0006883890867
269360	0.001226984157
269361	0.0009396753834
269362	0.0003495690915
269363	0.001302806725
269364	0.0007732192068
269365	0.0003911943457
269366	9.017603464e-05
269367	0.002262566295
269368	0.0007533656712
269369	0.0003487780059
269370	0.001338615056
269371	0.0004071066933
269372	0.001498170181
269373	0.00042272226
269374	0.001287749477
269375	0.0008788102263
269376	0.0002911055971
269377	0.002058096507
269378	0.0084413635
269379	0.001445657442
269380	0.003723357884
269381	0.001383817959
269382	0.002753739318
269383	0.001132556338
269384	4.495866323e-05
269385	0.003401643082
269386	0.0003962100235
269387	0.002990890432
269388	0.002464173777
269389	0.0003960405028
269390	0.0006508574851
269391	0.0004774556763
269392	0.0007042421642
269393	0.005925897835
269394	0.0008181690708
269395	0.0003306813978
269396	0.002380944357
269397	0.00154647458
269398	0.001067570487
269399	0.002028047625
269400	0.008355734032
269401	0.004008153531
269402	0.002986358635
269403	0.001012943796
269404	0.001235455942
269405	0.003482619212
269406	0.002924184318
269407	0.003697907944
269408	0.002550630675
269409	0.001567899186
269410	0.002341867223
269411	0.0009361781877
269412	0.0005058154284
269413	0.0008850010721
269414	0.0004351008727
269415	0.000457865796
269416	0.001153374064
269417	0.005714337212
269418	0.002133596562
269419	0.005063469929
269420	0.000889347457
269421	0.001129703509
269422	0.001165069854
269423	0.0008951699536
269424	0.0005447278805
269425	0.001850892029
269426	0.00071044128
269427	0.001122981695
269428	0.0009558598228
269429	0.001827062025
269430	0.0004967975233
269431	0.0003745167591
269432	0.001544007929
269433	0.0006654503059
269434	0.008433603295
269435	0.001293286784
269436	0.001464711601
269437	0.0001027036078
269438	0.000308316083
269439	0.0008573292716
269440	0.0009299797076
269441	0.0003483126013
269442	0.001013790285
269443	0.0005935765622
269444	0.002821631917
269445	0.00151893883
269446	0.004644494126
269447	0.0009038619775
269448	0.0002454210294
269449	0.0016006772
269450	0.0001668300099
269451	0.0002184774489
269452	0.002523405291
269453	0.0008935390243
269454	0.001513927329
269455	0.0005820926683
269456	0.0009943139279
269457	0.001548929254
269458	0.001121942536
269459	0.0003525929186
269460	0.0002141309441
269461	0.002799646883
269462	0.0001862233749
269463	0.0007096218592
269464	0.001388203516
269465	0.0003634718237
269466	0.0005234134023
269467	0.001386518629
269468	0.0002175964913
269469	0.0001911438458
269470	0.00121940851
269471	0.003993294253
269472	0.001028293919
269473	0.00369283141
269474	0.0003890339039
269475	0.0002924299294
269476	0.001474985121
269477	8.353577243e-06
269478	0.0008904920651
269479	0.000278845269
269480	0.003033909835
269481	0.001148303297
269482	0.0006984722677
269483	0.001512155294
269484	0.0002428256721
269485	0.0004673908224
269486	0.001060840641
269487	0.001626425417
269488	0.006708559629
269489	0.001475167733
269490	0.0011699656
269491	0.001162880861
269492	0.0008806001769
269493	0.0006004299963
269494	0.002629455154
269495	0.001012644488
269496	0.0009234795979
269497	0.004811232219
269498	0.004781114377
269499	0.005885279925
269500	0.0006247364059
269501	0.001461879646
269502	0.003163704411
269503	3.210251343e-05
269504	0.0002030459598
269505	0.001315770505
269506	0.0004533595783
269507	0.001217183725
269508	0.0008373070378
269509	0.00123261606
269510	0.001150383102
269511	0.0005795621525
269512	0.0004984954173
269513	0.001798806559
269514	0.001191858175
269515	0.0001437623957
269516	0.0006517149877
269517	0.001767544653
269518	0.0003459919492
269519	0.0008176070762
269520	0.003055252573
269521	0.0003157042599
269522	0.002464629877
269523	0.001796390138
269524	0.000689148854
269525	0.0004362029861
269526	0.001669334728
269527	0.0006317625099
269528	0.0003568675066
269529	0.001091902094
269530	0.001334005463
269531	0.001246793449
269532	0.0005309313537
269533	0.002774671617
269534	0.0008115368283
269535	0.0004775930079
269536	0.0006403604359
269537	0.0001736951299
269538	0.002753722738
269539	0.001622963634
269540	4.385194694e-06
269541	0.001327764812
269542	9.123116104e-05
269543	0.002038759818
269544	0.0004492948885
269545	0.0001591489916
269546	0.0005712862351
269547	0.001708705876
269548	0.000769575869
269549	0.002833975577
269550	0.001797869898
269551	0.002116087911
269552	0.001058126582
269553	0.0002475517362
269554	0.005567219244
269555	0.0006643129572
269556	0.00121345722
269557	0.001484968063
269558	0.0009141190318
269559	0.001183427722
269560	0.001328980494
269561	0.002344377957
269562	0.0001433826484
269563	0.0003288396665
269564	0.002458242673
269565	0.001456133259
269566	0.0008500008764
269567	0.0004437467746
269568	0.001363197997
269569	0.0002661363024
269570	0.001282323616
269571	0.0004050202502
269572	0.001771307586
269573	0.0004743618014
269574	0.0005709420547
269575	0.0005678924347
269576	0.0009520048499
269577	0.001483995586
269578	0.0009068796519
269579	0.001278846782
269580	0.001159794701
269581	0.0005838815962
269582	0.0005243742153
269583	0.0003065342043
269584	0.000783284123
269585	0.001820794365
269586	0.001299087308
269587	0.001472236321
269588	0.0009990471994
269589	0.003040130715
269590	0.001497351192
269591	0.0003005348552
269592	0.0006006216226
269593	0.0001085793193
269594	0.0007943227017
269595	0.0007256418186
269596	8.255559161e-05
269597	1.819300018e-05
269598	0.0004251042843
269599	0.001766319664
269600	9.067828509e-05
269601	0.0006782046646
269602	0.0001580859933
269603	0.001214385441
269604	0.0006219276372
269605	0.001693166975
269606	0.0008916867203
269607	0.001119155085
269608	0.0009430937051
269609	0.001952189663
269610	0.0008847133369
269611	0.001025128174
269612	0.0006632390038
269613	0.006267622885
269614	0.001164084367
269615	0.001128386489
269616	0.001258816344
269617	0.0002897290681
269618	0.0009116247513
269619	0.0001635183237
269620	0.001814748191
269621	1.384226618e-05
269622	0.000349402809
269623	0.0005721892382
269624	0.0005455038992
269625	0.000640741774
269626	2.014752287e-05
269627	0.0006089691792
269628	0.002598158301
269629	0.0001538611411
269630	0.001153427714
269631	0.000821151379
269632	4.229533126e-05
269633	0.0005996296303
269634	0.0003683185679
269635	0.0001630651831
269636	0.001778666447
269637	0.0001519365055
269638	0.0004509422978
269639	0.00123407359
269640	0.002255457502
269641	0.0003742306488
269642	0.001699547329
269643	0.0006104927858
269644	0.0006497605378
269645	0.00165244135
269646	0.001401184102
269647	0.0001392267242
269648	0.0004488494483
269649	0.001031371796
269650	0.004013983586
269651	0.0008444322573
269652	0.006704007757
269653	0.0007927302032
269654	0.0005281820456
269655	0.0008263214916
269656	8.504104449e-05
269657	0.003072008754
269658	0.0006533153381
269659	0.003335918778
269660	0.0003381860053
269661	0.001175135906
269662	0.0008723365154
269663	0.0002747644477
269664	0.003963042424
269665	0.001410117725
269666	0.00119611742
269667	0.0001090084922
269668	0.000887776436
269669	0.001577657955
269670	0.0007545999524
269671	0.002365204436
269672	0.000981699357
269673	0.0001694328311
269674	0.0002067519454
269675	0.0001340161833
269676	0.001846103179
269677	0.0004359757651
269678	0.0009367829556
269679	0.0002734702364
269680	0.0008985275629
269681	0.0003181683742
269682	0.0007449995023
269683	0.0008612380363
269684	0.0007784996963
269685	0.0007860607163
269686	0.0001068902822
269687	0.0002432797502
269688	0.0001397098459
269689	0.001018126098
269690	0.0007364707449
269691	0.001460466527
269692	0.0008122169377
269693	0.0008372572269
269694	0.009066205895
269695	0.005001417832
269696	0.0001331537054
269697	0.000191424132
269698	0.001128663424
269699	0.001535036555
269700	0.0003356167953
269701	0.0003433726717
269702	0.001120129507
269703	0.003805668251
269704	0.002603171133
269705	0.0007583641964
269706	7.24010159e-05
269707	0.0009274515605
269708	0.0002464365974
269709	0.0001578630448
269710	0.0009435832242
269711	0.001352525299
269712	0.001707991572
269713	0.0007558921658
269714	0.0004164602758
269715	0.001520940936
269716	0.001468459614
269717	0.001057820881
269718	3.468747491e-05
269719	0.0009305076241
269720	0.0004143903736
269721	0.0007914408354
269722	4.731628818e-05
269723	0.002869502131
269724	0.0005362491928
269725	0.0001472540413
269726	0.0005237772111
269727	0.0002213724679
269728	0.0004668291289
269729	0.0001124947989
269730	0.0003288023525
269731	0.000309369774
269732	0.002318302661
269733	0.0007087092178
269734	0.0003023188212
269735	0.006377946988
269736	0.0008681424694
269737	0.001818404022
269738	0.001492370374
269739	4.701291485e-05
269740	0.003082991408
269741	0.0003664007899
269742	0.001108248337
269743	0.002084813852
269744	0.001269127072
269745	0.001394582636
269746	0.0006101811655
269747	0.0006833209123
269748	0.0004936250105
269749	0.003169033002
269750	0.0001509616393
269751	0.0005328909762
269752	0.001813037575
269753	0.0001448940196
269754	0.0005644978709
269755	0.004748746734
269756	0.0002512604208
269757	0.001171091884
269758	0.001151086738
269759	0.001189330913
269760	0.001317206412
269761	0.0009341432478
269762	0.0006325978064
269763	0.002722802523
269764	0.001195137389
269765	0.001369929564
269766	0.0002391365351
269767	0.001513093439
269768	0.005988925137
269769	0.001137170734
269770	0.001308229098
269771	0.0007978770283
269772	0.001144034404
269773	0.0003067741811
269774	0.001338118556
269775	0.001815686703
269776	0.006849910549
269777	0.001770773415
269778	0.0005946592064
269779	0.0005863081737
269780	0.001491462921
269781	0.001377387554
269782	0.000823679916
269783	0.001699480574
269784	0.0002708019167
269785	0.001821678101
269786	0.0006292823158
269787	0.002620364277
269788	0.004039643649
269789	0.004666016982
269790	0.003825215722
269791	0.001564003096
269792	0.0003295349883
269793	0.001256535445
269794	0.0003573769359
269795	0.0006259303326
269796	0.0008710846436
269797	0.000733485872
269798	0.001302153156
269799	0.0008146288664
269800	0.002492767671
269801	0.0003578213466
269802	0.003989850316
269803	0.001013424007
269804	0.0008668222664
269805	0.002315239022
269806	0.003432487275
269807	0.0008871311086
269808	0.0006278616671
269809	0.0002389996048
269810	3.268508521e-05
269811	0.002520082615
269812	0.002616271974
269813	0.001472765721
269814	9.50233768e-05
269815	0.001034733883
269816	0.0002814699188
269817	0.000177098384
269818	0.0003779512194
269819	0.01214216766
269820	0.001938374234
269821	0.0010528533
269822	0.00128263504
269823	0.0008128366706
269824	0.0007654630535
269825	0.0001188240472
269826	0.0001016916281
269827	0.0002840101361
269828	0.0007113607761
269829	0.0008483144369
269830	0.001005642967
269831	0.0007531683363
269832	0.0004951567673
269833	0.0004803404172
269834	0.002446543735
269835	0.0008640298828
269836	0.0005125820792
269837	0.0002655214661
269838	0.0006483653521
269839	0.0008719314163
269840	0.001031563819
269841	0.0003931713206
269842	0.00613255504
269843	0.001122888968
269844	0.002469068448
269845	0.0004900962648
269846	0.001719593553
269847	0.001006043814
269848	0.002641573691
269849	9.699509957e-05
269850	0.0004272385733
269851	0.001601517158
269852	0.001394019608
269853	0.002391586671
269854	0.0002568387136
269855	0.001284241813
269856	0.00145689841
269857	0.0001268050166
269858	0.0008133331538
269859	0.003034477436
269860	0.0008036817068
269861	1.08761833e-05
269862	0.0002727945693
269863	0.001691382414
269864	0.0001494631929
269865	0.001227465115
269866	0.002825040267
269867	0.003467731516
269868	0.0006898475443
269869	0.002216303017
269870	0.001429242115
269871	0.0007311141881
269872	0.0004732248733
269873	0.000365265239
269874	0.0003055638852
269875	0.001654475488
269876	0.001534657568
269877	0.00209338859
269878	0.001273325688
269879	0.0007535964758
269880	0.002351499195
269881	0.0001387688629
269882	4.781062575e-05
269883	0.0006295430949
269884	0.00131657881
269885	0.008010813459
269886	0.001690495154
269887	3.986831275e-05
269888	0.001099981403
269889	0.001580347863
269890	0.000182091408
269891	0.0006590546525
269892	0.0008365807159
269893	0.0009831759567
269894	0.001289736556
269895	0.0009453590845
269896	0.0006931482892
269897	0.001592424909
269898	0.0007503526194
269899	0.005446586275
269900	0.002008023122
269901	8.619215538e-05
269902	0.003260463751
269903	0.0007280536155
269904	0.001838394959
269905	0.007139860518
269906	0.004561879229
269907	0.0007221396922
269908	0.001107074028
269909	0.0002927110131
269910	0.005335892279
269911	0.003184516313
269912	0.001450046802
269913	0.004157244467
269914	0.002907088541
269915	0.0008253992268
269916	0.001762993107
269917	0.005184340369
269918	0.009445911786
269919	0.01087853703
269920	0.0006720486688
269921	0.002528890538
269922	0.0009514224505
269923	0.004501943201
269924	0.0004560710253
269925	0.00141321692
269926	0.00147135882
269927	0.0006521091623
269928	0.0004190730353
269929	0.004966789869
269930	0.009447209449
269931	0.002705451801
269932	0.001463405343
269933	0.0004243708654
269934	0.001380872234
269935	0.001192251656
269936	0.002142487286
269937	0.0008512678191
269938	0.001590389074
269939	0.0009946113383
269940	0.001761433176
269941	0.00485314952
269942	0.0004942413083
269943	0.002120453547
269944	0.0006232680175
269945	0.001717564547
269946	0.0007821289077
269947	0.0003452717707
269948	0.001664998262
269949	0.0003593394575
269950	0.002495298216
269951	0.001275937891
269952	0.0006684922474
269953	0.00147904997
269954	0.0003535560534
269955	0.001384586222
269956	0.001056368903
269957	0.001451536516
269958	0.001183353442
269959	0.002458916565
269960	0.001165131227
269961	0.0003330238315
269962	0.001534541805
269963	0.0008563211852
269964	0.001339199791
269965	0.0006880371782
269966	0.0001953037509
269967	0.001553592519
269968	0.003150025177
269969	0.0004779995476
269970	0.002508229637
269971	0.0003482528995
269972	0.00174036438
269973	0.0005212604919
269974	0.0008956005112
269975	0.001424657162
269976	0.001464656501
269977	0.000800741554
269978	0.002181810182
269979	0.001395131585
269980	0.001881484799
269981	0.002682546782
269982	0.00112551696
269983	0.0009061187842
269984	0.001393557684
269985	0.002006587502
269986	0.0002253529317
269987	0.003077251176
269988	0.002654739954
269989	0.001053220625
269990	0.0009868618504
269991	0.001881229993
269992	0.0005198869554
269993	0.0002013605375
269994	0.0009015102732
269995	0.0004520735497
269996	0.001467908586
269997	0.002033189792
269998	0.00114149309
269999	0.001607086134
270000	0.001448559463
270001	0.002062985917
270002	0.001681734126
270003	0.002141307041
270004	1.953303765e-05
270005	0.002432011498
270006	0.002107109751
270007	0.0006866489087
270008	0.001430065809
270009	0.001522626499
270010	0.002633852687
270011	0.001295837798
270012	0.0008057483654
270013	0.002075525084
270014	0.001936045978
270015	0.001611303316
270016	0.002098536398
270017	0.002857437547
270018	0.001322886779
270019	0.002196362333
270020	0.0006530482742
270021	0.000854739685
270022	0.002629411919
270023	0.002024997207
270024	0.0001458341447
270025	0.0007137893054
270026	0.001602474937
270027	0.00118211308
270028	0.0007519094342
270029	0.001971478903
270030	0.001556602527
270031	0.001087466567
270032	0.001021768629
270033	0.0009518265541
270034	0.001086876624
270035	0.0009125570423
270036	0.0004339804377
270037	0.0006094669641
270038	0.002449745034
270039	0.001074701856
270040	0.001152588139
270041	0.002028054755
270042	0.001882526572
270043	0.001946134201
270044	0.002195722895
270045	0.002514589413
270046	0.002257057181
270047	0.001661213405
270048	0.0008138351011
270049	0.001277478026
270050	0.002495386805
270051	0.003666611576
270052	0.002285159619
270053	0.0003845512977
270054	0.0004225400052
270055	0.0007488493313
270056	0.002249725541
270057	0.0006657227887
270058	0.0008566720804
270059	0.002536995931
270060	0.003380130018
270061	0.003999714275
270062	0.003422475066
270063	0.002409631413
270064	0.002049250484
270065	0.005763077111
270066	0.002443125856
270067	0.0007775412341
270068	0.001466261597
270069	0.004493095056
270070	0.004094708644
270071	0.001499646835
270072	0.001480775335
270073	0.001770607093
270074	0.001925238633
270075	0.0005592603192
270076	0.0004563218648
270077	0.001836624862
270078	0.001545417976
270079	0.001180185851
270080	0.000501464392
270081	0.001545388282
270082	0.0007883285446
270083	0.002373200137
270084	0.0004215982297
270085	0.002598555528
270086	0.001708632312
270087	0.002234275153
270088	0.002244317052
270089	0.001821154957
270090	0.0006085137551
270091	0.002094995226
270092	0.001684864387
270093	5.171295654e-05
270094	0.001864873663
270095	0.001511510833
270096	0.0008906700476
270097	0.0008971728102
270098	0.001132444955
270099	0.0007470055917
270100	0.001336034754
270101	0.002477584166
270102	0.001430711573
270103	0.0005801706472
270104	0.0002432337686
270105	0.0003352310225
270106	0.00130716028
270107	0.0008828932091
270108	0.00156549807
270109	0.0001906035911
270110	0.001693349965
270111	0.00102494691
270112	0.0008070094435
270113	0.001037514899
270114	0.001177576111
270115	0.000664188872
270116	0.001338044306
270117	0.00131827906
270118	0.002157238465
270119	0.001310908491
270120	0.001218391708
270121	0.0006946183286
270122	0.0008851348088
270123	0.001614600149
270124	0.002820298945
270125	0.001395115227
270126	0.0002902383333
270127	0.0002190097448
270128	0.001148226569
270129	0.003104286555
270130	0.003026964943
270131	0.001580947776
270132	0.002604739909
270133	0.0006712399289
270134	0.001385256578
270135	0.0001587521252
270136	0.001555842726
270137	0.005135165842
270138	0.0004797413411
270139	0.001215522574
270140	0.001380517889
270141	0.0004757373444
270142	0.001679893513
270143	0.0008047802466
270144	0.0006883566
270145	0.001585885436
270146	0.0002757488599
270147	0.002042276558
270148	0.001406893877
270149	0.00138432281
270150	0.003187004507
270151	0.0008938270806
270152	0.001041550403
270153	0.003252070577
270154	0.002199650471
270155	0.0009012956518
270156	0.0004690134443
270157	0.002677508713
270158	0.001544654619
270159	0.000849796747
270160	0.001566659162
270161	0.001358505907
270162	0.002192036651
270163	0.00227600804
270164	0.002441399879
270165	0.0002323661423
270166	0.001881663884
270167	0.0003526300566
270168	0.0003148595559
270169	0.002000220426
270170	0.001180288528
270171	0.002336601837
270172	0.001276770275
270173	0.0007485553805
270174	0.0008301422102
270175	0.0006421722187
270176	0.0007824927855
270177	0.0004786223997
270178	0.0006436288645
270179	0.001813998595
270180	0.0005732127196
270181	0.001340794903
270182	0.00220306319
270183	0.002168565856
270184	0.002722363297
270185	0.002882455166
270186	0.003453879087
270187	0.001382075152
270188	0.002460875056
270189	3.68671523e-05
270190	0.0002869899987
270191	0.001535908157
270192	0.002948566437
270193	0.001916414067
270194	0.001488730461
270195	0.001003023215
270196	0.003850152525
270197	1.910030813e-05
270198	0.0004066229218
270199	0.001171190131
270200	0.0004572752522
270201	0.0008954529503
270202	0.002810026081
270203	0.0006894794672
270204	0.0005274918955
270205	0.002227643645
270206	0.002347913935
270207	0.000187112374
270208	0.001602763449
270209	0.0008016109676
270210	0.002333068817
270211	0.000638896301
270212	0.002348099782
270213	0.002825184969
270214	0.0007636950697
270215	0.002350375007
270216	0.001515292796
270217	0.009561800066
270218	0.00029172886
270219	0.001931988713
270220	0.0003439351716
270221	0.003450471036
270222	0.0003393792267
270223	0.001475303819
270224	0.001324842428
270225	0.001652417402
270226	0.002774470753
270227	0.001027514384
270228	0.001080270647
270229	0.001508082361
270230	0.002288390597
270231	0.00195461178
270232	0.001914271737
270233	0.001200230934
270234	0.0008278630714
270235	0.001342544972
270236	0.001083638494
270237	0.002332202508
270238	0.0009136215456
270239	0.005227279807
270240	0.0003912134349
270241	0.001388031589
270242	0.0008727746123
270243	0.0006717346005
270244	0.001555796421
270245	0.001041452569
270246	0.0006982994442
270247	0.001443491598
270248	0.001067333436
270249	0.001305813243
270250	0.0003350314022
270251	0.0006971159543
270252	0.00153007776
270253	0.004095200052
270254	0.00099414902
270255	0.005123743893
270256	0.001342725299
270257	0.001556929772
270258	0.0007631971558
270259	0.00479006654
270260	0.0002907880709
270261	0.002969848478
270262	0.009516102087
270263	0.0005886900167
270264	0.002301086642
270265	0.001831970118
270266	0.001746324688
270267	0.0009078852385
270268	0.0004794908383
270269	0.006220272403
270270	0.000839691361
270271	3.30137962e-05
270272	0.003917305986
270273	0.0007827091276
270274	0.0001145546213
270275	0.0005713534379
270276	0.0004524244948
270277	0.002640147971
270278	0.001966225903
270279	0.001581908756
270280	0.003013374214
270281	0.0008689646677
270282	0.00248176878
270283	0.0009226506959
270284	0.007126859537
270285	0.009056256554
270286	0.002733067988
270287	0.001043978313
270288	0.0008930670101
270289	0.001584240795
270290	0.003423505899
270291	0.001640732664
270292	0.001508572554
270293	0.001265601045
270294	0.00466851494
270295	0.006688066305
270296	0.002492878562
270297	0.001210964877
270298	0.0004681082081
270299	0.002248093669
270300	0.0008383556876
270301	0.0006210954117
270302	0.00284083303
270303	0.001425605218
270304	0.002102667388
270305	0.001776530159
270306	0.0004227308603
270307	0.0001983665694
270308	0.00133450695
270309	0.001237051907
270310	0.0005543210519
270311	0.0003557640325
270312	0.0004290591314
270313	0.001094862174
270314	0.001447867514
270315	0.0001491856595
270316	0.0009049782614
270317	0.0003143916717
270318	0.001581510409
270319	0.002938643955
270320	0.001445137629
270321	0.002240567715
270322	0.0005323737412
270323	0.001741888853
270324	0.002132101501
270325	0.0007197873803
270326	0.001677910198
270327	0.001151260777
270328	0.000365797073
270329	0.002704253125
270330	0.00189828354
270331	0.0004121467317
270332	0.001869998125
270333	0.001490235592
270334	0.002435339914
270335	0.008378679324
270336	0.00207980064
270337	0.001832568366
270338	0.004374139457
270339	0.003040664674
270340	0.01164799827
270341	0.008636011489
270342	0.00149415325
270343	0.001164638477
270344	0.002802548354
270345	0.01473176062
270346	0.004921358315
270347	0.00844526992
270348	0.006437670943
270349	0.003322288429
270350	0.001328821449
270351	0.002557806092
270352	0.0004112370129
270353	0.0007444161136
270354	0.007130512719
270355	0.001762044313
270356	0.008798701279
270357	0.008463939252
270358	0.006652635561
270359	0.0008753003236
270360	0.001206402115
270361	0.003784394984
270362	0.0008381967423
270363	0.003404304754
270364	0.01310798744
270365	0.0117756174
270366	0.0007251506562
270367	0.0006708197504
270368	0.004072184781
270369	0.00715480588
270370	0.002322855169
270371	0.004851128107
270372	0.003320914327
270373	0.001728706014
270374	0.002476190417
270375	0.004661516025
270376	0.00267603744
270377	0.006321883286
270378	0.01218124374
270379	0.0003231299269
270380	0.003714552325
270381	0.00363266849
270382	0.00263273311
270383	0.008391991938
270384	0.005861308508
270385	0.005353437102
270386	0.001041349769
270387	0.01082555143
270388	0.005724559476
270389	0.002451079986
270390	0.0106052678
270391	0.002321437836
270392	0.002604649675
270393	0.004342495057
270394	0.001132815977
270395	0.001639684146
270396	0.001930703853
270397	0.004292708403
270398	0.004564252761
270399	0.005661422224
270400	0.002374571368
270401	0.00386257582
270402	0.0172136629
270403	0.01105204263
270404	0.001430710098
270405	0.00931764683
270406	0.00233200874
270407	0.0005921116347
270408	0.004544293424
270409	0.00337537117
270410	0.01199699606
270411	0.005925788098
270412	0.009459517463
270413	0.001056650222
270414	0.004693390601
270415	0.00249022524
270416	0.005886185974
270417	0.01263618018
270418	0.005603701386
270419	0.00707452802
270420	0.008777448242
270421	0.005880826534
270422	0.001807056583
270423	0.001026556847
270424	0.004173425576
270425	0.001080599559
270426	0.007109493363
270427	0.0008461988794
270428	0.00636711117
270429	0.002051879463
270430	0.002792169052
270431	0.00243820622
270432	0.001666883362
270433	0.01271606296
270434	0.001034833519
270435	0.01205531895
270436	0.000202283013
270437	0.007906509424
270438	0.002453854289
270439	0.003472116884
270440	0.0008889945664
270441	0.0020746123
270442	0.004226722833
270443	0.0001241186098
270444	0.004296249815
270445	0.001902803076
270446	0.004607994946
270447	0.001643792245
270448	0.005060361157
270449	0.004352369206
270450	0.009375194586
270451	0.004426402684
270452	0.005078077326
270453	0.01360375565
270454	0.0002115796465
270455	0.006707278708
270456	0.002213814443
270457	0.009041058262
270458	0.001151367889
270459	0.004578199855
270460	0.01247028247
270461	0.009423920054
270462	0.005804400979
270463	0.0005289468054
270464	0.003424772974
270465	0.0004059004888
270466	0.0006901777634
270467	0.009818845749
270468	0.002588451002
270469	0.003548190835
270470	0.002478147095
270471	0.001583956625
270472	0.002371087569
270473	0.005002274369
270474	0.0009188827744
270475	0.001669505453
270476	0.002002886788
270477	0.00398565539
270478	0.004089055254
270479	0.0009501397094
270480	0.01519786209
270481	0.006122291283
270482	0.00648969591
270483	0.0025995122
270484	0.0083995071
270485	0.004148073152
270486	0.0007917732409
270487	0.01315287147
270488	0.0006052080219
270489	0.00187430705
270490	0.004796682125
270491	0.007904741601
270492	0.002241699941
270493	0.003492598452
270494	0.002068964203
270495	0.003976982806
270496	0.001660364759
270497	0.002193466278
270498	0.007611867093
270499	0.01794307329
270500	0.0008949659411
270501	0.00177092873
270502	0.0008800189528
270503	0.001804590113
270504	0.003627116039
270505	0.001178564882
270506	0.00502233661
270507	0.006161265534
270508	0.00222435349
270509	0.001472834656
270510	0.006947917771
270511	0.0007769459923
270512	0.002730546434
270513	0.0001059974488
270514	0.0005881008002
270515	0.002700409003
270516	0.0008207663425
270517	0.0003694282206
270518	0.001778118396
270519	0.000470717621
270520	0.0006746822416
270521	0.0003627158962
270522	0.002069509332
270523	0.002142328147
270524	0.001593061338
270525	0.0006960592385
270526	0.001074588127
270527	0.001081247307
270528	0.001195976287
270529	0.001777722267
270530	0.001549841669
270531	0.000169027955
270532	0.001983948728
270533	0.001739338132
270534	0.001704548096
270535	0.001628899241
270536	0.001675178606
270537	0.001629703717
270538	0.0027271772
270539	0.001195034217
270540	0.0005195721126
270541	0.0006056918173
270542	0.00110699169
270543	0.001590875752
270544	0.001911585637
270545	0.001084629602
270546	0.001258366444
270547	0.001437453634
270548	0.001008717807
270549	0.0001695425428
270550	0.0005864929906
270551	0.003360498098
270552	0.001836445665
270553	0.001181280568
270554	0.001643657502
270555	0.000402211359
270556	0.00177280552
270557	0.001022132861
270558	0.002560164786
270559	0.0006270496577
270560	0.0008031458582
270561	0.001423847848
270562	0.000218887309
270563	0.001153621724
270564	0.0004732601854
270565	0.001086622428
270566	0.0008576691399
270567	0.0005600951619
270568	0.0005069844703
270569	0.001659099542
270570	0.001356429561
270571	0.0007220518216
270572	0.00254218535
270573	0.002108932675
270574	0.001530058911
270575	0.001802564291
270576	3.492459251e-05
270577	0.003504901092
270578	0.002654257305
270579	0.002883762573
270580	0.001609201002
270581	0.001442646228
270582	0.003897046463
270583	6.728792624e-06
270584	0.0006082713691
270585	0.002499561085
270586	0.001270382787
270587	0.0006084549472
270588	0.0007458216737
270589	0.001990894204
270590	0.0006745183854
270591	0.001077650288
270592	0.001570010233
270593	0.001143396595
270594	0.001154488573
270595	0.000421807634
270596	0.00287302708
270597	0.001440327546
270598	0.0005079706741
270599	0.002792388466
270600	0.001935620411
270601	0.001021621493
270602	0.001256167906
270603	0.001462282197
270604	0.003201119697
270605	0.0005919113813
270606	0.001859593598
270607	0.001075202454
270608	0.0008123600412
270609	0.003066986779
270610	0.000945209164
270611	0.0007402881977
270612	0.001647915527
270613	0.0006595179334
270614	0.0002376491848
270615	0.002009009455
270616	0.005861061226
270617	0.01032697518
270618	8.207886561e-05
270619	0.001162822772
270620	0.0001154297968
270621	0.0011687416
270622	0.0001059148984
270623	0.009934272344
270624	0.002059080337
270625	0.002169749763
270626	0.0003155685818
270627	0.004075164911
270628	8.651008808e-05
270629	0.004962870345
270630	0.004120087205
270631	0.002554479923
270632	0.0002686581401
270633	0.01001551905
270634	0.002908492566
270635	0.001673323581
270636	0.00161585069
270637	0.002714664328
270638	0.005360744414
270639	0.001845015735
270640	0.002139299403
270641	0.001778644637
270642	0.000443860542
270643	0.00299944387
270644	0.003564708002
270645	0.001448234103
270646	0.008020493301
270647	0.001484610314
270648	0.0004122056094
270649	0.003155907943
270650	0.01022176107
270651	0.004499714434
270652	0.003329445254
270653	0.002667383328
270654	0.0004749348274
270655	0.001339385155
270656	0.0004986086943
270657	0.005386496699
270658	0.007847775091
270659	0.007746354914
270660	0.004438676443
270661	0.00188830753
270662	0.001080135299
270663	0.0001828474627
270664	0.002123044334
270665	0.0001241223461
270666	0.0013381743
270667	0.00133109477
270668	0.0005528772146
270669	0.0001562204886
270670	0.0003679681468
270671	0.001173176403
270672	0.00150018793
270673	0.0005752636382
270674	0.0005345563741
270675	0.00259733018
270676	0.0007170744719
270677	0.003178418482
270678	0.000637837177
270679	0.0004244604799
270680	0.001651078051
270681	0.00188492689
270682	0.001101495051
270683	0.001129472423
270684	0.001577989956
270685	0.002006651696
270686	0.002418238691
270687	0.00366765151
270688	0.001185429253
270689	0.002126699413
270690	0.001804030866
270691	0.001984288025
270692	0.001102529679
270693	0.00119055052
270694	0.0012747827
270695	0.001285918748
270696	0.0006229655687
270697	0.001883889933
270698	0.00206871943
270699	0.001324715689
270700	0.001274569964
270701	0.002741112557
270702	0.0005194282352
270703	0.001583485709
270704	0.002454909322
270705	0.001825983784
270706	0.001873862375
270707	0.003827319844
270708	0.004478626893
270709	0.0004164785693
270710	0.006874604902
270711	0.003798166653
270712	0.003959163105
270713	0.006657785934
270714	0.008168780425
270715	0.0008037637627
270716	0.003115813636
270717	0.005131514185
270718	0.005671406764
270719	0.001359707213
270720	0.006958380788
270721	1.2910321e-05
270722	0.002531867632
270723	0.001221064507
270724	0.00096481219
270725	0.002402063116
270726	0.0001519827721
270727	0.007614898894
270728	0.001358136055
270729	0.008089340729
270730	0.004249918824
270731	0.0007705867286
270732	0.004599818242
270733	0.0005955710884
270734	0.002998982307
270735	0.008971970749
270736	0.001671278475
270737	0.01833458456
270738	0.002054485775
270739	0.002431048321
270740	0.0030403163
270741	0.0004368908205
270742	0.005105652965
270743	0.005287381673
270744	0.003689236158
270745	0.008325653405
270746	0.004261110512
270747	0.0003493962703
270748	0.002551684167
270749	0.007869643816
270750	0.002915536318
270751	0.003992962729
270752	0.001385777804
270753	0.004738446141
270754	0.006650968222
270755	0.003578882458
270756	0.0006579193431
270757	0.002537991794
270758	0.005357031285
270759	0.003130377115
270760	0.01028036224
270761	0.0002371766609
270762	0.001476095385
270763	0.005628927829
270764	0.001957495571
270765	0.007235654615
270766	0.005903719556
270767	0.01052682355
270768	0.005071907802
270769	0.004710651926
270770	0.001008238964
270771	0.003636139029
270772	0.0005468232036
270773	0.007180125102
270774	0.001062425812
270775	0.002316412277
270776	0.009030939505
270777	0.001053872147
270778	0.003094984066
270779	0.007093228304
270780	0.0085444797
270781	0.002778306953
270782	0.001396748157
270783	0.005647238219
270784	0.008185506174
270785	0.0004683653714
270786	0.001582636177
270787	0.004022881573
270788	0.002315672052
270789	0.0003648579272
270790	0.005640480269
270791	0.003600915207
270792	0.007919417581
270793	0.006785966339
270794	0.01039217204
270795	0.0009614662776
270796	0.003029318033
270797	0.007859548951
270798	0.0008407723743
270799	0.002743444537
270800	0.004077947902
270801	0.003646447266
270802	0.006208804366
270803	0.002777437958
270804	0.009426686709
270805	0.003466981824
270806	0.00871276274
270807	0.002066077208
270808	0.005057607698
270809	0.004955050856
270810	0.0004759316437
270811	0.00753969705
270812	0.0004391944417
270813	0.009658678619
270814	0.004471817324
270815	0.01200099911
270816	0.0005105955582
270817	0.001488013403
270818	0.00333765428
270819	0.006809400788
270820	0.00287615211
270821	0.001031288188
270822	0.004526169735
270823	0.0005507827264
270824	0.001301543835
270825	0.01256444302
270826	0.003567583388
270827	0.007133015917
270828	0.01116766528
270829	0.001802694944
270830	0.004089651678
270831	0.006428364304
270832	0.001784054432
270833	0.002019345256
270834	0.01292054578
270835	0.001774037872
270836	0.001653632087
270837	0.004946503377
270838	0.007344636615
270839	0.006665080634
270840	0.001452774805
270841	0.001706616013
270842	0.005770341216
270843	0.0003057954265
270844	0.002630129364
270845	0.005040654726
270846	0.0004720156609
270847	0.01514361119
270848	0.009206299781
270849	0.002432664031
270850	0.004870738754
270851	0.002193517812
270852	0.004156061231
270853	0.001695018838
270854	0.008109940063
270855	0.004112037131
270856	0.01515214448
270857	0.0008024500722
270858	0.005577733579
270859	0.005288927471
270860	0.006075017993
270861	4.67451182e-05
270862	0.00419347071
270863	0.0001154606513
270864	0.006032247616
270865	0.003017509265
270866	0.01412395378
270867	0.009819552156
270868	0.0002188428388
270869	0.005559422071
270870	0.007510798457
270871	0.01271355639
270872	0.007892588144
270873	0.005664594925
270874	0.006575625275
270875	0.006206282095
270876	0.00842319781
270877	0.007769464107
270878	0.01527029529
270879	0.01248117613
270880	0.001528181322
270881	0.01217356828
270882	0.01383214798
270883	0.01236671793
270884	0.00405416775
270885	0.002004465851
270886	0.002311267172
270887	0.004526533561
270888	0.0006664470746
270889	0.00558326108
270890	0.0002340600068
270891	0.0009053513003
270892	0.01287342379
270893	0.01303344944
270894	0.003015406409
270895	0.000845291065
270896	0.004221093547
270897	0.004479196338
270898	0.002310731376
270899	0.006230624867
270900	0.01291780443
270901	3.240369556e-06
270902	0.00365381044
270903	0.001061793903
270904	0.004350897369
270905	0.006008926968
270906	0.002506362027
270907	0.004558406247
270908	0.01074662178
270909	3.270383932e-05
270910	0.002323456754
270911	0.003051110544
270912	0.00156375339
270913	0.002347241844
270914	0.001354547426
270915	0.001754931307
270916	0.002690519047
270917	0.002174961934
270918	0.002560858643
270919	0.001286214729
270920	0.002739424854
270921	0.0003473987803
270922	0.0006226985442
270923	0.004980370027
270924	0.002586165454
270925	0.0001804420345
270926	0.004600338129
270927	0.003055746574
270928	0.001624525223
270929	0.004348424109
270930	0.003194623092
270931	0.001287768143
270932	0.0006994070312
270933	0.001776235095
270934	0.002889791695
270935	0.003968959844
270936	0.005568227235
270937	0.0007558856695
270938	1.782683767e-05
270939	0.01085478227
270940	0.0005617524199
270941	0.005202278916
270942	0.003433931099
270943	0.00280924654
270944	0.001365043118
270945	0.001082282935
270946	0.008986697851
270947	0.005612807328
270948	0.000399148762
270949	0.001635863607
270950	0.02026529858
270951	0.00598891646
270952	0.01397005909
270953	0.01296717838
270954	0.001386632477
270955	0.000231488734
270956	0.001515655465
270957	0.002783705887
270958	0.000366616467
270959	0.00657066306
270960	0.001967719556
270961	0.0032698375
270962	0.0009961579986
270963	0.0003594300352
270964	7.50556468e-05
270965	0.005292019875
270966	0.0005125990168
270967	0.002886631655
270968	0.006486729684
270969	0.001099732697
270970	0.01327897454
270971	0.001220681802
270972	0.001742809591
270973	0.006974535015
270974	0.01936477201
270975	0.001781316995
270976	0.004422482506
270977	0.01021084136
270978	0.0009871965423
270979	0.01744465773
270980	0.01002037681
270981	0.0002189896791
270982	0.008589900823
270983	0.001595261517
270984	0.0010725368
270985	0.01460070515
270986	0.006980444947
270987	0.001965309176
270988	0.006914592604
270989	0.001858693884
270990	0.002276939762
270991	0.007658191212
270992	0.001263046384
270993	0.0003033632586
270994	0.008830827964
270995	0.00661672953
270996	0.01084699441
270997	0.005369746841
270998	0.006077771283
270999	0.00769140717
271000	0.001790118515
271001	0.0002025014234
271002	0.004267823189
271003	0.00441497004
271004	0.001976994803
271005	0.00426676439
271006	0.003856145849
271007	0.0009718466468
271008	0.00151112351
271009	0.001152158651
271010	0.003867467831
271011	0.001672178769
271012	0.004249330562
271013	0.0009146412737
271014	0.007020804706
271015	0.003878217778
271016	0.001471323148
271017	0.00382263007
271018	0.00305712767
271019	0.002086801684
271020	0.0008300885261
271021	0.002960587158
271022	0.00164843915
271023	0.005778812639
271024	0.00743117507
271025	0.01295324628
271026	0.004917955738
271027	0.00287915376
271028	0.002523898481
271029	0.002785170232
271030	0.004860138446
271031	0.002323206889
271032	0.001086723417
271033	0.004812255596
271034	0.002912374384
271035	0.002617218227
271036	0.006072049042
271037	0.001980907297
271038	0.009299128181
271039	0.009411611623
271040	0.01009208933
271041	0.01692812375
271042	0.006575023497
271043	0.0001990756789
271044	0.005738986453
271045	0.01292093598
271046	0.009407956672
271047	0.002939140988
271048	0.004320482903
271049	0.009786211996
271050	0.0005857739579
271051	0.002212483403
271052	0.001373975339
271053	0.005125001643
271054	0.005775347543
271055	0.003625249058
271056	0.008237800235
271057	0.002499430583
271058	0.0005692149855
271059	0.001464138356
271060	0.004204010399
271061	0.0005565854817
271062	0.004149513919
271063	0.0009301758634
271064	0.001123717202
271065	0.0007734374884
271066	0.001485189919
271067	0.0004475572283
271068	0.001705810015
271069	0.00103155497
271070	0.003400824076
271071	0.0006720278541
271072	0.0007995051411
271073	0.0008948317139
271074	0.0002191180969
271075	0.0005449113318
271076	0.001850523653
271077	0.000817042541
271078	0.001034859841
271079	0.001347124262
271080	7.907924199e-05
271081	0.002410957404
271082	0.002337253501
271083	0.002827775019
271084	0.0007537987446
271085	0.0003366543339
271086	0.0003975059095
271087	0.001342789259
271088	0.0003768863
271089	0.0001782089288
271090	0.0003641950042
271091	0.0004027563097
271092	0.0007472807743
271093	0.000524328501
271094	0.0009169921767
271095	0.002057162073
271096	0.001214515585
271097	0.002218797694
271098	0.002020428164
271099	0.0002049045248
271100	4.886585447e-05
271101	0.0002661162517
271102	0.0005541097515
271103	0.000557324107
271104	0.001193114727
271105	0.000335091057
271106	0.0007710654937
271107	0.0009156497032
271108	0.003192737505
271109	0.0002320946601
271110	0.004108744683
271111	9.407846232e-05
271112	0.0008648329296
271113	0.001528940664
271114	1.362643268e-05
271115	0.0001763923955
271116	0.003664900406
271117	0.0001780217105
271118	0.001456017052
271119	0.0009962156301
271120	8.835911642e-05
271121	0.0003814543721
271122	0.0008849025795
271123	4.441673228e-06
271124	3.585017974e-05
271125	0.0004885856821
271126	0.0006667737414
271127	0.000719966178
271128	0.0002654552038
271129	0.005464943646
271130	0.002598014604
271131	0.002107964014
271132	0.0003151855644
271133	0.0006642444346
271134	0.001226969443
271135	0.0001939881821
271136	0.0001445874153
271137	0.0005136194261
271138	0.0008601993325
271139	0.0004179558166
271140	0.0008701618618
271141	0.001448679431
271142	0.001744762782
271143	0.0009133686892
271144	0.003114705314
271145	0.0003159080919
271146	0.0007217318594
271147	0.001035034461
271148	0.001573873419
271149	4.603208756e-05
271150	0.001241224695
271151	0.002775617643
271152	0.0008043862299
271153	0.003510762804
271154	0.001625387541
271155	0.0009592373537
271156	7.416915779e-05
271157	0.001469824628
271158	0.003214968019
271159	0.000557291123
271160	0.002155073579
271161	0.0005752043306
271162	0.001871553477
271163	0.001214976249
271164	0.001050106046
271165	0.001100702619
271166	0.001213468757
271167	7.856902918e-05
271168	0.001357373513
271169	0.003024091262
271170	0.0001040471776
271171	0.0004261147617
271172	0.000457329949
271173	0.0002306614045
271174	0.0003276450944
271175	0.0007406457625
271176	0.001408622968
271177	0.001199887078
271178	0.0002408028269
271179	0.003680938239
271180	0.004863968215
271181	0.001918819589
271182	0.0001013730984
271183	0.003133845637
271184	0.0005714472544
271185	7.937635836e-05
271186	0.0006038507352
271187	0.002572681415
271188	0.003109496003
271189	0.002066381579
271190	0.002496407066
271191	0.001109219928
271192	0.00584818462
271193	0.000310523735
271194	0.0004227496895
271195	0.003418486266
271196	0.00569344421
271197	0.000415461181
271198	0.002997071145
271199	0.0001000544259
271200	0.0002548094172
271201	0.004169809701
271202	0.001004137928
271203	0.0009942505683
271204	0.0006152532234
271205	3.244608818e-05
271206	0.002781071594
271207	0.002777231688
271208	0.0003633280945
271209	0.00128688436
271210	0.0007366529642
271211	0.0004035873685
271212	0.002847118931
271213	0.0005733274953
271214	0.0001757011683
271215	0.001337840436
271216	0.0001684887094
271217	0.003298782463
271218	0.0004144977632
271219	0.0006104908016
271220	0.0005210709445
271221	0.0002036083279
271222	0.0003078924083
271223	0.0009959130277
271224	0.001183323489
271225	0.00121483863
271226	0.0006442607361
271227	0.003841599047
271228	6.490057171e-05
271229	0.00323702536
271230	0.0001091499023
271231	0.001185130164
271232	0.004804165911
271233	0.0006444411414
271234	0.0003569194039
271235	0.003733886945
271236	0.005076822244
271237	0.001096894973
271238	0.0002889770279
271239	1.729006707e-05
271240	0.002310616943
271241	0.001326715595
271242	0.001177892425
271243	0.0003731538273
271244	0.001017807396
271245	0.0003942064962
271246	0.0006817203267
271247	0.003516109775
271248	0.001172552346
271249	0.0015858611
271250	0.0002150520489
271251	0.0114297171
271252	0.0005301344395
271253	7.861710383e-05
271254	0.0005114465992
271255	0.004726113509
271256	0.0003388374192
271257	0.0006185314287
271258	0.002635161938
271259	0.003800708544
271260	0.0005962302535
271261	0.003048235982
271262	0.0002288955204
271263	0.0001222943366
271264	0.0005152900206
271265	0.0009454897494
271266	8.029658806e-05
271267	0.003286192628
271268	0.0001707391444
271269	0.0004282091246
271270	8.142402583e-05
271271	0.0004059119017
271272	0.001512170881
271273	0.001840105708
271274	0.000422746055
271275	0.002798019944
271276	0.0007234999252
271277	0.004713266642
271278	0.001226289929
271279	0.0008877968535
271280	0.0007323896837
271281	0.001481230227
271282	0.001025610261
271283	0.001299516537
271284	0.001406664336
271285	0.0005632233698
271286	0.001794969368
271287	0.009890507744
271288	0.0004156831626
271289	0.000573159862
271290	0.0005336742863
271291	0.0001985206686
271292	0.0001100089785
271293	0.0002961751219
271294	0.001131098739
271295	0.0006586293657
271296	0.000765445579
271297	0.003206479828
271298	0.001650567388
271299	0.001222720182
271300	0.001681864782
271301	0.00169049702
271302	0.0001420997268
271303	0.001827501266
271304	0.001788682464
271305	0.0008118681118
271306	0.0007056729841
271307	2.127813236e-05
271308	0.001159574707
271309	0.0006815820901
271310	0.0004508131767
271311	0.001966071353
271312	1.999482314e-05
271313	0.0006570082831
271314	0.001035986475
271315	0.00405891203
271316	0.002016745926
271317	0.001419006366
271318	0.001144700475
271319	9.403237353e-05
271320	0.00225930727
271321	0.0009979007911
271322	0.0007047329022
271323	0.001310547228
271324	0.002749311451
271325	0.0009638244941
271326	0.0006616163241
271327	0.0004644605604
271328	6.416390741e-05
271329	0.001123112739
271330	0.0001502849892
271331	0.0006214705551
271332	0.0001187346661
271333	0.0004538469878
271334	0.0004017032951
271335	0.0006059258155
271336	0.008498160189
271337	0.001912515942
271338	0.001997588284
271339	0.0007587403891
271340	0.001583468227
271341	1.524358193e-05
271342	0.000973681705
271343	0.005783594377
271344	0.0009104641466
271345	0.003104060324
271346	0.001694370083
271347	0.0005792868799
271348	0.008341859382
271349	0.0007660885139
271350	0.0008043997281
271351	0.0001776594164
271352	0.0001116237285
271353	0.000760866462
271354	9.278176204e-05
271355	0.0006835722722
271356	0.0009993016561
271357	0.0005743128252
271358	0.005906107763
271359	0.0007221454876
271360	0.0008655307273
271361	0.0007541526432
271362	0.002933644137
271363	0.004278092731
271364	0.0004449920694
271365	0.001507364707
271366	0.0005553971793
271367	0.001183823873
271368	0.0006342427447
271369	0.0008440675277
271370	0.0001093642442
271371	0.0003978660373
271372	6.81941379e-05
271373	0.001536826913
271374	0.0008289856867
271375	0.0003156667407
271376	0.002273377221
271377	0.0004783616252
271378	0.0003071649336
271379	0.004555193616
271380	0.0008002634168
271381	0.001011402914
271382	2.999656458e-05
271383	0.003766836756
271384	0.001197513041
271385	0.006359784862
271386	0.0004748727261
271387	0.0001994040114
271388	0.0006005288958
271389	0.0004518768628
271390	0.0001928595346
271391	0.001216107923
271392	0.0004670486794
271393	0.0007103771141
271394	0.001075674607
271395	0.0004111816033
271396	0.0006471090265
271397	0.000317465744
271398	0.0007756229645
271399	0.0007941153043
271400	0.000651927285
271401	0.0007565029073
271402	0.0005963273896
271403	0.0009926261593
271404	0.0003247816932
271405	0.0004648722563
271406	0.001557076394
271407	0.001812946478
271408	0.0002054969944
271409	0.0005647219934
271410	0.007185071729
271411	0.000124837213
271412	0.0002235197422
271413	0.0001000362904
271414	0.0007981802675
271415	0.0004384513379
271416	0.0009853818361
271417	0.002442327395
271418	0.0005143279078
271419	0.0009808950946
271420	0.001770686112
271421	0.0009310478196
271422	0.0001436194028
271423	0.0009396893625
271424	4.729532123e-05
271425	0.0008579781547
271426	5.036251361e-05
271427	0.0008207832921
271428	5.004411091e-05
271429	0.001383444317
271430	0.0002506304305
271431	0.0003664620116
271432	0.002843255514
271433	0.001120148543
271434	0.0007084248677
271435	0.001075001153
271436	0.0002883046946
271437	0.0006704359237
271438	0.0001663927011
271439	0.000139236201
271440	0.000461823401
271441	0.0008805959623
271442	0.0002294011367
271443	0.0004625918459
271444	6.781724009e-05
271445	0.0003652223635
271446	0.0008802999215
271447	0.0009390038356
271448	0.0005520372542
271449	0.001008801526
271450	0.0009022460898
271451	0.0004463652561
271452	0.001104803533
271453	0.0008021978782
271454	0.0001697187928
271455	0.0003313014144
271456	0.001698674631
271457	0.001109461256
271458	0.001135648658
271459	0.0001940057667
271460	0.0001849557676
271461	0.0008051867283
271462	0.001664505369
271463	0.0002859858969
271464	0.0009069450612
271465	0.001246033815
271466	0.0002124782372
271467	0.0001952863457
271468	0.0006982032384
271469	0.001075330571
271470	0.001385041569
271471	0.002724021827
271472	0.0003635759169
271473	0.003745066501
271474	0.0001544543902
271475	0.002410349139
271476	0.0004024692948
271477	0.002027318709
271478	0.0004386287919
271479	0.0007566609805
271480	0.0007059429529
271481	0.003179784601
271482	0.0003903190259
271483	0.001862398821
271484	0.0001135722024
271485	0.001060229715
271486	0.001033218869
271487	0.0007148203226
271488	0.002129401288
271489	0.002230220091
271490	0.0003601453937
271491	0.001300278653
271492	0.0004039196475
271493	0.003962705165
271494	0.003549390961
271495	0.0001072283782
271496	0.0002610782893
271497	0.001069338515
271498	0.003105072093
271499	0.000249246937
271500	0.0004606599281
271501	0.00195623086
271502	0.0006056540194
271503	0.0002218969104
271504	0.0008400538255
271505	0.0002658651918
271506	0.0001326012747
271507	5.380336119e-05
271508	0.0002676306228
271509	0.0007266783177
271510	0.0006916455123
271511	0.000428638126
271512	0.0009230770052
271513	0.0007854892173
271514	0.00888932607
271515	0.0009196875586
271516	0.0007492449877
271517	0.0005738934312
271518	0.0001926145742
271519	0.001502035198
271520	0.0009687860366
271521	0.0001923788351
271522	0.00167460507
271523	0.0003096386391
271524	0.001388295639
271525	0.0007024506185
271526	0.004917875742
271527	0.0002014730184
271528	0.0004077695405
271529	0.0002309622457
271530	0.0007283447188
271531	0.0005575550852
271532	0.0005721368985
271533	0.001483679585
271534	0.0001240060887
271535	0.000264445472
271536	5.070496086e-05
271537	0.001954224934
271538	3.096396562e-05
271539	0.0004863834332
271540	2.572281196e-05
271541	0.001881181063
271542	0.006097742963
271543	0.0006414142925
271544	0.0002970878682
271545	0.00125651456
271546	0.0006725629993
271547	0.005232551399
271548	0.00068327915
271549	0.0007638167487
271550	0.0009633919867
271551	0.0003851563955
271552	0.003897775221
271553	0.0005311463504
271554	0.0007941145566
271555	3.753540281e-05
271556	0.001727048754
271557	0.0006080728668
271558	0.0007414311686
271559	0.001290159113
271560	0.000252585019
271561	0.0003133835836
271562	0.003764858826
271563	0.0002805972335
271564	0.0008253205785
271565	0.0004300732452
271566	0.002565031751
271567	0.001412811747
271568	0.0008867981893
271569	0.001783080171
271570	0.0001131733189
271571	0.003755280057
271572	0.0004363127278
271573	0.001049919509
271574	0.0008676243111
271575	0.0006949841893
271576	4.385171778e-05
271577	0.0008212383937
271578	0.008630607777
271579	0.0009440185031
271580	0.001344569025
271581	0.0003046620777
271582	0.001079489992
271583	0.003186523283
271584	0.001761804329
271585	0.003746579297
271586	0.0007160929234
271587	4.192186348e-05
271588	0.0007999592815
271589	0.0005068994332
271590	0.001605367082
271591	7.158344488e-05
271592	8.393283069e-05
271593	0.001806728656
271594	0.0002169602775
271595	0.0006548489522
271596	0.0006686203113
271597	0.0008102968157
271598	0.0004212331947
271599	0.001796144574
271600	0.0006429569011
271601	0.0007354448115
271602	0.0007506758813
271603	0.001446256103
271604	0.0005403487563
271605	0.006377624017
271606	0.001247316956
271607	0.003647683183
271608	0.0002885029302
271609	0.001334588077
271610	0.0005543698964
271611	0.0006723372412
271612	0.0003309525214
271613	7.05946478e-05
271614	0.00101264958
271615	0.0004538211145
271616	0.0007637304036
271617	0.0008265215116
271618	0.001587713566
271619	0.0003025663046
271620	0.001025611999
271621	0.000573732876
271622	0.0008979725572
271623	0.0006418239927
271624	0.00612539577
271625	0.001026203863
271626	0.001024124666
271627	0.001481024862
271628	0.0008453043578
271629	0.0009561118065
271630	0.004770274493
271631	0.001882042181
271632	0.002591184511
271633	0.001358155817
271634	0.001287269095
271635	0.0004228254638
271636	0.001072899883
271637	0.003244455505
271638	0.0004690224748
271639	0.0004027407314
271640	0.001600723903
271641	2.182265899e-05
271642	0.0004320710439
271643	0.0007427307302
271644	0.0001583422721
271645	0.000235345104
271646	0.001039224932
271647	0.0008401517161
271648	0.001994497036
271649	0.0008420482297
271650	0.0003987782206
271651	0.0008878768995
271652	0.0003203130171
271653	0.000142341469
271654	0.0005705296671
271655	0.0003183596451
271656	0.00222310394
271657	0.0005810319394
271658	7.5340481e-05
271659	9.260921055e-05
271660	0.00394361406
271661	0.0009907497276
271662	0.004825076388
271663	0.0001471300777
271664	0.001168160498
271665	5.723894207e-05
271666	0.01069808959
271667	0.003453745094
271668	0.0003546505983
271669	4.010308503e-05
271670	0.0001233636141
271671	0.0008124198148
271672	0.002304468614
271673	0.003012268793
271674	0.0008207443841
271675	0.0002093393985
271676	0.0006125419214
271677	0.0007937588283
271678	0.000105773168
271679	0.000402651147
271680	0.0006351348441
271681	0.0006157009662
271682	0.001585811775
271683	0.001112583537
271684	0.0004282103116
271685	0.001379659385
271686	0.0008103929629
271687	5.552606437e-05
271688	0.001760693862
271689	0.003480196295
271690	0.0006569908688
271691	0.0005587032002
271692	0.0001989215743
271693	0.003629704199
271694	7.178254032e-05
271695	0.001227419686
271696	0.0009647460208
271697	0.0001987150447
271698	0.0004357986832
271699	0.000635853901
271700	0.0001935322831
271701	6.111925988e-05
271702	0.0002002866783
271703	0.0001563340872
271704	0.0003213083782
271705	1.507589666e-05
271706	0.001227394677
271707	0.0001068893643
271708	0.0007546142273
271709	0.0007857317765
271710	0.001059930534
271711	0.0009889918408
271712	0.001261991252
271713	0.001343061224
271714	0.000974687581
271715	0.00106578075
271716	0.0001520441156
271717	0.00213348063
271718	0.0003263077849
271719	0.000566092602
271720	0.0008051446055
271721	0.000433999986
271722	0.0003204876856
271723	0.000477045954
271724	0.0005452958486
271725	0.0009219651697
271726	1.406320356e-05
271727	0.001078390577
271728	0.001281606358
271729	0.003439647063
271730	0.0004624171002
271731	0.001095928977
271732	0.001003512993
271733	0.0007466936402
271734	2.284442429e-05
271735	0.0006898779465
271736	8.114442597e-05
271737	0.0005290337089
271738	0.0003077733912
271739	0.001004315574
271740	0.00140574385
271741	0.0005558960615
271742	0.001181611369
271743	0.0007361253291
271744	0.0007081559546
271745	0.001247074009
271746	0.003915885151
271747	0.002980716479
271748	0.001641902789
271749	0.002298288468
271750	0.0009834039158
271751	0.006281769633
271752	0.002955630646
271753	0.002223329831
271754	0.0006105235901
271755	0.001527194103
271756	0.0004126091025
271757	0.0003832006184
271758	0.007577857198
271759	0.0006240976935
271760	0.01299861137
271761	0.009636086815
271762	0.001548431672
271763	0.01100407582
271764	0.000552016655
271765	0.001492055099
271766	0.002378231552
271767	0.0007965874669
271768	0.001535129361
271769	0.007915397823
271770	0.003834328489
271771	0.01283191334
271772	0.004712930039
271773	0.008049148359
271774	0.008484501552
271775	0.005413252656
271776	0.008155556041
271777	0.0005803107877
271778	0.001171453216
271779	0.001067363904
271780	0.0003587773856
271781	0.009833109389
271782	0.004376026446
271783	0.00723509514
271784	0.001293479423
271785	0.009033971084
271786	0.009434298317
271787	0.004849253143
271788	0.003908869292
271789	0.009087206663
271790	0.008420740938
271791	0.006644348828
271792	0.006058366121
271793	0.000105716987
271794	0.00110935413
271795	0.01074875234
271796	0.001211485675
271797	0.003590315926
271798	0.004734080996
271799	0.003429088246
271800	0.005090736812
271801	0.009590721509
271802	0.00249624189
271803	0.001347231151
271804	0.002219467084
271805	0.001250248505
271806	0.004672597467
271807	0.006874204658
271808	0.004384189208
271809	0.0001440225333
271810	0.001845884752
271811	0.000445337555
271812	5.281994088e-07
271813	0.001408761618
271814	0.00887202286
271815	0.002703841855
271816	0.0014595961
271817	0.0003191586964
271818	0.00177963187
271819	0.004307790819
271820	0.007795495126
271821	0.00333927979
271822	0.00487623398
271823	0.002036525688
271824	0.01274157054
271825	0.006185794927
271826	0.008495695526
271827	0.0044048032
271828	0.0002484933855
271829	0.001235717803
271830	0.003023981369
271831	0.008248067268
271832	0.002177845138
271833	0.003642416895
271834	2.898147714e-07
271835	0.004673559121
271836	0.008728865597
271837	0.001983272892
271838	0.006569395244
271839	0.000719654372
271840	0.009992383075
271841	0.007113565527
271842	0.003905598784
271843	0.001214430764
271844	0.003590831874
271845	0.006413524275
271846	0.004829540273
271847	0.008028579035
271848	0.007811231423
271849	0.001118573318
271850	0.002261475473
271851	0.0009718142076
271852	0.003384588398
271853	0.000326302793
271854	0.0008248340234
271855	0.001893850353
271856	0.001026263443
271857	0.0004433292414
271858	0.001733605768
271859	0.001225731989
271860	0.002229486288
271861	0.0004681148995
271862	0.001052016384
271863	0.003558950789
271864	0.00153347976
271865	0.0007113431211
271866	0.002266285024
271867	0.003515722498
271868	0.003406880167
271869	0.0009852675355
271870	0.0003569153301
271871	0.003334013627
271872	0.0009515464474
271873	0.001915541593
271874	0.003565808133
271875	0.004009734273
271876	0.004388344752
271877	0.006192334722
271878	0.00155660711
271879	0.001402089101
271880	0.0006222128318
271881	0.005485547806
271882	0.0001074549826
271883	0.00101404587
271884	0.001304401868
271885	0.006488962846
271886	0.00346826165
271887	0.00314043117
271888	0.004015862714
271889	0.003448517817
271890	0.0006127461544
271891	0.002621544685
271892	0.002499993761
271893	0.003923240517
271894	0.004167709948
271895	0.003307953283
271896	0.001522759131
271897	0.005034099559
271898	0.0002439397275
271899	0.0008152770832
271900	0.001513917353
271901	0.004144288427
271902	0.0007421301301
271903	0.0002944328681
271904	0.003554015723
271905	0.0006154693987
271906	0.0001499811992
271907	0.0008510960194
271908	0.0006194626463
271909	0.003812397836
271910	0.001056975307
271911	0.0002903768088
271912	0.0001369460407
271913	0.002106289412
271914	0.002513669743
271915	0.0009497456803
271916	0.00446929865
271917	0.001471598551
271918	0.006957524514
271919	0.00533838554
271920	0.001478179238
271921	0.001416530612
271922	0.002814268697
271923	0.003765944965
271924	0.0002334828161
271925	0.005723455895
271926	0.001423653505
271927	0.002555200301
271928	0.002700136942
271929	0.001526598863
271930	0.004001697669
271931	0.00200825124
271932	0.001766198349
271933	0.0002407394191
271934	0.002900557848
271935	0.0003656501907
271936	3.241908501e-05
271937	0.0004554626641
271938	0.003697372647
271939	0.004506025071
271940	0.000840344434
271941	0.0009331524388
271942	0.0002417893345
271943	0.001077847606
271944	0.0006905992228
271945	0.004633039753
271946	0.004719927559
271947	0.004844066504
271948	0.001010926814
271949	0.001967342664
271950	0.0002389153439
271951	0.00286719189
271952	0.002523490555
271953	0.0005044821911
271954	0.002632503
271955	0.0003806167847
271956	0.002435247116
271957	0.002672819199
271958	0.002427231264
271959	0.004496063483
271960	0.001672153449
271961	0.004053115385
271962	0.001993365536
271963	0.001243676538
271964	0.004717419808
271965	0.0001278942838
271966	0.004675164203
271967	0.003568643298
271968	0.001653897861
271969	0.004084142926
271970	0.0004345692731
271971	0.001583931422
271972	0.005648726723
271973	0.003554375489
271974	0.002580224979
271975	0.0001195521223
271976	0.0002434642366
271977	0.003024874431
271978	0.000480813962
271979	0.0009363845271
271980	0.001431662556
271981	0.00092062064
271982	0.0015839204
271983	0.0007939713052
271984	0.001644305675
271985	0.002026504044
271986	0.001093665842
271987	0.002959756969
271988	0.004112226283
271989	0.0008606558268
271990	0.004756109489
271991	0.001596818925
271992	0.001606716032
271993	0.001771615184
271994	0.00250213925
271995	0.003870149694
271996	0.001064043746
271997	0.001990424643
271998	0.003923996766
271999	0.006109574297
272000	0.000472602272
272001	0.0003611120004
272002	0.004275392687
272003	0.0002279964466
272004	0.001658876536
272005	0.000328568486
272006	0.004145968915
272007	0.004384417773
272008	0.002323232952
272009	0.005986358878
272010	0.001381711825
272011	0.0005238109477
272012	0.00684045579
272013	0.003907112345
272014	0.002773607895
272015	0.002521025662
272016	0.003908655109
272017	0.002040036701
272018	0.004864424419
272019	0.004684748994
272020	0.002077433911
272021	0.004175755965
272022	0.0003114963895
272023	0.0007749879191
272024	0.003784877886
272025	0.0007954347783
272026	0.003754188829
272027	0.002484474521
272028	0.002377732952
272029	0.004487921985
272030	0.004934379347
272031	0.0004430797482
272032	0.003975928892
272033	0.00129935808
272034	0.001556379779
272035	0.0002510786786
272036	0.004929784493
272037	0.00430599933
272038	1.237689022e-06
272039	0.0008041909831
272040	0.002065196007
272041	0.003925289047
272042	0.0006736898477
272043	0.00239304291
272044	0.004957394651
272045	0.0001332679314
272046	0.003125441408
272047	0.01042164856
272048	0.006609749188
272049	0.001839287199
272050	0.00190876409
272051	0.003845272008
272052	0.01517015926
272053	0.00931317938
272054	0.005248113838
272055	0.005963564536
272056	0.004257372192
272057	0.0002749704169
272058	0.002625853281
272059	0.001249453946
272060	5.653228542e-05
272061	0.002424761749
272062	0.003105326766
272063	0.008243960892
272064	0.002348349544
272065	0.008701477041
272066	0.0005390346035
272067	0.002428312429
272068	0.009624441814
272069	0.001116360026
272070	0.00125825969
272071	0.0007987513345
272072	1.986893621e-05
272073	0.005460118488
272074	0.005458392796
272075	0.0002828979055
272076	0.0006097148531
272077	0.001272113153
272078	0.003755014021
272079	1.769499507e-07
272080	0.007609795373
272081	0.001137804081
272082	0.006096974793
272083	0.005531683033
272084	0.003192265117
272085	0.005621229815
272086	0.0006746770686
272087	0.01567343653
272088	0.008130059907
272089	0.004933346085
272090	0.008668488122
272091	0.001315089833
272092	0.006463533254
272093	0.000675558168
272094	0.008788035969
272095	0.0005186950934
272096	0.0004970812036
272097	0.000164424387
272098	0.0004008426781
272099	0.0002509590408
272100	9.03307279e-06
272101	1.225518111e-05
272102	4.918252471e-06
272103	7.53015941e-06
272104	1.44422013e-05
272105	1.60277105e-05
272106	5.023429529e-06
272107	1.707108287e-05
272108	6.368966953e-06
272109	1.598375159e-05
272110	3.538186193e-06
272111	1.651099974e-05
272112	1.140898648e-05
272113	7.09316477e-06
272114	1.057846556e-05
272115	1.168256453e-05
272116	1.039640986e-06
272117	1.085829167e-05
272118	1.183867705e-05
272119	1.6732235e-06
272120	4.6933023e-06
272121	1.576450807e-06
272122	0.001717368252
272123	0.0004777796888
272124	0.0001935817046
272125	0.002771632689
272126	0.0007062204715
272127	0.0008169145594
272128	0.00141124673
272129	0.0005453531548
272130	0.0001927692817
272131	0.000166420542
272132	0.0001399823545
272133	0.0008437421217
272134	0.0003096663756
272135	0.006763592533
272136	0.0007967284532
272137	0.004125977356
272138	0.0005694846552
272139	0.01232840881
272140	0.003451145187
272141	0.002194078387
272142	0.01094032587
272143	0.01018677528
272144	0.000300854361
272145	0.006234640685
272146	0.0003746877147
272147	0.002792622284
272148	0.003048032124
272149	0.002556648625
272150	0.003240767749
272151	0.004166106456
272152	0.001430670953
272153	2.04679692e-05
272154	0.007013695984
272155	0.00702183268
272156	0.004487976255
272157	0.00157246829
272158	0.00295295962
272159	0.0160257717
272160	0.003566406098
272161	0.006870561577
272162	0.003835553961
272163	0.00924455862
272164	0.008647910699
272165	0.001436529191
272166	0.004462567075
272167	0.0002523059874
272168	0.001735842187
272169	0.01007923119
272170	0.0003927582021
272171	0.0003004500249
272172	0.007512925872
272173	0.001187798249
272174	0.00152349085
272175	0.001553892255
272176	0.004528429529
272177	0.00585321123
272178	0.00153463374
272179	0.006815359557
272180	0.003964334518
272181	0.00423593035
272182	0.004274489896
272183	0.005475128659
272184	0.01140114823
272185	0.001022556848
272186	0.001709668031
272187	0.004416330951
272188	0.0008946964833
272189	9.271539444e-07
272190	0.007960984706
272191	0.006685000828
272192	0.00279315086
272193	0.006299058594
272194	0.005170975882
272195	0.004510381273
272196	0.002498535732
272197	0.0007629969021
272198	0.00108835376
272199	0.0003426219203
272200	0.00326572617
272201	0.0004417756852
272202	9.666644364e-05
272203	0.01439595809
272204	0.00284752538
272205	0.001862833879
272206	0.0002336548974
272207	0.0006081752374
272208	0.002454579673
272209	0.001184620572
272210	0.002177038681
272211	0.007328447287
272212	0.01304626825
272213	0.005755322192
272214	0.008624945264
272215	0.002626405586
272216	0.006233388458
272217	0.02263356049
272218	0.005470291038
272219	0.01005396036
272220	0.001105143978
272221	0.01360975065
272222	0.0005353142643
272223	0.002673803912
272224	0.005451453947
272225	0.003508687869
272226	0.007328986887
272227	0.009417873522
272228	0.0001718866154
272229	0.001481427482
272230	0.003498139847
272231	0.007790604834
272232	0.0002281917077
272233	1.24401904e-05
272234	0.01130749855
272235	0.0004148180293
272236	0.001145814639
272237	0.0008111305726
272238	0
272239	0.002087504894
272240	0.001806551524
272241	0.001128360583
272242	0.01509857726
272243	0.009977165523
272244	0.02401861749
272245	0.005786582163
272246	0.002772986989
272247	0.0002073511549
272248	0.007637028968
272249	0.004006859817
272250	0.006869721152
272251	0.007072211046
272252	0.002741957391
272253	0.001750425352
272254	0.002312634048
272255	0.0001710932426
272256	0.0001319884555
272257	0.0007620572294
272258	0.006135005487
272259	0.00344754792
272260	0.01571179732
272261	0.005663396242
272262	0.002104037035
272263	0.00617305814
272264	0.004513510838
272265	0.003142400223
272266	0.01089478405
272267	0.0003826869096
272268	0.01058141366
272269	0.008933683911
272270	0.0001162865967
272271	0.0003835826012
272272	0.0002273007004
272273	0.0009754904703
272274	0.0075551927
272275	0.001552769394
272276	0.001248472097
272277	0.008653520086
272278	0.002906074334
272279	0.007852928354
272280	0.005147222598
272281	0.008102072791
272282	0.008048750694
272283	0.001528426438
272284	0.005765925
272285	0.003191340974
272286	0.00101254599
272287	0.003860897888
272288	0.01015744158
272289	0.01256341682
272290	3.379021671e-05
272291	0.002283771715
272292	0.001768477815
272293	7.762870553e-05
272294	0.004141900092
272295	0.0134971096
272296	0.01266930522
272297	0.01137680704
272298	0.002223525077
272299	0.002523016622
272300	0.001850439694
272301	0.01817124415
272302	0.008403973433
272303	0.003956771045
272304	0.003543758294
272305	0.002740654699
272306	0.001540330272
272307	3.9641417e-05
272308	0.0001893939113
272309	0.001257190601
272310	0.000321023456
272311	0.0005188027827
272312	0.0148751024
272313	0.002492226026
272314	0.003984492506
272315	0.0005372581954
272316	0.005895410105
272317	0.00799803309
272318	0.002903132208
272319	0.004248504039
272320	0.0007392478026
272321	0.001476498601
272322	0.00566925389
272323	0.004687633509
272324	0.001291833762
272325	0.002025049147
272326	0.0004992378409
272327	0.001226515252
272328	0.001891761833
272329	0.0007239916643
272330	0.001578595654
272331	0.0011000773
272332	0.0005409954999
272333	0.00143277752
272334	0.00110943329
272335	0.0008038174323
272336	0.004714342335
272337	0.001821072432
272338	0.004689618309
272339	0.006698637298
272340	0.007906011504
272341	0.001708323437
272342	0.005940258047
272343	0.01069377177
272344	0.00590847342
272345	0.001819645509
272346	0.0001942846712
272347	0.01998914411
272348	0.0112254636
272349	0.001512533284
272350	0.00299827906
272351	0.0001987834712
272352	0.008777572078
272353	0.00409905948
272354	0.000876951451
272355	0.004253616804
272356	0.008940723745
272357	0.002839668757
272358	0.003733078187
272359	0.0006649283461
272360	0.001245853073
272361	0.01219783273
272362	0.003509481012
272363	0.00513284079
272364	0.0003100857028
272365	0.0003198666952
272366	0.006461890578
272367	0.0002153623584
272368	0.0104706702
272369	0.00708642415
272370	0.008181690881
272371	0.00230348646
272372	0.001385648708
272373	0.002402515251
272374	0.01312506245
272375	0.004428178898
272376	0.008308736404
272377	0.0002845187025
272378	0.001503229771
272379	0.0004535096878
272380	2.599955268e-06
272381	0.008272166113
272382	0.009683514359
272383	0.0001273586651
272384	0.001262971025
272385	0.009764211519
272386	0.003186553906
272387	0.002180077135
272388	0.000569033847
272389	0.0005452030153
272390	0.002193710954
272391	0.001721095878
272392	0.001121166644
272393	0.009953285665
272394	0.002683379264
272395	0.0001917628705
272396	0.001206287058
272397	0.0009329246624
272398	0.0006105640999
272399	0.0006896088474
272400	0.003493234986
272401	0.0002013531857
272402	0.008535007539
272403	0.01492591931
272404	0.002751203996
272405	0.004274379117
272406	0.00862692779
272407	0.00881175039
272408	0.001217061103
272409	0.01460041946
272410	0.0132850944
272411	0.001020906643
272412	0.006473827571
272413	0.01497635754
272414	0.007844772242
272415	0.0003147744789
272416	0.002281329902
272417	0.001539050022
272418	0.002041454849
272419	0.007094210571
272420	0.007937547555
272421	0.003191682399
272422	0.003263893422
272423	0.003100661215
272424	0.01133418544
272425	0.001958341043
272426	0.00529090277
272427	0.002725823774
272428	9.919132257e-05
272429	0.003989571988
272430	0.002280778147
272431	0.006347441052
272432	0.007348220622
272433	0.003468999933
272434	0.006815817328
272435	0.006979776944
272436	0.005419807536
272437	0.001590936624
272438	0.002250084854
272439	0.009465953749
272440	0.007304241596
272441	0.001562186906
272442	0.01636369961
272443	0.006497892802
272444	0.003402233795
272445	0.0009715936937
272446	0.002705689378
272447	0.0007501300658
272448	0.001201913899
272449	0.004276331404
272450	0.004317663273
272451	0.008289628793
272452	0.006697903229
272453	0.0006915120761
272454	0.00083833661
272455	0.005521312021
272456	0.005766666817
272457	0.007542147424
272458	0.005390712253
272459	0.003325389135
272460	0.001441586119
272461	0.005912971277
272462	0.005786988095
272463	0.0007902725856
272464	0.003370115434
272465	0.01244132741
272466	0.003869985337
272467	0.008074224091
272468	0.009466776853
272469	0.002956701145
272470	0.006215545576
272471	0.007247434486
272472	0.01069346715
272473	0.007564513701
272474	0.001027430733
272475	0.01945670202
272476	0.01101731767
272477	0.0005523869379
272478	0.001871494186
272479	0.02590978208
272480	0.00555164772
272481	0.006004039187
272482	0.001283913039
272483	0.01078970466
272484	0.008063754873
272485	0.0003816317806
272486	0.001324440391
272487	0.005005821427
272488	0.003475184953
272489	0.0003675605349
272490	0.009105794123
272491	0.01617461696
272492	0.01555303042
272493	0.01613303588
272494	0.004320666536
272495	0.01092874279
272496	0.002188037003
272497	0.008253528406
272498	0.002947904327
272499	0.0009228231289
272500	0.00387060382
272501	0.004274259761
272502	0.00130924747
272503	0.005760657751
272504	0.005362400803
272505	0.001819408134
272506	0.007165242051
272507	0.01203463764
272508	0.010151188
272509	0.00814938278
272510	0.0009287304902
272511	0.003592505321
272512	0.004997507431
272513	0.002423678164
272514	0.005411977809
272515	0.003223862063
272516	0.004470818472
272517	0.01754970516
272518	0.00869890652
272519	0.01887830824
272520	0.002766856968
272521	0.00020470133
272522	0.009027287586
272523	0.001780154983
272524	0.006683065469
272525	0.008357489264
272526	0.002076612778
272527	0.002058779214
272528	0.001789958451
272529	0.003857498907
272530	0.002322012635
272531	0.007941796491
272532	0.002467328332
272533	0.005083806113
272534	0.005737381782
272535	0.003236272445
272536	0.001625023202
272537	0.001401956765
272538	0.01193898971
272539	0.01122640174
272540	0.004494094197
272541	0.0005800111717
272542	0.006797184822
272543	0.009365120619
272544	0.003762759964
272545	0.004531656359
272546	0.00616230393
272547	0.005447850989
272548	0.0009564071984
272549	0.01107097508
272550	0.003635811191
272551	0.007220597627
272552	0.0006131773478
272553	0.00813080712
272554	0.001632426046
272555	0.01383013854
272556	0.0129168899
272557	0.0008872357467
272558	0.007520586493
272559	0.007886183274
272560	0.001290024216
272561	0.0008687214441
272562	0.002845615047
272563	0.0001335602442
272564	0.001047277928
272565	0.001137019456
272566	0.0008700843424
272567	0.006861708931
272568	0.0009388581142
272569	0.001170947865
272570	0.005928332848
272571	0.001960460502
272572	0.0009011584339
272573	0.001150895098
272574	0.004988773811
272575	0.0008867415251
272576	0.001229563666
272577	0.0009929789599
272578	0.004799519196
272579	0.006318505145
272580	0.00946806162
272581	0.01189865142
272582	0.002249086787
272583	0.001419171488
272584	0.0042677448
272585	9.156658654e-05
272586	0.007604838428
272587	0.0005218894715
272588	0.003077378764
272589	0.003580390043
272590	0.000815476256
272591	0.01056188189
272592	0.01013003805
272593	0.004091833509
272594	0.007559249063
272595	0.000603954792
272596	0.001640560757
272597	0.00457914186
272598	0.0006741192641
272599	0.001180775143
272600	0.005710220855
272601	0.004312209789
272602	0.003198486086
272603	0.001836218969
272604	0.0002202606711
272605	0.004139673605
272606	0.0006402802077
272607	0.004503802947
272608	0.007338135469
272609	0.0004548903634
272610	0.003360143522
272611	0.002201780493
272612	0.003296963364
272613	0.00566957052
272614	0.006482489548
272615	0.008142713844
272616	0.001114362862
272617	0.0009764813359
272618	0.003140553931
272619	0.003333024351
272620	0.001136191087
272621	0.01190370087
272622	0.005243540691
272623	0.01761649813
272624	0.0031734428
272625	0.001810311724
272626	0.0009448364922
272627	0.002274913538
272628	0.003294044484
272629	0.002470796546
272630	0.003137698298
272631	0.003814542063
272632	0.002734127878
272633	0.002792277274
272634	0.003080850964
272635	0.0003752157031
272636	0.002720026391
272637	0.002372217927
272638	0.002141450435
272639	0.002586050407
272640	0.001506713394
272641	0.0007324961751
272642	0.0002135420796
272643	0.0006850645244
272644	0.0001973650721
272645	0.0001966479494
272646	0.0004543505892
272647	0.0005574167108
272648	0.000563882224
272649	0.0001800136089
272650	0.001683265693
272651	6.140092347e-09
272652	0.006106996865
272653	0.002351598869
272654	0.001591421955
272655	0.001150601303
272656	1.19048412e-07
272657	0.003538714696
272658	8.090568435e-08
272659	0.002483417912
272660	0.002351245298
272661	0.001066004737
272662	0.001245902221
272663	0.001528937527
272664	0.003448418765
272665	0.002235137978
272666	0.001473729394
272667	0.0002722171241
272668	0.001945793168
272669	0.003298448422
272670	0.00276477998
272671	0.002228405912
272672	0.006393093791
272673	0.002800190978
272674	0.005961424766
272675	6.247848923e-05
272676	0.001675584442
272677	0.005739722878
272678	0.001735093499
272679	0.001450920103
272680	0.001231986648
272681	0.00153579448
272682	0.00318522593
272683	0.005185916182
272684	0.0005835366364
272685	0.0003940114359
272686	0.001570979052
272687	0.00257658613
272688	5.717011443e-05
272689	0.001800606362
272690	0.0041850834
272691	0.004577184807
272692	0.004458973928
272693	0.004387782932
272694	0.001425044188
272695	0.001942271164
272696	0.001128742319
272697	0.000616971805
272698	0.0002019149788
272699	0.003401375039
272700	0.001260929789
272701	0.001086492509
272702	0.002617007589
272703	0.005977228414
272704	0.0003822683035
272705	0.003241593281
272706	0.001181746054
272707	0.003822115191
272708	0.006118450103
272709	0.00371514646
272710	0.006487637857
272711	0.003723341156
272712	0.001461606031
272713	0.002709858223
272714	0.002690653641
272715	0.002962458662
272716	0.0005020868832
272717	0.0002184225338
272718	0.0008245766507
272719	0.0002857210137
272720	0.001210584559
272721	0.001287581013
272722	0.004797307149
272723	0.0009104213608
272724	0.002800497539
272725	0.0001964378266
272726	0.004273424462
272727	0.0003305794465
272728	0.005811455049
272729	0.0003996706337
272730	0.001872689245
272731	0.001249417222
272732	0.002276620531
272733	0.0004199727873
272734	0.003056709469
272735	0.0002500110895
272736	0.001812821701
272737	0.0002904777809
272738	0.00144968833
272739	0.001652173875
272740	0.001088774772
272741	0.0008152075412
272742	1.932958292e-06
272743	0.001074692647
272744	0.0008039224629
272745	0.0003594617396
272746	0.0001808725326
272747	0.0007143243689
272748	0.001177676364
272749	0.001063750187
272750	0.0007247663097
272751	0.0007323470144
272752	0.001434742641
272753	0.0004621187639
272754	0.001624199178
272755	0.0003638192791
272756	0.001542320049
272757	8.794986124e-05
272758	0.001385606357
272759	0.001181990656
272760	0.0008147304792
272761	0.000706251277
272762	0.001474769618
272763	0.001149548715
272764	0.001003608315
272765	0.001806784056
272766	0.0006290583414
272767	0.0008092115041
272768	9.933606909e-07
272769	0.0007359133309
272770	0.0002630643293
272771	0.000803273654
272772	0.001372726923
272773	0.00207200457
272774	0.001344286967
272775	0.001740716393
272776	0.0008508064735
272777	0.0006296471731
272778	0.001725221944
272779	0.0003954592357
272780	0.0004736588072
272781	0.0003810544104
272782	0.0009064256179
272783	4.948822707e-06
272784	0.0004438599994
272785	0.0002609450329
272786	0.001078233716
272787	0.001363045987
272788	9.596576031e-05
272789	0.001090720532
272790	0.000178843113
272791	0.0008151573082
272792	0.002116911116
272793	7.830216347e-05
272794	0.0003578877209
272795	3.083061038e-06
272796	0.001924021348
272797	0.0001824505389
272798	0.001548564388
272799	0.001108753181
272800	0.001639483758
272801	0.001174826173
272802	0.0012734002
272803	0.001615699406
272804	8.120066298e-05
272805	0.0003662289208
272806	0.0002650978222
272807	0.0002980918624
272808	0.002457520374
272809	0.002044769251
272810	0.001657212476
272811	0.004259611529
272812	0.003382312382
272813	0.00508911709
272814	0.004641223105
272815	0.005742313121
272816	0.004927826753
272817	0.004132480574
272818	0.005754673747
272819	0.002470340716
272820	0.005620321535
272821	0.0004695464302
272822	0.002720065056
272823	0.0009563512664
272824	0.0001591863512
272825	0.003453396231
272826	0.00279710651
272827	0.007593000475
272828	0.008941004808
272829	0.002648394964
272830	0.002374140927
272831	0.006487524336
272832	0.000373907373
272833	0.002531762946
272834	0.003752297829
272835	0.003287651973
272836	0.006330077042
272837	0.001749123081
272838	0.00305554435
272839	0.002305368537
272840	0.006330933433
272841	0.00293038619
272842	0.004447987037
272843	0.004294544954
272844	0.003587919675
272845	0.00407088115
272846	0.003366964767
272847	0.001983951667
272848	0.004445902727
272849	0.002330966835
272850	0.00693242827
272851	0.006040024922
272852	0.0009162219693
272853	0.002164187102
272854	0.007691988465
272855	0.006308606433
272856	0.001607050524
272857	0.003706687655
272858	0.0002951394696
272859	0.002845306842
272860	0.00631316222
272861	0.006330372527
272862	0.002032309115
272863	0.00641701158
272864	0.004617105103
272865	0.00573733065
272866	0.003325691833
272867	0.005590633673
272868	0.0009654476317
272869	0.0006425319171
272870	0.003625127556
272871	0.0001773382245
272872	0.00801692891
272873	0.002132177174
272874	0.004722203945
272875	0.006099573672
272876	0.005151238536
272877	0.001359240971
272878	0.00396319869
272879	0.003547735519
272880	0.002573328299
272881	0.004028992532
272882	0.005092907222
272883	0.0006647103451
272884	0.001765465102
272885	0.001479696431
272886	0.002315719193
272887	0.002494058899
272888	0.002523142051
272889	0.003602118794
272890	0.001637225505
272891	0.002572919981
272892	0.00390474844
272893	0.003126223219
272894	0.003610736621
272895	0.001112353954
272896	0.002290263502
272897	0.002781938031
272898	0.001040510706
272899	0.002033026813
272900	0.0006392453151
272901	0.001569560426
272902	0.0002670850056
272903	0.001141674254
272904	0.002330116605
272905	0.0005352312917
272906	0.001292061633
272907	0.002571137153
272908	0.001187966921
272909	0.0008524635806
272910	0.002624746276
272911	0.001210764435
272912	0.003039999845
272913	0.0007363836825
272914	0.001199412569
272915	0.002504261571
272916	0.0009336720323
272917	0.002560187164
272918	0.00222491949
272919	0.002951013401
272920	0.002254868676
272921	0.003418742016
272922	0.0006279848355
272923	0.0006406894349
272924	0.0001919795239
272925	0.0009304851498
272926	0.002513347483
272927	0.0003722206579
272928	0.003884105704
272929	0.00379995509
272930	0.003977505845
272931	0.002875277926
272932	0.003614924902
272933	0.002142172323
272934	0.001844136887
272935	0.0008275842996
272936	0.001494250512
272937	0.003902047312
272938	0.002296790655
272939	0.00297084905
272940	0.002046437178
272941	0.001760044456
272942	0.001021439505
272943	0.002024675875
272944	0.002878493704
272945	0.003617336517
272946	0.0001814901045
272947	8.62191005e-05
272948	0.004168812984
272949	0.003894499103
272950	0.002131272054
272951	8.836389707e-07
272952	8.69990976e-05
272953	0.0005790007728
272954	0.0005573326975
272955	0.003982086035
272956	0.001429540357
272957	0.003631455181
272958	0.0009252145174
272959	0.0005181147819
272960	0.001087183866
272961	0.0003891290206
272962	0.001612048937
272963	0.001405901585
272964	0.004203653065
272965	0.002570659803
272966	0.002229678143
272967	0.0002386168663
272968	0.003500257231
272969	0.001430506898
272970	0.002179045939
272971	0.003246456719
272972	0.002110661065
272973	0.001727614302
272974	0.002874237138
272975	0.002453078997
272976	0.002630033193
272977	0.0004536184451
272978	0.002825861308
272979	0.002179746272
272980	0.006495077214
272981	0.0008677199213
272982	0.003671995224
272983	0.000317203514
272984	0.001318873406
272985	0.0009916795605
272986	0.007338331487
272987	0.007895916987
272988	0.0009272046523
272989	0.003574241815
272990	0.007577045975
272991	0.006405638899
272992	0.0008158333086
272993	0.0004367998328
272994	0.002860459714
272995	0.009677094262
272996	0.008121681826
272997	0.001391555872
272998	0.006733957683
272999	0.0006992461373
273000	0.008258797253
273001	0.006940878928
273002	0.002045960928
273003	0.0007316769895
273004	0.0007140022601
273005	0.0004443744315
273006	0.001147852785
273007	0.002172695957
273008	0.001590785479
273009	0.0004221289655
273010	0.0005499888889
273011	0.0016025353
273012	0.0003772311354
273013	0.0003446499328
273014	0.001853013753
273015	0.001866390142
273016	0.001182802697
273017	0.001756701903
273018	0.00061192502
273019	0.0001492681314
273020	3.893845598e-05
273021	0.001161129428
273022	0.0009571302586
273023	0.001359550353
273024	0.0005379212492
273025	0.001434788722
273026	0.0009137384257
273027	0.0002010871516
273028	0.001530955582
273029	0.001110421368
273030	0.00187141474
273031	0.002199754618
273032	0.0003647008082
273033	0.0005350708396
273034	0.001591514298
273035	0.001890221105
273036	0.002975190448
273037	0.003967284543
273038	0.01038419318
273039	0.002818255679
273040	0.002898840855
273041	0.0006142224992
273042	0.002322672919
273043	3.341677133e-05
273044	0.005324817913
273045	0.003318537779
273046	0.00281463699
273047	0.005343276025
273048	0.0003963408435
273049	0.001854464657
273050	0.0004873479242
273051	0.001852497446
273052	0.0003857744151
273053	0.001421145428
273054	0.001286565769
273055	0.0004033165095
273056	0.003706710406
273057	0.0004270348433
273058	0.003233049539
273059	0.002725308202
273060	0.0006319671083
273061	0.000408773343
273062	0.009420873489
273063	0.006653240777
273064	0.002244020709
273065	0.006316192696
273066	0.001087232956
273067	0.008343523028
273068	0.007365451113
273069	0.002887329691
273070	0.004525473752
273071	0.008008112904
273072	0.001803212731
273073	0.004103654455
273074	0.0013355617
273075	0.007601784793
273076	0.002205539392
273077	0.000556901991
273078	0.002828195475
273079	0.0009387984974
273080	0.003528228336
273081	0.006234006497
273082	0.009190984954
273083	0.0001820945898
273084	0.003785558572
273085	5.528656102e-05
273086	0.003710991263
273087	0.001089357857
273088	0.00580431897
273089	0.004581630115
273090	0.006962767323
273091	0.006366843318
273092	0.008644635379
273093	0.0008874811495
273094	0.004446354112
273095	0.005614062381
273096	0.0003545230672
273097	0.008101107977
273098	0.001329245102
273099	0.0008589633131
273100	0.007512733304
273101	0.001340980791
273102	0.00440487868
273103	4.503420927e-05
273104	0.003566266919
273105	0.004158590819
273106	0.003583683134
273107	0.008151585463
273108	4.444664942e-05
273109	0.0003934224405
273110	0.001350750015
273111	0.00827326855
273112	0.007211246612
273113	0.001554865029
273114	0.002509406423
273115	0.001650929576
273116	0.0005425486586
273117	0.003016374049
273118	0.0006219088288
273119	0.0003768360616
273120	0.0003461079788
273121	0.002909022813
273122	0.005259582566
273123	0.0004309036698
273124	0.001446284954
273125	0.003566134136
273126	0.004833870189
273127	0.001239020104
273128	0.004899446035
273129	0.003899377985
273130	0.0007394477079
273131	0.005225024278
273132	0.0005791754498
273133	0.008541785477
273134	0.001448678309
273135	0.004173427301
273136	0.001804309154
273137	0.00146715328
273138	0.00130266842
273139	0.002582498971
273140	0.0007101526823
273141	0.003884535196
273142	0.0006334387403
273143	0.004418896419
273144	0.002652703317
273145	0.003601753832
273146	0.0003140195329
273147	0.005179348525
273148	0.00346067206
273149	0.001299859265
273150	0.004460371064
273151	0.008035766975
273152	0.0103691813
273153	0.00480442071
273154	0.004804411538
273155	0.0046172428
273156	0.004335049919
273157	0.003876101062
273158	0.0001844090577
273159	0.001998372336
273160	0.0005258368243
273161	0.002473270064
273162	0.0007716410727
273163	0.004198531192
273164	0.001776412925
273165	0.003805095555
273166	0.0003514718983
273167	0.001000703314
273168	0.002903369402
273169	0.001368491856
273170	0.005085831518
273171	0.003609798083
273172	0.00149168689
273173	0.001698555575
273174	0.0009975232987
273175	0.003787960801
273176	0.0002309075126
273177	0.0005236605759
273178	0.0005967894636
273179	0.0008777989149
273180	0.0009347726612
273181	0.01371781974
273182	0.0005708292901
273183	0.002364609743
273184	0.001903260355
273185	0.01110325503
273186	0.002424569038
273187	0.0002331911241
273188	0.0003547583134
273189	0.003911498066
273190	0.007667248875
273191	0.004513641156
273192	0.01182847557
273193	0.0007642668022
273194	0.01342689096
273195	3.684762314e-05
273196	0
273197	4.876798425e-05
273198	0.000207953824
273199	0.006577357037
273200	0.003285672179
273201	0.005186115997
273202	0.003879042931
273203	0.0003726957142
273204	0.00827829713
273205	0.005737515214
273206	0.003966632964
273207	0.001976518011
273208	0.0003116747595
273209	0.0002592559945
273210	0.006867954735
273211	0.002285787188
273212	0.004901533156
273213	0.008579981262
273214	0.01284503874
273215	0.001741988647
273216	0.002829839704
273217	0.001805311391
273218	0.001492242471
273219	0.00026461167
273220	0.004796471624
273221	0.002154107721
273222	0.002869873316
273223	0.0006945214728
273224	0.0007035217296
273225	0.003930119576
273226	0.00130777337
273227	0.0001709592081
273228	0.0002975351711
273229	0.001328102699
273230	0.0005356110409
273231	0.004160266138
273232	0.008556375832
273233	0.002126431223
273234	0.002219997774
273235	0.005514086479
273236	0.001589846992
273237	0.002163021575
273238	0.00169579187
273239	0.001685909559
273240	0.001391198235
273241	0.001372149768
273242	0.007656234358
273243	0.006785266622
273244	0.007698984111
273245	0.001901434061
273246	0.00346980208
273247	0.003654154915
273248	6.142026658e-05
273249	0.001172555381
273250	0.004896514285
273251	0.005844983071
273252	0.00250285047
273253	0.0004762034113
273254	0.002505699075
273255	0.002514643948
273256	0.0009444841903
273257	0.00570945293
273258	0.004087451426
273259	0.003473391979
273260	0.001597342268
273261	0.006993047329
273262	0.00415392638
273263	0.006595304287
273264	0.0003179469005
273265	0.001321184453
273266	0.004785544756
273267	0.0001905954628
273268	0.003412982317
273269	0.0007438469434
273270	0.01333255447
273271	0.001085071304
273272	0.007911693831
273273	0.005382133947
273274	0.0006672056886
273275	0.001042149807
273276	0.002212722156
273277	0.002855280727
273278	0.003310991747
273279	0.001580523541
273280	0.001019820817
273281	0.004641141319
273282	0.007962193026
273283	0.006218501392
273284	3.749551213e-05
273285	0.002180539939
273286	0.001650242198
273287	0.004747613973
273288	0.000271845421
273289	0.009067681123
273290	0
273291	0.00184068917
273292	0.00100813103
273293	0.003349286603
273294	0.004732524386
273295	0.006626273914
273296	0.0003771732603
273297	0.001810840841
273298	0.002486649803
273299	0.002952504799
273300	0.0005779316625
273301	0.002705606712
273302	0.009830121061
273303	0.001690994738
273304	0.002666325637
273305	0.001633900721
273306	0.003561652547
273307	0.008178364946
273308	0.000578359112
273309	0.005419066156
273310	0.01674616145
273311	0.001309681653
273312	0.001250658635
273313	0.002049771107
273314	0.001975436178
273315	0.009158819704
273316	0.007823626627
273317	0.000903874668
273318	0.001378292091
273319	0.00199942885
273320	0.001855123973
273321	0.002295395147
273322	0.002443512586
273323	0.0009356545022
273324	0.0004756688379
273325	0.00380782406
273326	0.001553758287
273327	0.00714511105
273328	0.002386129992
273329	0.003447856717
273330	0.002650561403
273331	0.001213733056
273332	0.002238893826
273333	0.0005186784839
273334	0.003994768772
273335	0.002582425442
273336	0.001849167223
273337	0.004115472955
273338	0.002979969225
273339	0.001833904549
273340	0.002555855424
273341	0.0020250584
273342	0.006965518827
273343	9.755817937e-05
273344	0.005489845469
273345	8.501044481e-05
273346	0.007159140668
273347	0.001138581966
273348	0.001317504498
273349	0.007815082913
273350	0.002590139277
273351	0.002112845492
273352	0.002108983559
273353	0.002975333509
273354	0.009158539108
273355	0.001798559589
273356	0.002485557017
273357	0.002864050443
273358	0.001747727305
273359	0.000532503903
273360	0.005144474979
273361	0.001019129527
273362	0.002544190946
273363	0.009083921719
273364	0.004385401579
273365	7.43000916e-05
273366	0.005756434296
273367	0.005457790294
273368	0.007424858761
273369	0.002089839402
273370	0.006143756889
273371	0.003945735932
273372	0.01060836391
273373	0.0004482772158
273374	0.003114255493
273375	0.00277187228
273376	0.005335018377
273377	0.004581576257
273378	0.00643007381
273379	0.001228809951
273380	0.005828818176
273381	0.002522185829
273382	0.007562573348
273383	0.0009198070306
273384	0.001107383465
273385	0.003374903858
273386	0.009605324243
273387	0.00039433969
273388	0.004222269905
273389	0.00489228939
273390	0.008482289466
273391	0.001321973904
273392	0.001931122138
273393	0.00714608921
273394	0.00412001818
273395	0.005542674515
273396	0.006378904757
273397	0.004593715411
273398	0.01207218457
273399	0.002474573086
273400	0.006348332653
273401	0.0001783972449
273402	0.005879961874
273403	0.001036032692
273404	8.028379757e-05
273405	0.003814586783
273406	0.002292401828
273407	0.001665051919
273408	0.00316819891
273409	0.005227797458
273410	0.003762629837
273411	0.001625827937
273412	0.006584609591
273413	0.002113689377
273414	0.001704547018
273415	0.002075000451
273416	0.002558965251
273417	0.0002535800813
273418	0.000749446288
273419	0.004413641361
273420	0.01416992186
273421	0.00892906377
273422	0.00273527306
273423	0.007192327871
273424	0.005170170176
273425	0.0006862981359
273426	0.006510809491
273427	0.005035560993
273428	0.002475262318
273429	0.002496508332
273430	0.001459744639
273431	0.003725351209
273432	0.002121954095
273433	0.005451164417
273434	0.002445410401
273435	0.002521673726
273436	0.002109945357
273437	0.005214787396
273438	0.0005939762091
273439	0.0006322059476
273440	0.001778841449
273441	0.01032792063
273442	0.005943845001
273443	0.0007917188037
273444	0.002074378302
273445	0.001105352205
273446	0.0009400876901
273447	0.002037884922
273448	0.007158246904
273449	0.0006039198372
273450	0.006027875032
273451	0.005181626873
273452	0.00831488348
273453	0.007292103128
273454	0.0007819065581
273455	0.003612109581
273456	0.01076770995
273457	0.00813800228
273458	0.009040151916
273459	0.001222300999
273460	0.01554553305
273461	0.00231033517
273462	0.002266824107
273463	0.004383862797
273464	0.003721567136
273465	0.003891839847
273466	0.00504152024
273467	0.003502641956
273468	0.001037652967
273469	4.571708875e-05
273470	0.007001085691
273471	0.003218573776
273472	0.002084859523
273473	0.002292881472
273474	0.009205808009
273475	0.0009817973888
273476	0.006133262364
273477	0.001962317313
273478	0.001259956684
273479	0.005364071332
273480	0.005789247917
273481	0.003775165432
273482	0.001427649336
273483	0.001634889362
273484	0.003653443996
273485	0.0003604178641
273486	0.004996682514
273487	0.004086718381
273488	0.00694978346
273489	0.0026837552
273490	0.00214868442
273491	0.001182566887
273492	0.006148902257
273493	0.004249409114
273494	0.006475913986
273495	0.001137107048
273496	0.0009240522732
273497	0.002802001273
273498	0.003866766314
273499	0.003999184983
273500	0.002261619125
273501	0.003985719079
273502	0.005604787223
273503	0.003049551229
273504	0.007596296333
273505	0.005620327329
273506	0.0002859902117
273507	0.001769238708
273508	0.001292732973
273509	0.003876179147
273510	0.00769260665
273511	0.001926066574
273512	0.00512167121
273513	0.00699097072
273514	0.0002882131078
273515	0.002306010045
273516	0.0009191455015
273517	0.008130314565
273518	0.001546232188
273519	0.009763868538
273520	0.001349038987
273521	0.008414978525
273522	0.00446817424
273523	0.00468849698
273524	0.008106991258
273525	0.01678296602
273526	0.0001841710748
273527	0.002762031979
273528	0.006599546173
273529	0.00792424294
273530	0.001645715706
273531	0.0007145421555
273532	0.001605045474
273533	0.0005650828106
273534	0.002421423059
273535	0.001234948635
273536	0.0009515112153
273537	0.0004976626956
273538	0.0009573173116
273539	0.004387907543
273540	0.0005385674224
273541	0.001560415534
273542	0.003876515924
273543	0.0004146515469
273544	0.0001240435971
273545	0.001531785682
273546	0.003072021544
273547	0.00332189391
273548	0.0001474055005
273549	0.0007906113876
273550	0.001070033048
273551	0.007499703918
273552	0.005289862656
273553	0.002840965562
273554	0.008373916928
273555	0.004152564977
273556	0.002671883205
273557	0.002284606549
273558	0.006008634331
273559	0.003234121852
273560	0.003415561965
273561	0.007720956047
273562	0.001473314726
273563	0.001080395262
273564	0.001201794035
273565	0.00344518827
273566	0.0008781538578
273567	7.656513254e-05
273568	0.009790397394
273569	0.006057751608
273570	0.003928250166
273571	0.003669081936
273572	0.001380132674
273573	0.00120937467
273574	0.008239686876
273575	0.002290780665
273576	0.002243093843
273577	0.001457403609
273578	0.000161126475
273579	0.006291499961
273580	0.002716730154
273581	0.0008245895831
273582	7.227765848e-08
273583	0.001547064473
273584	0.002895314229
273585	0.0003979086478
273586	0.004139354633
273587	0.001800261834
273588	0.001187337601
273589	0.01070512073
273590	4.405620086e-05
273591	0.006730433881
273592	0.002784964761
273593	0.001349209055
273594	0.003946441498
273595	0.001955911104
273596	0.006447584504
273597	0.001695365736
273598	0.001283625985
273599	0.006669557271
273600	0.0006986800074
273601	0.002552189017
273602	0.008600927512
273603	0.0001352387628
273604	0.002684788181
273605	0.00445076363
273606	0.006365301615
273607	0.001745588283
273608	0.00384171127
273609	0.001134522471
273610	0.002653477884
273611	0.002825535255
273612	0.008555693516
273613	0.0001114868792
273614	0.005767173986
273615	0.008416337025
273616	0.006048650306
273617	0.003034344422
273618	0.00170859521
273619	0.001497386205
273620	0.001199903153
273621	0.000264581165
273622	0.007075908157
273623	0.007492732355
273624	0.000960571877
273625	0.008139525226
273626	0.001734617789
273627	0.002547694176
273628	0.001739577835
273629	0.0008981588478
273630	0.0007239258272
273631	0.008016332976
273632	0.004375839281
273633	0.00829049759
273634	0.001377003802
273635	0.003031395573
273636	0.0002820005943
273637	0.0009646323671
273638	0.003109981555
273639	0.00230778639
273640	0.001636351806
273641	0.002330153369
273642	0.002589412497
273643	0.0008323102169
273644	0.006865878969
273645	0.0007670690495
273646	0.003696445033
273647	0.003312419017
273648	0.00238031769
273649	0.006250640499
273650	0.00439768905
273651	0.001344198526
273652	0.002617616133
273653	0.00673383753
273654	0.006849374914
273655	0.002253667768
273656	0.002977885256
273657	0.004844818443
273658	0.004795309922
273659	0.0003190654587
273660	0.002942505998
273661	0.005368630309
273662	0.004351043567
273663	0.002131928181
273664	0.001396309955
273665	0.0003009528154
273666	0.00191060194
273667	0.001630398819
273668	0.002276419752
273669	0.001847011053
273670	0.001006993302
273671	0.001878372824
273672	0.001161197609
273673	0.002275629062
273674	0.0006537576165
273675	0.003631941054
273676	0.004666524286
273677	0.003530728127
273678	0.002584377733
273679	0.00496751561
273680	0.001437682199
273681	0.002166179702
273682	0.001653602321
273683	9.765759716e-05
273684	0.0008476746278
273685	0.0006001992511
273686	0.0009125007311
273687	0.004768571523
273688	0.001394087468
273689	0.002953350241
273690	0.004554896857
273691	0.003221830934
273692	4.537845443e-05
273693	0.00377414515
273694	0.001812842625
273695	0.001152863372
273696	0.006182519995
273697	0.003264657046
273698	0.003599105716
273699	0.01236553122
273700	0.002269301004
273701	0.006338389181
273702	0.003047096659
273703	0.0004539548355
273704	0.002080958966
273705	0.004799103871
273706	0.007477189536
273707	0.00362034768
273708	0.00870654584
273709	0.001072023583
273710	0.0005613986827
273711	0.0009793786151
273712	0.003780604808
273713	0.004051312522
273714	0.0007156976433
273715	0.0001334992875
273716	0.004901167262
273717	0.004136402334
273718	0.0003470967887
273719	0.001770401523
273720	9.344557553e-05
273721	0.001204686014
273722	0.001584489717
273723	0.0005339404125
273724	0.001685591073
273725	0.002996972973
273726	0.001102494402
273727	0.0009149250708
273728	0.003563267381
273729	0.009143242449
273730	0.007203526919
273731	1.109242982e-05
273732	0.0002141287181
273733	0.008730482121
273734	0.003519546927
273735	0.007886362994
273736	0.0007932280632
273737	0.002032751642
273738	0.003994633833
273739	0.0003862403333
273740	0.0007747256946
273741	0.002077801982
273742	0.00439695912
273743	0.002666836762
273744	0.004142516264
273745	0.0003982799025
273746	0.002270896832
273747	0.0002845002323
273748	0.004322941529
273749	0.005298437178
273750	0.00124052729
273751	0.008230777739
273752	0.006574789746
273753	0.003552328579
273754	0.0007331230978
273755	0.009125657893
273756	0.006031129911
273757	0.003316673572
273758	0.0005294015778
273759	0.002984660622
273760	0.006062754408
273761	0.0008858258978
273762	0.005327152858
273763	0.0003550180898
273764	0.004711756845
273765	0.006530141926
273766	0.008336442671
273767	0.002283863975
273768	0.002000586988
273769	0.0004015901372
273770	0.006953913811
273771	0.0001851654138
273772	0.003808391498
273773	0.0007404713389
273774	0.000944981473
273775	0.0007617158354
273776	0.001241515433
273777	0.0004656086145
273778	0.001498842602
273779	0.006272082303
273780	0.006532588589
273781	0.0008666648934
273782	0.008645485463
273783	0.005655199515
273784	0.0004606721631
273785	0.003287605198
273786	0.002193440229
273787	0.001836050969
273788	7.693040297e-05
273789	0.002844130013
273790	0.0001603709595
273791	0.001796114568
273792	0.001039780204
273793	0.001224976722
273794	0.001004343279
273795	0.002615594417
273796	0.0009695466998
273797	0.0006675202756
273798	0.001434644027
273799	0.0007451565797
273800	0.0006228350788
273801	0.005522687485
273802	0.005331342929
273803	0.008225264629
273804	0.008237843335
273805	0.004159788094
273806	0.003125864548
273807	0.003815786859
273808	0.004289467366
273809	0.002877141541
273810	0.004852249702
273811	0.002561550871
273812	0.00191322333
273813	0.003377189189
273814	0.0006530383442
273815	0.001524586281
273816	0.00230156711
273817	0.0003290778852
273818	0.01034232498
273819	0.004418483449
273820	0.002892955182
273821	0.004757487379
273822	0.001098669724
273823	0.0001720802514
273824	0.003540107119
273825	0.002068280732
273826	0.002561710126
273827	0.001215505033
273828	0.007604146386
273829	0.005414377177
273830	0.005002478115
273831	0.0001443731431
273832	0.001471193379
273833	1.051432532e-05
273834	0.004617318452
273835	0.003667886928
273836	0.01062762728
273837	0.0008013359439
273838	0.0002116226479
273839	0.002134247959
273840	0.001359185309
273841	0.003289311941
273842	0.00379670051
273843	0.009851722406
273844	0.001119234178
273845	0.003478433259
273846	0.002358329802
273847	0.00608325342
273848	0.008511233689
273849	0.003080382161
273850	0.003738267321
273851	0.00946411272
273852	0.002286468886
273853	0.006656239838
273854	0.0002945315772
273855	0.001645323738
273856	0.00286517852
273857	0.004991757662
273858	0.002557094649
273859	0.002169011967
273860	0.001894585162
273861	0.006536341606
273862	0.009482652635
273863	0.0006685990866
273864	0.003509833268
273865	9.099093715e-05
273866	0.0002229618516
273867	0.006065136924
273868	0.007924823453
273869	0.004706627497
273870	0.005098456
273871	0.002653773548
273872	0.004682299736
273873	0.003622178262
273874	0.0009655214001
273875	0.005163406434
273876	0.002785021739
273877	6.273373743e-05
273878	0.0002224090258
273879	0.003040121256
273880	0.002128769011
273881	0.00888646065
273882	0.0007328756169
273883	0.002430778674
273884	0.0008631798233
273885	0.0132477569
273886	0.005949767113
273887	0.0002404898341
273888	0.008558704426
273889	0
273890	0.004535117288
273891	0.001528694968
273892	0.002889829739
273893	0.008869936947
273894	0.001990957634
273895	0.005087477093
273896	0.005554439102
273897	0.009696199036
273898	0.007223323925
273899	0.005821420646
273900	0.004002044813
273901	0.003179062186
273902	0.003115594714
273903	0.01050155811
273904	0.01060916325
273905	0.001314946035
273906	0.001880011269
273907	0.00103526568
273908	0.001439100763
273909	0.001617076862
273910	0.005297717914
273911	0.001264288314
273912	0.001177516631
273913	0.001825637852
273914	0.005896738992
273915	0.003089904547
273916	0.004800808263
273917	0.0008762015721
273918	0.004745961849
273919	0.0051746235
273920	0.006864591231
273921	0.00207225695
273922	0.0002760696516
273923	0.0009135560168
273924	0.007104308849
273925	0.0008002806631
273926	0.003435887585
273927	0.003773936858
273928	0.003167870655
273929	0.001011112961
273930	0.001456816255
273931	0.006872267057
273932	0.001461268922
273933	0.006893979551
273934	0.006199542073
273935	0.001536924899
273936	0.006685884678
273937	0.002888098869
273938	0.005790426111
273939	0.002342299621
273940	0.00498540176
273941	0.002742729614
273942	0.004585040073
273943	0.0006073108841
273944	0.00357421293
273945	0.001804539461
273946	0.006991243864
273947	0.002834672619
273948	0.004086560174
273949	0.003215753818
273950	0.0009959764147
273951	0.001052898773
273952	0.003328355406
273953	0.004682155497
273954	0.002319122885
273955	0.002475450325
273956	0.005668031149
273957	0.005583484213
273958	0.001004650738
273959	0.002147019185
273960	0.003638877469
273961	0.001382049643
273962	0.007978240748
273963	0.0002325206386
273964	0.008767132201
273965	0.003868753782
273966	0.00980504274
273967	0.0008203712089
273968	0.0008336693925
273969	0.001873171599
273970	0.001042183956
273971	0.002850645035
273972	0.0003048326995
273973	0.007718602085
273974	0.004751965153
273975	0.002542234249
273976	0.0004829957799
273977	0.001741582005
273978	0.001027349942
273979	0.001858763855
273980	0.006330076926
273981	0.001257231712
273982	0.005801997854
273983	0.0005916210369
273984	0.007909437632
273985	0.00193905048
273986	0.00115258411
273987	0.003779855657
273988	0.005484964581
273989	0.003871778679
273990	0.003019715275
273991	0.0005547860499
273992	0.003010366551
273993	0.004160217278
273994	0.003975117859
273995	0.007087343348
273996	0.000380632473
273997	0.006489794805
273998	0.01288404332
273999	0.0003416887978
274000	0.007329091407
274001	0.00237288974
274002	0.00463034925
274003	0.002256820778
274004	0.003818789477
274005	0.004360639417
274006	0.001790227983
274007	0.01142375229
274008	0.001529270454
274009	0.002912827782
274010	0.001977641279
274011	0.0009303053613
274012	0.0002178169822
274013	0.0063281891
274014	0.0004424530462
274015	0.009541839097
274016	0.001273053071
274017	0.008855072617
274018	0.0006043604669
274019	0.0003161395819
274020	0.005087796728
274021	0.007736724766
274022	0.006239676856
274023	0.00798078939
274024	0.004483681183
274025	0.0007978685847
274026	0.004002154223
274027	0.003725265748
274028	0.003690398145
274029	0.003882484805
274030	0.003891841681
274031	0.001810817877
274032	0.007416520858
274033	0.01257133002
274034	0.00201622358
274035	0.006528995873
274036	0.004471931042
274037	0.00616141372
274038	0.003161839013
274039	0.003103498714
274040	0.005490148973
274041	0.00369250712
274042	0.00461827369
274043	0.001890720086
274044	0.005728294121
274045	0.002940372139
274046	0.004088437922
274047	0.001237179255
274048	0.004780584491
274049	0.0004488928062
274050	0.004516605118
274051	0.01157742366
274052	0.001133983207
274053	0.004580611207
274054	0.005922449826
274055	0.004321572777
274056	0.003733856708
274057	0.0006128210676
274058	0.002402866901
274059	0.001475645546
274060	0.005299505068
274061	0.001089665205
274062	0.0004033672656
274063	0.001553771368
274064	0.004809424113
274065	0.004820579373
274066	0.003445113909
274067	0.005838104129
274068	0.0008826985351
274069	0.004574543838
274070	0.003266150674
274071	0.0008502124453
274072	0.002866282399
274073	0.004497214063
274074	0.001195193002
274075	0.008231679744
274076	0.004302068683
274077	0.001311920217
274078	0.001980770234
274079	0.001308984418
274080	0.001711882299
274081	0.001361199737
274082	0.001937160261
274083	0.0007842579894
274084	0.0005360391347
274085	0.001820716109
274086	0.002006658672
274087	0.0001119962978
274088	9.219049274e-05
274089	0.00491061893
274090	0.005576732593
274091	0.0002137784834
274092	0.004588921927
274093	0.001462907417
274094	0.00260741312
274095	0.008426218585
274096	0.002547456687
274097	0.002403565014
274098	0.0023356729
274099	0.004961804518
274100	0.0006959701188
274101	0.009321305539
274102	0.0004151795452
274103	0.001402569822
274104	0.002259854599
274105	0.000243348207
274106	6.183826345e-05
274107	0.002920584003
274108	0.001147413587
274109	4.086366805e-06
274110	0.004890992855
274111	0.004411218487
274112	0.005292367403
274113	0.002955529295
274114	0.003839147446
274115	0.005716181037
274116	0.000571367613
274117	0.003660710096
274118	0.00155869274
274119	0.002247237271
274120	0.0004163410156
274121	0.004674755963
274122	0.001370314087
274123	0.003294661014
274124	0.001671331195
274125	0.005550589724
274126	0.01014176771
274127	0.0009222242388
274128	0.003543306906
274129	0.007115858316
274130	0.005476204243
274131	0.0005143752488
274132	0.008902018059
274133	0.007809480612
274134	0.007732893677
274135	0.008882469236
274136	0.004379375371
274137	0.006040914269
274138	0.005551871102
274139	0.001075331265
274140	0.01045149513
274141	0.00462878828
274142	0.004078734346
274143	0.002730114534
274144	0.0092679237
274145	0.004454507656
274146	0.00061379154
274147	0.000801765137
274148	0.001944512958
274149	0.004517624014
274150	0.01175018908
274151	0.003909766585
274152	0.003902789944
274153	0.0006229236352
274154	0.0005455658715
274155	0.0005269535339
274156	0.004150777464
274157	0.007261175019
274158	0.004356075126
274159	0.002431793633
274160	2.619772735e-08
274161	0.003492386036
274162	0.008651586556
274163	0.001348125982
274164	0.000620685263
274165	0.004998789805
274166	0.00351736114
274167	0.00214765305
274168	0.01543717657
274169	0.008863048123
274170	0.004560290154
274171	0.005317185165
274172	0.0004521614882
274173	0.007956553801
274174	0.003614269323
274175	0
274176	0.005398089314
274177	0.0112056624
274178	0.0009987134089
274179	0.01386076658
274180	0.002540404108
274181	0.002663955354
274182	0.001311851341
274183	0.005622689699
274184	0.0008963456993
274185	0.001256740334
274186	0.002728883928
274187	0.007437253473
274188	0.0004066117773
274189	0.006264941828
274190	0.01149616168
274191	0.002125424529
274192	0.002419038798
274193	0.002990331492
274194	0.01214329921
274195	0.002611211275
274196	0.003071578701
274197	0.002198813535
274198	0.004717377787
274199	0.005958115874
274200	0.00256859159
274201	0.0005082718593
274202	0.001137616883
274203	0.005709319135
274204	0.004804232182
274205	7.996411148e-05
274206	0.006277975284
274207	0.004080521146
274208	0.00194953227
274209	0.004441123632
274210	0.006720870667
274211	0.003326821817
274212	0.001191016783
274213	0.004501674474
274214	0.000485309419
274215	0.002593343869
274216	0.005453081921
274217	0.00122718996
274218	0.001266659868
274219	0.006361182761
274220	0.000174516947
274221	0.004197656775
274222	0.001620873291
274223	0.00740237775
274224	0.002666668089
274225	0.001232612761
274226	0.002598091417
274227	0.001184600819
274228	0.001466301408
274229	0.0006606745785
274230	0.002784759491
274231	0.003032171306
274232	0.0005433155187
274233	0.00223938226
274234	0.000918089039
274235	0.001962450346
274236	0.0001673602195
274237	0.004980629832
274238	0.00130957698
274239	0.0102320275
274240	0.005970936196
274241	0.002954399937
274242	0.001458097669
274243	0.002541369702
274244	0.008323800424
274245	0.00609707978
274246	0.005863513904
274247	0.003420523126
274248	4.293532959e-05
274249	0.002740343267
274250	0.004066320918
274251	0.002057789458
274252	0.0004755111741
274253	0.0002525861608
274254	0.002902103191
274255	0.00242041509
274256	0.004679502191
274257	0.005093406624
274258	0.0003027359007
274259	0.004217544901
274260	0.004961061422
274261	0.00129776634
274262	0.001529680781
274263	0.004565790053
274264	0.006091296942
274265	0.002551434567
274266	0.0007030406917
274267	0.006915773178
274268	0.002448335062
274269	0.009472747831
274270	0.0002844849048
274271	0.000209768059
274272	0.0009622895114
274273	0.009333154047
274274	0.001743215276
274275	0.001611769928
274276	0.009212230997
274277	0.0007722614981
274278	0.001980780292
274279	0.001364452133
274280	0.00266007893
274281	0.003943443205
274282	0.0002096760623
274283	0.002516741654
274284	0.000786256532
274285	0.001759587734
274286	0.002219686459
274287	0.001224454053
274288	0.005919612858
274289	0.0002751669422
274290	0.002377013543
274291	0.0009914212441
274292	0.002366551681
274293	0.0005382579487
274294	0.0007015022172
274295	0.004252784694
274296	0.005379980357
274297	0.003262020387
274298	0.003207670631
274299	0.00671319608
274300	0.00297447195
274301	0.003500934121
274302	0.002622140386
274303	0.0003665835745
274304	0.00759118989
274305	0.001597137623
274306	0.004744159736
274307	0.007934342478
274308	0.0006859287869
274309	0.004187283445
274310	0.001508461369
274311	0.005791417043
274312	0.002489577032
274313	0.001748934024
274314	0.004653287354
274315	0.001965412212
274316	0.002204719926
274317	0.00327513894
274318	0.002178741375
274319	0.001958514266
274320	0.003305498931
274321	0.008260124134
274322	0.00509932506
274323	0.006326411489
274324	0.004882275783
274325	0.0005220191297
274326	0.003096830966
274327	0.004392767929
274328	0.003507528465
274329	0.0005192176788
274330	0.003532668475
274331	0.008951922174
274332	0.002837510586
274333	0.0002172438717
274334	0.003242342413
274335	0.00287244531
274336	0.002651972256
274337	0.004400434228
274338	6.07625093e-05
274339	0.0008335990524
274340	0.003555376646
274341	0.003542506745
274342	0.001142551181
274343	0.001906277851
274344	0.0004009122821
274345	0.0005499072569
274346	0.002024310098
274347	0.002052769326
274348	0.001679294869
274349	0.00212327368
274350	0.0007445883728
274351	0.00340717414
274352	0.002469865731
274353	0.0006191202607
274354	0.008162092031
274355	0.009835313214
274356	0.002753940957
274357	0.0007362848609
274358	0.004076479138
274359	0.001190470484
274360	0.0008988053771
274361	0.001605128296
274362	0.002331834826
274363	0.001684286403
274364	0.004993381551
274365	0.001154504402
274366	0.002148909771
274367	0.002074144211
274368	9.263352684e-05
274369	0.00278447101
274370	0.007468607386
274371	0.002498750924
274372	0.001700200149
274373	0.0002086833771
274374	0.000118404495
274375	0.001378316243
274376	0.003560246621
274377	0.006494450871
274378	0.008707620135
274379	0.002045347809
274380	0.003423251676
274381	0.001337164422
274382	0.003234657939
274383	0.005997685291
274384	0.000872346598
274385	0.003664267297
274386	0.002086584297
274387	0.001149223112
274388	0.001287155172
274389	0.002134322227
274390	0.004574627789
274391	0.007170972694
274392	0.002684573726
274393	0.001374870581
274394	0.007858852855
274395	0.007235173204
274396	0.002619191346
274397	0.001919138486
274398	0.003461265484
274399	0.0005954609335
274400	0.004741146293
274401	0.001639299011
274402	0.002249419138
274403	0.001251278091
274404	0.005040643451
274405	0.005179403251
274406	0.0003096256685
274407	0.007243090697
274408	0.001960003863
274409	0.0008986061776
274410	0.005781372728
274411	0.00570979041
274412	0.007534654754
274413	0.0001859552205
274414	0.0004135436461
274415	0.0005085192876
274416	0.003736576627
274417	0.0004427897168
274418	0.003660865545
274419	0.002984272155
274420	0.00287837435
274421	0.001197176763
274422	0.005581282403
274423	0.006667390751
274424	0.003350342582
274425	0.001229446223
274426	0.001484075229
274427	0.001516497063
274428	0.00114431919
274429	9.248237156e-05
274430	0.006711029959
274431	0.002745970011
274432	0.003249219879
274433	0.0004064011799
274434	0.007151228587
274435	0.004443854511
274436	0.007104886612
274437	0.004953593633
274438	0.003891010621
274439	0.005334568545
274440	0.001264879353
274441	0.001049266014
274442	0.009717241542
274443	0.004059453581
274444	0.0003281006273
274445	0.001334169696
274446	0.0005680648363
274447	0.000342705769
274448	0.001665692603
274449	0.003703757894
274450	0.001462646648
274451	0.004982340905
274452	0.004814193899
274453	0.007175081626
274454	0.005076261157
274455	0.001932021367
274456	0.003099482746
274457	0.004342722138
274458	0.0001951943901
274459	0.003924569044
274460	0.0001170042241
274461	0.0001997410637
274462	0.001267957286
274463	0.0009545096453
274464	0.0003212558743
274465	0.003182947469
274466	0.0008370136068
274467	0.001454927818
274468	0.0065612867
274469	0.001670956442
274470	0.0004550614953
274471	0.005736926516
274472	0.002323367188
274473	5.812718488e-05
274474	0.0005825512311
274475	0.0001841006392
274476	0.003029119336
274477	0.006936292648
274478	0.002772402083
274479	0.002758014179
274480	0.0005679137586
274481	0.0006095462972
274482	0.0007048335357
274483	0.0048449523
274484	0.004962961865
274485	0.004403956761
274486	0.002833579618
274487	0.004666771789
274488	0.003485358087
274489	0.002646082897
274490	0.006184233175
274491	0.002613379647
274492	0.0005001252266
274493	0.0009560476222
274494	0.007236337893
274495	0.00937456298
274496	0.0006563742766
274497	0.006603818494
274498	0.002295116989
274499	0.00446291435
274500	0.002876735099
274501	0.002900887027
274502	0.003083284368
274503	0.003068510374
274504	0.01220160202
274505	0.001926895902
274506	0.006730841289
274507	0.0007576214912
274508	0.01202033358
274509	0.005922028293
274510	0.00150288209
274511	0.0003364580758
274512	0.001318323134
274513	0.004191862969
274514	0.0008005633455
274515	0.003180416648
274516	0.003239902303
274517	0.002005680918
274518	0.001600742582
274519	0.0001291251848
274520	0.002175154321
274521	0.002291495402
274522	0.0004721255804
274523	0.003359733683
274524	0.0009035515091
274525	0.006943300835
274526	0.004186159913
274527	0.002796667923
274528	0.007193514523
274529	0.002122145658
274530	0.0002357250315
274531	0.002481367331
274532	0.002623398755
274533	0.008611134591
274534	0.002634570808
274535	0.001863454259
274536	0.0009474069534
274537	0.008097476487
274538	0.002157521144
274539	0.004711521958
274540	0.008720061496
274541	0.002417910625
274542	0.00106135688
274543	0.001691021753
274544	0.01562896264
274545	0.001456634776
274546	0.006750428872
274547	0.00508449631
274548	0.0009089870719
274549	0.005064586723
274550	0.002451383769
274551	0.0008692688292
274552	0.00135475251
274553	0.0008260490267
274554	0.001673800628
274555	0.0008306512276
274556	0.002558685031
274557	0.0001539100329
274558	0.001806590965
274559	0.003515382923
274560	0.002255631235
274561	0.002454045171
274562	0.001925475082
274563	0.0008591495038
274564	0.002554983368
274565	0.00214974293
274566	0.001489081
274567	0.002291386918
274568	0.00537608406
274569	0.002269479354
274570	0.006478711777
274571	0.0002216592279
274572	0.01334076342
274573	0.007809972178
274574	0.007320018532
274575	0.002409309356
274576	0.0002775065527
274577	0.00195680373
274578	3.550727689e-07
274579	9.159693136e-05
274580	0.01047121686
274581	5.016308917e-05
274582	0.007349260158
274583	0.008352739875
274584	0.007447103254
274585	0.009126274803
274586	0.001755542688
274587	0.004176900225
274588	0.004883846346
274589	0.005480692447
274590	0.004813850793
274591	0.002075880797
274592	0.00254968782
274593	0.003938986335
274594	0.007542447334
274595	0.008129897872
274596	0.002115612758
274597	0.00319390753
274598	0.004671389239
274599	0.00266274677
274600	0.001979001824
274601	0.006648216177
274602	0.00127144898
274603	0.005255781722
274604	0.001621648537
274605	0.002569284271
274606	0.001382431634
274607	0.01200012722
274608	0.01153624452
274609	0.004670159049
274610	0.002784054727
274611	0.00805638964
274612	0.004907926352
274613	0.01064792545
274614	0.002268694349
274615	0.007987777175
274616	0.0040760218
274617	0.007040127586
274618	0.007476041267
274619	0.01138791398
274620	0.008282714054
274621	0.002318977248
274622	0.008043315379
274623	0.00211939427
274624	0.008420066117
274625	0.000115511101
274626	0.001629811073
274627	0.004229131808
274628	0.002748096086
274629	0.008572867472
274630	0.001708654851
274631	0.001054836064
274632	0.004228168067
274633	0.001324286111
274634	0.003333085177
274635	0.002914824083
274636	0.005714376401
274637	0.01109521416
274638	0.004953578106
274639	0.002436251084
274640	0.002468821399
274641	0.004237635657
274642	0.003097266383
274643	0.002333577978
274644	0.004725574381
274645	0.001012227486
274646	0.004448549429
274647	0.002421858832
274648	0.0002474964214
274649	0.0001277283299
274650	0.0006995599579
274651	0.004650521343
274652	0.007240225023
274653	0.003797650054
274654	0.00628707901
274655	0.001058898772
274656	0.001934382161
274657	0.001285835754
274658	0.003928577961
274659	0.005163085741
274660	0.007620885219
274661	0.003806135423
274662	0.0006241978344
274663	0.002915247996
274664	0.002589036395
274665	0.003907110035
274666	0.006795713337
274667	0.000759424948
274668	0.00238600056
274669	0.00285743943
274670	0.004030489653
274671	0.004814888306
274672	0.003992107011
274673	0.001241770891
274674	0.001753269114
274675	0.007133080938
274676	0.008341402463
274677	0.00612332386
274678	0.003324290021
274679	0.001133924424
274680	0.00119583425
274681	0.000338454545
274682	0.006904608754
274683	0.0002492940041
274684	0.001631547434
274685	0.001788170122
274686	0.002646546045
274687	0.002731460002
274688	0.004645843052
274689	0.0035196615
274690	0.003867210934
274691	0.004887226536
274692	0.0008009522939
274693	0.003077398177
274694	0.007932095786
274695	0.0007555587747
274696	0.002286873137
274697	0.003075209766
274698	0.002131991868
274699	0.003694438972
274700	0.006246565116
274701	0.001012018423
274702	0.00132215666
274703	0.004042157092
274704	0.0006322099881
274705	0.003302152166
274706	0.0001736636781
274707	0.007351572543
274708	0.0007210744683
274709	0.000156577147
274710	0.004570197137
274711	0.003429975998
274712	0.003450856467
274713	0.0003933743762
274714	0.004551162675
274715	0.01155768482
274716	0.0007564689806
274717	0.002344690239
274718	0.002479793888
274719	0.0006126380505
274720	0.002075236527
274721	0.0009495094895
274722	0.004845518262
274723	0.002081604766
274724	0.004370334497
274725	9.86504718e-05
274726	0.001608827331
274727	0.001911442557
274728	0.002007523062
274729	0.005659533645
274730	0.002580384756
274731	0.007587553432
274732	0.005110027865
274733	0.00522847876
274734	0.001044850106
274735	0.002229899563
274736	0.007928252682
274737	0.0006500884733
274738	0.001919355714
274739	0.003579867846
274740	0.002710551748
274741	0.001390077611
274742	0.004233829182
274743	0.001321439493
274744	0.005135613521
274745	0.0005750099504
274746	0.004711711499
274747	0.002298160782
274748	0.001861548144
274749	0.004802282942
274750	0.007700555633
274751	0.002065604384
274752	0.004147673922
274753	0.0003303856465
274754	0.00107012537
274755	0.001318859101
274756	0.005091717529
274757	0.003509505049
274758	0.004694932508
274759	0.006503828716
274760	0.002873778209
274761	0.0002127232777
274762	0.0005795683562
274763	0.002217438474
274764	0.005803114847
274765	0.001323470485
274766	0.003265602929
274767	0.0005436336397
274768	0.0009626277094
274769	0.008639094053
274770	0.003475972681
274771	0.002265397224
274772	0.002533814616
274773	0.009192472881
274774	0.003617724011
274775	0.001349212715
274776	0.006055630819
274777	0.008509440144
274778	0.000344171469
274779	0.003639134264
274780	0.002118767526
274781	0.002632648343
274782	0.001666719266
274783	0.004155913323
274784	0.007296699324
274785	0.006603038275
274786	0.002344892739
274787	0.01063769447
274788	0.0004142112059
274789	0.0008686064357
274790	0.0007393061733
274791	0.003050469343
274792	0.001170220931
274793	0.002285512771
274794	0.003514140272
274795	0.003525569809
274796	0.00336912713
274797	0.003586950644
274798	0.007412269901
274799	0.004115750563
274800	0.0103943226
274801	0.0001148218057
274802	0.003098495707
274803	0.003660004252
274804	0.0006082905148
274805	0.004091304047
274806	0.003505283456
274807	0.0009476733504
274808	9.163196203e-05
274809	0.0002659442226
274810	0.002161637376
274811	0.001935150152
274812	0.006005737243
274813	0.006970271794
274814	0.005120380812
274815	0.003402423371
274816	0.00518483526
274817	0.005498460835
274818	0.006976071488
274819	0.002598604468
274820	0.005712755048
274821	0.002220038764
274822	0.005441692214
274823	0.0009072871036
274824	0.0006950418659
274825	0.0002370409315
274826	0.001230119506
274827	0.006355538824
274828	0.004312197777
274829	0.004890185581
274830	0.002246677701
274831	0.001611688957
274832	0.002353700339
274833	0.005206142234
274834	0.006231650053
274835	0.00355376367
274836	0.01019432683
274837	0.001892214151
274838	0.001476976447
274839	0.002331777632
274840	0.0001545035885
274841	0
274842	0.005355408723
274843	0.003653984879
274844	0.0006794283787
274845	0.001438459588
274846	0.0008118527299
274847	0.0008805202968
274848	0.003199232204
274849	0.0002367185338
274850	0.00677468085
274851	0.001215528901
274852	0.0006143156312
274853	0.001559175802
274854	0.007781938001
274855	0.0003750693837
274856	0.0005853772547
274857	0.0003263770619
274858	0.009767319737
274859	0.0059954477
274860	0.007241758311
274861	0.001681164877
274862	0.001569932034
274863	0.004461123463
274864	0.00624256285
274865	0.0003897605668
274866	0.007137494302
274867	0.008613801207
274868	0.003457194106
274869	0.002884314641
274870	0.00793236591
274871	0.002610177866
274872	0.002981468132
274873	0.00871720367
274874	0.003984836328
274875	0.005198665092
274876	6.231698389e-05
274877	0.001031252122
274878	0.004043225599
274879	0.00263078107
274880	0.001011572752
274881	0.001897736879
274882	0.008183924884
274883	0.0006292492905
274884	0.002725096973
274885	0.01100732638
274886	0.005263613048
274887	0.005477570703
274888	0.0007777167048
274889	0.0007708595617
274890	0.003412394583
274891	0.0002781842838
274892	0.0003784560707
274893	0.0002920306893
274894	0.003812498097
274895	0.006591012272
274896	0.003443079661
274897	0.003233423847
274898	0.00126142388
274899	0.0022928969
274900	0.009345235853
274901	0.0001999863236
274902	0.00151306065
274903	0.001200609729
274904	0.004573193682
274905	0.0001194158935
274906	0.0005519279183
274907	0.007084766001
274908	0.005594206567
274909	0.002620706004
274910	0.002253470374
274911	0.002297176914
274912	0.0005488691836
274913	0.007606914603
274914	0.003471300228
274915	0.0009275666052
274916	0.003128736017
274917	0.005620961396
274918	0.0004886528039
274919	0.005106196758
274920	0.002067050175
274921	0.003874378559
274922	0.0008571157692
274923	0.00226556656
274924	0.005150557346
274925	0.002828194434
274926	0.003053591916
274927	4.084604345e-06
274928	0.000182527811
274929	0.001269753838
274930	0.003253093194
274931	0.001695762486
274932	0.007681383785
274933	0.004772314506
274934	4.1267932e-05
274935	0.0006377094524
274936	0.004221731298
274937	0.001410606577
274938	0.001970283531
274939	0.0004441832673
274940	0.002452189831
274941	0.004895639462
274942	0.002020601894
274943	0.0001608101595
274944	0.01119707316
274945	0.001815469132
274946	0.0001546666808
274947	0.001564113267
274948	0.002494325033
274949	0.009749871562
274950	0.009936285107
274951	0.003065848318
274952	0.0009359415809
274953	0.002941405152
274954	0.0007457257771
274955	0.001624857942
274956	0.001666104012
274957	0.0004590211427
274958	0.008728053266
274959	0.0009016992344
274960	0.0006216517064
274961	0.0001774115979
274962	0.0008964577096
274963	0.0007027284797
274964	0.0002710635892
274965	0.0007051244776
274966	0.0005286873862
274967	0.0002859918232
274968	0.00465648131
274969	0.0008875709002
274970	0.006260228646
274971	0.006471576742
274972	0.008062494963
274973	0.001280684766
274974	0.004938506489
274975	0.00385924846
274976	0.0010235035
274977	0.004618077272
274978	0.001687533368
274979	0.001202368613
274980	0.00373554584
274981	0.002152386224
274982	0.004647920476
274983	0.003898705606
274984	0.002945474452
274985	0.001908079805
274986	0.002485283355
274987	0.001347229581
274988	0.001393842955
274989	0.000248011545
274990	0.007450845415
274991	0.007373198507
274992	0.002390559023
274993	0.0004425097238
274994	0.0008076087813
274995	0.004819399105
274996	0.008666120014
274997	0.00188176998
274998	0.00585088527
274999	0.003187528082
275000	0.004756096226
275001	0.0001601588993
275002	0.004913292279
275003	0.00781806335
275004	0.0001969330759
275005	0.006589231694
275006	0.00221983022
275007	0.002468768823
275008	0.003585844718
275009	0.00772024697
275010	0.001707349229
275011	0.009535096315
275012	0.006527562905
275013	5.938690617e-05
275014	0.001781018462
275015	0.007593384735
275016	0.007605229075
275017	0.004564718127
275018	0.007924731706
275019	0.0002388328122
275020	1.541952374e-05
275021	0.0007196484976
275022	0.005099005443
275023	0.009181766674
275024	0.0009300493742
275025	0.002878520678
275026	0.003188960826
275027	0.001941361561
275028	0.0002446564187
275029	0.008579708456
275030	0.009963665513
275031	0.007902799771
275032	0.004241067881
275033	0.001870802692
275034	0.001402324137
275035	0.0003595952269
275036	0.0003952274589
275037	0.002737702286
275038	0.0007306411679
275039	0.007789853287
275040	0.005887215693
275041	0.001150666112
275042	0.0015057154
275043	0.005815097459
275044	0.0001123513808
275045	0.0001588886216
275046	0.0007393323916
275047	0.0008328649346
275048	0.007242328123
275049	0.0002802247188
275050	0.0009428035275
275051	0.003005871766
275052	0.004590960362
275053	0.001727111308
275054	0.002478357338
275055	0.0008456859632
275056	0.006960506489
275057	0.004002373762
275058	1.374150934e-05
275059	0.001304567211
275060	0.006826717544
275061	0.003747078323
275062	0.005277061087
275063	0.004098955702
275064	0.005511505503
275065	0.004238536538
275066	0.001345479196
275067	0.0004520555187
275068	0.002767739605
275069	0.001626900179
275070	0.0009577228701
275071	0.004031080851
275072	0.0009090764008
275073	0.001652927682
275074	5.697628e-05
275075	0.0004635082698
275076	0.0009038128351
275077	0.003867126094
275078	0.001070405221
275079	0.01080417689
275080	0.000481642437
275081	0.009542299973
275082	0.01156354131
275083	0.001591981738
275084	0.001999674634
275085	0.006165034335
275086	0.0003952748804
275087	0.004026494694
275088	0.009005865488
275089	0.001880001507
275090	0.001601235027
275091	0.007157472675
275092	0.000672548698
275093	0.002170939221
275094	0.007665520297
275095	0.003945963468
275096	0.005275508912
275097	0.003070029741
275098	0.004046417512
275099	0.0001524636357
275100	0.003075648089
275101	0.005526784655
275102	0.0002178839367
275103	0.002836163951
275104	0.001498659969
275105	0.0001726175606
275106	0.001484467655
275107	0.007780081779
275108	0.001465537827
275109	0.0009770799319
275110	0.001395633534
275111	0.0008528890168
275112	0.001695943325
275113	0.000986192104
275114	0.006784226831
275115	7.400243644e-05
275116	0.002948541256
275117	0.0003875531187
275118	0.003968894073
275119	0.0009382977894
275120	0.0006946009539
275121	0.0004149698388
275122	0.00374422194
275123	0.005777007347
275124	0.006327380554
275125	0.001786857044
275126	0.001280531943
275127	0.0001748857688
275128	0.006364152671
275129	0.0006381968245
275130	0.001080771814
275131	0.006614492217
275132	0.001207575936
275133	0.003189916922
275134	0.001232432819
275135	0.004239146376
275136	0.00854346522
275137	0.0005732127906
275138	0.004864782412
275139	0.001683946464
275140	0.003414997679
275141	0.001465187652
275142	0.003917155807
275143	0.003436017415
275144	0
275145	0.001181163801
275146	0.0007462379284
275147	0.002677817626
275148	0.003314003691
275149	0.0001659583752
275150	0.009429784128
275151	0.00173928498
275152	0.002068125225
275153	0.005799229406
275154	0.000608423569
275155	0.0006984273723
275156	0.003423879033
275157	0.001242019023
275158	0.001445210576
275159	0.000826832132
275160	7.98094352e-05
275161	0.002355917144
275162	0.004407081328
275163	0.004245019053
275164	0.000827526463
275165	0.003023080588
275166	0.004789542173
275167	0.001311778707
275168	0.003048736337
275169	0.0004155916309
275170	0.005191822882
275171	0.001864616028
275172	0.0009255679415
275173	0.01062585087
275174	0.001866364576
275175	0.0003273912039
275176	0.002203639215
275177	0.001161632824
275178	0.003885171594
275179	0.007103254965
275180	0.003406025073
275181	0.002923557714
275182	0.00118377028
275183	0.006571756661
275184	0.007343249768
275185	0.0008475110527
275186	0.002205110156
275187	0.002439538796
275188	0.00258764382
275189	0.002117035244
275190	0.0006044677512
275191	0.00295688531
275192	0.0009659765744
275193	0.00956642656
275194	0.001907439046
275195	0.0005058577739
275196	0.004941134981
275197	0.004470613587
275198	0.002274377757
275199	0.01638393368
275200	0.01043637869
275201	0.002115875654
275202	0.006601467869
275203	0.003590495704
275204	0.005791548448
275205	0.005123992123
275206	0.006425131991
275207	0.00300653157
275208	0.005146751372
275209	0.0002755645684
275210	0.002539136483
275211	0.002465809114
275212	0.0007794026106
275213	0.0005120475933
275214	0.001921138031
275215	0.0001408135293
275216	0.0003631556534
275217	0.001941444283
275218	0.0008324796093
275219	0.003178304428
275220	0.0002671185829
275221	0.002906046266
275222	0.006059490672
275223	0.00360307058
275224	0.003456814603
275225	0.001481682514
275226	0.002416970785
275227	0.002232837988
275228	0.00351792066
275229	0.004508316029
275230	0.001554917748
275231	0.002537617627
275232	0.001424231585
275233	0.005950311073
275234	0.006655405227
275235	0.0003752731111
275236	0.007222228421
275237	0.005408843052
275238	0.0003918957194
275239	0.0086090256
275240	0.00386864704
275241	0.0008181154669
275242	0.001039870009
275243	0.004737451364
275244	0.008601086642
275245	0.006913459775
275246	0.008794228514
275247	0.01627176004
275248	0.001371671595
275249	0.01064052714
275250	0.0004476124609
275251	0.002772234643
275252	0.005778705473
275253	0.001525919919
275254	0.002236330218
275255	0.005341721364
275256	0.0005650809972
275257	0.002724293752
275258	0.002608853311
275259	0.006144369797
275260	0.00888534779
275261	0.002223226467
275262	0.0004487786649
275263	0.004291269551
275264	0.008141486405
275265	0.004302468977
275266	0.008133000922
275267	0.001893806643
275268	0.004162822033
275269	0.008378940723
275270	0.009963174377
275271	0.001937638636
275272	0.0006900054694
275273	0.003945053587
275274	0.006791964916
275275	0.006476366334
275276	0.002272006486
275277	0.01084052139
275278	0.009707106377
275279	0.006192768421
275280	0.005152544606
275281	0.001326058922
275282	0.001860148125
275283	0.001264256591
275284	0.0009700813524
275285	0.003431755391
275286	0.000383084019
275287	0.003232588896
275288	0.006241391969
275289	0.007298216094
275290	0.0006506101942
275291	0.0001239797207
275292	0.0007073905716
275293	0.002552871291
275294	0.0004709397163
275295	0.006273327915
275296	0.001209747059
275297	0.003657273871
275298	0.005463032314
275299	0.004670748311
275300	0.001061547494
275301	0.001456994316
275302	0.000529862266
275303	0.005080289999
275304	0.003687725452
275305	0.006632310334
275306	0.004371985712
275307	0.001413204224
275308	0.00683122688
275309	0.005072681638
275310	0.001681487952
275311	9.607281354e-05
275312	0.000913417336
275313	0.007668380703
275314	0.004029560756
275315	0.001096240633
275316	0.001014519973
275317	0.002192792304
275318	0.006285554168
275319	0.004883550299
275320	0.001671116179
275321	0.001889852822
275322	0.003833443591
275323	0.005226604884
275324	0.0006834940444
275325	0.004367460842
275326	0.0003475811589
275327	0.0027154493
275328	0.002973270815
275329	0.001581406061
275330	0.008179189377
275331	0.0002297462513
275332	0.01059368146
275333	0.0003080488446
275334	0.003070986753
275335	0.000244804059
275336	0.006960170079
275337	0.004472675388
275338	0.00284960841
275339	0.002276719266
275340	0.0002662812245
275341	0.0007446399855
275342	0.001694771404
275343	0.002420051864
275344	0.001568688981
275345	0.0008967720339
275346	0.004681675193
275347	0.00154280747
275348	0.004786102227
275349	0.001267667547
275350	0.00209630435
275351	0.0003498647355
275352	0.003970712161
275353	0.002849701134
275354	0.007261394715
275355	0.00789485189
275356	0.006023643331
275357	0.00908875663
275358	0.006719492379
275359	0.004856923916
275360	0.00291487095
275361	0.002972125392
275362	0.004931135627
275363	0.003964504774
275364	0.0006928784101
275365	0.002866828203
275366	0.01115793739
275367	0.004056702376
275368	0.006387177627
275369	0.00245366106
275370	0.009092144165
275371	0.00749618132
275372	0.005028288693
275373	0.006088180827
275374	0.003255869987
275375	0.00361408926
275376	0.00608089802
275377	0.007287030804
275378	0.007490338344
275379	0.001300858663
275380	0.003213895856
275381	0.002879310062
275382	7.606883334e-05
275383	0.00431493651
275384	0.00325468651
275385	0.001782669844
275386	0.001565099501
275387	0.006754939964
275388	0.00478047748
275389	0.0005582441123
275390	0.005166907227
275391	0.006772359869
275392	0.003199965928
275393	0.002889914788
275394	0.0006944552
275395	0.000297759582
275396	0.009795916314
275397	0.001369444603
275398	0.007250439964
275399	0.003396482843
275400	0.002585571343
275401	0.006127826699
275402	0.002846846694
275403	0.002108016119
275404	0.001200777346
275405	0.001152044328
275406	0.007225215596
275407	0.0003324624679
275408	0.004920776662
275409	0.0007721518841
275410	0.004241418714
275411	0.005729519379
275412	0.005884190397
275413	0.003258143882
275414	0.003248277433
275415	0.003869276468
275416	0.005244487836
275417	0.0002630587783
275418	0.001566160933
275419	0.002936654908
275420	0.003130072349
275421	0.0004347893596
275422	0.0003324625691
275423	0.001407939219
275424	0.00475379298
275425	0.0002421548239
275426	0.004077726184
275427	0.005131426595
275428	0.0008547996749
275429	0.008864324556
275430	0.00153372592
275431	0.009182858756
275432	0.002274846422
275433	0.008882985697
275434	0.006673211726
275435	0.006388979777
275436	0.002090171593
275437	0.006559755548
275438	0.006718437847
275439	0.000905922471
275440	0.01139539058
275441	0.005226525189
275442	0.005433652515
275443	0.0003074949736
275444	0.0007177821315
275445	0.001131767961
275446	0.005378104979
275447	0.0002251718001
275448	0.006076114974
275449	0.01235381539
275450	0.003666909178
275451	0.0008285524841
275452	0.001590503537
275453	0.0003193620967
275454	0.00423288788
275455	0.0002329871555
275456	0.006651151615
275457	0.009645269221
275458	0.003430659843
275459	0.008370494841
275460	0.00373265524
275461	0.00164481496
275462	0.003497900707
275463	0.002096948019
275464	0.003800745787
275465	0.00321422816
275466	1.403449679e-08
275467	0.007477383422
275468	0.0001480084892
275469	0.003343142751
275470	0.005407415014
275471	0.001778943306
275472	0.007899379296
275473	0.004093214286
275474	0.003880230007
275475	0.004727216606
275476	0.002884848633
275477	8.690874427e-05
275478	0.004960297119
275479	0.009824513183
275480	0.003845650673
275481	0.001404218339
275482	0.001509356148
275483	0.001958270093
275484	0.002184936492
275485	0.00333271938
275486	0.0048307022
275487	0.002575676196
275488	7.655381715e-05
275489	0.01080087809
275490	8.777821464e-05
275491	0.002096781842
275492	0.004273695118
275493	0.01292430276
275494	0.008947130584
275495	0.0002302632824
275496	0.002033687296
275497	0.001288091069
275498	0.004540202379
275499	0.001347062603
275500	0.002467357045
275501	0.0002628721324
275502	0.003161940478
275503	0.005424257359
275504	0.0001944005598
275505	0.005480399713
275506	0.007791927203
275507	0.005282800589
275508	0.007760445532
275509	0.005700962168
275510	0.003557564196
275511	0.0001308276949
275512	0.003119776782
275513	0.002939837309
275514	0.002924408577
275515	0.0001848306933
275516	0.001568204975
275517	0.002968965041
275518	0.001312100231
275519	0.004803438188
275520	0.002863731304
275521	0.00336983785
275522	0.003738680132
275523	0.005443274219
275524	0.00589705448
275525	0.007558181041
275526	0.006879257116
275527	0.007412432218
275528	0.005477713179
275529	0.002469354776
275530	0.004875201959
275531	0.005586810896
275532	0.00042620939
275533	0.0007897003312
275534	0.005594838353
275535	0.004442384015
275536	0.0001115993319
275537	0.004216830783
275538	0.00367563538
275539	0.002538885699
275540	0.007655167201
275541	0.004807534964
275542	0.008444893131
275543	0.004427557202
275544	0.002230847379
275545	0.006175089019
275546	0.01156005627
275547	0.002195573654
275548	0.007276517611
275549	0.01063574304
275550	0.003619132299
275551	0.008373204017
275552	0.0008110651093
275553	0.006500431655
275554	0.001423371239
275555	0.00468690274
275556	0.00421987267
275557	0.0002244483312
275558	0.0008821604991
275559	2.903504491e-05
275560	0.005159588291
275561	0.0007065491469
275562	0.0009035996938
275563	0.002503167762
275564	0.00815216386
275565	0.00463816542
275566	0.001007192536
275567	0.004715580652
275568	0.001433284649
275569	5.868330272e-05
275570	0.004429525762
275571	0.0003374204708
275572	0.005867388709
275573	0.009926483375
275574	0.009682896924
275575	0.002037826171
275576	0.000436065421
275577	0.00753878859
275578	0.004401368205
275579	0.003332879957
275580	0.001886494712
275581	0.005479621683
275582	0.0008145841542
275583	0.00257991416
275584	0.002161029544
275585	0.003344782124
275586	0.0009507645489
275587	1.751472714e-05
275588	0.003346292094
275589	0.002807307832
275590	0.006832771363
275591	0.005990271024
275592	0.006219028783
275593	0.001186403998
275594	0.001069147062
275595	0.001191695053
275596	0.002752895068
275597	0.005329759692
275598	0.002585153462
275599	0.006515797875
275600	0.003164616824
275601	0.002551499367
275602	0.003973053589
275603	0.0009409701507
275604	0.002756002063
275605	0.0002215904275
275606	0.002542930039
275607	0.004527549332
275608	0.004169852057
275609	0.003605519907
275610	0.002118028537
275611	0.004048932886
275612	0.002131441156
275613	0.003574791939
275614	0.003899791163
275615	7.863036232e-05
275616	0.003476247684
275617	0.009775546999
275618	0.007247520498
275619	0.006076384006
275620	0.004147566674
275621	0.002613046594
275622	0.001075674358
275623	0.00481086597
275624	0.008049990533
275625	0.003772840626
275626	0.006918743408
275627	0.001658616528
275628	8.696323284e-05
275629	0.001684217039
275630	0.000293076219
275631	0.002382679516
275632	0.005974987539
275633	0.001099207754
275634	0.003489769087
275635	0.001744248174
275636	0.0003748928329
275637	0.001709851355
275638	5.253449113e-05
275639	0.0001611139878
275640	0.002414347279
275641	0.0009872804393
275642	0.005084124533
275643	0.003541878604
275644	0.002802050938
275645	0.003014938211
275646	0.0004879425948
275647	0.001279505341
275648	0.00302209619
275649	0.0003640638979
275650	0.002544625274
275651	0.002800259662
275652	0.002141555225
275653	0.004564215922
275654	0.001032520449
275655	0.003534859952
275656	0.001644702689
275657	0.002981733922
275658	0.002866787323
275659	0.0002476546062
275660	0.00125825935
275661	0.003473711458
275662	0.0003514590797
275663	0.009418353581
275664	0.004914564027
275665	0.003983320421
275666	0.007452578177
275667	0.002055145604
275668	0.004734207362
275669	0.0007476602314
275670	0.002932463571
275671	0.001403649063
275672	0.00044952774
275673	0.002176815892
275674	0.00100562044
275675	0.001000481689
275676	0.003086166687
275677	0.001261865553
275678	0.007788372494
275679	0.001507142777
275680	0.001213337934
275681	0.001024485322
275682	0.001600138178
275683	0.0004524939106
275684	0.001594307985
275685	0.001934662095
275686	0.002258558673
275687	0.001505355831
275688	0.005391822124
275689	0.006816748588
275690	0.003738876218
275691	0.006046087999
275692	0.002358684621
275693	0.003689736288
275694	0.006306653116
275695	0.003990424489
275696	0.001162380814
275697	0.004006728616
275698	0.00340606641
275699	0.0009669985136
275700	0.002409736484
275701	0.00406787658
275702	0.002574699022
275703	0.004792390697
275704	0.00660167067
275705	0.007560700517
275706	0.0014872012
275707	0.00221017561
275708	0.006444444686
275709	0.002600469023
275710	0.004967801984
275711	0.002110907329
275712	0.0008631968842
275713	0.007625357599
275714	0.000243318214
275715	0.001175246527
275716	0.003452072648
275717	0.004044468694
275718	0.0004249101882
275719	0.001312131537
275720	0.006129799488
275721	0.003268605673
275722	0.00068765633
275723	0.004737529977
275724	0.004581927716
275725	0.006855933024
275726	0.001137272107
275727	0.002251659548
275728	0.008400946514
275729	0.005828916922
275730	3.889590229e-05
275731	0.0002989014197
275732	0.001936651827
275733	0.00702665087
275734	0.004319801176
275735	0.003556938924
275736	0.004025046954
275737	0.004986831254
275738	0.001831712422
275739	0.001383679698
275740	0.002039338812
275741	0.005426439024
275742	0.008600048301
275743	0.0008737205425
275744	0.004250530286
275745	0.002525363491
275746	0.003587278684
275747	0.002216947929
275748	0.004198709584
275749	0.01007695558
275750	0.002060053832
275751	0.005486494359
275752	0.001645606378
275753	0.0003869708175
275754	0.00894775139
275755	0.01325535615
275756	0.001169304582
275757	0.004655114606
275758	0.001332569573
275759	0.002695933409
275760	0.001415491027
275761	0.002758953223
275762	0.00385323615
275763	0.003858335045
275764	0.002393574639
275765	0.004306358418
275766	0.001216065726
275767	0.001456531641
275768	0.0008820429844
275769	0.005352846156
275770	0.0005226176949
275771	0.002019036378
275772	0.001692662826
275773	0.0003970696982
275774	0.0008409970153
275775	0.0002590427026
275776	0.008925596716
275777	0.005004408379
275778	0.001263764848
275779	0.004847165738
275780	0.004254328215
275781	0.0004935805196
275782	0.005136293315
275783	0.003918448774
275784	0.0007704937412
275785	0.008577323106
275786	0.0001809988045
275787	0.004373762915
275788	0.003813267137
275789	0.001607672483
275790	0.002940270892
275791	0.006160410018
275792	0.002561199545
275793	0.003037543105
275794	0.001187332271
275795	0.003048374309
275796	0.001852649099
275797	0.001574266
275798	0.006214238006
275799	0.005550277365
275800	0.004113441359
275801	0.0004008968662
275802	0.003189134915
275803	0.008743385767
275804	0.006390270774
275805	0.001887592836
275806	2.084286369e-05
275807	4.273761252e-05
275808	0.0001854335724
275809	0.0008541685409
275810	0.00216502025
275811	0.001619065938
275812	0.001370890826
275813	0.003282415585
275814	0.002760739272
275815	0.004528526015
275816	0.0004471688912
275817	0.005358353219
275818	0.002405670391
275819	0.0001742216658
275820	0.001897925087
275821	0.004184535634
275822	0.003880900932
275823	0.000757494098
275824	0.00536836941
275825	0.008163720191
275826	0.007276698171
275827	0.001695471503
275828	0.004403224791
275829	0.0003822744673
275830	0.004575991234
275831	0.002431537532
275832	0.001420767524
275833	0.004221719345
275834	0.002461004349
275835	0.001111005147
275836	0.0006091542698
275837	0.002817555952
275838	0.0009252861857
275839	0.001747594948
275840	0.004280160496
275841	0.0002043100962
275842	0.00189095854
275843	0.000453631236
275844	0.0007779541225
275845	0.002095716511
275846	0.0004428027525
275847	0.002755574753
275848	7.601541885e-05
275849	0.0001065633883
275850	0.001270239007
275851	0.002290226495
275852	9.555717393e-05
275853	0.001966773371
275854	0.001771266449
275855	6.005035475e-05
275856	0.001008859039
275857	0.001934410198
275858	0.003982628493
275859	0.00117725187
275860	0.0006486985544
275861	0.002859912892
275862	0.00426125361
275863	0.001085369825
275864	0.004354453674
275865	0.007332122086
275866	0.002184810068
275867	0.002715760834
275868	0.002249574744
275869	0.003687701898
275870	0.003084734422
275871	0.0005505464583
275872	0.006322896438
275873	0.001180399466
275874	9.383260379e-05
275875	0.007577612223
275876	0.01105550856
275877	0.00949314594
275878	0.00670628954
275879	0.0009115276839
275880	0.01044519143
275881	0.009420844549
275882	0.0009157374827
275883	0.003963830993
275884	0.009340824187
275885	0.003297712595
275886	0.007230003664
275887	0.01180848266
275888	0.002377977693
275889	0.0001625219659
275890	0.003036553043
275891	0.003505561413
275892	0.004870003526
275893	0.000293743786
275894	0.001445103403
275895	0.0002559303283
275896	0.001976229863
275897	0.001953180458
275898	0.0002899544713
275899	0.0009451949904
275900	0.003072567614
275901	0.004353883967
275902	0.002636989115
275903	0.005443891799
275904	0.004088518208
275905	0.00232835724
275906	0.006302976737
275907	0.001616640193
275908	0.002932357172
275909	0
275910	0.002269908113
275911	0.004416653839
275912	0.003289700557
275913	0.004807199006
275914	0.0008275319936
275915	0.001014476576
275916	0.001573707848
275917	0.001344084986
275918	0.006810624621
275919	0.004859980747
275920	0.0006550775971
275921	0.0006744511781
275922	0.002084133503
275923	0.001511604475
275924	0.003177057626
275925	0.002370884739
275926	0.003561931142
275927	0.0005512202516
275928	0.002033043944
275929	0.001492662251
275930	0.0006688128141
275931	0.0007645098327
275932	0.006311064074
275933	0.0002497331113
275934	0.002256956437
275935	0.002146728981
275936	0.0003482612657
275937	0.002124892329
275938	0.001322019481
275939	0.003170552728
275940	0.006751227712
275941	0.003567764846
275942	0.002147555736
275943	0.004213443326
275944	0.006004597643
275945	0.002147339225
275946	0.00104096302
275947	0.00349783674
275948	0.0009592569818
275949	0.001777301008
275950	0.004352398456
275951	0.004042027534
275952	0.001994072063
275953	0.002865191743
275954	0.0008912583324
275955	0.002264793179
275956	0.0001357157412
275957	0.007594217478
275958	0.004914538111
275959	0.002108709976
275960	0.0001729053231
275961	0.005318155361
275962	0.001002506176
275963	0.001399407637
275964	0.002343303916
275965	0.0007831422293
275966	0.002016198515
275967	0.001245172444
275968	0.0004759736901
275969	0.0001107944622
275970	0.001105762334
275971	0.002595043595
275972	0.006845683422
275973	0.003074070758
275974	0.002559879076
275975	0.003587623842
275976	0.006333923036
275977	0.003810590184
275978	0.002465923726
275979	0.0002309068964
275980	0.006304244553
275981	0.001405499852
275982	0.006524407393
275983	0.004629918167
275984	0.003598507198
275985	0.001719714743
275986	0.0004123311713
275987	0.005023008298
275988	0.0004749812585
275989	0.001446344846
275990	0.004645273521
275991	0.002295885798
275992	0.005039948632
275993	0.00666414514
275994	0.0006473227125
275995	0.003641463579
275996	0.00488721899
275997	0.003737202682
275998	0.00198162647
275999	0.001060866801
276000	0.0002744505698
276001	0.002150263768
276002	0.004813528024
276003	0.0005045078655
276004	0.001470178492
276005	0.002395116828
276006	0.005622797456
276007	0.0005048106715
276008	0.001657044553
276009	0.002475668034
276010	0.003781207368
276011	0.0008891941886
276012	0.007343900208
276013	0.01189048901
276014	0.003160962311
276015	0.001082281467
276016	0.001659673556
276017	0.003641249186
276018	0.003132196801
276019	0.001542283372
276020	0.002937102981
276021	0.001149062742
276022	0.0001243412031
276023	0.000136469298
276024	0.006092951885
276025	0.0008934009585
276026	0.0007113400523
276027	0.004264633849
276028	0.003891004215
276029	0.001953704137
276030	0.000217816164
276031	0.001530439353
276032	0.00408459976
276033	0.002668450462
276034	0.004944747069
276035	0.004506815959
276036	0.004324475918
276037	0.00587787242
276038	0.003099526804
276039	0.001454790333
276040	0.002334523884
276041	0.004913129555
276042	0.002720049256
276043	0.005210326941
276044	0.003864896071
276045	0.005507898099
276046	0.0003760527162
276047	0.002798533187
276048	0.0006561411335
276049	0.002746916694
276050	0.003881106145
276051	4.607885137e-05
276052	8.169017353e-08
276053	0.001774492433
276054	0.001018433902
276055	0.001077411505
276056	0.0002931139652
276057	0.0002800990225
276058	0.00166478641
276059	0.001714157328
276060	0.002106028403
276061	0.0002042180706
276062	0.00541363351
276063	0.001791214751
276064	0.0003613048319
276065	0.002569294829
276066	0.006090767795
276067	0.0003754533963
276068	0.0005090074695
276069	0.0008068361762
276070	0.006179236408
276071	0.0008105862334
276072	0.003235964395
276073	0.003276518199
276074	3.205109735e-06
276075	0.008677337371
276076	0.0008311971222
276077	0.002047432884
276078	0.0008257531259
276079	0.003862093343
276080	0.0005415024429
276081	0.004927481571
276082	0.003597764917
276083	0.002733767186
276084	0.0008757928812
276085	0.003288266152
276086	0.004821340048
276087	0.004177986847
276088	0.009717485028
276089	0.004031660763
276090	0.004830067883
276091	0.001201133179
276092	0.00767740723
276093	0.0004176336819
276094	0.000292417746
276095	8.870823753e-05
276096	0.004486045592
276097	0.005249848045
276098	0.009241944057
276099	0.001766208537
276100	0.002497157604
276101	0.005180045513
276102	0.001759738687
276103	0.0007557197232
276104	0.003789248185
276105	0.01060059455
276106	0.0008726781759
276107	0.007824233772
276108	0.002242467247
276109	0.003043036462
276110	0.0009225099262
276111	2.095167267e-05
276112	0.005874419056
276113	0.0004248769118
276114	0.002206251241
276115	0.006182461036
276116	0.006088772587
276117	0.0009204743825
276118	0.006140371052
276119	0.006921064203
276120	0.004638592549
276121	0.0006837495328
276122	0.0005857119656
276123	0.003276624693
276124	0.001092087101
276125	0.008709652706
276126	0.002189971744
276127	0.0008877489712
276128	0.003689570651
276129	0.002700680941
276130	0.0001791531173
276131	0.0002963294631
276132	0.007538598806
276133	0.003473793137
276134	0.007879713849
276135	0.002347445835
276136	0.005534555294
276137	0.0008880127902
276138	0.003485756444
276139	0.00235014417
276140	0.0004494194568
276141	0.0009105412807
276142	0.008455764145
276143	0.01060289313
276144	0.001343359823
276145	0.002313744257
276146	0.007148730233
276147	0.004439925685
276148	0.0020940718
276149	0.002762654852
276150	0.001261576049
276151	0.000316176689
276152	0.001919120428
276153	0.0002981285249
276154	0.0004658545642
276155	0.001998767218
276156	4.417837559e-05
276157	0.002873087199
276158	0.0004478694026
276159	0.0008009558199
276160	0.006596112935
276161	0.001048011752
276162	0.002784186116
276163	0.002531746548
276164	0.004538924664
276165	0.0003568807562
276166	0.003730151283
276167	0.004361200606
276168	0.0001885055782
276169	0.004909903104
276170	0.00123579444
276171	0.002264833233
276172	0.005214695529
276173	0.003092172179
276174	0.00330479108
276175	0.001624546832
276176	0.0004082745108
276177	0.004146554301
276178	0.006894186147
276179	0.00166672157
276180	0.001303955598
276181	0.004310230003
276182	0.0009796105981
276183	0.001158378057
276184	0.01102534867
276185	0.002723733129
276186	0.00483269143
276187	0.004584194025
276188	0.003146430712
276189	0.001891419721
276190	0.002197524975
276191	0.004094286048
276192	0.009541686223
276193	0.0002673175638
276194	0.003696133188
276195	0.005668647875
276196	0.002893427594
276197	0.003308418766
276198	0.0003162746168
276199	0.00333296147
276200	0.002153765025
276201	0.004296919581
276202	0.002145387677
276203	0.001926094766
276204	0.008035771477
276205	0.00264237341
276206	0.003414483684
276207	0.004465010133
276208	0.00997574347
276209	0.003173563872
276210	0.002615010048
276211	0.001963971474
276212	0.005860241491
276213	0.001899743483
276214	4.448784147e-05
276215	0.007392844755
276216	0.005329618317
276217	0.001601235062
276218	0.0006304329769
276219	0.002982149728
276220	0.007418435509
276221	0.0007382253919
276222	0.0004465801652
276223	0.003602064224
276224	0.003975821459
276225	0.003308927703
276226	0.000531185407
276227	0.00154341182
276228	0.001302212707
276229	0.00182965835
276230	0.001662285354
276231	0.0008152563489
276232	0.0006233152151
276233	9.439479885e-05
276234	0.0005779876743
276235	0.00103853621
276236	0.004957818041
276237	0.001082753239
276238	0.001491408707
276239	0.002905104019
276240	0.0007908774137
276241	0.001310192337
276242	1.705581207e-08
276243	0.00436739042
276244	0.0004676564152
276245	0.001327711381
276246	0.002575157365
276247	0.0003451031303
276248	0.002934519025
276249	0.001409279603
276250	0.002350433443
276251	0.001716917866
276252	0.0007824962854
276253	0.001948529235
276254	0.0004651151602
276255	0.0009144091425
276256	0.001723265252
276257	0.001883967265
276258	0.000627479164
276259	0.004408721248
276260	0.005012323115
276261	0.005652127686
276262	0.0009946817063
276263	0.004235899761
276264	0.001198873366
276265	0.007884795822
276266	0.0003966800573
276267	0.003730545442
276268	0.003407906618
276269	0.002823177034
276270	0.00550603876
276271	0.005045259093
276272	0.001911154702
276273	0.003634144602
276274	0.0003821920852
276275	0.001338085527
276276	0.002359394382
276277	0.005289384435
276278	0.0001072304144
276279	0.001793482475
276280	0.0004505996774
276281	0.005083580965
276282	0.00327861652
276283	0.00901273282
276284	0.005377280607
276285	0.000265430388
276286	0.001810097358
276287	0.00207119313
276288	0.00222588237
276289	0.003319041504
276290	0.002190492555
276291	0.004185443259
276292	0.001210763187
276293	0.001617841882
276294	0.006981135056
276295	0.005761494302
276296	0.00348557959
276297	0.0007698947198
276298	0.00208346396
276299	0
276300	0.005105706773
276301	0.004427303665
276302	0.002607079295
276303	0.003175171137
276304	0.002485823688
276305	0.0008538196174
276306	0.0007743482195
276307	0.0002842452158
276308	0.0001470037767
276309	0.006947993735
276310	4.004259758e-05
276311	0.001719277854
276312	0.0008156305199
276313	0.0005680878748
276314	0.0009034097506
276315	0.005679377298
276316	0.003915979799
276317	0.00283420999
276318	0.003886141762
276319	0.003915296498
276320	0.00251877742
276321	0.0005270849543
276322	0.006437362439
276323	0.0002041659888
276324	0.001472131946
276325	0.002326764879
276326	0.004940258819
276327	0.0009451051747
276328	0.002303385346
276329	0.0003733511769
276330	0.0006427286148
276331	0.00101250817
276332	0.006408283806
276333	0.004445352261
276334	0.0006566561489
276335	0.007303393213
276336	0.004863319164
276337	8.544894534e-05
276338	0.003049649838
276339	0.0003707981943
276340	0.0003115680491
276341	0.006164634696
276342	0.003508189142
276343	0.004574205259
276344	0.001494400987
276345	0.00178307364
276346	0.00176805592
276347	0.005037548324
276348	0.0001035180204
276349	0.006620745454
276350	0.006644647275
276351	0.004315513502
276352	0.004436930617
276353	0.0003561837192
276354	0.004288945609
276355	0.001956028035
276356	0.0001711972429
276357	0.0005609674189
276358	0.001980519622
276359	0.01180963945
276360	0.001630074227
276361	0.001251089135
276362	0.002610155557
276363	0.002308800695
276364	0.00547934435
276365	0.001648440361
276366	0.006141040376
276367	0.001067219367
276368	0.003041551668
276369	0.004592163652
276370	0.001262724121
276371	1.433607828e-05
276372	0.00425199282
276373	0.009853282843
276374	0.000701901774
276375	0.0002638785242
276376	0.003945671649
276377	0.001935338766
276378	0.005660880815
276379	0.0006271765643
276380	0.007034063017
276381	7.909452473e-05
276382	0.004906481166
276383	0.002429952164
276384	0.0005275024291
276385	0.0002622069189
276386	0.003406810446
276387	0.004942837363
276388	0.001569613429
276389	0.001284929048
276390	0.004940241138
276391	0.0007155079256
276392	0.002718763451
276393	0.005025753853
276394	0.001610659842
276395	0.005487036307
276396	0.002091062087
276397	0.004061174689
276398	0.000433289451
276399	0.004607168391
276400	0.002489653241
276401	0.001296231673
276402	0.0006546823031
276403	0.003868810086
276404	0.002713705578
276405	0.002517338711
276406	0.003252403076
276407	0.004197132095
276408	0.005188307289
276409	0.002265444562
276410	0.0008130263978
276411	0.002836588946
276412	0.001725120291
276413	0.001874180122
276414	0.0008243346288
276415	0.0006617619283
276416	0.002761681807
276417	0.002182336377
276418	0.0007194355786
276419	0.001759406619
276420	0.002863348365
276421	0.002879246512
276422	0.0008826891908
276423	0.00487904376
276424	0.000548644763
276425	0.002477340128
276426	0.004187444369
276427	0.003312231669
276428	0.004873501659
276429	0.006517003362
276430	0.006517050702
276431	0.001686504463
276432	0.00034121036
276433	0.004716501939
276434	0.00397276145
276435	0.01106820227
276436	0.004781160147
276437	0.00423135193
276438	0.001164166722
276439	0.004430841346
276440	0.001865154962
276441	0.006379151646
276442	0.003533122217
276443	0.00440124349
276444	0.002667598421
276445	0.001022274107
276446	0.004252084847
276447	0.0003257665167
276448	0.00512561937
276449	0.009492360212
276450	0.0005814821722
276451	0.002797334203
276452	0.00471697518
276453	0.001273925113
276454	6.215858653e-05
276455	0.001650226258
276456	0.001409355371
276457	0.005539887899
276458	0.003087825765
276459	0.002857023713
276460	0.004822709289
276461	0.006395411062
276462	0.009978267045
276463	0.002966688288
276464	0.0001019445912
276465	0.0009764282089
276466	0.002954912041
276467	0.003590431741
276468	0.001028827764
276469	0.0003253585389
276470	0.001322498337
276471	0.005855166293
276472	0.00323066123
276473	0.00723079977
276474	0.004770371243
276475	0.003037787286
276476	0.0001747843086
276477	0.001837119429
276478	0.002619879659
276479	0.0004405969551
276480	0.001034011742
276481	0.0006583943721
276482	0.003040389783
276483	0.005799543882
276484	0.008957445906
276485	0.001456707244
276486	0.00880892851
276487	0.008084504443
276488	0.0009473454241
276489	6.943600003e-08
276490	0.008950590646
276491	0.009392650321
276492	0.004166290931
276493	0.0003768856523
276494	0.004558920434
276495	0.003485813958
276496	0.0009771393614
276497	0.004118800738
276498	0.001397426438
276499	0.0006520389455
276500	0.0022662982
276501	0.001952204093
276502	0.001465043777
276503	0.00172356344
276504	0.001141227341
276505	0.0004426804241
276506	0.003445745837
276507	0.0007944860648
276508	0.002388615862
276509	0.0008549405863
276510	0.0009236726928
276511	0.002629350806
276512	0.0002479835984
276513	0.00206079294
276514	0.002047185318
276515	0.0004081527478
276516	0.0004911069375
276517	0.005413673244
276518	0.002452910521
276519	0.001233811914
276520	0.0009859762682
276521	0.004012264192
276522	0.002456564503
276523	0.001457235385
276524	0.003460877139
276525	0.0008777561022
276526	0.002339761131
276527	0.0004527122082
276528	0.0007131731563
276529	0.001828660739
276530	0.01210215712
276531	0.006633623849
276532	0.008293735525
276533	0.004368551449
276534	0.003060892846
276535	0.001716999083
276536	0.004559105879
276537	0.006647888706
276538	0.003766901582
276539	0.0006231390674
276540	0.006446525653
276541	0.00450591732
276542	0.00329445695
276543	0.001185581427
276544	0.0059395255
276545	0.0007485358613
276546	0.001318573712
276547	0.001241903983
276548	0.0006816419429
276549	7.17621248e-05
276550	3.119869515e-05
276551	0.001150030315
276552	0.002060841154
276553	0.001763343009
276554	0.002505333633
276555	0.0013331222
276556	0.002311897364
276557	0.001075931323
276558	0.005645322312
276559	0.005136981538
276560	0.00271266422
276561	0.003647217431
276562	0.004979430819
276563	0.002554501865
276564	0.001406657943
276565	0.001844937083
276566	0.0004932153613
276567	0.002014644006
276568	0.007687686425
276569	0.002153231676
276570	0.007381635203
276571	0.000699854945
276572	0.00189768765
276573	0.003859274418
276574	0.001715120085
276575	0.004850306638
276576	0.0007295297233
276577	0.0003088187822
276578	0.001573543646
276579	0.001574952351
276580	0.003031318681
276581	0.0007537967001
276582	0.001897524006
276583	0.002224256488
276584	0.00332271726
276585	0.005221919212
276586	0.001448326122
276587	0.01295626333
276588	0.00131499346
276589	0.006589554169
276590	5.491356572e-05
276591	0.003437652885
276592	0.002794985508
276593	0.0006374308061
276594	0.007082665301
276595	0.003241959143
276596	0.002867519658
276597	0.01277685012
276598	0.00743171255
276599	0.006111617559
276600	0.001110608162
276601	0.0003128874797
276602	0.0009720064848
276603	0.001023201231
276604	0.005459306943
276605	0.001557815606
276606	0.004928192834
276607	0.005356364827
276608	0.003501296989
276609	0.006038275332
276610	0.009017807832
276611	0.00221291564
276612	0.003536560983
276613	0.003995102054
276614	0.001072065968
276615	0.0001748755076
276616	0.00496578905
276617	0.00214274932
276618	0.0006311451677
276619	1.643147924e-06
276620	0.004332576849
276621	0.004417500271
276622	0.0045940083
276623	0.0001557658728
276624	0.003970899164
276625	0.003352280475
276626	0.002976969715
276627	0.000474072387
276628	0.001096706331
276629	0.0006770089994
276630	0.002603068881
276631	0.006689564483
276632	0.0009645634306
276633	0.003502259162
276634	0.006892643469
276635	0.007988448631
276636	0.002302986052
276637	0.009307501014
276638	0.001613820895
276639	0.0001460241242
276640	0.008407493678
276641	0.004217536292
276642	0.008757968385
276643	0.01119373161
276644	0.00950754749
276645	0.005327389204
276646	0.0005562328748
276647	0.0004111906258
276648	0.005080465742
276649	0.003114564271
276650	0.0009389885578
276651	0.00756530254
276652	0.001745747364
276653	0.001566107846
276654	1.246077775e-05
276655	0.003484583177
276656	0.002673443061
276657	0.001455947469
276658	0.003839854692
276659	0.006622758471
276660	0.002752441105
276661	0.004157906423
276662	0.003829204789
276663	0.002096536277
276664	0.002542279959
276665	0.0005363626633
276666	0.005772860206
276667	0.005579663124
276668	7.769805914e-05
276669	0.001737375614
276670	0.00788180858
276671	0.002144145029
276672	0.003752312052
276673	0.00434312621
276674	0.001941025995
276675	0.004436834172
276676	0.004714355248
276677	0.004201756434
276678	0.004117172079
276679	0.001397543344
276680	0.001435186099
276681	0.00506450515
276682	0.002012760253
276683	0.005571433858
276684	0.0006887858272
276685	0.0006566267183
276686	0.0008980222009
276687	0.002964147752
276688	0.0004010543134
276689	0.00542360312
276690	0.008493189484
276691	0.001142622268
276692	0.00603490529
276693	0.004046800479
276694	0.002242506196
276695	0.002201138236
276696	0.009825279589
276697	0.00121508652
276698	0.0003040709046
276699	7.533557803e-05
276700	0.00376664036
276701	0.001000647232
276702	0.001603441773
276703	0.004342517871
276704	0.003388852607
276705	0.0002836072316
276706	0.0008067553084
276707	0.001638139878
276708	0.004618393806
276709	0.001834891695
276710	0.0005371296867
276711	0.002563884903
276712	0.006238406019
276713	0.0005028049837
276714	3.152254762e-05
276715	0.0006689438759
276716	0.00504104921
276717	0.001777082013
276718	0.0005371279724
276719	0.003902309808
276720	0.002036356798
276721	0.001441860819
276722	0.006257933697
276723	0.000401948143
276724	0.01083469328
276725	0.0002113955303
276726	0.000881371521
276727	0.006412400773
276728	0.004374155602
276729	0.002994204633
276730	0.0003438986528
276731	0.004805719609
276732	0.001665995293
276733	0.001298445713
276734	0.001725444694
276735	0.002133982064
276736	0.001154724752
276737	0.002121175481
276738	0.001555730272
276739	0.002979179324
276740	0.0002400784757
276741	0.003406602048
276742	0.00189118793
276743	0.00282785157
276744	0.004030353611
276745	0.004421944809
276746	0.001647878333
276747	0.0003899137716
276748	0.0006726791147
276749	0.0001024847188
276750	0.0004000454141
276751	0.004660205374
276752	0.002980319672
276753	0
276754	0.001886067137
276755	0.003834083131
276756	0.002836757705
276757	0.007847593094
276758	0.0002642453192
276759	1.512225406e-05
276760	0.0005986559683
276761	0.00820148989
276762	0.007490143228
276763	0.00255866297
276764	0.003615499427
276765	0.001516185402
276766	0.005026386543
276767	0.001384523563
276768	0.002702783639
276769	0.002824039325
276770	9.804558477e-05
276771	0.0001160709151
276772	0.00119483228
276773	0.001478500578
276774	0.003970966787
276775	0.001018942383
276776	3.482286397e-05
276777	0.003359908576
276778	0.0007550512892
276779	0.000584268638
276780	0.0007268123912
276781	0.002956721148
276782	0.003368503111
276783	0.008815672208
276784	0.007203325283
276785	0.0001863865553
276786	0.007431604256
276787	0.003653280257
276788	0.000474870987
276789	1.005298747e-07
276790	0.003377426603
276791	0.002343353041
276792	0.006312170632
276793	0.003724246056
276794	0.0001128803421
276795	0.001934685432
276796	0.002246218068
276797	0.007102128837
276798	0.0141161914
276799	0.002549763286
276800	0.0003275644217
276801	0.003991956153
276802	0.002465877152
276803	0.002383568293
276804	0.001881736263
276805	0.001479395819
276806	0.002637850313
276807	0.01030904129
276808	0.008531413649
276809	0.009122151307
276810	0.002890749992
276811	0.002417810099
276812	0.009051977647
276813	0.002587146172
276814	0.0002815262928
276815	0.001506769603
276816	0.00149156433
276817	0.008890769005
276818	0.000528409208
276819	0.008231433248
276820	0.001819977494
276821	0.002800581283
276822	0.004421518291
276823	0.008443334987
276824	0.003042432559
276825	0.003439156871
276826	0.0005196774951
276827	0.003277310864
276828	0.003249603142
276829	0.0004051683043
276830	0.004726645734
276831	0.0007424299224
276832	0.001182446636
276833	0.001218867772
276834	0.004163894375
276835	0.0001049433288
276836	0.001403230446
276837	0.000346337701
276838	0.003845548027
276839	0.003544298809
276840	0.001055414921
276841	4.746670629e-05
276842	0.002213721331
276843	0.001631008144
276844	0.002985212071
276845	0.002972660088
276846	0.003177705153
276847	0.00121699571
276848	0.008630188829
276849	0.0008887275014
276850	0.002972279634
276851	0.008248923226
276852	0.006717311951
276853	0.00371115541
276854	0.001328225188
276855	0.002687119445
276856	0.001237340837
276857	0.004203143903
276858	0.001522229578
276859	0.002154317619
276860	0.004241702587
276861	0.003172190861
276862	0.0006346833319
276863	0.0006837654957
276864	0.001795336567
276865	0.002349121747
276866	0.004464740194
276867	0.000606691998
276868	0.001721166436
276869	0.009479622941
276870	0.0006896866845
276871	0.0001212903793
276872	0.009262354239
276873	0.0002070895447
276874	0.001013855076
276875	0.0005659111398
276876	0.002423709416
276877	0.0008406393855
276878	0.002426971853
276879	0.001651638344
276880	0.001286709782
276881	0.002752276166
276882	0.003939936541
276883	0.001990052615
276884	0.00806286086
276885	0.002006828925
276886	0.002241247912
276887	0.0004302378381
276888	0.009267702411
276889	0.0004607441235
276890	0.003765995951
276891	0.0003141581385
276892	0.005413845598
276893	0.001509866818
276894	0.004583995671
276895	0.0019140902
276896	0.0001148586185
276897	0.002202313902
276898	0.002822754583
276899	0.001752882804
276900	0.005232974598
276901	0.003682525813
276902	0.0002561093887
276903	0.002321080004
276904	0.002910467387
276905	0.0002926627683
276906	0.001901134638
276907	0.0009601781326
276908	0.01158319357
276909	0.00426386375
276910	0.002364351267
276911	0.006515243338
276912	0.0006162375963
276913	0.0006397443793
276914	0.00219841146
276915	5.71367437e-05
276916	0.005973069683
276917	0.005596196864
276918	0.001807442844
276919	0.003079215975
276920	0.001689006423
276921	0.00552193184
276922	0.003726903783
276923	0.0007948008287
276924	0.0003314724513
276925	0.00764493151
276926	0.00420817365
276927	3.8617527e-05
276928	0.001565978385
276929	0.00115060064
276930	0.0001494107505
276931	0.001759907147
276932	0.002843732389
276933	0.003688168995
276934	0.0009251664935
276935	0.001018730232
276936	0.00694501379
276937	0.005559688512
276938	0.002274131738
276939	0.01189943758
276940	0.0004876206454
276941	0.0001356005452
276942	0.002271451834
276943	0.0008281177241
276944	0.001375642893
276945	0.00143435871
276946	0.002226817612
276947	0.000258799038
276948	0.0009119799241
276949	0.002379296537
276950	0.00231368229
276951	0.002477184905
276952	0.009338017218
276953	0.0001000378407
276954	0.0005571661285
276955	0.00717569383
276956	0.0002850094609
276957	0.0006394701407
276958	0.001703668719
276959	0.003115945367
276960	0.003454441536
276961	0.001736029497
276962	0.002022577455
276963	0.002077040868
276964	0.006782335174
276965	0.0004586466425
276966	0.008296442746
276967	0.00165602989
276968	6.294621132e-05
276969	0.003889811594
276970	0.007615664784
276971	0.001071374406
276972	0.003990542623
276973	0.002398504285
276974	0.001502685298
276975	0.0004973684555
276976	0.0007357757026
276977	0.0092444157
276978	0.0003433106978
276979	0.0009678355445
276980	0.0004676468598
276981	0.002448110313
276982	0.003121205269
276983	0.003328220662
276984	0.001322851937
276985	0.003900832689
276986	0.003424966584
276987	0.001813988303
276988	0.0035374451
276989	0.006496107283
276990	0.004570992362
276991	0.0009546664459
276992	0.0013374952
276993	0.0014555752
276994	0.00245433943
276995	0.0007907848535
276996	0.0006362660898
276997	0.008871809242
276998	0.002387605056
276999	0.002386807782
277000	0.002171994515
277001	0.007460295882
277002	0.003848421057
277003	0.004553437406
277004	0.005831016755
277005	0.0008601954257
277006	0.001198149037
277007	0.002873879331
277008	0.002683335989
277009	0.00462679417
277010	0.001494735379
277011	0.002378831514
277012	0.003100787591
277013	0.003479513853
277014	0.002277993372
277015	0.000875127671
277016	0.003836707689
277017	0.001344131784
277018	0.005913405117
277019	0.002123576715
277020	0.002644555822
277021	0.00323550877
277022	0.00645703205
277023	0.001406539422
277024	9.284914017e-06
277025	0.005379844908
277026	0.003312558976
277027	0.001195623582
277028	0.001880218749
277029	0.003804685282
277030	0.003615145057
277031	0.006674877394
277032	0.002163466558
277033	0.004932823332
277034	0.004055742295
277035	0.0005727633216
277036	0.0002772588977
277037	0.001441452928
277038	0.003968163313
277039	0.002782688012
277040	0.01006407745
277041	0.001970750164
277042	0.002168945043
277043	0.000693610338
277044	0.001856558975
277045	0.007081209622
277046	0.0001549515825
277047	0.0047035817
277048	0.002199116747
277049	0.004503231751
277050	0.000218477531
277051	0.006639637161
277052	0.002392619309
277053	0.001945089015
277054	0.006005715089
277055	0.001000024369
277056	0.001110965613
277057	0.001556875045
277058	0.0004968222626
277059	0.001025310207
277060	0.00310733558
277061	0.00239310466
277062	0.003847240127
277063	0.002013528466
277064	0.00119809988
277065	0.005076114418
277066	0.001251347272
277067	0.00107250123
277068	0.008521523904
277069	0.002557844697
277070	0.002427830006
277071	0.002308176034
277072	0.00288798765
277073	0.001489896261
277074	0.001030269066
277075	0.001018286629
277076	0.0003616483163
277077	0.003295424573
277078	0.006922134287
277079	0.001436967954
277080	0.003944242713
277081	0.002636966071
277082	0.006055420103
277083	0.008565924432
277084	0.00168344333
277085	0.005362678757
277086	0.004084174775
277087	0.0007460406463
277088	0.001029399869
277089	0.001489806249
277090	0.006662562488
277091	0.007768737591
277092	0.00665980662
277093	0.007579335355
277094	0.0005447256278
277095	0.004252263484
277096	0.002985832412
277097	0.004906999118
277098	0.002073606167
277099	0.003544009622
277100	0.008429122446
277101	0.002200334887
277102	0.006228822773
277103	0.001599146585
277104	0.005510927587
277105	0.0006756472332
277106	0.001444613589
277107	0.006395637722
277108	0.005348681164
277109	0.001984741125
277110	0.00198609719
277111	0.0004925230846
277112	0.002052950776
277113	0.0007840367659
277114	0.0007952666572
277115	0.001873081698
277116	0.001052151398
277117	0.0001806051819
277118	0.001283689627
277119	0.004821985992
277120	0.001152933944
277121	0.0003724216452
277122	0.0003736480683
277123	0.0005817317055
277124	0.002073137396
277125	0.001788722097
277126	0.004148366138
277127	0.009041260686
277128	0.0003255479851
277129	0.003628025067
277130	0.0003044211524
277131	0.004043025538
277132	0.006796355116
277133	0.004870105712
277134	0.002147116694
277135	0.0005630332731
277136	0.001771825355
277137	0.003563610913
277138	0.002021994139
277139	0.0004757317787
277140	0.00216397674
277141	0.001354840288
277142	0.005081770415
277143	0.003026610482
277144	0.005369746062
277145	0.003121228633
277146	0.0002225424702
277147	0.002407750375
277148	0.008915710509
277149	0.0008396713657
277150	0.001518036327
277151	0.002406185038
277152	0.0008549654992
277153	0.001451482104
277154	0.003631392586
277155	0.002447289745
277156	0.005751078384
277157	0.007470501313
277158	0.002010918839
277159	9.294022239e-05
277160	0.001812885356
277161	0.005370054072
277162	0.0002937982488
277163	0.01525713468
277164	0.006847709485
277165	0.007186997987
277166	0.00399203962
277167	0.003793213838
277168	0.0002534801656
277169	0.0007178398748
277170	0.000409108515
277171	0.002672587193
277172	0.002131482774
277173	0.0008170736251
277174	0.006043769727
277175	0.0008192906697
277176	0.001986645406
277177	0.003241732426
277178	0.001903976942
277179	0.0007342214222
277180	0.003588763187
277181	0.004361792722
277182	0.003780109181
277183	0.001657290934
277184	0.002987961663
277185	0.00314648252
277186	0.003443362823
277187	0.001987191108
277188	0.001437832258
277189	0.003028200143
277190	0.001994897571
277191	0.00242789025
277192	0.007335906378
277193	0.0004057476851
277194	0.0009965099266
277195	0.0004294266406
277196	0.002711818319
277197	0.002198207715
277198	0.0005335311238
277199	0.002097939073
277200	0.009932217403
277201	0.003472730947
277202	0.001486461905
277203	0.001447111072
277204	0.007669550837
277205	0.0002618347649
277206	0.005499282781
277207	0.002917636806
277208	0.0003734402649
277209	0.002492273546
277210	0.002151484991
277211	0.001378652203
277212	0.0005614093954
277213	0.000285866408
277214	0.002025140055
277215	0.0007268230695
277216	0.005840709322
277217	0.00304152206
277218	0.004317487388
277219	0.001979709761
277220	0.001877023688
277221	0.01058970436
277222	0.0002045930686
277223	0.0003707823135
277224	0.0001687881507
277225	4.179360762e-05
277226	0.005685245581
277227	0.006791635319
277228	0.007390146233
277229	0.006609891758
277230	0.0006408894293
277231	0.007410713256
277232	0.004551127534
277233	0.001471248439
277234	0.009714526512
277235	0.001471744864
277236	0.001748766029
277237	0.0039690084
277238	0.008104878135
277239	0.00462728935
277240	0.003362670071
277241	0.004874178561
277242	0.0009484200299
277243	0.002303127142
277244	0.001142253878
277245	0.0005441727516
277246	0.005589615191
277247	0.006257912227
277248	0.004946704131
277249	0.003209553315
277250	0.00960823995
277251	0.0007861298651
277252	0.002644152974
277253	0.005390881325
277254	0.002041723527
277255	0.003523179522
277256	0.005186133925
277257	0.003557001776
277258	0.002042415604
277259	0.005805831433
277260	0.0007065011459
277261	0.005179144834
277262	0.0001183698342
277263	0.006092318153
277264	0
277265	0.0009594098479
277266	0.000390336525
277267	0.005362800407
277268	0.0003378633051
277269	0.001903258158
277270	0.001736337853
277271	0.0003034147061
277272	0.003736650826
277273	0.003401657468
277274	0.005135532667
277275	0.0004118909374
277276	0.005639030486
277277	0.00285934513
277278	0.004295962829
277279	0.00258930642
277280	0.007853777219
277281	0.0001187867434
277282	0.00834386298
277283	0.0006475426752
277284	0.007165056439
277285	0.00490224898
277286	0.0002524554825
277287	0.003317980496
277288	0.003878451649
277289	0.002221526232
277290	0.0002718159037
277291	0.001457345542
277292	0.004005240108
277293	0.005719177722
277294	0.005310971618
277295	0.002479976822
277296	0.005912191092
277297	0.003357408266
277298	0.006008705456
277299	0.002884410648
277300	0.003928439151
277301	0.003284191385
277302	0.002827931947
277303	0.0003359531264
277304	0.001237861269
277305	0.009663431131
277306	1.515085964e-05
277307	0.001906325086
277308	0.005649905946
277309	0.004852054849
277310	0.0004036912905
277311	0.00179262118
277312	0.001614487709
277313	0.008525323385
277314	0.005341675099
277315	0.002123963388
277316	0.003126391958
277317	0.001547184669
277318	0.003314712028
277319	0.002028483526
277320	0.008091721566
277321	0.0002222636887
277322	0.001783367479
277323	0.003080704063
277324	0.0007951038839
277325	0.00451629395
277326	0.002566394523
277327	0.001323998781
277328	0.002164062129
277329	0.0008945951732
277330	0.004969543804
277331	0.001490608443
277332	0.004259714384
277333	0.001861514865
277334	0.002330380284
277335	0.004584205983
277336	0.004195206919
277337	0.0007769394762
277338	0.01041889857
277339	0.001295418866
277340	0.005907115349
277341	0.004940803261
277342	0.003249259938
277343	0.002443721284
277344	0.005755907009
277345	0.003630178767
277346	0.004530972782
277347	0.003803667831
277348	0.005007658422
277349	0.001939230878
277350	0.004781378074
277351	0.0001878956822
277352	0.004288691072
277353	0.005199409155
277354	0.001013011806
277355	0.002648110354
277356	0
277357	0.00501890951
277358	0.002779649247
277359	0.0002977595843
277360	0.0006447315121
277361	0.002539891802
277362	0.007673743743
277363	0.004439955863
277364	0.002296303563
277365	0.004181009777
277366	0.006515462095
277367	0.001660439648
277368	0.005852355323
277369	0.002141545209
277370	0.005284907365
277371	0.008132412135
277372	0.0006576996072
277373	0.003673998885
277374	0.003684984395
277375	0.001015628079
277376	0.0001267783586
277377	0.001140968293
277378	0.002768655646
277379	0.002679678239
277380	0.004290894473
277381	0.0002741365069
277382	0.003879070277
277383	0.00661336734
277384	0.002907084412
277385	0.002493722156
277386	0.0001168380328
277387	0.0002082967847
277388	0.001183912668
277389	0.003577672479
277390	0.0008139544378
277391	0.001724133939
277392	0.005503850006
277393	0.001043717476
277394	0.002293409157
277395	0.004226410865
277396	0.001588852769
277397	0.001602471865
277398	0.002560565399
277399	0.0003699316287
277400	0.003634216642
277401	0.0006904640596
277402	0.003300278923
277403	0.006111413798
277404	0.002976298335
277405	0.00201029093
277406	0.003191696546
277407	0.004645815628
277408	0.001095581332
277409	4.325353942e-08
277410	0.01380038255
277411	0.00183600491
277412	0.0008909038708
277413	0.0005619060785
277414	0.001520974626
277415	0.003756148582
277416	0.009722660305
277417	0.005388363355
277418	0.002234207404
277419	0.01079854605
277420	0.0003338426729
277421	0.01784018178
277422	0.002011848643
277423	0.003570974873
277424	0.009119733618
277425	0.003595219305
277426	0.003573376259
277427	0.0002796188732
277428	0.00350199124
277429	0.000349266428
277430	0.004976490928
277431	5.494382541e-05
277432	0.001467352237
277433	0.002967089666
277434	0.0008479736341
277435	5.606300462e-05
277436	0.0008392975279
277437	0.001746371519
277438	0.004049197737
277439	0.001032658983
277440	6.747623532e-05
277441	0.002702751152
277442	0.002853139697
277443	0.001008297947
277444	0.002906043328
277445	0.002964856554
277446	0.004547441928
277447	0.0004060508204
277448	0.006182425306
277449	0.001783552085
277450	0.004103760205
277451	0.001928354797
277452	0.0008613438219
277453	0.005966644213
277454	0.0002991849262
277455	0.01084026707
277456	0.004305862409
277457	0.002950292186
277458	0.005991861881
277459	0.0001151306261
277460	0.000690251722
277461	0.002702339286
277462	0.003989515624
277463	0.006424846017
277464	0.0008500025775
277465	0.008407666105
277466	0.001741904509
277467	0.0007299871005
277468	0.00448491183
277469	0.0002946739078
277470	0.0005721775394
277471	0.00549659827
277472	0.003684014416
277473	0.006736537234
277474	0.006301752725
277475	0.002742587643
277476	0.001835781948
277477	0.001508796132
277478	0.003094443954
277479	0.003731617281
277480	0.004980569642
277481	0.002136836419
277482	0.003218942038
277483	0.001925945106
277484	0.002936014847
277485	0.002444403698
277486	0.001818457711
277487	0.002332184523
277488	0.00363315925
277489	0.004431168972
277490	0.002893036828
277491	0.0006778662551
277492	0.0127677739
277493	0.005251227585
277494	0.00605211212
277495	0.005919761603
277496	0.006063199637
277497	0.001209827159
277498	0.004199919893
277499	0.003564880821
277500	0.001419860095
277501	0.00655953492
277502	0.004954066165
277503	0.004385436573
277504	0.0027083781
277505	0.004975808078
277506	0.002481443689
277507	0.003114398224
277508	0.007058015827
277509	0.004422917508
277510	0.001629844143
277511	0.00215711257
277512	0.006504756434
277513	0.0008510245972
277514	0.002998996765
277515	0.003067998449
277516	0.008018517146
277517	0.0004396505398
277518	0.01181131148
277519	0.003226607831
277520	0.0005857934932
277521	0.004822158614
277522	2.570786426e-05
277523	0.006192866633
277524	0.003608494436
277525	0.002476836452
277526	0.005638334509
277527	0.001898192138
277528	0.008149529557
277529	0.0005885103436
277530	0.008879523381
277531	0.002225882915
277532	0.001259034351
277533	0.01094314974
277534	0.008544132507
277535	0.0003140601399
277536	0.0005103728224
277537	0.007537900854
277538	0.005216593743
277539	0.003220171277
277540	0.003534340997
277541	0.002749098754
277542	0.001948955292
277543	0.0003350352131
277544	0.0005863493401
277545	0.0009403876294
277546	0.008795327302
277547	0.009833511993
277548	0.000738934725
277549	0.001773994977
277550	0.000465637423
277551	0.002401123349
277552	0.003129882728
277553	0.00337054322
277554	0.003024577909
277555	0.003298947805
277556	0.0002902084807
277557	0.005372415699
277558	0.0002472701387
277559	0.0001951688502
277560	0.006970895244
277561	0.003239156901
277562	0.002174923961
277563	0.0006044383245
277564	0.005378467798
277565	0.001855264924
277566	0.00111910956
277567	0.004277333503
277568	0.0004980508191
277569	0.001152920852
277570	0.004737785531
277571	0.005051323206
277572	0.01282879747
277573	0.001711865506
277574	0.0008152962508
277575	0.003241104761
277576	0.0006277527117
277577	0.002318946339
277578	0.00281712126
277579	0.0002891552717
277580	0.002610404011
277581	0.001922835032
277582	0.005169315975
277583	0.0009795096086
277584	0.000217247714
277585	0.004775642725
277586	0.00348596267
277587	0.002660450599
277588	0.0005135657967
277589	0.001278622918
277590	0.003149247855
277591	0.0003691534237
277592	0.000512444492
277593	0.006365449593
277594	0.002463258279
277595	0.006454872089
277596	0.0002748661085
277597	0.001844905272
277598	0.003777141146
277599	0.008237103687
277600	0.00733146947
277601	0.001026471636
277602	0.003479914888
277603	0.0009864571756
277604	0.0007733743038
277605	0.003026011468
277606	0.004590686895
277607	0.00214175215
277608	0.001356195236
277609	0.000849300891
277610	0.0002317391003
277611	0.0002616841611
277612	0.001800459978
277613	0.0006133019253
277614	0.0007260408342
277615	0.005448234059
277616	0.001879553544
277617	0.00127530648
277618	0.001960533844
277619	0.005774239335
277620	0.001929195244
277621	0.0001470720453
277622	0.001285034444
277623	0.008621087932
277624	0.004931706688
277625	0.001638807574
277626	0.008134660297
277627	0.006046855443
277628	0.001369670949
277629	1.505775976e-05
277630	0.001499167346
277631	0.0007217276149
277632	0.0006265284213
277633	0.004013008163
277634	0.00292822968
277635	0.002960292406
277636	0.002232415583
277637	0.001221201833
277638	0.001603357776
277639	0.002832841598
277640	0.004542155675
277641	0.000982705538
277642	0.001992852242
277643	0.004101087756
277644	0.002456715696
277645	0.005211896599
277646	0.005265337179
277647	0.004841591649
277648	0.004242321234
277649	0.001064751451
277650	0.003237402222
277651	0.001064644884
277652	0.003224261517
277653	0.001185397834
277654	0.003351666989
277655	0.004956667987
277656	0.001334092728
277657	0.001851080075
277658	0.002879224168
277659	0.004204200902
277660	0.0005336706737
277661	0.005297068666
277662	9.648047866e-06
277663	0.001785266052
277664	0.0006664738221
277665	0.001683941033
277666	0.0005951094798
277667	0.0009719646403
277668	0.001375037267
277669	0.004781346403
277670	0.0002966512116
277671	0.002323711736
277672	0.005941143745
277673	0.001372438488
277674	0.002409181014
277675	0.001336420472
277676	0.00375479877
277677	0.002340167811
277678	0.0009034806399
277679	0.001462748243
277680	0.001640324455
277681	0.003911942984
277682	0.0009098065708
277683	0.003256824851
277684	0.001486352388
277685	0.001386538593
277686	0.004380187371
277687	0.008261715557
277688	0.001099235746
277689	0.0006201109858
277690	0.002232574908
277691	0.003301014578
277692	0.006729084036
277693	0.004188648284
277694	0.001260447546
277695	0.00187120999
277696	0.0008319514937
277697	0.0005374621482
277698	0.004046509741
277699	0.0007440770278
277700	0.0004670916216
277701	0.002430359289
277702	0.001656475362
277703	0.005112283892
277704	0.001349557633
277705	0.001087111369
277706	0.0009493233802
277707	0.00627178848
277708	0.008495093758
277709	0.007285466502
277710	0.0001222765624
277711	0.01038720952
277712	0.002648048882
277713	0.00952902456
277714	0.005636113411
277715	0.00270488294
277716	0.0005848285748
277717	0.002682283294
277718	0.008419327152
277719	0.005350340225
277720	0.001561801798
277721	0.006597564802
277722	0.0009817454816
277723	0.007333520434
277724	0.0002422572666
277725	0.007386328002
277726	0.005282862699
277727	0.0008348588356
277728	0.001067504519
277729	0.0003664320542
277730	0.007300930132
277731	0.00666105471
277732	0.00694661061
277733	0.0006182778831
277734	0.002808180119
277735	0.0001174141529
277736	0.001668989266
277737	0.0007281619949
277738	0.001216077829
277739	0.006614970203
277740	0.004082243197
277741	0.001350695273
277742	0.00910469133
277743	0.008524556749
277744	0.001286141466
277745	0.002977904379
277746	0.0008831029638
277747	0.0009613699814
277748	0.0008786743356
277749	0.002817798156
277750	0.003263297655
277751	0.003046128026
277752	0.004214677426
277753	0.004871480494
277754	0.004210253722
277755	0.005909275121
277756	0.008968727299
277757	0.0005900397517
277758	0.002611742441
277759	0.002186563613
277760	0.0006585001687
277761	0.005172460917
277762	0.005784900668
277763	0.002983787248
277764	0.004957910804
277765	0.001891612637
277766	0.0006423167267
277767	0.002561645602
277768	0.0005753548835
277769	1.014573131e-07
277770	0.003329418499
277771	0.004792914131
277772	0.005207037767
277773	0.004985918959
277774	0.002641809667
277775	0.002438233607
277776	0.0001427663769
277777	0.00248303394
277778	0.006814574367
277779	0.01282514095
277780	0.007217512836
277781	0.003464297761
277782	0.008766773218
277783	0.002824462452
277784	0.003315861323
277785	0.003874107023
277786	0.008765899088
277787	0.003437963494
277788	0.001648560535
277789	0.0006971785096
277790	0.008054901796
277791	0.005123758095
277792	0.001795266236
277793	0.001404003065
277794	0.006097375434
277795	0.004953607348
277796	0.004261438659
277797	0.001442393769
277798	9.855743498e-05
277799	0.01122896099
277800	0.001010304217
277801	0.003064758873
277802	0.002210415387
277803	0.008347046596
277804	0.006020509878
277805	0
277806	0.004496256523
277807	0.00174272754
277808	0.001540023204
277809	0.0001537179519
277810	0.002805794881
277811	0.006722942422
277812	0.002126535215
277813	0.003255468094
277814	0.002154210154
277815	0.00116246439
277816	0.005326512259
277817	0.003254891158
277818	0.002649306857
277819	0.002491703999
277820	0.0004335724005
277821	0.001036547919
277822	0.007518329661
277823	0.002992358472
277824	0.006088308877
277825	0.002258075061
277826	0.002030228757
277827	0.002199985181
277828	0.004196513581
277829	0.0008137844626
277830	0.004415325949
277831	0.00220124597
277832	0.001742684115
277833	0.007477134679
277834	0.004556540946
277835	0.006076977168
277836	0.0009431405087
277837	0.006329251538
277838	0.004334273447
277839	0.002858057699
277840	0.003548956443
277841	0.001446898927
277842	8.275296239e-05
277843	0.005547869776
277844	0.002097928999
277845	0.0008175132817
277846	0.0006385288884
277847	0.001069214246
277848	0.003023676888
277849	0.00282804082
277850	2.286725037e-06
277851	0.0002864501691
277852	0.005812319413
277853	0.000863926955
277854	0.0039489206
277855	0.004322418642
277856	0.0004116339634
277857	0.00386221274
277858	0.005215152664
277859	0.0008888623539
277860	0.001601889427
277861	0.003686722808
277862	0.004368898023
277863	0.003851358548
277864	0.0008807224428
277865	0.003393567852
277866	0.001610478486
277867	0.003765621757
277868	0.004062939425
277869	0.005229416293
277870	0.007167594463
277871	0.004458851545
277872	0.01013768055
277873	0.003926759663
277874	0.0009070966348
277875	0.002070338895
277876	0.0001001283686
277877	0.00201273885
277878	0.0004131864922
277879	0.001577102664
277880	0.002458319605
277881	0.004207273299
277882	0.00441449336
277883	0.003150650091
277884	0.002311090635
277885	0.001719803092
277886	0.003083785607
277887	0.004158508457
277888	0.000654187274
277889	0.008240268743
277890	0.006619234576
277891	0.001517511394
277892	0.003890957187
277893	0.008160311841
277894	0.005888071308
277895	0.0001051075312
277896	0.0003749379805
277897	0.001781663016
277898	0.0007256804556
277899	0.001274843214
277900	0.001477911306
277901	0.0005726850894
277902	0.002351486473
277903	0.003822173209
277904	0.003612689886
277905	0.002276862311
277906	0.001175437652
277907	0.007574221003
277908	0.001816639424
277909	0.005942532207
277910	0.004926422611
277911	2.562029907e-06
277912	0.007529728538
277913	0.003710857687
277914	0.009028113922
277915	0.002152759083
277916	0.005216126867
277917	0.004132998084
277918	0.005674326096
277919	0.003346474874
277920	0.004306387368
277921	0.005482791984
277922	0.007525238751
277923	0.008240208958
277924	0.001365289353
277925	0.006607333677
277926	0.007730777671
277927	0.001214790956
277928	0.009245934079
277929	0.006053703026
277930	0.00786813566
277931	0.002638929084
277932	0.009813038557
277933	0.01000171311
277934	0.01079922871
277935	0.009706867254
277936	0.001318027327
277937	0.005954844396
277938	0.009536074927
277939	0.005299661921
277940	0.0006417032003
277941	0.00177322006
277942	0.0003135245809
277943	0.0007353000052
277944	0.006079406378
277945	0.002442259437
277946	0.003326644782
277947	0.002923344585
277948	0.01355284433
277949	1.676461878e-05
277950	0.003649892567
277951	0.002556557831
277952	0.004538968125
277953	0.001241442108
277954	0.005315878429
277955	0.004882046283
277956	0.001291043972
277957	0.008897676591
277958	0.007606890937
277959	0.002973388279
277960	0.007407370812
277961	0.001365161165
277962	0.004150262466
277963	0.000225072973
277964	0.0004921837099
277965	0.004936582442
277966	0.002539374965
277967	0.007004207885
277968	0.0003368738563
277969	0.003834413627
277970	0.002552239335
277971	0.007748969726
277972	0.004119463633
277973	9.469742878e-05
277974	0.002139305133
277975	0.001929699765
277976	0.002574142934
277977	0.004282066175
277978	0.004561565491
277979	0.002076748848
277980	0.00510076044
277981	0.001735267305
277982	0.001213632801
277983	0.001464674078
277984	0.001917351084
277985	0.0009699844935
277986	0.0006164760635
277987	0.01362271034
277988	0.00137880021
277989	0.001246127065
277990	0.005503331482
277991	0.001091741462
277992	0.003808315902
277993	0.003276845018
277994	0.002754163488
277995	0.002396644201
277996	0.002598659171
277997	0.001728670081
277998	0.005100326149
277999	0.004865404782
278000	0.003051856014
278001	0.006639035788
278002	0.0002308829301
278003	0.001583378914
278004	0.004154649851
278005	0.00100396324
278006	0.002515913481
278007	0.007890291206
278008	0.004256753496
278009	0.0005374700319
278010	0.0001909660996
278011	0.004360665451
278012	0.0007629430897
278013	0.009303064791
278014	0.002273625576
278015	0.001311416702
278016	0.0004842342267
278017	0.002569680748
278018	0.003005526779
278019	0.004667293914
278020	0.003679595153
278021	0.003517502084
278022	0.0003157998862
278023	0.002446537793
278024	0.001596458101
278025	0.001490837272
278026	0.00025866291
278027	0.003113309095
278028	0.0005494164347
278029	0.005493088056
278030	0.001280137215
278031	0.00390896713
278032	0.003054043959
278033	0.001049818045
278034	0.004247602154
278035	0.0008164216687
278036	0.01020284414
278037	0.001069689225
278038	0.005784812561
278039	0.00159943749
278040	0.0007072075238
278041	0.004596140962
278042	0.004206936759
278043	0.006143974001
278044	0.005881141942
278045	0.004467431376
278046	0.003042764563
278047	0.004623004611
278048	0.00638077804
278049	0.004429612454
278050	0.006294818475
278051	0.001816410211
278052	0.002594300752
278053	0.003330830208
278054	0.01088185092
278055	0.002022500091
278056	0.0006317948893
278057	0.000359566058
278058	0.002135666383
278059	0.005162958017
278060	0.0002490232394
278061	0.002107179659
278062	0.0009007588743
278063	0.002803457631
278064	0.001320770766
278065	0.006666644672
278066	0.003285741505
278067	0.00242280501
278068	0.006653101808
278069	0.0001800552093
278070	0.001917451794
278071	0.008014524562
278072	0.006542997019
278073	0.005942418039
278074	0.00213954209
278075	0.00716843377
278076	0.001225970972
278077	0.000663714469
278078	9.313864053e-05
278079	0.001446543367
278080	0.006459165819
278081	0.005216192651
278082	0.001027299215
278083	0.002115120819
278084	0.009380214834
278085	0.00241849978
278086	0.008230340406
278087	0.001496668266
278088	0.0003149860372
278089	0.00372745268
278090	0.005025015953
278091	0.001111106584
278092	0.007290673218
278093	0.002811368258
278094	0.009395843446
278095	0.0007533261278
278096	0.001543793061
278097	0.003321972609
278098	0.001107290128
278099	0.001234986111
278100	0.002545350379
278101	0.001486898265
278102	0.0001232424707
278103	0.007683090707
278104	0.0004072848625
278105	0.01117472039
278106	0.003595317984
278107	0.000384247306
278108	0.001039126509
278109	0.01053957286
278110	0.00280800638
278111	0.004628551589
278112	0.009931196991
278113	0.000384782174
278114	0.0002713417197
278115	0.001788423693
278116	0.0007269888049
278117	0.002570048387
278118	0.004644510113
278119	0.001433411615
278120	0.003507119526
278121	0.003365586306
278122	0.005704201045
278123	0.001080722659
278124	0.0004246591199
278125	0.002309979975
278126	0.003630015475
278127	0.002791717808
278128	0.01006164767
278129	0.007705999357
278130	0.001190009108
278131	0.001515260221
278132	0.003709275958
278133	0.0008136124115
278134	0.004363671573
278135	0.001182567667
278136	4.691216659e-05
278137	0.003387397656
278138	0.005160173912
278139	0.002828367565
278140	0.005678460738
278141	0.004152154705
278142	0.004768405029
278143	0.00517728425
278144	0.002177975569
278145	0.001694497728
278146	0.0008747233463
278147	0.002236506885
278148	0.005554389115
278149	0.004327513026
278150	0.000324472841
278151	0.004951389105
278152	0.001050318281
278153	0.002096051264
278154	0.007359235425
278155	0.0002733212789
278156	0.003709080818
278157	0.00184405845
278158	0.003872707808
278159	0.001426877351
278160	0.004665706627
278161	0.005818225951
278162	0.0007970832118
278163	0.002774483652
278164	0.0014487869
278165	0.002304158495
278166	0.005173295342
278167	0.0002606083934
278168	0.006115413264
278169	0.002418307854
278170	0.007385222935
278171	0.00541821889
278172	0.0005635514121
278173	0.002569246277
278174	0.004684839723
278175	0.004196479234
278176	0.004785215309
278177	0.0003944335356
278178	0.002669854224
278179	0.004226839283
278180	0.005195931794
278181	0.01058993459
278182	0.006223338989
278183	6.113624754e-05
278184	0.00886875111
278185	0.002837866282
278186	0.006719493677
278187	0.00328170299
278188	0.007339126704
278189	0.001698980115
278190	0.0008721459334
278191	0.001762793823
278192	0.002454649908
278193	0.001692886694
278194	0.002010568184
278195	0.0003105810477
278196	6.855069649e-05
278197	0.003126359956
278198	0.002878273823
278199	0.0007810961825
278200	0.0008791919147
278201	0.0008619543006
278202	0.002814914627
278203	0.003681927361
278204	0.0001189348767
278205	0.0002219799048
278206	0.001168444502
278207	0.001436027425
278208	0.001920240582
278209	0.002392578953
278210	0.005456407466
278211	0.002049875756
278212	0.002641219652
278213	0.006663712153
278214	0.001407137486
278215	0.002439140862
278216	0.00355375879
278217	0.00276568037
278218	0.001947218198
278219	0.0002111685868
278220	0.001029036791
278221	0.001592232481
278222	0.002210083544
278223	0.001036227359
278224	0.001503937485
278225	0.00727605535
278226	0.006540291339
278227	0.007206688142
278228	0.000680980224
278229	0.004785831179
278230	0.004560430273
278231	0.003517506603
278232	0.004175790317
278233	0.0008107530122
278234	0.003457539574
278235	0.002976916341
278236	0.002628484043
278237	0.001448941177
278238	0.001172573936
278239	0.003998862
278240	0.001427624671
278241	0.0002458867026
278242	0.0002692394045
278243	0.001354803185
278244	0.00229780241
278245	0.005143009027
278246	0.005015432353
278247	0.0005836656552
278248	0.001471069223
278249	0.0001926184684
278250	0.0002722327366
278251	0.0008603037952
278252	0.003596021123
278253	0.001570529695
278254	0.002035673009
278255	0.0004717651055
278256	0.0009178013722
278257	0.001564702178
278258	0.0002943749172
278259	0.001019207734
278260	0.002035097031
278261	0.004087338234
278262	0.006666909097
278263	0.008196056124
278264	0.000678523286
278265	0.003016259104
278266	0.002009326089
278267	0.0009644942448
278268	0.004042457958
278269	0.0055834269
278270	0.002164720833
278271	0.002164758179
278272	0.00364124364
278273	0.003393473168
278274	0.001089814633
278275	0.008903233792
278276	0.005390290124
278277	0.002897285465
278278	0.009851218356
278279	0.003412171916
278280	0.00348179754
278281	0.004819613846
278282	0.000652837932
278283	0.008538504428
278284	0.01061252015
278285	0.004867809987
278286	0.003125000972
278287	0.001465934239
278288	0.0043785818
278289	0.002032600298
278290	0.003185840572
278291	0.005742257846
278292	0.002022319879
278293	0.01092349868
278294	0.003984119482
278295	0.001239602932
278296	0.00149356368
278297	0.006459881102
278298	0.002141440115
278299	0.001703992347
278300	0.008915429949
278301	0.003474161807
278302	0.006609316871
278303	0.002433866233
278304	0.01096911629
278305	0.001657117245
278306	0.009539095256
278307	0.003734408665
278308	0.0009055994406
278309	0.01045104494
278310	0.006200479598
278311	0.005173869147
278312	0.002340882164
278313	0.00192250072
278314	0.009174612396
278315	0.002638100136
278316	0.004794057918
278317	0.006219310243
278318	0.002464646372
278319	0.006833074258
278320	0.001044517998
278321	0.003670753104
278322	0.001720166801
278323	0.01180774718
278324	0.001043194426
278325	0.001553791735
278326	0.004808029587
278327	0.002449537953
278328	0.003915696134
278329	0.003256872297
278330	0.006823146305
278331	0.006214734395
278332	0.005115106634
278333	0.008138076787
278334	0.001128478231
278335	0.00553759386
278336	0.0006871303235
278337	0.002858555658
278338	0.0006338503215
278339	0.003809506323
278340	0.00497656749
278341	0.007279718106
278342	0.01352823984
278343	0.001709946353
278344	0.000802389217
278345	0.0004762637002
278346	0.00369012396
278347	0.005327645878
278348	0.001949743635
278349	0.001907723985
278350	0.001917763433
278351	0.0003781472789
278352	0.0001351258214
278353	0.001382292239
278354	0.0001784848486
278355	0.005175796424
278356	0.002305217611
278357	0.008412630219
278358	0.005773695142
278359	0.003182175601
278360	0.004774815975
278361	0.002014005982
278362	9.554601026e-05
278363	0.001519009793
278364	0.004912408468
278365	0.0006346178545
278366	0.003694472345
278367	0.0007689329627
278368	0.004986760978
278369	0.005389660683
278370	0.001580037582
278371	0.0004722461951
278372	0.006550206573
278373	0.003129688948
278374	0.002204103589
278375	0.0003808142386
278376	0.006045032721
278377	0.003101424845
278378	0.001259659018
278379	0.0001795008949
278380	0.001885596509
278381	0.000838649103
278382	0.0003966747698
278383	0.001036322185
278384	0.0004125590489
278385	0.0008793607177
278386	0.001101145237
278387	0.0007111970193
278388	0.0005180032044
278389	9.620812514e-05
278390	0.001409100314
278391	0.0005979463799
278392	0.0002026567273
278393	0.0005968379631
278394	0.002259023279
278395	0.0001938152982
278396	0.0007822019379
278397	0.0008337064565
278398	0.0008445387074
278399	0.000388051593
278400	0.0008963576572
278401	0.0001449627142
278402	0.0005810095216
278403	0.0008684709326
278404	0.01081678824
278405	0.002030037382
278406	0.00320860698
278407	0.006829974793
278408	0.0003853992928
278409	0.005622804909
278410	0.004523769941
278411	0.002643428411
278412	0.007209613034
278413	0.00922058699
278414	0.002464279653
278415	0.007372981358
278416	0.007436878228
278417	0.0001933533008
278418	0.002129104455
278419	0.01466287315
278420	0.01179215835
278421	0.008680730701
278422	0.001059082865
278423	0.002803027995
278424	0.01030588693
278425	0.0006457907869
278426	0
278427	0.003341194354
278428	0.003012468826
278429	0.001692411435
278430	0.003775056272
278431	0.003186562835
278432	0.0009375420041
278433	0.006172819572
278434	0.00408024254
278435	0.001296041563
278436	0.002827228242
278437	0.0002954120187
278438	0.001546986991
278439	0.001470037545
278440	0.001393013504
278441	0.004143544178
278442	0.001628436042
278443	0.001221956093
278444	0.002038454501
278445	0.005464148142
278446	0.005511315837
278447	9.309399364e-05
278448	0.005288575324
278449	0.006167492482
278450	1.162798291e-05
278451	0.006195355145
278452	0.01349987206
278453	0.003209691526
278454	0.004486130729
278455	0.002858842602
278456	0.001003103643
278457	0.002015799013
278458	0.005392746367
278459	0.001029854393
278460	0.0003768458873
278461	0.00148000692
278462	0.00215775721
278463	0.004248272376
278464	0.002787626641
278465	0.0003023138093
278466	0.0001542574888
278467	8.650713692e-05
278468	0.004681576021
278469	0.002469146118
278470	0.002311650204
278471	0.002535611853
278472	0.00104816529
278473	0.00113488873
278474	0.004431714106
278475	0.007394661535
278476	0.003226345357
278477	0.001205591315
278478	0.001600427829
278479	0.00410431902
278480	0.004670967252
278481	0.002049854016
278482	0.008049177229
278483	0.01241463461
278484	0.009904136254
278485	0.001934772039
278486	0.004610137434
278487	0.01067853965
278488	0.006728644569
278489	0.0001918679993
278490	0.006185917748
278491	0.006536112031
278492	0.003347799063
278493	0.004470858139
278494	0.004884045158
278495	0.003993513755
278496	0.003922755333
278497	0.001342481175
278498	0.007401039126
278499	0.004936217729
278500	0.0009190607749
278501	0.001497194165
278502	2.004273932e-05
278503	0.00202289613
278504	0.004215558724
278505	0.00352362286
278506	0.0002671056385
278507	0.001882659275
278508	0.002781700544
278509	0.0047932168
278510	0.004059831076
278511	0.0004301211111
278512	0.00542522454
278513	0.006039715216
278514	0.00628438743
278515	0.002886762553
278516	0.004225393341
278517	0.01013926334
278518	0.005119606445
278519	0.00553050651
278520	0.005867712013
278521	0.00397374747
278522	0.0003307363058
278523	0.003952248911
278524	0.002330770901
278525	0.001068913591
278526	0.004306937282
278527	0.001823579315
278528	0.004887550469
278529	0.004432975347
278530	0.0007531896559
278531	0.0001399640158
278532	0.0004672714755
278533	0.001386417907
278534	0.0007723725787
278535	0.002120974507
278536	0.00120701614
278537	0.003735251685
278538	0.006158551495
278539	0.002401610493
278540	0.00302061508
278541	0.01073762509
278542	0.001964021323
278543	0.00169743646
278544	0.007344280674
278545	0.003304000962
278546	0.0003135523285
278547	0.0005459203704
278548	0.004335292114
278549	0.002681357738
278550	0.003100877
278551	0.0004065761868
278552	0.003914165185
278553	0.002982533218
278554	0.004368939689
278555	0.002093627328
278556	0.001356582137
278557	0.0007799350616
278558	0.003077754641
278559	0.005445376505
278560	0.003179157541
278561	0.004021865591
278562	0.001700804808
278563	0.005094026159
278564	0.005571065098
278565	0.005192034979
278566	0.0005465904305
278567	0.008842918431
278568	0.00840182713
278569	0.003275466459
278570	5.331125275e-06
278571	0.006832360054
278572	0.01097736714
278573	0.001257688124
278574	0.0006677183639
278575	0.005750235013
278576	0.006499838859
278577	0.01001365359
278578	0.006711288841
278579	0.003262966354
278580	0.0002771741597
278581	0.001777655453
278582	0.003249005282
278583	0.0006822552696
278584	0.00364535498
278585	0.001740593071
278586	0.00443930224
278587	0.001707218376
278588	0.002437113727
278589	0.0001890098104
278590	0.002439781702
278591	0.001380729742
278592	0.005368916615
278593	0.01192097064
278594	0.003717137827
278595	0.001709970614
278596	0.003200547719
278597	0.001504767767
278598	0.003369803319
278599	0.006470769289
278600	0.001257412549
278601	0.005796569421
278602	0.001243467253
278603	0.002912617992
278604	0.003404842562
278605	0.01205895579
278606	0.009177581955
278607	0.004364960667
278608	0.0009043545937
278609	0.002482743212
278610	0.001502517916
278611	0.0007098391385
278612	0.001802767496
278613	0.0007016827302
278614	0.0005219471654
278615	0.001430690603
278616	0.007584926042
278617	0.004331733825
278618	0.0002227093209
278619	0.004276798654
278620	0.0001093950209
278621	0.003657536567
278622	0.001227578926
278623	0.002338502927
278624	0.007503460584
278625	0.0006113888622
278626	0.002874741283
278627	0.001201579656
278628	0.002634315549
278629	0.0005978992108
278630	0.003384702252
278631	0.00246322435
278632	9.190721402e-05
278633	0.001382088023
278634	0.003154100136
278635	0.0005170746967
278636	0.002254751181
278637	0.001688320695
278638	0.0004296432008
278639	0.00080806967
278640	0.0027703827
278641	0.002899697966
278642	0.002533584978
278643	0.0003207160956
278644	0.001033572649
278645	0.0008406113027
278646	0.001757211681
278647	0.007701962101
278648	0.00184207887
278649	0.00836650203
278650	0.001376289121
278651	0.002438159409
278652	0.01055834961
278653	0.004020269167
278654	4.704820559e-05
278655	0.003730462254
278656	0.003968222251
278657	0.0007097344362
278658	0.005501534278
278659	0.003737695147
278660	0.002516891557
278661	0.003442570527
278662	0.00540682659
278663	0.0002981597002
278664	0.001725939599
278665	0.000996808104
278666	0.005087797039
278667	0.004215281384
278668	0.003965488141
278669	0.001473373612
278670	0.005427370334
278671	0.0004737071726
278672	0.0009572545434
278673	0.001918124801
278674	0.002661015376
278675	0.003381195158
278676	0.002758146154
278677	0.002058227473
278678	0.004665360886
278679	0.001751375425
278680	0.003101595176
278681	0.0003208529543
278682	0.003187982088
278683	0.002423472592
278684	0.003437371534
278685	0.001301526476
278686	0.0001387023883
278687	0.002802262791
278688	0.003591836507
278689	0.002495944144
278690	0.0009470466864
278691	0.003845228414
278692	0.00371716147
278693	0.006816054703
278694	0.002020295664
278695	0.00683038475
278696	0.001898483978
278697	0.001238934172
278698	0.00372136571
278699	0.0008232359354
278700	0.01122333768
278701	0.003147099971
278702	0.001471402614
278703	0.001960711857
278704	0.001797366481
278705	0.0001595230622
278706	0.004321922836
278707	0.006126183775
278708	0.0008754912872
278709	0.006527927368
278710	0.006706029889
278711	0.001013087548
278712	0.007274203094
278713	0.008270417477
278714	0.005664591088
278715	0.01119119311
278716	0.007046598301
278717	0.007995602881
278718	0.002349211158
278719	0.002908796964
278720	0.0002959340908
278721	0.001162713734
278722	0.001927979564
278723	0.005354035592
278724	0.0002386300041
278725	0.001620295463
278726	0.007002048959
278727	0.001053105783
278728	0.0003636468681
278729	0.004993306731
278730	0.005641045245
278731	0.003138218074
278732	0.004526498787
278733	0.007172224707
278734	0.006768138501
278735	0.0012272246
278736	0.004147733604
278737	0.005539921937
278738	0.005555155779
278739	0.004142869648
278740	0.002403973876
278741	0.005682535824
278742	0.003261942108
278743	0.001690630575
278744	0.0006621817316
278745	0.002436812445
278746	0.002901321878
278747	0.0009173843365
278748	0.006178461722
278749	0.001586058236
278750	0.002454619487
278751	0.007441900942
278752	0.001212692811
278753	0.002762870119
278754	0.003372708376
278755	0.003362635398
278756	0.004651398131
278757	0.002612049183
278758	0.0004270791104
278759	0.00254984726
278760	0.001337599588
278761	0.006394380609
278762	0.001835806538
278763	0.00380845561
278764	0.002314461202
278765	0.009517968078
278766	0.001809435531
278767	0.0005298262933
278768	0.004903860227
278769	0.001619053858
278770	0.007416349914
278771	0.001560964778
278772	0
278773	0.001423586599
278774	0.003025444029
278775	0.001286638458
278776	0.002179811345
278777	0.003178504502
278778	0.0009116696848
278779	0.007650769379
278780	0.003268135487
278781	0.000871507762
278782	0.0002058615118
278783	0.00028537498
278784	0.0002836279281
278785	0.0003812355378
278786	0.004498173434
278787	0.004680773236
278788	0.004074499331
278789	0.002889328362
278790	0.003684565611
278791	0.002192653205
278792	0.0002899667496
278793	0.007438827788
278794	0.000211041701
278795	0.001109609713
278796	0.00339028537
278797	0.007332989589
278798	0.00110078388
278799	0.003765959716
278800	0.00652653939
278801	0.0003244023582
278802	0.001945557698
278803	0.007640594283
278804	0.01039777632
278805	0.0001426688824
278806	0.002641900474
278807	0.0007887081524
278808	0.002824379873
278809	0.005868881761
278810	0.006004685011
278811	0.003761635293
278812	0.005950714113
278813	0.00170408846
278814	0.01035817684
278815	0.0006732402123
278816	0.000751597135
278817	0.004220191252
278818	0.0007121586881
278819	0.01069098521
278820	0.0005879857444
278821	0.00173552308
278822	0.004491350614
278823	0.00359852965
278824	0.00895330227
278825	0.006048470132
278826	0.001494155726
278827	0.0005780413112
278828	0.006530405977
278829	0.001269140376
278830	0.001125940362
278831	0.004443137992
278832	0.007208749335
278833	0.003426362125
278834	0.0003698282448
278835	0.009951695338
278836	0.008874604666
278837	0.004726975331
278838	4.924464712e-05
278839	0.003169101387
278840	0.004910719538
278841	0.002412236239
278842	0.002515042813
278843	0.00436418328
278844	0.006509238589
278845	0.005084653585
278846	0.007261990191
278847	0.0012267119
278848	0.002135239655
278849	0.0005241992302
278850	0.006792566198
278851	0.003647699404
278852	0.001541592207
278853	0.0006941275238
278854	0.005522320401
278855	0.001096364905
278856	0.0006634960395
278857	0.002549685031
278858	0.01095873065
278859	0.002595811378
278860	0.0001829112725
278861	0.003087720138
278862	0.001330501577
278863	0.006412434615
278864	0.008062312701
278865	0.006015078868
278866	0.003697913487
278867	0.001915384442
278868	0.00763317631
278869	0.004556468783
278870	0.00117883878
278871	0.002709276901
278872	0.0030373049
278873	0.0009043266837
278874	0.006877377141
278875	0.004556484617
278876	0.003054777168
278877	0.001727471138
278878	0.00307053615
278879	0.008547184143
278880	0.004507396433
278881	0.00138867276
278882	0.004502171223
278883	0.0119619168
278884	0.008224272666
278885	0.009852717903
278886	4.563762188e-05
278887	0.0004297253571
278888	0.006193281245
278889	0.0002754074869
278890	0.001520870271
278891	0.000675813936
278892	0.0005098274292
278893	0.003122022847
278894	0.00227415042
278895	0.001172481217
278896	0.0009100973787
278897	0.005673157972
278898	0.004494085721
278899	0.006387736106
278900	0.004787182132
278901	0.007835867679
278902	0.002278118977
278903	0.0004504422581
278904	0.003545443219
278905	0.0125203934
278906	0.008175154845
278907	0.003059166403
278908	0.001598724217
278909	0.0003107321139
278910	0.002300695446
278911	0.00383537322
278912	0.0002829955735
278913	0.0008498046968
278914	0.001405565687
278915	0.001415316409
278916	0.0005985223895
278917	0.0001625613853
278918	0.00338808221
278919	0.003578291845
278920	0.0006898436339
278921	0.00504906391
278922	0.001754569606
278923	0.001683247787
278924	0.0008968932252
278925	0.0003956729793
278926	0.0003548111569
278927	0.004752640947
278928	0.003830115287
278929	0.0012472457
278930	0.0001211068819
278931	0.002525371186
278932	0.007411050801
278933	0.002990449147
278934	0.01132933544
278935	0.002637860999
278936	0.002603811978
278937	0.0006876819507
278938	0.004201528647
278939	0.002630956941
278940	0.006249245978
278941	0.004808934705
278942	0.001667419123
278943	0.006090703485
278944	0.000406321838
278945	0.002308163262
278946	0.0009111379902
278947	0.0003059733182
278948	0.0009365281262
278949	0.001794458515
278950	0.006287916457
278951	0.007637131864
278952	0.0013472668
278953	0.005350808986
278954	0.003553625964
278955	0.005765194329
278956	0.005151870324
278957	0.0003784335107
278958	0.004001470157
278959	0.001139584085
278960	0.0006154968465
278961	0.005097490073
278962	0.001564583357
278963	0.009936914229
278964	0.005505146889
278965	0.002559320734
278966	0.004008923544
278967	0.006144714042
278968	0.0003838916839
278969	0.004122520972
278970	0.00269731036
278971	0.00117933554
278972	0.003112798368
278973	1.870358826e-05
278974	0.003641340299
278975	0.002001220843
278976	0.006327033913
278977	0.007621294853
278978	0.0008905630902
278979	0.0004009467707
278980	0.005473437161
278981	0.001757403011
278982	0.005041194603
278983	0.003725614838
278984	0.001378624859
278985	0.00121697636
278986	0.002450883709
278987	0.004056751394
278988	2.849895051e-05
278989	0.002035390296
278990	0.01012759453
278991	0.001256463177
278992	0.008402383885
278993	0.001389136558
278994	0.003019549697
278995	0.004748520661
278996	0.0006440546563
278997	0.004417565864
278998	0.001814690884
278999	0.001008787054
279000	0.003760215492
279001	0.0002945179683
279002	0.002843006356
279003	0.003872139867
279004	0.006101272998
279005	0.003713606356
279006	0.001826471286
279007	0.006377765281
279008	0.0001631254346
279009	0.004498974872
279010	0.0001228256889
279011	0.006595564237
279012	0.001966291367
279013	0.006218968871
279014	8.731604954e-05
279015	0.0008671272283
279016	0.002238939678
279017	2.131440666e-06
279018	0.0003141180348
279019	0.004476487315
279020	0.0008059757062
279021	0.003471007059
279022	0.003375628838
279023	0.004707029911
279024	0.001370800417
279025	0.002622001718
279026	0.006125260509
279027	0.009053247537
279028	0.004306349085
279029	0.002186058286
279030	0.001284726064
279031	0.004193378462
279032	0.002263757653
279033	0.002440332175
279034	0.001199409943
279035	0.003840956397
279036	0.008109304461
279037	0.001241258161
279038	0.0001853251338
279039	0.001499034029
279040	0.003452008889
279041	0.003425798496
279042	0.002444795514
279043	0.003243471118
279044	0.008073196131
279045	0.002857473639
279046	0.00406795664
279047	0.005269899422
279048	0.001897379434
279049	0.002817094027
279050	9.994247926e-05
279051	0.001862767057
279052	0.0003695597618
279053	0.004305814958
279054	0.005638869544
279055	0.0008148868058
279056	0.0008224478116
279057	0.0001643253691
279058	0.0005208606173
279059	0.0009308218075
279060	0.001798831337
279061	0.001261689592
279062	0.0007000135873
279063	0.00104052153
279064	8.147872245e-05
279065	3.465774437e-06
279066	0.003009058277
279067	0.004941031052
279068	0.0007437852443
279069	0.002634464204
279070	0.00246073891
279071	0.0008159125841
279072	0.007529391506
279073	0.001962696294
279074	0.009157592569
279075	0.0001649936572
279076	0.002982703474
279077	0.005931078455
279078	0.002222693116
279079	0.002623094376
279080	0.004598371291
279081	0.002670962768
279082	0.01210553413
279083	0.001392126699
279084	0.001117161497
279085	0.005196823342
279086	0.0003683836467
279087	0.001877594709
279088	0.0002052476208
279089	0.002166543301
279090	0.004571034705
279091	0.0004702369329
279092	0.0004280892018
279093	0.002832092434
279094	0.002556148017
279095	0.002984231187
279096	0.006566519609
279097	0.006739565384
279098	0.004126214404
279099	0.00317411487
279100	0.001906443812
279101	0.002075596255
279102	0.002862079578
279103	0.005711532442
279104	0.00180801342
279105	0.001045984266
279106	0.01054188782
279107	0.005890196682
279108	0.006095619517
279109	0.0005231882226
279110	0.0009816130006
279111	0.002999671602
279112	0.001413531501
279113	0.007744948845
279114	0.005943811167
279115	0.00139803105
279116	0.006345681047
279117	0.0002099827877
279118	0.007222637218
279119	0.01300399621
279120	0.006694694553
279121	0.006231849025
279122	0.001519603108
279123	0.004520458249
279124	0.008717099952
279125	0.006597403361
279126	0.002483688634
279127	0.001894691206
279128	0.002412864583
279129	0.0005520696539
279130	0.003217646189
279131	0.00393920079
279132	0.001277411246
279133	0.003203179048
279134	0.004221956413
279135	0.0009440233025
279136	0.00169644116
279137	0.003375645677
279138	0.001618492619
279139	0.006343410047
279140	0.002531927367
279141	0.002635244407
279142	0.006329824834
279143	0.00225381801
279144	0.006044959093
279145	0.0008642406681
279146	0.00218383905
279147	0.0001272100815
279148	0.00912206828
279149	0.0007493944
279150	0.003710319121
279151	0.003952835839
279152	0.003682842173
279153	0.004869025306
279154	0.00143681039
279155	0.004466746073
279156	0.008354807819
279157	0.002042368386
279158	0.003572951913
279159	0.004157538661
279160	0.002452853693
279161	0.008979733746
279162	0.002354956325
279163	0.003571686973
279164	0.004038151106
279165	0.003690806165
279166	0.001830112716
279167	0.008599259754
279168	0.002411986564
279169	0.006638887947
279170	0.003807696518
279171	0.004287525681
279172	0.0059095165
279173	0.0005195339573
279174	0.0008643892534
279175	0.001044308092
279176	0.004970427189
279177	0.002405153756
279178	9.11908224e-05
279179	0.002995570013
279180	0.004381577662
279181	0.001989544983
279182	0.004805388517
279183	0.003295160791
279184	0.005023456882
279185	0.0006928209434
279186	0.0001860041317
279187	0.002318268951
279188	0.003207379425
279189	0.0004701007544
279190	0.001545435833
279191	0.007258916589
279192	0.005893395229
279193	0.00378760286
279194	0.004327701122
279195	0.0007753306777
279196	0.001473281182
279197	0.002915571942
279198	0.005015888626
279199	0.002687944851
279200	0.003499334445
279201	0.003000389922
279202	0.005456738832
279203	0.002822145207
279204	0.002212817727
279205	0.000746645778
279206	0.007331304311
279207	0.0001387104377
279208	0.006927370472
279209	0.00728669748
279210	0.0017694679
279211	0.0006090759171
279212	0.003017772016
279213	0.005822882917
279214	0.007898926837
279215	0.00516418689
279216	0.006408318825
279217	0.0001789816985
279218	0.002850810504
279219	0.003872114534
279220	0.004747528968
279221	0.0003477479644
279222	0.006651485677
279223	0.001005746175
279224	0.005602025824
279225	0.005507826077
279226	0.002531604383
279227	0.006978254949
279228	0.0002254618225
279229	0.0001092863107
279230	0.00354807572
279231	0.001121495917
279232	0.001889203377
279233	0.001111080792
279234	0.0007422234164
279235	0.003656231127
279236	0.0002215976151
279237	0.00175862097
279238	0.003753814297
279239	0.004003844001
279240	0.001602224664
279241	0.002247061555
279242	0.006010661136
279243	0.0004732681952
279244	0.0007815360936
279245	0.0004440139896
279246	0.00186659843
279247	0.001496137227
279248	0.0009323967065
279249	0.001092996888
279250	0.001111369636
279251	0.003425878622
279252	0.0003606755132
279253	0.002225553039
279254	0.00114996064
279255	0.0007283466728
279256	0.00127838398
279257	0.002698612495
279258	0.0002286695687
279259	0.001009996534
279260	0.0001264492848
279261	0.0030082246
279262	0.0002896941268
279263	0.001207435622
279264	0.0001558361006
279265	0.00544985461
279266	0.0003636468555
279267	0.001862949492
279268	0.003188524037
279269	0.009731919299
279270	0.003850055913
279271	0.001764813853
279272	0.001002642147
279273	0.006890731324
279274	0.001881308829
279275	0.004949344632
279276	0.00277479548
279277	0.0002292616721
279278	0.002989769245
279279	0.0001084654785
279280	0.001068722209
279281	0.002069926595
279282	0.004302798323
279283	0.0008234853505
279284	0.006766480027
279285	0.004561386828
279286	0.01130780803
279287	0.00870870119
279288	0.001861935589
279289	0.00350776013
279290	0.001081449339
279291	0.0002748248115
279292	0.001356046135
279293	0.001796219767
279294	0.0002201044666
279295	0.0004441503984
279296	0.0006591847001
279297	0.007231644522
279298	0.003840645599
279299	0.0003014761616
279300	0.006102988093
279301	0.0005292860896
279302	0.003035128554
279303	0.01095895009
279304	0.0029745734
279305	0.001427191883
279306	0.001610724331
279307	0.008776638013
279308	0.007983660151
279309	0.001758577403
279310	0.0005392238128
279311	0.0001383459203
279312	0.00363943771
279313	0.002916490244
279314	0.01132254076
279315	0.004070877031
279316	0.0004813590425
279317	0.01650147565
279318	0.006140635719
279319	0.01661345376
279320	0.00368356241
279321	0.001624144413
279322	0.005043537055
279323	0.005772826895
279324	0.007362460341
279325	0.007601024991
279326	0.002611772418
279327	0.0007360856501
279328	1.784160934e-05
279329	0.0004643393387
279330	0.0004078956375
279331	0.006012837927
279332	0.008119554183
279333	0.004071902673
279334	0.001395493196
279335	0.0001633974526
279336	0.003124814951
279337	0.0012860265
279338	0.0007737435132
279339	0.0004985899823
279340	0.003596466065
279341	0.005228725717
279342	0.001319099557
279343	0.004447619692
279344	0.0111951338
279345	0.001657696042
279346	0.003146874276
279347	0.001791302233
279348	0.0008854207631
279349	0.002755079192
279350	0.0001336940637
279351	0.001270251618
279352	0.007126132357
279353	0.00419576535
279354	0.01071877392
279355	0.004506916611
279356	0.006730450555
279357	0.002506719791
279358	0.005295665439
279359	0.0005638434138
279360	0.0006401155353
279361	0.02092524785
279362	0.008725188566
279363	0.002496729029
279364	0.00469925851
279365	0.002232855168
279366	0.0005348047961
279367	0.004831994772
279368	9.664880043e-05
279369	0.005625239048
279370	0.01093969116
279371	0.0007004832523
279372	0.006452170135
279373	0.001196275147
279374	0.001158271237
279375	0.003603706504
279376	0.002797438813
279377	0.003326241742
279378	0.001147940244
279379	0.0009415622019
279380	0.004495110202
279381	0.005719801481
279382	0.001355087943
279383	0.002615713567
279384	0.002300950265
279385	0.001139766708
279386	0.005846285153
279387	0.002649872391
279388	0.006418991439
279389	0.005956348876
279390	0.007652207797
279391	0.001066264246
279392	0.003892940492
279393	0.01221576856
279394	0.003136405949
279395	0.001946814527
279396	0.001275966672
279397	0.005643684803
279398	0.0003323657016
279399	0.00235567478
279400	0.003205466437
279401	0.007133718612
279402	0.005892229075
279403	0.0009717142387
279404	0.004338650085
279405	0.003442243576
279406	0.001878331289
279407	0.004428502526
279408	0.004716825741
279409	0.007224895248
279410	0.003830630501
279411	0.006891977484
279412	0.0008693232988
279413	0.001867578935
279414	0.004370611335
279415	0.0005984474523
279416	0.001001545396
279417	0.009192030288
279418	0.0009090385181
279419	0.003250108511
279420	0.004696338402
279421	0.01031733383
279422	0.004158959804
279423	0.003671414656
279424	0.0005342736104
279425	0.004271104364
279426	0.006035879008
279427	0.008707568773
279428	0.005843310981
279429	0.007054292833
279430	0.0003891584068
279431	0.001359801176
279432	0.003470664981
279433	0.004044613734
279434	0.002647985561
279435	0.0002499000256
279436	0.001056119311
279437	0.006089305432
279438	0.006097133063
279439	0.006801848343
279440	0.002783346722
279441	0.000517628227
279442	0.005272260884
279443	0.00618624068
279444	0.004675424797
279445	0.01440752297
279446	0.004662267062
279447	0.001960173673
279448	0.0007738609062
279449	0.001190712227
279450	5.10385171e-05
279451	0.001889783073
279452	0.001717860661
279453	0.007146005497
279454	0.001100436523
279455	0.004403006732
279456	0.001027036877
279457	0.003598750001
279458	0.001765163017
279459	0.004037245248
279460	0.005711047624
279461	0.00421858465
279462	0.005332382254
279463	0.003572523942
279464	0.00391255313
279465	0.002415127192
279466	0.004520988287
279467	0.008265740948
279468	0.00707654724
279469	0.002194871654
279470	0.001774558401
279471	0.001453237076
279472	0.004407794409
279473	0.003300174957
279474	0.00392775642
279475	0.002805705801
279476	0.00018064674
279477	0.0037538537
279478	0.01016680236
279479	0.008337763075
279480	0.003493990017
279481	0.006104714402
279482	0.003603729938
279483	0.003209716103
279484	0.000669056232
279485	0.01523858196
279486	0.00494834602
279487	0.002186230301
279488	0.007379313103
279489	0.01638611934
279490	0.001091747862
279491	0.002939719414
279492	0.01139364514
279493	0.001579698555
279494	0.008101053422
279495	0.007994144041
279496	0.01241221358
279497	0.001950307377
279498	0.001053393639
279499	0.001744757063
279500	0.006929815428
279501	0.007269393293
279502	0.002340414384
279503	0.003266123691
279504	0.00100150601
279505	0.001195612768
279506	0.001288186766
279507	0.004988830233
279508	0.005658736323
279509	0.002296178481
279510	0.01265632584
279511	0.008901501081
279512	0.002587115148
279513	0.0009988400713
279514	0.008410001868
279515	0.004190444539
279516	0.0009715106048
279517	0.003713832866
279518	0.007163921691
279519	0.001954162514
279520	0.001210927862
279521	0.003003309404
279522	0.009876894497
279523	0.0106480225
279524	0.004425981632
279525	0.003847941946
279526	0.001016772984
279527	0.0041410842
279528	0.002487581374
279529	0.004222158777
279530	0.007620118948
279531	0.003318939475
279532	0.001763027245
279533	0.01052542582
279534	0.006647164162
279535	0.006650589692
279536	0.002376592104
279537	0.008673875089
279538	0.004085940465
279539	0.001120673481
279540	0.003567674875
279541	0.004248983702
279542	0.0005013924259
279543	2.458341888e-07
279544	0.002396493775
279545	0.001722980362
279546	0.006111368251
279547	0.0125285025
279548	6.869070687e-05
279549	0.0006367326881
279550	0.0029606708
279551	0.001863960415
279552	0.00503801637
279553	0.007322203253
279554	0.005450497864
279555	0.006373790777
279556	0.007570844733
279557	0.002738389799
279558	0.0008618279632
279559	0.002468084823
279560	0.0007316202506
279561	0.003646526603
279562	0.004560446534
279563	0.002204829176
279564	0.01295346441
279565	0.00667428194
279566	0.00130173551
279567	0.006591886557
279568	0.007623900884
279569	0.005636697654
279570	0.007217461821
279571	0.001055727239
279572	0.007059962482
279573	0.008376965618
279574	0.008097734406
279575	0.001756277342
279576	0.001612236521
279577	0.008815199982
279578	0.004617142975
279579	0.003798031052
279580	0.001404667363
279581	0.0024511269
279582	0.01007854716
279583	0.001879751848
279584	0.0002832111548
279585	0.008601804916
279586	0.009049623953
279587	0
279588	0.0001256552452
279589	0.006907525013
279590	0.009552044508
279591	0.005692106124
279592	0.0007323384065
279593	0.003462964414
279594	0.002376909214
279595	0.005543384227
279596	0.0040993001
279597	0.0008945682676
279598	0.001389864071
279599	0.0003559511128
279600	0.008199561804
279601	0.00174856353
279602	0.0004674773181
279603	0.005152356842
279604	0.003872445555
279605	0.00490555975
279606	0.002810144011
279607	0.0001525072147
279608	0.002544031909
279609	0.002454966909
279610	0.001920362437
279611	0.0002236874951
279612	0.0009991137441
279613	0.001753818307
279614	0.002509371774
279615	0.00674554938
279616	0.003285342936
279617	0.004821002925
279618	0.0006210670891
279619	0.01278208041
279620	0.01425943499
279621	0.0025737253
279622	0.001351065839
279623	0.006745804201
279624	0.003545549942
279625	0.00399428641
279626	0.008724445575
279627	0.00813484254
279628	0.007333036688
279629	0.005514093259
279630	0.002606271132
279631	0.0008807655005
279632	0.00650824829
279633	0.005890464044
279634	0.003907509169
279635	0.005655871621
279636	0.0006933672674
279637	0.002633624845
279638	0.001092194849
279639	0.01426082016
279640	0.01522936488
279641	0.008347876542
279642	0.01099328275
279643	0.004036173112
279644	0.002822412114
279645	0.001301552164
279646	0.009492074849
279647	0.01664425744
279648	0.006165313823
279649	0.01028272477
279650	0.01725219629
279651	0.006262012883
279652	0.009902367818
279653	0.0001335486299
279654	0.001856394376
279655	0.007881880888
279656	0.003340320875
279657	0.003650088936
279658	0.006838277358
279659	0.01954878723
279660	0.0003322223664
279661	0.0009319402644
279662	0.0004726134354
279663	0.0001777693841
279664	0.001139356015
279665	0.0001201273172
279666	0.0003615535446
279667	0.0009489194132
279668	0.0007265970035
279669	0.003246372458
279670	0.005625725777
279671	0.001933470933
279672	0.002556763104
279673	0.0001846938772
279674	0.0005194116869
279675	8.378238982e-05
279676	0.000557752379
279677	1.928376146e-05
279678	0.01007030291
279679	0.001070726358
279680	0.0008621299322
279681	0.001627915272
279682	0.006665618816
279683	0.001134237003
279684	0.009636691294
279685	0.005873083718
279686	0.004167503103
279687	0.004427680564
279688	0.007681450555
279689	0.001931829832
279690	0.006200951968
279691	0.008371434538
279692	0.006389243004
279693	0.004812443763
279694	0.007849107823
279695	0.003893772738
279696	0.005406308165
279697	0.001891925011
279698	0.003708148496
279699	0.007789022658
279700	0.0007968196887
279701	0.01524409451
279702	0.004670724445
279703	0.002883098169
279704	0.008760553752
279705	0.008926567377
279706	0.002177030933
279707	0.003079001695
279708	0.004965501048
279709	0.001588593893
279710	0.00284395984
279711	0.002061694931
279712	0.001847684413
279713	0.01468891672
279714	0.000962742964
279715	0.003362265329
279716	0.002646674856
279717	0.001976552402
279718	0.001619021169
279719	0.004664603276
279720	0.01356356353
279721	0.01018495483
279722	0.002146708247
279723	0.003135490698
279724	0.005611292093
279725	0.01620496491
279726	0.0009444087319
279727	0.004562497272
279728	0.001457896428
279729	0.004627151539
279730	0.002464004619
279731	0.005288634331
279732	0.006469429084
279733	0.007132191263
279734	0.003098906059
279735	0.0004091587195
279736	0.0003993426292
279737	0.008051635005
279738	0.001790825278
279739	0.008075942888
279740	0.008079612621
279741	0.01230572724
279742	0.001483900692
279743	0.008813571629
279744	0.0004919918327
279745	0.0002684518733
279746	0.01348355685
279747	0.003174482451
279748	0.00170786097
279749	0.01837006138
279750	0.000778305657
279751	0.008959452696
279752	0.007628626229
279753	0.006086954878
279754	0.01236211343
279755	0.008365168329
279756	0.0130094103
279757	0.003648338647
279758	0.002928460791
279759	0.003073285451
279760	0.0007853760838
279761	0.005933115875
279762	0.005561014742
279763	0.003385123674
279764	0.008979111427
279765	0.002261167184
279766	0.008278904442
279767	0.0002419365572
279768	0.004921559173
279769	0.0001648627207
279770	0.003637446204
279771	0.003113354473
279772	0.003490150962
279773	0.009128969325
279774	0.01635555291
279775	0.001837150487
279776	0.003679149995
279777	0.001342996547
279778	0.008519838869
279779	0.006802763201
279780	0.01148023095
279781	0.004318896205
279782	0.006230725411
279783	0.003938852265
279784	0.007108430316
279785	0.005705586492
279786	0.006901452628
279787	0.002050599972
279788	0.002446691018
279789	0.007454551784
279790	0.01269504027
279791	0.00978853312
279792	0.01512795826
279793	0.007473383887
279794	0.01088465285
279795	0.009549994241
279796	0.003799470878
279797	0.0006503610153
279798	0.01829941595
279799	0.005741179469
279800	0.005893676795
279801	0.01366334763
279802	0.01054892117
279803	0.0007299279305
279804	0.003962949715
279805	0.004004820566
279806	0.001770608684
279807	0.001395332324
279808	0.007483559735
279809	0.001859100183
279810	0.0004777455065
279811	0.004371901262
279812	0.001469011406
279813	0.003486352949
279814	0.0009026799709
279815	0.004861431376
279816	0.006243705847
279817	0.0004851568336
279818	0.002413724843
279819	0.003380109779
279820	0.002229997084
279821	0.001599613649
279822	0.0005913914249
279823	0.004627254699
279824	0.006188815984
279825	0.00715037026
279826	0.007316576661
279827	0.005710009142
279828	0.006876107758
279829	0.008295557304
279830	0.00184293109
279831	0.000446744545
279832	0.01063513537
279833	0.002240523925
279834	0.003942332146
279835	0.005665221583
279836	0.004900808368
279837	0.001647358455
279838	0.001154383138
279839	0.005928869075
279840	0.004930149851
279841	0.001451735009
279842	0.004820628796
279843	0.005291185469
279844	0.002195864262
279845	0.0005183242765
279846	0.005193176094
279847	0.009903708728
279848	0.007954858616
279849	0.0005483444195
279850	0
279851	0.009413963759
279852	0.0005479924678
279853	0.01027900998
279854	0.01535244763
279855	0.01165661026
279856	0.003527472552
279857	0.005029938983
279858	0.006294168579
279859	0.01037001385
279860	0.02121635076
279861	0.001404771256
279862	0.002291403665
279863	0.008431925877
279864	0.01380717684
279865	0.009733031375
279866	0.01094199804
279867	0.0004366135358
279868	0.001928070787
279869	0.004830291953
279870	0.008141967476
279871	0.00378849012
279872	0.005393306314
279873	0.002565531566
279874	0.004754395475
279875	0.01172174973
279876	0.01816037231
279877	0.004123276259
279878	0.01381488939
279879	0.01091327751
279880	0.006105941068
279881	0.0005937759701
279882	0.001891023778
279883	0.006154200444
279884	0.002566424051
279885	0.009014228004
279886	0.00183297575
279887	0.0046389901
279888	0.0001841481747
279889	0.00108855781
279890	0.001146843524
279891	0.0004690443894
279892	0.007535637808
279893	0.01023629669
279894	0.001001907172
279895	0.002614983095
279896	0.004171797977
279897	0.009939169335
279898	0.00101098388
279899	0.01160436517
279900	8.634861536e-05
279901	0.00318890295
279902	0.005203802882
279903	0.000569747142
279904	0.003481785053
279905	0.001685033213
279906	0.006613897125
279907	0.004334953409
279908	0.003383117683
279909	0.001834344859
279910	0.002103114267
279911	0.008358858132
279912	0.002850248496
279913	0.005257679633
279914	0.0009820165322
279915	0.007126140231
279916	0.0005144808352
279917	0.007312513322
279918	0.0005155888928
279919	0.0009112276436
279920	0.000284470992
279921	0.001498727857
279922	0.001090057845
279923	0.001571892025
279924	0.001548076736
279925	0.0001737825085
279926	0.001415063731
279927	0.0004656424961
279928	0.00584039718
279929	0.004168059053
279930	0.005836662496
279931	0.003469249415
279932	0.0003789432277
279933	0.0008487778201
279934	0.007107573608
279935	0.000793244794
279936	0.001032849188
279937	0.0009290112209
279938	0.01456685634
279939	0.007289029427
279940	0.017068901
279941	0.004072669446
279942	0.0008549102835
279943	3.878179345e-06
279944	0.00892935971
279945	0.0004032285168
279946	0.003215159541
279947	0.003809389235
279948	0.009560521562
279949	0.006923723223
279950	1.202915501e-06
279951	0.0002634072642
279952	0.003283849484
279953	0.006470741125
279954	0.003695059076
279955	0.003699005738
279956	0.009920292351
279957	0.003444675824
279958	0.001256464156
279959	0.008534036484
279960	0.009089733495
279961	0.002423969955
279962	0.0006344029719
279963	0.01802339124
279964	0.007485772063
279965	0.006093451853
279966	0.002731945645
279967	0.0002754120328
279968	0.005045340194
279969	0.009972144221
279970	0.001822585659
279971	0.01343225515
279972	0.001720874686
279973	0.003453684212
279974	0.007299717929
279975	0.006993357627
279976	0.0007121072284
279977	0.006884809261
279978	0.002574433622
279979	0.01012525747
279980	0.002510373043
279981	0.001577412919
279982	0.005108726996
279983	0.001753674708
279984	0.0006976713495
279985	0.0005945822795
279986	0.002713855597
279987	0.001731074127
279988	0.00306947607
279989	0.004163718205
279990	0.008344901322
279991	0.002311208196
279992	0.001246190408
279993	0.004731685916
279994	0.001138538387
279995	0.002648750487
279996	0.005195051988
279997	0.002156770096
279998	0.0003628848058
279999	0.002248703588
280000	0.004324394788
280001	0.007644595261
280002	0.001675620141
280003	0.001792392473
280004	0.004866383399
280005	0.006256155599
280006	0.0038025353
280007	0.003084997316
280008	0.002231522284
280009	0.01256037817
280010	0.007480125627
280011	0.005622779942
280012	0.000649636522
280013	0.0001810298763
280014	0.0003056880136
280015	0.008728971322
280016	0.0107284679
280017	0.00418137498
280018	0.0006744264245
280019	0.01003774795
280020	0.007305280718
280021	0.003647759646
280022	0.003077575443
280023	0.001598284965
280024	0.006064275025
280025	0.009928722728
280026	0.006982728763
280027	0.0002148431217
280028	0.001752571696
280029	0.008249199736
280030	0.001345165767
280031	0.001012353668
280032	0.001860506439
280033	0.007930543193
280034	0.001356327537
280035	0.01363438786
280036	0.01149057346
280037	0.008849393895
280038	0.0001724425015
280039	0.01100935232
280040	0.00341324743
280041	0.01016148861
280042	0.002146280336
280043	0.007896172323
280044	0.01016774439
280045	0.009836307757
280046	0.0005138673505
280047	0.009576485167
280048	0.009888636746
280049	0.0007743221926
280050	0.00169769103
280051	0.01373994442
280052	0.01289184459
280053	0.0002304638233
280054	0.008331567808
280055	0.004422154956
280056	0.01326546161
280057	0.002936394816
280058	0.004201317468
280059	0.009477931594
280060	0.005452448685
280061	0.002370865828
280062	0.00497208705
280063	0.006276841948
280064	0.0004908024155
280065	0.006218082025
280066	0.002350246464
280067	0.00720474174
280068	0.007735506392
280069	0.009287075489
280070	0.001885629498
280071	0.000118833029
280072	0.01813942239
280073	0.000678714092
280074	0.008288652292
280075	0.002676043453
280076	0.002305461476
280077	0.01046863056
280078	0.01277552624
280079	0.003149761005
280080	1.321061059e-05
280081	0.01084066746
280082	0.001226219053
280083	0.008714778215
280084	0.002733717699
280085	0.001820068304
280086	0.008136804438
280087	0.00448845846
280088	0.000316408151
280089	0.0005506767179
280090	0.002989573783
280091	0.005791772456
280092	0.008233322664
280093	0.001462348906
280094	0.001656965988
280095	0.004066697181
280096	0.005180307459
280097	0.005218611634
280098	0.0006303877034
280099	0.000508575366
280100	0
280101	0.01030571094
280102	0.002970718984
280103	0.001037445651
280104	0.01471583358
280105	0.004203741647
280106	0.002580156086
280107	0.005241505827
280108	0.00213647677
280109	0.00369955098
280110	0.009385920581
280111	0.01245119816
280112	0.009072952589
280113	0.01425516701
280114	0.001946554183
280115	0.00183876021
280116	0.003475345973
280117	0.006702680509
280118	0.006070852036
280119	0.004210573446
280120	0.005252777053
280121	0.003970497272
280122	0.001513526346
280123	0.001548552022
280124	0.006370492184
280125	0.001935217442
280126	0.01121025061
280127	0.003642922306
280128	0.005893726739
280129	0.009917826287
280130	0.001976841645
280131	0.00843719526
280132	0.002286715304
280133	0.006637239453
280134	0.002967301321
280135	0.007379966643
280136	0.0009512962563
280137	0.006568298317
280138	0.001269564922
280139	0.00638181855
280140	0.0007275439607
280141	0.002376796918
280142	0.001121043646
280143	0.001985474328
280144	0.004448227801
280145	0.001298466833
280146	0.005056912695
280147	0.002953843281
280148	0.003299549911
280149	0.01433973831
280150	0.004572353583
280151	0.004508082247
280152	4.028003038e-05
280153	0.00367638485
280154	0.001605085034
280155	0.009790152416
280156	0.009080309708
280157	0.01040382362
280158	0.006939745735
280159	0.0118612894
280160	0.005707576592
280161	0.00877729488
280162	0.001059894941
280163	0.008824785856
280164	0.005108781867
280165	0.003874316762
280166	0.006598012254
280167	0.004123142208
280168	0.006644814099
280169	0.0036541525
280170	0.007418776624
280171	0.00478344252
280172	0.01721225515
280173	0.0007158733256
280174	0.005224070142
280175	0.0006574949279
280176	0.001019672671
280177	0.00691928741
280178	0.00418105257
280179	0.0006896806352
280180	0.002524084168
280181	0.004719568694
280182	0.004685900825
280183	0.01001620722
280184	0.0004165857326
280185	0.001896853252
280186	0.0008348410517
280187	0.0009862748803
280188	0.004061694012
280189	0.001252949505
280190	0.00556951305
280191	0.006501031165
280192	0.0005036798939
280193	0.01441462412
280194	0.005291105897
280195	0.003761682269
280196	0.006983962099
280197	0.01160910667
280198	0.01023049434
280199	0.002537798799
280200	0.01032121229
280201	0.004611331422
280202	0.003668873292
280203	0.007229206284
280204	0.007359197805
280205	0.0002929858561
280206	0.004730656799
280207	0.005602310871
280208	0.0009731589501
280209	0.005158996711
280210	0.006007274012
280211	0.009124054857
280212	0.0004354938059
280213	0.004959894844
280214	0.008001465124
280215	0.001684175183
280216	0.004857655797
280217	0.001229000369
280218	0.01660225287
280219	0.002499190232
280220	0.002833304743
280221	0.002901898424
280222	0.003926567265
280223	0.003078126389
280224	0.006519571205
280225	0.006106963455
280226	0.01425915073
280227	0.001520511232
280228	0.007400843179
280229	0.002221239829
280230	0.005469633601
280231	0.0002427218396
280232	0.002191070431
280233	0.005389189303
280234	0.001538092254
280235	0.009552279578
280236	0.004696614313
280237	0.006963315667
280238	0.008405297447
280239	0.0001260100496
280240	0.001289868856
280241	0.01784833681
280242	0.002808856096
280243	0.001859789479
280244	0.003074410823
280245	0.008911998803
280246	0.0004024210306
280247	0.0009328345621
280248	0.007008963992
280249	0.005901529946
280250	0.006355160769
280251	0.001232607757
280252	0.005584585183
280253	0.006193878463
280254	0.01770643987
280255	0.003144973846
280256	0.00434136251
280257	0.002748607164
280258	0.001660073388
280259	0.0006688363654
280260	0.00610663603
280261	0.0009533828516
280262	0.005774425178
280263	0.00272058223
280264	0.01172463283
280265	0.003569758351
280266	0.008873845739
280267	0.004264165089
280268	9.157466746e-05
280269	0.004753690579
280270	0.006745601061
280271	0.01035483332
280272	0.01115253492
280273	0.0001408658842
280274	0.001720050437
280275	0.004626046269
280276	0.001397775924
280277	0.002658364716
280278	0.007501744556
280279	0.004695106213
280280	0.006340749677
280281	0.001266778859
280282	0.003443663599
280283	0.008128201619
280284	0.01097560404
280285	0.0201106921
280286	0.01104340164
280287	0.005602564936
280288	0.0015889504
280289	0.001856056996
280290	0.009220092081
280291	0.0005631359091
280292	0.004793753142
280293	0.009396310905
280294	0.01817754596
280295	0.00952434162
280296	0.002274219166
280297	0.008051513297
280298	0.001414282076
280299	0.008460882344
280300	0.001761890804
280301	0.002899972772
280302	0.001808308533
280303	0.00272683314
280304	0.009664574159
280305	0.002458215927
280306	0.006913295153
280307	0.001401659144
280308	0.006164026115
280309	0.001865712859
280310	0.00507560355
280311	0.0007526639878
280312	0.0004830654303
280313	0.001501375014
280314	0.005356851093
280315	0.005395958562
280316	0.006612843418
280317	0.005321901169
280318	0.008476588713
280319	0.000556402092
280320	0.0005259696873
280321	0.001553829267
280322	0.001623845981
280323	0.008985754244
280324	0.007656682365
280325	0.008153881876
280326	0.005166627471
280327	0.01557821068
280328	0.004165122341
280329	0.001916018595
280330	0.007655089257
280331	0.007287906619
280332	0.006103818063
280333	0.002650625537
280334	0.007533076798
280335	0.0004782898715
280336	0.003351991069
280337	0.004089972804
280338	0.002196816547
280339	0.005516784399
280340	0.003136905136
280341	0.001901842903
280342	0.009004550628
280343	0.001467809947
280344	0.00452179221
280345	0.002451928336
280346	0.006036325575
280347	0.003200071349
280348	0.001654180614
280349	0.002530542255
280350	0.002535061176
280351	0.001147754823
280352	0.004838124117
280353	0.006596876175
280354	0.006782390544
280355	0.004360589911
280356	0.005032199072
280357	0.003457409611
280358	0.008867249866
280359	0.002312987932
280360	0.004994207613
280361	0.001207450661
280362	0.00209162411
280363	0.0052263688
280364	0.003913580991
280365	0.002595620428
280366	0.002444371453
280367	0.005689618117
280368	0.007799714547
280369	0.002030774687
280370	0.002341323037
280371	0.003741706227
280372	0.006740511823
280373	0.002637151798
280374	0.01284210334
280375	0.0002467659013
280376	0.003734680293
280377	0.006743908337
280378	0.004354094378
280379	0.001976380951
280380	0.004051423716
280381	0.002359476435
280382	0.005062740329
280383	0.00105834437
280384	0.01118856758
280385	0.001726163262
280386	0.01084604909
280387	0.006126016591
280388	0.00422844769
280389	0.001266422298
280390	0.008274615231
280391	0.001346708978
280392	0.003881941513
280393	0.007145916815
280394	0.002071947407
280395	0.004918813
280396	0.003713604468
280397	0.003683240119
280398	0.00984870133
280399	0.003622282084
280400	0.0008289456926
280401	0.01164327032
280402	0.002477955317
280403	0.002739248117
280404	0.01514175078
280405	0.0061302143
280406	0.006348919196
280407	0.001395204425
280408	0.001834618972
280409	0.0005970833892
280410	0.001381639686
280411	0.0003238158009
280412	0.0004064144654
280413	0.0006287482045
280414	0.002727842914
280415	0.001814797153
280416	0.001429708308
280417	0.00254336475
280418	0.005236168952
280419	0.008524101831
280420	0.004848053148
280421	0.002419691829
280422	0.002524428654
280423	0.0143812888
280424	0.008264580853
280425	0.007725757999
280426	0.004340219549
280427	0.003302892023
280428	0.001418114925
280429	0.0006448040485
280430	0.003699011401
280431	0.008374900092
280432	0.003176927658
280433	0.004442948489
280434	0.003198691749
280435	0.01107382186
280436	0.003521685839
280437	0.0004943102902
280438	0.0004198643542
280439	0.00126245678
280440	0.005023053757
280441	0.001623397364
280442	0.0004321338384
280443	0.007384685882
280444	0.008307869955
280445	0.01842008566
280446	0.004564625187
280447	0.002319722663
280448	0.0008424027275
280449	0.005731132353
280450	0.004358878561
280451	0.002741448644
280452	0.003712793136
280453	0.003045611671
280454	0.00227669916
280455	0.005448332722
280456	0.005858064843
280457	0.001235136782
280458	0.001222077017
280459	0.0140504286
280460	0.006797125767
280461	0.007008331922
280462	0.006117679662
280463	0.009925936218
280464	0.001230577572
280465	0.0008452395313
280466	0.0100405911
280467	0.001114512038
280468	0.006165705777
280469	0.006728311318
280470	0.003918121469
280471	0.009526376617
280472	0.001622473063
280473	0.000113908853
280474	0.0006051026226
280475	0.004026605179
280476	0.002304259997
280477	0.001380779842
280478	0.005161653058
280479	0.005221880757
280480	0.003802742954
280481	0.008754432607
280482	0.01276354548
280483	0.002978312426
280484	0.003457465791
280485	0.0002177272707
280486	0.01217663044
280487	0.003483683041
280488	0.0006475435536
280489	0.004948467568
280490	0.002421206122
280491	0.007429776853
280492	0.009118783533
280493	0.00282203764
280494	0.002883168681
280495	0.009877257865
280496	0.009976010632
280497	0.006388235871
280498	0.004342777141
280499	0.0002681329007
280500	0.002652941519
280501	0.003794081304
280502	0.006748799174
280503	0.006768694911
280504	0.0008101485729
280505	0.00214997643
280506	0.007501428742
280507	0.005321878616
280508	0.01199163636
280509	0.00709424306
280510	0.00770932072
280511	0.01766207995
280512	0.006238509568
280513	0.002214432276
280514	0.003250089243
280515	0.004780786841
280516	0.004920191668
280517	0.007755966493
280518	0.002124707975
280519	0.0005197865345
280520	0.005865384133
280521	6.556484016e-05
280522	0.004673706592
280523	0.001501312977
280524	0.0006479356791
280525	0.0005932596353
280526	0.001476728527
280527	0.001016696723
280528	0.0004066146345
280529	0.001271223016
280530	0.0001943228883
280531	0.001207246206
280532	0.0004085436732
280533	0.001593739177
280534	0.002073552307
280535	0.001452548419
280536	0.001651320995
280537	0.003426229288
280538	0.0005243662441
280539	0.0006422388669
280540	0.0007707213879
280541	0.0006787048208
280542	0.00014880264
280543	0.0004188485028
280544	0.000183016757
280545	0.005466002184
280546	0.00138372814
280547	0.00201947989
280548	0.001843140597
280549	0.0009113799405
280550	0.0001022057969
280551	0.001934805738
280552	0.00147927023
280553	0.003839860554
280554	0.001536049854
280555	0.00149916314
280556	0.001385061575
280557	0.0008414296036
280558	0.001620170143
280559	0.0005969180772
280560	0.0003370014011
280561	0.003747992116
280562	0.001869974086
280563	0.000153735127
280564	0.00141745142
280565	0.000837104472
280566	0.001365083892
280567	0.001564224851
280568	0.001030508837
280569	0.00115651898
280570	0.001806618969
280571	0.0005556442586
280572	0.001002212651
280573	0.0007838767112
280574	0.003591349786
280575	0.001748201832
280576	0.002384039792
280577	0.00280376806
280578	0.001403298482
280579	0.001763114597
280580	0.005758225686
280581	0.0001482997164
280582	0.0002430524568
280583	0.001941412368
280584	0.001550259043
280585	0.0002868157932
280586	0.0004523203091
280587	4.664064945e-05
280588	0.001275340298
280589	0.0003941519772
280590	0.0008776537072
280591	0.001531922024
280592	0.0008931277197
280593	0.0008631294806
280594	0.0001306252147
280595	6.853496173e-05
280596	0.0008927391928
280597	0.002407529683
280598	0.002190596368
280599	0.001104851207
280600	0.00053856463
280601	0.0007581163361
280602	0.001147721242
280603	0.0009595923361
280604	0.0001482402198
280605	0.001518051631
280606	0.002135501351
280607	0.0006927870679
280608	0.001440263684
280609	0.0003417275918
280610	0.002811201728
280611	0.0003175233049
280612	0.001093019148
280613	0.0002792431914
280614	0.0004372721861
280615	0.0007473908081
280616	0.001425154956
280617	0.001302123573
280618	0.001734027216
280619	0.007550786441
280620	0.002224156061
280621	0.009949686102
280622	0.003745612464
280623	0.0002081504697
280624	0.001253378115
280625	0.00118299604
280626	0.0002017993719
280627	0.0009163106651
280628	1.322663453e-05
280629	0.0002796903273
280630	0.003665307101
280631	0.00309469472
280632	0.002398862711
280633	0.002471832223
280634	0.001248870328
280635	0.001091616097
280636	0.001234157177
280637	1.348481949e-05
280638	0.001990524857
280639	0.0004384700762
280640	0.0007457730884
280641	0.001673249613
280642	0.0006267132222
280643	0.001677847326
280644	0.001427881425
280645	0.0009782273127
280646	0.0009928980569
280647	0.002082079594
280648	0.001032167631
280649	0.002231191794
280650	0.0008096502654
280651	0.001902446839
280652	0.0009505067121
280653	0.003832556831
280654	0.0005332948001
280655	0.002326483937
280656	0.0002042528229
280657	0.001595706601
280658	0.002369770859
280659	0.001098078921
280660	0.0009851227343
280661	0.001936223777
280662	0.0001231275596
280663	0.001575531073
280664	0.0004879319313
280665	0.0009431856024
280666	0.0003520220127
280667	0.0006053798559
280668	0.0009043946691
280669	0.0005683046153
280670	0.0001669072769
280671	0.005514525931
280672	0.003580793427
280673	0.0009669931975
280674	0.0007523442754
280675	0.003434807556
280676	0.0002947170973
280677	0.001504711765
280678	0.0005745005497
280679	0.001112893654
280680	0.001729152284
280681	0.0009425345303
280682	0.001598590011
280683	0.0003667604257
280684	0.0009044198687
280685	0.003626245861
280686	0.002682377749
280687	0.001124110757
280688	0.0009851823593
280689	0.001400466321
280690	0.0003099962283
280691	0.0007217879909
280692	0.002385754497
280693	0.002815436113
280694	0.001297049689
280695	0.001192186141
280696	0.0001737539003
280697	0.0001478898796
280698	0.0008792017937
280699	0.0009730622555
280700	0.0002443567431
280701	0.00215744947
280702	0.000951786802
280703	0.002934788328
280704	0.0002376608948
280705	0.0007997733509
280706	4.21863088e-05
280707	0.001749403622
280708	0.002116272945
280709	0.0001568568726
280710	0.001221600299
280711	0.001001573578
280712	0.002001717767
280713	0.0001161561837
280714	8.232518407e-05
280715	0.001787808902
280716	0.0006532780943
280717	0.000312903948
280718	0.002326147113
280719	0.001186698883
280720	0.001239161948
280721	0.0003394795738
280722	0.001062795266
280723	0.00105555841
280724	0.0004846925283
280725	0.002034521474
280726	0.0006655242104
280727	0.0008526285505
280728	0.001724210105
280729	0.0004240336232
280730	0.0008564161329
280731	0.001994449627
280732	0.001010916638
280733	0.0009237287696
280734	0.001615738023
280735	0.0009260042543
280736	0.001073842975
280737	0.001819263261
280738	0.0006558154642
280739	0.0006282115319
280740	0.0002582767191
280741	0.00119763037
280742	0.002375871212
280743	0.0002186340686
280744	0.001624205869
280745	0.0005973134033
280746	0.003049574047
280747	0.001587572212
280748	0.0001350869536
280749	0.001695685525
280750	0.002692919695
280751	0.0007873241608
280752	0.0006774746964
280753	0.0005291837369
280754	0.0009190985484
280755	0.001843013302
280756	0.0009075160164
280757	0.0001098186225
280758	0.005053388882
280759	0.000590030352
280760	0.001661720055
280761	0.001083544091
280762	0.00419701238
280763	0.0003179843374
280764	0.0001015153859
280765	4.32862658e-05
280766	0.0003896101344
280767	0.0003509108282
280768	0.0007611092096
280769	0.000224121193
280770	0.0001892148406
280771	0.001201443354
280772	0.000155124286
280773	0.001180769842
280774	0.0001486643845
280775	0.001214503485
280776	0.0009917980038
280777	0.001090472016
280778	0.001752841741
280779	0.001144814119
280780	0.0004069489087
280781	0.003699646255
280782	0.001884567044
280783	0.0006918615006
280784	0.000681306206
280785	0.0002716090933
280786	0.003810003056
280787	0.001091361873
280788	0.001457621352
280789	0.0007885516071
280790	0.001215847494
280791	0.0002904021458
280792	0.002400348353
280793	0.0002622213015
280794	0.001149932041
280795	0.001717874657
280796	0.001705566407
280797	0.00303919986
280798	0.0007633762935
280799	0.0001194402852
280800	0.001536915977
280801	0.0004203670302
280802	0.0008725892858
280803	0.001901898672
280804	0.001871406899
280805	0.002547144427
280806	0.002688607359
280807	0.0007306418654
280808	0.0006830575448
280809	0.002525833558
280810	0.001395223006
280811	0.001569828608
280812	0.0009797153291
280813	0.0006103822404
280814	0.002108065529
280815	0.001270332117
280816	0.001556495691
280817	0.001956814852
280818	0.0005202598366
280819	0.0007945432314
280820	0.002919237313
280821	0.001122838028
280822	0.001865389383
280823	0.001607497584
280824	0.001747285721
280825	0.0005599050024
280826	0.0005714325467
280827	0.0001940764352
280828	0.001909081653
280829	0.000606393972
280830	0.001545619011
280831	0.0004267208058
280832	0.000810387381
280833	0.001679359474
280834	0.001571146953
280835	0.002027198415
280836	0.002719561676
280837	0.0002041237917
280838	0.0009937529497
280839	0.0003308531008
280840	0.0006643037134
280841	0.001185540723
280842	0.001769950003
280843	0.0008339534646
280844	0.0001424845696
280845	0.0004757582876
280846	0.0003862659526
280847	0.0002690254355
280848	0.0002359919366
280849	0.0007427235368
280850	0.000886699667
280851	0.0008271769813
280852	0.000446870041
280853	0.0002417793358
280854	0.002084633549
280855	0.0004216480035
280856	0.001360048775
280857	0.000114197703
280858	0.003771265783
280859	0.002153526727
280860	0.0006728044327
280861	0.001106306709
280862	0.0006419219507
280863	0.001190791871
280864	0.001300200015
280865	0.001306994816
280866	0.0008104130996
280867	0.0024080019
280868	0.0008567596664
280869	0.0002884728314
280870	0.001727830309
280871	0.0007962538431
280872	0.0008501290564
280873	0.001742666326
280874	0.001772350027
280875	0.001419426207
280876	0.0004938000225
280877	0.0008777070187
280878	0.0001257453125
280879	5.888791339e-05
280880	0.0009986767876
280881	0.001076129368
280882	0.005368668938
280883	0.008166334491
280884	0.001845659935
280885	0.004119851391
280886	0.00264466548
280887	0.009955926574
280888	0.0009286558003
280889	0.005057370826
280890	0.002466728655
280891	0.001646700025
280892	0.0001027596447
280893	0.001980373894
280894	0.003699388264
280895	0.003972097133
280896	0.006315910591
280897	0.001224423022
280898	0.001236551466
280899	0.005478235753
280900	0.001952938197
280901	0.01222301608
280902	0.002260794782
280903	0.00306272539
280904	0.00338590272
280905	0.001954887452
280906	0.004845688032
280907	0.001126005232
280908	0.01105752597
280909	0.0002608708728
280910	0.005223216471
280911	0.01076571716
280912	0.003306622005
280913	0.01082599637
280914	0.005406256269
280915	0.0009676280768
280916	0.001773358972
280917	0.01089101205
280918	0.003394109281
280919	0.003894250418
280920	0.005158795796
280921	0.008747364442
280922	0.0166451832
280923	0.009365038713
280924	0.004573083701
280925	0.003736995903
280926	0.003168592753
280927	0.007735283548
280928	0.008249234397
280929	0.0043780881
280930	0.003351112961
280931	0.001284606997
280932	0.005547356117
280933	0.00990222116
280934	0.00567068561
280935	0.001554987648
280936	0.01191923908
280937	0.0004945307853
280938	0.001123332023
280939	0.00111158113
280940	0.002735154524
280941	0.003626952029
280942	0.009786220623
280943	0.001410776485
280944	0.002478657229
280945	0.01189799711
280946	0.002463917199
280947	0.00174946328
280948	0.004317966136
280949	0.007715280222
280950	0.003225559852
280951	0.01342065221
280952	0.0002964159822
280953	0.002387025137
280954	0.0004618191348
280955	0.004860365873
280956	3.414357722e-06
280957	0.0009838305573
280958	0.001559196161
280959	0.0002988470655
280960	0.001721765238
280961	0.0006076811744
280962	0.0006317659452
280963	0.001901305896
280964	0.009493257748
280965	8.730273887e-05
280966	0.004056251009
280967	0.002581810284
280968	0.007077599817
280969	0.008541039026
280970	0.003425155574
280971	0.002962594229
280972	0.002305877655
280973	0.003084984559
280974	0.0003480967249
280975	0.001567630561
280976	0.0008489811768
280977	0.007505434186
280978	0.002997296168
280979	0.001437164354
280980	0.001520662507
280981	0.007983551373
280982	0.006811925047
280983	0.002665911464
280984	0.01892671319
280985	0.006315760652
280986	0.01322439557
280987	0.006208018025
280988	0.007169953891
280989	0.004448194001
280990	0.01061761324
280991	0.00407917913
280992	0.006208311162
280993	0.004024950678
280994	0.00644079091
280995	0.002139302186
280996	0.01162510082
280997	0.0153181959
280998	0.01001660348
280999	0.005021707965
281000	0.005469801298
281001	0.007216666253
281002	0.008301750612
281003	0.008536065539
281004	0.007044211022
281005	0.003216698762
281006	0.0028331126
281007	0.0007139304204
281008	0.00156244431
281009	0.007433861451
281010	0.005164906551
281011	0.002214636068
281012	0.007799871898
281013	0.01100563263
281014	0.001005485298
281015	0.006593643522
281016	0.001999290394
281017	0.006569687336
281018	0.003872166651
281019	0.0005469063892
281020	0.003737512208
281021	0.008537904866
281022	0.008001382389
281023	0.01186988043
281024	0.01234082534
281025	0.0006635879405
281026	0.0009149100914
281027	0.001679032617
281028	0.004733552138
281029	0.004100791348
281030	0.005993770368
281031	0.006926364308
281032	0.0003677527634
281033	0.006162845952
281034	0.002873509729
281035	0.002932874638
281036	0.003425570364
281037	0.003245727743
281038	0.001249398556
281039	0.008383145021
281040	0.002153683067
281041	0.0004605911814
281042	0.0006805771618
281043	0.002386776899
281044	0.0007605039769
281045	0.001069791556
281046	0.001439806151
281047	0.0001115133852
281048	0.001539486926
281049	0.0007069560824
281050	0.004688118013
281051	0.0001955464297
281052	0.001953833562
281053	0.002414382025
281054	0.003126255721
281055	0.0007897368294
281056	0.0003733172867
281057	0.001787448126
281058	0.0009816697939
281059	0.005343184748
281060	0.001397584357
281061	0.000593990464
281062	1.199481697e-05
281063	0.001741236704
281064	0.006307667173
281065	0.003557212194
281066	0.003411782032
281067	0.0008967588462
281068	0.002089076716
281069	0.001641581113
281070	0.001658868032
281071	0.0006053524249
281072	0.0008210161283
281073	0.008604778789
281074	0.001350639835
281075	0.006642629464
281076	0.0007423184961
281077	0.0001245461161
281078	0.003918207442
281079	0.001096367955
281080	0.00126928799
281081	0.001141265233
281082	0.0004940735758
281083	0.001330446025
281084	0.0002004993287
281085	0.0008855304696
281086	0.0009636408447
281087	0.00223375888
281088	0.004674327726
281089	0.0009490830572
281090	0.0002935114379
281091	0.0004829167716
281092	0.0006280458464
281093	0.001349842515
281094	0.001729858485
281095	0.005048676525
281096	0.00249419132
281097	0.001632635378
281098	0.009146744276
281099	0.002759386417
281100	0.001773462946
281101	0.003589874566
281102	0.0004872457683
281103	0.001412338395
281104	0.001356006542
281105	0.0008006981842
281106	0.0005746409261
281107	0.002308701067
281108	0.005550282655
281109	0.0005600162403
281110	0.0009961713002
281111	0.003666632559
281112	0.001303720057
281113	0.003996793382
281114	0.002139381977
281115	0.0001272625124
281116	0.002675461556
281117	0.00209768632
281118	0.00135458689
281119	0.001004482246
281120	0.001075227996
281121	0.001138190334
281122	0.01419180672
281123	0.002776167903
281124	0.004295245046
281125	0.0009689125289
281126	0.001681337777
281127	6.548950531e-05
281128	7.451626016e-05
281129	0.00153410029
281130	0.003263251339
281131	0.001015630681
281132	0.003283719222
281133	8.117385853e-05
281134	0.003237675744
281135	0.0004050581836
281136	0.001634392071
281137	0.001110852441
281138	0.002056472423
281139	0.004564645685
281140	0.001862940311
281141	0.00113676534
281142	0.003769703135
281143	0.001250850373
281144	0.0001213644658
281145	0.0005839970046
281146	0.0005678562909
281147	0.001324958259
281148	0.001674710843
281149	0.0002126221926
281150	0.0008193199392
281151	0.001533196056
281152	0.002525918102
281153	0.002754245269
281154	0.003635330373
281155	0.002119784686
281156	0.001785708518
281157	0.0001933157098
281158	0.00130924805
281159	0.0007155972928
281160	0.003486857307
281161	0.002429853593
281162	0.006361631184
281163	0.0007684797117
281164	0.0004263216853
281165	0.00315164433
281166	0.0001746651808
281167	0.0002884979759
281168	0.00310100237
281169	0.001080540894
281170	0.00228732069
281171	0.001762705122
281172	0.0002522743861
281173	0.001837737049
281174	1.053240652e-05
281175	0.001019612225
281176	0.0003790232646
281177	0.001432936758
281178	0.0001645180673
281179	0.0004191293703
281180	0.0007617564606
281181	0.0001840763243
281182	0.001241473246
281183	0.005515553739
281184	0.001172216657
281185	0.002796990657
281186	0.0006194309565
281187	0.002605380443
281188	0.001257926308
281189	0.000785070036
281190	0.0004856111951
281191	0.0004443896637
281192	0.002312325212
281193	0.0008485875314
281194	0.001279077148
281195	4.45091155e-05
281196	0.001493136459
281197	0.002143667542
281198	0.001664581702
281199	0.005474413588
281200	0.0001592968572
281201	0.007282263432
281202	0.0005299308408
281203	0.001078898426
281204	0.01798829434
281205	0.001380241841
281206	0.01219277738
281207	0.001196863807
281208	0.001454323616
281209	0.002895914431
281210	0.0001028287555
281211	0.005892220614
281212	0.006953058312
281213	0.002625975668
281214	0.008331119337
281215	0.004368244532
281216	0.00301238427
281217	0.002569416271
281218	0.007488436074
281219	0.0003829980199
281220	0.000192836505
281221	0.0002571632852
281222	0.0002192185193
281223	0.001104907359
281224	0.007965270488
281225	0.002205767513
281226	0.007190133372
281227	0.002602634482
281228	0.0006821673425
281229	0.00573836034
281230	0.003407146505
281231	0.0046811023
281232	0.001610609877
281233	0.0004186621258
281234	0.005025760141
281235	0.006028411738
281236	0.0005232637254
281237	0.002484005171
281238	0.01195827976
281239	0.0003960691396
281240	0.01011700707
281241	0.001993529603
281242	0.001233997725
281243	0.00159585625
281244	0.00203331151
281245	0.001278777063
281246	0.01092528989
281247	0.006993057262
281248	0.003062507014
281249	0.0004149729304
281250	0.002881243897
281251	0.0052771902
281252	0.002614992044
281253	0.007856687057
281254	0.000792070683
281255	0.002179698932
281256	0.001380822169
281257	0.0008976159887
281258	0.0009063168268
281259	0.003646288265
281260	0.00540026213
281261	0.008758786314
281262	0.00538059788
281263	0.001387838458
281264	0.007007835133
281265	0.003906395792
281266	0.002257597241
281267	0.01098566877
281268	0.001385195107
281269	0.01142481095
281270	0.003636550228
281271	0.0009157324454
281272	6.033680636e-07
281273	8.977187899e-05
281274	1.424850368e-05
281275	8.289776203e-05
281276	9.52882477e-05
281277	7.495894055e-05
281278	3.613117797e-07
281279	4.87107247e-06
281280	7.629958035e-05
281281	8.644886741e-05
281282	7.750154231e-05
281283	8.294535085e-05
281284	8.190424093e-05
281285	1.308646777e-05
281286	1.371548836e-06
281287	6.348805951e-06
281288	9.036085334e-05
281289	7.567293311e-05
281290	4.037967405e-06
281291	9.275794068e-05
281292	6.342279634e-06
281293	2.088852307e-05
281294	1.011676237e-05
281295	8.043076668e-05
281296	4.315312406e-07
281297	0.001660084924
281298	0.008873902289
281299	0.002473907216
281300	0.001138903216
281301	0.005063918608
281302	0.005954601579
281303	0.005146257817
281304	0.003874106338
281305	0.0006678487335
281306	0.003060600088
281307	0.005409533
281308	0.01111020667
281309	0.0046478218
281310	0.008596758607
281311	0.003661275988
281312	0.0008667404638
281313	0.003075175638
281314	0.004596410239
281315	0.002072422828
281316	0.009449322069
281317	0.0002510966392
281318	0.006540548988
281319	0.0006517701362
281320	0.007283856308
281321	0.004831465531
281322	0.002469479617
281323	0.004492583904
281324	0.003839911069
281325	0.003107443024
281326	0.005493986704
281327	0.0002089898223
281328	0.00107638218
281329	0.003311772757
281330	0.01054824693
281331	6.334968359e-06
281332	0.004125514202
281333	0.002240975158
281334	0.01006175666
281335	0.002272988702
281336	0.004528542972
281337	0.002069898534
281338	0.004332313495
281339	0.002974614439
281340	0.003079793979
281341	0.0005957206347
281342	0.00473530946
281343	0.005174290887
281344	0.01332087242
281345	0.0009531231468
281346	0.0001113520434
281347	0.004691475276
281348	0.007496607031
281349	0.00486359372
281350	0.0006321581209
281351	0.0001782096195
281352	0.001792179089
281353	0.005492323459
281354	0.004713976045
281355	0.005696701214
281356	0.0006207747025
281357	0.002406575335
281358	0.001153231093
281359	0.002047631635
281360	0.005748199591
281361	0.002937715678
281362	0.001179657637
281363	0.004329550295
281364	0.0008607696004
281365	0.005631046132
281366	0.01011982725
281367	0.002107923612
281368	0.0005003347348
281369	0.006145729417
281370	0.007592459226
281371	0.000812516721
281372	0.001389313158
281373	0.001089715608
281374	0.008191816131
281375	0.002824851609
281376	0.002775735431
281377	0.001394634176
281378	0.001031082577
281379	0.002812251588
281380	0.005897074599
281381	0.0007473786659
281382	0.001359719718
281383	0.001748034368
281384	0.002348036188
281385	0.01029181806
281386	0.006513316509
281387	1.8500921e-05
281388	0.001707155202
281389	0.004030430169
281390	0.006771389249
281391	0.002577241257
281392	0.001543848415
281393	0.003457168914
281394	0.00288930041
281395	0.001231703964
281396	0.001528024902
281397	0.0004127183815
281398	0.001269335034
281399	0.006980610479
281400	0.003615600677
281401	0.00582920555
281402	0.00209109254
281403	0.008883451935
281404	0.001953517643
281405	0.003733124433
281406	0.01506573656
281407	0.01013620723
281408	0.001893941447
281409	0.02011972658
281410	0.002191054903
281411	0.00988548668
281412	0.003204988214
281413	0.009108935171
281414	0.0006311523583
281415	0.008106683073
281416	0.0006860235897
281417	0.006748548611
281418	0.01095069774
281419	0.009127967403
281420	0.002193250837
281421	0.008893867102
281422	0.009594407773
281423	0.01087831146
281424	0.006977528836
281425	0.001472988764
281426	0.007530075101
281427	0.003562926517
281428	0.01061039421
281429	0.00104836724
281430	0.002479356754
281431	0.0009507215094
281432	0.00618908802
281433	0.01271452582
281434	0.0157045549
281435	0.006433985273
281436	0.003799723484
281437	0.0006597334207
281438	0.003061897054
281439	0.0005360446902
281440	0.01179363973
281441	0.001643144744
281442	0.0007951830507
281443	0.002055171814
281444	0.01005850757
281445	0.0002476679751
281446	0.009467283943
281447	0.009366176824
281448	0.008776652987
281449	0.00918926246
281450	0.0144940955
281451	0.009164759138
281452	0.0007487284046
281453	0.005881050182
281454	0.002376965342
281455	0.006191429724
281456	0.0008674781156
281457	0.006103778306
281458	0.001069471156
281459	0.005693667195
281460	0.004825959217
281461	0.003654709882
281462	0.002272777575
281463	0.01010299317
281464	0.001099093958
281465	0.01014696153
281466	0.01222049699
281467	0.001446686624
281468	0.004056204586
281469	0.003337435141
281470	0.0003222483985
281471	0.006697005994
281472	0.009365712147
281473	0.007124565027
281474	0.005488098064
281475	0.006267277221
281476	0.0009959974718
281477	0.002985644075
281478	0.001771382117
281479	0.006516413532
281480	0.0171319778
281481	0.00773055761
281482	0.007658082612
281483	1.901945063e-05
281484	0.002269790337
281485	0.01122675712
281486	0.005775781027
281487	0.003195955712
281488	0.00217928101
281489	0.01686438406
281490	0.01819738723
281491	0.01161154809
281492	0.003131098396
281493	0.01170693154
281494	0.00338736334
281495	0.007088274711
281496	0.01077507926
281497	0.004999395907
281498	0.01067693352
281499	0.0003052309352
281500	0.002587061447
281501	0.005547089332
281502	0.01099131318
281503	0.007212759978
281504	0.008406718262
281505	0.005349625165
281506	0.00157867149
281507	0.01736998718
281508	0.001008892139
281509	0.0003125049807
281510	0.005874961287
281511	0.002091964052
281512	0.0008292560641
281513	0.0003480281463
281514	0.001310901428
281515	0.004863079711
281516	0.004682655531
281517	0.002236030841
281518	0.007107987508
281519	0.00767769784
281520	0.0002086698969
281521	0.006866429301
281522	0.00504066515
281523	0.001345522593
281524	0.01675725553
281525	0.0009498536455
281526	0.003113531591
281527	0.01009402576
281528	0.01090509633
281529	0.00261016215
281530	0.004618204344
281531	0.003325186226
281532	0.01296412905
281533	0.01042362181
281534	0.004234531454
281535	0.001844462838
281536	0.005035518808
281537	0.001220251225
281538	0.006041430057
281539	0.001469604206
281540	0.005309859792
281541	0.0103800897
281542	0.008775130272
281543	0.00584355345
281544	0.006323918891
281545	0.002516600597
281546	0.002914478989
281547	0.001597090061
281548	0.008747036965
281549	0.006518750695
281550	0.00357528667
281551	0.002407239697
281552	0.006656165325
281553	0.003160246661
281554	0.005766020287
281555	0.005275693627
281556	0.003429329481
281557	0.00791256894
281558	0.01420088743
281559	0.001166176959
281560	0.009417423734
281561	0.01007617007
281562	0.004559166606
281563	0.002622257225
281564	0.006975512643
281565	0.00504698108
281566	0.02252217347
281567	0.006523092106
281568	0.007548117524
281569	0.002512920852
281570	0.0012077406
281571	0.001839632563
281572	0.005759436103
281573	0.00141079779
281574	0.002294268662
281575	0.001944709211
281576	0.008162228414
281577	0.0002478682367
281578	0.003697623064
281579	0.003658231534
281580	0.01709565312
281581	0.009676628423
281582	0.0006963064287
281583	0.0105849904
281584	0.009111973937
281585	0.01097872148
281586	0.0146123013
281587	0.002751166423
281588	0.002812504448
281589	0.005547584866
281590	0.01166107185
281591	0.000165385644
281592	0.003622313945
281593	0.002472489379
281594	0.0008348887262
281595	0.004764145269
281596	0.00646968366
281597	0.003695978611
281598	0.0008196630991
281599	0.01204406833
281600	6.222427374e-05
281601	0.01491747724
281602	0.001496871189
281603	0.004288666764
281604	0.002062493092
281605	0.006432551014
281606	0.001426908258
281607	0.002058608439
281608	0.003299207546
281609	0.007952065827
281610	0.009395521968
281611	0.001452990504
281612	0.003718828045
281613	0.0001473375584
281614	0.0007771996812
281615	0.0007092172697
281616	0.003979145497
281617	0.00186950868
281618	0.005787620436
281619	0.002107172398
281620	0.002729655019
281621	0.004097244316
281622	0.005880761707
281623	0.003871999514
281624	0.00315211039
281625	0.006149745286
281626	0.006125081986
281627	0.008197012343
281628	0.01096983301
281629	0.008821831683
281630	0.008484024913
281631	0.00151349533
281632	0.01047113987
281633	0.009829619032
281634	0.007256069171
281635	0.001425174214
281636	0.004473760152
281637	0.001907564975
281638	0.007014502836
281639	0.003604183648
281640	0.004495833337
281641	0.006545312935
281642	0.005351423781
281643	0.005271698608
281644	0.003653215239
281645	0.01332817129
281646	0.001678064604
281647	0.007054194992
281648	0.0007746329998
281649	0.002109963147
281650	0.002186099155
281651	0.0004162646507
281652	0.003285218239
281653	0.004748641824
281654	0.0009618253374
281655	0.003947238487
281656	0.02126715963
281657	0.002291499479
281658	0.0005021080777
281659	0.009237642366
281660	0.0003901649035
281661	0.001215686479
281662	0.01419338905
281663	0.004214969847
281664	0.001449327792
281665	0.004772287802
281666	0.02022213547
281667	0.0006096890804
281668	0.001782629095
281669	0.000355503609
281670	0.002008121097
281671	0.01053136559
281672	0.005290633371
281673	0.001994620777
281674	0.0003308191913
281675	0.0017582614
281676	0.000779906554
281677	0.001106640198
281678	0.0014503189
281679	0.001940879116
281680	0.001886993466
281681	0.001949860607
281682	0.0006664577826
281683	0.00168853619
281684	0.001689556509
281685	0.0004436315114
281686	0.001575538957
281687	0.001993468077
281688	0.0006588516589
281689	0.001434493664
281690	0.0004660946598
281691	0.0003163083779
281692	0.0003162484563
281693	0.0002135448743
281694	4.094364956e-06
281695	0.0003252363979
281696	1.621344934e-06
281697	0.000102357592
281698	2.606858326e-06
281699	7.337538603e-06
281700	2.801997389e-07
281701	5.000802074e-06
281702	0.000305466602
281703	0.0002193020344
281704	0.0003031431041
281705	0.000118281322
281706	3.43430423e-06
281707	1.947817885e-05
281708	9.101266669e-05
281709	0.0002241844386
281710	0.000108823452
281711	0.0002185340213
281712	0.0003108089221
281713	0.0002269634117
281714	4.93284649e-06
281715	1.796720205e-05
281716	3.634760666e-06
281717	3.336267583e-06
281718	0.0001901214164
281719	0.0002086057851
281720	2.313133059e-05
281721	0.0002144701234
281722	9.981754038e-05
281723	0.0003031162042
281724	0.0001768748188
281725	0.0003064835662
281726	0.0002984191799
281727	9.2421411e-05
281728	0.0003039259633
281729	1.858579997e-07
281730	0.0003079015794
281731	0.0002992327568
281732	0.000319038019
281733	4.331611948e-06
281734	1.190006225e-05
281735	7.324514031e-05
281736	2.488743304e-05
281737	6.776575718e-05
281738	1.422258632e-06
281739	8.86150677e-06
281740	8.879295745e-05
281741	7.474236243e-05
281742	6.793629372e-05
281743	1.952148361e-05
281744	7.880766732e-05
281745	8.123193285e-07
281746	1.94268186e-05
281747	1.838263648e-05
281748	1.411224661e-05
281749	7.264775398e-05
281750	1.903534779e-05
281751	7.491688266e-06
281752	1.013940858e-05
281753	1.752016583e-05
281754	0.00388422168
281755	0.001614160153
281756	0.001987267433
281757	0.002990122981
281758	0.0004650669738
281759	0.003642729876
281760	0.003378696819
281761	0.001190511822
281762	0.0007392951096
281763	0.001149422869
281764	0.0009282137342
281765	0.000802309034
281766	0.0008662990004
281767	0.001163262892
281768	0.001252521604
281769	0.001255546556
281770	0.001424867225
281771	0.001153537599
281772	0.0005558616341
281773	0.000959469218
281774	0.001261179788
281775	0.001011601394
281776	0.0007436128022
281777	0.000763521177
281778	0.0009039916048
281779	0.0009834552623
281780	0.001274741729
281781	0.001060596437
281782	0.001371582421
281783	0.001208343745
281784	0.001405235534
281785	0.001086709932
281786	0.001245744721
281787	0.0008413547754
281788	0.0007754026314
281789	0.0008627053684
281790	0.002399937813
281791	0.005945451287
281792	0.00521170841
281793	0.001452927064
281794	0.002723939784
281795	0.0009737973587
281796	0.0002817892397
281797	0.002004308274
281798	0.004869713514
281799	0.002372378893
281800	0.002867005584
281801	0.002266898886
281802	0.005190462624
281803	0.001147718384
281804	0.002830355458
281805	2.414518219e-07
281806	0.001875151788
281807	0.004059237822
281808	0.0004414840567
281809	0.004054313355
281810	0.000836254339
281811	0.0003405391247
281812	0.0003234444721
281813	0.003270890277
281814	0.001393817269
281815	0.003716188433
281816	0.003855995088
281817	0.0008054619575
281818	0.002517366833
281819	0.0005754769531
281820	0.000716513058
281821	0.001974387392
281822	0.006550120543
281823	0.004851523527
281824	0.004065085912
281825	0.0007475611895
281826	0.003275935054
281827	0.002362000933
281828	0.0009219617216
281829	0.001437928184
281830	0.001581878688
281831	0.001776926227
281832	0.001080437987
281833	0.0002907260931
281834	0.002257940107
281835	0.0006399807063
281836	0.002320726941
281837	0.0004144472243
281838	0.001172060676
281839	5.280828483e-05
281840	0.002410116429
281841	0.001674449821
281842	0.003100421737
281843	0.001041950402
281844	0.002394319662
281845	0.003907638107
281846	0.001488567045
281847	0.001139539743
281848	0.0007180312711
281849	0.002072026892
281850	0.001715880627
281851	0.003081165552
281852	0.001519240867
281853	0.0002685437767
281854	0.001750544433
281855	0.008668295841
281856	0.01022454883
281857	0.0004478597297
281858	0.003746107892
281859	0.0008753434211
281860	0.009210524821
281861	0.002476766303
281862	0.00536230719
281863	0.002555487408
281864	0.002437753303
281865	0.002024993688
281866	0.0001888561755
281867	0.0002048785056
281868	0.008875719615
281869	0.009610743285
281870	0.001533320136
281871	0.004365281819
281872	0.002542823767
281873	0.001626289819
281874	0.001556755261
281875	0.001491860725
281876	0.001068304775
281877	0.002801684697
281878	0.007967539115
281879	0.001362964754
281880	0.003591160353
281881	0.001044630126
281882	0.0154751547
281883	0.002508767541
281884	0.0007002049897
281885	0.00787980074
281886	0.0004271423486
281887	0.003686042707
281888	0.001245340527
281889	0.004446916733
281890	0.0006372222378
281891	0.0004411736244
281892	0.01343845787
281893	0.0004519161821
281894	0.004117783876
281895	0.004289188274
281896	0.004050544357
281897	0.007749898819
281898	0.0002767485285
281899	0.0048808662
281900	0.001890690244
281901	0.00227557602
281902	0.006909929016
281903	0.001031495623
281904	0.001732923803
281905	0.002141557214
281906	0.008462971135
281907	0.00764235633
281908	0.00170612717
281909	0.002318295237
281910	0.01291496121
281911	0.0004074357064
281912	9.511983569e-05
281913	0.001556835796
281914	0.001124401919
281915	0.004276355042
281916	0.005547333873
281917	0.01469442518
281918	0.007220741159
281919	0.00380296049
281920	0.002764996717
281921	0.00204328259
281922	0.001099216709
281923	0.0009117902949
281924	0.0003888696986
281925	0.00663608441
281926	0.005093952121
281927	0.01720546833
281928	0.007356741818
281929	0.002531580627
281930	0.0003561741286
281931	0.0004397455248
281932	0.0005401646795
281933	7.6735681e-05
281934	0.0001836181649
281935	0.001571409344
281936	7.799942823e-06
281937	0.001026072609
281938	0.00315762849
281939	0.001005430827
281940	4.815073638e-05
281941	0.0002951315176
281942	0.004630791418
281943	0.00283097771
281944	0.002965666661
281945	0.0007852298051
281946	0.001380512245
281947	6.411879332e-05
281948	0.003923974725
281949	0.000284578068
281950	0.0008649365274
281951	0.0004251434155
281952	0.001122699501
281953	0.000280668497
281954	0.002292002785
281955	0.0002930456153
281956	0.001899126966
281957	0.001577192498
281958	0.0007754636995
281959	0.00899900138
281960	4.054724268e-05
281961	0.0003478681757
281962	0.0004945624996
281963	0.0009126404711
281964	0.001326699019
281965	0.000298537555
281966	0.002660906786
281967	0.001385568891
281968	8.550765813e-05
281969	0.002938477155
281970	0.005320721206
281971	0.004062246021
281972	0.0004468138938
281973	0.0002187869495
281974	0.0003980654937
281975	0.001596125524
281976	0.003872242073
281977	0.01064243318
281978	6.665669097e-05
281979	1.866181561e-05
281980	0.003114543502
281981	0.001661030582
281982	0.0005427736144
281983	0.001107310654
281984	0.002902542396
281985	0.001561055066
281986	0.01360095375
281987	0.002578652763
281988	0.001211983387
281989	0.003399125908
281990	0.002199668292
281991	7.927386885e-05
281992	0.001408121861
281993	0.009656269924
281994	0.0004814040714
281995	0.0004559921541
281996	0.001674042821
281997	0.004480401234
281998	0.002325427625
281999	0.0005300131535
282000	0.00333042115
282001	0.001968329639
282002	0.001515666215
282003	0.001197119453
282004	0.001907957455
282005	0.003674666297
282006	0.0007857306758
282007	0.001039084433
282008	0.0007715766802
282009	0.002155099843
282010	0.002323553542
282011	0.0001262137821
282012	0.0005849167574
282013	0.01191108728
282014	0.0007973566576
282015	0.001848964871
282016	0.001439888215
282017	0.01306381117
282018	0.01012505009
282019	0.01146517346
282020	0.001644999138
282021	0.001918520625
282022	0.001974637835
282023	0.001481297236
282024	0.001690333649
282025	0.003428023541
282026	0.0004076801397
282027	0.000853300718
282028	0.0005405198691
282029	0.001342184058
282030	0.001836282641
282031	0.001288177544
282032	0.003263868901
282033	0.001634418162
282034	0.000916429818
282035	0.003633194012
282036	0.001907212672
282037	0.002080031093
282038	0.00151280446
282039	0.002785839517
282040	0.0001993649734
282041	0.002083641454
282042	0.002775380778
282043	0.0007531973624
282044	0.002064288412
282045	0.0004842985103
282046	6.847024005e-05
282047	0.001674995791
282048	0.002364885777
282049	9.150925067e-05
282050	0.005792850782
282051	0.00050045048
282052	0.001607323647
282053	0.0008536609537
282054	0.0001711359453
282055	0.000538904302
282056	0.007448968906
282057	0.0001698712015
282058	0.008526504141
282059	0.005149022907
282060	0.00373194433
282061	0.000102810517
282062	0.008418802309
282063	0.0007295596375
282064	0.008606867094
282065	0.005846402663
282066	0.001766553143
282067	0.01206610278
282068	0.001286518737
282069	0.0001979138896
282070	0.0008053628831
282071	0.0001770837683
282072	0.006458528871
282073	7.925163945e-06
282074	0.001605502013
282075	0.003723884667
282076	0.001706929328
282077	0.000634573051
282078	0.009482163264
282079	0.006473477566
282080	0.002948843502
282081	0.0007891201868
282082	0.00199516087
282083	0.000429036399
282084	0.0004688649213
282085	0.000272767327
282086	0.001367635148
282087	0.0004252415296
282088	0.0001451686681
282089	0.0002272424777
282090	0.0004350951834
282091	0.0001874184664
282092	0.001304297667
282093	2.965453306e-05
282094	0.0004284593266
282095	0.000418103437
282096	0.005928803883
282097	0.0006224450714
282098	0.0007943631352
282099	0.0001513191716
282100	0.002585403902
282101	7.859192168e-05
282102	0.0004981491006
282103	0.0003717682813
282104	0.0005536334124
282105	0.0007570038524
282106	0.000512726745
282107	0.005383592047
282108	0.0002684518183
282109	0.007859732594
282110	0.0004345964175
282111	0.001131850338
282112	0.0008177743484
282113	0.005861858781
282114	0.002503260089
282115	0.001367469579
282116	0.002556131101
282117	0.01157266838
282118	0.003731407142
282119	0.001255601036
282120	0.001643205624
282121	0.006442572378
282122	0.0008902630119
282123	5.183587902e-05
282124	0.0008647660834
282125	0.01594639219
282126	0.002331196242
282127	0.002747746952
282128	0.001768036343
282129	0.001818990895
282130	0.0006494036989
282131	0.004479949013
282132	0.002414029328
282133	0.0007164508841
282134	0.001789438906
282135	0.000419769058
282136	0.000901177061
282137	0.001735958596
282138	0.01249807864
282139	0.0008149931178
282140	0.00146200696
282141	0.001129332582
282142	0.002778869967
282143	0.003732693065
282144	0.001018938528
282145	0.002836466753
282146	0.0002632994713
282147	0.0007696269574
282148	7.878362325e-05
282149	0.0003203534413
282150	0.004429931398
282151	0.006528091672
282152	9.603497437e-05
282153	0.00144730698
282154	0.0002310041624
282155	0.004388095491
282156	0.004500357388
282157	0.005417575843
282158	0.002547980754
282159	0.002522120591
282160	0.0003215060883
282161	0.0008487127341
282162	0.001831344227
282163	0.00857243771
282164	0.0002703998111
282165	0.004155768397
282166	0.0160025823
282167	0.002655147144
282168	0.007178937202
282169	0.00164020887
282170	0.003572933261
282171	0.01278427629
282172	0.0009610888996
282173	0.007298828042
282174	0.002425492584
282175	1.762451997e-05
282176	0.0009450419545
282177	0.00392827635
282178	0.001207028488
282179	0.00296235077
282180	0.001929914473
282181	0.01207515291
282182	0.002548330852
282183	0.003703308933
282184	0.001678483796
282185	7.814224287e-05
282186	0.01104943451
282187	0.002943175693
282188	0.0007623409955
282189	0.003122882509
282190	0.004997506928
282191	0.0008988338096
282192	0.006079591567
282193	0.001976376738
282194	0.001968888148
282195	0.003087766246
282196	0.00715737458
282197	0.003788607655
282198	0.005515761831
282199	0.00626207135
282200	0.001418594446
282201	0.002092058964
282202	0.0007639077894
282203	0.006971938425
282204	0.001387442776
282205	0.001099231631
282206	0.003388546719
282207	0.002278696804
282208	0.0009991429209
282209	0.005323656116
282210	0.002821062503
282211	0.004143040912
282212	0.0001091027282
282213	0.002939044974
282214	0.004978709145
282215	0.004714950129
282216	0.002107759455
282217	0.002691550163
282218	0.001193693751
282219	0.01074677073
282220	0.003193986456
282221	0.00191828551
282222	0.003823753706
282223	0.001501255207
282224	0.001232276752
282225	0.0009036459934
282226	0.0005748167825
282227	0.001567597576
282228	0.001723820016
282229	0.002966316153
282230	0.001424372319
282231	0.001743133663
282232	0.004149317558
282233	0.002588577806
282234	0.00289957241
282235	0.00120295481
282236	0.003555392355
282237	0.003181893661
282238	0.002179520774
282239	0.001804618521
282240	0.0007970142041
282241	0.002526018221
282242	0.001369156551
282243	0.0002430156873
282244	0.007922360374
282245	0.004272389013
282246	0.004705407357
282247	0.001111893987
282248	0.001186768353
282249	0.00662891603
282250	0.0008253709038
282251	0.00298140697
282252	0.001551339018
282253	0.00512377635
282254	0.002250014907
282255	0.0007450432319
282256	0.00159429368
282257	0.001420048721
282258	0.003768469316
282259	0.0008452694732
282260	0.003320448467
282261	0.002313432843
282262	0.01134260154
282263	0.002584542134
282264	0.002275078829
282265	0.003344171832
282266	0.001150138403
282267	0.0005628780128
282268	0.001087004763
282269	0.001003794553
282270	0.002531883657
282271	0.00321353227
282272	0.003057140014
282273	0.005065399576
282274	0.0006793205363
282275	0.004487993653
282276	0.005060876477
282277	0.007760492979
282278	0.009753537742
282279	0.001129077163
282280	0.004822385764
282281	0.001152659324
282282	0.001125423198
282283	0.001511295743
282284	0.001136567132
282285	0.001695853544
282286	0.003933045613
282287	0.005210192936
282288	0.0006328662593
282289	0.003715453485
282290	0.001720715701
282291	0.001690098712
282292	0.001597248408
282293	0.001519249308
282294	0.001869882148
282295	0.003192282373
282296	0.001847308543
282297	0.003693826909
282298	0.003519035188
282299	0.002152707735
282300	0.001479616464
282301	0.002187518876
282302	0.00121037028
282303	0.00198006228
282304	0.004377581885
282305	0.002934460621
282306	0.003891391638
282307	0.003631244554
282308	0.002691790811
282309	0.0005986439977
282310	0.0009637058032
282311	0.0003789872813
282312	0.0002008333333
282313	4.854934093e-05
282314	0.001496977926
282315	0.01328035848
282316	0.002798225373
282317	0.0008551430529
282318	0.002826252948
282319	0.002165305319
282320	0.002451789773
282321	0.001533026835
282322	0.001415922618
282323	0.002611750326
282324	0.01485200327
282325	0.006603104221
282326	0.0008095109321
282327	0.001863070605
282328	0.002316114655
282329	0.006397933256
282330	0.002890619628
282331	0.0001450937667
282332	0.0006551370819
282333	0.003679260912
282334	0.005671686291
282335	0.00338543857
282336	0.008827257558
282337	0.006033900969
282338	0.000764114312
282339	0.001798321447
282340	0.001859945157
282341	0.001399074398
282342	0.001308578357
282343	0.0008707990559
282344	0.002270648024
282345	0.001849292351
282346	0.001785834402
282347	0.01133142913
282348	0.004313944966
282349	0.005854265082
282350	0.004631308665
282351	0.001094690995
282352	0.0002325174147
282353	0.002317663286
282354	0.002542684917
282355	0.001247052559
282356	0.001821829993
282357	0.001737403165
282358	0.0022010652
282359	7.231103638e-05
282360	0.005877699116
282361	0.002160053041
282362	0.001362850644
282363	0.0001650852694
282364	0.006701919906
282365	0.004670983742
282366	0.002770682865
282367	0.0006407406789
282368	0.0008498055676
282369	0.007478693396
282370	0.001137624956
282371	0.0001977148502
282372	0.004994492937
282373	0.00348298948
282374	0.008840288655
282375	0.0004152573997
282376	0.003638838588
282377	0.001954813143
282378	0.001585520515
282379	0.0007000777935
282380	0.0006957813638
282381	0.003572143785
282382	0.001771496108
282383	0.0009449777613
282384	0.001386132168
282385	0.002189915987
282386	0.002289788814
282387	0.00241474528
282388	0.004515066681
282389	0.001956481898
282390	0.004736834299
282391	0.002806399832
282392	0.002734920477
282393	0.002671046426
282394	0.002400333748
282395	0.001454172853
282396	0.001196244661
282397	0.001103794521
282398	0.001730398294
282399	0.00280747207
282400	0.002165083371
282401	0.001746244901
282402	0.001198362895
282403	0.001532666005
282404	0.001314165586
282405	0.001949612253
282406	0.0002692048303
282407	0.0001351107095
282408	0.003244672199
282409	0.0007227959705
282410	0.001243236154
282411	0.00132226222
282412	0.0008582979873
282413	0.002172400377
282414	0.003233280308
282415	0.001146483355
282416	0.0009222226132
282417	0.002706988263
282418	0.004602672226
282419	0.002274551877
282420	0.002070627276
282421	0.002059679448
282422	0.004140612219
282423	0.002372303411
282424	0.002301586112
282425	0.004071913726
282426	0.004050622968
282427	0.001382868171
282428	0.0002620341413
282429	0.0001610392014
282430	0.001344660002
282431	0.003878709677
282432	0.001767832048
282433	0.003086130775
282434	0.002895477689
282435	0.002201800872
282436	0.002588223292
282437	0.001929280507
282438	0.002066379088
282439	0.002169374237
282440	0.003074925559
282441	0.003000214265
282442	0.00182874576
282443	0.001397881715
282444	0.002022645282
282445	0.001713858839
282446	0.0005357166791
282447	0.0002739189542
282448	0.0003056967139
282449	0.0005007943995
282450	0.0004940957701
282451	0.0004984557594
282452	0.0004881796307
282453	0.00049781229
282454	0.0005355540431
282455	0.0005652440798
282456	0.0005654099209
282457	0.0005072528062
282458	0.0003312951064
282459	0.0004368633651
282460	0.0004246471905
282461	0.0002041360296
282462	0.0005173136944
282463	0.0004113824202
282464	0.0003897005239
282465	0.0003891942343
282466	0.0003112896323
282467	0.0003181368797
282468	0.0004274059693
282469	0.0004970552929
282470	0.000535158415
282471	0.0005130072839
282472	0.000521135115
282473	0.0005468616401
282474	0.0005211863215
282475	0.0005473574231
282476	0.0005020044393
282477	0.0005563430613
282478	0.0005390578663
282479	0.0004961268469
282480	0.0004122602682
282481	0.0002398849588
282482	0.0004182236069
282483	0.0005242673467
282484	0.0005711850091
282485	0.0004287708803
282486	0.0004219871291
282487	0.0004228840273
282488	0.0004980134695
282489	0.0005082172715
282490	0.0001874270012
282491	0.0005773844193
282492	0.0005134619447
282493	0.0003172029713
282494	0.0005116462317
282495	0.0002502457428
282496	0.0005116905357
282497	0.0005703763341
282498	0.0005517893847
282499	0.0005000875659
282500	0.0004937181492
282501	0.0005186524274
282502	0.0005435528172
282503	0.0005035488489
282504	0.000435158637
282505	0.0004444994683
282506	1.918445691e-06
282507	0.006635090315
282508	0.0003409444614
282509	0.003740775623
282510	0.009200879404
282511	0.007868034285
282512	0.006463431727
282513	0.007329618749
282514	0.006209866592
282515	0.005748362856
282516	0.002871087409
282517	0.006219423536
282518	0.005826303585
282519	0.004839826161
282520	0.006595126337
282521	0.004894278671
282522	0.007543513527
282523	0.005364158904
282524	0.00639488466
282525	0.00626962436
282526	0.0074350089
282527	0.008009749332
282528	0.005887642593
282529	0.006903638212
282530	0.005741806253
282531	0.005603474677
282532	0.001207526016
282533	0.00627469887
282534	0.007692265086
282535	0.006460525385
282536	0.001809464352
282537	0.0006267930668
282538	0.002798143678
282539	0.003500781416
282540	0.003594503775
282541	0.002852151465
282542	0.005487895213
282543	0.007274019321
282544	0.008469654373
282545	0.003824423385
282546	0.003480969703
282547	0.00853832799
282548	0.006886953059
282549	0.001467604774
282550	0.008000840095
282551	0.007892047689
282552	0.0003283180237
282553	0.006016043006
282554	0.00142353442
282555	0.008743683579
282556	0.007608416925
282557	0.007696335661
282558	0.003266525803
282559	0.008114732512
282560	0.006874440052
282561	0.004854900563
282562	0.01302691342
282563	0.009159581548
282564	0.002566270465
282565	0.007866265421
282566	0.002640032026
282567	0.003549615769
282568	0.006725760531
282569	0.002624797266
282570	0.006202022138
282571	0.01822753901
282572	0.0008119079101
282573	0.007453796362
282574	0.003032295149
282575	0.002108687763
282576	0.005299472248
282577	0.001946116761
282578	0.002976389179
282579	0.006584375677
282580	0.001745872649
282581	0.0004811780685
282582	1.039406025e-05
282583	0.00171611778
282584	0.0002868710924
282585	0.0008525457709
282586	0.001400293814
282587	1.985296526e-07
282588	0.0006441916392
282589	1.800582081e-06
282590	0.004550023181
282591	0.01469315762
282592	0.006659429336
282593	0.002459660662
282594	0.005890214649
282595	0.009913604507
282596	0.0009071593219
282597	0.005385614777
282598	0.01133161127
282599	0.006351688215
282600	0.0002100992356
282601	0.007600812351
282602	6.829309733e-05
282603	0.001708015798
282604	0.0002064757725
282605	0.002282886279
282606	0.001872416311
282607	0.004241693663
282608	0.001798502936
282609	0.00416624582
282610	0.00229569026
282611	0.001677872908
282612	1.670463524e-06
282613	0.001465983458
282614	0.0003513849138
282615	0.0004509328754
282616	0.0004135502943
282617	0.001386395739
282618	1.177049101e-06
282619	0.0006266871008
282620	0.001655304954
282621	0.0005987319238
282622	9.972541209e-06
282623	0.001902728219
282624	0.0002707800243
282625	1.257083019e-06
282626	4.803253238e-06
282627	0.001459924495
282628	0.001475799779
282629	0.001386044594
282630	0.001473402758
282631	0.0001686258409
282632	0.0001750167905
282633	0.001906476045
282634	0.002686587001
282635	0.0009845520681
282636	0.00125805838
282637	0.0004612429358
282638	0.0006545369406
282639	0.001091062744
282640	0.0009919396223
282641	0.001914777665
282642	0.0001028444195
282643	5.164546088e-05
282644	0.00049605768
282645	0.0007904009573
282646	0.0009827285446
282647	0.0006027214046
282648	0.005751565724
282649	4.396393584e-05
282650	0.000180598727
282651	0.0003831918303
282652	0.001179464234
282653	0.0003813474919
282654	6.044074112e-05
282655	5.66370285e-05
282656	0.0002870128874
282657	0.0001127570754
282658	0.0001116146859
282659	0.0007338526367
282660	0.000461443247
282661	6.708240864e-05
282662	5.371258706e-05
282663	0.0003595949207
282664	0.0002143226685
282665	0.0003689863736
282666	0.0003827397669
282667	0.0001308178193
282668	0.0004081247934
282669	0.0002426973987
282670	0.001601601159
282671	0.0006348233591
282672	5.625690388e-05
282673	0.0001754375057
282674	0.0008288064947
282675	0.0001152815793
282676	0.0001077094202
282677	0.0001733100474
282678	0.0004459923716
282679	0.0001992272426
282680	0.0001937059859
282681	0.0005003742349
282682	0.000806001031
282683	0.0003807157318
282684	0.0002696365338
282685	0.0002041577675
282686	4.905699418e-06
282687	0.000176879741
282688	0.0003061274711
282689	0.0003523418135
282690	0.0001360935226
282691	0.0003282167163
282692	0.000511603308
282693	0.0001741059603
282694	0.0004114997557
282695	0.0001902257943
282696	9.875321207e-05
282697	0.0001724333151
282698	3.127356665e-05
282699	0.0002935153835
282700	0.0002195281139
282701	0.002180040554
282702	0.0001826079622
282703	0.0002081447644
282704	0.0001289463082
282705	7.622549822e-05
282706	0.0007120839204
282707	0.0003541330971
282708	9.468767064e-05
282709	0.0001775720221
282710	3.878290602e-05
282711	7.183009049e-05
282712	0.0009678371719
282713	5.620095107e-05
282714	0.001222910514
282715	0.000526906975
282716	0.0001429346129
282717	0.0009268911743
282718	6.412837153e-05
282719	0.000780064637
282720	0.0002120846744
282721	0.0005660422243
282722	0.0004419314964
282723	0.0002939230141
282724	0.0007465384439
282725	0.0003461362296
282726	0.0003168918117
282727	0.001065549761
282728	0.003381375494
282729	0.0005791016638
282730	3.78750311e-05
282731	0.001006932505
282732	0.0002203291872
282733	0.0001536168222
282734	0.0002260289134
282735	0.0006302767413
282736	7.091792781e-06
282737	8.650364856e-05
282738	0.002081485675
282739	0.0001993824767
282740	0.0001577680613
282741	0.0007828878878
282742	7.495423361e-05
282743	0.002817881774
282744	1.01838014e-05
282745	0.0001880641727
282746	9.554697196e-06
282747	0.0003038222052
282748	0.0004528461758
282749	0.00093839668
282750	0.0002494234087
282751	0.0005436266179
282752	1.105975426e-05
282753	3.454387171e-05
282754	0.0006448102701
282755	0.0001189175517
282756	0.0003461721834
282757	0.0002020776545
282758	0.0007153489471
282759	0.0001926517381
282760	0.008214685272
282761	0.0009465956044
282762	0.0008209984461
282763	0.0009408489506
282764	0.0001972004136
282765	0.000345269898
282766	0.001453321178
282767	0.0001080043373
282768	0.003148198831
282769	0.000276996047
282770	0.005551495648
282771	0.003126228486
282772	0.0005047974943
282773	0.0001718827241
282774	0.0009703412984
282775	0.004411345547
282776	0.001641569224
282777	0.0001687915594
282778	0.001361395571
282779	0.0004958004219
282780	0.00425836495
282781	0.004998897963
282782	7.351518227e-06
282783	0.0001392300301
282784	0.005230515382
282785	0.001556302549
282786	5.241471892e-05
282787	0.001209713077
282788	0.008462661363
282789	0.001694214969
282790	0.0009052298099
282791	0.0003176083192
282792	0.001077346133
282793	0.002954161671
282794	0.001180016592
282795	0.0001086185764
282796	0.001967424738
282797	0.0008376623174
282798	0.001690350187
282799	0.0003940700162
282800	0.00215835061
282801	9.924715955e-05
282802	0.001366711704
282803	0.0004503305544
282804	0.0007424335046
282805	0.0004397218058
282806	0.0003483507231
282807	9.517120628e-05
282808	0.0008740187838
282809	0.001884454985
282810	0.001453155585
282811	0.0007688325726
282812	0.0001957680953
282813	0.0005399680554
282814	0.0007869753893
282815	0.0008527089239
282816	0.0003667914412
282817	3.309370517e-05
282818	0.0006068859023
282819	0.003021854228
282820	0.0001307706234
282821	0.00071818965
282822	0.0002480094964
282823	0.001418223838
282824	3.495963406e-05
282825	0.0002085373489
282826	0.005418959342
282827	0.000248231696
282828	0.0004243583787
282829	0.0007101965333
282830	0.001686815512
282831	0.001390496905
282832	0.000211315959
282833	0.000240966724
282834	1.352609964e-06
282835	0.0008609702815
282836	0.0003473820633
282837	0.000311167545
282838	0.00187875865
282839	4.59021228e-05
282840	0.0001959156774
282841	0.0008535674229
282842	2.539990847e-05
282843	0.0003243926758
282844	0.0003824819616
282845	0.0009534971934
282846	0.0007032636906
282847	0.0008061533458
282848	0.0009075316418
282849	8.309391229e-05
282850	0.00574340181
282851	5.752376956e-06
282852	0.0015163106
282853	0.001716795551
282854	0.001196809591
282855	0.0002905382144
282856	4.48870514e-05
282857	0.0005893355323
282858	0.0001257514683
282859	3.715048738e-05
282860	0.0006896274306
282861	0.000203504656
282862	0.003250266958
282863	0.009293592764
282864	0.002418394942
282865	0.0024248973
282866	0.003744814293
282867	0.001482804178
282868	0.002835906728
282869	0.00104050542
282870	4.536178366e-05
282871	0.007382891025
282872	0.006595937531
282873	0.002437167111
282874	0.005440825196
282875	0.00222736977
282876	0.001248602303
282877	0.001679837069
282878	0.006265516269
282879	0.003982306053
282880	0.001065361827
282881	0.0006635545434
282882	0.002381133318
282883	0.01029415722
282884	0.002391837643
282885	0.006409053407
282886	0.001947262319
282887	0.001996709621
282888	0.004564002461
282889	0.01014503122
282890	5.114897781e-05
282891	0.0009166982223
282892	0.00347752708
282893	0.003445583754
282894	0.006175463595
282895	0.006360224999
282896	0.0106403792
282897	0.0007873635935
282898	0.0008111052082
282899	0.0006307488355
282900	0.007950340966
282901	0.008309654581
282902	0.005801452822
282903	0.003937654039
282904	0.0029783659
282905	0.01003421049
282906	0.001891623993
282907	0.002414525954
282908	0.002538285533
282909	0.003317216727
282910	0.004395821934
282911	0.001075713272
282912	0.004541471611
282913	0.00232166618
282914	0.002300662143
282915	0.0008680736508
282916	2.98114797e-05
282917	0.004673529633
282918	0.01225867261
282919	0.008486944366
282920	0.01242606305
282921	0.001616581892
282922	0.0001651226225
282923	0.004062524838
282924	0.007189105563
282925	0.00685808599
282926	0.003426407362
282927	0.01530311415
282928	0.001740652194
282929	0.006367474782
282930	0.007262081342
282931	0.0004928879467
282932	0.005901952339
282933	0.006699399597
282934	0.002274781988
282935	0.01170261945
282936	0.00616640602
282937	0.001357698672
282938	0.01467786826
282939	0.0001006609964
282940	0.001036436199
282941	0.008778024943
282942	0.006779994083
282943	0.003327117929
282944	0.00698820546
282945	0.002520324475
282946	0.0006760524965
282947	0.001231540097
282948	0.001007951538
282949	0.005876484498
282950	0.01186089892
282951	0.004862875396
282952	0.0002376712877
282953	0.0007834416229
282954	0.007344250618
282955	0.004731327359
282956	0.005974418166
282957	0.001257826403
282958	0.0005876387269
282959	0.0002224842506
282960	0.006411296403
282961	0.006197026006
282962	0.0002870108983
282963	0.000194244532
282964	0.008432089269
282965	0.002227492132
282966	0.002420412727
282967	0.006909462408
282968	0.002637154431
282969	0.003313754776
282970	0.01130469245
282971	0.001559988739
282972	0.003169503969
282973	0.0114349579
282974	0.005413737389
282975	0.008357014366
282976	0.003678923206
282977	0.003695339829
282978	0.0004081911999
282979	0.001556733816
282980	0.004335090735
282981	0.001168458182
282982	0.0002945497306
282983	0.004857541534
282984	0.000171543456
282985	0.01437220701
282986	0.001451133555
282987	0.0006264416242
282988	0.00675362696
282989	0.0003547498597
282990	0.0003580545093
282991	0.003942573932
282992	0.0007372196818
282993	0.008239177738
282994	0.0005730223497
282995	0.002960575548
282996	0.002081550884
282997	0.001053246544
282998	0.003525350549
282999	0.0009955172843
283000	0.004740334007
283001	0.00199497015
283002	0.003898038404
283003	0.001656790805
283004	0.0007451352432
283005	0.002306642072
283006	0.001259930246
283007	0.0004493926357
283008	0.001125565878
283009	0.001940821206
283010	0.0002949185126
283011	0.0006936605221
283012	0.0004956584144
283013	0.001332618285
283014	0.002411359531
283015	0.004625473438
283016	0.002928859753
283017	0.009009379833
283018	0.00784681642
283019	0.001968768754
283020	0.001763377718
283021	0.006540696963
283022	0.004044045605
283023	0.0002159074544
283024	0.0006021817157
283025	0.003268095698
283026	0.008218671393
283027	0.009062290926
283028	0.003119892037
283029	0.005076108337
283030	4.828483163e-05
283031	0.01120078167
283032	0.002337232166
283033	0.0002286546352
283034	0.001715167547
283035	0.002294722816
283036	0.005923639112
283037	0.01197017713
283038	0.002971170102
283039	0.003016557496
283040	0.002478179487
283041	0.0001447632206
283042	0.0003255837345
283043	0.0007733777412
283044	0.001672922669
283045	0.0007013131404
283046	0.001445502376
283047	0.001556530988
283048	0.0005218185169
283049	0.001137266104
283050	0.0006341417609
283051	0.002227440796
283052	0.001341259234
283053	0.005898650489
283054	0.00646728514
283055	0.002469631335
283056	0.0008559238524
283057	0.001603532242
283058	9.495542113e-05
283059	0.003952158667
283060	0.001377673613
283061	0.001128920247
283062	0.003996706191
283063	0.002595142849
283064	0.005079648047
283065	0.007376615993
283066	0.0004037150449
283067	0.0003685658461
283068	0.00826074583
283069	0.009470588373
283070	8.157076466e-05
283071	0.002222988608
283072	0.002608063331
283073	0.0009818266633
283074	0.006362988322
283075	0.003194698238
283076	0.003028680448
283077	0.003619876627
283078	0.003462404684
283079	0.0008424441055
283080	0.0006754339644
283081	0.003957235842
283082	0.007220456136
283083	0.00406835721
283084	0.000278428328
283085	2.77858758e-05
283086	0.002038667581
283087	0.005074923041
283088	0.0003615704715
283089	0.00299734735
283090	0.001501398024
283091	0.001124494541
283092	0.006574665715
283093	0.002368933519
283094	0.004940959482
283095	0.01062872773
283096	0.001093916117
283097	0.0001456159036
283098	0.0132628457
283099	0.009190357464
283100	0.000917741339
283101	0.004048298706
283102	0.0008033111398
283103	0.000484613908
283104	0.006337922713
283105	8.167938598e-06
283106	0.007837451436
283107	0.002045335084
283108	0.003391663883
283109	0.001928301384
283110	0.000487797268
283111	0.003113350249
283112	0.002957972236
283113	0.0006942427358
283114	0.004864423126
283115	0.001890346419
283116	0.002187910678
283117	0.004752536024
283118	0.0002042261735
283119	0.001254491303
283120	0.002318424551
283121	0.001133290826
283122	0.01447561177
283123	0.006729605729
283124	0.003958476545
283125	0.01259338285
283126	0.0007066255592
283127	0.005161931555
283128	0.001062764959
283129	0.003297961307
283130	0.0004900961528
283131	1.533681919e-05
283132	0.0007281571102
283133	0.01991222488
283134	0.004477227763
283135	0.0005281816785
283136	0.005686272606
283137	0.001287982718
283138	0.005550251222
283139	0.0006808483485
283140	0.004471690824
283141	0.002344197567
283142	0.00671671123
283143	0.004007358755
283144	0.0006682924211
283145	0.001198864122
283146	0.002049092359
283147	0.004326724397
283148	0.002323073487
283149	0.004216513786
283150	0.0005857546083
283151	0.002113581455
283152	0.000125171503
283153	0.002970356962
283154	0.000207579808
283155	0.001513110299
283156	0.007573636274
283157	0.0003819361725
283158	0.00187658876
283159	0.002524253454
283160	0.003294394049
283161	0.00126544874
283162	0.001774510863
283163	0.002129606255
283164	0.0009839354548
283165	0.004857269461
283166	0.0003647455122
283167	0.0002669179674
283168	0.001423448843
283169	0.0004934016616
283170	0.001349938261
283171	0.003876581903
283172	0.002645585322
283173	0.001673790537
283174	0.002363302843
283175	2.689886011e-05
283176	0.001087187284
283177	0.001031392751
283178	0.002121617146
283179	0.0005617463272
283180	0.001537687508
283181	0.002509584516
283182	0.002075982736
283183	0.002782867923
283184	0.0003788033101
283185	0.004973359785
283186	0.001710950414
283187	0.001250947933
283188	0.001384614367
283189	0.00120492103
283190	0.001606490242
283191	0.0005053370919
283192	0.0003402719283
283193	0.002589022874
283194	0.003975952759
283195	0.00213538689
283196	0.001562460347
283197	0.001261006558
283198	0.0003971693309
283199	0.003328863858
283200	0.001888861718
283201	0.003011937966
283202	0.005331736235
283203	0.001699562054
283204	0.001055722086
283205	0.001714789552
283206	0.002402621122
283207	2.50818014e-05
283208	0.0002518579574
283209	0.0003645609694
283210	0.002674298246
283211	0.001389672133
283212	0.001375050774
283213	0.001570112897
283214	0.001683680802
283215	0.003239893346
283216	0.0005344453434
283217	0.001372400809
283218	0.0007757738009
283219	0.002801146169
283220	0.001146124715
283221	0.001839112428
283222	0.001027472857
283223	0.001933453993
283224	0.0020823253
283225	0.003779431558
283226	0.004693648841
283227	0.005232783488
283228	0.001332245998
283229	0.003449781916
283230	0.001687054367
283231	0.0009380678851
283232	0.006117539572
283233	0.004750536639
283234	0.003834562017
283235	0.001673627062
283236	0.0002944710682
283237	0.002077755479
283238	0.003187836982
283239	0.003492065696
283240	0.001669255263
283241	0.005419838047
283242	0.004690651278
283243	0.003265744037
283244	0.006209077868
283245	0.001157934894
283246	0.001882886187
283247	0.003014510825
283248	0.002116517009
283249	0.0001648237271
283250	0.002114265347
283251	0.001900037603
283252	0.01064846411
283253	0.001976411233
283254	0.001474747322
283255	0.005187013751
283256	0.002008297942
283257	0.001094864264
283258	0.001599974919
283259	0.0002924790207
283260	0.002561977423
283261	0.001302507197
283262	0.0009017875487
283263	0.000531530221
283264	0.006899469826
283265	0.0003259465645
283266	0.002224639174
283267	0.004429011654
283268	0.001506283674
283269	0.0002288136379
283270	0.006830557598
283271	0.003082060592
283272	0.00401733852
283273	0.0001362079634
283274	0.0003625112017
283275	7.234292724e-05
283276	0.00196259595
283277	0.0007600746168
283278	0.0001268118382
283279	0.0006744339345
283280	0.001405760887
283281	0.00507899628
283282	0.0007865852835
283283	0.002784039222
283284	0.002046066334
283285	0.004473058764
283286	0.0005660022319
283287	0.002482649013
283288	0.001971156571
283289	0.002447326588
283290	0.001923776967
283291	0.0009111165669
283292	0.0010298368
283293	0.005745012418
283294	0.00718950901
283295	0.0003146310264
283296	0.0009359706795
283297	0.0006528258317
283298	0.007906140005
283299	0.00187072875
283300	0.001374504784
283301	5.527905018e-05
283302	0.001860499767
283303	0.00079271904
283304	0.0036271522
283305	0.00172288223
283306	0.0006096794371
283307	0.001891352572
283308	0.001796008778
283309	0.001904171045
283310	0.005051371651
283311	2.815047482e-05
283312	0.002768583735
283313	0.0004044890349
283314	0.003719071827
283315	0.004322961582
283316	0.001832639488
283317	0.0002501273893
283318	0.00411456009
283319	0.004869051835
283320	0.0002504962301
283321	0.001473806284
283322	0.004185919951
283323	3.668769946e-07
283324	0.00184946479
283325	0.0007865122837
283326	0.004140645642
283327	0.001150297155
283328	0.001458255317
283329	0.0002959056463
283330	0.0003443688938
283331	0.0002732513018
283332	0.001589385107
283333	0.0001219876479
283334	0.008236872978
283335	0.0002505735224
283336	0.0002584175348
283337	0.0004828160341
283338	0.001868332606
283339	0.002566400234
283340	0.001400803395
283341	0.002796504428
283342	0.0007101659124
283343	0.000770737419
283344	0.004464168404
283345	0.002620560435
283346	0.0008462089205
283347	0.00348571703
283348	0.002644933027
283349	0.0002246083768
283350	0.001865820432
283351	0.002025433356
283352	0.003550817247
283353	0.0006066143053
283354	0.0009240946953
283355	0.003300799921
283356	0.0001574813534
283357	0.002173249037
283358	0.02046471063
283359	0.008670480812
283360	0.002522637269
283361	0.000715792576
283362	0.0002455738999
283363	0.001538810857
283364	0.001054394865
283365	0.0002853070459
283366	0.009081284214
283367	0.005346241923
283368	0.00290960131
283369	0.001200033805
283370	0.006155680414
283371	0.006588401962
283372	0.003513521921
283373	0.01170442869
283374	0.00760287691
283375	0.004113758458
283376	0.003037992998
283377	0.001734801366
283378	0.0006168888313
283379	0.003419051955
283380	1.849000738e-05
283381	0.00738753555
283382	0.008358812441
283383	0.005074370993
283384	0.0002104466416
283385	0.001161758689
283386	0.0002584549056
283387	0.0009465869704
283388	0.004458354996
283389	0.002519493952
283390	0.006133666017
283391	0.01965448077
283392	0.00357978844
283393	0.0007505953642
283394	0.001854373916
283395	0.004896572012
283396	0.005276090539
283397	0.001591140652
283398	0.00420934781
283399	0.003003116124
283400	0.001950753807
283401	0.0028353132
283402	0.0007103923467
283403	0.001163577293
283404	0.001531068082
283405	0.003616736335
283406	0.0008689472721
283407	0.001024384884
283408	0.0009759946249
283409	0.001417314813
283410	2.081184571e-05
283411	0.002248605233
283412	0.001993722902
283413	0.001417770766
283414	0.002202776281
283415	0.0004268198897
283416	0.002542937371
283417	8.046444398e-05
283418	0.001814986733
283419	0.0007250144529
283420	0.002601371403
283421	0.00142502796
283422	0.001107269847
283423	0.0005116055807
283424	0.000490164969
283425	0.001746565806
283426	0.0001391440593
283427	0.001226194311
283428	0.0003209302944
283429	0.002805695169
283430	0.001684981835
283431	0.001744620175
283432	0.002386971217
283433	0.0009260284738
283434	0.002061767494
283435	0.0008992458205
283436	0.002081678297
283437	0.0007623948053
283438	0.001975733604
283439	0.002357375516
283440	0.001099691232
283441	0.0009830307277
283442	8.466033212e-06
283443	0.004130348981
283444	0.0003311498556
283445	0.0004404131939
283446	0.004374094899
283447	0.00282960063
283448	0.00248667206
283449	0.001586475278
283450	0.001667421234
283451	0.004441559145
283452	0.004718650446
283453	0.002008193136
283454	0.0002132068571
283455	0.001104480595
283456	0.00197175502
283457	0.002841388249
283458	0.0003126928811
283459	0.001354769624
283460	0.001479687089
283461	0.0007539541878
283462	0.0006116904473
283463	0.003059778588
283464	0.0008007202241
283465	0.001403509082
283466	4.234834986e-06
283467	0.006029926861
283468	0.002575389727
283469	0.001754469093
283470	0.001211616342
283471	0.0005077167807
283472	0.001194418081
283473	0.000542211924
283474	0.001321422825
283475	0.001490658091
283476	0.002068415905
283477	0.001908138653
283478	0.0007366956122
283479	0.001988856746
283480	0.001016505376
283481	0.002235191166
283482	0.0008515573159
283483	0.005226678669
283484	0.001154865796
283485	0.0009390034261
283486	0.006731885783
283487	0.002962156385
283488	0.0003251361294
283489	0.002326815963
283490	0.006546098912
283491	0.001694407519
283492	0.000103517543
283493	0.001691943419
283494	0.00341112677
283495	0.001758951382
283496	0.008883421106
283497	0.0009741937924
283498	0.005887796599
283499	0.0005074288143
283500	0.004985735046
283501	0.005659958477
283502	0.00116388516
283503	0.0009890596041
283504	0.009095310723
283505	0.003760394813
283506	0.0008408152703
283507	0.006298457216
283508	0.008996551178
283509	0.005477291828
283510	0.003876121203
283511	0.001548649266
283512	0.001644280535
283513	0.002159613611
283514	0.001861725393
283515	0.002799687372
283516	0.004811072218
283517	0.001296051134
283518	0.0003822392922
283519	0.001013175748
283520	0.00189045709
283521	0.002217178004
283522	0.0008076616467
283523	0.002309514357
283524	0.0006398052642
283525	0.001991706787
283526	0.0001511246322
283527	0.001416869112
283528	0.002052799695
283529	0.002712005024
283530	0.0005275159129
283531	0.0007538427854
283532	0.002456127125
283533	0.0008250241502
283534	0.00619434006
283535	0.003118992613
283536	0.00243651377
283537	0.0006595975639
283538	0.0116196674
283539	0.007051576702
283540	0.003855960216
283541	0.005216933516
283542	0.0008532163305
283543	0.005568481354
283544	0.001273824403
283545	0.00642238681
283546	0.004437112414
283547	0.001075318618
283548	0.003702008467
283549	0.0005816721805
283550	0.003223875268
283551	0.003396934931
283552	0.002802022513
283553	0.002923900011
283554	0.004515193518
283555	0.002260872593
283556	0.003849816631
283557	0.0004330373721
283558	0.0005038243678
283559	0.001086195918
283560	0.002238466411
283561	0.003126710379
283562	0.00386100246
283563	8.102012343e-05
283564	0.004406691515
283565	0.001375225461
283566	0.003705849157
283567	5.901968501e-05
283568	0.0004240243063
283569	0.0001717429825
283570	0.003849114473
283571	0.0006128904383
283572	0.005511868484
283573	0.005427986202
283574	0.00140249079
283575	0.003326350153
283576	0.001604403526
283577	0.003652180104
283578	0.001931564512
283579	0.001652348887
283580	0.007111583949
283581	0.0009487757913
283582	0.001972951295
283583	9.544518739e-05
283584	0.000960857558
283585	0.0003068258919
283586	0.002225997784
283587	0.0007125972741
283588	0.002557428589
283589	0.003434541436
283590	0.002048019273
283591	0.003119129287
283592	0.003523879504
283593	0.001963023114
283594	0.003866665076
283595	0.003312840423
283596	0.0002080333488
283597	0.000829560117
283598	0.002040276673
283599	0.0009385195854
283600	0.0001952143613
283601	0.00276322218
283602	0.001385195299
283603	0.0004776331733
283604	0.002204322793
283605	0.002281369136
283606	0.0007191319961
283607	0.0002822017793
283608	0.004994769712
283609	0.0004636950414
283610	0.0006398514275
283611	0.0004345685722
283612	0.002323387744
283613	0.005563033132
283614	0.001409163628
283615	0.001980825213
283616	0.0007157984716
283617	0.001110982352
283618	0.0001285367572
283619	0.0008161819489
283620	0.0004327411456
283621	0.001408394747
283622	0.0002220496208
283623	0.0002220777376
283624	0.0004300668788
283625	0.0002110456333
283626	0.000429858525
283627	8.053608266e-07
283628	0.002086389367
283629	0.0002163886169
283630	0.003861853262
283631	0.001585162478
283632	0.006793750323
283633	0.003998176743
283634	0.001845752296
283635	0.00153343757
283636	0.001824148642
283637	0.003867835148
283638	0.002240456615
283639	0.0006396048527
283640	0.003124839427
283641	0.005568549274
283642	0.006544112143
283643	0.004334133161
283644	0.005664246207
283645	0.001106891825
283646	0.001278743512
283647	0.001282060858
283648	0.0001976622658
283649	2.344666416e-07
283650	0.0006412537976
283651	0.001782569498
283652	0.001170699124
283653	0.005099648831
283654	0.001940897867
283655	0.0005441110925
283656	0.0003191926535
283657	0.001860156333
283658	0.002140228553
283659	0.00272053086
283660	0.001635058177
283661	0.000638927014
283662	0.006549192462
283663	0.002050341631
283664	0.007167719064
283665	0.004544207888
283666	0.002384113578
283667	0.0006416195998
283668	0.0008530367913
283669	0.003311292355
283670	0.0006352170047
283671	0.007453695238
283672	0.003612208919
283673	0.003226742082
283674	3.355548204e-07
283675	0.005896723059
283676	0.001694850941
283677	0.003007803066
283678	3.632814392e-06
283679	0.000311526288
283680	0.0002917639293
283681	0.001335466467
283682	0.004883717608
283683	0.004141190455
283684	0.006041751617
283685	0.001163336984
283686	0.003053980876
283687	0.002973950484
283688	0.00220867998
283689	1.489995743e-07
283690	0.001227727345
283691	0.001004654824
283692	0.00665870232
283693	0.0009683298756
283694	0.007341762262
283695	0.001040335938
283696	0.004386948565
283697	0.00286694931
283698	0.006554531805
283699	0.001433347003
283700	0.005069161408
283701	0.006478756371
283702	0.001305046494
283703	0.004005146597
283704	0.0005948075208
283705	0.004579808967
283706	0.006045014517
283707	0.003850159717
283708	0.0009757396552
283709	0.0007765741536
283710	0.0006561726433
283711	0.0008689319842
283712	0.000236794455
283713	0.001696648205
283714	0.0008851286249
283715	0.0003175062096
283716	0.001316738174
283717	0.00209504718
283718	0.002306504278
283719	0.002627544242
283720	0.0007786459281
283721	0.001149315548
283722	0.01075572237
283723	0.01013126008
283724	0.003306865626
283725	0.009653212269
283726	0.0033553088
283727	0.001639709426
283728	0.0001294546255
283729	0.0008482400878
283730	0.005963217579
283731	0.009292344273
283732	0.0006471300662
283733	0.006424829639
283734	0.007999330622
283735	6.140092347e-09
283736	0.009177852504
283737	0.002708305665
283738	0.005753311745
283739	0.001112526378
283740	0.004141399711
283741	0.001002245318
283742	0.0005325185097
283743	0.0008671206437
283744	0.0016332748
283745	0.0004435647263
283746	0.00470037123
283747	0.004173434738
283748	0.003709029124
283749	0.00394266366
283750	0.0002222227585
283751	0.001047603826
283752	0.01266057354
283753	0.007514094569
283754	1.714897974e-06
283755	0.003910275065
283756	0.0004984067776
283757	0.0001159989585
283758	0.0003744261118
283759	0.002536664754
283760	0.001027625254
283761	0.003577403988
283762	0.001862107134
283763	0.001457475793
283764	0.001036101742
283765	0.00102934832
283766	0.006349936551
283767	0.0003731700583
283768	0.001097964421
283769	0.001009279511
283770	0.01455292169
283771	0.0003336418024
283772	0.0004896608837
283773	0.004626745073
283774	0.001449449276
283775	0.001135629612
283776	0.001080730652
283777	0.0009276545694
283778	0.003385840245
283779	0.0007752883111
283780	0.002776376716
283781	0.0009842645654
283782	0.0004555066385
283783	0.0005745372906
283784	0.005509227795
283785	0.002759780338
283786	0.002289049485
283787	0.001084951743
283788	0.001696803547
283789	0.001326542307
283790	0.0008805343204
283791	0.002065812149
283792	0.0009173397428
283793	0.0002488847975
283794	0.002810034496
283795	0.0009545334173
283796	0.0005476591196
283797	0.005997352512
283798	0.001510706301
283799	0.005439960319
283800	0.004647153874
283801	0.001535915069
283802	0.00407661648
283803	0.001861457872
283804	0.0006448760229
283805	0.006228630394
283806	0.0003949563185
283807	0.002799751974
283808	0.000340867371
283809	0.00499184075
283810	0.003951382997
283811	0.003377210281
283812	5.653234856e-05
283813	0.004934354979
283814	0.004246243904
283815	0.0005672252894
283816	0.005075560099
283817	0.007289557756
283818	0.00267516655
283819	0.0003609550383
283820	0.003835843902
283821	0.003783205407
283822	0.002762021747
283823	0.003671783634
283824	0.006596211821
283825	0.0001304172097
283826	0.001532320577
283827	0.00114368951
283828	0.001713860577
283829	0.002347713125
283830	0.001672381722
283831	0.002070517204
283832	0.0101995142
283833	0.007577218751
283834	0.002492499935
283835	0.001275547777
283836	0.005563779636
283837	0.003989937385
283838	0.002306344966
283839	3.826013193e-05
283840	0.001725167715
283841	0.002720012794
283842	0.001686285959
283843	0.001942189224
283844	0.0002863823284
283845	0.005736632178
283846	0.003163770397
283847	0.0001626152137
283848	0.0005899751594
283849	0.005260637566
283850	0.00449742349
283851	0.001743183895
283852	0.002043300043
283853	0.0005967201456
283854	0.001211038858
283855	0.0003233712696
283856	0.002500614937
283857	0.003452617335
283858	0.0007368788012
283859	0.001131128378
283860	0.0044222486
283861	0.003899923632
283862	0.004451483956
283863	0.002523284858
283864	3.209004345e-05
283865	0.001573636165
283866	0.001828724177
283867	0.001596035861
283868	0.001387951611
283869	0.002835897548
283870	0.001468081253
283871	0.001918865883
283872	0.001237529941
283873	2.300145352e-05
283874	0.004932661207
283875	8.096199851e-07
283876	0.001905807801
283877	0.003972996805
283878	0.002698430552
283879	0.001386775784
283880	0.001976577467
283881	0.003704943697
283882	0.001629311447
283883	0.0009977578119
283884	0.0009870878231
283885	0.0005391298346
283886	0.004554954486
283887	7.637169194e-05
283888	8.5177283e-05
283889	0.001517823403
283890	4.599953641e-05
283891	9.663844379e-06
283892	0.001127565566
283893	0.003595617583
283894	0.0002678459548
283895	0.002299337604
283896	0.001169962963
283897	0.003833202998
283898	0.003026368486
283899	0.001606391647
283900	0.001985535028
283901	0.003583309006
283902	0.003990186649
283903	0.001476560173
283904	0.0007609221616
283905	0.001520214664
283906	0.001353639117
283907	0.001852065692
283908	0.002500082859
283909	0.000193550137
283910	0.002287494337
283911	0.0003945126482
283912	0.000694526408
283913	0.0009183042138
283914	0.001688736689
283915	0.0009156245439
283916	0.002224596049
283917	0.003514298423
283918	0.001664392605
283919	0.0003865650757
283920	0.001105376263
283921	0.0001082384634
283922	2.094297228e-05
283923	0.0004751236716
283924	0.0001438813835
283925	0.0004868445877
283926	0.001127247431
283927	0.0006563803251
283928	0.0007771660509
283929	0.002913642086
283930	0.004895207911
283931	0.0009743755594
283932	0.003341125101
283933	0.01129281375
283934	0.001041596239
283935	0.006326543261
283936	0.004313040044
283937	0.003339745779
283938	0.001599544576
283939	0.007600824594
283940	0.01418906143
283941	0.001802977386
283942	0.00480045922
283943	0.004402762555
283944	0.01577095718
283945	9.983714525e-05
283946	0.006488235332
283947	0.001852093103
283948	0.004548888939
283949	0.01242680317
283950	0.001875296968
283951	0.02022398815
283952	0.002219656996
283953	0.006699259671
283954	0.006544207962
283955	0.01395565892
283956	0.008804029471
283957	0.0007959144619
283958	0.002849790148
283959	0.00512392117
283960	0.00579545616
283961	0.00849402362
283962	0.01130696995
283963	0.001156788802
283964	0.00165439925
283965	0.004057303838
283966	0.003990296494
283967	0.003522326233
283968	0.009602692542
283969	0.003348655368
283970	0.004822558824
283971	0.005514284109
283972	0.008470851493
283973	0.01756094126
283974	0.002159937402
283975	0.001460508576
283976	0.001977079791
283977	0.004907284546
283978	0.004292987345
283979	0.003875315753
283980	0.002861695353
283981	0.00645586728
283982	0.008716151756
283983	0.00853770783
283984	0.002334827387
283985	0.0192822778
283986	0.008528139682
283987	0.001094102337
283988	0.00626971457
283989	0.003371090632
283990	0.001980918378
283991	0.001439834841
283992	0.004024355363
283993	0.004468898673
283994	0.003255606807
283995	0.0004243486426
283996	0.002264769571
283997	0.001447058744
283998	0.004225304353
283999	9.230296633e-06
284000	0.001878875949
284001	0.0146725016
284002	0.01145777606
284003	0.001527465167
284004	0.005438620872
284005	0.01201180209
284006	0.002291932777
284007	0.001470263866
284008	0.0007796666153
284009	0.001351894124
284010	0.00659681621
284011	0.002931817403
284012	0.00316551029
284013	0.002113223527
284014	0.005545756717
284015	0.003284641814
284016	0.003273601858
284017	0.0009853399979
284018	0.006490091581
284019	0.01109537636
284020	0.0121575155
284021	0.01115158638
284022	0.00754844623
284023	0.009522058648
284024	0.01145393316
284025	0.005524732931
284026	0.009975851292
284027	0.01273031728
284028	0.005988452381
284029	0.01057612268
284030	0.01131338361
284031	0.008628893612
284032	0.005508232314
284033	0.001577240054
284034	0.005763655632
284035	0.000475788886
284036	0.00151630209
284037	0.003580947885
284038	0.0002496075536
284039	0.001750621525
284040	0.0009591224711
284041	0.002484642307
284042	0.002313117659
284043	0.001588858568
284044	0.004194623818
284045	0.0003080720324
284046	0.007390066053
284047	0.01012024929
284048	0.001225361503
284049	0.01285068896
284050	0.007130820056
284051	0.007817628354
284052	0.007510804601
284053	0.007038424369
284054	0
284055	0.008075307871
284056	0.00576873597
284057	0.006438885379
284058	0.0008325001401
284059	0.0003153863862
284060	0.0109155688
284061	0.003122408753
284062	0.0006748999684
284063	0.002636844407
284064	0.001821582185
284065	0.001639345862
284066	0.003222008055
284067	0.004132123092
284068	0.002369413113
284069	0.002432979337
284070	0.0001639552059
284071	0.0009795629559
284072	0.007770458817
284073	0.007080593496
284074	0.0004127409386
284075	0.00125300621
284076	0.0001394373525
284077	0.004292543886
284078	0.005177164037
284079	0.003171444646
284080	0.0007193710231
284081	0.008729098913
284082	0.005945794364
284083	0.001967792884
284084	0.000690453537
284085	0.001998741832
284086	0.001833679509
284087	0.0008173312944
284088	0.0002750166374
284089	0.0003600768023
284090	0.002154712828
284091	0.000982722684
284092	0.0008576730639
284093	0.003060400449
284094	0.001297844522
284095	0.001873574129
284096	1.039009356e-05
284097	0.0001219291989
284098	0.001582341727
284099	1.962791606e-05
284100	0.001786739043
284101	0.00130283958
284102	0.003094851058
284103	0.001056478547
284104	0.003886449938
284105	0.0005077564407
284106	0.001468909951
284107	0.001707561319
284108	0.001091965362
284109	0.0006509394418
284110	0.0009155759866
284111	0.005187521479
284112	0.0005290163632
284113	0.001942093081
284114	0.002562090316
284115	0.004060441765
284116	0.002311289433
284117	0.002751562342
284118	0.009473761207
284119	0.006609759951
284120	0.001220601411
284121	0.00621619659
284122	0.004738050905
284123	0.004613194582
284124	0.0002620275083
284125	0.01452549713
284126	0.004505618728
284127	0.0003492429773
284128	0.005645959605
284129	0.00087156791
284130	0.01184699029
284131	0.001210471652
284132	0.004749169657
284133	8.857166791e-05
284134	0.00257036953
284135	0.005045988945
284136	0.002797178503
284137	0.005550232927
284138	0.004535312376
284139	0.009207312943
284140	0.001703963365
284141	0.001134404965
284142	0.008146608562
284143	0.007054879755
284144	0.003854552049
284145	0.001986452254
284146	0.0008062064245
284147	0.007270961115
284148	0.0007632128766
284149	0.003921494787
284150	0.003803874479
284151	0.01296451536
284152	0.004580042198
284153	0.00349042184
284154	0.003012468448
284155	0.0006335703877
284156	0.003331467115
284157	0.004655380212
284158	0.002593218673
284159	0.0035330762
284160	0.003315729347
284161	0.0004430492845
284162	0.003280997831
284163	0.001719829321
284164	0.01177170021
284165	0.001112291675
284166	0.004871932518
284167	0.003920711408
284168	0.004230472745
284169	0.0002045917523
284170	0.01407090274
284171	0.00481598804
284172	0.002942249105
284173	0.002576842323
284174	0.0005477374081
284175	0.001581313335
284176	0.004576912821
284177	0.01307416272
284178	0.003010144694
284179	0.002349926078
284180	0.0002372425698
284181	0.002108838158
284182	0.00598987729
284183	0.003063821078
284184	0.003615838783
284185	0.002454729358
284186	0.00347351362
284187	0.002770831053
284188	0.002574404042
284189	0.008118196015
284190	0.003931741182
284191	0.003732449586
284192	0.00631858523
284193	0.006202632632
284194	0.001457318009
284195	0.001251969663
284196	0.01483357968
284197	0.0008363226488
284198	0.006641479692
284199	0.007101452539
284200	0.001573406794
284201	0.006301567962
284202	0.004715199539
284203	0.009065657154
284204	0.0001472995806
284205	0.005470726106
284206	0.007798333482
284207	0.001000480854
284208	0.00333300279
284209	0.005568051989
284210	0.006726736747
284211	0.004866516515
284212	0.005840135979
284213	0.0006328147655
284214	0.0001508995344
284215	0.001548201903
284216	0.001015164654
284217	0.005931834161
284218	0.00273759819
284219	0.004633620251
284220	0.004051278837
284221	0.00336034098
284222	0.0009740293103
284223	0.004116112078
284224	0.005963346019
284225	0.00270235262
284226	0.005688729026
284227	0.001053706375
284228	0.001810856883
284229	0.00141388409
284230	0.001465999337
284231	0.01573548617
284232	0.007976621729
284233	0.009603563052
284234	0.006250326429
284235	0.01585051149
284236	0.002134428745
284237	0.007454878828
284238	0.003516394518
284239	0.004763876105
284240	0.008419043382
284241	0.002307157431
284242	0.0003548191859
284243	0.00357696618
284244	0.008736042681
284245	0.001530316869
284246	0.004892057249
284247	0.007988946746
284248	0.00257129333
284249	0.001693567193
284250	0.01133090561
284251	0.009717571698
284252	0.005765073014
284253	0.0003713792224
284254	0.002193219289
284255	0.005304502286
284256	0.005581478727
284257	0.006874806441
284258	0.008549318161
284259	0.00347033446
284260	0.002445643787
284261	0.004338289514
284262	0.002682651392
284263	0.00572397593
284264	0.004723922443
284265	0.003648738468
284266	0.002455188006
284267	0.01041629241
284268	0.003477114684
284269	0.00448208659
284270	0.001868538005
284271	0.001222991097
284272	0.003084030335
284273	0.007615827589
284274	0.001689830829
284275	0.0003587515443
284276	0.002099678903
284277	0.0006286384412
284278	0.005881762881
284279	0.00492010737
284280	0.003220745859
284281	0.01074937867
284282	0.004335743278
284283	0.00166892219
284284	0.001312721964
284285	0.004902380789
284286	0.006223130088
284287	0.003344233645
284288	0.0015374947
284289	0.0002244758258
284290	0.003225345199
284291	0.0001126508869
284292	0.0005923563557
284293	0.005120504267
284294	0.005629334698
284295	9.257275149e-05
284296	0.000552899485
284297	0.003103443142
284298	0.002675049039
284299	0.00679409783
284300	0.01196257816
284301	0.009147043019
284302	0.003520958282
284303	0.01025697809
284304	0.005392201802
284305	0.0006830238621
284306	0.002908714319
284307	0.001568616241
284308	0.002722599536
284309	0.00383028615
284310	0.004695614713
284311	0.00161671389
284312	0.00495678517
284313	0.006110650199
284314	0.004908028632
284315	0.008293303536
284316	0.003138735206
284317	0.001450015339
284318	1.857129997e-05
284319	0.002630037956
284320	0.00430549357
284321	0.002808279585
284322	0.004999754555
284323	0.003004225935
284324	0.004801403078
284325	0.005028216129
284326	0.002562797524
284327	0.002783574515
284328	0.01381811918
284329	0.0007135182624
284330	0.004491037043
284331	0.001643197733
284332	0.009471663078
284333	0.01777462879
284334	0.0005602390504
284335	0.0003219865573
284336	0.009777213774
284337	0.006725094637
284338	0.001809491284
284339	0.005924406641
284340	0.003738937458
284341	0.001355114496
284342	0.0008545468323
284343	0.002970602863
284344	0.001442673278
284345	0.006240954428
284346	0.008065504928
284347	0.001808076438
284348	0.003186809835
284349	0.01009671288
284350	0.003516815814
284351	0.0003636368069
284352	0.0004414717498
284353	0.00913441981
284354	0.0004379819984
284355	0.01077980377
284356	0.003223641071
284357	0.01112001182
284358	0.004434674561
284359	0.0001501750883
284360	0.001254282085
284361	0.007676066372
284362	0.008560921383
284363	0.001804036333
284364	0.006561176952
284365	0.002635795437
284366	0.002964699713
284367	0.0001188612956
284368	0.00253055206
284369	0.0005037733714
284370	0.001883882015
284371	0.001848133578
284372	0.002747984155
284373	0.0002272548601
284374	0.004725932687
284375	0.005234841365
284376	0.008171535894
284377	0.006560705998
284378	0.004440281662
284379	0.00817852224
284380	0.001777744823
284381	0.001757211239
284382	0.001356465203
284383	0.008204927326
284384	0.01286536169
284385	0.002146982481
284386	0.005295790252
284387	0.0093652541
284388	0.004320296985
284389	0.005454357389
284390	0.0004072820714
284391	0.002165538407
284392	0.0006245526537
284393	0.004064242541
284394	0.0004415381137
284395	0.0003153833563
284396	0.0005127732593
284397	0.0003380968991
284398	0.003362297363
284399	0.01010282815
284400	0.0008740119675
284401	0.0005234322151
284402	0.001892451817
284403	0.0003907492866
284404	0.001382629816
284405	0.001663073935
284406	0.0003574937599
284407	0.0006591114124
284408	0.0003894880741
284409	0.01195188062
284410	0.00619707496
284411	0.0003280695597
284412	0.0008757518948
284413	0.002711879437
284414	0.0005525572475
284415	0.003113145743
284416	0.0002323971103
284417	0.0008277358527
284418	0.001650670628
284419	0.0006069024882
284420	0.0008387281526
284421	0.0005004608067
284422	1.097205711e-05
284423	1.92694588e-05
284424	7.881359052e-05
284425	0.003399955614
284426	0.004102633032
284427	0.0009353715138
284428	0.0005457040253
284429	0.0001952925554
284430	8.06819216e-05
284431	0.0005059438431
284432	0.0001848764679
284433	0.009152661345
284434	0.001666784653
284435	3.253995636e-05
284436	0.0001858243944
284437	0.0005296827382
284438	0.0001513843319
284439	0.0004259867103
284440	0.009371975552
284441	2.102649545e-05
284442	0.0008031868196
284443	0.005607326454
284444	0.0004189773372
284445	0.00359412947
284446	0.001049229231
284447	0.0004867534248
284448	0.001155914046
284449	0.0008653876067
284450	0.005050426585
284451	0.000386035857
284452	0.0002763622668
284453	0.006778245441
284454	0.0008064528279
284455	0.002143535735
284456	0.0007049738419
284457	0.0005496549624
284458	0.0002919904856
284459	0.0002123259775
284460	0.004471752511
284461	0.00486230427
284462	0.006237735993
284463	0.007263460116
284464	0.0004294209639
284465	0.004642433474
284466	0.004590671642
284467	0.0007986719416
284468	0.002940390588
284469	1.392919475e-05
284470	0.00289738702
284471	0.0002804331323
284472	0.006020050919
284473	0.01624316223
284474	0.004576460855
284475	0.001575562046
284476	0.0002575598624
284477	0.002273328872
284478	0.004089154538
284479	0.001480273835
284480	0.009032628227
284481	0.003910948717
284482	0.008135970268
284483	0.001134925368
284484	0.004754735764
284485	0.005278638061
284486	2.181129421e-05
284487	0.003853509891
284488	0.002418125939
284489	0.0003543289015
284490	0.001886538116
284491	0.007935285439
284492	0.001872778199
284493	0.006739077303
284494	0.002748574816
284495	0.002045374148
284496	0.0007285676315
284497	0.006973909478
284498	0.0002365754514
284499	0.004369805535
284500	0.0006347088145
284501	0.004517001788
284502	0.0006696381328
284503	0.004964222071
284504	0.0008700652282
284505	0.002890878724
284506	0.003821684474
284507	0.0002479326502
284508	0.0002475491074
284509	9.782281151e-05
284510	0.002836422147
284511	0.001915700004
284512	0.0002967991425
284513	0.0002620047399
284514	0.002356765172
284515	0.008894374156
284516	0.01174683804
284517	0.004044411702
284518	0.002145347552
284519	0.0005032252372
284520	0.0009322223017
284521	0.0006642995358
284522	0.001492931111
284523	0.0009679065161
284524	0.005827454806
284525	0.0006355831699
284526	0.002979963936
284527	0.0008539024047
284528	0.0002903076175
284529	0.001926208703
284530	0.001635063405
284531	0.0006462426075
284532	0.0005451374142
284533	0.001024176626
284534	0.004766527861
284535	0.001329892102
284536	0.004537336054
284537	0.0007556247094
284538	0.00127445092
284539	0.0004062820948
284540	0.0002085024501
284541	0.007904710682
284542	0.002130238795
284543	0.002261510246
284544	0.001695905838
284545	0.001566680982
284546	0.002043511717
284547	0.001487173911
284548	0.004395000288
284549	0.0005253442244
284550	0.001814936819
284551	0.001005332779
284552	0.0005549621434
284553	0.005292067917
284554	0.00193572374
284555	0.001455908501
284556	0.003015673431
284557	0.002990094685
284558	0.0007994753575
284559	0.001907573098
284560	0.005459083177
284561	0.002873942986
284562	0.001611706289
284563	0.006583846706
284564	0.003325277209
284565	5.398186688e-05
284566	0.0002301762798
284567	0.007500570429
284568	0.001091397335
284569	0.00675960411
284570	0.009794516734
284571	0.003192645779
284572	2.486641972e-05
284573	0.00196149646
284574	0.005357689945
284575	0.004697730115
284576	0.002196247345
284577	0.0006879803273
284578	0.003511192029
284579	0.002130865452
284580	0.007031316664
284581	0.005935546535
284582	0.0007122661246
284583	0.0004272878489
284584	0.002191879971
284585	0.001880354252
284586	0.01690306043
284587	0.0003701090173
284588	0.0001107960458
284589	0.0006627370345
284590	0.0001190175464
284591	0.000225946803
284592	0.001584754475
284593	0.00151881094
284594	0.0006004082209
284595	0.004464162705
284596	0.001854803152
284597	0.0004166122234
284598	0.001079691331
284599	0.004230766455
284600	0.003672515492
284601	0.004666873838
284602	0.004419724664
284603	0.006033798243
284604	0.003601159445
284605	0.0009046690398
284606	0.001503217789
284607	0.002269402444
284608	0.003466808442
284609	0.002371147199
284610	0.008507578391
284611	0.002098894233
284612	0.005910993684
284613	0.0003631737103
284614	0.00416839458
284615	0.005190151378
284616	0.001183326413
284617	0.007378104439
284618	0.004773488521
284619	0.005903169668
284620	0.002532453367
284621	0.0009137336635
284622	0.0001623099793
284623	0.01348151715
284624	0.000775691401
284625	0.001619225854
284626	0.002161371004
284627	0.002065627075
284628	0.009486738946
284629	0.001060687285
284630	0.003046459436
284631	0.002931429483
284632	0.003489883015
284633	0.0003217725167
284634	0.001368397619
284635	0.00940046529
284636	0.007021436752
284637	0.002888999583
284638	0.007251279568
284639	0.0007309404217
284640	0.003072226796
284641	0.005368400543
284642	0.001516749177
284643	0.0002709939775
284644	0.004291386456
284645	0.007354292447
284646	0.002699683541
284647	0.003527013364
284648	0.00215814808
284649	0.002989146744
284650	0.001096915302
284651	0.001823659531
284652	0.001789240767
284653	0.002679463414
284654	0.001927270517
284655	0.002593030847
284656	0.00288042976
284657	0.001882571094
284658	0.003239689058
284659	0.0008863154024
284660	0.002544697003
284661	0.001865164099
284662	0.002400348136
284663	0.003987737507
284664	0.00181560788
284665	0.002058597175
284666	0.002044233305
284667	0.002460563169
284668	0.001351140757
284669	0.002602856773
284670	0.00258384419
284671	0.002651477043
284672	0.002408002999
284673	0.002005692192
284674	0.00233492848
284675	0.001631411795
284676	0.002615564023
284677	0.002599487131
284678	0.002071695041
284679	0.003350232699
284680	0.002579056718
284681	0.001969685367
284682	0.002894082165
284683	0.002730469703
284684	0.001695228533
284685	0.001817005048
284686	0.002511409366
284687	0.00245017987
284688	0.001428331476
284689	0.0005770930662
284690	0.001122929673
284691	0.001997936902
284692	0.002232002496
284693	0.002264888359
284694	0.0006657397633
284695	0.00139763142
284696	0.002618029628
284697	0.004327596545
284698	0.0007060975771
284699	0.002440701468
284700	0.001929713055
284701	0.001916221211
284702	0.002007570906
284703	0.001529795998
284704	0.002213902138
284705	0.002226634077
284706	0.001368202849
284707	0.002401169996
284708	0.000779070542
284709	0.002254198952
284710	0.003580192823
284711	0.002341553558
284712	0.00288589126
284713	0.002306981334
284714	0.004780739512
284715	0.002219506763
284716	0.001160254427
284717	0.001612768559
284718	0.001985457993
284719	0.0006816570044
284720	0.002795327603
284721	0.002512388512
284722	0.0009544715683
284723	0.002683109208
284724	0.0003956365995
284725	0.002792145291
284726	0.001661420187
284727	0.003104732129
284728	0.001229270816
284729	0.002912546365
284730	0.002003731195
284731	0.003262120737
284732	0.004263439955
284733	0.002161984849
284734	0.002104521147
284735	0.0004936915945
284736	0.001741574381
284737	0.002000588339
284738	0.001386275065
284739	0.002378923806
284740	0.006310986384
284741	0.002627670914
284742	0.002322193468
284743	0.001408542582
284744	0.0003057271574
284745	0.001469587396
284746	0.002227479985
284747	0.002277207737
284748	0.00372915804
284749	0.001214428279
284750	0.002042663534
284751	0.002503338121
284752	0.002715000181
284753	0.002325353231
284754	0.001735576935
284755	0.00161480538
284756	0.002147079966
284757	0.002189325103
284758	0.002791360616
284759	0.001746574317
284760	0.002155380991
284761	0.0009267415201
284762	0.002440308713
284763	0.001671999927
284764	0.003245353018
284765	0.001623074545
284766	0.001109279238
284767	0.002107328513
284768	0.002080403927
284769	0.00331965288
284770	0.0008536798428
284771	0.001802001745
284772	0.00303674686
284773	0.004623038317
284774	0.002312231008
284775	0.001778648856
284776	0.001865699349
284777	0.003627352151
284778	0.0006851209237
284779	0.001803746751
284780	0.001993019055
284781	0.001457817685
284782	0.002304478683
284783	0.001006270247
284784	0.002115313791
284785	0.001958573655
284786	0.002213918757
284787	0.002613110986
284788	0.002569705299
284789	0.0003806789621
284790	0.001209880615
284791	0.002399054318
284792	0.001962177016
284793	0.002593122888
284794	0.001277992541
284795	0.002001990468
284796	0.0003155509682
284797	0.002073398705
284798	0.001988727076
284799	0.002119266131
284800	0.002422041499
284801	0.003815750025
284802	0.002330265189
284803	0.002499750923
284804	0.001636500067
284805	0.0007517068099
284806	0.002472181844
284807	0.002721319445
284808	0.0002765419202
284809	0.002508415893
284810	0.0003902778778
284811	0.003338424351
284812	0.003131400887
284813	0.001060167036
284814	0.002111567654
284815	0.00150826208
284816	0.002103710631
284817	0.001833061495
284818	0.002434881391
284819	0.001453094561
284820	0.00330927934
284821	0.002117409368
284822	0.00366067763
284823	0.002986190445
284824	0.002636145766
284825	0.00267031406
284826	0.002235202099
284827	0.003415713997
284828	0.001985094341
284829	0.002748252435
284830	0.003118788473
284831	0.00203008504
284832	0.003180591135
284833	0.001712740166
284834	0.001554131274
284835	0.00227641671
284836	0.001388128293
284837	0.002979383855
284838	0.001689588268
284839	0.001797068899
284840	0.001210331328
284841	0.007856423168
284842	0.003849592953
284843	0.002363382373
284844	0.0009735560307
284845	0.005233870902
284846	0.00132685683
284847	0.00278196432
284848	0.001298284508
284849	0.002156424999
284850	0.001816024181
284851	0.001395456888
284852	0.0006115935886
284853	0.003694552824
284854	0.001337919829
284855	0.002244100296
284856	0.001579719684
284857	0.003303357807
284858	0.001651082285
284859	0.0002647579531
284860	0.001750467358
284861	0.002640787114
284862	0.002427389324
284863	0.002227108762
284864	0.0004496596717
284865	0.001824873662
284866	0.00134397434
284867	0.0004213349719
284868	0.003650114292
284869	0.0019649412
284870	0.001933320367
284871	0.003015052276
284872	0.001173631041
284873	0.001973820211
284874	0.0007135644679
284875	0.002270690681
284876	0.001062207868
284877	0.001898196511
284878	0.0008810814241
284879	0.003249769446
284880	0.002346223581
284881	0.001179134785
284882	0.002081369495
284883	0.001325148176
284884	0.001245359677
284885	0.003214500914
284886	0.002319094341
284887	0.001710919337
284888	0.00155387776
284889	0.002663107737
284890	0.002439730094
284891	0.001576332911
284892	0.001527602403
284893	0.002765493667
284894	0.001986922581
284895	0.001339403421
284896	0.001873114353
284897	0.003340755804
284898	0.001759632185
284899	0.003481911102
284900	0.001908560387
284901	0.002485826374
284902	0.002425069456
284903	0.001821168096
284904	0.002181575894
284905	0.001110584546
284906	0.002363864444
284907	0.003927494696
284908	0.002389356198
284909	0.001131312657
284910	0.001200756064
284911	0.002892023765
284912	0.002258401956
284913	0.00172373118
284914	0.0006249767475
284915	0.001594105124
284916	0.0005884308465
284917	0.0004582901352
284918	0.002178878312
284919	0.003228494984
284920	0.0007314567844
284921	0.0007907061685
284922	0.002871031036
284923	0.002792533628
284924	0.001772371149
284925	0.0001189026726
284926	0.003211819056
284927	0.002254395646
284928	0.0007443095562
284929	0.001938374667
284930	0.002878993337
284931	0.001883624574
284932	0.002026021813
284933	0.002471190055
284934	0.0003597402868
284935	0.001648945272
284936	0.002500571789
284937	0.002103475522
284938	0.003161449007
284939	0.000579198067
284940	0.002484440402
284941	0.0009408324878
284942	0.003331243534
284943	0.001442957158
284944	0.001838261348
284945	0.001339500555
284946	0.002295114264
284947	0.002912260238
284948	0.00236827683
284949	0.001773090574
284950	0.001676430946
284951	0.002165046219
284952	0.00256286694
284953	0.000838281184
284954	0.003019390503
284955	0.00212270443
284956	0.0005394998927
284957	0.005163047236
284958	0.002220554309
284959	0.002312352933
284960	0.001741035553
284961	0.002724754338
284962	0.0023939903
284963	0.002277179404
284964	0.001811237312
284965	0.000457237212
284966	0.001468763578
284967	0.002661493124
284968	0.002175511275
284969	0.002927994435
284970	0.00298397466
284971	0.001037042969
284972	0.001680563937
284973	0.003764998664
284974	0.002473506992
284975	0.002594289147
284976	0.002395863324
284977	0.00198628317
284978	0.002317835862
284979	0.002525906898
284980	0.002771725564
284981	0.001933600676
284982	0.001602333815
284983	0.002016430458
284984	0.001272664428
284985	0.002373072522
284986	0.002823510108
284987	0.001827838952
284988	0.002051476698
284989	0.005837904807
284990	0.002169534839
284991	0.002226609078
284992	0.001754525145
284993	0.00181351592
284994	0.001445815923
284995	0.002324905765
284996	0.00243237011
284997	0.001751550184
284998	0.002224130792
284999	0.002484061355
285000	0.001691597225
285001	0.001089457271
285002	0.0005441105934
285003	0.0006325444075
285004	0.002075520078
285005	0.00273554274
285006	0.00209438641
285007	0.0008417790217
285008	0.002333265994
285009	0.002475330528
285010	0.00230259835
285011	0.00130943523
285012	0.002448480236
285013	0.003661436555
285014	0.001505645091
285015	0.001817783979
285016	0.002852018811
285017	0.002079884726
285018	0.00204927934
285019	0.001564660365
285020	0.002109943251
285021	0.002412368093
285022	0.002438715363
285023	0.002423550922
285024	0.001705378589
285025	0.003306244142
285026	0.002772283942
285027	0.002615170549
285028	0.002334766136
285029	2.348592666e-05
285030	0.00235498958
285031	0.0008788727515
285032	0.001135430045
285033	0.004175068511
285034	0.003343941362
285035	0.002844087334
285036	0.001720412651
285037	0.002417794345
285038	0.001411764802
285039	0.002490414089
285040	0.001104238012
285041	0.0009887850278
285042	0.002693571438
285043	0.001737414015
285044	0.002104988021
285045	0.0007481405148
285046	0.00164711593
285047	0.001384179454
285048	0.002591512919
285049	0.0002269229246
285050	0.002175224995
285051	0.003392205522
285052	0.00195567041
285053	0.0007612406634
285054	0.0008430881456
285055	0.001781669839
285056	0.002492186931
285057	0.001785286468
285058	0.003541161075
285059	0.002101449961
285060	0.001477448409
285061	0.002209774198
285062	0.0007910648247
285063	0.001957421381
285064	0.001726645856
285065	0.003407509616
285066	0.002223678789
285067	0.002127572348
285068	0.002743292205
285069	0.004040654114
285070	0.001815493069
285071	0.002208417597
285072	0.002423258783
285073	0.0009625286276
285074	0.004295004899
285075	0.002476786969
285076	0.002418041883
285077	0.002513476634
285078	0.002132404874
285079	0.002713975258
285080	0.003518487245
285081	0.002351699014
285082	0.002121287248
285083	0.003683772179
285084	0.002316802163
285085	0.001852648029
285086	0.002130188057
285087	0.01131659962
285088	0.006406342589
285089	7.722904806e-05
285090	0.001779086565
285091	0.00817890672
285092	0.003257258117
285093	0.002059719348
285094	0.001523818919
285095	0.0001793586361
285096	0.001043161094
285097	0.001187883397
285098	0.001242492284
285099	0.00084636232
285100	0.001641498952
285101	2.14212232e-05
285102	0.00189607792
285103	0.0009797498249
285104	0.000441527102
285105	0.001725570399
285106	0.001690869314
285107	0.0002902474221
285108	0.006717372042
285109	0.009049339273
285110	0.007452441054
285111	0.001139717847
285112	0.009462048872
285113	0.001781489322
285114	0.006653187821
285115	0.003396578192
285116	0.000723668308
285117	0.004484303774
285118	0.004263001112
285119	0.0007313516148
285120	0.00177258354
285121	0.003573620692
285122	0.001410881968
285123	0.0102724397
285124	0.003821608886
285125	0.002470002055
285126	0.005944370648
285127	0.0002638271405
285128	0.001144878797
285129	0.002724651015
285130	0.006141418224
285131	0.003172293219
285132	0.005116829222
285133	0.008331565978
285134	0.002261583803
285135	0.003252961228
285136	0.008562845252
285137	0.006204641702
285138	0.007338374359
285139	0.002484775061
285140	0.009810237232
285141	0.004451181835
285142	0.006696110438
285143	0.01116394731
285144	0.002357594799
285145	0.00101953264
285146	0.001971000143
285147	0.001544011429
285148	0.007431116828
285149	0.005195947726
285150	0.0004911248387
285151	0.001432072351
285152	0.002790449374
285153	0.0002958836201
285154	0.006120918874
285155	0.003922492181
285156	0.0006287345915
285157	0.00227518709
285158	0.002349998309
285159	0.004327913775
285160	0.004613245985
285161	0.004170980485
285162	0.0004901793576
285163	0.003055301376
285164	0.004928119065
285165	0.003265753201
285166	0.003938316849
285167	0.0009735706872
285168	0.0004365826536
285169	0.007738370817
285170	0.0004053709022
285171	0.004544132073
285172	3.303415294e-06
285173	0.004905111109
285174	0.0009195680072
285175	0.001577121876
285176	0.00234408729
285177	0.00564871264
285178	0.001459914954
285179	0.006695200532
285180	0.001193591239
285181	0.007328874819
285182	0.001006097183
285183	0.002175154357
285184	0.003850840801
285185	0.002203351748
285186	9.421446004e-05
285187	0.004855792432
285188	0.004417781539
285189	0.004719969903
285190	0.001433536936
285191	0.001978367474
285192	0.00529026521
285193	0.00167005163
285194	0.001554843998
285195	0.001224096517
285196	0.007131861577
285197	0.0004257022906
285198	0.001715874365
285199	0.008035560147
285200	0.0006812101346
285201	0.004422996506
285202	0.001460722469
285203	0.0003667336121
285204	0.00101750944
285205	0.0009304953447
285206	0.001413393522
285207	0.001100647539
285208	0.001484818043
285209	0.003700937215
285210	0.007451075843
285211	0.005055633462
285212	0.001963213907
285213	0.0002100925127
285214	0.004773547777
285215	0.004480180016
285216	0.001540114948
285217	0.0006881178633
285218	0.001134992291
285219	0.0003485251962
285220	0.0003230817993
285221	0.0007109129877
285222	0.001400973136
285223	0.005281561247
285224	0.000791034023
285225	0.001073080942
285226	0.002382014753
285227	0.006995117736
285228	0.002091657621
285229	0.004391163215
285230	0.00305619834
285231	0.003844369828
285232	0.002139561042
285233	0.002375066498
285234	0.003219991681
285235	0.003832859899
285236	0.006835491498
285237	0.002357986589
285238	0.006093759912
285239	0.006876090948
285240	0.004317269235
285241	0.001754350279
285242	0.0006090333126
285243	0.002020641605
285244	0.005790368077
285245	0.0002777843537
285246	0.004924177408
285247	0.0006999231052
285248	0.003274853714
285249	0.0004531590097
285250	0.005372916021
285251	0.0002509491945
285252	0.003057600773
285253	0.001522301347
285254	0.0001870440281
285255	0.00171999393
285256	0.001339893171
285257	0.006987009755
285258	0.002646315649
285259	0.001371288393
285260	0.007312772671
285261	0.0003340668935
285262	0.001864908069
285263	0.006225845817
285264	0.002493552034
285265	0.00120330182
285266	0.002589816389
285267	0.004624593041
285268	0.004503089458
285269	0.004473086561
285270	0.0002802241686
285271	0.002052817137
285272	0.002889123026
285273	2.046084506e-05
285274	0.002300998022
285275	0.002868378024
285276	0.008304426149
285277	0.003488684856
285278	0.005311791967
285279	0.001844762516
285280	0.0007600472119
285281	0.009516413118
285282	0.003818465338
285283	0.001321743083
285284	0.001608301225
285285	0.003262595504
285286	0.002407717494
285287	0.001518612552
285288	0.002576632633
285289	0.00461538733
285290	0.0002527894943
285291	0.003538723489
285292	0.0005053853128
285293	0.004679409397
285294	0.007973453767
285295	0.003424200188
285296	0.0007977388888
285297	0.005845464624
285298	0.002742378161
285299	0.0004115915568
285300	0.0009703720101
285301	0.0003375818576
285302	0
285303	0.001694145781
285304	0.001190664944
285305	0.004039756423
285306	0.0005335727862
285307	0.0007934374025
285308	0.006828098562
285309	0.003867199198
285310	0.0009595086617
285311	0.001990431778
285312	0.0003384211459
285313	0.002540822689
285314	0.005100304282
285315	0.001579637855
285316	0.001368153566
285317	0.005991895719
285318	0.004478561081
285319	0.004787327073
285320	0.004569129754
285321	0.0002428230996
285322	0.000635856261
285323	0.002620891231
285324	0.000909733776
285325	0.002728840558
285326	0.002123792599
285327	0.007517828989
285328	0.0008149557393
285329	0.002702499505
285330	0.002081943964
285331	0.003413661122
285332	0.002976121966
285333	0.001375145064
285334	0.001052931633
285335	1.362817727e-05
285336	0.003631929331
285337	0.00163469234
285338	0.003019556272
285339	0.005187760492
285340	0.002465628925
285341	0.004061921225
285342	0.00489070106
285343	0.001933692925
285344	0.001784138666
285345	0.002426713247
285346	0.001361550349
285347	0.0003152965373
285348	0.007340606207
285349	0.006695369704
285350	0.0007893811288
285351	0.001955664984
285352	0.0009010354074
285353	0.005970089303
285354	0.003188806396
285355	0.006163173848
285356	0.004818682685
285357	0.0003929235687
285358	0.005429936264
285359	0.001596707948
285360	0.003014314051
285361	0.00883774402
285362	0.001965369668
285363	0.003760024975
285364	0.0007619318273
285365	0.0006925641643
285366	0.002106064364
285367	0.004507153384
285368	0.004682347543
285369	0.005184382726
285370	0.002868760077
285371	0.000507932382
285372	0.003684949624
285373	0.001036636853
285374	0
285375	0.001300132164
285376	0.01048541298
285377	0.001360856349
285378	0.003350429609
285379	0.001783736076
285380	0.003445830817
285381	0.004403778334
285382	0.002890122996
285383	0.003881907513
285384	0.001089501154
285385	0.000399946744
285386	0.002256309854
285387	0.004760150345
285388	0.003714937348
285389	0.002098152055
285390	0.001578348881
285391	0.002367101553
285392	0.003247544877
285393	0.002929329535
285394	0.003285440394
285395	0.005042785097
285396	0.002504154798
285397	0.00666854264
285398	0.00171063675
285399	0.003629678285
285400	0
285401	0.005492277299
285402	0.001148844123
285403	0.0070214085
285404	0.001819767935
285405	0.004940104478
285406	0.00279170447
285407	0.0003081599154
285408	0.00439135266
285409	0.006389425307
285410	0.003942607274
285411	0.01411078606
285412	0.009981064215
285413	0.004877003911
285414	0.0006407438851
285415	0.0002891525593
285416	0.01052778088
285417	0.01720751275
285418	0.00328261253
285419	0.01058116871
285420	0.008396590079
285421	0.00354161431
285422	0.02039556354
285423	0.004312147337
285424	0.008679536301
285425	0.001102831582
285426	0.01814310551
285427	0.0007683385823
285428	0.002277281456
285429	0.003492900218
285430	0.002009872701
285431	0.003803563466
285432	0.008077805056
285433	0.003575017695
285434	0.01025672324
285435	0.0030458744
285436	0.001579286789
285437	0.006078959895
285438	0.005051346646
285439	0.001883521901
285440	0.01067719717
285441	0.007478228083
285442	0.006431457331
285443	0.004090889576
285444	0.01150659454
285445	0.004796667599
285446	0.007732569105
285447	0.007915340519
285448	0.0005455611305
285449	0.004263262431
285450	0.008004991093
285451	0.008666164407
285452	0.00265484254
285453	0.01172877247
285454	0.008683489154
285455	0.003051619283
285456	0.003545853618
285457	0.006822867917
285458	0.006235627923
285459	0.0001323123745
285460	0.002500284661
285461	0.008241699362
285462	0.006925334777
285463	0.0001396531137
285464	0.0004159486312
285465	0.001097454278
285466	0.007608782052
285467	0.003758128173
285468	0.002662146968
285469	0.008433390083
285470	0.009468909031
285471	0.003778483174
285472	0.01574725568
285473	0.007070710528
285474	0.01528251254
285475	0.009159916999
285476	0.002504510985
285477	0.006386866083
285478	0.005940855786
285479	0.0101470643
285480	0.0141563711
285481	0.00497367099
285482	0.002281273035
285483	0.006775851434
285484	0.004129430677
285485	0.001836891681
285486	0.008632630688
285487	0.003622351414
285488	0.003448310116
285489	0.01123201956
285490	0.01393028304
285491	0.01652108028
285492	0.009016525871
285493	0.001392029213
285494	0.004818036405
285495	0.01201526339
285496	0.0004874830996
285497	0.002557962547
285498	0.01400295936
285499	0.001669770014
285500	0.004325872796
285501	0.01102921206
285502	0.01401895083
285503	0.01823218524
285504	0.01225509508
285505	0.001163690445
285506	0.0007544885819
285507	0.01415411534
285508	0.002893681587
285509	0.0006527054346
285510	0.00174007214
285511	0.004510635176
285512	0.003808539948
285513	0.003675088235
285514	7.734068196e-05
285515	0.001510817411
285516	0.0005718158844
285517	0.01016574092
285518	0.0009535477502
285519	0.0004158373136
285520	0.002986523272
285521	0.006947549232
285522	0.006965586897
285523	0.01971459932
285524	0.004572154779
285525	0.005991733652
285526	0.008458164585
285527	0.002439566443
285528	0.0009580081702
285529	0.005625043645
285530	0.004197123827
285531	0.0002720444902
285532	0.001351575942
285533	0.003391308256
285534	0.003477752052
285535	0.001320330223
285536	0.002866465873
285537	0.0002878080847
285538	0.006554134538
285539	0.006209489466
285540	0.001778852909
285541	0.001276683207
285542	0.004619473455
285543	0.0002707346264
285544	0.0008311321825
285545	0.001962968313
285546	0.005861716702
285547	0.001225164076
285548	0.005319625479
285549	0.002482918315
285550	0.000508043261
285551	0.003728056839
285552	0.01041504293
285553	0.003552376542
285554	0.001956571868
285555	0.01001563036
285556	0.006124008088
285557	0.001168309315
285558	0.003033121262
285559	0.001781521888
285560	0.0006910239911
285561	0.01044835916
285562	0.006441925354
285563	0.0001630382891
285564	0.001648118016
285565	0.009215670479
285566	0.003180250939
285567	0.003415741482
285568	0.001678450405
285569	0.003592708469
285570	0.0004773619823
285571	0.004294681909
285572	0.004945646202
285573	0.004847074146
285574	0.0007013434449
285575	0.0116553685
285576	0.01540403231
285577	0.001315215066
285578	0.002276671272
285579	0.004643363367
285580	0.0006106410577
285581	0.006165444396
285582	0.007735487921
285583	0.01135463101
285584	0.006971719861
285585	0.005964611432
285586	0.0005755343964
285587	0.002280806375
285588	0.005266144722
285589	0.0004028078915
285590	0.01436987407
285591	0.01077970487
285592	0.01002454283
285593	0.007478365576
285594	0.001922375072
285595	0.003987547097
285596	0.0005849790008
285597	0.007246801847
285598	0.006789851966
285599	0.002365255295
285600	0.001554439804
285601	0.007022798806
285602	0.005097208312
285603	0.0008956214542
285604	0.0004249109466
285605	0.002231162799
285606	0.001662936463
285607	0.001195616361
285608	0.002081599767
285609	0.0004594683577
285610	0.005281350184
285611	8.595914932e-05
285612	0.002049673879
285613	0.003404379749
285614	0.001957933495
285615	0.003543400644
285616	0.002058250022
285617	0.002114134214
285618	0.002064936158
285619	0.0004319915613
285620	0.001453738023
285621	0.004788178836
285622	0.002463481995
285623	0.0004267628533
285624	0.001767537775
285625	0.001626656905
285626	0.003833788755
285627	9.630817978e-07
285628	0.002983680384
285629	0.0003602099595
285630	0.0007198117219
285631	0.0007584969195
285632	0.0008304596105
285633	2.783176459e-05
285634	0.0004161914648
285635	0.0006672377579
285636	0.007232447194
285637	0.0003734769785
285638	0.003721115933
285639	0.001926682417
285640	0.006329933145
285641	0.002894021871
285642	0.005667156474
285643	0.001114637103
285644	0.004038864363
285645	6.520928451e-06
285646	0.0008529398274
285647	0.004454638463
285648	0.003834240067
285649	0.0004237484538
285650	0.002880787638
285651	0.0008844462302
285652	0.0006817910515
285653	0.0004111509602
285654	0.00187606615
285655	0.0006484307854
285656	0.00204081181
285657	0.0006196421447
285658	0.004331324401
285659	0.001026865349
285660	0.003792151306
285661	0.00213850114
285662	0.0002043334304
285663	0.001931115701
285664	0.0003734686733
285665	0.001388364656
285666	0.003766485413
285667	0.00107314822
285668	0.004055280333
285669	0.003304580945
285670	0.004538738335
285671	0.002039214311
285672	0.003845653458
285673	0.0008379952575
285674	0.00510636996
285675	0.00352761033
285676	0.005196967201
285677	0.00474748225
285678	0.0001788237251
285679	0.005061724325
285680	0.004330894072
285681	0.004343589626
285682	0.001018880083
285683	0.000278929934
285684	0.00371052914
285685	0.004094646604
285686	0.0002220472875
285687	0.004058883623
285688	0.001480102141
285689	0.001043261411
285690	0.002353752776
285691	0.001772178878
285692	0.003370490147
285693	0.002887815916
285694	1.772812118e-07
285695	0.0006633326018
285696	0.001424302749
285697	0.0001077474786
285698	0.0007729013447
285699	0.001687181361
285700	0.002172961176
285701	0.0004625741299
285702	0.001091727676
285703	0.0008947095541
285704	0.0002536358002
285705	0.00185612497
285706	0.0003553426989
285707	0.000312792353
285708	0.0001730824803
285709	0.001278079449
285710	0.001704991881
285711	9.964839252e-07
285712	0.0002110693024
285713	0.0001260821344
285714	0.001093662841
285715	0.0007534967109
285716	0.00144071862
285717	1.623557493e-05
285718	0.0001827087457
285719	0.0001189281797
285720	8.579684732e-05
285721	0.0009732531236
285722	0.0002070660372
285723	0.001211460998
285724	0.0003209568659
285725	0.001764750343
285726	0.0008680708448
285727	0.001536955876
285728	0.001176374698
285729	0.001133447016
285730	0.001290174118
285731	0.0006573585738
285732	0.001778061246
285733	0.000203843242
285734	0.0003464699085
285735	0.0004366791011
285736	0.001195927125
285737	0.0004487118092
285738	0.0002137739915
285739	0.001240850879
285740	0.001121087266
285741	0.0005154239413
285742	0.000532259592
285743	0.0008782785339
285744	0.0007454083518
285745	0.0007043692671
285746	0.001829943416
285747	0.00179948243
285748	0.001518620024
285749	0.0007931836469
285750	0.001735713175
285751	0.0009871983376
285752	0.0007699070183
285753	0.0005567503675
285754	2.559719142e-06
285755	9.557613267e-05
285756	0.0005450599986
285757	0.002088175365
285758	0.000447555363
285759	0.0007977568824
285760	0.0003270157811
285761	0.0002441362723
285762	0.0007643783555
285763	0.002649426468
285764	0.0002230439316
285765	0.0001183067587
285766	0.0007918633081
285767	0.001121130613
285768	9.750567157e-05
285769	0.001660058983
285770	0.0006082330498
285771	0.0002744818925
285772	2.820713493e-05
285773	0.0001193318619
285774	0.0008806178204
285775	0.001654456898
285776	0.0007333351692
285777	0.001789428482
285778	0.0003165378425
285779	0.0002352801009
285780	0.0003683544902
285781	0.00057769225
285782	5.176655738e-06
285783	0.0004510966829
285784	0.00103642775
285785	0.001481935861
285786	0.0002398602242
285787	3.57229239e-05
285788	0.0007493815796
285789	0.0003343391531
285790	0.0001020269506
285791	0.001441424773
285792	0.0009759087964
285793	0.0001065225641
285794	0.001120187772
285795	0.001357099276
285796	0.0008916086267
285797	0.001055832846
285798	0.001138538055
285799	0.001626477709
285800	0.002127984095
285801	4.372610472e-06
285802	0.0005593463382
285803	0.0001162614802
285804	0.001469046619
285805	0.001034873006
285806	0.00011860659
285807	0.000220104143
285808	0.0003371141812
285809	0.0004308488049
285810	0.0008059164477
285811	0.0008819966626
285812	0.001689758327
285813	0.0006222463968
285814	0.0008882365527
285815	0.000414207535
285816	0.0004591968465
285817	0.0007803877911
285818	0.0005116644239
285819	0.001110572055
285820	0.0003116367428
285821	0.001222109096
285822	0.001570188312
285823	0.0004415247495
285824	0.001002293932
285825	0.002416633855
285826	0.0008828637676
285827	0.0005363405199
285828	0.0003334350518
285829	0.0007765874323
285830	0.000725207847
285831	0.000866726929
285832	0.000877837845
285833	0.0007405081532
285834	0.0002034357594
285835	0.0005631557962
285836	0.0005379754436
285837	0.0007488544424
285838	0.001849875525
285839	0.0008503680981
285840	0.001420668691
285841	0.000226513316
285842	0.0002508214948
285843	0.0003300045519
285844	0.00219711292
285845	0.0007279432829
285846	0.002204243072
285847	0.0009551531324
285848	0.0007722525293
285849	0.001620914692
285850	3.691433411e-05
285851	0.0003447448651
285852	0.0002188584508
285853	4.370025126e-07
285854	0.0005472071438
285855	0.0003307853299
285856	0.0007716156613
285857	0.001289317299
285858	0.0003325382794
285859	0.0001065561796
285860	0.0009055851635
285861	0.0003337290783
285862	0.0003283809617
285863	0.001248180432
285864	0.0006254819457
285865	0.0006539971494
285866	0.000885084521
285867	0.0001215118774
285868	0.001559089263
285869	0.00217996688
285870	0.0021157996
285871	0.0006885335991
285872	0.0004398271822
285873	0.0002156159148
285874	0.0002130657981
285875	0.0002345959485
285876	0.0001509243005
285877	0.0001146363429
285878	0.001743439452
285879	0.0002207172903
285880	0.001562598593
285881	0.000194181198
285882	0.0007384068744
285883	0.0006434529622
285884	0.001462071997
285885	0.0002260379032
285886	0.0005566052195
285887	0.0006409322648
285888	0.0001330267758
285889	6.915372026e-06
285890	0.001111415125
285891	0.0003453691871
285892	0.0003417314143
285893	0.002264052143
285894	0.005234140147
285895	3.933743695e-05
285896	0.005332433248
285897	0.002944873374
285898	0.0009520076682
285899	0.004099739939
285900	0.005492184075
285901	0.003030624396
285902	0.006816105806
285903	0.008198845941
285904	0.0001874872723
285905	0.0004624086279
285906	0.000572594829
285907	0.0007487820745
285908	0.002173103689
285909	0.00104158405
285910	0.0004018093093
285911	1.79152934e-05
285912	0.001312229547
285913	0.001569846661
285914	0.0009694482443
285915	0.001225782102
285916	0.001521109484
285917	0.0007037925543
285918	0.0001878142326
285919	0.001253458776
285920	0.001390321629
285921	0.0006147296203
285922	0.0006308607249
285923	0.001783141544
285924	0.0006146116073
285925	0.001739564627
285926	0.008074674324
285927	0.008095655615
285928	0.008709633415
285929	0.006164674325
285930	0.007334442258
285931	0.002326765937
285932	0.003868422324
285933	0.007484691238
285934	0.005723613227
285935	0.01103064468
285936	0.001156755629
285937	0.005528082315
285938	0.005584757428
285939	0.003588271369
285940	0.000737227345
285941	0.00545171441
285942	0.0005426807608
285943	0.001596143901
285944	8.508094919e-05
285945	0.002538908258
285946	0.00132472094
285947	0.01229382328
285948	0.005615544844
285949	0.0009323087631
285950	0.001804438739
285951	0.003303314818
285952	0.01722191738
285953	0.002528582992
285954	0.006590184998
285955	0.0125449908
285956	0.002416897182
285957	0.006459082139
285958	0.01377728402
285959	0.01007902562
285960	0.01578730016
285961	0.003176193993
285962	0.002288396819
285963	0.003411948152
285964	0.001864301178
285965	0.001429237324
285966	0.0001798664901
285967	0.002129669663
285968	0.001579979324
285969	0.01305878836
285970	0.01324748585
285971	0.004320771344
285972	0.001001111923
285973	0.009496389268
285974	0.01100958285
285975	0.00530683299
285976	0.002782790761
285977	0.0003579549488
285978	0.001983962714
285979	0.006436114358
285980	0.001108619998
285981	0.01417002774
285982	0.0008568516866
285983	0.001035393665
285984	0.001821282084
285985	0.01074787078
285986	0.005530964325
285987	0.01679661274
285988	0.002385317708
285989	0.004195733151
285990	0.002091923479
285991	0.002809375765
285992	0.00527640397
285993	0.00538190502
285994	0.005089845421
285995	0.01704352133
285996	0.001885363924
285997	0.005009909479
285998	0.00119120935
285999	0.001415409214
286000	0.0005135976032
286001	0.003946232565
286002	0.001080955642
286003	0.007296015621
286004	0.001791185047
286005	0.0001871375624
286006	0.003514304567
286007	0.0128884145
286008	0.009233305441
286009	0.01597441099
286010	0.0057545934
286011	0.01276598372
286012	0.0001077483074
286013	0.003155872019
286014	0.009504174261
286015	0.008321102325
286016	0.0003123527372
286017	0.003685634553
286018	0.0009076610291
286019	0.003866508453
286020	0.003361393989
286021	0.01021130341
286022	0.008907494492
286023	0.003787071061
286024	0.005170061163
286025	0.0004549819939
286026	0.00342826614
286027	0.006076087058
286028	0.0007003493191
286029	0.0006520129975
286030	0.001997889908
286031	0.0007703103824
286032	0.004750482565
286033	0.009175673901
286034	0.004313557415
286035	0.004182947016
286036	0.000446206085
286037	0.01321802015
286038	0.003169636252
286039	0.005641368979
286040	0.01179206508
286041	0.003915861259
286042	0.002945896579
286043	0.003579371068
286044	0.002999662671
286045	0.002864260999
286046	0.001657160175
286047	0.004771687801
286048	0.0004365484844
286049	0.0004914088039
286050	0.004078622435
286051	0.006784940814
286052	0.0008057758799
286053	0.001194677674
286054	0.005925788453
286055	0.003173629125
286056	0.00734573331
286057	0.003220378057
286058	0.01072175994
286059	0.001396813324
286060	0.008162232229
286061	0.01232307234
286062	3.068893536e-05
286063	0.002167107461
286064	0.005010938086
286065	0.003615481359
286066	0.001844894814
286067	0.002123053988
286068	0.002215311405
286069	0.0006672338215
286070	0.001212168942
286071	0.01154038187
286072	0.001073748724
286073	0.002165268154
286074	0.004306912424
286075	0.003769605871
286076	0.000774222497
286077	0.000772976551
286078	0.001671485686
286079	0.001948273936
286080	0.0001933512878
286081	0.002612071771
286082	0.003058987782
286083	0.002620752585
286084	0.001427708837
286085	0.0002764146149
286086	0.000145564042
286087	0.002742729959
286088	0.0008869071817
286089	0.001308227969
286090	0.00199290125
286091	0.0005912802867
286092	0.001899994716
286093	0.001127491483
286094	0.0001561680418
286095	0.002076498334
286096	0.0004002199427
286097	0.0006063929782
286098	0.0005012359652
286099	0.002238695695
286100	0.001338231877
286101	2.050977056e-05
286102	0.001616126132
286103	0.0007557610533
286104	0.001071203926
286105	0.0001910617357
286106	0.0008571235006
286107	2.443050287e-05
286108	0.0005944545354
286109	0.0008996499686
286110	0.002627724083
286111	0.001266682003
286112	0.0009450396887
286113	0.0006440304616
286114	0.000285986191
286115	0.001216349286
286116	0.004124751987
286117	0.003327300875
286118	0.0007474269457
286119	0.00196780757
286120	0.0007931032769
286121	0.001471784357
286122	0.001189086596
286123	0.000712161532
286124	0.000337692181
286125	0.001246628015
286126	0.0004574534317
286127	0.002137116366
286128	0.001930238241
286129	7.732534318e-05
286130	0.0002517578321
286131	0.001991896745
286132	0.001437669766
286133	0.0004561367502
286134	0.0002899728699
286135	0.0003913357783
286136	0.001605443229
286137	0.0002914180768
286138	0.001197054988
286139	0.001954246793
286140	0.00137632442
286141	0.0005660620257
286142	0.000970490694
286143	0.002212831479
286144	0.002376127413
286145	0.0007607176481
286146	0.002172431867
286147	0.001724947723
286148	0.001181417725
286149	0.001428543106
286150	0.0001578660469
286151	0.001730807308
286152	0.0008681418636
286153	0.001148685555
286154	0.0008995289545
286155	0.0004973512098
286156	0.0001711866406
286157	0.0001318689747
286158	3.077223585e-05
286159	0.0006782149957
286160	0.001237453075
286161	0.0003131200548
286162	0.0005174377353
286163	0.001825451071
286164	0.001548778501
286165	0.004076731434
286166	0.0005136219199
286167	0.001420307555
286168	0.00128113151
286169	0.002394084035
286170	0.0008577373481
286171	0.0006055084173
286172	0.001536443955
286173	0.001855184525
286174	0.0002186738726
286175	0.0005731769288
286176	0.000870585712
286177	0.0004843820573
286178	0.001042573905
286179	0.001081771287
286180	0.0002720496888
286181	0.00123667584
286182	0.002218787677
286183	0.001464912877
286184	0.0007648614801
286185	0.001265083714
286186	0.001237050112
286187	0.00161661423
286188	2.494202901e-05
286189	0.001899649887
286190	0.003339255206
286191	0.001097840727
286192	0.000140349371
286193	0.0002901033214
286194	0.001161048159
286195	0.0003000332888
286196	0.001293688893
286197	0.001398682011
286198	0.0006559448723
286199	0.0008434452795
286200	0.0007572548134
286201	0.0008185114573
286202	0.000908777431
286203	0.001633965408
286204	0.0005675447856
286205	0.0003206007828
286206	0.001028524531
286207	0.0007561992413
286208	0.0007573368901
286209	0.0006562625948
286210	0.002227243939
286211	0.0008490841945
286212	1.796642397e-05
286213	0.004308085703
286214	0.002110005784
286215	0.00399173267
286216	0.001233287745
286217	0.001753299247
286218	0.0005032104931
286219	0.002639075358
286220	0.0007092407835
286221	0.0008056208247
286222	0.001770155999
286223	0.0004479226689
286224	0.001777382168
286225	0.0003939510059
286226	0.002602544346
286227	0.001038604566
286228	0.002479713682
286229	0.0001327178728
286230	0.001387524839
286231	0.001687116885
286232	0.002339919881
286233	0.0009473516467
286234	0.004342922459
286235	7.611186553e-05
286236	0.003688237577
286237	0.001019609892
286238	0.002885730935
286239	0.001969687542
286240	0.002178086958
286241	0.0005303797603
286242	0.002422833515
286243	0.000869933847
286244	0.001305629434
286245	0.0001905992984
286246	0.0006570031731
286247	0.001255994717
286248	0.001913210666
286249	0.0003114088227
286250	0.001218581184
286251	0.001584234315
286252	0.000919546969
286253	0.001895937208
286254	0.001500717157
286255	0.0008365917822
286256	4.151961795e-05
286257	0.001284852057
286258	0.001428508746
286259	0.002306200634
286260	0.0009880555185
286261	0.003271594033
286262	0.0005699756945
286263	0.0005264271317
286264	0.001883148263
286265	0.0001266838083
286266	0.001337789217
286267	0.0002662714994
286268	0.001144471241
286269	0.0003731520888
286270	0.0006590591355
286271	0.001610965063
286272	0.0005219503603
286273	0.0007678550177
286274	0.003495503165
286275	0.0003359184252
286276	0.0004865385065
286277	0.0005908337388
286278	0.001588065829
286279	0.0005627024655
286280	0.000394151806
286281	0.002589155304
286282	0.003609762406
286283	0.0002408341938
286284	0.002542745799
286285	0.001718133078
286286	0.0007476758647
286287	0.0004041869264
286288	0.002166206193
286289	0.001046899773
286290	0.0002656261381
286291	0.003215223178
286292	0.0008320883952
286293	0.001161024115
286294	0.00112080047
286295	0.002931804183
286296	0.002339927993
286297	0.0001080553957
286298	0.000451226688
286299	0.0009273575003
286300	0.0002148913028
286301	0.002075846761
286302	0.0004903652287
286303	0.001060928892
286304	0.0002848584147
286305	0.0007837557511
286306	0.001036470785
286307	0.001169922955
286308	0.00184822026
286309	0.0009217541873
286310	0.001313620498
286311	0.00140622258
286312	0.0004137143591
286313	0.001328573962
286314	0.00110946631
286315	0.001492969167
286316	0.001144497134
286317	0.00150955699
286318	0.001201552494
286319	0.0005571976989
286320	0.002649341172
286321	0.001317342456
286322	0.00108213621
286323	0.0006220575797
286324	0.001524625044
286325	0.00136384749
286326	0.0001265016037
286327	0.001989741691
286328	0.002432554337
286329	0.0009787857487
286330	0.0009391105746
286331	0.0003980349567
286332	0.0001251231596
286333	0.0001552657397
286334	0.0003710661227
286335	0.0003923495537
286336	0.0003780496919
286337	0.003017975556
286338	0.0001665111213
286339	0.002008925035
286340	0.001362837076
286341	0.0008992755884
286342	0.00345468264
286343	0.0002667241293
286344	0.001749580908
286345	0.00236552681
286346	0.004332430898
286347	7.826194105e-05
286348	0.001565710048
286349	0.002530847895
286350	0.0006575677861
286351	0.001666224515
286352	0.001393029737
286353	0.001237087846
286354	0.0009565940012
286355	0.001017181709
286356	0.0005417396368
286357	0.000248715631
286358	0.0004835729726
286359	0.00113545293
286360	0.0009134786509
286361	0.005531263853
286362	0.000154414979
286363	9.663873363e-05
286364	0.0001535877531
286365	0.001794916843
286366	0.0001100825299
286367	0.0001838405367
286368	0.002619911974
286369	0.001056565129
286370	0.002550288909
286371	0.003221754937
286372	0.001378141314
286373	0.0003437645171
286374	0.0005380658987
286375	0.00241447331
286376	0.007606959835
286377	0.0006562475406
286378	0.001633599695
286379	0.0004905779643
286380	0.001083450925
286381	0.0008234702802
286382	0.001806816628
286383	0.0003651480303
286384	3.197414373e-05
286385	0.001700736981
286386	0.001554247183
286387	0.0006934594555
286388	0.002190158881
286389	0.002079989638
286390	0.002558996289
286391	0.005659383021
286392	0.000810677279
286393	0.001035701325
286394	0.004500644328
286395	0.000411683795
286396	0.002599873122
286397	0.002219293768
286398	0.001556942572
286399	0.001640458477
286400	0.001560865922
286401	0.002394611905
286402	0.002268641903
286403	8.575352169e-05
286404	0.001278840741
286405	0.001153473067
286406	0.002279757285
286407	0.001099071926
286408	0.002009532901
286409	0.001769882261
286410	0.002290468795
286411	0.001261157868
286412	0.002396515954
286413	0.0008108627593
286414	0.0004998863948
286415	0.003297873996
286416	0.001482027977
286417	0.0006351275677
286418	0.003242330336
286419	0.01183072566
286420	0.002436205186
286421	0.003036807251
286422	0.007178790307
286423	0.00471673333
286424	0.002267638033
286425	0.0002262651534
286426	0.005945281879
286427	0.002566165194
286428	0.0002154622539
286429	0.006391076846
286430	0.0003863946099
286431	0.0002034414925
286432	0.001134222969
286433	0.001316928852
286434	0.004420251555
286435	0.002484392695
286436	0.002842082998
286437	0.008205076197
286438	0.0009392670583
286439	0.0003196643212
286440	0.001942910741
286441	0.007994535336
286442	0.002545265804
286443	0.0007186395292
286444	0.001330749648
286445	0.0008753824197
286446	0.003014804921
286447	0.002074887027
286448	0.002084805404
286449	0.000461023709
286450	0.000599074478
286451	0.001548627615
286452	0.0004660235336
286453	0.001139081149
286454	0.001601952879
286455	0.0002663445884
286456	0.00173412785
286457	0.001764456822
286458	0.002464482874
286459	0.0002505495074
286460	0.001072196115
286461	0.001470212886
286462	0.004257616642
286463	0.0002015244957
286464	0.002816233932
286465	0.001041633247
286466	0.0006099340729
286467	0.002357668503
286468	7.844232364e-05
286469	0.00115726385
286470	0.0004689475502
286471	0.0003904645077
286472	0.001420145937
286473	0.001076590485
286474	0.001393348181
286475	0.002991243545
286476	0.000244097487
286477	0.002531944327
286478	0.001543684247
286479	0.0005879700478
286480	0.0003448263997
286481	0.002306158649
286482	0.001464091932
286483	0.001155207133
286484	0.001356251177
286485	9.70712601e-05
286486	0.00415462451
286487	0.0006256590653
286488	0.01484737087
286489	0.0001096040237
286490	0.00587035681
286491	0.005407068582
286492	0.001622723951
286493	0.0004900606097
286494	0.003186527032
286495	0.001704606987
286496	0.004494815577
286497	0.003777220653
286498	0.007108248632
286499	0.004763908154
286500	0.01250893152
286501	0.005208933544
286502	0.003138648943
286503	0.002956753867
286504	0.004445871015
286505	0.005844433919
286506	0.0001740114098
286507	0.001601998814
286508	0.003694879117
286509	0.004645963352
286510	0.001497129224
286511	0.001425066157
286512	0.008457867887
286513	0.001385163543
286514	0.006248872994
286515	0.008460487207
286516	0.002444467134
286517	0.004381753684
286518	0.002526442522
286519	0.006476155506
286520	0.01099188474
286521	0.002620845352
286522	0.005886807993
286523	0.006913665677
286524	0.006058685177
286525	0.002915118843
286526	0.003905027658
286527	0.004149230469
286528	1.71358492e-05
286529	0.004956985126
286530	0.01118027574
286531	0.005256904397
286532	0.002825216136
286533	0.004408181343
286534	0.005845886703
286535	0.005048349124
286536	0.0004245545253
286537	3.77177727e-05
286538	0.002606886499
286539	0.001695524605
286540	0.00375611488
286541	0.003149965164
286542	0.001402690245
286543	0.01317180153
286544	0.002807789009
286545	0.001824853505
286546	0.005756289463
286547	0.00242889929
286548	0.00154773994
286549	0.005920168995
286550	0.003617814527
286551	0.0006948523302
286552	0.002544056227
286553	0.002019839245
286554	0.002765254379
286555	0.00818719481
286556	0.000920044784
286557	0.002229106743
286558	0.003751342333
286559	0.01123623046
286560	0.0009369873048
286561	0.003558729533
286562	0.003658311967
286563	0.0004408159908
286564	0.004128858422
286565	0.007488733993
286566	0.001293916952
286567	0.001478059023
286568	0.0006240469987
286569	0.001509343531
286570	0.004166597034
286571	0.003450304129
286572	0.0005404860338
286573	0.00181690768
286574	0.0003382778893
286575	0.002299002345
286576	0.001327433005
286577	0.01145026248
286578	0.01284357694
286579	0.0007315946769
286580	0.003796783799
286581	0.001579493155
286582	0.003846299946
286583	0.007681954449
286584	0.005208518181
286585	0.001746502034
286586	0.001299787554
286587	0.004400578433
286588	0.003488487002
286589	0.0006681561784
286590	0.002814684835
286591	0.002677137515
286592	0.007268029528
286593	0.01111393032
286594	0.0004406350927
286595	0.005669679737
286596	0.001695239069
286597	0.004097689462
286598	0.001833131668
286599	0.007276072203
286600	0.0005182487022
286601	0.004264372234
286602	3.001130163e-05
286603	0.001230829599
286604	0.001486704852
286605	0.0001173838783
286606	8.782611122e-05
286607	0.005997730109
286608	0.004540642505
286609	0.00112873092
286610	0.003420943178
286611	0.01066771688
286612	0.001299520593
286613	0.009018139724
286614	0.003956669744
286615	0.0008956217512
286616	0.003205472476
286617	0.001842932449
286618	0.006283927117
286619	0.001251903369
286620	0.0003301676627
286621	0.001663486304
286622	0.003209680488
286623	0.009647227782
286624	0.002219416888
286625	0.003779731527
286626	0.005206013779
286627	0.008550398382
286628	0.002569517854
286629	0.007156677008
286630	0.004244541365
286631	0.008197080199
286632	0.007833061291
286633	0.003581369993
286634	1.383442826e-05
286635	0.001857343332
286636	0.00250637572
286637	0.001652534241
286638	0.003805243535
286639	0.005879297415
286640	0.001341628148
286641	0.002301250084
286642	0.007526763771
286643	0.00823842821
286644	0.00491534953
286645	0.002371426583
286646	0.009870648744
286647	0.001727226606
286648	0.002489567955
286649	0.002794808104
286650	0.003168259039
286651	0.002374756804
286652	0.01244608185
286653	0.003375818037
286654	0.004898072145
286655	0.007268529289
286656	0.0001956457238
286657	0.001109007831
286658	0.01273094735
286659	0.003579052062
286660	0.006266087357
286661	0.004388678304
286662	0.001691101101
286663	0.004548722805
286664	0.0002345662062
286665	0.00218956607
286666	0.0009751651782
286667	0.003625301631
286668	0.001856848188
286669	0.001245425087
286670	0.003472192397
286671	0.0002052228788
286672	0.001567400335
286673	0.0009527822346
286674	0.002191622659
286675	0.0006271319032
286676	0.0001702788448
286677	0.0006628507229
286678	0.005590789172
286679	0.00129142057
286680	0.00126284812
286681	0.0005541628624
286682	0.0006495369494
286683	0.0002525820664
286684	0.0001192628536
286685	8.903005503e-05
286686	0.0002773273192
286687	0.0007577201348
286688	0.0002117364024
286689	0.002197053812
286690	0.000937803886
286691	0.001797303318
286692	0.0005373534601
286693	0.002805297428
286694	4.733987944e-05
286695	0.002535580205
286696	0.001059181721
286697	0.001129225708
286698	0.0001510211247
286699	0.0002960016516
286700	0.001551486013
286701	0.0007219499261
286702	0.001404597697
286703	0.001512586287
286704	0.002057632511
286705	0.0005084983495
286706	0.000582588591
286707	0.000169102619
286708	0.001384696725
286709	0.0004886897627
286710	0.0001926868521
286711	0.0005560870842
286712	0.0004060673698
286713	0.0008355557344
286714	0.0003445186449
286715	0.0005623700525
286716	0.001287008338
286717	0.004728990166
286718	0.0005218394694
286719	0.0008623292381
286720	0.001730299945
286721	0.001706341495
286722	0.001164824914
286723	0.0007009414454
286724	0.0002691447556
286725	0.0008627369278
286726	0.002062267172
286727	0.002934898477
286728	0.001105612052
286729	0.0009690006315
286730	0.001188295497
286731	0.003887877156
286732	0.001404845575
286733	0.0007444797578
286734	0.001851261474
286735	0.0003594777256
286736	0.001054178576
286737	0.001602268236
286738	0.0008904689628
286739	0.001949357635
286740	0.001769690134
286741	0.0003964530527
286742	0.0002473754021
286743	0.0009787178573
286744	0.0005255516196
286745	8.552289012e-05
286746	8.981464805e-05
286747	0.001822788029
286748	0.0003369655867
286749	0.0001525861617
286750	0.001132933618
286751	0.0005847162476
286752	0.000611327738
286753	0.003758799047
286754	0.003968833249
286755	0.0008198145548
286756	0.0001432067801
286757	8.18466915e-05
286758	0.001779102876
286759	0.001100255904
286760	0.001249752232
286761	0.002036737903
286762	0.002259040918
286763	0.0001875966283
286764	0.0001519968321
286765	0.0007341653887
286766	0.001344385608
286767	0.000791974185
286768	0.002728698612
286769	0.002702566347
286770	0.0009402699941
286771	0.0009507043059
286772	0.003063273586
286773	0.001041784187
286774	0.00837840194
286775	0.0008675037086
286776	0.006305366683
286777	0.00147239266
286778	0.005391579017
286779	0.01516656544
286780	0.00264220421
286781	0.001685421067
286782	0.000797264378
286783	0.002169757428
286784	0.01441298981
286785	0.005361140707
286786	0.005147672942
286787	0.00195470729
286788	0.003268031406
286789	0.003744272147
286790	0.003950927289
286791	0.003059465253
286792	0.001583693316
286793	0.002627767406
286794	0.003100528149
286795	0.005553239445
286796	0.004376292941
286797	0.001407540616
286798	0.001470123617
286799	0.006748880763
286800	0.001647767305
286801	0.001729474248
286802	0.005813125039
286803	0.0002092210016
286804	0.001187463339
286805	0.001513352775
286806	0.004053727904
286807	0.004422023323
286808	0.003193610418
286809	0.002039964575
286810	0.003010979823
286811	9.146700588e-05
286812	0.0009615140346
286813	0.0009450074155
286814	0.004496839039
286815	0.001230289293
286816	0.001681773673
286817	0.0004279981355
286818	0.0007558724979
286819	0.0003369359011
286820	0.001225661241
286821	0.0009865880932
286822	0.002433706803
286823	0.0001154088445
286824	3.022993693e-05
286825	0.0004111271263
286826	0.001043126955
286827	0.00142287307
286828	0.001695325836
286829	0.0001413268388
286830	0.005351110067
286831	0.0002910582835
286832	0.001329901952
286833	0.001489129575
286834	0.000472571778
286835	0.001073700112
286836	0.002126306306
286837	0.00087775892
286838	0.001097786129
286839	0.0007038125242
286840	0.002311915429
286841	0.0008623451075
286842	0.001594857921
286843	0.001144384966
286844	0.0007405790434
286845	0.001198051691
286846	0.0008761620096
286847	0.002205707913
286848	0.0009011481579
286849	0.0005550723269
286850	0.0008882266443
286851	0.0002189106751
286852	0.003067439526
286853	0.0008897284401
286854	0.001411270061
286855	0.001242893817
286856	0.0022107486
286857	0.0007497291541
286858	0.0002348453622
286859	0.000911520091
286860	0.002462641997
286861	0.008289498189
286862	0.00916211835
286863	3.918912245e-05
286864	0.001814301932
286865	0.007576720969
286866	0.005915669743
286867	0.00390481647
286868	0.001772530853
286869	0.003338399968
286870	0.005872615109
286871	0.007931094836
286872	0.00420878636
286873	0.008713571669
286874	0.004936364693
286875	0.001742996267
286876	0.01011277262
286877	0.003529670245
286878	0.0003752100648
286879	0.002730644168
286880	0.0138795503
286881	0.002638028292
286882	0.0005872670833
286883	0
286884	0.005754995644
286885	0.00299329736
286886	0.001405529151
286887	0.00344425821
286888	0.0001944630021
286889	0.003454949456
286890	0.003139519915
286891	0.01201219839
286892	0.004451589934
286893	0.004700266716
286894	0.0009366880261
286895	0.009657719476
286896	0.002123806494
286897	0.004424659934
286898	0.009270551036
286899	0.003942911693
286900	0.009871029207
286901	0.01219784477
286902	0.000656062784
286903	0.003776031548
286904	0.001699403279
286905	0.0002817300333
286906	0.01412670497
286907	5.378064843e-06
286908	0.004628030013
286909	0.001089976908
286910	0.009363720393
286911	0.005749609642
286912	0.0004954577314
286913	0.005332969287
286914	0.001591715005
286915	0.001348600299
286916	0.0008907441734
286917	0.001883509325
286918	0.001640673211
286919	0.006760684528
286920	0.001011911668
286921	0.004944589578
286922	0.00317780229
286923	0.003718976119
286924	0.00206632846
286925	0.001483561775
286926	0.005166019767
286927	0.009109170634
286928	0.01364649037
286929	0.004614511716
286930	0.003442588547
286931	0.002328511981
286932	0.001422233455
286933	0.0002439667065
286934	0.004602144168
286935	0.006147890206
286936	0.002883481176
286937	0.004192540026
286938	0.006700163276
286939	0.003186885533
286940	0.006036007744
286941	0.01059741104
286942	0.0008284105618
286943	0.004342468909
286944	0.002874076562
286945	0.006225457549
286946	0.0006141404253
286947	0.00470294301
286948	0.001328773226
286949	0.001768898057
286950	0.004734951168
286951	0.0001971813761
286952	0.001168553113
286953	0.004901150619
286954	0.003541879954
286955	0.003937249544
286956	0.00147337953
286957	0.01286785731
286958	0.00062474435
286959	0.01426284458
286960	0.004990521902
286961	0.003412841767
286962	0.001615993065
286963	0.001456781382
286964	0.004445067689
286965	0.003422729582
286966	0.003332066709
286967	0.0109446793
286968	0.004731218445
286969	0.002747231108
286970	0.002251213173
286971	0.0008421953957
286972	0.007774486771
286973	0.007840032145
286974	0.006339446304
286975	0.001062179464
286976	0.004163632737
286977	0.0006291608941
286978	1.904790369e-05
286979	0.005192506662
286980	0.001291140034
286981	0.01070336668
286982	0.0007049388535
286983	0.01584405277
286984	0.01188135211
286985	0.003352223302
286986	0.01243039791
286987	0.006940220631
286988	0.001109425746
286989	0.009062080634
286990	0.000383158794
286991	0.0004929442415
286992	0.003608792414
286993	0.00959205027
286994	0.00174711544
286995	0.003550264545
286996	0.002396587799
286997	0.002612274001
286998	0.001900799849
286999	0.000965729399
287000	0.003656141533
287001	0.006714059251
287002	0.002402815849
287003	0.0005471314853
287004	0.003186286986
287005	0.00120699706
287006	0.004922219329
287007	0.0004560179775
287008	0.0110051149
287009	0.003045537781
287010	0.01155167073
287011	0.009560214783
287012	0.01178514545
287013	0.002663653116
287014	0.0004586732191
287015	0.007500961709
287016	0.001042679009
287017	0.009915588197
287018	0.003381205108
287019	0.001195687443
287020	0.004920402239
287021	0.001690942111
287022	0.00180030626
287023	0.009588101252
287024	0.005534462013
287025	0.01316810865
287026	0.01578244867
287027	0.002622870215
287028	0.0007428350342
287029	0.001692469985
287030	0.00250616415
287031	0.005247863702
287032	0.004363984171
287033	0.0002349744295
287034	0.006829279583
287035	0.004241588349
287036	0.002380178733
287037	0.001691180549
287038	0.00587194676
287039	0.001295236864
287040	0.009530554392
287041	0.008043698594
287042	0.0003072098496
287043	0.001434221403
287044	0.002570148485
287045	0.009848848776
287046	0.006654309595
287047	0.005242522974
287048	0.009018751674
287049	0.0009773773773
287050	0.005409906415
287051	0.00730077249
287052	0.002084674674
287053	0.01375224113
287054	0.01364643818
287055	0.009266838993
287056	0.007278264568
287057	0.003923102718
287058	0.007976479418
287059	0.003003633056
287060	0.005633078566
287061	0.01084577123
287062	0.009042370324
287063	0.007010293558
287064	0.005647980025
287065	0.0002158573821
287066	0.00215854723
287067	0.001487233429
287068	0.009927321388
287069	0.003382348722
287070	0.007391806074
287071	0.01757418609
287072	0.000792848271
287073	0.01363248382
287074	0.009872907193
287075	0.009132720308
287076	0.002556827557
287077	0.008460213158
287078	0.001597320409
287079	0.001034071891
287080	0.0002598162435
287081	0.006919555009
287082	0.0007738006364
287083	0.009318432377
287084	0.007765270978
287085	0.009089848559
287086	0.003452646364
287087	0.001932925828
287088	0.006512055078
287089	8.129418187e-05
287090	0.01025468105
287091	0.007994884876
287092	0.005306934652
287093	0.01888043908
287094	0.0003713915804
287095	0.002439873127
287096	0.002206757434
287097	0.006851937293
287098	0.003745066369
287099	0.006483791073
287100	0.00363431226
287101	0.00117371426
287102	0.001583300032
287103	0.00344845617
287104	0.003420134395
287105	0.00482204529
287106	0.002221629606
287107	0.005999408707
287108	0.0002050370356
287109	0.01151808128
287110	0.005765113271
287111	0.0001746212763
287112	0.003715770843
287113	0.01118619536
287114	0.00544134996
287115	0.004406923252
287116	0.003771345894
287117	0.002167113494
287118	0.003217060967
287119	0.003234915628
287120	0.005924498078
287121	0.004061521614
287122	0.007277769575
287123	0.001728050675
287124	0.001035027156
287125	2.61110231e-05
287126	0.007970359301
287127	0.004097288429
287128	0.006861712201
287129	0.001092143457
287130	0.002041930666
287131	0.004703892112
287132	0.0031162278
287133	0.006526482164
287134	0.001549933712
287135	0.00432074312
287136	0.001089036571
287137	0.0016060549
287138	0.004966711903
287139	0.005252552828
287140	0.005540084536
287141	4.886071347e-05
287142	0.005844291156
287143	0.006121764322
287144	0.000450395475
287145	0.003520355145
287146	0.000666362684
287147	0.001788247362
287148	0.01514092219
287149	0.007058211171
287150	0.00487343318
287151	0.008373475762
287152	0.005931798
287153	0.002271254601
287154	0.006834098791
287155	0.01160618079
287156	0.001754047204
287157	0.011846568
287158	0.004713785041
287159	0.0008859546506
287160	0.01931747762
287161	0.003790998381
287162	0.004002830538
287163	0.008528741833
287164	0.006330420275
287165	0.009167139149
287166	0.007934628062
287167	0.004460483795
287168	0.01242744187
287169	7.411139333e-05
287170	0.007781557259
287171	0.01018879745
287172	0.0040295685
287173	0.006136916544
287174	0.000522180925
287175	4.770007262e-05
287176	0.005220332371
287177	0.0008778499455
287178	0.007492864148
287179	0.005191585271
287180	0.01223879033
287181	0.00870828522
287182	0.00349441447
287183	0.003331989489
287184	0.004840877744
287185	0.005267573733
287186	0.004008395087
287187	0.002275427996
287188	0.003697376503
287189	0.004275824053
287190	0.006460744423
287191	0.001084067507
287192	0.002653233773
287193	0.001775371918
287194	0.002794655895
287195	0.0001299727233
287196	0.0003382801559
287197	0.002465372579
287198	0.006729743807
287199	0.002553009699
287200	0.001610594375
287201	0.002845215003
287202	0.003578945412
287203	0.005124529907
287204	0.006736133231
287205	0.005409539487
287206	0.01011973392
287207	0.002721088979
287208	0.006660574193
287209	0.0003625575737
287210	0.005909549268
287211	0.003729898389
287212	0.0003035979054
287213	0.0007926946733
287214	0.003216013801
287215	0.003335271363
287216	0.0008816228438
287217	0.008044834787
287218	0.001638934268
287219	0.003898451273
287220	0.00029095342
287221	0.002960971707
287222	0.0001966384264
287223	0.005011379203
287224	0.01612908137
287225	0.002165502936
287226	0.006701907012
287227	0.003265011865
287228	0.01068821315
287229	0.002915613931
287230	0.00152167048
287231	0.0005955281011
287232	0.0004113421096
287233	0.0006536913175
287234	0.002800571514
287235	0.001006686353
287236	0.0006326128087
287237	0.0006645192075
287238	0.001985927219
287239	0.001667633644
287240	0.0005655513412
287241	0.001295108174
287242	0.0002696839844
287243	0.0003487545985
287244	0.001124359527
287245	0.001115291312
287246	0.0009168272657
287247	0.002881462519
287248	0.001242954745
287249	0.002314678395
287250	0.00229880889
287251	0.002012570175
287252	0.001028158518
287253	0.001702216205
287254	0.00166809308
287255	2.020820138e-07
287256	0.001353531835
287257	0.00116690402
287258	0.001322371426
287259	0.001062240239
287260	0.00145179646
287261	0.0007908376919
287262	0.001522494869
287263	0.001897543103
287264	0.001226003936
287265	0.0009783345073
287266	0.00128397985
287267	0.001449447326
287268	0.001059341817
287269	0.000478481491
287270	8.305343466e-05
287271	0.0005332184486
287272	0.001716764237
287273	9.837403929e-05
287274	0.0009778158229
287275	2.82525324e-06
287276	0.0002979766427
287277	0.001397559029
287278	0.0004499632921
287279	0.002140318503
287280	0.001241319098
287281	0.002640498058
287282	0.002557484003
287283	0.002738468311
287284	0.001312382367
287285	0.000413879912
287286	0.0007908942287
287287	0.0008786233264
287288	0.0006228248277
287289	0.0009028424161
287290	0.001575743113
287291	0.0004078746734
287292	0.001299441063
287293	0.002166102843
287294	0.002178956482
287295	0.0005358977984
287296	0.0009548693247
287297	0.0007956886684
287298	0.0001671317335
287299	0.0002828316348
287300	0.0007041226546
287301	0.001060148161
287302	6.460647293e-05
287303	0.002090955824
287304	0.004789527568
287305	0.001192057033
287306	0.001185495268
287307	0.0006356958813
287308	0.0001674398131
287309	0.0007617496439
287310	0.001169199051
287311	0.0001847372645
287312	0.000486919094
287313	0.0008251406857
287314	0.0007133130634
287315	0.0005791348522
287316	0.0003141209518
287317	0.000717184645
287318	0.001371609329
287319	0.0006850810024
287320	0.000530982934
287321	0.0009774331507
287322	0.001097052653
287323	4.111979289e-05
287324	0.0002610560806
287325	0.0005709773933
287326	0.000544488293
287327	0.002268852225
287328	0.0005840932005
287329	0.0004943181018
287330	0.001285111034
287331	0.001199354057
287332	0.0008600138504
287333	0.001282513354
287334	0.000540172741
287335	0.0006693254126
287336	0.001919367243
287337	0.0007091407286
287338	0.001465112963
287339	0.0001064921151
287340	0.0005827725055
287341	0.0005171667184
287342	7.595907383e-05
287343	0.0002668820338
287344	0.001697345113
287345	0.000353761966
287346	0.000236361607
287347	0.0008852104915
287348	0.000889877205
287349	0.0002338820247
287350	0.0005669067222
287351	0.0006362341637
287352	1.538343199e-05
287353	0.001284150576
287354	0.00117436357
287355	0.0006275080307
287356	0.0004646767567
287357	0.0001028458251
287358	0.0004810480721
287359	0.001444285113
287360	0.0004959571451
287361	0.0009952269836
287362	0.0005217774111
287363	0.0009910982361
287364	0.001717685993
287365	0.0007733619626
287366	0.0001420059
287367	0.0003836720759
287368	0.001181023325
287369	0.001465096845
287370	0.0009043234024
287371	0.0001696113547
287372	0.0007232051981
287373	0.0005779382136
287374	0.0005312735009
287375	0.0008965061307
287376	0.001271583615
287377	9.048501839e-06
287378	0.0002193399005
287379	0.0008479001898
287380	0.001109931784
287381	0.001357417055
287382	0.001297408851
287383	0.001103489786
287384	0.0006718746966
287385	0.0003536383601
287386	0.0006478237899
287387	0.001641648283
287388	0.0004138005645
287389	0.001601353677
287390	0.0008345308088
287391	0.0007307402493
287392	0.000776083351
287393	0.000286966068
287394	0.0009671723683
287395	0.0002178127799
287396	0.005025380113
287397	0.01535498055
287398	0.0152552038
287399	0.002196506332
287400	0.00550310501
287401	0.004357269916
287402	0.001260103122
287403	0.005539531777
287404	0.006933257983
287405	0.003108967909
287406	0.006229285333
287407	0.0003149669705
287408	0.01191633148
287409	0.00242435033
287410	0.001572919548
287411	0.002782693027
287412	0.003666173306
287413	0.001920253975
287414	0.003127938389
287415	0.02031765348
287416	0.003201987972
287417	9.091968647e-05
287418	0.000215928498
287419	0.0008625805796
287420	0.002727516667
287421	0.01321748776
287422	0.0006884921474
287423	0.002269594581
287424	0.000376035966
287425	0.002535003976
287426	0.002250827119
287427	0.005467801756
287428	0.0003503392284
287429	0.004129697405
287430	0.009606240021
287431	0.01653328734
287432	0.0009410182895
287433	0.001497802821
287434	0.004041512318
287435	0.01302796119
287436	0.006770224641
287437	0.005030562721
287438	0.01112479659
287439	0.005368454411
287440	0.004733304354
287441	0.01126598782
287442	0.004308004909
287443	0.004950282493
287444	0.0003615192758
287445	0.0009106213925
287446	0.002865673171
287447	0.004427131226
287448	0.01903952471
287449	0.01939822451
287450	4.666767005e-05
287451	0.002064675482
287452	0.003651987112
287453	0.00264738214
287454	0.0007568055554
287455	0.001317391003
287456	0.005079275884
287457	0.0009546094896
287458	0.004247455049
287459	0.00651824011
287460	0.001836220103
287461	0.001325833516
287462	0.0005842744577
287463	0.01281431443
287464	0.001835583651
287465	0.001683979602
287466	0.01319891627
287467	0.005026120441
287468	0.005241093798
287469	0.01043172078
287470	0.002033827119
287471	0.008054388278
287472	0.001795474992
287473	0.002990765872
287474	0.006564710935
287475	0.0006947213829
287476	0.00702238126
287477	0.009773501072
287478	0.001744025175
287479	0.00507976589
287480	0.005666129358
287481	0.004789602371
287482	0.00145035687
287483	0.0006635790419
287484	0.004219120315
287485	0.01391101834
287486	0.001486852716
287487	0.008908950004
287488	0.0005836168458
287489	0.01359797138
287490	0.001517937373
287491	0.0113791386
287492	0.005382342494
287493	0.007917930867
287494	0.01065812567
287495	0.008752504394
287496	0.004924124253
287497	0.006491287378
287498	0.001374366866
287499	0.0003848300497
287500	0.0002862455679
287501	0.0002276035982
287502	0.005819434885
287503	0.001039830505
287504	0.002782176505
287505	0.001462105628
287506	0.001556425188
287507	0.001650471268
287508	0.00697475295
287509	0.002372576233
287510	0.0004414957812
287511	0.0004491292014
287512	0.0009461907192
287513	0.001054285526
287514	0.001521084677
287515	0.0004996113018
287516	0.001219665373
287517	0.00431151358
287518	0.000843023098
287519	0.002107549327
287520	0.0005258561436
287521	0.002049734335
287522	0.000619962118
287523	0.0001832479703
287524	0.006955486728
287525	0.0005586961188
287526	0.001133108276
287527	0.0008542110388
287528	0.002982100372
287529	0.0004753007986
287530	0.001872461267
287531	0.001451091989
287532	0.002531416997
287533	0.002222307125
287534	0.0006114285856
287535	0.0007433117444
287536	0.002660868564
287537	0.001212833825
287538	0.002378040846
287539	0.002525212836
287540	0.001463536289
287541	0.0001609137135
287542	0.0004408717293
287543	0.0003365567716
287544	0.001502039682
287545	0.0013541104
287546	0.002090668699
287547	0.001630317811
287548	0.001038760363
287549	0.00342717725
287550	0.001425274242
287551	0.002172918793
287552	0.000754903303
287553	0.002730070478
287554	0.002263618291
287555	0.0003763485532
287556	0.002109976466
287557	0.001667662951
287558	0.002689342951
287559	0.005193310415
287560	0.001070366464
287561	0.002094170091
287562	0.01211910041
287563	0.001822901159
287564	0.002647612748
287565	0.001132433947
287566	0.001238454056
287567	0.001813569711
287568	0.002122474071
287569	0.0007467162639
287570	0.0008110685796
287571	0.001164005708
287572	0.001324153937
287573	0.001810205071
287574	0.002640636723
287575	0.002123725884
287576	0.004254438288
287577	0.002253924348
287578	0.0003404172897
287579	0.00502986753
287580	0.003300500521
287581	0.001132247669
287582	0.00336399197
287583	0.0008969429651
287584	0.001637574924
287585	0.003345110207
287586	0.0007247896525
287587	0.001030406211
287588	0.00225914289
287589	0.001439828952
287590	0.0001313849094
287591	0.003301887725
287592	0.0001520905638
287593	0.0001410622952
287594	0.001783061921
287595	0.003517608118
287596	0.001458018763
287597	0.002636801802
287598	0.001737796391
287599	0.00232163538
287600	0.00302712157
287601	0.00138272063
287602	0.00234305641
287603	0.0007584267566
287604	0.003671488817
287605	0.001412754061
287606	0.001597193266
287607	0.003964087522
287608	0.0007570021252
287609	0.001548253017
287610	0.002498958399
287611	0.001409995292
287612	0.0003955224936
287613	0.00263832535
287614	0.001681540732
287615	0.0006148575049
287616	0.0008431342834
287617	0.002208532333
287618	0.01037234232
287619	0.001833531274
287620	0.001715175481
287621	0.001445148582
287622	0.002014416952
287623	0.00118848636
287624	0.003283094043
287625	0.002204771167
287626	0.000113431308
287627	0.002580763771
287628	0.001119463027
287629	0.001153581396
287630	0.001081174865
287631	0.001725284231
287632	0.001899365882
287633	0.001409752675
287634	0.001859366283
287635	0.000445407463
287636	0.002301324364
287637	0.0006233888152
287638	0.002603040345
287639	0.001094627279
287640	0.001681062108
287641	0.0007180044568
287642	0.001575062864
287643	0.001670102061
287644	0.001322821831
287645	0.001357821083
287646	0.001066814178
287647	0.001824186807
287648	0.002724364044
287649	0.001779779881
287650	0.000510207668
287651	0.002486935372
287652	0.001222335224
287653	0.001388354389
287654	0.0009561513586
287655	0.002650345966
287656	0.002251348382
287657	5.319560402e-05
287658	0.001263341569
287659	0.002054647947
287660	0.001050277001
287661	0.0005322840546
287662	0.003875028771
287663	0.001321763412
287664	0.003308001941
287665	0.002578132031
287666	0.003057426059
287667	0.005923085531
287668	0.002435378353
287669	0.000421033339
287670	0.0004795938301
287671	0.002855522464
287672	0.001686159617
287673	0.001615985508
287674	0.001341919362
287675	0.001318776265
287676	2.491081889e-05
287677	0.0004654375585
287678	0.0006938018892
287679	0.0003911985536
287680	0.001430273396
287681	0.004765797284
287682	0.001337037742
287683	0.00288675622
287684	0.001969116683
287685	0.001615134268
287686	0.0005327541928
287687	0.0005630616357
287688	0.002285842827
287689	0.00283825992
287690	0.0006348513534
287691	0.004902351447
287692	0.009114482413
287693	0.001901514854
287694	0.0002432711108
287695	0.001318191356
287696	0.00119270148
287697	0.0002134250386
287698	0.001409134238
287699	0.001201118148
287700	0.01008981868
287701	0.0007862185806
287702	0.0104594444
287703	0.001228686613
287704	0.003783876331
287705	0.0009448106569
287706	0.001151824282
287707	0.001408287718
287708	0.00109721859
287709	0.001393232394
287710	0.001559696038
287711	0.0007070418723
287712	0.001209600088
287713	0.00153071052
287714	0.007697389994
287715	0.01401110882
287716	0.0006508362287
287717	0.001675424731
287718	0.0001290732187
287719	0.0003327162362
287720	0.002465451075
287721	0.001400933608
287722	0.0004496515442
287723	0.0009349575936
287724	0.001036470951
287725	0.00185291133
287726	0.002473665406
287727	0.005068845223
287728	0.0007583770491
287729	0.002115945926
287730	0.001139198852
287731	0.00238509313
287732	0.001570631077
287733	0.002659220339
287734	0.0008787355254
287735	0.0006539577183
287736	0.0004601409919
287737	0.0005289610842
287738	0.0002565824531
287739	0.0002742274854
287740	0.00170686921
287741	0.002191134758
287742	0.002295458949
287743	0.0007413131798
287744	0.001849607076
287745	0.003034317674
287746	0.001521817844
287747	0.002097801093
287748	0.001860808559
287749	0.002835244498
287750	0.002507007214
287751	0.001601274394
287752	0.0001437369675
287753	0.002275439638
287754	0.001929912844
287755	0.002473814339
287756	0.001530163926
287757	0.0008563383599
287758	0.001177095723
287759	0.002956067904
287760	0.0003421344013
287761	0.001053228363
287762	0.001148943481
287763	0.001056658089
287764	0.001431802304
287765	0.0003391380167
287766	0.0008268192188
287767	0.0006925807272
287768	0.0006971025302
287769	0.001311988313
287770	0.002232342412
287771	0.0004475069565
287772	0.004176910007
287773	0.002690411668
287774	0.002746162084
287775	7.562474685e-05
287776	0.005229920578
287777	0.00192687008
287778	0.003001090051
287779	0.0005445067609
287780	0.001119571092
287781	0.001406094047
287782	0.001440191707
287783	0.002994826563
287784	0.005779638613
287785	0.0004508540088
287786	0.001731319602
287787	0.0001014638822
287788	0.002272042229
287789	0.001568592447
287790	0.002981872193
287791	0.001951343312
287792	0.001211532554
287793	0.002152080713
287794	0.0007657108546
287795	0.0007576232237
287796	0.003852773005
287797	0.004043009253
287798	0.001194302928
287799	0.00224028781
287800	9.072860538e-05
287801	0.001996691837
287802	0.001565859163
287803	0.001888256218
287804	0.0004004010744
287805	0.002034065012
287806	0.002835286027
287807	0.001803750515
287808	0.0005279733086
287809	0.001732608802
287810	0.002197285314
287811	7.042833274e-05
287812	0.0003471975453
287813	0.0005389466924
287814	0.0009892174411
287815	0.001482046423
287816	0.001439009895
287817	0.0008532450487
287818	0.0002950453067
287819	0.001301490989
287820	0.002487874466
287821	0.001319720404
287822	0.001133338699
287823	0.00252867533
287824	0.001815117557
287825	0.0002800285137
287826	0.001022838763
287827	0.001578495147
287828	0.0001923341466
287829	0.0005449624011
287830	0.0002720023518
287831	0.0005295266951
287832	0.002525775294
287833	0.001740524748
287834	0.005814703322
287835	0.009712015679
287836	0.001714072732
287837	0.00254124825
287838	0.002449656076
287839	0.001852845543
287840	0.001419082971
287841	0.0001626257943
287842	0.001189905356
287843	0.0007657411001
287844	0.002345912034
287845	0.001892597952
287846	0.001640680423
287847	0.0002409497251
287848	0.001393896687
287849	0.001257186251
287850	0.0008954953361
287851	0.0004538206719
287852	0.002761986639
287853	0.001614790115
287854	0.00118369783
287855	0.0009972888941
287856	0.002231630545
287857	0.001582803266
287858	0.0009271048787
287859	0.001408455349
287860	0.009020408443
287861	0.0001657317498
287862	0.001397899436
287863	0.0003763634015
287864	0.0003287393029
287865	0.001761159325
287866	0.001612294841
287867	0.0006875663373
287868	0.004534881028
287869	0.001809170499
287870	0.002749756209
287871	0.001187546943
287872	0.003286134749
287873	0.001016416711
287874	3.75563362e-06
287875	0.001424034538
287876	0.0008843809979
287877	0.001890504656
287878	0.001370260123
287879	0.0006233481145
287880	0.002238431101
287881	0.002897154938
287882	0.001892719159
287883	0.0005584801833
287884	0.001350189496
287885	0.002211636451
287886	0.001804746841
287887	0.001453971357
287888	0.00034324655
287889	0.00153794137
287890	0.007756014831
287891	0.000420499776
287892	0.0005525962359
287893	0.0007732297243
287894	0.001252101409
287895	0.001137969696
287896	0.0002888329112
287897	0.003386755
287898	0.0006332458692
287899	0.003704248117
287900	0.0007536898723
287901	0.0009864607402
287902	6.975724137e-05
287903	0.002406809551
287904	0.0009074485411
287905	0.001665993184
287906	0.0002275848045
287907	0.0004767409104
287908	0.001052081946
287909	0.001125988134
287910	0.001455512854
287911	0.002417183321
287912	0.001905175382
287913	0.004932231424
287914	0.007204703128
287915	0.001239851177
287916	0.001876016736
287917	0.001582756034
287918	0.001482075409
287919	0.005705985321
287920	0.001886740588
287921	0.008854325222
287922	0.0009644379327
287923	0.002060582433
287924	0.0007721596874
287925	0.001340757928
287926	0.002813065806
287927	0.002165706292
287928	0.002400037352
287929	0.001939010181
287930	0.003314307381
287931	0.001552436676
287932	0.001229685373
287933	0.001163067988
287934	0.0001317339976
287935	0.001808781855
287936	0.002123586646
287937	0.001010315734
287938	0.00175792018
287939	0.0015963122
287940	0.001231170523
287941	0.001509521822
287942	0.001531888745
287943	0.002024675425
287944	0.001365423573
287945	0.001695483452
287946	0.001817245164
287947	0.0008467446211
287948	0.002656988088
287949	0.001722665506
287950	0.002059312843
287951	0.00028986223
287952	0.003540819366
287953	0.002930687027
287954	0.001539739072
287955	0.0004717698332
287956	0.002095807858
287957	0.0007622102335
287958	0.001574487779
287959	0.001405503958
287960	0.001722399726
287961	0.0008694751905
287962	0.001247608133
287963	0.000831684974
287964	4.586362476e-05
287965	0.001646473619
287966	0.001160536925
287967	0.002071845592
287968	0.0007487972007
287969	0.001299562146
287970	0.00221704059
287971	0.001062431408
287972	0.001437071992
287973	0.001723775024
287974	0.002681994942
287975	0.003759747526
287976	0.002082975354
287977	0.0001772428773
287978	0.001526395152
287979	0.00143686259
287980	0.004031934439
287981	0.001934048645
287982	0.003493695011
287983	0.0009385338831
287984	0.0008855313432
287985	0.0008226099957
287986	0.0007545042648
287987	0.002737358031
287988	0.0009581891532
287989	0.003419976766
287990	0.004147354394
287991	0.0003205741405
287992	0.001977394787
287993	0.006646294304
287994	0.002072990543
287995	0.003815713144
287996	0.003307213664
287997	0.0003739094911
287998	0.001990432904
287999	0.002203504999
288000	0.001299662047
288001	1.109434702e-05
288002	0.001553683364
288003	0.0009316587334
288004	0.000852273506
288005	0.001005352725
288006	0.001233229266
288007	0.0009089244615
288008	0.002044174702
288009	0.0009430866555
288010	0.002247879957
288011	0.0007551310525
288012	0.002314467314
288013	0.001186564398
288014	0.001597103665
288015	0.001853353969
288016	0.001924332711
288017	0.001412567106
288018	0.0004059222992
288019	0.001623923409
288020	0.002407507808
288021	0.001155107443
288022	0.001755024276
288023	0.001346126228
288024	0.0002822123648
288025	0.001470576991
288026	0.0008721176744
288027	0.001204619466
288028	0.001208880421
288029	0.001767361106
288030	0.001744258737
288031	0.0002830383103
288032	0.002423102827
288033	0.0009430911877
288034	0.0009974673013
288035	0.001052496038
288036	0.01007200199
288037	0.002037866207
288038	0.002390264245
288039	0.001261012543
288040	0.002046568094
288041	0.002942741789
288042	0.0006485308622
288043	0.00528851997
288044	0.0004518977041
288045	0.001857549987
288046	0.002412295794
288047	0.003564709823
288048	0.002525186022
288049	0.001991830942
288050	0.001409342509
288051	0.0003013739532
288052	0.001324311759
288053	0.0001326241664
288054	0.007842948956
288055	0.00566796633
288056	2.940416059e-05
288057	0.008721097703
288058	0.002434926952
288059	0.0009263497091
288060	0.002377319768
288061	0.002409206537
288062	0.002243365304
288063	0.001048347469
288064	0.0001868381356
288065	0.001228249248
288066	0.001663408583
288067	0.001104913888
288068	0.0004390037655
288069	0.001418832472
288070	0.0006884383275
288071	0.0006099125063
288072	0.003554098181
288073	0.001545478557
288074	7.580713734e-05
288075	0.002612618984
288076	4.870403374e-05
288077	0.001436919106
288078	0.00487313525
288079	0.0001720995649
288080	0.003558953233
288081	0.00344933772
288082	3.029504136e-05
288083	0.001522486973
288084	0.002440160183
288085	0.001923801423
288086	0.004983694835
288087	0.001609918169
288088	0.0005777152474
288089	0.002013703086
288090	0.0006347725223
288091	0.001416160879
288092	0.001560847281
288093	0.005020286511
288094	0.003972454844
288095	0.0009401973541
288096	0.000680366653
288097	0.001102526788
288098	0.002254411184
288099	0.001174624323
288100	0.002608493478
288101	0.000878842879
288102	0.001741627091
288103	0.001534202841
288104	0.001204120332
288105	0.0006122318879
288106	0.001236694627
288107	5.009571372e-05
288108	0.001374861531
288109	0.002883522794
288110	0.002345663707
288111	0.00359457141
288112	0.001426464695
288113	0.0005449201385
288114	0.002368427594
288115	0.001713904138
288116	0.001703198359
288117	0.0001151250114
288118	0.002000793181
288119	0.0003628359741
288120	0.001289122933
288121	0.003591011576
288122	0.002406649532
288123	0.00399940455
288124	3.312818689e-05
288125	0.002823151554
288126	0.003514787086
288127	0.0008682321261
288128	0.0002639979519
288129	0.001260129001
288130	0.001503544583
288131	0.002352261784
288132	0.001365663539
288133	0.001864302128
288134	0.001528302046
288135	0.0004947177133
288136	0.00160994785
288137	0.0007597998308
288138	0.0006463174223
288139	0.0001003627506
288140	0.001675047441
288141	0.0004341033464
288142	0.0006301722251
288143	0.000840808796
288144	0.002351408977
288145	9.680176771e-05
288146	2.787825117e-06
288147	0.00344472198
288148	0.0003004565474
288149	0.002013323358
288150	0.001180022233
288151	0.003846163973
288152	0.001052387098
288153	0.001406210818
288154	0.002854710619
288155	0.001708854007
288156	0.001611177471
288157	0.001224300769
288158	0.001086413963
288159	0.001681913355
288160	0.0003551629853
288161	6.083820437e-05
288162	0.002117457634
288163	0.0005765863995
288164	0.0003513171893
288165	0.0007794710334
288166	0.000262868291
288167	0.004947706458
288168	0.001025961366
288169	0.001459305328
288170	0.00282241445
288171	0.001341056092
288172	0.002096879165
288173	0.001284910656
288174	0.00224162146
288175	0.0008812869669
288176	0.0001514957902
288177	0.0006453644406
288178	0.0008469433063
288179	0.00121899882
288180	0.0005780075747
288181	0.00188275712
288182	0.0005950032301
288183	0.002427798306
288184	0.001868994697
288185	0.0001715842433
288186	0.003278817584
288187	0.002786829497
288188	0.001371269077
288189	0.00122969732
288190	0.00205084166
288191	0.001610765201
288192	0.001154274817
288193	9.967460801e-06
288194	0.0007499318211
288195	0.007971425714
288196	0.002975412028
288197	0.004251115927
288198	0.0132504562
288199	0.002533824084
288200	0.01158644324
288201	0.01214516368
288202	0.01007330039
288203	0.007248522508
288204	0.007475466983
288205	0.006940364532
288206	0.00603520683
288207	0.006388193639
288208	0.01180452817
288209	0.005624588914
288210	0.01039148185
288211	0.013880332
288212	0.003481773669
288213	0.001352326774
288214	0
288215	0.003413332885
288216	0.0005067135271
288217	0.01174945257
288218	0.006758565833
288219	0.0004118287093
288220	0.01616255683
288221	0.008694137773
288222	0.003049811675
288223	0.0007879219595
288224	0.008700516992
288225	0.003904619448
288226	0.003587560301
288227	0.000938104112
288228	0.009791991185
288229	0.0123483041
288230	0.01278377413
288231	0.004990913329
288232	0.01026955607
288233	0.004759968606
288234	0.007371829174
288235	0.0001270906862
288236	0.008841251525
288237	0.007915319547
288238	0.01733812673
288239	0.009615230796
288240	0.0146418357
288241	0.001765988551
288242	0.002405462741
288243	0.001735224301
288244	0.009978165418
288245	0
288246	0.001440334513
288247	0.002181473146
288248	0.009672368149
288249	0.01043394651
288250	0.002630371665
288251	0.01265893552
288252	0.01277902418
288253	0.00510759264
288254	0.002198959566
288255	0.007482194757
288256	0.003013372388
288257	0.004765806501
288258	0.0121137734
288259	0.01296402398
288260	0.0001867146311
288261	0.009213196128
288262	0.007762621365
288263	0.006448478358
288264	0.001673697222
288265	0.004966387935
288266	0.0003373045701
288267	0.003694300576
288268	9.380871945e-07
288269	0.002570974107
288270	0.013877374
288271	0.0005672532711
288272	0.01459274363
288273	0.01626000869
288274	0.006149080234
288275	0.005774055111
288276	0.001573171842
288277	0.01235896612
288278	0.002151360409
288279	0.001087849316
288280	0.0002172967659
288281	0.004955681394
288282	0.009392499567
288283	1.013996197e-06
288284	0.002248004056
288285	0.004884835302
288286	0.001072826237
288287	0.001474812972
288288	0.001169393614
288289	0.001422430761
288290	0.0006250378752
288291	0.0009874082582
288292	0.0003840439677
288293	0.001357851319
288294	0.0002271082911
288295	0.0009170889319
288296	0.0009692445703
288297	0.001374492629
288298	0.0004145524033
288299	0.001041449941
288300	0.0007431626396
288301	0.001543433923
288302	0.0007366909384
288303	0.00152580556
288304	0.001656682424
288305	0.001271843693
288306	0.001129744996
288307	0.0009265777792
288308	0.0002543864212
288309	0.0007215476551
288310	0.001057148829
288311	0.001325561145
288312	0.0004732054787
288313	0.0001440723768
288314	0.0003936958436
288315	0.001503465622
288316	0.000126642974
288317	0.001479717625
288318	0.0002543155432
288319	0.0003872023228
288320	0.0003183756655
288321	7.387053618e-06
288322	0.0008133191384
288323	0.001503972814
288324	0.0007491901134
288325	0.001621841054
288326	0.0006405769113
288327	0.0005044256445
288328	0.0006977701687
288329	0.001333093584
288330	0.0003577648076
288331	0.001949297205
288332	0.000481823485
288333	0.0007739438693
288334	0.0006774758452
288335	0.0001328307053
288336	0.0004366190015
288337	0.0009803890106
288338	0.001914102085
288339	0.0003403144187
288340	0.001562402083
288341	0.001541123095
288342	0.001575596592
288343	0.001635971307
288344	0.001795964167
288345	0.0003646132552
288346	0.001181375015
288347	0.001626438514
288348	0.001536469945
288349	0.0008977316994
288350	0.002009607073
288351	0.0008919864346
288352	0.0008784698591
288353	1.982191718e-06
288354	0.0001431557029
288355	0.00177195194
288356	0.0007768793158
288357	0.0007353104812
288358	0.0007002635208
288359	0.0009655362329
288360	0.001033290656
288361	0.001804559467
288362	0.0004705169008
288363	0.0007451125828
288364	0.001879399008
288365	0.002010623823
288366	0.0004464784466
288367	0.0002592043302
288368	0.0002753244006
288369	0.00106372872
288370	0.0001152457784
288371	4.166229084e-06
288372	0.0005087925964
288373	0.001083800096
288374	0.001408876638
288375	0.001887458375
288376	0.001646834994
288377	0.0002553460651
288378	0.00101779904
288379	0.000810135596
288380	0.002007792577
288381	0.0004782602049
288382	0.0001206148936
288383	0.000973015731
288384	0.0002417591897
288385	0.00165018269
288386	0.000235699325
288387	0.0005494219144
288388	0.001161543094
288389	0.0007879528561
288390	0.0001268431681
288391	5.625903642e-06
288392	0.0003843146589
288393	0.0003723900363
288394	0.002015607589
288395	0.00175174765
288396	2.413119624e-06
288397	0.001813333236
288398	0.001904636418
288399	0.0006939016217
288400	0.0009435237139
288401	0.001173340953
288402	0.001786641466
288403	0.0003748902911
288404	0.001639903977
288405	0.001799285613
288406	0.001907031739
288407	0.000240285268
288408	9.740282481e-06
288409	0.001344776247
288410	0.0009228931592
288411	5.413085624e-06
288412	0.0007503358625
288413	0.0003658889288
288414	2.06207919e-06
288415	0.001065478341
288416	0.0006023579145
288417	0.001749997704
288418	0.001621676567
288419	0.0006558684211
288420	0.0004720861693
288421	0.0002223382372
288422	0.0004736014498
288423	0.0007725896596
288424	0.0001275153379
288425	0.001894060102
288426	0.001636246471
288427	0.001438428487
288428	0.002007970837
288429	2.491645284e-06
288430	0.001672585339
288431	0.0006979748153
288432	0.0008466467564
288433	0.001283523607
288434	0.001894177733
288435	0.0009408040463
288436	0.0003505460981
288437	0.00137345227
288438	0.0005757927497
288439	0.001868537739
288440	0.0001000938006
288441	0.0005023172214
288442	0.002015830012
288443	0.002014186345
288444	8.826626541e-07
288445	1.872959074e-06
288446	0.001882405787
288447	0.00188918495
288448	0.0007074716651
288449	0.001795873614
288450	0.00202288389
288451	0.00190272839
288452	0.001177087292
288453	0.001266287889
288454	0.001885288137
288455	0.001137133319
288456	0.001100110227
288457	0.0001311406403
288458	0.001339586156
288459	0.002012376326
288460	0.0001101369986
288461	0.000686816033
288462	0.001642638557
288463	0.0001185111037
288464	0.000798702572
288465	0.001674302107
288466	0.001141127554
288467	0.001877051784
288468	0.001800295376
288469	0.00110023935
288470	0.002010638343
288471	0.001219718306
288472	0.001471024179
288473	0.0001836982988
288474	0.001879360248
288475	0.001409140345
288476	0.001638539613
288477	0.001139048567
288478	0.00124560758
288479	0.0007951772788
288480	4.343236434e-06
288481	0.0005952723801
288482	0.001516577608
288483	0.001089527606
288484	0.001185211878
288485	0.006077646126
288486	0.00381707256
288487	0.00267434699
288488	0.002978897442
288489	0.002174264318
288490	0.0007227192536
288491	0.003008237244
288492	0.003053917295
288493	1.449587803e-05
288494	0.002693006352
288495	0.004953378237
288496	0.01384806484
288497	0.004278289865
288498	0.00921158651
288499	0.001877936581
288500	0.00645184986
288501	0.004379937835
288502	0.005437412872
288503	0.001378830118
288504	0.005140101151
288505	0.01048462174
288506	0.005884826672
288507	0.008549836174
288508	0.002440835156
288509	0.001571294953
288510	0.0009758740443
288511	0.0005198359059
288512	0.000295053446
288513	0.0005906537412
288514	9.847297377e-05
288515	0.0003091094101
288516	0.0008923393996
288517	0.0004795834107
288518	0.000405151607
288519	0.0002914888788
288520	0.0009756898443
288521	0.0007022301421
288522	0.0006889886942
288523	0.000678020081
288524	0.0009720672328
288525	0.0004764290257
288526	0.0006998223455
288527	0.000870553487
288528	0.0006576735902
288529	0.000376595914
288530	0.000105580127
288531	0.0004976151937
288532	0.0002028201753
288533	8.798441752e-05
288534	0.0005911192797
288535	0.0008973699226
288536	0.000503558248
288537	0.0003143002741
288538	0.0005812189066
288539	0.0007851299668
288540	7.538560332e-07
288541	0.0003950662752
288542	0.0008673660866
288543	8.350808396e-07
288544	3.497705046e-06
288545	0.0007633420156
288546	0.0001068547381
288547	0.0006758490067
288548	0.0002741924081
288549	0.0007587591012
288550	0.0006186266312
288551	0.0008766630316
288552	0.0003796113575
288553	0.0008857735595
288554	9.736224002e-05
288555	0.001008813366
288556	3.546523306e-07
288557	8.24781424e-05
288558	0.0007679328529
288559	0.0009784655001
288560	0.0002045025453
288561	0.0009878758043
288562	0.0004031733454
288563	0.0008733384822
288564	0.0009823555954
288565	0.0004894313597
288566	0.00030915611
288567	0.0009687573438
288568	0.0006517382923
288569	0.0001179636375
288570	0.0008645249325
288571	0.0003081244156
288572	5.127956366e-07
288573	0.0004804377178
288574	0.0001062104981
288575	0.000599847823
288576	0.0002078094239
288577	0.0001023347483
288578	0.0008880950382
288579	0.000201776982
288580	6.146396485e-06
288581	0.003733984122
288582	0.007747163098
288583	0.004963247533
288584	0.003355703384
288585	0.005416021458
288586	0.009767419283
288587	0.003238746293
288588	0.005097651942
288589	0.004891348998
288590	0.001810008834
288591	0.001523044081
288592	0.005007252465
288593	0.003182310754
288594	0.00672315397
288595	0.004858853499
288596	0.006886441425
288597	0.007571049221
288598	0.004976505556
288599	0.002093042162
288600	0.0001510982024
288601	2.808782921e-06
288602	0.0001474170691
288603	7.105940781e-05
288604	0.0001461463068
288605	1.136491903e-05
288606	8.331865042e-06
288607	6.839999429e-05
288608	9.599643667e-06
288609	7.472188291e-05
288610	7.233985975e-05
288611	7.042117686e-05
288612	7.12753504e-05
288613	0.0001446107302
288614	0.001680158781
288615	0.006404338033
288616	0.0002390044294
288617	0.006464691106
288618	0.004550742609
288619	0.0002068576866
288620	0.005403896642
288621	0.003208612513
288622	0.000218528241
288623	6.477113606e-05
288624	0.008097796683
288625	0.002445799596
288626	0.005184810897
288627	0.0006037187024
288628	0.0007666089976
288629	0.0001574510468
288630	0.004536869818
288631	0.0008624165231
288632	0.002251510584
288633	0.002959154307
288634	0.0008682610722
288635	0.0001570172318
288636	0.001244703935
288637	0.0006045246218
288638	0.0129557857
288639	0.006173623123
288640	0.0005699495519
288641	0.005227207536
288642	0.00266118079
288643	0.002011192107
288644	0.002379932255
288645	0.009366732674
288646	0.004193598124
288647	0.00205955644
288648	0.0004900707965
288649	2.743911454e-05
288650	0.007092441764
288651	0.003136985216
288652	0.001380482675
288653	0.003841532784
288654	0.002584325175
288655	0.003072523656
288656	0.00231470785
288657	0.002003170166
288658	0.002670427237
288659	0.005768503897
288660	0.001795291896
288661	2.048296242e-05
288662	0.004175847869
288663	0.002165966349
288664	0.001711118593
288665	0.009437872844
288666	0.00443264091
288667	0.009342833312
288668	0.009889138617
288669	0.005365979576
288670	0.006476884483
288671	0.005007113676
288672	0.001360092622
288673	0.009410013821
288674	0.002417081039
288675	0.0005619392827
288676	0.0008604972214
288677	0.005699153839
288678	0.003247631506
288679	0.003848424778
288680	0.0009418827392
288681	0.004540198922
288682	0.003309429927
288683	0.005267186793
288684	0.002434342726
288685	0.005958022679
288686	0.0003935750524
288687	0.001074819807
288688	3.152575008e-05
288689	0.0004775060959
288690	0.0006288416339
288691	0.001666592766
288692	0.001856511384
288693	0.00242299563
288694	0.01030662084
288695	0.004121269541
288696	0.002206186546
288697	0.003859714948
288698	0.001530248722
288699	0.01293183314
288700	0.007020444646
288701	0.002691906036
288702	0.0008586796223
288703	0.000636233744
288704	0.003107280228
288705	0.0001768038261
288706	9.034868597e-05
288707	0.005765854945
288708	0.007885272759
288709	0.00704204735
288710	0.003829599625
288711	0.002087209527
288712	0.00865191659
288713	0.005195297251
288714	0.002209520799
288715	0.007468270807
288716	0.007840770472
288717	0.003685592833
288718	0.008105576163
288719	0.001097090131
288720	4.020088557e-05
288721	0.006818323762
288722	0.003492323369
288723	0.003388074362
288724	0.001129918518
288725	0.004270967978
288726	0.001291879166
288727	0.003463756191
288728	0.002686464798
288729	0.0001974691903
288730	0.006931729206
288731	0.001869164021
288732	0.0009857913183
288733	0.01482809087
288734	0.002734119002
288735	0.0009805480552
288736	0.006462027685
288737	0.007784346215
288738	0.0039030086
288739	0.003474015056
288740	0.004312969416
288741	0.0002597211784
288742	0.007967393085
288743	0.005140173906
288744	0.00300504317
288745	0.003557750555
288746	0.0005273225367
288747	0.003604399114
288748	0.001599089398
288749	0.004125162247
288750	4.058798848e-05
288751	0.004407940538
288752	0.003869194116
288753	0.0001291443805
288754	7.293461947e-05
288755	0.00338570468
288756	0.001793587925
288757	0.002346351822
288758	0.003225539706
288759	0.003462048741
288760	0.001656071111
288761	0.006522713565
288762	0.0008046360506
288763	0.001971739779
288764	0.00169505213
288765	0.004906564764
288766	0.003657658748
288767	0.006088969429
288768	0.001067399689
288769	0.001360910026
288770	0.0008969700071
288771	6.536201813e-05
288772	0.007205906064
288773	0.01360972256
288774	0.006589364336
288775	0.001626992073
288776	0.009624895586
288777	0.002392308312
288778	0.001142179081
288779	0.002421273287
288780	0.001979093587
288781	0.006281767733
288782	0.0009297696739
288783	0.009365708146
288784	0.001448703514
288785	0.004774631967
288786	0.007300521297
288787	0.005274305298
288788	0.0009336154962
288789	0.01197275807
288790	0.001394458208
288791	0.004605492414
288792	0.005176575876
288793	0.003501925059
288794	0.001826124716
288795	0.002777134655
288796	0.002111350557
288797	0.001886959862
288798	0.004752473045
288799	0.002290111155
288800	0.003473915995
288801	0.005991281258
288802	0.002858863764
288803	0.0005121509805
288804	0.001134035576
288805	0.008215457779
288806	0.005101929687
288807	0.01511346915
288808	0.005419269689
288809	0.0008901413039
288810	0.009257296113
288811	0.001070242342
288812	0.001378176947
288813	0.003542358564
288814	0.008608343932
288815	0.003335525576
288816	0.004943281994
288817	0.01414428664
288818	0.006021743845
288819	0.004272488624
288820	0.004714171652
288821	0.009538383807
288822	0.01592906614
288823	0.005909359173
288824	0.002189332769
288825	0.001046375922
288826	0.008776679323
288827	0.007352499598
288828	0.0006353622021
288829	0.006763151506
288830	0.0003358275479
288831	0.006569839095
288832	0.01729771585
288833	0.006544456785
288834	0.0003883897504
288835	0.0009702073676
288836	0.004938717664
288837	0.006420788182
288838	0.003281891379
288839	0.01264455972
288840	0.007553827077
288841	0.0004543080037
288842	0.0019187513
288843	0.004393411905
288844	0.007871336501
288845	0.004390706721
288846	0.000922431055
288847	0.01578795322
288848	0.01040128046
288849	0.005079674695
288850	0.005156619101
288851	0.0001956363848
288852	0.003136242838
288853	0.008264109373
288854	0.006088366492
288855	0.01084802037
288856	0.001075144496
288857	0.002032695191
288858	0.006185079123
288859	0.01283201977
288860	0.006346456637
288861	0.0125064182
288862	0.01077270343
288863	0.008844089825
288864	0.001923042362
288865	0.001536284919
288866	0.01232719383
288867	2.880739602e-06
288868	0.005913020555
288869	0.004084954226
288870	0.002938890079
288871	0.006516263595
288872	0.005305389631
288873	0.0003066778659
288874	0.001033817535
288875	0.007165870369
288876	0.002498550749
288877	0.006896476256
288878	0.004511715702
288879	0.0005910651568
288880	0.005837019344
288881	0.004527376213
288882	0.01027081546
288883	8.2793815e-05
288884	0.0006827489721
288885	0.006699705232
288886	0.004906925273
288887	0.01447921162
288888	0.002221101443
288889	0.01302086694
288890	0.01231751355
288891	0.005220560368
288892	0.0009019513819
288893	0.00523856301
288894	0.009266333964
288895	0.008538488631
288896	0.01608172555
288897	0.0009474994915
288898	0.00410242668
288899	0.001509232897
288900	0.007147337393
288901	0.001875229134
288902	0.01129219893
288903	0.003777113109
288904	0.007983116213
288905	0.01734109174
288906	0.008628799665
288907	0.001458705111
288908	0.0002867388276
288909	0.01251475461
288910	0.0003900745636
288911	0.002574189897
288912	0.008566117688
288913	0.0006675637535
288914	0.004218354142
288915	0.001222917707
288916	0.003736165287
288917	0.002932281318
288918	0.009621753052
288919	0.01058841026
288920	0.004387998071
288921	0.01897965977
288922	0.009093564499
288923	0.003668292957
288924	0.001085176563
288925	0.006878811551
288926	0.002838581928
288927	0.0004594881821
288928	0.001450395465
288929	0.0001601045149
288930	0.009400055532
288931	0.006221458372
288932	0.001175593021
288933	0.00871088262
288934	0.01003137649
288935	0.0008130367835
288936	0.001457097227
288937	0.0007551211771
288938	0.0005620603252
288939	0.001224338502
288940	0.0006311299598
288941	0.0009112001209
288942	0.001028992766
288943	0.0009816340858
288944	0.001907226506
288945	0.0006063431945
288946	0.001354442376
288947	0.001491196125
288948	0.001099384653
288949	0.01141136433
288950	0.007734799226
288951	0.004297951868
288952	0.01194387066
288953	0.003275478273
288954	0.0008590746253
288955	0.004948591281
288956	0.00506614725
288957	0.004351403977
288958	0.01073989331
288959	0.00376790456
288960	0.00247882661
288961	0.005300393048
288962	0.007928272818
288963	0.01042802593
288964	0.004493556454
288965	0.01050673564
288966	0.002393033257
288967	0.001660951552
288968	0.001194031934
288969	0.0009691926491
288970	0.004426898785
288971	0.0002010727848
288972	0.002443540699
288973	0.006529271381
288974	0.01391856453
288975	0.005284154028
288976	0.009233197269
288977	0.003780607219
288978	0.008183294598
288979	0.003279974208
288980	0.007673610874
288981	0.007900893869
288982	0.001217055141
288983	0.001479204258
288984	0.001270072148
288985	0.002129249229
288986	0.007556644065
288987	0.002443027118
288988	0.00358861273
288989	0.01184035424
288990	0.008545190823
288991	0.004154565715
288992	0.007118603487
288993	0.008327444024
288994	0.001974982389
288995	0.00207548225
288996	0.006064335322
288997	0.01144398896
288998	0.002356145586
288999	0.004241277443
289000	0.003352381458
289001	0.01446857615
289002	0.01049287505
289003	0.009072969216
289004	0.003153235396
289005	0.00316944525
289006	0.0005391895235
289007	0.007070574876
289008	0.00733264232
289009	0.003154416154
289010	0.002886030008
289011	0.007010402748
289012	0.006121145399
289013	0.003847093601
289014	0.01034995397
289015	0.008733908327
289016	0.004244619775
289017	0.002335855513
289018	0.01412506604
289019	0.009614191336
289020	0.0110645152
289021	0.001326711234
289022	0.02040102645
289023	0.01823552001
289024	0.002742693442
289025	0.006665091805
289026	0.009856754331
289027	0.007551261943
289028	0.0004792174938
289029	0.003012313069
289030	0.006443794831
289031	0.00723316756
289032	0.002420653957
289033	0.0007488271705
289034	0.007063862334
289035	0.008511789604
289036	0.01005849436
289037	0.01325141463
289038	0.006875870435
289039	0.006450441971
289040	0.004100670716
289041	0.007183029257
289042	0.007212558318
289043	0.01009147587
289044	0.01007535663
289045	0.005190706422
289046	0.0001830831731
289047	0.001309738398
289048	0.003873230996
289049	0.01057082711
289050	0.0003250713782
289051	0.003930910067
289052	0.003864142037
289053	0.002082343737
289054	0.009601362348
289055	0.001891556657
289056	0.004061792285
289057	0.0008751434185
289058	0.009478447853
289059	0.003482228268
289060	0.001899864344
289061	0.003133032964
289062	0.001283254934
289063	0.002543052005
289064	0.007168167997
289065	0.008954282533
289066	0.007530012943
289067	0.003172760629
289068	0.0110817822
289069	0.006466238763
289070	0.0002843866964
289071	0.005650703857
289072	0.005054751741
289073	0.00321851492
289074	0.002472767655
289075	0.005765161393
289076	0.002450756642
289077	0.00806468969
289078	0.004218934407
289079	0.01907010435
289080	0.0006897931606
289081	0.001565132256
289082	0.009706841097
289083	0.01442335341
289084	0.003113324737
289085	0.001478468666
289086	0.0009922206491
289087	0.0002968687367
289088	0.006543179956
289089	0.0008704382221
289090	0.000145289679
289091	0.008241478056
289092	0.005434558593
289093	0.001312390943
289094	0.0001098909456
289095	0.009023206144
289096	0.0001624132558
289097	0.001753315391
289098	0.004755800111
289099	0.0003381492317
289100	0.004481887961
289101	0.0006690520041
289102	0.002470053008
289103	0.005167523093
289104	0.002564952625
289105	0.003023577212
289106	0.003007287179
289107	0.0004363461183
289108	0.0001617614562
289109	0.003007810117
289110	0.002207988195
289111	0.003977392714
289112	0.001967649795
289113	0.005890622453
289114	9.165452293e-07
289115	0.003310625127
289116	0.004761502834
289117	0.005570022877
289118	0.00210853502
289119	0.003723935812
289120	0.008914669857
289121	0.00657856596
289122	0.00112497675
289123	0.01775339862
289124	0.002542084896
289125	0.02119727709
289126	0.0009059127231
289127	0.01206362321
289128	0.004954908997
289129	0.0002518082078
289130	0.0092846991
289131	0.001226402727
289132	0.00241136565
289133	0.0004814031598
289134	0.004182899515
289135	0.001338429081
289136	0.002231581998
289137	0.001594129908
289138	0.002212432534
289139	0.001871465999
289140	0.002497340524
289141	0.000217222264
289142	0.005831168953
289143	0.001613191735
289144	0.001784209977
289145	0.001115911211
289146	0.001159985133
289147	0.001993422022
289148	0.0004850385711
289149	0.0015569509
289150	4.31592378e-05
289151	0.005089523378
289152	0.001966733808
289153	0.006716073035
289154	0.004993948648
289155	0.002263290145
289156	0.001040281993
289157	0.001876306752
289158	0.003811577075
289159	0.001953150907
289160	0.0004174709621
289161	0.001661019699
289162	0.002336238109
289163	0.001275436739
289164	0.001483928513
289165	0.001877417903
289166	0.002134153327
289167	0.003621354876
289168	0.000344591889
289169	0.001308506227
289170	0.001970333056
289171	0.002292115998
289172	0.001311618226
289173	0.003229269057
289174	0.0003290406414
289175	0.001920587959
289176	0.001880539707
289177	0.0003718703974
289178	0.001572321921
289179	0.001970840469
289180	0.001378582954
289181	0.001380329668
289182	0.001092011464
289183	0.0007616042569
289184	0.0004610924271
289185	0.0009468111506
289186	0.006626500511
289187	0.006720101181
289188	0.002847219855
289189	0.001975579623
289190	0.0007970613314
289191	0.001552525105
289192	0.003145668392
289193	0.0004796338112
289194	0.001897065755
289195	0.0009650758026
289196	0.001342244772
289197	0.002483174659
289198	0.003447800472
289199	0.004183670359
289200	0.00575654586
289201	0.001791693599
289202	0.001940626749
289203	0.001723646064
289204	0.00210747777
289205	0.002144446603
289206	9.341312411e-05
289207	0.001907806101
289208	0.00157620491
289209	0.001729561749
289210	0.001860335169
289211	0.001797484123
289212	0.001788072982
289213	0.001653520641
289214	0.002720839003
289215	0.001645377495
289216	0.001805201756
289217	0.001841746211
289218	0.0008406059213
289219	0.0006485372574
289220	0.001249954065
289221	0.002042087644
289222	0.002781123315
289223	0.0001745301389
289224	0.001143211703
289225	0.001997363001
289226	0.002762901576
289227	0.001617923771
289228	0.0002118909702
289229	0.002148495
289230	0.001366104007
289231	0.004076596506
289232	0.004131503725
289233	0.0005008553063
289234	0.002347301113
289235	0.006866924378
289236	0.001439529438
289237	0.007326988588
289238	0.001868144987
289239	0.003151256099
289240	0.003277849695
289241	0.002130435602
289242	0.009896196698
289243	6.201440487e-05
289244	0.005148120481
289245	0.001926103495
289246	0.001777692347
289247	0.0009084141952
289248	0.0009448474529
289249	0.002650596093
289250	0.001136781287
289251	0.002937154416
289252	0.0007203477928
289253	0.003118944
289254	0.0137139204
289255	0.004195440843
289256	0.003272374157
289257	0.0004579267682
289258	0.004322619876
289259	0.002587703372
289260	0.003897500261
289261	0.0002536846159
289262	0.0001188323696
289263	0.003944886474
289264	0.007656304477
289265	0.00632496554
289266	0.007946978039
289267	0.009302198738
289268	0.009001462754
289269	0.002764846767
289270	0.00712588449
289271	0.004680629627
289272	0.003793118386
289273	0.002623247992
289274	0.004195730054
289275	0.01923322135
289276	1.931375286e-05
289277	0.0002293353099
289278	0.003307755836
289279	0.001211944148
289280	0.01139153391
289281	0.005619546406
289282	0.01041707232
289283	0.01193941818
289284	0.001036467279
289285	0.0005252760264
289286	0.003623418516
289287	0.00750834716
289288	0.008670389536
289289	0.003614911869
289290	2.843882044e-06
289291	0.01004718744
289292	0.001432595393
289293	0.01008056794
289294	0.000939452804
289295	0.00722622323
289296	0.007701517617
289297	0.01481751686
289298	0.001672613771
289299	0.01610349323
289300	0.0003750165277
289301	0.008879539737
289302	0.008742006202
289303	0.0005856599311
289304	0.002205981702
289305	0.01110433105
289306	0.01061102404
289307	0.0014487888
289308	0.002092856005
289309	0.004381958716
289310	0.0142303938
289311	0.008502848365
289312	0.006957922386
289313	0.004490897459
289314	0.0007947261338
289315	0.006018873064
289316	0.01152912918
289317	0.009409978392
289318	0.01148218576
289319	0.006903549706
289320	0.00385578706
289321	0.004507188049
289322	0.00390815036
289323	0.002158882869
289324	0.008415026506
289325	0.007318082181
289326	0.002251841574
289327	0.01002835432
289328	0.002160775065
289329	0.001771789186
289330	0.00550789623
289331	0.000641768801
289332	0.01400588361
289333	0.0001954235506
289334	0.007451611971
289335	0.0001986011339
289336	0.0118125529
289337	0.01040941915
289338	0.001094357465
289339	0.009193380406
289340	0.005925420105
289341	0.01016205721
289342	0.006548714533
289343	0.01385770657
289344	0.01355552286
289345	0.003067179344
289346	0.001016213598
289347	0.007164636758
289348	0.0107391648
289349	0.0001938614612
289350	0.006375236817
289351	0.005309526241
289352	1.586957209e-05
289353	0.008569524886
289354	0.007413021691
289355	0.01440861255
289356	0.00300938231
289357	0.01418216983
289358	0.006980088133
289359	0.002840967665
289360	0.001199083918
289361	0.0001255782326
289362	0.001728857036
289363	0.003648561452
289364	0.009403851596
289365	0.001814375413
289366	0.01068171029
289367	0.003720197199
289368	0.007361276408
289369	0.0001267085469
289370	0.003410533005
289371	0.008226506628
289372	0.01021476766
289373	0.007445605729
289374	0.003199121779
289375	0.00211335079
289376	0.00704333275
289377	0.0004685359629
289378	0.001396715013
289379	0.007909772102
289380	0.01031334091
289381	0.000663331534
289382	0.006132505869
289383	0.0085968338
289384	0.002237216821
289385	0.008348743518
289386	0.007974588538
289387	0.006527152152
289388	0.004932809939
289389	0.01703831655
289390	0.006051219406
289391	0.007974961658
289392	0.006730689477
289393	0.0038068344
289394	0.0008970183193
289395	0.002506701549
289396	0.004568636932
289397	0.001457564412
289398	0.000123395657
289399	0.009751693484
289400	5.007575652e-05
289401	0.008417173064
289402	0.003212269489
289403	0.001429661197
289404	0.01042590296
289405	0.004982824535
289406	0.0127570104
289407	0.006879461023
289408	0.002639424434
289409	0.007784579659
289410	0.001314102115
289411	0.004123281476
289412	0.002245587568
289413	0.009894586219
289414	0.003173944065
289415	0.006415748426
289416	0.0136663889
289417	0.0005264767321
289418	0.008270672339
289419	0.008779501891
289420	0.007186754134
289421	0.001580801659
289422	0.003579051973
289423	0.005245941313
289424	0.002452712362
289425	0.0009299005514
289426	0.001606548694
289427	0.008184453034
289428	0.0001257748863
289429	0.008631635234
289430	0.003354486683
289431	0.003470323541
289432	0.008529400424
289433	0.001164743521
289434	0.001343490642
289435	0.008276226759
289436	0.008444971634
289437	0.0001997400195
289438	0.01362397566
289439	0.006942605765
289440	0.005866646009
289441	0.01059295158
289442	0.01080701096
289443	0.01063572207
289444	0.004905667985
289445	0.007202837996
289446	0.008008976561
289447	0.001673801173
289448	0.00397966403
289449	0.009683793194
289450	0.008420757809
289451	0.004626106959
289452	0.0007212436291
289453	0.003780985797
289454	0.004448911389
289455	0.004538579716
289456	0.009964848809
289457	0.002235018084
289458	0.004435375744
289459	0.0009125965959
289460	0.004907404967
289461	0.005878210705
289462	0.00499305272
289463	0.003032485376
289464	0.009402824673
289465	0.0006120026035
289466	0.002001792574
289467	0.007446137732
289468	0.007259824164
289469	0.0009748665735
289470	0.002177609114
289471	0.002811583707
289472	0.007082134235
289473	0.005910215657
289474	0.001693296229
289475	0.01216562848
289476	0.004565735222
289477	0.01041522603
289478	0.007151225103
289479	0.004019216715
289480	0.008549370693
289481	0.004518597093
289482	0.007786215283
289483	0.004847651425
289484	0.003874450186
289485	0.002251845138
289486	0.01532978697
289487	0.0001816183135
289488	0.00673188278
289489	0.01031121574
289490	0.005764873566
289491	0.001770873358
289492	0.00439708947
289493	0.006273278724
289494	0.007772283726
289495	0.003918750917
289496	0.006110274913
289497	0.003636763553
289498	0.0007998157746
289499	0.008366480758
289500	0.001513589716
289501	0.01276665074
289502	0.003121005971
289503	0.003357160727
289504	0.009159402664
289505	0.0005416287817
289506	0.003985924159
289507	0.0005160915345
289508	0.01093679342
289509	0.01367002688
289510	0.01253463657
289511	0.003871168016
289512	0.0004501268897
289513	0.001374074745
289514	0.001986737158
289515	0.004643189415
289516	0.00903308463
289517	0.0002486847189
289518	0.006383371607
289519	0.007007967039
289520	0.006821762878
289521	0.01234310746
289522	0.003811986753
289523	0.01342034743
289524	0.01544756513
289525	0.01402191589
289526	0.007870738849
289527	0.0008582005058
289528	0.005990619383
289529	0.009919177534
289530	0.002456971348
289531	0.001073652043
289532	0.002448786032
289533	0.003086306956
289534	0.003734883686
289535	0.001417298258
289536	0.0008064321827
289537	0.0003843924084
289538	0.000675882193
289539	0.003238254283
289540	0.002498810325
289541	0.01371542764
289542	0.003409834371
289543	0.005233025489
289544	0.005967773979
289545	0.001225279724
289546	0.007719561366
289547	0.001734159177
289548	0.003768569953
289549	0.009036327675
289550	0.01200550522
289551	0.004603750146
289552	0.004182480066
289553	0.006759290382
289554	0.00505300205
289555	0.0002879121886
289556	0.0003768319662
289557	0.01053647084
289558	0.01452670024
289559	0.001879813097
289560	0.01267080528
289561	0.0009795456334
289562	0.01434353873
289563	0.002290144451
289564	0.01387485883
289565	0.009937494254
289566	0.009974828219
289567	0.004787796536
289568	0.003493024976
289569	0.003940567942
289570	0.007569931663
289571	0.005910839319
289572	0.009934629332
289573	0.004203870214
289574	0.00483989301
289575	0.005643847747
289576	0.00640963634
289577	0.007701684764
289578	0.000869383952
289579	0.005836630928
289580	0.004070903941
289581	0.006489222904
289582	0.0005552805968
289583	0.0005351404032
289584	0.008415026506
289585	0.004572830103
289586	0.01907917104
289587	0.004474835778
289588	0.001687706643
289589	0.006726685065
289590	0.001814354859
289591	0.01281200584
289592	0.008467753484
289593	0.009566799294
289594	0.004448120298
289595	0.001170988106
289596	0.006934806471
289597	0.00238018422
289598	0.006678197939
289599	0.01328784978
289600	0.006426427904
289601	0.01021194684
289602	0.005393032191
289603	0.00466612328
289604	0.01129403193
289605	0.009129479248
289606	0.0101657059
289607	0.009014834428
289608	0.002807769063
289609	0.002712689603
289610	0.004727562842
289611	0.0005692220795
289612	0.006344698802
289613	0.007631494553
289614	0.002746137618
289615	0.01088464
289616	0.003751953552
289617	0.006230365371
289618	0.00637771915
289619	0.004068151516
289620	0.006609240141
289621	0.002237763016
289622	0.002486478155
289623	0.00405797816
289624	0.003434417116
289625	0.01674174655
289626	0.006975607842
289627	0.01312753463
289628	0.008293135199
289629	0.004049970713
289630	0.002887018513
289631	0.00672200794
289632	0.00344174181
289633	0.003184089675
289634	0.001631157865
289635	0.00591637717
289636	0.001541170425
289637	0.003290784888
289638	0.003196814067
289639	0.0133567275
289640	0.004822150982
289641	0.005790675418
289642	0.003369369583
289643	0.006524121963
289644	0.003785515437
289645	0.01509193643
289646	0.009978263231
289647	0.006119203103
289648	0.0007097100188
289649	0.01080831087
289650	0.004679241776
289651	0.012279667
289652	0.01324317011
289653	0.002976829118
289654	0.002048368459
289655	8.956001829e-05
289656	0.006808669533
289657	0.002987758176
289658	0.0007648355225
289659	0.01190829275
289660	0.007474425653
289661	0.004061610041
289662	0.009381883354
289663	0.001690418083
289664	0.000591842405
289665	0.01104594348
289666	0.0004845822723
289667	0.0009882407656
289668	0.008694882958
289669	0.009002782223
289670	0.009781437127
289671	0.008731340421
289672	0.002063256283
289673	0.0128101834
289674	0.007594218504
289675	0.008011801453
289676	0.0001023921629
289677	0.006648212694
289678	0.002761204295
289679	0.007077851475
289680	0.01042645573
289681	0.002323632417
289682	0.002199033815
289683	0.005599497109
289684	0.009110963734
289685	0.01299634955
289686	0.004902923635
289687	0.009816357674
289688	0.007455654569
289689	0.007062607524
289690	0.002337082599
289691	0.003553146488
289692	0.0005098237295
289693	0.006829525111
289694	0.01126403015
289695	0.00534839545
289696	0.003725624827
289697	0.0009943552034
289698	0.008414595754
289699	0.0002826273955
289700	0.01873620091
289701	0.0023820473
289702	0.009289078759
289703	0.005280415177
289704	0.0006448773525
289705	0.00649714581
289706	0.007299161205
289707	0.008832949066
289708	0.0005041636324
289709	0.001012230855
289710	0.005740423133
289711	0.00451548862
289712	0.0006641487741
289713	0.0007236971275
289714	0.002086287837
289715	0.004871189858
289716	0.01122558522
289717	0.002164077475
289718	0.00325223481
289719	0.01407941165
289720	0.0006649006702
289721	0.0002012115126
289722	0.003595200008
289723	0.008382805543
289724	0.003104150413
289725	0.008910157694
289726	0.01255836772
289727	0.008144336638
289728	0.008070573312
289729	0.009968968937
289730	0.003224840241
289731	0.004601331433
289732	0.004457282344
289733	0.0036239213
289734	0.00497757262
289735	0.00817320895
289736	0.006796652352
289737	0.001081720266
289738	0.00306247936
289739	0.006390815028
289740	0.01046346116
289741	0.000890976457
289742	0.001478197966
289743	0.007698534043
289744	0.01285305498
289745	0.001428065987
289746	0.0002365119354
289747	0.003132258321
289748	0.0009230384005
289749	0.000617891636
289750	0.006424784699
289751	0.0003119276027
289752	0.01020734511
289753	0.003846403903
289754	0.002513883275
289755	0.003573939501
289756	0.007801114107
289757	0.001310506983
289758	0.009129846954
289759	0.009828889536
289760	0.007339916815
289761	0.009994159855
289762	0.01348117022
289763	0.006887152932
289764	0.006371594584
289765	0.007572177766
289766	0.003588720731
289767	0.007400054258
289768	0.007568812065
289769	0.001598574667
289770	0.0002539745848
289771	1.855133209e-05
289772	0.0005098920143
289773	0.007054673803
289774	0.001730969045
289775	0.007944234861
289776	0.006708664507
289777	0.003484796336
289778	0.005896378627
289779	0.01035058688
289780	0.006026328706
289781	0.01089227821
289782	0.004923099176
289783	0.006070758059
289784	0.001282004497
289785	0.004329408525
289786	0.001832418777
289787	0.0009697240702
289788	0.007649415187
289789	0.008830485706
289790	0.008432596572
289791	0.003663343023
289792	0.004170178801
289793	0.001111263539
289794	0.006616711889
289795	0.004202965757
289796	0.00399977206
289797	0.0009166930605
289798	0.005723093915
289799	0.0067083533
289800	0.007560476693
289801	0.001796321688
289802	0.004604617335
289803	0.0002127615958
289804	0.0004437757221
289805	0.0009228332969
289806	0.0003064264128
289807	0.006072013372
289808	0.01037779493
289809	0.001127781767
289810	0.004145496177
289811	0.00164001678
289812	0.00138423995
289813	0.009283853764
289814	0.001731534684
289815	0.005596421459
289816	0.01302424497
289817	0.003226272113
289818	0.004528769132
289819	0.0151602785
289820	0.004682222275
289821	0.001407425462
289822	0.003822606601
289823	0.01296846926
289824	0.01078816034
289825	0.009055735686
289826	0.008775009909
289827	0.0009233518031
289828	0.0004700985696
289829	0.0001856227307
289830	1.114519793e-07
289831	0.0009845042101
289832	0.002357200542
289833	4.518820528e-06
289834	0.002786004847
289835	0.001018909867
289836	0.002182549358
289837	0.00211459305
289838	0.003666410361
289839	0.0009292293414
289840	0.00469404962
289841	0.004210526618
289842	0.003621416147
289843	0.001209476542
289844	0.001026570223
289845	0.002176831798
289846	0.0009489354571
289847	0.002085482664
289848	0.000925591075
289849	8.368166575e-05
289850	0.0005117471564
289851	0.0004458650478
289852	0.003112036609
289853	0.002077500245
289854	0.00229658488
289855	0.001483693281
289856	0.0008283872727
289857	0.0003111155367
289858	0.00763963938
289859	0.001792969084
289860	0.001493134298
289861	0.004396540216
289862	0.006832430135
289863	0.0004854980871
289864	0.00277986248
289865	0.002262154647
289866	0.001442018116
289867	0.001200857183
289868	0.0008780014559
289869	0.0002774345588
289870	0.002094283083
289871	0.001285752336
289872	0.003372282373
289873	0.0005320114088
289874	0.003063941495
289875	0.0007620054024
289876	0.0007975917842
289877	0.000885782274
289878	0.001512913151
289879	0.00141185188
289880	0.002211267706
289881	0.002175306162
289882	0.0007670682531
289883	0.002531764334
289884	0.0008857540371
289885	0.0005819657821
289886	0.003034808993
289887	0.001560513015
289888	0.002544750099
289889	0.003178131784
289890	0.003509215647
289891	2.823732976e-05
289892	0.00659521913
289893	0.007058473029
289894	0.0008324917949
289895	0.001459668941
289896	0.001646012983
289897	0.003132739309
289898	0.002300455225
289899	0.0003518198702
289900	0.001783884019
289901	0.001983604324
289902	0.006368690754
289903	0.003080213803
289904	0.006745058008
289905	0.009212201224
289906	0.003319491349
289907	0.001762416871
289908	0.004848357691
289909	0.0007533566682
289910	0.001300178739
289911	0.000568540513
289912	0.0002310814017
289913	0.004854728842
289914	0.003804185512
289915	0.002267616805
289916	0.000923496606
289917	0.0001069234144
289918	0.003557595972
289919	0.00384533329
289920	0.001550827917
289921	0.01115825312
289922	0.00269822098
289923	0.003120585082
289924	0.002437300999
289925	0.002085803858
289926	0.002195401837
289927	0.001307677272
289928	0.00577635265
289929	0.01123381574
289930	0.0002160192995
289931	0.006778398578
289932	0.006714961584
289933	0.006395718559
289934	0.005322221538
289935	0.001278210486
289936	0.0006740792472
289937	0.0005311516775
289938	0.003106973699
289939	0.006438623123
289940	0.0004852761052
289941	0.003027060715
289942	0.001293640896
289943	0.004376049586
289944	0.004782286676
289945	0.001080717918
289946	0.002519967364
289947	0.002058916577
289948	0.0004798296877
289949	0.001796277358
289950	0.009705559259
289951	0.00729847193
289952	0.00312222046
289953	0.005587297963
289954	0.002913388924
289955	0.003554798493
289956	0.002829792823
289957	0.002801381134
289958	0.003242973499
289959	0.001702540539
289960	0.004418606271
289961	0.001898952011
289962	0.006855136149
289963	0.003377864694
289964	0.003060739466
289965	0.006432842164
289966	0.003958569616
289967	0.002017183418
289968	0.007448293674
289969	0.006672129888
289970	0.006449950806
289971	0.003742585682
289972	0.001964006601
289973	0.003754551815
289974	0.0002956817656
289975	0.004626753485
289976	0.0003828951634
289977	0.004084721701
289978	0.003861680442
289979	0.001333103653
289980	0.0054964207
289981	0.004149996829
289982	0.009341045973
289983	0.00480375456
289984	0.002372685158
289985	0.0002308691069
289986	0.007877676389
289987	0.0009369159352
289988	0.002556049702
289989	0.005110859037
289990	0.001226267306
289991	0.0009175435793
289992	0.00244191982
289993	4.191807456e-05
289994	0.002183517
289995	0.002923523704
289996	0.002658592748
289997	0.0008986538036
289998	0.00469096956
289999	0.002972050776
290000	0.001639564967
290001	0.001059007183
290002	0.002928315173
290003	0.0003316438172
290004	0.001780942608
290005	0.0008052461135
290006	0.003178525747
290007	0.0001521374076
290008	0.001171741273
290009	0.0009190891958
290010	0.004463549613
290011	0.000723260699
290012	0.002599568624
290013	0.0008489109675
290014	0.0003077309844
290015	0.0005252869674
290016	0.001215286761
290017	0.001297686175
290018	0.0008952567589
290019	0.0008040938471
290020	0.001208525026
290021	0.0006446126367
290022	0.0002175390383
290023	0.000757970789
290024	0.001981450217
290025	0.002036615072
290026	0.0002395575024
290027	0.002798546892
290028	0.002919032091
290029	0.001142697851
290030	0.0002137540714
290031	0.0009656619074
290032	0.002719531
290033	0.001138036028
290034	0.001285240942
290035	0.0003712783571
290036	0.0009260317338
290037	0.0008929170037
290038	7.351672777e-05
290039	0.001233953172
290040	0.002316035209
290041	0.002107073466
290042	0.003074533929
290043	0.004514552409
290044	0.001998577331
290045	0.008144426465
290046	0.001583252021
290047	0.001793719217
290048	0.004321870655
290049	0.004669659787
290050	0.003680406439
290051	0.001577769999
290052	0.001679479574
290053	0.003363716507
290054	0.001342496214
290055	8.520017383e-05
290056	0.003017502293
290057	0.00266889831
290058	0.001698732814
290059	0.0009734355572
290060	0.002953909855
290061	4.988486581e-05
290062	0.001811059996
290063	0.002956080495
290064	0.0005203583245
290065	0.001497645971
290066	0.0002626305522
290067	0.002278659954
290068	0.002999438237
290069	0.001205307082
290070	0.001574690087
290071	0.0008819068525
290072	0.0008815162462
290073	0.00167139352
290074	0.001449722171
290075	0.003080783368
290076	0.00204599176
290077	0.0007111155512
290078	0.002544005653
290079	0.003451422981
290080	0.0009823075042
290081	0.002583628914
290082	0.001377055435
290083	0.001332312747
290084	0.002115798647
290085	0.002240762773
290086	0.0004541928358
290087	0.001581853032
290088	2.973029968e-06
290089	0.0008787453283
290090	0.0005076615657
290091	0.0001696742459
290092	0.002082931941
290093	0.001218616817
290094	0.000767000693
290095	0.001514019877
290096	0.0007678030845
290097	0.001320764575
290098	0.001245149339
290099	0.0006863722983
290100	0.001049599598
290101	0.0009449740728
290102	2.653854845e-05
290103	0.0008939524485
290104	0.001500772061
290105	1.32145671e-05
290106	1.509027373e-05
290107	0.0009699755266
290108	0.0004196568094
290109	0.002746401179
290110	0.0002365466951
290111	0.002639521967
290112	0.001439108623
290113	0.004398885037
290114	0.003623946516
290115	0.0007115335786
290116	0.008226028983
290117	0.005205841573
290118	0.002111893982
290119	0.0001831217534
290120	0.0005236068892
290121	0.003021061087
290122	0.001435516395
290123	0.001778221912
290124	0.0001161131072
290125	0.005361452909
290126	0.002332993837
290127	0.0001712045499
290128	0.004236223684
290129	0.002655022931
290130	0.002546035168
290131	0.0006281872494
290132	0.003429814184
290133	0.005633303908
290134	0.001151163839
290135	0.0003678932195
290136	0.004193171841
290137	0.002769675716
290138	0.005967780032
290139	0.001116109147
290140	0.003304321908
290141	0.00254367046
290142	0.0005260961211
290143	0.004822403059
290144	0.006250940859
290145	0.005906062422
290146	0.00707999629
290147	0.002613895181
290148	0.002757730948
290149	0.001464200392
290150	0.0008119323292
290151	0.004355511995
290152	0.002620864463
290153	0.001598557766
290154	0.006278540973
290155	0.001479075075
290156	0.0006901957393
290157	0.004199836039
290158	0.00301428031
290159	0.00150737422
290160	0.003874619648
290161	0.002327673411
290162	0.001643859424
290163	0.005562031826
290164	0.003979650268
290165	0.001202159667
290166	0.00247099636
290167	0.0008551766105
290168	0.001212332185
290169	0.0001818310157
290170	0.006008450495
290171	0.003384634142
290172	0.001688439865
290173	0.005290003111
290174	0.001377191172
290175	0.003623890257
290176	0.0001007714865
290177	0.006610944895
290178	0.0006982675067
290179	0.007370839087
290180	0.0006034701876
290181	0.003925683196
290182	0.001205600378
290183	0.001541784807
290184	0.001768661285
290185	0.005363735407
290186	0.001603781379
290187	0.0009503886886
290188	0.003362840356
290189	0.002647848673
290190	2.096679516e-05
290191	0.003620163911
290192	0.003463251142
290193	0.004464255871
290194	0.0009169852241
290195	0.0006615923334
290196	0.001973259491
290197	0.001290421905
290198	0.0004112414614
290199	0.0008845434734
290200	0.007022573906
290201	0.002843606123
290202	0.0003811890429
290203	0.005562499995
290204	0.002452433978
290205	0.001034890918
290206	0.001027801594
290207	0.003983584183
290208	7.233074635e-05
290209	0.0001626732531
290210	0.0009739441841
290211	0
290212	0.002790428346
290213	0.002056287632
290214	0.001841810889
290215	0.007831674839
290216	0.001188955529
290217	0.004788959776
290218	0.001461548757
290219	0.007090209269
290220	0.006069682516
290221	0.005673238252
290222	0.004479348866
290223	0.004034027326
290224	0.003152792544
290225	8.068451196e-06
290226	0.007177719221
290227	7.38795959e-05
290228	0.001084420011
290229	0.001079196116
290230	0.001372415985
290231	0.00341763941
290232	8.356061815e-05
290233	0.001328102919
290234	0.001275837212
290235	0.003037965511
290236	0.003497124136
290237	0.008596812722
290238	0.001888010889
290239	0.006390275432
290240	0.00227482547
290241	0.002792953811
290242	0.0004473607589
290243	0.0002784570168
290244	0.003940911668
290245	0.0001250599855
290246	0.003850511138
290247	0.005332986602
290248	0.0003327123842
290249	0.003311921135
290250	0.00144209291
290251	0.0009562674277
290252	0.003850452868
290253	0.001441491131
290254	0.001710869951
290255	0.002332794359
290256	0.0002986652806
290257	0.004464470704
290258	0.003204677364
290259	0.0003677126623
290260	0.0005557254741
290261	4.83550163e-07
290262	0.0003647807951
290263	0.0003696237147
290264	3.716773942e-07
290265	2.250964943e-06
290266	0.0003693316162
290267	0.0002804086072
290268	0.001903197222
290269	0.0003242374406
290270	0.001055911028
290271	0.005212878244
290272	0.001107145422
290273	0.0008725138846
290274	0.001819240365
290275	0.002688098701
290276	0.001862094845
290277	5.650679665e-05
290278	0.003901223763
290279	0.005956314953
290280	0.002691699132
290281	0.002447151469
290282	0.003541199175
290283	0.007776435107
290284	0.002622451115
290285	0.0009935618491
290286	0.000458816905
290287	0
290288	0.002141895486
290289	0.005344796912
290290	0.0004802975669
290291	0.00316357894
290292	0.004422418548
290293	0.001069267013
290294	0.003048620805
290295	0.004694036903
290296	0.001023152246
290297	0.001894820159
290298	0.003862010676
290299	0.002588321753
290300	0.002910589849
290301	0.005994743587
290302	0.003329580971
290303	0.000441984151
290304	0.001097195419
290305	0.000942075833
290306	0.001242848118
290307	0.0006665363944
290308	0.0007649914214
290309	0.0020603249
290310	0.002907079782
290311	0.002336626595
290312	0.001234494321
290313	0.0006737471226
290314	0.001490923566
290315	0.0001860256646
290316	0.003367257006
290317	0.002565123993
290318	0.002434961867
290319	0.0008732329088
290320	0.0021171849
290321	0.00209187062
290322	0.0001823528029
290323	0.002460138388
290324	0.003794289545
290325	0.001318575922
290326	0.003428808694
290327	0.003399844752
290328	0.006264497111
290329	0.01004908327
290330	0.005136272439
290331	0.0001270708804
290332	0.0005209173466
290333	0.0009824068104
290334	0.004351502722
290335	0.0005584914395
290336	0.0002780577191
290337	0.001028833769
290338	0.0009831562451
290339	0.001041133073
290340	0.003136120977
290341	0.0003329194303
290342	0.01010704605
290343	0.001586119974
290344	0.001835175148
290345	0.002120223503
290346	0.002382796683
290347	0.00148689478
290348	0.0001514813014
290349	0.0007299182136
290350	1.379252653e-05
290351	0.002051958407
290352	0.007334664107
290353	0.001828813543
290354	0.00248378457
290355	0.002590318868
290356	0.005624467764
290357	0.001932098641
290358	0.0006449179982
290359	0.004040683131
290360	0.008796389302
290361	0.0007867934486
290362	0.004682832953
290363	0.001993456051
290364	0.0009911485663
290365	0.001204913949
290366	0.001754995611
290367	0.001665570665
290368	0.0004502876134
290369	0.003427744778
290370	0.00365968641
290371	0.001709171035
290372	0.00477435367
290373	0.001655691203
290374	0.001616340029
290375	0.0008749873051
290376	0.001982758909
290377	0.000111139985
290378	0.0009654557904
290379	0.002393490173
290380	0.0009625476266
290381	0.0003640000362
290382	0.002675803915
290383	0.001082669857
290384	0.0006132517939
290385	0.001911242162
290386	0.002114775332
290387	0.0008312796278
290388	0.004880151584
290389	0.002503027702
290390	0.0007441381652
290391	0.001014126919
290392	0.0003774580218
290393	0.003451983891
290394	0.001724049335
290395	0.001595343868
290396	0.002730572575
290397	0.0007902407312
290398	0.00277174725
290399	0.002896220904
290400	0.0006578569926
290401	0.001131047324
290402	0.003206143235
290403	0.0008992808972
290404	0.002917848784
290405	0.0002946117516
290406	0.001416442763
290407	0.0004018694854
290408	0.001576395547
290409	4.782434224e-05
290410	0.00266473149
290411	0.001736168971
290412	0.004388772261
290413	0.0005492640232
290414	0.002791450488
290415	0.003411193588
290416	0.001232066279
290417	0.004629838674
290418	0.0004493187757
290419	0.0005423225965
290420	0.00234062945
290421	0.0008955299294
290422	0.001791540404
290423	0.0003125512373
290424	0.002397726009
290425	0.005933923247
290426	0.002816133285
290427	0.001111365618
290428	0.0009496906096
290429	0.002172997601
290430	0.002140290295
290431	0.0009126216142
290432	0.002244378217
290433	0.001028307847
290434	0.0004816478251
290435	0.005543958075
290436	0.004178989512
290437	0.0125784143
290438	0.0002293645964
290439	0.007353195656
290440	0.006134960228
290441	0.003774696923
290442	0.001355215112
290443	0.006708429571
290444	0.006538462314
290445	0.009008798015
290446	0.004353661069
290447	0.001875331807
290448	0.0003956330932
290449	0.001794961398
290450	0.007162171552
290451	0.009058363262
290452	0.002494379035
290453	0.003795279798
290454	0.002663939359
290455	0.002216066945
290456	0.003171440933
290457	0.0008228907139
290458	0.0007792686958
290459	0.003073890337
290460	0.002041037364
290461	0.002834215756
290462	0.00294088078
290463	0.005729311513
290464	0.004237487127
290465	0.0006311187934
290466	0.000956572107
290467	0.005323887988
290468	0.004274198947
290469	0.005117451579
290470	0.01232384125
290471	0.0003203414733
290472	0.0005845542247
290473	0.002746617175
290474	0.0158599136
290475	0.006414713969
290476	0.009896354232
290477	0.004622949278
290478	0.002943424708
290479	0.001541238756
290480	0.0003281828363
290481	0.0003036357459
290482	0.000999486183
290483	8.151670077e-07
290484	0.0003303133377
290485	0.001487933694
290486	0.01205274113
290487	0.002537173664
290488	0.005366493439
290489	0.006875394438
290490	0.006392562495
290491	0.0005875593278
290492	0.007688574498
290493	0.00912615305
290494	3.42686062e-06
290495	0.002874858657
290496	0.001333401624
290497	0.003086485021
290498	0.001072677979
290499	0.005451823869
290500	0.001856168322
290501	0.004780337093
290502	0.0008744544199
290503	0.01095193112
290504	0.004151911007
290505	0.002035925785
290506	0.006783049742
290507	0.001938605357
290508	0.007539554916
290509	0.003168816274
290510	0.003622126213
290511	0.003157630534
290512	0.004342205571
290513	0.003309174156
290514	0.00140979526
290515	0.008768436469
290516	0.003185002638
290517	0.003256558672
290518	0.0006737099197
290519	0.0005846376273
290520	0.0004635356935
290521	0.0002501221294
290522	0.002663644211
290523	0.01125996443
290524	0.001339194181
290525	0.001982968177
290526	0.003752492579
290527	0.0005647056093
290528	0.003741039404
290529	0.01290981383
290530	0.0002694571279
290531	0.003312898588
290532	0.001046825751
290533	0.007881038342
290534	0.009118205443
290535	0.006070962895
290536	0.001080300368
290537	0.01131782441
290538	3.088261781e-06
290539	2.495382333e-06
290540	0.0004567208253
290541	0.003900416901
290542	0.0009525586169
290543	0.005797501964
290544	0.0005420303234
290545	0.003188011269
290546	0.009612029755
290547	0.006785855376
290548	0.002578993414
290549	0.002182448506
290550	0.0001528109345
290551	0.003324491783
290552	0.005086835536
290553	0.001854544545
290554	0.001863428019
290555	1.944559509e-05
290556	6.808280983e-07
290557	2.645169439e-06
290558	7.117679962e-06
290559	3.249236187e-05
290560	1.015885184e-05
290561	2.830046359e-06
290562	2.894803877e-06
290563	8.014583419e-06
290564	7.589546277e-06
290565	8.095977595e-06
290566	8.537862186e-07
290567	1.445490362e-05
290568	3.936790423e-06
290569	1.018287581e-05
290570	6.855899986e-06
290571	1.200176329e-05
290572	1.269883437e-05
290573	6.465495978e-06
290574	1.079526252e-05
290575	7.141447848e-06
290576	1.302150319e-05
290577	5.545674736e-06
290578	6.378072626e-06
290579	3.088448706e-06
290580	1.072464857e-05
290581	1.105164963e-05
290582	1.396940881e-05
290583	3.683433421e-06
290584	2.897801298e-05
290585	4.911589012e-06
290586	9.41324787e-06
290587	2.0878494e-05
290588	5.36565988e-06
290589	5.120519033e-08
290590	3.257526787e-07
290591	1.390767788e-05
290592	1.145362711e-05
290593	3.178840669e-06
290594	8.707670152e-06
290595	1.041282647e-06
290596	1.305587938e-05
290597	1.1617844e-05
290598	6.118827305e-07
290599	4.637678759e-09
290600	4.771305073e-06
290601	3.809115648e-06
290602	2.690589719e-06
290603	2.026212975e-06
290604	8.781214566e-06
290605	2.217881172e-06
290606	1.267548848e-06
290607	1.161824331e-05
290608	1.035425774e-05
290609	1.164671056e-05
290610	6.332465607e-06
290611	1.395215892e-05
290612	1.039270597e-05
290613	8.171982167e-06
290614	2.691858922e-05
290615	5.053812088e-06
290616	1.530502518e-05
290617	1.054072126e-05
290618	1.084375662e-05
290619	8.298274082e-06
290620	5.934104747e-06
290621	3.072883582e-06
290622	2.647885248e-05
290623	4.266251947e-06
290624	7.786299286e-06
290625	5.364427663e-06
290626	6.415247656e-07
290627	5.709441698e-09
290628	2.112569047e-05
290629	1.053941849e-05
290630	1.653032774e-06
290631	1.808760421e-05
290632	2.08261309e-07
290633	1.682164943e-05
290634	4.176242833e-07
290635	3.776955695e-06
290636	2.692962106e-07
290637	1.804078571e-05
290638	2.378513239e-05
290639	1.982923326e-06
290640	6.968812747e-06
290641	0.003715263076
290642	0.003355520782
290643	0.0007350980555
290644	0.004895961772
290645	0.005905975877
290646	0.004891449143
290647	0.002546699888
290648	0.0008318747835
290649	0.003151644891
290650	0.007401562053
290651	0.004639195015
290652	0.005619684846
290653	0.0002902832789
290654	0.001230485781
290655	0.0008808722578
290656	0.002237253382
290657	0.002037754602
290658	0.005867294142
290659	0.001494150259
290660	0.002354175219
290661	0.001724949982
290662	0.0003865610446
290663	0.009292138263
290664	0.004973515241
290665	0.008879236993
290666	0.002363401587
290667	0.002709978299
290668	0.001766892226
290669	0.002386516264
290670	0.005814733357
290671	0.0002408912513
290672	0.001458787122
290673	0.001747881693
290674	0.003022701474
290675	0.00159193575
290676	0.002542653674
290677	0.002231739725
290678	0.0008820445956
290679	0.001434327903
290680	0.0009624886517
290681	0.002350711591
290682	0.002276593922
290683	0.002853060513
290684	0.0001001760695
290685	0.00340476241
290686	0.00327077425
290687	0.0001414495089
290688	0.0207344639
290689	0.001390726016
290690	0.001207305806
290691	0.003441429023
290692	0.003306977715
290693	0.003704982366
290694	0.003107658833
290695	0.001141924576
290696	0.0005329542654
290697	0.002105212341
290698	0.002005470429
290699	0.001806749396
290700	0.001012606081
290701	0.003438524023
290702	0.0005606223642
290703	0.003717452256
290704	0.000935695784
290705	0.001420632698
290706	0.0006546633885
290707	0.001284464591
290708	0.007125815721
290709	0.007296883943
290710	0.0004250265996
290711	0.01399377477
290712	0.005377362482
290713	0.009768363763
290714	0.005968847687
290715	0.004480173641
290716	0.00214744253
290717	0.007207627499
290718	0.00912228983
290719	0.0001951220813
290720	0.0002807666269
290721	0.0114589581
290722	0.01236666181
290723	0.003145589219
290724	0.006072660397
290725	0.004129359742
290726	0.0003126196485
290727	0.002384281426
290728	0.01205722377
290729	0.002810579158
290730	0.003302178869
290731	0.007616654317
290732	0.001599542758
290733	0.0001604556227
290734	0.002131491805
290735	0.007674442545
290736	0.01385321871
290737	0.01070119301
290738	0.01062160274
290739	0.006568154859
290740	0.004546458533
290741	0.0009312926123
290742	0.007021457226
290743	0.005994529874
290744	0.009375760692
290745	0.008855122601
290746	0.002188910793
290747	0.00619612603
290748	0.007131328378
290749	0.002052573809
290750	0.006960208515
290751	0.01176604967
290752	0.001530004521
290753	0.006706402757
290754	0.002027473096
290755	0.00748923271
290756	0.008186829386
290757	0.001505146736
290758	0.0009949811138
290759	0.007373119039
290760	0.01025632511
290761	0.004017717864
290762	0.005173304043
290763	0.001930663818
290764	0.003283500983
290765	0.008343102646
290766	0.003825571782
290767	0.000801585865
290768	0.002109715066
290769	0.001375473497
290770	0.001024224241
290771	0.003462520797
290772	0.001225309848
290773	0.0007431150029
290774	0.001185802172
290775	0.00973463826
290776	0.01021857272
290777	0.000459177055
290778	0.004205482988
290779	0.008754686402
290780	0.005785720536
290781	0.0008545251489
290782	0.0003988495048
290783	0.0008364728934
290784	0.01062550599
290785	0.004757792172
290786	0.001554415712
290787	0.005112353677
290788	0.002906670951
290789	0.005505459333
290790	0.002594419467
290791	0.002010839134
290792	0.001403876369
290793	0.004590040676
290794	0.0009592755414
290795	0.006997730495
290796	0.003841707889
290797	0.003921569135
290798	0.006455262049
290799	0.0005662120591
290800	0.01967166916
290801	0.003517384739
290802	0.006941144588
290803	0.00319012698
290804	0.003675046062
290805	0.01494224133
290806	0.008426615934
290807	0.004920820607
290808	0.006212505831
290809	0.001776252862
290810	0.003305053545
290811	0.0008438887397
290812	0.001810249696
290813	0.00509050305
290814	0.003815009757
290815	0.007654009803
290816	0.004736541544
290817	0.01366737193
290818	0.0001668080118
290819	0.01952013192
290820	0.01121100875
290821	1.976110136e-05
290822	0.007403918807
290823	0.00274630805
290824	0.006500868214
290825	0.005541512265
290826	0.00959760809
290827	0.0002870585059
290828	0.01790090514
290829	0.003893990006
290830	0.0153735526
290831	0.002032034194
290832	0.01091157043
290833	0.01040840525
290834	0.006007590794
290835	0.01468266979
290836	0.00948368191
290837	0.006437207624
290838	0.008959460001
290839	0.009958582451
290840	0.001948977517
290841	0
290842	0.00622255335
290843	0.01754922035
290844	0.01579537789
290845	0.005041809621
290846	0.00790280127
290847	0.01271671238
290848	0.01327594348
290849	0.004114522543
290850	0.001964100701
290851	0.0002798081436
290852	0.01503297251
290853	0.01882423849
290854	0.01280928845
290855	0.004487889898
290856	0.002285842164
290857	0.01958918196
290858	0.01268340734
290859	0.01268196676
290860	0.01463730435
290861	0.004071515948
290862	0.01074180598
290863	0.005494898178
290864	0.0002035353587
290865	0.01255965611
290866	0.01770303878
290867	0.01886868316
290868	0.003537442629
290869	0.004281053976
290870	0.01258240341
290871	0.0006503306247
290872	0.003795425818
290873	0.003224104593
290874	0.003132893819
290875	0.009857653805
290876	0.00897425459
290877	0.009652795923
290878	0.004813506499
290879	0.004001475213
290880	0.01169561279
290881	0.02071671169
290882	0.0004418904828
290883	0.01288479645
290884	0.005298537943
290885	0.01259368274
290886	0.007307500696
290887	0.002036337971
290888	0.004177937177
290889	0.00159954601
290890	0.0008888897951
290891	0.0001698475398
290892	0.01226374682
290893	0.0004563556984
290894	0.01549035299
290895	0.01578725665
290896	0.01042595516
290897	0.008327981556
290898	0.01324862225
290899	0.005655083831
290900	0.007746160556
290901	0.007086107239
290902	0.0008537790827
290903	0.007672962919
290904	0.006175411327
290905	0.01582020975
290906	0.01770520605
290907	0.01269339814
290908	0.01178528658
290909	0.004283515686
290910	0.002661761891
290911	0.0007428452271
290912	0.01569041627
290913	0.0008364525158
290914	0.01073298364
290915	0.009507520659
290916	0.004245780357
290917	0.0006001297557
290918	0.0003080851847
290919	0.001764220387
290920	0.003985921674
290921	0.003653037025
290922	0.02084955387
290923	0.01063529331
290924	0.004498160246
290925	0.007484150306
290926	0.00191780319
290927	0.0006966485566
290928	0.009222217251
290929	0.008918447764
290930	0.007321602745
290931	0.002865786725
290932	0.01492012977
290933	0.002809962805
290934	0.001151021504
290935	0.002764144613
290936	0.0109115011
290937	0.0003542272519
290938	0.01307719582
290939	0.001895007038
290940	0.0003484947187
290941	0.006336490677
290942	0.0007831791658
290943	0.004157487854
290944	0.0001424871689
290945	0.001867581057
290946	0.002322371516
290947	0.005270826644
290948	0.009676627642
290949	0.008757320097
290950	0.009202749707
290951	0.004986242057
290952	0.01600907532
290953	0.01333493515
290954	0.004220109366
290955	0.01029774949
290956	0.004348485241
290957	0.00486712668
290958	0.003450516897
290959	0.003463259833
290960	0.007520744639
290961	0.005452105053
290962	0.00722336563
290963	0.005594044747
290964	0.0148573656
290965	0.002907271554
290966	0.005556639505
290967	0.002240887228
290968	0.001212735053
290969	0.001040597161
290970	0.001952399108
290971	0.003384110356
290972	0.009737725613
290973	0.00401535332
290974	0.005052165808
290975	0.00167846194
290976	0.001246859466
290977	0.002634515051
290978	0.0002206452816
290979	0.00341959558
290980	0.0009371009846
290981	0.001581448243
290982	0.01130302763
290983	0.005544464255
290984	0.006722477011
290985	0.00610263253
290986	0.01269327719
290987	0.0001544463653
290988	0.001181978909
290989	0.001258966312
290990	0.0002393666692
290991	0.001101446996
290992	0.001136786746
290993	0.001266230596
290994	0.001275488724
290995	0.0008980121534
290996	0.0008156262836
290997	0.0009045338058
290998	0.003180105387
290999	0.0006593697846
291000	0.0009156652836
291001	0.001176963976
291002	0.0001673961116
291003	0.0007484362809
291004	0.0008979062243
291005	0.0007635749509
291006	0.001118766054
291007	0.001117540887
291008	0.001223287859
291009	0.001092316078
291010	0.001175793653
291011	0.001023225338
291012	0.0006329669083
291013	0.0005844111143
291014	0.0002313720339
291015	0.0004654524951
291016	0.0008715563272
291017	0.0001196952759
291018	0.0006670064844
291019	0.001215986521
291020	0.003837281182
291021	0.005482565875
291022	0.01073460719
291023	0.01032289465
291024	0.002389621489
291025	0.005253554208
291026	0.009413798652
291027	0.01704713321
291028	0.01450394107
291029	0.009208389033
291030	0.002399169573
291031	0.0009617739118
291032	0.001859549853
291033	0.01077272631
291034	0.001959091076
291035	0.003104532328
291036	0.00331314577
291037	0.00579112792
291038	0.006799054045
291039	0.002412547378
291040	0.01353739485
291041	0.01536167165
291042	0.001418508316
291043	0.004816387296
291044	0.002721198456
291045	0.001791760561
291046	0.001982323457
291047	0.005441299484
291048	0.00409870702
291049	0.005332499208
291050	0.01046513363
291051	0.0212012661
291052	0.002492948066
291053	0.0003787510941
291054	0.01990730099
291055	0.001910645654
291056	0.003267219463
291057	0.007187106043
291058	0.002076806737
291059	0.0007689728233
291060	0.00113022984
291061	0.001400264195
291062	0.003364178698
291063	0.0003195350246
291064	0.0003900365704
291065	0.0001479013833
291066	0.003828618232
291067	0.006005307624
291068	0.00165280817
291069	0.001903078453
291070	0.001120347857
291071	0.001576280503
291072	9.446857112e-05
291073	0.001482347679
291074	0.0002827860311
291075	0.001885989457
291076	0.01217306464
291077	0.01526653386
291078	0.0003024975051
291079	0.008365229789
291080	0.00149514991
291081	0.004210637727
291082	0.001150634464
291083	0.002708805541
291084	0.008310733963
291085	0.0004785777016
291086	0.001848263866
291087	0.002589399396
291088	0.002771439262
291089	1.311758248e-05
291090	0.004228182652
291091	0.001674923791
291092	0.0002689301222
291093	0.0009266648352
291094	0.002273993634
291095	0.006788416762
291096	0.008424490999
291097	0.0001491979283
291098	0.001197022969
291099	0.002877566625
291100	0.001034950094
291101	0.001639852085
291102	0.001638204849
291103	0.0002484555734
291104	0.001627721582
291105	0.007300954374
291106	0.001690890019
291107	0.0003650177474
291108	0.002807163223
291109	0.006552421588
291110	0.01304595599
291111	0.01267699997
291112	0.01672101742
291113	0.0120515155
291114	0.0007701356731
291115	0.006180579758
291116	0.005003425677
291117	0.001027345304
291118	0.005577254283
291119	0.008563103356
291120	0.000739145077
291121	0.0008394223185
291122	0.01391699318
291123	0.0006699687452
291124	0.001458732789
291125	0.0003842298404
291126	0.001725622639
291127	0.00144348164
291128	0.002143100412
291129	0.0009051949869
291130	0.002663632755
291131	0.005273376013
291132	0.01803476325
291133	0.0002373871791
291134	0.009376735659
291135	0.000559091367
291136	0.006605227854
291137	0.002047022903
291138	0.000641021295
291139	0.003015994362
291140	0.0101558965
291141	0.002344882961
291142	0.00575145506
291143	0.002294471546
291144	0.0001065202299
291145	0.001618818107
291146	0.001175560146
291147	0.002041696167
291148	0.00183538911
291149	0.0008769627479
291150	0.0006102332989
291151	0.005017802014
291152	0.003083386337
291153	0.01530661664
291154	0.003478041001
291155	0.003903082812
291156	0.0003784470205
291157	0.0004858834087
291158	0.0002557474078
291159	0.0006005475937
291160	0.002449160584
291161	0.0002759166684
291162	0.0001201112365
291163	0.0003752601481
291164	0.001076678239
291165	0.0002588786452
291166	9.264362353e-05
291167	0.003341247237
291168	0.0003318326687
291169	0.0008903621178
291170	0.001133731941
291171	0.006020013525
291172	0.002113746045
291173	0.0006136264838
291174	0.000591562687
291175	1.507657513e-05
291176	0.001718723815
291177	0.0005262263385
291178	0.0006024267722
291179	9.536831913e-06
291180	0.01285616459
291181	0.004384365911
291182	0.00549216198
291183	0.00464576072
291184	0.007767579506
291185	0.0009497311962
291186	0.002114535852
291187	0.008815418857
291188	0.006350008791
291189	0.003476315412
291190	0.003761383912
291191	0.01135399359
291192	0.01574206154
291193	0.004664875109
291194	0.0008152286297
291195	0.0019109155
291196	0.01242886777
291197	0.000761258354
291198	0.003874420384
291199	0.003230700047
291200	0.001961112574
291201	0.009268684244
291202	0.001764016744
291203	0.002239169058
291204	0.001889099523
291205	0.005760800667
291206	0.0001133540021
291207	0.009099727153
291208	0.004395515364
291209	6.305400427e-05
291210	0.001798490281
291211	0.002508640873
291212	0.001980244617
291213	0.001058942612
291214	0.001875197547
291215	0.01100541811
291216	0.001783071043
291217	0.009223476523
291218	0.01220856384
291219	0.002302593944
291220	0.001591766655
291221	0.0003737498822
291222	0.0003375719318
291223	0.0005161435957
291224	0.0002441389495
291225	0.000351797918
291226	0.0002373138117
291227	0.002683298819
291228	0.0004001279906
291229	0.0008951885383
291230	0.000671710864
291231	0.001898988834
291232	1.908854453e-05
291233	0.001250162123
291234	0.002493179324
291235	0.0001686523881
291236	0.000276316291
291237	0.001334237389
291238	0.00100683283
291239	0.001349765661
291240	0.001545599501
291241	0.0003112915698
291242	0.0009093586791
291243	0.0003458698882
291244	0.0008988500312
291245	0.000230201819
291246	0.00103832987
291247	0.002396580662
291248	0.0006408699545
291249	0.0007739172758
291250	0.0002174219768
291251	0.001655174037
291252	0.0005486421056
291253	0.000692639894
291254	0.000988457636
291255	7.001989689e-05
291256	0.001534980402
291257	0.002111782081
291258	0.0002238878276
291259	0.0005065729638
291260	0.0005058766346
291261	0.0002251251138
291262	0.001094756595
291263	0.0001692263696
291264	0.0004527738883
291265	0.0005741829072
291266	0.001915859412
291267	0.0003609054829
291268	0.001658061255
291269	0.0002353889961
291270	0.0001991271457
291271	0.003032059619
291272	0.002511467621
291273	0.00124052013
291274	0.001439166703
291275	0.002004310376
291276	0.002095672084
291277	0.002576739814
291278	4.24582815e-05
291279	0.01260635899
291280	0.008864152423
291281	3.363123885e-07
291282	0.003320627797
291283	0.0002392768437
291284	0.001128619354
291285	0.0008970631176
291286	0.002259185374
291287	0.001178129062
291288	0.0005109612274
291289	0.001753527035
291290	0.0003287369628
291291	0.004094378225
291292	0.001561206222
291293	0.002814764558
291294	0.001065908451
291295	0.0002946967113
291296	0.001946365757
291297	0.001537523527
291298	0.001016018789
291299	0.002150720047
291300	0.002694081248
291301	0.00253973297
291302	0.00105193769
291303	0.000412812289
291304	0.0004989420114
291305	0.0009912802119
291306	0.002508543411
291307	0.0005515393156
291308	0.002309077531
291309	0.000664710443
291310	0.001932515401
291311	0.000461589782
291312	0.001644946852
291313	0.0004092556221
291314	0.0009358389625
291315	0.0005546146546
291316	0.001508320885
291317	0.001337155627
291318	0.001038975557
291319	0.001200720059
291320	0.00137455434
291321	0.005882534573
291322	0.009077197406
291323	0.01013588109
291324	0.0005999040132
291325	0.001341273024
291326	0.002067321926
291327	0.002330342115
291328	7.430549324e-05
291329	0.01101024724
291330	0.00100754575
291331	0.002481865002
291332	0.001565936841
291333	0.0003635203239
291334	0.0003189514802
291335	0.002101467149
291336	0.002848449102
291337	0.007654565887
291338	0.0006511462971
291339	0.001221428023
291340	0.001116640424
291341	0.002183707308
291342	0.0003078186908
291343	0.001340977178
291344	0.0007708086112
291345	0.009246646731
291346	0.009192325526
291347	0.002794919491
291348	0.003745653813
291349	0.0003870436329
291350	0.001860524037
291351	0.005343494066
291352	0.0009173694359
291353	0.008388323319
291354	0.002689083211
291355	0.004016097113
291356	0.003785086256
291357	0.001161840441
291358	0.002774413289
291359	0.000547085311
291360	0.00482467876
291361	0.0009806900866
291362	0.0001828310934
291363	0.01961479901
291364	0.002978711461
291365	0.003350848304
291366	0.0006736102883
291367	1.585985431e-05
291368	0.00636432107
291369	0.0009097912466
291370	0.01102156731
291371	0.003251579691
291372	0.003393492373
291373	0.002319642848
291374	0.01282854594
291375	0.008439935483
291376	0.001537330281
291377	0.004470023735
291378	0.0001937052127
291379	0.001328047167
291380	0.00804957631
291381	0.004353908111
291382	0.006289169694
291383	0.002882683895
291384	0.01125223394
291385	0.007000180051
291386	0.001594507128
291387	0.01069137204
291388	0.001897965419
291389	0.0009329343328
291390	0.0005715243522
291391	0.001432930169
291392	0.001889405571
291393	0.001139117086
291394	0.0001294872509
291395	0.002151250799
291396	0.0001027304056
291397	8.497096858e-05
291398	0.00391242402
291399	0.0009279434632
291400	0.001196275282
291401	0.0009376745329
291402	0.001644198919
291403	0.0006780416531
291404	0.001437323641
291405	0.001071172042
291406	0.001329074188
291407	0.0004404149882
291408	0.0177856241
291409	0.001145630437
291410	0.002056994784
291411	0.001479690467
291412	0.001381348475
291413	0.0003209257812
291414	0.01093099889
291415	0.007390627474
291416	0.006455254638
291417	0.001359727142
291418	0.003330777623
291419	0.01325372033
291420	0.01442598658
291421	0.008471825724
291422	0.002005421317
291423	0.003587763014
291424	0.008956761394
291425	0.002648553241
291426	0.003807859325
291427	0.001481761766
291428	0.003040618542
291429	0.002979967784
291430	0.001396804505
291431	0.004129477823
291432	0.009391042598
291433	0.0001808345704
291434	0.007398017455
291435	0.002412593031
291436	0.01230323329
291437	0.006593456315
291438	0.006889091344
291439	0.009388111614
291440	0.001615634426
291441	0.008572806667
291442	0.002531868447
291443	0.00400279275
291444	0.01679134399
291445	0.009982670855
291446	0.003454985352
291447	0.005803879547
291448	0.004974406463
291449	4.986104125e-05
291450	0.001905109845
291451	0.01033725364
291452	0.003908229344
291453	0.000544932174
291454	0.005761753439
291455	0.004116597786
291456	0.0008563497784
291457	0.003766465669
291458	0.008176722275
291459	0.007377069094
291460	0.005470796349
291461	0.001617875258
291462	0.0009762187915
291463	0.00573257643
291464	0.002071859421
291465	0.009043821027
291466	0.00329329733
291467	0.0005920912372
291468	0.005774032413
291469	0.002649452428
291470	0.00136695351
291471	0.001169850736
291472	0.001999046517
291473	0.001583708239
291474	0.00544247937
291475	0.000548845711
291476	0.0006155180371
291477	0.0103304953
291478	0.01674811911
291479	0.007469104759
291480	0.006540467666
291481	0.0009424055727
291482	0.005807589758
291483	0.004290790185
291484	0.0004843411964
291485	8.214828158e-05
291486	0.00276665002
291487	0.01148072966
291488	0.003626367406
291489	0.006609557917
291490	0.002579580585
291491	0.005639536408
291492	0.0003139863086
291493	0.00555617252
291494	0.0008758690158
291495	0.01034966233
291496	0.00150025212
291497	0.004845230704
291498	0.002700062957
291499	0.001489310824
291500	0.005227142321
291501	0.002776956473
291502	0.01055613373
291503	0.002188010738
291504	0.0003830659014
291505	0.0006352882283
291506	0.008520954846
291507	0.0005282238373
291508	0.005388849771
291509	0.004273706203
291510	0.003711120378
291511	0.009082412281
291512	0.004165991109
291513	0.004081912533
291514	0.003006441536
291515	0.002641721253
291516	0.002892727003
291517	0.003812166356
291518	0.002091257956
291519	0.001162868963
291520	0.004432923843
291521	0.00542175733
291522	0.0130911656
291523	0.0001992180728
291524	0.0005735871905
291525	0.001440261825
291526	0.007493323157
291527	0.0004341630828
291528	0.007657682568
291529	0.008818015329
291530	0.006735803392
291531	0.004432691821
291532	0.009110422082
291533	0.0001354477721
291534	0.002741872279
291535	0.004026473941
291536	0.009479874748
291537	8.369504495e-05
291538	0.002185255002
291539	0.001739725538
291540	0.006878283669
291541	0.008406885682
291542	0.003530509494
291543	0.01287504009
291544	3.969893352e-05
291545	0.003946285946
291546	0.002941049
291547	0.0008235956278
291548	0.008608961018
291549	0.006367957433
291550	0.00724764509
291551	0.005675971939
291552	0.004125122611
291553	0.006533917677
291554	0.0004239496763
291555	0.001150044175
291556	0.008575720613
291557	0.01170544459
291558	0.000707304363
291559	0.0003184724251
291560	0.004261127029
291561	0.003590620575
291562	0.02471889964
291563	0.003408840251
291564	0.01188139593
291565	0.001419611909
291566	0.0002754701565
291567	0.003944996319
291568	0.002807559901
291569	0.001840387325
291570	0.009460681647
291571	0.001334701731
291572	0.01534833213
291573	0.002479362739
291574	0.001088985915
291575	0.0007501563402
291576	0.006915689766
291577	0.001726929584
291578	0.01988762835
291579	0.0001438490264
291580	0.01973997959
291581	0.002202940591
291582	0.006058634823
291583	0.001618492394
291584	0.003719616063
291585	0.008186935494
291586	0.004436219424
291587	0.001196123914
291588	0.0004992332162
291589	0.002227875868
291590	0.00217604539
291591	0.002371620007
291592	0.001402523741
291593	0.01002565284
291594	0.01024040322
291595	0.005571527683
291596	0.00163867515
291597	0.01391357275
291598	0.001317076838
291599	0.0007396643796
291600	0.005257857496
291601	0.004793416834
291602	0.0040711959
291603	0.0003922428024
291604	0.002300703218
291605	0.006645314274
291606	0.002622837836
291607	0.00497958725
291608	0.002838569296
291609	0.002348472726
291610	0.002045491339
291611	0.001856032348
291612	0.003157930999
291613	0.002829876973
291614	0.006590887859
291615	0.0004800347745
291616	0.0004187745568
291617	0.007607350201
291618	0.001937139127
291619	5.290836959e-05
291620	0.001505474911
291621	0.002857126894
291622	0.002350016896
291623	0.003703779728
291624	0.002418922298
291625	0.00106747022
291626	0.004025364818
291627	0.002130288691
291628	0.001273805112
291629	0.001714173105
291630	0.002311066494
291631	0.005494789271
291632	0.005580510347
291633	0.002567210252
291634	0.0006326908656
291635	0.0003682010747
291636	0.006727996514
291637	0.0002146417489
291638	0.002230817315
291639	0.009186612883
291640	0.002719735795
291641	0.001125315437
291642	0.0002562868082
291643	0.003747071138
291644	0.001587082817
291645	0.001465956786
291646	0.00410886412
291647	0.00179650467
291648	0.001335194751
291649	0.001635295997
291650	0.0004355618455
291651	0.005335784554
291652	0.009220267427
291653	0.004289061575
291654	0.01139039132
291655	0.005995846741
291656	0.007465421863
291657	0.004522669287
291658	0.002802396354
291659	0.006222800443
291660	3.609630046e-08
291661	0.01514753683
291662	0.009198691895
291663	0.008188860556
291664	0.006812355098
291665	0.00456501469
291666	0.005140425381
291667	0.003665153669
291668	0.005770287103
291669	0.001946610591
291670	0.003568455429
291671	0.01546123356
291672	0.0004012697159
291673	0.006224127496
291674	0.009274071078
291675	0.004317112342
291676	0.004606730536
291677	0.001880926138
291678	0.001876213169
291679	0.02257234918
291680	0.0007950383164
291681	0.001476097583
291682	0.001573511783
291683	0.001668093282
291684	0.001231716234
291685	0.004974373968
291686	0.0004868453349
291687	0.004703586787
291688	0.001459441738
291689	0.002011078984
291690	0.002101503701
291691	0.0005088607456
291692	0.003193983516
291693	0.004038109876
291694	0.004400037115
291695	0.001417282309
291696	0.003369087863
291697	0.001905893845
291698	0.008180286249
291699	0.005612358069
291700	0.00449618141
291701	0.004937862561
291702	0.006874161963
291703	0.002500487056
291704	0.002435897987
291705	0.00348397318
291706	0.00363196653
291707	0.003933381285
291708	0.005402346156
291709	0.001727173109
291710	0.004760895841
291711	0.01415072203
291712	0.01627765468
291713	0.01267449226
291714	0.007957713586
291715	0.003835383218
291716	7.426271322e-05
291717	0.005215025777
291718	0.004288950702
291719	0.003319611735
291720	0.002063509067
291721	0.00374842527
291722	0.006546193775
291723	0.007701062755
291724	0.001871907286
291725	0.003845330275
291726	0.005167875498
291727	0.009218367075
291728	0.001983644791
291729	0.002427864581
291730	0.0007787594885
291731	0.006308642595
291732	0.01258893307
291733	0.001480846447
291734	0.002274664965
291735	0.005407076549
291736	0.01127892695
291737	0.01290982438
291738	0.009067942877
291739	0.01024989209
291740	0.001429475067
291741	0.001302440802
291742	0.002325710255
291743	0.0007545479047
291744	0.0009841674296
291745	0.00162427342
291746	0.002991025138
291747	0.006098902118
291748	0.005034423288
291749	0.0003165031669
291750	0.003121728631
291751	0.004774029681
291752	0.004414283753
291753	0.003900874187
291754	0.007488004981
291755	0.001947199784
291756	0.002354569079
291757	0.0004517897778
291758	0.0005742543591
291759	0.002788769642
291760	0.005710477992
291761	0.002516441905
291762	8.32056518e-05
291763	0.00239122527
291764	0.009732084416
291765	0.001640005835
291766	0.004796932586
291767	0.004655837967
291768	0.002372167015
291769	0.002184442309
291770	0.001958710324
291771	0.007539694909
291772	0.003157569335
291773	0.01165890539
291774	0.0002017044071
291775	0.00663504283
291776	0.002437369899
291777	0.003897903331
291778	0.001046089155
291779	0.00484395228
291780	0.003387867391
291781	0.0007787640276
291782	0.004894451687
291783	0.009629634317
291784	0.004805872927
291785	0.004007981941
291786	0.003938237541
291787	0.001357548022
291788	0.006492565905
291789	0.0003385270301
291790	0.004716220181
291791	0.001861284163
291792	0.009243633871
291793	0.003737043792
291794	0.003472926682
291795	0.001290633173
291796	0.003696191962
291797	0.001143910844
291798	0.0003091331637
291799	7.014585774e-05
291800	0.00117622257
291801	0.0009938049582
291802	0.001098800681
291803	0.003090450544
291804	0.00218724669
291805	0.0006372293559
291806	0.0003554508491
291807	0.006732023894
291808	0.0031491528
291809	0.003413289761
291810	0.00310671325
291811	0.005347887947
291812	0.001280478425
291813	0.002149819356
291814	0.0003897702579
291815	0.0006126988001
291816	0.00150062483
291817	3.356276042e-08
291818	0.0007019625994
291819	1.560606805e-06
291820	0.0001688712961
291821	0.01248758416
291822	0.008534972833
291823	0.002642292808
291824	0.00391378449
291825	0.008810638372
291826	0.006029338202
291827	0.006470312701
291828	0.004342172141
291829	0.002046277095
291830	0.005374027935
291831	0.003908217801
291832	0.001041700141
291833	0.002895626741
291834	0.001451775228
291835	0.0003983531096
291836	0.001717703215
291837	0.0007584348366
291838	0.000195839362
291839	0.0005790544574
291840	0.0005512004973
291841	0.0007127510192
291842	0.001108872569
291843	0.0007160918463
291844	0.002996745154
291845	0.001091317344
291846	0.0003350831965
291847	0.00270871804
291848	0.0004608846013
291849	0.001751347021
291850	0.001059776043
291851	0.001529233566
291852	0.0008109588507
291853	4.816318737e-06
291854	1.653651447e-05
291855	0.006345493853
291856	0.0004397332817
291857	0.0008791950237
291858	0.0001432908399
291859	0.0002202242217
291860	0.0005251010436
291861	0.002654513624
291862	0.0004045097197
291863	0.0005758438338
291864	0.0001107280938
291865	0.0002516683114
291866	0.00132719494
291867	0.001148313024
291868	0.00138700159
291869	0.0004081413395
291870	0.0003564500733
291871	0.0002485056868
291872	0.0003956730988
291873	0.00167793788
291874	0.004136733239
291875	0.000304900918
291876	8.212138246e-05
291877	0.001114138144
291878	0.001651170751
291879	0.0004163746061
291880	0.001045577147
291881	0.0004538969841
291882	0.0006692149777
291883	0.0005437157628
291884	0.0001921101386
291885	0.0001535651276
291886	0.0003190358185
291887	0.0006891913424
291888	0.0001253081921
291889	0.0004032313677
291890	0.0003749035358
291891	0.0005347035641
291892	0.0001383540956
291893	0.0004702462085
291894	0.000481308349
291895	0.0004476914652
291896	0.001624167363
291897	0.0006088233612
291898	0.0004416201859
291899	0.000323916088
291900	0.0009905968883
291901	0.001594876727
291902	0.001037133374
291903	0.0008435503828
291904	0.001117682236
291905	0.0008539218156
291906	0.00373198826
291907	0.001375086385
291908	0.0006329973958
291909	0.0009345828206
291910	0.001144066134
291911	0.0007620778676
291912	0.0007486152517
291913	0.0009081025661
291914	0.0008350029662
291915	0.0002483640332
291916	0.0009992311061
291917	0.0003558604901
291918	0.001117947944
291919	0.0007640872229
291920	0.0007678619686
291921	0.00154525656
291922	0.0009752821587
291923	0.0005184620482
291924	0.0002907731986
291925	0.0005459182781
291926	0.0001289419904
291927	0.0002233491241
291928	0.0003035808442
291929	0.0006369498755
291930	0.0007743703894
291931	0.001219989154
291932	0.0004564018366
291933	0.0007904277278
291934	0.0002499712593
291935	0.001974929251
291936	0.0006300050926
291937	0.0011996832
291938	0.001530976424
291939	0.001259177422
291940	0.001703288513
291941	0.000228405416
291942	0.002988481308
291943	0.0007831519895
291944	0.0009406264039
291945	0.0006622415438
291946	1.126804789e-05
291947	0.0008297245309
291948	0.0008406363962
291949	0.0007634766516
291950	0.002428151059
291951	0.0006449161285
291952	0.001186665205
291953	0.002501388996
291954	0.0001891289198
291955	0.00164926259
291956	0.001625271695
291957	0.0001396742892
291958	0.0002279150101
291959	0.0001050025654
291960	0.0002267510671
291961	0.0003269453597
291962	4.593760987e-05
291963	0.0001305420255
291964	0.0003096967115
291965	0.0001175279383
291966	0.001275134235
291967	0.001078652869
291968	0.0002121025972
291969	0.001305849839
291970	0.001097510417
291971	0.0004267435966
291972	0.0005004710803
291973	0.0007578861741
291974	0.0004928256506
291975	0.0003994686274
291976	0.003358073338
291977	3.142013725e-05
291978	3.197869966e-06
291979	0.003268378132
291980	7.452594451e-06
291981	0.001021282116
291982	7.333113047e-05
291983	0.0003878779848
291984	6.916964522e-05
291985	5.408959084e-05
291986	0.0004895491374
291987	0.0007575483715
291988	0.0002072880803
291989	0.0002826697974
291990	2.751306687e-05
291991	5.813383001e-05
291992	0.001242165404
291993	0.0007295952139
291994	0.0003665718506
291995	0.006038478231
291996	0.005225967913
291997	0.002451404618
291998	0.000346301848
291999	0.0009712368653
292000	0.006761944319
292001	0.004016892347
292002	0.001646384003
292003	0.0008262519428
292004	0.003691846304
292005	0.00267486282
292006	0.02366517332
292007	0.0003507479958
292008	0.0001410706327
292009	0.0004059366343
292010	0.0008644825152
292011	0.001728864594
292012	0.007932102009
292013	0.0006850357162
292014	0.005152939562
292015	0.001195664023
292016	0.0005689439602
292017	0.005585676383
292018	0.006226963223
292019	0.005170303813
292020	0.002339611334
292021	0.00042506485
292022	0.003500763875
292023	0.005226217465
292024	0.01010156215
292025	0.00149479403
292026	0.004950127237
292027	0.001226924309
292028	0.002525541506
292029	0.0009164341183
292030	0.001261805323
292031	0.003046923102
292032	0.0007638751792
292033	0.004572192433
292034	0.003342741106
292035	0.006041761947
292036	0.00205447441
292037	0.002040526029
292038	0.0008870166214
292039	0.005511853441
292040	0.0008105636077
292041	0.001674927229
292042	0.001133826
292043	0.005978812367
292044	0.01325670349
292045	0.001446412773
292046	0.002931082486
292047	0.006006810701
292048	0.0006248042631
292049	0.0008148970115
292050	0.0008653513021
292051	0.002733889657
292052	0.003170306133
292053	0.0007799914584
292054	0.007003491999
292055	0.002158334318
292056	0.003342978583
292057	0.0004011877061
292058	0.001573483611
292059	0.001511483647
292060	0.0004851966769
292061	0.00447774872
292062	0.001454583262
292063	0.00782629388
292064	0.0003590443135
292065	0.005877323505
292066	0.001269710384
292067	0.003301498075
292068	0.001187730421
292069	0.007814574336
292070	0.01148740022
292071	0.0003793734854
292072	0.002786441611
292073	0.008628789789
292074	0.002563214969
292075	0.004464598859
292076	0.004014870986
292077	3.916853319e-05
292078	0.003130045761
292079	0.01127800996
292080	0.008717345975
292081	0.004742603961
292082	0.003865118546
292083	0.001444516344
292084	0.005994597622
292085	0.003182241667
292086	0.007257275072
292087	0.0006208723111
292088	0.002090684558
292089	0.004782954966
292090	0.001315264544
292091	0.003342149907
292092	0.001448013607
292093	0.007568558467
292094	0.0005052945901
292095	0.00316390855
292096	0.002869176663
292097	0.003300962253
292098	0.003785136469
292099	0.001415806526
292100	0.003060056106
292101	0.004905752844
292102	0.009091092987
292103	0.0007590266431
292104	0.00519836432
292105	8.388733408e-05
292106	0.001839692116
292107	0.004352571473
292108	0.000775968052
292109	0.0006484329351
292110	0.002472919694
292111	0.01269245015
292112	0.009661662695
292113	0.0004023912453
292114	0.0002453356595
292115	0.0002017092572
292116	0.004670107513
292117	0.001196444875
292118	0.005645557786
292119	0.003830621671
292120	0.004049602817
292121	0.001457524229
292122	0.005109778209
292123	7.870241875e-05
292124	0.00158887055
292125	0.005880529141
292126	0.004892056752
292127	0.008433436639
292128	0.002665199749
292129	0.009209869324
292130	0.002632934288
292131	0.0001446081438
292132	0.004109362376
292133	0.0119599565
292134	0.01255900901
292135	0.005232103645
292136	0.01323864595
292137	0.004383051167
292138	0.002666021197
292139	0.002383339371
292140	0.004831082388
292141	0.01373146075
292142	7.943021106e-05
292143	0.002346870393
292144	0.00969598569
292145	7.47507974e-05
292146	0.001099979358
292147	0.01281060546
292148	0.0001813655752
292149	0.004492936099
292150	5.679011046e-05
292151	0.002219638156
292152	0.01203273233
292153	0.0004453429826
292154	0.0009540055938
292155	0.00535088172
292156	0.006514939015
292157	0.002084345064
292158	0.001266439651
292159	0.001054206779
292160	0.008779570507
292161	0.007375229396
292162	0.003791696575
292163	0.0008109191866
292164	0.001543794189
292165	0.001483744298
292166	0.002239039303
292167	0.005816296557
292168	0.005252808705
292169	0.002174201242
292170	0.004376776922
292171	0.009761854551
292172	0.0004424752061
292173	0.0104879258
292174	0.007098476364
292175	0.002943965498
292176	0.001451337013
292177	0.001837127068
292178	3.209028726e-05
292179	0.0004364153889
292180	0.002713925477
292181	0.007370132959
292182	0.004346729843
292183	1.181890054e-05
292184	0.0001716973158
292185	0.008607209831
292186	0.002666108445
292187	0.00312320613
292188	0.001965627452
292189	0.001665342636
292190	0.004040578344
292191	0.0006598970462
292192	0.003706599722
292193	0.0002265796243
292194	0.000948639731
292195	0.0004921331793
292196	0.001359460817
292197	0.0006470950708
292198	0.0009711808735
292199	0.003806356874
292200	0.001600023376
292201	0.001080533533
292202	0.001141561073
292203	0.001896012913
292204	0.001767502435
292205	0.001878691857
292206	0.002108733561
292207	0.0008032300625
292208	0.01547277531
292209	0.004007758616
292210	0.002153522141
292211	0.0006155225166
292212	0.004636318365
292213	0.004241458777
292214	0.001220919106
292215	0.001580714616
292216	0.00821822043
292217	0.007407551339
292218	0.007170651639
292219	0.0005028735438
292220	0.005446855205
292221	0.003898167507
292222	0.01014097306
292223	0.002941757386
292224	0.01095634652
292225	0.004947551066
292226	0.001093833852
292227	0.006473248916
292228	0.005511660233
292229	0.004776345154
292230	1.889094243e-07
292231	1.368265976e-06
292232	5.620231195e-07
292233	2.152241063e-07
292234	2.912801332e-06
292235	0.002832900007
292236	0.001687558409
292237	0.0008585887025
292238	0.001387397552
292239	0.001227942324
292240	0.003195280498
292241	0.006609512876
292242	0.01656203572
292243	0.02097774798
292244	0.01664156588
292245	0.0008874895185
292246	0.006149925518
292247	0.008260438743
292248	0.01340399996
292249	5.959020504e-05
292250	0.01157023701
292251	0.007172630569
292252	0.008287034345
292253	0.006546047337
292254	0.004285685574
292255	0.0001960942916
292256	0.001404695834
292257	0.007754312921
292258	0.003331562569
292259	0.006170746934
292260	0.005398226034
292261	0.009994364034
292262	0.002715441644
292263	0.0002147163185
292264	5.677026783e-05
292265	0.009244409173
292266	0.003671433286
292267	0.0009569728844
292268	0.02955293723
292269	0.01520827974
292270	0.004166628456
292271	0.002430772399
292272	0.002908170797
292273	0.003948893398
292274	0.001873444601
292275	0.0005775711423
292276	0.002447256731
292277	0.001308131039
292278	0.0006243977489
292279	0.003510444382
292280	0.00661037511
292281	0.0008646957942
292282	0.006801028664
292283	0.000796520194
292284	0.001426562785
292285	0.0007523180944
292286	0.004499688778
292287	0.001260717178
292288	0.0003592253162
292289	0.001374445633
292290	0.00269037594
292291	0.002898391082
292292	0.002830108171
292293	0.002615568616
292294	0.001074883928
292295	0.001017020319
292296	0.0008969022928
292297	0.002490730379
292298	0.002616838023
292299	0.002348101051
292300	0.004404584629
292301	0.0002247224966
292302	0.001604467755
292303	0.0006367034334
292304	0.001999989581
292305	0.001530774873
292306	0.003927106101
292307	0.002054638711
292308	0.0009667504357
292309	0.0006127726037
292310	0.0007012952882
292311	0.0009614049343
292312	0.004070234745
292313	0.0003379151753
292314	0.002884543938
292315	0.0004123212946
292316	0.0006841016581
292317	4.613670805e-05
292318	0.0006630330591
292319	0.006318957074
292320	0.001587299649
292321	0.0002575753221
292322	0.002072175359
292323	0.002519902655
292324	0.001745250791
292325	8.266217336e-05
292326	0.002184102003
292327	0.002924050623
292328	0.006835798892
292329	0.008457280928
292330	0.006771577518
292331	0.004485415916
292332	0.005664788898
292333	0.0008536038862
292334	0.003832220487
292335	0.00118453712
292336	0.0004391421684
292337	0.001838272957
292338	0.001641585896
292339	0.004125090772
292340	0.001198172435
292341	0.001627618094
292342	0.001173564231
292343	0.000907399555
292344	0.002336724747
292345	0.003108630297
292346	0.001310633142
292347	0.001740914589
292348	0.002608986458
292349	0.004942659459
292350	0.0004648468866
292351	0.0008843849409
292352	0.002813896406
292353	0.001386771539
292354	0.002745323433
292355	0.002687669257
292356	0.0008700184571
292357	8.000262333e-05
292358	0.0001680831242
292359	0.0002915752987
292360	0.001005637686
292361	3.989016419e-05
292362	0.001020725382
292363	0.002509354925
292364	0.005775324397
292365	0.0009927333723
292366	0.0006544071072
292367	0.003166280256
292368	0.002098764117
292369	0.0001666600172
292370	0.002999307087
292371	0.0008222515395
292372	0.002189362712
292373	0.004994048649
292374	0.0001620771453
292375	0.002307497537
292376	0.003628193797
292377	0.001663440263
292378	0.00259915207
292379	0.0008455945613
292380	0.0005584328375
292381	0.00057774221
292382	0.002209736096
292383	0.009638845117
292384	0.002159651449
292385	0.001605906929
292386	0.001771740056
292387	0.0007270605919
292388	0.002226604779
292389	0.001677627105
292390	0.00106991091
292391	0.003119387626
292392	0.005690926811
292393	0.005999119407
292394	0.001207486904
292395	0.004086561332
292396	0.003731884243
292397	0.003732248056
292398	0.0007890335109
292399	0.001171275006
292400	0.0005269718002
292401	0.001676029061
292402	0.002853900225
292403	0.00262234282
292404	0.001518908993
292405	0.001619211863
292406	0.001571672477
292407	0.004440571467
292408	0.0008585920899
292409	0.001312912867
292410	0.001810214507
292411	0.004424856348
292412	0.0002600000448
292413	0.0001468045021
292414	0.001305252551
292415	0.0008803602639
292416	0.00253560655
292417	0.003173731743
292418	0.0007392150453
292419	0.0002189321555
292420	0.002732129603
292421	0.001027521389
292422	0.0003539375017
292423	0.007816524171
292424	0.009834041171
292425	0.0009727160035
292426	0.005270930006
292427	0.003256446355
292428	0.002505119672
292429	0.001192400891
292430	0.002192804389
292431	0.002702976498
292432	0.0001551061773
292433	0.003466614525
292434	0.0001398747013
292435	0.00400230915
292436	0.001569296797
292437	0.001772823156
292438	0.003015558653
292439	0.0006164449151
292440	0.002472162253
292441	0.001156292087
292442	0.01016158166
292443	0.002141974985
292444	0.002671754603
292445	0.002261857168
292446	0.002531380893
292447	0.0009896323963
292448	0.002691468879
292449	0.001783998796
292450	0.003996908599
292451	0.001385452236
292452	0.001467630938
292453	0.001397840914
292454	0.00184937838
292455	0.003419947976
292456	0.001841785744
292457	0.003383937404
292458	0.001478111588
292459	0.001045185117
292460	0.001939733873
292461	0.009853850885
292462	0.001087243232
292463	0.0006155753527
292464	0.003505227338
292465	0.002888138355
292466	0.001617362576
292467	0.001904951506
292468	0.001158742603
292469	0.004794201115
292470	0.001710500236
292471	0.002321150869
292472	0.005080979685
292473	0.003678154025
292474	0.003860776763
292475	0.002079176311
292476	0.001900530617
292477	0.0006480415378
292478	0.001299497038
292479	0.01260487886
292480	0.002110402825
292481	0.0003079246897
292482	0.001676566264
292483	0.003813033014
292484	0.002181039611
292485	0.002043446056
292486	0.003061432026
292487	0.002910631496
292488	0.00231667061
292489	0.0001721423246
292490	0.007667146834
292491	7.885708801e-05
292492	0.005115517342
292493	0.003169914144
292494	0.001342575829
292495	0.002666532297
292496	0.001607756471
292497	0.00232048122
292498	0.00122212152
292499	0.0003763211736
292500	7.070201846e-05
292501	0.001617054025
292502	0.001501480146
292503	0.000756719958
292504	0.0009270443687
292505	0.00192224663
292506	0.002134666373
292507	0.000768698735
292508	0.0002021569725
292509	0.0009400387094
292510	0.001820390641
292511	0.0001930479454
292512	0.0008155756769
292513	0.0002053724724
292514	0.0004258161713
292515	0.0008588891568
292516	8.325574556e-05
292517	0.000120735763
292518	0.0004122507717
292519	0.001193659077
292520	0.0008784555013
292521	0.0002346070044
292522	0.001396584612
292523	0.0005671681638
292524	0.0007242576231
292525	0.001187769787
292526	0.0005377166521
292527	0.005603942128
292528	0.001758128983
292529	0.003083666377
292530	0.004584199919
292531	0.0009361012203
292532	0.002523914358
292533	0.005753831399
292534	0.001444040925
292535	0.001350591875
292536	0.008664880071
292537	0.001462776612
292538	0.0006429956031
292539	0.003935165292
292540	0.008038845772
292541	0.002720332069
292542	0.003757280673
292543	0.006156942601
292544	0
292545	0.0001663898462
292546	0.004970038596
292547	0.0006338660787
292548	0.004779513148
292549	0.005600635629
292550	0.001779398299
292551	0.001136388243
292552	0.004304145231
292553	0.002364076443
292554	0.005431603822
292555	0.005295971404
292556	0.005787521456
292557	0.001185236056
292558	0.004801057107
292559	0.005486333063
292560	0.002180982247
292561	0.001139042658
292562	0.003526049222
292563	0.009793647661
292564	0.0001549642683
292565	0.007046140869
292566	0.0003265355777
292567	0.001621452376
292568	0.003941179182
292569	0.001056454558
292570	0.0007974819204
292571	0.001988404649
292572	0.003146251116
292573	0.007074398859
292574	0.006127010983
292575	0.0006393886947
292576	0.00381737844
292577	3.753926182e-05
292578	0.002973321854
292579	0.002393461091
292580	0.003440016507
292581	0.005490972455
292582	0.002398612593
292583	0.002969085382
292584	0.004059422982
292585	0.005865573181
292586	0.004022439783
292587	0.01004843627
292588	0.007296006094
292589	0.007999748995
292590	0.0006707675997
292591	0.009100735141
292592	7.495626353e-05
292593	0.0002753671169
292594	0.005403972068
292595	0.00763933826
292596	0.001615223707
292597	0.001052951521
292598	0.004833231155
292599	0.002683130424
292600	0.001001967476
292601	0.01769672188
292602	0.00952069658
292603	0.0002741743915
292604	0.000798913232
292605	0.0009248303353
292606	0.01318800193
292607	0.00237406413
292608	0.005976032123
292609	0.001785228762
292610	0.00263531695
292611	0.001068880547
292612	0.001071697683
292613	0.0005980743702
292614	0.0008737158918
292615	0.001276917202
292616	0.0007500582421
292617	0.001359958664
292618	0.001242164846
292619	0.001498485749
292620	0.000399093222
292621	0.0009171232604
292622	0.001399815955
292623	0.0005275283554
292624	0.0008621336812
292625	0.001920363045
292626	0.001806438441
292627	0.007864643342
292628	0.0007831451879
292629	0.001448154026
292630	0.01190101622
292631	0.0001227945314
292632	0.006677075908
292633	0.005353410462
292634	0.005777259143
292635	0.007980620653
292636	0.006305273555
292637	0.004427032507
292638	0.0006879515603
292639	0.0008881168079
292640	0.009850955728
292641	0.004694465153
292642	0.01046828155
292643	0.004080053319
292644	0.001848488607
292645	0.003611383137
292646	0.002351181812
292647	0.0003163419057
292648	0.001522044206
292649	0.005510041208
292650	0.0006405798838
292651	0.005486903043
292652	0.01546254398
292653	0.003021257727
292654	0.0002665622064
292655	0.006797903195
292656	0.005376563358
292657	0.002656210937
292658	0.001959379351
292659	0.002522068656
292660	0.001285181309
292661	0.0004274658273
292662	0.01286899917
292663	0.001897474719
292664	0.00505648632
292665	0.008044247668
292666	0.005393605942
292667	0.004412099652
292668	0.005018645686
292669	0.000832202194
292670	0.003180668076
292671	0.01274705382
292672	0.006208221487
292673	0.009370940161
292674	0.002882088415
292675	0.001143666182
292676	0.0009638556514
292677	0.0007372425848
292678	0.003471918035
292679	0.005323802978
292680	0.009435035626
292681	0.009665043424
292682	0.009392218984
292683	0.002568076389
292684	0.002329694915
292685	0.006712488806
292686	0.0003555046162
292687	0.001242727049
292688	0.002145213027
292689	0.003963641051
292690	0.002301440594
292691	0.01064036148
292692	0.004248462851
292693	0.002757080991
292694	0.002390332845
292695	0.002936120216
292696	0.001826409635
292697	0.01426693637
292698	0.0007440819573
292699	0.003538318071
292700	0.003829009332
292701	0.0005505401838
292702	0.0023016161
292703	0.0003396095453
292704	0.0008367188407
292705	0.00613042168
292706	0.001341092347
292707	0.00133304886
292708	0.001968288392
292709	0.002560384253
292710	0.001824398135
292711	0.002377786724
292712	0.001985187268
292713	0.000733105516
292714	0.001889290076
292715	0.0002636964791
292716	0.001946698608
292717	0.00277282552
292718	0.001002811866
292719	0.005551771104
292720	0.002686328894
292721	0.001877913014
292722	0.001519123593
292723	0.001793078698
292724	0.002388804762
292725	0.001631219472
292726	0.001728923952
292727	0.001467483371
292728	0.001377671099
292729	0.003906613695
292730	0.002015073467
292731	0.002424052267
292732	0.002379276671
292733	0.001272999531
292734	0.00044482979
292735	0.002423781657
292736	0.0004075901261
292737	0.002796891646
292738	0.004877956805
292739	0.001983221257
292740	0.004190230268
292741	0.0006308267316
292742	0.002241299942
292743	0.002033234795
292744	0.0009444895845
292745	0.001499220848
292746	0.001889772279
292747	0.002395969271
292748	0.001429898771
292749	0.001589049846
292750	0.001863281012
292751	0.002488785519
292752	0.0003386381873
292753	0.002984123113
292754	0.001570945846
292755	0.002451242089
292756	0.002688420129
292757	0.002268926941
292758	0.002642627767
292759	0.00244164371
292760	8.338384675e-05
292761	0.001959509947
292762	0.002031381635
292763	0.002913379268
292764	0.0002077660406
292765	0.002238091369
292766	0.003150615948
292767	0.0008455135569
292768	0.003249631402
292769	0.0009523393323
292770	0.0009024113717
292771	0.002206957129
292772	0.003119589537
292773	0.00155058593
292774	0.00208167023
292775	0.004976029938
292776	0.001633270273
292777	0.003581732501
292778	0.003978007107
292779	0.001517660995
292780	0.001029031938
292781	0.002493902701
292782	0.00149829917
292783	0.002088236177
292784	0.002315154544
292785	0.002053309128
292786	0.001770511717
292787	0.002845658003
292788	0.002680081761
292789	0.002329809013
292790	0.002510004768
292791	0.001661559796
292792	0.003473919274
292793	0.005414071438
292794	0.001539486719
292795	0.002186815091
292796	0.001905473426
292797	0.00376517115
292798	0.00100708086
292799	0.003038736238
292800	0.0008461667653
292801	0.0009872053827
292802	0.002026339508
292803	0.0006218577987
292804	0.002173698667
292805	0.002744385797
292806	0.002652540578
292807	0.00102888968
292808	0.0005593185528
292809	0.001984409991
292810	0.003144172715
292811	0.002468524192
292812	0.002371099605
292813	0.002275025025
292814	0.002315374841
292815	0.002319398628
292816	0.002112263495
292817	0.001404341965
292818	0.001888349205
292819	0.001556402758
292820	0.0002669048816
292821	0.0006142009372
292822	0.002838332794
292823	0.0004577653028
292824	0.002283612803
292825	0.001639486337
292826	0.003070629722
292827	0.001298698048
292828	0.001889619792
292829	0.001831976245
292830	0.003313308222
292831	0.000127397017
292832	0.003611024648
292833	0.00223572688
292834	0.001767138039
292835	0.0005981971432
292836	0.001871202545
292837	0.002196756784
292838	0.002308972484
292839	0.002800385278
292840	0.0005767880796
292841	0.001865664296
292842	0.001601078879
292843	0.0008795844422
292844	0.003031861791
292845	0.002757742196
292846	0.003029734358
292847	0.002456597796
292848	0.002795028744
292849	0.002067123904
292850	0.002924834618
292851	0.001430219389
292852	0.002767815722
292853	0.001380296591
292854	0.001185093417
292855	0.001558116713
292856	0.001257616726
292857	0.001537609504
292858	0.001553918554
292859	0.001722649437
292860	0.003212595309
292861	0.002446737548
292862	0.002497149641
292863	0.002547898056
292864	0.001465661852
292865	0.003095708897
292866	0.00311504925
292867	0.001108635118
292868	0.002439627226
292869	0.001290030367
292870	0.002349715065
292871	0.001707070861
292872	0.00287658359
292873	0.002230783926
292874	0.003420937539
292875	0.001256487495
292876	0.001045564662
292877	0.003227401956
292878	0.002774792586
292879	0.001840837827
292880	0.001356375106
292881	0.002526880718
292882	0.001699133876
292883	0.001470452332
292884	0.002556562768
292885	0.001536144633
292886	0.0002147793194
292887	0.002653645185
292888	0.001962431983
292889	0.002481429415
292890	0.003615100207
292891	0.002739472302
292892	0.001718481891
292893	0.00241878374
292894	0.001828805594
292895	0.002160328697
292896	0.003331886994
292897	0.001950833555
292898	0.001693418278
292899	0.004497488864
292900	0.0009456383705
292901	0.002414271589
292902	0.001704238097
292903	0.0001364486252
292904	0.002181781361
292905	0.003185447714
292906	0.001498057675
292907	0.002771786609
292908	0.002747302145
292909	0.00175757138
292910	0.002458383341
292911	0.0004204838142
292912	0.002203109119
292913	0.001182034102
292914	0.002410595601
292915	0.002833314916
292916	0.002868343988
292917	0.003020595925
292918	0.002166752671
292919	0.001915532438
292920	0.002013416508
292921	0.001536934808
292922	0.001485364979
292923	0.002108784737
292924	0.002559131094
292925	0.00064341943
292926	0.00141330627
292927	0.000353843447
292928	0.00195541538
292929	0.004327447889
292930	0.00181544274
292931	0.000766401411
292932	0.0007709439102
292933	0.00587049615
292934	0.00353680056
292935	0.01291704461
292936	0.002541171584
292937	5.344784862e-05
292938	0.005858964433
292939	0.00846692177
292940	0.008984881124
292941	0.009089658879
292942	0.005537964318
292943	0.0084523889
292944	0.009551789974
292945	0.008093413996
292946	0.007808806422
292947	0.007243681382
292948	0.006898997198
292949	0.007192507878
292950	0.001933509689
292951	0.005761306394
292952	0.003929470528
292953	0.005166449785
292954	0.00600349829
292955	0.004742739769
292956	0.006462097597
292957	0.005049975542
292958	0.006304745007
292959	0.005445811381
292960	0.005410388425
292961	0.004328469298
292962	0.003275381003
292963	0.004698888745
292964	0.005684460958
292965	0.005024140128
292966	0.004346183959
292967	0.006389456117
292968	0.005702588411
292969	0.005789116197
292970	0.005630562444
292971	0.00529556668
292972	0.005477588343
292973	0.001377531157
292974	0.003515937929
292975	0.009951204767
292976	0.00226501096
292977	0.004708854566
292978	0.002469077697
292979	0.012423106
292980	0.0014869371
292981	0.001867343842
292982	0.002498602969
292983	0.00470802983
292984	0.0004948661808
292985	0.00303862372
292986	0.002575663449
292987	0.007058359861
292988	0.005225021354
292989	0.001751539826
292990	0.003102568802
292991	0.001389691873
292992	0.007810995804
292993	0.01214928664
292994	0.003658284297
292995	0.001542261144
292996	0.009824730196
292997	0.01329153134
292998	0.00221871108
292999	0.008983498161
293000	5.613798717e-08
293001	0.001030235431
293002	0.003232406098
293003	0.0008584696613
293004	0.001347664999
293005	0.001876713881
293006	0.003044958447
293007	0.008634902651
293008	0.002266029568
293009	0.0004897235216
293010	0.005294539045
293011	0.000939563198
293012	0.001327053669
293013	0.003176268414
293014	0.01024727356
293015	0.004650885632
293016	0.02182679588
293017	0.00655463756
293018	0.006703794077
293019	0.0002149413946
293020	0.001772559537
293021	0.003113198349
293022	0.003117389109
293023	0.001370678163
293024	0.007133731412
293025	0.000603494203
293026	0.002040677946
293027	0.00676295756
293028	0.01400669796
293029	0.0002287274049
293030	0.0005909078249
293031	0.008371245945
293032	0.0007392132557
293033	0.01260059676
293034	0.003088782377
293035	0.004651685109
293036	0.006762131275
293037	0.00279545242
293038	0.005440682157
293039	0.005268735283
293040	0.01203705004
293041	0.0001545424568
293042	0.002262153969
293043	0.005583640338
293044	0.001247972718
293045	0.008137573361
293046	0.001011976931
293047	0.007262635683
293048	0.001652104696
293049	0.006752206859
293050	0.005339351714
293051	0.001663007197
293052	0.0009102262168
293053	0.0007600877744
293054	0.001993317949
293055	0.0001635587137
293056	0.002782832491
293057	0.01173330504
293058	7.926538055e-06
293059	0.003405591187
293060	0.002037907338
293061	0.003272015051
293062	0.01511125864
293063	0.001732435006
293064	0.003342313995
293065	0.001622147658
293066	0.0002458256247
293067	0.00200728324
293068	0.0003845043038
293069	0.001486086315
293070	0.002369987535
293071	0.001623159255
293072	0.0004623215446
293073	0.0004322798105
293074	0.001384899002
293075	0.01149203975
293076	0.00877052967
293077	0.003997277542
293078	0.0136940592
293079	0.007974429748
293080	0.01012084131
293081	0.001213491851
293082	0.004261923024
293083	0.003638483538
293084	0.01682625008
293085	0.002304498203
293086	0.004672867018
293087	0.007896819645
293088	0.002239171518
293089	0.01149278488
293090	0.006897667342
293091	0.002917426562
293092	0.0003882093011
293093	0.004985767525
293094	0.006139946053
293095	0.001951424298
293096	0.003196291315
293097	0.003917953304
293098	0.000769426096
293099	0.002122412996
293100	0.01581606011
293101	0.006465586399
293102	0.00203213535
293103	0.002978313209
293104	0.00644313452
293105	0.005235704862
293106	0.001531419356
293107	0.01405463625
293108	0.001718559159
293109	0.00576170586
293110	0.0003226489715
293111	0.00215311155
293112	0.002498399808
293113	0.00120142348
293114	0.002415335285
293115	0.0005371221806
293116	0.001419125977
293117	0.004869565445
293118	0.005206300917
293119	0.002482584852
293120	0.0007952014068
293121	0.003133961255
293122	0.003743268363
293123	0.002226690972
293124	0.0006322408882
293125	0.0009458440379
293126	0.002407382408
293127	0.0001975600772
293128	0.0008827744324
293129	0.004059595136
293130	3.245477383e-08
293131	0.001143534641
293132	0.000275976753
293133	0.001218479366
293134	0.002653953088
293135	0.001993938222
293136	0.000944032103
293137	0.001643483557
293138	0.003963962855
293139	0.005584374446
293140	0.001091704899
293141	0.004458272237
293142	0.001493144885
293143	0.0007751789535
293144	0.003170426042
293145	0.005691406866
293146	0.002853218363
293147	0.0008506702204
293148	0.003594352841
293149	0.000215067228
293150	4.648848001e-07
293151	0.0002464347999
293152	2.729692539e-06
293153	0.0005168476134
293154	0.0003869396179
293155	0.0005158290098
293156	2.331800107e-06
293157	0.0001316926563
293158	0.000383865093
293159	0.0005136481372
293160	0.002714260726
293161	0.007190633045
293162	0.0047485698
293163	0.01259787783
293164	0.005317260212
293165	0.002606409103
293166	0.001171424113
293167	0.002838158698
293168	0.003772388145
293169	0.001507463784
293170	0.0008203174199
293171	0.001725362952
293172	0.00208543169
293173	0.001892175213
293174	0.002148791744
293175	0.000532878464
293176	0.007149710336
293177	0.00148268473
293178	0.004725062585
293179	0.00313756873
293180	0.0067555024
293181	0.002389994869
293182	0.003163140483
293183	0.01267337102
293184	0.006843173301
293185	0.00385999016
293186	0.004563515575
293187	0.0005579851727
293188	0.003627099015
293189	0.005039434809
293190	0.001095072854
293191	0.005189623578
293192	0.00209231119
293193	0.005707863128
293194	0.004420435149
293195	0.002079001883
293196	0.002680372762
293197	0.004249666062
293198	0.001323110368
293199	0.0007743227854
293200	0.004604921616
293201	0.006310273379
293202	0.0003982524254
293203	0.002971556583
293204	0.001387950417
293205	0.001535038888
293206	0.003615126854
293207	0.005499053258
293208	0.003552229329
293209	0.006004441336
293210	0.00287459542
293211	0.001998258424
293212	0.003069236018
293213	0.0005230731324
293214	0.0006306949251
293215	0.007437796432
293216	0.004757822474
293217	0.000354261262
293218	0.001751444321
293219	0.001068071899
293220	0.003294927669
293221	0.002883417176
293222	0.002440205891
293223	0.0005437636303
293224	0.0007908328075
293225	0.000814858641
293226	0.003980542137
293227	0.001271150691
293228	0.002389100365
293229	0.003284617161
293230	0.005044529805
293231	0.002586984755
293232	0.0007920550527
293233	0.0007177874883
293234	0.00111033285
293235	0.003493686131
293236	0.005926316916
293237	0.005187159127
293238	0.00226277266
293239	0.007887299307
293240	0.001721846187
293241	0.004741709764
293242	0.0009102301299
293243	0.002576829225
293244	0.001997727776
293245	0.004403418859
293246	0.001516220666
293247	0.0005175556567
293248	0.0001814637514
293249	0.0006721841196
293250	0.0001950301357
293251	0.001017879666
293252	0.000566911798
293253	0.004389264494
293254	0.003262467645
293255	0.003931228681
293256	0.0001878411629
293257	0.003406013234
293258	0.00737743408
293259	0.0007112853463
293260	0.0007272558965
293261	0.00475278669
293262	0.004475343435
293263	0.003193871617
293264	0.001088378682
293265	0.001613132499
293266	0.0067894361
293267	0.003458565933
293268	0
293269	0.001731649329
293270	0.004358773373
293271	0.001938350209
293272	0.007333872099
293273	0.001317373645
293274	0.0004279117648
293275	0.001758712078
293276	0.003016507979
293277	0.001965799008
293278	0.001577132716
293279	0.005383493041
293280	0.0005287669631
293281	0.002204600091
293282	0.003053396289
293283	0.001300602484
293284	0.001333874351
293285	0.005856211719
293286	0.007226387514
293287	0.001721314427
293288	0.001372958957
293289	0.00576184192
293290	0.004248183712
293291	0.001857421388
293292	0.000137312344
293293	0.002911687551
293294	0.0004548361765
293295	0.0007029584669
293296	0.006558857377
293297	0.004380789878
293298	0.001572126479
293299	0.001807153784
293300	0.00266589677
293301	0.003266633266
293302	0.008792014968
293303	0.008013747026
293304	0.001607584947
293305	0.00510416811
293306	0.0005645462524
293307	0.005259374433
293308	0.0006088932935
293309	0.001223598913
293310	0.003258997322
293311	0.01108683916
293312	0.003674193093
293313	0.002408927203
293314	0.003775888935
293315	0.0002837403954
293316	0.002013200991
293317	0.00139320942
293318	0.0001720704675
293319	0.005593686676
293320	0.001685494448
293321	0.005237353977
293322	0.004662717479
293323	0.006864483437
293324	0.0002650730935
293325	0.0003757883164
293326	0.0031076213
293327	0.00754279516
293328	0.002434178083
293329	0.0022500898
293330	0.009480228579
293331	0.001402342966
293332	0.0029775793
293333	0.0005215167225
293334	0.005063963716
293335	0.005045347747
293336	0.002033964144
293337	0.00506879087
293338	0.0003256126702
293339	0.002209271422
293340	0.002220360967
293341	0.003596469339
293342	0.00308495951
293343	0.005274773153
293344	0.002858550917
293345	0.001932652014
293346	0.003094640582
293347	0.003489661213
293348	0.0001642122536
293349	0.0007820470601
293350	0.003912400373
293351	0.000421659459
293352	0.004616671906
293353	0.00710872648
293354	0.003088953384
293355	0.0001078085247
293356	0.003741411677
293357	0.003566306304
293358	0.003306391613
293359	0.00693664761
293360	0.008897062638
293361	0.006888563808
293362	0.005170172297
293363	0.00443682676
293364	0.002326490042
293365	0.003371809283
293366	0.001135785187
293367	0.0005287314264
293368	0.004829781279
293369	0.001910539463
293370	0.005134932531
293371	0.002730983851
293372	0.0005636354324
293373	0.00272623558
293374	0.001362761549
293375	0.000683946839
293376	0.002251413696
293377	0.004498052793
293378	0.0004437436583
293379	0.002978884597
293380	0.007695668389
293381	0.001979244763
293382	0.001321551277
293383	3.988746918e-05
293384	0.002423084862
293385	0.006479823383
293386	0.003221713744
293387	0.0001880256327
293388	0.004532005483
293389	0.001264206737
293390	0.0001674798804
293391	0.0007086088326
293392	0.0002212246484
293393	0.0004689069718
293394	0.0005780415071
293395	0.001923538242
293396	0.001224833362
293397	0.002153915904
293398	0.004184209212
293399	0.001941811681
293400	0.003831498313
293401	0.002466681709
293402	0.0005541915738
293403	0.003776977934
293404	0.0009476874967
293405	0.004471054567
293406	0.0008038128246
293407	0.0006502945689
293408	0.00198992813
293409	0.001346854248
293410	0.003550628806
293411	0.002720348617
293412	0.002587162492
293413	0.0070483686
293414	0.004431826694
293415	0.001481548952
293416	0.001761392386
293417	0.007653952764
293418	0.005714860094
293419	0.001933908962
293420	0.006864408005
293421	0.004315804415
293422	0.00254003073
293423	0.005732087444
293424	0.00129874846
293425	0.005713779317
293426	0.001905011447
293427	0.001027118287
293428	0.00259934997
293429	0.003043249494
293430	0.004615651033
293431	0.004130964566
293432	0.001912374643
293433	0.0002364827312
293434	0.01147591406
293435	0.002553424726
293436	0.007190584922
293437	0.005352252813
293438	0.007862011597
293439	0.002616904202
293440	0.007665320511
293441	0.003376268428
293442	0.001787024055
293443	0.004518538447
293444	0.0008039162517
293445	0.0006980382403
293446	0.002718678782
293447	0.0007995121826
293448	0.007010495727
293449	0.004093000943
293450	0.003285403964
293451	0.002235949375
293452	0.00247634346
293453	0.002779712723
293454	0.0002088508667
293455	0.0003322451702
293456	0.008181262176
293457	0.0003922602182
293458	0.002283552777
293459	0.001218229512
293460	0.001238421705
293461	0.0005380072453
293462	0.001535927886
293463	0.001834189512
293464	0.0001927792378
293465	0.001534268766
293466	0.000988418094
293467	0.0002338856314
293468	0.001562553059
293469	0.002260134019
293470	9.534919683e-05
293471	0.001523210966
293472	0.0007444423804
293473	0.001260661195
293474	0.000878082689
293475	0.001459865513
293476	2.195966648e-06
293477	0.002028990196
293478	0.002046298343
293479	0.0008649203434
293480	0.001081295469
293481	0.00217910903
293482	0.001452322963
293483	0.002490840204
293484	0.001543829003
293485	0.001156331634
293486	0.001655326997
293487	0.001126986497
293488	0.0006645710513
293489	0.0001944346374
293490	0.002063131113
293491	0.0004181704615
293492	0.0007660180673
293493	0.0007867670383
293494	1.618739003e-06
293495	0.001192073605
293496	0.0008371507962
293497	0.00149897506
293498	0.001404748413
293499	0.001165131925
293500	0.002377558422
293501	0.001308949816
293502	0.0005666121901
293503	0.001402720418
293504	0.0004563470509
293505	0.002492040302
293506	0.0003279061121
293507	0.002279769985
293508	0.0001002917428
293509	0.0007512412015
293510	0.002378663859
293511	0.001703974194
293512	0.002491957872
293513	0.001005201842
293514	0.002397242779
293515	0.0004391644881
293516	0.002393169352
293517	4.070930395e-07
293518	0.0007408759847
293519	0.0001015434146
293520	0.0003568952328
293521	0.0009921659163
293522	0.0005434196477
293523	0.0007146841891
293524	0.0007636904603
293525	0.002411963123
293526	0.002362046108
293527	0.0008634502461
293528	0.00010309202
293529	0.002072070822
293530	0.002493247857
293531	0.00203531162
293532	0.00186580996
293533	0.00144310752
293534	0.001983409929
293535	0.0003503909973
293536	0.001393341678
293537	0.001228304906
293538	0.001127757595
293539	0.00164409452
293540	0.0005547814688
293541	0.0003122859353
293542	0.0002260120997
293543	0.0004529079875
293544	0.001935478763
293545	0.001223917344
293546	0.001560058157
293547	0.001207951901
293548	9.101730832e-05
293549	0.002499733537
293550	0.002062664936
293551	3.871968955e-06
293552	0.00255231973
293553	0.0006728635044
293554	0.001752511019
293555	0.0009444395239
293556	0.0003539639257
293557	0.0008196487153
293558	0.0005463306937
293559	0.002068834964
293560	0.002570965577
293561	0.0001030778589
293562	0.002201302605
293563	0.0008995732417
293564	0.0003305619642
293565	0.0001055139256
293566	0.002350286503
293567	0.001600234206
293568	0.0001162073893
293569	0.0003362653179
293570	0.0002307997063
293571	1.07762164e-06
293572	0.0007489744578
293573	0.001600338404
293574	0.0002379456614
293575	0.0004384016298
293576	0.0004478320562
293577	0.002427985441
293578	0.001812372226
293579	0.001734809076
293580	0.0002262948481
293581	0.00194170064
293582	0.001946728965
293583	0.002458039311
293584	0.0004460918248
293585	0.0005843724221
293586	0.001873862821
293587	0.0007790417837
293588	0.001852841562
293589	0.0001335767615
293590	0.002550906027
293591	0.001498865568
293592	0.0001397909729
293593	0.0001053061989
293594	0.000478584944
293595	0.0004262514027
293596	0.001509240798
293597	0.0009366064224
293598	3.116173235e-07
293599	0.001642489374
293600	0.002177136758
293601	0.001501087934
293602	0.002157557926
293603	0.0007884624418
293604	0.001627455256
293605	0.0004243291403
293606	0.002671645437
293607	0.0004338025624
293608	7.65538059e-06
293609	0.0006555382951
293610	0.0006597574675
293611	3.389560851e-06
293612	0.0004999744876
293613	0.001732356476
293614	0.0001146873723
293615	0.0005906109568
293616	0.001507534261
293617	0.0002560838356
293618	0.0009331885002
293619	0.002316747879
293620	0.001603659751
293621	0.002437644136
293622	4.202140389e-06
293623	0.001847022864
293624	0.001266894618
293625	0.001816184247
293626	0.001267707234
293627	0.000952536682
293628	0.002108779637
293629	0.002161491923
293630	0.000449675886
293631	0.001751460311
293632	0.001847227469
293633	0.00216300996
293634	0.0003277783405
293635	0.001920545648
293636	0.001862942398
293637	0.0002400579014
293638	0.0002359528032
293639	1.1449386e-05
293640	1.023013904e-05
293641	0.0004664417573
293642	0.0003448313874
293643	2.743259816e-06
293644	0.0007544907355
293645	0.001506377974
293646	0.0002165565818
293647	0.002074451773
293648	0.001930293713
293649	0.002308149313
293650	0.0003662752227
293651	0.0002002525865
293652	0.001945537446
293653	0.001504701944
293654	0.0003406847357
293655	0.001977661276
293656	0.0001349220021
293657	0.001714091112
293658	0.002229063348
293659	0.002537927457
293660	0.002194806651
293661	0.0003450477677
293662	1.623216341e-05
293663	0.0002399873707
293664	0.001628158677
293665	0.002039117914
293666	0.001830156643
293667	0.002101989185
293668	0.0005879928459
293669	9.666165501e-05
293670	0.001803205594
293671	0.0002166466788
293672	0.001033455043
293673	0.000913738631
293674	0.001016713742
293675	0.001850792785
293676	9.689959925e-05
293677	0.001939526116
293678	0.002293513745
293679	3.713712673e-06
293680	0.0003395782837
293681	0.002170711431
293682	0.0002541008308
293683	0.00151103568
293684	0.002344461551
293685	0.0001910733525
293686	5.206588959e-06
293687	0.002265734692
293688	0.0007976453169
293689	0.001858632867
293690	0.0001081263049
293691	0.0005766661183
293692	0.002518300692
293693	0.0002209876088
293694	0.002078189353
293695	9.516159911e-07
293696	0.001504084871
293697	0.002070283103
293698	0.000568533893
293699	0.0002222074352
293700	0.0003064994834
293701	0.001742936041
293702	0.002526586499
293703	0.002545945811
293704	0.0002269120438
293705	0.0004760216346
293706	0.0003635575489
293707	0.002005867726
293708	0.001875152747
293709	0.0004546674894
293710	0.0007575399112
293711	0.000548896451
293712	0.0007282054913
293713	8.519194229e-05
293714	0.001508754621
293715	0.001746459755
293716	0.00103897939
293717	0.001971848222
293718	0.001727155646
293719	0.0007251349349
293720	0.0002192500191
293721	0.002634562633
293722	0.002306043807
293723	0.001253778575
293724	0.0002537411972
293725	0.00150671957
293726	0.002775848014
293727	0.0003354528999
293728	0.0002333067637
293729	0.001612191826
293730	0.0006739051919
293731	0.001844121996
293732	0.0003646142482
293733	0.001869919157
293734	0.001075324408
293735	0.002513445718
293736	0.001634341336
293737	0.001771760263
293738	0.001169651139
293739	0.002413630502
293740	9.140071583e-06
293741	0.0001196899902
293742	0.002285789428
293743	0.002422881361
293744	0.002401714051
293745	1.128677624e-05
293746	0.003986401745
293747	0.001096564859
293748	0.002048178517
293749	0.003370472025
293750	0.00251242452
293751	0.005274517855
293752	0.007177387237
293753	0.003767582843
293754	0.002033151482
293755	0.01097596692
293756	0.0029913885
293757	0.001849701547
293758	0.00848739199
293759	0.0002439441127
293760	0.0002684831697
293761	0.004980887074
293762	0.0005672937703
293763	0.004643469273
293764	0.000675245037
293765	0.001570479875
293766	0.001048252674
293767	0.001587941045
293768	0.0006567977513
293769	0.002767269611
293770	0.001903448796
293771	0.006349331109
293772	0.0008280403029
293773	0.0007881881707
293774	0.0007502186637
293775	0.0009161570759
293776	0.0004268946055
293777	0.0001928653684
293778	0.001799715309
293779	0.0007739441032
293780	0.003864587449
293781	0.001897639045
293782	0.002308511074
293783	0.0009763079779
293784	0.007562782231
293785	0.0009562672518
293786	0.0008200715808
293787	0.002694234483
293788	0.004624036436
293789	0.0008366081001
293790	0.002710090648
293791	0.002169709221
293792	0.001656058147
293793	0.001617410392
293794	0.0005446127695
293795	0.000951437172
293796	0.002201147914
293797	0.0002680446674
293798	0.001105381787
293799	0.001395996119
293800	0.001166512968
293801	0.002063473647
293802	0.01178912821
293803	0.001598654825
293804	0.0005882920264
293805	0.0001194127172
293806	0.0002397588767
293807	0.001037310063
293808	0.0006330085947
293809	0.002154096704
293810	0.001929631094
293811	0.0008149684602
293812	6.610809645e-05
293813	0.00145628325
293814	0.0008323134014
293815	0.002605869364
293816	0.003048345457
293817	0.0006092929569
293818	0.004386185121
293819	0.0005484193718
293820	0.00146427416
293821	0.008108769384
293822	0.0002759658336
293823	0.0001964270007
293824	0.001365746351
293825	0.0001733963524
293826	0.003446288305
293827	0.003528846826
293828	0.0002499698451
293829	0.001478541179
293830	0.002028573759
293831	0.0006731089566
293832	0.002162753476
293833	0.001186161908
293834	0.001193456217
293835	0.0006406680201
293836	0.001819591469
293837	0.0005467983823
293838	0.0001415237467
293839	0.001696981848
293840	0.002205085048
293841	0.0006944995889
293842	0.01331629637
293843	0.0006200506539
293844	0.001486002147
293845	0.002137780783
293846	0.0007684682816
293847	0.0001199965237
293848	0.0007408017869
293849	0.001135786643
293850	0.002243876117
293851	0.0008669164262
293852	0.0007797290356
293853	0.001989898873
293854	0.00438588299
293855	0.002722097041
293856	0.003469647743
293857	0.0006448124445
293858	0.004615394159
293859	0.001412450591
293860	0.007047320008
293861	0.0006849813428
293862	0.004081637124
293863	0.001455391001
293864	0.007516923177
293865	0.001797542553
293866	0.008431299235
293867	0.01024655565
293868	0.009076223688
293869	0.003162088763
293870	0.006966920055
293871	0.001452045575
293872	0.01213760587
293873	0.0008977700242
293874	0.002627472432
293875	0.01516328176
293876	0.0005071985023
293877	0.008103142526
293878	0
293879	0.01147177624
293880	0.008962434492
293881	0.001690653415
293882	0.0001348592346
293883	0.000562046215
293884	0.001172784686
293885	0.0005532205094
293886	0.0001332162111
293887	0.0005456788998
293888	0.001549578171
293889	0.002014855201
293890	0.001429182822
293891	0.0007969176255
293892	0.0003457861727
293893	0.002929509187
293894	0.0002251249349
293895	0.0006890964585
293896	0.0003058940199
293897	0.0002107904334
293898	0.001999990303
293899	0.002631000295
293900	0.00014669344
293901	1.669398902e-06
293902	0.001403765119
293903	0.003418889651
293904	0.001057150325
293905	0.0005614489175
293906	0.001494471152
293907	0.0001158478422
293908	0.0001861662287
293909	0.001483487243
293910	0.0007475904129
293911	0.001022128171
293912	0.004146537783
293913	0.0008256463037
293914	0.001178116002
293915	0.001855395747
293916	0.0004678104785
293917	0.001317495701
293918	0.002838233681
293919	0.002607648659
293920	0.002320137975
293921	0.0004911371918
293922	0.0006888613153
293923	0.002761651797
293924	0.00101467858
293925	8.426987138e-05
293926	0.003100623527
293927	0.0002715092863
293928	0.003095799492
293929	0.0007152000399
293930	0.0001312713927
293931	2.686664852e-05
293932	0.0004718631918
293933	0.001029351605
293934	0.001173712057
293935	0.000241308103
293936	0.0009714886894
293937	9.336088524e-05
293938	0.002634331938
293939	0.002833167767
293940	0.0005671041076
293941	0.002560196261
293942	0.002205242943
293943	0.001172322544
293944	8.789770565e-05
293945	3.017993001e-05
293946	0.00314881365
293947	0.004899840292
293948	0.00174532872
293949	0.0002631284595
293950	0.006322751784
293951	0.003219844946
293952	0.0001641052964
293953	0.003366936431
293954	0.006472096316
293955	0.005426671071
293956	0.00814355007
293957	0.008921311736
293958	0.002435922911
293959	0.00160411067
293960	0.01562437233
293961	0.0006111807123
293962	0.0005268055167
293963	0.001286768962
293964	0.008782907842
293965	0.003052844095
293966	0.008012337274
293967	0.005289027301
293968	0.002328317544
293969	0.01581750836
293970	0.00335464912
293971	0.007570588252
293972	0.003340513102
293973	0.002485071774
293974	0.0006361012863
293975	0.00384354517
293976	0.01492449735
293977	0.01312216547
293978	0.003255022145
293979	0.002140993555
293980	0.01057253323
293981	0.003745784603
293982	0.01220934326
293983	0.003664141523
293984	0.006321034296
293985	0.0009383525644
293986	0.002371044
293987	0.003769311938
293988	0.002010348416
293989	0.0008147760946
293990	0.007090359212
293991	0.002995867324
293992	0.01602049349
293993	0.007583366901
293994	0.003226215657
293995	0.003999432412
293996	0.005570752632
293997	0.005761359107
293998	0.0002187474319
293999	0.00276790567
294000	0.002629056679
294001	0.01337161466
294002	0.009067277096
294003	0.01069836591
294004	0.001637136358
294005	0.01329859573
294006	0.006203774421
294007	0.0004893893532
294008	0.002429309007
294009	0.01064980636
294010	0.002994200166
294011	0.003644746313
294012	0.004079614533
294013	0.003190672834
294014	0.0005772421992
294015	0.002952080352
294016	0.01099386877
294017	0.007615896924
294018	0.003346485254
294019	0.001526193437
294020	0.0081429981
294021	3.519295996e-05
294022	0.002051834904
294023	0.006841828924
294024	0.0001357353176
294025	0.001136759578
294026	0.0007357502203
294027	0.0002217671938
294028	0.001590018415
294029	0.00107909905
294030	0.001623703568
294031	0.0003596014369
294032	0.001371521137
294033	0.002164247236
294034	0.002121255478
294035	5.500105095e-05
294036	0.001022578062
294037	0.0002870834223
294038	0.0006443594564
294039	0.001294661721
294040	0.001369770304
294041	0.001619684235
294042	0.0005655446729
294043	0.001932031265
294044	0.01396128126
294045	0.004282721771
294046	0.003283759737
294047	0.003669776257
294048	0.0006739649593
294049	0.005823591329
294050	0.007346109594
294051	0.01238587965
294052	0.003048082003
294053	0.01080006353
294054	0.005167071147
294055	0.009182176193
294056	0.002702792245
294057	0.008620731092
294058	0.001714114574
294059	0.001919680984
294060	0.008079898314
294061	0.002185630358
294062	0.01217101711
294063	0.01567267527
294064	0.001060854505
294065	0.005309342962
294066	0.00805649667
294067	0.002474681303
294068	0.008562757406
294069	0.001293390501
294070	0.009025745855
294071	0.007235996037
294072	0.01117162918
294073	0.001644356719
294074	0.009834505253
294075	0.00684764886
294076	0.003088058354
294077	0.01715346283
294078	0.01363446009
294079	0.01174993623
294080	8.269007175e-05
294081	0.01071054952
294082	0.01915680104
294083	0.006711384487
294084	0.009335040276
294085	0.009940172665
294086	0.0005111191373
294087	0.003491701798
294088	0.003037375818
294089	0.01185968331
294090	0.0007973119365
294091	0.006291857188
294092	0.01655700816
294093	0.007012875878
294094	0.007151542836
294095	0.008537794588
294096	0.004726071127
294097	0.003244925248
294098	0.006180054535
294099	0.0003322567968
294100	0.0009563316093
294101	0.005936188117
294102	0.003064701204
294103	0.01085262619
294104	0.01025939702
294105	0.00326578363
294106	0.00295698157
294107	0.01061520407
294108	0.005160790025
294109	0.0007547378844
294110	0.009580069447
294111	0.01042114278
294112	0.004285182248
294113	0.01503368081
294114	0.0004516953313
294115	0.0007854219155
294116	0.005105394766
294117	0.006439248422
294118	0.004138648071
294119	0.01622016471
294120	0.002179757387
294121	0.009009515893
294122	0.00275413543
294123	0.005887106383
294124	0.0009356656927
294125	0.0002550305252
294126	0.002221702531
294127	0.004829125592
294128	0.002427496755
294129	0.003049542976
294130	0.003950529082
294131	0.004753350018
294132	0.001493157623
294133	0.006590995036
294134	0.003300887146
294135	0.007519398811
294136	0.003628124582
294137	0.004118502603
294138	0.002130952722
294139	0.001985209252
294140	0.005102368661
294141	0.00387258999
294142	0.00228923347
294143	0.009452972914
294144	0.01477640476
294145	0.01140701292
294146	0.002324772031
294147	0.007028781897
294148	0.007075420801
294149	0.004879181352
294150	0.001748734904
294151	0.0129102662
294152	0.006235360635
294153	0.01151893384
294154	0.001380216079
294155	0.003014529676
294156	0.001927976025
294157	0.001937916451
294158	0.007978589957
294159	0.01341143133
294160	0.0008894016983
294161	0.006797533833
294162	0.001051689189
294163	0.001119304667
294164	0.00121484202
294165	0.002151056688
294166	0.001659899689
294167	0.002641982748
294168	0.003622253557
294169	0.0009161830075
294170	0.0105329524
294171	0.002107611595
294172	2.332593173e-06
294173	0.0001512458143
294174	0.002445389505
294175	0.000695361163
294176	6.61548093e-05
294177	0.00591899654
294178	0.007797936958
294179	0.001494474586
294180	0.009699673893
294181	0.004215335395
294182	0.0008605511211
294183	0.001125866757
294184	0.002005258356
294185	0.003959032943
294186	0.005112868455
294187	0.004683383654
294188	0.0003994350952
294189	0.01070588406
294190	0.001048114805
294191	0.007032829027
294192	0.004561162124
294193	1.566726251e-05
294194	0.001864482718
294195	0.001251406674
294196	0.006212020389
294197	0.0002448575092
294198	0.00246378248
294199	0.001053424633
294200	0.00527904991
294201	0.0002297671028
294202	0.001765963321
294203	0.00176859589
294204	0.002536550598
294205	0.001686799436
294206	0.009814235318
294207	0.005763182342
294208	0.007478888057
294209	0.006866627807
294210	0.007934445313
294211	0.003126334539
294212	0.004106805882
294213	0.0041759118
294214	0.01083448999
294215	0.006233146371
294216	0.003511427817
294217	0.007133092297
294218	0.0005428036958
294219	0.001198099956
294220	0.0001200296527
294221	0.00302959713
294222	0.004978890758
294223	0.0004577329032
294224	0.002733355803
294225	0.0006134563925
294226	0.004420018901
294227	0.01054320062
294228	0.006575368341
294229	0.001268924917
294230	0.000981707559
294231	0.008049404301
294232	0.00406606752
294233	0.006690357767
294234	0.004783915868
294235	0.001579984309
294236	0.008056221446
294237	0.002076331023
294238	0.0005255093215
294239	0.005277446707
294240	0.004154041209
294241	0.008982145411
294242	0.002510301202
294243	0.001007409319
294244	0.005301522279
294245	0.0003434318121
294246	0.01122449793
294247	0.0002488195029
294248	0.002437519547
294249	0.005333341297
294250	0.001617023077
294251	0.0005573440103
294252	0.004782106076
294253	0.0001427995263
294254	0.001800483119
294255	0.006483357682
294256	0.005490756616
294257	0.002264431584
294258	0.0004997346497
294259	0.001500786916
294260	0.009080380584
294261	0.006620787182
294262	0.0003714076284
294263	0.005213597649
294264	0.001022081188
294265	0.0003233559363
294266	0.001250313414
294267	0.0007879623015
294268	0.002292645873
294269	0.001486516086
294270	0.001793177347
294271	0.0004093897183
294272	0.003634530558
294273	0.001151439848
294274	0.003707152258
294275	0.007111867034
294276	0.0004347228693
294277	0.004175793143
294278	0.00309121135
294279	0.007060643388
294280	0.004170226709
294281	0.0008845690911
294282	0.001683843472
294283	0.00116757369
294284	0.001248166978
294285	0.005991387088
294286	0.002724809024
294287	0.003575472272
294288	0.0002653437162
294289	0.004182190324
294290	0.004706296374
294291	0.004446234257
294292	0.006668890566
294293	0.0044323677
294294	0.003174608001
294295	0.005220174975
294296	0.001807360074
294297	0.003488851118
294298	0.005064951341
294299	0.001009088566
294300	0.01151903753
294301	0.001138459993
294302	0.007776978171
294303	0.0007524801387
294304	0.006035234894
294305	0.0006828531762
294306	0.008339857347
294307	0.001789789399
294308	0.006115205925
294309	0.001673629563
294310	0.001326107512
294311	0.001696669247
294312	0.002403633051
294313	0.003806039107
294314	0.006967112046
294315	0.004991784236
294316	0.00337800237
294317	0.001532091017
294318	0.0005353574453
294319	0.006445321374
294320	0.001852096724
294321	0.008001578797
294322	0.0004605475604
294323	0.007142376954
294324	0.001032809206
294325	0.001232260809
294326	0.001276444163
294327	0.00150000141
294328	0.007995360527
294329	0.008432236563
294330	1.246195925e-05
294331	0.002626164912
294332	0.004595418681
294333	0.0003122236843
294334	0.001122044016
294335	0.004022945134
294336	0.005780002071
294337	0.004624637183
294338	0.001230309892
294339	0.01186875858
294340	0.003888051634
294341	0.002338815868
294342	0.0005613744847
294343	0.002166359299
294344	0.0001093247596
294345	0.004112712888
294346	0.0005254885674
294347	0.001048917206
294348	0.01064441172
294349	0.007139300531
294350	0.006919252639
294351	0.004799565711
294352	0.00120556561
294353	0.00980642737
294354	0.001372270073
294355	0.004259285977
294356	0.0001200693509
294357	0.002319647834
294358	0.007848122459
294359	0.001513088764
294360	0.001279064538
294361	0.005102779913
294362	0.005450440348
294363	0.0001006401865
294364	0.001809658186
294365	0.005164842134
294366	0.001141177197
294367	0.0007106087535
294368	0.001032003454
294369	0.0001089070788
294370	0.008876315959
294371	0.004314254871
294372	0.006023942141
294373	0.008062165402
294374	0.0003433228176
294375	0.008416832843
294376	0.0007549263268
294377	0.007944431299
294378	0.0009010595846
294379	0.00421130034
294380	0.0001056615229
294381	0.003263116451
294382	0.001281888995
294383	0.0001191942263
294384	0.00489676267
294385	0.00658062545
294386	0.006593476961
294387	0.001571249668
294388	0.0004463809424
294389	0.0006378643313
294390	0.0005753546427
294391	6.186181319e-07
294392	6.651561367e-06
294393	0.00720926637
294394	0.006874034589
294395	0.006218476975
294396	0.005442801522
294397	0.0005439967506
294398	0.005858365213
294399	0.001886890271
294400	0.003001425325
294401	0.00510239562
294402	0.005219417467
294403	0.00891310891
294404	0.004975976468
294405	0.00208389328
294406	0.00770778059
294407	0.00747219773
294408	0.005992542451
294409	0.001614981008
294410	0.007132103155
294411	0.004192158441
294412	0.001751503028
294413	0.0003664880835
294414	0.001902261028
294415	0.0011347063
294416	0.0009402593471
294417	0.002718836071
294418	0.0005159244774
294419	0.000482723812
294420	0.00406941016
294421	0.0009571321267
294422	0.006776142462
294423	0.006181345634
294424	0.00722390968
294425	0.000884144332
294426	0.002706178
294427	0.002740581584
294428	0.009209426086
294429	0.0007442778752
294430	0.00304122716
294431	0.000204179364
294432	0.001539924871
294433	0.005872120821
294434	0.002203659144
294435	0.005623472732
294436	0.0005560401068
294437	0.005162023883
294438	0.004664093236
294439	0.002431134413
294440	0.0006300722953
294441	0.005400267471
294442	0.00412219624
294443	0.0006694424776
294444	0.007655712655
294445	0.008551209997
294446	0.003515967065
294447	0.006467707028
294448	0.007161612038
294449	0.001508199706
294450	0.0003992848762
294451	0.003235681288
294452	0.0004373603123
294453	0.000607520699
294454	0.00190732528
294455	0.000349568218
294456	0.0048807029
294457	0.005564877678
294458	0.003200084249
294459	0.000991611641
294460	0.006289551749
294461	0.003285766507
294462	0.005191155994
294463	0.003987848842
294464	0.003992615048
294465	0.005147512427
294466	0.004543849595
294467	0.003252970501
294468	0.000177034459
294469	0.000940867321
294470	0.001148234552
294471	0.002267343164
294472	0.002452061943
294473	0.006271919451
294474	0.006797299737
294475	0.001157053679
294476	0.0008502515215
294477	0.002654773097
294478	0.002062422595
294479	0.006158401866
294480	0.0002277100612
294481	0.002650035894
294482	0.001350659061
294483	0.006003958019
294484	0.00169292629
294485	0.003175031533
294486	0.004574195735
294487	0.003286656505
294488	0.003827104606
294489	0.003265651824
294490	0.009947476212
294491	0.006593754506
294492	0.002442670345
294493	0.006246440638
294494	0.00599919503
294495	0.00508782445
294496	0.005821650758
294497	0.0007738006388
294498	0.00691957157
294499	0.004534312762
294500	0.002535244588
294501	0.003723397721
294502	0.008282259093
294503	0.0009172945528
294504	0.008360247544
294505	0.005790820419
294506	0.006212268255
294507	0.003987881766
294508	0.001807251084
294509	0.001898749492
294510	0.005190998793
294511	0.006604401084
294512	0.005085409776
294513	0.006445056688
294514	0.005262935057
294515	0.003277963141
294516	0.01269156892
294517	0.01234123538
294518	0.00223629912
294519	0.001723968386
294520	0.00191462193
294521	0.006119800166
294522	0.001969644247
294523	0.005739644058
294524	0.004698228114
294525	0.005384409139
294526	0.001380620565
294527	0.0001475729309
294528	0.002061395842
294529	0.0009312341679
294530	0.006033742934
294531	0.009080026621
294532	0.007163854439
294533	0.001837739096
294534	0.004151511753
294535	0.00180189237
294536	0.004873467347
294537	0.007540993291
294538	0.0006452087312
294539	0.005082533659
294540	0.006544655864
294541	0.002011208217
294542	0.0001721426417
294543	0.001820714529
294544	0.006514590023
294545	0.002729849113
294546	0.004061879934
294547	0.005335344904
294548	0.007474791623
294549	0.004542718568
294550	0.001477230589
294551	0.006928807301
294552	0.002043865004
294553	0.003530065001
294554	0.004272798085
294555	0.007107916531
294556	0.001222820984
294557	0.005964176027
294558	0.008848097717
294559	0.0003404423153
294560	0.0009232741533
294561	0.00504198009
294562	0.005783188421
294563	0.0007386853491
294564	0.002546843361
294565	0.0004695293161
294566	0.001557631096
294567	0.001814839358
294568	0.00011309067
294569	0.01047411493
294570	0.001263336311
294571	0.003262958121
294572	0.0002300463023
294573	0.0001621553787
294574	0.0008264478163
294575	0.005196677003
294576	6.861587693e-07
294577	0.004786199272
294578	0.01311160559
294579	0.008515242263
294580	0.002962481639
294581	0.004995098823
294582	0.003141579385
294583	0.00202393494
294584	0.001474711271
294585	0.0008231691483
294586	0.0002390727121
294587	0.005502597949
294588	0.008965962859
294589	0.0003440690306
294590	0.005392299595
294591	0.003999488687
294592	0.001030819475
294593	0.0001905742208
294594	0.001526021407
294595	0.005785017557
294596	0.003002473001
294597	0.002121402016
294598	0.0009316606354
294599	0.004372121641
294600	0.01067340512
294601	0.00237201135
294602	0.003033214343
294603	0.001232649513
294604	0.005676766938
294605	0.003709855169
294606	0.001163117562
294607	0.007373937314
294608	0.004416197396
294609	0.003712794518
294610	0.001256322563
294611	0.0007983808958
294612	0.003277946923
294613	0.001111132809
294614	0.001186722335
294615	0.007975021894
294616	0.001262563563
294617	0.002597963194
294618	0.000196674565
294619	0.008915243143
294620	0.003150756837
294621	0.0002409331135
294622	0.0007397023842
294623	0.00874004092
294624	0.0004828337058
294625	0.0001543027394
294626	0.008849493891
294627	0.007677955242
294628	0.004486312226
294629	0.006285844276
294630	0.00297293504
294631	0.004617154588
294632	0.003094417252
294633	0.0001946166001
294634	0.002772115065
294635	0.0003332459298
294636	0.003131160938
294637	0.004916280123
294638	0.004100957338
294639	0.009645484263
294640	0.0005957477245
294641	0.002637197196
294642	0.003896948011
294643	0.008014838168
294644	0.00366577243
294645	0.002151441446
294646	0.00898471877
294647	0.0008943629263
294648	0.0008670786961
294649	0.004925981305
294650	0.002332638806
294651	0.0006851604373
294652	0.0001362036654
294653	0.006889549602
294654	0.001544505261
294655	0.007376202839
294656	0.00882485776
294657	0.007360101088
294658	0.01447449607
294659	0.001453696786
294660	0.007273985047
294661	0.001747715071
294662	0.00637008021
294663	0.004875918914
294664	0.00207594316
294665	0.01544260632
294666	0.005620054258
294667	0.007795533304
294668	0.000383541981
294669	0.00299273314
294670	0.0003607223307
294671	0.001853513708
294672	0.005726762439
294673	0.0004098415449
294674	0.01396049524
294675	0.005987026104
294676	0.006067954206
294677	0.006782356142
294678	0.001934487866
294679	0.004365955375
294680	0.006909329019
294681	0.002023909542
294682	0.008080856883
294683	0.003347467902
294684	0.004932865282
294685	0.000400489709
294686	0.002070356016
294687	0.004082575019
294688	0.008903044337
294689	0.001457805098
294690	0.004000731524
294691	0.009886032055
294692	0.0005734600642
294693	0.005100576567
294694	0.00305986161
294695	0.001910860309
294696	0.001986092739
294697	0.0006796813044
294698	0.007598899996
294699	0.003433040347
294700	0.002902021795
294701	0.0002298074323
294702	0.002160365632
294703	0.004055206826
294704	0.0004215516123
294705	0.005641928145
294706	0.002507513702
294707	0.001808304009
294708	0.007343082936
294709	0.01774156579
294710	0.01568224255
294711	0.01272820682
294712	0.01267132845
294713	0.000394227143
294714	0.008248714924
294715	0.01653482361
294716	0.01342350254
294717	0.01923615488
294718	0.007432609978
294719	0.0007015536118
294720	0.01228646998
294721	0.01947162497
294722	0.01202476874
294723	0.01586627134
294724	0.01238618252
294725	0.006300592393
294726	0.001307669768
294727	0.004898117856
294728	0.0006584603092
294729	0.001952964765
294730	0.0002478391461
294731	0.007850928642
294732	0.001621607884
294733	0.002212675589
294734	0.006701447771
294735	0.004299862317
294736	0.005570667456
294737	0.001693717263
294738	0.01627184646
294739	0.007291973111
294740	0.01989588765
294741	0.01104271178
294742	0.01726308051
294743	0.001144864163
294744	0.01446037759
294745	0.0001597268531
294746	0.001768651835
294747	0.01701110841
294748	0.01916688016
294749	0.01477999149
294750	0.0005790813404
294751	0.007417323527
294752	0.007772202204
294753	0.009337794765
294754	0.02103163143
294755	0.0002347351043
294756	0.0009621718804
294757	0.01045954708
294758	0.01235115174
294759	0.0003565162068
294760	0.008767543515
294761	0.02093119675
294762	0.002915358861
294763	0.005848714078
294764	0.01393479114
294765	0.003976269704
294766	0.00292235173
294767	0.01378067621
294768	0.007994264264
294769	0.01854700798
294770	0.004380922693
294771	0.01500628629
294772	2.443728841e-06
294773	0.01805651439
294774	0.007721990957
294775	0.007668763251
294776	0.01249033463
294777	0.0005020276663
294778	0.0008957088728
294779	0.00639100054
294780	0.009805025817
294781	0.01735607703
294782	0.008442361361
294783	0.01458350811
294784	0.007730206598
294785	0.003412429808
294786	0.01917567477
294787	0.006508390193
294788	0.009954834385
294789	0.01357750877
294790	0.01250942124
294791	0.006292579124
294792	0.001750472333
294793	0.006005729443
294794	0.01983932985
294795	0.02055907804
294796	0.01727086907
294797	0.0004994943184
294798	0.000190925837
294799	0.006481405639
294800	0.002522646772
294801	0.003298974901
294802	0.008118256646
294803	0.01283494971
294804	0.01753031248
294805	0.01830048546
294806	0.01304769475
294807	0.01374136255
294808	0.007281788498
294809	0.01417239822
294810	0.02008999528
294811	0.01044029928
294812	0.0106618313
294813	0.01589166402
294814	0.001024405062
294815	0.01999197632
294816	0.004658759211
294817	0.01669429825
294818	0.0202672852
294819	0.01148740449
294820	0.003666423232
294821	0.005976668878
294822	0.02117670817
294823	0.008452588366
294824	0.005491391217
294825	0.008255362426
294826	0.00264618382
294827	0.01777565315
294828	0.007700355513
294829	0.0124359438
294830	0.003597076055
294831	0.007096561285
294832	0.01169243987
294833	0.01538409715
294834	0.01754935521
294835	0.01732510266
294836	0.01616075726
294837	0.007962687656
294838	0.003810430726
294839	0.0170405151
294840	0.01082406754
294841	0.01552421931
294842	0.009888414814
294843	0.01333769469
294844	0.006200006886
294845	0.009122563768
294846	0.01414800096
294847	0.0005054720753
294848	0.01396723126
294849	0.001829501715
294850	0.01535235432
294851	0.0150056284
294852	0.01500883183
294853	8.289125806e-06
294854	0.004390960041
294855	0.004652348427
294856	0.000980368879
294857	0.01033064674
294858	0.006421723725
294859	0.01688556652
294860	0.0079639746
294861	0.01616335751
294862	0.002179820433
294863	0.01976719044
294864	0.01420800033
294865	0.01147035235
294866	0.01132951194
294867	0.01218736608
294868	0.01400924135
294869	0.008888492628
294870	0.01542795817
294871	0.009961123065
294872	0.004127200231
294873	0.01522189634
294874	0.01706050306
294875	0.00550582232
294876	0.009808671846
294877	0.000271945799
294878	0.01735602802
294879	0.001007623465
294880	0.007752066378
294881	0.008727595436
294882	0.01253872692
294883	0.001757156495
294884	0.0003038012441
294885	0.01053724644
294886	0.01846719573
294887	0.001122141436
294888	0.01990590758
294889	0.01902974368
294890	0.01039441038
294891	0.02035454364
294892	0.02259833583
294893	0.003990590026
294894	0.01086574227
294895	0.01531514103
294896	0.01732457115
294897	0.02045804709
294898	0.005137796194
294899	0.01082084399
294900	0.00836624401
294901	0.01890748528
294902	0.0192439372
294903	0.002331507654
294904	0.009589310489
294905	0.008620496726
294906	0.01459270492
294907	0.02211190164
294908	0.002626237015
294909	0.01334497984
294910	0.01958778016
294911	0.01870333683
294912	0.009306030746
294913	0.01335386209
294914	0.01501415689
294915	0.00111035117
294916	0.004601564564
294917	0.01652838523
294918	0.02142165111
294919	0.02111131605
294920	0.001294238232
294921	0.01595258735
294922	0.01798648965
294923	0.01417324503
294924	0.01797088629
294925	0.02209534176
294926	0.01136562234
294927	0.009473326084
294928	0.01942262527
294929	0.00176748021
294930	0.0004936857478
294931	0.01609378579
294932	0.0004252901092
294933	0.00900921048
294934	0.009782256421
294935	0.013971288
294936	0.01448302841
294937	0.02025296608
294938	0.007728287495
294939	0.01805055837
294940	0.002373156868
294941	0.01238978512
294942	0.0103447355
294943	0.002226787666
294944	0.001943167311
294945	0.0007203943679
294946	0.0105094346
294947	0.01801660203
294948	0.01265172651
294949	0.01997959159
294950	0.0001921830772
294951	0.01110691992
294952	0.01530407726
294953	0.0205539806
294954	0.01308737864
294955	0.01469902157
294956	0.01442653578
294957	0.001648515033
294958	0.0207763322
294959	0.0008343825416
294960	0.00919217318
294961	0.005210491272
294962	0.0175308266
294963	0.01620217603
294964	0.0163048493
294965	0.01499456484
294966	0.00183030562
294967	0.007091309015
294968	0.006463074896
294969	0.01595529807
294970	0.006493708607
294971	0.01623868776
294972	0.007943334895
294973	0.01198207815
294974	0.0118358069
294975	0.002805959674
294976	0.007252392631
294977	0.0008217794479
294978	0.004485028855
294979	0.0208048222
294980	0.01861334752
294981	0.005172311949
294982	0.01087564228
294983	0.005681484924
294984	0.01100363503
294985	0.009917416778
294986	0.01474859145
294987	0.003354162875
294988	0.01170707802
294989	0.01635729293
294990	0.002412123255
294991	0.01421601957
294992	0.02034429197
294993	0.008017942555
294994	0.02035960853
294995	0.001269187525
294996	0.002210282886
294997	0.006381688238
294998	0.002290787371
294999	0.002125407087
295000	0.0194755795
295001	0.001851268093
295002	0.006870171791
295003	0.002138775657
295004	0.02011157857
295005	0.02027489642
295006	0.0107584911
295007	0.01685886256
295008	0.00964290929
295009	0.002370580995
295010	0.0152161706
295011	0.01962781748
295012	0.002324864595
295013	0.01612647712
295014	0.02219751538
295015	0.02011861013
295016	0.003564262776
295017	0.003492532403
295018	0.01610599208
295019	0.004313400759
295020	0.01883779059
295021	0.00918935741
295022	0.006397070563
295023	0.01393252494
295024	0.01578440074
295025	0.0007152641506
295026	0.001861491109
295027	0.001121461093
295028	0.008887425272
295029	0.002111658411
295030	0.01892579552
295031	0.02202929979
295032	0.001253242658
295033	0.01878286727
295034	0.007692675993
295035	0.008303988452
295036	0.01996436401
295037	0.01915077327
295038	0.01078268207
295039	0.007174783455
295040	0.01086725724
295041	0.01659684672
295042	0.01668498808
295043	0.005718682858
295044	0.009084755487
295045	0.006275994812
295046	0.008180992295
295047	0.02022290685
295048	0.01142877589
295049	0.003773366674
295050	0.002446058986
295051	0.01642143948
295052	0.007934607934
295053	0.01745869046
295054	0.006823844726
295055	0.006610045794
295056	0.01215255668
295057	0.002579299162
295058	0.00129229877
295059	0.01331423038
295060	0.01808539425
295061	0.02024864746
295062	0.009886825202
295063	0.01652974177
295064	0.0197928249
295065	0.002333505384
295066	0.01365102373
295067	0.008307522208
295068	0.0003825530052
295069	0.0102861039
295070	0.01356927565
295071	0.01167932981
295072	0.0001607777267
295073	0.01572457283
295074	0.01009894605
295075	0.006671428977
295076	0.00138174633
295077	3.958825136e-06
295078	0.0004805763594
295079	0.01702189954
295080	0.00799209271
295081	0.004794235803
295082	0.02020970871
295083	0.0200335058
295084	0.01223660415
295085	0.005361094896
295086	0.0004563212064
295087	0.009992636819
295088	0.01644217245
295089	0.01985165058
295090	0.01077057818
295091	0.007653703775
295092	0.002966870472
295093	0.002122204413
295094	0.01637013865
295095	0.005178107486
295096	0.01267029444
295097	0.01062697785
295098	0.002038478553
295099	0.01845750011
295100	0.00487537433
295101	0.00502667434
295102	0.007123999711
295103	0.00355591155
295104	0.01849374637
295105	0.01188403482
295106	0.0001326777457
295107	0.009303371677
295108	0.02128370605
295109	0.002401652226
295110	0.006556023178
295111	0.005156661674
295112	0.003648465228
295113	0.02050662128
295114	0.0004125279273
295115	0.0002485935922
295116	0.02025476896
295117	0.02050525164
295118	0.003298517885
295119	2.39078001e-05
295120	0.009783031939
295121	0.002610349915
295122	0.01076339457
295123	0.002689487205
295124	0.01627293299
295125	0.0001613862886
295126	0.005881249241
295127	0.02005861206
295128	0.01013676045
295129	0.0203130532
295130	0.01007753294
295131	0.008274613463
295132	0.00149964557
295133	0.0176258943
295134	0.004022939221
295135	0.007294235228
295136	0.01617797455
295137	0.005337448755
295138	0.006750125818
295139	0.002393834564
295140	0.01393192295
295141	0.004540738376
295142	0.006952427568
295143	0.0132414429
295144	0.0154343234
295145	0.01399496923
295146	0.007769568987
295147	0.017580799
295148	0.01999495407
295149	0.005899354371
295150	0.006982973124
295151	0.002266122549
295152	0.02129711798
295153	0.01817259445
295154	0.007115403939
295155	0.0007625757337
295156	0.003571317018
295157	0.01203348777
295158	0.004092873808
295159	0.01843713935
295160	0.00456098078
295161	0.0181530172
295162	0.01898848947
295163	0.01030541659
295164	0.01101259591
295165	0.01445164311
295166	0.01269048039
295167	0.01893169276
295168	0.01083834083
295169	0.007435232727
295170	0.003883555817
295171	0.00960675245
295172	0.002872419785
295173	0.003636176783
295174	0.01753096077
295175	0.01973551291
295176	0.0003032073257
295177	0.01676781538
295178	0.008876515115
295179	0.01973548835
295180	0.008699421521
295181	0.007571820878
295182	0.007642145111
295183	0.0009048223296
295184	0.0206223918
295185	0.002139113285
295186	0.0196148447
295187	0.01392857793
295188	0.009329469998
295189	0.0119252606
295190	0.007542378737
295191	0.009208734783
295192	0.01658061561
295193	0.01122928401
295194	0.004474037975
295195	0.01620263144
295196	0.003807275045
295197	0.01765381636
295198	0.0001485671929
295199	0.01687466243
295200	0.01156761407
295201	0.01247877764
295202	0.01378335567
295203	0.0009189496276
295204	0.01555241661
295205	0.002436798297
295206	0.007272166687
295207	0.01972727291
295208	0.006477834855
295209	0.000615171266
295210	0.006334027552
295211	0.002046230765
295212	0.008590036983
295213	0.006649742364
295214	0.00437920264
295215	0.02020106082
295216	0.008825590577
295217	0.0007196441115
295218	0.01886313906
295219	0.01141741904
295220	0.01133345437
295221	0.002539112281
295222	0.01910352099
295223	0.01975368677
295224	0.007465190951
295225	0.01689511479
295226	0.001791017879
295227	0.005936954362
295228	0.01682414073
295229	0.02291073481
295230	0.01862860326
295231	0.0129647357
295232	0.0002735210686
295233	0.007474221205
295234	0.008037108132
295235	0.01617286346
295236	0.01037886729
295237	0.01936262824
295238	0.004252171855
295239	0.01889748403
295240	0.01506511953
295241	0.005033621014
295242	0.009954591776
295243	0.009427462931
295244	0.01989501723
295245	0.02270242523
295246	0.009177795734
295247	0.01500602772
295248	0.002101415707
295249	0.0007152882833
295250	0.01354646659
295251	0.0090096328
295252	0.0182412022
295253	0.001171071891
295254	0.007526270973
295255	0.004723618045
295256	0.01604359123
295257	0.001449644811
295258	0.01844507303
295259	0.0188527039
295260	0.005563846718
295261	0.009825549806
295262	0.01280239637
295263	0.0001224482651
295264	0.003476779947
295265	0.01820452422
295266	0.02125523057
295267	0.01587709704
295268	0.009723015007
295269	0.01383047312
295270	0.004793198448
295271	0.0004194643312
295272	0.006681467207
295273	0.003507697618
295274	0.01700526986
295275	0.01972120578
295276	0.02033253201
295277	0.002389075477
295278	0.001456504009
295279	0.0191357309
295280	0.002903975003
295281	0.01845283492
295282	0.01255281933
295283	0.01190332865
295284	0.006367653176
295285	0.01822278159
295286	0.002865013809
295287	0.01707729905
295288	0.008967141645
295289	0.005342058688
295290	0.007429234205
295291	0.01465713268
295292	0.01678271396
295293	0.002909570786
295294	0.01371322535
295295	0.01134302519
295296	0.01107593239
295297	0.002400051064
295298	0.0007129874963
295299	0.01871752829
295300	0.002489480385
295301	0.01659874099
295302	0.02272275229
295303	0.01891134437
295304	0.01439244987
295305	0.02031076859
295306	0.02054978153
295307	0.0194932343
295308	0.007981864511
295309	0.008517301883
295310	0.004213355565
295311	0.0002934578414
295312	0.01651242543
295313	0.006267387299
295314	0.003053657459
295315	0.01828055
295316	0.001016356611
295317	0.01702535292
295318	0.004794324465
295319	0.001425504771
295320	0.01442186273
295321	0.003278389521
295322	0.01675690954
295323	0.01794744393
295324	0.0009231711042
295325	0.002479388025
295326	0.001361836956
295327	0.008748627812
295328	0.01322483423
295329	0.01916729628
295330	0.01668908417
295331	0.006398940649
295332	0.006463936268
295333	0.01061937754
295334	0.01988926973
295335	0.009746574059
295336	0.004677840317
295337	0.01516781436
295338	0.0001525985822
295339	0.01774175761
295340	0.01246596712
295341	0.01239790092
295342	0.0122874751
295343	0.01786186222
295344	0.00932464148
295345	0.008917742451
295346	0.01323869461
295347	0.01300935752
295348	0.002535500649
295349	0.003092460983
295350	0.01901148948
295351	0.01741627996
295352	0.0005548379426
295353	0.01019066434
295354	0.01744157763
295355	0.0005738643426
295356	0.003047342307
295357	0.002605206486
295358	0.004113625359
295359	0.01997181641
295360	0.01917478771
295361	0.01940021225
295362	0.0004082718904
295363	0.01168263
295364	0.01679553541
295365	0.001554869031
295366	0.002484744513
295367	0.02056976884
295368	0.01938106504
295369	0.01697078966
295370	0.01011554664
295371	0.005051442541
295372	0.002147245531
295373	0.001942398779
295374	0.005871884516
295375	0.01424264581
295376	0.01663874853
295377	0.003918265289
295378	0.01884326912
295379	0.016096709
295380	0.01319457494
295381	9.936145847e-06
295382	0.0008108832748
295383	0.0001330210902
295384	0.01341897217
295385	0.003466431505
295386	0.0001392654168
295387	0.01051054043
295388	0.01975137277
295389	0.01357470188
295390	0.001174829333
295391	0.0220944987
295392	0.005932566275
295393	0.004643993737
295394	0.001430617632
295395	0.007998450622
295396	0.00565458653
295397	0.01426038983
295398	0.00102954117
295399	0.0170194886
295400	0.003178092505
295401	0.002126511799
295402	0.009888822546
295403	0.008966235507
295404	0.02012460679
295405	4.053996554e-06
295406	0.002173195644
295407	0.01582388935
295408	0.01686936635
295409	0.004991711388
295410	0.00962298293
295411	0.008137550302
295412	8.163131557e-05
295413	0.003839755676
295414	0.008156643759
295415	0.006666268657
295416	0.01541752904
295417	0.0109640365
295418	0.009468523689
295419	0.02152804224
295420	0.002037652617
295421	0
295422	0.0100748544
295423	0.01761077198
295424	0.001217100765
295425	0.003755728694
295426	0.00185586595
295427	0.003289342238
295428	0.01926994694
295429	0.01705589474
295430	0.009774505184
295431	0.01589117235
295432	0.0124151028
295433	0.01394759145
295434	0.003004278516
295435	0.01245482068
295436	0.0002731182388
295437	0.002008682869
295438	0.009398907678
295439	0.002853061725
295440	0.01175845263
295441	0.007541288585
295442	0.02244533372
295443	0.01183684093
295444	0.0004219564251
295445	0.005739436451
295446	0.0004753834788
295447	0.01622925455
295448	0.001470877186
295449	0.004336049939
295450	0.004393337654
295451	0.009862216934
295452	0.01900051429
295453	0.01122506481
295454	0.009951450098
295455	0.00859457647
295456	0.01679049967
295457	0.0005841972157
295458	0.01984749528
295459	0.01619216347
295460	0.007120899777
295461	0.02022992409
295462	0.009127592974
295463	0.01184507353
295464	0.01655126616
295465	0.01286738504
295466	0.002592726694
295467	0.01227834364
295468	0.002001590327
295469	0.007882795493
295470	0.01974356565
295471	0.007083994625
295472	0.01526669997
295473	0.001917382822
295474	0.0005583995836
295475	0.0009584345525
295476	0.01531296298
295477	0.002571446633
295478	0.01563716782
295479	0.01379755658
295480	0.01399890077
295481	0.01563960031
295482	0.01256861431
295483	0.01176133504
295484	0.01460990801
295485	0.01595930061
295486	0.003386856711
295487	0.005029029314
295488	0.01159461671
295489	0.006722842845
295490	0.01056497281
295491	0.01968345188
295492	0.02022634621
295493	0.0142192307
295494	0.02038006656
295495	0.009402736517
295496	0.01491768399
295497	0.0004246653982
295498	0.0163643437
295499	0.004321434957
295500	0.005944828329
295501	0.005671473902
295502	0.002917747707
295503	0.01701674155
295504	0.01303676435
295505	0.01134644992
295506	0.01514500722
295507	0.0003937267199
295508	0.01619521877
295509	0.00866755299
295510	0.008430115274
295511	0.02091572171
295512	0.01559783139
295513	0.01827172825
295514	0.02052729354
295515	0.005984516483
295516	0.01713007017
295517	0.009774874878
295518	0.01400799534
295519	0.001544917105
295520	0.01796008573
295521	0.002576618418
295522	0.01201202276
295523	0.00157225592
295524	0.004018361466
295525	0.001544127824
295526	0.01748685725
295527	0.01563914995
295528	0.01145905047
295529	0.008773557083
295530	0.006090766938
295531	0.00212379246
295532	0.01883867961
295533	0.01014240246
295534	0.01367401071
295535	0.001125021057
295536	0.008494048182
295537	0.01783964429
295538	0.000928681734
295539	0.01792587464
295540	0.002750828696
295541	0.01204865873
295542	0.01995451675
295543	0.01612327177
295544	0.0134743698
295545	0.006473587943
295546	0.003126652696
295547	0.008354518714
295548	0.006160560834
295549	0.00821660312
295550	0.01606966936
295551	0.01684835679
295552	0.02020211361
295553	0.00834816099
295554	0.00832623003
295555	0.01069242763
295556	0.0008866273804
295557	0.01330246061
295558	0.003292692458
295559	0.01712105561
295560	0.01061224779
295561	0.00254396266
295562	0.01741955927
295563	0.02018830717
295564	0.01963335181
295565	0.01768482902
295566	0.009679912971
295567	0.01262266234
295568	0.001303929414
295569	0.01470233688
295570	0.002104561402
295571	0.0185791693
295572	0.01209615545
295573	0.002785893565
295574	0.001084011719
295575	0.001158904822
295576	0.006555735549
295577	0.0006431967459
295578	0.007115195398
295579	0.0136070679
295580	0.01800428593
295581	0.003335344073
295582	0.001409193547
295583	0.006046882302
295584	0.01040567408
295585	0.009903560338
295586	0.003138616815
295587	0.003695869811
295588	0.01363134216
295589	0.02122636858
295590	0.01922573958
295591	0.0200842785
295592	0.01644614921
295593	0.01118899488
295594	0.01567588752
295595	0.004136959495
295596	0.01698051234
295597	0.001917550202
295598	0.002770511671
295599	0.01106486185
295600	0.01826126701
295601	0.01023901194
295602	0.01003899579
295603	0.006950351811
295604	0.004489185218
295605	0.01331828823
295606	0.01193611751
295607	0.01960497813
295608	2.604345873e-05
295609	0.0002694655159
295610	0.01684991675
295611	0.002816432231
295612	0.0003382488702
295613	0.0005567778626
295614	0.006400955774
295615	0.01080322659
295616	0.01700879872
295617	0.002736090646
295618	0.01967655651
295619	0.02066243642
295620	0.001905138582
295621	0.006129511352
295622	0.00402722058
295623	0.005096764703
295624	0.0008860154629
295625	0.007855108576
295626	0.002344599649
295627	0.001584028486
295628	0.01648100304
295629	0.01348268474
295630	0.01632127811
295631	0.0003850301817
295632	0.003557934954
295633	0.01744304671
295634	0.004811247634
295635	0.006800143494
295636	0.001871803898
295637	0.0004261027016
295638	0.001130380695
295639	0.00983487094
295640	0.002255581911
295641	0.006725139422
295642	0.002189860356
295643	0.01208927845
295644	0.007487759687
295645	0.01824303885
295646	0.02013068014
295647	0.01693058629
295648	0.02164958818
295649	0.0002976357241
295650	0.01545387469
295651	0.01430488024
295652	0.004588711261
295653	0.000754722468
295654	0.009070368772
295655	0.01134852603
295656	0.006622680105
295657	0.01663379865
295658	0.02253973406
295659	0.01273427484
295660	0.0003423922513
295661	0.01133690693
295662	0.0178308092
295663	0.007849206568
295664	0.006050693053
295665	0.01446112988
295666	0.01066797283
295667	0.01328786627
295668	0.002270296883
295669	0.01685107342
295670	0.01259354983
295671	0.004913088594
295672	0.01382982689
295673	0.0109234232
295674	0.01978676186
295675	0.02016985948
295676	0.02030400615
295677	0.003441607021
295678	0.005551933951
295679	0.0006585988257
295680	0.01541956701
295681	0.01018884494
295682	0.01536780463
295683	6.495757122e-05
295684	0.004965635094
295685	0.008103118642
295686	0.009512722725
295687	0.01114751237
295688	0.002807024176
295689	0.009879432251
295690	0.01065651287
295691	0.01327622908
295692	0.01457275744
295693	0.01711175544
295694	0.005589167091
295695	0.01991230288
295696	0.0004508569399
295697	0.01813655544
295698	0.01600096687
295699	0.009287189277
295700	0.01975951938
295701	0.01028609817
295702	0.009590064386
295703	0.004988548725
295704	0.002471923131
295705	0.02069430072
295706	0.00266271795
295707	0.01888551081
295708	0.0092405503
295709	0.006478574517
295710	0.0177454879
295711	0.001513416024
295712	0.01746775925
295713	0.005419820993
295714	0.005632162041
295715	0.000413464093
295716	0.0090743326
295717	0.000696540031
295718	0.02001213162
295719	0.01307012939
295720	0.01999037884
295721	0.01245151879
295722	0.005334436981
295723	2.037060413e-05
295724	0.0164620683
295725	0.01503492945
295726	0.001517288253
295727	0.02118853217
295728	0.01425457488
295729	0.0003763848008
295730	0.01612302501
295731	0.0089866893
295732	0.01896037703
295733	0.01805595751
295734	0.01056753389
295735	0.0105771333
295736	0.01466353456
295737	0.01642629254
295738	0.004428715711
295739	0.01164786771
295740	0.01621541263
295741	0.001859642933
295742	0.0002127965074
295743	0.01830005875
295744	0.003720432259
295745	0.006463016195
295746	0.01883242336
295747	0.0199889554
295748	3.238899179e-05
295749	0.01211568921
295750	0.0203901592
295751	0.008409343053
295752	0.01974716276
295753	0.01037945338
295754	0.004022260446
295755	0.01997261368
295756	0.01869841202
295757	0.01144932315
295758	0.01677082637
295759	0.01347284253
295760	0.009513831685
295761	0.01973328941
295762	0.008469600983
295763	0.01679194303
295764	0.01771325372
295765	0.02037568499
295766	0.0150792253
295767	0.01732811986
295768	0.01678256495
295769	0.005558335903
295770	0.0009237057386
295771	0.01520039553
295772	0.01108969962
295773	0.02008500539
295774	0.0130771551
295775	0.0004193058165
295776	0.01283248175
295777	0.0105725073
295778	0.002474830067
295779	0.02281594473
295780	0.01419303392
295781	0.01987861123
295782	0.002493070069
295783	0.01537946213
295784	0.01276037714
295785	0.002741805856
295786	0.001784261273
295787	0.006221037156
295788	0.02102139072
295789	0.009145174368
295790	0.01547351473
295791	0.01677488682
295792	0.0133096474
295793	0.00196303237
295794	0.01018512088
295795	0.008861525076
295796	0.007191578215
295797	0.02008857978
295798	0.00821101953
295799	5.406597401e-05
295800	0.01360690468
295801	0.01170529838
295802	0.009128115456
295803	0.0132945919
295804	0.01947190608
295805	0.01940570813
295806	0.01511952924
295807	0.009817225678
295808	0.01773260577
295809	0.01984477133
295810	0.00667305262
295811	0.007312683255
295812	0.00302655434
295813	0.01197911988
295814	0.001403835372
295815	0.01335951595
295816	0.01730578715
295817	0.01818834991
295818	0.009980362774
295819	0.001640748602
295820	0.001246670882
295821	0.01962666304
295822	0.006847208995
295823	0.006806152381
295824	0.01033580145
295825	0.0197352274
295826	0.01721706631
295827	0.005407282858
295828	0.001304769389
295829	0.02131310541
295830	0.006628237838
295831	0.01420330602
295832	0.00554314624
295833	0.01408119696
295834	0.004144395555
295835	0.01739102209
295836	0.00310698292
295837	0.0008305639618
295838	0.01748851659
295839	0.009726666652
295840	0.009775341342
295841	0.006059159208
295842	0.02202387343
295843	0.001348821307
295844	0.01978206593
295845	0.00658912069
295846	0.01251310534
295847	0.005319246908
295848	0.001461798464
295849	0.01765016398
295850	0.002115062606
295851	0.01847561028
295852	0.01144209475
295853	0.007721574345
295854	0.02067386456
295855	0.007008776395
295856	0.01088218112
295857	0.01203175643
295858	0.0008565152336
295859	6.096425157e-05
295860	0.006946089856
295861	0.007881673698
295862	0.000369012498
295863	0.007691262898
295864	0.008731404704
295865	0.01197854601
295866	0.02024327456
295867	0.02000173804
295868	0.003427569053
295869	0.007279175724
295870	0.007497323859
295871	0.000363791193
295872	0.003278926695
295873	0.0002066213838
295874	0.006273198517
295875	0.007648140442
295876	0.001492143253
295877	0.0005709834222
295878	0.001324831493
295879	0.004977373666
295880	0.003940816648
295881	0.01410862929
295882	0.006367744358
295883	0.01313257773
295884	0.00194824571
295885	0.01317606043
295886	0.01618048077
295887	0.02073170127
295888	4.053996554e-06
295889	0.002346869878
295890	0.00206070809
295891	0.0005271631732
295892	0.02005650099
295893	0.0002512056352
295894	0.0005659441933
295895	0.003912137518
295896	0.007346881598
295897	0.01646834848
295898	0.005808069129
295899	0.009885244435
295900	0.001251584394
295901	0.002488251296
295902	0.0004797972305
295903	0.01484114098
295904	0.01974339065
295905	0.02032786598
295906	0.004554783761
295907	0.007519520132
295908	0.01835252403
295909	0.008634033752
295910	0.0004315726167
295911	0.007383744334
295912	0.01792545171
295913	0.0009660020355
295914	0.01159300074
295915	0.007900818404
295916	0.003993794882
295917	0.009698967432
295918	0.004220512774
295919	0.003208022763
295920	0.01104900407
295921	0.01984962991
295922	0.00927727842
295923	0.01024163568
295924	0.01454561051
295925	0.01253704084
295926	0.004237442589
295927	0.00810781417
295928	0.01560275253
295929	0.0205591806
295930	0.0214135553
295931	0.0159908044
295932	0.0198162797
295933	0.01198609813
295934	0.0001408140543
295935	0.02021433085
295936	0.002685672394
295937	0.01182152692
295938	0.02162860846
295939	0.006774795175
295940	0.008422917306
295941	0.006488824108
295942	0.00294985922
295943	0.005962473824
295944	0.01062853108
295945	0.002951160832
295946	0.000120418243
295947	0.002343427461
295948	0.007278694846
295949	0.009275691346
295950	0.01815523404
295951	0.004185421577
295952	0.003793022132
295953	0.01554259726
295954	0.01107119231
295955	0.00713227887
295956	0.003177115444
295957	0.01044463686
295958	0.0004999106164
295959	0.007877974868
295960	0.004609367827
295961	0.01931491696
295962	0.01031307383
295963	0.01002536686
295964	0.001894477284
295965	0.002864869962
295966	0.01045161603
295967	0.0198589822
295968	0.0006932459971
295969	0.005867857028
295970	0.009746808927
295971	0.01976991171
295972	0.01897524594
295973	0.01317982304
295974	0.007870420686
295975	0.002144827089
295976	0.0008839358726
295977	0.005823492616
295978	0.0006335691121
295979	0.004798798358
295980	0.01953876374
295981	0.001682110456
295982	0.005109110683
295983	0.007421098529
295984	0.01770427272
295985	0.0007556746391
295986	0.00947576709
295987	0.009659981563
295988	0.01304038181
295989	0.01417583279
295990	0.0002488868917
295991	0.01976006101
295992	0.004940237316
295993	0.01687282187
295994	0.00808945246
295995	0.001983387963
295996	0.0002829656062
295997	0.006889002776
295998	0.01112673857
295999	0.004913991422
296000	0.008940396549
296001	0.01986947507
296002	0.01463951834
296003	0.0004810081341
296004	0.01320945959
296005	0.02001210367
296006	0.01266991844
296007	0.009447289416
296008	0.01600405505
296009	0.01264333718
296010	0.01275308607
296011	0.01478730359
296012	0.0104753873
296013	0.0005154736925
296014	0.02019623723
296015	0.006548457526
296016	0.0153407386
296017	0.0129224293
296018	0.01078485564
296019	0.02099795554
296020	0.002250198559
296021	0.001923238351
296022	0.007473611073
296023	0.01541482721
296024	0.001861488421
296025	0.0002582437104
296026	0.01840461961
296027	0.005069898608
296028	0.00488968865
296029	0.001955079941
296030	0.01986764553
296031	0.01448293901
296032	0.0007655145426
296033	0.0003464618861
296034	0.009816135237
296035	0.004656650841
296036	0.01006870849
296037	0.01644155614
296038	0.01152391513
296039	0.01995373701
296040	0.008484429673
296041	0.009595666914
296042	0.007721485041
296043	0.01393312125
296044	0.01289839507
296045	0.01464638854
296046	0.01338007551
296047	0.0008931676188
296048	0.0004077556955
296049	0.01082787825
296050	0.01268397506
296051	0.0008512218832
296052	0.01830463516
296053	0.01523467155
296054	0.006663398377
296055	0.01054878988
296056	0.003456488616
296057	0.001528219903
296058	0.01029167948
296059	0.002222803743
296060	0.00644395207
296061	0.01513459311
296062	0.0003639152444
296063	0.01296741578
296064	0.01601204874
296065	0.01598209065
296066	0.0196185078
296067	0.01813998306
296068	0.002247759625
296069	0.002243422234
296070	0.006446640979
296071	0.01643532865
296072	0.0211428925
296073	0.0004753764501
296074	0.01492806161
296075	2.858091836e-05
296076	0.0004958260416
296077	0.003089277843
296078	0.01631613242
296079	0.00191100684
296080	0.006664771869
296081	0.01908012553
296082	0.004414662124
296083	0.004461339068
296084	0.01272430924
296085	0.01086020251
296086	0.007653269355
296087	0.00262293378
296088	0.001319016149
296089	0.01826456075
296090	0.01342969747
296091	0.002643617141
296092	0.009853691969
296093	0.008332624854
296094	0.0003281168588
296095	0.006496806681
296096	0.005175402308
296097	0.01768991049
296098	0.007927976173
296099	0.006357704307
296100	0.01577381354
296101	0.02088102587
296102	0.007978061276
296103	0.003552205178
296104	0.01197886623
296105	0.008160339659
296106	0.00189083706
296107	0.01290188754
296108	0.001479173732
296109	0.008103543741
296110	0.02151144499
296111	0.01374603934
296112	0.005800177631
296113	0.01917656977
296114	0.01644787258
296115	0.01801833265
296116	0.005327645116
296117	0.01212632911
296118	0.01763072076
296119	0.01233424614
296120	0.01381442353
296121	0.001882020763
296122	0.006433968969
296123	0.01627617748
296124	0.01329139005
296125	0.0001248704675
296126	0.009592435138
296127	0.01510621828
296128	0.01434768031
296129	0.02100538631
296130	0.00257779782
296131	0.01176212088
296132	0.02060499433
296133	1.754733577e-05
296134	0.01606090909
296135	0.01405741077
296136	0.01185155609
296137	0.01527144844
296138	0.02011495638
296139	0.009104897568
296140	0.00936342364
296141	0.001950431772
296142	0.006198349407
296143	0.01782373176
296144	0.01450342392
296145	0.01498231371
296146	0.002882645621
296147	0.01026001786
296148	0.003859558474
296149	0.0158812698
296150	0.001268728379
296151	0.01777845208
296152	0.02151349716
296153	0.02101925874
296154	0.02168367244
296155	0.003772897433
296156	0.0150953045
296157	0.003294244151
296158	0.01696841864
296159	0.01638628993
296160	0.01106882451
296161	0.01136534549
296162	0.0008152132002
296163	0.01821870568
296164	0.02111266488
296165	0.002779880202
296166	0.01874925137
296167	0.015705557
296168	0.01319022225
296169	0.01162497048
296170	0.006670805486
296171	0.005704278106
296172	0.0007932913489
296173	0.0009040471227
296174	0.000862806946
296175	0.004500448905
296176	0.007420310258
296177	0.00433200167
296178	0.01798751509
296179	0.002617637962
296180	0.01935799337
296181	0.02018058255
296182	0.0005457513134
296183	0.002687940743
296184	0.02067528191
296185	0.0047676541
296186	0.01189719158
296187	0.01305734152
296188	0.01461713288
296189	0.006295234969
296190	0.001517452991
296191	0.00703318684
296192	0.003601326505
296193	0.02064104513
296194	0.01537200816
296195	0.01367589542
296196	0.003757651078
296197	0.01524147371
296198	0.01547770835
296199	0.005229620126
296200	0.006900061456
296201	0.02039930044
296202	0.003810889483
296203	0.01180055574
296204	0.007704185305
296205	0.01165511525
296206	0.016257515
296207	0.0009299326902
296208	0.01193711802
296209	0.01728591931
296210	0.01660575453
296211	0.01642657556
296212	0.0002460561204
296213	0.006570988396
296214	0.002050300711
296215	0.008343294043
296216	0.001445283712
296217	0.02132467952
296218	0.005230080489
296219	0.02001250188
296220	0.009219023907
296221	0.01003754462
296222	0.002412396209
296223	0.003627774171
296224	0.0005546735815
296225	0.02087155665
296226	0.002629814012
296227	0.008642148257
296228	0.01027969118
296229	0.02087809897
296230	0.007817793141
296231	0.007727972747
296232	0.01389899089
296233	0.01249528042
296234	0.007085648806
296235	0.01793001334
296236	0.006512279824
296237	0.008511560259
296238	0.005255653563
296239	0.01296690658
296240	0.02259690594
296241	0.00491781844
296242	0.01372929623
296243	0.001889439299
296244	0.001478191477
296245	0.001893234145
296246	0.00171421413
296247	0.0178531508
296248	0.01178729044
296249	0.0009295334282
296250	0.0009993300675
296251	0.01303408773
296252	0.01282200711
296253	0.0004004620214
296254	0.007118963053
296255	0.00640827827
296256	0.02053194873
296257	0.008570247705
296258	0.01830050007
296259	0.01051159647
296260	0.001962572797
296261	0.01977793977
296262	0.006431719179
296263	0.0009913579872
296264	0.01564565194
296265	0.006893811458
296266	0.008339249167
296267	0.005551210278
296268	0.0006143277282
296269	0.001805485538
296270	0.01103473275
296271	0.01985896967
296272	0.0187429436
296273	0.00224648661
296274	0.001098634895
296275	0.01605445958
296276	0.00913293824
296277	0.01591488265
296278	0.01268395779
296279	0.01276496337
296280	0.01476390201
296281	0.001443021472
296282	0.00939953613
296283	0.002061725076
296284	0.007591077495
296285	0.01909164339
296286	0.003399982195
296287	0.01259779824
296288	0.0185087865
296289	0.00857703349
296290	0.007541116328
296291	0.004644232662
296292	0.02083196487
296293	0.008302215133
296294	0.01230868686
296295	0.01174079785
296296	0.0002450729303
296297	0.01925914449
296298	0.007060076724
296299	0.005411530397
296300	0.02222566603
296301	0.01124281923
296302	0.001602878077
296303	0.001506724724
296304	0.004506842662
296305	0.0001368221106
296306	0.01526799746
296307	0.01136184004
296308	0.01822153609
296309	0.0003460676735
296310	0.01174086103
296311	0.01489681909
296312	0.01265964839
296313	0.01114780862
296314	0.0001959102921
296315	0.001755879935
296316	0.01221714827
296317	0.004894123073
296318	0.01787537784
296319	0.01526532368
296320	0.008043989605
296321	0.01826278531
296322	0.0114281902
296323	0.002299168963
296324	0.02015460298
296325	0.006673996781
296326	0.01291255022
296327	0.01368154481
296328	0.01312535696
296329	0.008047552292
296330	0.02048452815
296331	0.01445899946
296332	0.01319937758
296333	0.007048659002
296334	0.01917104537
296335	0.01713216535
296336	0.01461966511
296337	0.004873083805
296338	0.01749970367
296339	0.006183281352
296340	0.0004437248685
296341	0.004296075554
296342	0.001275554179
296343	0.0004959577708
296344	1.625282676e-05
296345	0.009358518669
296346	0.005204946562
296347	0.01274309607
296348	0.01636803437
296349	0.003482802515
296350	0.00452489842
296351	0.01177641059
296352	0.002221807128
296353	0.01755050436
296354	0.007235785436
296355	0.001291599029
296356	0.002045731681
296357	0.001341891394
296358	0.008192988112
296359	0.005686524509
296360	0.01122046625
296361	0.00482162615
296362	0.008976402146
296363	0.01296677512
296364	0.01370589993
296365	0.01762956512
296366	0.00121026411
296367	0.002426076032
296368	0.007695908053
296369	0.01400801463
296370	0.01841330763
296371	0.00485139469
296372	0.003811427427
296373	0.01028772497
296374	0.01068487839
296375	0.001798593399
296376	0.01595704641
296377	0.004917361861
296378	0.0008860132192
296379	0.0003481756759
296380	0.01041051671
296381	0.002143897434
296382	0.004604027214
296383	0.008416392654
296384	0.00823871582
296385	0.01432428635
296386	0.007310165673
296387	0.01680510759
296388	0.004301603771
296389	0.005276719593
296390	0.00221229736
296391	0.01892608677
296392	0.01255479572
296393	0.001985164282
296394	0.01749829756
296395	0.001362485991
296396	0.0003451089329
296397	0.003312115541
296398	0.01570008761
296399	0.01328069213
296400	0.01463613235
296401	0.003857113038
296402	0.00770461333
296403	0.01845604888
296404	0.001451534101
296405	0.01011068168
296406	0.01161106231
296407	0.007139615811
296408	0.007724511475
296409	0.006437425564
296410	0.01264886391
296411	0.01703486214
296412	0.01874711728
296413	0.003656470266
296414	0.004964131015
296415	0.016049476
296416	0.01478005632
296417	0.01369894264
296418	0.01876886756
296419	0.02102151236
296420	0.001623255663
296421	0.02002715608
296422	0.003292924683
296423	0.01490037659
296424	0.009071872638
296425	0.007344328947
296426	0.02078504012
296427	0.007872197738
296428	0.007995319223
296429	0.007736401556
296430	0.0004087427793
296431	0.01986401247
296432	0.01537449475
296433	0.01221873668
296434	0.0001251165789
296435	0.0007573438563
296436	0.002225347494
296437	0.0009258870121
296438	0.004812481153
296439	0.01226953089
296440	0.001393044053
296441	0.007802192145
296442	0.02033298407
296443	0.009634393709
296444	0.003993312931
296445	0.0008785357989
296446	0.01996931316
296447	0.01248875841
296448	0.01856655688
296449	0.009475694657
296450	0.007045773237
296451	0.006651913609
296452	0.005991498828
296453	0.01338000076
296454	0.0006372685436
296455	0.01704264498
296456	0.02036970585
296457	0.01271847596
296458	0.01822996378
296459	0.001160030289
296460	0.000640098525
296461	0.02203765982
296462	0.003734848824
296463	0.01945244013
296464	0.003902156636
296465	0.004391852972
296466	0.003083323755
296467	0.0001482223523
296468	0.01918200735
296469	0.0137600947
296470	0.01921333953
296471	0.003922810693
296472	0.01625825886
296473	0.0006636715204
296474	0.01628320021
296475	0.01301958167
296476	0.01563300035
296477	0.0001432272603
296478	0.006811500534
296479	0.00124610657
296480	0.00156232036
296481	0.0002810850995
296482	0.0001166702008
296483	0.006353112334
296484	0.01296888391
296485	0.01359472663
296486	0.005744277687
296487	0.0002404117535
296488	0.0201313486
296489	0.01400060206
296490	0.02020817976
296491	0.005824512964
296492	0.006918561363
296493	0.0006062869294
296494	0.0179333797
296495	0.01418592279
296496	0.012001894
296497	0.01613604829
296498	0.02097146593
296499	0.01230556351
296500	0.007663952694
296501	0.01136222816
296502	0.006253735459
296503	0.0006370524043
296504	0.01790607455
296505	0.01696019001
296506	0.01990877112
296507	0.01960275329
296508	0.008503557202
296509	0.01080331416
296510	0.00532483727
296511	0.002737576191
296512	0.004383452647
296513	0.006053834463
296514	0.02336690539
296515	0.01533977459
296516	0.01983831762
296517	0.01449522299
296518	0.01704041963
296519	0.001866713108
296520	0.008019398465
296521	0.002713961616
296522	0.0198423846
296523	0.006641296936
296524	0.02117888211
296525	0.0169616383
296526	0.0203710012
296527	0.0164199582
296528	0.001830044339
296529	0.006191945652
296530	0.006360490236
296531	0.0006864230708
296532	0.02009907547
296533	0.01691757559
296534	0.009564768379
296535	0.01986624666
296536	0.002850430643
296537	0.01826697905
296538	0.01753904491
296539	0.02012958087
296540	0.01831978906
296541	0.002255442985
296542	0.01310867158
296543	0.01972727291
296544	0.01793123324
296545	0.0003563936992
296546	0.008094610363
296547	0.009743978333
296548	7.249542203e-05
296549	0.01021300997
296550	0.01023359885
296551	0.005159746999
296552	0.0002660314213
296553	0.008292322098
296554	0.01280784018
296555	0.01001099205
296556	0.005736172549
296557	0.01562599565
296558	0.01759049356
296559	0.01494770058
296560	0.01154745075
296561	0.0005078490538
296562	0.01756971631
296563	0.01225989246
296564	0.000965919595
296565	0.01036786144
296566	0.00948589859
296567	0.0101953256
296568	0.002450635065
296569	0.02083261082
296570	0.0005189259578
296571	0.02079375005
296572	0.01057368275
296573	0.004430637772
296574	0.01716424327
296575	0.01910555853
296576	0.009888063527
296577	0.01172036233
296578	0.0004551106196
296579	0.005828093612
296580	0.001934827786
296581	0.01738956184
296582	0.0007627713221
296583	0.001523163211
296584	0.00161331454
296585	0.01262495348
296586	0.01280828259
296587	0.02078600232
296588	0.01022503304
296589	0.001811634917
296590	0.02164479933
296591	0.004459544708
296592	0.002596857832
296593	0.009452879486
296594	0.002157597576
296595	0.01240495618
296596	0.009177504552
296597	0.009733821304
296598	0.01135598806
296599	0.003424152846
296600	0.003242940183
296601	0.000489436499
296602	0.004661397135
296603	0.001130200307
296604	0.01966326868
296605	0.01285216565
296606	0.00315113722
296607	0.0006881153525
296608	0.005564475028
296609	0.002221901984
296610	0.003413507388
296611	0.0100365408
296612	0.008674534073
296613	0.007205365832
296614	0.008928825093
296615	0.004609457102
296616	0.01723615575
296617	0.01551513392
296618	0.02023278549
296619	0.003197143267
296620	0.001140118427
296621	2.651596173e-05
296622	0.007793997652
296623	0.006493823025
296624	0.0003964354805
296625	0.008106846719
296626	0.0173176954
296627	0.011728395
296628	0.001300336544
296629	0.01793692254
296630	0.009074972998
296631	0.001326389014
296632	0.01038009287
296633	0.005491989937
296634	0.01389741192
296635	0.0183988322
296636	0.003842059016
296637	0.0155886385
296638	0.01973134226
296639	0.007233056818
296640	0.01738010552
296641	0.009821365206
296642	0.01984895999
296643	0.01219946249
296644	0.002074335123
296645	0.001140075093
296646	0.01579157195
296647	0.004445498667
296648	0.007080386999
296649	0.01720000584
296650	0.009626532779
296651	0.01271794911
296652	0.007592586086
296653	0.01082026522
296654	0.005139861633
296655	0.0006020709689
296656	0.01358213873
296657	0.01236892682
296658	0.01628626899
296659	0.01861535396
296660	0.01657503369
296661	0.001639037235
296662	0.006841758901
296663	0.012843102
296664	0.001533377703
296665	0.003260154278
296666	0.0007829993726
296667	0.01936912991
296668	0.008432178362
296669	0.005842982692
296670	0.001182480769
296671	0.00343081011
296672	0.003763092525
296673	0.01443003379
296674	0.02092101778
296675	0.006602238407
296676	0.01878827437
296677	0.01153374992
296678	0.004894980893
296679	0.008290020762
296680	0.01544730907
296681	0.01985954522
296682	0.004512884807
296683	0.006454868876
296684	0.004368780437
296685	0.01543931608
296686	0.0003740059518
296687	0.01764623525
296688	0.01726894692
296689	0.02083418554
296690	0.008591850041
296691	0.01740809063
296692	0.001854269209
296693	0.009263467624
296694	0.01001654738
296695	0.0170063545
296696	0.0004259322912
296697	0.0173053497
296698	0.0008002297803
296699	0.0115980803
296700	0.01302039325
296701	0.007559246031
296702	0.02072270642
296703	0.01447569443
296704	0.01563717654
296705	0.007439945089
296706	0.00757865553
296707	0.01297421307
296708	0.006870703061
296709	0.01564095568
296710	0.00898256773
296711	0.004571641514
296712	0.007636614309
296713	0.02245557573
296714	0.01880391011
296715	0.01123052963
296716	0.01830963926
296717	0.006296872258
296718	0.007123536043
296719	0.0002421488653
296720	0.01101810841
296721	0.01572331204
296722	0.006740909956
296723	0.01383579019
296724	0.009165757202
296725	0.004564580448
296726	0.01715045361
296727	0.0208750721
296728	0.000978636618
296729	0.008278214256
296730	0.01383937936
296731	0.0182046557
296732	0.0008796527497
296733	0.01755461274
296734	0.0001643703952
296735	0.0009957186952
296736	0.0007788821853
296737	0.01326487986
296738	0.01078057713
296739	0.02038432237
296740	0.0007403436749
296741	4.123513884e-05
296742	0.002466902973
296743	0.007402057921
296744	0.01516653185
296745	0.001247927751
296746	0.006249612662
296747	3.848172938e-05
296748	0.01566639186
296749	0.002550696968
296750	0.001873251864
296751	0.01974741702
296752	0.007261559277
296753	0.008670226655
296754	0.01146450657
296755	0.02070522124
296756	0.007484524365
296757	0.007853729503
296758	0.01837302063
296759	0.0009040005852
296760	0.00176268784
296761	0.01204888551
296762	0.01950204714
296763	0.0064791238
296764	0.009475825224
296765	0.02064615179
296766	0.01425444051
296767	0.01973343598
296768	0.0005389479433
296769	0.02115278915
296770	0.005212049402
296771	0.004096932941
296772	0.004386940197
296773	0.01279997387
296774	0.01739909549
296775	0.01785320297
296776	0.01344656284
296777	0.0003157126609
296778	0.009862549635
296779	0.01689294244
296780	0.003981556278
296781	0.003526673704
296782	0.003769928177
296783	0.0175343163
296784	0.006898177016
296785	0.004441171525
296786	0.001835520829
296787	0.01290364773
296788	0.02019306366
296789	0.0028297663
296790	3.925054634e-06
296791	0.002485289659
296792	0.02021973531
296793	0.01715837183
296794	0.000241145979
296795	0.01830739197
296796	6.01427709e-05
296797	0.0146230019
296798	0.00837123985
296799	0.002110260031
296800	0.008442286809
296801	0.01838231699
296802	0.02205148427
296803	0.0008709217502
296804	0.0002533033314
296805	0.004143950942
296806	0.00887873229
296807	0.01762254748
296808	0.002413395893
296809	0.001065095839
296810	0.003240662901
296811	0.01078524417
296812	0.005166759768
296813	0.01228031865
296814	0.01588318885
296815	0.01834321549
296816	0.01750938326
296817	0.0002633339022
296818	0.008025373132
296819	0.004748681089
296820	0.01115120831
296821	0.02215579482
296822	0.01155335149
296823	0.003152757685
296824	0.01439377035
296825	0.001019775572
296826	0.01530700758
296827	0.01756324278
296828	0.02038057349
296829	0.01987972779
296830	0.01690512979
296831	0.0002391449059
296832	0.01232205102
296833	0.007936051601
296834	0.01106275944
296835	0.01915174507
296836	0.01842755579
296837	0.01541677291
296838	0.0006291481757
296839	0.01686941156
296840	0.00786318267
296841	0.005510573187
296842	0.01440663623
296843	0.01301800796
296844	0.001211766236
296845	0.01331392156
296846	0.0113810385
296847	0.000715827938
296848	0.005357079814
296849	0.01693774008
296850	0.01974746921
296851	0.01587242004
296852	0.02037703571
296853	0.01637864819
296854	0.003569905221
296855	0.006914636019
296856	0.01247461002
296857	0.0143507589
296858	0.003239376881
296859	0.002735339008
296860	0.001130931582
296861	0.003964496706
296862	0.02046464874
296863	0.01486660783
296864	0.004128623965
296865	0.01994401111
296866	0.01986714665
296867	0.01970485958
296868	0.0180549592
296869	0.001621221673
296870	0.0166267382
296871	0.01441066786
296872	0.002213025986
296873	0.003042076905
296874	0.0118665345
296875	0.014301906
296876	0.0008433712305
296877	0.01027341836
296878	0.01958143168
296879	0.007001052212
296880	0.01126446522
296881	0.005009392405
296882	0.01693513826
296883	0.008730948649
296884	1.216505971e-05
296885	0.01334300143
296886	0.007085400986
296887	0.0180013947
296888	0.01068105152
296889	0.004304407461
296890	0.01089156222
296891	0.000145042973
296892	0.01493589898
296893	0.0004611546575
296894	0.01961840199
296895	0.002400248274
296896	0.007455814703
296897	0.006437649539
296898	0.006768690791
296899	0.01203841808
296900	0.01698977703
296901	8.636359916e-05
296902	0.007344662065
296903	0.008867597774
296904	0.01524662615
296905	0.007429820886
296906	0.02176877669
296907	0.02078364412
296908	0.0004500182472
296909	0.01260352416
296910	0.01271359206
296911	0.01140673465
296912	0.01884717775
296913	0.01090087219
296914	0.01245529602
296915	0.001034286568
296916	0.003828290372
296917	4.89672434e-05
296918	0.01793390724
296919	0.00819404151
296920	0.002551829349
296921	0.007567334136
296922	0.007779872673
296923	0.0005664184153
296924	0.003411534664
296925	0.002946871438
296926	0.001403645613
296927	0.01701331128
296928	0.004323049446
296929	0.001816261978
296930	0.001492759566
296931	0.005744861702
296932	0.02145246044
296933	0.002248271478
296934	0.02019414217
296935	0.005558752911
296936	0.008822793893
296937	0.002304052364
296938	0.0004588038234
296939	0.01436257902
296940	0.009984518774
296941	0.008594965796
296942	0.02065655054
296943	0.009347742431
296944	0.002741407398
296945	0.00281819926
296946	0.01534646685
296947	0.003128873465
296948	0.007557566097
296949	0.02150701699
296950	0.008144858013
296951	0.006472450684
296952	0.0018192215
296953	0.008870158827
296954	0.01534583851
296955	0.009641497109
296956	0.001204669263
296957	0.008702944016
296958	0.006727610971
296959	0.01123137417
296960	0.01194540081
296961	0.009914917116
296962	0.0009202364925
296963	0.02023123723
296964	0.01984650465
296965	0.0217311319
296966	0.01036717225
296967	0.0214406505
296968	0.005151061581
296969	0.01560855708
296970	0.01761549596
296971	0.01247496528
296972	0.002574091982
296973	0.0140650495
296974	0.02195750264
296975	0.002238711278
296976	0.01849913599
296977	0.0004861931068
296978	0.001427751282
296979	0.01470029721
296980	0.009823802699
296981	0.01091815021
296982	0.006627813826
296983	0.0008290624259
296984	0.001722859775
296985	0.007986327295
296986	0.005085937452
296987	0.007681883668
296988	0.005188744717
296989	0.003140296405
296990	0.007493931796
296991	0.006122178987
296992	0.01716655166
296993	0.01799817317
296994	0.0006089622006
296995	0.02019244215
296996	0.008482721554
296997	0.006844607053
296998	0.0148104515
296999	0.01321330782
297000	0.007368280695
297001	0.004665366679
297002	0.01640361967
297003	0.006956527767
297004	0.01972733517
297005	0.01231205486
297006	0.01239979876
297007	0.01056406491
297008	0.01815049415
297009	0.01993063356
297010	0.0001334399801
297011	0.00109924786
297012	0.01972727291
297013	0.0140696346
297014	0.01857501598
297015	0.002448953834
297016	0.02041033016
297017	0.005613367919
297018	0.0002349949878
297019	0.02096070869
297020	0.003597653332
297021	0.004660259291
297022	0.007475857779
297023	0.0002485038395
297024	0.003455412497
297025	0.006833138654
297026	0.00257303242
297027	0.01445436723
297028	0.007669796414
297029	0.001491867433
297030	0.003889799152
297031	0.01937711723
297032	0.001514033518
297033	0.02053906757
297034	0.003931912024
297035	0.01500129527
297036	0.01922767618
297037	0.008027479643
297038	0.0182836912
297039	0.006889350915
297040	0.005876631082
297041	0.001465073784
297042	0.004856500283
297043	0.01289340384
297044	0.002577150361
297045	0.009711643323
297046	0.01407330324
297047	0.00247909228
297048	0.0004272436692
297049	0.01802021148
297050	0.0002728937764
297051	0.01274246497
297052	0.003477623589
297053	0.01900092128
297054	0.01661084942
297055	0.01697484667
297056	0.01985020234
297057	0.01990391882
297058	0.005308979856
297059	0.01418284497
297060	0.001104267898
297061	0.01097397607
297062	0.01800861946
297063	0.006271504207
297064	0.01529025294
297065	0.001054072556
297066	0.009047925235
297067	0.005234883497
297068	0.01088509681
297069	0.0009105480954
297070	0.004578744072
297071	0.0212656843
297072	0.01241924939
297073	0.007521348026
297074	0.01552003075
297075	0.001399300881
297076	0.002908146033
297077	0.002202723226
297078	0.01763301206
297079	0.01917600082
297080	0.0003502473328
297081	0.01179843502
297082	0.01819065723
297083	0.0021930595
297084	0.01068511939
297085	0.01638970404
297086	0.004341032164
297087	0.007220832335
297088	0.0003565474021
297089	0.01619233747
297090	0.0008200422465
297091	0.01542137197
297092	0.02028519287
297093	0.004008458716
297094	0.00734201532
297095	0.006158985647
297096	0.01538222215
297097	0.01488155663
297098	0.002078620684
297099	0.01480119191
297100	0.007581806353
297101	0.01195774146
297102	0.01773512888
297103	0.02063699161
297104	0.0009750130762
297105	0.001381098342
297106	0.01998066541
297107	0.01489155868
297108	0.01238241809
297109	0.006666025662
297110	0.01846808177
297111	0.0001418127721
297112	0.01445113905
297113	0.01575708523
297114	0.006346939687
297115	0.02091708992
297116	0.000737476963
297117	0.00863299537
297118	0.0005261191708
297119	0.0008161970282
297120	0.01613254159
297121	0.0007299870204
297122	0.01468710843
297123	0.01383680807
297124	0.006209623092
297125	0.001504521711
297126	0.003941455309
297127	0.02081016096
297128	0.01449921608
297129	0.01056856253
297130	0.01556620433
297131	0.001380493443
297132	0.00809590533
297133	0.004689086253
297134	0.01443149549
297135	0.009002036041
297136	0.01771166515
297137	0.00922653074
297138	0.001898471628
297139	0.004094113318
297140	0.02089809822
297141	0.0160450165
297142	0.01094102207
297143	0.009979838859
297144	0.001441882823
297145	0.01277730356
297146	0.01716461724
297147	0.001510959167
297148	0.0005670604485
297149	0.002019871035
297150	0.01827950962
297151	0.002722760687
297152	0.01056530878
297153	0.01083112435
297154	0.02058222578
297155	0.009876866077
297156	0.02023634118
297157	0.01603869974
297158	0.0001696927662
297159	0.01986840456
297160	0.01901360927
297161	0.0120588964
297162	0.005829743139
297163	0.005164061853
297164	0.008343935966
297165	0.00036222481
297166	0.002499124431
297167	0.01332469612
297168	0.008069944505
297169	0.02059334376
297170	0.006020057972
297171	0.02161365109
297172	0.01635004022
297173	0.01035758193
297174	0.01030328924
297175	0.01966518501
297176	0.004351610111
297177	0.007989465788
297178	0.004567118482
297179	0.008007120381
297180	0.002469027767
297181	0.01849893729
297182	0.01200082878
297183	0.01145899799
297184	0.01497275031
297185	0.0008029371349
297186	0.003985169562
297187	0.007081280375
297188	0.0004136750834
297189	0.00716671014
297190	0.001495695193
297191	0.004927444377
297192	0.01632117386
297193	0.006052363215
297194	0.01933072056
297195	0.01957981319
297196	0.01810014922
297197	0.01020348258
297198	0.01160372254
297199	0.003925203876
297200	0.01455205347
297201	0.01657167033
297202	0.01461056857
297203	0.02051633709
297204	0.01772612506
297205	0.006036563665
297206	0.001943892168
297207	0.002645606158
297208	0.01445588498
297209	0.01148535658
297210	0.001206753338
297211	0.01945626308
297212	0.02033940002
297213	0.00756996373
297214	0.01331057752
297215	0.005026537726
297216	0.01825964969
297217	0.02043020669
297218	0.01987920491
297219	0.01545277788
297220	0.002818690125
297221	0.01132724219
297222	0.01466251351
297223	0.0006957803279
297224	0.01397361736
297225	0.01007532483
297226	0.01971147868
297227	0.0158422578
297228	0.01581621314
297229	0.02038619124
297230	0.0001135327869
297231	0.001738090061
297232	0.001185013366
297233	0.01565554211
297234	0.01211666654
297235	0.01346280731
297236	0.01167212318
297237	0.0004020687098
297238	0.0003523307208
297239	0.008723560455
297240	0.004247490753
297241	0.008653367016
297242	0.01558511726
297243	0.009062066801
297244	0.01578302233
297245	0.01238250854
297246	0.01511586593
297247	0.003408118558
297248	0.0006475107531
297249	0.01593029172
297250	0.0003096218506
297251	0.009934695126
297252	0.008839863073
297253	0.01251534273
297254	0.000700636819
297255	0.01517281322
297256	0.01037992296
297257	0.01944754463
297258	0.01819879147
297259	0.01382692586
297260	0.01724712628
297261	0.0008398701268
297262	0.008066473679
297263	0.01538376236
297264	0.00533644347
297265	0.01181500091
297266	0.0006621253337
297267	0.008509299125
297268	0.001188286354
297269	0.01745564473
297270	0.01639806379
297271	0.02120302792
297272	0.002284146253
297273	0.01254281586
297274	0.01563982567
297275	0.001582010346
297276	0.02234399443
297277	0.0132057087
297278	0.01498040339
297279	0.01973949016
297280	0.01036846473
297281	0.01264878943
297282	0.009336556429
297283	0.002029093113
297284	0.02024941297
297285	0.00121665792
297286	0.01404560441
297287	0.002337836115
297288	0.002623312314
297289	0.01329002614
297290	0.008036178613
297291	0.01355949759
297292	0.01984323879
297293	0.009684413493
297294	0.01001892095
297295	0.01521747037
297296	0.01595060103
297297	0.002540252416
297298	0.002641362411
297299	0.01413925552
297300	0.01978549885
297301	0.01266315884
297302	0.004852444172
297303	0.005349626567
297304	0.01034731902
297305	0.006599084604
297306	0.00937505429
297307	0.0114136215
297308	0.0127556754
297309	0.001684348795
297310	0.02125886664
297311	0.0184333284
297312	0.0006171639557
297313	0.005087956548
297314	0.003367626286
297315	0.01678251573
297316	0.02011161542
297317	0.01996688939
297318	0.01268673752
297319	0.01063474626
297320	0.003907972117
297321	0.000701815904
297322	0.0004020623077
297323	0.008321783103
297324	0.01190626195
297325	0.0002891257025
297326	0.01011379534
297327	0.01800224229
297328	0.01440035383
297329	0.01752778496
297330	0.0157193236
297331	0.01735150644
297332	0.01274860829
297333	0.009315525964
297334	0.01997131924
297335	0.006237805502
297336	0.002440781715
297337	0.002653123348
297338	0.0003579647059
297339	0.01075568233
297340	0.008143423073
297341	0.00133553851
297342	0.01170556583
297343	0.01302657636
297344	0.0044581449
297345	0.01367492471
297346	0.006360444339
297347	0.004748025467
297348	0.002361626309
297349	0.01480857067
297350	0.01726779863
297351	0.01135914379
297352	0.004608788899
297353	0.01889247981
297354	0.01520230404
297355	0.0134729143
297356	0.01347180699
297357	0.000935240511
297358	0.007654446263
297359	0.005187289561
297360	0.008239974831
297361	0.01593756827
297362	0.0004562695626
297363	0.01229815569
297364	0.002436925239
297365	0.001403432081
297366	0.001686800867
297367	0.01972727291
297368	0.004765956908
297369	0.00109900041
297370	0.000113715617
297371	0.0007435005069
297372	0.005623578369
297373	0.000873233886
297374	0.006654867394
297375	0.00820698375
297376	0.004216430084
297377	0.0009601019229
297378	0.0005821918189
297379	0.004866977084
297380	0.003598175594
297381	0.00155743746
297382	0.004552172247
297383	0.006959761833
297384	0.002402384899
297385	0.004999132738
297386	0.004323726368
297387	0.0003992404387
297388	0.004291156471
297389	0.006410832199
297390	0.002176489111
297391	0.0004907100526
297392	0.0003254682459
297393	0.001413114927
297394	0.005420079113
297395	0.0004174529699
297396	0.001195590924
297397	0.003518464444
297398	0.00215260861
297399	0.00562193129
297400	0.01585196126
297401	0.001184373811
297402	0.007378943456
297403	0.004772820811
297404	0.00157829198
297405	0.007604222217
297406	0.0004637160736
297407	0.009366406579
297408	0.0002477750479
297409	0.0006606590211
297410	0.004284046763
297411	0.009491798912
297412	0.003867145722
297413	0.001582626275
297414	0.0005537505498
297415	0.004830098904
297416	0.0004304919152
297417	0.003851911467
297418	0.005581626507
297419	0.004417523207
297420	0.007617896519
297421	0.001216789485
297422	0.008415381178
297423	0.004884211772
297424	0.006323313684
297425	0.0003442906833
297426	0.005544960068
297427	0.001158042393
297428	0.001191216775
297429	0.002249828522
297430	0.0002318314095
297431	0.004832866704
297432	0.002226859316
297433	0.0004286172428
297434	0.0020015659
297435	0.0004788215676
297436	0.003227080033
297437	0.004345563047
297438	0.005189156211
297439	0.003079034339
297440	0.002307131541
297441	0.001316415728
297442	0.002525206615
297443	0.006929508358
297444	0.002332921367
297445	0.003241458101
297446	0.007599825968
297447	0.00318236647
297448	0.01421681593
297449	0.0004789136894
297450	0.006040983197
297451	0.0009580327327
297452	0.004910994931
297453	0.007424151368
297454	0.004952447736
297455	0.00321048789
297456	0.001789666693
297457	0.007852620253
297458	0.004659427891
297459	0.005441784939
297460	0.0009855868692
297461	0.001537496144
297462	0.003571225825
297463	0.006044330189
297464	0.008154308318
297465	0.002231441358
297466	0.002777067487
297467	0.002123820046
297468	0.001543123553
297469	0.002857538619
297470	0.006847743684
297471	0.003189781926
297472	0.002142716252
297473	0.001850508344
297474	0.002956736629
297475	0.001757241506
297476	0.004216357879
297477	0.0004654360017
297478	0.001212059004
297479	0.008074068825
297480	0.006979266009
297481	0.0006112338068
297482	0.003255869407
297483	0.01143845058
297484	0.001893667361
297485	0.003589144938
297486	0.008883980146
297487	0.006872941614
297488	0.001204574419
297489	0.000438512456
297490	0.004398902002
297491	0.003536855469
297492	0.004717010064
297493	0.004144577495
297494	0.005373486969
297495	0.01186486774
297496	0.003982117208
297497	0.00197664327
297498	0.003830625064
297499	0.006968752164
297500	0.004615367321
297501	0.008646638237
297502	0.008441280362
297503	0.00133231168
297504	0.001512190934
297505	0.002695846377
297506	0.01067539291
297507	0.01078749417
297508	0.004258301753
297509	0.0004399561455
297510	0.003554235296
297511	0.003400096211
297512	0.006635741146
297513	0.01034259942
297514	0.001284619418
297515	0.004745774496
297516	5.78559337e-06
297517	0.008272662092
297518	0.0001854697265
297519	0.001150848693
297520	0.005337234476
297521	0.005549777091
297522	0.001716852483
297523	0.005289810974
297524	0.006569791761
297525	0.003540082756
297526	0.004714068607
297527	0.00687786027
297528	0.004111522684
297529	0.001577123141
297530	0.001277604513
297531	0.01254193682
297532	0.002485579905
297533	0.002653972297
297534	0.002923642651
297535	0.008018198419
297536	0.009983326758
297537	0.01312041748
297538	0.005232642398
297539	0.0003686042002
297540	0.008478526637
297541	0.0006174106324
297542	0.004086070308
297543	0.004297740459
297544	0.006676564598
297545	0.001754076912
297546	0.001853564506
297547	0.002293492754
297548	0.01358481062
297549	0.01311842059
297550	0.003806837529
297551	0.005249785193
297552	0.007154074156
297553	0.004349451249
297554	0.003798729625
297555	0.005576909973
297556	7.94342434e-05
297557	0.002150859493
297558	0.002720034982
297559	0.005061420774
297560	0.006219253913
297561	0.01456821756
297562	0.004371444382
297563	0.002033824199
297564	0.0007340632184
297565	0.002621024758
297566	0.002798280653
297567	0.004487961631
297568	0.003206001776
297569	0.001037745581
297570	0.0004906692968
297571	0.0003283965523
297572	0.003224093967
297573	0.007673510564
297574	0.003342739884
297575	0.001317665126
297576	0.001527210234
297577	0.001563990361
297578	0.002587503588
297579	0.01140392397
297580	0.006337882568
297581	0
297582	0.002683360429
297583	0.002239737589
297584	0.002822358182
297585	0.007002177969
297586	0.001824316381
297587	0.008850343114
297588	0.002145552352
297589	0.009795980252
297590	0.007107974494
297591	0.003179514904
297592	0.003047492885
297593	0.002181178994
297594	0.003586863087
297595	0.004785579839
297596	0.004772825985
297597	0.003621500254
297598	0.00304510054
297599	0.006647358854
297600	0.003187336213
297601	0.003295973758
297602	0.001862701869
297603	0.005792206957
297604	0.002856052435
297605	0.004511574326
297606	0.002252735887
297607	0.003696077362
297608	0.003975642163
297609	0.003786107903
297610	0.001205253525
297611	0.009683991883
297612	0.001982715991
297613	0.003302460147
297614	0.01016495989
297615	0.001859693563
297616	0.0005661578033
297617	0.01110187411
297618	0.002354894966
297619	0.00816115537
297620	0.006964137747
297621	0.006120807106
297622	0.002373453246
297623	0.007166848118
297624	0.005394365973
297625	0.0002684296408
297626	0.003981929077
297627	0.004549272153
297628	1.964176407e-05
297629	0.007168442143
297630	0.00184450076
297631	0.008303883255
297632	0.00469718706
297633	0.0004465439773
297634	0.0007333248212
297635	0.001032151359
297636	0.002963992038
297637	0.001063458414
297638	0.002705188082
297639	0.0002491740452
297640	0.009600900157
297641	0.004040383685
297642	0.004719269484
297643	0.006788009297
297644	0.003181760246
297645	0.001360637445
297646	0.0006338812281
297647	0.01159134178
297648	0.005649868547
297649	0.01151845497
297650	0.001511864902
297651	0.005257523963
297652	0.006329658611
297653	0.006349656764
297654	0.003616508312
297655	0.004442989677
297656	0.004002465502
297657	0.004471866876
297658	0.002965061845
297659	0.01111301297
297660	0.01480004941
297661	0.0007130063166
297662	0.001814856007
297663	0.001447267972
297664	0.007356179657
297665	0.0009626278037
297666	0.005047861604
297667	0.01181337756
297668	0.006836459129
297669	0.001714985735
297670	0.005824575514
297671	0.001623749229
297672	0.009668244886
297673	0.0002229189664
297674	0.01281149312
297675	0.001687852969
297676	0.00176637407
297677	0.008010987748
297678	0.002726780058
297679	0.001076971982
297680	0.0004332778448
297681	0.002865047574
297682	0.003381659211
297683	0.01003632651
297684	0.005736442501
297685	0.00328872616
297686	0.002748843052
297687	0.004749767935
297688	0.006435329744
297689	0.0007944960184
297690	0.00438239547
297691	0.0006442034068
297692	0.002673154638
297693	0.009689043925
297694	0.00144150513
297695	0.004989873096
297696	0.001043606891
297697	0.009415277054
297698	0.01039395915
297699	0.003312781119
297700	0.0007787299339
297701	0.0007244594648
297702	0.007436773094
297703	0.005150674694
297704	0.002804659629
297705	0.00174496097
297706	0.0008548005785
297707	0.001662909738
297708	0.004605518341
297709	0.0001142455105
297710	0.008725052872
297711	0.01275239948
297712	0.003791555337
297713	0.006742140291
297714	0.0007784526873
297715	0.0004398693048
297716	0.0004007099491
297717	0.004089064494
297718	0.007800857436
297719	0.00947718953
297720	0.0001222338997
297721	0.002744146627
297722	0.008382275942
297723	0.004343529815
297724	0.005890684374
297725	0.004286048702
297726	0.001719141103
297727	0.003984220681
297728	0.0006738805488
297729	0.002816066052
297730	0.00845203912
297731	0.004945259623
297732	0.009060590312
297733	0.009504773878
297734	0.001910045057
297735	0.002984856991
297736	0.005211191694
297737	0.01421654767
297738	0.000679820931
297739	0.003441713756
297740	0.004369785781
297741	0.003737652989
297742	0.004732710666
297743	0.01041949711
297744	0.0007552510152
297745	0.0008070122126
297746	0.006522618171
297747	0.003236983403
297748	0.001381535345
297749	0.002519955311
297750	0.0004571995867
297751	0.004641015946
297752	0.003696389564
297753	0.001361683204
297754	0.006158147845
297755	0.01263061282
297756	0.00082704667
297757	0.0008822029181
297758	0.004838339344
297759	0.00311685319
297760	0.003992590479
297761	0.001358605127
297762	0.0005048881386
297763	0.008755474426
297764	0.01715012486
297765	0.00246968777
297766	6.265938978e-05
297767	0.007614290683
297768	0.0005311824662
297769	0.002794790698
297770	0.005232370463
297771	0.0004460677367
297772	0.001380254084
297773	0.007496735506
297774	0.006694365039
297775	0.007917599181
297776	0.01054355927
297777	0.003808715144
297778	0.001572156214
297779	0.0007686777579
297780	0.002860732724
297781	0.003038552493
297782	0.001130854923
297783	0.005756360819
297784	0.004226076995
297785	0.007947601418
297786	0.005055709558
297787	0.002111843566
297788	0.002105694227
297789	0.0004929069483
297790	0.006899964782
297791	0.001283441536
297792	0.005546604505
297793	0.009997896125
297794	0.001222591127
297795	0.007647447782
297796	0.003544776801
297797	0.004628266308
297798	0.003153512119
297799	0.003436854453
297800	0.008866863278
297801	0.001295825464
297802	0.009434927213
297803	0.002874901269
297804	0.00155963023
297805	0.0003357698754
297806	0.0009357282168
297807	0.004448669828
297808	0.000824911297
297809	0.006988234077
297810	0.01038826044
297811	0.003789167414
297812	0.01147073335
297813	0.00253776696
297814	0.006163026735
297815	0.003965825025
297816	0.006091191856
297817	0.004730162354
297818	0.008171707199
297819	0.004040534821
297820	0.005079964319
297821	0.001911703085
297822	0.01153699433
297823	0.002614660978
297824	0.002695770246
297825	0.005794026766
297826	6.102823115e-05
297827	0.0001400946127
297828	0.0008237113356
297829	0.01005321398
297830	0.01532661671
297831	0.007245134029
297832	0.002077872126
297833	0.005147080484
297834	0.004534624863
297835	0.006931312628
297836	0.005018479655
297837	0.00588057951
297838	0.00369376688
297839	0.008869162649
297840	0.00480232635
297841	0.003852366713
297842	0.001532921811
297843	0.003801639811
297844	0.009489386676
297845	0.001126507202
297846	0.003051332536
297847	0.007791733074
297848	0.001071963524
297849	0.000733714133
297850	0.004419226683
297851	0.01115820946
297852	2.476608542e-05
297853	0.002216588164
297854	0.0002619135946
297855	0.005055132054
297856	0.007249620954
297857	0.006340914595
297858	0.007369157354
297859	0.006231055794
297860	0.000610109848
297861	0.001376252508
297862	0.01221053812
297863	0.002496409939
297864	0.00702609803
297865	0.006594641259
297866	0.00238797406
297867	0.001952983985
297868	0.000316220479
297869	0.003199178634
297870	0.003224534836
297871	0.003440633112
297872	0.0009165189235
297873	0.003108425281
297874	0.000584436282
297875	0.000477098685
297876	0.005743898636
297877	0.002642944387
297878	0.006880729492
297879	0.001530932343
297880	0.001037142527
297881	0.000538339452
297882	0.003438244103
297883	0.00109467922
297884	0.003480279559
297885	0.006212160034
297886	0.003832021411
297887	0.00321485403
297888	0.01080524218
297889	0.005628314155
297890	0.0001165143973
297891	0.002020106444
297892	0.005542824017
297893	0.004270483499
297894	0.005860917004
297895	0.01199355634
297896	0.003153867478
297897	0.0003433207265
297898	0.002034125163
297899	0.009671071404
297900	0.000117592699
297901	0.002966653528
297902	0.004991977517
297903	0.006261751637
297904	0.001958288326
297905	0.006754685231
297906	0.002903590346
297907	0.002444586551
297908	0.003324555542
297909	0.006424962315
297910	0.001068038985
297911	0.0009993224617
297912	0.005158405674
297913	0.002052596608
297914	0.004923823568
297915	0.002327356427
297916	0.001102561529
297917	0.00665882751
297918	0.001238130912
297919	0.0002241752282
297920	0.003535050597
297921	0.004886189693
297922	0.0001158604624
297923	0.0025601849
297924	0.01397473113
297925	0.001219074441
297926	0.0001835955974
297927	0.006122199204
297928	0.001708173432
297929	0.004225040068
297930	0.001829168019
297931	0.01277370524
297932	0.002676062469
297933	0.007688403963
297934	0.00513489098
297935	0.005891696042
297936	0.00500077679
297937	0.001115753223
297938	0.007464522806
297939	0.001889187326
297940	0.007704563834
297941	0.005278893904
297942	0.01032695759
297943	0.00422816662
297944	0.0002772390039
297945	0.002703749609
297946	0.004614543309
297947	0.004669170277
297948	0.006038951166
297949	0.002999558341
297950	0.003821603076
297951	0.01006705385
297952	0.003631605046
297953	0.008404121724
297954	0.003622464083
297955	0.0002121699388
297956	0.0009628240778
297957	0.0004741406307
297958	1.263698537e-05
297959	0.002792220103
297960	0.008627914145
297961	0.003389242274
297962	0.001355657217
297963	0.001632291116
297964	0.01354454277
297965	0.002488657831
297966	0.004667614935
297967	0.002521446375
297968	0.008364619942
297969	0.01062937387
297970	0.001495350046
297971	0.001920705611
297972	0.008160546678
297973	0.003490495885
297974	0.00463697738
297975	0.00785894001
297976	0.00623403239
297977	0.0002890777668
297978	0.006928661222
297979	0.007352237506
297980	0.0009161337518
297981	0.009683333747
297982	0.001451547265
297983	2.976578022e-05
297984	0.005561242656
297985	0.001510483531
297986	0.008072148058
297987	0.00557541414
297988	0.00915140221
297989	0.001098974057
297990	0.005683778545
297991	0.004126080539
297992	0.006762214207
297993	0.0004572466747
297994	0.0002409665087
297995	0.006740255762
297996	0.009825188558
297997	0.004864462823
297998	0.001946884916
297999	0.001250406065
298000	0
298001	0.006077671949
298002	0.001693856349
298003	0.008375141384
298004	0.005300206682
298005	0.006858736402
298006	7.913628498e-05
298007	0.006202703004
298008	0.005161624682
298009	0.003740332877
298010	0.0007053597972
298011	0.005359947389
298012	0.00945992313
298013	0.004948092449
298014	0.005690217781
298015	0.004741627444
298016	0.007300316513
298017	0.01715269998
298018	0.0007507614383
298019	0.0005336703903
298020	0.001675563243
298021	0.001928106257
298022	0.0008244126008
298023	0.00621141118
298024	0.005058876694
298025	0.0001811310702
298026	0.01370866009
298027	0.004187583493
298028	0.0001366985402
298029	0.00192783696
298030	0.003022642029
298031	0.005966280473
298032	0.002590289637
298033	0.003889294902
298034	0.009788457544
298035	0.006089795682
298036	0.002624092758
298037	0.002174033302
298038	0.004604349027
298039	0.008846970529
298040	0.007591932064
298041	0.004724569273
298042	0.006208277739
298043	0.004706524978
298044	0.01107953817
298045	0.00494905337
298046	0.001798738407
298047	0.00625801394
298048	0.003677714419
298049	0.001962115455
298050	0.00031401427
298051	0.008974068018
298052	0.004543695882
298053	0.002830122239
298054	0.01150731498
298055	0.002868091177
298056	0.01107133143
298057	0.001943277759
298058	0.001602943044
298059	0.003418903422
298060	0.001536022133
298061	0.001358725444
298062	0.01324543822
298063	0.01529875093
298064	0.006227511765
298065	0.005931442269
298066	0.006033396131
298067	0.01230554583
298068	0.0002213286381
298069	0.005615358248
298070	0.003185470925
298071	0.008392531914
298072	0.002334066501
298073	0.002041305367
298074	0.00239003231
298075	0.007538599949
298076	0.01486381115
298077	0.0002793728783
298078	0.005235654409
298079	0.0161791685
298080	0.003453215596
298081	0.0008474820915
298082	0.009721267874
298083	0.002744222647
298084	0.00290373231
298085	0.0006622986657
298086	0.003609083386
298087	0.002777854461
298088	0.006562361411
298089	0.008334682164
298090	0.005505290789
298091	0.008116004964
298092	0.003680518849
298093	0.002363067055
298094	0.008458484929
298095	0.008637147816
298096	0.0006685976621
298097	0.004771559464
298098	0.006449971534
298099	0.005842267086
298100	0.01312876967
298101	0.001675630963
298102	0.002773068622
298103	0.0001537913395
298104	0.003077037962
298105	0.0005902041372
298106	0.007640600047
298107	0.003771730044
298108	0.01553479764
298109	0.001164302969
298110	0.0009941923844
298111	0.004026786964
298112	0.002814250087
298113	0.004153326179
298114	0.0001293365481
298115	0.007126248646
298116	0.00490915151
298117	0.004102348428
298118	0.001877146011
298119	0.005180915702
298120	0.002673210842
298121	0.0007752513604
298122	0.005536354174
298123	0.006454996693
298124	0.004859229605
298125	0.002736645477
298126	0.006484428312
298127	0.0009841172362
298128	0.007141782363
298129	0.008038236323
298130	0.004689648988
298131	0.01331650858
298132	0.003303365458
298133	0.008249103083
298134	0.002825352695
298135	0.00196069258
298136	0.0116610662
298137	0.009110832619
298138	0.004184616271
298139	0.00226919084
298140	0.0002724378959
298141	0.003734585239
298142	8.382911954e-05
298143	0.004405805569
298144	0.004081052669
298145	0.0004777639938
298146	0.008917510526
298147	0.0001139922496
298148	0.003558614664
298149	0.008429732939
298150	0.001336376512
298151	0.00532339363
298152	0.00628648935
298153	0.002293987844
298154	0.003398821748
298155	0.004715343564
298156	0.006708704521
298157	0.00672255627
298158	0.002266388108
298159	0.000114795876
298160	0.008818937185
298161	0.0005384416385
298162	0.0001160273062
298163	0.01427820322
298164	0.001701306685
298165	0.000878150576
298166	0.005792929737
298167	0.005818324814
298168	0.0001916482516
298169	0.006359988076
298170	0.00248064823
298171	0.008589107396
298172	0.003294314343
298173	0.01426925569
298174	0.0003333498424
298175	0.003527883792
298176	0.002702409862
298177	0.006234950906
298178	0.008822072695
298179	0.005353718374
298180	0.003436265001
298181	0.01051650258
298182	0.006149611705
298183	0.00611651566
298184	0.001538218755
298185	0.006879475396
298186	0.004199378158
298187	0.005735134883
298188	0.009127401501
298189	0.006873998763
298190	0.003896797285
298191	0.005042738905
298192	0.002001174082
298193	0.002506064081
298194	0.001503501575
298195	0.002101196875
298196	0.000306457726
298197	0.002659395124
298198	0.00270225779
298199	0.00736474956
298200	0.005044521119
298201	0.001777488769
298202	0.0016050978
298203	0.003153841894
298204	0.005272704374
298205	0.004802318462
298206	0.002821198379
298207	0.005239805324
298208	0.006760609841
298209	0.009321053528
298210	0.001196595625
298211	0.005910677494
298212	0.003556439137
298213	0.00525141715
298214	0.006712318225
298215	0.00124976893
298216	0.006981969235
298217	0.00195169979
298218	0.001077201319
298219	0.01043446768
298220	0.002403324767
298221	0.006577220594
298222	0.01042135848
298223	0.007629927086
298224	0.008708367236
298225	0.001942666785
298226	0.009071683744
298227	0.007797725468
298228	0.005395680974
298229	0.002719438709
298230	0.001440819849
298231	0.001484373242
298232	0.0003063823141
298233	0.00216688238
298234	0.001006606021
298235	0.006965036288
298236	0.003569176454
298237	0.0006896532882
298238	0.007036621213
298239	0.003432797014
298240	0.01434658231
298241	0.001779040473
298242	0.00384799123
298243	0.006512775457
298244	0.001518167056
298245	0.003153075263
298246	0.001258068414
298247	0.004634112705
298248	0.002928936241
298249	0.0006584713173
298250	0.001838181887
298251	0.003321807798
298252	0.01109092904
298253	0.000447496889
298254	0.00628292972
298255	0.005490141168
298256	0.005425053874
298257	0.0002264577284
298258	0.001843921326
298259	0.004448448788
298260	0.002999435551
298261	0.008802751091
298262	0.0001302927172
298263	0.001627350521
298264	0.01280346258
298265	0.005455479519
298266	0.009276165678
298267	0.006214077981
298268	0.002020500958
298269	0.003069327948
298270	0.004872869396
298271	0.005059444311
298272	0.007754998736
298273	1.390571215e-06
298274	0.003222304444
298275	0.0008797996384
298276	0.003095651453
298277	0.0003360386082
298278	0
298279	0.002265839491
298280	0.003682790343
298281	0.006999003784
298282	0.001201779442
298283	0.008889295159
298284	0.0009144665457
298285	0.01762952759
298286	0.0001059353251
298287	0.0007928673046
298288	0.007267689083
298289	0.004271296407
298290	0.006112456193
298291	0.0029728868
298292	0.0002406826496
298293	0.003534750267
298294	0.004598392134
298295	0.01130541869
298296	0.001529267222
298297	0.005389637544
298298	0.001029754611
298299	0.0004132764479
298300	0.009342624373
298301	0.005431210607
298302	0.004552564014
298303	0.004388509028
298304	0.0006862201739
298305	0.0002237600409
298306	0.006299147667
298307	0
298308	0.0001630818808
298309	0.009406037664
298310	0.0007815225209
298311	0.008135780829
298312	0.007780511671
298313	0.004828391824
298314	0.005849566373
298315	0.004922359598
298316	0.002058491163
298317	0.003309851002
298318	0.001503269804
298319	0.0003174255664
298320	0.0001377974178
298321	0.01408721401
298322	0.005869778024
298323	0.000714032349
298324	0.003907020116
298325	0.005529026668
298326	0.001060995013
298327	0.007385069228
298328	0.004445165117
298329	0.003481372603
298330	0.0001414045296
298331	0.007595119842
298332	0.0009625903847
298333	0.007881526024
298334	0.0008898301421
298335	0.0005780866422
298336	0.002275984557
298337	0.004017484439
298338	0.006107507578
298339	0.0008674594678
298340	0.01304893227
298341	0.0009649347588
298342	0.001509961092
298343	0.01246335534
298344	0.005685607885
298345	0.006204742973
298346	0.002740445422
298347	0.008046850102
298348	0.006091748575
298349	0.005265147282
298350	0.005773659844
298351	0.01124685022
298352	0.0008686355701
298353	0.004824302785
298354	0.001515313601
298355	0.008262746164
298356	0.002891468257
298357	0.009780010371
298358	0.003454000659
298359	0.0004636665714
298360	0.008689121439
298361	0.005659727339
298362	0.002039321552
298363	0.001670212135
298364	0.001122080755
298365	0.00516942385
298366	0.003160386152
298367	0.002641241721
298368	0.002168691245
298369	0.002073821298
298370	6.927572939e-05
298371	0.00658259549
298372	0.002024530003
298373	0.006050695311
298374	0.004370308851
298375	0.0007440503492
298376	0.002791430088
298377	0.001712526602
298378	0.001808792838
298379	0.003595368594
298380	0.00178179427
298381	0.003325738511
298382	0.008372512106
298383	0.001133916821
298384	0.003388704536
298385	0.004278474082
298386	0.006526182146
298387	0.004836562098
298388	0.001416004475
298389	0.0002431085357
298390	0.004155191165
298391	0
298392	0.0009600381521
298393	0.003792500346
298394	0.003711140668
298395	0.006652228364
298396	0.002017132522
298397	0.006934195637
298398	0.002680770551
298399	0.006992437577
298400	0.005135146336
298401	0.005048394094
298402	0.004484366293
298403	0.008604181473
298404	0.005282470696
298405	0.004157897374
298406	0.004703546484
298407	0.0006839913657
298408	0.009265317878
298409	0.005751547094
298410	0.003623541908
298411	0.005400556304
298412	0.0006933244513
298413	7.166442687e-05
298414	0.002332627757
298415	0.007908594331
298416	0.005276355691
298417	0.006489429923
298418	0.00417790519
298419	0.007931836736
298420	0.0006425711149
298421	0.0004949594365
298422	0.008777270362
298423	0.00396333265
298424	0.001025067479
298425	0.002049133842
298426	0.001018754758
298427	0.001426040767
298428	0.001034223207
298429	0.005844706485
298430	0.008720179914
298431	0.002531094975
298432	0.003462781686
298433	0.002799606174
298434	0.00889345769
298435	0.004986733939
298436	0.003156407397
298437	0.007135655017
298438	0.00156920089
298439	0.00274592789
298440	0.000879574657
298441	0.0002612426491
298442	0.00794943769
298443	0.008651500043
298444	0.006509100421
298445	0.007004424304
298446	0.0008561952849
298447	0.005604207848
298448	0.005306403366
298449	0.008591769153
298450	0.00286738729
298451	0.0007846196326
298452	0.009748853265
298453	0.002134523488
298454	0.003043787492
298455	0.009637854567
298456	0.0002541468921
298457	0.007050459449
298458	0.0006143741473
298459	0.007267567856
298460	0.004755709154
298461	0.0008630395121
298462	0.002270015212
298463	0.0003994826709
298464	0.005635309194
298465	0.002865378659
298466	0.0005687650819
298467	0.000259876848
298468	0.00305088868
298469	0.002081607209
298470	0.005643305613
298471	0.002715813045
298472	0.003681289937
298473	0.000785892398
298474	0.004571912727
298475	0.006025424077
298476	0.009954511676
298477	0.008122708427
298478	0.009893468518
298479	0.0001039824382
298480	0.005154657273
298481	0.002735771116
298482	0.007807040917
298483	0.00146686771
298484	0.002721836461
298485	0.00655565385
298486	0.008684311176
298487	0.002261492636
298488	0.002856952549
298489	0.002983089743
298490	0.006543731844
298491	0.003839067873
298492	0.003964551604
298493	0.001607375687
298494	9.640695993e-05
298495	0.00611293709
298496	0.009114528292
298497	0.005840928397
298498	0.002378459778
298499	0.0126268732
298500	0.004320246513
298501	0.003225202896
298502	0.007679880774
298503	0.001389366899
298504	0.007554951107
298505	0.005321018456
298506	0.007010757679
298507	5.375808198e-06
298508	0.002678640246
298509	0.004606298074
298510	0.003178716285
298511	0.002484195688
298512	0.005086634597
298513	0.006409431884
298514	0.001688415439
298515	0.003443903014
298516	0.007069420216
298517	0.006999129443
298518	0.0113712055
298519	0.003465884873
298520	0.006948458841
298521	0.003067809436
298522	0.007292722401
298523	0.004215466698
298524	0.00025358564
298525	0.006495144808
298526	0.007803297354
298527	0.003676199664
298528	0.002909869503
298529	0.003678882804
298530	0.0008583754735
298531	0.004602338674
298532	0.0009098009848
298533	0.005574656451
298534	0.007961553782
298535	0.002835593733
298536	0.001442555262
298537	0.004723489072
298538	0.001254648418
298539	0.005338591693
298540	0.000393713261
298541	0.004601466802
298542	0.002293757844
298543	0.007246888281
298544	0.002698449894
298545	0.004507419555
298546	0.004068170286
298547	0.0034414781
298548	0.007836741751
298549	0.00500498122
298550	0.007167591285
298551	0.001577945703
298552	0.005051539374
298553	0.004828093167
298554	0.007942637309
298555	0.004257683001
298556	0.007164246604
298557	0.005917783504
298558	0.01418694854
298559	0.0002515160839
298560	0.001862324864
298561	0.001815948562
298562	0.004327207095
298563	0.002514929073
298564	0.01163136069
298565	0.007245347816
298566	0.0002372630629
298567	0.0009726519518
298568	0.004085565479
298569	0.009183217777
298570	0.002370381479
298571	0.01078798646
298572	0.001625783551
298573	0.002178962091
298574	0.00219186932
298575	0.00233105037
298576	0.007132889459
298577	0.00616000462
298578	0.00344198484
298579	0.004799440636
298580	0.002959018802
298581	0.003794549457
298582	0.002814909449
298583	0.01163356858
298584	0.007163492268
298585	0.005408037924
298586	0.004250504216
298587	0.006980688669
298588	0.00344424698
298589	0.003957771142
298590	0.0002223704701
298591	0.00696214193
298592	0.0031540784
298593	0.0005062973187
298594	0.001218550038
298595	0.001258869562
298596	0.006820806968
298597	0.002617227596
298598	0.003225893862
298599	0.004558933855
298600	0.009238247461
298601	0.001325161358
298602	0.007313493631
298603	0.006185436987
298604	0.002921617895
298605	0.01060080411
298606	0.003243450392
298607	0.004814264739
298608	0.003014136109
298609	0.002123920845
298610	0.001959759744
298611	0.009537213311
298612	0.000370237446
298613	0.005931760551
298614	0.004619720109
298615	0.0005395845529
298616	0.005153443304
298617	0.0002123601645
298618	0.006632099782
298619	0.005634071374
298620	0.004045872006
298621	0.002221513717
298622	0
298623	0.01541856663
298624	0.002174677387
298625	0.002810374873
298626	0.002174743753
298627	0.004496724105
298628	0.001391765722
298629	0.0008942304608
298630	0.001779345362
298631	0.007554206778
298632	0.0003021100476
298633	0.003570856321
298634	0.007619907638
298635	0.002238401212
298636	0.001240711533
298637	0.006675124117
298638	0.002735809704
298639	0.001693380199
298640	0.006014548402
298641	0.001065875275
298642	0.001437940526
298643	0.002384622768
298644	0.004894235817
298645	0.003683631691
298646	0.007334713372
298647	0.004300451662
298648	0.003778984212
298649	0.005343958882
298650	0.008400391785
298651	0.000174319812
298652	0.007272865091
298653	0.003187474772
298654	0.007888194801
298655	0.00165395144
298656	0.003566432334
298657	0.005798387561
298658	0.01389543545
298659	0.002617032038
298660	0.004278198939
298661	0.001118417155
298662	0.008141530164
298663	0.0005390727948
298664	0.001190295
298665	3.93004832e-05
298666	0.007466225602
298667	0.006574414533
298668	0.003251073318
298669	0.001955812644
298670	0.002711547161
298671	0.001604139852
298672	0.001919206712
298673	0.002734097134
298674	0.0007080635107
298675	0.0001264019573
298676	0.008568923019
298677	0.005269943131
298678	0.002249792911
298679	0.007934455221
298680	0.003350117216
298681	0.007289597153
298682	0.008681191564
298683	0.01067041326
298684	0.0007730822251
298685	0.004540954781
298686	0.0104866489
298687	0.001848974542
298688	0.0117891914
298689	0.002506321001
298690	0.002279439277
298691	0.001868322094
298692	0.005750738764
298693	0.01010258939
298694	0.003192676653
298695	0.00204564964
298696	0.005036212003
298697	0.002129482341
298698	0.002602133925
298699	0.0127564307
298700	0.003667050771
298701	0.008709177977
298702	0.007093147226
298703	0.003619026331
298704	0.005116165089
298705	0.001042330175
298706	0.0008641279329
298707	0.002285855294
298708	0.002807283738
298709	0.0003692228071
298710	0.001927224873
298711	0.004922200205
298712	0.0164965304
298713	0.0004015170473
298714	0.005127028191
298715	0.0004893407872
298716	0.003416373453
298717	0.006451952938
298718	0.004161766723
298719	0.002798951487
298720	0.002524407198
298721	0.002176090142
298722	0.001199479679
298723	0.01019154022
298724	0.005966773863
298725	0.008932185571
298726	0.003292194495
298727	0.001541005799
298728	0.000730360668
298729	0.007363193266
298730	0.002845613753
298731	0.001410710792
298732	0.009203637209
298733	0.01011473367
298734	0.002101416308
298735	0.004730158947
298736	0.003759562713
298737	0.00590245453
298738	0.005115683952
298739	0.01086135703
298740	0.0005579792249
298741	0.002743025879
298742	0.005627451333
298743	0.0001107320794
298744	0.008803572448
298745	0.0008017504878
298746	0.001579128687
298747	0.01037462777
298748	0.009738756184
298749	0.004280904673
298750	0.003294307754
298751	0.0005203915628
298752	0.003946688579
298753	0.002205101367
298754	0.003035536749
298755	0.0006363773348
298756	0.002106204866
298757	0.001184643117
298758	0.004667973972
298759	0.01377746149
298760	0.01100368025
298761	0.002012478752
298762	0.007536202635
298763	0.01141646003
298764	0.001820809371
298765	0.001407568088
298766	0.01104646823
298767	0.00070874108
298768	0.0005743293626
298769	0.005426883718
298770	0.0168872549
298771	0.0001263640403
298772	0.002036830555
298773	4.136452469e-05
298774	0.005380884534
298775	0.003961914339
298776	0.006272098117
298777	0.008706817197
298778	0.01099391005
298779	0.006490654647
298780	0.002053313123
298781	0.002371945407
298782	0.006501675326
298783	0.005151838836
298784	0.004312379648
298785	0.0002129222731
298786	0.004451780287
298787	0.0001774874157
298788	0.0002346344848
298789	3.987590275e-05
298790	0.005255626892
298791	0.009459507326
298792	0.0006124494786
298793	0.001937815254
298794	0.002836176193
298795	0.009302211347
298796	0.001191786803
298797	0.003167932512
298798	0.002662323914
298799	0.0001789829447
298800	0.008170365948
298801	0.001436654303
298802	0.00661402344
298803	0.0007176559224
298804	0.01003015872
298805	0.000860936938
298806	0
298807	0.008486012617
298808	0.00785737604
298809	0.006119477398
298810	0.0006788907289
298811	0.0008751288748
298812	0.005262839188
298813	0.01185342313
298814	0.01127487632
298815	0.01690854809
298816	0.001191508341
298817	0.005736643214
298818	0.006013911253
298819	0.001928152344
298820	0.002493420129
298821	0.001372504348
298822	0.003005274084
298823	0.002237656817
298824	0.0006189052094
298825	0.007786845972
298826	0.005714394551
298827	0.007436782458
298828	0.006814085833
298829	0.0008264826077
298830	0.00903598073
298831	0.0006800980742
298832	0.0007018833145
298833	0.0006173035249
298834	0.005455858085
298835	0.003148691523
298836	0.002494573754
298837	0.0007022423275
298838	0.0002014562025
298839	0.01004049971
298840	0.01060747285
298841	0.001043907326
298842	0.00684384776
298843	0.001823279025
298844	0.001714895218
298845	0.01193891574
298846	0.001455713964
298847	0.000232774936
298848	0.001048649929
298849	0.001289006492
298850	0.009741730041
298851	0.00562712986
298852	0.01165171099
298853	0.0026234447
298854	0.007242090446
298855	0.008819589642
298856	0.00109872476
298857	0.001700244871
298858	0.008383017576
298859	0.007815527081
298860	0.004345690336
298861	0.000234837412
298862	0.0001922465268
298863	0.001083752673
298864	0.002584691656
298865	0.001161952563
298866	0.009683935789
298867	0.003724282648
298868	0.006351678878
298869	0.001938641805
298870	0.001479834629
298871	0
298872	0.001378771238
298873	0.002017057473
298874	0.001805079547
298875	0.0012068508
298876	0.0002297152988
298877	0.0001126610528
298878	0.01100864517
298879	0.003466010293
298880	0.005370809274
298881	0.01051776119
298882	0.006977338521
298883	0.002141542998
298884	0.001455101636
298885	0.003314574043
298886	0.005235373715
298887	0.02090544057
298888	0.0001454262491
298889	0.005541668994
298890	0.006587687407
298891	0.003243974341
298892	0.004716831833
298893	0.001184281678
298894	0.002000243339
298895	0.003292956911
298896	0.007969923562
298897	0.00270396689
298898	0.0005172974725
298899	0.003839310075
298900	0.00222978087
298901	0.003098601326
298902	0.003426996191
298903	0.0003397709418
298904	0.002007856018
298905	0.005448122832
298906	0.006288642355
298907	0.005135748804
298908	0.006852444298
298909	0.002995495249
298910	0.004165295504
298911	0.00208373297
298912	0.001902686826
298913	0.007657344874
298914	0.004360012806
298915	0.001965892499
298916	0.005319478094
298917	0.0008657091372
298918	0.009391825184
298919	0.003131873306
298920	0.0004700943803
298921	0.00275495465
298922	0.005873521498
298923	0.005841381982
298924	0.001929378052
298925	0.007562319679
298926	0.004965247346
298927	0.01132426464
298928	0.006670718733
298929	0.006219106344
298930	0.004182575816
298931	0.0007982606008
298932	0.004468666096
298933	0.003608829343
298934	0.005235248543
298935	0.01098523129
298936	0.0009524900754
298937	0.004259326408
298938	0.004098111829
298939	0.000393280815
298940	0.001051717484
298941	0.003310149226
298942	0.001883840334
298943	0.00318769095
298944	0.004012693158
298945	0.003377681104
298946	0.004502253702
298947	0.002578541722
298948	0.009179780555
298949	0.005587729372
298950	0.004315508201
298951	0.002494000972
298952	0.003187999524
298953	0.0004531562175
298954	0.002041115611
298955	0.000786878977
298956	0.005210685775
298957	0.006561835102
298958	0.005404928376
298959	0.004926935414
298960	0.004380117187
298961	0.0005767459337
298962	0.002247235635
298963	9.649383553e-05
298964	0.0008588472017
298965	0.0006927412487
298966	0.0005845829167
298967	0.0008103213865
298968	0.0024353992
298969	0.005735993781
298970	0.003187836977
298971	0.001228553787
298972	0.006151792991
298973	0.005119672852
298974	0.007453292962
298975	0.004124029038
298976	0.002635887899
298977	0.009289504908
298978	0.0007761172403
298979	0.004370457508
298980	0.007347119764
298981	0.0008795571298
298982	0.007784854134
298983	0.003681368058
298984	0.0009227265574
298985	0.005521137364
298986	0.003618842771
298987	0.002572042905
298988	0.004967391608
298989	0.002541907334
298990	0.001662728211
298991	0.006032663601
298992	0.004966332803
298993	0.0005007350945
298994	0.0001160273062
298995	0.006999705325
298996	8.292549953e-05
298997	0.0002232261382
298998	0.007787353927
298999	0.004940378094
299000	0.001837224141
299001	0.004405625471
299002	0.00316747095
299003	0.01464278582
299004	0.003395530549
299005	0.001388286495
299006	0.0006080651004
299007	0.010813366
299008	0.002941098959
299009	0.005832163613
299010	0.001763251525
299011	0.005145815248
299012	0.001075869208
299013	0.006561693082
299014	0.002811306927
299015	0.003600802164
299016	0.002382139043
299017	0.004826127856
299018	0.002078257424
299019	0.002074926953
299020	0.007756321454
299021	0.005054951616
299022	0.002112594469
299023	0.003752162231
299024	0.0002783149585
299025	0.004492494657
299026	0.001353405948
299027	0.0003673681485
299028	0.004816409317
299029	0.001094526573
299030	0.005202450657
299031	0.006263569309
299032	0.0003630089525
299033	0.002740338961
299034	0.00177210088
299035	0.009572416669
299036	0.002725730038
299037	0.007269423818
299038	0.004940540334
299039	0.001881660471
299040	0.004539875791
299041	0.005821057393
299042	0.003928704053
299043	0.005272934206
299044	0.0002678656997
299045	0.00248160791
299046	0.003588873906
299047	0.008543712141
299048	0.0003018646359
299049	0.006359873593
299050	0.00885037337
299051	0.007592450644
299052	0.004575419946
299053	0.007213170584
299054	0.0004734099631
299055	0.002268888157
299056	0.002549846921
299057	0.002852434629
299058	0.001827773865
299059	0.00656541627
299060	0.004893450366
299061	0.00673188993
299062	0.004282846434
299063	0.01072533478
299064	0.005421165877
299065	0.0004430290206
299066	0.007512399372
299067	0.004799514789
299068	0.006053686623
299069	0.0002611261118
299070	0.01135952296
299071	0.005248102248
299072	0.0006340904862
299073	0.001841903721
299074	0.01269711406
299075	0.00348956167
299076	0.002642859088
299077	0.003603745025
299078	0.006711935159
299079	0.002099498434
299080	0.003572390834
299081	0.006473983341
299082	0.007908756161
299083	0.005839836314
299084	0.00882161781
299085	0.007104706164
299086	0.008835581709
299087	0.00749718394
299088	0.001354935098
299089	0.009033346624
299090	0.00260765734
299091	0.002296754492
299092	0.003991593247
299093	0.01173852096
299094	0.002438514584
299095	0.003405348827
299096	0.001484962687
299097	0.005338841246
299098	0.004134181603
299099	0.006569684422
299100	0.004087175644
299101	0.00348131049
299102	0.008136719924
299103	0.0006013481656
299104	0.003109235893
299105	0.006031568164
299106	0.007572653307
299107	0.01640870496
299108	0.002978802718
299109	0.00193183128
299110	0.003064447825
299111	0.0002609663975
299112	0.004598392134
299113	0.0004259614973
299114	0.0009512113294
299115	0.008030846303
299116	0.0005947304464
299117	0.006638467084
299118	0.003368833727
299119	0.003476555485
299120	0.0004354579134
299121	0.005318589148
299122	0.006073063764
299123	0.01044073102
299124	0.006730242822
299125	0.006206802845
299126	0.005168850994
299127	0.003732363794
299128	0.0001676563442
299129	0.002147597221
299130	0.003345717237
299131	0.002223543879
299132	0.001959300782
299133	0.006681290017
299134	0.002268725971
299135	0.003152833635
299136	0.01036693606
299137	0.00271920911
299138	0.00162644708
299139	0.01002528446
299140	0.002144222787
299141	0.003564780335
299142	0.008738538414
299143	0.00851804586
299144	0.006023200433
299145	0.004598392134
299146	0.009491348378
299147	0.006734339582
299148	0.003693668076
299149	0.004952076964
299150	0.007869377103
299151	0.002394468766
299152	0.0005011570721
299153	0.004598392134
299154	0.0002150443293
299155	0.01128209598
299156	0.003568052835
299157	0.001029529903
299158	0.004201391995
299159	0.001714985974
299160	0.003249793196
299161	0.001124503751
299162	0.004285622624
299163	0.0006279338714
299164	0.00566336684
299165	0.001701414072
299166	0.004590357653
299167	0.004929726994
299168	0.006587152784
299169	0.0009865786085
299170	0.001485082297
299171	0.005187867643
299172	0.001756406796
299173	0.003461704363
299174	0.002531907215
299175	0.00486647573
299176	0.009898278424
299177	0.007755401444
299178	0.002263675261
299179	0.007068816869
299180	0.006349879554
299181	0.00631336903
299182	0.0002607772313
299183	0.002243788006
299184	0.005329115236
299185	0.004861995712
299186	0.004285572922
299187	0.002726594924
299188	0.000980395458
299189	0.002120894482
299190	0.001661136316
299191	0.003922460174
299192	0.003907716423
299193	0.002341927979
299194	0.005134833608
299195	0.003200172894
299196	0.003186412792
299197	0.0006929418795
299198	0.0003224312116
299199	0.002974632927
299200	0.001776690829
299201	0.005823334677
299202	0.004720651234
299203	0.003481920397
299204	0.006871754888
299205	0.005071302577
299206	0.005582620657
299207	0.003834412109
299208	0.004873523212
299209	0.003289746197
299210	0.007503074172
299211	0.003293342143
299212	0.005015340703
299213	0.003460779956
299214	0.009113341662
299215	0.0002109848763
299216	0.001684251441
299217	0.003632406746
299218	0.003362204048
299219	0.0003299129683
299220	0.0005829556012
299221	0.005065964782
299222	0.008609163644
299223	0.001069548127
299224	0.001929263363
299225	0.009361800554
299226	0.003882302552
299227	0.005186141294
299228	0.004601187491
299229	0.003991912126
299230	0.001809998051
299231	0.0009236525774
299232	0.002207646732
299233	0.003512954132
299234	0.002862806526
299235	0.00969024885
299236	0.001010287791
299237	0.01066367981
299238	0.003499152123
299239	0.007538348217
299240	0.005956089943
299241	0.0042902633
299242	0.003478093508
299243	0.004618355638
299244	0.01102796513
299245	0.0009785099348
299246	0.001000315829
299247	0.009882025618
299248	0.00986805879
299249	0.004937833857
299250	0.004208704289
299251	0.01100569555
299252	0.006155793593
299253	0.008152124064
299254	0.004478199335
299255	0.004838101508
299256	0.0009742765437
299257	0.003713889465
299258	0.007129672814
299259	0.00273466263
299260	0.006008905607
299261	0.001272890426
299262	0.003156920184
299263	0.01023934027
299264	0.00152618714
299265	0.01063640994
299266	0.00704926344
299267	0.009151943116
299268	0.003359712976
299269	0.003792830505
299270	0.001096352609
299271	0.004718319279
299272	0.0004331338503
299273	0.000742097404
299274	0.0003029025536
299275	0.009007617587
299276	0.00167960633
299277	0.002648575572
299278	0.002843202433
299279	0.003910165515
299280	0.0006357776833
299281	0.005196883353
299282	0.0006201625408
299283	0.005187024435
299284	0.003319961488
299285	0.0005073945677
299286	0.001272443564
299287	0.008645224058
299288	0.002204600101
299289	0.007081881761
299290	0.003539435172
299291	0.005676634822
299292	0.005138350644
299293	0.003712758962
299294	0.005291426564
299295	0.004326460804
299296	0.008941311694
299297	0.002171270392
299298	0.004873345691
299299	0.007528220527
299300	0.003472719817
299301	0.006455982047
299302	0.004379963647
299303	0.002010782641
299304	0.002069374455
299305	0.01314821279
299306	0.000191836365
299307	0.0001676083422
299308	0.004556918274
299309	0.003801168948
299310	0.0002535136183
299311	0.001968668128
299312	0.003019353149
299313	0.002762260641
299314	0.005062778094
299315	0.001829790046
299316	0.004145228474
299317	0.004501341694
299318	0.006547845207
299319	0.0001058825245
299320	0.002313237051
299321	0.004176791256
299322	0.004189954053
299323	0.002665136831
299324	0.007934745434
299325	0.005043204761
299326	0.001714243486
299327	0.008859729359
299328	0.009319573643
299329	0.003839922484
299330	0.0006933170096
299331	0.00304528885
299332	0.004973949263
299333	0.001415239474
299334	0.004598392134
299335	0.01004754029
299336	0.002077818182
299337	0.008976317453
299338	0.001347426018
299339	0.008167449393
299340	0.006175278365
299341	0.001939588135
299342	0.005269822212
299343	0.004477298424
299344	0.00256767269
299345	0.008313288578
299346	0.0003544719829
299347	2.041262478e-05
299348	0.004279068384
299349	0.006658386952
299350	0.005691874678
299351	0.0006285977053
299352	0.005798402731
299353	0.0006261617993
299354	0.005597047664
299355	0.003175312263
299356	0.006265780596
299357	0.0004660133381
299358	0.003790029658
299359	0.003483017881
299360	0.001473558171
299361	0.003537404679
299362	0.004928997695
299363	0.002904715491
299364	0.0004384652942
299365	0.003648972061
299366	0.007983194364
299367	0.008529157303
299368	0.008196795352
299369	0.00145193692
299370	1.110649795e-05
299371	0.001223192052
299372	0.008026721884
299373	1.323335195e-05
299374	0.003672542614
299375	0.001873762211
299376	0.01441244383
299377	0.006765317624
299378	0.002543422397
299379	0.001710094317
299380	0.003139358224
299381	0.004951029354
299382	0.002684749773
299383	0.01398829694
299384	0.006429825473
299385	0.004935543004
299386	0.01709386087
299387	0.007447908614
299388	0.0005482995914
299389	0.003924216884
299390	0.001573257276
299391	0.002282400641
299392	0.006225488813
299393	0.000699544091
299394	0.003528788008
299395	0.003360146216
299396	0.007480871079
299397	0.003771401451
299398	0.00714384231
299399	0.004239375614
299400	0.005688060826
299401	0.001875260143
299402	0.002364966873
299403	0.00426706798
299404	0.0001741951252
299405	0.004040804058
299406	0.0008424824598
299407	0.002160704846
299408	0.00601095291
299409	0.00570045027
299410	0.001784290893
299411	0.008304976868
299412	0.006789227443
299413	0.002958183305
299414	0.0003684231595
299415	0.01399528138
299416	0.005614356574
299417	0.006063480025
299418	0.01113226293
299419	0.004316600665
299420	0.004981745131
299421	0.002242883073
299422	0.003434891058
299423	0.007744860245
299424	0.00391550993
299425	0.005572685041
299426	0.005163689261
299427	0.0006262068812
299428	0.005672916078
299429	0.0001616261717
299430	0.001722373925
299431	0.001201825989
299432	0.001040366278
299433	0.008168196911
299434	0.001553411714
299435	0.0008981433133
299436	0.01186045198
299437	0.000680433974
299438	0.003076955911
299439	0.0009650048918
299440	0.004977262657
299441	0.0001188363763
299442	0.0003683401463
299443	0.00573074081
299444	0.004274980324
299445	0.003296295088
299446	0.009715991945
299447	0.00756087968
299448	0.009696828015
299449	0.006932593807
299450	0.004192349435
299451	0.000681196029
299452	0.0006593899329
299453	0.001331494614
299454	0.000793041983
299455	0.01269767223
299456	0.002831405559
299457	0.01039840458
299458	0.0022598881
299459	0.002424673193
299460	0.007590036125
299461	0.0009341517581
299462	0.006071924594
299463	0.002997707362
299464	0.004550635114
299465	0.005838635615
299466	0.001280445064
299467	0.001024392261
299468	0.0008081298042
299469	0.001512885642
299470	0.00366563885
299471	0.00741712012
299472	0.004605892469
299473	0.002296798252
299474	0.004905485243
299475	0.002776577306
299476	0.002732623292
299477	0.001141905649
299478	0.005829678632
299479	0.002770934567
299480	0.001055854553
299481	0.0001681533179
299482	0.0005004720891
299483	0.004886362552
299484	0.006624154035
299485	0.009636838092
299486	0.002629768591
299487	6.754387155e-05
299488	0.002456701631
299489	0.01088529877
299490	0.001111244339
299491	0.0007464781076
299492	0.00110388387
299493	0.004463565578
299494	0.002212567245
299495	0.002353104247
299496	0.01278513613
299497	0.005507032278
299498	0.01417589597
299499	0.004928514429
299500	0.002894472527
299501	0.000336250708
299502	0.0008200296929
299503	0.003421547824
299504	0.00917245064
299505	0.00564567382
299506	0.003684669532
299507	0.008432583427
299508	0.008405635633
299509	0.001249647527
299510	0.006044882381
299511	0.0117813036
299512	0.002403343606
299513	0.00118936437
299514	0.006922772332
299515	0.008579397333
299516	0.003996553316
299517	0.007327339215
299518	0.002276959828
299519	0.00642386656
299520	0.00948788378
299521	0.00467133732
299522	0.006749115283
299523	0.001372224229
299524	0.002377609801
299525	0.0001186179278
299526	0.008012755414
299527	0.007397540713
299528	0.005699842211
299529	0.007023203625
299530	0.006618229819
299531	0.00225870287
299532	0.0005976191391
299533	0.002454953081
299534	0.004629759611
299535	0.004282387088
299536	0.008852964468
299537	0.002387260929
299538	0.002903914363
299539	0.01336694248
299540	0.002570626376
299541	0.01060548666
299542	0.002071190225
299543	0.00552352359
299544	0.007016502121
299545	5.475149879e-05
299546	0.00474315701
299547	0.007373583245
299548	0.008103429836
299549	0.01131400501
299550	0.008717234829
299551	0.002617976066
299552	0.006431116053
299553	0.01220394269
299554	0.009400800041
299555	0.008735257966
299556	0.001276257004
299557	0.008701461697
299558	0.0003771202195
299559	0.002849664292
299560	0.002791914741
299561	0.002183536153
299562	0.003443519147
299563	0.001017497713
299564	0.01225872998
299565	0.0005973862351
299566	0.0005068220438
299567	0.005871811565
299568	0.001396683619
299569	0.009860915059
299570	0.00697982026
299571	0.00504920305
299572	0.00140990559
299573	0.0005271662297
299574	0.001578797892
299575	0.007742650694
299576	0.006558504268
299577	0.006581658504
299578	0.00127137575
299579	0.005010800573
299580	0.003428868294
299581	0.005308586294
299582	0.001935389684
299583	0.0028596881
299584	0.001708929924
299585	0.002009046792
299586	0.001332763054
299587	0.003121562786
299588	0.002623667885
299589	0.003114615632
299590	0.006043447844
299591	0.00101742693
299592	0.01132004896
299593	0.001736291005
299594	0.004417802419
299595	0.002176608419
299596	0.004212468612
299597	0.005757478949
299598	0.002483168384
299599	0.002067098022
299600	0.009535110544
299601	0.008429492493
299602	2.244816563e-05
299603	0.004238964898
299604	0.002311684906
299605	0.006726039712
299606	0.009070751376
299607	0.002524654033
299608	0.0005389610527
299609	0.003116442791
299610	0.00397313728
299611	0.003796506182
299612	0.007742755228
299613	0.007225258504
299614	0.001626551344
299615	0.00260293187
299616	0.0009708040845
299617	0.005854206744
299618	0.004791689219
299619	0.002976045293
299620	0.001744303504
299621	0.0005863233435
299622	0.0005025348294
299623	0.001584432395
299624	0.004573359583
299625	0.0005988767273
299626	0.003830662884
299627	0.006487752884
299628	0.004950912178
299629	0.007873955611
299630	0.006700387146
299631	0.002073074357
299632	0.005038378736
299633	0.003661954857
299634	0.004967159681
299635	0.002267213088
299636	0.005145026257
299637	0.002330752703
299638	0.002791636778
299639	0.004734132286
299640	0.001958239768
299641	0.001924180798
299642	0.003022850443
299643	0.005212287957
299644	0.004881182443
299645	0.002757204753
299646	0.00369770629
299647	0.003596494688
299648	0.008582280867
299649	0.002165972281
299650	0.004187717886
299651	0.002590626425
299652	0.003689867609
299653	0.002148952253
299654	0.0002953127296
299655	0.007691541081
299656	0.00266295137
299657	0.002619231897
299658	0.005126644287
299659	0.009190920914
299660	0.007389104853
299661	0.003623909714
299662	0.002316633449
299663	0.001496627003
299664	0.008247688628
299665	0.01086179523
299666	0.00650348703
299667	0.0004239729245
299668	0.0014380283
299669	0.008631313624
299670	0.007670840899
299671	0.004571217939
299672	0.006034611038
299673	0.0009673005023
299674	0.004363377603
299675	0.006001208643
299676	0.004033957155
299677	0.006675603028
299678	0.002530696305
299679	0.009818375714
299680	0.0003350421504
299681	0.01269325989
299682	0.000351029351
299683	0.002295882176
299684	0.001447001961
299685	0.005778779661
299686	0.0005154270042
299687	0.006508339989
299688	0.002838243443
299689	0.0008127789278
299690	0.0002325774716
299691	0.006733168409
299692	0.006898609644
299693	0.002205375236
299694	0.007473513229
299695	0.007476627344
299696	0.003711135916
299697	0.005171401124
299698	0.002553489418
299699	0.002859992986
299700	0.01398032096
299701	0.001778802235
299702	0.003528165689
299703	0.005736672594
299704	0.001704857815
299705	0.0026012906
299706	0.007657412592
299707	0.00480247973
299708	0.00134159478
299709	0.004802702314
299710	0.006786071904
299711	0.003489794336
299712	0.00296168246
299713	0.000811473231
299714	0.01232759492
299715	0.0051590792
299716	0.0006331111201
299717	0.004372565947
299718	0.01145364816
299719	0.0004071665763
299720	0.005845455567
299721	0.008306948038
299722	0.001952977281
299723	0.01119155984
299724	0.002570502648
299725	0.003854575741
299726	0.006119798493
299727	0.008045401672
299728	0.009826123488
299729	0.003301194474
299730	0.006272351465
299731	0.002903377842
299732	0.00567810961
299733	0.0009079927034
299734	0.00465320288
299735	0.002887462077
299736	0.005868390975
299737	0.004901025958
299738	0.0001468394193
299739	0.004598392134
299740	0.004407120943
299741	0.008843520846
299742	0.002649638373
299743	0.007248941906
299744	0.004877677389
299745	0.007446430796
299746	0.003483408423
299747	0.004093965088
299748	0.01012278529
299749	0.004264170439
299750	0.002852299242
299751	0.0064242865
299752	0.0004620805415
299753	0.005082382843
299754	0.006180522335
299755	0.00385582899
299756	0.001318006923
299757	0.003571664526
299758	0.004316230341
299759	0.005926788892
299760	0.00172106105
299761	0.002906647885
299762	0.005383678467
299763	0.005295974864
299764	0.0003888847171
299765	0.0005765442824
299766	0.00433664376
299767	0.008777338855
299768	0.003828253432
299769	0.001648446754
299770	0.005159190674
299771	0.0058236876
299772	0.001876015619
299773	0.001577659886
299774	0.0003060932532
299775	0.003930164883
299776	0.007822658069
299777	0.004701402724
299778	0.005312531328
299779	0.003390164993
299780	0.004892557391
299781	0.004055313138
299782	0.003536582553
299783	0.001464797893
299784	0.0002295293066
299785	0.008295452339
299786	0.00302181285
299787	0.005513605542
299788	0.00379636889
299789	0.0007007943537
299790	0.005274578552
299791	0.001467343899
299792	0.003861091266
299793	0.007555028934
299794	0.005672300044
299795	0.01094396046
299796	0.002431892925
299797	0.003853973871
299798	0.002318328692
299799	0.001355922093
299800	0.01203942773
299801	0.002066415784
299802	0.001436250546
299803	0.0003363080287
299804	0.004928956981
299805	0.001534214429
299806	0.005665435004
299807	2.133107977e-05
299808	0.0002859138753
299809	0.002427623069
299810	0.001958604249
299811	0.008130875231
299812	0.001086455301
299813	0.00076093422
299814	0.006531582369
299815	0.002295021865
299816	0.002872288506
299817	0.008392022042
299818	0.0003747163663
299819	0.006636627409
299820	5.77270888e-05
299821	0.002099763916
299822	0.003882420469
299823	0.001037713011
299824	0.001089181196
299825	3.002548727e-05
299826	0.009806965217
299827	0.002623805007
299828	0.004860806861
299829	0.002315251277
299830	0.00540038366
299831	0.009433781643
299832	0.004714828043
299833	0.01566958511
299834	0.008034642234
299835	0.003375020669
299836	0.0005575749878
299837	0.00538672987
299838	0.005838386754
299839	0.007002248701
299840	0.007937938771
299841	0.005801588924
299842	0.003595255382
299843	0.01319762911
299844	0.01522963301
299845	0.0002716696066
299846	0.0007384894859
299847	0.007186519242
299848	0.007612933352
299849	0.001167661921
299850	0.0002434222643
299851	0.002583526077
299852	0.001224445438
299853	0.001597246125
299854	0.006074415405
299855	0.001600835997
299856	0.002026688217
299857	0.001743503
299858	0.001538406414
299859	0.001131046849
299860	0.005450714907
299861	0.003446973368
299862	0.0006198532898
299863	0.009618827421
299864	0.01312489665
299865	0.003512134794
299866	0.00475442161
299867	0.005843688164
299868	0.006549389757
299869	0.003003743291
299870	0.000795688699
299871	0.0005696493541
299872	0.002196999115
299873	0.0009252708302
299874	0.00470124154
299875	0.004730569722
299876	0.008633795438
299877	0.006751655034
299878	0.007828299661
299879	0.001082277653
299880	0.006724038392
299881	0.00430343719
299882	0.0002598079384
299883	0.0006989465654
299884	0.001972248067
299885	0.0007457987841
299886	0.01148250215
299887	0.0003422907884
299888	0.00325080716
299889	0.00884923203
299890	0.004834422421
299891	0.007582699699
299892	0.009530100582
299893	0.0004379682821
299894	0.004949234726
299895	0.004449577505
299896	0.00147883475
299897	0.009722612107
299898	0.0006634254213
299899	0.008202687466
299900	0.003187633494
299901	0.01116669811
299902	0.005959605273
299903	0.001780943337
299904	0.002387354201
299905	0.002141444937
299906	0.003738598347
299907	0.003318861367
299908	0.0009866148249
299909	0.003655350662
299910	0.007566228777
299911	0.00045415044
299912	0.003807156518
299913	0.005888985576
299914	3.13057482e-05
299915	0.007158642117
299916	0.0009330731274
299917	0.002104119382
299918	0.001279582201
299919	0.001343773058
299920	0.009372368944
299921	0.006226206036
299922	0.001917565211
299923	0.001191312044
299924	0.004853782499
299925	0.007460522959
299926	0.005360508654
299927	0.00829948766
299928	0.0007264722849
299929	0.001260054864
299930	0.003345922453
299931	0.002409274679
299932	0.003720067358
299933	0.003493209387
299934	0.0001146249205
299935	0.00524885386
299936	0.006821977938
299937	0.005168563175
299938	0.004563285157
299939	0.01120350372
299940	0.003686011378
299941	0.009891805329
299942	0.00179574014
299943	0.001084915935
299944	0.006512651799
299945	0.0005619017693
299946	0.005507839004
299947	0.004766934076
299948	0.004612211156
299949	0.005103010548
299950	0.004483547769
299951	0.002159148582
299952	0.002962167501
299953	0.0006406987618
299954	0.006000290822
299955	0.001513700345
299956	0.00627345264
299957	0.0002334350866
299958	0.0006941821325
299959	0.01084661526
299960	0.006236610922
299961	0.002334111606
299962	0.005973578164
299963	0.001937408061
299964	0.001302461741
299965	0.008986675007
299966	0.007425514992
299967	0.005557476038
299968	0.008726231919
299969	0.006201794232
299970	0.00337332537
299971	0.01366614022
299972	0.0003007568498
299973	0.001152887427
299974	0.009165624547
299975	0.004714102784
299976	0.003568344573
299977	0.0001460906182
299978	0.004988384053
299979	0.002567892408
299980	0.005175811344
299981	0.002975955475
299982	0.005270311487
299983	0.001706024968
299984	0.001793869994
299985	0.006118524401
299986	0.004757415866
299987	0.009362713497
299988	0.003683473971
299989	0.003250417326
299990	0.0008039056636
299991	0.0006792717355
299992	0.006000058201
299993	0.003088845914
299994	0.004630189324
299995	0.004105902521
299996	0.0004023086602
299997	0.005507181474
299998	0.0005103892445
299999	0.007985764687
300000	0.006733071275
300001	0.002649008251
300002	0.01274487615
300003	0.005884415444
300004	0.001208329352
300005	0.007495664251
300006	0.009760718992
300007	0.000690136744
300008	0.004989176697
300009	0.003351892675
300010	0.003574017309
300011	0.008465137811
300012	0.0004857231075
300013	0.008753802776
300014	0.005660933529
300015	0.009021846385
300016	0.003137966271
300017	0.009309148384
300018	0.01241251112
300019	0.003613157102
300020	0.005491995057
300021	0.0006073165194
300022	0.007846392804
300023	0.004599181461
300024	0.0002676069182
300025	0.004137678216
300026	0.008044399078
300027	0.004411410757
300028	0.001114531999
300029	0.002851995957
300030	0.007043410504
300031	0.0004722245123
300032	0.001090656228
300033	0.0001707597987
300034	0.008212048098
300035	0.004957035978
300036	0.01311705637
300037	0.008574588679
300038	0.001711604936
300039	0.002367501028
300040	0.008231455256
300041	0.002952172622
300042	0.004948561407
300043	0.006523057569
300044	0.005140689785
300045	0.0003198057405
300046	0.007970931131
300047	0.01028085598
300048	0.00248049284
300049	0.005073418613
300050	0.003501123475
300051	0.01040937887
300052	0.0004599811079
300053	0.01047986154
300054	0.001039910768
300055	0.004611982888
300056	0.00123286118
300057	0.01193657913
300058	0.0002236216923
300059	0.0005259422635
300060	0.007846805125
300061	0.005311001734
300062	0.008521178066
300063	0.003449588528
300064	0.0007384805345
300065	0.00810450487
300066	0.0039849213
300067	0.006883242914
300068	0.001480244917
300069	0.001680127934
300070	0.001722279954
300071	0.002173592862
300072	0.001965180724
300073	0.009883349421
300074	0.006196656309
300075	0.008946078867
300076	0.004799516278
300077	0.004051247746
300078	0.00521679294
300079	0.009876448593
300080	0.003613336915
300081	0.005172853926
300082	0.0004922251068
300083	0.003628125687
300084	0.002055880493
300085	0.006564127462
300086	0.002476762564
300087	0.0110634052
300088	0.007418102772
300089	0.002368907055
300090	0.002058585211
300091	0.001372273069
300092	0.007408170422
300093	0.007644277795
300094	0.0002199045649
300095	0.009447479628
300096	0.007714457184
300097	0.005629734191
300098	0.006321169324
300099	0.00477032786
300100	0.0006877275447
300101	0.002523233959
300102	0.005228284208
300103	0.00769485619
300104	0.01204743894
300105	0.002440234497
300106	0.0009481459206
300107	0.005949696853
300108	0.001141601934
300109	0.0008710162507
300110	0.004612359231
300111	0.0002867400269
300112	0.001258578397
300113	0.005992393321
300114	0.001703173474
300115	0.0007308732277
300116	0.001409583778
300117	0.0004395954421
300118	0.01428652281
300119	0.003165512249
300120	0.005529354463
300121	0.003841813785
300122	0.001833704823
300123	0.002931241373
300124	0.00213190281
300125	0.001787668019
300126	0.001232094321
300127	0.001040278223
300128	0.003891278659
300129	0.001180696383
300130	0.001010191575
300131	0.00137290525
300132	0.0009654677783
300133	0.003457858623
300134	0.0074162357
300135	0.0064503619
300136	0.0004730141526
300137	0.00112095107
300138	0.0058503744
300139	0.005473053734
300140	0.007113920181
300141	0.003457958463
300142	0.002024867865
300143	0.004508367954
300144	0.001280210106
300145	0.001830114539
300146	0.002091650505
300147	0.003042597502
300148	0.002359345726
300149	0.005897515555
300150	0.004023804764
300151	0.001980515083
300152	0.00946996693
300153	0.007192730639
300154	0.007991721833
300155	0.0008067569806
300156	0.001274943597
300157	0.001303427128
300158	0.003628391024
300159	0.004611598706
300160	0.005490952358
300161	0.004332892306
300162	0.005900910749
300163	0.001290677686
300164	0.001133270809
300165	0.007254697754
300166	0.002777515135
300167	0.0008575433564
300168	0.005865866236
300169	0.0008380397871
300170	0.0008379063063
300171	0.004207843765
300172	0.006333186628
300173	0.005071813144
300174	0.008322466632
300175	0.006317489339
300176	0.008333618867
300177	0.01110290613
300178	0.004726511851
300179	4.362381219e-05
300180	0.008043544069
300181	0.004308726055
300182	0.003195139478
300183	0.004827119108
300184	0.006997255803
300185	0.00133416732
300186	0.007246991977
300187	0.0001594426511
300188	0.005516856974
300189	0.007631203948
300190	0.002995727622
300191	0.007149607707
300192	0.001879657532
300193	0.003182131758
300194	0.0001249982738
300195	0.00283674385
300196	0.005733664542
300197	0.01055752291
300198	0.005298497782
300199	0.0002522592223
300200	0.002585072738
300201	0.006654335175
300202	0.00702885388
300203	0.008277743647
300204	0.008837045491
300205	0.01391997293
300206	0.001879558294
300207	0.000760819935
300208	0.002900932966
300209	0.01254452735
300210	0.002832237344
300211	0.0001317235615
300212	0.01194461319
300213	0.007587030107
300214	4.579491397e-08
300215	0.004810518495
300216	0.006768591772
300217	0.002796772534
300218	0.009478534198
300219	0.003738360343
300220	0.004821489001
300221	0.009924093444
300222	0.002570972765
300223	0.008982181955
300224	0.0005686282005
300225	0.003786326271
300226	0.002745369743
300227	0.0001500263897
300228	0.01590277315
300229	0.002936540996
300230	0.002235527402
300231	0.006531953944
300232	0.002367714968
300233	0.003061446057
300234	0.004172115831
300235	0.007350382567
300236	0.002134788442
300237	0.005018131393
300238	0.003615507005
300239	0.001291243616
300240	0.0004023665224
300241	0.005304214558
300242	0.0001312982495
300243	0.001248936272
300244	0.007047839319
300245	0.001844358416
300246	0.001457470954
300247	0.008021334831
300248	0.00498482065
300249	0.004350793024
300250	0.005289907954
300251	0.0135401087
300252	0.001186127077
300253	0.006572932099
300254	0.006725560321
300255	0.003677495748
300256	0.004879920977
300257	0.003718699652
300258	0.004895886215
300259	0.002498367891
300260	0.002880384256
300261	0.0002728455498
300262	0.0006503684389
300263	0.001324470538
300264	0.003466291197
300265	0.006223792997
300266	0.002758597268
300267	0.003824373375
300268	0.003461103822
300269	0.008239766806
300270	0.005361942111
300271	0.0003539227693
300272	0.004961798607
300273	0.001411497857
300274	0.004189551284
300275	0.006548744153
300276	0.006132429329
300277	0.000833618045
300278	0.006098100851
300279	0.007017841714
300280	0.006532828974
300281	0.0004067606007
300282	0.002436115595
300283	0.007210034941
300284	0.008654541636
300285	0.004447288446
300286	0.00135467208
300287	0.007118923222
300288	0.002515490209
300289	0.004932375478
300290	0.001122508923
300291	0.001969884456
300292	0.005200323752
300293	0.004957979911
300294	0.007681146187
300295	0.001311841279
300296	0.0002194305379
300297	0.01056941458
300298	0.009633739587
300299	0.008402256802
300300	0.001908542616
300301	0.002450167815
300302	0.0005115971547
300303	0.005062138099
300304	0.006703316306
300305	0.007684825477
300306	0.01203566041
300307	0.002504348621
300308	1.026806947e-05
300309	0.006260617631
300310	0.00244762985
300311	0.002205688676
300312	0.007442006338
300313	0.00682483437
300314	0.004090755916
300315	0.005213086863
300316	0.009762423184
300317	0.01229261367
300318	0.002288648587
300319	0.003753480033
300320	0.001520223175
300321	0.0007147332421
300322	0.007630077878
300323	0.001154853561
300324	0.001304670673
300325	0.005873304361
300326	0.000116916594
300327	0.007655384164
300328	0.00842210682
300329	0.0009008425226
300330	0.0001160698514
300331	0.003897900341
300332	0.0005097668016
300333	0.009011519733
300334	0.004514356593
300335	0.01150078327
300336	0.001097274181
300337	0.008187880278
300338	0.000716212357
300339	0.00624759478
300340	0.0006585257665
300341	0.000594522605
300342	0.0129478532
300343	0.005083351366
300344	0.004591426768
300345	0.007595326801
300346	0.003874251905
300347	0.002501195449
300348	0.0007486374226
300349	0.004171382846
300350	0.001895123698
300351	0.004267563298
300352	0.006990110657
300353	0.008226141512
300354	0.005868280013
300355	0.0005728439411
300356	0.01273782938
300357	0.002975884006
300358	0.0004098102773
300359	0.00709910815
300360	0.01325402195
300361	0.001150598313
300362	0.0007800472474
300363	0.001201403536
300364	0.003520508776
300365	0.0009875879634
300366	0.009049963825
300367	0.002497632283
300368	0.004921226697
300369	0.008689077245
300370	0.00273689285
300371	0.005642786354
300372	0.004535179851
300373	7.035870743e-05
300374	0.00399136811
300375	0.0002224620676
300376	0.002123291655
300377	0.002142161012
300378	0.0008153038678
300379	0.001223396692
300380	0.001812777203
300381	0.005310623365
300382	0.00453176386
300383	0.006988644712
300384	0.007344082573
300385	0.003489203164
300386	0.00423803225
300387	0.00130678518
300388	0.00725343302
300389	0.001628273807
300390	0.006501157327
300391	0.003104334544
300392	0.004122087169
300393	0.004186262553
300394	0.008677576282
300395	0.002944435064
300396	0.001813819793
300397	0.008409028214
300398	0.008770411031
300399	0.001002646424
300400	0.00314795798
300401	0.005383288082
300402	0.001299256923
300403	0.004524778717
300404	0.001941225279
300405	0.001117530061
300406	0.002183131167
300407	0.006341227822
300408	0.002756969037
300409	0.01225763127
300410	0.004151995932
300411	0.004913671113
300412	3.065665458e-05
300413	0.006393525257
300414	0.004723669843
300415	0.002879645829
300416	0.008647533595
300417	0.006210027917
300418	0.001377504578
300419	0.0007923703259
300420	0.005604904154
300421	0.00815371292
300422	0.001430296519
300423	0.004324596697
300424	0.002695908353
300425	0.006289057692
300426	0.005032486252
300427	0.002773619292
300428	0.0003363758377
300429	0.005771764414
300430	0.002654087552
300431	0.003466145902
300432	0.001024983292
300433	5.635737472e-05
300434	0.006180294344
300435	0.0003811181277
300436	0.0008141344358
300437	0.005945451936
300438	0.003010130942
300439	0.009623186751
300440	0.004523088826
300441	0.007976810698
300442	0.001330618108
300443	0.0001280254824
300444	0.002648208547
300445	0.007518754319
300446	0.005422763617
300447	0.0002991593975
300448	0.00568690826
300449	0.002745998939
300450	0.007809848967
300451	0.002002016798
300452	0.003387808093
300453	0.008439962201
300454	0.005560685452
300455	0.005440533604
300456	0.004188785534
300457	0.001147973226
300458	0.005493004255
300459	0.003274948178
300460	0.003561909501
300461	0.00385867507
300462	0.003405075718
300463	0.004730619891
300464	0.006698985344
300465	0.008826960046
300466	0.005300509703
300467	0.00237093687
300468	0.005435969936
300469	0.001727335169
300470	0.002852741481
300471	0.005280585871
300472	0.0009590802897
300473	0.0001201008327
300474	0.007182549399
300475	0.00630710344
300476	0.004369975298
300477	0.001979244851
300478	0.005084815674
300479	0.003395264858
300480	0.008281683414
300481	0.004292042814
300482	0.005159549508
300483	0.002323922617
300484	0.005254529439
300485	0.001401175162
300486	0.002645441276
300487	0.003748916487
300488	0.006595349862
300489	0.003542073442
300490	0.006436980741
300491	0.005830502603
300492	0.003689033596
300493	0.0003325961541
300494	0.00946047097
300495	0.005236558551
300496	0.001611253351
300497	0.0005803517979
300498	0.005016964149
300499	0.009160991114
300500	0.004662405677
300501	0.003452461563
300502	0.008626969223
300503	0.005481733301
300504	0.004824858533
300505	0.009105411007
300506	0.008361081216
300507	0.001091920482
300508	0.01144738734
300509	0.001891173861
300510	0.001359513565
300511	0.0008807551602
300512	0.006194745983
300513	0.004845588497
300514	0.002340158793
300515	0.0003084213343
300516	0
300517	0.0004761883638
300518	0.00143936158
300519	0
300520	0.002024512131
300521	0.009939803994
300522	0.003851601388
300523	0.006185228148
300524	0.0006789588218
300525	0.006994679993
300526	0.005615853018
300527	0.006502122664
300528	0.003813529354
300529	0.006456161701
300530	0.006860430259
300531	0.005989054937
300532	0.0009766388764
300533	0.01062519311
300534	0.0008886325305
300535	0.01251767779
300536	0.003099536724
300537	0.005374408173
300538	0.006996510979
300539	0.002235517769
300540	0.005637352851
300541	0.004953655301
300542	0.005868609451
300543	0.009476813084
300544	0.004476075894
300545	0.003544603381
300546	0.008122358883
300547	0.002640860644
300548	0.005128829946
300549	0.005076806758
300550	0.01114203138
300551	0.0007298856461
300552	0.005335381896
300553	0.009868999081
300554	0.002618270382
300555	0.01067759952
300556	0.002042115064
300557	0.004744010341
300558	0.000320877859
300559	0.008624101147
300560	0.007043673156
300561	0.003248292952
300562	0.01432720511
300563	0.0005229851705
300564	0.01226202689
300565	0.002009094555
300566	0.004799326126
300567	0.004964230713
300568	0.0003698635229
300569	0.008328458172
300570	0.007665460991
300571	0.003827124902
300572	0.003235224766
300573	0.002308801531
300574	0.01678294385
300575	0.006196556811
300576	0.007929138331
300577	0.005169476503
300578	0.004168549661
300579	0.00185891805
300580	0.001033462408
300581	0.005352293449
300582	0.0006767727487
300583	0.003112990493
300584	0.01012711357
300585	0.008784208519
300586	0.003723889551
300587	0.002612947522
300588	0.0006055706594
300589	0.00549468052
300590	0.009212284266
300591	0.001925191415
300592	0.001623142222
300593	0.0003873841204
300594	0.009915471615
300595	0.001466167087
300596	6.464217974e-05
300597	0.002634374869
300598	0.0001154837264
300599	0.0002559251362
300600	0.0029321179
300601	0.009351341059
300602	0.003500915387
300603	0.004672502048
300604	0.007505545165
300605	0.01510031293
300606	0.005602167859
300607	0.002779144526
300608	0.003896601511
300609	0.003732691723
300610	0.002058643259
300611	0.00264589271
300612	0.006103674557
300613	0.005623723532
300614	0.0007730530926
300615	0.0009150663549
300616	0.001598184095
300617	0.006579866426
300618	0.00705094198
300619	0.0005813459193
300620	0.009087417223
300621	0.00939628041
300622	0.009078079103
300623	0.004231251154
300624	0.001788793744
300625	0.002468235743
300626	0.006304487718
300627	0.004947623654
300628	0.007466280184
300629	0.003589484427
300630	0.002319796105
300631	0.008612441121
300632	0.002512832022
300633	0.002185529295
300634	0.00601130741
300635	9.439024962e-05
300636	0.002233507395
300637	0.007610492927
300638	0.01048306642
300639	0.005818400242
300640	0.008994617632
300641	0.008560448152
300642	0.0003718462895
300643	0.01134525302
300644	0.003926334174
300645	0.009785600821
300646	0.00188427327
300647	0.00180227868
300648	0.0006879588681
300649	0.01357015719
300650	0.002442251551
300651	0.002212993282
300652	0.004712716957
300653	0.001271784489
300654	0.001765636262
300655	0.001780250545
300656	0.00287061919
300657	0.0007927113135
300658	0.00900312239
300659	0.001371474782
300660	0.002773033471
300661	0.007670369113
300662	0.0002070143105
300663	0.001949320247
300664	0.0006986920544
300665	0.00166581018
300666	0.002857849407
300667	0.001526307164
300668	0.008171484931
300669	0.004342692546
300670	0.0003833395717
300671	0.0001504748452
300672	0.001232959912
300673	0.007478886891
300674	0.005367089785
300675	0.006323718788
300676	0.002875839577
300677	0.002065248565
300678	0.001225658329
300679	0.0011113505
300680	0.0006083825885
300681	0.004728703143
300682	0.007108803274
300683	0.001727144048
300684	0.0002319673353
300685	0.003068222932
300686	0.002620801017
300687	0.008176737807
300688	0.005090869056
300689	0.0109069275
300690	0.007560789047
300691	0.002197539712
300692	0.001167768616
300693	0.005667073209
300694	0.007385848604
300695	0.009041805011
300696	0.001542817724
300697	0.005609316555
300698	0.002458649155
300699	0.003393780483
300700	0.0007648741316
300701	0.001313120508
300702	0.004957515288
300703	0.01515557703
300704	0.008220739865
300705	0.0042218291
300706	0.006514993357
300707	0.0007428484577
300708	0.001713275122
300709	0.0006479552518
300710	0.006328584897
300711	0.003383942262
300712	0.001476408131
300713	0.007061817889
300714	0.007823962521
300715	0.007431205385
300716	0.01202802071
300717	0.007004757048
300718	0.001311446507
300719	0.0002953781724
300720	0.004368697191
300721	0.01573473754
300722	0.009350567946
300723	0.005954515254
300724	0.01142409227
300725	0.002303348615
300726	0.0007935113593
300727	0.01118741512
300728	0.003751157303
300729	0.0007115424369
300730	0.00543841256
300731	0.004252638677
300732	0.006118368006
300733	0.003353877868
300734	0.009789463767
300735	0.003249147161
300736	0.003471833414
300737	0.002116737966
300738	0.006912934839
300739	0.001317103409
300740	0.004953823941
300741	0.008814871468
300742	0.001305895789
300743	0.006490012731
300744	0.0004234013918
300745	0.00119671438
300746	0.002461907331
300747	0.004656970362
300748	0.009988887791
300749	0.01170060704
300750	0.001904343484
300751	0.00203157634
300752	0.0001132659144
300753	0.004708948772
300754	0.001279391158
300755	0.002806718275
300756	0.003177148032
300757	0.005102770574
300758	0.0002679410013
300759	0.009706865681
300760	0.006678689704
300761	0.003718908457
300762	0.004723718961
300763	0.008140710238
300764	1.524731453e-05
300765	0.0003330751279
300766	0.009552316597
300767	0.0009218970727
300768	0.01547256876
300769	0.00406252522
300770	0.004105162857
300771	0.001438211517
300772	0.001118113323
300773	0.0002137439784
300774	0.01099190159
300775	0.0002382100585
300776	0.002198189948
300777	0.006793010701
300778	0.001741047979
300779	0.004700407699
300780	0.001800720753
300781	0.003129816523
300782	0.0009427850736
300783	0.001120304681
300784	0.01675478609
300785	0.007574457208
300786	0.001792838428
300787	0.001572776491
300788	0.0025197423
300789	0.005057125815
300790	0.005032967481
300791	0.008676048639
300792	0.0008115760217
300793	0.003118438752
300794	0.0002646854477
300795	0.009038519075
300796	0.004090094863
300797	0.004363135983
300798	0.001522817178
300799	0.001255421849
300800	0.007546937601
300801	0.004706145747
300802	0.006295815566
300803	0.003199217427
300804	0.01489113849
300805	0.005731933131
300806	0.004020689705
300807	0.010155061
300808	0.01044304974
300809	0.002765179659
300810	0.008415201016
300811	0.01123583479
300812	0.003989204918
300813	0.002948779434
300814	0.005019427529
300815	0.002282355132
300816	0.005484638726
300817	0.005549199638
300818	0.007350991846
300819	0.004654160575
300820	0.006345373104
300821	0.004959029831
300822	0.002497032774
300823	0.00724554025
300824	0.004713388221
300825	0.00769073419
300826	0.005201578644
300827	0.008747588666
300828	0.009565198503
300829	0.004716114121
300830	0.0002049715747
300831	0.001493252652
300832	0.0001298408143
300833	0.0004056876042
300834	0.0004026755086
300835	0.009846375507
300836	0.001736155227
300837	0.0005641900988
300838	0.007601672256
300839	0.001788154579
300840	0.002526194888
300841	0.001306712084
300842	0.004106891508
300843	0.002851115703
300844	0.008829452431
300845	0.005564203185
300846	0.0003377961787
300847	0.002274063228
300848	0.006002948612
300849	0.004775254445
300850	0.006079034245
300851	0.004772723702
300852	0.008480590073
300853	0.001573801863
300854	0.009929338078
300855	0.005764554291
300856	0.004663784515
300857	0.01131015501
300858	0.007679376678
300859	0.001099755927
300860	0.005598914417
300861	0.004796145852
300862	0.003452867889
300863	7.55617899e-05
300864	0.004970518266
300865	0.001790325884
300866	0.001707462372
300867	0.005848600395
300868	0.002078543043
300869	0.01184509787
300870	0.001025574639
300871	0.002165263047
300872	0.0008834091202
300873	0.005700874737
300874	0.001222475397
300875	0.007645779214
300876	0.0005818511306
300877	0.003826295431
300878	0.007914387568
300879	0.0099444337
300880	0.006274850328
300881	0.01725938832
300882	0.005613875655
300883	0.00114139274
300884	0.001669688231
300885	0.003449272074
300886	0.01338035375
300887	0.004610865651
300888	0.002811967912
300889	0.0006238245936
300890	0.001086104089
300891	0.01061535718
300892	0.004785228397
300893	0.006910196926
300894	0.009177315068
300895	0.004454345514
300896	0.004484875996
300897	0.001029800116
300898	0.007329706481
300899	0.0001998953027
300900	0.002687182676
300901	0.005209228271
300902	0.007595312862
300903	0.001700327513
300904	0.006928154669
300905	0.004377011973
300906	0.004610865651
300907	0.003504133327
300908	0.003229247585
300909	0.001208327741
300910	0.008096195141
300911	0.007577076396
300912	0.0005318488956
300913	0.002520059038
300914	0.002555026795
300915	0.0002846418807
300916	0.006988013628
300917	0.006421594428
300918	0.009105912973
300919	0.004727313839
300920	0.002874930531
300921	0.003299583273
300922	0.001640478291
300923	2.899296343e-05
300924	0.0008490329315
300925	0.01849483624
300926	0.002768124741
300927	0.00947608286
300928	0.007160556168
300929	0.00667884725
300930	0.005631464077
300931	0.002409001866
300932	0.002584928974
300933	0.009078087594
300934	0.00235954487
300935	0.00258114207
300936	0.00575618079
300937	0.00128190025
300938	0.006689995642
300939	0.006666098308
300940	0.00135468431
300941	0.006262257821
300942	0.0007830173042
300943	0.007561537341
300944	0.0004402051675
300945	0.006462782546
300946	0.00828183223
300947	0.01438102014
300948	9.335371646e-06
300949	0.001974763464
300950	0.005375399403
300951	0.006708130772
300952	0.003465704796
300953	0.0005287983487
300954	0.003294340366
300955	0.0002252639618
300956	0.006997070681
300957	0.004260623576
300958	0.001043412103
300959	0.004333900124
300960	0.001303506572
300961	0.000987611915
300962	0.005398356973
300963	0.004050698939
300964	0.006260701904
300965	0.0008840051655
300966	0.004318746856
300967	0.003461738583
300968	0.0007469758267
300969	0.006257273519
300970	0.0006556864265
300971	0.006372823675
300972	0.005992385063
300973	0.003976609499
300974	0.001259524043
300975	0.00423035146
300976	0.0006707034352
300977	0.002436707727
300978	0.002290544597
300979	0.005212799312
300980	0.001354826693
300981	0.002268594058
300982	0.001111446216
300983	0.002880973727
300984	0.009372096759
300985	0.003225584191
300986	5.430671372e-05
300987	0.001447076485
300988	0.004294168761
300989	0.005776401995
300990	0.01639119644
300991	0.003726521389
300992	0.01018838598
300993	0.003954633587
300994	0.009017949811
300995	0.002345608979
300996	0.0003168086038
300997	0.002000288815
300998	0.002335586287
300999	0.0002333323462
301000	0.002239439654
301001	0.0007699679582
301002	0.0005351720446
301003	1.402871008e-06
301004	0.0006633982362
301005	0.001091658277
301006	0.001112509506
301007	0.001535001052
301008	0.0008848605652
301009	0.001667641224
301010	0.002443729775
301011	0.0004302312497
301012	0.001338341311
301013	0.002113322238
301014	0.001441271037
301015	0.001442880852
301016	0.002554384145
301017	1.251147282e-06
301018	0.001573561918
301019	0.001776489707
301020	0.0008726771359
301021	0.001224398207
301022	0.0003241113819
301023	0.001321493212
301024	0.0006664863687
301025	0.0003415479133
301026	0.0009838721272
301027	0.001445617218
301028	0.001881290129
301029	0.005560483966
301030	0.001225943429
301031	0.0008833569965
301032	0.001141586432
301033	0.001042838091
301034	0.00277429722
301035	0.001613543731
301036	0.000870311048
301037	0.001934947166
301038	0.001795177071
301039	0.004477704289
301040	0.003648821028
301041	0.003168303192
301042	0.00274564266
301043	0.0002930082788
301044	0.0004762581002
301045	0.001674923706
301046	0.0001013163369
301047	0.001559914887
301048	9.810194722e-06
301049	0.001056579803
301050	0.001353293334
301051	0.00191401097
301052	0.0007031043087
301053	0.0005684609108
301054	0.000524120316
301055	0.002890767338
301056	0.0002379792882
301057	0.00108505433
301058	0.003291454425
301059	0.003111706296
301060	0.002009704469
301061	0.003094395475
301062	0.00314215541
301063	0.001601910231
301064	0.003253176052
301065	0.004215254247
301066	0.0001874032776
301067	0.001411483092
301068	0.005045265454
301069	0.002296598695
301070	0.00166848469
301071	0.001203569908
301072	0.002174162698
301073	0.002843164148
301074	0.003588504214
301075	0.001051942709
301076	0.0004435112977
301077	0.0009989376803
301078	0.001262028767
301079	0.003246031313
301080	0.00237481976
301081	0.001199549779
301082	0.0003819331128
301083	0.003696456558
301084	0.001422935294
301085	0.00113495266
301086	0.002904670365
301087	0.0011468719
301088	0.0005570322897
301089	0.001284103255
301090	0.0008730452675
301091	0.00129960748
301092	0.001157339239
301093	0.003162186048
301094	0.0005053966407
301095	0.003075988712
301096	0.0002518638253
301097	0.001234239096
301098	0.001919847426
301099	0.003138722506
301100	0.001142118515
301101	0.0002515989268
301102	0.001415930942
301103	0.002908613019
301104	0.000419068106
301105	0.0007440203244
301106	0.002875300926
301107	0.003175545711
301108	0.002695624811
301109	0.001835547942
301110	0.000206963412
301111	0.001141205792
301112	0.001379747325
301113	0.001551152584
301114	0.003257707088
301115	0.004276358492
301116	0.002100618279
301117	0.0006296125297
301118	1.179206347e-05
301119	0.002931872337
301120	0.0002380187084
301121	0.001920070875
301122	0.0003735567807
301123	0.001547671784
301124	0.001918339707
301125	0.003815318386
301126	0.002940865499
301127	0.002169228497
301128	0.001674405885
301129	0.002846713682
301130	0.002903387864
301131	0.00024844054
301132	0.001073842753
301133	0.001346644547
301134	2.520833728e-05
301135	0.001127597838
301136	0.001468204272
301137	4.673856777e-05
301138	0.001964169062
301139	0.003682631177
301140	0.003541896856
301141	0.001580625786
301142	0.0005577826336
301143	0.001041693013
301144	0.00191881907
301145	0.003656218006
301146	0.00226594084
301147	0.0003699817927
301148	0.0005275369108
301149	0.003562960594
301150	0.001933118355
301151	0.001876953359
301152	0.0008234240847
301153	0.001285765308
301154	0.001189449715
301155	0.002435435734
301156	3.882722625e-05
301157	3.565860621e-06
301158	0.004250994112
301159	8.40903379e-06
301160	3.314118846e-05
301161	0.0007823041782
301162	0.004057535305
301163	0.00408851718
301164	0.0004552604606
301165	0.003257217978
301166	0.002959193088
301167	0.0001755049732
301168	0.001232153164
301169	0.003573116991
301170	0.001897041072
301171	0.003403953763
301172	0.001823695178
301173	0.002445699686
301174	0.003077155818
301175	0.002378844094
301176	0.003470630948
301177	0.004731726092
301178	0.003126601601
301179	0.003583505561
301180	0.003284748538
301181	0.002592171692
301182	0.0008272367258
301183	0.0005089229055
301184	0.0009011071566
301185	0.003365408399
301186	0.003167918675
301187	0.001719799477
301188	0.003529129799
301189	0.002885351803
301190	0.0003776696383
301191	0.002879842134
301192	0.005125150751
301193	0.001719451652
301194	0.001091918324
301195	0.003387728465
301196	0.003103705898
301197	0.00213377117
301198	0.0008204932731
301199	0.002601559414
301200	0.004329525443
301201	0.002682758655
301202	0.001654907886
301203	0.001143352906
301204	0.0003185199367
301205	0.0002595043178
301206	0.0008026839995
301207	0.002813613741
301208	0.0009519958811
301209	0.003411236156
301210	0.0004181965763
301211	0.0006491521397
301212	0.001817562664
301213	0.0007612637107
301214	0.0006182036356
301215	0.0006264013749
301216	0.002020772746
301217	0.000795178234
301218	0.0004123537374
301219	0.002173354076
301220	0.002231736117
301221	0.003769119288
301222	0.00360476905
301223	0.003106453856
301224	0.004721440155
301225	0.0002508924511
301226	0.002984531745
301227	0.001056049095
301228	0.002240436541
301229	0.003682099248
301230	0.00436549829
301231	0.001490614477
301232	0.003271428328
301233	0.0003925939269
301234	0.001857155079
301235	0.003390444302
301236	0.003112449514
301237	0.001338698223
301238	0.002165103734
301239	0.0002039380684
301240	0.004937739517
301241	0.001043553414
301242	0.000677396641
301243	0.004658810478
301244	0.004547902146
301245	0.0005965705248
301246	0.0008070712072
301247	0.001062156421
301248	0.003029396368
301249	0.004451571375
301250	0.003067583672
301251	0.0003436509408
301252	0.001774213021
301253	0.001360862005
301254	0.00157186062
301255	0.0006816876846
301256	0.00388348041
301257	0.001699038001
301258	0.003232241238
301259	0.001630065898
301260	0.001633704405
301261	0.002856723579
301262	0.001355262323
301263	6.092052619e-05
301264	0.003984928574
301265	0.002885519283
301266	0.003931944116
301267	0.00238920453
301268	0.003686449004
301269	0.003226836602
301270	0.001538209613
301271	0.0004404614406
301272	0.00188944418
301273	0.003597284177
301274	0.0001231475209
301275	0.001506311455
301276	0.0004494226977
301277	0.0005498705825
301278	0.004343182129
301279	0.0008363618375
301280	0.002133069846
301281	0.0006485910214
301282	0.003893487014
301283	0.003756856219
301284	0.003625899648
301285	0
301286	0.002871176799
301287	0.0005901595001
301288	0.002006772714
301289	0.002098655087
301290	0.00373002871
301291	0.0004576707971
301292	0.0002736885754
301293	7.875633822e-05
301294	0.00312338358
301295	0.003286581038
301296	0.002548492876
301297	0.00328015892
301298	0.004692101553
301299	0.0007172931227
301300	0.001392310702
301301	0.002606164832
301302	0.001282135394
301303	0.00278257278
301304	0.001261438498
301305	0.0006659923644
301306	0.0005062659162
301307	0.0005809534475
301308	0.0008329408223
301309	0.0009761573492
301310	0.0001306617189
301311	0.001971480133
301312	0.002167370874
301313	0.001485391963
301314	0.002067556409
301315	0.0015943214
301316	0.0021242246
301317	0.001661269385
301318	0.0005875431648
301319	0.003179110719
301320	0.002479413544
301321	0.003120648437
301322	0.00340136659
301323	0.0007894534548
301324	0.003284668621
301325	0.003084660776
301326	0.003312484639
301327	0.0003330111933
301328	0.003731115844
301329	0.004639926462
301330	0
301331	0.000713884252
301332	0.001341653082
301333	0.0006772509369
301334	0.003728966458
301335	0.003473123476
301336	0.002875260021
301337	0.004415440095
301338	0.004120789869
301339	0.00144589862
301340	1.189183775e-05
301341	0.001532152826
301342	0.0004324851114
301343	0.003780574081
301344	0.003599971318
301345	0.0001254339969
301346	0.003404999945
301347	0.001287390493
301348	0.004139224985
301349	0.003796922899
301350	0.0008231933014
301351	0.0007640820073
301352	0.002131234183
301353	9.194467987e-05
301354	0.002890421971
301355	0.003697552326
301356	0.0002058974501
301357	0.0039378849
301358	0.003834210082
301359	0.002509406206
301360	0.001600421231
301361	0.002238540349
301362	0.001389516651
301363	0.002466246648
301364	0.002874155427
301365	0.004507435862
301366	0.002003457378
301367	0.003044813119
301368	0.0004915120659
301369	0.000906938004
301370	0.003336790193
301371	0.003718331138
301372	0.003007393116
301373	0.0004518689754
301374	0.001650069275
301375	0.000318047505
301376	0.0009218820991
301377	0.0008546835709
301378	0.004526529241
301379	6.88320036e-06
301380	0.001041794031
301381	0.001362775497
301382	0.0003686439219
301383	0.001546888195
301384	0.001114041177
301385	0.004080049016
301386	0.001007100199
301387	0.00425939841
301388	0.0009220521675
301389	0.0003876654099
301390	0.003975869192
301391	0.0008724776947
301392	0
301393	0.003010008019
301394	0.0008491186302
301395	0.001902516414
301396	0.003063616474
301397	0.001834607255
301398	0.0007440323642
301399	0.002271603393
301400	0.002681736088
301401	0.002997923975
301402	0.003039101679
301403	0.001214854156
301404	0.00471081809
301405	0.001791300642
301406	0.001479281751
301407	0.000590592752
301408	0.0002852249836
301409	0.003516051141
301410	0.00349664559
301411	0.003664534196
301412	0.0009140911998
301413	0.000543670587
301414	0.002123670919
301415	0.0001254321515
301416	0.0006506612583
301417	0.00148236848
301418	0.0005322728953
301419	0.001407302375
301420	0.003455937326
301421	0.004543725279
301422	0.001619474804
301423	0.001895348817
301424	0.003486966108
301425	0.0008979479875
301426	0.000570849441
301427	0.00207558592
301428	0.002047872399
301429	0.004223624089
301430	0.003385365398
301431	0.003632185106
301432	0.003241695256
301433	0.003820377681
301434	0.001335126097
301435	0.0009229170406
301436	0.001489588687
301437	0.001849095286
301438	0.001240348415
301439	0.001922241007
301440	0.002114279822
301441	0.0009741237124
301442	0.0001536426208
301443	0.0006686578214
301444	0.003735219804
301445	0.00200249141
301446	0.002105077529
301447	9.478942621e-06
301448	0.001320032724
301449	0.003465103211
301450	0.001641506197
301451	0.0008290954856
301452	0.0005174768762
301453	0.0009160185726
301454	0.004276352875
301455	0.004072330639
301456	0.0005113707042
301457	0.003337264
301458	0.003555236519
301459	0.003547670991
301460	0.003114410254
301461	0.001490769233
301462	0.003090673694
301463	0.0006050749875
301464	7.484946515e-06
301465	0.000498377923
301466	0.002442531571
301467	0.003282176518
301468	0.003183322338
301469	0.005043352958
301470	0.00114706818
301471	0.00463191984
301472	0.003622571088
301473	0.000182562559
301474	0.003686204411
301475	0.00358633304
301476	0.0004769803533
301477	0.001189014914
301478	0.00218643461
301479	0.003555341312
301480	9.302413029e-05
301481	0.003756451308
301482	0.002797422538
301483	0.0007054483273
301484	0.0008761740903
301485	0.0007988887868
301486	0.0007150063561
301487	0.0003874618775
301488	0.003447684984
301489	0.002905286036
301490	0.001295013183
301491	0.002486866181
301492	0.002226309208
301493	0.0008286921401
301494	0.0006229828545
301495	0.00315374995
301496	0.0008806133918
301497	0.0001202154003
301498	0.002895980149
301499	0.003963876363
301500	9.791407566e-05
301501	0.003090883158
301502	8.222939438e-05
301503	0.001769012303
301504	0.001101179838
301505	0.002986463935
301506	0.001176035576
301507	0.00085135832
301508	9.08277565e-05
301509	0.003481753869
301510	0.0006775069042
301511	0.003165000754
301512	0.0017899202
301513	0.0004440991412
301514	0.003629558093
301515	0.001098985067
301516	0.004295574725
301517	0.003791182438
301518	0.0006850158795
301519	0.001248882994
301520	0.001122138553
301521	0.0005083887727
301522	0.003367270134
301523	0.001349424344
301524	0.0004263020139
301525	0.004096990452
301526	0.0007551471309
301527	0.001901340305
301528	2.499481476e-05
301529	5.225685669e-05
301530	0.004933830543
301531	0.003239982484
301532	0.001646285734
301533	0.001639037781
301534	1.197318008e-06
301535	0.003958535161
301536	0.002846545207
301537	0.001284118567
301538	0.0008468369893
301539	0.001953134509
301540	0.003079671976
301541	0.001818405468
301542	0.001253626649
301543	0.004414430467
301544	0.003925908686
301545	0.001832586419
301546	0.003527498337
301547	0.0009291472659
301548	0.001790997048
301549	0.001892277405
301550	0.0004156503815
301551	0.000836325133
301552	0.003152713159
301553	0.003899135025
301554	3.683445775e-05
301555	0
301556	0.003252035849
301557	0.0001152605851
301558	0.003279897445
301559	0.0005819621675
301560	0.0009519143083
301561	0.0008527328218
301562	0.002228881092
301563	0.001507201304
301564	0.0009963222006
301565	0.003387891068
301566	0.001373147219
301567	0.003864718297
301568	0.004420173807
301569	0.001395715379
301570	0.0007940485847
301571	0.001568294345
301572	1.189644878e-06
301573	1.217275248e-06
301574	0.00209213486
301575	0.001043588298
301576	0.002262989147
301577	0.003430569165
301578	0.0006261075944
301579	0.0004584712362
301580	0.0001359250488
301581	0.0005261798857
301582	0.0001167403687
301583	0.00437028468
301584	0.003235355005
301585	3.328096326e-06
301586	0.002414815658
301587	0.002843121658
301588	0.0003403315404
301589	0.003013750625
301590	0.0004786044865
301591	0.001132552603
301592	0.001519139551
301593	0.002154996976
301594	0.0002644905811
301595	0.001813850635
301596	0.003645624509
301597	0.001956558798
301598	0.003299455696
301599	0.0001211822198
301600	0.0005997049522
301601	0.001956718455
301602	0.0001505135709
301603	0.001828006471
301604	0.002831737517
301605	0.002240235728
301606	0.003305446651
301607	0.0008064131731
301608	0.0006730099919
301609	6.032133818e-05
301610	0.0001548894098
301611	0.001369412176
301612	0.003607980057
301613	0.001163751283
301614	0.002878240958
301615	0.000177244404
301616	0.001367217432
301617	9.404803527e-05
301618	0.002975042951
301619	0.0008365716685
301620	0.001450324755
301621	0.003193180405
301622	0.004110539464
301623	0.0003579668197
301624	0.001418359463
301625	0.003337888923
301626	0.003113024179
301627	0.0009787204218
301628	0.0008087967502
301629	0.002964584281
301630	0.002669738669
301631	0.003078709153
301632	0.001873118601
301633	0.005011579131
301634	0.002560783186
301635	0.0002356831151
301636	0.003336713176
301637	0.004026669373
301638	0.003668619857
301639	0.001900008359
301640	0.002027045564
301641	0.003717534187
301642	0.001256607869
301643	0.002616268742
301644	0.002854822695
301645	0.002219915617
301646	0.0005120104711
301647	0.0007538382559
301648	0.002872943013
301649	0.001852709484
301650	0.0005536354544
301651	0.001070520919
301652	0.0024352485
301653	0.0001494195765
301654	0.00135430012
301655	0.0022569102
301656	0.0005411948596
301657	0.0006030261618
301658	0.003006305807
301659	0.002877195285
301660	0.001311578658
301661	0.001080415124
301662	3.569700348e-05
301663	0.004699429148
301664	0.0004273862289
301665	0.001055068605
301666	0.003112579551
301667	0.00295262671
301668	0.001557421314
301669	0.002428329204
301670	0.0008249873636
301671	0.003789079269
301672	0.001291725573
301673	0.0007284328406
301674	0.0002730302089
301675	0.001236362461
301676	1.546076851e-05
301677	0.003009834012
301678	0.0001123854013
301679	0.0008928800709
301680	0.001090091107
301681	0.0003996806989
301682	0
301683	0.001352188727
301684	0.003769911366
301685	0.003538145954
301686	0.002881618815
301687	0.002842250823
301688	0.0005150862716
301689	0.001981436573
301690	0.001908311819
301691	0.0008017457439
301692	0.001665193492
301693	0.003061915122
301694	0.001303135883
301695	0.00368598612
301696	0.0009426819419
301697	0.0009107458029
301698	0.002134843943
301699	0.003723961934
301700	0.005242074548
301701	0.00138320721
301702	0.0007549582118
301703	0.0007225002221
301704	0.001261476604
301705	0.0009848634018
301706	0.003555851542
301707	0.001464905426
301708	0.00244215177
301709	0.001417935481
301710	0.003385746702
301711	0.0006403585416
301712	0.00500743712
301713	8.442607602e-06
301714	0.001854852163
301715	0.00316512773
301716	0.0009246683678
301717	0.004125893491
301718	0.0001986145037
301719	0.001294505756
301720	0.001300949761
301721	0.00361595046
301722	0.0006999664117
301723	0.00286519193
301724	6.07562913e-06
301725	0.0009091859948
301726	0.002652903911
301727	0.001106600276
301728	0.004639081443
301729	0.003880576833
301730	2.139824923e-05
301731	0.003552989574
301732	0.002838162602
301733	0.003694526843
301734	0.0008005817564
301735	0.0007220691073
301736	0.001144542283
301737	0.001280130646
301738	0.000642159083
301739	0.001505382381
301740	0.0005167152365
301741	0.0007252874189
301742	0.001183923626
301743	0.001657042635
301744	0.001088364329
301745	0.0004783609015
301746	0.002714958517
301747	0.003594665838
301748	0.0004159974471
301749	0.001357809427
301750	0.0004528463777
301751	0.00435119433
301752	0.003447172438
301753	0.000580674072
301754	0.004510070354
301755	0.0009455855221
301756	0.003741337842
301757	0.004616082018
301758	0.00119479363
301759	0.003593207631
301760	0.001823687903
301761	0.003129403726
301762	0.002160117747
301763	0.003297659624
301764	0.001729781038
301765	0.001263735664
301766	0.00356200828
301767	0.002829173332
301768	0.002873449975
301769	0.003710431903
301770	0.003679367126
301771	0.0004431618819
301772	0.00201789652
301773	0.0007648696609
301774	0.002175218067
301775	0.003050003979
301776	0.001224340029
301777	0.001148633894
301778	0.005154747802
301779	0.004541563207
301780	0.002268109017
301781	0.002876428486
301782	1.319200421e-05
301783	0.003013350104
301784	0.004167547334
301785	0.0004083019105
301786	0.001551693368
301787	0.002213060771
301788	0.001889052468
301789	0.001519687236
301790	0.0008805127432
301791	0.003241940425
301792	0.00157735826
301793	0.0006785628095
301794	0.004182643731
301795	0.002245091855
301796	0.0003229454958
301797	0.0001192016203
301798	0.001464780107
301799	0.0024063493
301800	0.001631232583
301801	0.0004735972827
301802	0.002093439761
301803	0.001126848655
301804	6.948212807e-05
301805	0.0002269719265
301806	0.002031281801
301807	0.001168102297
301808	0.0002727448901
301809	0.003285790381
301810	0.001145093059
301811	0.0001020315802
301812	0.0007298551147
301813	0.001551301427
301814	0.0009010613097
301815	0.0005195562658
301816	0.0002139029836
301817	0.0021649566
301818	0.0001867295006
301819	0.0003474707339
301820	0.00066887948
301821	0.0006785177607
301822	0.000303617506
301823	0.0004296636044
301824	0.0001885474777
301825	0.0007956923415
301826	8.826409538e-07
301827	0.0005319379184
301828	0.0008171763573
301829	0.0009155001966
301830	0.0002093155436
301831	0.0008293833828
301832	1.060127303e-05
301833	0.0002913419861
301834	0.0004327408835
301835	0.0007580117757
301836	0.001231820396
301837	4.98884006e-05
301838	0.0006705235162
301839	0.001232268458
301840	0.001145285627
301841	0.0002372992221
301842	3.352523982e-05
301843	0.000772502949
301844	0.0002027305281
301845	0.0008751241149
301846	0.00126139612
301847	0.0003505785439
301848	0.0001325108927
301849	0.001211840638
301850	0.00108152772
301851	0.0003473476945
301852	0.0002774569016
301853	0.001020337159
301854	0.0003199228954
301855	1.715688298e-05
301856	0.0003223155278
301857	0.0007753762744
301858	0.001108617447
301859	0.0008620288318
301860	0.0009286418591
301861	4.617480505e-05
301862	0.0002191279686
301863	0.0007176434107
301864	1.897496502e-06
301865	0.0001753530525
301866	0.0005755415903
301867	0.0007017001201
301868	0.001163949463
301869	0.0006331056996
301870	0.0001187400203
301871	0.001225078004
301872	0.0007590184385
301873	0.0003755898146
301874	0.0007741630576
301875	0.0001819252139
301876	0.0005841211557
301877	0.0001188923351
301878	0.0001551788614
301879	0.0002655006415
301880	0.0008747824103
301881	0.001159200114
301882	0.0004568229056
301883	0.0009892889144
301884	0.0002040904208
301885	0.0003692968249
301886	0.0006333488115
301887	0.001111668221
301888	7.375620532e-06
301889	9.791216516e-05
301890	0.0007868368173
301891	0.0002244166892
301892	0.0009608491197
301893	0.0004715205422
301894	0.0002384742279
301895	0.0006969563965
301896	0.001177801764
301897	0.0006247181442
301898	0.0004152523002
301899	2.233457127e-05
301900	0.0003582886094
301901	0.0004622563271
301902	0.001275712771
301903	0.001131343454
301904	0.0002364747349
301905	0.0001136068935
301906	0.0003213624674
301907	0.0004988897786
301908	0.0003235732684
301909	0.0007347512348
301910	0.001231080555
301911	0.00113588393
301912	0.0003370183572
301913	0.0007225195818
301914	0.0003743586896
301915	0.001054536952
301916	0.0008487787213
301917	0.0005675369838
301918	0.0005768627291
301919	0.0007004224515
301920	0.0012504413
301921	0.0004003921438
301922	0.0006722811802
301923	0.0002746084981
301924	0.001152478246
301925	0.0009658520667
301926	0.0009474001146
301927	0.0004819853617
301928	0.0009517346564
301929	0.001105349433
301930	0.0009751150515
301931	0.001227118033
301932	0.000925041172
301933	0
301934	0.0006897790713
301935	0.001101484463
301936	0.0008620611834
301937	3.322666757e-05
301938	0.0001373295374
301939	0.0008414619699
301940	1.550689014e-05
301941	0.0005150428073
301942	0.0012266837
301943	0.0003506609532
301944	0.0006634296573
301945	0.001232045641
301946	0.0006897220261
301947	0.0005205056875
301948	4.348734009e-06
301949	4.591709166e-05
301950	0.001168347577
301951	0.0004612413755
301952	4.14320336e-05
301953	0.0008269287718
301954	0.0006282225597
301955	0.0001676687631
301956	0.0008513090131
301957	4.814385315e-05
301958	0.001259651728
301959	7.53774609e-05
301960	0.0002240921124
301961	0.0007299931817
301962	0.0002078854061
301963	0.001233637139
301964	0.0007501410526
301965	8.417089817e-06
301966	0.0009086196933
301967	8.196180964e-05
301968	0.00112308531
301969	0.001239944091
301970	0.001092619938
301971	0.0004424706407
301972	0.0009697656027
301973	0.0009990941882
301974	0.001136277978
301975	0.0001094603016
301976	0.001004132679
301977	0.0004818993214
301978	0.0006451636571
301979	0.000897406839
301980	0.0005786353732
301981	0.001249424587
301982	0.000738080453
301983	0.000569973263
301984	0.0007433425605
301985	0.0005299041101
301986	1.92661424e-05
301987	0.0008431687448
301988	0.001112408751
301989	0.00124007431
301990	0.001191568045
301991	0.0002335140346
301992	0.001201695777
301993	0.0006874569162
301994	0.001052201809
301995	1.302472824e-05
301996	0.0009794325219
301997	0.0005024282369
301998	0.0007760551068
301999	0.0006157487892
302000	0.0002001153308
302001	0.0006727905195
302002	0.001086443654
302003	0.0001948714572
302004	0.0008845530512
302005	0.0002830545865
302006	0.001014510663
302007	0.001014540244
302008	0.0004625033281
302009	0.0008222194456
302010	3.202072391e-05
302011	0.0009040198629
302012	0.0005289568927
302013	0.001217358775
302014	0.0002449716214
302015	0.000361978198
302016	0.000643135713
302017	0.001239376562
302018	0.001010828832
302019	0.001236617153
302020	0.0003397367793
302021	0.0003195757071
302022	0.0002972227577
302023	0.0003680856519
302024	0.001169763828
302025	0.001231433165
302026	0.001017276729
302027	0.0005623320082
302028	0.0006675694643
302029	0.0009090470052
302030	0.0001101508935
302031	0.0002677878994
302032	0.001146188007
302033	0.001112313875
302034	0.0008793440978
302035	0.0004777980904
302036	0.0003692454675
302037	0.0008170484019
302038	0.0005651991034
302039	5.681276999e-05
302040	0.0002096184809
302041	1.939502709e-05
302042	0.000350290722
302043	0.0005998799697
302044	0.0003206668548
302045	5.63249168e-05
302046	0.0006391846858
302047	0.0005776238711
302048	0.000123589008
302049	0.001258836088
302050	0.0007248573324
302051	0.001008856604
302052	0.0007413850534
302053	0.0007789083758
302054	0.0001275341922
302055	0.0008022809253
302056	1.684339781e-05
302057	0.0005091427476
302058	0.0008380484425
302059	3.028831429e-05
302060	0.001252630899
302061	2.260333499e-05
302062	0.0003361895658
302063	0.0001382280949
302064	0.0009069339683
302065	0.0008595973555
302066	7.420516528e-06
302067	0.0002636307104
302068	0.0001085025406
302069	0.000600633247
302070	0.0004830962849
302071	9.689159022e-05
302072	0.0001265252921
302073	0.0009657592541
302074	0.001140432391
302075	0.001238334522
302076	0.0007671747487
302077	0.0001380281693
302078	0.0005824630088
302079	0.0005746585852
302080	0.001237842438
302081	0.0007163917736
302082	0.0008523863221
302083	0.0004044833392
302084	0.0001770481975
302085	0.0001058967016
302086	0.000250506996
302087	0.0006181416557
302088	0.0001022068487
302089	2.735250514e-05
302090	0.0005671795528
302091	0.0002927562986
302092	0.001235686144
302093	0.0001742453332
302094	0.0004189202863
302095	3.421585598e-06
302096	0.001027959446
302097	0.001243908768
302098	0.0009970863022
302099	0.0004633824702
302100	0.0008663969701
302101	0.0004878518254
302102	6.06489532e-06
302103	0.001000276142
302104	0.0012446804
302105	0.0009575473366
302106	0.001053040574
302107	0.001234014741
302108	0.0007438767112
302109	0.0002107632061
302110	0.0009885713743
302111	2.416655386e-06
302112	0.0002589181338
302113	0.001218443018
302114	0.001220670559
302115	0.000825504265
302116	0.0004802305474
302117	0.00056450056
302118	0.0001798709414
302119	0.0005530607573
302120	0.0002887495466
302121	0.0003836786028
302122	5.588967179e-05
302123	0.001113260735
302124	0.0009324331997
302125	0.0004921269487
302126	0.0001164052211
302127	0.0004081824605
302128	0.0003129536194
302129	0.0006935356682
302130	0.001244064873
302131	0.001262870915
302132	0.001029705089
302133	0.0007855917082
302134	0.0003861798506
302135	0.0002389458725
302136	0.001029669409
302137	0.0004749327164
302138	0.0007468331622
302139	0.0009817660426
302140	1.477158913e-05
302141	0.0005733253577
302142	0.0003970327683
302143	0.0003461177514
302144	0.001076666027
302145	0.0005086693188
302146	0.0008470100515
302147	0.000751040784
302148	0.0004276139414
302149	0.0002398186192
302150	0.0009094170521
302151	4.695207477e-07
302152	0.0001405094394
302153	0.00114095592
302154	0.00124592804
302155	0.0008886955795
302156	1.639410406e-06
302157	0.0001290377495
302158	0.0009217736501
302159	0.000984588404
302160	0.001141709333
302161	0.0002914805277
302162	0.001124195008
302163	0.001045396186
302164	0.001011733169
302165	0.0003538866338
302166	0.0001445790691
302167	0.0006752250243
302168	0.0002556352228
302169	0.0006074569684
302170	0.001259806614
302171	0.0002461106267
302172	0.001035641734
302173	0.00128905533
302174	0.0005177194738
302175	0.001112410283
302176	3.652147276e-05
302177	9.863883083e-05
302178	0.0003220564792
302179	0.001288889082
302180	0.001086081082
302181	0.0009703330005
302182	0.0009924162523
302183	0.0007005779227
302184	3.085913849e-05
302185	0.0003556255582
302186	0.0009724151118
302187	0.00115923412
302188	0.0002118059092
302189	0.0006623804457
302190	0.001094916602
302191	0.0007493743531
302192	0.001111525475
302193	0.0005259146313
302194	0.0006133710281
302195	0.0004102871275
302196	2.959195058e-05
302197	0.0009604514117
302198	0.000889247821
302199	7.297329272e-06
302200	0.001265222687
302201	0.0001089628827
302202	2.299668578e-06
302203	0.0001120448175
302204	5.257130072e-05
302205	0.0009819852618
302206	0.0006790075923
302207	0.001130333741
302208	0.0005089661912
302209	0.0006466417729
302210	0.001259810001
302211	0.0006143192987
302212	0.0002292688591
302213	0.0001805654691
302214	0.0009537047692
302215	0.00045179278
302216	0.0008543906422
302217	0.001182270291
302218	0.0007364081164
302219	0.0003938777903
302220	0.001085242136
302221	0.000891840456
302222	0.0002090004472
302223	0.0008854724312
302224	0.001021078254
302225	0.0005837365467
302226	0.001104774905
302227	0.001217502949
302228	0.0009772040284
302229	0.0006098684999
302230	0.0004748589972
302231	0.0007949753624
302232	2.476876096e-05
302233	0.001232947999
302234	0.0004734464846
302235	0.0003532173774
302236	0.0008627838348
302237	0.0006978652586
302238	0.00123668449
302239	0.001204367293
302240	0.0008528275817
302241	0.001032805994
302242	0.0009692836627
302243	0.001229818845
302244	3.437448125e-05
302245	0.0006158542956
302246	0.0009666752624
302247	0.0001512040925
302248	0.0001521039232
302249	0.000373720275
302250	0.0001841507331
302251	0.00044737695
302252	0.0006015649349
302253	0.0009526128795
302254	0.001114042031
302255	0.0004213990776
302256	0.001133102817
302257	0.0006007701614
302258	0.0004427316154
302259	0.0007736032267
302260	0.001234525902
302261	0.0008052695579
302262	0.0005224863206
302263	0.0005671302013
302264	0.0005057161159
302265	0.0009576751745
302266	0.0002985670809
302267	0.0009085669598
302268	8.636878138e-05
302269	0.0003370889879
302270	0.0007257233168
302271	0.001132226681
302272	6.70496192e-06
302273	0.001268190011
302274	0.0005242269614
302275	0.0004132526464
302276	0.0001354921435
302277	0.000934816805
302278	0.0007001599702
302279	0.000173433502
302280	1.778349886e-05
302281	0.0009300570711
302282	0.0007705008134
302283	0.001011986016
302284	0.0001227496601
302285	0.000603377593
302286	0.001268095539
302287	0.0008784645428
302288	0.0003829238587
302289	0.001048610988
302290	9.882426134e-07
302291	0.0005013566817
302292	0.0003945403734
302293	0.0002223562882
302294	0.001108232161
302295	0.0007415393959
302296	0.00124428615
302297	0.0007859976692
302298	0.001234078584
302299	7.885460053e-06
302300	0.001201347079
302301	2.054452913e-05
302302	0.0003739122045
302303	0.00109412371
302304	0.0008062855605
302305	0.0002609792669
302306	0.001219656806
302307	0.000116096323
302308	0.0008468050431
302309	6.255062784e-06
302310	0.001103463972
302311	0.0005176438035
302312	0.0002424821718
302313	0.0006185473834
302314	0.001239284397
302315	0.001029153897
302316	0.0004665597685
302317	6.212487682e-05
302318	0.0009278117272
302319	0.001228036684
302320	0.0009630583002
302321	0.001238355248
302322	0.0006963220418
302323	0.0004166870175
302324	0.0008249557562
302325	0.0004219617386
302326	0.001149188722
302327	0.0009627387574
302328	0.0001403038639
302329	0.000446462126
302330	0.0001586436632
302331	0.000799239584
302332	0.001041258862
302333	0.0007028886529
302334	0.001132326716
302335	0.0004435669834
302336	0.0004317259175
302337	0.0004646061772
302338	0.0007970111993
302339	9.950235058e-05
302340	0.001244343737
302341	0.000702467431
302342	0.0004529655387
302343	9.53584507e-05
302344	0.0008262175601
302345	5.806782864e-05
302346	0.001024313937
302347	0.0003902279968
302348	0.0009567492092
302349	0.0005329923143
302350	0.001226273137
302351	0.001248028865
302352	0.0004290241291
302353	0.0006666001744
302354	0.0001735254124
302355	0.001025608076
302356	0.001117648867
302357	0.0007811678529
302358	7.012919903e-05
302359	0.0001115033772
302360	0.000884400171
302361	0.0003536221119
302362	0.0003613644381
302363	0.003671680963
302364	0.003443704552
302365	0.0004007984272
302366	0.005087571924
302367	0.004219450826
302368	0.005096128495
302369	0.001947690449
302370	0.002278639426
302371	0.002380631454
302372	0.002285602978
302373	0.001020140322
302374	0.001120750237
302375	0.0001338600927
302376	0.0005576477421
302377	0.0033969611
302378	0.003621192389
302379	0.0002458314929
302380	0.003074964378
302381	0.003627433927
302382	0.002595233469
302383	0.002804827704
302384	0.002251024387
302385	0.001561457092
302386	2.878077991e-06
302387	0.0003469395529
302388	0.0009150697102
302389	0.00269796796
302390	0.004760796849
302391	0.001942399927
302392	0.003622070575
302393	0.000423104563
302394	0.003267178672
302395	0.003181810758
302396	0.0009949420878
302397	0.001786430674
302398	6.486971426e-06
302399	0.003160193411
302400	0.002393319105
302401	0.002921471913
302402	0.0006791083523
302403	0.003272523468
302404	0.002017389488
302405	0.002251395802
302406	0.001823491008
302407	0.002814592723
302408	0.001694532761
302409	0.005207219825
302410	0.002350488668
302411	0.002150638148
302412	0.002503844532
302413	0.003284697402
302414	0.002864978785
302415	3.131754132e-07
302416	0.002708224387
302417	0.00217038128
302418	0.0007858469648
302419	0.00520939446
302420	0.0003625620108
302421	0.00101799724
302422	0.0021511853
302423	0.002027316876
302424	0.001697176611
302425	0.0002780669599
302426	0.003500328171
302427	0.0003541122259
302428	0.003618096035
302429	0.001813494911
302430	0.0005608688653
302431	0.002378559233
302432	0.002842502844
302433	3.608961688e-06
302434	0.001248602512
302435	0.003051284336
302436	0.0009963260944
302437	0.0001173222934
302438	0.001320777058
302439	0.0001097045096
302440	0.0002333873721
302441	0.00453632802
302442	0.003730162532
302443	0.004076185614
302444	0.002615237001
302445	0.001365051404
302446	0.003271659883
302447	0.003504403553
302448	0.001835500149
302449	0.0002168095453
302450	0.002819079815
302451	0.00134437803
302452	0.001353803389
302453	0.001018417265
302454	0.0001186415076
302455	0.004644301923
302456	0.001570884065
302457	0.002727664612
302458	0.001565305508
302459	0.001585793116
302460	0.002494473871
302461	0.003662959411
302462	0.0001053899859
302463	0.002063780024
302464	0.002053137425
302465	0.001790878376
302466	0.000455640573
302467	0.002251456179
302468	0.0009134063974
302469	0.001694752601
302470	0.0006689298728
302471	0.003046827844
302472	0.003536965397
302473	0.0009066255855
302474	0.0007203972744
302475	0.01162182035
302476	0.001733958996
302477	3.701393112e-05
302478	0.007340846945
302479	0.0005346198374
302480	0.003806438692
302481	0.002144512441
302482	0.00409690761
302483	0.0004736453443
302484	0.001965990268
302485	0.001968013344
302486	0.01104916584
302487	0.006095282691
302488	0.001569031985
302489	0.001345865094
302490	0.002010995848
302491	0.004690368248
302492	0.003588902
302493	0.005063655667
302494	0.000238071933
302495	0.004570659013
302496	0.001210938158
302497	0.002563910063
302498	0.007987360855
302499	0.0004354756832
302500	0.0006109342972
302501	0.01402431193
302502	0.0117362004
302503	0.0006558719181
302504	0.003338734815
302505	0.006909378819
302506	0.006179324892
302507	0.003930609685
302508	0.008579910486
302509	0.003282082489
302510	0.002683514081
302511	0.00740239704
302512	0.0027400393
302513	0.006326448117
302514	0.000686853754
302515	0.006108639517
302516	0.006160677866
302517	0.003114283808
302518	0.004617182339
302519	0.003311257389
302520	0.005173148719
302521	0.001482236072
302522	0.001999091393
302523	0.002549479032
302524	0.004843784267
302525	0
302526	0.005474002305
302527	0.002696723061
302528	0.008898970024
302529	0.001887449742
302530	0.0008085389216
302531	0.0005139375455
302532	0.0005670010097
302533	0.0009700338765
302534	0.0003930563867
302535	0.005047482118
302536	0.0006729785978
302537	0.0005818032809
302538	0.001867035249
302539	0.003915384763
302540	0.005474110084
302541	0.0007641706447
302542	0.0009783577738
302543	0.001337919543
302544	0.002265727156
302545	0.003376695191
302546	0.002325818904
302547	0.002856334744
302548	0.001545605007
302549	0.006886524356
302550	0.0002915404934
302551	0.0013079092
302552	0.00322900761
302553	0.0009287166748
302554	0.001628118333
302555	0.001654103704
302556	0.0009465118889
302557	0.00465935166
302558	0.0009778625606
302559	0.003833926968
302560	0.00130373835
302561	0.00253998251
302562	0.0002216201169
302563	0.0001387499342
302564	0.001076199091
302565	0.003375913771
302566	0.0004610854491
302567	0.005118811139
302568	0.00141023677
302569	0.0002291849566
302570	0.0007533766888
302571	0.00436123745
302572	0.003102679288
302573	0.0009654696125
302574	0.001306863052
302575	0.0009923059265
302576	0.001134090348
302577	0.001361051962
302578	0.004063789984
302579	0.004612765721
302580	0.003554816156
302581	0.002074480829
302582	0.003538761007
302583	0.00139386907
302584	0.001679053985
302585	0.003358783239
302586	0.003008041625
302587	0.004543713636
302588	0.002453749555
302589	0.0001893733582
302590	0.0008369157796
302591	0.002620089724
302592	0.0001754614247
302593	0.001303677448
302594	0.003482750586
302595	0.005790385577
302596	0.003652768373
302597	0.001261194839
302598	0.00130578925
302599	6.454821419e-06
302600	0.001685616947
302601	0.003421737363
302602	0.001278032819
302603	0.002103350689
302604	0.0007876532581
302605	0.002019597962
302606	0.0006875436758
302607	0.003154165032
302608	0.003541709021
302609	0.001296409236
302610	0.001901477196
302611	0.0011721449
302612	0.0007103693663
302613	0.004172584134
302614	0.004523998401
302615	0.002561374522
302616	0.001795520974
302617	0.003720608502
302618	0.00265794847
302619	0.003222518831
302620	0.004821576209
302621	0.0006151619208
302622	0.0005138658224
302623	0.002817913542
302624	0.002703543997
302625	0.003843596725
302626	0.002137920578
302627	0.004922651861
302628	0.001159885241
302629	0.0003527868282
302630	0.002638757921
302631	0.0004461346494
302632	0.0001653762119
302633	0.001941386058
302634	0.001952600621
302635	0.004050613086
302636	0.004070511919
302637	0.002758537842
302638	0.001874347646
302639	0.001005445893
302640	0.003845637795
302641	0.002310669106
302642	0.0007509111719
302643	0.002353405651
302644	0.000638144499
302645	7.731246952e-05
302646	0.0009696512472
302647	0.00494094257
302648	0.003974211596
302649	0.001331751332
302650	0.001838014329
302651	0.0009413649702
302652	0.0005585822745
302653	0.001141882823
302654	0.0005896631669
302655	0.001186240013
302656	0.0002352978187
302657	0.002094900181
302658	0.002660037756
302659	0.0007503516611
302660	0.002481600499
302661	0.002820018853
302662	0.001562424845
302663	0.00120313949
302664	0.0002487523864
302665	0.00285384381
302666	0.004175440033
302667	0.0009081301844
302668	0.001290170011
302669	0.001012683805
302670	0.0008568727731
302671	0.002619785196
302672	0.003360029633
302673	0.0009577949775
302674	0.002820606965
302675	0.002401903511
302676	0.006976004512
302677	0.0007282579309
302678	0.0003309455951
302679	0.0006718270987
302680	0.0002715022563
302681	0.0002743536731
302682	0.002538843168
302683	0.0003769770036
302684	0.002444056197
302685	0.002789707652
302686	0.0008670198504
302687	0.0006903893949
302688	0.005109812924
302689	0.005916978145
302690	0.001050793911
302691	0.002263505539
302692	0.0008623343593
302693	0.0009965471332
302694	0.001101938489
302695	0.003026692866
302696	0.001978738078
302697	0.0003280103124
302698	0.00398282958
302699	0.003607510279
302700	0.0009167581745
302701	0.002545252259
302702	0.001306682002
302703	0.0005088902401
302704	0.0005752153926
302705	0.002479167745
302706	0.002895643619
302707	0.001515387119
302708	0.0008137129027
302709	0.005704849191
302710	0.0008002034703
302711	0.001391469902
302712	0.003369552078
302713	0.002172294118
302714	0.001305312995
302715	0.001802785074
302716	0.003028612352
302717	0.0004327912834
302718	0.002879228952
302719	0.003753116839
302720	0.001143334633
302721	0.0009360794481
302722	0.003071342901
302723	0.002459668947
302724	0.001234270507
302725	0.004599332685
302726	0.003189158419
302727	0.003069986619
302728	0.001008952304
302729	0.001963578175
302730	0.000339417182
302731	0.00328618464
302732	0.00270365358
302733	0.000117202738
302734	0.00407182966
302735	0.001187749738
302736	0.001177519466
302737	0.001247297821
302738	0.001578315953
302739	0.002533849678
302740	0.001759098115
302741	0.0004873828171
302742	0.003308105647
302743	0.002913261694
302744	0.0002396627178
302745	0.001336528599
302746	0.002882769691
302747	0.0001710566012
302748	0.007092720831
302749	0.0004162026555
302750	0.003073127544
302751	0.0009266254587
302752	0.001094757438
302753	0.000869105118
302754	0.0007343790729
302755	0.001589017946
302756	0.002620657426
302757	0.003594730282
302758	0.0003711743098
302759	0.0008759000786
302760	0.002593559491
302761	0.001130767687
302762	0.004956030168
302763	0.001199586272
302764	0.0003132796552
302765	0.004616918237
302766	0.002619068757
302767	0.003696389466
302768	0.002681965542
302769	0.0006748057583
302770	0.003679063895
302771	0.002674656478
302772	0.003342690426
302773	0.008170226962
302774	0.005020336161
302775	0.003091766729
302776	0.0007831986896
302777	0.002067785713
302778	0.001290942729
302779	0.001306719594
302780	0.001886584859
302781	0.001062458893
302782	0.001306702364
302783	0.002999702542
302784	0.003096680688
302785	0.001687737667
302786	0.001215095935
302787	0.001414300219
302788	0.001295964743
302789	0.0002932436648
302790	0.002635128231
302791	0.005071230064
302792	0.002897568926
302793	0.0005632148735
302794	0.001101075255
302795	0.002224759269
302796	0.002630496972
302797	0.003134315611
302798	0.0001034983087
302799	0.002941972162
302800	0.0004157521516
302801	0.000284009597
302802	0.001471916865
302803	0.004078327656
302804	0.002306401198
302805	0.004849313683
302806	0.001082404555
302807	0.0001521315662
302808	0.003294862673
302809	0.006153640552
302810	0.0008423400689
302811	0.0008082758875
302812	0.004184996625
302813	0.001448072844
302814	0.002525235588
302815	0.002567445836
302816	0.004830370303
302817	0.001437958298
302818	4.929042709e-05
302819	0.001382697811
302820	0.000373923014
302821	0.000276998658
302822	0.0004219030622
302823	0.00385453729
302824	0.001816980479
302825	0.0003812916935
302826	0.0001518641315
302827	0.0009045514506
302828	0.001807629623
302829	0.0001518045721
302830	0.001269004392
302831	0.003831662326
302832	0.001070164717
302833	0.001170087847
302834	0.002149560062
302835	0.002532405109
302836	0.001513190024
302837	0.0002212026743
302838	0.0008980449829
302839	0.00377793185
302840	0.0009911195128
302841	0.0007978503726
302842	1.764233758e-06
302843	0.0005130517993
302844	0.004356283689
302845	0.0004562477426
302846	0.005152631055
302847	0.001100474087
302848	5.369333917e-05
302849	0.004572705104
302850	0.001307137815
302851	0.0001797011103
302852	0.000990595976
302853	0.0006309624392
302854	1.688890735e-05
302855	0.003893604379
302856	0.0008253320901
302857	0.007007284762
302858	0.001083318823
302859	0.0009827059509
302860	0.002463374339
302861	0.004905907844
302862	0.002107856493
302863	0.001089473525
302864	0.003199528079
302865	0.0007350976164
302866	0.002828763601
302867	4.060502453e-05
302868	0.003161704393
302869	0.0022850173
302870	0.0006553561365
302871	0.002615372726
302872	0.001775849191
302873	0.002998624515
302874	0.00613500502
302875	0.000188189496
302876	0.002273683499
302877	0.0004192713187
302878	0.003295461595
302879	0.003650490495
302880	0.004411555228
302881	0.0001684469187
302882	0.0034846202
302883	0.001113165694
302884	0.0002196085393
302885	0.002341326177
302886	0.002651648559
302887	0.00214962515
302888	0.0006644225119
302889	0.0004495704942
302890	0.001918391425
302891	0.001744733768
302892	0.003032001488
302893	0.001117584851
302894	0.0005221394157
302895	0.0002465537683
302896	0.0001008963249
302897	0.002499718314
302898	0.002608286839
302899	0.001824973772
302900	0.003487177208
302901	0.001241278523
302902	0.0007312575136
302903	0.000237454035
302904	0.0002945587411
302905	0.003065777312
302906	0.001034247775
302907	0.003526940979
302908	2.794562077e-05
302909	0.00402527043
302910	0.002452338452
302911	0.001368274489
302912	0.0001356038213
302913	0.003113847562
302914	0.001518759488
302915	0.0003843185983
302916	0.0003969613547
302917	8.746424984e-05
302918	0.0004950987727
302919	0.002209017184
302920	0.0008309030717
302921	0.0009603537431
302922	0.005819541434
302923	0.0002081886145
302924	0.001241976068
302925	0.003866111449
302926	0.0004339859727
302927	0.005198274649
302928	0.001394708589
302929	0.002210169951
302930	0.002441611383
302931	0.004126876152
302932	0.003133910506
302933	0.003098693962
302934	0.001130550332
302935	0.0005295430586
302936	0.0008025370624
302937	0.0003633643373
302938	0.0006302432627
302939	0.0004696969463
302940	0.001661451325
302941	0.008005727902
302942	0.0004886164625
302943	0.0009508938865
302944	0.00220506998
302945	0.0001742458245
302946	0.002603877834
302947	0.0004219294189
302948	0.0002134235483
302949	0.002168619672
302950	0.008146500325
302951	0.003230241237
302952	0.0009892924954
302953	0.002247737791
302954	0.001026627716
302955	0.003152612439
302956	0.0001892129689
302957	0.0002052898483
302958	0.001188064648
302959	0.001017355993
302960	0.001725596613
302961	0.001404253335
302962	0.001028554269
302963	0.001648851013
302964	0.001150076233
302965	0.002829097045
302966	0.00122924269
302967	0.001299486117
302968	0.00381485525
302969	0.001376208502
302970	0.0006378992878
302971	0.001579958801
302972	0.0018771035
302973	0.002524483212
302974	0.002229320485
302975	0.002642208472
302976	0.002434569422
302977	0.001659078216
302978	0.00305924901
302979	0.0009141088352
302980	0.002447467289
302981	0.001936044242
302982	0.001299215778
302983	0.001092648461
302984	0.0004954425116
302985	0.001244612496
302986	0.00264260987
302987	0.0008526323976
302988	0.002118821935
302989	3.650453798e-05
302990	0.0009171313546
302991	0.00208955833
302992	0.001944680485
302993	2.258165111e-05
302994	0.001937778149
302995	9.2857822e-05
302996	0.002611799647
302997	0.005588450391
302998	0.00166368459
302999	0.005242567255
303000	0.001348665137
303001	0.002826402449
303002	0.001631982202
303003	0.00395541283
303004	0.001254511278
303005	0.004771148181
303006	0.004738969961
303007	0.001289282726
303008	0.0003548467623
303009	0.0047124315
303010	0.00130203112
303011	0.004289709129
303012	0.003318672857
303013	0.002038977626
303014	0.002288020519
303015	0.002727382032
303016	0.003253381744
303017	0.0006146801657
303018	0.005922404133
303019	0.003368637037
303020	0.0006546665984
303021	0.002086281922
303022	0.0004532836002
303023	0.001313114399
303024	0.001128408824
303025	0.001857873274
303026	0.002569212221
303027	0.002353523102
303028	0.001780308549
303029	0.003636090744
303030	9.610613922e-05
303031	0.003582241122
303032	0.001514531511
303033	0.004109579495
303034	0.005481687697
303035	0.002735778199
303036	0.0008774299959
303037	0.002227114539
303038	0.002793534233
303039	0.0003655226906
303040	0.0006450360942
303041	0.002465066977
303042	0.002432620685
303043	0.00090830496
303044	0.001085977516
303045	0.0004876801777
303046	0.003423942379
303047	0.0007363505066
303048	0.000403867447
303049	0.0002259515566
303050	0.0003814950117
303051	0.001143772574
303052	0.0009471605841
303053	0.0002122994674
303054	0.001389435755
303055	0.001889653949
303056	0.0004638523197
303057	0.001410332245
303058	7.821102406e-05
303059	0.001939758994
303060	0.007858299279
303061	0.004118365632
303062	0.003572082902
303063	0.001493144334
303064	0.0006710666486
303065	0.003689217389
303066	0.002795992723
303067	4.322232867e-05
303068	0.001660576656
303069	0.003103183436
303070	0.002743759778
303071	0.002221385011
303072	0.0003851491038
303073	0.0005241594488
303074	0.0002903190455
303075	0.003204534743
303076	0.002501559875
303077	0.0005829088624
303078	0.001213729582
303079	0.001135968937
303080	0.002344895704
303081	0.003263120029
303082	0.004181839883
303083	0.0008608557683
303084	0.003248822962
303085	0.00339917207
303086	0.0001291071384
303087	0.00173729058
303088	0.003187543336
303089	0.0004526623976
303090	0.002200963275
303091	0.001180018624
303092	0.0006661185644
303093	0.002341990039
303094	0.002644171113
303095	0.0006437317114
303096	0.001604608745
303097	0.002447156024
303098	0.003389744113
303099	1.620990197e-06
303100	0.001743047823
303101	0.001821623518
303102	0.002753764482
303103	0.002575432064
303104	0.0001105366914
303105	0.002788809324
303106	0.004837935255
303107	0.001356146555
303108	0.0005762450348
303109	0.0005486245712
303110	0.001473326405
303111	0.002642339639
303112	0.00106134375
303113	0.001119728887
303114	0.001671065436
303115	0.00117160638
303116	0.003001124603
303117	0.003512628921
303118	0.003504643446
303119	0.003596617241
303120	0
303121	0.002944529624
303122	0.002624644946
303123	0.00151685285
303124	0.002002971963
303125	0.001252220186
303126	0.0004698070281
303127	0.00228432328
303128	0.002652908294
303129	0.001500330658
303130	0.000652266994
303131	0.0003396120302
303132	0.0002987862545
303133	0.00111255715
303134	0.0003762145218
303135	0.001290236492
303136	0.0006177352392
303137	0.003802974549
303138	0.0006599789366
303139	0.0001209589346
303140	0.0003166775953
303141	0.004885221587
303142	0.003250620093
303143	0.001369510656
303144	0.001596685358
303145	0.000283200762
303146	0.001279756737
303147	0.002870456338
303148	0.002565398495
303149	0.004764687096
303150	0.002539534253
303151	0.001330762382
303152	0.001254381562
303153	0.005040429049
303154	0.00141417572
303155	0.0006902623156
303156	0.004978419209
303157	0.00109120893
303158	0.0008265124064
303159	0.001492012899
303160	0.001817354338
303161	0.0009931168508
303162	0.001927141033
303163	0.0008783229387
303164	0.002121079053
303165	0.0008161041568
303166	0.0026678887
303167	0.002757383178
303168	0.001940719524
303169	0.004415619524
303170	0.0003280646004
303171	0.002866142201
303172	0.002872677662
303173	0.001333877149
303174	0.001358125086
303175	0.0001127991198
303176	0.0005193569676
303177	0.001975073122
303178	0.002349561996
303179	0.001154704251
303180	0.001176471797
303181	0.0008771762548
303182	0.0009505517544
303183	0.001286201187
303184	0.004337030626
303185	0.00232645912
303186	0.001902179251
303187	0.003579858331
303188	0.002567664426
303189	0.0001023530559
303190	0.002516859647
303191	0.0001803752808
303192	0.002558715859
303193	0.001088025818
303194	0.002682664558
303195	8.913927956e-06
303196	0.002160545992
303197	0.000953756347
303198	0.0006964540506
303199	0.002217278489
303200	0.002399408204
303201	0.001258885001
303202	0.0006445683741
303203	0.002753731794
303204	0.0001078253388
303205	0.0007686144795
303206	0.001500728211
303207	0.0001201815556
303208	6.493202914e-05
303209	0.000306931323
303210	0.0007452390216
303211	0.001903103374
303212	0.002870076928
303213	0.00415832324
303214	0.001857990367
303215	0.001806024538
303216	0.002426729509
303217	0.0009382566847
303218	0.001099257627
303219	0.002212598772
303220	0.0005119843133
303221	0.003739879564
303222	0.0007042255967
303223	0.0002315963611
303224	0.0004058317066
303225	0.003011993393
303226	0.0003415628196
303227	6.689006632e-06
303228	0.0001121398767
303229	0.003282999039
303230	0.001542184648
303231	0.001863242041
303232	0.001284667314
303233	0.001843065731
303234	0.002635625419
303235	0.001780041569
303236	0.001749313277
303237	0.0001158581303
303238	0.001037416518
303239	0.001515087405
303240	0.002785602439
303241	0.002410081618
303242	0.00114243632
303243	0.0005489045225
303244	0.002292427188
303245	0.001701140687
303246	0.0009625658744
303247	0.0004245342812
303248	0.0009320067007
303249	0.001356914247
303250	0.0002019405767
303251	0.001291191966
303252	0.0004402321535
303253	0.003677483907
303254	0.001376250071
303255	0.0001169315877
303256	0.002632597733
303257	0.003025371896
303258	0.003863709984
303259	0.003264430593
303260	3.281896281e-06
303261	0.0003608357728
303262	0.002320367967
303263	0.0009232624349
303264	0.003644353546
303265	0.0005358986616
303266	0.002673409342
303267	0.0006199925577
303268	0.001499587159
303269	0.001586752486
303270	0.000818025159
303271	0.001813874729
303272	0.002873866111
303273	0.0009918130111
303274	0.002260165365
303275	0.003313694556
303276	0.0009632007325
303277	0.0001081330544
303278	0.003902572909
303279	0.0006202886907
303280	0.001684952638
303281	0.002151853957
303282	0.001451352666
303283	0.0009928768587
303284	0.001125243852
303285	0.0005059200399
303286	0.0002456994701
303287	0.002664184766
303288	0.001895230278
303289	0.001748466977
303290	0.001495345091
303291	0.000133436947
303292	0.003813485511
303293	0.001372942972
303294	0.002706494757
303295	0.0009157874181
303296	0.001485966752
303297	0.000995912459
303298	0.002382700089
303299	0.003050772657
303300	0.002866976151
303301	0.002027435595
303302	0.002984998149
303303	0.003256552797
303304	0.002048975128
303305	0.00197874072
303306	0.001558971768
303307	0.001104353106
303308	0.002100339627
303309	0.002307648306
303310	0.0007937546439
303311	0.001349243806
303312	0.001811389584
303313	0.00337456569
303314	0.0008480968987
303315	0.002021089905
303316	0.002388020279
303317	0.0008151307408
303318	0.002750390585
303319	0.002871388538
303320	0.0001701369086
303321	0.001828830568
303322	0.001201449728
303323	0.001002886536
303324	0.0009686296898
303325	0.003278448165
303326	0.0009317404436
303327	0.002219943667
303328	0.0004324283805
303329	0.000775340536
303330	0.0005412983997
303331	0.0007539015456
303332	0.0003209055343
303333	0.002230479219
303334	0.0005700427302
303335	0.0006069241637
303336	0.00137131489
303337	0.002236500738
303338	0.002177046929
303339	0.001272729935
303340	0.004467858384
303341	0.0009768911289
303342	0.0009836992131
303343	0.004828047366
303344	0.001755770833
303345	0.000991955825
303346	0.0009453623652
303347	0.0009199362266
303348	0.002819650104
303349	0.001414694318
303350	0.0005693069747
303351	0.001316527109
303352	0.002503573125
303353	0.004126580508
303354	0.003393030056
303355	0.001823708499
303356	0.001064420425
303357	0.002762985215
303358	0.002449488429
303359	0.002404126924
303360	0.001957647657
303361	0.0007757896262
303362	0.00122897598
303363	0.002453233265
303364	0.002225582876
303365	0.002190269549
303366	0.0003919404949
303367	0.002131214432
303368	0.00178952492
303369	0.0008170520467
303370	0.0001949190638
303371	0.0006940621422
303372	0.001433054412
303373	0.004937482378
303374	0.0005691774977
303375	0.001821950019
303376	0.002056522607
303377	0.0005351825158
303378	0.001962625672
303379	0.0004364986222
303380	1.679927994e-05
303381	0.0006730771168
303382	0.0005453287979
303383	0.002069292103
303384	0.001843344438
303385	0.002356204531
303386	0.002764357617
303387	0.002330155191
303388	0.0008662157864
303389	0.001087778087
303390	0.001351380403
303391	0.005267508523
303392	0.002451494387
303393	0.004285665728
303394	0.0008594678662
303395	0.002165480734
303396	0.001949342423
303397	0.002870978189
303398	0.0006688730359
303399	0.002261667887
303400	0.0009933613867
303401	0.001202946884
303402	0.001992637727
303403	0.002284273593
303404	0.0007952581282
303405	8.100026763e-05
303406	0.002465450295
303407	0.0007604430848
303408	0.002052130442
303409	0.002793008856
303410	0.002278388846
303411	0.002918097804
303412	0.0005401989389
303413	0.002293960446
303414	0.0009089467267
303415	0.002190719959
303416	0.001624480419
303417	0.002452539464
303418	0.003202422451
303419	0.001166696374
303420	0.001571214273
303421	0.0001188373825
303422	0.002634591718
303423	0.00101596429
303424	0.003571930234
303425	0.0009227641516
303426	0.002073434092
303427	0.002866005288
303428	0.00102930488
303429	0.001718108877
303430	0.00461410457
303431	0.00198803749
303432	0.001377194692
303433	0.001557505418
303434	0.001383550947
303435	0.001605920779
303436	7.346637844e-06
303437	0.002281852972
303438	0.0008116622144
303439	9.917649823e-05
303440	7.338959742e-05
303441	0.002750459836
303442	0.002067330609
303443	0.005172589643
303444	0.003615313187
303445	0.001414787665
303446	0.001761060818
303447	0.001623123917
303448	0.003166225385
303449	0.0001840596173
303450	0.002211316935
303451	0.004224929503
303452	0.001815607838
303453	0.0009285119739
303454	0.00205844823
303455	0.0005491708328
303456	0.0005540415835
303457	0.002522609155
303458	0.002541355913
303459	0.002746828015
303460	0.0004718862369
303461	0.001416417253
303462	9.42366446e-05
303463	0.001687167489
303464	0.004466476376
303465	0.001655581057
303466	0.001368924349
303467	0.0007661389823
303468	0.0006984664931
303469	0.002277627309
303470	0.002308160288
303471	0.003547079981
303472	0.001471677133
303473	0.002642855211
303474	0.002428127955
303475	0.001355651784
303476	0.003903070363
303477	0.001097345293
303478	0.002082154149
303479	0.0009947630843
303480	0.005002944583
303481	9.243682136e-05
303482	0.001513100134
303483	0.002604811848
303484	0.0008621688443
303485	0.001020917696
303486	0.001270840271
303487	0.0002260668246
303488	0.002776609682
303489	0.0009193659834
303490	0.002656398088
303491	0.002300272646
303492	0.002037338136
303493	0.0001004195844
303494	0.002121207266
303495	3.060036843e-06
303496	0.0003525401699
303497	2.434552566e-06
303498	0.001488154116
303499	0.001884339983
303500	0.001336795634
303501	0.004767462063
303502	0.002904866423
303503	0.002467334537
303504	0.0001090524975
303505	0.00288255896
303506	0.0004586253873
303507	0.002775287951
303508	0.001900263487
303509	0.002632842213
303510	0.0004139155178
303511	0.002660343165
303512	0.001782025704
303513	0.001343875816
303514	0.001491950677
303515	0.001100589933
303516	0.0006163253805
303517	0.0005228050538
303518	0.003557871976
303519	0.001223066879
303520	0.0003250145328
303521	0.001825811454
303522	0.001285567587
303523	0.001357284535
303524	0.002211546374
303525	0.00154479003
303526	0.002668229877
303527	0.00346003576
303528	0.0005765811636
303529	0.002328263919
303530	0.002318423459
303531	0.002822979885
303532	0.002168432048
303533	0.003044224196
303534	0.0004099483738
303535	0.0004468819061
303536	0.001515580888
303537	6.432911371e-05
303538	0.0002162902133
303539	3.555001388e-05
303540	0.002765269881
303541	0.001519180639
303542	0.002944585837
303543	0.0004747435656
303544	0.004674455378
303545	0.005522351532
303546	0.002117889142
303547	0.0007009627314
303548	0.000882785693
303549	0.004053182061
303550	0.003027989216
303551	0.002906084068
303552	0.001522557536
303553	0.001848640048
303554	0.002544361152
303555	0.002084458373
303556	0.00253609485
303557	0.001137432115
303558	0.0007157438931
303559	0.001143380024
303560	0.0007927903281
303561	0.0008802150945
303562	0.0009360017248
303563	0.001870030926
303564	0.003861847442
303565	0.0003116653775
303566	0.002872223906
303567	0.002662362807
303568	0.0001809729977
303569	0.002525018332
303570	0.002587854626
303571	0.0008942655871
303572	0.001838588078
303573	0.003559847891
303574	0.002425134275
303575	0.003953876098
303576	0.002336297906
303577	0.0009691884964
303578	0.001114380739
303579	0.0007183254497
303580	0.0006269564543
303581	0.002143581847
303582	0.002773159049
303583	0.001945081263
303584	0.001433518496
303585	0
303586	0.005175021056
303587	0.0008461367565
303588	0.001990818348
303589	0.002412397784
303590	0.002873456213
303591	0.003498035418
303592	3.390874473e-06
303593	0.002120695513
303594	0.003067461234
303595	0.002624639458
303596	0.0004385211022
303597	0.0005417653909
303598	0.001019736313
303599	8.98483219e-05
303600	0.00144617788
303601	0.002675292557
303602	0.0004465959295
303603	0.002426358545
303604	0.004691538838
303605	0.0002384167881
303606	0.0007414229063
303607	0.002433550528
303608	0.0009636219538
303609	0.001214683644
303610	0.0003559714861
303611	0.002677425395
303612	0.0003621482324
303613	0.0008409642748
303614	0.002500487645
303615	0.002632538652
303616	0.0002605898658
303617	0.001674665627
303618	0.002869218101
303619	0.002199799459
303620	0.00103251897
303621	0.0004509191494
303622	0.003832045938
303623	0.01059863927
303624	0.003444685146
303625	0.01620664918
303626	0.002236090676
303627	0.003971627317
303628	0.000537390383
303629	0.002441905931
303630	0.001036983418
303631	0.00153889159
303632	0.002115044562
303633	0.003832967656
303634	0.001395966555
303635	0.0006695487121
303636	0.001374097154
303637	0.005865813581
303638	0.003849291349
303639	0.005867343814
303640	0.002463057681
303641	0.001096203925
303642	0.003428511433
303643	0.001359644819
303644	0.005028728505
303645	8.466725785e-05
303646	0.000344228852
303647	0.0008821096586
303648	0.001665752573
303649	0.001358219582
303650	0.0008590344262
303651	0.001226673677
303652	0.001586512169
303653	0.0009973106243
303654	0.001943813486
303655	0.001033966278
303656	0.003914269673
303657	0.001939806188
303658	0.002346288815
303659	0.0004363297705
303660	0.004925711865
303661	0.002840224668
303662	0.0007274424785
303663	0.002404872789
303664	0.007969870012
303665	0.005368485124
303666	0.002069858583
303667	0.006213002919
303668	0.005043621478
303669	0.0005387673348
303670	0.002061046734
303671	0.0005695730693
303672	0.0008308613182
303673	0.01218054341
303674	0.002599075166
303675	0.002021903587
303676	0.007846140651
303677	0.006975551382
303678	0.001021638413
303679	0.0036061187
303680	0.0003553548948
303681	0.004922429199
303682	0.003144106925
303683	0.0003746881177
303684	0.0008621055418
303685	0.0008035451232
303686	0.00134467626
303687	0.005571536901
303688	0.005240922101
303689	0.003021655524
303690	0.002465299091
303691	0.001700433882
303692	0.004552672689
303693	0.004568197012
303694	0.003947887668
303695	0.002352474349
303696	0.01017905243
303697	0.003670418294
303698	0.002534185222
303699	0.0001097047674
303700	0.001045509448
303701	0.001128336077
303702	0.004371740227
303703	0.001888598642
303704	0.004075671739
303705	0.003929574446
303706	0.001525419079
303707	0.004334419261
303708	0.002736878228
303709	0.006442710001
303710	0.003386568452
303711	0.003244328732
303712	0.006762186644
303713	0.003802392267
303714	0.006145103282
303715	0.01088195476
303716	0.003827675856
303717	0.003947467501
303718	0.00540834414
303719	0.0003858071175
303720	0.004536252969
303721	0.003075690881
303722	0.001527888815
303723	0.0003374864389
303724	0.004602341519
303725	0.001053343944
303726	0.001290773743
303727	0.003929367133
303728	0.008911007536
303729	0.004481323067
303730	0.002363144614
303731	0.002517029362
303732	0.002954775567
303733	0.00889846801
303734	0.004362062328
303735	0.0002770757895
303736	0.001019494724
303737	0.003490150296
303738	0.009245498588
303739	0.001650682115
303740	0.0006866063455
303741	0.002723397135
303742	0.003014999986
303743	0.009725071
303744	0.005896931832
303745	0.0045389884
303746	0.001482482027
303747	0.003961299861
303748	0.001920232711
303749	0.004198535491
303750	0.0003409066538
303751	0.005016689772
303752	0.00201183496
303753	0.0001146661594
303754	0.002641729225
303755	0.0007693061889
303756	0.006312066992
303757	0.01058768675
303758	0.003024214547
303759	0.003912121886
303760	0.007186463719
303761	0.001942688961
303762	0.0004120156348
303763	8.151149284e-05
303764	1.431755906e-06
303765	8.4236009e-05
303766	0.0003334330014
303767	0.0002493626211
303768	0.0009538521891
303769	0.0007906396903
303770	0.0020175782
303771	0.00296236552
303772	0.001015381062
303773	0.001343563
303774	0.0007490800607
303775	0.000737015468
303776	0.0003259183254
303777	0.000726606875
303778	0.0002458152735
303779	0.0003224070849
303780	0.0004089044891
303781	0.0008152470438
303782	0.0006498529662
303783	0.001147426287
303784	0.0009976419715
303785	0.0001662115007
303786	0.0002483490595
303787	0.000896207882
303788	0.001323951752
303789	0.0004161139871
303790	0.001069538714
303791	0.0007285781864
303792	0.00074658423
303793	0.0005692866743
303794	0.0009060599969
303795	0.0008143407524
303796	0.001305894654
303797	0.0001618783702
303798	0.00113871292
303799	0.0008957395243
303800	0.006714007715
303801	0.0009030248203
303802	0.007621998886
303803	0.005671444064
303804	0.001489746155
303805	9.161849658e-05
303806	0.004468703177
303807	0.008814124026
303808	0.004720115387
303809	0.0004917686859
303810	0.003787315779
303811	0.002006042847
303812	0.001621987375
303813	0.002219688771
303814	0.005996100185
303815	0.005921408655
303816	0.006566520073
303817	0.005143420078
303818	0.006718273954
303819	0.006956528972
303820	0.00391691452
303821	0.005827210378
303822	0.0051991022
303823	0.00513321812
303824	0.004769466058
303825	0.0006551894236
303826	0.00569399124
303827	0.004721613574
303828	0.005739367864
303829	0.002064929927
303830	0.001049598453
303831	0.003254196785
303832	0.001218805191
303833	0.005444462426
303834	0.006439047863
303835	0.006393778414
303836	0.004792954945
303837	0.001181363697
303838	0.006631371919
303839	0.005600746868
303840	0.005467058788
303841	0.003589125232
303842	0.005171914423
303843	0.002958361709
303844	0.002796486738
303845	0.002268641281
303846	0.00491960098
303847	0.00488531927
303848	0.00171008068
303849	0.00201372405
303850	0.009714822698
303851	0.005085926481
303852	0.004930091422
303853	0.007784012632
303854	0.0005624082499
303855	0.002482117591
303856	0.004306119312
303857	0.004144361264
303858	0.0004676225831
303859	0.005719770181
303860	0.005642676953
303861	0.004535001935
303862	0.00103402636
303863	0.001965864115
303864	0.003304862193
303865	6.989319994e-05
303866	0.003123539203
303867	0.002096708117
303868	0.00285621196
303869	0.0008977491502
303870	0.00152877584
303871	0.003256641158
303872	0.002736222427
303873	0.005127042817
303874	0.001007016105
303875	0.006883167968
303876	0.00105981669
303877	0.0009188286137
303878	0.0004845516946
303879	0.0002943189163
303880	0.004886767554
303881	8.918713112e-05
303882	0.0004830908252
303883	0.006309520644
303884	0.001981226755
303885	0.00524485231
303886	0.006210503946
303887	0.004408519737
303888	0.0008102571482
303889	0.001304337699
303890	0.0008574363966
303891	0.003912459614
303892	0.002678481742
303893	0.0005553141758
303894	0.0003316171223
303895	0.0008661949136
303896	0.005695984495
303897	0.0001727986584
303898	0.001926316887
303899	0.001915127534
303900	0.0006342165914
303901	0.001246571126
303902	0.001777602461
303903	0.002217953804
303904	6.707795719e-05
303905	0.003107324127
303906	0.001413094266
303907	0.00124139297
303908	0.002391136948
303909	0.001420734102
303910	0.0005669648611
303911	0.0005407675894
303912	0.002378116727
303913	5.683971201e-08
303914	7.066748674e-05
303915	0.002839991241
303916	0.0003505320023
303917	0.0001803065438
303918	0.0008652007039
303919	0.002293888902
303920	0.0006843320717
303921	0.0002798329869
303922	0.002384291405
303923	0.0002882057656
303924	0.0004343003964
303925	0.002281579125
303926	0.0007167365824
303927	0.001646470116
303928	0.0001652789893
303929	0.001707720768
303930	0.0008329836251
303931	0.00022862068
303932	0.001578935787
303933	0.0001942123242
303934	0.001091771685
303935	0.0001457340714
303936	0.0008691315113
303937	0.0001780670986
303938	0.0004579939776
303939	0.0005180526673
303940	0.00119594378
303941	0.002128807512
303942	5.594390704e-05
303943	2.339330819e-05
303944	0.0008587951197
303945	0.0003097602598
303946	0.0002375043463
303947	0.0005614655111
303948	6.005682822e-05
303949	2.443274199e-07
303950	1.967670554e-05
303951	0.0005922779752
303952	0.0006255054359
303953	0.002318709163
303954	0.004024759786
303955	0.001404610774
303956	0.00316553904
303957	0.0009899853368
303958	0.001515342988
303959	0.002502375443
303960	0.0001802317936
303961	0.0006803108102
303962	0.0004433960119
303963	0.0001532650341
303964	0.001993496839
303965	0.001978658298
303966	0.0005501965152
303967	0.001628533647
303968	1.980551541e-05
303969	0.001709483774
303970	0.00119089794
303971	0.0003000325625
303972	0.001881578987
303973	0.0008343685942
303974	0.00078464139
303975	0.001399994088
303976	0.00240772713
303977	0.001377521067
303978	0.003019704801
303979	0.0003219926811
303980	0.0003368630827
303981	0.001642534917
303982	0.0002232308629
303983	0.0008808173158
303984	0.001975902812
303985	0.001970326663
303986	0.0002962563074
303987	0.001820108569
303988	0.0006045693574
303989	0.0002430929359
303990	0.00140946204
303991	0.000618638722
303992	0.001583952208
303993	5.717786118e-05
303994	0.001069799385
303995	0.001682464188
303996	0.0003697088069
303997	0
303998	0.002223918361
303999	0.0002153224376
304000	1.254952513e-05
304001	0.001275804171
304002	0.0002634728947
304003	0.001629220722
304004	0.0008939219092
304005	0.003846824278
304006	0.0001363326139
304007	0.0006587672133
304008	0.003457427076
304009	0.001127500794
304010	3.525644192e-06
304011	0.002745071954
304012	0.003690907282
304013	0.001843571791
304014	0.003084220854
304015	0.0002961667451
304016	0.001668788202
304017	0.004943414769
304018	0.004284840111
304019	0.0008443302742
304020	0.001796351508
304021	3.655681287e-05
304022	0.002701365995
304023	0.001952502561
304024	0.003867733171
304025	0
304026	0.002013303445
304027	0.001295855607
304028	0.002427843189
304029	0.002480972013
304030	0.002100177419
304031	0.003702663413
304032	0.00485403808
304033	0.000149464305
304034	0.001189035739
304035	0.003879385899
304036	0.004442292724
304037	0.001189646601
304038	0.002834708069
304039	0.0007233869501
304040	0.0008984164935
304041	0.002205183827
304042	0.002326602958
304043	0.001785780417
304044	0.0008334311368
304045	0.002958669469
304046	0.004260650317
304047	0.000724081625
304048	0.0001610414188
304049	0.002709754731
304050	0.000248978216
304051	0.0006367649374
304052	0.0003650316456
304053	0.0007223628789
304054	0.000860426472
304055	0.001745097329
304056	0.0009447278748
304057	0.0001647757006
304058	0.0005810161574
304059	0.0006217889687
304060	0.001651046729
304061	0.0006723777183
304062	0.0009530745056
304063	0.001857308701
304064	0.002256783306
304065	0.001641364588
304066	7.622029947e-06
304067	0.001423432308
304068	0.0009826556585
304069	0.0001867632183
304070	0.00140240604
304071	0.0002794822626
304072	0.0009071974298
304073	3.228789837e-07
304074	0.000309467992
304075	0.000807016907
304076	0.0002305303583
304077	0.0009537172615
304078	0.003038204825
304079	0.0003968928095
304080	0.0002296147533
304081	8.270724515e-05
304082	0.0009313948016
304083	0.0004610808621
304084	0.001484026749
304085	0.0002335137216
304086	0.002030438981
304087	0.002097855882
304088	0.001882552853
304089	0.0003127435635
304090	0.0002985578271
304091	0.003117506758
304092	0.001803416565
304093	0.001958141797
304094	0.000944662363
304095	0.0005398805532
304096	0.001785546038
304097	0.002329112247
304098	0.002879545031
304099	0.001621109664
304100	0.002492343276
304101	0.0007282863479
304102	0.002043939854
304103	0.002194671171
304104	0.0003086801711
304105	0.002734148834
304106	0.001784884248
304107	0.001629130544
304108	0.001785729492
304109	0.002426013857
304110	0.0002310228715
304111	0.002659039963
304112	0.0003807061221
304113	0.0006701788459
304114	0.00123485124
304115	0.001247818211
304116	0.0004590518891
304117	0.001356297514
304118	0.0009811630308
304119	0.002319938522
304120	0.002065161954
304121	0.001817732687
304122	0.0001909087649
304123	3.652303373e-05
304124	0.001425896673
304125	0.003841270323
304126	0.0007869322561
304127	7.412606748e-05
304128	0.0004952458553
304129	1.387345273e-05
304130	1.833651761e-05
304131	2.35174985e-05
304132	5.715346398e-06
304133	8.175092114e-06
304134	2.47980175e-06
304135	2.030122723e-05
304136	2.514516629e-05
304137	1.399307109e-07
304138	3.530234928e-05
304139	2.133933771e-06
304140	5.317010199e-06
304141	2.290806518e-05
304142	1.441577394e-05
304143	1.7078215e-05
304144	1.658862726e-07
304145	4.086783931e-06
304146	3.441538473e-05
304147	1.977273544e-05
304148	2.839266825e-05
304149	1.849048621e-05
304150	3.07375244e-05
304151	6.30145104e-06
304152	1.253859123e-05
304153	3.193744872e-05
304154	1.496907442e-05
304155	3.081062129e-05
304156	6.151436227e-06
304157	1.458355728e-06
304158	1.128334501e-05
304159	2.853007618e-05
304160	2.11471717e-05
304161	6.636473027e-06
304162	1.063781663e-05
304163	1.329931273e-05
304164	2.699603235e-05
304165	8.052994364e-06
304166	3.649653459e-05
304167	1.121621738e-05
304168	3.537862733e-08
304169	2.015452206e-05
304170	2.209226347e-05
304171	1.128383218e-05
304172	1.766259157e-06
304173	1.16321223e-05
304174	3.202260969e-05
304175	2.341167853e-05
304176	5.798633199e-06
304177	2.866067567e-05
304178	3.303180774e-05
304179	3.392267949e-05
304180	2.439392691e-05
304181	6.477099315e-06
304182	1.459619665e-05
304183	2.575808907e-05
304184	2.08059585e-05
304185	1.421089515e-05
304186	0.00163142542
304187	0.0002851255619
304188	0.001411989999
304189	0.0006163116173
304190	0.0007875506649
304191	0.0008044480406
304192	0.001021119735
304193	0.001486453612
304194	0.0007733959137
304195	0.00156537753
304196	0.0006126122415
304197	0.001476205095
304198	0.0002115332512
304199	0.001282743793
304200	0.001021590226
304201	0.001450182019
304202	0.0009154041662
304203	0.0003897289276
304204	0.001950105768
304205	0.0002613780989
304206	1.494928908e-06
304207	0.001658054237
304208	0.00178164756
304209	0.0008741234699
304210	0.001403556836
304211	0.0006577271478
304212	0.00162909302
304213	0.002486037402
304214	0.001775667092
304215	0.0005214742998
304216	0.0006782829099
304217	0.0009318717881
304218	0.000222855835
304219	0.0002305136788
304220	9.927516313e-08
304221	2.436771415e-06
304222	0.0003778158133
304223	0.0002997685355
304224	3.641364678e-06
304225	7.294162376e-05
304226	7.132677699e-05
304227	6.157200963e-08
304228	3.789375273e-06
304229	8.471349433e-05
304230	8.218910197e-05
304231	0.0003774934724
304232	0.0003062180965
304233	0.0002225657162
304234	2.905809024e-06
304235	5.534230129e-06
304236	0.0003170903802
304237	0.0003852019989
304238	0.0001418423676
304239	0.0001484076374
304240	6.379096845e-05
304241	6.657307779e-05
304242	0.002755395778
304243	0.0007570667717
304244	1.136669135e-06
304245	0.0008914108666
304246	0.0026117883
304247	0.003062257949
304248	0.0008396831256
304249	0.002759047454
304250	0.001562357022
304251	0.003232761741
304252	0.002761098461
304253	0.002993696009
304254	0.002756455018
304255	0.0008845662842
304256	0.002612120143
304257	0.003048804335
304258	0.002763892547
304259	0.00110505273
304260	0
304261	0.0003962453502
304262	0.002936919428
304263	0.001035416086
304264	2.107610829e-06
304265	0.002764793121
304266	0.001041406696
304267	0.001205449448
304268	0.001051846173
304269	0.0004525167703
304270	0.002611725327
304271	0.000236159037
304272	0.002772403317
304273	0.001564062355
304274	0.0002157968773
304275	0.0009308240812
304276	0.0008793090424
304277	0.0002565755444
304278	0.0004091441824
304279	0.001099384141
304280	0.0006298221509
304281	0.0003904319096
304282	0.00118307522
304283	0.0006351217268
304284	7.525083488e-05
304285	0.0006748272205
304286	0.0004026966665
304287	0.0004163422643
304288	0.0009314398828
304289	0.0003320505305
304290	0.000489225833
304291	0.0001514685674
304292	0.0001513146602
304293	0.001343267253
304294	0.0004123469144
304295	0.001002024822
304296	0.0005333865759
304297	0.001008155831
304298	0.0007175509327
304299	0.0005770768892
304300	0.0008724390798
304301	0.0005846256762
304302	0.001336955757
304303	0.002431754681
304304	1.742312964e-06
304305	0.003413628267
304306	0.0001897349951
304307	0.001473820715
304308	0.00143073229
304309	0.001038821818
304310	0.0006195499909
304311	0.00025911331
304312	0.001305851615
304313	0.001760197192
304314	0.002016783794
304315	0.00195189437
304316	0.002398035654
304317	7.66386193e-05
304318	0.0007019843579
304319	0.001633199649
304320	0.001570403904
304321	6.083121864e-05
304322	0.0004673653132
304323	8.455410766e-05
304324	0.002031031151
304325	0.002359920638
304326	0.0007679741635
304327	0.0006473673405
304328	0.002184580167
304329	0.001558686559
304330	0.00218695297
304331	0.002273965975
304332	0.001204081567
304333	0.00105385771
304334	0.004397201502
304335	0.0006640065896
304336	0.002283313265
304337	0.002085419935
304338	0.002780273423
304339	0.003266925328
304340	0.0009139955238
304341	8.640341364e-05
304342	5.049793224e-05
304343	0.001591163547
304344	0.002139739868
304345	0.002607202098
304346	0.001798677636
304347	0.002918783651
304348	0.002053097701
304349	0.0007522343701
304350	0.003402681646
304351	0.001241138071
304352	0.001210348507
304353	0.002123242047
304354	0.001862054562
304355	0.002118772847
304356	0.0002369740076
304357	0.0003345760668
304358	0.003337312898
304359	1.27357374e-05
304360	0.0003829910454
304361	0.001860023858
304362	0.001965915055
304363	0.004044020921
304364	0.001015783776
304365	0.001187160704
304366	0.003105168399
304367	0.001415777641
304368	0.004342506463
304369	0.002849857955
304370	0.0007063840401
304371	0.0003068705356
304372	0.0009844417244
304373	0.003323447939
304374	0.0003864502051
304375	0.002234738172
304376	0.003870653279
304377	0.002694248767
304378	0.004314609424
304379	0.002704837289
304380	0.005915867814
304381	0.001466937925
304382	0.004130329118
304383	6.929992688e-05
304384	0.0004667490924
304385	0.000994874075
304386	0.001254772878
304387	0.0007698353716
304388	0.003405727211
304389	0.004110770085
304390	0.004453497572
304391	0.003189350834
304392	0.005738092987
304393	0.002819460621
304394	0.004410158896
304395	0.00166329796
304396	0.0005395717934
304397	0.0001488435949
304398	7.427013295e-05
304399	0.004077504783
304400	0.002720490835
304401	0.004470072844
304402	0.002283415578
304403	0.001790919666
304404	0.004401172747
304405	0.002729044639
304406	0.004797797435
304407	0.001196021245
304408	0.000159232207
304409	0.00438622041
304410	0.002986218402
304411	0.000805455898
304412	0.002031841064
304413	0.0005739855802
304414	9.470018672e-05
304415	8.578705403e-05
304416	0.001216698205
304417	0.0004723421995
304418	0.0006486036132
304419	0.001127594451
304420	0.0003321693599
304421	0.0005860992544
304422	0.0003793075119
304423	0.0006353272869
304424	1.426073885e-05
304425	0.0009035492924
304426	0.000403239913
304427	0.000488155416
304428	0.001953575045
304429	0.0002368328829
304430	0.001233187774
304431	0.0003261280946
304432	0.0009560440397
304433	0.0004888726357
304434	0.0003829471599
304435	0.001050231666
304436	0.000798038436
304437	0.001859711719
304438	0.0001308850232
304439	0.001058416604
304440	0.0001627735343
304441	8.111274838e-05
304442	0.001525446363
304443	3.084356828e-07
304444	0.0001796828761
304445	0.0004692526048
304446	0.001525605942
304447	0.005207899851
304448	0.00187638482
304449	0.006791519965
304450	0.001460551318
304451	0.002442937875
304452	0.003758674481
304453	0.006006645696
304454	0.00508335163
304455	0.002543501557
304456	0.001974410578
304457	0.005888233754
304458	0.006110321529
304459	0.00384646015
304460	0.002395261297
304461	0.004783034525
304462	0.0007785445132
304463	0.005160388296
304464	0.00593909526
304465	0.006122698478
304466	0.001782695676
304467	0.006207628261
304468	0.001246983562
304469	0.004674429125
304470	9.272118995e-05
304471	0.0003943503469
304472	0.0005794521017
304473	0.003786139216
304474	0.006134806259
304475	0.003505375904
304476	0.0001791460934
304477	0.004041393197
304478	1.086651109e-06
304479	0.001560026861
304480	0.003024822392
304481	0.002817025764
304482	0.001007052505
304483	0.001509923419
304484	0.004657547973
304485	0.001275423483
304486	0.004630041863
304487	0.004883272929
304488	0.0006517725515
304489	0.003533672046
304490	0.005770895947
304491	0.005957785199
304492	0.0001775806732
304493	0.001012001248
304494	0.003695278578
304495	0.0003915548808
304496	0.0003449739972
304497	0.005023573837
304498	0.0004806084628
304499	0.002972068849
304500	0.0007044844655
304501	0.000111768973
304502	0.002365392693
304503	0.0004068771257
304504	0.003186159755
304505	0.0003894169207
304506	0.0007342630533
304507	0.000713664227
304508	0.0002800347026
304509	0.001127972024
304510	0.001448113927
304511	0.001763076305
304512	0.001271161015
304513	0.001316290606
304514	0.001702356999
304515	0.001641727187
304516	0.001920532497
304517	0.002611978717
304518	0.00273061208
304519	0.001261283711
304520	0.004840114731
304521	0.002157420863
304522	8.556274113e-05
304523	0.002156972865
304524	0.0004130901848
304525	0.001210318168
304526	0.0003114149834
304527	0.0005655291274
304528	0.0005221675056
304529	0.0007135988649
304530	0.0008310451977
304531	0.001987964634
304532	0.0008270002592
304533	1.267661708e-07
304534	0.00105861383
304535	0.0005203911175
304536	0.0002893819546
304537	5.968360729e-05
304538	0.0006628919563
304539	0.0004717409061
304540	0.001439256771
304541	8.700272985e-05
304542	0.0001709099082
304543	0.001918021905
304544	0.001801591487
304545	0.0004183530644
304546	0.001416029719
304547	0.001284445391
304548	0.002922271645
304549	0.001590919246
304550	0.001342805404
304551	0.001180272008
304552	0.0005547971061
304553	4.13947627e-05
304554	0.0003380652165
304555	0.0004980185268
304556	0.0005429516953
304557	0.00226425542
304558	0.001471510928
304559	0.001225429251
304560	6.01559619e-05
304561	0.0005817553353
304562	0.001564788812
304563	4.392145201e-07
304564	0.001539473753
304565	0.001047347758
304566	0.001415722799
304567	0.001156424755
304568	0.001180993607
304569	0.0006450619537
304570	0.0002209162183
304571	0.0003067519616
304572	0.001182737769
304573	0.0006464392051
304574	0.0009227623709
304575	0.001703745654
304576	0.001702542922
304577	0.002545413113
304578	0.0010880754
304579	0.001936481008
304580	0.002785866289
304581	0.000730550313
304582	0.002698149784
304583	0.002444505434
304584	0.00270761278
304585	0.002474338216
304586	0.001716636883
304587	0.001329934673
304588	0.00261404899
304589	0.001948229039
304590	0.002694320804
304591	0.002368483291
304592	0.002304161791
304593	0.002296927347
304594	0.002282383719
304595	0.0004911828014
304596	0.002043171161
304597	0.0004196805866
304598	0.0003174839479
304599	0.0007394268304
304600	0.002036147174
304601	0.001614951726
304602	0.0004809180538
304603	0.0003260536465
304604	0.002363004372
304605	0.0005688673223
304606	0.0004083477249
304607	0.001566667972
304608	0.001536408702
304609	0.000478337851
304610	0.0001727365086
304611	0.002247697825
304612	0.001442864551
304613	0.000123228144
304614	0.001466215022
304615	0.0003641708162
304616	0.001602198852
304617	0.001931312058
304618	0.001755926201
304619	0.0001394603002
304620	0.0002789524056
304621	0.0003204435098
304622	4.005471466e-06
304623	5.851146825e-08
304624	0.0005671314207
304625	1.039723306e-06
304626	0.00102753541
304627	0.000783209581
304628	0.0003057731964
304629	0.001162611484
304630	0.0005480375389
304631	0.0007215898982
304632	0.0007632689195
304633	0.000639666556
304634	0.001555024371
304635	0.001641583178
304636	0.0007040150181
304637	0.0009410125242
304638	0.001634317906
304639	0.001091963395
304640	0.00133016648
304641	0.0003891532718
304642	0.001099526454
304643	0.0001504414065
304644	0.0009475844585
304645	0.001634129292
304646	0.001162163067
304647	0.001316318917
304648	0.0007048356814
304649	0.0006244973241
304650	0.000603693873
304651	0.001261356639
304652	0.0004730019888
304653	0.0001468096179
304654	0.0004018192797
304655	0.0009397342104
304656	0.001409752211
304657	2.008020987e-07
304658	0.0006881156222
304659	0.0008692636342
304660	0.00118048146
304661	0.0007160079718
304662	0.001228840165
304663	0.001815780298
304664	0.001164035181
304665	0.002398053686
304666	0.001888309284
304667	0.0005956947664
304668	0.0009969739964
304669	0.0003036407304
304670	0.0004653437603
304671	0.002314988968
304672	0.001008957577
304673	0.001695762239
304674	0.002030068424
304675	0.00212268541
304676	0.001557483251
304677	0.0002400550967
304678	0.001483075634
304679	0.0003722638794
304680	0.0009747105148
304681	0.00373718636
304682	0.001097262112
304683	0.0007547164313
304684	0.001717407132
304685	7.569025991e-07
304686	0.0009647896352
304687	0.00129416983
304688	0.001326084782
304689	0.001899589263
304690	0.001999119084
304691	0.001655891285
304692	0.0006651193357
304693	0.001106354681
304694	0.0009382079857
304695	0.0004417880274
304696	0.0009546291611
304697	0.004230092511
304698	0.004947978546
304699	0.007395006198
304700	0.004391676548
304701	0.0004660768441
304702	0.002018561177
304703	0.00951413918
304704	0.0119814767
304705	0.005719629547
304706	0.01006123243
304707	0.005189552998
304708	0.0008828503721
304709	0.002953504255
304710	0.004151319875
304711	0.007556512559
304712	0.008002252592
304713	0.004856628914
304714	0.002153539201
304715	0.01173769559
304716	0.002506698965
304717	0.008347100545
304718	0.00679902978
304719	0.008336624252
304720	0.00921986507
304721	0.005143133749
304722	0.006917741851
304723	0.0007249635473
304724	0.002994269471
304725	0.008944034174
304726	0.001523593627
304727	0.007838183901
304728	0.004730553988
304729	0.00527314937
304730	0.008814863938
304731	0.01490812168
304732	0.007508776094
304733	0.007630427552
304734	0.0009147023878
304735	0.004445209556
304736	0.008588041621
304737	0.0004746033098
304738	0.0005977486999
304739	0.005037684294
304740	0.01335935756
304741	0.002040477541
304742	0.0001104646785
304743	0.008018682073
304744	0.00787150544
304745	0.000843663426
304746	0.002231084413
304747	0.001956836515
304748	0.01408439452
304749	0.0006657420032
304750	0.001269154159
304751	0.006597388281
304752	0.003983573137
304753	0.001401354469
304754	0.00186530746
304755	0.008768358573
304756	0.0003395395668
304757	0.001612694078
304758	0.004865605503
304759	0.007217677098
304760	0.0009155304762
304761	0.006903812868
304762	0.009555909413
304763	0.001085985965
304764	4.674528665e-05
304765	0.006469939043
304766	0.003546284413
304767	0.001775137423
304768	0.007322599943
304769	0.002665349983
304770	0.001419048832
304771	0.005355573309
304772	0.001376865174
304773	0.002550235236
304774	0.002242641769
304775	0.006586712491
304776	0.009075084712
304777	1.079712586e-05
304778	0.006672744937
304779	0.001318142449
304780	0.005003174524
304781	0.005719589717
304782	0.008603462325
304783	0.004265710285
304784	0.0001155972697
304785	0.01464872954
304786	0.01301601841
304787	0.006527568539
304788	0.01209278461
304789	0.003162126561
304790	0.004642041841
304791	0.01100637701
304792	0.001820269605
304793	0.007077971442
304794	0.002712486383
304795	0.002503358615
304796	0.005911190756
304797	0.006225575946
304798	0.001213563171
304799	0.007338716859
304800	0.008628789267
304801	0.008409555345
304802	0.0029721562
304803	0.007250126368
304804	0.008628764406
304805	0.004436248676
304806	0.004234005905
304807	0.001318774013
304808	0.008662589997
304809	0.007322571772
304810	0.001733815028
304811	0.007161899216
304812	0.005303130758
304813	0.00246244627
304814	0.01054443853
304815	0.001523997465
304816	0.004272231273
304817	0.001237196916
304818	0.0008801527752
304819	0.006205308876
304820	0.003246431385
304821	0.007438972338
304822	0.008264352825
304823	0.001631402595
304824	0.01526717155
304825	0.003952013783
304826	0.002285885697
304827	0.005294990612
304828	0.005296282902
304829	0.007958886933
304830	0.002117152493
304831	0.001112162281
304832	0.001374303652
304833	0.001782936845
304834	0.001181194051
304835	0.003118059163
304836	0.0007145214863
304837	0.006824852456
304838	0.003257182673
304839	0.005969082335
304840	0.003595369313
304841	0.002353513258
304842	0.005937658468
304843	0.003192694197
304844	0.005412975406
304845	0.009031982839
304846	0.01108605523
304847	0.007984425977
304848	0.00451126165
304849	0.002807498783
304850	0.008975829707
304851	0.002195446997
304852	0.005471295516
304853	0.009032010576
304854	0.001109826369
304855	0.01034928225
304856	0.006019065589
304857	0.0007239243168
304858	0.003338435251
304859	0.00277523526
304860	0.00076016708
304861	0.0003104763406
304862	0.004291631938
304863	0.0007989833972
304864	0.003982009252
304865	0.01213910212
304866	0.001326057597
304867	0.004140181327
304868	0.00782661907
304869	0.004839609488
304870	0.004632102177
304871	0.006907914367
304872	0.003162521484
304873	0.0007602196959
304874	0.0001742347739
304875	0.01337442764
304876	0.0007263417691
304877	0.002185032315
304878	0.004410701135
304879	0.0011594239
304880	0.006801185212
304881	0.0033097203
304882	0.004387269974
304883	0.004509934371
304884	0.01112641451
304885	0.002509321212
304886	0.001300548958
304887	0.008006288293
304888	0.003644471389
304889	0.003900920629
304890	0.004580092309
304891	0.01032552121
304892	0.008310417242
304893	0.00182537568
304894	0.001731426376
304895	0.01178939922
304896	0.006694595959
304897	0.0105114479
304898	0.007634153852
304899	0.0009377249507
304900	0.006729061546
304901	0.006856625808
304902	0.01265754179
304903	0.001335229236
304904	0.0007427870039
304905	0.009644145261
304906	0.008647005122
304907	6.455990905e-05
304908	0.0119485457
304909	0.0134160307
304910	0.006355975373
304911	0.007061955035
304912	0.006958094247
304913	0.007141619156
304914	0.006153744681
304915	0.0003362488842
304916	0.007345150463
304917	0.007782049153
304918	0.00147138647
304919	0.008735954046
304920	0.004913916482
304921	0.002965614583
304922	0.00716221284
304923	0.006423549322
304924	0.007776606838
304925	0.001552258258
304926	0.001471136476
304927	0.0005700100194
304928	0.001494106233
304929	0.002850169582
304930	0.005496577252
304931	0.003663321735
304932	0.0006000404662
304933	0.0006919219497
304934	0.002100484627
304935	0.001017089339
304936	0.001721009832
304937	0.003160731534
304938	0.0003360406202
304939	4.429442885e-05
304940	0.0009999836001
304941	0.001757975008
304942	0.0001556414125
304943	0.002402196633
304944	0.0008809419056
304945	0.001491493513
304946	0.001926570268
304947	0.0006233469474
304948	0.0005398940241
304949	0.0003613183091
304950	5.181992835e-05
304951	0.001873684388
304952	0.00317663965
304953	0.0003886020361
304954	0.00222797111
304955	0.002171849397
304956	0.002274237397
304957	0.001453292479
304958	0.01160088835
304959	0.00339938742
304960	0.005252174455
304961	4.508137431e-06
304962	0.008814282854
304963	0.0001251574637
304964	0.006652196562
304965	0.00164783109
304966	0.002169545982
304967	0.000545218883
304968	0.006163441236
304969	0.00221898746
304970	0.003889015875
304971	0.0009088827316
304972	0.001419659694
304973	0.002775697044
304974	0.001543800702
304975	0.01152401761
304976	0.0005314255883
304977	0.003170006456
304978	0.003966817454
304979	0.002043982568
304980	0.0002226682777
304981	0.0004089342538
304982	0.0110410626
304983	0.001981453514
304984	0.004207288578
304985	0.003894797786
304986	0.008768348306
304987	0.004182683464
304988	0.002945680782
304989	0.007604852991
304990	0.003410841575
304991	0.004100905163
304992	0.0009585700755
304993	0.01221702905
304994	0.001918323853
304995	0.005669852749
304996	0.003746471745
304997	0.00475286549
304998	0.001341835758
304999	0.002913927935
305000	0.004505616555
305001	0.000288936239
305002	0.004010464985
305003	0.0008920889835
305004	0.00218620599
305005	0.00434731661
305006	0.002810972415
305007	0.01375873657
305008	0.00181469485
305009	9.901331917e-05
305010	0.006942172593
305011	0.003980764992
305012	0.007525931114
305013	0.004712714688
305014	0.006806487219
305015	0.001085094102
305016	0.01114942198
305017	0.0005432350383
305018	0.002641077239
305019	0.007001054975
305020	0.002669963092
305021	0.001430259954
305022	0.000169070376
305023	0.004925763478
305024	0.003581843003
305025	0.002734419138
305026	0.004029665602
305027	0.0007963319194
305028	0.001979685925
305029	0.006827034494
305030	0.001863893902
305031	0.006973498497
305032	0.003874634131
305033	0.003831059252
305034	0.0001954287187
305035	0.008136172526
305036	2.270345176e-05
305037	0.008843949315
305038	0.004040620911
305039	0.002489268211
305040	0.002248883989
305041	0.001173505033
305042	0.002233794199
305043	0.009256819455
305044	9.105255403e-05
305045	0.0002193262994
305046	0.008174130401
305047	0.002710485763
305048	0.002670165358
305049	3.063245262e-05
305050	0.001032591558
305051	0.0006537826004
305052	0.005332867317
305053	0.006233425505
305054	0.001432517478
305055	0.003640592277
305056	0.00469298439
305057	0.008313162054
305058	0.004068244268
305059	0.002629661942
305060	0.01838525249
305061	0.01083535547
305062	0.003079572934
305063	0.001211211458
305064	0.002213772252
305065	0.004004054746
305066	0.006659487687
305067	0.001416973486
305068	0.006324182252
305069	0.004541057898
305070	0.01282495703
305071	0.000737200051
305072	0.003028183484
305073	0.001854542345
305074	0.000340574262
305075	0.006152011667
305076	0.002830833779
305077	0.001333459019
305078	0.006643672167
305079	0.0008758911913
305080	0.001114331763
305081	0.00145490056
305082	0.001780165602
305083	0.01146047985
305084	0.0006483548362
305085	0.001329875901
305086	0.002019700642
305087	0.0002405881034
305088	0.001027287402
305089	0.004048077072
305090	3.343828123e-05
305091	0.002077773295
305092	0.001122897112
305093	0.000661780078
305094	0.00577571607
305095	1.730940401e-05
305096	0.008005752892
305097	0.003729230941
305098	0.003869041113
305099	0.001904480476
305100	0.001773310905
305101	0.001823250825
305102	0.002648251522
305103	0.01100128863
305104	0.00194056166
305105	0.005822000241
305106	0.001391058349
305107	0.00520135391
305108	0.002985869125
305109	0.001690018699
305110	0.001963168502
305111	0.004467561291
305112	0.0001234346995
305113	0.001223911218
305114	0.008195244689
305115	6.580474576e-06
305116	0.00242286503
305117	0.001110905272
305118	0.0001994369831
305119	0.00714375934
305120	0.003445572134
305121	0.006423331703
305122	0.004002356376
305123	0.006174593085
305124	0.00372595032
305125	0.004837388883
305126	0.003949826086
305127	0.002128216566
305128	0.004985273014
305129	0.003245388168
305130	0.002106525039
305131	0.004496957653
305132	0.005634190117
305133	0.001057765766
305134	0.003903499218
305135	0.003334789672
305136	0.00318795876
305137	0.001119180538
305138	0.003052079112
305139	0.000602817097
305140	0.001100664009
305141	0.001515298105
305142	0.0006442476933
305143	0.0002929525839
305144	0.002415085096
305145	0.004805400553
305146	0.0009605702767
305147	0.004056344095
305148	0.008017072025
305149	0.006187579321
305150	0.003494837109
305151	0.002828400499
305152	0.00322226433
305153	0.004701888318
305154	0.0009690111418
305155	0.0007268142643
305156	0.009084893957
305157	7.411084693e-05
305158	0.002867093065
305159	0.005464662736
305160	0.001276635208
305161	0.0005853656475
305162	0.003206705493
305163	0.002108987815
305164	0.0005580491986
305165	0.003837298425
305166	0.004297624353
305167	0.006867417786
305168	0.003300023866
305169	0.002899976884
305170	0.002610330387
305171	0.003883032201
305172	0.001567482652
305173	0.0006094775368
305174	1.775346498e-06
305175	0.0006439423164
305176	0.0001388051223
305177	0.001927561496
305178	0.0001736370707
305179	0.00039810003
305180	0.001228182079
305181	4.290008008e-05
305182	0.002654276748
305183	2.081082608e-05
305184	5.469911121e-06
305185	8.431592553e-06
305186	2.335892955e-06
305187	7.947841983e-06
305188	4.220544015e-06
305189	2.500159506e-05
305190	8.591273591e-06
305191	1.906695877e-05
305192	1.262679198e-05
305193	1.65969933e-05
305194	1.468042866e-05
305195	2.12746535e-06
305196	1.394850039e-05
305197	1.639183964e-06
305198	8.161726405e-06
305199	1.105095473e-05
305200	2.947449675e-06
305201	3.393813391e-07
305202	5.857020856e-07
305203	4.699523526e-06
305204	7.284656558e-06
305205	4.822913667e-06
305206	4.947033265e-06
305207	1.33808203e-06
305208	0.003891403353
305209	0.0006204635008
305210	0
305211	0.0002625488899
305212	0.001647419117
305213	0.0004475760336
305214	0.0004785769617
305215	0.003965164631
305216	0.0009066805575
305217	0.0009572385712
305218	0.002650531372
305219	0.003248633297
305220	0.0005912747941
305221	0.001323559702
305222	0.0001968510175
305223	0.0002441701272
305224	0.0002441807204
305225	0.001040089156
305226	0.0007035796048
305227	0.00163217883
305228	0.0003009827311
305229	0.0007687897484
305230	0.0002435227357
305231	0.0008947913469
305232	0
305233	0.003810294725
305234	0.004153787381
305235	0.000334404419
305236	0.002898597203
305237	0.0009331897194
305238	0.001087953035
305239	0.0007547911983
305240	0.001817977693
305241	0.003263546844
305242	0.0006884631483
305243	0.0004044835056
305244	0.003430119017
305245	0.0003325541183
305246	0.0009734410818
305247	0.0008106181199
305248	0.000947036262
305249	0.001559156461
305250	0.004078234091
305251	0.007034951959
305252	0.001435946859
305253	0.003050036755
305254	0.0003390695665
305255	0.003264975998
305256	0.0002475391154
305257	0.0009823820402
305258	0.0002003263595
305259	0.004675650847
305260	0.002655415274
305261	0.0003755852604
305262	0.0006601755181
305263	0.0001985817504
305264	0.001194709088
305265	0.001323365999
305266	0.0001086430759
305267	0.001000681189
305268	0.002154826797
305269	0.002472920921
305270	0.0007500407307
305271	0.0005082045306
305272	0.001395780631
305273	0.003102894506
305274	0.003338802123
305275	0.005503470435
305276	0.002218796276
305277	0.003230458749
305278	0.002826396869
305279	0.002331438774
305280	0.001430355843
305281	0.001194660089
305282	0.001484297954
305283	0.001906015181
305284	0.001288148899
305285	0.0003468574976
305286	7.862328067e-05
305287	0.006331685739
305288	0.001754353887
305289	0.002821864436
305290	0.004181892097
305291	0.0005168503873
305292	0.0003721149538
305293	1.744885067e-05
305294	0.001100111606
305295	0.007932428132
305296	0.001064687469
305297	3.520264762e-05
305298	0.001996430591
305299	0.006697819032
305300	0.009367833429
305301	0.004050971472
305302	0.002784946206
305303	0.000949141242
305304	0.001824855181
305305	0.003181469076
305306	0.0009700112069
305307	0.007794292065
305308	0.003233499642
305309	0.000951917807
305310	0.001970020655
305311	0.002282153697
305312	0.002385058801
305313	0.001904790585
305314	0.002889559799
305315	0.002427347632
305316	0.002407616155
305317	0.003017941727
305318	0.002654146721
305319	0.002582562879
305320	0.002911138358
305321	0.002600740607
305322	0.004073276804
305323	0.005069952117
305324	0.001243347871
305325	0.003827898593
305326	0.00135525436
305327	0.002952499082
305328	0.01253149144
305329	0.0001171393143
305330	0.02225203768
305331	0.002443981772
305332	0.0002900374919
305333	0.009765922562
305334	0.001312567147
305335	0.00595000888
305336	0.002235765332
305337	0.0006698374782
305338	0.001835353977
305339	0.001416897127
305340	0.002912929773
305341	0.002019739128
305342	0.002378772546
305343	0.002847209262
305344	0.00448834857
305345	0.01326988755
305346	0.001780330446
305347	2.940638848e-05
305348	0.003820366703
305349	0.005742287753
305350	0.005541341696
305351	0.0008890970449
305352	0.01184205359
305353	0.004949812483
305354	0.001149810616
305355	0.0007088094749
305356	0.005419802283
305357	0.001456472544
305358	0.01364966548
305359	0.004345773071
305360	0.003871168978
305361	0.0005200068649
305362	0.006469858926
305363	0.002560145691
305364	0.01152039543
305365	0.0122883594
305366	0.0001356448916
305367	0.01393317764
305368	0.002961510091
305369	0.01000065527
305370	0.004737804467
305371	0.001880121507
305372	0.01111074872
305373	0.0001913489059
305374	0.007408695887
305375	0.0005105709736
305376	0.002697253031
305377	0.00132294384
305378	0.006841128338
305379	0.00220575863
305380	8.875862852e-05
305381	8.827525087e-06
305382	0.008409257984
305383	0.002032197095
305384	0.002126243834
305385	0.000532957891
305386	0.001617984043
305387	0.001977946924
305388	0.003448947264
305389	0.007623686139
305390	0.002607456293
305391	2.653224199e-05
305392	0.0004477279651
305393	0.0008869111493
305394	0.0006186825474
305395	0.0004230757162
305396	0.001083201323
305397	0.002408534902
305398	0.0111443753
305399	0.003809389425
305400	0.0008757294773
305401	0.0007875053734
305402	0.008597720375
305403	0.001316876208
305404	0.006118163067
305405	0.001016777111
305406	0.001058588918
305407	0.001419079552
305408	0.002681292745
305409	0.002025494217
305410	0.003202176666
305411	0.006187840887
305412	1.197483435e-05
305413	0.00207014139
305414	0.002774336157
305415	0.004033594181
305416	0.002168441529
305417	0.01093945052
305418	0.001950677505
305419	0.003163773396
305420	0.005432660422
305421	0.007618703414
305422	0.01232456627
305423	0.007226016835
305424	0.007703866759
305425	0.002469661873
305426	0.005798339855
305427	0.003632473052
305428	0.005211566728
305429	0.001023527205
305430	0.001361022984
305431	0.004505117718
305432	8.997697486e-05
305433	0.001546120124
305434	0.01003663759
305435	0.002381781379
305436	0.0003802873553
305437	0.005996998465
305438	0.000504226856
305439	0.001362783768
305440	0.003847413465
305441	0.007249988396
305442	0.001252117711
305443	0.0001879742905
305444	0.002386724523
305445	0.009357616677
305446	0.003305791272
305447	0.001220525222
305448	0.001088643646
305449	0.00102019555
305450	0.007646570421
305451	0.01024952848
305452	0.001051506124
305453	0.003751559179
305454	0.0003640712229
305455	0.005643836358
305456	0.0007442341129
305457	0.004901852859
305458	0.005784413528
305459	0.0004005026983
305460	0.0003464572708
305461	0.001701151625
305462	0.002522817977
305463	0.004459936196
305464	0.007913914695
305465	0.0001522164378
305466	0.002943043003
305467	0.01257089877
305468	0.004430229644
305469	0.007083073963
305470	0.000380916179
305471	0.008174780235
305472	0.0003545400453
305473	0.0003992473929
305474	0.003980342985
305475	0.001050807074
305476	0.003855046437
305477	0.003419956078
305478	0.0007827119487
305479	0.001302758385
305480	0.00115728601
305481	0.0006091904961
305482	0.001193268207
305483	0.0005301963186
305484	0.003934655118
305485	0.005076353942
305486	0.0007474600966
305487	0.00355276088
305488	0.001277861278
305489	0.000912669441
305490	0.000702552896
305491	0.002580720763
305492	0.002527871707
305493	0.009379888899
305494	0.0001507711157
305495	0.005525131726
305496	0.0008723550001
305497	0.0007036406005
305498	0.004787748295
305499	0.003727502395
305500	0.0008505472792
305501	0.0015139092
305502	0.01227116629
305503	0.006759111751
305504	0.007468667199
305505	0.01671871561
305506	0.01240285311
305507	0.008866638773
305508	0.005441183221
305509	0.008157353495
305510	0.008887251431
305511	0.01012579641
305512	0.008426212447
305513	0.00758664822
305514	0.005705519132
305515	0.003682270613
305516	0.002980872682
305517	0.008800944591
305518	0.002233978811
305519	0.006116405957
305520	0.002118392136
305521	0.005832891838
305522	0.001621188665
305523	0.003119330621
305524	0.003780320141
305525	0.009502920247
305526	0.005541854415
305527	0.001593008656
305528	0.006257712112
305529	0.004792498048
305530	0.002778453685
305531	0.009146106164
305532	0.001627094198
305533	0.0007384577819
305534	0.0001108238829
305535	0.002552455587
305536	0.001864000816
305537	0.003683961584
305538	0.002493779855
305539	0.01059312155
305540	0.006658727154
305541	0.003226803472
305542	0.01837005934
305543	0.004734157858
305544	0.006079227085
305545	0.00200548671
305546	0.007400425382
305547	0.002124697608
305548	0.0004847765814
305549	0.00249891362
305550	0.00444885992
305551	0.0005620165749
305552	0.002552262445
305553	0.005829444663
305554	0.00327585099
305555	0.006016087119
305556	0.004404778152
305557	0.004098377278
305558	0.003227694418
305559	0.006475062897
305560	0.002115636861
305561	0.003897226964
305562	0.01388130886
305563	0.002391263197
305564	0.002215506481
305565	0.006737545889
305566	0.003389830605
305567	0.001739005633
305568	0.004583750205
305569	0.001449095796
305570	0.002776126714
305571	0.003710802141
305572	0.0005937674641
305573	0.003315598756
305574	0.001472092575
305575	0.006200607695
305576	0.006844237589
305577	0.007307597014
305578	0.0001679028723
305579	0.006386816045
305580	0.003489758171
305581	0.0008144295501
305582	0.000386955684
305583	0.001199638125
305584	0.001687916048
305585	0.02520672685
305586	0.01243686615
305587	0.003223846986
305588	0.001949801777
305589	0.004957377239
305590	0.008571205278
305591	0.002136028675
305592	0.003209205251
305593	0.002120949517
305594	0.009623475918
305595	0.002235050388
305596	0.002530290804
305597	0.001106199972
305598	0.0009326404771
305599	3.1414098e-05
305600	0.001917192205
305601	0.002040523233
305602	0.007269762859
305603	0.01398493616
305604	0.005856221892
305605	0.001705216033
305606	0.002235900081
305607	0.001967963779
305608	0.001502319189
305609	0.005448108045
305610	0.001448700548
305611	0.0002592609816
305612	0.003596311655
305613	0.004405489648
305614	0.004482999549
305615	0.000652027371
305616	0.00933786384
305617	0.004740197038
305618	0.000520305659
305619	0.004139294142
305620	0.004173392508
305621	0.004706560942
305622	0.006744440702
305623	0.0002722550168
305624	0.007320913398
305625	0.01297078688
305626	0.004129869388
305627	0.0005761857491
305628	5.726487911e-05
305629	0.01079193298
305630	0.001511527679
305631	0.003667805306
305632	0.001301606412
305633	0.007846056095
305634	0.009040587693
305635	0.003877004611
305636	0.0003405447169
305637	0.01093562779
305638	0.0007884721822
305639	0.0007246906562
305640	0.00103674849
305641	0.00299824384
305642	0.003297831763
305643	0.000918255586
305644	0.002986274355
305645	5.783171351e-05
305646	0.007522699398
305647	0.01022196252
305648	0.003448203856
305649	0.008244648216
305650	0.002321722646
305651	0.004344833999
305652	0
305653	0.009920409352
305654	0.004927248818
305655	0.01890242201
305656	0.007972023198
305657	0.01228860915
305658	0.00255605435
305659	0.007359527039
305660	0.0007642798317
305661	0.009604548867
305662	0.01628284996
305663	0.00276644585
305664	0.0002366209371
305665	0.001750875721
305666	0.007191469492
305667	0.006308799766
305668	0.002520242385
305669	0.009340241647
305670	0.003343655129
305671	0.007443903065
305672	0.003386612028
305673	0.001879794026
305674	0.002568067381
305675	0.004298184378
305676	0.0008103207228
305677	0.0005972743132
305678	0.004334688558
305679	0.00204328092
305680	0.002586420857
305681	0.001662512732
305682	0.001449471092
305683	0.002413487925
305684	0.0008344593368
305685	0.001749874574
305686	2.347099924e-05
305687	0.004144568363
305688	0.007601317876
305689	0.000806218354
305690	0.001651553078
305691	0.0001698287152
305692	0.0007979836546
305693	0.002681397735
305694	0.001104767754
305695	0.00999966714
305696	0.003707447342
305697	0.01494803891
305698	0.01207999998
305699	0.0144479605
305700	0.002018015833
305701	0.0153152901
305702	0.001428753044
305703	0.0002908426209
305704	0.004600502207
305705	0.001532935202
305706	0.008778193826
305707	0.006287402329
305708	0.001596286187
305709	0.01115030993
305710	0.007337827396
305711	0.008173725084
305712	0.003197077233
305713	0.003051578342
305714	0.003790179669
305715	0.005368986662
305716	0.001580878383
305717	0.0008330813396
305718	0.007704913598
305719	0.009258470294
305720	0.001681821329
305721	0.000868283502
305722	0.009609954864
305723	0.003362117432
305724	0.001579462774
305725	0.002679455245
305726	0.002703686045
305727	0.001659517907
305728	0.004575357122
305729	0.01410073602
305730	0.01216503907
305731	0.003346765915
305732	0.01134964774
305733	0.0008429545582
305734	0.01045357733
305735	0.00219070508
305736	0.0006619004033
305737	0.00554510939
305738	0.001806504455
305739	0.006905761637
305740	0.001786091067
305741	0.0009791513738
305742	0.002021149351
305743	0.001833912968
305744	0.000685886311
305745	0.0005774026232
305746	0.0003021203295
305747	0.005654999568
305748	0.004227196834
305749	0.000231187595
305750	0.0007012500887
305751	0.001806264886
305752	0.001762294214
305753	0.001046292077
305754	0.008077459867
305755	0.009411347805
305756	0.0001498406132
305757	0.005571515629
305758	0.0008061428875
305759	0.000517077377
305760	0.005509834245
305761	0.00236624983
305762	0.00239873426
305763	0.001680113885
305764	0.0004681985065
305765	0.001450196878
305766	0.001718729182
305767	0.0008098478494
305768	0.002431639061
305769	0.0003050167351
305770	0.002569573552
305771	6.401742385e-05
305772	0.00426641726
305773	0.001207834296
305774	0.001628367011
305775	0.0005130590026
305776	0.001729355258
305777	7.418564728e-05
305778	0.001384781363
305779	0.0006442438537
305780	0.00724655439
305781	0.0001840756054
305782	0.0001265937734
305783	0.0006401570088
305784	0.0007130420344
305785	0.002832783596
305786	0.001150131133
305787	0.0006835195783
305788	0.004649426943
305789	0.0007346991258
305790	0.001251621426
305791	0.004991380936
305792	0.003995645639
305793	0.00196801305
305794	0.0005264816718
305795	0.001809351558
305796	0.000761583301
305797	0.0006031788167
305798	0.0001960261301
305799	0.002739169412
305800	0.00388187772
305801	0.001654945627
305802	0.003309601317
305803	0.004215875953
305804	0.0004971711384
305805	0.01327097885
305806	0.01045112989
305807	0.007508424612
305808	0.004637114787
305809	0.003508720302
305810	0.0006270131378
305811	0.004042631561
305812	0.0024329857
305813	0.003085610988
305814	0.00192829721
305815	0.003164471419
305816	0.007029788174
305817	0.001526550992
305818	0.002576068775
305819	0.0005587650856
305820	0.005959361233
305821	0.003992887544
305822	0.005747895434
305823	0.008767192641
305824	0.0001370487484
305825	0.003746140946
305826	0.008724639219
305827	0.005780050516
305828	0.01867781188
305829	0.004480867939
305830	0.0008391970121
305831	0.007758688126
305832	0.008935285673
305833	0.003620833475
305834	0.01034386873
305835	0.001919348745
305836	0.0004663372413
305837	0.0007209934448
305838	0.001449730347
305839	0.002615711278
305840	0.00198408677
305841	0.0002047428433
305842	0.006824980081
305843	0.001109483137
305844	0.00830357204
305845	0.00313012678
305846	0.01016359595
305847	0.00396515551
305848	0.005179576066
305849	0.003334262214
305850	0.01412663274
305851	0.006990533677
305852	0.0001890523758
305853	0.004659966754
305854	0.001692978932
305855	0.00239990829
305856	0.01088324279
305857	0.005746200228
305858	0.0005851452112
305859	0.01174662807
305860	0.01086940823
305861	0.00776816922
305862	0.002106605805
305863	0.005780262768
305864	0.01208810091
305865	0.0007567360594
305866	0.01003632401
305867	0.003815339573
305868	0.004055699507
305869	0.004161272489
305870	0.01019472022
305871	0.006803513773
305872	0.001750492223
305873	0.004665090003
305874	0.000245153304
305875	0.01721410914
305876	0.003857964449
305877	0.0008599681179
305878	0.00263304891
305879	0.0005300166723
305880	0.004630027613
305881	0.001282838284
305882	0.004080612421
305883	0.005646073103
305884	0.007744455373
305885	0.001341323448
305886	0.003461791622
305887	0.0005200024388
305888	0.002387442951
305889	0.003843769975
305890	0.002039453465
305891	0.008618538323
305892	0.002983773685
305893	0.003404589548
305894	0.001153191701
305895	0.003739801866
305896	0.01097892672
305897	0.009667318251
305898	0.004239951363
305899	0.004686207555
305900	0.0006101574368
305901	0.003588139
305902	0.002412262597
305903	0.008057125506
305904	0.00945599216
305905	0.01964625813
305906	0.006936773883
305907	0.006761072135
305908	0.0006209462427
305909	6.744161389e-05
305910	0.006716815001
305911	0.002876046666
305912	0.004287042807
305913	0.002781498521
305914	0.00111054637
305915	0.0009676442477
305916	0.01064282762
305917	0.0004338587014
305918	0.0004398830653
305919	0.0006663308511
305920	0.001247554648
305921	0.0006574086567
305922	0.002133300528
305923	0.0009368526625
305924	0.001906138664
305925	0.0005002737149
305926	0.0009361238539
305927	0.0003758019492
305928	0.00111047633
305929	0.001444525954
305930	0.006303573426
305931	0.002204389768
305932	0.0005392254395
305933	0.0006819038608
305934	3.36190912e-06
305935	0.004212135638
305936	0.0002152452745
305937	0.0008738778362
305938	5.662947293e-05
305939	0.004080428291
305940	0.008993512659
305941	0.006380884639
305942	0.01381956687
305943	0.0006281857251
305944	0.004136561388
305945	0.00383064028
305946	2.949822984e-05
305947	0.001643476028
305948	0.004552030059
305949	0.0005766541978
305950	0.01382899678
305951	0.003380732262
305952	0.004239480298
305953	0.006516374316
305954	0.003995141108
305955	0.0005587843993
305956	0.01577505286
305957	0.004035250175
305958	0.004547345462
305959	0.001489573027
305960	0.01092255156
305961	0.01005266438
305962	0.005422084828
305963	0.001037029189
305964	0.005049716536
305965	0.0002398501422
305966	0.002194722575
305967	0.00277211178
305968	0.002087734975
305969	0.002380541028
305970	0.002680800708
305971	0.002102915873
305972	0.002268344854
305973	0.002174006976
305974	0.002090368117
305975	0.002018722064
305976	0.002450332199
305977	0.00266099794
305978	0.002118170016
305979	0.002347262759
305980	0.002376788728
305981	0.002326199703
305982	0.002277576761
305983	0.002407598469
305984	0.002267433126
305985	0.002646210939
305986	0.002169840292
305987	0.001945987061
305988	0.002286146353
305989	0.001806710471
305990	0.002634398153
305991	0.002360412032
305992	0.00291520715
305993	0.002222993523
305994	0.002521945285
305995	0.002402823904
305996	0.002128774383
305997	0.00219030039
305998	0.002650515491
305999	0.002583998437
306000	0.002322302552
306001	0.002406068842
306002	0.002359967844
306003	0.001040043237
306004	0.0009117047904
306005	0.001966011044
306006	0.00237074081
306007	0.002226325151
306008	0.002301688777
306009	0.002206239603
306010	0.00383889494
306011	0.002185261066
306012	0.001852533821
306013	0.002516620024
306014	0.002434296907
306015	0.002126604804
306016	0.002142417968
306017	0.002119243862
306018	0.002212146919
306019	0.002123505703
306020	0.001844206047
306021	0.001830682594
306022	0.001237998337
306023	0.002136935519
306024	0.001754295253
306025	0.002244912321
306026	0.003400979457
306027	0.002534389562
306028	0.002007971758
306029	0.002275395326
306030	0.0002709567238
306031	0.001493119298
306032	0.001655712485
306033	0.002566455081
306034	0.002148862716
306035	0.002127647951
306036	0.00153053439
306037	0.0009849318887
306038	0.002536426762
306039	0.001915742283
306040	0.0009123224047
306041	0.002962199822
306042	0.001253343748
306043	0.002128537182
306044	0.003032502598
306045	0.003272705636
306046	0.001994654283
306047	0.002227208339
306048	0.002268951179
306049	0.002525608079
306050	0.002221496475
306051	0.002482386402
306052	0.002102477232
306053	0.002143931485
306054	0.002140582367
306055	0.001837639225
306056	0.001876978935
306057	0.00223668406
306058	0.002349412179
306059	0.004025314396
306060	0.00299243891
306061	0.002199267256
306062	0.002354476666
306063	0.001865687789
306064	0.001918141752
306065	0.001033124545
306066	0.002732095367
306067	0.001630900847
306068	0.001998774818
306069	0.002011819498
306070	0.003264307238
306071	0.00292785674
306072	0.002259863956
306073	0.003138665549
306074	0.002650297858
306075	0.002279641642
306076	0.001760127347
306077	0.005365014354
306078	0.003949104427
306079	2.407804501e-05
306080	0.002213689767
306081	0.002585351423
306082	0.002501573519
306083	0.001785457681
306084	0.00196106983
306085	0.001594321334
306086	0.00193599074
306087	0.002239655304
306088	0.001902298116
306089	0.001911462235
306090	0.002200440504
306091	0.001979082497
306092	0.002026304077
306093	0.002132080353
306094	0.002806939014
306095	0.0007500362411
306096	0.002449469202
306097	0.001778372005
306098	0.002459505257
306099	0.002187427753
306100	0.002027956579
306101	0.001934045974
306102	0.001979834986
306103	0.001774564713
306104	0.003692907595
306105	0.001779276862
306106	0.00219571188
306107	0.00162755098
306108	0.001944099474
306109	0.002091741753
306110	0.003661462201
306111	0.003866727372
306112	0.002188117067
306113	0.002636502923
306114	0.003180903935
306115	0.00147124085
306116	0.001977366674
306117	0.006706221718
306118	0.006335987667
306119	0.006052706317
306120	0.004558620933
306121	0.006558980761
306122	0.005104630903
306123	0.006822823873
306124	0.00498842932
306125	0.006711979078
306126	0.007241649651
306127	0.007343793554
306128	0.003071416432
306129	0.007345947238
306130	0.006250381329
306131	0.006297496796
306132	0.006608801337
306133	0.006329002756
306134	0.006587052927
306135	0.00706037236
306136	0.007100831069
306137	0.007104306495
306138	0.006967143662
306139	0.007055794002
306140	0.006625789559
306141	0.00666026719
306142	0.007074357309
306143	0.007165243303
306144	0.007134545069
306145	0.005285937957
306146	0.005320861407
306147	0.004702057607
306148	0.006738966758
306149	0.007077349414
306150	0.006939253764
306151	0.007059511791
306152	0.005349360382
306153	0.007109753025
306154	0.006726424168
306155	0.00662193488
306156	0.002838463565
306157	0.002699467815
306158	0.002872650139
306159	0.002685622423
306160	0.002826633568
306161	0.002613538309
306162	0.002454322609
306163	0.002403347556
306164	0.002641924861
306165	0.002808709037
306166	0.002636709769
306167	0.002442587708
306168	0.002645999081
306169	0.002156089581
306170	0.002501240277
306171	0.002747631307
306172	0.00245544469
306173	0.002612143679
306174	0.002827210315
306175	0.002433898684
306176	0.004349638471
306177	0.002660776804
306178	0.002605141439
306179	0.004231643333
306180	0.0008208534785
306181	0.002841482471
306182	0.002737644908
306183	0.002784707787
306184	0.002917487217
306185	0.002453070994
306186	0.00263487808
306187	0.002638016358
306188	0.002432745527
306189	0.002838400542
306190	0.002651767463
306191	0.002527861785
306192	0.002668891118
306193	0.004246439391
306194	0.002521439676
306195	0.002773672799
306196	0.01085978218
306197	0.007777526407
306198	0.01050832157
306199	0.01031980043
306200	0.01073501374
306201	0.01101539005
306202	0.01088462093
306203	0.01063176549
306204	0.01023379163
306205	0.01015990804
306206	0.01078774613
306207	0.01106549744
306208	0.007432917464
306209	0.01039853788
306210	0.0106181794
306211	0.01052688881
306212	0.01091155728
306213	0.01090905035
306214	0.01070075844
306215	0.005581281808
306216	0.009113022752
306217	0.01048545716
306218	0.01058259873
306219	0.01152101499
306220	0.01016698824
306221	0.0109403463
306222	0.01099482993
306223	0.01057891573
306224	0.01050655374
306225	0.0113250969
306226	0.01030664408
306227	0.01042316399
306228	0.01071231634
306229	0.01029134667
306230	0.010727554
306231	0.01092511648
306232	0.01078858959
306233	0.01088200195
306234	7.739648928e-05
306235	0.0006861462742
306236	0.000395856713
306237	0.0004024150669
306238	0.0003696783209
306239	0.0008470340582
306240	0.002101254086
306241	0.001455073706
306242	0.0002850817577
306243	8.660100956e-05
306244	1.632577404e-05
306245	0.0004769865887
306246	5.431297226e-06
306247	0.0005205785533
306248	3.634820631e-05
306249	0.0006414862722
306250	0.001621472631
306251	0.0013840799
306252	0.0005154360326
306253	0.0006136754498
306254	0.0007448855469
306255	0.0002256321376
306256	0.0006897045946
306257	0.0007301818416
306258	0.000256120829
306259	0.0002130507384
306260	0.0001321274923
306261	0.002702982954
306262	0.0004098973844
306263	0.0001288453791
306264	0.0001026332892
306265	7.591684107e-05
306266	0.001549140557
306267	0.000653324851
306268	5.924591587e-05
306269	0.001538146935
306270	0.001183765957
306271	0.0003736448909
306272	0.006070379207
306273	0.006066018938
306274	0.004698446678
306275	0.004448651703
306276	0.00601075579
306277	0.005713782741
306278	0.005467305276
306279	0.004338245124
306280	0.004792266465
306281	0.007611566248
306282	0.005447133008
306283	0.006009056179
306284	0.006001149719
306285	0.005474425357
306286	0.005666977057
306287	0.005883085786
306288	0.005776970074
306289	0.005002156827
306290	0.006213924314
306291	0.005883217871
306292	0.005848018817
306293	0.005255231778
306294	0.005780363686
306295	0.005867801355
306296	0.0047784871
306297	0.005932179238
306298	0.006040379304
306299	0.005956410789
306300	0.005993554859
306301	0.005075778632
306302	0.005724747532
306303	0.005303935199
306304	0.006041518637
306305	0.005080977607
306306	0.006023113767
306307	0.005761615356
306308	0.006760691423
306309	0.005884736691
306310	0.002987537367
306311	0.007306172975
306312	0.001073593254
306313	0.005201149258
306314	0.006110186179
306315	0.005891566588
306316	0.005784997785
306317	0.006080640863
306318	0.005991478906
306319	0.007247059726
306320	0.005953339606
306321	0.005559829526
306322	0.005992388309
306323	0.00641779748
306324	0.006060653108
306325	0.004364426826
306326	0.005717808728
306327	0.002015783916
306328	0.002256384966
306329	0.002030315198
306330	0.001782044214
306331	0.00187130916
306332	0.00199560073
306333	0.00124962527
306334	0.0009211543182
306335	0.001812537009
306336	0.004094479066
306337	0.00162543204
306338	0.001549967789
306339	0.001590002941
306340	0.002343636838
306341	0.0008738200821
306342	0.001713953566
306343	0.00209922239
306344	0.001939968468
306345	0.002195865212
306346	0.001929197853
306347	0.002029249718
306348	0.002167842472
306349	0.002402771096
306350	0.001791113797
306351	0.002194555979
306352	0.001560370575
306353	0.001665060646
306354	0.001884721279
306355	0.002057378307
306356	0.001311091885
306357	0.002172177108
306358	0.00195094218
306359	0.002018668828
306360	0.001855618403
306361	0.001301699422
306362	0.001781901966
306363	0.001646022391
306364	0.002159184638
306365	0.001517857605
306366	0.001800437456
306367	0.001994828278
306368	0.00215266988
306369	0.002038911478
306370	0.001989771846
306371	0.002038893848
306372	0.001920543166
306373	0.002257500538
306374	0.00140608162
306375	0.002047791375
306376	0.002128088958
306377	0.001946402997
306378	0.002158767018
306379	0.003439392125
306380	0.002826441128
306381	0.003447321624
306382	0.003547152416
306383	0.003598642879
306384	0.003557203883
306385	0.00349852809
306386	0.003420284187
306387	0.003431172306
306388	0.003161611627
306389	0.003414401024
306390	0.003507673023
306391	0.003047977926
306392	0.003440562357
306393	0.003370855506
306394	0.00260907678
306395	0.002806838599
306396	0.003495386972
306397	0.002751610399
306398	0.003115172297
306399	0.003293857294
306400	0.003236669598
306401	0.003509709719
306402	0.003560668242
306403	0.003513561349
306404	0.003395463703
306405	0.003306542097
306406	0.003387855802
306407	0.003489603586
306408	0.003498441619
306409	0.003335271651
306410	0.002190164148
306411	0.002987791219
306412	0.003409718993
306413	0.003552522557
306414	0.003369543726
306415	0.003446573424
306416	0.00360409062
306417	0.00339073713
306418	0.003294543279
306419	0.003259665659
306420	0.003525052787
306421	0.0009968712056
306422	0.001057060248
306423	0.0006223193802
306424	0.0009535569327
306425	0.001695847235
306426	0.001041500903
306427	0.001251944955
306428	0.001360245491
306429	0.0008915719064
306430	0.001066624869
306431	0.001080125654
306432	0.001533995021
306433	0.002666987934
306434	0.0008987271035
306435	0.000742623895
306436	0.001519324956
306437	0.001589549767
306438	0.0005659991181
306439	0.0004545826222
306440	0.001356845813
306441	0.001049301994
306442	0.001223373915
306443	0.0007303123459
306444	0.0007711931813
306445	0.0002691690478
306446	0.0003932564377
306447	0.00107097439
306448	0.001088613597
306449	0.001034076265
306450	0.001106055002
306451	0.001525191901
306452	0.0004363100282
306453	0.000949491167
306454	0.001902117769
306455	0.001277619293
306456	0.001360497931
306457	0.0008227138241
306458	0.001356455458
306459	0.001651231453
306460	0.0009877474624
306461	0.00131005616
306462	0.0008627200968
306463	0.001131334363
306464	0.001077267992
306465	0.001760096317
306466	0.00141922851
306467	0.0007083328014
306468	0.0002199094713
306469	0.001524519971
306470	0.001305218662
306471	0.0001157539989
306472	0.00140040726
306473	0.0005466717878
306474	0.0009160770327
306475	0.001587278387
306476	0.001159246601
306477	0.003218873967
306478	0.0007088408049
306479	0.004552749299
306480	0.0037153084
306481	0.004997291868
306482	0.002604937653
306483	0.005124299667
306484	0.003790755632
306485	0.004500034272
306486	0.004014147513
306487	0.004350641572
306488	0.004647527084
306489	0.00422312489
306490	0.00492928897
306491	0.004932990876
306492	0.004390087976
306493	0.0038786741
306494	0.006370166288
306495	0.004307839027
306496	0.003571356684
306497	0.004153492506
306498	0.003993233767
306499	0.004191415879
306500	0.004399089597
306501	0.00519016972
306502	0.004670303186
306503	0.004506120787
306504	0.004574473706
306505	0.003564682166
306506	0.004636362055
306507	0.004789784019
306508	0.004652992034
306509	0.003401892521
306510	0.003176919079
306511	0.003394763554
306512	0.003369671166
306513	0.003434765469
306514	0.003177215095
306515	0.003287270581
306516	0.002194070325
306517	0.003676725352
306518	0.001934621061
306519	0.002180142706
306520	0.001282968061
306521	0.002633958683
306522	0.003634305102
306523	0.003539161393
306524	0.003671250994
306525	0.0004190093183
306526	0.001347311686
306527	0.002874413224
306528	0.002858090673
306529	0.00298670375
306530	0.001124276598
306531	0.002741678058
306532	0.001465239331
306533	0.003093213755
306534	0.003580080355
306535	0.003312453985
306536	0.00316955767
306537	0.003016098444
306538	0.00312702804
306539	0.003930228084
306540	0.003320030516
306541	0.003249834549
306542	0.0032482635
306543	0.003164016497
306544	0.002165075708
306545	0.003247009463
306546	0.004017544116
306547	0.0002924523394
306548	0.00357212409
306549	0.003159260039
306550	0.0008420128848
306551	0.00101313686
306552	0.001018646686
306553	0.0008328155937
306554	0.001234619773
306555	0.001308417476
306556	0.001021879149
306557	0.001271250933
306558	0.0009454252428
306559	0.0008613638718
306560	0.0003164191971
306561	0.0006989603576
306562	0.0008864479404
306563	0.0006042888982
306564	0.0008212688539
306565	0.0005040249202
306566	0.0007217879519
306567	0.0008965371655
306568	0.0006488665514
306569	0.001545860111
306570	0.001478541873
306571	0.0001046902547
306572	0.0008599255366
306573	0.0007125780595
306574	0.000884823372
306575	0.0006418487737
306576	0.00148468368
306577	0.001269287688
306578	0.0006502179639
306579	0.001036725292
306580	0.001275447315
306581	0.001395719762
306582	0.0004077085381
306583	0.0008138259562
306584	0.0009922919479
306585	0.001146361958
306586	0.003736149221
306587	0.0007861801097
306588	0.0007312308505
306589	0.001762418499
306590	0.0009009566267
306591	0.001096091233
306592	0.0008318241292
306593	0.0006031265123
306594	0.003714616645
306595	0.004263825403
306596	0.002687530962
306597	0.004856102417
306598	0.002349475168
306599	0.003662598311
306600	0.004376683034
306601	0.004947957416
306602	0.004396209807
306603	0.004948853942
306604	0.00484241154
306605	0.001095672467
306606	0.004728225566
306607	0.004648262457
306608	0.004319299042
306609	0.00373672814
306610	0.003638141629
306611	0.0002498372486
306612	0.002472348846
306613	0.003892224808
306614	0.004967380392
306615	0.004373694694
306616	0.004229582608
306617	0.004692939655
306618	0.004599997672
306619	0.004149311322
306620	0.004675001293
306621	0.002736881337
306622	0.004340142025
306623	0.004296439279
306624	0.004352988456
306625	0.004103346901
306626	0.002763907381
306627	0.004327662726
306628	0.00433374459
306629	0.004781503053
306630	0.004390930932
306631	0.003964666794
306632	0.004551976712
306633	0.004463185491
306634	0.008476733541
306635	0.008208723351
306636	0.008526318325
306637	0.008824221172
306638	0.008459543438
306639	0.008952929702
306640	0.006744914858
306641	0.008168814071
306642	0.009030730101
306643	0.008426164286
306644	0.007903995082
306645	0.008067219963
306646	0.008782418666
306647	0.008370634023
306648	0.008211136991
306649	0.008312325838
306650	0.009127671093
306651	0.008481561785
306652	0.008632860055
306653	0.00882380671
306654	0.00843734641
306655	0.008482024302
306656	0.008896700609
306657	0.008722953832
306658	0.008190902593
306659	0.008968699471
306660	0.008506838638
306661	0.008711903983
306662	0.009066423697
306663	0.007311165228
306664	0.008582739838
306665	0.005509867902
306666	0.008740537053
306667	0.008648233693
306668	0.008076174173
306669	0.008979727551
306670	0.008421004666
306671	0.008892932061
306672	0.008354411319
306673	0.008690441711
306674	0.009119188511
306675	0.007718730299
306676	0.008768594369
306677	0.008520061956
306678	0.007914594293
306679	0.009320874022
306680	0.008920663102
306681	0.008611237675
306682	0.008500972807
306683	0.008367587263
306684	0.008901375744
306685	0.008873666616
306686	0.008583371446
306687	0.008540512078
306688	0.008929318371
306689	0.008346940734
306690	0.00852421033
306691	0.008878199285
306692	0.008218669174
306693	0.008499533094
306694	0.008928550457
306695	0.004215507961
306696	0.0050006288
306697	0.004217954373
306698	0.004612840427
306699	0.004984903924
306700	0.004590570929
306701	0.004523103851
306702	0.005105678517
306703	0.004723830703
306704	0.004414718886
306705	0.004694363284
306706	0.004485208033
306707	0.004506222516
306708	0.005862927126
306709	0.004792656086
306710	0.004505423415
306711	0.004596562412
306712	0.00422274009
306713	0.004115170512
306714	0.004623642192
306715	0.004273612086
306716	0.004576166453
306717	0.004608387781
306718	0.004766201532
306719	0.005268558509
306720	0.004447519058
306721	0.004478415194
306722	0.004263641973
306723	0.004483439456
306724	0.005001461861
306725	0.004899304505
306726	0.004639637313
306727	0.004770023091
306728	0.005824273688
306729	0.004825936899
306730	0.004715622255
306731	0.004630940712
306732	0.004786494476
306733	0.002815468648
306734	0.004351490219
306735	0.002889832759
306736	0.004457749204
306737	0.00445557197
306738	0.0001271569059
306739	0.004684926829
306740	0.003448938762
306741	0.003453070364
306742	0.00347756261
306743	0.003465639994
306744	0.003118254197
306745	0.003742083072
306746	0.003594190305
306747	0.003636406884
306748	0.00361918854
306749	0.004111983294
306750	0.003498813436
306751	0.003938604138
306752	0.003892170083
306753	0.003397844338
306754	0.003656694207
306755	0.003908150605
306756	0.004008979419
306757	0.004298975698
306758	0.003118914855
306759	0.003520166237
306760	0.003806478025
306761	0.003395404261
306762	0.003178394117
306763	0.003495012896
306764	0.00354428371
306765	0.003145500728
306766	0.001704420429
306767	0.003343565393
306768	0.003573375035
306769	0.003705878036
306770	0.003824305415
306771	0.003258161292
306772	0.004139575202
306773	0.003631715284
306774	0.003855589886
306775	0.003511848148
306776	0.003279920582
306777	0.003933224478
306778	0.003516428675
306779	0.003682097392
306780	0.003971494535
306781	0.003462884466
306782	0.00361725042
306783	0.004854043428
306784	0.003881083366
306785	0.004843193016
306786	0.0006865750311
306787	0.004116028418
306788	0.00375680335
306789	0.002151641477
306790	0.003093755264
306791	0.003264337177
306792	0.00346003774
306793	0.002289230779
306794	0.002549551288
306795	0.0037499185
306796	0.003269346883
306797	0.004090622865
306798	0.00418943294
306799	0.003684561746
306800	0.003660699147
306801	0.003562525501
306802	0.006869939689
306803	0.004107218912
306804	0.003408721976
306805	0.003454326804
306806	0.003116542941
306807	0.002953614232
306808	0.002671493438
306809	0.003279274684
306810	0.003535831198
306811	0.003982735222
306812	0.004867998427
306813	0.003470080074
306814	0.001047784768
306815	0.0001435733405
306816	0.0005238067249
306817	0.001234531478
306818	0.001099571767
306819	0.001232222576
306820	0.0008521444952
306821	0.001249571903
306822	0.0008690662658
306823	0.0005735365057
306824	0.006693551441
306825	0.0009612257251
306826	0.000490334914
306827	0.00399765137
306828	0.004239956296
306829	0.001013113077
306830	0.001244126242
306831	0.0005904965884
306832	0.0009098786607
306833	0.0006766061796
306834	0.001006090265
306835	0.0005215959418
306836	0.0003148657045
306837	0.0008955643978
306838	0.0007946083463
306839	0.0007992923699
306840	0.0008379634256
306841	3.008180609e-05
306842	0.001533026354
306843	0.001268054738
306844	0.0004317404186
306845	8.71486595e-05
306846	0.001154142669
306847	0.006071096866
306848	0.005834315198
306849	0.005966482295
306850	0.006127800477
306851	0.005684564666
306852	0.005717313217
306853	0.005682923442
306854	0.006331202973
306855	0.0040178649
306856	0.005625741632
306857	0.006298623485
306858	0.003718468678
306859	0.005136804727
306860	0.005430702701
306861	0.006412317141
306862	0.005858927708
306863	0.003446082975
306864	0.003825799577
306865	0.006218839492
306866	0.006332247352
306867	0.004937903238
306868	0.005584639595
306869	0.005868437701
306870	0.005893611139
306871	0.003580008951
306872	0.00709226865
306873	0.005806939658
306874	0.006894514383
306875	0.005425808464
306876	0.006012906169
306877	0.005653879297
306878	0.005692887012
306879	0.005564451709
306880	0.0002506903176
306881	0.0005422592457
306882	0.0006254918845
306883	0.0003629142042
306884	0.0003014504789
306885	0.0007711851457
306886	0.0005291550388
306887	0.0004658158751
306888	0.0004776502127
306889	0.001836484819
306890	0.0008393189391
306891	0.0007228882176
306892	0.001207575489
306893	0.0003144160067
306894	0.0004443562657
306895	0.0005478975175
306896	0.001008123545
306897	0.0004022857391
306898	0.003918487003
306899	0.003792308024
306900	0.00493811584
306901	0.005038386855
306902	0.004324425592
306903	0.004580347036
306904	0.004408378364
306905	0.004285390228
306906	0.003828461597
306907	0.003937908852
306908	0.003899444833
306909	0.005015221882
306910	0.002135959964
306911	0.00428683468
306912	0.004559891016
306913	0.005400595722
306914	0.004668000008
306915	0.005653595675
306916	0.005047263083
306917	0.004320544924
306918	0.001572822179
306919	0.00173456484
306920	0.004267275629
306921	0.004085769267
306922	0.004372678871
306923	0.004710391929
306924	0.004862730863
306925	0.005361853251
306926	0.004132254542
306927	0.004890713615
306928	0.00446680092
306929	0.004488395284
306930	0.004619826836
306931	0.004363267287
306932	0.004731879903
306933	0.004035143059
306934	0.004268192889
306935	0.001388751373
306936	0.001437796548
306937	0.001794373116
306938	0.001185473171
306939	0.001656534128
306940	0.0009825265868
306941	0.001325880092
306942	0.001180770091
306943	0.0022191304
306944	0.001313109603
306945	0.000947374514
306946	0.001531004117
306947	0.001517265018
306948	0.001557881587
306949	0.001658180467
306950	0.001001413759
306951	0.001478453122
306952	0.001411235045
306953	0.001534412966
306954	0.001634395029
306955	0.0008826787606
306956	0.001591428003
306957	0.001527635625
306958	0.001614573809
306959	0.00161651353
306960	0.001617489693
306961	0.001627818854
306962	0.001501097248
306963	0.001228002038
306964	0.002677335366
306965	0.001512472309
306966	0.00160259311
306967	0.001069991742
306968	0.001580034213
306969	0.001460392649
306970	0.001456496407
306971	1.381878258e-05
306972	0.001629826687
306973	0.001176124591
306974	0.002257784325
306975	0.001548167922
306976	0.001571913543
306977	0.001677315635
306978	0.001358123327
306979	0.001605569947
306980	0.001213127861
306981	0.001571518628
306982	0.001600220993
306983	0.001633368668
306984	0.0006759409732
306985	0.000737256962
306986	0.0009472511012
306987	0.00140936614
306988	0.001770584189
306989	0.001987212241
306990	0.001267700293
306991	0.001322458367
306992	0.001554912832
306993	0.001845255585
306994	0.001708169662
306995	0.0001435224
306996	0.001290975826
306997	0.00131866353
306998	0.0007982409221
306999	0.001150555001
307000	0.001412912807
307001	0.001460747783
307002	0.001376165973
307003	0.001498792536
307004	0.001247312848
307005	0.001839909794
307006	0.001158919426
307007	0.001490179289
307008	0.001500476488
307009	0.001643167645
307010	0.001491231941
307011	0.004021420311
307012	0.001260125205
307013	0.001402734041
307014	0.001084924846
307015	0.0004520616486
307016	0.001363008094
307017	0.001250749229
307018	0.001335257279
307019	0.001528292907
307020	0.001559487742
307021	0.008315883721
307022	0.008269797367
307023	0.008214083493
307024	0.008051895324
307025	0.008646909316
307026	0.008036983653
307027	0.00826618921
307028	0.008207196217
307029	0.007805964955
307030	0.008084190996
307031	0.008315010957
307032	0.007896951213
307033	0.006180314489
307034	0.008584455603
307035	0.008698452003
307036	0.008108625799
307037	0.007692146506
307038	0.008099451256
307039	0.007704053952
307040	0.008071100743
307041	0.008605410625
307042	0.00798476761
307043	0.007805094314
307044	0.008290973214
307045	0.00869101616
307046	0.008647740042
307047	0.009252509024
307048	0.008785681159
307049	0.008032539391
307050	0.008144237459
307051	0.008384287358
307052	0.008171024696
307053	0.003063481066
307054	0.003876634177
307055	0.003390928241
307056	0.003256405984
307057	0.004066811794
307058	0.003260086588
307059	0.003133931347
307060	0.003160323169
307061	0.005278421837
307062	0.002584409023
307063	0.003570477177
307064	0.003214119756
307065	0.002467306924
307066	0.002855876659
307067	0.002921275543
307068	0.003047929256
307069	0.002923997392
307070	0.003505965496
307071	0.003641624122
307072	0.002691971891
307073	0.002945441194
307074	0.003276415195
307075	0.003141060287
307076	0.002996783945
307077	0.002974284543
307078	0.003102539357
307079	0.003230374931
307080	0.002989557078
307081	0.003133858189
307082	0.002969890144
307083	0.003220759059
307084	0.003103423867
307085	0.002974542985
307086	0.003137388898
307087	0.003241371858
307088	0.002956823309
307089	0.003128511886
307090	0.003009325784
307091	0.003165198638
307092	0.003308478835
307093	0.003217175384
307094	0.003442729479
307095	0.002852948985
307096	0.003118867412
307097	0.003219700488
307098	0.003081719821
307099	0.00309731122
307100	0.003223755283
307101	0.003097418284
307102	0.003150040056
307103	0.003243861526
307104	0.003055188241
307105	0.003246951538
307106	0.002835863951
307107	0.003128959628
307108	0.003242551862
307109	0.003231218553
307110	0.003263659315
307111	0.002762651872
307112	0.002954322726
307113	0.003083062817
307114	0.003228507399
307115	0.002945237684
307116	0.003234324152
307117	0.003121278877
307118	0.00299717151
307119	0.003299629083
307120	0.002935926442
307121	0.003260876782
307122	0.002999872097
307123	0.003057481789
307124	0.002982975773
307125	0.003345197297
307126	0.00324833233
307127	0.003354565046
307128	0.003117358507
307129	0.003067465126
307130	0.002985092405
307131	0.00322091224
307132	0.003214093813
307133	0.001121183926
307134	0.001338664672
307135	0.002244525467
307136	0.0003521160335
307137	0.0007362777987
307138	0.00131635826
307139	0.001192202312
307140	0.001094795765
307141	0.001366377877
307142	8.739810683e-05
307143	0.0009936551862
307144	0.001133823216
307145	0.0008558638889
307146	0.001289358834
307147	0.0009722410833
307148	0.0009609990594
307149	0.001079478595
307150	0.001074910369
307151	0.0008253252575
307152	0.0009427861516
307153	0.0006439741907
307154	0.002055314907
307155	0.001206421775
307156	0.0009598615463
307157	0.0006438957109
307158	0.001249667611
307159	0.001246391909
307160	0.001599363549
307161	0.001573587501
307162	0.001511147628
307163	0.001339727338
307164	0.0009416441314
307165	0.0007177333554
307166	0.001096737806
307167	0.001379880313
307168	0.001271554669
307169	0.0008495014235
307170	0.001039107967
307171	0.001124114733
307172	0.001090431229
307173	0.001017395087
307174	0.001273559707
307175	0.00117357608
307176	0.001197654843
307177	0.001133216517
307178	0.001290506129
307179	0.001125242862
307180	0.00116580481
307181	0.000816622076
307182	0.001195284769
307183	0.0012355602
307184	0.00111163502
307185	0.0009473744416
307186	0.001037987823
307187	0.000162104972
307188	0.001481283904
307189	0.001464484636
307190	0.001186957098
307191	0.001137622373
307192	0.001093602407
307193	0.001361257045
307194	0.001151933072
307195	0.001317648262
307196	0.003563894524
307197	0.003672419324
307198	0.0032326249
307199	0.003301899458
307200	0.003962764421
307201	0.003821333873
307202	0.003928555402
307203	0.003582381857
307204	0.001885952411
307205	0.004032545191
307206	0.00354137139
307207	0.003728461648
307208	0.003621541157
307209	0.003336560644
307210	0.003654617952
307211	0.003314745917
307212	0.003229753877
307213	0.003987952542
307214	0.002901379178
307215	0.0013142147
307216	0.003335030955
307217	0.004314055495
307218	0.004333250144
307219	0.003656031156
307220	0.004022628357
307221	0.003892380293
307222	0.003642323676
307223	0.002917612658
307224	0.003720393278
307225	0.003518990108
307226	0.00340900099
307227	0.003411512841
307228	0.003642131043
307229	0.004395400662
307230	0.004002063462
307231	0.00422728841
307232	0.002787946978
307233	0.00264049764
307234	0.003507522999
307235	0.001158355157
307236	0.001149106458
307237	0.002296222605
307238	0.000381370247
307239	0.001320176726
307240	0.001298930181
307241	0.001206283399
307242	0.001483419556
307243	0.0009122084346
307244	0.0009898478161
307245	0.001553056134
307246	0.001382628735
307247	0.0008807573345
307248	0.001394609971
307249	0.0005485235408
307250	0.001286019501
307251	0.001243446052
307252	0.002301305133
307253	0.006553579423
307254	0.001597926451
307255	0.007707219273
307256	0.007276164275
307257	0.0005384753116
307258	0.008341743589
307259	0.004315549336
307260	0.009289784847
307261	0.009413256251
307262	0.00695606146
307263	0.002462759009
307264	0.001033134969
307265	0.0008658372243
307266	0.0006370006963
307267	0.009051473173
307268	0.01503953931
307269	0.009032387841
307270	0.01102822714
307271	0.001339974313
307272	0.004411075235
307273	0.0001164041255
307274	0.006803022612
307275	0.005206314028
307276	0.003774164613
307277	4.519523131e-05
307278	0.001486557917
307279	0.002993305294
307280	0.001614080739
307281	0.009152689681
307282	0.0008287493771
307283	0.0001323076773
307284	0.004833499426
307285	0.0007261170257
307286	0.001529624615
307287	0.009172914364
307288	0.008838125884
307289	0.00318014947
307290	0.0008499332599
307291	0.001723429948
307292	0.006853912186
307293	0.0005866390094
307294	0.002144872112
307295	0.0007678581103
307296	0.00110207019
307297	0.001153538095
307298	0.0009127082261
307299	0.000559672238
307300	0.001712641421
307301	0.00276853139
307302	0.002786585914
307303	0.000734914536
307304	0.00125096635
307305	0.00852533707
307306	0.0001721969061
307307	0.001001090481
307308	0.001737213629
307309	0.006183786611
307310	0.001613709951
307311	0.002310848608
307312	0.002849756748
307313	0.001310699589
307314	0.001625332796
307315	0.001195458244
307316	0.0008926984032
307317	0.003323181221
307318	0.0008120487213
307319	0.000319162079
307320	0.003179642876
307321	0.007782626919
307322	0.001093466138
307323	0.00108075885
307324	0.008280215989
307325	0.003799980524
307326	0.0006602589879
307327	0.001289640583
307328	0.0009326042601
307329	0.001689057349
307330	0.0009233230829
307331	0.006573111906
307332	0.001081134333
307333	0.0001879243486
307334	0.0007686534411
307335	0.008059130924
307336	0.003167754689
307337	0.00810740658
307338	0.001051370343
307339	0.001702653039
307340	0.008503509532
307341	0.001907048718
307342	0.001786184239
307343	0.0001950652693
307344	0.002097680317
307345	0.006211611429
307346	0.000315898971
307347	0.0006025850462
307348	0.0007212032856
307349	0.01020729456
307350	0.003273892514
307351	0.005049003188
307352	0.0009959307574
307353	0.001919325143
307354	0.001901272632
307355	0.001032010094
307356	0.003276561537
307357	0.0001460258735
307358	0.0003000931127
307359	0.0001651409528
307360	0.005214985272
307361	0.001539916999
307362	0.009625805308
307363	0.01618583824
307364	0.009803161208
307365	1.224747804e-05
307366	0.0001069528833
307367	0.0001477816352
307368	0.0006131087739
307369	0.0005222122415
307370	0.0007000863888
307371	0.0005640862537
307372	0.0003795179961
307373	0.0002736408671
307374	0.0008126135835
307375	0.0001945088885
307376	0.001646710831
307377	0.01722242732
307378	0.001300280654
307379	0.002698861643
307380	0.0001274858929
307381	0.002358532669
307382	9.814970801e-06
307383	0.0002470732241
307384	0.000737918796
307385	0.002830544677
307386	0.0002992532281
307387	0.00186359462
307388	0.001906035585
307389	0.001044567075
307390	4.987749363e-05
307391	0.001359996169
307392	0.001224079325
307393	0.001635768043
307394	0.00173275783
307395	0.002035347046
307396	0.006105625785
307397	0.009711824042
307398	0.001511384841
307399	0.003956341292
307400	0.0009959266143
307401	0.0008146077176
307402	0.00178328961
307403	0.001562937321
307404	0.001436354639
307405	0.001669521674
307406	0.001611535657
307407	0.002105183276
307408	0.001082377741
307409	0.001733338429
307410	0.002038351204
307411	0.0009743083801
307412	0.0009814544952
307413	0.001064337865
307414	0.001602285714
307415	0.001811833281
307416	0.0008161223305
307417	0.001996148701
307418	0.0009613227404
307419	0.001740135495
307420	0.001127359614
307421	0.0009617642131
307422	0.0007830170067
307423	0.0007470945042
307424	0.001124622103
307425	0.000815398227
307426	0.001192369506
307427	0.0001772213406
307428	9.447870914e-05
307429	0.001129512397
307430	0.001362331492
307431	0.0009989050195
307432	0.001109906201
307433	0.0008804895001
307434	0.001114754319
307435	0.001755842297
307436	0.001498746092
307437	0.002192105359
307438	0.001421454317
307439	0.0006870805281
307440	0.0008188616399
307441	0.001406444027
307442	0.001146509035
307443	0.001356105803
307444	0.0009463235264
307445	0.001208912329
307446	0.001265364572
307447	0.0008166082239
307448	0.00148770259
307449	0.0008682778842
307450	0.002662738041
307451	0.002052789884
307452	0.001018594277
307453	0.001395281291
307454	0.001020754026
307455	0.0009747208928
307456	9.322430412e-05
307457	0.000991380183
307458	0.001270948978
307459	0.001300337992
307460	0.000590314602
307461	0.001108916687
307462	0.0009681715078
307463	0.0005719850504
307464	0.0007931807513
307465	0.0006201065157
307466	0.001100242677
307467	0.001107958946
307468	0.0008821885116
307469	0.0005081825665
307470	0.0008266670042
307471	0.0009715460347
307472	0.0009626065328
307473	0.0005943317103
307474	0.001615424471
307475	0.001439193099
307476	0.00132629048
307477	0.0004697775443
307478	0.0008077928928
307479	0.0007131852078
307480	0.000516848457
307481	0.001083628738
307482	0.0006821981251
307483	0.0009675754006
307484	0.000997041412
307485	0.0008072142554
307486	0.001177354728
307487	0.000785077576
307488	0.001065402027
307489	0.0006212068262
307490	0.0001203398735
307491	0.0008917136366
307492	0.00113077185
307493	0.001901383034
307494	0.001028350787
307495	0.0007276769564
307496	0.0003083238237
307497	0.00104582418
307498	0.001116287484
307499	0.0009896818896
307500	0.000802625443
307501	0.001599247383
307502	0.0007137060786
307503	0.001025096605
307504	0.0006223705517
307505	0.0008194737746
307506	0.001394061134
307507	0.0009644590934
307508	0.001933347345
307509	0.001024885802
307510	0.0004554491971
307511	0.0008394414065
307512	0.000765762376
307513	0.001575306689
307514	0.0008236244685
307515	0.00126346593
307516	0.0009016761097
307517	0.001827678514
307518	0.001008017775
307519	0.00170009197
307520	0.0008523038415
307521	0.0007977889164
307522	0.001077346952
307523	0.0007465623381
307524	0.001139324889
307525	0.0005540070521
307526	0.0002627793308
307527	8.320639177e-05
307528	0.00337850339
307529	0.0004264052251
307530	0.001531107276
307531	0.0002761252522
307532	0.001661636032
307533	0.0009166274598
307534	0.002924574191
307535	0.0008562281272
307536	0.001239079843
307537	0.001263096384
307538	0.001288178195
307539	0.000582595732
307540	0.0005844859203
307541	0.001456896479
307542	0.000972510363
307543	0.0001467274134
307544	0.0008763692976
307545	0.000635630307
307546	0.001231555202
307547	0.001047738341
307548	0.0005465190426
307549	0.0002033940491
307550	0.001236983642
307551	0.0009750304166
307552	0.00107813391
307553	0.001051426689
307554	0.00108487086
307555	0.0007326065459
307556	0.00117543307
307557	0.001873496416
307558	0.00125353808
307559	0.001310180217
307560	0.001251320004
307561	0.001091118526
307562	0.001082898261
307563	0.0005664516883
307564	0.002724740562
307565	0.0007229231203
307566	0.0007903222625
307567	0.0007394964207
307568	0.0009373400401
307569	0.0008911315929
307570	0.000954526864
307571	0.001685320033
307572	0.001151352234
307573	0.002177627817
307574	0.001427888454
307575	0.001606522829
307576	0.0005227381294
307577	0.001732550187
307578	0.0005925814815
307579	0.002050746867
307580	0.001280096178
307581	0.0008182462132
307582	0.001351596817
307583	0.001011291953
307584	0.001340961776
307585	0.0009759867614
307586	0.001198271625
307587	0.001107974662
307588	0.001464336774
307589	0.001032823438
307590	0.001190576926
307591	0.003147850706
307592	0.001814873718
307593	0.002256478399
307594	0.0009395859801
307595	0.001186188586
307596	0.0008499863428
307597	0.0005723259446
307598	0.001001173536
307599	0.001828911147
307600	0.0009939187086
307601	0.001074765402
307602	0.001702987132
307603	0.001336125704
307604	0.001178187226
307605	0.0008548541465
307606	0.001544758664
307607	0.001021099462
307608	0.000857911
307609	0.001432266823
307610	0.002526674192
307611	0.0008349827648
307612	0.0007214034259
307613	0.001477643466
307614	0.001535595819
307615	0.0009828384604
307616	0.0009996409463
307617	0.001282674126
307618	0.001814220302
307619	0.0008044980299
307620	0.001675925506
307621	0.001258728257
307622	0.0007259277589
307623	0.001199493868
307624	0.001482327658
307625	0.0006669418298
307626	0.0009733801523
307627	0.0006803368181
307628	0.0006826633914
307629	0.001354371805
307630	0.00150751481
307631	0.0006834111268
307632	0.001029171303
307633	0.00031690949
307634	0.0007990572694
307635	0.001234368564
307636	0.0005294171669
307637	0.001242846924
307638	0.001165641889
307639	0.0009773663824
307640	0.003694433075
307641	0.001097679155
307642	0.001392517692
307643	0.001134606535
307644	0.0008857899557
307645	0.001103383636
307646	0.001340170933
307647	0.0002791711478
307648	0.001149181913
307649	0.0002382799186
307650	0.000670533857
307651	0.0008387214127
307652	0.0007339286193
307653	0.001331842677
307654	0.001051850061
307655	0.001457930307
307656	0.001009388627
307657	0.001157085771
307658	0.0008047651294
307659	0.0006847741603
307660	0.001214925053
307661	0.0009174380153
307662	0.0007922815923
307663	0.0008977728789
307664	0.001052193235
307665	0.0005919180941
307666	0.0005555812292
307667	0.0005369326695
307668	0.001237366342
307669	0.0002841904254
307670	0.001165424265
307671	0.0008646974544
307672	0.0008555187706
307673	0.001270012144
307674	0.001200582781
307675	0.001545026411
307676	0.001346622587
307677	0.001107896705
307678	0.0006942687137
307679	0.0005971468801
307680	0.001220560343
307681	0.001072702322
307682	0.001059726348
307683	0.001598156279
307684	0.0009719609024
307685	0.0009674954953
307686	0.001055077484
307687	0.001368310938
307688	0.0003908674671
307689	0.0008346717399
307690	0.00335653729
307691	0.001726751447
307692	0.008487513043
307693	0.00507648189
307694	0.001535062149
307695	0.001229108789
307696	0.002423377851
307697	0.002161230921
307698	6.376195312e-05
307699	0.002864189364
307700	0.0007101492746
307701	0.004680177147
307702	0.0001504134549
307703	0.001022179104
307704	0.001993616328
307705	0.002190764412
307706	0.001651434545
307707	0.0006085953051
307708	0.001186849641
307709	0.00458687473
307710	0.00687797598
307711	0.001770540188
307712	0.001791371689
307713	0.00280279272
307714	0.001230974942
307715	0.0008523281264
307716	0.001195354497
307717	0.0007696745254
307718	0.000759583422
307719	0.0008930221712
307720	0.001335418823
307721	0.001116348253
307722	0.001263344499
307723	0.000659993609
307724	0.00136656555
307725	0.0008250798534
307726	0.0009956788009
307727	0.001051438808
307728	0.001266686215
307729	0.0007158000898
307730	0.0009658027649
307731	0.001583221931
307732	0.0008250672919
307733	0.0006385798213
307734	0.0009643929125
307735	0.001077169565
307736	0.00113822576
307737	0.0008702268844
307738	0.0004625039981
307739	0.001146275284
307740	0.0007251601971
307741	0.001068384935
307742	0.0007962158659
307743	0.000978316723
307744	0.0008793678041
307745	0.001324189895
307746	0.0008442070459
307747	0.0008881167029
307748	0.001330786429
307749	0.0009275322795
307750	0.0006807306164
307751	0.0005256738697
307752	0.0009926920633
307753	0.0008713953779
307754	0.0007156731777
307755	0.0009247326764
307756	0.001008177201
307757	0.0006102144241
307758	0.0007758880063
307759	0.0005029846366
307760	0.0008223347365
307761	0.0006139707606
307762	0.001281141513
307763	0.001378363184
307764	0.0007378920051
307765	6.272139919e-05
307766	0.0009099597731
307767	0.0008356262322
307768	0.001158277375
307769	0.001055745292
307770	0.0007983731921
307771	0.0008644403669
307772	0.001039191311
307773	0.00144500282
307774	0.001284213807
307775	0.004880885467
307776	0.000952720652
307777	0.0009870226634
307778	0.0009793579409
307779	0.001171898223
307780	0.002629881687
307781	0.0008074978874
307782	0.001329299561
307783	0.0013359602
307784	0.001162112229
307785	0.001276458089
307786	0.001159781484
307787	0.0008892996737
307788	0.001107558931
307789	0.0009956231814
307790	0.001189789061
307791	0.0004789642121
307792	0.0009424815006
307793	0.0008249119421
307794	0.00101111958
307795	0.00103811741
307796	0.001088751978
307797	0.0009799976946
307798	0.001325478419
307799	0.0004606241655
307800	0.001201841406
307801	0.001666895408
307802	0.001052414864
307803	0.001166261384
307804	0.0009415216631
307805	0.002864608792
307806	0.002952379686
307807	0.003035377048
307808	0.003347395937
307809	0.006729833762
307810	0.005200332817
307811	0.002946507749
307812	0.003235738806
307813	0.003145574723
307814	0.001375180611
307815	0.002533321904
307816	0.003732272349
307817	0.00288525681
307818	0.005353310188
307819	0.005440142301
307820	0.005680843237
307821	0.00628383283
307822	0.000302112533
307823	0.0008298035972
307824	0.0003251063234
307825	0.000349791664
307826	0.004065394502
307827	0.000111915121
307828	0.0001112433693
307829	0.0001103815841
307830	0.0002509821935
307831	0.001512693653
307832	0.001494185107
307833	0.002170126856
307834	0.001797538867
307835	0.001921856655
307836	0.001469193657
307837	0.002227306164
307838	0.001361179369
307839	0.002205756859
307840	0.001009337102
307841	0.00245664276
307842	0.001550899243
307843	0.001260957136
307844	0.001398518751
307845	0.001069296897
307846	0.00243197707
307847	0.001376336143
307848	0.004414672012
307849	0.00175116386
307850	0.001875055383
307851	0.001924139588
307852	0.007613797522
307853	0.007467935579
307854	0.005600745289
307855	0.005896809404
307856	0.002329197862
307857	0.004582058023
307858	0.001175364361
307859	0.0001567633476
307860	0.002484155482
307861	0.006413774372
307862	0.01003483247
307863	0.004582774468
307864	0.00213907194
307865	0.0007776689982
307866	0.0004855456491
307867	0.004230255595
307868	0.0001161988304
307869	0.008616383379
307870	0.0003867348495
307871	0.004459258873
307872	0.003786315414
307873	0.005324048853
307874	0.00371145483
307875	0.00160760383
307876	0.001438592141
307877	0.002182598877
307878	0.002518332328
307879	0.002132097671
307880	0.002555074607
307881	0.003003376882
307882	0.003419759322
307883	0.003088925636
307884	0.002439891266
307885	0.004592349442
307886	0.002908133335
307887	0.003525816046
307888	0.00311735627
307889	0.00395548386
307890	0.002854375609
307891	0.002441378468
307892	0.003827293564
307893	0.002323054375
307894	0.002527646355
307895	0.003295795595
307896	0.00327609633
307897	0.001846863376
307898	0.00260229909
307899	0.004339772187
307900	0.003637021483
307901	0.0001874630655
307902	0.002989469949
307903	0.002790567699
307904	0.001994089797
307905	0.003003868903
307906	0.005686398526
307907	0.0007528319387
307908	6.364251093e-05
307909	0.001662493462
307910	0.0001460373414
307911	0.001292714265
307912	0.000239139478
307913	0.004534254201
307914	0.0007300753684
307915	0.001284166647
307916	0.002706737677
307917	0.000467113785
307918	0.002505158173
307919	0.005741422328
307920	0.0004923638228
307921	0.01112762932
307922	0.00178392131
307923	0.01146681153
307924	0.0001716114924
307925	0.007705211225
307926	0.004773747052
307927	0.002179743771
307928	0.005935309307
307929	0.004220480235
307930	0.01278238682
307931	0.001118048724
307932	0.005274624767
307933	0.0001891686028
307934	0.005647644906
307935	0.009225765118
307936	0.004102893074
307937	0.009326070164
307938	0.005708115022
307939	0.001059420991
307940	0.00643411757
307941	0.0002945294268
307942	0.01072543915
307943	0.02507809924
307944	0.005961479165
307945	0.005195485753
307946	0.0004986321476
307947	0.01665882018
307948	0.003285620099
307949	0.002599366959
307950	0.01084503392
307951	0.000550855899
307952	0.008708490755
307953	0.01111536033
307954	0.01670470992
307955	0.001927713797
307956	0.003436334452
307957	0.005848482976
307958	0.002775410403
307959	0.002540520387
307960	0.002622478345
307961	0.004422454473
307962	0.003727643379
307963	0.0004072748875
307964	0.001050218171
307965	0.005546372874
307966	0.002332719396
307967	0.01077729639
307968	0.0006768398176
307969	0.005527903863
307970	0.0009061938576
307971	0.002664703083
307972	0.001111667982
307973	0.001695507272
307974	0.0003829114012
307975	0.01118697912
307976	0.0007069714451
307977	0.006961870022
307978	0.0009729296016
307979	0.02465856711
307980	0.007194320084
307981	0.004827548126
307982	0.005118347286
307983	0.004157369437
307984	1.014616149e-06
307985	0.001592857354
307986	0.00181581673
307987	0.003631465732
307988	0.003372307035
307989	0.003793564708
307990	0.005606552141
307991	0.0004410113127
307992	0.006743733229
307993	0.005091703656
307994	0.003382537845
307995	0.001221840477
307996	0.0008220933467
307997	0.002518571687
307998	0.002201425127
307999	0.001411154138
308000	0.01675811217
308001	0.01086126526
308002	0.0002727903105
308003	0.01901182362
308004	0.001439087019
308005	0.001070304397
308006	0.007273493399
308007	0.0008735344271
308008	0.009904743569
308009	0.002576119174
308010	0.0003697190057
308011	0.009958952357
308012	0.00264212805
308013	0.001478546088
308014	0.003978056712
308015	0.001173037115
308016	0.005542421498
308017	0.0002697634082
308018	0.00378992624
308019	0.003186442602
308020	0.0007111278252
308021	0.001847187551
308022	0.005147930778
308023	0.001536748655
308024	0.002522664134
308025	0.001653653052
308026	0.002275496521
308027	0.0003581967216
308028	8.875064876e-05
308029	0.001700210569
308030	0.002150451021
308031	0.002762286291
308032	0.002575911652
308033	0.001001581584
308034	0.002737639151
308035	0.0003655767477
308036	0.0003492204343
308037	0.001311258262
308038	0.001354682774
308039	0.0004803345694
308040	0.0006751474878
308041	0.0006071179389
308042	0.001591374691
308043	0.000272879807
308044	0.0001951694391
308045	0.0007697911866
308046	0.0007489192687
308047	0.0006231742874
308048	0.0002014063224
308049	0.0001037363979
308050	0.0001128042632
308051	0.0008899245417
308052	0.0009091407083
308053	0.0001138333733
308054	0.000115581016
308055	0.0003709049596
308056	7.223979238e-05
308057	0.01126702017
308058	0.0007415620869
308059	3.304967973e-05
308060	0.003735473695
308061	0.005181106723
308062	0.0001824566563
308063	0.001290564464
308064	0.001368934065
308065	0.00314569654
308066	0.004403528556
308067	0.007408744278
308068	0.0004249642556
308069	0.001543050942
308070	0.0008341108983
308071	0.001389108686
308072	0.01378429888
308073	0.009274342145
308074	0.0007230213888
308075	0.0005822808136
308076	0.00170612866
308077	0.002801882318
308078	0.00112348889
308079	0.0004836901242
308080	0.006979596978
308081	0.006134539009
308082	0.001225199038
308083	0.004717071902
308084	0.008021262288
308085	0.003958884859
308086	0.006926289991
308087	0.002219893771
308088	0.002952671811
308089	0.003264355745
308090	0
308091	0.008887070221
308092	0.002112739336
308093	0.004404673086
308094	0.0005868918835
308095	0.0003918811571
308096	0.001112925792
308097	8.821485542e-05
308098	0.003318432057
308099	0.007476141157
308100	0.0145274349
308101	0.002554767603
308102	0.003563017798
308103	0.006454155427
308104	0.007166668393
308105	0.002192640202
308106	0.008696713128
308107	0.00841593834
308108	0.005668184805
308109	0.0005315439058
308110	0.002120054652
308111	0.001129918358
308112	0.002575851159
308113	0.007188254602
308114	0.00833214526
308115	0.008652377835
308116	0.005271503262
308117	0.0002585001532
308118	0.004082561729
308119	0.0057816407
308120	0.002602926699
308121	0.006217929062
308122	0.002291315738
308123	8.407429591e-05
308124	0.007183781086
308125	0.01056805351
308126	0.01018271889
308127	0.000236696458
308128	0.004906370677
308129	0.003644429068
308130	0.0007715707066
308131	0.002041961677
308132	0.006908545495
308133	0.004761495493
308134	0.01186985639
308135	0.001855142221
308136	0.0009045432845
308137	2.463294013e-05
308138	0.004383383364
308139	0.008107373364
308140	0.0005581576087
308141	0.001550471667
308142	0.003427860929
308143	0.001492019892
308144	0.006028542565
308145	0.003065576391
308146	0.0003172875027
308147	0.002797257508
308148	0.0009887807777
308149	0.004910966534
308150	0.009229900239
308151	0.001340363296
308152	0.003463439313
308153	0.0028946068
308154	0.004036029264
308155	0.001847863996
308156	0.003003119539
308157	0.002504384811
308158	0.01072323574
308159	0.0001266797891
308160	0.006541177367
308161	0.002669093113
308162	0.002513532704
308163	0.008475230685
308164	0.01347671965
308165	0.01098472288
308166	0.009120518004
308167	0.005053690871
308168	0.0001501131159
308169	0.006760001967
308170	0.0005924900361
308171	0.001285943648
308172	0.00469309165
308173	0.002831305732
308174	0.007084508631
308175	0.005079727982
308176	0.0001407703228
308177	0.009563930027
308178	0.002930452863
308179	0.009609828074
308180	3.84423173e-08
308181	0.001507338453
308182	0.0008925123831
308183	0.002537837813
308184	0.006048643108
308185	0.001224362463
308186	0.006556434599
308187	0.0009204760658
308188	0.004036651651
308189	0.0007712293767
308190	0.0004243393966
308191	0.01102538053
308192	0.001937351754
308193	0.002942635639
308194	0.00360396045
308195	0.007763784552
308196	0.01382344963
308197	0.01358020871
308198	0.005504454622
308199	0.002891547604
308200	0.0005146275084
308201	0.005974134629
308202	0.01947466881
308203	0.0006100450737
308204	9.428385699e-05
308205	0.0005886910685
308206	0.0007149093558
308207	0.003562472924
308208	0.004940133113
308209	0.007032801531
308210	0.007360227588
308211	0.002726758167
308212	0.001260694347
308213	0.003348710679
308214	0.003509414072
308215	0.002119400184
308216	0.002680732412
308217	0.0008427155842
308218	0.003294910703
308219	0.002302005132
308220	0.002135785794
308221	0.0005480324432
308222	0.000782753639
308223	0.002995447243
308224	0.004175623336
308225	0.0003162903475
308226	0.001048893517
308227	0.002812276915
308228	0.001531977402
308229	0.002703791562
308230	0.001974263736
308231	0.00156949632
308232	0.001440448636
308233	0.001942312131
308234	0.001680788576
308235	0.002652563714
308236	0.002246849736
308237	0.001278244866
308238	0.0005045337501
308239	0.002913842896
308240	0.002260835481
308241	0.001857032258
308242	0.004116861752
308243	0.0008168147017
308244	0.0005903080833
308245	0.001162458335
308246	0.0006997640853
308247	0.001057457875
308248	0.001043158151
308249	1.842027704e-08
308250	0.0008165872019
308251	0.002617011537
308252	0.004233207356
308253	0.005444298068
308254	0.004872913344
308255	0.00267097612
308256	0.007754393804
308257	0.001024444261
308258	0.005279908424
308259	0.00712522085
308260	0.01282944169
308261	0.003482241445
308262	0.005581116385
308263	0.007054842604
308264	0.005597958984
308265	0.004780480383
308266	0.005524042537
308267	0.006188627224
308268	0.004798337061
308269	0.005149772232
308270	0.004607769079
308271	0.005132755354
308272	0.004153274649
308273	0.005027361903
308274	0.005395988398
308275	0.005239402143
308276	0.006210918385
308277	0.008955063095
308278	0.005509109598
308279	0.01494844299
308280	0.005870406015
308281	0.006173584254
308282	0.006563175169
308283	0.0061481067
308284	0.002862824671
308285	0.005545148025
308286	0.005691858794
308287	0.004583345491
308288	0.005127735099
308289	0.009862291632
308290	0.004300941983
308291	0.005167207601
308292	0.005351663739
308293	0.005416939324
308294	0.009779974018
308295	0.005653112311
308296	0.005819279865
308297	0.005800081998
308298	0.006645256701
308299	0.005238517156
308300	0.005520451696
308301	0.006106447288
308302	0.005036260873
308303	0.005469778492
308304	0.005152429816
308305	0.005229956494
308306	0.005938292958
308307	0.005506989137
308308	0.005630660799
308309	0.005582653306
308310	0.005047384265
308311	0.008383570521
308312	0.000448192995
308313	0.005340573622
308314	0.00148649716
308315	0.004900616344
308316	0.004507887922
308317	0.005164503002
308318	0.001692316447
308319	0.003187242461
308320	0.005170121756
308321	0.005562290855
308322	0.005261036619
308323	0.005296887927
308324	0.006085985108
308325	0.004552055155
308326	0.006814349612
308327	0.005527982134
308328	0.005447306877
308329	0.005366941835
308330	0.004797410119
308331	0.003189334182
308332	0.005340329692
308333	0.006575889329
308334	0.005283085524
308335	0.004092775837
308336	0.00271306295
308337	0.01106907872
308338	0.007138798596
308339	0.007667686003
308340	0.005174415427
308341	0.005712767788
308342	0.004685055755
308343	0.007854565533
308344	0.006909488641
308345	0.0009248016245
308346	0.004140768379
308347	0.00580023575
308348	0.004466198672
308349	0.00397442448
308350	0.009704366477
308351	0.005673669872
308352	0.005721222289
308353	0.003794214911
308354	0.007911964372
308355	0.002955037322
308356	0.005274367409
308357	0.0004392554308
308358	0.008899541773
308359	0.006064611005
308360	0.004464837153
308361	0.005061506444
308362	0.00542667373
308363	0.007453017681
308364	0.006283527009
308365	0.006039544332
308366	0.008648149735
308367	0.01331084861
308368	0.005293898042
308369	0.005889293557
308370	0.004716599469
308371	0.0008147283635
308372	0.005264667169
308373	0.00510093335
308374	0.007539250673
308375	0.005248313967
308376	0.0002122489173
308377	0.005487869976
308378	0.004529924375
308379	0.006149214501
308380	0.004673270275
308381	0.0123186299
308382	0.003378561517
308383	0.006478781931
308384	0.003707407209
308385	0.00586972373
308386	0.004217426493
308387	3.541211388e-05
308388	0.0002145051653
308389	0.01234248648
308390	0.005476498724
308391	0.006306392322
308392	0.005295047451
308393	0.005180994432
308394	0.005811718447
308395	0.006410328263
308396	0.009038028367
308397	0.004895965491
308398	0.004470199309
308399	0.009957451134
308400	0.01175562835
308401	0.007392023961
308402	0.005575940021
308403	0.01105343124
308404	0.006160244003
308405	0.008571380937
308406	0.001395429656
308407	0.002514704491
308408	0.004718858349
308409	0.007598489854
308410	0.003910526188
308411	0.005435713535
308412	0.00149890317
308413	0.002582574149
308414	0.005765717184
308415	0.001059486886
308416	0.004559334392
308417	0.005483554231
308418	0.002625162976
308419	0.001401390543
308420	0.003729060703
308421	0.004545808852
308422	0.00541301673
308423	0.006194633701
308424	0.0075814409
308425	0.005079857965
308426	0.005814367589
308427	0.004085285991
308428	0.01283160676
308429	0.00457558877
308430	0.007895643382
308431	0.006111489245
308432	0.005698626908
308433	0.006048083896
308434	0.004979967328
308435	0.005717371232
308436	0.001258437093
308437	0.005456841476
308438	0.005030445448
308439	0.005118757761
308440	0.005511137676
308441	0.007495341927
308442	0.008815436302
308443	0.006229046811
308444	0.0009717931627
308445	0.00646527471
308446	0.004033545911
308447	0.007105340122
308448	0.00552063879
308449	0.005158019731
308450	0.005375571237
308451	0.001841869213
308452	0.003624460675
308453	0.004010479246
308454	0.005878246967
308455	0.007539310721
308456	0.006128943699
308457	0.004636673488
308458	0.005297024396
308459	0.008035296573
308460	0.003416312619
308461	0.005969326034
308462	0.004949631653
308463	0.00504245501
308464	0.005543513919
308465	0.004936267777
308466	0.007393619311
308467	0.005685607321
308468	0.01121078314
308469	0.005644868545
308470	0.005804989467
308471	0.005720044219
308472	0.004497697003
308473	0.00397381625
308474	0.004078242614
308475	0.005632980244
308476	0.004130467391
308477	0.00538495259
308478	0.01002213419
308479	0.004616574198
308480	0.004819072231
308481	0.006185168742
308482	0.005937094663
308483	0.004727902896
308484	0.004481709205
308485	0.0101251261
308486	0.007252686322
308487	0.007621336547
308488	0.006135608742
308489	0.006029531845
308490	0.007168876185
308491	0.008596539683
308492	0.01236188361
308493	0.00392643239
308494	0.005092438084
308495	0.00431227912
308496	0.006016650421
308497	0.005606353825
308498	0.004404966458
308499	0.00808059812
308500	0.003237719396
308501	0.003789020948
308502	0.004866284445
308503	0.005195254283
308504	0.006823676262
308505	0.005062271525
308506	0.004325295985
308507	0.008170519275
308508	0.006060029208
308509	0.009107079111
308510	0.004495075878
308511	0.005941133998
308512	0.004281238267
308513	0.005088611729
308514	0.004928244784
308515	0.005326606925
308516	0.006082339124
308517	0.004504815528
308518	0.004009573457
308519	0.005367211939
308520	0.004558923982
308521	0.006363491617
308522	0.006237456704
308523	0.004070058339
308524	0.006443748844
308525	0.006229658524
308526	0.004852697945
308527	0.004259937804
308528	0.005260201782
308529	0.005955385914
308530	0.003980554745
308531	0.004593572098
308532	0.005577914621
308533	0.008634128857
308534	0.008053839281
308535	0.00585710544
308536	0.01841106623
308537	0.006387612054
308538	0.005138784369
308539	0.004969042859
308540	0.006008469068
308541	0.0103912112
308542	0.002096419715
308543	0.004519742304
308544	0.006313320482
308545	0.005376565763
308546	0.005334860415
308547	0.00512066941
308548	0.004837276994
308549	0.006043632242
308550	0.004445699719
308551	0.006374606732
308552	0.00559067204
308553	0.004598588922
308554	0.005508276451
308555	0.004572167397
308556	0.003518138339
308557	0.005286709657
308558	0.005315353102
308559	0.006212962266
308560	0.006226719693
308561	0.004973977594
308562	0.003959994623
308563	0.005390970797
308564	0.007324173916
308565	0.005646801181
308566	0.005459125063
308567	0.006492942513
308568	0.004617751192
308569	0.006225158743
308570	0.005574787967
308571	0.006837747439
308572	0.003204725374
308573	0.005272488828
308574	0.004623831562
308575	0.005386264045
308576	0.002830479986
308577	0.003637316671
308578	0.001739155828
308579	0.00472116703
308580	0.006399456867
308581	0.006191095564
308582	0.004127692655
308583	0.003076424948
308584	0.004350865557
308585	0.00400522351
308586	0.005659989358
308587	0.006726269403
308588	0.00221587576
308589	0.00526363743
308590	0.003422841094
308591	0.00535632078
308592	0.006007389132
308593	0.005300882048
308594	0.004406435254
308595	0.006314397238
308596	0.004753523712
308597	0.006336873628
308598	0.005598281106
308599	0.001046087994
308600	0.008413889316
308601	0.006174227895
308602	0.002630026483
308603	0.007182073855
308604	0.005642640008
308605	0.005092390819
308606	0.005845578822
308607	0.005507104717
308608	0.005112477093
308609	0.0071457335
308610	0.003163191725
308611	0.006200548364
308612	0.006179871013
308613	0.01673781944
308614	0.005902351502
308615	0.005695261381
308616	0.006001751132
308617	0.0009951199116
308618	0.005828132232
308619	0.005652236415
308620	0.00548245091
308621	0.004580986623
308622	0.005567011695
308623	0.01115622629
308624	0.006487056663
308625	0.003189558402
308626	0.005337433021
308627	0.005388681659
308628	0.00550790344
308629	0.0008888930649
308630	0.003688201944
308631	0.00496355096
308632	0.00640854335
308633	0.006224106516
308634	0.004076007488
308635	0.0143441166
308636	0.005898409289
308637	0.005108135559
308638	0.003826084355
308639	0.003553029474
308640	0.005344150499
308641	0.003399630566
308642	0.004818327109
308643	0.01027376781
308644	0.006532456972
308645	0.00495112981
308646	0.007914102131
308647	0.005550864682
308648	0.004260959151
308649	0.007254290646
308650	0.00589299228
308651	0.006153602876
308652	0.00411325868
308653	0.004422508867
308654	0.005339558746
308655	0.005204794399
308656	0.005420898891
308657	0.006744596388
308658	0.004242641049
308659	0.004699458231
308660	0.005342980893
308661	0.005903746716
308662	0.006812532971
308663	0.004762585342
308664	0.001387645624
308665	0.006446718868
308666	0.003870192223
308667	0.00371445729
308668	0.005689141653
308669	0.005635793712
308670	0.006665713174
308671	0.005159405115
308672	0.007287314718
308673	0.003902514552
308674	0.003385053936
308675	0.005361293587
308676	0.005458598823
308677	0.009951163837
308678	0.00582072298
308679	0.00423219505
308680	0.006403376778
308681	0.006502693534
308682	0.002388090865
308683	0.006214527013
308684	0.005603771709
308685	0.006090928493
308686	0.006203442659
308687	0.005732260234
308688	0.005368088424
308689	0.00647370022
308690	0.005323197326
308691	0.004878762372
308692	0.00155058411
308693	0.002680321775
308694	0.005445124491
308695	0.004393110604
308696	0.007131925765
308697	0.004042247782
308698	0.005663631341
308699	0.006184046921
308700	0.005499113473
308701	0.001694680739
308702	0.003960658657
308703	0.00583731582
308704	0.004752454299
308705	0.005420030883
308706	0.004580488378
308707	0.006311084937
308708	0.004921980116
308709	0.004107638973
308710	0.006001889386
308711	0.006587575176
308712	0.008543752281
308713	0.003964925281
308714	0.004504247609
308715	0.004446415883
308716	0.004122848613
308717	0.004361331171
308718	0.008439612457
308719	0.004750513586
308720	0.006495915577
308721	0.0058805889
308722	0.005593847601
308723	0.005964189214
308724	0.004229185725
308725	0.004367553618
308726	0.004148326024
308727	0.004772174769
308728	0.006206025751
308729	0.02023724856
308730	0.005211769578
308731	0.007159065048
308732	0.005647026017
308733	0.006352487338
308734	0.006031820042
308735	0.005972005688
308736	0.002617016089
308737	0.004172378381
308738	0.004990398545
308739	0.01005279659
308740	0.005520583847
308741	0.007003623456
308742	0.005365989796
308743	0.004014385077
308744	0.009028419537
308745	0.004977899815
308746	0.004177945846
308747	0.001664379892
308748	0.002015331281
308749	0.004366602695
308750	0.005122318702
308751	0.003733485504
308752	0.00563018997
308753	0.006730493804
308754	0.004078472018
308755	0.01116737869
308756	0.005903567999
308757	0.007924497404
308758	0.004910989291
308759	0.002199907516
308760	0.003990761715
308761	0.006227449781
308762	0.01105161876
308763	0.004126991817
308764	0.005933663985
308765	0.004454129311
308766	0.00961652807
308767	0.006490385613
308768	0.00608792478
308769	0.005422094582
308770	0.005292873373
308771	0.003367760313
308772	0.005460279093
308773	0.005840391439
308774	0.00503275446
308775	0.003402308992
308776	0.005905389406
308777	0.005545728007
308778	0.01027608497
308779	0.01071504681
308780	0.005750834439
308781	0.004687171961
308782	0.004026523169
308783	0.009906955556
308784	0.007654602588
308785	0.004887011493
308786	0.004609158068
308787	0.005575448483
308788	0.005174772534
308789	0.007744848657
308790	0.007183015431
308791	0.005799529265
308792	0.005983716843
308793	0.006610094008
308794	0.004833609198
308795	0.0006420794681
308796	0.006254130816
308797	0.008139415092
308798	0.01265865355
308799	0.002509640801
308800	0.005261712346
308801	0.005599147153
308802	0.009273867806
308803	0.005493488413
308804	0.01375894171
308805	0.005352152038
308806	0.004140484321
308807	0.006142135989
308808	0.003604404144
308809	0.004732086821
308810	0.01392374233
308811	0.005920460042
308812	0.005037753395
308813	0.005196743539
308814	0.006615936586
308815	0.007630408659
308816	0.004833404592
308817	0.005102447722
308818	0.00511001422
308819	0.006402209699
308820	0.004594778115
308821	0.004703931764
308822	0.01383339015
308823	0.005556033606
308824	0.005255003273
308825	0.00482871766
308826	0.003160928801
308827	0.007743223837
308828	0.003803258747
308829	0.01177259959
308830	0.01744093727
308831	0.007833171818
308832	0.007464176282
308833	0.005715414743
308834	0.009378118144
308835	0.007470688149
308836	0.003179815843
308837	0.001876033687
308838	0.001363453641
308839	0.005267390652
308840	0.006043247298
308841	0.008698321603
308842	0.004643253679
308843	0.004103633645
308844	0.002939596218
308845	0.006589809422
308846	0.003763379304
308847	0.006610544076
308848	0.00897998843
308849	0.009557272337
308850	0.006525953916
308851	0.002829130595
308852	0.01688816022
308853	0.003028171885
308854	0.005474102341
308855	0.01172486562
308856	0.01036491574
308857	0.007747561443
308858	0.004988762412
308859	0.003720578026
308860	0.008748479119
308861	0.00133385016
308862	0.007997963606
308863	0.0004013373985
308864	0.000980229029
308865	0.001884468819
308866	0.00785773846
308867	0.007163532158
308868	0.0007483441136
308869	0.0003900919343
308870	0.0006107947085
308871	0.006836388066
308872	0.009543246303
308873	0.0003905287114
308874	0.008032889394
308875	0.005630882562
308876	0.0004139950073
308877	0.004597080229
308878	0.003038428009
308879	0.004588479169
308880	0.002796334953
308881	0.002746249155
308882	0
308883	0.005271533594
308884	0.0002709713532
308885	0.004720930448
308886	0.0006846890216
308887	0.00148079016
308888	0.001333814688
308889	0.001774587958
308890	0.002136834354
308891	0.0005588716869
308892	0.001882430766
308893	0.000572398872
308894	0.001890843368
308895	0.003392229842
308896	0.002710522073
308897	0.006783374597
308898	0.0005551249074
308899	0.003931859355
308900	0.003824017047
308901	0.0003633148964
308902	0.004272106664
308903	0.001783982078
308904	0.001241071479
308905	0.002576194747
308906	0.001262064483
308907	0.0009602021149
308908	0.006009299708
308909	0.003817776088
308910	0.0007029244609
308911	0.002609262019
308912	0.0009074495181
308913	0.001689606308
308914	2.478435429e-07
308915	0.005869466869
308916	0.001592359448
308917	0.01042073248
308918	0.00110288478
308919	0.005972537664
308920	0.003866818081
308921	0.0007828962459
308922	0.004068633076
308923	0.004429206094
308924	0.001498420093
308925	0.0008847404714
308926	0.006093247508
308927	0.0003256216191
308928	0.001972484919
308929	0.0007621310239
308930	0.002367416706
308931	0.0005685659284
308932	0.006108512374
308933	9.429725495e-05
308934	0.0007097456056
308935	0.0002370764599
308936	0.008169297331
308937	0.007789775773
308938	0.007319722817
308939	0.0130460319
308940	0.002672433757
308941	0.006388598943
308942	0.001264233144
308943	0.0002046981032
308944	0.01058807662
308945	0.008048832327
308946	0.002729990725
308947	0.002121925143
308948	0.007605809594
308949	0.004131975609
308950	0.009679575679
308951	0.002231815816
308952	0.006543779655
308953	0.002241343357
308954	0.008200514314
308955	0.007560240299
308956	0.005396016698
308957	0.001021478773
308958	0.002270174737
308959	0.00150750458
308960	0.01317003992
308961	0.001342699097
308962	0.0008717951854
308963	0.006831197523
308964	0.00240106174
308965	0.0005026429762
308966	0.003608019533
308967	0.008497562575
308968	0.0002040883323
308969	6.301282677e-05
308970	0.001063855768
308971	0.01036282344
308972	0.005844679551
308973	0.001476828621
308974	0.0003014653664
308975	0.0004247446087
308976	0.003491351736
308977	0.0007686253119
308978	0.001448900957
308979	0.009850567904
308980	0.0133148335
308981	0.004676498304
308982	0.007971541335
308983	0.0007477793241
308984	0.002675359732
308985	0.002494328514
308986	0.003716597674
308987	0.005981620552
308988	0.00313281027
308989	0.0007221951617
308990	0.0008531849524
308991	0.0003517444645
308992	0.0148689481
308993	0.001205867984
308994	0.004133692186
308995	0.004112036974
308996	0.004284669877
308997	0.004992947199
308998	0.003040332776
308999	0.001667778843
309000	0.001980256048
309001	0.002902272447
309002	0.001755632454
309003	0.004139999694
309004	0.0004895485224
309005	0.006702886602
309006	0.01288233841
309007	0.006908600398
309008	0.00126422698
309009	0.0009856175018
309010	0.0005491133285
309011	0.001802397987
309012	0.005590613578
309013	0.00171679912
309014	0.0005073315202
309015	0.003891186793
309016	0.008192133279
309017	0.001054261141
309018	6.412722976e-05
309019	3.319933514e-05
309020	0.007818476071
309021	0.004823858412
309022	0.001284543616
309023	0.00442664582
309024	0.0107334967
309025	0.001463148059
309026	0.003054813117
309027	0.001725666093
309028	0.0007263955981
309029	0.0005032049957
309030	0.001618505171
309031	0.003696675775
309032	0.005890188032
309033	0.003912320561
309034	0.001475366662
309035	0.005306514676
309036	0.007996534906
309037	0.001239793683
309038	0.001869871302
309039	0.0003762072015
309040	0.002910144319
309041	0.001546934478
309042	0.01417729649
309043	0.004379056628
309044	0.003369035267
309045	0.0001502812959
309046	0.011065331
309047	0.001688140088
309048	0.008631117008
309049	0.006756730521
309050	0.008582545694
309051	0.001693577442
309052	0.00120064032
309053	0.0005905241297
309054	0.01262652263
309055	0.0005448205274
309056	0.008772444749
309057	0.0018957837
309058	0.004281722841
309059	0.003554223521
309060	0.001554955206
309061	0.001343180892
309062	0.0005685252216
309063	0.001842673148
309064	0.00305463472
309065	0.0007723351273
309066	0.0006884089999
309067	0.0002065080664
309068	0.01356732261
309069	8.963436586e-05
309070	0.001352761139
309071	0.003959883068
309072	0.002744008076
309073	0.004420837845
309074	0.009028360424
309075	0.003072391238
309076	0.008310528659
309077	0.009179033643
309078	0.0004875124463
309079	0.003653057138
309080	0.006528487699
309081	0.0007104458415
309082	0.00848882584
309083	0.007978129059
309084	0.003378442658
309085	0.001608783612
309086	0.0002100497493
309087	0.000998721643
309088	0.001097032133
309089	0.0004683774516
309090	0.005269895921
309091	0.0001288172578
309092	0.002589875284
309093	0.0003719978289
309094	0.008979912003
309095	0.009500568718
309096	0.00341652076
309097	0.005224488615
309098	0.003270014
309099	0.0005891696475
309100	0.00127200711
309101	0.0008588864581
309102	0.002016385642
309103	0.002125699437
309104	0.001728488823
309105	0.004852649995
309106	0.002250327264
309107	0.0007911522311
309108	0.0004563792599
309109	0.003585711398
309110	7.99787245e-05
309111	0.002266526164
309112	0.003548433554
309113	0.00115808282
309114	0.001946325242
309115	0.007431173376
309116	0.0007640855392
309117	0.0009786956615
309118	0.001385008059
309119	0.001284420566
309120	0.001151745121
309121	0.001211765836
309122	0.0003485656734
309123	0.005880831437
309124	0.000188661888
309125	0.001360020379
309126	0.003397989324
309127	0.001343455157
309128	0.000148322172
309129	0.00207208752
309130	0.000166871275
309131	0.004237659435
309132	0.005811408899
309133	0.001478384778
309134	4.602177714e-05
309135	0.0002791002224
309136	0.003384910602
309137	0.0009869371811
309138	0.006587266252
309139	0.009535592288
309140	0.0004216901082
309141	0.005055361894
309142	0.006315527036
309143	0.001727458286
309144	0.003120305768
309145	0.009312049741
309146	0.000454379603
309147	0.0007853628851
309148	0.01293954144
309149	0.004016518396
309150	0.006980824378
309151	0.002210087537
309152	0.001387596911
309153	0.006526889962
309154	0.003550344154
309155	0.007328150028
309156	0.007944159027
309157	0.008561297858
309158	0.00232267727
309159	0.00683359191
309160	0.0003299374098
309161	0.01312977761
309162	0.003733471478
309163	0.001063391441
309164	0.00858556475
309165	0.001945947448
309166	0.007978454489
309167	0.009265397465
309168	0.001272708013
309169	0.0001051421652
309170	0.0008136098311
309171	0.0004469938941
309172	0.001196732598
309173	0.001365621582
309174	0.001627703307
309175	0.001164757646
309176	0.001643304999
309177	0.000817253081
309178	0.0002892508003
309179	0.02696964063
309180	0.01324029185
309181	0.001468158031
309182	0.001289770854
309183	0.0103735011
309184	0.008146569767
309185	0.001029759637
309186	0.008124111011
309187	0.006671524902
309188	0.007135295767
309189	0.01403361505
309190	0.00411062527
309191	0.009547910625
309192	0.001742460876
309193	0.0006732615016
309194	0.004700944997
309195	0.009098576666
309196	0.0006906004977
309197	0.003260678135
309198	0.002158638593
309199	0.01589872633
309200	0.0004946350628
309201	0.02684228327
309202	0.002247809188
309203	0.003810666905
309204	0.003905684106
309205	0.003424948887
309206	0.004004680592
309207	0.004054449172
309208	0.0004768580822
309209	0.007838791072
309210	0.008569837577
309211	0.003841241093
309212	0.004623152109
309213	0.007015680863
309214	0.001767909863
309215	0.004816521631
309216	0.005572199684
309217	0.005025139355
309218	0.0008526332449
309219	0.004712835116
309220	0.005061112352
309221	0.01023388191
309222	3.903095626e-05
309223	0.005917020839
309224	0.003244397054
309225	0.01202564093
309226	0.002608052261
309227	0.001580336974
309228	0.004376083937
309229	0.008438885571
309230	0.006838189323
309231	0.006256594071
309232	0.001886909555
309233	0.01881359409
309234	1.91315044e-06
309235	0.0003184892304
309236	0.005152427162
309237	0.0002091692092
309238	0.002062357566
309239	0.003190792589
309240	0.004323094447
309241	0.008396320635
309242	0.0001580094183
309243	0.000607815421
309244	0.002762747142
309245	0.003827084013
309246	0.006315464185
309247	0.008070872704
309248	0.006524518984
309249	0.001169013595
309250	0.006188794252
309251	0.003627522342
309252	0.009895266027
309253	0.001783873437
309254	0.004752332395
309255	0.001414959849
309256	0.007895453267
309257	0.007585306847
309258	0.001673916368
309259	0.004810269861
309260	0.0004070828286
309261	0.001118491721
309262	0.001246523745
309263	0.0004750367234
309264	0.0001979547624
309265	0.0005015502849
309266	0.001920366382
309267	0.001609204708
309268	0.001795427018
309269	1.245978985e-05
309270	0.0002343889007
309271	4.114732501e-06
309272	0.0001118650074
309273	0.0001056106444
309274	0.0001126716646
309275	9.56462488e-06
309276	0.0001936860361
309277	0.0001782224943
309278	0.002842916993
309279	0.00728423586
309280	0.005606326356
309281	0.002405334455
309282	0.0006243027782
309283	0.001050999972
309284	0.001447552521
309285	0.000509886709
309286	0.002301060719
309287	0.0012461999
309288	0.00103638274
309289	0.001562732679
309290	0.003538370795
309291	0.008770832641
309292	0.003960861376
309293	0.002615270261
309294	0.004058427322
309295	0.003420388975
309296	0.00751505344
309297	0.005530694565
309298	0.0005705615025
309299	0.008057354144
309300	0.0007316021146
309301	0.006867717823
309302	0.001750613529
309303	0.002718404121
309304	0.00696166118
309305	0.002025350987
309306	0.003758035917
309307	0.002721921989
309308	0.003223117678
309309	0.0002924210149
309310	0.006374903382
309311	0.002569347355
309312	0.004004695818
309313	0.002410446098
309314	0.0001849494344
309315	0.003946473115
309316	0.004228488425
309317	0.003336511074
309318	0.001414946295
309319	0.0007196077208
309320	0.0003677903009
309321	0.0006316232479
309322	0.0007158869302
309323	0.001246230856
309324	0.001245219736
309325	0.002156052797
309326	0.0009363634867
309327	0.002976229352
309328	0.000162049551
309329	0.002449448131
309330	0.001045221139
309331	0.002313386024
309332	0.004194400716
309333	0.001038703003
309334	0.00210313492
309335	0.001453222269
309336	0.002239507647
309337	0.002003550651
309338	0.000371244861
309339	0.002676887339
309340	0.0005047401233
309341	0.001092866515
309342	0.0006724905878
309343	0.002751857234
309344	0.004357444528
309345	0.002767632245
309346	0.002461915156
309347	0.0006501909409
309348	0.001412122223
309349	0.005995625327
309350	0.004765930909
309351	0.0008608812307
309352	0.001911774271
309353	0.002915258186
309354	0.002851363104
309355	0.00084822741
309356	0.001619543374
309357	0.001315727093
309358	0.001694251729
309359	0.003198117653
309360	0.0005477899428
309361	0.0004685439033
309362	0.001366437073
309363	0.003335000177
309364	0.000112505317
309365	0.00118910126
309366	0.0002452273553
309367	0.003992961328
309368	0.00117369966
309369	0.001839368314
309370	0.001571222473
309371	0.002620497892
309372	0.001881705929
309373	0.000377597073
309374	0.0004409587812
309375	8.186789796e-09
309376	0.002793550184
309377	0.0001913664246
309378	0.0003955714014
309379	0.0001470569916
309380	0.001129718734
309381	0.003119827592
309382	0.003545222856
309383	0.001736322116
309384	0.00393780834
309385	0.0004983217701
309386	0.00191347168
309387	0.000290405809
309388	0.0001146829389
309389	0.0001005755963
309390	0.00294697369
309391	0.006156472573
309392	0.003462964825
309393	0.002914272185
309394	0.004349799466
309395	0.009072658017
309396	0.001941248391
309397	0.002831204703
309398	0.006476403278
309399	0.003862935919
309400	0.001806417032
309401	0.004473432682
309402	0.003119326387
309403	0.003313906141
309404	0.002665027292
309405	0.0006825044611
309406	0.003296258369
309407	0.004097730867
309408	0.003070060903
309409	0.004473760887
309410	0.009967964017
309411	0.006851490802
309412	0.003240612161
309413	0.01373987605
309414	0.002704247534
309415	0.005786826589
309416	0.003020857312
309417	0.001196061597
309418	0.0002515308529
309419	0.004655493911
309420	0.001875815851
309421	0.002162791388
309422	0.0007885983469
309423	8.374588509e-05
309424	0.003063999006
309425	0.0009117201474
309426	0.0007567980745
309427	0.003359642248
309428	0
309429	0.0003020061213
309430	0.002863834997
309431	0.004456330559
309432	0.006142385328
309433	0.001380546171
309434	0.0008195955295
309435	0.001305239303
309436	0.003008724565
309437	0.001575991638
309438	0.003378056675
309439	0.003020071236
309440	0.0016091786
309441	0.001238529139
309442	0.0003037422065
309443	0.001187956864
309444	0.001382925234
309445	0.0001438706427
309446	0.002590885374
309447	0.002899665017
309448	0.00282663007
309449	0.000314792541
309450	0.0007497130273
309451	0.001461132909
309452	0.003791525896
309453	0.001457428221
309454	0.0003297925233
309455	0.002408515094
309456	0.001630228639
309457	0.001473001444
309458	0.0009998860911
309459	0.002007114913
309460	0.0005146074756
309461	0.001219851615
309462	0.002230297042
309463	0.003176075741
309464	0.004801356767
309465	0.001620226662
309466	0.0009061471795
309467	0.004874572717
309468	0.0003094025324
309469	0.00280127746
309470	0.001992282821
309471	9.255660677e-05
309472	0.002975917472
309473	0.001670962133
309474	0.001294169695
309475	0.005599288752
309476	0.0009316362588
309477	0.001098675355
309478	0.002824993978
309479	0.0002429576641
309480	0.002222402522
309481	0.004063429672
309482	0.002034251776
309483	0.002764437467
309484	0.0005792134143
309485	0.001594224483
309486	0.001597107247
309487	0.0002784325404
309488	0.003187434826
309489	0.0007420450262
309490	0.0007012930017
309491	0.006613460924
309492	0.002309488265
309493	0.0005043437216
309494	0.005514916626
309495	0.002624169296
309496	0.001024864043
309497	0.001086944535
309498	0.001004023591
309499	0.00241012284
309500	0.005201587796
309501	0.0001949824885
309502	0.001878929718
309503	0.003789761455
309504	0.0001472340251
309505	0.003224777673
309506	0.004372009237
309507	0.002812493772
309508	0.003403702767
309509	0.0004812115601
309510	0.001835432528
309511	0.002783375401
309512	0.001395235127
309513	0.004419149072
309514	0.007490811894
309515	0.001202033807
309516	7.632549778e-06
309517	0.003787602492
309518	0.002099910889
309519	0.0005632428472
309520	0.004860162525
309521	0.006367928469
309522	0.002058675677
309523	0.004833554008
309524	0.005268430947
309525	0.005430194643
309526	0.0007566942422
309527	0.001780902661
309528	0.0008516883526
309529	0.001274956115
309530	0.003161471625
309531	0.002695436382
309532	0.0007278060407
309533	0.001109802852
309534	0.004256562421
309535	4.592928175e-07
309536	0.008363619352
309537	0.001632912624
309538	0.000235042661
309539	0.000822057854
309540	0.005577723956
309541	0.00316531476
309542	0.001312006927
309543	1.991916038e-06
309544	1.65856846e-05
309545	1.88172602e-06
309546	8.668407218e-06
309547	8.265978515e-06
309548	1.440343513e-05
309549	1.372625521e-05
309550	1.950200314e-05
309551	1.376947412e-05
309552	1.365739783e-05
309553	9.618379683e-06
309554	3.85925137e-07
309555	1.0770083e-05
309556	6.151212955e-06
309557	1.171226191e-05
309558	1.506158167e-05
309559	1.114696524e-05
309560	4.001993622e-06
309561	1.52589491e-05
309562	5.192753951e-06
309563	1.934406589e-05
309564	7.708586578e-06
309565	2.139671899e-05
309566	1.18948802e-06
309567	1.74232107e-05
309568	1.291605277e-05
309569	1.003513701e-06
309570	1.446298183e-05
309571	8.371580016e-06
309572	2.329972852e-05
309573	4.957877756e-06
309574	3.367012046e-06
309575	4.757530099e-06
309576	3.057026344e-06
309577	1.406924126e-05
309578	3.561946751e-06
309579	2.312825935e-05
309580	3.785988172e-06
309581	6.355489807e-06
309582	3.081111054e-06
309583	5.926881322e-06
309584	6.061492454e-06
309585	4.831731835e-06
309586	2.080428599e-06
309587	1.635211438e-06
309588	1.320790774e-06
309589	4.839472302e-06
309590	6.837658837e-06
309591	1.180122311e-06
309592	3.172762263e-05
309593	6.6991986e-06
309594	5.111999247e-06
309595	1.737087389e-07
309596	6.314258033e-06
309597	2.673254041e-05
309598	1.981349647e-05
309599	2.824741546e-06
309600	2.965113036e-06
309601	1.641439846e-06
309602	8.501392638e-06
309603	1.119720303e-05
309604	1.298327085e-05
309605	2.207497613e-06
309606	1.96400239e-05
309607	4.990502831e-06
309608	8.000710358e-06
309609	2.785540242e-05
309610	5.945651341e-06
309611	5.933717713e-06
309612	1.374328672e-05
309613	4.201483612e-06
309614	4.851927942e-06
309615	4.079482304e-06
309616	7.962237023e-06
309617	9.896479896e-07
309618	1.553908184e-07
309619	1.160550695e-05
309620	8.222057848e-06
309621	1.006001839e-05
309622	8.497725833e-07
309623	1.075514587e-05
309624	5.531614144e-06
309625	8.876611587e-06
309626	1.120170449e-05
309627	1.33911843e-05
309628	4.087676001e-07
309629	0.001127757436
309630	0.005511793491
309631	0.002276002112
309632	0.003752695734
309633	0.005370200646
309634	0.001566185615
309635	0.00467964197
309636	0.002541096593
309637	0.003376757277
309638	0.001315228861
309639	0.002802216955
309640	0.003395295509
309641	0.004710869143
309642	0.002387958413
309643	0.0002374021809
309644	0.001907775179
309645	0.0039697028
309646	0.003206818967
309647	0.001757867131
309648	0.003134822476
309649	0.001733996432
309650	0.0005701886667
309651	0.001654665399
309652	0.002887360253
309653	0.003512466397
309654	0.004121106128
309655	0.0003220832073
309656	0.005664661934
309657	0.00139672504
309658	0.000774885379
309659	0.004232395852
309660	0.009784756264
309661	0.003073635618
309662	0.01456897153
309663	0.0007817368556
309664	0.009417481204
309665	0.002678853032
309666	0.0006449254787
309667	0.004447608082
309668	0.005977676645
309669	0.004242581936
309670	0.003482508007
309671	0.005858367862
309672	0.007128156038
309673	0.0004862520063
309674	0.0004866071515
309675	0.0004849720954
309676	0.004146763279
309677	0.001639142611
309678	0.0006729022622
309679	0.001233260339
309680	0.0006717315223
309681	0.001415077035
309682	0.007458172281
309683	0.001273784901
309684	0.0006038031259
309685	0.0003775365792
309686	0.003595769014
309687	0.001423224375
309688	0.0003424497309
309689	0.005474383456
309690	0.00847192509
309691	0.001549305634
309692	0.004618181798
309693	0.005980682009
309694	0.006805306109
309695	0.003451339478
309696	0.001777930548
309697	0.002840872308
309698	0.0009393083529
309699	0.0001983909084
309700	0.002616820123
309701	0.0005023227227
309702	0.00119034642
309703	0.0004110447094
309704	0.01282822672
309705	0.003377747833
309706	0.001356414619
309707	0.003563258206
309708	0.008988227167
309709	0.00916444572
309710	0.01320545682
309711	0.002801107875
309712	0.004708223592
309713	0.00448673577
309714	0.009276482615
309715	0.005128294827
309716	0.004041972838
309717	0.005476507312
309718	0.003390933784
309719	0.002086156677
309720	0.00869034031
309721	0.001823333225
309722	0.0001718179518
309723	0.008545489616
309724	0.003963069728
309725	0.004312162567
309726	0.008122506612
309727	0.003809377464
309728	0.01132478543
309729	0.001315692089
309730	0.003289829468
309731	0.0114041163
309732	0.002010307535
309733	0.007866575543
309734	0.005507684293
309735	0.003323668519
309736	0.001898103649
309737	0.007498964588
309738	0.01262647782
309739	0.005788116808
309740	0.001942175063
309741	0.003776564361
309742	0.01456165217
309743	0.001541724696
309744	0.003972553027
309745	0.004746516645
309746	0.0005660351228
309747	0.001030646463
309748	0.005854048861
309749	0.003403016083
309750	0.002105654047
309751	0.002621892987
309752	0.01053129581
309753	0.01401741081
309754	0.007377606706
309755	0.008543799108
309756	0.0005447778566
309757	0.003135954913
309758	0.01118380021
309759	0.00771754713
309760	0.005133604701
309761	0.005957884268
309762	0.004245174895
309763	0.003263884547
309764	0.003327042493
309765	0.01441980376
309766	0.007215722847
309767	0.01072210135
309768	0.001167340727
309769	0.001590010361
309770	0.0009580502602
309771	0.003169271888
309772	0.004315845626
309773	0.00120877994
309774	0.007502862028
309775	0.01213720886
309776	0.008820196787
309777	0.004716239571
309778	0.001636580454
309779	0.008920765757
309780	0.005882935586
309781	0.005032654607
309782	0.0101884058
309783	0.0003409255338
309784	0.00297056097
309785	0.004282786408
309786	0.0006342951228
309787	0.004641359023
309788	0.009785431023
309789	0.007766420966
309790	0.01147555408
309791	0.0109486783
309792	0.002560893491
309793	0.002046030543
309794	0.0009815955084
309795	0.001165516319
309796	0.0100625483
309797	0.000517817149
309798	0.009179164262
309799	0.004856491655
309800	0.004841774299
309801	0.01182121171
309802	0.005673178854
309803	0.004644037288
309804	0.00138771073
309805	0.004709172269
309806	0.005200145585
309807	0.003402004827
309808	0.01165861622
309809	0.01167375563
309810	0.008774151391
309811	0.004958209377
309812	0.01358689275
309813	0.004618135951
309814	0.00119618494
309815	0.003160641225
309816	0.005346055595
309817	0.003259146322
309818	0.008472074848
309819	0.0004293445634
309820	0.003422221501
309821	0.004259865274
309822	0.01019510503
309823	0.004073873231
309824	0.003975221107
309825	0.003036508405
309826	0.002740698672
309827	0.0009815645266
309828	0.001093031258
309829	0.00569571365
309830	0.001361560047
309831	0.0005237105198
309832	0.008915263359
309833	0.0205464336
309834	0.001032898162
309835	0.01054091403
309836	0.008755290967
309837	0.001464618918
309838	0.006406370889
309839	0.009999580745
309840	0.006106800131
309841	0.01376700694
309842	0.0004238181768
309843	0.004696959849
309844	0.003039863838
309845	0.00518405456
309846	0.007941089328
309847	0.003151222966
309848	0.002819026965
309849	0.002800010621
309850	0.01602542658
309851	0.005228291145
309852	0.0007765922967
309853	0.0002904141869
309854	0.003946109621
309855	0.0007837031915
309856	0.01285728347
309857	1.791139241e-05
309858	0.005672739404
309859	0.0004929735286
309860	0.001281527592
309861	0.009300790503
309862	0.008069913734
309863	0.004796238486
309864	0.0020683791
309865	0.001638158961
309866	0.001334961551
309867	0.0002573728593
309868	0.0005390577419
309869	0.00235268126
309870	0.005735034817
309871	0.003513876474
309872	0.004034602256
309873	0.001783944897
309874	0.005526763817
309875	0.00486802552
309876	0.01001069134
309877	0.01335658112
309878	0.002422697558
309879	0.0009290193223
309880	0.003303187523
309881	0.009960199268
309882	0.007664780257
309883	0.003666173426
309884	0.00155052694
309885	0.002495717189
309886	0.004744790122
309887	0.005392042178
309888	0.00205257298
309889	0.00465094195
309890	0.005414915589
309891	0.01023246402
309892	0.003370361586
309893	0.0004181267011
309894	0.008428763614
309895	0.003689663867
309896	0.0009919380326
309897	0.00795849486
309898	0.005073201832
309899	0.00698038782
309900	0.005736955584
309901	0.01393141946
309902	0.009932005117
309903	0.001127183943
309904	0.003935537509
309905	0.008323409103
309906	0.02186280066
309907	0.01123515961
309908	0.006253900925
309909	0.004946862349
309910	0.0004826645534
309911	0.007047562413
309912	0.008794020866
309913	0.005153307897
309914	0.009104882116
309915	0.01154753349
309916	0.003354588723
309917	0.001338995872
309918	0.001287635159
309919	0.01797832078
309920	0.003074562523
309921	0.004254542366
309922	0.007795646036
309923	0.01173999835
309924	0.01879426631
309925	0.01240660692
309926	0.006485164073
309927	0.005037012257
309928	0.0007187631933
309929	0.00234959321
309930	0.009292240688
309931	0.00107396985
309932	0.001481945017
309933	0.00407289423
309934	0.003296166332
309935	0.001474672689
309936	0.0008056098923
309937	0.0007081540875
309938	0.001662478886
309939	0.004470202181
309940	0.001590854804
309941	0.00409194086
309942	0.004701827404
309943	0.002577379538
309944	0.007613949944
309945	0.001105749242
309946	0.001149889059
309947	0.009617324473
309948	0.003328911291
309949	0.003544298448
309950	0.004098195812
309951	0.002790569365
309952	0.006243999556
309953	0.0008436408952
309954	0.002157749628
309955	0.001367383153
309956	0.004224177099
309957	0.01349874495
309958	0.002768089812
309959	0.01097165845
309960	0.008867718446
309961	0.004539431253
309962	0.001595123936
309963	0.003753354459
309964	0.004377528686
309965	0.01021338315
309966	0.006205959658
309967	0.001400174957
309968	0.0001415735438
309969	0.00435379921
309970	0.001729600923
309971	0.01030987036
309972	0.001880491925
309973	0.001158372417
309974	0.004542229862
309975	0.003531629625
309976	0.001488492486
309977	0.005740547641
309978	0.008714689258
309979	0.00246763602
309980	0.0005715205678
309981	0.00145593871
309982	0.01159943119
309983	0.001431217775
309984	0.0005169063299
309985	0.001870884748
309986	0.01647577658
309987	0.007162562327
309988	0.009284959064
309989	0.001910217142
309990	0.005623550017
309991	0.002518854305
309992	0.001338214263
309993	0.0009047357205
309994	0.00342464142
309995	0.003846560489
309996	0.00463874
309997	0.002346620283
309998	0.005202251366
309999	0.001225560876
310000	0.00104067217
310001	0.002426640524
310002	0.002105364681
310003	4.745395244e-05
310004	0.0002131742776
310005	0.01560249704
310006	0.002112970988
310007	0.0004329649137
310008	0.0011290484
310009	0.0006860231589
310010	0.003017305474
310011	0.004312261007
310012	0.008425219817
310013	0.002046545476
310014	0.002137624836
310015	0.003251543787
310016	0.0007023948488
310017	0.003581129447
310018	0.009547196655
310019	0.0002747700832
310020	0.0008046342756
310021	0.002602386501
310022	0.005706525677
310023	0.001121398318
310024	0.0014536392
310025	0.00156340828
310026	0.01003866657
310027	0.004022757583
310028	0.003267254595
310029	0.001271654756
310030	0.00147240499
310031	0.006983911762
310032	0.001838160965
310033	0.00150318905
310034	0.0002392971611
310035	0.001998283993
310036	3.862863233e-05
310037	0.01253334535
310038	0.0006546282927
310039	0.00386569858
310040	0.002967951753
310041	0.003943352709
310042	0.004547745488
310043	0.001064270753
310044	0.0005095832893
310045	0.001738567317
310046	0.001557763103
310047	0.007680451934
310048	0.001816318124
310049	0.001229319037
310050	0.0002157421485
310051	0.004591144518
310052	0.00198026979
310053	3.935113166e-05
310054	0.003386179994
310055	0.0006972922196
310056	0.00128779993
310057	0.0001106239889
310058	0.003458088387
310059	0.0001923422223
310060	0.006593098098
310061	0.0002834242596
310062	0.0009821917096
310063	0.001732014029
310064	6.416503084e-05
310065	0.0003320974318
310066	0.002832802668
310067	0.003078076702
310068	0.0004109578244
310069	0.003330757324
310070	0.0009111740501
310071	0.003225878952
310072	0.001356108913
310073	0.000588000739
310074	0.00516621308
310075	0.004220940724
310076	0.001753369981
310077	0.002224854672
310078	0.001418122393
310079	0.001096470563
310080	0.003170931343
310081	0.002792163208
310082	0.001770012773
310083	0.0003342891476
310084	0.0008660039219
310085	0.005701488394
310086	0.005478214443
310087	0.007278463927
310088	0.002273518171
310089	0.001722318148
310090	0.003965250661
310091	0.00155733362
310092	0.008482832319
310093	0.00122445231
310094	0.001630672763
310095	0.0007287035918
310096	0.001534413308
310097	0.004505594067
310098	0.002792803355
310099	0.001777019125
310100	0.0002815942142
310101	0.01280134627
310102	0.001328746371
310103	0.00790812018
310104	0.003636327207
310105	0.0009452471758
310106	0.009708563459
310107	0.00294645059
310108	0.006603094469
310109	0.01142658385
310110	0.00112084382
310111	0.00330263894
310112	0.0004149197273
310113	0.01929406421
310114	0.00979755439
310115	0.007785916243
310116	0.005486809047
310117	0.002229688753
310118	0.006292733358
310119	0.008943895215
310120	0.008084708645
310121	2.107123755e-07
310122	0.0008045286286
310123	0.005210617345
310124	9.979815066e-05
310125	0.005616091437
310126	0.004739363425
310127	0.002031994324
310128	0.0004286826888
310129	0.001943031312
310130	0.002287988494
310131	0.002568638219
310132	0.002024486617
310133	0.003066000122
310134	0.001148218374
310135	0.000954482762
310136	0.000126097424
310137	0.002590150239
310138	0.002677839895
310139	0.002595334726
310140	0.002366771719
310141	0.002413497009
310142	0.002240454846
310143	0.001798226129
310144	0.002365799161
310145	0.002134826279
310146	0.0006409294983
310147	0.0003830725012
310148	0.001967027266
310149	0.001883899948
310150	0.001930132643
310151	0.001990476861
310152	0.001884999625
310153	0.00230776614
310154	0.001924211723
310155	0.003005817752
310156	0.002568973558
310157	0.002290844604
310158	0.0008753487181
310159	0.001173123189
310160	0.00274257769
310161	0.001427665404
310162	0.001421176505
310163	0.002465550416
310164	0.002262110066
310165	0.001666836833
310166	0.002061474168
310167	0.002390779723
310168	0.001074183828
310169	0.002560045628
310170	0.002142025985
310171	0.002551152805
310172	0.002339620297
310173	0.002232074012
310174	0.001854878555
310175	0.002461554755
310176	0.0002123206599
310177	0.004041715237
310178	0.002127195853
310179	0.002809957947
310180	0.003544950335
310181	0.003401655618
310182	0.001348938141
310183	0.003108987075
310184	9.561255074e-05
310185	0.0009803090239
310186	0.002500646041
310187	0.00217294586
310188	0.0002409689749
310189	0.003263297236
310190	0.002875147253
310191	0.0001102868578
310192	0.0017029935
310193	0.001748075609
310194	0.002120329044
310195	0.000625727221
310196	0.0001748533907
310197	0.002808824195
310198	0.003007687126
310199	0.001544444981
310200	0.0002805598773
310201	0.00141792162
310202	0.003667088222
310203	0.002740602381
310204	0.004808381249
310205	0.0003352225839
310206	0.002415473835
310207	0.001886741534
310208	0.002058843892
310209	0.003023994842
310210	0.002286817167
310211	0.0021229656
310212	0.002337987061
310213	0.002612013338
310214	0.002208297622
310215	0.001974604674
310216	0.002572808211
310217	0.003079764847
310218	0.001461505874
310219	0.001135425764
310220	0.0003010254199
310221	0.0003589036782
310222	9.390074628e-05
310223	0.003564288692
310224	0.002392422946
310225	0.003867525176
310226	0.0003260859129
310227	0.003138277589
310228	0.002095720738
310229	0.002257778494
310230	0.002300791093
310231	0.0004853432828
310232	0.001561406795
310233	0.001299945734
310234	0.002222080907
310235	0.002122421826
310236	0.0002364715184
310237	0.001856009342
310238	0.003690408689
310239	0.00221376546
310240	0.000319161935
310241	0.0009077032075
310242	0.0005393953527
310243	0.001729592201
310244	0.001699828956
310245	0.002527069161
310246	0.004669804155
310247	0.001717712399
310248	0.001430708457
310249	2.368066925e-05
310250	0.002574986475
310251	0.0007016588846
310252	0.001766906773
310253	0.002173343467
310254	0.001915034628
310255	0.002559513982
310256	0.003288863212
310257	0.002538973183
310258	0.003263742817
310259	0.0001736063226
310260	0.001607607195
310261	0.002072834444
310262	0.002207468319
310263	0.001875346196
310264	0.002580626527
310265	0.002214349585
310266	0.001671228399
310267	0.002914117861
310268	0.001932083601
310269	0.002228058559
310270	0.00439011653
310271	0.002270922717
310272	0.004655089769
310273	0.0004821873863
310274	0.002376258306
310275	0.00045009963
310276	0.0004883972296
310277	0.005997856572
310278	0.00606362638
310279	0.006297707892
310280	0.005677286465
310281	0.004602575095
310282	0.004792061051
310283	0.002232572102
310284	0.00453537896
310285	0.007781647209
310286	0.006076586067
310287	0.006777040807
310288	0.008095625548
310289	0.004719109478
310290	0.006752507275
310291	0.006321981293
310292	0.005602102425
310293	0.005309371469
310294	0.005988171478
310295	0.006067905338
310296	0.00803012707
310297	0.002132364018
310298	0.007425912885
310299	0.007088886178
310300	0.006628928108
310301	0.006739197965
310302	0.006327187902
310303	0.006606714597
310304	0.007341453982
310305	0.003746608587
310306	0.006970473316
310307	0.007376307812
310308	0.008327746963
310309	0.007007072066
310310	0.007134586356
310311	0.007949043966
310312	0.006555320489
310313	0.005284352703
310314	0.006539618468
310315	0.006803297236
310316	0.006087597818
310317	0.002481472806
310318	0.002385009305
310319	0.002570875449
310320	0.00375390473
310321	0.001664213529
310322	0.002342601435
310323	0.001800511955
310324	0.001686720162
310325	0.002328167147
310326	0.002500379707
310327	0.0009177144986
310328	0.00165862933
310329	0.001252604449
310330	0.001227110633
310331	0.0004950609587
310332	0.00210566226
310333	0.002114046263
310334	0.002284250671
310335	0.002302284044
310336	0.002370867293
310337	0.0009192659232
310338	0.001383947837
310339	0.002381223385
310340	0.002890843619
310341	0.003947147207
310342	0.002306726329
310343	0.004026876023
310344	0.001168077737
310345	0.002544283939
310346	0.002134216317
310347	0.001367312098
310348	0.002398647229
310349	0.002287065193
310350	0.00207611049
310351	0.002280825034
310352	0.002246872632
310353	0.003752229523
310354	0.003468934603
310355	0.002060824737
310356	0.0008373352143
310357	0.01002091053
310358	0.007421863048
310359	0.01069752969
310360	0.009487710299
310361	0.009546315199
310362	0.01031519463
310363	0.01007083348
310364	0.01054129017
310365	0.01044227785
310366	0.007451664286
310367	0.01057599281
310368	0.01064225894
310369	0.007178883031
310370	0.008469069405
310371	0.009278029199
310372	0.008425895911
310373	0.008521424962
310374	0.006732308261
310375	0.008333512159
310376	0.006248965744
310377	0.009458001271
310378	0.009801549475
310379	0.01015734522
310380	0.01092806043
310381	0.01045711984
310382	0.01059702946
310383	0.01038795851
310384	0.01025765123
310385	0.01053211461
310386	0.009906298666
310387	0.009691939727
310388	0.009884158772
310389	0.01024645337
310390	0.009684666474
310391	0.009547470856
310392	0.01062510162
310393	0.009610571269
310394	0.009930203304
310395	2.760929843e-05
310396	0.0007128181277
310397	0.001005354118
310398	0.0003775714786
310399	0.001920211883
310400	0.0003380079171
310401	0.001490000106
310402	0.0008232596919
310403	0.001577142526
310404	0.001404794282
310405	4.818562587e-05
310406	0.0001934408509
310407	0.0001735336826
310408	0.0003774837611
310409	0.0001611164526
310410	0.0003858860157
310411	0.0006115318326
310412	0.0005307364179
310413	4.912985197e-05
310414	0.001649824744
310415	0.00471455246
310416	0.001148507452
310417	0.003178616381
310418	0.001634732024
310419	0.001346879789
310420	0.002449520005
310421	0.004329274289
310422	0.002108271807
310423	0.001496080313
310424	0.001085653189
310425	0.001300920593
310426	0.0004957785409
310427	0.000882178299
310428	0.0001840169076
310429	0.0003848030602
310430	0.0003117980504
310431	0.001009492387
310432	0.0005147009121
310433	0.005579713113
310434	0.002684589289
310435	0.00240281753
310436	0.003192238421
310437	0.005446261086
310438	0.005113576963
310439	0.005159495009
310440	0.005694535786
310441	0.00324658122
310442	0.0060859263
310443	0.008242189466
310444	0.004651811778
310445	0.00549974326
310446	0.003791506465
310447	0.005350479338
310448	0.004137692373
310449	0.005088821503
310450	0.005280549637
310451	0.005714347688
310452	0.005144417089
310453	0.005211050491
310454	0.004892560702
310455	0.005125035387
310456	0.005250800819
310457	0.005243734044
310458	0.005398299476
310459	0.004748053309
310460	0.005021983412
310461	0.005483508
310462	0.005014319917
310463	0.00730337748
310464	0.004812326465
310465	0.003925165318
310466	0.005292524754
310467	0.005359114587
310468	0.004632572297
310469	0.004916252473
310470	0.004845208624
310471	0.002931288044
310472	0.003725964682
310473	0.003458036592
310474	0.008053906809
310475	0.005380550271
310476	0.005366430342
310477	0.005392273108
310478	0.00384519808
310479	0.005105629845
310480	0.005422334181
310481	0.005329837617
310482	0.004675586914
310483	0.004943539535
310484	0.004292681059
310485	0.00424120697
310486	0.003989087332
310487	0.00369114392
310488	0.001832976851
310489	0.001699106892
310490	0.0009835944303
310491	0.0003865945407
310492	0.001907451504
310493	0.001459502797
310494	0.001394589378
310495	0.001318977743
310496	0.00087258679
310497	0.002555018409
310498	0.001596149996
310499	0.001769747711
310500	0.001435719979
310501	0.0005974647046
310502	0.001955026403
310503	0.0008136307545
310504	0.00173850302
310505	0.001638359002
310506	0.0003705420641
310507	0.00149341275
310508	0.001715000433
310509	0.003593065856
310510	0.002192656331
310511	0.001309247498
310512	0.002050069693
310513	0.002175919037
310514	0.0002694470999
310515	0.00139238493
310516	0.001636860302
310517	0.002758073715
310518	0.001061199181
310519	0.004969889907
310520	0.002597489943
310521	0.0001066671372
310522	0.001346410693
310523	0.001713927327
310524	0.001541634979
310525	0.0009656279996
310526	0.001383440081
310527	0.0007315110519
310528	0.001549707317
310529	0.0009751331464
310530	0.002647883015
310531	0.002493306177
310532	0.001970406511
310533	0.002019964428
310534	0.00216089503
310535	0.003676372332
310536	0.005145902957
310537	0.001946000412
310538	0.001905446238
310539	0.001466590702
310540	0.003139386593
310541	0.002095453156
310542	0.002792268364
310543	0.002845458408
310544	0.003235093508
310545	0.003220339036
310546	0.003280945448
310547	0.003007706195
310548	0.003057326937
310549	0.003120900412
310550	0.00322531495
310551	0.00298671618
310552	0.00246672624
310553	0.001581447772
310554	0.002945979499
310555	0.003038407283
310556	0.002009232468
310557	0.002910130647
310558	0.002241869929
310559	0.002316211278
310560	0.002572247456
310561	0.002423535505
310562	0.003023872109
310563	0.002722868061
310564	0.00192683903
310565	0.00315619049
310566	0.002939923034
310567	0.002315772834
310568	0.002957254029
310569	0.003264402149
310570	0.002855108125
310571	0.002052921558
310572	0.002689214569
310573	0.00288075503
310574	0.003148003363
310575	0.002996134013
310576	0.002967588851
310577	0.002463745654
310578	0.002296448838
310579	0.001250690016
310580	0.001350823681
310581	0.003215731764
310582	0.0009781425295
310583	0.001633526855
310584	0.000942825256
310585	0.001108315918
310586	0.001736785165
310587	0.001223377797
310588	0.0009870298877
310589	0.001250709252
310590	0.002531327445
310591	0.002138054598
310592	0.002235911407
310593	0.001985983498
310594	0.0006439019351
310595	0.0009169256278
310596	0.0011696623
310597	0.00110016819
310598	0.001578426788
310599	0.00120495035
310600	0.0006247836024
310601	0.0006579706276
310602	0.001481158975
310603	0.00378937484
310604	0.001669935164
310605	0.0009173008444
310606	0.000945103188
310607	0.001086216624
310608	0.001567276434
310609	0.001460552351
310610	0.001368862571
310611	0.001018643471
310612	0.001198737645
310613	0.002014133948
310614	0.001079745172
310615	0.0003095839347
310616	0.001473390064
310617	0.001520858388
310618	6.664255353e-05
310619	1.85129326e-05
310620	0.0002747717933
310621	0.0002253472732
310622	0.001600730928
310623	0.0008631275654
310624	0.002526613165
310625	0.003350842944
310626	0.0002168122661
310627	0.001281901645
310628	0.0005498306138
310629	8.962520892e-05
310630	0.002166524724
310631	0.002926689232
310632	0.003226139679
310633	8.138629646e-05
310634	0.0001457121823
310635	0.003099334908
310636	0.001531044934
310637	0.0003657679971
310638	0.00135385863
310639	0.001764538309
310640	0.004393011151
310641	0.0006265227165
310642	0.004445193604
310643	0.004626576576
310644	0.00567320288
310645	0.003244704552
310646	0.00298550233
310647	0.003891035696
310648	0.003054478905
310649	0.004874398955
310650	0.005067988227
310651	0.007259984802
310652	0.005619206651
310653	0.002145614267
310654	0.005063417414
310655	0.004244586194
310656	0.004399720749
310657	0.0008444763288
310658	0.004291015321
310659	0.005668725916
310660	0.004083199569
310661	0.003624678135
310662	0.004402215796
310663	0.004250309929
310664	0.003279357602
310665	0.00386927569
310666	0.005324441808
310667	0.0003072840375
310668	0.004837996789
310669	0.003772327112
310670	0.003180932222
310671	0.002203424288
310672	0.0008325122579
310673	0.003383653457
310674	0.003518248881
310675	0.004371571611
310676	0.00345531396
310677	0.003310646471
310678	0.003820218887
310679	0.00173325001
310680	0.001968409269
310681	0.000827561116
310682	0.002965757473
310683	0.001856290159
310684	0.006682048776
310685	0.005327965199
310686	0.002368004102
310687	0.0002747888613
310688	0.0007971323785
310689	0.007461335101
310690	0.003631779786
310691	0.003202379095
310692	0.003611476333
310693	0.004358814547
310694	0.003219534404
310695	0.002134263429
310696	0.00351712239
310697	0.004089484498
310698	0.003304665466
310699	0.003061697145
310700	0.003234617433
310701	0.004627083662
310702	0.003084883634
310703	0.001017008058
310704	0.002639700711
310705	0.002785910774
310706	0.003991141304
310707	0.003846614854
310708	0.002086949895
310709	0.00316980805
310710	0.003704548721
310711	0.0008575478443
310712	0.001047394626
310713	0.001600066094
310714	7.823181549e-05
310715	0.0002904348547
310716	0.0001862932899
310717	0.001501639001
310718	0.0007801842765
310719	0.001307349071
310720	0.001044427605
310721	0.0002731166048
310722	0.00130898637
310723	0.002311881722
310724	0.0001386579841
310725	0.0007962111692
310726	0.002086232253
310727	0.001264550922
310728	0.001084986866
310729	0.000800568633
310730	0.0008533138415
310731	0.00123090986
310732	0.0004464074001
310733	0.002745980998
310734	0.001886956388
310735	0.002021737625
310736	0.004469609478
310737	0.001823953098
310738	0.0007761544436
310739	0.0008772020145
310740	0.001239725189
310741	0.001522423069
310742	0.002864464804
310743	0.0005883747363
310744	0.0007451212842
310745	0.0008146950108
310746	0.0006726468086
310747	0.003209231863
310748	0.001982058988
310749	0.0007977179807
310750	0.001209076965
310751	0.0008539354847
310752	0.001074277278
310753	9.722275436e-05
310754	0.003225537775
310755	0.003520145667
310756	0.004327932022
310757	0.004437458735
310758	0.00473579187
310759	0.001953368386
310760	0.001536810547
310761	0.004709329752
310762	0.003146585285
310763	0.004611495966
310764	0.005265522568
310765	0.00328557066
310766	0.0007761482032
310767	0.003151273204
310768	0.003786345621
310769	0.001898898763
310770	0.002065831127
310771	0.003586777791
310772	0.003611888084
310773	0.00414347051
310774	0.004174674237
310775	0.001222183763
310776	0.004171848516
310777	0.002418039216
310778	0.002664114735
310779	0.004031343041
310780	0.002246518216
310781	0.004024971801
310782	0.001031598206
310783	0.00347879857
310784	0.004301266629
310785	0.004085580866
310786	0.003970487819
310787	0.00420997275
310788	0.00298465248
310789	0.004115840684
310790	0.004325085497
310791	0.002794190189
310792	0.0006581888295
310793	0.005157157361
310794	0.004949055295
310795	0.007812504423
310796	0.007818544737
310797	0.00880590497
310798	0.00714907738
310799	0.005883865002
310800	0.006248020625
310801	0.00478694331
310802	0.007703957015
310803	0.00831417137
310804	0.00796535053
310805	0.008138455462
310806	0.007950858378
310807	0.008100675215
310808	0.006652661705
310809	0.003708475926
310810	0.008155455152
310811	0.008349937994
310812	0.006559181386
310813	0.006523475351
310814	0.007606871402
310815	0.007558017822
310816	0.008376045774
310817	0.007518372403
310818	0.007524381202
310819	0.007147187057
310820	0.006319741387
310821	0.006646110601
310822	0.008194147308
310823	0.003266449883
310824	0.004692815081
310825	0.005435768622
310826	0.003588149737
310827	0.008282632899
310828	0.008286089345
310829	0.008009491677
310830	0.007748202504
310831	0.007979079645
310832	0.008815116076
310833	0.007879283434
310834	0.007781645993
310835	0.008985571898
310836	0.008225918629
310837	0.008009327852
310838	0.008168993012
310839	0.009257256188
310840	0.008445877351
310841	0.008023925865
310842	0.007653648663
310843	0.00820200497
310844	0.006180665853
310845	0.005887676642
310846	0.006434579889
310847	0.003345049119
310848	0.006438006355
310849	0.008643066282
310850	0.006438570609
310851	0.008025848967
310852	0.008172392696
310853	0.007628710183
310854	0.001790714484
310855	0.007366172196
310856	0.004045562164
310857	0.003460819264
310858	0.004556102227
310859	0.002625257935
310860	0.004129414152
310861	0.004084665829
310862	0.00403788222
310863	0.00427568988
310864	0.004251727595
310865	0.001082315259
310866	0.004088955487
310867	0.00401520145
310868	0.00443849351
310869	0.006200840594
310870	0.003162254899
310871	0.003658870157
310872	0.0044748236
310873	0.004269562329
310874	0.005152354752
310875	0.004364513587
310876	0.005056020609
310877	0.003344949299
310878	0.002806754105
310879	0.005009702021
310880	0.004433128732
310881	0.004442937579
310882	0.003943335733
310883	0.002679404741
310884	0.001283776223
310885	0.002521917664
310886	0.001591305991
310887	0.003139166187
310888	0.004394102569
310889	0.002664946388
310890	0.003661075496
310891	0.003994828456
310892	0.002319356718
310893	0.002804255602
310894	0.001343054497
310895	0.004888856714
310896	0.004322276455
310897	0.004555249292
310898	0.002086012183
310899	4.757989887e-05
310900	0.003557236446
310901	0.003255832578
310902	0.003254317984
310903	0.003343862961
310904	0.003100915741
310905	0.003897259695
310906	0.001931363892
310907	0.003448877755
310908	0.003559944493
310909	0.003630765193
310910	0.003756803951
310911	0.003278344639
310912	0.003276483222
310913	0.002318006543
310914	0.0002235740595
310915	0.004175300836
310916	0.0007072980391
310917	0.0006548336224
310918	0.0006345023933
310919	0.003295443416
310920	0.003316221325
310921	0.003377181681
310922	0.003309405907
310923	0.002073918331
310924	0.003662877437
310925	0.003567274496
310926	0.003157644895
310927	0.00258609129
310928	0.003247372491
310929	0.003206133925
310930	0.003192962622
310931	0.003874273869
310932	0.001877015748
310933	0.002719194875
310934	0.002270091391
310935	0.004262312694
310936	0.002204710612
310937	0.0002190746661
310938	0.002495129505
310939	0.002884874945
310940	0.003164938449
310941	0.00352547277
310942	0.003414859171
310943	0.003502804954
310944	0.00744715081
310945	0.004300939113
310946	0.002783992402
310947	0.001298996634
310948	0.002480672968
310949	0.001580803051
310950	0.0001660305031
310951	0.003106858781
310952	0.003528284841
310953	0.0004352178208
310954	0.00472357845
310955	0.00433872372
310956	0.003792747133
310957	0.003525929986
310958	3.495260145e-05
310959	0.003636404964
310960	0.003634353326
310961	0.002317381415
310962	0.004039588777
310963	0.004238024656
310964	0.002462188269
310965	0.001415415108
310966	0.004504055652
310967	0.003365987326
310968	0.005453626381
310969	0.0006604672535
310970	0.003429156792
310971	0.003336949651
310972	0.002120579968
310973	0.00547626122
310974	0.001438159062
310975	0.0009141574918
310976	0.002563855518
310977	0.004240273996
310978	0.0003874668419
310979	0.0009572249723
310980	0.001148439851
310981	3.419463592e-05
310982	0.001310340756
310983	0.001968754181
310984	0.0006389894707
310985	0.0006763896569
310986	0.0006142689264
310987	0.002446874061
310988	0.003606973651
310989	0.003533362837
310990	0.0004807073653
310991	0.002450940432
310992	0.0001913423902
310993	0.0004968473377
310994	0.0006594600259
310995	0.001109707318
310996	0.0001204083956
310997	8.762847737e-05
310998	0.0009411409075
310999	0.0002209884824
311000	0.002626887918
311001	0.001244265738
311002	0.001143929963
311003	0.001277749378
311004	0.0008447772677
311005	0.0002479456905
311006	0.0005134915091
311007	0.003801671254
311008	0.00576805253
311009	0.005159636801
311010	0.00585676741
311011	0.005716864012
311012	0.005967894805
311013	0.006520554134
311014	0.001775941254
311015	0.002646172243
311016	0.002761363755
311017	0.005408439273
311018	0.005287949845
311019	0.007467631522
311020	0.004927912416
311021	0.000937205607
311022	0.006105503141
311023	0.005373841417
311024	0.006076239345
311025	0.006266939719
311026	0.003745468622
311027	0.004877504383
311028	0.005769724865
311029	0.00620554997
311030	0.005780045912
311031	0.005264034512
311032	0.004811586356
311033	0.005575031038
311034	0.003541787992
311035	0.005138818779
311036	0.006049369162
311037	0.006453786566
311038	0.005583447403
311039	0.006627069045
311040	0.001329294147
311041	0.0003635792031
311042	0.0009684062984
311043	0.001699603781
311044	0.002904091328
311045	0.0006147822142
311046	0.0004964738347
311047	0.0008274554643
311048	0.0005644275352
311049	0.0008112160701
311050	0.000930657848
311051	0.001133424471
311052	0.002040212115
311053	0.0008746355052
311054	0.0005627557084
311055	0.001071666447
311056	0.000128290789
311057	0.0002363864828
311058	0.0005461289946
311059	0.00403082888
311060	0.001059658769
311061	0.005450814221
311062	0.002690774432
311063	0.004307697778
311064	0.000929308838
311065	0.005331946176
311066	0.0047008906
311067	0.003488072368
311068	0.00376385142
311069	0.004365929924
311070	0.004730410647
311071	0.004229377193
311072	0.004412602721
311073	0.003695313423
311074	0.002597374145
311075	0.004260530202
311076	0.00444160118
311077	0.004272125627
311078	0.0015909906
311079	0.001945892158
311080	0.001141873964
311081	0.005140898692
311082	0.004175166577
311083	0.001013042493
311084	0.004916217005
311085	0.004581134969
311086	0.001473256548
311087	0.002796369832
311088	0.004441268495
311089	0.003800123295
311090	0.003845731647
311091	0.006206115951
311092	0.004618926533
311093	0.0007351404731
311094	0.004325115274
311095	0.004826493015
311096	0.001411832668
311097	0.001012899856
311098	0.001246636915
311099	0.001059542466
311100	0.001421617739
311101	0.0005919437091
311102	0.001015884966
311103	0.00112383263
311104	0.001852519418
311105	0.0003250978694
311106	0.001224444126
311107	0.0007396655629
311108	0.002712557871
311109	0.001461586322
311110	0.003187420663
311111	0.0002325130673
311112	0.0006401078154
311113	0.0009447518842
311114	0.0011360636
311115	0.00026476403
311116	0.000881038317
311117	0.00107930862
311118	0.001191278932
311119	0.001431843482
311120	0.002144798807
311121	0.002459973241
311122	0.0002914902626
311123	0.001434479672
311124	0.002513052651
311125	0.000605832544
311126	0.0009891419267
311127	0.001331485523
311128	0.001896179452
311129	0.002088157082
311130	0.00155735482
311131	0.000549838863
311132	0.001282516635
311133	0.002527336326
311134	0.002796778932
311135	0.00133028754
311136	0.0005799545612
311137	0.001225717421
311138	0.001272359923
311139	0.002116691388
311140	0.001026360828
311141	0.001486321507
311142	0.001090958479
311143	0.001333063587
311144	0.001300254043
311145	0.0008841461368
311146	9.076692478e-05
311147	0.0002119722527
311148	0.0007408786795
311149	0.001199709268
311150	0.001579266398
311151	0.0008724618971
311152	0.001947660892
311153	4.694607513e-06
311154	0.001164741938
311155	0.001559055855
311156	0.001039402485
311157	0.0007340679742
311158	0.004554809273
311159	0.003243931676
311160	0.0002003043811
311161	0.002873066784
311162	0.001009386679
311163	0.0009322617896
311164	0.001480075175
311165	0.001224180354
311166	8.929724653e-05
311167	0.0002688654858
311168	0.001183297097
311169	0.00330267807
311170	0.002989870445
311171	0.001225489602
311172	0.0009508937444
311173	0.0009185734736
311174	0.0006515680805
311175	0.0006111027858
311176	0.002577771115
311177	0.00263087633
311178	0.001011858754
311179	0.00118680921
311180	0.000501766486
311181	0.001242347541
311182	0.007872744017
311183	0.003280912276
311184	0.007830651356
311185	0.006956957002
311186	0.004898814258
311187	0.008077747593
311188	0.008023129613
311189	0.008044342365
311190	0.007675368687
311191	0.004963332829
311192	0.007983738249
311193	0.006323326761
311194	0.008091722419
311195	0.008047672245
311196	0.007959202465
311197	0.007595797299
311198	0.006340549783
311199	0.007409366013
311200	0.007287136474
311201	0.007401943178
311202	0.008079989928
311203	0.007834275398
311204	0.005936859226
311205	0.005886229242
311206	0.007955129474
311207	0.007903403915
311208	0.007823154755
311209	0.007480870227
311210	0.006529166407
311211	0.007228623355
311212	0.007340449188
311213	0.007885863702
311214	0.002814788707
311215	0.001966012853
311216	0.001752689972
311217	0.002174360594
311218	0.002533924976
311219	0.002844065835
311220	0.001907219101
311221	0.0008146341867
311222	0.001074558069
311223	0.0001908560346
311224	0.002396531959
311225	0.002302462067
311226	0.00244360202
311227	0.002780118964
311228	0.002582113424
311229	0.004195876736
311230	0.002594984495
311231	0.0004964415457
311232	0.001832573351
311233	0.002584996713
311234	0.0009716356369
311235	0.002463592758
311236	0.002929899869
311237	0.002700726375
311238	0.002792689065
311239	0.003077700882
311240	0.003047099379
311241	0.002902284515
311242	0.0008441208734
311243	0.002859041108
311244	0.003023205434
311245	0.002912420007
311246	0.002786943297
311247	0.002937149587
311248	0.003130714838
311249	0.002872913514
311250	0.001084236906
311251	0.0009236982349
311252	0.002961994109
311253	0.003021867572
311254	0.002882396307
311255	0.003298000142
311256	0.002778224654
311257	0.002804240172
311258	0.000139463844
311259	0.0008740903365
311260	0.0008271542687
311261	0.001391262985
311262	0.003073049603
311263	0.003041162441
311264	0.003040722966
311265	0.00287506863
311266	0.0004037970387
311267	0.002767762307
311268	0.002930995154
311269	0.002701426825
311270	0.003072446354
311271	0.002898569456
311272	0.002802324554
311273	0.002803712795
311274	0.002702284965
311275	0.00291888198
311276	0.002831968466
311277	0.003068938263
311278	0.002927402875
311279	0.002805936401
311280	0.00306186693
311281	0.002751457594
311282	0.002692455945
311283	0.00260279689
311284	0.002757717518
311285	0.002967757448
311286	0.002939476564
311287	0.002950561061
311288	0.003065478805
311289	0.002922612581
311290	0.001223896492
311291	0.002800023411
311292	0.002585803884
311293	0.0009038365303
311294	0.00100983311
311295	0.002119920522
311296	0.001817289311
311297	0.001674927145
311298	0.0006352686853
311299	0.0009395362806
311300	0.001051587128
311301	0.0009860861951
311302	0.001158609643
311303	3.804728638e-05
311304	0.0008465043445
311305	0.0009823049233
311306	0.0001248491863
311307	0.001167167747
311308	0.0006498480944
311309	0.0006132172815
311310	0.002156700893
311311	0.001875037506
311312	0.001137188314
311313	0.000739997569
311314	0.0006140410414
311315	0.0009588964493
311316	0.002280468964
311317	0.001137126737
311318	0.0007049389769
311319	0.0007198757601
311320	0.0007560934706
311321	0.001117015174
311322	0.001254492229
311323	0.002087498014
311324	0.0001912048184
311325	0.0006392243608
311326	0.0002357920945
311327	0.0004235764639
311328	0.002036395259
311329	0.001087159121
311330	0.0008683298574
311331	0.0003345484248
311332	0.0009733533907
311333	0.000911734162
311334	0.0009431647655
311335	0.0008124315398
311336	0.001125802077
311337	0.0008377682593
311338	0.0006802896448
311339	0.0009688763078
311340	0.000935549953
311341	0.0009037955392
311342	0.0002119592474
311343	0.0002516141764
311344	0.0001259830879
311345	0.0008049676764
311346	0.0009487415867
311347	0.0006629130364
311348	0.0007919683705
311349	0.000910833447
311350	0.001210318974
311351	0.001153847401
311352	0.001034505699
311353	0.0002499010481
311354	0.0006901389252
311355	0.0007851157076
311356	0.0006922181246
311357	0.003091445494
311358	0.004028119431
311359	0.005702226459
311360	0.006797063106
311361	0.004819533509
311362	0.003433494928
311363	0.003449300653
311364	0.001166126573
311365	0.002704017421
311366	0.002353428595
311367	0.003343118856
311368	0.003514356199
311369	0.003383845265
311370	0.003286822334
311371	0.003217874373
311372	0.00328529137
311373	0.003184263692
311374	0.003074903944
311375	0.004329073454
311376	0.002836299006
311377	0.003009072654
311378	0.003825400806
311379	0.003888927063
311380	0.004094391204
311381	0.001954274208
311382	0.002749438151
311383	0.003469067883
311384	0.002027146254
311385	0.0006135742164
311386	0.003807788128
311387	0.0001107188506
311388	0.003761798931
311389	0.003963666587
311390	0.003234126031
311391	0.001653937139
311392	0.004725455771
311393	0.005198425894
311394	0.002868745505
311395	0.002968519828
311396	0.001297847583
311397	0.002249924136
311398	0.001705738874
311399	0.0006174257894
311400	1.217064817e-05
311401	0.0006156295705
311402	0.001583791328
311403	0.001380164858
311404	0.001365623035
311405	0.001211248006
311406	0.002388804721
311407	0.0005035866188
311408	0.001385646416
311409	0.001792361015
311410	0.003807474022
311411	0.00240920449
311412	0.001745776078
311413	0.007391672791
311414	5.606918159e-05
311415	0.005877424009
311416	0.0008512950517
311417	0.006956721551
311418	0.004573307973
311419	0.00745138643
311420	0.01100355973
311421	0.0018937784
311422	0.02144724502
311423	0.001416498516
311424	0.001161549829
311425	0.01239368665
311426	0.004070242923
311427	0.0005424462826
311428	0.004115531228
311429	0.0007254271115
311430	0.009791474425
311431	0.008691137282
311432	0.007236804524
311433	0.005246829654
311434	0.008509253022
311435	0.00694572373
311436	0.001190128153
311437	0.0008941651249
311438	0.007816405512
311439	0.001975150254
311440	8.088685046e-05
311441	0.001861745762
311442	0.001482522374
311443	7.804578546e-05
311444	0.02034157399
311445	0.002995671195
311446	0.001530615406
311447	0.0005914757132
311448	0.001617307396
311449	0.001008527275
311450	0.001295442913
311451	0.002675378471
311452	0.004165098665
311453	0.001704623522
311454	0.002596716272
311455	0.0013925022
311456	0.00110876649
311457	0.001359514022
311458	0.0007952980235
311459	0.00856211668
311460	0.003447408172
311461	0.002735439915
311462	0.0005161370144
311463	0.0001155865998
311464	0.013247707
311465	0.008688778551
311466	0.002680612583
311467	0.008318771476
311468	0.004091340131
311469	0.003821898203
311470	0.003832521603
311471	0.01328405093
311472	0.002657067552
311473	0.002001537441
311474	0.0005586701193
311475	0.002398400661
311476	0.002386302822
311477	0.0005764596608
311478	0.006822203202
311479	0.0009898586272
311480	0.00159726501
311481	0.001961636623
311482	0.001507164171
311483	0.002333315214
311484	0.001593591844
311485	0.0005833971577
311486	0.001784825272
311487	0.001719724083
311488	0.004806057268
311489	0.01548014647
311490	0.009322371
311491	0.00102887367
311492	0.002602769318
311493	0.0002637012002
311494	0.004667016507
311495	0.002468459146
311496	0.00140336177
311497	0.0001965834721
311498	0.001324423257
311499	0.01016140567
311500	0.002286241429
311501	0.008889028404
311502	0.001762671234
311503	0.002812013874
311504	0.001881097119
311505	0.001041018785
311506	7.222819735e-06
311507	0.002687049599
311508	0.002936970992
311509	2.034198165e-05
311510	0.003509997064
311511	0.004021690992
311512	0.01773898907
311513	0.005868429096
311514	0.005797107027
311515	0.000674892544
311516	0.0001990831102
311517	0.0006142256477
311518	0.0003067381663
311519	0.0008126500385
311520	0.0006579750734
311521	0.0004304471633
311522	8.859337784e-05
311523	0.0003974067357
311524	0.005192296854
311525	0.0005308745849
311526	0.0002260047021
311527	0.0002676908217
311528	0.0003578633269
311529	0.001800469165
311530	0.002902814477
311531	1.267586333e-05
311532	0.0002521558008
311533	0.003276121335
311534	0.003178556156
311535	0.0006441554675
311536	0.0003655088825
311537	0.003938418535
311538	0.0001233862764
311539	0.0005859148425
311540	0.005111202234
311541	0.001546160146
311542	0.002031460992
311543	0.001413365711
311544	0.003074630554
311545	0.006208408738
311546	0.003079928909
311547	0.0002323159413
311548	0.00746586293
311549	0.005756501122
311550	0.002435323979
311551	0.004964338386
311552	0.00333408821
311553	0.0046192557
311554	0.008632532943
311555	0.00451140809
311556	0.003298307254
311557	0.001837015074
311558	0.008725121771
311559	0.004206587658
311560	0.004025531238
311561	0.00221334237
311562	0.001895524347
311563	0.004317231375
311564	0.008791973363
311565	0.006707739461
311566	0.0003664862812
311567	0.01051428396
311568	0.005167665781
311569	0.003680911672
311570	0.006665306874
311571	0.009726902166
311572	0.001523528161
311573	0.0001497765841
311574	0.004272842101
311575	0.004526962505
311576	0.003402719397
311577	0.003083025769
311578	0.00251137136
311579	0.003076503508
311580	0.002942408961
311581	0.005166615214
311582	0.005127764418
311583	0.001125879855
311584	0.002183326185
311585	0.005895673477
311586	0.000831791902
311587	0.01183014547
311588	0.0009947385265
311589	0.001675896025
311590	0.001434660218
311591	0.003814541554
311592	0.004693890786
311593	0.0004688247047
311594	0.000182735328
311595	0.001765636595
311596	0.008969983962
311597	0.002997741605
311598	0.000538405806
311599	0.001334101874
311600	0.003349085199
311601	0.003770626676
311602	0.006043311579
311603	0.003441039385
311604	0.003822685497
311605	0.003042445735
311606	0.001685083556
311607	0.001399658112
311608	0.004357747005
311609	0.0008275970709
311610	7.923758071e-05
311611	0.0003340991655
311612	0.001002299277
311613	0.0006040367754
311614	0.0002281454772
311615	0.009474656036
311616	0.01140162346
311617	0.001618634118
311618	8.672414458e-05
311619	0.0004670074899
311620	0.001829132615
311621	0.0001299120304
311622	0.001418475855
311623	0.001063386822
311624	0.0004134244757
311625	0.00207527934
311626	0.0009440455992
311627	0.001081584942
311628	0.00077837723
311629	0.0007762014489
311630	0.0003083821981
311631	0.0003541736911
311632	1.935553156e-05
311633	0.0001436289342
311634	0.0001709341899
311635	0.0002732308552
311636	0.0002815345147
311637	3.470810994e-05
311638	0.0004297558603
311639	0.0007004798384
311640	0.0002447842793
311641	0.005833422414
311642	0.005952515541
311643	0.005833162076
311644	0.001101476145
311645	0.00107810224
311646	0.003919267418
311647	0.005534117601
311648	3.779196523e-05
311649	0.002076429339
311650	0.0005271827641
311651	0.002157820389
311652	0.0007003178684
311653	0.00168488115
311654	0.001091391752
311655	0.001238168569
311656	0.0004923725209
311657	0.001693517726
311658	0.000783580072
311659	0.00163910392
311660	0.001039126171
311661	0.001967297613
311662	0.001456490953
311663	0.001762720654
311664	0.0002111326756
311665	0.0007676334288
311666	0.0003015894552
311667	0.0003106407341
311668	0.002324927697
311669	0.001010416784
311670	0.001499851594
311671	0.001678859908
311672	0.0002940044951
311673	0.001916758772
311674	0.001399144077
311675	0.001946320213
311676	0.002021779597
311677	0.000896836469
311678	0.002020694422
311679	0.0007084559398
311680	0.001185683879
311681	0.00124511563
311682	0.001513606528
311683	0.0007080166927
311684	0.001359907986
311685	0.001221826244
311686	0.001578801575
311687	0.0007925760366
311688	0.001300826728
311689	0.002763977904
311690	0.0002497016106
311691	0.001562367418
311692	0.001595344216
311693	0.002055386396
311694	0.001085812037
311695	0.0009779399913
311696	0.0002876333754
311697	0.0001869060302
311698	0.001867013994
311699	0.0006972233681
311700	0.001930890243
311701	0.001412920266
311702	0.0001007394165
311703	0.001132837295
311704	0.0008841064494
311705	0.002222316449
311706	0.002933698434
311707	0.00186549918
311708	0.001495914267
311709	0.0008312991772
311710	0.001699787089
311711	0.001809556468
311712	0.001723940029
311713	0.001822076147
311714	0.001584951984
311715	0.001632298253
311716	0.0009907126121
311717	0.001032622234
311718	0.001843497695
311719	0.0004061281796
311720	0.001216309301
311721	0.001618983368
311722	0.001039766838
311723	0.0007431528451
311724	0.001294802461
311725	3.864088154e-05
311726	0.002955559374
311727	0.001683513445
311728	0.0008909164598
311729	0.001685691413
311730	0.001261813056
311731	0.0009622611349
311732	0.0007388568494
311733	0.001287282255
311734	0.001066122286
311735	0.001314939777
311736	0.0009170716681
311737	0.001525781333
311738	0.0009236870305
311739	0.0001757458911
311740	0.000550771986
311741	0.00160992891
311742	0.002102711958
311743	0.001340035831
311744	0.001287232001
311745	0.0008824355498
311746	0.001079544817
311747	0.001778726786
311748	0.0004166205846
311749	0.0008522455944
311750	0.0008205590153
311751	0.0009863785892
311752	0.001422590356
311753	0.001371883288
311754	0.0006581966333
311755	0.0001111514814
311756	0.001295882883
311757	0.001330365974
311758	0.001650631618
311759	0.00225717959
311760	0.0008957567009
311761	0.003181474759
311762	0.001516370947
311763	3.788979289e-05
311764	0.001298682935
311765	0.001451126034
311766	0.001055281488
311767	0.00100342376
311768	0.00363859066
311769	0.001389570346
311770	0.002060405692
311771	0.0009944103274
311772	0.001398784904
311773	0.001785584333
311774	0.0009221013148
311775	0.001144499294
311776	0.001152479741
311777	0.001135840696
311778	0.0021357403
311779	0.003853122784
311780	0.00182441302
311781	0.002319671887
311782	0.001396038914
311783	0.001122300813
311784	0.001582630699
311785	0.0006090303223
311786	0.002234709317
311787	0.001594169676
311788	0.001151819566
311789	0.002719404589
311790	0.001068849318
311791	0.001158208887
311792	0.000890029446
311793	0.002482721037
311794	0.002195872058
311795	0.0003011497884
311796	0.003141931112
311797	0.001316137935
311798	0.0003432273979
311799	0.001785139859
311800	0.001284401358
311801	0.001153060073
311802	0.0008980158188
311803	0.0009855315405
311804	0.001117635469
311805	0.001107194746
311806	9.577682236e-05
311807	0.003597494558
311808	0.001095469509
311809	0.0008183745031
311810	0.001302241072
311811	0.0001666758058
311812	0.0005904492482
311813	0.001732633333
311814	0.0006563672615
311815	0.002169174895
311816	0.001211579813
311817	0.002060705956
311818	0.003582783745
311819	0.0001474161018
311820	0.0007701074991
311821	0.0007460983121
311822	0.00153565093
311823	0.002384721124
311824	0.001090401777
311825	0.001234337677
311826	0.001109662109
311827	0.001036858092
311828	0.001649833325
311829	9.742283546e-05
311830	0.001933374416
311831	0.001016307352
311832	0.001036381643
311833	0.001081136472
311834	0.001441211005
311835	0.001675656057
311836	0.001199356706
311837	0.001192221121
311838	0.00030401311
311839	0.002027905436
311840	0.001872230328
311841	0.001295911091
311842	0.001057517129
311843	0.001418699238
311844	0.001805435287
311845	0.0018616165
311846	0.001192069055
311847	0.000932684826
311848	0.000919478764
311849	0.002775167024
311850	0.001940952158
311851	0.0009021987364
311852	0.0001854923047
311853	0.0003333370843
311854	0.00221542272
311855	0.0007520096725
311856	0.0008601491451
311857	0.0004208335361
311858	0.00112010846
311859	0.001257533759
311860	0.003664381647
311861	0.001134142261
311862	0.0009018401158
311863	0.001237705248
311864	0.001580569974
311865	0.001821669934
311866	0.0002661884554
311867	0.0005827388064
311868	0.001112197871
311869	0.001012936237
311870	0.0008194884325
311871	0.0008479451532
311872	0.0001130696326
311873	0.002799340778
311874	0.0004919669156
311875	0.0003710210922
311876	0.002807953657
311877	0.0003632975977
311878	0.001569965795
311879	0.001173980811
311880	0.001194254303
311881	0.001810752825
311882	0.001911998033
311883	0.001082797178
311884	0.0005210040555
311885	0.002019069428
311886	0.002550027775
311887	0.001051462047
311888	0.0006636467216
311889	0.0001472563144
311890	0.001518038919
311891	0.001286688581
311892	0.0004771114582
311893	6.74602381e-05
311894	1.998384817e-05
311895	0.0004899561395
311896	1.532870103e-05
311897	0.0020486551
311898	6.751163645e-05
311899	0.0001933490924
311900	0.001678444558
311901	0.001160179277
311902	0.0008560064251
311903	0.00120598156
311904	0.002385178361
311905	0.003850449874
311906	0.001672732236
311907	0.001334461814
311908	0.00151372659
311909	0.001350058648
311910	0.003724057306
311911	0.005571768766
311912	0.002185724012
311913	0.005085799485
311914	0.002224590049
311915	0.001768904036
311916	0.001192406322
311917	0.001351585659
311918	0.003721328873
311919	0.002003966915
311920	0.006275634616
311921	0.01063278546
311922	0.003703353513
311923	0.006450313257
311924	0.008166317566
311925	0.00799026403
311926	0.007520465446
311927	0.005753434558
311928	0.002637939748
311929	0.003712002773
311930	0.003258971077
311931	0.00497410257
311932	0.0009454243419
311933	0.003002242515
311934	0.0001615862627
311935	0.002760017168
311936	0.002944291138
311937	0.001472205943
311938	0.0008495874719
311939	0.004651883997
311940	0.006009207585
311941	0.0007454308055
311942	0.009041081861
311943	0.0006888570398
311944	0.001790431128
311945	0.0007006921916
311946	0.002376599167
311947	0.004414861382
311948	0.00494531174
311949	0.005032594577
311950	0.006520317671
311951	0.004964071038
311952	0.01232363121
311953	0.003654253452
311954	0.006524751226
311955	0.001323611124
311956	0.00403752196
311957	0.003789633352
311958	0.001165030764
311959	0.0003808417821
311960	0.003754668893
311961	0.00556203991
311962	0.00426412764
311963	0.000135338854
311964	0.00065079761
311965	0.002349412958
311966	0.003583660926
311967	0.006619531624
311968	0.01099722161
311969	0.0007118270918
311970	0.002259577738
311971	0.003747573299
311972	0.0006592252038
311973	0.005716238246
311974	8.065787185e-05
311975	0.003816250262
311976	0.006961223447
311977	0.002452578155
311978	0.004312351324
311979	0.001648205518
311980	0.003391860275
311981	0.001200443904
311982	3.121189449e-05
311983	0.006633916221
311984	0.003736327623
311985	0.004333929704
311986	0.002274331536
311987	0.005145016129
311988	0.00116610005
311989	0.008817139595
311990	0.008163024484
311991	0.000213050364
311992	0.001299440392
311993	0.00195336065
311994	0.002836707199
311995	0.0001063269469
311996	0.009019236581
311997	0.001752734005
311998	0.0101136828
311999	0.003432965834
312000	0.00204119391
312001	0.009462994797
312002	0.0006932937061
312003	0.002483582314
312004	0.001572683534
312005	0.00950061579
312006	0.005983232221
312007	0.0014963556
312008	0.001304676981
312009	1.30785278e-05
312010	0.003974916832
312011	0.004049590604
312012	0.00673694302
312013	0.001215152871
312014	0.002276517697
312015	0.006005019864
312016	0.001010023327
312017	0.001725631288
312018	0.01025427985
312019	0.008395424252
312020	0.00493899467
312021	0.002406558951
312022	0.0005735775372
312023	0.0004901884831
312024	0.003915690509
312025	0.008971053235
312026	0.004018874184
312027	0.002939757744
312028	0.0004472497522
312029	0.003928809557
312030	0.01056711101
312031	0.001736488185
312032	0.003301143923
312033	0.0003239719883
312034	0.001576530978
312035	0.003107259511
312036	0.000502175201
312037	0.0003592067725
312038	0.003994026454
312039	0.006265195018
312040	0.008500572879
312041	0.01043997282
312042	0.001730413392
312043	0.009004439059
312044	0.008207762346
312045	0.001124073115
312046	0.004347039615
312047	0.0008864989248
312048	0.01417828895
312049	0.002872236356
312050	0.01112716465
312051	0.002462188564
312052	0.003880456462
312053	0.00211254108
312054	0.00369524206
312055	0.003724199831
312056	0.005383308937
312057	0.0001990511126
312058	0.004145798388
312059	0.00356363538
312060	0.002366335185
312061	0.006318102025
312062	0.002367074243
312063	0.001987222753
312064	0.003104971714
312065	0.001276455968
312066	0.001921194997
312067	0.0008490540505
312068	0.01435080792
312069	0.001924493337
312070	0.008610633622
312071	9.607273879e-05
312072	0.005822728072
312073	0.005115937625
312074	0.009645364864
312075	4.730880091e-05
312076	0.001155855197
312077	0.004996965738
312078	0.009003875475
312079	0.000485753203
312080	0.002386508461
312081	0.002865660839
312082	0.004453467209
312083	0.002188917262
312084	0.007325497599
312085	0.001079966194
312086	0.002408545069
312087	0.001361458159
312088	0.003166353285
312089	0.005241866462
312090	0.000295562488
312091	0.005553350784
312092	0.002094187536
312093	0.003263611984
312094	0.004553254175
312095	0.001314836858
312096	0.001925335156
312097	0.002155664241
312098	0.0008532388728
312099	0.002512513936
312100	0.005695307948
312101	0.001002555495
312102	0.001046677338
312103	0.0006698039824
312104	0.00147833418
312105	0.0006099312842
312106	0.0007538628862
312107	0.003071849721
312108	0.0001855676293
312109	0.001092450688
312110	0.001277957305
312111	0.0001445081831
312112	0.0009473669769
312113	0.001418747882
312114	0.0003611473668
312115	0.002180928614
312116	0.001660897853
312117	0.001063084223
312118	0.001987769503
312119	0.001296481996
312120	0.001400496285
312121	0.001357013806
312122	0.001962344946
312123	0.001496167387
312124	0.001920666027
312125	0.002157507392
312126	0.001277408734
312127	0.001346310981
312128	0.001251539157
312129	0.001961942659
312130	0.0003002044995
312131	0.0008849534862
312132	0.001427151482
312133	0.00130200624
312134	0.0008326395468
312135	0.001116395046
312136	0.0009105939127
312137	0.001511588098
312138	0.0009854587312
312139	0.001350221134
312140	0.001578808597
312141	0.001422707034
312142	0.0008552133691
312143	0.00057370247
312144	0.002287539108
312145	0.001360387115
312146	0.001882840646
312147	0.001265352328
312148	0.0009683156235
312149	0.001421128772
312150	0.001301801904
312151	0.001084995085
312152	0.001563096452
312153	0.001566212781
312154	0.001834689832
312155	0.001140119889
312156	0.0004495092891
312157	0.001327820539
312158	0.00140467558
312159	0.0009678414945
312160	0.00149780678
312161	0.00169954208
312162	0.001262312402
312163	0.00103646105
312164	0.001351781484
312165	0.001925542232
312166	0.001815829768
312167	0.002081155192
312168	0.0015691228
312169	0.001799499099
312170	0.001909749243
312171	0.001528151627
312172	0.001811341555
312173	0.001130371318
312174	0.001457520527
312175	0.0004568268761
312176	0.001443259099
312177	0.001720468269
312178	0.001185391028
312179	0.0009795785069
312180	0.0005055160369
312181	0.002588337478
312182	0.001583867043
312183	0.001957004722
312184	0.001742184124
312185	0.001145988508
312186	0.001515661761
312187	0.002142267138
312188	0.002203276737
312189	0.001409698405
312190	0.001741555282
312191	0.00119293289
312192	0.001197052694
312193	0.00178596719
312194	0.001394901125
312195	0.001578411138
312196	0.001626385583
312197	0.000576929489
312198	0.001278567074
312199	0.001321449762
312200	0.00103782413
312201	0.0009549273238
312202	0.001112661677
312203	0.001126768591
312204	0.001345135267
312205	0.0006665978374
312206	0.001908983505
312207	0.0001915312254
312208	0.001787091554
312209	0.001642718287
312210	0.001393244215
312211	0.001558325947
312212	0.000165520029
312213	0.0008524131335
312214	0.0015231694
312215	0.0008451311856
312216	0.001808694045
312217	0.001511800127
312218	0.00213251303
312219	0.001802905868
312220	0.0006670809153
312221	0.001630784488
312222	0.001488488639
312223	0.001962014727
312224	0.00167726196
312225	0.001008852944
312226	0.001164723978
312227	0.002100564928
312228	0.0007459389215
312229	0.0003700942674
312230	0.002214558529
312231	0.0005297649274
312232	0.0003157865573
312233	0.001514216506
312234	0.001335428333
312235	0.0007871060243
312236	0.001625439577
312237	0.001557321836
312238	0.002233087053
312239	0.0006562941542
312240	0.0002575853618
312241	0.0018144902
312242	0.001514067482
312243	0.00149330902
312244	0.0006557108687
312245	0.002690148071
312246	0.001621126557
312247	0.001459825056
312248	0.001782462354
312249	0.002470792043
312250	0.00589919903
312251	0.002075478944
312252	1.738576953e-05
312253	0.003891508455
312254	0.001159987893
312255	0.003209415131
312256	0.008978035947
312257	0.001192703964
312258	0.006475415278
312259	0.001195079104
312260	0.0009035931901
312261	0.009690450233
312262	0.003328976378
312263	0.00076077652
312264	0.002016503624
312265	0.001828669028
312266	0.0009734738163
312267	0.0003857569071
312268	0.002311976569
312269	0.001229985885
312270	0.001366986684
312271	0.001299643259
312272	0.0008310972783
312273	0.0004431561525
312274	0.00156448209
312275	0.0003976752943
312276	0.001651179403
312277	0.0001426488882
312278	0.001014050931
312279	0.0002054826619
312280	0.001250298947
312281	0.000857212084
312282	0.0005360734815
312283	0.002564461962
312284	0.0005114064693
312285	0.001467433995
312286	0.00082894703
312287	0.001272643687
312288	0.001198132919
312289	0.00157680021
312290	0.003036662543
312291	0.0002310299396
312292	0.0003647895703
312293	0.0004724197429
312294	0.0001740791104
312295	0.0003322433145
312296	0.0009992742042
312297	0.001863702991
312298	0.001437540915
312299	0.0007535379103
312300	0.001240173163
312301	0.001279061831
312302	0.0002207609509
312303	0.0009826914855
312304	0.00185465571
312305	0.001421558777
312306	0.0003772739148
312307	0.001367945108
312308	0.001931529092
312309	0.002193923571
312310	0.001447132426
312311	0.002036641223
312312	0.001633827393
312313	0.00196498295
312314	0.001099326345
312315	0.001887342116
312316	0.001693303477
312317	0.0006188849917
312318	0.001301834084
312319	0.0009641722464
312320	2.965100773e-05
312321	0.001246830357
312322	0.00145765298
312323	0.0004067828046
312324	0.001825145334
312325	0.001144910346
312326	0.001529892619
312327	0.00157427295
312328	0.001875346613
312329	0.001316023356
312330	0.002802000766
312331	0.0005578695382
312332	0.003699715356
312333	0.0003864777005
312334	0.001010775092
312335	7.148611453e-05
312336	0.001233116948
312337	0.001257108715
312338	0.001991634768
312339	0.00156562451
312340	0.00153182447
312341	0.001941736389
312342	0.001198437547
312343	0.001731487809
312344	0.0006721746535
312345	0.001267032728
312346	0.001081116877
312347	0.001290588258
312348	0.0008766253291
312349	0.0009386587366
312350	0.001501144639
312351	0.001701335903
312352	0.002230277762
312353	0.0002320926117
312354	0.001843933038
312355	0.001435283388
312356	0.001643158227
312357	0.0007144732955
312358	0.002109940461
312359	0.001614753213
312360	0.001301163534
312361	0.001426913816
312362	0.0008211296757
312363	0.001140632907
312364	0.001779703639
312365	0.001538407502
312366	0.0009295105659
312367	0.0007203993226
312368	0.001159196669
312369	0.001119061835
312370	0.001323913452
312371	0.0006452612649
312372	0.000221219145
312373	0.001408352023
312374	0.002127286493
312375	0.001601592226
312376	0.001146588605
312377	0.002081335757
312378	0.0009907230332
312379	0.0006690514569
312380	0.00148075239
312381	0.001256726467
312382	0.001916603564
312383	0.0005471872326
312384	0.0005583622847
312385	0.001653198834
312386	0.0009522252372
312387	0.001450498063
312388	0.002172058064
312389	0.001038266249
312390	0.001081765946
312391	0.001192397935
312392	0.001508107777
312393	0.001367781474
312394	0.0008549374703
312395	0.0001664371395
312396	0.002197891112
312397	0.0009657717803
312398	0.001111768721
312399	0.001106726322
312400	0.001363112954
312401	0.0009539052136
312402	0.0009182022923
312403	0.001829734642
312404	0.0005600858907
312405	0.0008885609232
312406	0.003698060162
312407	0.002060882887
312408	0.001881380254
312409	0.00505461775
312410	0.001599464559
312411	0.001874291614
312412	0.01223255326
312413	0.001958196615
312414	0.002181423396
312415	0.004210809141
312416	0.005950573157
312417	0.002800817972
312418	0.002818587154
312419	0.00635820539
312420	0.007884602251
312421	0.005495396056
312422	0.00831428599
312423	0.0002247703581
312424	0.004790542194
312425	0.01415035208
312426	0.0104756848
312427	0.005134951123
312428	0.00210404761
312429	0.006989998414
312430	0.002988316473
312431	0.0002342089032
312432	0.005195363032
312433	0.00350449021
312434	0.002331189619
312435	0.001726255862
312436	0.001408707905
312437	0.00257084644
312438	0.0006435565166
312439	0.01137560623
312440	0.005986395177
312441	0.001079966194
312442	0.002315391132
312443	0.001225001376
312444	0.0007308605405
312445	0.001429970743
312446	0.001384372059
312447	0.000859263493
312448	0.0006844917334
312449	0.0005470628998
312450	0.0019291132
312451	0.002031562942
312452	0.001668446301
312453	0.0004392341926
312454	0.001982034588
312455	0.0002917672915
312456	0.0008306040656
312457	0.001457561063
312458	0.001165997972
312459	0.002115792552
312460	0.0005506301865
312461	0.000714961386
312462	0.0009242119175
312463	0.0004504540956
312464	0.001207394412
312465	0.001008587746
312466	0.0003320260343
312467	0.00197051522
312468	1.193944719e-05
312469	0.001545148551
312470	0.001337106021
312471	0.001781014566
312472	0.001811686495
312473	0.001080766323
312474	0.001190615227
312475	0.0004779492384
312476	0.001661967608
312477	0.001911630027
312478	0.0001520944951
312479	0.001483878892
312480	0.001571229936
312481	0.0006745434252
312482	0.004991400056
312483	0.0009774017163
312484	0.001476588198
312485	0.001081254895
312486	0.001067472929
312487	0.001224220865
312488	0.007619517202
312489	0.0008273242904
312490	0.008615878672
312491	0.009758562216
312492	0.0005166721309
312493	0.003771015158
312494	0.003072180017
312495	0.004845506549
312496	0.00858081926
312497	0.001102795558
312498	0.001134694131
312499	0.001275611678
312500	0.001387809008
312501	0.001192150052
312502	0.0009592579746
312503	0.001192729972
312504	0.0009299919965
312505	0.00236558355
312506	0.0008328085009
312507	0.001175582154
312508	0.001382862926
312509	0.001440512501
312510	0.002413910183
312511	0.002347689474
312512	0.001061658928
312513	0.001408981109
312514	0.001940637807
312515	0.002091968941
312516	0.002266509519
312517	0.001490309373
312518	0.001755876767
312519	0.001517689922
312520	0.002384314565
312521	0.001437703165
312522	0.001466253068
312523	0.001197060065
312524	0.0001857397239
312525	1.24370957e-05
312526	0.0006891840399
312527	0.001401941129
312528	0.0003456053992
312529	0.0006755858829
312530	0.001073325541
312531	0.001057814316
312532	0.000954216732
312533	0.001533616006
312534	0.0005507212092
312535	0.001689689767
312536	0.001482383107
312537	0.00172652331
312538	0.001561929776
312539	0.001885594456
312540	0.001170765606
312541	0.002116607403
312542	0.001842032248
312543	0.0008942713582
312544	0.001449213563
312545	0.002123466937
312546	0.002131162688
312547	0.0005701175545
312548	0.001839077026
312549	0.001659667429
312550	0.000786764182
312551	0.002346573271
312552	0.000906599496
312553	0.0012121544
312554	0.001475015599
312555	0.005633055038
312556	0.004010146434
312557	0.005226675389
312558	0.004809502425
312559	0.006239065139
312560	0.001964968882
312561	0.00171731959
312562	0.001380077272
312563	0.003820895768
312564	0.0005521539094
312565	0.007770840969
312566	1.51916007e-05
312567	0.002833142965
312568	0.001063940588
312569	0.002235077673
312570	0.0005012412115
312571	0.004691274614
312572	0.003704622481
312573	0.004726372033
312574	0.0002016297853
312575	0.006227776778
312576	0.0004534199498
312577	0.004027716808
312578	0.001672607973
312579	0.00353417313
312580	0.006992993781
312581	0.001745117549
312582	0.002035157198
312583	0.0009994831921
312584	0.000839464191
312585	0.002151469281
312586	0.001611855955
312587	0.0006079755611
312588	0.00679177498
312589	0.0002861827306
312590	0.002511937743
312591	0.009225718365
312592	0.0006414134267
312593	0.002682018294
312594	0.004383132291
312595	0.001337222067
312596	0.0008336113132
312597	0.002411673923
312598	0.0001545960461
312599	0.001431138187
312600	0.001165419335
312601	0.0007359993412
312602	0.001620634251
312603	0.001486772049
312604	0.0009998741249
312605	0.0007625788076
312606	0.0009073902741
312607	1.188330645e-05
312608	0.001950489379
312609	0.000462248181
312610	0.001275252256
312611	0.001875098475
312612	0.0004400814726
312613	0.001693589432
312614	0.001421960735
312615	0.0007576967477
312616	0.001630183005
312617	0.00170826138
312618	0.002221233788
312619	0.001133611171
312620	0.001632497741
312621	0.0006403922409
312622	0.001216586226
312623	0.001461923698
312624	0.001778331233
312625	0.0008111589653
312626	0.001503986658
312627	0.0002886050077
312628	0.0005863878132
312629	0.001042173474
312630	0.001518950898
312631	0.001144291233
312632	0.0005753234202
312633	0.001314757495
312634	0.0008159519821
312635	0.001782754075
312636	0.00252098952
312637	0.001216241886
312638	0.001262000297
312639	0.001052469019
312640	0.001665513386
312641	0.001025033146
312642	0.001315225537
312643	0.002477242526
312644	0.001607404848
312645	0.001687925311
312646	0.001356606958
312647	0.001562197217
312648	0.001148820467
312649	0.0007024257164
312650	0.001379785713
312651	0.001672536297
312652	0.001961384338
312653	0.001683448906
312654	0.0008139658096
312655	0.0004457626781
312656	0.0005992207332
312657	0.001245104142
312658	0.001991417756
312659	0.00158560422
312660	0.0007796052201
312661	0.001592854936
312662	0.001381743232
312663	0.0008021169589
312664	0.001321969534
312665	0.001372361806
312666	0.001951083148
312667	0.000977538376
312668	0.001365118542
312669	0.001759718697
312670	0.001615185256
312671	0.001414100367
312672	0.0017570055
312673	0.002168909547
312674	0.0009899432264
312675	0.001491917598
312676	0.001061158434
312677	0.001258263775
312678	0.002178642376
312679	0.0003386910123
312680	0.002806788799
312681	0.00168719881
312682	0.002227292884
312683	0.0004964722367
312684	0.001657071743
312685	0.0009830584453
312686	0.001482323007
312687	0.001354743612
312688	0.001136271084
312689	0.000326723792
312690	0.001919477111
312691	0.001718839548
312692	0.00197045646
312693	0.0009299281245
312694	0.001170774919
312695	0.0008272236694
312696	0.0006459466419
312697	0.001120404647
312698	0.001493567295
312699	0.000496218197
312700	0.00148912846
312701	0.0009372464045
312702	0.001354331988
312703	0.001916073442
312704	0.0009435824734
312705	0.001504756819
312706	0.001179000237
312707	0.001157175068
312708	0.001026494421
312709	0.001353081768
312710	0.0008342328557
312711	0.0004418374241
312712	0.001443032815
312713	0.00144876552
312714	0.0007412176784
312715	0.0007951963952
312716	0.001585554813
312717	0.001321483219
312718	0.0008408191263
312719	0.0006254513722
312720	0.0005130657637
312721	0.001141570583
312722	0.001319183136
312723	0.001278938254
312724	0.001535809833
312725	0.0007554812451
312726	0.001873045684
312727	0.001573224789
312728	0.001640204044
312729	8.199398728e-05
312730	0.001064591927
312731	0.001615525241
312732	0.0008975769077
312733	0.0005179798119
312734	0.0005782375438
312735	0.001686542712
312736	0.001622519286
312737	0.001018648409
312738	0.0008497729776
312739	0.001165775588
312740	0.001030395169
312741	0.001461749428
312742	0.001041109861
312743	0.0007146195049
312744	0.00142208556
312745	0.0004153393394
312746	0.00105522403
312747	0.002047137738
312748	0.0009996361609
312749	0.0004047408357
312750	0.0005543029741
312751	0.001092028362
312752	0.001172702913
312753	0.001282237838
312754	0.001312130938
312755	0.001457128536
312756	0.0002381400214
312757	0.0005023997505
312758	0.001082213521
312759	0.001866937132
312760	0.001047627727
312761	0.00110138085
312762	0.0007655062654
312763	0.001040342578
312764	0.000998236631
312765	0.001479553002
312766	0.0007285609661
312767	0.001957107101
312768	0.001400183059
312769	0.0009985610415
312770	0.001920813939
312771	0.001753577959
312772	0.001679683211
312773	0.0004779254052
312774	0.001207962029
312775	0.001457472715
312776	0.001200164174
312777	0.001193672495
312778	0.001684913568
312779	0.001007962609
312780	0.0009554717711
312781	0.002569096496
312782	0.00160167012
312783	0.0005685925304
312784	0.002177918969
312785	0.0009257459001
312786	0.002023493674
312787	0.0009586489118
312788	0.002026806318
312789	0.0006688690114
312790	0.001093542994
312791	0.001711284453
312792	0.0006107811836
312793	0.0005146605809
312794	0.0007143360963
312795	0.002129838044
312796	0.0006928970715
312797	0.001384125338
312798	0.001454294007
312799	0.001490121083
312800	0.0003562757257
312801	0.001442106878
312802	0.001527055393
312803	0.001331595792
312804	0.002308617986
312805	0.0003509525443
312806	0.00150226212
312807	0.0003586985637
312808	0.002152365321
312809	0.001038889026
312810	0.001614793646
312811	0.001847781293
312812	0.001273839934
312813	0.002173164674
312814	0.001336037794
312815	0.0006036272498
312816	0.001288256317
312817	0.001352725979
312818	0.0008134339782
312819	0.0004925502728
312820	0.001468920283
312821	0.001151519339
312822	0.0003978079979
312823	0.0009105213565
312824	0.00129822085
312825	0.001910874492
312826	0.001249725709
312827	0.001950571158
312828	0.002867758363
312829	0.00246575595
312830	0.003125330718
312831	0.002746966564
312832	0.0003277306416
312833	0.001912165614
312834	0.004492452069
312835	0.007173910033
312836	0.00174241261
312837	0.0031444091
312838	0.002375156644
312839	0.00140824318
312840	0.005074166286
312841	0.001456343373
312842	0.0002652370904
312843	0.002304540242
312844	0.003004155612
312845	0.001328598267
312846	0.006318401327
312847	0.000193661459
312848	0.004969920391
312849	0.001962748265
312850	0.004865343996
312851	0.0003626019024
312852	0.0003709155833
312853	5.270127306e-05
312854	0.001412104029
312855	0.003688984361
312856	0.0009440219351
312857	0.0004172085841
312858	0.003731819088
312859	0.0002159943459
312860	0.003800508769
312861	0.006096129058
312862	0.001417465535
312863	0.001966040348
312864	0.005532885247
312865	0.001886061069
312866	0.003178676909
312867	0.001344503907
312868	0.001601195539
312869	0.0004071082737
312870	0.005763201805
312871	0.005031406701
312872	0.005091681122
312873	0.002023514084
312874	0.000143805739
312875	0.003239700719
312876	0.005524004597
312877	0.0004955383491
312878	5.476682423e-05
312879	0.003748418342
312880	0.001446469081
312881	0.002522442634
312882	6.552627605e-05
312883	0.004807202245
312884	0.007531031633
312885	0.001227644976
312886	0.009752613501
312887	0.006087563655
312888	0.005173547985
312889	0.0005341366221
312890	0.008046461819
312891	0.0009998115526
312892	0.004327929737
312893	0.000499307704
312894	0.002418964314
312895	0.0007990054565
312896	0.004725135447
312897	0.009382428611
312898	0.008905495295
312899	0.006319189768
312900	0.005583057205
312901	0.0006592480693
312902	0.001973858853
312903	0.009339408407
312904	0.002263845647
312905	0.004689342012
312906	0.001453043658
312907	0.000435596479
312908	0.0008216281486
312909	0.001019589171
312910	0.0003129104994
312911	0.001007374222
312912	6.35226259e-05
312913	0.0006874001754
312914	0.001552974266
312915	0.002287488243
312916	0.001203797095
312917	0.001752364812
312918	0.0003931663286
312919	0.001435462127
312920	0.001251912738
312921	0.001724675642
312922	0.001489054016
312923	0.001921908322
312924	0.0002223213426
312925	0.001450173788
312926	0.00216668834
312927	0.001364694899
312928	0.002442918387
312929	0.001403051454
312930	0.0009014410353
312931	0.0003110430493
312932	0.001955229236
312933	0.001005488758
312934	0.001880047905
312935	0.001287309683
312936	0.001718334879
312937	0.002538058039
312938	0.001255968379
312939	0.002262468446
312940	0.001710375126
312941	0.001205945126
312942	0.0009770363632
312943	0.001398368582
312944	0.002235787353
312945	0.0009347669335
312946	0.001425297585
312947	0.0006586326373
312948	0.0006200328436
312949	0.0006958733159
312950	0.0009439676946
312951	0.001301848874
312952	0.0009782311742
312953	0.001758955775
312954	0.001514858859
312955	0.003265471407
312956	0.0004067866317
312957	0.0007254488557
312958	0.001518957902
312959	0.001455003194
312960	0.001379022474
312961	0.001077589717
312962	0.0005661949657
312963	0.0006390598746
312964	0.002183490325
312965	0.001218454946
312966	0.001307434351
312967	0.0006691807147
312968	0.001180484367
312969	0.001870445305
312970	0.001608075303
312971	0.001372927227
312972	0.0002626691516
312973	0.001565953976
312974	0.0008952549429
312975	0.01198212581
312976	0.0008706136045
312977	0.00856375606
312978	0.00520885285
312979	0.00154039146
312980	0.001219796074
312981	0.002341095639
312982	0.0006301762344
312983	0.001138098512
312984	0.0009434391269
312985	0.001612792059
312986	0.001987876427
312987	0.001345428713
312988	0.0009244921864
312989	0.001480345189
312990	0.002214372141
312991	5.78080293e-05
312992	0.0005482212846
312993	0.00125345795
312994	0.001789565746
312995	1.42251548e-05
312996	0.001603897313
312997	0.00167559336
312998	0.000971721864
312999	0.001810652293
313000	0.002053994482
313001	0.001368130903
313002	0.001245837422
313003	0.001805117694
313004	0.0002644235368
313005	0.0004056611451
313006	0.001519815285
313007	0.001255718093
313008	0.001447550771
313009	0.00108737497
313010	0.001296396224
313011	0.00121562154
313012	0.0008290336621
313013	0.001772716413
313014	0.002043296601
313015	0.0003942125699
313016	0.001775267729
313017	0.001141391088
313018	0.001189987869
313019	0.001310137033
313020	0.001475528283
313021	0.001031460045
313022	0.001106034113
313023	0.0008227822792
313024	0.002090306467
313025	0.0007714478728
313026	0.001057949852
313027	0.002088965156
313028	0.001280518696
313029	0.0005692966605
313030	0.0003041497587
313031	0.001057611257
313032	0.0008666526078
313033	0.00214058373
313034	0.001230248153
313035	0.0006585610238
313036	0.001481431468
313037	0.001667726493
313038	0.001397413417
313039	0.001280256539
313040	0.001753331265
313041	0.000946143654
313042	4.499980818e-05
313043	0.001456630962
313044	0.0009049582581
313045	0.0004398518919
313046	0.001659233027
313047	0.00093549174
313048	0.001035529417
313049	0.0004245945918
313050	0.0008987352419
313051	0.001687786603
313052	0.001304099298
313053	0.00141755367
313054	0.0007883372066
313055	0.001426559003
313056	0.001229008398
313057	0.000397234196
313058	0.00154461114
313059	0.0008915460641
313060	0.0006035320251
313061	0.002451684088
313062	0.0008225213688
313063	0.001255590558
313064	0.001754671227
313065	0.001073490609
313066	0.001499467144
313067	0.002215595696
313068	0.001226867609
313069	0.001818780654
313070	0.001619651118
313071	0.001699218855
313072	0.00108879824
313073	0.0004960068793
313074	0.001306555824
313075	0.001547935925
313076	0.002052515857
313077	0.001588832905
313078	0.001335617109
313079	0.001595150522
313080	0.002042323634
313081	0.001726322049
313082	0.0006516496549
313083	0.001094994955
313084	0.0007308256758
313085	0.001041958697
313086	0.001695046417
313087	0.001966977383
313088	0.0006263557371
313089	0.001626953724
313090	0.0008463691828
313091	0.001508568647
313092	0.001281391306
313093	0.001534151074
313094	0.001097951677
313095	0.0016200992
313096	0.001381163202
313097	0.0004640693624
313098	0.002014142385
313099	0.00151713328
313100	0.0002956707834
313101	0.0007274797947
313102	0.0011181841
313103	0.001496069573
313104	0.0007082657498
313105	0.0009926695983
313106	0.001143529844
313107	0.001221733205
313108	0.00130897875
313109	0.001957068645
313110	0.0006856030312
313111	0.00189155069
313112	0.0004787164471
313113	0.0004643346822
313114	0.001472129407
313115	0.001256878568
313116	0.0005154654678
313117	0.001565904245
313118	0.001292740977
313119	0.0008940659616
313120	0.00111073462
313121	0.00218824609
313122	0.001429357151
313123	0.00136265349
313124	0.002135562104
313125	0.001350283013
313126	0.001053256937
313127	0.00123929689
313128	0.001546325967
313129	0.0007517588368
313130	0.001388066608
313131	0.001735920685
313132	0.001670114953
313133	0.001826801631
313134	0.001385887636
313135	0.001219870999
313136	0.0009212088105
313137	0.001308877189
313138	0.001375398369
313139	0.00113179787
313140	0.001147083661
313141	0.001262009626
313142	0.001189101897
313143	0.001697368179
313144	0.0008175324558
313145	0.001995925415
313146	0.001239285088
313147	0.001944672237
313148	0.003611961427
313149	0.003612367462
313150	0.004260288707
313151	0.003355282967
313152	0.003794150901
313153	0.002318867868
313154	0.002775487772
313155	0.003302634118
313156	0.003667963258
313157	0.001083574896
313158	0.001502728061
313159	0.001217037441
313160	0.001764047833
313161	0.001620605796
313162	0.001458824359
313163	0.001948219835
313164	7.010780061e-05
313165	0.001212781923
313166	0.002226705377
313167	0.001792830124
313168	0.002110577076
313169	0.001210597554
313170	0.001735853906
313171	0.001057947617
313172	0.001439812634
313173	0.001692461997
313174	0.0009511523515
313175	0.001163726909
313176	0.001279734832
313177	0.0006930757637
313178	0.002612606811
313179	0.001196257129
313180	0.001946587004
313181	0.0005733700567
313182	0.001034494146
313183	0.001453178691
313184	0.004617817741
313185	0.000988776706
313186	0.0021659742
313187	0.0020381487
313188	0.004654987801
313189	0.001944208257
313190	0.0006451240883
313191	0.001531256468
313192	0.0009250924721
313193	0.001920816223
313194	0.005108068014
313195	0.001843773202
313196	0.001946113484
313197	0.002016092245
313198	0.00135848155
313199	0.001039211941
313200	0.001785200309
313201	0.00145915386
313202	0.001555017378
313203	0.0001244130796
313204	0.0004997231243
313205	0.001408703211
313206	0.00183398938
313207	0.0004265538539
313208	0.001163193215
313209	0.001517161139
313210	0.001054495651
313211	0.001474851311
313212	0.0005154628616
313213	0.0007154301428
313214	0.0009050576488
313215	0.0004403321954
313216	0.001187411687
313217	0.001736440999
313218	0.001911796787
313219	0.001277332627
313220	0.001443357605
313221	0.001641009309
313222	0.002145639232
313223	0.001451903577
313224	0.001471454699
313225	0.001474931058
313226	0.0007842667581
313227	0.0008358620787
313228	0.001274143152
313229	0.0008375319172
313230	0.002263048816
313231	0.001840368391
313232	0.001555561193
313233	0.001649507004
313234	0.002123381499
313235	0.001946319518
313236	0.001368741217
313237	0.0007343069599
313238	0.001807128236
313239	0.001603258411
313240	0.001612764321
313241	0.00186353181
313242	0.001485460586
313243	0.001716983725
313244	0.001939742034
313245	0.001720693663
313246	0.001947328272
313247	0.0001708261127
313248	0.003186710791
313249	0.0005757015888
313250	0.001443714782
313251	0.001208959021
313252	0.001589837182
313253	0.001175623709
313254	0.001275713436
313255	0.001499031359
313256	0.001661208485
313257	0.001242396218
313258	0.001121569456
313259	0.001438043236
313260	0.001001391466
313261	0.001565443428
313262	0.00194841787
313263	1.63669195e-06
313264	0.00156288593
313265	0.001459868274
313266	0.0003033226582
313267	0.0008757704006
313268	0.001192379914
313269	0.001337857804
313270	0.001532639899
313271	0.001379385626
313272	0.001032204545
313273	0.0003245266166
313274	0.001070771838
313275	0.001638348406
313276	0.0006678772002
313277	0.001703450217
313278	0.002332782611
313279	0.0008886330736
313280	0.0003653420906
313281	0.0008904761746
313282	0.001330823527
313283	0.001112617462
313284	0.001244294549
313285	0.0003621577579
313286	0.001440667911
313287	0.001009973499
313288	0.001510666106
313289	0.0009945440861
313290	0.0003610609455
313291	0.00197808276
313292	0.001430873389
313293	0.002145727575
313294	0.001489022684
313295	0.001659148983
313296	0.001308133631
313297	0.001430088001
313298	0.001433839986
313299	0.0007557343104
313300	0.001251799928
313301	0.001848640675
313302	0.002363640371
313303	0.001434881156
313304	0.004596266496
313305	0.00143270288
313306	0.001711335048
313307	0.00118097825
313308	0.001400869869
313309	0.001259631856
313310	0.001136027311
313311	0.0007757621765
313312	0.001597166971
313313	0.0006992852308
313314	0.001476638758
313315	0.002415898556
313316	0.001406358127
313317	0.0002285118564
313318	0.0008952875672
313319	0.001489719678
313320	0.001765510416
313321	0.002227708679
313322	0.001803351104
313323	0.000798796006
313324	0.001162329711
313325	0.001533327719
313326	0.001125195777
313327	0.001328028761
313328	0.0008756408954
313329	0.001315417454
313330	0.001152746099
313331	0.001782674155
313332	0.001584871647
313333	0.001510248483
313334	0.001698684298
313335	0.001943941685
313336	9.635736351e-05
313337	0.001820581308
313338	0.001226699534
313339	0.002344558336
313340	0.000129105215
313341	0.001585936007
313342	0.001625616708
313343	0.002046999072
313344	0.0009226033874
313345	0.001062689442
313346	0.001037880567
313347	0.003839423738
313348	0.005335560499
313349	0.0002519205883
313350	0.000436642711
313351	4.924668818e-05
313352	0.0009510594156
313353	0.001056497334
313354	0.001915725138
313355	0.0005401743707
313356	0.001018239425
313357	0.0008935552931
313358	0.002882917136
313359	0.0036371095
313360	0.004776652562
313361	0.001025257887
313362	0.002161919802
313363	0.005643248278
313364	0.005079816033
313365	0.008360541918
313366	0.005840256713
313367	0.007229211963
313368	0.006863369949
313369	0.006105835859
313370	0.005243097766
313371	0.005182113915
313372	0.005647229704
313373	0.005445908104
313374	0.005694898013
313375	0.005547771148
313376	0.005428750931
313377	0.005686361342
313378	0.006101563176
313379	0.005452847305
313380	0.005434701404
313381	0.005559071293
313382	0.005148997338
313383	0.005091139457
313384	0.005544115039
313385	0.005775183834
313386	0.00685398487
313387	0.006441216561
313388	0.00504169856
313389	0.005426306919
313390	0.005283970987
313391	0.005622664845
313392	0.005464970981
313393	0.005050691838
313394	0.005991997331
313395	0.005369731374
313396	0.005467549171
313397	0.005433451442
313398	0.007118428245
313399	0.005714030113
313400	0.005416969871
313401	0.006103595706
313402	0.005306553366
313403	0.005025949661
313404	0.005340352949
313405	0.005405710817
313406	0.003120493594
313407	0.005338433001
313408	0.005666287023
313409	0.01066008998
313410	0.002526372856
313411	0.006406857803
313412	0.005356791969
313413	0.005617942045
313414	0.00391884219
313415	0.00522725246
313416	0.005714221441
313417	0.004959086358
313418	0.006629189237
313419	0.005794226874
313420	0.003324169812
313421	0.005048639078
313422	0.003893353342
313423	0.005652610374
313424	0.001571182211
313425	0.005283231841
313426	0.005112912151
313427	0.004798005082
313428	0.004003712686
313429	0.0002848744852
313430	0.0003147019312
313431	0.0001966796548
313432	0.0004235484409
313433	0.0004843739456
313434	5.473907448e-05
313435	0.002263637964
313436	0.00049792664
313437	0.0006048387829
313438	8.000905563e-05
313439	0.0008331433139
313440	0.0001571273719
313441	0.0006336643277
313442	0.0005759400595
313443	0.003096690829
313444	0.001236542252
313445	0.0005590204611
313446	0.005749963299
313447	0.0006924705546
313448	0.0001968711439
313449	5.974699034e-06
313450	0.0002583702433
313451	0.0006354087419
313452	0.000881705796
313453	6.974960829e-05
313454	8.844658698e-05
313455	0.0003095937288
313456	2.623130163e-05
313457	0.0006157970937
313458	0.0005102733766
313459	0.0002989586883
313460	0.0003031949802
313461	0.0001159979879
313462	0.0005849473002
313463	2.026243904e-05
313464	0.0001968140096
313465	1.946525517e-08
313466	0.0002466602106
313467	0.001545238811
313468	0.0003250567582
313469	0.000927442982
313470	0.0002204652551
313471	0.0002697053069
313472	2.623192216e-05
313473	0.0003586914726
313474	0.000435691765
313475	0.001219699617
313476	0.0006620765916
313477	0.0001391146735
313478	0.0006928602279
313479	0.0004189544871
313480	0.0003634281021
313481	0.0002182023948
313482	0.0004305575036
313483	0.000601203986
313484	0.0003022606483
313485	0.002724568596
313486	0.0001347663701
313487	0.003416325213
313488	0.001815699578
313489	0.003909468345
313490	0.005992438567
313491	0.001874705275
313492	0.0006158693511
313493	0.0008026120819
313494	0.0003381577889
313495	0.001008935934
313496	0.003203064478
313497	0.0150175999
313498	0.007421391468
313499	0.00622461973
313500	0.0007734328087
313501	0.01346387031
313502	0.001646330619
313503	0.001103154237
313504	0.0006904266253
313505	0.0005455834091
313506	0.001745881305
313507	0.01174853225
313508	0.008285481763
313509	0.0124991829
313510	0.006772859729
313511	0.006910615629
313512	0.001593207043
313513	0.0008191041334
313514	0.0009958094038
313515	0.002037014808
313516	0.00213605486
313517	0.00204761284
313518	0.002010512707
313519	0.001479897657
313520	0.001492927874
313521	0.002058673816
313522	0.002051926683
313523	0.001558707525
313524	0.002160590192
313525	0.0005049452249
313526	0.001295819561
313527	0.002860780353
313528	0.002344369755
313529	0.001915555936
313530	0.002407208713
313531	0.001809725773
313532	0.002643516147
313533	0.001579107477
313534	0.000508687077
313535	0.001447878015
313536	0.001655465143
313537	0.001995864105
313538	0.001960386952
313539	0.005036082786
313540	0.006307415748
313541	0.006478256366
313542	0.007069091443
313543	0.00680049546
313544	0.005628637334
313545	0.00704427104
313546	0.006721618141
313547	0.00623576203
313548	0.006136089453
313549	0.006144896601
313550	0.007031339205
313551	0.006278756522
313552	0.006214588843
313553	0.006594118229
313554	0.004552955717
313555	0.007586594517
313556	0.00572346548
313557	0.007220648465
313558	0.005846559399
313559	0.00661799682
313560	0.005888481637
313561	0.006097002658
313562	0.005888580889
313563	0.005767413787
313564	0.00685477472
313565	0.006042096746
313566	0.006304763492
313567	0.005653275292
313568	0.005732769235
313569	0.005674488885
313570	0.00536065743
313571	0.006062973866
313572	0.006251182916
313573	0.009411459348
313574	0.005643643472
313575	0.00553498807
313576	0.006656249066
313577	0.005552326991
313578	0.003643787371
313579	0.007215804924
313580	0.001048320222
313581	0.003844527115
313582	0.0009727300534
313583	0.00267435246
313584	0.002004513649
313585	0.00127519344
313586	0.0001670287411
313587	0.0005931168859
313588	0.0002071819497
313589	0.001348479285
313590	0.0009554452844
313591	0.001252876329
313592	0.002245302038
313593	0.004704354752
313594	0.01079035707
313595	0.0005261502371
313596	0.01016551949
313597	0.009450173398
313598	0.02089665078
313599	0.00476193435
313600	0.004041991332
313601	0.0002957450818
313602	0.003853287028
313603	8.523323028e-05
313604	0.0116633492
313605	0.001906211318
313606	0.01151083892
313607	0.003467854192
313608	0.01152216717
313609	0.001697374243
313610	0.0230591654
313611	0.01360118493
313612	0.002041388901
313613	0.002792992355
313614	0.006133419022
313615	0.004966324294
313616	0.01045471865
313617	0.02349117052
313618	0.01378064058
313619	0.007241769441
313620	0.01695298898
313621	0.001076130844
313622	0.0009842442978
313623	0.005464352821
313624	0.01348142503
313625	0.002600415206
313626	0.01009857223
313627	0.003675031719
313628	0.005637774286
313629	0.0009196760302
313630	0.0001324117849
313631	0.0006012466413
313632	0.004636974151
313633	0.002090143486
313634	0.001701775713
313635	0.0008243106244
313636	0.01181475866
313637	0.005010992695
313638	0.0008168385304
313639	0.009079778253
313640	0.008894387389
313641	0.002094256509
313642	0.00653914402
313643	0.005998253961
313644	0.008469633851
313645	0.003551035534
313646	0.007491987365
313647	4.674554929e-05
313648	0.01443934516
313649	0.01189941888
313650	0.004486589267
313651	0.008340652333
313652	0.004072964636
313653	0.001087712686
313654	0.00105230441
313655	0.0006358188213
313656	0.001177958431
313657	0.005796345144
313658	0.003089788802
313659	0.0003631792981
313660	0.01084660751
313661	0.009540330118
313662	0.005504047076
313663	0.0028661028
313664	0.0009073433041
313665	0.0008506518154
313666	0.0001240962808
313667	0.003014259425
313668	0.006365532587
313669	0.001864811544
313670	0.001556226021
313671	0.0004304861433
313672	0.0118155944
313673	0.00173427054
313674	0.002525092214
313675	0.0002545479187
313676	0.008676741905
313677	0.002046904534
313678	0.001272908947
313679	0.006319525472
313680	0.001579167981
313681	0.003944854666
313682	0.002166596268
313683	0.004048174882
313684	0.004062163022
313685	0.001170224687
313686	0.0001918994793
313687	0.002754552018
313688	0.0009036107713
313689	0.002744978644
313690	7.02689167e-07
313691	0.001180646239
313692	0.001006229757
313693	5.782485832e-06
313694	9.575614815e-07
313695	0.0002555845422
313696	0.0001199008957
313697	1.629810762e-06
313698	5.195736782e-05
313699	0.0004818052199
313700	0.0003813675699
313701	0.000487581391
313702	0.0009274363109
313703	5.748044976e-07
313704	0.0001707861164
313705	9.215189975e-05
313706	0.006115930637
313707	0.001002004136
313708	4.256906696e-05
313709	0.01148560737
313710	0.005433040701
313711	0.002645647646
313712	0.0008465632713
313713	0.005370069501
313714	0.00241941323
313715	0.001560604435
313716	0.003465393202
313717	0.004077505333
313718	0.005480118701
313719	0.002171634633
313720	0
313721	0.01300178591
313722	0.01320738054
313723	0.0005950603841
313724	0.002057938949
313725	0.01746696041
313726	0.004571087356
313727	0.0006082444666
313728	0.002120446552
313729	0.005092284137
313730	0.007710974052
313731	0.005113200028
313732	0.003127003035
313733	0.003894819797
313734	0.009565280043
313735	0.007197180322
313736	0.001237603714
313737	0.001966774873
313738	0.0008063094886
313739	0.001629631768
313740	0.005822564836
313741	0.001579767923
313742	0.01155335855
313743	0.001642310058
313744	0.0005688714399
313745	0.002120467561
313746	0.01299260028
313747	0.007398561866
313748	0.004722078403
313749	0.0004724978065
313750	0.00686402142
313751	0.007478620881
313752	0.004591304872
313753	0.001680344058
313754	0.01014262587
313755	0.001096206409
313756	0.0001769743446
313757	0.007284624361
313758	0.01059616094
313759	0.006378247518
313760	0.0003351813557
313761	0.007076076922
313762	0.007758104595
313763	0.0007255419891
313764	0.00147726081
313765	0.013085026
313766	0.004315726532
313767	0.0002003724536
313768	0.0003342246191
313769	0.002514503546
313770	0.001326020104
313771	0.003430897995
313772	0.005249459432
313773	0.0007836107247
313774	0.0001770988517
313775	0.006325085302
313776	0.005745606942
313777	0.008726631402
313778	0.000799205755
313779	0.0129521914
313780	0.004642705613
313781	0.006264949011
313782	0.005033714125
313783	0.005771740581
313784	0.003894136233
313785	0.0009067688815
313786	0.009928686954
313787	0.002180358246
313788	0.003964042579
313789	0.0002595765444
313790	0.003954931213
313791	0.001238628745
313792	0.001825251547
313793	0.004034809506
313794	0.009859824918
313795	0.003521827933
313796	0.003217837653
313797	0.00240165048
313798	0.002111643568
313799	0.001418942425
313800	0.006809483442
313801	0.005363949013
313802	0.0002379141126
313803	0.005318408613
313804	0.001237509359
313805	0.004022662538
313806	0.0006684125069
313807	0.0001315923964
313808	0.00621885017
313809	0.01083339435
313810	0.008907022677
313811	0.002156109605
313812	0.001289775264
313813	0.01224289094
313814	0.00820014761
313815	0.007579146962
313816	0.006397243683
313817	0.004166808403
313818	0.001058292831
313819	0.007375658033
313820	0.009146591611
313821	0.002597928708
313822	0.001972583051
313823	0.008486995385
313824	0.005323851804
313825	0.006464350306
313826	0.0009889218857
313827	0.001185377028
313828	0.001917480763
313829	0.007249106039
313830	0.007713228769
313831	0.0004734270956
313832	0.008435022362
313833	0.008884151622
313834	0.0001111464598
313835	0.008652130857
313836	0.003886636389
313837	0.007885605263
313838	0.005278640694
313839	8.574063801e-05
313840	0.01197541024
313841	0.002346440681
313842	0.001207211686
313843	0.01421562566
313844	0.004953365871
313845	0.001785487929
313846	0.0006742084085
313847	0.01037117071
313848	0.009175973687
313849	0.0007131639663
313850	0.0008309130098
313851	0.0009735564881
313852	0.008910003773
313853	0.005783143221
313854	0.003466305665
313855	0.001388757603
313856	0.00126735848
313857	0.009125611832
313858	0.001523852459
313859	0.003204850914
313860	0.003721425975
313861	0.002740687276
313862	0.003148998917
313863	0.004179519602
313864	0.005686463091
313865	0.01144816235
313866	0.006961593419
313867	0.00191575119
313868	0.00507698007
313869	0.001704586722
313870	0.002251311776
313871	0.007541855044
313872	0.003982076187
313873	0.005152903833
313874	0.0007689258976
313875	0.0006387595428
313876	0.005682194663
313877	0.001216869147
313878	0.0008666975924
313879	0.005608656525
313880	0.01584842219
313881	0.001531044628
313882	0.008801399212
313883	0.004711465915
313884	0.005416101514
313885	0.01121294387
313886	0.004120522893
313887	0.008850638717
313888	0.002513487292
313889	0.003875745757
313890	4.555948965e-05
313891	0.002111893334
313892	0.003209140072
313893	0.008521289003
313894	0.0006511257676
313895	0.003573016068
313896	0.004332332003
313897	0.0001722412833
313898	0.00768974285
313899	0.00560622981
313900	0.00946808424
313901	0.00705299918
313902	0.0003031358077
313903	0.006525438701
313904	0.0006217250096
313905	0.004098661911
313906	0.004836599489
313907	0.0002534030634
313908	0.002015985589
313909	0.003945106196
313910	0.0009947601971
313911	0.007529252939
313912	0.002183827087
313913	0.005357020882
313914	0.0005154726166
313915	0.01551537218
313916	0.007510472626
313917	0.002071126514
313918	0.000376592765
313919	0.007625308895
313920	0.001730224708
313921	0.009634673892
313922	0.004202203823
313923	0.001123983237
313924	0.002998615127
313925	0.006614132636
313926	0.008000177538
313927	0.01557310463
313928	0.009746942213
313929	0.001740769584
313930	0.00874958424
313931	7.708140948e-05
313932	0.0007061673597
313933	0.009303882437
313934	0.00442825492
313935	0.006309494875
313936	0.00877309085
313937	0.002615214088
313938	0.002288121718
313939	0.001422519367
313940	0.001894406346
313941	0.01212033619
313942	0.002388149864
313943	0.003962804834
313944	0.00128269867
313945	0.002480777317
313946	0.0008633235455
313947	0.004633762331
313948	0.008657368112
313949	0.001786585353
313950	0.009100875539
313951	0.002147535345
313952	0.00450942436
313953	0.007038342617
313954	0.01333199025
313955	0.005316481569
313956	0.00157665248
313957	0.005402573464
313958	0.002158497128
313959	0.003555713339
313960	0.003521539705
313961	0.0007682633216
313962	0.006922569067
313963	0.001313299362
313964	0.001201323598
313965	0.01195078757
313966	0.004916086409
313967	0.004263281563
313968	0.004767902232
313969	0.003791314275
313970	0.002951715499
313971	0.01176518089
313972	0.0006024634605
313973	0.0009018802541
313974	0.0006086922253
313975	0.003366451758
313976	0.004227571596
313977	0.01019372134
313978	0.003859298862
313979	0.005399379513
313980	0.0004629577854
313981	0.006033745875
313982	0.003980797208
313983	0.001132086059
313984	0.006161466715
313985	0.01125159019
313986	0.008022254192
313987	0.004348009386
313988	0.002199612046
313989	0.0001113919796
313990	0.008206279886
313991	0.001135712338
313992	0.004924291906
313993	0.006136330131
313994	0.001459577317
313995	0.003906290006
313996	0.0125648758
313997	0.01010085385
313998	0.003470351828
313999	0.001162652033
314000	0.003366463196
314001	0.001075880429
314002	0.00204699497
314003	0.002046800101
314004	0.005828899741
314005	0.01137545608
314006	0.01111023946
314007	0.003203165194
314008	0.005729274212
314009	0.003199253529
314010	0.006999855137
314011	0.001223099109
314012	0.007893844172
314013	0.001711110968
314014	0.00675762043
314015	0.005714269854
314016	0.0005968969735
314017	0.002976403779
314018	0.002394700887
314019	0.00886663363
314020	0.01066625611
314021	0.005484318182
314022	4.250413048e-05
314023	0.0006349360793
314024	5.285748778e-05
314025	0.00572571247
314026	0.003596299389
314027	1.319487648e-06
314028	0.0002138001489
314029	0.001219151858
314030	0.003332516703
314031	0.006185152625
314032	0.007328121579
314033	0.006412152297
314034	0.002095262217
314035	0.004441530946
314036	0.004099732065
314037	0.004609836526
314038	0.01099270617
314039	0.003354321526
314040	0.006679366593
314041	0.002591823916
314042	0.0112124146
314043	0.004032469055
314044	0.0005232324661
314045	0.003265759399
314046	0.007709079499
314047	0.006239182993
314048	0.01376017855
314049	0.005099062588
314050	0.005234186197
314051	0.00860833548
314052	0.002795361227
314053	0.005569746554
314054	0.006443751229
314055	0.003252091112
314056	0.008160213772
314057	0.0008535134344
314058	0.00104452531
314059	0.003775826325
314060	0.001308354893
314061	0.003036478729
314062	0.003017368027
314063	0.003470905863
314064	0.002415054674
314065	0.002695066834
314066	0.007511114897
314067	0.001116543605
314068	0.002282783268
314069	0.01548367406
314070	0.01195534163
314071	0.004649818255
314072	0.005609323078
314073	0.01078797801
314074	0.004932523052
314075	0.01182125973
314076	0.003770679853
314077	0.006202027022
314078	0.001846122371
314079	0.008879091368
314080	2.456677235e-05
314081	0.003783097778
314082	0.01336918747
314083	0.006506164816
314084	0.006475048978
314085	0.007164895745
314086	0.002034719533
314087	0.005968984313
314088	0.006199532846
314089	0.003258509763
314090	0.004135238759
314091	0.001555747717
314092	0.005318188032
314093	0.002994721533
314094	0.0010550808
314095	0.004935856004
314096	0.002785146282
314097	0.006158063252
314098	0.001520055242
314099	0.002414774463
314100	0.002116691829
314101	0.003982993484
314102	0.003859124697
314103	0.0005841456202
314104	0.01147175052
314105	0.003261238232
314106	0.01832704633
314107	0.009772317616
314108	0.009651076803
314109	0.005100086869
314110	0.003490733392
314111	0.01027795581
314112	0.008132258831
314113	0.002392961847
314114	0.0070738169
314115	0.002590148558
314116	0.003168630837
314117	0.003247418741
314118	0.006231072259
314119	0.004920323381
314120	0.0006491891639
314121	0.001157635032
314122	0.005123497086
314123	0.004329902496
314124	0.001554721273
314125	0.001508887778
314126	0.002862564764
314127	0.002972117849
314128	0.006512580634
314129	0.0005524844662
314130	0.0003281245559
314131	0.003564138433
314132	0.005476718257
314133	0.006977574124
314134	0.001464154893
314135	0.002030839628
314136	0.004604295059
314137	0.0006743277519
314138	0.002023490113
314139	0.00454559092
314140	0.0002130232242
314141	4.13732316e-05
314142	0.0005541380198
314143	0.001030168747
314144	0.006472934931
314145	0.004340373689
314146	0.00114019578
314147	0.001744166717
314148	1.651675914e-06
314149	0.01351143904
314150	0.0004285641884
314151	0.000465356669
314152	0.0007255668803
314153	0.0009765587455
314154	0.001836461544
314155	2.351310897e-07
314156	1.28796057e-05
314157	7.522653311e-06
314158	1.606118736e-05
314159	6.959659636e-07
314160	7.280060765e-06
314161	3.55096475e-06
314162	1.80979801e-06
314163	1.677087647e-06
314164	2.239389294e-05
314165	1.07327547e-06
314166	4.921952457e-06
314167	6.023219669e-07
314168	9.593346911e-06
314169	5.349856188e-06
314170	9.373689304e-06
314171	7.089599256e-06
314172	2.866146512e-06
314173	8.492620055e-06
314174	6.19337321e-06
314175	2.22836417e-06
314176	1.83484056e-05
314177	3.252397637e-06
314178	1.4988339e-06
314179	2.686710338e-06
314180	0.003500131965
314181	0.001049200932
314182	0.004520882649
314183	0.001981394504
314184	0.003516068601
314185	0.0002972114329
314186	0.00204327999
314187	0.0004761624879
314188	4.817145008e-05
314189	0.0005584481687
314190	0.0008559622317
314191	0.0003531292983
314192	0.001503447655
314193	0.0004426248853
314194	0.0006998458399
314195	0.001627416931
314196	0.0002273066948
314197	0.001782343934
314198	0.004897758198
314199	0.00167729208
314200	0.0001365942786
314201	0.0008022966458
314202	0.0006361902198
314203	0.002221447168
314204	0.0006573018632
314205	0.002562217196
314206	0.001903448346
314207	0.001484603624
314208	0.0007758235273
314209	0.0007413008986
314210	0.0003846486997
314211	0.0002671638657
314212	0.002084845539
314213	0.00158637535
314214	0.001475855308
314215	0.002540690444
314216	0.000322749654
314217	0.001035702784
314218	0.0009069291481
314219	0
314220	0.0005273543428
314221	0.0002528267815
314222	0.0008614863255
314223	0.0006623918716
314224	0.002056693924
314225	0.00253099067
314226	0.002730976517
314227	0.001621249924
314228	9.144732121e-05
314229	8.977738222e-05
314230	0.001902759509
314231	0.0003597082094
314232	0.0009825405732
314233	0.00105603304
314234	0.001560641581
314235	0.003163458462
314236	0.003377491657
314237	0.000884477461
314238	0.002503711604
314239	0.0006201706109
314240	0.00295544549
314241	0.0020903289
314242	0.0005314147063
314243	0.001480167627
314244	0.002152300919
314245	0.0008621823483
314246	0.001772469823
314247	0.001312720853
314248	0.002496684708
314249	0.0006919545489
314250	0.002913571908
314251	0.003982050831
314252	0.00266444896
314253	0.002054258275
314254	0.001391206249
314255	0.001171488075
314256	0.001061911109
314257	0.001718281769
314258	0.0001337124146
314259	0.003375592692
314260	0.001247631472
314261	0.003217467813
314262	8.905340539e-07
314263	0.001670639971
314264	0.0001230887245
314265	4.991274745e-05
314266	0.00460992132
314267	0.0009145450907
314268	0.001904391491
314269	0.00167903094
314270	0.0005908301808
314271	0.001488357101
314272	0.003838579329
314273	0.004408943431
314274	0.004412749168
314275	0.002138888023
314276	0.00307130694
314277	0.00480369091
314278	0.002595843493
314279	0.00175198477
314280	0.01185363911
314281	0.006920552112
314282	0.002185441338
314283	0.0003947585619
314284	0.008383654463
314285	0.005416007981
314286	0.0003809409234
314287	0.007311847856
314288	0.001457318188
314289	0.004059226751
314290	0.001020280943
314291	0.001888443365
314292	0.003077335335
314293	0.006994915939
314294	0.004708318836
314295	0.003973029482
314296	0.0007960609683
314297	0.008629767579
314298	0.001921417343
314299	0.005057790582
314300	0.008212254798
314301	0.005414122945
314302	0.0005009985339
314303	0.002708199263
314304	0.005563846371
314305	0.001314819392
314306	0.003646331821
314307	0.0007225517593
314308	0.001598051868
314309	0.0004010088652
314310	0.00475352085
314311	0.003329515527
314312	0.001298078693
314313	0.001511352815
314314	0.01099244437
314315	0.006727055892
314316	0.006481907003
314317	8.45357558e-05
314318	0.001018999882
314319	0.002335114291
314320	0.01038077417
314321	0.004418708388
314322	0.003574021826
314323	0.003741130838
314324	0.005362710402
314325	0.002061135833
314326	0.008195543354
314327	0.001275568924
314328	0.006661743322
314329	0.004755118122
314330	0.002481986015
314331	0.01468254726
314332	0.004573164353
314333	5.719200358e-06
314334	0.005320488765
314335	0.005430463413
314336	0.006376135274
314337	0.004235540465
314338	0.004674347282
314339	0.00394335696
314340	0.003498788112
314341	0.008626098171
314342	0.006765744417
314343	0.005057787918
314344	0.01083126832
314345	0.003774552329
314346	0.0003056549492
314347	0.003894699636
314348	0.006263835735
314349	0.003456114921
314350	0.0007597744319
314351	0.001426759157
314352	0.001636804196
314353	0.01478327875
314354	0.009387540493
314355	0.008649812179
314356	0.006814529746
314357	0.001024216877
314358	0.00269240914
314359	0.007760069463
314360	0.001389522521
314361	0.008733085149
314362	0.001814067352
314363	0.000625160725
314364	0.0003979977681
314365	0.01145560006
314366	0.0008720901278
314367	0.002956435278
314368	0.0003546072819
314369	0.0007530617409
314370	0.002446442746
314371	0.005038316362
314372	0.005059302532
314373	0.0007397800199
314374	0.002898578039
314375	0.004045765345
314376	0.003340958709
314377	0.006467696654
314378	0.004807359035
314379	0.001199659772
314380	0.001433036773
314381	0.003113391695
314382	0.007966966127
314383	0.004555852956
314384	0.001755990902
314385	0.0007135165473
314386	6.385696041e-08
314387	0.001198798573
314388	0.005301398077
314389	0.00583596363
314390	0.007825079707
314391	0.0001991877494
314392	0.006939655033
314393	0.005390934949
314394	0.002244495945
314395	0.003088029037
314396	0.00197900043
314397	0.003197020673
314398	0.008230210022
314399	0.0001660542962
314400	0.002454912588
314401	0.00585891474
314402	0.004225798622
314403	0.004765132277
314404	0.0006547243936
314405	0.01612384123
314406	0.007712732058
314407	0.0004795953248
314408	0.002838126029
314409	0.005789431843
314410	0.00154697207
314411	0.0007563498874
314412	0.0009362064802
314413	0.001951721358
314414	0.001126664665
314415	0.01054856485
314416	0.00191284196
314417	0.01406924837
314418	0.0003952132216
314419	0.003592024462
314420	0.0005177293216
314421	0.0009651762099
314422	0.001997937057
314423	0.001027365084
314424	0.003749837852
314425	0.02051474392
314426	0.01870713855
314427	0.006052417449
314428	0.004405779048
314429	0.003726143234
314430	0.008540501396
314431	0.01520971416
314432	0.002201158589
314433	0.001057641474
314434	0.01588881844
314435	0.007034730181
314436	0.00607353278
314437	0.01436920395
314438	0.01187297889
314439	0.0108726685
314440	0.001307642068
314441	0.006308934979
314442	0.004103239952
314443	0.004982775497
314444	0.01346390614
314445	0.0002600187413
314446	0.004362277499
314447	0.0001490087157
314448	7.670038962e-05
314449	0.002074063613
314450	0.002443244215
314451	0.0005335046341
314452	0.001791799414
314453	0.001916291407
314454	0.0130995827
314455	0.004411396635
314456	0.002991093555
314457	0.0003656939322
314458	0.01169492427
314459	6.73428798e-05
314460	0.001985821772
314461	0.002058015642
314462	0.0007312023819
314463	0.001384442031
314464	0.001701147752
314465	0.001811591955
314466	0.000801447267
314467	0.00165560707
314468	0.0008487487866
314469	0.0004253784423
314470	0.002763493505
314471	0.002214744956
314472	0.002111944879
314473	0.0008790991816
314474	0.001100493854
314475	0.006662042723
314476	0.001850014457
314477	0.003607017353
314478	0.009093307744
314479	0.0006738329871
314480	0.002458189888
314481	0.0004632364419
314482	0.004217510582
314483	0.0006691227073
314484	0.00238737961
314485	0.0002565893613
314486	0.002211694552
314487	0.003318807209
314488	0.001290195244
314489	0.004699450825
314490	0.003412835601
314491	0.0002030451962
314492	0.0002526933887
314493	0.002455154529
314494	0.0009572264182
314495	0.000942353528
314496	0.002326363197
314497	0.002041713968
314498	0.004364565419
314499	0.00114513043
314500	0.001053433727
314501	0.002831328977
314502	0.002587540885
314503	0.003365134296
314504	0.003727713669
314505	0.001289699838
314506	0.0004990725921
314507	0.0002995738602
314508	0.001232663434
314509	0.001598655114
314510	0.002118027922
314511	0.001360197007
314512	0.002480559742
314513	0.00873891362
314514	0.003845261948
314515	0.004236674669
314516	0.0006673015335
314517	0.001633017213
314518	0.007029021155
314519	0.0009453810222
314520	0.002143699148
314521	0.008240889411
314522	0.0007648429764
314523	0.001108601383
314524	0.006022561744
314525	0.009519312412
314526	0.005735641023
314527	0.006674236742
314528	0.002505577001
314529	0.003047446123
314530	0.009894225993
314531	0.002574681229
314532	0.003495071351
314533	0.0001290294907
314534	0.0002677789088
314535	0.002903605521
314536	0.0002053016438
314537	0.003979187189
314538	0.005030755631
314539	0.0005264256769
314540	0.002582829259
314541	0.001396956548
314542	0.001967949443
314543	0.0007177865027
314544	0.00332810649
314545	0.002222269849
314546	0.00231903811
314547	0.003819302983
314548	0.003453037965
314549	0.0008379700689
314550	0.002900358941
314551	0.0007926823964
314552	0.001951924357
314553	0.002254679103
314554	0.003672690458
314555	0.001680779551
314556	0.003339274971
314557	6.012575284e-05
314558	0.003565637932
314559	0.002405739357
314560	0.00661446514
314561	0.0009670719859
314562	0.002688860108
314563	0.008294796521
314564	0.0008118338694
314565	0.002039273666
314566	0.0003134393667
314567	0.0001415949421
314568	0.002520867329
314569	0.001541824025
314570	0.0006996306444
314571	0.002455022564
314572	0.009448958635
314573	0.00379219636
314574	0.01228395002
314575	0.000411451444
314576	0.004483056141
314577	0.004203508979
314578	0.0007521303579
314579	0.004789794715
314580	0.001163394359
314581	0.0004255794671
314582	0.000347551788
314583	0.001260656559
314584	0.001327498554
314585	0.005508041027
314586	0.003847207497
314587	0.001434291164
314588	0.001442595032
314589	0.00147301014
314590	0.001413067824
314591	0.005293317048
314592	0.003223349939
314593	0.001401749723
314594	0.006501798039
314595	0.004159501455
314596	0.009803063002
314597	4.492481155e-05
314598	0.0027743245
314599	0.001321260087
314600	0.001537536445
314601	0.004582852578
314602	0.001292856156
314603	0.000437825282
314604	0.005328799251
314605	0.001152484921
314606	0.005638444396
314607	0.007056017324
314608	0.001923864106
314609	0.00393445759
314610	0.001958685478
314611	0.001660876923
314612	0.00438334797
314613	0.001057967605
314614	9.076811086e-05
314615	0.005709986243
314616	0.002516258299
314617	0.0007324731769
314618	0.0008910124104
314619	0.001275318243
314620	0.000682882331
314621	0.006115828406
314622	0.008976677562
314623	0.006558279199
314624	0.004254972528
314625	0.001921440611
314626	0.002431861728
314627	0.004893323881
314628	0.01018819369
314629	0.0001372375607
314630	0.004112753815
314631	0.004068638669
314632	0.001666171714
314633	0.004026269569
314634	0.002963149371
314635	0.006086387488
314636	0.0008534467591
314637	0.001515325142
314638	0.001188282085
314639	0.0002504071313
314640	0.001266829004
314641	1.091567583e-05
314642	0.0007582921145
314643	0.001688512358
314644	6.247801777e-05
314645	0.001483472571
314646	0.003272850303
314647	0.0006846580638
314648	0.008016980802
314649	0.01048301402
314650	0.0002614662425
314651	0.00203007826
314652	0.0005709447977
314653	0.01354218687
314654	0.0001084793891
314655	0.0002572242823
314656	0.0001150649974
314657	0.0007573518717
314658	0.001558229532
314659	0.0004316151909
314660	0.001002226459
314661	0.001180372322
314662	0.000221053124
314663	0.000821732001
314664	0.0004812156622
314665	0.0009704338143
314666	0.0005514921536
314667	0.001777344157
314668	0.001310699898
314669	0.0008739738332
314670	0.0005892985842
314671	0.001028569025
314672	0.01852037908
314673	0.01133024623
314674	0.002758307083
314675	0.005145267545
314676	0.002657757817
314677	0.002122399477
314678	0.002526890572
314679	0.0001234152071
314680	0.00507358005
314681	0.003398424497
314682	0.0005177803871
314683	0.01695632978
314684	0.002032379492
314685	0.0005441523408
314686	0.005364809344
314687	0.005433539017
314688	0.01163091648
314689	0.00400438936
314690	0.0007937372438
314691	0.008577751916
314692	0.0038618207
314693	0.006396202252
314694	0.002930136955
314695	0.000993595489
314696	0.002654345249
314697	0.001835064048
314698	0.0008774938871
314699	0.001107362507
314700	0.01309556943
314701	0.004352998495
314702	0.007287510494
314703	0.00778480253
314704	0.01012334174
314705	0.00396508964
314706	0.0004064994855
314707	0.003365761121
314708	0.02163503888
314709	0.002170091082
314710	0.003096279714
314711	0.001187172806
314712	0.007709562005
314713	0.000832474113
314714	0.008924812045
314715	0.0001866676884
314716	0.002258382567
314717	0.00176742119
314718	0.0005108835584
314719	0.0008688053774
314720	0.0002132919005
314721	0.001722694501
314722	0.003452434796
314723	0.005943875156
314724	0.001880520535
314725	0.001617013107
314726	0.002410887197
314727	0.00186460214
314728	0.0004318488357
314729	0.0004488321399
314730	0.0004074600347
314731	0.0003844626369
314732	0.000518301419
314733	0.001985532495
314734	0.008617136732
314735	0.0003972441549
314736	0.0003402727531
314737	0.0003248954456
314738	0.0001825495893
314739	0.0004822498954
314740	0.0003914787369
314741	0.00059873675
314742	0.0002516486866
314743	0.0008021951057
314744	0.000400882011
314745	0.0003113991386
314746	0.0004097942999
314747	0.0004321958421
314748	0.0004901047561
314749	0.000287786327
314750	0.0002166382088
314751	0.0003053658312
314752	0.001471946311
314753	0.001171226255
314754	0.001971279268
314755	0.0004340890464
314756	0.0005611563208
314757	0.0005937947888
314758	0.0009138730224
314759	0.0003306146233
314760	0.000486640092
314761	0.0004635743445
314762	0.009685885571
314763	9.665312027e-05
314764	0.001094943717
314765	0.001740144642
314766	0.003133179607
314767	0.005851049096
314768	0.0004471918706
314769	0.004325844824
314770	0.00253621811
314771	0.0007687837006
314772	0.0005133042657
314773	0.001267988964
314774	0.0002967564891
314775	0.0001712096184
314776	0.0007993567461
314777	0.0002442674857
314778	0.000475501046
314779	0.0003553547711
314780	0.0003707616488
314781	0.000617791116
314782	0.000336453561
314783	0.003005335287
314784	0.001668202772
314785	0.007804954009
314786	0.005977386369
314787	0.004820043475
314788	0.0002198312119
314789	0.0003455910287
314790	0.0003519248723
314791	0.0004218630653
314792	0.0004454367356
314793	0.0003620815837
314794	0.0005071849252
314795	0.0003767513675
314796	0.0002015146517
314797	0.001357598335
314798	0.004935963413
314799	0.005356840996
314800	0.00260402449
314801	0.0006131837848
314802	0.0005140675836
314803	0.004257454087
314804	0.004945572715
314805	0.002171922617
314806	0.0002313628695
314807	0.0004817668591
314808	0.001330337286
314809	0.001294284436
314810	0.0006599011805
314811	0.0003280193042
314812	0.001316093673
314813	0.0009621007393
314814	0.0001325335736
314815	8.789474911e-05
314816	0.002072950099
314817	0.0004983021461
314818	0.002798166552
314819	0.00130585073
314820	0.0009611678704
314821	0.0003323091083
314822	0.00249953093
314823	0.002830572161
314824	0.0004252229089
314825	0.001172966145
314826	0.0005015261654
314827	0.0003672714228
314828	0.005143844721
314829	0.003033393481
314830	0.0002491012602
314831	0.005011998879
314832	0.003550017554
314833	0.002249541774
314834	0.00584820931
314835	0.0003553623707
314836	0.004866300354
314837	0.005555390402
314838	0.002057708265
314839	0.003391566449
314840	0.001226387191
314841	0.002018365215
314842	0.005827408357
314843	0.005186652373
314844	0.005758120045
314845	0.006182153022
314846	0.002279507958
314847	0.001746134258
314848	0.002311354916
314849	0.004985079437
314850	0.004092108463
314851	0.001216133813
314852	0.003769799807
314853	0.003000657882
314854	0.001997599436
314855	0.0005062794086
314856	0.000802094996
314857	7.865478189e-07
314858	0.002839977787
314859	0.004962296003
314860	0.005447096106
314861	0.001417519821
314862	0.007079675396
314863	0.0009603235253
314864	0.0009463024901
314865	0.006430226201
314866	0.00829615405
314867	0.001730359289
314868	0.003662186233
314869	0.001172325815
314870	0.007487863383
314871	0.005147384245
314872	0.0006476180161
314873	0.007305844247
314874	0.008366785853
314875	0.007124309809
314876	0.002033530349
314877	0.003634989574
314878	0.004827637319
314879	0.00549023115
314880	0.0008168808557
314881	0.00259278745
314882	0.00039173117
314883	0.003112018852
314884	0.01237605497
314885	0.004697819981
314886	0.006214154389
314887	0.00879491804
314888	0.003273165856
314889	0.005344232148
314890	0.003963586426
314891	0.0003329403704
314892	0.004219252781
314893	0.002352130321
314894	0.001643148204
314895	0.0001838540462
314896	0.009988479646
314897	0.0009050680592
314898	1.730615396e-05
314899	0.001081866414
314900	0.001491297773
314901	0.001389513328
314902	0.001146234171
314903	0.003417556012
314904	0.00500562573
314905	0.001125242941
314906	0.0002105416064
314907	0.002259608734
314908	0.009113070582
314909	0.002194942644
314910	0.001363624925
314911	0.0002812555045
314912	0.00633118568
314913	0.005043648714
314914	0.007806130399
314915	0.003150090672
314916	0.009203605506
314917	0.008221313123
314918	0.001619484187
314919	0.0004156992223
314920	0.0001809255939
314921	0.00394076863
314922	0.004137041785
314923	0.00183379509
314924	0.0009653748164
314925	0.002933257622
314926	0.006445627104
314927	0.001431177228
314928	0.001384932731
314929	0.0007819789764
314930	0.00221831673
314931	0.0001255003061
314932	0.006552763753
314933	0.006233513258
314934	0.000368222695
314935	0.006559796987
314936	0.003451342178
314937	0.0002205647418
314938	0.002749289996
314939	0.003653509271
314940	0.002774706409
314941	0.005287723248
314942	0.0007502036667
314943	0.000210266979
314944	0.006001923177
314945	0.002583331416
314946	0.00782887605
314947	0.002959549729
314948	0.0007318875168
314949	0.001039846414
314950	0.003182814704
314951	0.00387859384
314952	0.000173092482
314953	0.0008215462861
314954	0.00254344483
314955	0.0002262330685
314956	0.00314404845
314957	0.002786214517
314958	0.0001281405811
314959	0.002299612126
314960	0.003096352379
314961	0.001359199401
314962	0.001234924136
314963	0.004471815997
314964	0.00131385392
314965	0.001891714597
314966	0.01231843533
314967	0.0008612472198
314968	0.002289668766
314969	0.001490896347
314970	0.0007971415143
314971	0.004759421916
314972	0.005046895874
314973	0.005311858327
314974	0.0001993539738
314975	0.0006383661245
314976	0.0005588978816
314977	0.0002498007477
314978	5.500027416e-05
314979	0.0009873888644
314980	0.0005076968721
314981	0.004727723341
314982	0.001027665598
314983	0.000932329388
314984	0.01381224214
314985	2.727745232e-05
314986	0.004917638311
314987	0.003037690117
314988	0.006533283932
314989	0.002468719048
314990	0.002017671208
314991	0.005693859581
314992	8.486487014e-05
314993	0.001803018683
314994	0.003607099996
314995	0.003815771642
314996	0.0002681833306
314997	0.002592599125
314998	0.001763174321
314999	0.003969759995
315000	0.001899388074
315001	0.001501432321
315002	0.004165871557
315003	0.004615840517
315004	0.004203590184
315005	0.0003174152102
315006	0.003184591464
315007	0.001112029122
315008	0.0009457480399
315009	0.001127221738
315010	0.003658384568
315011	0.0004188468295
315012	0.0001703577034
315013	0.004511014069
315014	0.0002520329221
315015	0.0006981751765
315016	0.006554381768
315017	0.0001184926754
315018	0.0008218343205
315019	0.001803550033
315020	0.01141984995
315021	0.005254881202
315022	0.004834713567
315023	0.005572782696
315024	0.0009211557235
315025	0
315026	0.00642485579
315027	0.002893295944
315028	0.002055172709
315029	0.001770847171
315030	0.001093202873
315031	0.001209096121
315032	0.01371190371
315033	0.003196021019
315034	0.006065777911
315035	0.01136988367
315036	0.004513113694
315037	0.0005040782614
315038	0.003463113173
315039	0.001054508564
315040	0.002165487502
315041	0.001557247477
315042	0.001424326998
315043	0.001164116212
315044	0.0009087833772
315045	0.001004666121
315046	0.003521557203
315047	0.0004739762357
315048	0.000166548967
315049	0.003703686626
315050	0.001250913785
315051	0.001839977593
315052	0.0009934503119
315053	0.002027237596
315054	0.000546612544
315055	0.002073547862
315056	0.002049580156
315057	0.001519948988
315058	0.002464718145
315059	0.001707453505
315060	0.001284464345
315061	0.0007240090892
315062	0.001194126277
315063	0.0001983800449
315064	0.0008866640933
315065	0.0009373477398
315066	0.0004297129211
315067	0.00244984276
315068	0.0007836200233
315069	0.001716495044
315070	0.0003476595416
315071	0.001217336926
315072	0.0006171576516
315073	0.001128515874
315074	0.001368776548
315075	0.002499298431
315076	0.003025727095
315077	0.0003840417927
315078	0.000423182123
315079	0.002120218723
315080	0.001626015395
315081	0.001818193962
315082	0.006017420765
315083	0.0002078588408
315084	0.01133074131
315085	0.008080323899
315086	0.004682603208
315087	0.00212588101
315088	0.005256342253
315089	0.007957241073
315090	0.00605970442
315091	0.005956138268
315092	0.005290038165
315093	0.0009390110479
315094	0.005949544138
315095	0.005892650645
315096	0.00573877997
315097	0.006202963917
315098	0.005594221406
315099	0.005905232973
315100	0.00577435065
315101	0.005826409019
315102	0.005278323625
315103	0.005845429679
315104	0.001460746433
315105	0.005398779463
315106	0.006676822511
315107	0.006061564576
315108	0.00589369174
315109	0.005711192217
315110	0.005726099796
315111	0.005738539105
315112	0.006252641925
315113	0.00634934637
315114	0.005738997466
315115	0.006067274517
315116	0.004928917446
315117	0.006049197086
315118	0.001090215582
315119	0.005695324911
315120	0.004783977142
315121	0.005956856303
315122	0.007525896622
315123	0.005150859116
315124	0.006075989912
315125	0.004937762867
315126	0.0101428936
315127	0.00458865709
315128	0.007369740217
315129	0.005314246691
315130	0.009316442701
315131	0.005172520541
315132	0.001906823104
315133	0.002473756866
315134	0.003273513588
315135	0.00211274554
315136	0.005060981187
315137	0.002019278013
315138	0.002635119419
315139	0.003503092011
315140	0.003518527633
315141	0.002630999066
315142	0.005252514293
315143	0.001811052172
315144	0.001608675227
315145	0.00650482737
315146	0.003280380129
315147	0.001629528055
315148	0.006440083393
315149	0.009040118847
315150	0.008097613174
315151	0.002940195753
315152	0.001726827691
315153	0.002610869276
315154	0.003424928927
315155	0.00330923478
315156	0.003708976863
315157	0.007894408924
315158	0.00227602767
315159	0.002814212658
315160	0.003045126255
315161	0.01199354418
315162	0.0003920076267
315163	0.005625575073
315164	0.0008776744969
315165	0.004630113153
315166	0.001288313432
315167	0.00156388149
315168	0.0111952043
315169	0.01374435154
315170	0.007059470888
315171	0.008309676731
315172	0.001441790833
315173	0.007590639199
315174	0.001428234073
315175	0.001959915082
315176	0.003792337632
315177	0.0003919477457
315178	0.002882620564
315179	0.006214571673
315180	0.009995595843
315181	0.001882200617
315182	0.006192060296
315183	0.001215613083
315184	0.004607612946
315185	0.001462515915
315186	0.001557424851
315187	0.007097534568
315188	0.009315650709
315189	0.00383323833
315190	0.004995731694
315191	0.004973001909
315192	0.004155649999
315193	0.002486183133
315194	0.004608996557
315195	0.003393330554
315196	0.003493924122
315197	0.000972173934
315198	0.001782280789
315199	0.003474073401
315200	0.008311195678
315201	0.003645732988
315202	0.001832177982
315203	0.003772612486
315204	0.001611277442
315205	0.006499369451
315206	0.001774505892
315207	0.003152308411
315208	0.005548261769
315209	0.006766217765
315210	0.002834852456
315211	0.0021815767
315212	0.01085115178
315213	0.001488419828
315214	0.009734554171
315215	0.002042725427
315216	0.007208437337
315217	0.001262050517
315218	0.0008335288168
315219	0.006449038556
315220	0.002806555959
315221	0.001573171225
315222	0.002498139287
315223	0.0005001286547
315224	0.003670396021
315225	0.004942679492
315226	0.0008005993734
315227	0.001272156949
315228	0.001009810841
315229	0.0009543702943
315230	0.004800427916
315231	0.0004208278521
315232	0.003677825885
315233	0.005168806072
315234	0.003951527105
315235	0.001427573568
315236	0.0005897120022
315237	0.005614839493
315238	0.003955046014
315239	0.004572664222
315240	0.002554139479
315241	0.0007952073713
315242	0.00253284898
315243	0.008786331906
315244	0.005083731447
315245	0.005936101627
315246	0.005573769633
315247	0.002295485664
315248	0.00120792519
315249	0.0004496580184
315250	0.0001346888822
315251	0.001568588712
315252	0.002023794073
315253	0.002199767799
315254	0.002220144086
315255	0
315256	0.005520021889
315257	0
315258	0.00312245355
315259	0.005011278237
315260	8.872865396e-07
315261	0.004915335142
315262	0.0009670055415
315263	0.0009924833072
315264	0.007555588481
315265	0.0004840909184
315266	0.00421098711
315267	0.006797123795
315268	0.001120093539
315269	0.001749374615
315270	0.0002652284077
315271	0.002959501097
315272	0.003356299235
315273	0.003356256477
315274	0.001112903913
315275	0.005908692167
315276	0.002311232508
315277	0.0003370422742
315278	0.001876866562
315279	0.005346965831
315280	0.002327890994
315281	0.001439495986
315282	0.002685260796
315283	8.8910469e-06
315284	0.005860087082
315285	0.002227524551
315286	0.004281890571
315287	0.01190026534
315288	0.0004721268981
315289	0.006655408053
315290	0.006570564737
315291	0.001182460517
315292	0.001439706207
315293	0
315294	0.004685814639
315295	0.00236526017
315296	0.001047139949
315297	0.006059725806
315298	0.008602153971
315299	0.008973990679
315300	0.003636262881
315301	0.003356238195
315302	6.184568449e-05
315303	0.001746710626
315304	0.007140317683
315305	0.00591605986
315306	0.001647798431
315307	2.678344895e-05
315308	1.284217554e-05
315309	0.006237425807
315310	0.002880746592
315311	0.002562573457
315312	0.00191024706
315313	0.005182792387
315314	0.008777508852
315315	0.009167539561
315316	0.001824747416
315317	0.007096431325
315318	0.004922257784
315319	0.002697834998
315320	0.003136507077
315321	0.005782608758
315322	0.001204006367
315323	0.004475977749
315324	0.0003207441223
315325	0.009023558441
315326	0.00313959727
315327	0.02072078846
315328	0.002281291647
315329	0.00159578694
315330	0.01649858433
315331	0.0001705393944
315332	0.006164257901
315333	0.01178893198
315334	0.002695511463
315335	0.0007830988006
315336	0.001265002374
315337	0.002639598861
315338	0.01743542784
315339	0.02040271342
315340	0.01304822127
315341	0.02199646998
315342	0.01725651768
315343	0.01730689348
315344	0.01731537836
315345	0.009953001829
315346	0.01676477963
315347	0.004026009442
315348	0.02279182298
315349	0.003490487823
315350	0.00211343244
315351	0.00217132438
315352	0.008904675092
315353	0.01169662819
315354	0.02438900906
315355	0.01064211391
315356	0.01625367733
315357	0.004607234642
315358	0.01348168005
315359	0.004464193312
315360	0.001016631894
315361	0.001214525858
315362	0.009696482375
315363	0.01819413997
315364	0.008992516456
315365	0.01094969353
315366	0.01244367249
315367	0.01117294449
315368	0.01942971848
315369	0.02040266457
315370	0.006317788745
315371	0.0174051778
315372	0.01748302874
315373	0.01417983382
315374	2.051021743e-06
315375	0.02200305196
315376	0.01778150165
315377	0.004735885655
315378	0.005743654793
315379	0.002078898245
315380	0.01699648175
315381	0.002561564067
315382	0.003204053742
315383	0.0180198026
315384	0.015064513
315385	0.001248554445
315386	0.02039652438
315387	0.01555947529
315388	0.001455124245
315389	0.004398228176
315390	0.01342516
315391	0.02007471613
315392	0.02390831228
315393	0.02040255895
315394	0.01513234129
315395	0.0009574581026
315396	0.006483282601
315397	0.004603687009
315398	0.01613011584
315399	0.01172520973
315400	0.01037258629
315401	0.02055661476
315402	0.003349774012
315403	0.00159707988
315404	0.01149754882
315405	0.01572885525
315406	0.007857195644
315407	0.006567969398
315408	0.01831544414
315409	0.01174180636
315410	0.008398665486
315411	0.002888156367
315412	0.006270486543
315413	0.001389437798
315414	0.001589469161
315415	0.009314615015
315416	0.0140683734
315417	0.008416949985
315418	0.000680154171
315419	0.008591680392
315420	0.001046839453
315421	0.0003233390336
315422	0.003799770202
315423	0.01148309004
315424	0.006226454528
315425	0.01252642789
315426	0.01230677662
315427	0.003966529799
315428	0.005913809945
315429	0.002051074416
315430	0.002071247428
315431	0.002451693137
315432	0.001009367809
315433	0.01229386184
315434	0.01171259542
315435	0.01234462548
315436	0.004737096276
315437	0.004069673876
315438	0.008398373945
315439	0.005565471122
315440	0.004969088656
315441	0.002509462841
315442	0.01021008047
315443	0.004525029377
315444	0.003871409498
315445	0.008418674687
315446	0.01159354929
315447	0.01065298724
315448	0.0003785921629
315449	0.0003180336286
315450	0.004715722137
315451	0.008179346757
315452	0.002943466086
315453	0.001564706521
315454	0.004156654232
315455	0.003754910316
315456	0.00228227882
315457	0.0116201591
315458	0.0006677591693
315459	0.01327419283
315460	0.006636090771
315461	0.006726159738
315462	0.00860026622
315463	0.003122170615
315464	0.001581909642
315465	0.00866201584
315466	0.01484412454
315467	0.0002112100725
315468	0.009262990928
315469	0.001744528532
315470	0.009297919395
315471	0.001569014414
315472	0.01146319565
315473	0.001280345187
315474	0.008530464656
315475	0.00650024038
315476	0.008615151225
315477	0.004707084239
315478	0.002882626634
315479	0.001044495873
315480	0.009854591687
315481	0.002037928419
315482	0.005572615956
315483	0.005381868151
315484	0.006924831796
315485	0.006799948013
315486	0.01161062445
315487	2.94757126e-07
315488	0.002222488785
315489	0.0007801167436
315490	0.00154916632
315491	0.01031024272
315492	0.007148439296
315493	0.004408346971
315494	0.001608298352
315495	0.01186713201
315496	0.003804693724
315497	0.005795084656
315498	0.01113700569
315499	0.002648392279
315500	0.001567412894
315501	0.01050835785
315502	0.008403166482
315503	2.660458092e-05
315504	0.01153218313
315505	0.005698089475
315506	0.002702624273
315507	0.001909351108
315508	0.002735968676
315509	0.008412031573
315510	0.002372501449
315511	0.00222189971
315512	0.009820304727
315513	0.005581663036
315514	0.002692781292
315515	0.004602885348
315516	0.00151796333
315517	0.003850142535
315518	0.001566154893
315519	0.01403255039
315520	0.009267162471
315521	0.001795637294
315522	0.004333094073
315523	0.006313477339
315524	0.006891717479
315525	0.003587243566
315526	0.009995191924
315527	0.004666759607
315528	0.006950322997
315529	0.00989663783
315530	0.005930239954
315531	0.001681582356
315532	0.002090254113
315533	0.01061231834
315534	0.000782518151
315535	0.0009518091142
315536	0.006136332566
315537	0.004264370265
315538	0.008452807379
315539	0.003681975246
315540	0.002896144222
315541	0.01113748463
315542	0.003457402076
315543	0.006212268665
315544	0.003138614933
315545	0.003049785259
315546	0.00984049874
315547	0.00220800666
315548	0.009294923398
315549	0.007182257721
315550	0.006680650085
315551	0.000360517399
315552	0.001881811054
315553	0.00240750056
315554	0.004437845625
315555	0.0004811087411
315556	0.003365522974
315557	0.001568848725
315558	0.002558417988
315559	0.01703234209
315560	0.007557887436
315561	0.01517708203
315562	0.007390274282
315563	0.009463593388
315564	0.0001602995718
315565	0.01038530911
315566	0.0006367798243
315567	0.009605341737
315568	0.004411095139
315569	0.002532138735
315570	0.001219460045
315571	0.004512909792
315572	0.0005814552684
315573	0.004872769405
315574	0.006974540656
315575	0.00885475481
315576	0.0006400459005
315577	0.01200878052
315578	0.005011721629
315579	0.005361699129
315580	0.01019976597
315581	0.007874068093
315582	0.02076539832
315583	0.003278168048
315584	0.002209167202
315585	0.008587624385
315586	0.01446420748
315587	0.003220675996
315588	0.002280115567
315589	0.001975932924
315590	0.01151091612
315591	0.004870981789
315592	0.004920255388
315593	0.002314956805
315594	0.004218192582
315595	0.008746782481
315596	0.00711730438
315597	0.006217389589
315598	0.009086396872
315599	0.004482290712
315600	0.01301576244
315601	0.009625953874
315602	0.005429840024
315603	0.004773222242
315604	0.0050379712
315605	0.006004378197
315606	0.006958647946
315607	0.007742605109
315608	0.007113136877
315609	0.002389623577
315610	0.0008067179261
315611	0.002541602193
315612	0.00455407832
315613	0.003023441008
315614	9.9327964e-07
315615	0.002833613183
315616	0.007127550534
315617	0.000311459697
315618	0.006641819869
315619	0.002665425591
315620	0.004744917969
315621	0.005525870193
315622	0.006669009689
315623	0.008214241403
315624	0.006195819004
315625	0.004757871669
315626	0.004282136215
315627	0.004389104685
315628	0.001770689354
315629	0.007567014715
315630	0.002028030228
315631	0.001084161488
315632	0.008378932176
315633	0.003633880645
315634	1.903678703e-06
315635	0.007728407976
315636	0.003335092927
315637	0.005684817271
315638	0.001115382051
315639	0.008055242532
315640	0.00365945804
315641	0.002512950896
315642	0.00220723921
315643	0.006153902311
315644	0.005564842454
315645	0.005987062352
315646	0.008206979288
315647	0.003801663988
315648	0.007434371512
315649	0.004592767336
315650	0.004731828922
315651	0.007454906462
315652	0.004439285189
315653	0
315654	0.003168838635
315655	0.002512626805
315656	0.005734003308
315657	0.002226924299
315658	0.005969631984
315659	0.008534760438
315660	0.008528650908
315661	0.003942423644
315662	0.001718687715
315663	0.005073386655
315664	0.00631033123
315665	0.0006332532249
315666	0.006473013893
315667	0.005832280032
315668	0.008526561968
315669	0.002980925494
315670	0.00853466174
315671	0.00537661644
315672	0.003800433942
315673	0.002656110972
315674	0.006300406912
315675	0.001918729075
315676	0.001255077334
315677	0.002678078743
315678	0.008212847689
315679	0.003786117515
315680	0.001584354908
315681	0.002526086326
315682	1.573585034e-06
315683	0.005345543924
315684	0.001856790352
315685	0.003153370148
315686	0.00694364162
315687	0.0006403958514
315688	0.00553159482
315689	0.00032209641
315690	0.00631876858
315691	0.001270487261
315692	0.0006439941233
315693	0.003320675032
315694	0.004729957396
315695	0.004888430226
315696	0.001416494583
315697	0.001803697448
315698	0.0003186160056
315699	0.003857832199
315700	0.002910787347
315701	0.0003117158104
315702	0.000638447187
315703	0.0007958625907
315704	0.000623563003
315705	0.0004676646034
315706	0.003234164166
315707	0.0003112858377
315708	0.002042572034
315709	0.0006134364899
315710	3.196499283e-07
315711	0.0003100890823
315712	0.003857711741
315713	0.0001475608171
315714	0.002284637052
315715	0.0004512849464
315716	0.0003168269182
315717	0.003221290069
315718	0.001990649285
315719	0.0003139036856
315720	0.001462094474
315721	0.0003153230652
315722	0.001813262993
315723	0.00228783883
315724	0.0007697563797
315725	0.0001567190644
315726	0.002132824919
315727	0.00245312299
315728	0.003534661085
315729	0.002748524233
315730	0.0007834066007
315731	0.001236848534
315732	0.002123365396
315733	0.001237281599
315734	0.002450406122
315735	3.561296302e-06
315736	0.0003262227146
315737	0.001814085256
315738	0.0006378072664
315739	0.001103536766
315740	0.001974234356
315741	0.002440778753
315742	0.001871405664
315743	0.002765774796
315744	0.002256985363
315745	0.005234768276
315746	0.005318285397
315747	0.0007683595059
315748	0.01013089364
315749	0.01103710692
315750	0.002803068632
315751	0.01006824721
315752	0.0006550323227
315753	0.002017287037
315754	0.004778453275
315755	0.002723739267
315756	0.003495125896
315757	0.005317238396
315758	0.000327065915
315759	0.001711688571
315760	0.006053498446
315761	0.004183471198
315762	0.002954566958
315763	0.00873642343
315764	0.0002311263124
315765	0.01287094292
315766	0.004365532369
315767	0.001283254626
315768	0.0009260911049
315769	0.006758061682
315770	0.002930716965
315771	0.002261864607
315772	0.01366815516
315773	0.003396568231
315774	0.0117038638
315775	0.007156931455
315776	0.001223769346
315777	0.002025353662
315778	0.003645769317
315779	0.009400103095
315780	0.0004334196517
315781	0.0006050902919
315782	0.005684760652
315783	0.005745671607
315784	0.003194090099
315785	0.0003724329167
315786	0.009176422535
315787	0.004116806509
315788	3.385562613e-05
315789	0.002305261609
315790	0.001234204165
315791	0.003489500116
315792	0.008833364741
315793	0.006056072436
315794	0.00344799911
315795	0.001705419671
315796	0.004779673753
315797	0.006590773783
315798	0.002313182357
315799	0.004839620875
315800	0.007494741997
315801	0.01250578802
315802	0.003406573304
315803	0.01159685071
315804	0.002989192643
315805	0.005328093585
315806	0.01131791151
315807	0.01130002368
315808	0.004522514494
315809	0.004099432093
315810	0.004116142554
315811	0.005912994438
315812	0.002926825783
315813	0.006107202839
315814	0.004826921426
315815	0.01070708209
315816	0.008026100407
315817	0.002601021376
315818	0.003170778144
315819	0.008682832918
315820	0.01239530552
315821	0.003873172003
315822	0.008009074982
315823	0.004430952607
315824	0.0008061875287
315825	0.0003693309153
315826	0.003450363482
315827	0.001886789391
315828	0.005560220984
315829	0.001564618607
315830	0.001138097901
315831	0.001083249063
315832	0.001694684179
315833	0.002276920951
315834	0.001809497106
315835	0.002859172223
315836	0.002272537645
315837	0.004626770175
315838	0.006376062161
315839	0.005896830244
315840	0.0001642502927
315841	0.0009528180523
315842	0.002124543528
315843	0.001890955279
315844	0.0005549852703
315845	0.01454504027
315846	0.002496655963
315847	0.003621007544
315848	0.005090380951
315849	0.003072992594
315850	0.001733871863
315851	0.0001511910568
315852	0.0008903520046
315853	0.0006817707841
315854	0.0008983551226
315855	0.0005510248911
315856	4.049968364e-06
315857	4.67020694e-06
315858	0.0001146148729
315859	5.766179274e-05
315860	8.19190654e-07
315861	2.216012932e-06
315862	0.001456728566
315863	0.0005382734566
315864	0.0002881130214
315865	0.0009959736624
315866	0.001133883402
315867	0.0005891364626
315868	0.001507048425
315869	6.308701232e-07
315870	0.0003360543424
315871	0.0008872404196
315872	7.779054676e-07
315873	0.001060807534
315874	0.0007953636122
315875	0.0005868471809
315876	0.003017693497
315877	0.0003390970255
315878	0.001060999305
315879	1.23807255e-05
315880	0.003210921533
315881	0.006247971374
315882	0.004456664445
315883	0.002119400154
315884	0.00459154435
315885	0.0162926521
315886	0.01255150408
315887	0.001361358574
315888	0.00569213539
315889	0.01227150351
315890	0.006492282138
315891	0.003759131467
315892	0.009402486181
315893	0.006321946166
315894	0.00194462577
315895	0.001805478889
315896	0.001445854186
315897	0.01314832115
315898	0.007275093701
315899	0.004494172075
315900	0.0001036151317
315901	0.007772150651
315902	0.002901849928
315903	0.004890722159
315904	0.0005127039689
315905	0.002066166846
315906	0.006330784869
315907	0.0004134920633
315908	0.002463332091
315909	0.0003898537967
315910	0.000113325627
315911	0.005247515606
315912	0.0006035706114
315913	0.002000299742
315914	0.006252993442
315915	0.0008934715993
315916	0.0006456395051
315917	0.005384673486
315918	0.005275722918
315919	0.001141869157
315920	0.005542027724
315921	0.001560445462
315922	0.004591482444
315923	0.002024571817
315924	0.005643026117
315925	0.001657819745
315926	0.002766428464
315927	0.001895172168
315928	0.0008802541643
315929	0.0003878378506
315930	0.0007046484614
315931	0.001880586375
315932	0.001492613451
315933	0.007568462181
315934	0.002190667711
315935	0.002986081309
315936	0.0003357992178
315937	0.00354621774
315938	0.001843446729
315939	0.0002297997649
315940	0.001740035703
315941	0.001281512307
315942	0.003934663836
315943	0.008865912838
315944	0.004204072868
315945	0.003872866757
315946	0.005738534376
315947	0.004294589671
315948	0.007227539685
315949	0.001699954928
315950	0.002748627822
315951	0.007279382826
315952	0.0012388007
315953	0.0003441623111
315954	0.003167525415
315955	0.001609473118
315956	0.0007272634461
315957	0.004352017224
315958	0.001815902894
315959	0.001714024529
315960	0.001215411844
315961	0.003985794183
315962	0.003302985621
315963	0.006929872606
315964	0.0002806441273
315965	0.004634762543
315966	0.001502206406
315967	0.005427967048
315968	0.0006172384806
315969	0.003174399394
315970	0.002489719684
315971	0.006610346508
315972	0.001114674385
315973	0.00463462011
315974	0.003547862962
315975	0.001514100544
315976	0.006638150799
315977	0.002341617454
315978	0.008756587751
315979	0.0004075900057
315980	0.005489136858
315981	0.003541718972
315982	0.00607420098
315983	0.003207494927
315984	0.004338656412
315985	0.004139517883
315986	0.0009550781629
315987	0.002693905984
315988	0.001664444548
315989	0.003982205423
315990	0.007231851311
315991	0.001700589589
315992	0.0009770868832
315993	0.002869536702
315994	0.002008588098
315995	0.0003375684076
315996	0.001212918271
315997	0.001288084989
315998	0.003393222489
315999	0.002197579243
316000	0.003417521713
316001	0.002661705141
316002	0.005826231824
316003	0.006298783843
316004	0.002263154665
316005	0.0002991196655
316006	0.00138783414
316007	0.000420625121
316008	0.001911537919
316009	0.008904338001
316010	0.01172966329
316011	0.0004435009857
316012	0.007624474831
316013	0.00407488672
316014	0.002478492753
316015	0.001604495787
316016	0.0003944254884
316017	0.001950411833
316018	0.0006240812045
316019	0.0003735772571
316020	0.001192723677
316021	0.001401178908
316022	0.004930634436
316023	0.002321806784
316024	0.001344444475
316025	0.0008968514633
316026	0.001875372818
316027	0.0001284428299
316028	0.001582565413
316029	0.0008298702918
316030	0.001277681325
316031	0.003009821507
316032	0.003489406411
316033	0.00137508628
316034	0.0008964594756
316035	2.157305149e-05
316036	0.001568644645
316037	0.003166029175
316038	0.001376538809
316039	6.855869885e-05
316040	0.0008544161494
316041	0.002931136829
316042	0.0008287808747
316043	0.0001916409715
316044	0.0008645487847
316045	0.0007409028374
316046	0.0008488227641
316047	0.0003968568538
316048	0.0006533123486
316049	0.0003866809731
316050	0.0002837764242
316051	0.0005619258961
316052	0.0004124852495
316053	0.001531688157
316054	4.844955235e-05
316055	0.001183195243
316056	0.001057097083
316057	0.0004637044644
316058	0.003109459988
316059	0.0005852269325
316060	0.001224985484
316061	0.0004887421884
316062	0.00144702169
316063	0.0008105453176
316064	0.00130456356
316065	0.0004777737237
316066	0.0002402135138
316067	0.001106840527
316068	0.001204998298
316069	0.00084230865
316070	0.0008872523854
316071	0.001359948664
316072	0.001109175635
316073	0.0003964387747
316074	0.001440893026
316075	9.566367346e-05
316076	0.0001481940566
316077	0.001564105589
316078	0.001123340341
316079	0.0009438209374
316080	0.003712469459
316081	0.0005425431456
316082	5.573229744e-07
316083	9.787106518e-06
316084	0.0002879464785
316085	0.0002751433721
316086	0.003224595028
316087	0.002307388194
316088	0.0001873479846
316089	0.0001162066202
316090	0.0002868203923
316091	0.0008702553347
316092	0.001389312019
316093	0.001831215358
316094	0.0007236664168
316095	0.002977603545
316096	0.004487642404
316097	0.0006170513028
316098	0.0002487345532
316099	0.001745684365
316100	0.001437409685
316101	0.005199478761
316102	0.002842579185
316103	0.006209142052
316104	0.007911575733
316105	0.00336312211
316106	0.0004136404816
316107	0.002493689231
316108	0.009959254027
316109	0.002582417146
316110	0.003491963557
316111	0.006058626364
316112	0.004198871039
316113	0.001987329163
316114	0.01170240048
316115	0.0001300453792
316116	0.0009903021383
316117	0.0006871321305
316118	0.0006441297858
316119	0.0134925141
316120	0.007492898677
316121	3.154759976e-07
316122	3.789314134e-07
316123	0.002064988596
316124	0.001059316819
316125	0.004880705469
316126	3.871141175e-06
316127	0.003697251544
316128	0.005698843071
316129	0.001254511436
316130	0.001290558019
316131	9.130550605e-06
316132	1.247285784e-05
316133	7.476284607e-06
316134	2.612625988e-05
316135	2.451200984e-05
316136	2.19074905e-05
316137	6.262851595e-06
316138	2.439594818e-05
316139	1.173960999e-05
316140	2.619136784e-05
316141	6.435027661e-06
316142	1.355498897e-05
316143	1.369957303e-05
316144	1.391669619e-05
316145	1.199832359e-05
316146	1.80706309e-05
316147	5.549979496e-07
316148	9.419136159e-06
316149	4.829160892e-06
316150	1.782224503e-05
316151	7.024049551e-06
316152	4.632499797e-06
316153	7.254263776e-06
316154	3.076487783e-05
316155	1.243484775e-05
316156	2.113158657e-05
316157	1.004589123e-05
316158	1.280866529e-05
316159	1.185661261e-05
316160	2.260041998e-05
316161	1.449779499e-05
316162	2.409037868e-05
316163	2.324500377e-05
316164	7.285152719e-06
316165	3.041573183e-05
316166	1.479296129e-05
316167	1.179706838e-05
316168	2.809373594e-05
316169	1.877947757e-05
316170	1.225998231e-05
316171	1.701060273e-05
316172	1.280497627e-05
316173	2.200969163e-05
316174	1.544865615e-05
316175	7.153359812e-06
316176	3.003487578e-05
316177	8.649149877e-06
316178	2.245380161e-05
316179	2.272078499e-05
316180	1.940677463e-06
316181	4.267652453e-05
316182	2.563748349e-05
316183	6.795115302e-06
316184	1.180656851e-05
316185	4.731746206e-06
316186	2.938111501e-05
316187	1.622236413e-05
316188	5.007326297e-06
316189	2.945349353e-05
316190	6.140240571e-06
316191	2.75774778e-05
316192	1.107057736e-05
316193	2.34127853e-05
316194	1.725405626e-05
316195	1.826732615e-05
316196	1.78758318e-05
316197	1.32347014e-05
316198	5.940280129e-06
316199	2.107983143e-05
316200	8.336506936e-06
316201	5.052593256e-06
316202	2.549635944e-05
316203	1.288960577e-05
316204	1.64328824e-05
316205	1.319403667e-05
316206	2.022223695e-05
316207	2.890728199e-05
316208	6.206876078e-07
316209	1.027732076e-05
316210	1.979591238e-06
316211	1.518342612e-05
316212	3.450700045e-05
316213	2.533557052e-05
316214	3.282929093e-06
316215	1.098184456e-05
316216	8.228942239e-06
316217	0.001975391735
316218	0.002316443511
316219	0.0006839115268
316220	0.0008002454847
316221	0.000364777157
316222	0.001196236582
316223	0.0006465911608
316224	0.002285474602
316225	0.003411205145
316226	0.0007167185874
316227	0.00107664561
316228	9.73971431e-07
316229	0.0008148565296
316230	0.00392786321
316231	0.0009876958385
316232	3.953438871e-05
316233	0.002752863567
316234	0.002501007668
316235	0.003405067718
316236	0.0004034667876
316237	0.002418704785
316238	0.001126142667
316239	0.0006774076109
316240	0.000180924709
316241	0.002333224813
316242	0.001928079002
316243	0.00208750932
316244	0.009191369428
316245	0.003585577569
316246	0.001895944487
316247	0.002150146096
316248	0.002178044555
316249	0.007179862858
316250	0.001687327665
316251	0.0002581614857
316252	0.002971200419
316253	0.0008638135484
316254	0.00114613667
316255	0.003596020644
316256	0.008155690134
316257	0.0008617939292
316258	0.003476621066
316259	0.00732051649
316260	0.009447264758
316261	0.001412373922
316262	0.0009131420887
316263	0.002786089103
316264	0.001417589445
316265	8.919153913e-05
316266	0.00152534815
316267	0.001463759146
316268	0.002576140817
316269	0.005691157834
316270	0.001441914848
316271	0.003514287928
316272	0.00926270808
316273	0.0008585934752
316274	0.002543351547
316275	0.006839104336
316276	0.002661576302
316277	0.002368173508
316278	0.004451662745
316279	0.007997291869
316280	0.001729995392
316281	0.01588952496
316282	0.006070738772
316283	0.009482155592
316284	0.008288974411
316285	0.009916707521
316286	0.002041201832
316287	0.001247007476
316288	0.001125987025
316289	9.484499513e-05
316290	0.004784488583
316291	0.003093929664
316292	0.002110802659
316293	0.002551499477
316294	0.01639180831
316295	0.01298990376
316296	0.005088905929
316297	0.01587867728
316298	0.001497744147
316299	0.0004712894164
316300	0.005511737613
316301	0.01054891238
316302	0.00247271839
316303	0.001201558596
316304	0.002964457814
316305	0.001352639946
316306	0.01308386838
316307	0.007989549874
316308	0.007098895356
316309	0.001949601745
316310	0.006802772908
316311	0.004480313993
316312	0.00121797077
316313	0.001215471974
316314	0.004717116559
316315	0.005958312934
316316	0.000602089558
316317	0.002323226658
316318	0.003091892439
316319	0.006640172336
316320	0.01427093314
316321	0.001471555323
316322	0.002502406538
316323	0.0001730428412
316324	0.007485070169
316325	0.001309006435
316326	0.004144909749
316327	0.005099296822
316328	0.002821060979
316329	0.001638731806
316330	0.002647170065
316331	0.001289990786
316332	0.011253988
316333	0.0006456389857
316334	0.008612664071
316335	0.001069444237
316336	0.008657410713
316337	0.00175357968
316338	0.005494068555
316339	0.007782702018
316340	0.0006126320848
316341	0.004893111782
316342	0.00475212699
316343	0.004428099556
316344	0.007050220589
316345	0.01367854331
316346	0.0007646115656
316347	0.008999837667
316348	0.002210180688
316349	0.003992079967
316350	0.006884555456
316351	0.008571537007
316352	0.02316298017
316353	0.0001018839499
316354	0.00201145159
316355	0.006136455442
316356	0.01157454219
316357	0.00551688118
316358	0.00720714623
316359	0.008680509839
316360	0.005402504818
316361	0.001061880343
316362	0.00483573634
316363	0.01548939478
316364	0.005408562351
316365	0.005224258191
316366	9.056410695e-05
316367	0.002247804326
316368	0.004776166486
316369	0.003744590658
316370	0.001325977955
316371	0.002915240939
316372	0.001712426225
316373	0.003451944662
316374	0.000855845277
316375	0.001691024363
316376	0.001976350638
316377	8.260657397e-05
316378	0.003353809165
316379	8.722144486e-07
316380	0.001008825293
316381	0.001731102597
316382	0.001294158446
316383	0.002538578173
316384	0.001188971663
316385	0.0002081269209
316386	0.0003172771948
316387	0.003044382112
316388	0.001578463879
316389	0.002585211273
316390	0.004382048014
316391	0.0006954748434
316392	0.00233485152
316393	0.004609160543
316394	0.00181758727
316395	0.002876316991
316396	0.002601903396
316397	0.001095315013
316398	0.0008545496857
316399	0.005282949498
316400	0.01503130911
316401	0.01857365745
316402	0.02221699561
316403	0.0007732085875
316404	0.003873014106
316405	0.0004174513491
316406	0.003861410444
316407	0.01080680376
316408	0.0009487263016
316409	9.229059275e-06
316410	0.01147938819
316411	0.005445448976
316412	0.002361073657
316413	0.0005262826532
316414	0.009612290766
316415	0.005887069923
316416	0.0003763175802
316417	0.001719969548
316418	0.002561615771
316419	0.002532219707
316420	0.002718960011
316421	0.002996980019
316422	0.001042455103
316423	0.0009633034841
316424	0.002764741182
316425	0.002194015839
316426	0.002906637455
316427	0.003081310409
316428	0.001691900324
316429	0.0004565389049
316430	0.003582538519
316431	0.0006539843301
316432	0.0003188364084
316433	0.003403948272
316434	0.002592962103
316435	0.0005856293884
316436	0.0003054566943
316437	0.0093070589
316438	0.0008824534091
316439	0.001078620245
316440	0.001905748135
316441	0.002535421889
316442	0.002370554556
316443	0.00165015434
316444	0.001559618958
316445	0.002422307659
316446	0.0005981038006
316447	0.001726742491
316448	0.001583820641
316449	0.00057419967
316450	0.00307955914
316451	0.00131437493
316452	0.001136575725
316453	0.002073347406
316454	0.001747690269
316455	0.004529612242
316456	0.002659497577
316457	0.002102471806
316458	0.001431307524
316459	0.002574042931
316460	0.001066839852
316461	0.002764436049
316462	0.0008622956567
316463	0.0002784656159
316464	0.006087134337
316465	0.0025498968
316466	0.0160985367
316467	0.01291589861
316468	0.002582802919
316469	0.02086402233
316470	0.001422156507
316471	0.002312608279
316472	0.001644004048
316473	0.007833369692
316474	6.141866508e-05
316475	0.006984276531
316476	0.009590989885
316477	0.001690862555
316478	0.008188460274
316479	0.00487152797
316480	0.003794779814
316481	0.002842200417
316482	0.0002522293159
316483	0.001745008585
316484	0.004438713494
316485	0.005379832599
316486	0.01411831516
316487	0.00675399457
316488	0.005398353127
316489	0.00778481723
316490	0.003811180981
316491	0.00449880809
316492	0.001039846101
316493	0.001179407606
316494	0.006107745391
316495	0.002181023461
316496	0.009748312163
316497	0.002773442762
316498	0.00541195225
316499	0.0041601495
316500	0.000781324297
316501	0.0009460102124
316502	0.008836399613
316503	0.0005844634939
316504	0.0007508541084
316505	0.003406654789
316506	0.0001328482502
316507	0.001503771652
316508	0.006733374803
316509	0.004447012576
316510	0.001307379452
316511	0.005527200052
316512	0.0006828820966
316513	0.000931535752
316514	0.003104578592
316515	0.0005426616648
316516	0.006189213963
316517	0.001208877201
316518	0.0008283787023
316519	0.00419473025
316520	0.004806980113
316521	0.003129488814
316522	0.00124519368
316523	0.001467797716
316524	0.001139075997
316525	0.005864358696
316526	0.001629722799
316527	0.009320027732
316528	0.001169667188
316529	0.004443185903
316530	0.001131049203
316531	0.0008869930924
316532	0.003339836656
316533	0.0007823087483
316534	0.0006059329797
316535	0.002134896148
316536	0.0001324530088
316537	0.0005227364297
316538	0.002750544905
316539	0.0008159196161
316540	0.0005200302308
316541	0.0009367053467
316542	0.004802775512
316543	0.0006144113194
316544	0.000129410876
316545	0.001715607149
316546	0.00255578119
316547	0.006345622123
316548	0.001632554958
316549	0.001265093654
316550	0.004219504147
316551	0.004757172821
316552	0.003661125944
316553	0.0009469539279
316554	8.624777165e-05
316555	0.006100563787
316556	0.003658522502
316557	0.001965762381
316558	0.0002078817013
316559	0.0007314654178
316560	0.000425181573
316561	0.00116208582
316562	0.001414114286
316563	0.001585544781
316564	0.003712497922
316565	0.0008040238061
316566	0.0004638687267
316567	0.001125188406
316568	0.00401340272
316569	0.0007979795189
316570	0.003337869704
316571	0.001650725331
316572	0.002374513929
316573	0.0007525543376
316574	0.0005418046738
316575	0.001247062333
316576	0.002034049747
316577	0.00787395351
316578	0.001368435787
316579	2.053201566e-05
316580	0.001236673294
316581	0.002383699923
316582	0.001604087353
316583	0.0001282767119
316584	0.000721748821
316585	0.003127562423
316586	0.0004995687247
316587	0.002197935815
316588	0.001112981772
316589	0.000583127195
316590	0.002999727847
316591	0.001917394334
316592	0.001540736435
316593	0.001721121539
316594	0.001133326521
316595	0.006685384277
316596	0.008483007217
316597	0.0006452009759
316598	0.006853345071
316599	0.001436460375
316600	0.0008090280343
316601	0.001062697026
316602	0.007255596963
316603	0.0001889667502
316604	0.001515223825
316605	0.00269546604
316606	0.006814514353
316607	0.0009776060117
316608	0.002034054318
316609	0.002506891922
316610	0.007821042232
316611	0.001677859703
316612	0.0002841977393
316613	0.005603271542
316614	0.003328216113
316615	0.001022392375
316616	0.008870574375
316617	0.003549541161
316618	0.007098669168
316619	0.01079881261
316620	0.0002373174706
316621	0.002636225615
316622	0.00176777605
316623	0.009605655419
316624	0.003431291362
316625	0.003517337317
316626	0.002217565161
316627	0.001242650094
316628	0.001720556412
316629	0.002352286893
316630	0.0006195981717
316631	0.001619566217
316632	0.002347813614
316633	0.001045194353
316634	0.0006640447778
316635	0.0002829049089
316636	0.001817717346
316637	0.0008638786493
316638	0.0005122854703
316639	0.001455149492
316640	0.001133811543
316641	0.000616918524
316642	0.0007867498545
316643	0.002174101109
316644	0.0008646910142
316645	0.000433146425
316646	0.0006874252356
316647	0.0005437772327
316648	0.0003721124736
316649	0.000247018945
316650	0.0002988600313
316651	0.00449815724
316652	0.0009418099974
316653	0.008084712672
316654	0.005126680953
316655	0.002160409604
316656	0.0009230779075
316657	0.0003483777799
316658	0.003683323501
316659	0.003420790987
316660	0.006359106804
316661	0.002360234131
316662	0.001682648031
316663	0.0008159535667
316664	0.001632756131
316665	0.0008478814844
316666	0.0009802050238
316667	0.00148190696
316668	0.0001550675878
316669	0.001647002955
316670	0.001862343559
316671	0.0002848530069
316672	0.002265997503
316673	0.003207284772
316674	0.001314827765
316675	0.001229740426
316676	0.00142482002
316677	0.001216747294
316678	0.003545817213
316679	0.001488503423
316680	0.0010229044
316681	0.0004109682066
316682	0.001270708559
316683	0.0002281538171
316684	0.001267537788
316685	0.0009355342987
316686	0.001001016775
316687	0.001013993166
316688	0.002035540554
316689	0.004472570911
316690	0.000422865643
316691	0.003699336506
316692	0.004168980415
316693	0.0006513043224
316694	2.93204953e-05
316695	0.001149623403
316696	0.002067656802
316697	0.0006119692815
316698	0.0004261307326
316699	0.005923950694
316700	0.002743432027
316701	0.001391770027
316702	0.003041147561
316703	0.002145842922
316704	0.007237820855
316705	0.001300560408
316706	0.001622701934
316707	0.004542994593
316708	0.006221459432
316709	0.001286289833
316710	0.002941130417
316711	0.0008346094662
316712	0.002962474112
316713	0.009859659678
316714	3.254541329e-07
316715	0.001889158494
316716	0.01286744087
316717	0.004836430636
316718	0.01078619399
316719	0.002303155131
316720	0.0009412597145
316721	0.003593497536
316722	0.01639561875
316723	0.001147512633
316724	0.0003831363353
316725	0.0004684309412
316726	4.294949579e-06
316727	0.003336273832
316728	0.002202305182
316729	0.002346477084
316730	0.003827373369
316731	0.005122906491
316732	0.0009432848108
316733	0.003680094655
316734	0.001569180711
316735	0.006094146141
316736	0.0007175211137
316737	0.01356637334
316738	0.002155224386
316739	0.005140419473
316740	0.001226119714
316741	0.007100826039
316742	0.003704912135
316743	0.01089957765
316744	0.005052433135
316745	0.002591346861
316746	0.0002417582652
316747	0.003207286216
316748	0.006503261612
316749	0.002327377788
316750	0.001079661457
316751	0.002907245933
316752	0.001630887973
316753	0.005301346883
316754	0.00517182828
316755	0.007462858615
316756	0.0009643837839
316757	0.00571964437
316758	0.0005937988308
316759	0.0004820246
316760	0.000473950703
316761	0.0004050364798
316762	0.000377471255
316763	0.0003569820449
316764	0.00356423439
316765	0.00405343877
316766	0.001644849887
316767	0.001183745314
316768	0.004170471932
316769	0.003675438425
316770	0.005122473456
316771	0.001370308656
316772	0.003393728436
316773	0.00161592388
316774	0.006201986848
316775	0.004599560287
316776	0.001947598445
316777	0.0001610145044
316778	0.005114010378
316779	0.004547405923
316780	0.002661034756
316781	0.003625578333
316782	0.002334254312
316783	0.002423216728
316784	0.003026924149
316785	0.00167981389
316786	0.0008041579712
316787	0.006106765438
316788	0.004827593112
316789	0.001471646501
316790	0.005189200432
316791	0.002234607866
316792	0.000285487851
316793	0.0009793614462
316794	0.004211597221
316795	0.004704973948
316796	0.001899072681
316797	0.001565727476
316798	0.004362402835
316799	0.00226131657
316800	0.003287747493
316801	0.002831366123
316802	0.0005161490488
316803	0.001851075223
316804	0.002289962152
316805	0.002136145081
316806	0.00283083386
316807	0.0006187313131
316808	0.001769403916
316809	0.002994082887
316810	0.001924902988
316811	0.001036181939
316812	0.005542906258
316813	0.004517949777
316814	0.002319673552
316815	0.00643026026
316816	0.001545219006
316817	2.41405465e-05
316818	0.003058727428
316819	0.0003797788106
316820	0.007032295685
316821	0
316822	0.0002965719579
316823	0.004275323678
316824	0.004131197657
316825	0.002679395302
316826	8.915282737e-05
316827	0.007987631685
316828	0.005472551348
316829	0.0003646928305
316830	0.0008141640069
316831	0.00113530607
316832	0.0003155053819
316833	0.00231392639
316834	0.002565085591
316835	0.005073538433
316836	0.002633574698
316837	0.0008925602793
316838	0.001106899089
316839	0.002385207409
316840	0.001524435358
316841	0.0007597591829
316842	0.002062869127
316843	0.004171521681
316844	0.00166606083
316845	0.001916444044
316846	0.0001566634016
316847	9.827151953e-05
316848	0.006547566227
316849	0.002724730215
316850	0.004557696199
316851	0.0008963665118
316852	0.006058311863
316853	0.0004326196348
316854	0.003229172621
316855	0.001281716714
316856	0.001051427921
316857	0.003902000489
316858	0.003845153737
316859	0.001979071902
316860	0.003057232442
316861	7.072447976e-05
316862	0.006132375036
316863	0.002279330802
316864	0.002980800923
316865	0.003415340926
316866	0.00473873092
316867	0.001507946359
316868	0.003342833128
316869	0.00101865366
316870	0.0003539564549
316871	0.001522554807
316872	0.00344012491
316873	0.005931801869
316874	0.005569076672
316875	0.002372992526
316876	0.000233279148
316877	0.002556965779
316878	0.003091659019
316879	0.01176990123
316880	0.01032307886
316881	0.001757509171
316882	0.003157439174
316883	0.0001810064836
316884	3.944664454e-05
316885	0.001025987456
316886	0.003433546957
316887	0.001243395021
316888	0.0004242822038
316889	0.0003165868487
316890	0.003374438695
316891	0.00139642069
316892	0.003407740798
316893	0.004065508561
316894	0.000374427051
316895	0.00237086795
316896	0.004418524894
316897	0.0005907526289
316898	0.0008745395893
316899	0.001418660959
316900	0.005314276457
316901	0.002889413744
316902	0.001959516193
316903	0.0003816445641
316904	0.003305358615
316905	0.001878390921
316906	0.00358806622
316907	0.002310837183
316908	0.01032653324
316909	0.002219519807
316910	0.004277547749
316911	0.003551167314
316912	0.001196164382
316913	0.001326765613
316914	0.003325187271
316915	0.0005229371612
316916	0.0002308127532
316917	0.006531098151
316918	0.001366028906
316919	0.001800647227
316920	0.003071254694
316921	0.002929049011
316922	0.005841816718
316923	0.002165276683
316924	0.0003104940582
316925	0.005810861416
316926	0.0009587822253
316927	0.0008135534048
316928	0.002781648386
316929	0.0004676986961
316930	0.006349777849
316931	0.001526066824
316932	0.00527263299
316933	0.001703010854
316934	0.007410159834
316935	0.002756222089
316936	0.00339407524
316937	0.0004237039379
316938	0.0008261943926
316939	0.0009124417543
316940	0.003191501906
316941	0.00208679374
316942	0.0007367615334
316943	0.0009615075135
316944	0.004090972801
316945	0.002263930633
316946	0.0003709670263
316947	0.002048802494
316948	0.006835249025
316949	0.003420529117
316950	0.0002709704365
316951	0.003503775326
316952	0.0007046129016
316953	0.003371616272
316954	0.002006647774
316955	0.001440555424
316956	0.004933283127
316957	0.001349154172
316958	0.003937304253
316959	0.0008746362584
316960	0.004242890148
316961	0.01043355334
316962	0.009319435933
316963	0.0002083192351
316964	0.005927626899
316965	0.0002148136459
316966	0.004467804557
316967	0.005620975527
316968	0.002714192352
316969	0.002952470015
316970	0.003917521078
316971	0.0005717309572
316972	0.00251277234
316973	0.0008006879501
316974	0.006980790778
316975	0.006899838087
316976	0.004543760109
316977	0.004550452928
316978	0.001191261677
316979	0.001455377952
316980	0.004103419037
316981	0.004806678933
316982	0.001406005258
316983	0.001372612004
316984	0.005558725774
316985	0.0002428699723
316986	0.003352905276
316987	0.002762658274
316988	0.005941008793
316989	0.007969820282
316990	0.002605478962
316991	2.320884841e-05
316992	0.005096244174
316993	0.001289666756
316994	0.0002847442987
316995	0.002344400436
316996	0.004340192624
316997	0.005203001685
316998	0.0008182868916
316999	0.001848087126
317000	0.002990402562
317001	0.004061254733
317002	0.0003226074716
317003	0.006352607317
317004	0.00162473549
317005	0.001238541152
317006	0.003180539062
317007	0.001477849061
317008	0.001709765825
317009	0.001376014661
317010	0.001892186801
317011	0.001576655866
317012	0.00872475184
317013	0.002718800241
317014	0.0001748067616
317015	0.008107433394
317016	0.005323232628
317017	0.001144840687
317018	0.001970654606
317019	0.0008858436941
317020	0.0009016449095
317021	0.0007056620919
317022	0.0009351181344
317023	0.00219166776
317024	0.00258048704
317025	0.00061415366
317026	0.003372243134
317027	0.007135742964
317028	0.0002452711444
317029	0.002914919258
317030	0.00024283633
317031	0.002282059895
317032	0.003279979197
317033	0.001528097503
317034	0.000464276262
317035	0.003942682236
317036	0.006499743619
317037	0.0002290822026
317038	0.0004851323541
317039	0.000721296019
317040	0.001473581833
317041	0.002663367762
317042	0.001514171369
317043	0.002287282774
317044	0.001797240541
317045	0.002013173447
317046	0.000123743705
317047	0.002500057271
317048	0.00160941161
317049	0.002553380727
317050	0.001094574514
317051	1.999233313e-05
317052	0.004128265036
317053	0.001933515654
317054	0.003365842172
317055	0.00139530523
317056	0.0004870257759
317057	0.005475517713
317058	0.0003907602076
317059	0.0002839935271
317060	0.00327350641
317061	0.001173140272
317062	0.001447467582
317063	0.001712649888
317064	0.002950473069
317065	0.003241997257
317066	0.006194213897
317067	0.002408284982
317068	0.002919145176
317069	0.0001671937717
317070	0.001768072523
317071	0.005284416115
317072	0.001343249597
317073	0.0005038061483
317074	0.0004044654354
317075	0.001611743506
317076	0.001075160981
317077	0.003477248024
317078	0.006919454128
317079	0.00119918483
317080	0.001984877124
317081	0.001077819272
317082	0.00074802246
317083	0.006469199298
317084	0.003218949934
317085	0.002185340958
317086	0.003238634845
317087	0.008165675978
317088	0.00128184294
317089	0.0003278221322
317090	9.869312861e-05
317091	0.001201158145
317092	0.001650163255
317093	0.008584081106
317094	0.002578821961
317095	0.001195226205
317096	0.002885195228
317097	0.005069230212
317098	0.001875027088
317099	0.001492299227
317100	0.00251096079
317101	0.002273113822
317102	0.006462601738
317103	0.001333138839
317104	0.006029383159
317105	0.001468067951
317106	0.003704000466
317107	0.00321177294
317108	0.003227163019
317109	0.001332188504
317110	0.0009931119037
317111	0.002344785654
317112	0.002602129644
317113	0.001220882951
317114	0.004746627367
317115	0.006358526156
317116	0.001050880569
317117	0.0001549749237
317118	0.003754725476
317119	0.01016257588
317120	0.001068517621
317121	0.003065057959
317122	0.00152219524
317123	0.004523583275
317124	0.001187211968
317125	0.001785798391
317126	0.007187689458
317127	0.002459176645
317128	0.0008951966398
317129	0.00319287824
317130	0.0009708982332
317131	0.004269934261
317132	0.003312822765
317133	0.004635830266
317134	0.003290079099
317135	0.00280461537
317136	0.0003198196987
317137	0.003819749442
317138	0.004272512058
317139	0.003478863558
317140	0.001990922483
317141	0.005083294692
317142	0.006623204127
317143	0.002477016421
317144	0.001223223734
317145	0.004353082539
317146	0.003302747408
317147	0.0004602008458
317148	0.002477400873
317149	0.002704693119
317150	0.005628324756
317151	0.0008596077625
317152	0.002200413078
317153	0.001689543511
317154	0.001668809047
317155	0.003681126573
317156	0.004049345772
317157	0.00578220218
317158	0.0008871031488
317159	0.001188017811
317160	0.00104602789
317161	0.002301835654
317162	0.0111070102
317163	0.008610051248
317164	0.004329004309
317165	0.001872647552
317166	0.002583733361
317167	0.007611737444
317168	0.000445074835
317169	0.0006657500891
317170	0.001691705205
317171	0.003031433198
317172	0.0003089622103
317173	0.0009032583419
317174	0.001095487716
317175	0.001173664529
317176	0.001048692708
317177	0.002072212623
317178	0.0006439363015
317179	0.004030738304
317180	1.244531529e-05
317181	0.0008373758195
317182	0.001041019175
317183	0.0002949422784
317184	0.001715283525
317185	0.004320114114
317186	0.0008243919191
317187	0.00140826856
317188	0.001961079751
317189	0.002993219104
317190	0.001086359204
317191	0.003817453039
317192	0.0004535092949
317193	0.006691168335
317194	0.005785755712
317195	0.002602970592
317196	0.001690717658
317197	0.001782869026
317198	0.002009589086
317199	0.005815126848
317200	0.004680603197
317201	0.003180025977
317202	0.001538237709
317203	0.0007440257454
317204	0.0001127252708
317205	9.573228769e-05
317206	0.002058076796
317207	0.005215699774
317208	0.005351951348
317209	0.007276828477
317210	0.002989722297
317211	0.00158249602
317212	0.0003636314849
317213	0.0007055838558
317214	0.002880478164
317215	0.001087118976
317216	0.001506211575
317217	0.00289367988
317218	0.0070319007
317219	0.002842417113
317220	0.00620307126
317221	0.005377759104
317222	0.000864586041
317223	0.002846536711
317224	0.001415529322
317225	0.006425697265
317226	3.711977523e-05
317227	0.002115582824
317228	0.003259000966
317229	0.003037072891
317230	0.005462125373
317231	0.009335971436
317232	0.005177796882
317233	0.00189547675
317234	0.006947072084
317235	0.002707819629
317236	0.002010374015
317237	0.005232413762
317238	0.0005336795384
317239	0.004558731496
317240	0.002871396557
317241	0.0003075238326
317242	0.0009747395101
317243	0.002968991871
317244	0.003684185733
317245	0.002684800913
317246	0.0005115539442
317247	0.006721885773
317248	0.004639372824
317249	0.001652617467
317250	0.001661969576
317251	0.0005919471794
317252	0.003695444481
317253	0.003116777578
317254	0.0002745053338
317255	0.000113836642
317256	0.002040140945
317257	0.002953405654
317258	0.00119692955
317259	0.0005293476959
317260	0.002014939066
317261	0.0003071304112
317262	0.000507463053
317263	0.003392547749
317264	0.007769526754
317265	0.002421599092
317266	0.001957278832
317267	0.000240948141
317268	0.00400000089
317269	0.004017030561
317270	0.0008936565344
317271	0.003771881336
317272	0.005181222553
317273	0.001652029852
317274	0.003503700732
317275	0.004814186124
317276	0.004186813033
317277	0.006973837363
317278	0.0008075140707
317279	0.0002194535193
317280	0.0004823836774
317281	0.001807558882
317282	0.002626324002
317283	0.001172131867
317284	0.006076155451
317285	0.004992906502
317286	0.0001234716426
317287	0.00667307408
317288	0.005284951658
317289	0.001366145934
317290	0.00321861342
317291	2.881294518e-05
317292	0.003167676463
317293	0.0003617283256
317294	0.006901905294
317295	0.0019325712
317296	0.001579609806
317297	0.0024558941
317298	0.0005317320118
317299	0.007713413252
317300	0.0003224912009
317301	0.007498990928
317302	0.006449453513
317303	0.005276554414
317304	0.004189926582
317305	0.001283070343
317306	0.004960624511
317307	0.004867155533
317308	0.001026755842
317309	0.002798185799
317310	0.00693868338
317311	0.004120657232
317312	0.005769857871
317313	0.006645598449
317314	0.005362660901
317315	0.000872944166
317316	0.002505080192
317317	0.001991994885
317318	0.009196530325
317319	0.00946514437
317320	0.009517084153
317321	0.01530451553
317322	0.009399449764
317323	0.002381187076
317324	0.0007010733725
317325	0.001421735946
317326	0.005393244092
317327	0.0005623846249
317328	0.004919228696
317329	0.0009914250385
317330	0.0007063418424
317331	0.002484753547
317332	0.001308216914
317333	0.005369044464
317334	0.004342038605
317335	0.003541570118
317336	0.00274934765
317337	0.002143726044
317338	0.0006849409107
317339	0.0002537781285
317340	0.004827408244
317341	0.008952780611
317342	0.004977553209
317343	0.006893957737
317344	0.0006388735933
317345	0.002842533623
317346	0.00238572165
317347	0.001395022637
317348	0.003906866216
317349	0.002659956623
317350	0.006196364783
317351	0.004241520662
317352	0.0011569634
317353	0.00287407229
317354	0.001039454556
317355	0.001245863424
317356	0.00370210236
317357	0.004613996789
317358	0.002882729063
317359	0.00837265655
317360	0.004505339337
317361	0.001644458045
317362	0.002854722196
317363	0.0005264980249
317364	0.002796397196
317365	0.001345244686
317366	0.0003080886443
317367	0.003881369468
317368	0.002478554557
317369	0.001460659831
317370	0.005615008629
317371	0.01130617477
317372	0.0002729758004
317373	0.001605918865
317374	0.002791539465
317375	0.001326075622
317376	0.007722630212
317377	0.007874767275
317378	0.002604894538
317379	0.003948341152
317380	0.001254559326
317381	0.001849548718
317382	0.003732586835
317383	0.002510214289
317384	0.002956674027
317385	0.007005273208
317386	0.00353927563
317387	0.001090360583
317388	0.003503381489
317389	0.001218138276
317390	0.00361061138
317391	0.001039004745
317392	0.001467829413
317393	0.003898728267
317394	0.01555615829
317395	0.01012633547
317396	0.008321141718
317397	0.0004884360782
317398	0.001897738568
317399	0.002139157617
317400	3.013666078e-05
317401	0.00430817976
317402	0.003394685793
317403	0.001733277577
317404	0.007516041969
317405	0.002204628232
317406	0.001919635859
317407	0.00871090008
317408	0.008762653699
317409	7.984258333e-05
317410	0.009196362446
317411	0.001010975095
317412	0.006428004502
317413	0.0007837531427
317414	0.009473792133
317415	0.006599928098
317416	0.005664343487
317417	0.001093719148
317418	0.009002293613
317419	0.0002906779071
317420	0.001860976927
317421	0.0001519761692
317422	0.0002374263605
317423	0.004495320373
317424	0.007547363266
317425	0.009628779954
317426	0.003042238053
317427	0.0003374803519
317428	0.004122035873
317429	0.0006449204767
317430	0.004053773932
317431	0.003205370402
317432	0.003128162726
317433	0.009679926123
317434	0.000455661748
317435	0.002160661023
317436	0.001401475437
317437	0.003781130288
317438	0.0005280904345
317439	0.001691690194
317440	0.002814932394
317441	0.001135617622
317442	0.0005366049503
317443	0.001735257433
317444	0.001432586508
317445	0.002099609024
317446	0.001804179277
317447	0.002120760675
317448	0.002442346607
317449	0.01196054846
317450	0.008284552574
317451	0.01005363472
317452	0.00666420156
317453	0.003586546186
317454	0.001137647697
317455	0.001920238421
317456	0.0008929861504
317457	0.005546393109
317458	0.007164413896
317459	0.0004352526478
317460	0.004238280054
317461	0.001092164758
317462	0.004323448144
317463	3.515775453e-05
317464	0.0009731215576
317465	0.00144625213
317466	0.004166703184
317467	0.002833354594
317468	0.0008613088486
317469	0.003350612757
317470	0.00228718081
317471	0.002986336463
317472	0.000468213702
317473	0.009729699009
317474	0.004020237482
317475	0.003508494206
317476	0.003032865839
317477	0.00306043291
317478	0.0003659030166
317479	0.004816017427
317480	0.004246557599
317481	0.009256253454
317482	0.00255237096
317483	0.003111805925
317484	0.00402493164
317485	0.0009805695952
317486	0.001328313554
317487	0.004149005315
317488	0.0004384899041
317489	0.002662522678
317490	0.004745838947
317491	0.007342562358
317492	0.002600251683
317493	0.00541685502
317494	0.004812025181
317495	0.0001946113635
317496	0.004294412042
317497	0.0003712482485
317498	0.0091462572
317499	0.00538707323
317500	0.0009813415657
317501	0.0007917522044
317502	0.0002539276983
317503	0.004460382862
317504	0.004577950083
317505	0.0008637385899
317506	0.003978410826
317507	0.007011516732
317508	0.002035066504
317509	0.003951989221
317510	0.008484412732
317511	0.003365007758
317512	0.007761286937
317513	1.00338259e-05
317514	0.001865121048
317515	0.002540338381
317516	0.002823561662
317517	0.004993113317
317518	0.003452675629
317519	0.003053481804
317520	0.009217520712
317521	0.001101439526
317522	0.003804846061
317523	0.003097861933
317524	0.001126699225
317525	0.005611644392
317526	5.620517212e-05
317527	0.01365000798
317528	0.01324201142
317529	0.002606189707
317530	0.004367058144
317531	0.001104568705
317532	0.003895768393
317533	0.005700771927
317534	0.006539822027
317535	0.00621538454
317536	0.004996211941
317537	0.009614872852
317538	0.005870509227
317539	0.003188281887
317540	0.006641646852
317541	0.003651248287
317542	0.001954986723
317543	0.002535287562
317544	0.005083511787
317545	0.002395945983
317546	0.003971737515
317547	0.004599340176
317548	0.001854517045
317549	0.002528104713
317550	0.001677497203
317551	0.006496834692
317552	0.000577084838
317553	0.005453519425
317554	0.01382594656
317555	0.004020067827
317556	0.008029570643
317557	0.004161624033
317558	0.004208857131
317559	0.006211546597
317560	0.0002320768825
317561	0.003657397215
317562	0.007209985044
317563	0.0002030954072
317564	0.002000911712
317565	0.00149961714
317566	0.0002095175937
317567	0.00545123907
317568	0.01619332467
317569	0.002253128028
317570	0.001566465099
317571	0.00187619074
317572	0.002068683921
317573	0.002938165964
317574	0.0013013118
317575	0.00267177881
317576	0.00314692145
317577	0.003106328817
317578	0.002553141844
317579	0.002860878237
317580	0.000550767547
317581	0.008709403187
317582	0.006795511871
317583	0.002558923098
317584	0.0001319274522
317585	0.002447973305
317586	0.001272610169
317587	0.005598385003
317588	0.002719668142
317589	0.002844488085
317590	0.003726987546
317591	0.0002547587509
317592	0.004597379961
317593	0.001093178768
317594	0.003631303651
317595	0.001036786328
317596	0.0001428148541
317597	0.004125897726
317598	0.002884515027
317599	0.001032043973
317600	0.004676043478
317601	0.00760301124
317602	0.005802399423
317603	0.003198758139
317604	0.002574676251
317605	0.003227648233
317606	0.003592450027
317607	0.00317811101
317608	0.006757957886
317609	0.01089983166
317610	0.00261046275
317611	0.005864569687
317612	0.002752889352
317613	0.0003381761746
317614	0.0006892802032
317615	0.0002142328916
317616	0.006064889745
317617	0.001999378599
317618	0.001080618609
317619	0.003078514346
317620	0.001526124244
317621	0.003345741806
317622	0.004055351999
317623	0.003698304498
317624	0.0001204568527
317625	0.00860059223
317626	0.002307689131
317627	0.001591454561
317628	0.005368976334
317629	0.002319531778
317630	0.002818426872
317631	0.005287203032
317632	0.001940835363
317633	0.006378111773
317634	0.004353641048
317635	0.002848850798
317636	0.003925823739
317637	0.0005314063383
317638	0.005677493951
317639	9.009390711e-05
317640	0.0009697281162
317641	0.001985212067
317642	0.001110947043
317643	0.007574122692
317644	0.00909974369
317645	0.001381016964
317646	0.003672825104
317647	0.003715077734
317648	0.003648385052
317649	0.002092651357
317650	0.003719367272
317651	0.01121591513
317652	0.006039645064
317653	0.005073100395
317654	0.004003995406
317655	0.007684805045
317656	0.0003433446021
317657	0.0002177277794
317658	0.003924307097
317659	0.004078441965
317660	0.003183932856
317661	0.003862421392
317662	0.001720372757
317663	0.002998386439
317664	0.0003470909452
317665	0.003076374583
317666	0.001264992839
317667	0.00283832287
317668	0.000204188249
317669	0.002314402868
317670	0.00148798039
317671	0.005854492163
317672	0.002673736972
317673	0.00699563994
317674	0.00257079413
317675	0.002042617604
317676	0.003103592421
317677	0.0006609195184
317678	0.002048272806
317679	0.003404467886
317680	0.003941883534
317681	0.003659081711
317682	0.002457010952
317683	0.003125956083
317684	0.006754713411
317685	0.0009892240228
317686	0.002486414098
317687	0.002485271051
317688	0.001876965101
317689	0.003441500684
317690	0.004313678229
317691	0.008116712011
317692	0.001404232782
317693	0.004290792386
317694	0.001614423975
317695	0.004248364927
317696	0.001420124141
317697	0.001642910558
317698	0.001574329856
317699	0.01054161712
317700	0.0053434837
317701	0.006340919229
317702	0.001658548472
317703	0.002370514792
317704	0.00262535841
317705	0.003137518948
317706	0.001956188615
317707	0.003275197953
317708	0.0003926283137
317709	0.002475296915
317710	0.005145664349
317711	0.003770493204
317712	0.001672134386
317713	0.0007513510378
317714	0.001030210406
317715	0.001065788218
317716	0.001760121449
317717	0.0005796754321
317718	0.002031317487
317719	0.001229332521
317720	0.006065924372
317721	0.0001685722561
317722	0.002976142483
317723	0.0001727516693
317724	0.001883484724
317725	0.0008035153167
317726	0.008256625755
317727	0.005966236828
317728	0.001754085634
317729	0.007651098905
317730	0.0007128317089
317731	0.001784692634
317732	0.00930655179
317733	0.003937453297
317734	0.009553037774
317735	0.005054765201
317736	0.0029545343
317737	0.001487765095
317738	0.003534169913
317739	0.001973414069
317740	0.002945640529
317741	0.003501153264
317742	0.0002112258466
317743	6.423932151e-05
317744	0.00511230609
317745	0.002918272937
317746	0.004550516347
317747	0.005212478895
317748	0.002834946749
317749	0.006722185725
317750	0.004794832322
317751	0.001090039334
317752	0.01261531915
317753	0.004921745244
317754	0.0002593386329
317755	0.009156354533
317756	0.0003793946015
317757	0.003345365239
317758	0.0001229563097
317759	0.008420566993
317760	0.007657408614
317761	0.003848018367
317762	0.003953147304
317763	9.200719379e-05
317764	0.003749168398
317765	0.001029548576
317766	0.003963912037
317767	0.001912223289
317768	0.007665166468
317769	0.003667942651
317770	0.0007863346859
317771	0.001828328287
317772	0.003875507233
317773	0.0009391713768
317774	0.001080133629
317775	0.003069301533
317776	0.005890221306
317777	0.0008909518679
317778	0.005066148848
317779	0.003041226911
317780	0.001609023544
317781	0.006633551535
317782	0.001749384366
317783	0.002815664563
317784	0.0001570883429
317785	0.003404348527
317786	0.001756249932
317787	0.003105443897
317788	0.001651722592
317789	0.0008464552739
317790	0.001247854266
317791	0.000690136217
317792	0.0006991085384
317793	0.002462118122
317794	0.001055171514
317795	0.002197382928
317796	0.008383544662
317797	0.0003912524127
317798	0.00203058188
317799	0.0007344279124
317800	0.000608815268
317801	0.0001548446329
317802	0.0004414728129
317803	0.0003355076029
317804	0.009064229858
317805	0.00330271066
317806	0.0005158427228
317807	0.0002963723429
317808	0.0006190954879
317809	0.004937492706
317810	0.000659864744
317811	0.001760029013
317812	0.0009167549543
317813	6.525040286e-05
317814	0.003164109036
317815	0.002711687998
317816	0.002722782523
317817	0.001895250357
317818	0.006616631059
317819	0.003448982543
317820	0.002912739117
317821	0.0007927651201
317822	0.004098338562
317823	0.00288891279
317824	0.001803839777
317825	0.001460470483
317826	0.0006623886429
317827	0.007502996072
317828	0.007881435352
317829	0.00107526102
317830	0.003970918142
317831	0.004800447116
317832	0.009020328985
317833	0.006974888454
317834	0.004025394723
317835	0.002860718536
317836	6.237327613e-06
317837	0.006657346685
317838	0.006520844594
317839	0.00254414922
317840	0.002391308053
317841	0.005586020333
317842	0.001697446974
317843	0.002479170191
317844	0.003266241514
317845	0.0002384560373
317846	0.002525403181
317847	0.00254549046
317848	0.003048114294
317849	0.001123656802
317850	0.0001955203098
317851	0.002090781177
317852	0.0001557249029
317853	0.0003282730568
317854	0.0001710717129
317855	0.005702846249
317856	0.0002736904863
317857	0.000200420363
317858	0.0003596556038
317859	0.000333548467
317860	0.0008396559052
317861	0.0008392934315
317862	0.003865837992
317863	0.0007737031347
317864	0.004342398849
317865	0.004075768929
317866	0.005108633123
317867	0.001147240378
317868	0.003950748007
317869	0.0005976492194
317870	0.003237302707
317871	0.003034527508
317872	0.008445952675
317873	0.0001532122789
317874	0.0002046029313
317875	0.007211157975
317876	0.001341753324
317877	0.00283164815
317878	0.00227403473
317879	0.002914367176
317880	0.001853993889
317881	0.009251762552
317882	0.0007262789922
317883	0.005587750908
317884	0.001261806511
317885	0.00172784574
317886	0.0004313227453
317887	0.007153885666
317888	0.004037311208
317889	0.002657054104
317890	0.001032943621
317891	0.001083505939
317892	0.003156689693
317893	0.004535588163
317894	0.004127406403
317895	0.001694676963
317896	6.907039323e-05
317897	0.004301616924
317898	0.004341859574
317899	0.004981591715
317900	0.006055662118
317901	0.002918883195
317902	0.002892121137
317903	0.003459613987
317904	0.001128186956
317905	0.001246469165
317906	0.004666186108
317907	0.003930895431
317908	0.008540248727
317909	0.001009566692
317910	0.009877793283
317911	0.001569745042
317912	0.00251387334
317913	0.001905962056
317914	0.002073249482
317915	0.0008406761878
317916	0.004922921811
317917	0.003171978923
317918	0.005077459061
317919	0.001680479599
317920	0.0002036857037
317921	0.00281688595
317922	0.01176050945
317923	0.0003455448951
317924	2.811158422e-05
317925	0.007389863062
317926	0.003368018669
317927	0.001003794368
317928	0.005567011874
317929	0.0005418894143
317930	0.001018858308
317931	0.002631860777
317932	0.0002120247053
317933	0.004175571516
317934	0.0008306992458
317935	0.00131683019
317936	0.003896886596
317937	0.002799986281
317938	0.002513443022
317939	0.001417751685
317940	0.003183036868
317941	0.004197180396
317942	0.0002559293944
317943	6.320507808e-06
317944	0.002616619582
317945	0.003975027962
317946	0.001699000994
317947	0.003479099213
317948	0.001448713202
317949	0.005743543077
317950	0.008564748599
317951	0.002198017742
317952	0.007551431814
317953	0.001135092633
317954	0.003964308807
317955	0.002085347802
317956	0.00638747001
317957	0.0009766386248
317958	0.005980074904
317959	0.005340641709
317960	0.0004395304037
317961	0.005980371284
317962	0.01259509171
317963	0.0009704986609
317964	0.001962496399
317965	0.002041398976
317966	0.0004103352815
317967	0.003928245744
317968	0.001908220928
317969	0.0006242278219
317970	0.002294609656
317971	0.0001913538984
317972	0.0006805564315
317973	0.002135366167
317974	0.004469171689
317975	0.002571521857
317976	0.0005565493083
317977	0.004352516251
317978	0.0008026572299
317979	0.001953438682
317980	0.001992169106
317981	0.000460111107
317982	0.0009193688714
317983	0.004151769275
317984	0.01027595201
317985	0.001518901786
317986	0.005295425897
317987	0.002417294415
317988	0.002537365684
317989	0.007591293501
317990	0.004620507593
317991	0.004886415486
317992	0.001075761119
317993	0.0124400967
317994	0.0003176518152
317995	0.003695543203
317996	0.006017394223
317997	0.003164243145
317998	0.001932473306
317999	0.008574545624
318000	0.001292442826
318001	0.0008694242227
318002	0.008033759756
318003	0.001860573608
318004	0.001880764582
318005	0.005787868754
318006	0.008945040778
318007	0.0004333100322
318008	0.0001874083111
318009	0.007535818598
318010	0.00605443063
318011	0.00462749227
318012	0.006046836677
318013	0.006879532756
318014	0.002248451335
318015	0.002205604838
318016	0.003923612003
318017	0.0001446892605
318018	0.002211988491
318019	0.001379381734
318020	0.000390596189
318021	0.006249243478
318022	0.00311133113
318023	0.008732444703
318024	0.002214771755
318025	0.003648591609
318026	0.007274519554
318027	0.002460908252
318028	0.006438997131
318029	0.000208862702
318030	0.002221598924
318031	0.0008264352003
318032	0.008357923483
318033	0.0005985048448
318034	0.006872804898
318035	0.004151633353
318036	0.004392254332
318037	0.004414528431
318038	0.001228018799
318039	0.003193675113
318040	0.005832336517
318041	0.001593629049
318042	0.004641346024
318043	0.005419173893
318044	0.007317296823
318045	0.0005464373316
318046	0.004744375963
318047	0.001166808776
318048	0.0006220718921
318049	0.001307895582
318050	0.004699138803
318051	0.001470750086
318052	0.001267179515
318053	0.001065354609
318054	0.008366228619
318055	0.003705824367
318056	0.002750975997
318057	0.0002592702716
318058	0.002524081829
318059	0.001215804423
318060	0.002800173284
318061	0.002223841135
318062	0.004239783462
318063	0.005594622842
318064	0.006460409126
318065	0.004072940735
318066	0.002292871226
318067	0.005554791209
318068	0.006328757347
318069	0.001926427579
318070	0.006391341515
318071	0.003577474155
318072	0.005778617329
318073	0.005523669375
318074	0.006106671979
318075	0.005708071913
318076	0.005973551891
318077	0.005020046711
318078	0.004813331328
318079	0.005456453088
318080	0.006246523831
318081	0.006112811089
318082	0.005663790989
318083	0.005522056072
318084	0.002454233706
318085	0.006967973019
318086	0.005570782474
318087	0.006756476593
318088	0.006668770284
318089	0.01164279375
318090	0.01076329462
318091	0.001572179088
318092	0.005494462765
318093	0.000385495497
318094	0.001450740348
318095	0.003007014176
318096	0.001587226036
318097	0.004984792941
318098	0.0001037089018
318099	0.007752518722
318100	0.0003806992488
318101	0.00149947376
318102	0.001205989073
318103	0.0007606750891
318104	0.002703044361
318105	0.0005877789843
318106	0.003244646399
318107	0.003120330514
318108	0.001686373863
318109	0.002589956799
318110	9.460497574e-05
318111	0.0008456739777
318112	0.002725261737
318113	0.0002794907427
318114	0.0009856105437
318115	0.0001431403034
318116	0.0006962491026
318117	0.001121328943
318118	0.0001424579645
318119	0.004701122746
318120	0.0001421888267
318121	0.002985808964
318122	0.00483793053
318123	4.593608037e-06
318124	0.0001401512615
318125	0.0001376446528
318126	0.005797363724
318127	0.002132441965
318128	0.002017334407
318129	0.001883061887
318130	2.951947705e-07
318131	0.008601195225
318132	0.0005552840868
318133	0.008042754713
318134	0.0006725476094
318135	0.007761163446
318136	0.002658448427
318137	0.00562882426
318138	0.005199413634
318139	2.623449899e-07
318140	0.008125804399
318141	9.455570391e-05
318142	0.0002845127829
318143	0.003374009415
318144	0.008880237726
318145	0.005873695893
318146	0.001563178931
318147	0.003205939762
318148	0.003852973212
318149	0.009162841313
318150	0.008618514802
318151	0.001548777466
318152	0.001407071113
318153	0.002353307658
318154	0.002548093567
318155	0.003651284198
318156	0.002303974888
318157	0.0007260915596
318158	0.001512011845
318159	0.001211043975
318160	0.0006926333573
318161	0.001297217616
318162	0.000537562207
318163	0.0008411489563
318164	0.002203429561
318165	0.003929241474
318166	0.0003264888164
318167	0.0007077157562
318168	0.004083843445
318169	0.002768069132
318170	0.006637828652
318171	0.006499171577
318172	0.0004226998425
318173	0.00182078635
318174	0.004841521823
318175	0.001519844744
318176	0.0002615338515
318177	0.0005478292561
318178	0.001382178965
318179	0.001943031635
318180	0.0002790818945
318181	0.0005466502217
318182	0.001671334598
318183	0.0009593915602
318184	0.002213032585
318185	0.00207279366
318186	0.0001413228582
318187	0.001385013099
318188	0.001275421615
318189	0.001801873258
318190	0.001940940356
318191	0.001932917743
318192	0.002215599609
318193	0.0001361122169
318194	0.0004196682525
318195	0.0009585102859
318196	0.0004289495466
318197	0.0015079734
318198	0.001931428141
318199	0.001664774753
318200	0.002358496359
318201	0.0007075568878
318202	0.001531565037
318203	0.001110107854
318204	0.002355937777
318205	0.0009573237991
318206	0.001518350644
318207	9.948797363e-07
318208	0.003180500237
318209	0.003324371767
318210	0.003324653619
318211	0.002761909707
318212	0.0007038951154
318213	0.001522205738
318214	0.002714491842
318215	0.002851927207
318216	0.002136074608
318217	0.0008386291664
318218	0.0001376836147
318219	0.001239866816
318220	0.002154236679
318221	5.736336206e-07
318222	6.735722473e-06
318223	0.0008252342412
318224	0.0008380617398
318225	0.002420541681
318226	0.001918318724
318227	0.001907952063
318228	0.002395154578
318229	0.002245768149
318230	0.00965616791
318231	0.0008044264856
318232	0.0002065737954
318233	0.0006217122791
318234	0.01246236806
318235	0.001717956722
318236	0.002320379359
318237	0.001106486152
318238	0.001584094794
318239	0.001364708183
318240	0.00619412751
318241	0.002295849185
318242	0.002858760016
318243	7.372987607e-06
318244	0.004637463955
318245	0.001166760073
318246	0.000233926257
318247	0.001422466212
318248	0.001027815784
318249	0.009844349335
318250	0.0004756416848
318251	0.003732797833
318252	0.001911620859
318253	0.001062042526
318254	0.003146083548
318255	0.0001597861456
318256	0.0003966891883
318257	3.708268927e-05
318258	2.186303085e-06
318259	1.607388461e-06
318260	0.0002403296895
318261	0.0002315060162
318262	0.0004665289031
318263	0.0004459892789
318264	2.496588461e-07
318265	0.0001628415516
318266	0.007100717216
318267	0.005226613419
318268	0.002401532711
318269	0.004671650999
318270	0.01571022005
318271	0.002827451462
318272	0.002994950846
318273	0.003114271717
318274	0.002419473641
318275	0.004556338013
318276	0.00279896562
318277	8.180471396e-07
318278	4.831973585e-07
318279	0.001435579591
318280	0.0008231099897
318281	3.422802697e-06
318282	0.0007308468522
318283	0.006836380751
318284	0.001155312325
318285	0.0003690667717
318286	1.17108927e-05
318287	2.545029699e-08
318288	2.324611064e-05
318289	2.724338741e-06
318290	4.714423773e-06
318291	7.42003637e-06
318292	2.197418188e-05
318293	4.875120069e-06
318294	1.621788778e-05
318295	1.26802579e-06
318296	6.480333101e-06
318297	9.704024104e-06
318298	1.67147829e-06
318299	5.549542906e-06
318300	1.946355758e-06
318301	9.143889029e-06
318302	1.136708807e-06
318303	1.370919152e-05
318304	1.055143755e-05
318305	3.379045839e-06
318306	1.079906743e-07
318307	8.731092518e-06
318308	1.231089469e-05
318309	1.310573889e-05
318310	2.958527597e-06
318311	0.001861539571
318312	0.001056750064
318313	0.002270751862
318314	0.001190157213
318315	0.003035375763
318316	0.003084816121
318317	0.002957588798
318318	0.000846717671
318319	0.00231488434
318320	0.002799640971
318321	0.0003261770149
318322	0.003302127134
318323	0.001686626528
318324	0.002084196148
318325	0.001159656917
318326	0.003240795854
318327	0.001165856099
318328	0.0007459082138
318329	0.001572442964
318330	0.001476712067
318331	0.002769281844
318332	0.002105216727
318333	0.003329846108
318334	0.002166848916
318335	0.0009480307439
318336	0.0004692056606
318337	0.000271835478
318338	0.002002161519
318339	0.0008164080464
318340	0.001033173652
318341	0.002904773747
318342	0.0009578698695
318343	0.002850482855
318344	0.001076376895
318345	0.002511951846
318346	0.001139924122
318347	0.002791149058
318348	0.001486355456
318349	0.001054064205
318350	0.0005239206766
318351	0.001715002948
318352	0.0003745038744
318353	0.0005200836128
318354	0.001237740232
318355	4.823935131e-07
318356	0.001589954772
318357	0.003424819787
318358	2.943091461e-05
318359	0.002879140634
318360	0.001241790138
318361	0.002567158744
318362	7.933055146e-05
318363	0.001175896103
318364	0.002130863811
318365	0.0006399692648
318366	0.001260310897
318367	7.430189879e-05
318368	7.073336368e-05
318369	2.400519369e-05
318370	0.002876629802
318371	0.00311178355
318372	0.003033729439
318373	0.002502893894
318374	0.0006826073841
318375	0.0005934597147
318376	0.00257284687
318377	0.002882106235
318378	0.001107951425
318379	0.002864298237
318380	0.001914565122
318381	0.001951877216
318382	0.0002836310894
318383	0.001489344658
318384	0.001084336401
318385	0.003043119358
318386	0.002120842753
318387	0.0009865239978
318388	0.0002847949045
318389	0.002603529618
318390	0.001551873267
318391	0.001397249104
318392	0.002330331753
318393	0.002580537089
318394	0
318395	0.0008485188815
318396	0.0005443149824
318397	0.001468279801
318398	0.01023713091
318399	0.001968863302
318400	0.004873360747
318401	0.001562904593
318402	0.001518227032
318403	0.0004870794125
318404	0.001880764984
318405	0.004995670608
318406	0.002051237072
318407	0.001836517878
318408	0.01267870464
318409	0.003475834467
318410	0.004195310617
318411	9.800272279e-05
318412	0.0003680636003
318413	0.002570292722
318414	0.005885403268
318415	0.00631130432
318416	0.001735323315
318417	0.005079974738
318418	0.004933739394
318419	0.001909176719
318420	0.005598901827
318421	0.005418528486
318422	0.004383719121
318423	0.001153144888
318424	0.00399317913
318425	0.002971005034
318426	0.003773864136
318427	0.004414269909
318428	0.0003678740962
318429	0.0005177803047
318430	0.0003868204382
318431	0.002484985576
318432	0.003901525311
318433	0.005699568711
318434	0.004146979073
318435	0.0005729349125
318436	0.004920390537
318437	0.00404910244
318438	0.001058766134
318439	0.0005147358991
318440	0.00371826582
318441	0.004442927602
318442	0.006365547422
318443	0.004629866327
318444	0.005470782283
318445	0.006230560313
318446	0.0008196046814
318447	0.01156435275
318448	0.006497012662
318449	0.001860732508
318450	0.003284978305
318451	0.007615211513
318452	0.0009727137166
318453	0.003792624398
318454	0.008294186885
318455	0.006319817979
318456	0.00647474773
318457	0.001855551553
318458	0.005047977772
318459	0.007326879168
318460	0.0001192140118
318461	0.0002647987889
318462	0.002574943036
318463	0.002577205231
318464	0.001274336224
318465	0.005417156161
318466	0.006534584055
318467	0.003106233116
318468	0.01267233701
318469	0.005175587628
318470	0.007253483054
318471	0.001822607307
318472	0.0006536703682
318473	0.01816561324
318474	0.004574816554
318475	0.008760656499
318476	0.008757402864
318477	0.007543914543
318478	0.002724305442
318479	0.0002151165929
318480	0.00330338342
318481	0.002138855338
318482	0.002552868717
318483	5.814667453e-06
318484	0.0005425447254
318485	0.0007727920182
318486	0.001694870702
318487	0.001798939397
318488	0.001663151071
318489	0.002230806838
318490	0.00206669451
318491	0.001726457895
318492	0.001142617528
318493	0.003094318778
318494	0.002250217726
318495	0.002411095903
318496	0.003764776983
318497	0.002258180436
318498	0.004247872345
318499	0.00127458676
318500	0.001823877638
318501	0.001229355837
318502	0.003281082481
318503	0.0005764360134
318504	2.846707624e-06
318505	0.0030552917
318506	0.0004268216959
318507	0.002322730163
318508	0.002275345263
318509	0.008648293494
318510	4.535242394e-06
318511	0.009131268194
318512	0.0005424443462
318513	0.009232241724
318514	0.002274242511
318515	0.01276695127
318516	0.009691804996
318517	0.004246718188
318518	0.0005617634696
318519	0.006840908636
318520	0.002288474811
318521	0.00239216655
318522	0.0001616156684
318523	2.021085199e-05
318524	0.007194764075
318525	0.008624450069
318526	0.001094212172
318527	0.003711890528
318528	0.005322081963
318529	0.004558026356
318530	0.0009932463573
318531	0.001612715733
318532	0.002676957594
318533	0.004583270665
318534	0.005667547663
318535	0.0003405753261
318536	0.01049950587
318537	0.003158106474
318538	0.00485675713
318539	0.00252846414
318540	0.002207540497
318541	0.003338713677
318542	0.005085710041
318543	0.002200082983
318544	0.0009932172602
318545	0.008823458396
318546	0.001432001477
318547	0.002927449784
318548	0.002645858433
318549	0.0008343748782
318550	0.003887520713
318551	0.002587658673
318552	0.002733219866
318553	0.001881988508
318554	0.0001645399157
318555	0.0002423567209
318556	0.01049123354
318557	0.007236737565
318558	0.005403344995
318559	0.001642011829
318560	0.006697007605
318561	0.001414296386
318562	0.003129106077
318563	0.0001808509307
318564	0.003279329933
318565	0.004311072204
318566	0.0002520965814
318567	0.0001875567508
318568	0.0008811609892
318569	0.001774519403
318570	0.00287894511
318571	0.006583881831
318572	0.0004234833467
318573	0.001039827502
318574	0.01054636749
318575	0.0002753758557
318576	0.001497728397
318577	0.0005441233727
318578	0.002963232545
318579	0.0009502421485
318580	0.001286452063
318581	0.001286746369
318582	0.0002602028287
318583	0.0006472712638
318584	0.001770595105
318585	0.004190530419
318586	0.009762613912
318587	0.00210532492
318588	0.0005615515843
318589	0.004834059624
318590	0.001730838903
318591	0.003766552233
318592	0.003699569814
318593	0.004156173433
318594	0.001563238327
318595	0.0003416284481
318596	0.001385742764
318597	0.0003118505265
318598	0.004172257596
318599	0.002941218419
318600	0.004213393799
318601	0.01017522669
318602	0.003331452709
318603	0.003010888151
318604	0.004093284458
318605	0.0001878531528
318606	0.006273237466
318607	0.001625325118
318608	0.003920231674
318609	0.003478725552
318610	0.003992528971
318611	0.005406424702
318612	0.002193972458
318613	0.004538147351
318614	0.007473624413
318615	0.005070149105
318616	0.000133149049
318617	0.00509012176
318618	0.000788685353
318619	0.0002493615224
318620	0.001603140222
318621	0.008408671408
318622	0.002631354607
318623	0.00338472855
318624	0.00309314209
318625	0.000809361483
318626	0.00399918217
318627	0.003695075899
318628	2.460339786e-05
318629	0.0007723412081
318630	0.003347857091
318631	0.002948715883
318632	0.003147997177
318633	0.000587566507
318634	0.002930134562
318635	0.005407578902
318636	0.0001745270253
318637	0.001051522694
318638	0.001326317779
318639	0.0006020613478
318640	0.0009649761835
318641	0.001075274926
318642	0.0008145967164
318643	0.00385627895
318644	0.003504354534
318645	0.002321660191
318646	0.002405459193
318647	0.003373130011
318648	9.671945916e-05
318649	0.0002076526317
318650	0.001747951575
318651	0.0042191826
318652	0.0001134143029
318653	0.006256992606
318654	0.00275607284
318655	0.003393488283
318656	0.002591417883
318657	0.005897193578
318658	0.001614354661
318659	0.001431819295
318660	0.0007162163425
318661	0.001090102751
318662	0.00605293465
318663	0.003851864187
318664	0.0003147445189
318665	3.232662184e-05
318666	0.001324762303
318667	0.0003644422035
318668	0.0003486700494
318669	0.001430749098
318670	0.002116038672
318671	0.002578957402
318672	0.002869635421
318673	0
318674	0.002210931147
318675	0.007220245629
318676	0.004243028631
318677	0.0002985285472
318678	0.0003919533419
318679	0.001338905291
318680	0.002679195751
318681	0.002447000483
318682	0.001509877183
318683	0.002853638404
318684	0.005874435953
318685	0.005034801548
318686	0.007403003081
318687	0.004521644506
318688	0.002609987885
318689	0.004947693478
318690	0.002223235977
318691	0.00339488166
318692	0.001941798767
318693	0.000265410424
318694	0.005958895532
318695	0.005356462291
318696	0.0004282373503
318697	0.006380807756
318698	0.00755417855
318699	0.006110242543
318700	0.006562072325
318701	0.01062392604
318702	0.0003700447245
318703	0.007985648915
318704	0.008816239669
318705	0.002550068114
318706	0.006630714869
318707	0.006188859173
318708	0.01029448075
318709	0.00701958982
318710	0.0009250961439
318711	0.00485486901
318712	0.007978739969
318713	0.00728149794
318714	0.002017450731
318715	0.01242258639
318716	0.0002165205124
318717	0.003640024603
318718	0.001292204365
318719	0.003735893834
318720	0.001311336907
318721	0.003996351315
318722	0.007026387142
318723	0.002499749411
318724	0.002276804237
318725	0.0008907949779
318726	0.0004712095279
318727	0.003936481607
318728	0.001040021482
318729	0.00261301014
318730	0.005952836298
318731	0.004840750973
318732	0.005283335802
318733	0.0051487426
318734	0.001933277947
318735	0.0002306865926
318736	0.001553706053
318737	0.001065482205
318738	0.00227258211
318739	0.001415159164
318740	0.003069432854
318741	0.001385807322
318742	0.003668435212
318743	0.001057182954
318744	0.002038037886
318745	0.002796017645
318746	0.005985616777
318747	0.004866755383
318748	0.003764366564
318749	0.002072705215
318750	0.002346476845
318751	0.002206588969
318752	0.002415372324
318753	0.004092488141
318754	0.004464380084
318755	0.0006503044589
318756	0.002634270378
318757	0.0004389293036
318758	2.466010092e-05
318759	0.001650327273
318760	0.007105131288
318761	0.0008072197915
318762	0.003248866994
318763	0.003288758872
318764	0.0003973766185
318765	0.0001351644378
318766	0.004686303485
318767	0.001674758207
318768	0.00193252033
318769	0.005761775026
318770	0.00144794284
318771	0.001992638212
318772	0.0008008552614
318773	0.004245861668
318774	0.003286437078
318775	0.0009545208315
318776	0.000132365582
318777	0.001821201539
318778	0.0002882075475
318779	0.005928287525
318780	0.004452183105
318781	0.01123930895
318782	0.002779748479
318783	0.002859764003
318784	0.005604242492
318785	0.008930785963
318786	0.001272311044
318787	0.002937553016
318788	0.004119998369
318789	0.001695327066
318790	0.0001305523237
318791	0.002595840546
318792	0.001278942897
318793	0.002669320919
318794	0.001029713853
318795	0.0004956903967
318796	0.001249521693
318797	0.001721179001
318798	6.208460535e-05
318799	0.006184084699
318800	0.006576233464
318801	0.003107227808
318802	0.006950683679
318803	0.004431210997
318804	0.001965294017
318805	0.002104714309
318806	0.0008422199341
318807	0.002378659197
318808	0.003829247907
318809	0.004409319326
318810	0.001867169444
318811	0.0003546713585
318812	0.0008603214781
318813	0.002036021749
318814	0.001164466641
318815	0.0002928428404
318816	0.008441309588
318817	0.005313242741
318818	0.002822866133
318819	0.002489572783
318820	0.003826240296
318821	0.001337309232
318822	0.001226666402
318823	0.002334331816
318824	0.003032336306
318825	0.0003607080955
318826	0.001807058872
318827	0.0003013012602
318828	0.0007431261383
318829	0.001879236785
318830	0.001585790369
318831	0.001721100824
318832	0.00233685162
318833	0.005574101323
318834	0.0007337698029
318835	0.0005355009107
318836	0.001630343246
318837	0.003394583218
318838	0.0006399944086
318839	0.0003257900647
318840	0.0008736188932
318841	0.0006790280796
318842	0.001480694649
318843	0.001470784701
318844	0.001543551859
318845	0.0006132144325
318846	0.0003603656994
318847	0.0009159802523
318848	0.004208852258
318849	0.001421753944
318850	0.00653529413
318851	0.007598483412
318852	0.0008533526017
318853	0.0009873597522
318854	0.002256080082
318855	0.001424091705
318856	0.001074498192
318857	8.920515101e-05
318858	0.0006583137965
318859	0.002284423295
318860	0.00695753442
318861	0.001502484042
318862	0.0009993878129
318863	0.004185931013
318864	0.002076828811
318865	0.0002222434823
318866	0.0005958881644
318867	0.007878291169
318868	0.0009109083161
318869	0.003806970091
318870	0.003964785011
318871	0.002223138291
318872	0.002295590219
318873	0.00436300308
318874	0.001058750458
318875	0.009469117351
318876	0.004156763868
318877	0.003580547948
318878	0.003002602052
318879	0.006507594815
318880	0.002706372843
318881	0.003508967545
318882	0.004820117731
318883	0.0005901621634
318884	0.0004266619388
318885	0.001273983476
318886	0.009347537721
318887	0.005747557118
318888	0.001607816233
318889	0.003498853204
318890	0.000954471776
318891	0.002527518396
318892	0.008403460196
318893	0.001879697609
318894	0.005524581693
318895	0.001801671939
318896	0.001955203695
318897	0.00229556278
318898	0.0008979381576
318899	0.001506624472
318900	0.005910841158
318901	0.000659482742
318902	0.001083891328
318903	0.00363589875
318904	0.00100539886
318905	0.004378741919
318906	0.005651160379
318907	0.002637230413
318908	0.00148238482
318909	0.00369623532
318910	0.0007365674953
318911	0.00346660938
318912	0.002188666746
318913	0.0002072327425
318914	0.00238945167
318915	0.0006776352465
318916	0.0008990107408
318917	0.0009446981203
318918	0.003568410327
318919	0.0006391658908
318920	0.005625104482
318921	0.001893542456
318922	0.003617706616
318923	0.0005823872446
318924	0.001076177057
318925	0.0003897680814
318926	0.0007266755329
318927	0.0008086886374
318928	0.000578450541
318929	0.001646105476
318930	0.000531215089
318931	0.004509073854
318932	0.0008383871102
318933	0.002054767826
318934	0.001123902978
318935	0.00246567507
318936	0.001110373562
318937	0.005898608414
318938	0.0007606780092
318939	0.002065343044
318940	0.0002419078411
318941	0.002166201286
318942	0.00106358668
318943	0.0007724515039
318944	0.002983451952
318945	0.005051697304
318946	0.0005477441544
318947	0.002337573721
318948	0.006411392534
318949	0.001687515712
318950	0.0005087193383
318951	0.003605201479
318952	0.002238064416
318953	0.003507382609
318954	0.0003462069683
318955	0.005821196113
318956	0.003812874989
318957	0.002199663452
318958	0.0005259614054
318959	0.005931911715
318960	0.005486715703
318961	0.0009902238942
318962	0.003667956957
318963	0.0007623274865
318964	0.0003504952943
318965	0.006031181879
318966	0.0002903971302
318967	0.003211512438
318968	0.01035182319
318969	0.001490986705
318970	0.0006124456337
318971	0.002230639999
318972	0.004899597753
318973	0.009133037782
318974	0.000347840253
318975	0.001603474232
318976	0.001470928597
318977	0.001673946928
318978	0.003492800718
318979	0.0009349707422
318980	0.001491628612
318981	0.004610009463
318982	0.002790425438
318983	0.000672297684
318984	0.0007017330195
318985	0.004640011782
318986	0.002621498144
318987	0.008549867492
318988	0.002992706345
318989	0.0007298624113
318990	0.0004465462589
318991	0.001320266971
318992	0.001519916103
318993	0.002811867871
318994	0.0003428938828
318995	0.002030121411
318996	0.004257055129
318997	0.0029287068
318998	0.003986255499
318999	0.007815711774
319000	0.005990960678
319001	0.002543763789
319002	0.000930874495
319003	0.004835399084
319004	0.003971229182
319005	0.001547142355
319006	0.006681492245
319007	0.002548729317
319008	0.003144929801
319009	0.00209860075
319010	0.004175162229
319011	0.002761066833
319012	0.0006036720298
319013	0.000495831463
319014	0.002108107573
319015	0.001223551907
319016	0.0004296276223
319017	0.005381202453
319018	0.00240234704
319019	0.009504018353
319020	0.005665541333
319021	0.001221273981
319022	0.003426821384
319023	0.004247079269
319024	0.001673798968
319025	0.0004572227331
319026	0.008991954537
319027	0.002690253254
319028	0.003989724304
319029	0.003788654472
319030	0.006379567169
319031	0.002714203559
319032	0.002962728946
319033	0.0001808493122
319034	0.004020573932
319035	0.0007947907385
319036	0.0005854256121
319037	0.001047383987
319038	0.004709437064
319039	0.004637277018
319040	0.002219720123
319041	0.003160942312
319042	0.001530004788
319043	0.0001760871474
319044	0.005620247596
319045	0.002136479649
319046	0.00594989504
319047	0.003196964914
319048	0.007543225437
319049	0.004313482814
319050	0.002445033479
319051	0.003906715363
319052	0.0001021533219
319053	0.0003810638124
319054	0.001158621762
319055	0.003169543549
319056	0.000172350072
319057	0.002437639461
319058	0.008802319133
319059	0.0006969078397
319060	0.003787853322
319061	0.002518416733
319062	0.002352690243
319063	7.95501841e-05
319064	0.006012577956
319065	0.001453321801
319066	0.002956881428
319067	0.0008091937587
319068	8.96751194e-05
319069	0.003694482917
319070	0.003973626632
319071	0.004776386888
319072	0.007450962573
319073	0.00473666262
319074	0.001050423859
319075	0.001483544427
319076	0.007789969081
319077	0.0006609990608
319078	0.001852975547
319079	0.002246739222
319080	0.003324449409
319081	0.001464699619
319082	0.003192031207
319083	0.004584399852
319084	0.00030456043
319085	0.003120831623
319086	0.003359045314
319087	0.0051016548
319088	0.0005986288726
319089	0.0005270832003
319090	0.005220931501
319091	0.00423037525
319092	0.0001077902775
319093	0.002464757384
319094	0.0005707635554
319095	0.0006519425384
319096	0.002649989721
319097	0.003166194347
319098	0.001296203679
319099	0.005121704209
319100	0.00180355181
319101	0.000313821012
319102	0.002715494813
319103	0.0004053683788
319104	0.0007511375185
319105	0.0005167674565
319106	0.009689568212
319107	0.0008442246591
319108	0.001118441247
319109	0.000280546516
319110	0.002689828544
319111	0.001170263382
319112	0.002989070222
319113	0.001800953169
319114	0.001714306295
319115	0.006078846737
319116	0.0008154026595
319117	0.007421492981
319118	0.003634136679
319119	0.000617007083
319120	0.001116915329
319121	0.001846848851
319122	0.001978305721
319123	0.001251274522
319124	0.003323346132
319125	0.002547318403
319126	0.00314615851
319127	0.005431840057
319128	0.001930933682
319129	0.001755706273
319130	0.0009547916894
319131	0.0005535681713
319132	0.002458472825
319133	0.0005245582852
319134	0.0002668712635
319135	0.003154631384
319136	0.002650366132
319137	0.002662370697
319138	0.0005394065428
319139	0.002975206457
319140	0.003476581207
319141	0.0002107127447
319142	0.001402919162
319143	0.002182623109
319144	0.001559955727
319145	0.001257523453
319146	0.002116706852
319147	0.0008139587548
319148	0.0008004576155
319149	0.00221094503
319150	0.0004773371228
319151	0.001009633817
319152	0.001765651418
319153	0.0006050148504
319154	0.001939542036
319155	0.002259852956
319156	0.001377036034
319157	0.0003825955726
319158	0.001293613644
319159	0.00238754763
319160	0.003210515292
319161	0.000712411349
319162	0.0009007252736
319163	0.005962169908
319164	0.002024003114
319165	0.005255438047
319166	0.005059408795
319167	0.002857341051
319168	0.004912411162
319169	0.01089603861
319170	0.007888204906
319171	0.004123322637
319172	0.002239813213
319173	0.0007575589779
319174	0.001389061908
319175	0.003191247996
319176	0.001544124042
319177	0.005980527962
319178	0.002656397703
319179	0.00230620806
319180	0.001004731119
319181	0.0007612738449
319182	0.001059759447
319183	0.002131158328
319184	0.002751196059
319185	4.067952255e-05
319186	0.008281977722
319187	0.00301128469
319188	0.004277754799
319189	0.002397693633
319190	0.004083247724
319191	0.004311281144
319192	0.0003334909714
319193	0.002713413422
319194	0.000353663105
319195	0.002622069132
319196	0.005412009865
319197	0.0006218566296
319198	0.006531238256
319199	0.006590563737
319200	0.004963630567
319201	0.001826345324
319202	4.420129728e-05
319203	0.0004873173683
319204	0.001986699829
319205	0.005104661233
319206	0.0002085265685
319207	0.0009070889971
319208	0.005391834849
319209	0.003378569121
319210	0.001793687628
319211	0.003719967278
319212	0.002147831908
319213	0.00184132766
319214	0.00210801247
319215	0.003226498691
319216	0.0007928525925
319217	0.0005751752112
319218	0.002616036774
319219	0.002504002328
319220	0.003436013507
319221	0.0007160335863
319222	0.002150723643
319223	0.005326339784
319224	0.005201770194
319225	0.005433883933
319226	0.0008400334838
319227	6.943727521e-05
319228	0.0001767855986
319229	0.0004253633713
319230	0.0003136156018
319231	0.003898624161
319232	0.001873304942
319233	0.003040610609
319234	0.006079523472
319235	0.001389986646
319236	0.001023514336
319237	0.004562497451
319238	0.00301678855
319239	0.005124847562
319240	0.005975786027
319241	0.000466090409
319242	0.0003721269596
319243	0.002965509945
319244	0.001508252183
319245	0.0003130395317
319246	0.003236406085
319247	0.0005114527442
319248	0.003821752981
319249	0.001319354069
319250	0.0005887264166
319251	0.00520174009
319252	0.002448183901
319253	0.0004763447618
319254	0.0008747130394
319255	0.0001985822287
319256	0.004312483933
319257	0.001055932192
319258	0.002675400245
319259	0.003998753037
319260	0.004743353165
319261	0.001126174603
319262	0.000264431693
319263	5.054394292e-05
319264	0.001224144057
319265	0.002255232359
319266	0.002706430377
319267	0.001471363146
319268	0.00239284812
319269	0.001528096393
319270	0.0002436300853
319271	0.004309194099
319272	0.001937288405
319273	0.0004291880761
319274	0.001589309327
319275	0.001021920004
319276	0.000124174284
319277	0.002894107889
319278	0.000991709319
319279	0.009262675841
319280	0.00290307409
319281	0.008117741001
319282	0.0009337700357
319283	0.001164347989
319284	0.0001012755013
319285	0.0001379984095
319286	0.0009997876076
319287	0.001240245809
319288	0.008652734059
319289	0.001949959752
319290	0.001351179825
319291	0.001988887223
319292	0.002558581346
319293	0.0001015501032
319294	0.002066726501
319295	0.003042469542
319296	0.005973224223
319297	0.002903158119
319298	0.0001455780319
319299	0.00247158066
319300	0.001816933931
319301	0.0009894087716
319302	0.001097017263
319303	0.0008976365107
319304	0.00354396134
319305	0.0002786617918
319306	0.0009680339541
319307	0.001074911359
319308	0.0005060519234
319309	0.001100013593
319310	0.001139140873
319311	0.007627707114
319312	0.004872278574
319313	0.001336482626
319314	0.001177492369
319315	0.0009731710999
319316	0.001116177179
319317	0.001254379264
319318	0.001213851859
319319	0.002483263646
319320	0.003443708995
319321	0.002663319261
319322	0.001550533541
319323	0.0003995634415
319324	0.005621951984
319325	0.002177289242
319326	0.005773687129
319327	0.004127002617
319328	5.830512744e-05
319329	0.0005555380193
319330	0.005703365724
319331	0.005258898182
319332	0.005535602337
319333	0.006124999485
319334	0.005601748162
319335	0.005614503848
319336	0.006050549533
319337	0.002520034828
319338	0.005596736339
319339	0.005201448436
319340	0.004402462021
319341	0.004037406743
319342	0.0025164448
319343	0.003173303938
319344	0.007114627955
319345	0.003411862065
319346	0.001544784075
319347	0.001142470466
319348	0.0005676248528
319349	0.001355315958
319350	0.005217376205
319351	0.007595395756
319352	0.005061969205
319353	0.0009616824848
319354	0.001260342278
319355	0.001433107726
319356	0.004586990418
319357	0.0028283438
319358	0.0003061522624
319359	0.001465570165
319360	0.003574884564
319361	0.0006623655005
319362	0.004233452509
319363	0.007288445334
319364	0.007632334991
319365	0.001372681508
319366	0.003810745846
319367	0.002625082554
319368	0.001287730515
319369	0.003046751801
319370	0.001853738659
319371	1.412859042e-06
319372	8.955032305e-07
319373	0.003112661365
319374	0.001925237413
319375	3.678229988e-07
319376	7.545166466e-05
319377	0.0002954460033
319378	0.00255315241
319379	0.003025072335
319380	9.344682784e-06
319381	9.526839411e-08
319382	1.09749705e-05
319383	3.142400217e-06
319384	1.737584907e-06
319385	6.15513993e-06
319386	6.719079274e-06
319387	1.270558244e-05
319388	1.19659956e-06
319389	2.124849121e-05
319390	1.109107039e-05
319391	2.093904518e-06
319392	8.427312768e-06
319393	2.28437795e-06
319394	1.647984066e-05
319395	2.126859575e-06
319396	1.130172648e-05
319397	5.321969038e-07
319398	4.944991959e-07
319399	3.676897485e-06
319400	1.414597303e-06
319401	4.605790819e-06
319402	3.533316675e-05
319403	5.939027619e-06
319404	4.152024193e-06
319405	8.156301871e-06
319406	8.662139333e-06
319407	8.250710409e-07
319408	1.040823886e-05
319409	6.987531324e-06
319410	1.124897899e-05
319411	9.338674237e-07
319412	1.638834234e-05
319413	8.400489827e-06
319414	7.007347884e-06
319415	3.489607449e-06
319416	1.086821987e-05
319417	4.7607269e-06
319418	2.155559481e-05
319419	1.845802485e-05
319420	4.421885133e-06
319421	3.682390627e-06
319422	1.435360875e-05
319423	6.499515943e-06
319424	1.14857451e-05
319425	1.224218906e-05
319426	6.338722793e-06
319427	3.508359073e-06
319428	2.01959284e-06
319429	1.855045244e-05
319430	1.304301218e-05
319431	7.297545493e-07
319432	2.291719223e-06
319433	4.887912944e-06
319434	1.284049404e-05
319435	1.20802101e-05
319436	7.148454367e-06
319437	3.882795911e-06
319438	6.91543337e-06
319439	2.781690434e-06
319440	1.904237225e-06
319441	1.155176178e-05
319442	1.957651381e-06
319443	1.315084119e-06
319444	1.942336668e-06
319445	5.581874416e-06
319446	2.200994829e-05
319447	2.641296389e-05
319448	2.811837368e-06
319449	6.931586694e-06
319450	1.384482748e-06
319451	2.57669971e-05
319452	1.996913254e-06
319453	8.504862557e-06
319454	7.54651385e-07
319455	1.000718284e-05
319456	8.460500957e-07
319457	2.715359825e-06
319458	1.421500423e-05
319459	1.00004563e-05
319460	7.168666598e-06
319461	1.625639792e-05
319462	1.319495845e-05
319463	1.979931654e-05
319464	5.6697411e-06
319465	1.107644543e-05
319466	0.0004997525055
319467	0.001429107748
319468	0.0006176809164
319469	0.002260468253
319470	0.0006502739091
319471	0.002392011005
319472	0.0004907318288
319473	0.0001379017018
319474	0.001449742575
319475	0.003374844458
319476	0.002738058416
319477	0.0007572429201
319478	0.0003393006767
319479	0.0006915853331
319480	0.002126621459
319481	0.0003499138737
319482	0.003570722305
319483	4.531773488e-05
319484	0.002951122502
319485	0.003221770924
319486	0.002920578882
319487	0.002187407935
319488	0.0006550175739
319489	0.00171770427
319490	0.0003682846315
319491	0.002114493815
319492	0.004646244669
319493	0.006580767825
319494	0.01019611404
319495	0.00592194413
319496	0.001697318694
319497	0.002004882176
319498	0.0003791648502
319499	0.002680120689
319500	0.0007954174405
319501	0.0009734977116
319502	0.008846336795
319503	0.009003054902
319504	0.01355489997
319505	5.736990415e-07
319506	2.214682579e-06
319507	1.166773485e-06
319508	4.661597095e-07
319509	0.002677803028
319510	0.0003283134305
319511	3.815549074e-06
319512	0.005744948264
319513	0.0103473062
319514	0.006720670442
319515	0.003424199721
319516	0.004716625824
319517	0.002419894005
319518	0.0038766157
319519	0.004411516718
319520	0.00211088573
319521	0.0005692310424
319522	0.0007731311442
319523	0.0007761322251
319524	0.0006052365096
319525	0.0001323917597
319526	0.003646295621
319527	0.001630171212
319528	0.0004726902855
319529	0.001074933512
319530	0.001177797258
319531	0.0005992113663
319532	0.0009262101989
319533	0.001696635422
319534	0.001949858381
319535	0.001750818111
319536	0.0002014557709
319537	0.001376073656
319538	0.001175083275
319539	0.00135726375
319540	0.001462447619
319541	0.001869392825
319542	0.001426234264
319543	0.001281492123
319544	0.001608019947
319545	0.001961719288
319546	0.001043566286
319547	0.001833672168
319548	0.001642982226
319549	0.001116257647
319550	0.005359650931
319551	3.131726662e-05
319552	0.001014565707
319553	0.0005880881466
319554	0.001795375557
319555	0.00050784735
319556	0.001081195586
319557	0.0009998320339
319558	0.002084701333
319559	0.001483815426
319560	0.00047206408
319561	0.001974637597
319562	0.001129520542
319563	0.00193195432
319564	0.0008053375643
319565	0.001538703465
319566	0.000494956757
319567	0.001954529482
319568	0.0007333140452
319569	0.0007610182101
319570	0.002490049332
319571	0.001242956028
319572	0.001142573352
319573	0.0004908217539
319574	0.0008906239022
319575	0.001801569771
319576	0.001183602247
319577	0.001755372956
319578	0.001412246447
319579	0.00103073582
319580	0.0006674710549
319581	0.0009438160397
319582	0.002842096819
319583	0.001213913953
319584	0.0009970904727
319585	0.001446947044
319586	0.001438847605
319587	0.001911871528
319588	0.001996465182
319589	0.001133742394
319590	0.004543854527
319591	0.00138482712
319592	0.008933386224
319593	0.002255515794
319594	0.007946016375
319595	0.006435864408
319596	0.003702759765
319597	0.004782098849
319598	0.001723510308
319599	0.00497987486
319600	0.002944440701
319601	0.0008914178028
319602	0.005498275311
319603	0.001455220619
319604	0.00659586883
319605	0.001393270312
319606	0.003660399885
319607	0.002080372221
319608	0.002693187785
319609	0.004804020763
319610	0.002365950508
319611	0.0004607764429
319612	5.312136927e-05
319613	0.00157005168
319614	0.001169743721
319615	0.001417847393
319616	0.000794476005
319617	0.001461644982
319618	0.001134740542
319619	0.00130377273
319620	0.00470626731
319621	0.00379306531
319622	0.001154588968
319623	0.002663154005
319624	0.001060097212
319625	0.0001084751113
319626	0.0004217750054
319627	0.004129414144
319628	0.002641110702
319629	0.002638144638
319630	0.003206593931
319631	0.004926060828
319632	0.00262502635
319633	0.005945406016
319634	0.001130051533
319635	0.006238101229
319636	0.006225758268
319637	8.03850946e-05
319638	0.005050104135
319639	0.0004292561346
319640	0.001872063903
319641	0.000919544888
319642	0.000999013776
319643	0.001009625309
319644	0.0002279138965
319645	0.0006866455718
319646	0.001972173693
319647	0.003703755985
319648	0.004128123974
319649	0.003991990221
319650	0.0006827614274
319651	0.0007166416891
319652	0.00238647834
319653	0.001351284254
319654	0.002971663102
319655	0.005325815446
319656	0.001310904876
319657	0.0002187144082
319658	0.002927256227
319659	0.006244395013
319660	0.001423198239
319661	1.663970713e-06
319662	0.005660288451
319663	0.003478250244
319664	0.003037641593
319665	0.003260191569
319666	0.0005159148854
319667	0.004357720347
319668	0.002495489084
319669	0.001389091829
319670	0.002540215966
319671	0.007862844477
319672	0.003182867483
319673	0.007102911546
319674	0.001196409385
319675	0.007935111946
319676	0.004412984089
319677	0.002517618675
319678	0.00285756664
319679	0.003294663243
319680	0.0008606259487
319681	0.004890027119
319682	0.00266791048
319683	0.00406937095
319684	0.001136458029
319685	0.003368384368
319686	0.005034732805
319687	0.004587950202
319688	0.003005869244
319689	0.001485085182
319690	0.003262436862
319691	0.0007237573729
319692	0.0009386461119
319693	0.001074557063
319694	0.001313939031
319695	0.001480508024
319696	0.0002382947925
319697	0.004882971535
319698	0.0002457637409
319699	0.002916378514
319700	0.001607407729
319701	0.003244857717
319702	0.002600795427
319703	0.001308582777
319704	0.001009811803
319705	0.002667595648
319706	0.005487657511
319707	0.0004827508575
319708	0.0005268231954
319709	0.001550467531
319710	0.001795020935
319711	0.0007411807149
319712	0.005165855531
319713	0.0007009338154
319714	0.003425188516
319715	0.0005432005009
319716	0.0002767274405
319717	0.0007308412045
319718	0.0008679401337
319719	0.003086739316
319720	0.004703687481
319721	0.002098466969
319722	5.950814666e-05
319723	0.001734209574
319724	0.002174023773
319725	0.0008826344069
319726	0.0006769743629
319727	0.003547376682
319728	0.001471210439
319729	0.0007411360723
319730	0.002166394423
319731	0.0004103736373
319732	0.000331519842
319733	0.002172237562
319734	0.001372409855
319735	0.002476111693
319736	0.0006463616072
319737	0.002015531202
319738	0.001320050764
319739	0.0006629667679
319740	0.004829449507
319741	0.003865265945
319742	0.002867640389
319743	0.004348645512
319744	0.005748689233
319745	0.0009667795576
319746	0.002567400055
319747	0.002500919948
319748	5.519483101e-05
319749	0.00633464648
319750	0.004151377891
319751	0.001384485024
319752	0.0001026002391
319753	0.002447863722
319754	0.005366672228
319755	0.0003618174234
319756	0.00160238593
319757	0.009047365655
319758	0.0009898677998
319759	0.0001447767742
319760	0.0005887305709
319761	0.00165176514
319762	0.003792393596
319763	0.00147428766
319764	0.003231262236
319765	0.0007563081864
319766	0.004312964735
319767	0.005692851213
319768	0.002041970669
319769	0.001079344399
319770	0.002023410338
319771	0.004043716386
319772	0.0006087873963
319773	0.003529735912
319774	0.006021356204
319775	0.002408455042
319776	0.0004628408099
319777	0.002843602381
319778	0.003452649968
319779	0.0007952834172
319780	0.004891304835
319781	0.00271795251
319782	0.0001859235739
319783	0.00247921664
319784	0.002434064802
319785	0.0002201679154
319786	0.0002739948364
319787	0.001214120404
319788	0.005416920471
319789	0.002721706312
319790	0.001850529849
319791	0.004809823154
319792	0.002532692464
319793	0.001490831885
319794	0.005481982964
319795	0.005166296024
319796	0.001308912737
319797	0.001455686781
319798	0.003625734022
319799	0.001803281055
319800	0.001713190047
319801	0.0001057886915
319802	0.000283044445
319803	0.004467147811
319804	2.681375587e-05
319805	0.002872599004
319806	0.001194108929
319807	0.004713979695
319808	0.0005089187487
319809	0.0009706492734
319810	0.0007407728308
319811	0.00768929604
319812	0.00379394198
319813	0.003710147491
319814	0.002756428651
319815	0.001948765192
319816	0.002725496592
319817	0.0007325968966
319818	0.0042303815
319819	0.004559450313
319820	0.0008821347433
319821	5.086519447e-05
319822	0.002236467785
319823	0.001079000671
319824	9.771530793e-05
319825	0.001165798967
319826	0.001598271179
319827	0.001930626476
319828	0.004005326893
319829	0.0009340085225
319830	0.002231240756
319831	0.0006031883373
319832	0.003556008472
319833	0.006343938762
319834	0.002041087004
319835	0.0001908114369
319836	7.49293993e-05
319837	0.0007708412439
319838	0.002251409817
319839	0.001041154339
319840	0.001357853975
319841	0.003390438248
319842	0.002096428368
319843	0.003384892646
319844	0.0005181070177
319845	0.001663167776
319846	0.003726778204
319847	1.757441976e-05
319848	0.002391917412
319849	0.0008847524124
319850	0.003927422423
319851	0.001458447895
319852	0.000587381509
319853	0.001836601902
319854	0.002105286713
319855	0.003379783402
319856	0.003310213684
319857	0.002491043811
319858	0.001763233428
319859	0.001713531839
319860	0.003650965664
319861	0.0008402391387
319862	0.0009397405062
319863	0.008266921248
319864	0.001916534853
319865	0.0008438166941
319866	0.0002458865442
319867	0.002762494626
319868	0.002297982077
319869	0.0021961191
319870	0.001886000004
319871	0.00155292665
319872	0.0001885359099
319873	0.004909021719
319874	0.002050752043
319875	0.0006075309108
319876	0.002892211128
319877	0.002458269462
319878	0.0006364492872
319879	0.0007381956954
319880	0.0005513917993
319881	0.0007474966876
319882	0.00405767744
319883	0.003537970075
319884	0.001620416429
319885	0.004852835337
319886	0.004756854964
319887	0.001358577158
319888	8.268803264e-05
319889	0.00371041824
319890	0.0009690582694
319891	0.00189543102
319892	0.0004274719842
319893	0.002395557442
319894	0.004591657708
319895	0.0019582768
319896	0.002406749196
319897	0.004254249425
319898	0.003277087248
319899	0.0004118659932
319900	0.003266836404
319901	0.0005307232639
319902	0.0002494355101
319903	0.002986510856
319904	0.004138937227
319905	0.002588321582
319906	0.000182543824
319907	0.006324014724
319908	0.005219972982
319909	0.002000615433
319910	0.003496187956
319911	0.002146829928
319912	0.006080988855
319913	0.001827262124
319914	0.001982566185
319915	0.007519354288
319916	0.002599134694
319917	0.002026082996
319918	0.0008470152202
319919	0.001316205193
319920	8.920411723e-05
319921	9.62643695e-05
319922	0.002901899634
319923	0.002129850815
319924	0.005040104402
319925	0.004256265123
319926	0
319927	0.004777250764
319928	8.995968202e-05
319929	0.002263642627
319930	0.004792235245
319931	0.001217476135
319932	0.0005421564398
319933	0.0007452297993
319934	0.003223391398
319935	0.0001200731698
319936	9.185006613e-05
319937	0.001655249778
319938	0.002529760517
319939	0.0001985181166
319940	0.002996830038
319941	0.0004957115373
319942	0.00116492401
319943	0.0010989206
319944	0.001401957906
319945	0.001614657664
319946	0.002588542675
319947	0.00236316873
319948	0.004411194127
319949	0.001192841801
319950	0.0002023739492
319951	0.0003602600862
319952	0.004063556009
319953	0.002562599561
319954	0.001276007438
319955	0.002442214634
319956	0.003236370353
319957	0.001563490415
319958	0.003290114887
319959	0.0007641788593
319960	0.002788861547
319961	0.002204785066
319962	0.001497088477
319963	0.002378792325
319964	0.002595230394
319965	0.001138092381
319966	0.002388339226
319967	0.0008878344057
319968	0.00165386591
319969	0.003278344224
319970	0.002822096852
319971	0.002395368061
319972	8.039512282e-05
319973	0.004996960604
319974	0.004647606881
319975	0.002290030826
319976	0.003285803581
319977	0.003421774927
319978	0.003692580321
319979	0.003309205767
319980	0.00266975838
319981	0.002202033959
319982	0.0002816823069
319983	0.003026420665
319984	0.001692562571
319985	0.001706637681
319986	0.0002237841541
319987	0.0003680308104
319988	0.00132279473
319989	0.0005222538973
319990	6.555154213e-05
319991	0.003175309418
319992	0.002032320846
319993	0.002501044637
319994	0.00130770469
319995	0.002108575818
319996	0.001059250505
319997	0.0005920014152
319998	0.001624965153
319999	7.076740009e-05
320000	1.561981759e-05
320001	0.003513588344
320002	0.003925244301
320003	0.004045671974
320004	0.000907706566
320005	0.005366482376
320006	0.0004757823163
320007	0.001975969053
320008	0.002473083194
320009	0.001846102864
320010	0.000179813264
320011	0.002396698931
320012	0.001673644074
320013	0.002803836626
320014	0.0001100928682
320015	0.001413465557
320016	0.006450092659
320017	0.001093529899
320018	0.002896686619
320019	0.00231986157
320020	0.001754792487
320021	0.002323665268
320022	0.001565638137
320023	0.003450390265
320024	0.001555201448
320025	0.000710309059
320026	0.002495663776
320027	0.001367834748
320028	0.001499644395
320029	0.006587965252
320030	0.0005490705761
320031	0.001783286712
320032	0.004104916851
320033	0.002541524488
320034	0.00343813254
320035	0.005331378046
320036	0.005951764957
320037	0.001390866166
320038	0.0007455616274
320039	0.00398954528
320040	0.002481115406
320041	0.003187370501
320042	0.002561486503
320043	0.001770091975
320044	0.0006464788326
320045	0.006212120289
320046	0.004076778001
320047	0.0008980115825
320048	0.001670404824
320049	0.006374064619
320050	0.001128644228
320051	0.0002089956112
320052	0.0001845738917
320053	0.003533154089
320054	0.002065818988
320055	0.0008817336668
320056	0.0003031402332
320057	0.003297254701
320058	0.0008891735215
320059	0.002269684916
320060	0.0001811592857
320061	0.001304185353
320062	0.001627976845
320063	0.0007497389535
320064	0.002932488867
320065	0.001332768614
320066	0.003912016199
320067	0.001238806658
320068	0.00281218005
320069	0.0006719154582
320070	0.002476902428
320071	0.002941272637
320072	0.004852957211
320073	0.001980539691
320074	0.00367220731
320075	0.002734810705
320076	0.003156082456
320077	0.0001225107405
320078	0.001858377848
320079	0.002242548
320080	0.0009146333484
320081	0.00151067172
320082	0.0008948025839
320083	0.002216685652
320084	0.003897127422
320085	0.001196578963
320086	0.003614986113
320087	0.0006057020168
320088	0.001522754957
320089	0.0007205089657
320090	0.0005159709075
320091	0.002100249309
320092	0.003869441688
320093	3.266540722e-06
320094	0.003278679484
320095	0.002368231752
320096	0.006358233736
320097	0.0002994384063
320098	0.0002893208404
320099	0.002547255694
320100	0.0008838715236
320101	0.001075246153
320102	0.0007386572509
320103	0.002305367608
320104	0.001186687911
320105	0.002544579057
320106	0.001573758803
320107	0.0003902977076
320108	0.002829596055
320109	0.00357481293
320110	0.003711855103
320111	0.001745517024
320112	0.003594315472
320113	0.00507020089
320114	0.0003166481668
320115	0.003026275429
320116	0.005307199853
320117	0.0005376217498
320118	0.0002461957015
320119	0.00241301407
320120	0.0003814026178
320121	0.004734483243
320122	0.0003879792502
320123	0.001878949672
320124	0.0003817482797
320125	0.001990064323
320126	0.00482752163
320127	0.001915305619
320128	0.002196514336
320129	0.002063702613
320130	5.576150075e-05
320131	0.005329452851
320132	0.00379811468
320133	0.003525083081
320134	0.005292478927
320135	0.002273595795
320136	0.001948723175
320137	0.001171956604
320138	0.0008360549231
320139	0.0008781655673
320140	0.001976183736
320141	0.001255791113
320142	0.002697466907
320143	0.0001458459773
320144	0.00491109381
320145	2.002672295e-05
320146	0.004217738345
320147	0.00353451261
320148	0.003716567157
320149	0.002039487393
320150	0.007893822985
320151	0.001145931713
320152	0.0009393383875
320153	0.002886607414
320154	0.002171143882
320155	0.001248733687
320156	0.003226133832
320157	0.004604284527
320158	0.001838119139
320159	0.0002814058511
320160	0.003077856107
320161	0.00322148683
320162	0.00141848307
320163	0.0004606388931
320164	0.0009586821552
320165	0.002552467786
320166	0.000479584518
320167	0.0007195787934
320168	0.002067039789
320169	0.002245166859
320170	0.002603593775
320171	0.001943016908
320172	0.001011557687
320173	0.005742361565
320174	0.005332081815
320175	0.002559277377
320176	0.006030722285
320177	0.003422360149
320178	0.005413682205
320179	0.005844200991
320180	0.002504209967
320181	0.004364664554
320182	0.0069124114
320183	0.002111916043
320184	0.000146252841
320185	0.0004672711313
320186	0.0008672008897
320187	0.0001013227975
320188	0.001316836032
320189	0.006490735185
320190	0.005300608282
320191	0.006737874315
320192	0.0005453564022
320193	0.003700971519
320194	0.003019596755
320195	0.01489064362
320196	0.001424075723
320197	0.001131932062
320198	0.0007494334841
320199	1.8757436e-06
320200	1.8660764e-06
320201	0.0008457305549
320202	0.000626578437
320203	0.004188253573
320204	1.696147151e-05
320205	0.001921170205
320206	1.389427141e-05
320207	2.26058073e-06
320208	8.717718272e-06
320209	1.685338644e-05
320210	3.644806826e-06
320211	1.28293618e-05
320212	1.614408287e-05
320213	4.385680145e-07
320214	1.312020526e-06
320215	9.566456654e-08
320216	2.314567294e-06
320217	6.467205766e-06
320218	9.370661574e-07
320219	1.29591911e-05
320220	1.417868566e-06
320221	1.115743619e-05
320222	9.085012223e-06
320223	2.753590266e-06
320224	1.325322959e-05
320225	3.765070837e-06
320226	5.355611061e-06
320227	1.058285013e-05
320228	7.075900316e-06
320229	1.918899726e-07
320230	3.203216417e-06
320231	0.002589949756
320232	0.0008092072582
320233	0.002242323194
320234	0.00129515059
320235	6.249692458e-05
320236	0.001309432253
320237	5.901340975e-05
320238	0.002771322082
320239	0.001261780613
320240	0.002840792921
320241	0.0002772912468
320242	0.0003967426772
320243	0.001414758436
320244	1.871500356e-06
320245	0.0004045481076
320246	0.001215187033
320247	0.0006080435382
320248	0.001797235218
320249	0.003707575824
320250	0.001029201456
320251	0.0006711906178
320252	0.003967171157
320253	0.0001492363369
320254	0.00338689113
320255	0.0008223654837
320256	0.003229272891
320257	0.0003942584879
320258	0.001480033674
320259	0.0008861207819
320260	0.00136050902
320261	0.002212914134
320262	0.0002108127676
320263	0.0009921361378
320264	0.002838003109
320265	0.00364345295
320266	0.0001222180459
320267	0.001245152828
320268	0.001302977468
320269	0.000201183013
320270	0.001610015493
320271	0.001121324062
320272	0.003716409568
320273	0.00232595684
320274	0.001031352274
320275	6.75927989e-05
320276	0.001140897155
320277	0.003508566841
320278	0.0009496694444
320279	0.0001933208861
320280	0.001402773244
320281	0.0002604201305
320282	0.001023234434
320283	0.0005450074678
320284	0.0001375773805
320285	0.0002694183592
320286	0.003990132874
320287	0.0002735301822
320288	0.002381890428
320289	0.002840796993
320290	0.003255159764
320291	0.002939651182
320292	0.000128079564
320293	0.002590187071
320294	0.0002843148626
320295	0.003248463655
320296	0.001375020803
320297	0.0009417963922
320298	0.0001315003377
320299	0.002980444954
320300	0.0005177513894
320301	0.0002648055457
320302	0.0003185548894
320303	0.0007654516116
320304	0.0001212426111
320305	0.001263181739
320306	0.00384552687
320307	0.003441152251
320308	0.0001338096419
320309	0.002669496857
320310	0.002212996879
320311	0.001226376047
320312	0.002658870345
320313	0.001050761881
320314	0.002314719599
320315	0.0003805701548
320316	0.0003328861616
320317	0.0003675367379
320318	0.005951204496
320319	0.0002047414323
320320	0.002492526181
320321	0.0006851317601
320322	0.007047389962
320323	0.001297310917
320324	0.0002384615964
320325	0.002039916161
320326	0.0002798523452
320327	0.001537188607
320328	0.001285377647
320329	8.990164151e-05
320330	0.0009828904641
320331	0.0011499423
320332	0.001507669549
320333	0.004074025295
320334	5.856628047e-05
320335	0.001224108093
320336	0.0001359239641
320337	0.001298954364
320338	0.0004913929735
320339	0.0001814615983
320340	0.0006242962831
320341	0.0008011216462
320342	0.008569091959
320343	0.0007944055334
320344	2.595358183e-06
320345	0.01212015493
320346	0.006521528081
320347	0.0006638793054
320348	0.001997874508
320349	0.001905148296
320350	0.002762213917
320351	0.005005052756
320352	0.001609516914
320353	0.002739207175
320354	0.000832961112
320355	0.000202480756
320356	0.002268482863
320357	0.001743069507
320358	0.0008768225796
320359	0.0007230747391
320360	0.0001959481403
320361	0.000624577649
320362	0.0009556544807
320363	0.001348831581
320364	0.000290981186
320365	0.001909097417
320366	0.0002712166459
320367	0.000148694184
320368	9.001121142e-05
320369	0.00170867075
320370	0.0006663116443
320371	0.0007646588269
320372	0.003844840863
320373	0.000434410668
320374	0.0005339303358
320375	0.0005667453183
320376	0.00153100648
320377	0.001654399459
320378	0.001780856445
320379	0.001777078777
320380	0.0002449191118
320381	0.004880367913
320382	0.00580852369
320383	0.003922670396
320384	0.004059090512
320385	0.002678505019
320386	0.00425742171
320387	0.001679041042
320388	0.001012244456
320389	0.0001634487181
320390	0.005385574977
320391	0.004590243574
320392	0.001654867011
320393	0.006896060544
320394	0.003992414703
320395	0.002174980518
320396	0.002199046636
320397	0.0007856024406
320398	0.003588558234
320399	0.005247292898
320400	0.000105579711
320401	0.004633018513
320402	0.002332384112
320403	0.001361446284
320404	0.001883586861
320405	0.0005359287715
320406	0.009849789192
320407	0.0001038967671
320408	0.00233629877
320409	0.002732934356
320410	0.002937021089
320411	0.001060518077
320412	0.001493195752
320413	0.003697700714
320414	0.001746790302
320415	0.005488442036
320416	0.004074021199
320417	0.001404566173
320418	0.002770077886
320419	0.001581406349
320420	0.002577842547
320421	0.006654868483
320422	0.0006181222806
320423	0.004684594499
320424	0.008270086607
320425	0.001676606351
320426	0.0004882884028
320427	0.0003548235815
320428	0.0007658603635
320429	0.002049146054
320430	0.00447159163
320431	0.002997385843
320432	0.002283548546
320433	0.01199861795
320434	0.002004892994
320435	0.004142580177
320436	0.00733827223
320437	0.001973572079
320438	0.004018288614
320439	0.002969355773
320440	0.003825976794
320441	0.004068740302
320442	0.0001967646423
320443	0.000817211195
320444	0.000374282941
320445	0.004072795399
320446	0.002083233059
320447	0.003408176988
320448	0.002449548163
320449	0.000720436526
320450	0.004843384273
320451	0.006611106159
320452	0.005353795627
320453	0.004636997978
320454	0.0009015333736
320455	0.003129096457
320456	0.003193497585
320457	0.003635263538
320458	0.001763150893
320459	0.0007930302297
320460	0.006161561534
320461	0.00199167278
320462	0.007888943405
320463	0.001927698528
320464	0.0002842866892
320465	0.0043494589
320466	0.0008418244974
320467	0.004799128038
320468	0.002683237998
320469	0.006254960395
320470	0.005575854055
320471	0.005013694195
320472	0.002357500778
320473	0.004647199184
320474	0.005145205275
320475	4.8122723e-05
320476	0.005145193462
320477	0.002152749314
320478	0.00176570679
320479	0.00470592147
320480	0.001086822861
320481	0.009003453379
320482	0.0007438219063
320483	0.0006084241722
320484	0.002416506722
320485	0.0003439037373
320486	0.002607679056
320487	0.005771134658
320488	0.003782524815
320489	0.002296079234
320490	0.002724504514
320491	0.004921756324
320492	0.005968730597
320493	0.000981270502
320494	0.002640165442
320495	0.00282736754
320496	0.002632548354
320497	0.004245535361
320498	0.0008178687851
320499	0.005792682581
320500	0.004910479674
320501	0.001501440169
320502	0.003298320124
320503	0.001029998259
320504	0.006524435954
320505	0.005749335599
320506	0.001085731056
320507	0.006595558561
320508	0.006941535847
320509	0.005318909631
320510	0.003007264523
320511	0.001764383789
320512	0.006971784442
320513	0.000208205193
320514	0.006584472148
320515	0.00599412023
320516	0.004029119603
320517	0.006503719912
320518	0.001205594476
320519	0.005571259265
320520	0.006838288739
320521	0.001915795102
320522	0.00664379315
320523	0.003697050644
320524	0.006858870716
320525	0.004782533273
320526	0.002455741419
320527	0.009725692996
320528	0.002973384545
320529	0.005404316813
320530	0.004961360609
320531	0.006699200846
320532	0.006361509495
320533	0.0007860539919
320534	0.00920307373
320535	7.430993186e-05
320536	0.000304894657
320537	0.0003809863769
320538	3.439106944e-05
320539	0.0009269984614
320540	0.002327173128
320541	0.0009952305314
320542	0.003779643794
320543	0.0003957408275
320544	0.001167314126
320545	0.002942340842
320546	0.0004437257356
320547	0.008158451583
320548	0.003057468668
320549	0.003682669543
320550	0.001074943716
320551	0.001284886766
320552	0.0008450316231
320553	0.004331001842
320554	0.00161694844
320555	0.0005020575802
320556	0.004604192564
320557	0.0009168191312
320558	0.0037520041
320559	0.003571135878
320560	0.0009242105249
320561	0.001458833415
320562	0.001067227437
320563	0.01006190252
320564	3.933515848e-05
320565	0.006149318979
320566	0.002800425655
320567	0.004480999783
320568	0.004808944573
320569	0.001600598629
320570	0.001213922376
320571	0.006411411964
320572	0.0007645814343
320573	0.007697414395
320574	0.001734655785
320575	0.0002609665818
320576	0.0001817835044
320577	0.001417738032
320578	0.004948367079
320579	0.00160731354
320580	0.002605610898
320581	0.007793030096
320582	0.003003578654
320583	0.003752671669
320584	5.676788447e-05
320585	0.001678848193
320586	0.003200908619
320587	0.0009858425418
320588	0.006737085309
320589	0.0004407216497
320590	0.0016599474
320591	0.003696495603
320592	0.000350197014
320593	0.001453375648
320594	4.320013904e-05
320595	0.002839957318
320596	0.00188692248
320597	0.00452300092
320598	0.006029090755
320599	0.003496520056
320600	0.0001738463343
320601	0.004696226191
320602	0.004063380461
320603	0.001028502691
320604	0.0006102356994
320605	0.005155968137
320606	0.0001114439217
320607	0.002770351501
320608	0.008341063685
320609	0.004438465596
320610	0.00219428543
320611	0.003839412256
320612	0.002144683427
320613	0.002061005265
320614	5.115208478e-05
320615	0.002555173746
320616	0.0007913121945
320617	0.002233904605
320618	0.007374201115
320619	0.006173081897
320620	0.001308950635
320621	0.008331380653
320622	0.001058679897
320623	0.0001744592067
320624	0.00805787147
320625	0.0002845077663
320626	0.0007540075426
320627	0.002714904959
320628	0.003218366644
320629	0.0014674625
320630	0.001008935247
320631	0.002186921154
320632	0.002839142351
320633	0.005053138862
320634	0.003388196472
320635	0.0008491954033
320636	0.0028552526
320637	0.004437531412
320638	0.001646473109
320639	0.001686979633
320640	0.0007623919386
320641	0.00220486271
320642	0.0002076944533
320643	0.002086183575
320644	0.0008099792368
320645	0.003548801185
320646	0.005363671441
320647	0.000690705728
320648	0.005556358289
320649	0.0009168713296
320650	5.863296415e-05
320651	0.001812029104
320652	0.004182944521
320653	0.004560324834
320654	0.00774896373
320655	0.004826022492
320656	0.01000909607
320657	0.001184336803
320658	0.01027792053
320659	0.001684784233
320660	0.009015819359
320661	0.001968103017
320662	0.007446980261
320663	0.002883329493
320664	0.005932243998
320665	0.0004046329268
320666	0.002815180586
320667	0.004608274104
320668	0.004809396172
320669	0.001907129332
320670	0.003471175954
320671	0.002411443152
320672	0.006532348422
320673	0.003925081569
320674	0.0004124397784
320675	0.001659613635
320676	0.0002593013839
320677	0.002093955014
320678	0.002089674583
320679	0.006438779414
320680	0.00432546326
320681	0.002363133596
320682	0.004186492953
320683	0.005222509861
320684	0.004493349987
320685	0.0006105757263
320686	0.008304061445
320687	0.003208304698
320688	0.003755653907
320689	0.0008449575644
320690	0.004883114386
320691	0.004037225818
320692	0.001608960184
320693	0.0016959529
320694	0.005499636945
320695	0.008006875221
320696	0.005017227444
320697	0.006145873949
320698	0.00146664296
320699	0.004739323533
320700	0.001840586098
320701	0.003593530923
320702	0.00119936529
320703	0.002970658252
320704	0.004324575064
320705	0.006298191677
320706	0.003626552178
320707	0.003865891393
320708	0.002847262327
320709	0.006248715585
320710	0.003627293279
320711	0.01014745322
320712	0.007282885152
320713	0.002688411817
320714	0.007336204779
320715	0.0059327562
320716	0.0006576676896
320717	0.006743347717
320718	0.009818517749
320719	0.001063661243
320720	0.007632189333
320721	0.004076133602
320722	0.002383290257
320723	0.008095582586
320724	0.005032817577
320725	0.002334289383
320726	0.003225181567
320727	0.003685822061
320728	0.003807579979
320729	0.004064529539
320730	0.002975243143
320731	0.007588618991
320732	0.00109832895
320733	0.005063270504
320734	0.003697965721
320735	0.005511595201
320736	0.002738158626
320737	0.002181310464
320738	0.00141314589
320739	0.004020481925
320740	0.008805396648
320741	0.002848239501
320742	0.009101070384
320743	0.003204988997
320744	0.002249255917
320745	0.002955060947
320746	0.005549192645
320747	0.002539668167
320748	0.002370508149
320749	0.003728415253
320750	0.003787782861
320751	0.003064704725
320752	0.0002213518331
320753	0.001386103262
320754	0.001741551329
320755	0.004915744544
320756	0.007060860362
320757	0.004093368594
320758	0.003835726254
320759	0.005424826039
320760	0.008897487585
320761	0.0007111504877
320762	0.009323604452
320763	0.004168095575
320764	0.003534260095
320765	0.001180586959
320766	0.001242862673
320767	0.005395164937
320768	0.003888702666
320769	0.002271777441
320770	0.003160118567
320771	0.007913631164
320772	0.008524494052
320773	0.004236329879
320774	0
320775	0.002350244451
320776	0.003893393343
320777	0.008561716513
320778	0.006434621129
320779	0.0001959586125
320780	0.0007998249327
320781	0.005383325487
320782	0.00309905383
320783	0.004302451884
320784	0.00164405929
320785	0.001875609159
320786	0.003521293024
320787	3.317573309e-05
320788	0.0002085982018
320789	0.003962101727
320790	0.00735465903
320791	0.01017776941
320792	0.003354591373
320793	0.0006303675922
320794	0.003220985322
320795	0.004614250481
320796	0.0005348491283
320797	0.009041757992
320798	0.002476118508
320799	0.006974275278
320800	0.009849574601
320801	0.001912431146
320802	0.0001820082985
320803	0.002481293899
320804	0.004087824404
320805	0.005571137085
320806	0.002377875257
320807	0.004524702722
320808	0.009951249391
320809	0.003028767252
320810	0.005143435244
320811	0.004503855823
320812	0.005404220947
320813	0.0036177058
320814	0.001284119719
320815	0.001887575618
320816	0.001824442969
320817	0.002061501525
320818	0.003691384156
320819	0.0007742791709
320820	0.0004122285153
320821	0.003469996584
320822	0.003507915771
320823	0.002062065678
320824	0.0001904275379
320825	0.005715964966
320826	0.0009257033521
320827	0.002783053887
320828	0.003049498428
320829	0.001705041577
320830	0.005265535267
320831	4.269984449e-05
320832	0.001994227005
320833	0.001668814158
320834	0.00722174269
320835	0.002366268498
320836	0.0009571410568
320837	0.002832281105
320838	0.00323068685
320839	0.0002456890495
320840	0.002633044724
320841	0.004939219384
320842	0.004712499384
320843	0.007145412467
320844	0.006306282918
320845	0.01029811895
320846	0.002114190451
320847	0.001364548234
320848	0.002180741104
320849	0.0007093100247
320850	0.005691388967
320851	0.006286957129
320852	0.003984264757
320853	0.002101602592
320854	0.008483043167
320855	0.004102554347
320856	0.00184528412
320857	0.0014522529
320858	0.002021538079
320859	0.005268359189
320860	0.000647022863
320861	0.001480173367
320862	0.004381613482
320863	0.008383637131
320864	0.003570941966
320865	0.003269677501
320866	0.002671818499
320867	0.0004971119114
320868	0.001617582895
320869	0.002396386399
320870	0.0007178417868
320871	0.0008104977699
320872	0.002279137
320873	0.0035880717
320874	0.009336070933
320875	0.00206470439
320876	0.002076708454
320877	0.0002302265203
320878	0.001600376373
320879	0.006432237567
320880	0.0002928350972
320881	0.001723147873
320882	0.00386441538
320883	0.002925007336
320884	0.002005017051
320885	0.0003020543012
320886	0.003857022984
320887	0.003446460997
320888	0.001811984661
320889	0.002905745261
320890	0.005196753085
320891	0.004268687223
320892	0.004694720946
320893	0.004886547886
320894	0.002616602453
320895	0.0003730610629
320896	0.001973094776
320897	0.0003642432736
320898	0.006682114753
320899	0.005663697821
320900	0.002239415279
320901	0.005536863833
320902	0.001238431378
320903	0.001084866804
320904	0.002516660599
320905	0.002437664915
320906	0.0010896441
320907	0.0005629785691
320908	0.001387629634
320909	0
320910	0.004141170064
320911	0.001203825047
320912	0.002973788014
320913	0.001095622729
320914	0.001533323177
320915	0.005206069418
320916	0.0006860184161
320917	0.0008965265598
320918	0.002275156969
320919	0.005015134581
320920	0.005158879142
320921	0.00436379376
320922	0.003214568174
320923	0.007137525494
320924	0.00167577266
320925	0.001686059314
320926	0.0002109965481
320927	0.002837161004
320928	0.002868949709
320929	0.001465457737
320930	0.006036337499
320931	0.004749592528
320932	0.005988254806
320933	0.001791561456
320934	0.002337314853
320935	0.008732622145
320936	0.00142190689
320937	0.009885460944
320938	0.007888895597
320939	0.00679659168
320940	0.002201128183
320941	0.002609528167
320942	0.002561485674
320943	0.001425674283
320944	0.002349219937
320945	0.002737012718
320946	0.003414974939
320947	0.003044321144
320948	0.00111599886
320949	0.002989763368
320950	0.003162769937
320951	0.002839386639
320952	0.003950295271
320953	0.004504202904
320954	0.003427789448
320955	0.003723221983
320956	0.001143208442
320957	0.0009621008889
320958	0.002793346918
320959	0.003678946502
320960	0.005830911306
320961	0.008719771555
320962	0.001689351088
320963	0.003273459736
320964	0.00413208059
320965	0.002125135355
320966	0.002875175611
320967	0.004278592899
320968	0.004472432497
320969	0.003759623871
320970	8.13936221e-05
320971	0.006216043641
320972	0.0006973991453
320973	0.004735423434
320974	0.001069664208
320975	0.0004407496976
320976	0.007851359612
320977	0.0005462987667
320978	0.01142273241
320979	0.004239931462
320980	0.0009184468812
320981	0.00412769067
320982	0.009005018171
320983	0.004524610116
320984	0.008850012741
320985	0.0004983502554
320986	0.003923009589
320987	0.002130509599
320988	0.0001620399124
320989	0.0005613311607
320990	0.009614437774
320991	0.005198669456
320992	0.001558176498
320993	0.004015540608
320994	0.001948637007
320995	0.0001542031467
320996	0.0004373437414
320997	0.002576230907
320998	0.003627539678
320999	0.003496972863
321000	0.0001212236368
321001	0.00187557441
321002	0.003995497158
321003	0.0006361516667
321004	0.004333564546
321005	0.001641793291
321006	0.001045089019
321007	0.002602554028
321008	0.001206125542
321009	0.007196727448
321010	0.001145152806
321011	0.004662273554
321012	0.003596147414
321013	0.003716927122
321014	0.006261580648
321015	0.001168533685
321016	0.006789480953
321017	0.002215066745
321018	0.004423322519
321019	0.003424684657
321020	0.004413967188
321021	0.002396435705
321022	0.001015642585
321023	0.0004381334938
321024	0.004359136219
321025	0.004730385297
321026	0.004094243544
321027	0.006250745083
321028	0.001771424204
321029	0.001905523669
321030	0.0004696884609
321031	0.0003338640196
321032	0.003956931087
321033	0.005440165944
321034	0.003780935505
321035	0.003813053952
321036	0.004234125351
321037	0.0003103258152
321038	0.005776677494
321039	0.002130111336
321040	0.001351475228
321041	7.320720178e-05
321042	0.001410495641
321043	0.003185427187
321044	0.0003128596424
321045	0.002692514022
321046	0.004506006934
321047	0.003173232309
321048	0.006075626486
321049	0.0002889037972
321050	0.003186482143
321051	0.001894957463
321052	0.006464835473
321053	0.0002254759913
321054	0.003928990505
321055	0.006756575777
321056	0.004423855463
321057	0.004354312888
321058	0.00949061711
321059	0.00892458583
321060	0.005187204191
321061	0.0008600148696
321062	0.006728784365
321063	0.003095955218
321064	0.001277084129
321065	0.006593373565
321066	0.0009543245201
321067	0.00736196129
321068	0.001827888221
321069	0.00444918012
321070	0.004413526868
321071	0.002125017639
321072	0.006310916545
321073	0.002987141116
321074	0.00739059568
321075	0.007970404525
321076	0.002096975641
321077	0.001225353165
321078	0.002065934973
321079	0.004305939578
321080	0.001331995513
321081	0.005284546702
321082	0.0001840716715
321083	0.002042565746
321084	0.004701418539
321085	0.003123843979
321086	0.005845231892
321087	0.007219268226
321088	0.008707069542
321089	0.001122087995
321090	0.006766932353
321091	0.006431751947
321092	0.0009122617862
321093	0.007250615148
321094	0.0004090659063
321095	0.001435412352
321096	0.002377570039
321097	0.005638080621
321098	0.002891999217
321099	0.006240849391
321100	0.005680089023
321101	0.004838696929
321102	0.002169418461
321103	0.000501728336
321104	0.003082440153
321105	0.00708792489
321106	9.701376201e-05
321107	0.002085824003
321108	0.002668559929
321109	0.004576538292
321110	3.989581833e-05
321111	0.00552681059
321112	0.00135789884
321113	0.008396963755
321114	0.007397375245
321115	0.006500326339
321116	0.005683349975
321117	0.004205935825
321118	0.004117689921
321119	0.0006181319733
321120	0.001928502895
321121	0.004429254642
321122	0.0003361690272
321123	0.0003095248913
321124	0.006443256862
321125	0.004527633434
321126	0.003233805184
321127	0.009148414615
321128	0.001195556807
321129	0.004765146415
321130	9.346344284e-05
321131	0.0002773324293
321132	0.001235467769
321133	0.003640962729
321134	0.004434427878
321135	0.003431478543
321136	0.002569568852
321137	0.0003746009457
321138	0.001018756459
321139	0.001572653081
321140	0.001167048192
321141	0.002025965613
321142	0.007650690307
321143	0.006488481243
321144	0.005691763108
321145	0.0006957561453
321146	0.0004390016794
321147	0.001352241433
321148	0.003455214984
321149	0.003244926945
321150	0.005219731168
321151	0.0008975951685
321152	0.004997894874
321153	0.002220605445
321154	0.004901908854
321155	0.005567929115
321156	0.0005683403745
321157	0.002098711628
321158	0.001350930044
321159	0.003782843684
321160	0.001382366348
321161	0.007140609054
321162	0.008434674023
321163	0.003288934885
321164	0.005943483426
321165	0.009112935832
321166	0.002815585411
321167	0.001163885064
321168	0.004395056462
321169	0.0002730968573
321170	0.002375379542
321171	0.0009360606277
321172	0.004167724676
321173	0.0004349971713
321174	0.002988797071
321175	0.005016530414
321176	0.008537244701
321177	0.002505250905
321178	0.0001729807585
321179	0.001820540814
321180	0.001849731571
321181	0.009980201094
321182	0.006932769682
321183	0.001932456521
321184	0.002368758518
321185	0.002039658828
321186	0.002444343382
321187	0.001691299069
321188	0.007815475889
321189	0.003829499778
321190	0.0002758372629
321191	0.007705794592
321192	0.008196140841
321193	0.00584329758
321194	0.009021210548
321195	0.00169703472
321196	0.002014631363
321197	0.007727232299
321198	0.004410526988
321199	0.001148456556
321200	0.005485101978
321201	0.005359053676
321202	0.003416265774
321203	0.00307126569
321204	0.003597120562
321205	0.009560709228
321206	0.001626042199
321207	0.005897873147
321208	0.003621772101
321209	0.005492781868
321210	0.005310522836
321211	0.005297420887
321212	0.0005368635611
321213	0.004223996641
321214	0.0003604923869
321215	0.004211140517
321216	0.008736233483
321217	0.004919283394
321218	0.004094272609
321219	0.0014062096
321220	0.001797798002
321221	0.003131819781
321222	0.001361521352
321223	0.006989715185
321224	0.003532756793
321225	0.00252567247
321226	0.003915886484
321227	0.004369774082
321228	0.003093055559
321229	0.005557876895
321230	0.005319778532
321231	0.007945366814
321232	0.003149470326
321233	0.001285974318
321234	0.002734882815
321235	0.007517629701
321236	0.01537212289
321237	0.0008107929103
321238	0.003954100089
321239	0.0133913479
321240	0.004420426204
321241	0.005912369525
321242	0.007583516859
321243	0.001410543014
321244	0.0006365066517
321245	0.002424872219
321246	0.0002811721061
321247	0.0001969479314
321248	0.001735010127
321249	0.003882024661
321250	0.00071519026
321251	0.006675707067
321252	0.001303626251
321253	0.0001500403164
321254	0.001753659521
321255	0.004964281209
321256	0.005878112515
321257	0.006074950391
321258	0.002013117567
321259	0.009990882432
321260	0.003797791411
321261	0.003659587037
321262	0.002047468876
321263	0.005158701329
321264	0.003502291347
321265	0.006405037597
321266	0.006329029219
321267	0.002418337715
321268	0
321269	0.002309680179
321270	0.005148632045
321271	0.001796933089
321272	0.00040782125
321273	0.005434525402
321274	0.0006644205697
321275	0.00496759039
321276	0.001162163849
321277	0.006969638628
321278	0.003226283497
321279	0.0008233321937
321280	0.001086033288
321281	0.002024163079
321282	0.0008992585367
321283	0.0006093465536
321284	0.005678516881
321285	0.003665612008
321286	0.005061337873
321287	0.005190809549
321288	0.00626962802
321289	0.001786837214
321290	0.004653688045
321291	0.001525693604
321292	0.003017703383
321293	0.002388072281
321294	0.002404797431
321295	0.001085232893
321296	0.004879599916
321297	0.002457439516
321298	0.001402823993
321299	0.0005563955447
321300	0.004058739403
321301	0.006042316639
321302	0.002479878676
321303	0.004563616021
321304	0.003668455027
321305	0.005034907656
321306	0.004772502788
321307	0.001510746111
321308	0.001992237068
321309	0.003345428728
321310	0.001226132905
321311	0.00108896771
321312	0.003528398642
321313	0.001648922908
321314	0.007415277236
321315	0.006633563832
321316	0.002952923318
321317	0.001216906415
321318	0.001685157812
321319	0.001634570278
321320	0.00166109759
321321	0.004605032775
321322	0.000950042475
321323	0.001669801907
321324	0.002196941204
321325	0.002110660881
321326	0.001495362374
321327	0.0003028245859
321328	0.002130126692
321329	0.0009572095413
321330	0.0009054507636
321331	0.002058772999
321332	0.0004134292312
321333	0.002086639334
321334	0.001474903578
321335	0.001867888056
321336	0.006494412913
321337	0.001495150744
321338	0.0003212255854
321339	0.00159174247
321340	0.002185077703
321341	0.003178098533
321342	0.007920379613
321343	0.004218804656
321344	0.002234365718
321345	0.005483445606
321346	0.004347011198
321347	0.00193641386
321348	0.001731904301
321349	0.0003321902429
321350	0.001118503132
321351	0.001017171389
321352	0.0008563893729
321353	0.00533597392
321354	0.0003747644032
321355	0.0001051811258
321356	0.0008229917776
321357	5.664915968e-05
321358	0.002741754693
321359	0.001316210733
321360	0.002047654437
321361	0.0008883093596
321362	0.003491740795
321363	0.00221823658
321364	0.002096895552
321365	0.00156012511
321366	0.0005662619069
321367	0.00366917454
321368	0.0004514799937
321369	0.001040446267
321370	0.002480303917
321371	0.005031646966
321372	0.0006316202913
321373	0.0004421735444
321374	0.001807120422
321375	0.003209618126
321376	0.001239427036
321377	0.001647600817
321378	0.0006673422202
321379	0.003287180633
321380	0.00126926234
321381	0.003466561438
321382	0.001084394453
321383	0.0008941714847
321384	0.0001473861947
321385	0.005054082696
321386	0.0008320513586
321387	0.003014957894
321388	0.002295691906
321389	0.0003122373911
321390	0.00180319211
321391	0.0001495109505
321392	0.0007165389154
321393	0.001491742666
321394	0.002552721504
321395	0.004579879888
321396	0.001376757257
321397	0.001934670287
321398	0.0005653060243
321399	0.0003768878485
321400	0.002375229238
321401	0.0008151861222
321402	0.002409507269
321403	0.003481730522
321404	0.004506772301
321405	0.003189651125
321406	0.00334278011
321407	0.00381102812
321408	7.894054478e-05
321409	0.001392824924
321410	0.003122196833
321411	0.00076872288
321412	0.002101722093
321413	0.003993615668
321414	0.003314429901
321415	0.0008209088017
321416	0.0001661929438
321417	0.002467538333
321418	0.001610663415
321419	0.0001110423664
321420	0.001714173514
321421	0.002900397059
321422	0.0009082230554
321423	0.003087597347
321424	0.001533271263
321425	0.001945483873
321426	0.0006538446698
321427	0.001472162164
321428	0.004897888299
321429	0.0007464503281
321430	0.004165754346
321431	0.001456949057
321432	0.003216600935
321433	0.002086886333
321434	0.004415382348
321435	0.002732593069
321436	0.0001535738431
321437	0.003687327429
321438	0.0005375170786
321439	0.001533073572
321440	0.002062821621
321441	0.0008777605969
321442	0.001848614041
321443	0.002321732732
321444	0.003791703852
321445	0.0006704043656
321446	0.00493171942
321447	0.001724362982
321448	0.0009013778345
321449	0.002143480016
321450	0.002981218724
321451	0.00192637947
321452	0.002760929847
321453	0.002236476285
321454	0.0008207630024
321455	0.007625289281
321456	0.006391155225
321457	0.008298749953
321458	0.003448838892
321459	0.001470834757
321460	0.003148440242
321461	0.003958700274
321462	0.0009461382343
321463	0.000359813702
321464	0.006188899915
321465	0.003827915091
321466	0.001826079708
321467	0.00238339324
321468	0.002442713012
321469	0.002805103005
321470	0.002813948074
321471	0.003722313116
321472	0.005536932829
321473	0.0008395691398
321474	0.00216495546
321475	0.004298569091
321476	0.003805799415
321477	0.002967353885
321478	0.003354316164
321479	9.947477913e-06
321480	0.005847742899
321481	0.000826623661
321482	0.001121633184
321483	0.002054237012
321484	0.0004511884432
321485	0.000897424862
321486	0.002995668221
321487	0.000110054411
321488	0.0004826300072
321489	0.001419909624
321490	0.002053191389
321491	0.0005981290953
321492	0.002572397842
321493	9.899387276e-05
321494	0.0003262594213
321495	0.002244083663
321496	0.003932501134
321497	0.0001015836316
321498	0
321499	0.0002340281353
321500	0.002780844282
321501	0.005992137502
321502	0.0004867766081
321503	0.0002893281317
321504	0.0001853640316
321505	0.0009156241817
321506	0.002234693728
321507	0.0005794373884
321508	0.000324800511
321509	0.001079279982
321510	0.0009690023327
321511	0.003118914576
321512	0.001649409151
321513	0.0005266669104
321514	0.0005565246453
321515	0.002292003343
321516	0.001980417391
321517	0.00236809466
321518	0.002793190163
321519	0.00303974152
321520	0.001935538834
321521	0.0009244569001
321522	0.001041770259
321523	0.00626245331
321524	0.001028377507
321525	0.003465344793
321526	0.002165153416
321527	0.001645546258
321528	0.001454808171
321529	0.0003126547792
321530	3.701973928e-05
321531	0.0004594336572
321532	0.008418240264
321533	0.0009676394183
321534	7.248047597e-05
321535	0.0008027286113
321536	0.002345344783
321537	0.0002047496946
321538	0.002799663171
321539	0.00165199862
321540	0.001701315355
321541	0.001000464381
321542	0.0003988169232
321543	0.002895464441
321544	0.0007074848099
321545	0.002951214897
321546	0.0008300961753
321547	0.003970126667
321548	0.006043003382
321549	0.00139479712
321550	0.003336464018
321551	0.001114347314
321552	0.007940427391
321553	0.001275221032
321554	0.002900694086
321555	0.002402615001
321556	0.00434524272
321557	0.003835108147
321558	0.002040443276
321559	0.004458038088
321560	0.0063007977
321561	0.002050893965
321562	0.00145429968
321563	0.0007990607097
321564	0.001957246897
321565	0.002186364709
321566	0.0004550866492
321567	0.002980322074
321568	6.461627429e-05
321569	0.003345312261
321570	0.001136885935
321571	0.002736296511
321572	0.002696879801
321573	0.002178117745
321574	0.001984405811
321575	0.001526915467
321576	8.006681306e-05
321577	0.002251598867
321578	0.004562298013
321579	0.003129098643
321580	0.002474604063
321581	0.003197426752
321582	0.005427598938
321583	0.0003828233857
321584	0.002267280076
321585	0.0001625684463
321586	0.002595631694
321587	0.0005143455902
321588	0.001193004914
321589	0.0004158133272
321590	0.002340575425
321591	0.001259991282
321592	0.002505720281
321593	0.003163318633
321594	0.00206436397
321595	0.002654815649
321596	0.001843732427
321597	0.004351699713
321598	0.00288035827
321599	0.0006324334481
321600	0.007267919904
321601	0.002050062137
321602	0.004479928633
321603	0.0006757675898
321604	0.001868208257
321605	0.001139052152
321606	0.00408041238
321607	0.003345478965
321608	0.0011612764
321609	0.002546759494
321610	0.004219915394
321611	0.0003446867695
321612	0.00319907892
321613	0.0009697831067
321614	0.001718085618
321615	0.0001396769345
321616	0.001294678071
321617	0.001028961241
321618	0.001716640458
321619	0.001724073764
321620	0.002528669277
321621	9.027306147e-05
321622	0.001289014185
321623	0.00415140075
321624	0.002152974927
321625	0.002371484412
321626	0.004855308759
321627	0.002476207561
321628	0.002333191467
321629	0.001024260599
321630	0.000494433542
321631	0.0005895757122
321632	0.003049870113
321633	0.001067437714
321634	0.002397740411
321635	0.002601214056
321636	0.004326830342
321637	0.0008104905031
321638	0.001472927568
321639	0.0001782025452
321640	0.003806460293
321641	0.00291678129
321642	0.000260124588
321643	0.004042187159
321644	0.002788236363
321645	0.002897373963
321646	0.003715891816
321647	0.001849460954
321648	0.001323233812
321649	9.668140224e-05
321650	0.001649181498
321651	0.003561835385
321652	0.001407672095
321653	0.0004030268455
321654	0.001699068186
321655	0.003336177698
321656	0.001007680339
321657	0.0007269198392
321658	0.002565725886
321659	0.001448017758
321660	0.002240061148
321661	0.003124951143
321662	0.001950239966
321663	0.003666205055
321664	0.0003894852607
321665	0.003451875281
321666	0.003407216939
321667	0.00297375394
321668	0.0002108544498
321669	0.003027965941
321670	0.002059675026
321671	0.0005137899656
321672	0.004031605062
321673	0.001524660185
321674	0.001163122794
321675	0.00137928427
321676	0.001371205671
321677	0.003159378222
321678	0.00184373086
321679	2.308678817e-06
321680	0.002682590949
321681	0.002630266066
321682	0.003212825544
321683	0.004549248994
321684	0.002035048879
321685	0.0004348529443
321686	0.0007136904705
321687	0.0005250289476
321688	0.001848524695
321689	0.006234366031
321690	0.0004486745034
321691	0.0006233496411
321692	0.0007149190886
321693	0.0003313367123
321694	0.003019413381
321695	0.00409340613
321696	0.002375713695
321697	0.002131861728
321698	0.002141065007
321699	0.005737566724
321700	0.002144395625
321701	0.003166577757
321702	0.0001747952377
321703	0.0008166005692
321704	0.002783499842
321705	0.0001457896135
321706	0.002867270931
321707	0.0001065805923
321708	0.001477866171
321709	0.004812499203
321710	0.001771271409
321711	0.007648342318
321712	0.0006122483442
321713	0.002636234797
321714	0.0001695430457
321715	0.001958921698
321716	0.001864081268
321717	0.002240772571
321718	0.001584171369
321719	0.002018780847
321720	0.002384607763
321721	0.0004360798149
321722	0.001231478414
321723	0.00180373069
321724	0.004836324259
321725	0.001945599995
321726	0.00135095354
321727	0.004617058444
321728	0.004240624317
321729	0.001011751992
321730	0.00349707192
321731	0.001741571739
321732	0.0002603629879
321733	0.0006986664694
321734	0.0007265226672
321735	0.003631367462
321736	0.002528180729
321737	0.001020055101
321738	0.001738059306
321739	0.00388099711
321740	0.0006651245945
321741	0.004412130726
321742	6.788641094e-05
321743	0.003382022402
321744	0.001067778315
321745	0.005915017844
321746	0.000733535215
321747	0.002428168567
321748	0.004626817408
321749	0.001991791562
321750	0.0008543816616
321751	0.004319856359
321752	0.000989297087
321753	0.002388590769
321754	0.001861481888
321755	0.0002978293237
321756	0.001175545945
321757	0.001362089634
321758	0.001035267539
321759	0.0005342609754
321760	0.002637890429
321761	0.001063476335
321762	0.00324110345
321763	0.003930873165
321764	0.001688391834
321765	0.001167228463
321766	0.003250925889
321767	0.001753899738
321768	0.002234267644
321769	0.002876412814
321770	0.009683182774
321771	0.00177041716
321772	0.0005706337081
321773	0.002213670075
321774	0.0005909748627
321775	0.003416349656
321776	0.003152258829
321777	0.0008210219571
321778	0.00314002037
321779	0.003205790937
321780	0.002979260738
321781	0.003985600632
321782	0.001356180338
321783	0.0001139589179
321784	0.001406477065
321785	0.0008586480151
321786	0.003189414843
321787	0.002375713436
321788	0.003062669378
321789	0.001189131504
321790	0.003581890551
321791	0.004153989635
321792	0.002152492282
321793	0.006407229287
321794	0.001561768839
321795	0.003265327739
321796	0.00347589702
321797	0.001978432848
321798	0.0001714173748
321799	0.001011437603
321800	0.001168910756
321801	0.003498142171
321802	0.0008988416484
321803	0.002237347036
321804	0.00147989337
321805	0.001929557147
321806	6.373905759e-05
321807	1.120373239e-05
321808	0.007787068379
321809	0.002368427337
321810	0.004199833815
321811	0.003617974108
321812	0.001083641076
321813	0.002555790873
321814	0.005068745636
321815	0.0002190602377
321816	0.0004894317806
321817	0.004373052359
321818	0.001233212853
321819	0.00313034308
321820	0.004279622864
321821	0.0002147519434
321822	0.001681549715
321823	0.003265248528
321824	0.001844930693
321825	0.002409310089
321826	0.001025014728
321827	0.003418762712
321828	0.002926960892
321829	0.002533686893
321830	0.000635594523
321831	0.001425110494
321832	0.001584525207
321833	0.002018438695
321834	0.007741069671
321835	0.003680576403
321836	0.000889993805
321837	0.004381929754
321838	0.001752484676
321839	0.001958982086
321840	0.006032736738
321841	0.003943108973
321842	0.004084354463
321843	0.001087744412
321844	0.000761158375
321845	0.002232812174
321846	0.0002067068831
321847	0.00265339985
321848	0.002457221541
321849	0.0002034495973
321850	0.003046496042
321851	0.001843156006
321852	0.002424568245
321853	0.002540309815
321854	0.007341699631
321855	0.001341331928
321856	0.002046825419
321857	0.002714825595
321858	0.001849735498
321859	0.001522724788
321860	0.002303068938
321861	0.0002290110467
321862	0.0004573953905
321863	0.00166995967
321864	0.005639131032
321865	0.0008437221149
321866	0.0004762365523
321867	0.002992118018
321868	0.002520314291
321869	0.001132077218
321870	0.001406316264
321871	0.0009160469565
321872	0.002029124653
321873	0.003078541945
321874	0.001449756147
321875	0.005202959797
321876	0.001737752178
321877	0.001663985646
321878	0.0006922462105
321879	0.004223230259
321880	0.0006927606754
321881	0.001275779338
321882	0.002740716717
321883	0.001924259373
321884	0.002793848508
321885	0.003514511126
321886	0.0002761014717
321887	0.003392700925
321888	0.002326968713
321889	0.003459017438
321890	0.004650111426
321891	0.002839135649
321892	0.0004099721841
321893	0.001784900411
321894	0.002480444607
321895	0.00229790419
321896	0.001338163148
321897	0.00102324894
321898	0.001141402263
321899	0.003907146355
321900	0.000737093088
321901	0.0006227253858
321902	0.003109839477
321903	0.002128695648
321904	0.0003863456139
321905	0.0004069231307
321906	0.001109295356
321907	0.003762982691
321908	0.005647715372
321909	0.001343552227
321910	0.00189512936
321911	0.001040156444
321912	0.000156250251
321913	0.001781335073
321914	0.001143627052
321915	0.004316273772
321916	0.0001872712996
321917	0.0002833201388
321918	0.0006752806769
321919	0.0008539832992
321920	0.0005112580736
321921	0.001314031385
321922	0.0001067490745
321923	0.0002682510621
321924	0.001052160005
321925	0.004822336975
321926	0.002970416556
321927	0.003897135546
321928	0.001803837521
321929	0.0009221145339
321930	0.002915586966
321931	0.0009768050904
321932	0.0002028686618
321933	0.002757280439
321934	0.001715902352
321935	0.001007178543
321936	0.001757497862
321937	0.001018172001
321938	0.002967957234
321939	0.005941050485
321940	0.0005565615857
321941	0.005859808974
321942	0.001169379737
321943	0.000699486534
321944	0.0004354173946
321945	0.002854703714
321946	0.0009228495543
321947	0.00345603347
321948	0.003672792796
321949	0.0005321671709
321950	0.0003296001751
321951	3.585869163e-05
321952	0.001257205021
321953	0.001933239755
321954	0.0004462012193
321955	0.001918696792
321956	0.003207559991
321957	1.137454184e-06
321958	0.0045221804
321959	0.001008881294
321960	7.574293469e-06
321961	0.000164367457
321962	0.004071398051
321963	0.001764296835
321964	0.002232810266
321965	0.00126642968
321966	0.00109146566
321967	0.002639952675
321968	0.004822669475
321969	0.002796089198
321970	0.001737551833
321971	0.0001343818022
321972	0.007521229492
321973	0.001958662547
321974	0.008299958688
321975	0.001017962593
321976	0.0007676836616
321977	0.000887890913
321978	0.0008897722435
321979	0.001098292065
321980	0.001304407255
321981	0.001142418576
321982	0.002889224265
321983	0.006413799925
321984	0.001520629226
321985	0.003168379374
321986	0.002750179572
321987	8.637439456e-05
321988	0.008576834733
321989	0.002545922639
321990	0.004433167017
321991	0.001600874785
321992	0.001337634805
321993	0.002043767965
321994	0.002349569893
321995	0.0003310067438
321996	0.0003815883133
321997	0.004906194666
321998	0.008184983951
321999	0.002291775157
322000	0.003167322786
322001	0.004860627378
322002	0.008281779046
322003	0.003744219672
322004	0
322005	0.002094686833
322006	0.001095903674
322007	0.004725080418
322008	0.002161954952
322009	0.0006614379468
322010	0.00132354237
322011	0.003684854589
322012	0.001149079221
322013	0.002001071818
322014	0.0005745335355
322015	0.0002034723463
322016	0.0009463790167
322017	0.001287035652
322018	0.0007233479963
322019	0.001187385545
322020	0.006497488659
322021	6.831465037e-06
322022	0.003768852803
322023	0.004291628265
322024	0.0001429068958
322025	0.003903707302
322026	0.0001391533918
322027	0.0001297461007
322028	0.002524519937
322029	0.003770747728
322030	0.003219778707
322031	0.001077925954
322032	0.003338005562
322033	0.002050893177
322034	0.005022790926
322035	0.006012391213
322036	0.0021531438
322037	0.002533588417
322038	0.001949719946
322039	0.001730995099
322040	0.0002612209299
322041	0.002262415499
322042	0.0006549524849
322043	0.0006929793857
322044	0.007020393426
322045	0.001124938034
322046	0.003693163667
322047	0.002269051076
322048	0.003398255742
322049	0.003334414995
322050	0.0005667956005
322051	0.003397796217
322052	0.001880823178
322053	0.0008888447059
322054	0.002086949685
322055	0.006005459599
322056	0.003487197227
322057	0.0004981850083
322058	0.0008660840505
322059	0.009440851682
322060	0.005070197745
322061	0.005869345998
322062	0.002379064897
322063	0.004775414978
322064	0.003336119307
322065	0.001806897402
322066	0.003418330364
322067	0.004575608863
322068	0.002946053009
322069	0.001583740369
322070	0.001689815614
322071	0.0006603270673
322072	0.001139995859
322073	0.007054045739
322074	0.001786036378
322075	0
322076	0.001877870506
322077	0.00155093767
322078	0.004027238299
322079	0.001551080869
322080	0.0009647200344
322081	0.001740067433
322082	0.00272314629
322083	9.937767179e-05
322084	0.001767349715
322085	0.002184245228
322086	0
322087	0.002272266449
322088	0.001496918357
322089	0.0004774587741
322090	0.0004002294534
322091	0.001739541552
322092	0.005123900659
322093	0.001047250433
322094	0.0001566611337
322095	0.001469725967
322096	0.0002235652577
322097	0.005098932285
322098	0.001083154353
322099	0.005123027079
322100	0.002200867904
322101	0.001363568885
322102	0.00587552679
322103	0.008551070347
322104	0.002067809555
322105	0.0002156291454
322106	0.005547328023
322107	0.002996221832
322108	0.003148339913
322109	0.003505346538
322110	0.002965040688
322111	0.0008182544937
322112	0.004142013904
322113	0.003637706854
322114	0.003926534147
322115	0.003598984333
322116	0.000282123235
322117	0.001899231003
322118	0.003098328328
322119	0.004512729598
322120	0.000748800593
322121	0.002168940305
322122	0.002532805749
322123	0.0009992083674
322124	0.0003004175825
322125	0.005499399038
322126	0.00294900737
322127	0.0008107760683
322128	0.001878599999
322129	0.001718938426
322130	0.002472923677
322131	0.002596678304
322132	0.004562241423
322133	0.0001782990035
322134	0.0004147269592
322135	0.001479472085
322136	0.007093345234
322137	0.0008498626506
322138	0.001457109225
322139	0.0007814412032
322140	0.005729919567
322141	0.0006740947581
322142	0.000347501159
322143	0.0005207326264
322144	0.001603417213
322145	0.008306038064
322146	0.000286117316
322147	0.0003240722057
322148	0.005345787975
322149	0.0005091104932
322150	0.001930150827
322151	0.0007400368649
322152	0.003862050631
322153	0.002995406502
322154	0.0007982603671
322155	0.001054957493
322156	0.009749087136
322157	0.002185725857
322158	0.006331642671
322159	5.762853581e-05
322160	0.001488737777
322161	0.0008749106842
322162	0.001391717838
322163	0.0003318198146
322164	0.001839381279
322165	0.004374435334
322166	0.0009279795586
322167	0.003700532515
322168	0.002938309598
322169	0.002303253145
322170	0.007640532862
322171	0.002392457742
322172	0.002631573639
322173	0.002393807903
322174	0.002173546161
322175	0.004851318323
322176	0.003376108634
322177	0.0009128986861
322178	0.007521492869
322179	0.006355577959
322180	0.002675751412
322181	0.001632550945
322182	0.001589668972
322183	0.003853398564
322184	0.002538642882
322185	0.004088865902
322186	0.0004153789752
322187	0.00436505771
322188	0.003955618369
322189	0.004857254228
322190	0.0006204896788
322191	0.006933973525
322192	0.002740123606
322193	0.008423208765
322194	0.0004498773555
322195	0.0003564402541
322196	0.0005297586353
322197	0.0005297852286
322198	0.003315350851
322199	0.004603647964
322200	0.001453041277
322201	0.005579105332
322202	0.001756427708
322203	0.00602515464
322204	0.005546913859
322205	0.001858510942
322206	0.002826583936
322207	0.008453614848
322208	0.003141786122
322209	0.001843066709
322210	0.003283813887
322211	0.002092856192
322212	0.004415437465
322213	0.002213039455
322214	0.001198674719
322215	0.002004802316
322216	0.01227281991
322217	0.002024236782
322218	0.00241023946
322219	0.003126630246
322220	0.001609815669
322221	0.003995836475
322222	0.004556362446
322223	0.002310912002
322224	0.001741427933
322225	0.01062290603
322226	8.098945625e-05
322227	0.0002498944168
322228	0.006030449694
322229	0.002459119932
322230	0.009454753695
322231	0.003251163832
322232	0.0004859851671
322233	0.0002228881385
322234	0.001719628875
322235	0.001111903374
322236	0.002986238721
322237	0.0006134950194
322238	0.001609698262
322239	0.002253001915
322240	0.002910085488
322241	0.002302073051
322242	0.004026472114
322243	0.006089502834
322244	0.009603453472
322245	0.001009992292
322246	0.0027599345
322247	0.003905056842
322248	0.0002856440267
322249	0.002893387984
322250	0.0006775781152
322251	0.0007564694027
322252	0.008874381006
322253	0.006024335572
322254	0.002367980035
322255	0.005225977771
322256	0.004566453638
322257	0.005901351813
322258	0.0002400492474
322259	0.006010304451
322260	0.00320527207
322261	0.00183271624
322262	0.001838020957
322263	0.003504411757
322264	0.003190433638
322265	0.001235942616
322266	0.003188837383
322267	0.00826861143
322268	0.007449504751
322269	0.002196889608
322270	2.592976858e-06
322271	0.0005633902659
322272	0.002077232347
322273	0.0002131927087
322274	0.000697903822
322275	0.003457740566
322276	0.005082607643
322277	0.0007398793808
322278	0.003427506411
322279	0.005725297646
322280	0.001712792373
322281	0.005735344986
322282	0.0008322878513
322283	0.003832591995
322284	0.002900774184
322285	0.006822658243
322286	0.006174665689
322287	0.0004444401978
322288	0.00220843594
322289	0.003581675893
322290	0.003476147557
322291	0.001750676481
322292	0.002790421549
322293	0.004262466669
322294	3.542336329e-05
322295	0.003169633563
322296	0.003899515631
322297	0.006583416576
322298	0.006970670559
322299	0.0004855042281
322300	0.003143199929
322301	0.001373395242
322302	0.002541641271
322303	0.003533717063
322304	0.00214757714
322305	0.001414999062
322306	0.002859895436
322307	0.005091343639
322308	0.005909113891
322309	0.0005771112752
322310	0.001407483317
322311	0.0007487015411
322312	0.00280720593
322313	0.005629829455
322314	0.008928506135
322315	0.006858325635
322316	0.001873538628
322317	0.006732113927
322318	0.001150152179
322319	0.008831755099
322320	0.002960944255
322321	0.009634598255
322322	0.00258667973
322323	0.007152515205
322324	0.0005124191921
322325	0.004428327747
322326	0.001770158211
322327	0.003982544207
322328	0.006230651341
322329	0.001317951822
322330	0.0005939441736
322331	0.001482697879
322332	0.005596959675
322333	0.005182763565
322334	0.00311037248
322335	0.001105408599
322336	0.004407687552
322337	0.0008974767794
322338	0.002208247243
322339	0.001045096511
322340	0.002246422505
322341	0.0006516792559
322342	0.00151342311
322343	0.004433450782
322344	0.001514659707
322345	0.003763946927
322346	0.00216498111
322347	0.01057124443
322348	0.00652814601
322349	0.00102393384
322350	0.002007429103
322351	0.0004898208922
322352	0.001217685541
322353	0.0047047048
322354	0.003808630419
322355	0.004869186555
322356	0.001297261704
322357	0.0008107453779
322358	0.0009363550222
322359	0.007272984106
322360	0.006058374623
322361	0.00382639443
322362	0.002109432086
322363	0.001823296273
322364	0.001105814854
322365	0.0003778656408
322366	0.003875807201
322367	0.001937110699
322368	0.0009972894264
322369	0.001488329778
322370	0.000842152993
322371	0.00107147625
322372	0.004100547205
322373	0.005097198803
322374	0.009589774322
322375	0.005328032174
322376	0.0009901867054
322377	0.001366166143
322378	0.00241029792
322379	0.001016664342
322380	0.003067814761
322381	0.003913550225
322382	0.006889619539
322383	0.003654613196
322384	0.004840888655
322385	0.002290385397
322386	0.005020989208
322387	0.006581139921
322388	0.005781324544
322389	0.001791800039
322390	0.001046485782
322391	0.006797391384
322392	0.006593716581
322393	0.009846127578
322394	0.0005010196128
322395	0.0001250105593
322396	0.0103017355
322397	0.004356341883
322398	0.001811484418
322399	0.0002414965526
322400	0.000836445039
322401	0.005291679776
322402	0.001470948887
322403	0.007218184246
322404	0.003105129777
322405	0.003702132925
322406	0.001168013313
322407	0.005810132763
322408	0.001101143449
322409	0.0006326181587
322410	0.001746975729
322411	0.003525481925
322412	0.005505090036
322413	0.002329742311
322414	0.002477925152
322415	0.000362570871
322416	0.001557449108
322417	0.01090242859
322418	0.0008106581436
322419	0.002579874039
322420	0.0007990616299
322421	0.0007563346465
322422	0.003097362133
322423	0.003361405595
322424	0.003008790011
322425	0.004619773449
322426	0.002223038186
322427	0.0003060813983
322428	0.002831856997
322429	0.001992440184
322430	0.005464035741
322431	0.007006939712
322432	0.001678640602
322433	0.003018180466
322434	0.006917067303
322435	0.00253577429
322436	0.0002483845509
322437	0.007759759542
322438	0.001328678609
322439	0.005066721307
322440	0.006871953364
322441	7.11122702e-05
322442	0.008350675957
322443	0.0002939640108
322444	0.0005955967238
322445	0.002580005386
322446	0.004590573334
322447	0.001563374482
322448	0.005014398377
322449	0.003906789522
322450	0.005794059143
322451	0.003320521637
322452	0.001194418031
322453	0.001454078879
322454	0.0008590270686
322455	0.00257954169
322456	0.002972287822
322457	0.001105519448
322458	0.0007145220591
322459	0.0003540401672
322460	0.000309070665
322461	0.002374528639
322462	0.003898886946
322463	0.002621410156
322464	0.001238561375
322465	0.007408424061
322466	0.004030884996
322467	0.002628837647
322468	0.003131558509
322469	0.002086924701
322470	0.003314405385
322471	0.00460161404
322472	0.002985911145
322473	0.004924908406
322474	0.002211910769
322475	0.001473384709
322476	0.002832713232
322477	0.001687051751
322478	0.0004839410369
322479	0.001697483143
322480	0.003995695766
322481	0.005983268562
322482	0.003342544356
322483	0.004715809258
322484	0.002723338441
322485	0.00211777807
322486	0.0007709151019
322487	0.002231192972
322488	0.007744418377
322489	0.0001449150602
322490	0.003208871683
322491	0.004545693903
322492	0.002265838577
322493	0.002280280747
322494	0.003938356655
322495	0.0005039654395
322496	0.001866153347
322497	0.0007772435432
322498	0.0008951159319
322499	0.0005028541884
322500	1.20999354e-05
322501	0.003252034344
322502	0.001358879548
322503	0.004849776706
322504	0.001610269641
322505	0.004206169297
322506	7.986806113e-05
322507	0.004825014328
322508	0.004812245823
322509	0.005421758276
322510	0.002927042869
322511	0.006861015656
322512	0.002191778341
322513	0.0009218546237
322514	0.0006659821896
322515	0.007883878318
322516	0.000732478167
322517	0.001686727216
322518	0.005303078811
322519	0.004301764119
322520	0.001749877706
322521	0.002685740116
322522	0.009920797693
322523	0.002626197599
322524	0.006173590123
322525	0.003512886668
322526	0.000870393165
322527	0.00279022287
322528	0.0001200547936
322529	0.002573296559
322530	0.0009959375544
322531	0.00236632095
322532	0.008025084281
322533	0.0006716020864
322534	0.004686743618
322535	0.0025333146
322536	0.002546508828
322537	0.001563780446
322538	0.004239875116
322539	0.0003237785243
322540	0.008111494949
322541	0.006766055493
322542	0.001129279073
322543	0.000702736665
322544	0.003716834816
322545	0.007727640173
322546	0.004463452006
322547	0.001917410669
322548	4.832389325e-05
322549	0.001167447218
322550	0.008188692173
322551	0.009526841715
322552	0.005514733258
322553	0.001586571639
322554	0.005160492135
322555	0.001847989837
322556	0.0106396991
322557	0.0001016475795
322558	0.004695919575
322559	0.004214978697
322560	0.0004396358176
322561	0.00475564195
322562	0.0007291998903
322563	0.0006293366875
322564	0.0006989564493
322565	0.00354978841
322566	0.001249737161
322567	0.002399589051
322568	0.001152973363
322569	0.006342421814
322570	0.009669166979
322571	0.004077176069
322572	0.006597737348
322573	0.0002714366913
322574	0.007228793867
322575	0.009117354732
322576	0.001340712078
322577	0.0002878115191
322578	0.003325308519
322579	0.003766570435
322580	0.0009225060489
322581	0.007789129446
322582	0.003835740674
322583	0.001034816781
322584	0.004915973411
322585	0.00833510798
322586	0.006975311118
322587	0.001045254954
322588	0.006039519062
322589	0.002919898775
322590	0.00207489049
322591	0.001613607649
322592	0.003124479375
322593	0.005624008415
322594	0.004452388057
322595	0.001296814605
322596	0.005063918848
322597	0.006059700589
322598	0.003382306287
322599	0.005320653896
322600	0.005268457881
322601	1.292579822e-05
322602	0.004786256812
322603	0.001930871821
322604	0.006309972832
322605	0.001777245539
322606	0.000604446389
322607	0.007908895752
322608	0.001352162324
322609	0.003060802548
322610	0.003368429455
322611	0.007002864935
322612	0.002362236142
322613	0.006181361222
322614	0.001294801843
322615	0.005488560261
322616	0.002671808034
322617	0.0009726791443
322618	0.0003998320909
322619	3.11051405e-05
322620	0.002797967212
322621	0.001392811965
322622	0.0005811012953
322623	0.004611364075
322624	0.0008967189395
322625	0.003650394134
322626	0.003040394704
322627	0.003186888638
322628	0.002364883045
322629	0.002166451604
322630	0.006716864782
322631	0.006067097415
322632	0.002760894777
322633	0.0007793668855
322634	0.003491488054
322635	0.004349056016
322636	0.001736029922
322637	0.007719480199
322638	0.007518163071
322639	0.002914339584
322640	0.0006134142432
322641	0.004512390501
322642	0.001170846767
322643	0.003709104883
322644	0.002676858863
322645	0.001036150858
322646	0.0004171682823
322647	0.004403015536
322648	0.005601484895
322649	0.006338567323
322650	0.004068520205
322651	0.0008599008215
322652	0.00218810579
322653	0.003821903285
322654	0.00408451633
322655	0.0007339971508
322656	0.002394487986
322657	0.0004245519798
322658	0.006224741937
322659	0.001773416575
322660	0.005467278184
322661	0.001228084569
322662	0.003094941311
322663	0.008212238676
322664	0.003779956861
322665	0.0007068072863
322666	0.003102518118
322667	0.003206471768
322668	0.0005247473695
322669	0.0004278253949
322670	0.005778594739
322671	0.005280387072
322672	0.0008353018902
322673	0.005990524767
322674	0.0008226376046
322675	0.005072015676
322676	0.005947474248
322677	2.522051376e-06
322678	0.003008999795
322679	0.003380233013
322680	0.005118405128
322681	0.002612769726
322682	0.006614459299
322683	0.005560596135
322684	0.003697758852
322685	0.005465443409
322686	0.002911308535
322687	0.0008617411496
322688	0.005416786532
322689	0.003997153324
322690	0.001412555753
322691	0.005098711283
322692	0.009160994232
322693	0.004437054848
322694	0.00124428931
322695	0.001017921495
322696	0.003648501172
322697	0.005898412516
322698	0.002717517112
322699	0.001538732245
322700	0.001894814135
322701	0.001490565972
322702	0.002008521128
322703	0.002039068136
322704	0.0007947295728
322705	0.002590453585
322706	0.004009481011
322707	0.002230507987
322708	0.00505737428
322709	0.00319370059
322710	0.007877930235
322711	0.007376599562
322712	0.006675154169
322713	0.0002164131054
322714	0.002420917541
322715	0.003504611443
322716	0.002972379332
322717	0.005367783283
322718	0.004588718291
322719	0.005347379572
322720	0.001505816331
322721	0.004053168141
322722	0.001121700031
322723	0.0007052680776
322724	0.006017398506
322725	0.000975836392
322726	0.0008069580569
322727	0.0004607486814
322728	0.0007830569922
322729	0.0001552380273
322730	0.001114591286
322731	0.003651877623
322732	0.0001949107306
322733	0.002629653153
322734	0.005416181656
322735	0.0006815041654
322736	0.001054484965
322737	0.005265819265
322738	0.005547244748
322739	0.004984453365
322740	0.0004216372379
322741	0.001525739113
322742	0.006215712973
322743	0.002082955766
322744	0.0005071107135
322745	0.001089111451
322746	0.002862402347
322747	0.002317037083
322748	0.003039497318
322749	0.006734061908
322750	0.000163649857
322751	0.001336397771
322752	0.001457355354
322753	0.0002131360048
322754	0.001581564894
322755	0.002090148235
322756	0.006414081044
322757	0.006034760698
322758	0.005157773864
322759	0.002499425117
322760	0.00251894459
322761	9.196293072e-05
322762	0.002680840077
322763	0.001549842567
322764	0.002195167805
322765	0.005696125563
322766	0.0008612940923
322767	0.0004656309581
322768	0.00152198612
322769	0.001276186063
322770	0.00214102904
322771	0.00350028289
322772	0.003205734284
322773	0.004983113945
322774	0.005562515714
322775	0.004755511195
322776	0.003060416775
322777	0.001501210691
322778	0.005272969562
322779	0.006693563369
322780	0.0006717146409
322781	0.001930258433
322782	0.002792599138
322783	0.001855908332
322784	0.001688111407
322785	0.0006892453706
322786	0.004222346451
322787	0.002088802863
322788	0.0004750140965
322789	0.0002974494502
322790	0.003357116261
322791	0.002908333722
322792	0.0001920351882
322793	0.000438601203
322794	0.0013666653
322795	0.006652310233
322796	0.0003390138167
322797	0.005168177722
322798	0.008337539568
322799	0.002793871859
322800	0.003386237286
322801	0.003561421643
322802	0.001084298141
322803	0.0003031587633
322804	0.003537297397
322805	0.001139308552
322806	0.001153237055
322807	0.004263643549
322808	0.0007302247322
322809	0.001474469068
322810	0.002607832105
322811	0.005386667303
322812	0.003774410849
322813	0.005407431958
322814	0.002091700941
322815	0.005578742713
322816	0.001509879338
322817	0.0006624528731
322818	0.005572414864
322819	0.005552683479
322820	0.001294501463
322821	0.004160409247
322822	0.004222113384
322823	0.004050936147
322824	0.001478454522
322825	8.365904092e-07
322826	0.0004042374143
322827	0.005671580498
322828	0.002777420497
322829	0.002654504475
322830	0.005560653684
322831	0.00230257127
322832	0.005667075477
322833	0.001891283971
322834	0.005549643675
322835	0.00209063085
322836	0.002608662039
322837	0.005408199407
322838	0.005563491149
322839	0.004077407705
322840	0.004221617331
322841	0.0005495228832
322842	0.0007351081557
322843	0.00537747069
322844	0.005216306063
322845	0.001948273919
322846	0.0008706711219
322847	0.001654597767
322848	5.886833273e-06
322849	0.006058506955
322850	0.005584920291
322851	0.001453360718
322852	0.005373609813
322853	0.007121762766
322854	0.004061624818
322855	0.007648031539
322856	0.005863952156
322857	0.00684345804
322858	0.006690631767
322859	0.006662550344
322860	0.004161875158
322861	0.0004175319301
322862	0.008950550286
322863	0.003019648589
322864	0.001774646695
322865	0.003839700802
322866	0.002021896397
322867	0.00565510696
322868	0.003086129916
322869	0.004314361996
322870	0.007542998609
322871	0.002798595698
322872	0.0007203926897
322873	0.00104079381
322874	0.003468792098
322875	0.00646705069
322876	0.00595180617
322877	0.002022240213
322878	0.0007588171419
322879	0.0008952019504
322880	0.00103713797
322881	0.003090686946
322882	0.003467710633
322883	0.001677474329
322884	0.0003712342773
322885	0.005278523987
322886	0.003270563202
322887	0.003399200521
322888	0.0005821030054
322889	0.001614948451
322890	0.002640734033
322891	0.006680169163
322892	0.001871737986
322893	0.002849620611
322894	0.000770342648
322895	0.004782251366
322896	0.009018345003
322897	0.007576648627
322898	0.003053242945
322899	0.007143222
322900	0.002714070082
322901	0.0005251105624
322902	0.004310196577
322903	0.004938545156
322904	0.005806031261
322905	0.006020056665
322906	0.001498019575
322907	0.002632839728
322908	0.001966517016
322909	0.003801837994
322910	0.0003674532812
322911	0.005261459239
322912	0.002789094666
322913	0.001038881937
322914	0.0004819330609
322915	0.005161997948
322916	0.004500473767
322917	0.002086225973
322918	0.002613802858
322919	0.005669288365
322920	0.001347771347
322921	0.00353767383
322922	1.078072305e-05
322923	0.001815063248
322924	0.005547349917
322925	0.001928651542
322926	0.006654152905
322927	0.002722014943
322928	0.002091620573
322929	0.00192194279
322930	0.0007742264753
322931	0.005675170074
322932	0.0001786499253
322933	0.006024040138
322934	0.00455525374
322935	0.002230165274
322936	0.003007318965
322937	0.004779484532
322938	0.004896850855
322939	0.0001525345609
322940	0.003838520749
322941	0.003236779008
322942	0.005074604102
322943	0.0004884332511
322944	0.004184294589
322945	0.005249348007
322946	0.004135811423
322947	0.00124142157
322948	0.005064990186
322949	0.003734616824
322950	0.001344216935
322951	0.003537340541
322952	0.006883815422
322953	0.002228441032
322954	0.005060343006
322955	0.002546125783
322956	0.005190772673
322957	0.00456852315
322958	0.001206394012
322959	0.003662252496
322960	0.0005275584805
322961	3.120137716e-06
322962	0.001848597217
322963	0.006654862362
322964	0.005771571008
322965	0.0002568889705
322966	0.007062310269
322967	7.739679849e-06
322968	0.006506586276
322969	0.003799583341
322970	0.0001934112174
322971	0.004128368139
322972	0.002946681175
322973	0.002860153912
322974	0.001561767941
322975	0.004049685466
322976	0.002665642303
322977	0.003966814687
322978	0.00623259833
322979	0.00113001713
322980	0.007816913648
322981	0.004286194455
322982	0.0003359427843
322983	0.00629282953
322984	0.001721046082
322985	0.001153293743
322986	0.0013079773
322987	0.00327842118
322988	0.006104513128
322989	0.002160364289
322990	0.002315403107
322991	0.001537933484
322992	0.00709549725
322993	0.009682371617
322994	0.00255059082
322995	0.001338497544
322996	0.008781223105
322997	0.003921956673
322998	0.0007294460394
322999	0.003169137432
323000	0.001569133335
323001	0.002394826158
323002	0.0009322238656
323003	0.005909897021
323004	0.005271287228
323005	0.002755786149
323006	0.005360762054
323007	0.005233620492
323008	0.0006912178283
323009	0.003752688661
323010	0.004676598258
323011	0.003642612811
323012	0.0044844954
323013	1.7208726e-05
323014	0.0001173441672
323015	0.002993894126
323016	0.001288457102
323017	0.001358023045
323018	0.002487298243
323019	9.741016651e-05
323020	0.008404717251
323021	0.002005283035
323022	0.003862693752
323023	0.007644740068
323024	0.007879637081
323025	0.004257038222
323026	0.0005434988044
323027	0.001887969748
323028	0.002915763909
323029	0.002014297531
323030	0.001082467678
323031	0.006435500553
323032	0.000514176504
323033	0.0007326398877
323034	0.005774706157
323035	0.001079953563
323036	0.001067397908
323037	0.00441798648
323038	7.811757056e-06
323039	0.00584460128
323040	0.002357711067
323041	0.001141123698
323042	0.004553659394
323043	0.0006554277482
323044	0.0008196458024
323045	2.328529015e-05
323046	0.003529499669
323047	0.005679248667
323048	0.005405867283
323049	0.003958404017
323050	0.003914940497
323051	0.00785883656
323052	0.0005725493095
323053	0.005059147214
323054	0.007540440916
323055	9.609970683e-05
323056	0.001316632002
323057	0.0008489148609
323058	0.0004498092002
323059	0.0004823668329
323060	0.001694612084
323061	0.003338649073
323062	0.001406524424
323063	0.001048638995
323064	0.001213249375
323065	0.001360954691
323066	0.0001995523431
323067	0.006940709062
323068	0.003354996064
323069	0.0007876932673
323070	0.007562169861
323071	0.003553460794
323072	0.0006150801163
323073	0.0005875040211
323074	0.007961621087
323075	0.006664522674
323076	0.005553692127
323077	0.002515717107
323078	0.002840458105
323079	0.005225902489
323080	0.000335286968
323081	0.001629902862
323082	0.005233017379
323083	0.006746366201
323084	0.0009952320216
323085	0.005052062538
323086	0.005389822433
323087	0.005277790599
323088	0.003289299698
323089	0.002292067663
323090	0.005057772663
323091	0.0005167460589
323092	0.004215422626
323093	0.002706057018
323094	0.003113987355
323095	0.002915547184
323096	0.001957789732
323097	0.002275055513
323098	0.003013235793
323099	0.005063380081
323100	0.003022443624
323101	0.0007586079843
323102	0.000327133644
323103	0.004721952086
323104	0.0008293624564
323105	0.001985634757
323106	0.004877970229
323107	0.001909090702
323108	0.004047331906
323109	0.002608856414
323110	0.002729751013
323111	0.001000160255
323112	0.001752179359
323113	0.006505891786
323114	0.001761962366
323115	0.004609658009
323116	0.002615047795
323117	0.0004914804507
323118	0.003462416468
323119	0.0006440534151
323120	5.530909837e-06
323121	0.002719496882
323122	0.005226799689
323123	0.003771285434
323124	0.0002123916019
323125	0.005170129257
323126	0.003218532925
323127	0.004914596061
323128	0.00307725979
323129	0.005365847383
323130	0.004328492908
323131	0.005470861447
323132	0.005258262368
323133	0.002333652481
323134	0.0003828986715
323135	0.001758868718
323136	0.001678602139
323137	0.005893686581
323138	0.002595968314
323139	0.001977023188
323140	0.002214417312
323141	0.001971864046
323142	0.003073019689
323143	0.002580389394
323144	0.005978041436
323145	0.002097642267
323146	0.001652557059
323147	0.0008798915651
323148	0.003545497589
323149	0.001174674728
323150	0.003205283858
323151	0.003276078878
323152	0.005207041757
323153	0.004447579753
323154	0.002565647869
323155	0.005039986728
323156	0.0008528130511
323157	0.001419234553
323158	0.004686142513
323159	0.002643443523
323160	0.0004886599623
323161	0.002988106279
323162	0.003607782524
323163	0.0003551856205
323164	0.007865903946
323165	0.004187126712
323166	0.0008251371308
323167	0.00746518438
323168	0.006506061475
323169	0.003945929328
323170	0.00178548486
323171	0.002266544618
323172	0.002764454784
323173	0.001938286995
323174	0.005324372118
323175	0.003059371593
323176	0.0007101374799
323177	0.003564802994
323178	0.002184263757
323179	0.002890628833
323180	0.001460992043
323181	0.003015977647
323182	0.00232079726
323183	0.001344508938
323184	0.007781585633
323185	0.002761555725
323186	0.003239640109
323187	0.0005797920824
323188	0.0003686252277
323189	0.001101130146
323190	0.0006255070024
323191	0.002402081767
323192	0.00704266153
323193	0.0006041294432
323194	0.004039466321
323195	0.002769995186
323196	0.0002340963257
323197	0.001761288638
323198	0.004473388554
323199	0.0008633906648
323200	0.0006697580235
323201	0.0001322592515
323202	0.0005287973811
323203	0.003172491355
323204	0.0006886753925
323205	0.001526583543
323206	0.002721789693
323207	0.006713856958
323208	0.008978517243
323209	0.00977070509
323210	0.002976968507
323211	4.640319226e-06
323212	0.006740716926
323213	0.0004032476031
323214	0.002741081082
323215	0.005573939344
323216	0.002682196616
323217	0.0004303965256
323218	0.004976403576
323219	0.0007076893919
323220	0.0009791536773
323221	0.002361417607
323222	0.0008136556132
323223	0.004964076584
323224	0.003009776909
323225	0.001223991613
323226	0.002803583167
323227	0.0005292703822
323228	0.002457413114
323229	0.004398910847
323230	0.002023926058
323231	0.00111391304
323232	0.003241314246
323233	0.00578027961
323234	0.003341751499
323235	0.0003447754062
323236	0.001586063138
323237	0.00113105387
323238	0.004299945622
323239	0.001903119894
323240	0.008040067296
323241	0.002279073577
323242	0.0004818873762
323243	0.001902686197
323244	0.00181113184
323245	0.0048095025
323246	0.004138623132
323247	0.003190215508
323248	0.01119475598
323249	0.001061728506
323250	0.003383471381
323251	0.001505693578
323252	0.0009074376739
323253	0.002527405961
323254	0.004872851061
323255	0.002091709049
323256	0.003486001663
323257	0.005166503888
323258	0.001006671599
323259	0.003917193292
323260	0.002016677374
323261	0.005966760873
323262	0.001564656399
323263	0.0008637092558
323264	0.004812908352
323265	0.001635077038
323266	0.002829945027
323267	0.002605625948
323268	0.004752540555
323269	0.0005895284592
323270	0.0006167724538
323271	0.00161316284
323272	0.003101588153
323273	0.002726956378
323274	0.001257479612
323275	0.008282217702
323276	0.003246591156
323277	0.004485815933
323278	0.002077348023
323279	0.002910334441
323280	0.004358690804
323281	0.003491171039
323282	0.0007975893698
323283	0.001923165004
323284	0.001758755
323285	0.007408600648
323286	0.001286306837
323287	0.005724245917
323288	0.00121443792
323289	0.006494008534
323290	0.005089184028
323291	0.001249689513
323292	0.002689650344
323293	0.001632711634
323294	0.005661941155
323295	0.001432334536
323296	0.001208171797
323297	0.0008098676949
323298	0.002438824293
323299	0.0001374482299
323300	0.000142856807
323301	0.002007569424
323302	0.0002016449272
323303	0.003824845632
323304	0.007751846758
323305	0.001444129633
323306	0.003149691851
323307	0.008915549001
323308	0.007730532499
323309	0.005496482104
323310	0.0008159534153
323311	0.0001622855534
323312	0.006195251439
323313	0.00607920228
323314	0.0005121727207
323315	0.007543639243
323316	0.004031137465
323317	0.002731912106
323318	0.001698948361
323319	0.0001876196727
323320	0.003793451324
323321	0.002107866965
323322	0.001363037447
323323	9.321885566e-05
323324	0.0008743053188
323325	0.0024384028
323326	0.001596586221
323327	0.001318666154
323328	0.001461619093
323329	0.003986238583
323330	0.002028127336
323331	0.003423635818
323332	0.001055068647
323333	0.003292463719
323334	0.00288761621
323335	0.003457747066
323336	0.005355467986
323337	0.0004904320157
323338	0.007132048719
323339	0.0004402982873
323340	0.006152484129
323341	0.0001368347126
323342	0.0003161930102
323343	0.006190950143
323344	0.00599193117
323345	0.002956664907
323346	0.001614182707
323347	0.004543979821
323348	0.001893280081
323349	0.0003124958266
323350	0.005640348342
323351	0.002948685846
323352	0.004008128818
323353	0.00253414973
323354	0.005635001245
323355	0.002676679122
323356	0.002845167613
323357	0.0007882097991
323358	0.008748425393
323359	0.005303610606
323360	0.003932759209
323361	0.0004116111012
323362	0.001650058911
323363	0.00485093322
323364	0.004465444855
323365	0.004545822109
323366	0.003493701142
323367	0.004032772632
323368	0.005759868499
323369	0.00421484255
323370	0.004989311331
323371	0.004160033032
323372	0.0005061359169
323373	0.0005170826433
323374	0.002536465415
323375	0.004349979537
323376	0.004680409972
323377	0.003377495024
323378	0.002433287257
323379	0.0008596448918
323380	0.004831444593
323381	0.000655270837
323382	0.002897925159
323383	0.001996423894
323384	0.002164329945
323385	0.003774232042
323386	0.003240429016
323387	0.006645757058
323388	0.001512857872
323389	0.003920179936
323390	0.002483352167
323391	9.878820485e-05
323392	0.006052973272
323393	0.003825501205
323394	0.002283270511
323395	0.0008512826868
323396	0.0001680802844
323397	0.006167194262
323398	0.002219671572
323399	0.001396478409
323400	0.003054025203
323401	0.001635945127
323402	0.003552249936
323403	0.002652361477
323404	0.001093763119
323405	0.004373039237
323406	0.005635299031
323407	0.004359468205
323408	0.003562061269
323409	0.00342852557
323410	0.0003482975896
323411	0.00415415071
323412	0.001772732178
323413	0.00222665487
323414	0.006095016479
323415	0.00842733735
323416	0.0021732848
323417	0.003301187065
323418	0.004074196921
323419	0.003221492264
323420	0.00303895234
323421	0.007081215068
323422	0.003157289253
323423	0.001749946641
323424	0.001129339933
323425	0.005230832538
323426	4.324684986e-05
323427	2.009925316e-05
323428	0.005019978366
323429	0.003824544317
323430	0.0002089223319
323431	0.0005553725303
323432	0.004186691969
323433	0.006196078191
323434	0.004021040946
323435	0.002243082403
323436	0.002315285617
323437	0.008328198519
323438	0.002618575632
323439	0.003608886461
323440	0.005565016783
323441	0.004139961143
323442	0.0008352326759
323443	0.0005222402581
323444	0.001976119725
323445	0.004207750087
323446	0.008464160794
323447	0.004327364034
323448	0.001819514013
323449	0.002593152323
323450	0.001541759454
323451	0.0007108756491
323452	6.733400747e-05
323453	0.002210240915
323454	0.0007082273714
323455	0.00330425415
323456	0.003043315079
323457	0.001058568225
323458	0.0004902694857
323459	0.00284411837
323460	0.001985587206
323461	0.004288636556
323462	0.0004167520008
323463	0.009328816111
323464	0.004554726578
323465	0.004762644398
323466	0.002487479085
323467	0.002142999979
323468	0.00319446912
323469	0.0008518456465
323470	0.004288144622
323471	0.0006925478882
323472	0.005486970023
323473	0.001897902625
323474	0.000242591931
323475	0.00494455433
323476	0.003460017312
323477	0.002044576676
323478	0.001200877716
323479	0.0009184309472
323480	0.00365253889
323481	0.004279060818
323482	0.002974588761
323483	0.001480295872
323484	0.001099779554
323485	0.0009811756189
323486	0.0004234436525
323487	0.001313228121
323488	0.005891539938
323489	0.001482663043
323490	0.001219891408
323491	0.000137539395
323492	0.002047755847
323493	0.006346896419
323494	0.003956225561
323495	0.0004385573756
323496	0.0002279998565
323497	0.00859059581
323498	0.0012459529
323499	0.003594082669
323500	0.002596560071
323501	0.00455509714
323502	0.0001656577177
323503	0.004115848824
323504	0.00333500945
323505	0.0005969983225
323506	0.00229466004
323507	5.078814455e-05
323508	0.003328098715
323509	0.008342221442
323510	0.004723012113
323511	0.0002798481775
323512	0.005190749748
323513	0.003807431245
323514	0.003921738038
323515	0.001873933907
323516	0.00240111136
323517	0.0009456342031
323518	0.006932460357
323519	0.004803301461
323520	0.002943725485
323521	0.001842914574
323522	0.005511322982
323523	0.003026262275
323524	0.0006422004226
323525	0.005045403742
323526	0.003270971338
323527	0.001556205626
323528	0.004036914574
323529	0.004591132547
323530	0.007665000089
323531	0.005546748857
323532	0.004099146769
323533	0.001955831062
323534	0.00280046812
323535	0.00121967056
323536	0.001486201968
323537	0.00356309019
323538	0.001821132525
323539	0.0003392215314
323540	0.003331774179
323541	0.002883581912
323542	0.0009069026937
323543	0.002079022542
323544	0.0007185563358
323545	0.005362268563
323546	0.003862589345
323547	0.003821386544
323548	0.0005724862609
323549	0.0004287039185
323550	0.002889448127
323551	0.005960544003
323552	0.004373006821
323553	6.493390875e-05
323554	0.006679354927
323555	0.000745758217
323556	0.009115010664
323557	0.004373084155
323558	0.001103990879
323559	0.001626403737
323560	0.0001680424255
323561	0.0008590486431
323562	0.001395908006
323563	0.001315962759
323564	0.0003754489428
323565	0.001132103618
323566	0.0005129156138
323567	0.0004182125601
323568	0.003157181562
323569	0.004970983511
323570	0.001277216028
323571	0.0016793365
323572	0.003503384959
323573	0.0006707725385
323574	0.004690408365
323575	0.001884393004
323576	0.002873280742
323577	0.003902964472
323578	0.003876338851
323579	0.001108048074
323580	0.002012833901
323581	0.00304925863
323582	0.008258929946
323583	0.004642160353
323584	0.003010238458
323585	0.003213322274
323586	0.0007894879059
323587	0.0007107195012
323588	0.008870376421
323589	0.006742212517
323590	0.001083508173
323591	0.007537909681
323592	0.002333524876
323593	7.212137756e-05
323594	0.006812809445
323595	0.0006610483781
323596	0.005113900036
323597	0.0003421236602
323598	0.004335383026
323599	0.0007636913606
323600	0.002526580241
323601	0.001349066654
323602	0.0006519035402
323603	0.004776461428
323604	0.0006855461212
323605	0.0007274589489
323606	0.001935963993
323607	0.003275471184
323608	0.002251165159
323609	0.000104796222
323610	0.003939795343
323611	0.001977281041
323612	0.00366339653
323613	0.001546271006
323614	0.0002180384074
323615	0.004645312285
323616	0.002566993852
323617	0.0007906383387
323618	0.0002662601163
323619	0.007299469396
323620	0.001983043323
323621	0.006181437544
323622	0.001019508395
323623	0.0009129223131
323624	0.003248592758
323625	0.001421821894
323626	0.00326343408
323627	0.002403692616
323628	0.001202276963
323629	0.0004127433559
323630	0.004634919266
323631	0.0003673329312
323632	0.00236775125
323633	0.001296474862
323634	0.003923537604
323635	0.0005093999753
323636	0.007173134307
323637	0.0008170646157
323638	0.001520446899
323639	0.001235359172
323640	0.001409388071
323641	0.003953725372
323642	0.004103901326
323643	0.003403596213
323644	0.007127296072
323645	0.004830949363
323646	0.003602906586
323647	0.002535736888
323648	0.002566578806
323649	0.0007640434895
323650	0.000208981086
323651	0.0084925096
323652	0.0002309778294
323653	0.00202677778
323654	0.004708653496
323655	0.00036192778
323656	0.001686048502
323657	0.005827531864
323658	0.003871315506
323659	0.002928200917
323660	0.0004280376002
323661	0.003533554069
323662	0.000304080162
323663	0.0001020595298
323664	0.006543312518
323665	0.001555195048
323666	0.001271682915
323667	0.002909243988
323668	0.003280864292
323669	0.001086783139
323670	0.001442822257
323671	0.003139015275
323672	0.01166561003
323673	0.0003516981667
323674	0.003839569514
323675	0.0005959375247
323676	0.002606477843
323677	0.0006193919011
323678	6.742356003e-05
323679	0.004746447116
323680	0.006192335534
323681	0.0002995137283
323682	0.008384299728
323683	0.004001553797
323684	0.002775423453
323685	0.003032808642
323686	0.003325083599
323687	0.005286909213
323688	0.001440061669
323689	0.007740509972
323690	0.003795170552
323691	0.001162820376
323692	0.0008361119199
323693	0.003087864392
323694	0.00808179525
323695	0.0009055845987
323696	0.001267712071
323697	0.0001923023301
323698	0.004680383658
323699	0.003755346994
323700	8.5797904e-05
323701	0.000131626491
323702	0.001005395899
323703	0.001764384703
323704	0.001924123394
323705	0.005382192361
323706	0.003493666671
323707	0.0001160039534
323708	0.0005159038605
323709	0.005415333451
323710	0.01107395714
323711	0.007830225744
323712	0.001686374764
323713	0.0006504657626
323714	0.002430793813
323715	0.004897779851
323716	0.002562473591
323717	0.002179377122
323718	0.001856100408
323719	0.003298550658
323720	0.0001616915605
323721	0.0002029524084
323722	0.002262635
323723	0.003394589153
323724	0.004575385415
323725	0.008332042391
323726	0.005232649931
323727	0.006642287582
323728	0.002658832943
323729	0.003393143602
323730	0.002198657788
323731	0.0008684192789
323732	0.01026000468
323733	0.0008195748401
323734	0.001068665326
323735	9.127858187e-05
323736	0.006810308821
323737	6.435684692e-06
323738	0.001191392759
323739	0.0002136125272
323740	0.0003800825208
323741	0.003925031225
323742	0.001748783779
323743	0.004118103576
323744	0.001900050673
323745	0.009185215518
323746	0.001840312588
323747	0.005491319981
323748	0.002322373231
323749	0.001816578943
323750	0.001339812118
323751	0.001365774607
323752	0.004936114806
323753	0.00621111886
323754	0.00134430567
323755	0.0003584112147
323756	9.749136755e-05
323757	0.00525759541
323758	0.003178370794
323759	0.003539673708
323760	0.0007665939843
323761	0.003155000171
323762	0.0006238658185
323763	0.00189232716
323764	0.007369511559
323765	0.0001224591105
323766	0.0004709608242
323767	0.0004383931677
323768	0.003731266171
323769	0.01492384827
323770	0.0001106116746
323771	0.001839645889
323772	0.001668297939
323773	0.0008068783223
323774	0.003139670834
323775	0.002775440772
323776	0.006941062756
323777	0.002454636546
323778	9.232952284e-05
323779	0.0008585385502
323780	0.01088305779
323781	0.001900866074
323782	0.008623786575
323783	0.006868402499
323784	0.006052415065
323785	0.005925645516
323786	0.005835450921
323787	0.000132836625
323788	0.002307588479
323789	0.007169409744
323790	0.005642786267
323791	0.001616840234
323792	0.001107197293
323793	0.001868537802
323794	0.001474613698
323795	0.003830435711
323796	0.005922266857
323797	0.0003091097371
323798	0.00140649888
323799	0.009623382256
323800	0.0003137090807
323801	0.0007745738422
323802	0.0005936000183
323803	2.37867324e-05
323804	0.0001803450877
323805	9.078265786e-07
323806	2.448622129e-06
323807	0.009408909698
323808	0.003780843076
323809	0.004252803411
323810	0.00280514639
323811	0.001211653656
323812	6.94361904e-06
323813	2.040904605e-05
323814	2.735074759e-06
323815	3.395638276e-05
323816	1.620986761e-05
323817	3.540171695e-06
323818	9.707049792e-06
323819	3.225779305e-05
323820	2.846589416e-05
323821	1.39825085e-06
323822	4.053859928e-06
323823	4.836135802e-06
323824	2.250478814e-05
323825	6.785293247e-06
323826	1.486585958e-06
323827	3.530350588e-05
323828	2.012958772e-05
323829	2.999366767e-05
323830	1.943593055e-05
323831	1.295530328e-05
323832	6.279019856e-06
323833	4.09478247e-06
323834	5.417513163e-07
323835	2.177361702e-05
323836	1.192497044e-05
323837	4.156814345e-06
323838	3.494327518e-06
323839	8.967116252e-06
323840	2.397467174e-05
323841	2.21666261e-05
323842	2.041301431e-05
323843	1.228997312e-05
323844	4.383546465e-05
323845	1.019832239e-05
323846	1.652956083e-05
323847	4.638248032e-06
323848	1.544686999e-05
323849	3.607451296e-06
323850	3.157157246e-05
323851	9.722096071e-06
323852	1.835917027e-05
323853	7.843764112e-06
323854	3.730078187e-06
323855	2.584236458e-05
323856	2.312126605e-05
323857	4.435798705e-07
323858	1.719405721e-05
323859	9.325477929e-06
323860	1.621079926e-05
323861	2.151097107e-05
323862	8.258425585e-07
323863	2.244448279e-05
323864	6.845119398e-06
323865	2.886968005e-05
323866	2.460776495e-05
323867	3.171848137e-05
323868	2.73445796e-06
323869	3.957865798e-05
323870	3.49169472e-06
323871	4.509599323e-06
323872	3.107704944e-05
323873	1.717022606e-05
323874	1.796009766e-06
323875	3.470639606e-06
323876	2.214310837e-05
323877	4.462452307e-06
323878	1.98148486e-05
323879	2.601961895e-05
323880	2.746045916e-05
323881	1.743098128e-05
323882	2.119454237e-06
323883	4.35525585e-06
323884	3.386432051e-05
323885	2.646651897e-05
323886	1.208551024e-05
323887	3.662674421e-05
323888	1.065098953e-05
323889	3.385731599e-06
323890	1.527913219e-05
323891	3.356498366e-05
323892	8.781915847e-06
323893	3.113240489e-05
323894	8.661139438e-06
323895	1.55696719e-05
323896	2.419364713e-05
323897	2.622831689e-05
323898	0.0001088943373
323899	8.915054624e-06
323900	4.928955644e-05
323901	1.75830365e-05
323902	0.0001337173188
323903	2.878034217e-06
323904	0.0001064167549
323905	5.366862005e-05
323906	0.0001101202346
323907	4.663703828e-05
323908	5.458248333e-05
323909	1.804022659e-08
323910	5.207330218e-05
323911	7.202626173e-08
323912	4.660759628e-05
323913	0.0001112217046
323914	0.0001162996144
323915	9.520701357e-06
323916	8.921134247e-06
323917	3.902006928e-05
323918	9.913578509e-07
323919	0.000107059595
323920	4.054182247e-05
323921	5.353894346e-05
323922	4.43140545e-05
323923	0.003554655623
323924	2.81032863e-06
323925	0.004092297472
323926	0.003103731493
323927	0.00245258197
323928	0.005700055875
323929	0.002302411607
323930	0.01145982689
323931	0.003635832983
323932	0.002219618048
323933	0.002754134343
323934	0.00430832987
323935	0.005920526122
323936	0.0008767064918
323937	0.005754494405
323938	0.01176341695
323939	0.001847363624
323940	0.01304940198
323941	0.003153555615
323942	0.0003619787999
323943	0.004559435511
323944	0.002567922585
323945	0.004118083043
323946	0.005823883837
323947	0.001102507879
323948	0.001141626834
323949	0.002050106324
323950	0.01141607914
323951	0.001380119243
323952	0.004499636076
323953	0.001194141289
323954	0.0006045590441
323955	0.002571482398
323956	0.0002200899526
323957	0.006095893367
323958	0.005040240839
323959	0.000569305739
323960	0.0008575673305
323961	0.0007306996134
323962	0.005503808236
323963	0.006734988316
323964	0.002008007237
323965	0.00149537972
323966	0.001602451053
323967	0.0001415020107
323968	0.001252115162
323969	0.0003474924097
323970	0.000456936535
323971	0.003033826925
323972	0.0006172111727
323973	0.001383376082
323974	0.001252789584
323975	0.0007792431643
323976	0.0009670882266
323977	0.001680407665
323978	5.665419828e-05
323979	0.0004437144387
323980	0.000420401961
323981	0.002601754104
323982	0.002121273124
323983	0.003875311886
323984	0.001373384805
323985	0.002851364991
323986	0.002625607464
323987	0.002700007791
323988	0.001460012855
323989	0.001838716507
323990	0.003024785754
323991	0.0009748303793
323992	0.002957693025
323993	0.001234679651
323994	0.003257159894
323995	0.002259174213
323996	0.002049752447
323997	0.001633309195
323998	0.004084356457
323999	8.167521002e-05
324000	0.003029933815
324001	0.001173392725
324002	0.003542219349
324003	0.005142573468
324004	0.002610255323
324005	0.0003994198845
324006	9.146542317e-05
324007	0.01149269944
324008	0.0005362054843
324009	0.008839459945
324010	0.001507547097
324011	0.000335565358
324012	0.0003371080921
324013	0.005117001755
324014	0.005424934622
324015	0.005380255912
324016	0.00527975256
324017	0.005313843317
324018	0.006412726868
324019	0.003459928086
324020	0.004952839253
324021	2.205845442e-06
324022	0.007571722431
324023	0.001026044057
324024	0.003320301826
324025	0.005739580651
324026	0.002557811148
324027	0.003928502823
324028	0.009908719978
324029	0.0002374004199
324030	4.205767291e-05
324031	0.001656474213
324032	0.007561396593
324033	0.004150028649
324034	1.216127822e-06
324035	7.573462795e-07
324036	0.009837028333
324037	0.002658533499
324038	0.003360005125
324039	0.0003019306597
324040	1.359408514e-05
324041	8.919956523e-06
324042	2.893074982e-05
324043	1.106599592e-05
324044	2.244022962e-05
324045	1.152263358e-05
324046	2.048159143e-05
324047	2.567504974e-05
324048	2.849917249e-05
324049	1.866888334e-05
324050	2.735761014e-05
324051	2.20600419e-06
324052	1.142423763e-05
324053	1.862097613e-05
324054	1.58125899e-05
324055	7.578808997e-06
324056	1.782081593e-05
324057	2.773344611e-05
324058	2.49691427e-06
324059	1.194866138e-05
324060	6.083793362e-06
324061	4.819929606e-07
324062	9.442170114e-06
324063	2.825438989e-06
324064	2.757715899e-05
324065	1.328581655e-05
324066	2.423944389e-05
324067	3.353343551e-05
324068	2.492519484e-05
324069	1.639527084e-05
324070	9.505590481e-06
324071	2.252420191e-06
324072	3.402033496e-05
324073	3.321283467e-06
324074	2.299699072e-06
324075	1.110109461e-06
324076	3.879060578e-06
324077	2.938643478e-05
324078	3.676156352e-05
324079	3.362246397e-05
324080	3.237447657e-05
324081	2.816794837e-05
324082	2.701092997e-06
324083	1.457670256e-05
324084	8.055192523e-06
324085	8.457462667e-07
324086	2.278296685e-05
324087	1.574052206e-05
324088	1.407764471e-05
324089	1.905492902e-05
324090	1.29635442e-05
324091	3.228017858e-05
324092	5.557206936e-06
324093	3.664504214e-05
324094	3.479487593e-05
324095	2.120663496e-05
324096	5.113973643e-06
324097	7.13016344e-07
324098	1.148871062e-05
324099	2.617316537e-05
324100	2.303722355e-05
324101	4.078402018e-06
324102	1.179946545e-06
324103	1.846302673e-06
324104	4.546935831e-06
324105	2.19627279e-05
324106	2.007293864e-05
324107	2.736407909e-06
324108	2.071217397e-05
324109	6.120870015e-06
324110	1.609214923e-05
324111	2.664650593e-06
324112	1.390769765e-05
324113	3.853475339e-07
324114	4.167735742e-05
324115	2.288367557e-05
324116	3.312876877e-05
324117	3.144935097e-06
324118	8.025958773e-06
324119	2.336046994e-05
324120	3.360363476e-06
324121	2.176497258e-05
324122	3.725716132e-05
324123	1.856220858e-05
324124	3.936634228e-05
324125	1.642518512e-05
324126	6.441289419e-06
324127	1.957556684e-06
324128	2.475586575e-05
324129	1.20064314e-05
324130	7.855173862e-06
324131	1.72356646e-05
324132	4.020740466e-06
324133	1.407144522e-05
324134	1.249540786e-05
324135	2.670990333e-05
324136	1.899490863e-05
324137	3.677083757e-05
324138	2.366440785e-06
324139	1.16110326e-05
324140	9.831338877e-07
324141	1.179459645e-05
324142	5.038038236e-06
324143	1.892090317e-05
324144	2.587131967e-06
324145	3.204231266e-05
324146	1.864133e-05
324147	2.5045426e-05
324148	3.682581743e-06
324149	2.702524734e-05
324150	2.059703545e-05
324151	0.003015763678
324152	0.004931366968
324153	0.002144214975
324154	0.0129694575
324155	0.0004549109746
324156	0.0003341176815
324157	0.003935651111
324158	0.002903925532
324159	0.003847259503
324160	0.0009307773805
324161	0.002480456738
324162	0.008088465145
324163	0.00168891204
324164	0.007171165208
324165	0.01395411785
324166	0.0009532699746
324167	0.0005030206074
324168	5.129543663e-05
324169	0.002868908141
324170	0.01232081379
324171	0.01637302275
324172	0.007569270846
324173	0.00491221658
324174	0.007247405204
324175	0.004935894835
324176	0.00135011277
324177	0.001872253768
324178	0.001042900336
324179	5.601379297e-05
324180	0.0001128496429
324181	0.005594554338
324182	0.002647415593
324183	0.003354424596
324184	0.001441842005
324185	0.0007327928273
324186	0.000902286603
324187	0.0006144610049
324188	0.001182704461
324189	0.000958480549
324190	0.001647793247
324191	0.0005546664988
324192	0.0008689018511
324193	0.002368087385
324194	0.001762258147
324195	0.001072565711
324196	0.00424709877
324197	0.001618013701
324198	0.001902073207
324199	0.005821249893
324200	0.004701182462
324201	0.002199921505
324202	0.0072894683
324203	0.001867597597
324204	0.02026136494
324205	0.01221962623
324206	0.005722539717
324207	0.01606527466
324208	0.0009117035714
324209	0.00103528333
324210	0.003020660015
324211	0.001859931343
324212	0.001249465095
324213	0.0003683769042
324214	0.002516697929
324215	0.006250390671
324216	0.003742826715
324217	0.0004206517342
324218	0.004193202695
324219	0.003421530478
324220	0.00460467991
324221	0.003881098598
324222	0.002833852618
324223	0.0004654983274
324224	0.0004620622547
324225	0.002872346632
324226	0.0005066918901
324227	0.005531280649
324228	0.002780245017
324229	0.0008253666106
324230	0.0003290305119
324231	0.005306766583
324232	0.002229529405
324233	0.002364798503
324234	0.005750975614
324235	0.0004943156275
324236	0.0002907919511
324237	0.005731164594
324238	0.0005537994485
324239	0.0007406435416
324240	0.001333122923
324241	0.002529981186
324242	0.0005107661505
324243	0.003297909165
324244	0.007682149875
324245	0.005279289881
324246	0.00416661782
324247	2.516513874e-06
324248	0.0006388924729
324249	0.001907654488
324250	0.002079639549
324251	0.001361035326
324252	0.001866157304
324253	0.003066081609
324254	0.009655350293
324255	0.001509757933
324256	0.006683537764
324257	0.004759532024
324258	1.338083056e-06
324259	6.736558461e-07
324260	0.001330133562
324261	6.101700804e-06
324262	1.195356537e-06
324263	1.597481687e-05
324264	4.988233372e-06
324265	8.378851309e-08
324266	3.226031425e-05
324267	6.78379093e-06
324268	1.856702064e-05
324269	2.024096033e-05
324270	8.827920983e-06
324271	1.421373963e-05
324272	2.723370656e-05
324273	1.93364684e-05
324274	8.78870863e-07
324275	7.468662511e-06
324276	2.311188011e-06
324277	1.867943815e-05
324278	1.985106543e-05
324279	5.494625977e-07
324280	9.422551852e-06
324281	2.219275713e-05
324282	9.427646807e-06
324283	2.158478209e-05
324284	2.646865684e-05
324285	7.661014879e-06
324286	4.169099576e-05
324287	2.342526288e-05
324288	7.639298308e-06
324289	5.481965292e-06
324290	2.407322175e-05
324291	9.105143959e-07
324292	1.207103892e-06
324293	1.276883327e-05
324294	3.295668258e-06
324295	1.519940769e-06
324296	7.870166895e-06
324297	3.286188793e-06
324298	1.388525315e-05
324299	4.929879757e-07
324300	8.122904556e-06
324301	2.977144359e-06
324302	2.239551592e-05
324303	2.385753567e-05
324304	1.997006755e-05
324305	1.486703211e-06
324306	2.392965386e-05
324307	3.967201835e-06
324308	3.631362043e-06
324309	5.756508203e-06
324310	2.17863946e-05
324311	8.325964577e-06
324312	1.654978612e-05
324313	1.063294629e-05
324314	2.461973704e-05
324315	2.117463702e-05
324316	5.525064361e-06
324317	6.493097542e-06
324318	2.144559449e-05
324319	2.273354004e-06
324320	1.779182401e-05
324321	1.694403397e-05
324322	8.018173872e-06
324323	1.085302842e-05
324324	2.235405214e-06
324325	2.504940368e-05
324326	2.735193661e-05
324327	8.397499353e-06
324328	5.313702298e-06
324329	1.980819055e-05
324330	5.381793669e-06
324331	1.761674644e-05
324332	8.421339278e-06
324333	8.609641845e-06
324334	8.132833562e-06
324335	2.245489371e-05
324336	1.015392178e-05
324337	4.023998619e-05
324338	9.354137523e-06
324339	7.754342373e-06
324340	6.081908104e-06
324341	1.861443321e-05
324342	3.585969441e-07
324343	4.198167183e-06
324344	2.930176293e-05
324345	5.067798347e-06
324346	2.838555842e-05
324347	4.95766426e-06
324348	3.700687064e-06
324349	1.094716333e-05
324350	8.656052445e-06
324351	1.854698807e-06
324352	2.810201891e-06
324353	8.368291195e-06
324354	6.595386107e-06
324355	1.051220863e-06
324356	3.581029659e-06
324357	9.946282337e-06
324358	5.272769602e-06
324359	1.139371187e-05
324360	5.040962913e-06
324361	2.628777383e-06
324362	1.318449071e-06
324363	9.417756694e-07
324364	4.525141344e-06
324365	7.463668993e-07
324366	8.275331891e-07
324367	3.262458386e-06
324368	9.958458859e-06
324369	4.899790636e-06
324370	2.87716281e-06
324371	3.997196396e-07
324372	0.002858910273
324373	0.009026507454
324374	0.000623487737
324375	0.001268905042
324376	0.004016464409
324377	0.001894235629
324378	0.00484645999
324379	0.009489531614
324380	0.00732391537
324381	0.002403956319
324382	0.002770591999
324383	0.004041142619
324384	0.003010730919
324385	0.003846539331
324386	0.01216078578
324387	0.005439811486
324388	0.004345058984
324389	0.0007294370291
324390	0.000657535712
324391	0.0003569654819
324392	0.001706189633
324393	0.0007679673801
324394	0.003708834483
324395	0.00130092665
324396	0.001852101284
324397	0.002611460101
324398	0.0006551315939
324399	0.008240341211
324400	0.002131385673
324401	3.161476569e-05
324402	0.003511697979
324403	0.002065342073
324404	0.000600986709
324405	0.0006180433326
324406	0.001016857512
324407	0.001307071879
324408	0.0005809338952
324409	0.0001007619507
324410	0.0007113375464
324411	0.001233918689
324412	0.001266142964
324413	0.003794026899
324414	0.003283302809
324415	0.0002989039032
324416	0.004267361258
324417	0.001006984704
324418	0.001552726799
324419	0.0002688594507
324420	0.0005964028959
324421	0.007167216613
324422	0.01550194611
324423	0.003463949621
324424	0.0006000456469
324425	0.007588496538
324426	0.002996967906
324427	0.004390825511
324428	0.0112039695
324429	0.008336016121
324430	0.008760187384
324431	0.002095230958
324432	0.007580967678
324433	0.0008786886667
324434	0.0004884340911
324435	0.007533285612
324436	0.006427689979
324437	0.001894424321
324438	0.01199573567
324439	0.005590956198
324440	0.004394010698
324441	0.005344292231
324442	0.001291327176
324443	0.002256244597
324444	0.003076133408
324445	0.003137263799
324446	0.0003170805979
324447	0.003451615058
324448	0.003743491707
324449	0.003708004194
324450	0.01048998947
324451	0.006019731187
324452	1.306922799e-06
324453	0.0001499631213
324454	0.002216196387
324455	0.004798322183
324456	0.003956987345
324457	0.0008424173675
324458	0.01679867622
324459	0.01282990484
324460	0.001046906971
324461	0.008761165392
324462	0.005908935145
324463	7.815037136e-07
324464	1.029781202e-06
324465	6.832884148e-07
324466	2.020918825e-05
324467	7.017103662e-06
324468	7.042299313e-06
324469	2.699397373e-05
324470	1.792929086e-06
324471	8.104650398e-06
324472	1.297852864e-05
324473	6.701404596e-06
324474	7.406836621e-06
324475	3.587678875e-06
324476	5.449064234e-06
324477	3.21250701e-06
324478	4.307876539e-06
324479	1.294441955e-05
324480	2.421590352e-07
324481	6.163376895e-06
324482	1.702565948e-06
324483	7.209441861e-06
324484	1.819405793e-05
324485	5.189816945e-06
324486	5.525083046e-06
324487	1.782311446e-05
324488	5.164935605e-06
324489	8.636520595e-06
324490	1.770183964e-05
324491	7.678948499e-06
324492	5.818657054e-06
324493	1.084729828e-05
324494	8.927373898e-06
324495	1.830345585e-05
324496	1.521947203e-05
324497	1.591558845e-06
324498	2.680129624e-06
324499	2.304482562e-05
324500	1.013741022e-06
324501	1.198192531e-06
324502	2.140526921e-05
324503	7.885513537e-06
324504	1.44466049e-05
324505	1.238544366e-05
324506	2.156375174e-05
324507	2.30495355e-06
324508	1.022300282e-05
324509	9.590512328e-06
324510	5.603112112e-06
324511	1.963562379e-05
324512	2.371895144e-05
324513	1.07468317e-05
324514	2.903130064e-05
324515	1.908189026e-05
324516	1.587564802e-05
324517	1.025796123e-05
324518	3.912710625e-06
324519	1.758396496e-05
324520	3.242294231e-05
324521	7.42135273e-06
324522	1.006212499e-05
324523	2.739141902e-06
324524	2.285890467e-05
324525	1.189010893e-05
324526	3.011828527e-05
324527	2.673445075e-05
324528	1.111158873e-05
324529	4.734880585e-06
324530	2.236632472e-05
324531	1.318164722e-05
324532	1.144741763e-05
324533	1.005386226e-05
324534	2.258976874e-05
324535	2.857995425e-05
324536	1.715019677e-05
324537	1.966833896e-05
324538	1.239929741e-05
324539	9.479012075e-06
324540	2.559324884e-05
324541	1.001398911e-05
324542	1.057688838e-05
324543	1.332702337e-05
324544	2.945873942e-05
324545	3.085730888e-06
324546	1.566188863e-05
324547	1.792853104e-06
324548	2.482788654e-05
324549	2.117530441e-05
324550	1.106268685e-06
324551	3.540730777e-07
324552	1.434426499e-06
324553	1.959731359e-05
324554	4.896301338e-06
324555	1.265806663e-05
324556	1.741646174e-05
324557	3.212298516e-06
324558	3.335461929e-06
324559	4.356694662e-07
324560	1.907752882e-05
324561	1.097733287e-05
324562	3.941005738e-06
324563	6.288608917e-06
324564	2.376132504e-05
324565	3.642736601e-06
324566	8.023541851e-06
324567	2.078835721e-05
324568	1.791207233e-05
324569	7.827198395e-06
324570	6.075043772e-06
324571	1.927867849e-05
324572	5.646173671e-06
324573	8.964107207e-06
324574	2.117788172e-05
324575	1.00905781e-05
324576	0.002801711916
324577	0.00618266042
324578	2.865376429e-08
324579	0.009446312746
324580	0.007413717266
324581	0.002906808913
324582	0.0002353541391
324583	0.0125460283
324584	0.001196868011
324585	0.005077406122
324586	0.003169644305
324587	0.001478059289
324588	0.004533963408
324589	0.002689879975
324590	0.0002981779412
324591	0.003751578761
324592	0.003967915996
324593	0.0007606034173
324594	0.001986229186
324595	0.008816905142
324596	0.0008237654662
324597	0.002075641781
324598	0.005498313342
324599	0.003310256615
324600	0.0005214937083
324601	0.002160559735
324602	0.001250636641
324603	0.001057118358
324604	0.001471660317
324605	0.0030875275
324606	0.009407271586
324607	0.001081107938
324608	0.0006564146212
324609	0.001103480859
324610	0.01372907176
324611	0.0002060787316
324612	0.002360774762
324613	0.0001642675908
324614	0.006873820119
324615	0.0004188287407
324616	0.00191251025
324617	0.0005984719043
324618	0.003394276095
324619	0.0002804688887
324620	0.001788962441
324621	0.0001283252254
324622	0.002028567739
324623	0.002073004418
324624	0.002478366013
324625	0.002674357469
324626	0.003243654718
324627	0.001639372924
324628	0.002189189267
324629	0.0004083802514
324630	0.000704400849
324631	0.003470456899
324632	0.002532408563
324633	0.002065570415
324634	0.001124200745
324635	0.001402079676
324636	0.006070865859
324637	0.008968867815
324638	0.001423247675
324639	0.000959970308
324640	0.001809751658
324641	0.00023128723
324642	0.0005436235157
324643	0.007665729895
324644	0.0009417428059
324645	0.001144719706
324646	0.001115663036
324647	0.000293519739
324648	0.000168284319
324649	0.0007197840976
324650	0.0007771693087
324651	0.0004158291001
324652	0.005240287003
324653	0.001503008537
324654	0.0007685414419
324655	0.001452494066
324656	0.002943585225
324657	0.001732815163
324658	0.005833835132
324659	0.0002072422443
324660	0.001496642961
324661	0.0004756044882
324662	0.0005528125557
324663	0.002174505155
324664	0.003052107591
324665	0.0004661452992
324666	0.002851091475
324667	0.0001901415825
324668	0.001276137812
324669	0.008937547745
324670	0.002780683526
324671	0.003105565947
324672	0.0001120851956
324673	0.0002467390797
324674	0.0002093121955
324675	0.0007170273128
324676	0.0008698759702
324677	0.001174136247
324678	0.01038805101
324679	0.001450838405
324680	0.00707028724
324681	0.0009218908201
324682	0.00349370633
324683	0.002301810923
324684	0.0008177389825
324685	0.00371330173
324686	0.000188106909
324687	0.009853779046
324688	0.01086828116
324689	0.001186896904
324690	0.006473177585
324691	0.0008835553603
324692	0.001949348765
324693	0.000329696782
324694	0.001101607531
324695	0.001839033717
324696	0.0003985710715
324697	0.006600825242
324698	0.00793742835
324699	0.001121808223
324700	0.0006185634474
324701	0.005281263169
324702	0.007766105334
324703	0.006638814431
324704	0.003100195645
324705	0.01069419658
324706	0.01189427918
324707	0.001426875529
324708	7.149660576e-06
324709	0.0007177583908
324710	0.00169409607
324711	0.001850305872
324712	0.001052618924
324713	4.032975249e-05
324714	0.0003323057091
324715	0.0002992027286
324716	0.0003873454128
324717	0.0008377083549
324718	0.0005423058492
324719	0.0001602844346
324720	0.001067376515
324721	0.002085077357
324722	0.001000743317
324723	0.001588279345
324724	0.0002715276582
324725	0.00265048642
324726	9.226379239e-05
324727	0.0007542972542
324728	5.717838063e-05
324729	0.00117024815
324730	0.00110315566
324731	0.0008821632434
324732	0.001104377378
324733	0.001089335622
324734	0.0002668071691
324735	0.003856695817
324736	0.0004035932594
324737	0.0008042528817
324738	0.0005969102461
324739	7.603080908e-05
324740	0.0004818430163
324741	0.006874202596
324742	0.000568955068
324743	6.633205094e-05
324744	0.002437824716
324745	0.0003365889787
324746	0.00251075992
324747	0.0007561030914
324748	0.001620702914
324749	0.0007577750086
324750	0.002093343148
324751	0.002514202399
324752	0.004827762227
324753	0.0009366258838
324754	0.001401604109
324755	0.0005838135805
324756	0.002402762581
324757	0.0005799655104
324758	0.001450032317
324759	0.001272711594
324760	0.00121715678
324761	0.00104212023
324762	0.001050868268
324763	0.002322613347
324764	0.003278871789
324765	0.00107136557
324766	0.0004676823714
324767	0.0001385811326
324768	0.0006578010228
324769	0.0001166991057
324770	0.002238827545
324771	0.0008042861042
324772	0.001128607304
324773	0.002269053529
324774	0.00318336639
324775	0.001013710891
324776	0.0003163629888
324777	0.0005522520692
324778	0.00293886542
324779	0.003391208965
324780	0.002085610009
324781	0.0001026927863
324782	0.001306195467
324783	0.002168967292
324784	0.003542429296
324785	0.005800968077
324786	0.002805150846
324787	0.003290806201
324788	0.002769687936
324789	0.0002082714047
324790	0.00068513136
324791	0.00548186508
324792	0.004357545155
324793	0.007179688931
324794	0.006362559211
324795	0.0004585984798
324796	0.002247625877
324797	0.001153922416
324798	0.0068307037
324799	0.003610113654
324800	2.682197007e-07
324801	9.641991678e-07
324802	0.0001405540955
324803	0.006440721918
324804	0.005381169419
324805	0.004089418093
324806	1.803600524e-05
324807	2.201476564e-08
324808	1.268536195e-06
324809	9.480541469e-06
324810	3.652322663e-06
324811	1.426107395e-05
324812	1.228770594e-05
324813	1.054167442e-05
324814	1.959772466e-05
324815	1.053113806e-05
324816	1.179500573e-05
324817	1.665134093e-06
324818	2.981790537e-05
324819	1.627285571e-05
324820	1.611458831e-05
324821	2.800624584e-06
324822	9.300088202e-06
324823	1.033906673e-05
324824	2.660872492e-05
324825	1.261231288e-05
324826	3.681871474e-06
324827	1.754398781e-05
324828	1.286497612e-06
324829	2.681041682e-05
324830	8.773658613e-06
324831	1.206754425e-05
324832	1.60530608e-05
324833	1.774723768e-06
324834	7.572069404e-06
324835	7.713273066e-06
324836	2.803591526e-06
324837	3.874722063e-06
324838	9.1670876e-06
324839	1.076527e-06
324840	1.170357259e-05
324841	5.317424995e-06
324842	3.891746362e-06
324843	5.753760762e-07
324844	1.433594336e-05
324845	3.543327361e-05
324846	1.111710758e-05
324847	1.1242781e-05
324848	1.220850288e-05
324849	1.084007657e-06
324850	1.059980512e-05
324851	4.340837667e-06
324852	8.554900509e-06
324853	8.121781715e-06
324854	1.979806805e-05
324855	1.976029091e-05
324856	6.389376662e-06
324857	1.499087162e-06
324858	4.34288562e-06
324859	3.384126418e-06
324860	2.144954555e-05
324861	7.775366976e-06
324862	9.49404966e-06
324863	8.747807743e-06
324864	1.820811737e-05
324865	3.663881571e-05
324866	4.381214034e-06
324867	8.148926812e-06
324868	8.981055531e-06
324869	5.548730724e-06
324870	6.601115424e-06
324871	2.290659918e-06
324872	8.46074245e-06
324873	1.701738751e-05
324874	2.184864273e-05
324875	3.575144978e-06
324876	2.773147245e-05
324877	9.531865713e-06
324878	9.587677019e-06
324879	8.535151511e-06
324880	7.965870717e-06
324881	1.14942679e-05
324882	2.468083298e-05
324883	1.622787962e-06
324884	1.191950926e-05
324885	1.871222893e-05
324886	2.190708996e-05
324887	3.849233614e-05
324888	8.608512057e-06
324889	6.687765364e-06
324890	3.292674893e-06
324891	8.252621785e-06
324892	2.005962367e-05
324893	3.513600996e-05
324894	1.344160648e-05
324895	2.90115006e-07
324896	3.238447508e-07
324897	1.29078954e-05
324898	9.628327028e-06
324899	5.848666505e-06
324900	5.65316644e-06
324901	3.881800433e-06
324902	1.246286155e-06
324903	2.581883134e-08
324904	8.659655681e-06
324905	1.743738268e-05
324906	4.217126335e-06
324907	2.075201028e-05
324908	2.826129364e-06
324909	1.27753046e-06
324910	8.250833252e-06
324911	6.316039602e-06
324912	5.071126215e-06
324913	4.227221935e-06
324914	1.561090824e-05
324915	4.140621753e-06
324916	1.351759287e-05
324917	4.599776133e-06
324918	8.867988002e-06
324919	5.432380694e-06
324920	0.004747660517
324921	9.243120325e-05
324922	0.004004034862
324923	0.006269219836
324924	0.003312333336
324925	0.0003475050713
324926	0.001109540447
324927	0.001256514043
324928	0.0008890289564
324929	0.002436840062
324930	0.001691770281
324931	0.001056746519
324932	0.002120481651
324933	0.0002312629485
324934	0.0008813200203
324935	0.0009958866877
324936	0.0007076606112
324937	0.003132087328
324938	0.001083026314
324939	0.0002555248366
324940	0.001061690157
324941	0.00219474054
324942	0.001073161614
324943	0.005029252198
324944	0.009261285962
324945	0.01116550074
324946	0.001250785634
324947	3.715966282e-07
324948	6.410211148e-05
324949	0.004798506482
324950	0.007729738183
324951	1.670658025e-06
324952	6.216514438e-07
324953	1.409813538e-05
324954	3.711647479e-06
324955	1.103017702e-05
324956	4.753008557e-06
324957	1.664809999e-05
324958	1.326736368e-05
324959	4.006478221e-06
324960	1.897427556e-05
324961	1.696856884e-05
324962	5.778988386e-06
324963	5.684651586e-06
324964	1.326365964e-06
324965	1.78523331e-05
324966	9.431501761e-06
324967	2.528477909e-05
324968	1.695956883e-05
324969	4.673935107e-06
324970	9.248912849e-06
324971	4.941647225e-06
324972	1.005802292e-07
324973	4.529472355e-06
324974	9.034224387e-07
324975	1.418941869e-05
324976	1.277263446e-05
324977	2.171172139e-05
324978	2.989809226e-05
324979	1.133949757e-05
324980	7.774758549e-06
324981	1.814541593e-06
324982	8.859851598e-06
324983	2.703745185e-05
324984	5.55090271e-06
324985	3.666442266e-06
324986	2.641673006e-07
324987	4.844943657e-06
324988	2.848944447e-05
324989	2.067285937e-05
324990	1.360405708e-05
324991	4.643284253e-06
324992	2.444560031e-05
324993	3.008145764e-05
324994	1.695667238e-05
324995	5.056114857e-07
324996	6.271748652e-06
324997	1.567067123e-05
324998	9.468016573e-06
324999	1.945979633e-06
325000	2.663787922e-05
325001	3.456995851e-05
325002	2.706617483e-05
325003	1.490184192e-05
325004	3.532057582e-05
325005	3.802866491e-06
325006	2.938506463e-05
325007	6.240515906e-06
325008	1.471156412e-05
325009	2.8348512e-05
325010	2.891856731e-05
325011	2.823232795e-05
325012	9.949909137e-06
325013	1.857562668e-06
325014	1.555407496e-05
325015	2.380842817e-05
325016	3.946947086e-06
325017	2.512892856e-05
325018	2.877399699e-05
325019	1.261391405e-05
325020	1.978437013e-05
325021	1.689489553e-05
325022	2.10173614e-05
325023	3.373620046e-05
325024	2.645883881e-05
325025	5.136756491e-06
325026	1.366968111e-05
325027	1.034317881e-05
325028	2.967944588e-05
325029	9.289746968e-06
325030	2.574406782e-05
325031	6.245609991e-06
325032	2.246561049e-05
325033	3.091377337e-05
325034	5.481448021e-06
325035	4.289904761e-07
325036	2.72093642e-05
325037	2.665960736e-05
325038	2.490974035e-05
325039	6.830111186e-06
325040	1.259581085e-06
325041	4.565092953e-06
325042	2.607581391e-05
325043	2.527408649e-05
325044	3.225717781e-05
325045	6.936460071e-06
325046	2.58578981e-05
325047	2.864336608e-06
325048	1.141736951e-05
325049	1.197293163e-06
325050	1.697911111e-05
325051	8.243128773e-06
325052	2.121091542e-05
325053	2.701736656e-05
325054	1.649992632e-05
325055	1.855971432e-05
325056	2.458185962e-05
325057	1.144704814e-05
325058	8.598937459e-06
325059	3.975772428e-06
325060	7.152448404e-06
325061	6.43750827e-06
325062	2.298731878e-05
325063	2.560226011e-05
325064	0.004501420859
325065	0.004956723133
325066	0.003312550043
325067	0.0008999914175
325068	0.004545114175
325069	0.001738125895
325070	0.001892444277
325071	0.006393150783
325072	0.02227490861
325073	0.005325704432
325074	0.0001664798882
325075	0.005603028549
325076	0.001791934259
325077	6.225462736e-05
325078	0.003808910986
325079	0.002522287951
325080	4.795786694e-06
325081	2.076815488e-07
325082	4.658428267e-06
325083	1.612314773e-07
325084	9.363265625e-06
325085	9.009959151e-06
325086	1.560215075e-05
325087	1.233325253e-05
325088	7.492697262e-06
325089	6.943807859e-06
325090	3.634701712e-06
325091	3.89375346e-06
325092	7.677138123e-06
325093	1.948419104e-05
325094	1.209251934e-05
325095	1.308554512e-05
325096	2.586122558e-06
325097	8.14078e-06
325098	1.82337415e-05
325099	5.03969574e-06
325100	1.211163361e-05
325101	2.088536395e-05
325102	9.024508188e-06
325103	1.508095935e-05
325104	5.308347032e-06
325105	2.944697962e-05
325106	9.118775154e-06
325107	9.49932652e-06
325108	1.851875438e-06
325109	1.186812982e-05
325110	1.607251053e-06
325111	4.483904691e-06
325112	1.690811471e-06
325113	1.297368805e-05
325114	1.149550348e-05
325115	1.616578121e-06
325116	1.543205751e-05
325117	5.040663111e-06
325118	2.01634044e-05
325119	8.979120801e-06
325120	1.191383552e-05
325121	7.316172843e-06
325122	2.551097765e-05
325123	4.673294053e-06
325124	6.053991999e-06
325125	5.779500583e-06
325126	2.267485905e-06
325127	6.066269381e-08
325128	1.021599187e-05
325129	8.710272644e-06
325130	2.505034924e-06
325131	2.539204874e-05
325132	7.760641439e-06
325133	1.921446221e-05
325134	1.784223828e-05
325135	3.317498855e-06
325136	7.807307307e-07
325137	1.070854368e-05
325138	8.168636212e-06
325139	1.137488876e-05
325140	2.094955417e-06
325141	3.955460762e-07
325142	3.580587493e-05
325143	3.192875648e-06
325144	4.836895973e-06
325145	3.829050591e-06
325146	1.348755059e-05
325147	7.307960434e-06
325148	1.732127057e-05
325149	1.119606506e-05
325150	7.752335521e-06
325151	5.916863796e-06
325152	4.152837306e-06
325153	1.18967995e-05
325154	1.632190722e-05
325155	1.780955716e-06
325156	2.27438888e-06
325157	9.850146703e-07
325158	1.193611036e-05
325159	3.078788e-07
325160	1.15626889e-05
325161	1.780450069e-06
325162	1.473805025e-05
325163	2.115784287e-06
325164	2.631861712e-05
325165	2.234000161e-06
325166	9.404432285e-07
325167	9.007022027e-06
325168	9.381009026e-06
325169	7.03317988e-06
325170	1.7229092e-05
325171	8.663120501e-06
325172	7.57942611e-06
325173	1.379139746e-06
325174	6.075197301e-06
325175	1.468621712e-06
325176	2.167261523e-06
325177	3.37635947e-06
325178	7.208740074e-06
325179	1.610950291e-06
325180	3.044053344e-06
325181	2.842009257e-06
325182	4.499065043e-06
325183	1.613841598e-05
325184	2.625290458e-05
325185	1.121802264e-05
325186	1.144167394e-06
325187	1.125159446e-05
325188	6.750767082e-06
325189	1.801333646e-05
325190	5.955227131e-06
325191	2.59052764e-07
325192	1.691931785e-05
325193	0.002802641625
325194	0.001673409921
325195	0.006271299137
325196	0.01437836624
325197	0.008338690657
325198	0.001684071869
325199	0.003520281567
325200	7.494312602e-07
325201	0.002780483868
325202	0.005666251704
325203	4.984241788e-06
325204	3.986300438e-07
325205	1.491223155e-05
325206	1.554920484e-05
325207	7.84505496e-07
325208	1.062129531e-05
325209	4.288659579e-06
325210	6.753072134e-06
325211	9.318302156e-07
325212	1.137246024e-05
325213	1.040727313e-05
325214	7.464054591e-06
325215	1.823093255e-06
325216	1.650323573e-05
325217	1.327262882e-05
325218	7.966809589e-07
325219	4.141132271e-06
325220	1.067633994e-05
325221	3.080079146e-07
325222	9.965728487e-07
325223	6.926291407e-07
325224	4.28338948e-06
325225	2.802292636e-06
325226	1.258960816e-05
325227	1.096251746e-05
325228	3.141289742e-06
325229	1.24819725e-05
325230	9.283471749e-06
325231	5.966297072e-06
325232	4.163382306e-06
325233	1.82455334e-05
325234	1.181651249e-05
325235	6.529364392e-06
325236	1.921618479e-05
325237	2.98735716e-05
325238	2.20363797e-06
325239	6.899861981e-06
325240	4.213818593e-06
325241	2.347129629e-05
325242	4.242078424e-07
325243	7.491057016e-06
325244	1.618187998e-05
325245	2.475571542e-05
325246	1.593977997e-05
325247	5.299882474e-06
325248	5.383349408e-06
325249	4.957071513e-06
325250	1.863171916e-06
325251	1.22056033e-06
325252	3.142969129e-05
325253	1.358476412e-05
325254	1.028725213e-05
325255	2.345124123e-05
325256	6.496719958e-06
325257	1.764796636e-05
325258	4.702252174e-08
325259	1.99864571e-05
325260	1.037793037e-05
325261	1.925322528e-05
325262	1.989978823e-05
325263	1.615074086e-06
325264	3.386578731e-07
325265	1.079059165e-05
325266	1.57286742e-05
325267	4.774622917e-06
325268	4.839420307e-06
325269	1.705445672e-06
325270	1.473644143e-05
325271	7.682350974e-06
325272	7.538047389e-06
325273	4.739145228e-07
325274	6.601328597e-06
325275	1.473533646e-05
325276	6.37630037e-06
325277	1.39628115e-05
325278	1.011875912e-05
325279	2.378999317e-06
325280	1.396383376e-06
325281	1.678029226e-06
325282	1.380615184e-05
325283	1.571341018e-05
325284	7.407814943e-06
325285	1.336203074e-05
325286	1.112039917e-05
325287	1.31164708e-05
325288	1.934618638e-05
325289	8.535179392e-06
325290	8.494811611e-06
325291	9.361273686e-06
325292	3.351790439e-06
325293	3.823320734e-06
325294	5.785018042e-06
325295	1.292454142e-05
325296	2.460887495e-06
325297	3.775070418e-05
325298	8.924216672e-06
325299	3.684398336e-05
325300	2.211707847e-05
325301	1.074089913e-05
325302	6.480036039e-06
325303	1.231446702e-05
325304	1.874134776e-05
325305	1.516547126e-05
325306	2.358240285e-06
325307	1.688689732e-05
325308	8.075421091e-08
325309	1.916947155e-06
325310	3.470509402e-07
325311	1.048102328e-06
325312	5.208257815e-06
325313	1.520517327e-05
325314	5.165251974e-06
325315	1.003354424e-05
325316	0.003426635742
325317	0.001555606964
325318	0.009018110987
325319	0.01554343556
325320	0.004530568217
325321	0.002260983905
325322	8.064215702e-07
325323	0.008253738099
325324	0.001313851883
325325	5.182238223e-06
325326	5.817671138e-07
325327	8.718257046e-06
325328	7.715622303e-06
325329	1.763761725e-05
325330	1.694649336e-05
325331	7.261910774e-06
325332	9.593222812e-06
325333	2.010659755e-05
325334	1.697896971e-05
325335	2.367728517e-05
325336	2.693728723e-05
325337	2.313684732e-05
325338	1.825952608e-05
325339	2.451786054e-05
325340	4.275495148e-06
325341	4.708192327e-06
325342	1.945128014e-06
325343	1.363140933e-05
325344	9.035663116e-06
325345	3.17440756e-05
325346	1.989017734e-05
325347	1.660320564e-05
325348	6.07917712e-06
325349	1.39028972e-05
325350	1.066560033e-05
325351	2.877530048e-06
325352	1.831787324e-05
325353	1.127990977e-05
325354	4.437263912e-07
325355	1.51204822e-05
325356	2.472401687e-05
325357	3.208248179e-05
325358	5.93315763e-06
325359	1.280198581e-05
325360	1.760762566e-05
325361	6.617353798e-07
325362	1.231078118e-05
325363	1.751440251e-05
325364	3.735441802e-05
325365	1.855533802e-05
325366	3.522648586e-06
325367	6.378368611e-07
325368	2.102586436e-05
325369	3.706039885e-06
325370	5.167783673e-06
325371	9.677525649e-08
325372	1.780862871e-05
325373	6.576939142e-06
325374	1.102684747e-05
325375	1.827955754e-05
325376	2.312018905e-06
325377	1.382269012e-05
325378	8.413731646e-06
325379	2.016118518e-05
325380	9.684131481e-06
325381	2.005941101e-05
325382	1.183178567e-05
325383	1.61714508e-05
325384	1.657191557e-06
325385	1.973554386e-05
325386	4.491060522e-07
325387	1.543446771e-05
325388	1.483077155e-05
325389	6.206140458e-06
325390	5.921496311e-07
325391	8.339728452e-06
325392	1.168787608e-05
325393	6.249951411e-07
325394	3.35351377e-07
325395	2.317582785e-05
325396	2.320516773e-05
325397	2.185926045e-05
325398	7.603328702e-06
325399	3.582340088e-06
325400	1.521926892e-05
325401	3.54713626e-06
325402	1.864717055e-05
325403	1.839011025e-05
325404	3.678367036e-06
325405	1.937996179e-05
325406	5.068736046e-06
325407	1.425052678e-05
325408	5.153863614e-06
325409	1.026262295e-06
325410	9.782994757e-07
325411	1.622441161e-05
325412	3.523314118e-06
325413	1.925053054e-05
325414	8.107303435e-06
325415	8.656119937e-07
325416	3.142837063e-07
325417	1.566589679e-06
325418	1.064651736e-05
325419	8.980846294e-07
325420	4.273059041e-06
325421	1.049581854e-05
325422	1.396985963e-05
325423	2.311734534e-06
325424	1.041420108e-05
325425	7.622003163e-06
325426	3.500067615e-06
325427	1.912311634e-05
325428	1.672113925e-05
325429	2.134894484e-05
325430	7.031554281e-06
325431	3.891347293e-06
325432	2.128087913e-05
325433	3.55198455e-06
325434	1.046304382e-05
325435	7.090503089e-07
325436	8.407060406e-06
325437	2.023685996e-05
325438	0.003955128007
325439	0.02181587864
325440	0.0234609328
325441	0.005791157281
325442	0.007671278912
325443	3.411388349e-07
325444	0.0001980145522
325445	0.001071448046
325446	8.495120185e-05
325447	1.233118196e-06
325448	5.161740563e-06
325449	1.857814803e-05
325450	2.134562344e-05
325451	7.49068219e-06
325452	1.427369251e-05
325453	1.028686116e-05
325454	1.828340825e-06
325455	2.387377474e-05
325456	1.776061342e-05
325457	2.572706452e-06
325458	1.61868702e-08
325459	1.72645084e-05
325460	8.657735902e-06
325461	1.549163432e-05
325462	7.491205768e-06
325463	1.971146873e-05
325464	2.136868503e-06
325465	7.733804754e-06
325466	1.631377977e-06
325467	2.873989153e-05
325468	1.620078154e-05
325469	3.196253648e-05
325470	2.735049202e-05
325471	2.60937681e-05
325472	2.793086388e-05
325473	1.114046323e-05
325474	1.479181855e-05
325475	1.042889805e-05
325476	2.555009668e-06
325477	1.016858007e-05
325478	1.679717703e-05
325479	2.483433907e-05
325480	1.979878667e-05
325481	2.283922551e-05
325482	5.127644325e-06
325483	2.609716381e-05
325484	1.832702793e-05
325485	1.387727366e-06
325486	9.820897155e-07
325487	2.986083997e-05
325488	2.315491634e-05
325489	1.698140168e-05
325490	1.450013076e-05
325491	2.817078538e-05
325492	1.910800981e-05
325493	4.203414548e-06
325494	5.851253388e-06
325495	1.110194787e-05
325496	1.027450938e-05
325497	2.99945193e-06
325498	2.39509236e-05
325499	5.747676023e-06
325500	6.42908773e-06
325501	1.440140492e-05
325502	9.338145835e-06
325503	1.627692569e-05
325504	2.369158411e-05
325505	7.385758481e-06
325506	8.453948196e-06
325507	1.909788573e-05
325508	3.036049284e-06
325509	2.834800932e-06
325510	1.153770094e-05
325511	4.079238914e-06
325512	2.364059353e-05
325513	1.471115103e-05
325514	3.402665953e-05
325515	4.714751536e-06
325516	3.68455798e-06
325517	1.208874328e-05
325518	3.179925808e-05
325519	2.67684197e-05
325520	1.533717259e-05
325521	1.436274268e-06
325522	1.691807723e-05
325523	9.117506451e-06
325524	1.594249772e-05
325525	1.1648659e-05
325526	1.604242047e-07
325527	3.229406944e-05
325528	7.51696205e-06
325529	9.678699745e-06
325530	5.730704026e-06
325531	1.242359083e-06
325532	9.82551039e-06
325533	2.584441498e-05
325534	0.002487689983
325535	0.007459351221
325536	0.01200091546
325537	0.00118925487
325538	1.652482256e-06
325539	0.0007728991641
325540	0.004048135888
325541	9.412187062e-05
325542	4.924406622e-07
325543	7.224513612e-08
325544	1.79318033e-05
325545	1.670854909e-05
325546	3.87386493e-06
325547	8.240237117e-06
325548	1.361680792e-05
325549	1.467053026e-06
325550	6.318218225e-06
325551	1.061598464e-05
325552	4.761988955e-06
325553	1.360987428e-05
325554	2.713852452e-06
325555	1.269469471e-06
325556	9.930417118e-06
325557	4.370517302e-06
325558	1.531025338e-05
325559	1.945409288e-06
325560	1.305051318e-06
325561	1.532185116e-05
325562	3.465937145e-07
325563	1.318589968e-06
325564	1.903939636e-05
325565	4.597570385e-06
325566	1.626790703e-05
325567	3.752473527e-06
325568	0.004932727813
325569	0.001528749673
325570	0.004032624084
325571	0.00692359434
325572	1.416621639e-06
325573	0.00795101958
325574	0.00155160225
325575	0.0001032772112
325576	6.992927259e-07
325577	2.115652787e-05
325578	6.350938016e-06
325579	2.224066591e-05
325580	3.32065489e-05
325581	5.717246879e-05
325582	6.733551671e-06
325583	5.171298838e-06
325584	6.039071518e-05
325585	7.176101988e-06
325586	3.942878971e-06
325587	4.67302076e-05
325588	3.504587551e-05
325589	6.747917286e-06
325590	5.326497317e-05
325591	1.599450424e-05
325592	2.434719587e-05
325593	3.777141868e-05
325594	1.560645763e-05
325595	1.370285991e-05
325596	1.04220509e-05
325597	1.907870064e-05
325598	9.774282034e-06
325599	7.240205625e-06
325600	5.821484621e-05
325601	5.481967148e-05
325602	4.514585241e-05
325603	4.1002003e-06
325604	2.841969684e-05
325605	2.074105505e-05
325606	3.658001409e-05
325607	3.904705365e-05
325608	4.45608552e-05
325609	5.116554757e-05
325610	4.252577061e-05
325611	1.419852846e-06
325612	5.206527259e-06
325613	4.347384363e-05
325614	2.276974767e-05
325615	3.715765261e-06
325616	2.408638391e-05
325617	2.401849453e-05
325618	2.438473857e-05
325619	4.363182705e-05
325620	2.235822143e-05
325621	5.430456742e-05
325622	2.763283514e-05
325623	1.267060959e-07
325624	4.050252809e-05
325625	4.240867812e-05
325626	1.025114336e-05
325627	3.372182716e-05
325628	4.820071851e-05
325629	3.630772892e-05
325630	3.821166198e-05
325631	5.186936156e-05
325632	6.329692383e-06
325633	5.550254706e-05
325634	2.836408896e-05
325635	5.798949171e-05
325636	4.734179081e-05
325637	2.826104493e-05
325638	3.92698725e-05
325639	6.586383752e-06
325640	3.477549343e-05
325641	1.313198469e-06
325642	4.58849542e-06
325643	7.41829688e-06
325644	4.369266444e-05
325645	2.602110884e-05
325646	4.357885783e-05
325647	2.604915654e-05
325648	1.10243174e-05
325649	2.481889633e-05
325650	2.45566579e-06
325651	2.823907125e-05
325652	4.861290116e-05
325653	2.881639233e-05
325654	4.793309001e-05
325655	5.887156226e-05
325656	4.820017229e-05
325657	1.21350721e-05
325658	2.542015278e-05
325659	8.93585817e-07
325660	3.829796871e-05
325661	1.854566454e-05
325662	2.710828361e-06
325663	0.001026221421
325664	0.006229867999
325665	0.0101134097
325666	0.000431506118
325667	0.00102401654
325668	0.0007229533187
325669	0.0001660256625
325670	0.000773246721
325671	1.955723272e-06
325672	0.003250042784
325673	0.004492452013
325674	0.004007283083
325675	0.008118781347
325676	0.001010169289
325677	0.003184517781
325678	0.003870883275
325679	0.003401225065
325680	0.001968629631
325681	0.000200753735
325682	0.001885394768
325683	0.009696022399
325684	0.004983935331
325685	0.008088462711
325686	0.006453743334
325687	0.000211902121
325688	0.010401475
325689	0.002304615142
325690	0.003922207946
325691	0.01159849865
325692	0.0003778762155
325693	0.002421597106
325694	0.002214584125
325695	0.003154645963
325696	0.002223226963
325697	0.01551545211
325698	0.0008416222679
325699	0.002432969806
325700	0.001095817078
325701	0.005844033105
325702	0.001138189976
325703	0.005436025394
325704	0.001425718772
325705	0.003523136295
325706	0.003260762515
325707	0.0009322060331
325708	0.01141934881
325709	0.007226993329
325710	0.0002166696144
325711	0.009754078536
325712	0.0004228389037
325713	0.000329665698
325714	0.01251177562
325715	0.01189595652
325716	0.00401364299
325717	0.01277016499
325718	0.01086459385
325719	0.001597154024
325720	0.005317949592
325721	0.01540612747
325722	0.008105068252
325723	0.003803884406
325724	0.002325708248
325725	0.002216603108
325726	0.0003209277849
325727	0.006569699116
325728	0.003980998223