node_id	error
0	0.001501796393
1	0.0001302297094
2	0.0003320253602
3	0.001604783929
4	0.0002715578283
5	1.208319772e-05
6	0.007153851521
7	0.006727038958
8	0.006036825465
9	0.007357335116
10	0.005259635233
11	0.0006051567495
12	4.676487604e-05
13	0.0002449022007
14	0.001095050998
15	0.001782942827
16	0.001020925881
17	0.001020079335
18	0.001899987675
19	0.000314461511
20	0.001677466157
21	0.003208816142
22	0.006826820517
23	0.0008312395391
24	0.005801288628
25	0.01022921117
26	0.00198235108
27	0.01507863344
28	0.0001318519846
29	0.002971421498
30	0.0007175395062
31	0.0001604770579
32	0.001653741881
33	0.00035211666
34	0.001432990563
35	0.01043778534
36	0.0004383798854
37	0.006046216043
38	0.002119899908
39	4.683830131e-05
40	9.811080836e-05
41	0.0003118352598
42	0.0006681509305
43	0.002709719624
44	0.0002631917083
45	0.0007621734579
46	0.001661783575
47	0.001181566524
48	0.003468363071
49	0.0006549432912
50	0.008235892175
51	0.0125349344
52	0.001310008953
53	0.01101013001
54	0.0016534768
55	0.004586326901
56	0.000742481031
57	0.002115233659
58	0.0009891260943
59	0.00214517994
60	0.0003712306943
61	0.0008000923545
62	0.0005038973
63	0.001174951386
64	0.001089968436
65	0.0001993093591
66	0.0002733470773
67	5.428558939e-05
68	0.0002100978069
69	0.0009585016727
70	0.003083855175
71	0.001692018237
72	0.001114524222
73	0.001595725799
74	0.0005327806012
75	0.01109176885
76	6.013117206e-06
77	0.00057464801
78	0.000118781007
79	0.005571317767
80	0.00320409271
81	0.007995843132
82	1.699326868e-05
83	0.001659657286
84	0.0004712928899
85	0.002047531094
86	0.005451769503
87	0.001285810381
88	0.001319456829
89	0.00323350342
90	0.001069554032
91	0.001497595625
92	0.0001449381222
93	0.0007980981221
94	0.0005387070144
95	0.0004350160104
96	0.003381140727
97	0.0006936694925
98	0.001547841225
99	0.0005578628441
100	0.001180896268
101	0.0001857589436
102	0.0002396036299
103	9.546667006e-05
104	0.001981997891
105	0.001589429587
106	0.001325667497
107	0.001480884168
108	0.002234832611
109	0.00292707814
110	0.0008109796248
111	0.0006091766908
112	0.0004273069855
113	0.0009402143436
114	0.001996455172
115	1.796418885e-06
116	0.004097196497
117	0.0001871186288
118	0.002404117075
119	0.0005630306065
120	0.0004617615231
121	0.0001122853933
122	0.0008501268594
123	0.002275200517
124	0.0003529208626
125	0.0075994133
126	0.0005362789411
127	0.001394000601
128	0.003123445292
129	0.009713400454
130	0.003136313173
131	0.000449242565
132	0.003763663417
133	0.01455118558
134	0.01258667885
135	0.001000596199
136	0.003116654407
137	0.006036217463
138	0.006759869436
139	0.006889866917
140	0.0003450989222
141	0.009159705678
142	3.234196743e-05
143	0.0005334356745
144	0.01267423294
145	0.005445696202
146	0.002209663771
147	0.001261373747
148	0.001994966383
149	2.906754243e-05
150	0.002803215902
151	0.001589865119
152	0.005232342212
153	0.004716708246
154	0.001451615602
155	0.0008755235817
156	0.001176266049
157	0.001476048762
158	0.001853304219
159	0.0158919016
160	0.01322611073
161	0.008707125187
162	0.003025771074
163	2.992845701e-05
164	0.001022132659
165	0.0001629030839
166	0.000587118413
167	0.0007602641919
168	0.0004675880687
169	0.003388825179
170	0.0003252122127
171	0.0121855214
172	0.001491218365
173	0.003916992604
174	0.0006956415584
175	0.00167708719
176	0.002155796055
177	0.00115315025
178	0.004720801482
179	0.0003787549987
180	0.001741069787
181	0.001965227438
182	0.002943437025
183	0.0007152122217
184	0.00503549104
185	0.0001466695523
186	1.83538151e-05
187	6.414168937e-05
188	0.0001964577657
189	0.002711290963
190	0.002666066693
191	0.001922628358
192	0.0005714081739
193	0.002552629559
194	0.0003464759988
195	9.851339099e-05
196	0.001415131452
197	0.005899023728
198	0.0003585504578
199	0.001102196495
200	0.005862974716
201	0.003803828056
202	0.0001118277457
203	0.002915516471
204	0.0007532329611
205	0.005653991264
206	0.003331290967
207	0.0005440331075
208	0.008842502009
209	0.004192296848
210	7.599575858e-05
211	0.00064399365
212	0.0001363310409
213	0.0004650180448
214	0.001503825704
215	0.002555781584
216	0.000945554134
217	0.001451649634
218	0.006675342261
219	0.0002221014491
220	0.000473507118
221	0.005053579855
222	0.001872970193
223	0.001952288675
224	0.0006499964028
225	0.007128388427
226	0.01365409339
227	3.194726693e-05
228	0.0009182136538
229	0.00123690387
230	0.000288428072
231	0.0003146418763
232	0.006152054015
233	0.002521187543
234	0.001073993516
235	9.357441921e-05
236	0.0008188728431
237	0.001254866402
238	5.230050603e-05
239	0.0003209809264
240	0.00425374222
241	0.001482275188
242	7.901907357e-06
243	7.901907357e-06
244	0.004617970148
245	0.005493247224
246	0.00046855844
247	0.0002958453994
248	0.0001256811917
249	0.002104921383
250	0.0005746481819
251	8.065395095e-05
252	4.150772025e-05
253	0.006706566072
254	0.006327631957
255	0.001188868675
256	0.0003021244749
257	0.00670976497
258	0.002712105773
259	1.37554136e-05
260	0.0001725295948
261	0.003108414501
262	0.003275527061
263	1.841393507e-06
264	0.001657117912
265	0.002716600597
266	0.0004512677818
267	0.005772871597
268	0.0007802307675
269	0.0004736179493
270	0.0009438637056
271	0.004058853194
272	0.003641452753
273	0.0002677901715
274	0.006156781953
275	0.007811195775
276	0.001467442964
277	0.0004702374724
278	0.0004729022701
279	0.002053640046
280	0.003536690164
281	0.0007579150671
282	4.923040318e-05
283	0.002658950344
284	0.0007125615409
285	0.0001564122427
286	0.0003649456133
287	0.0003698899221
288	0.0001772256913
289	0.001488126419
290	3.363415277e-05
291	0.001761750507
292	0.005753713321
293	0.0005543549236
294	0.0003346183965
295	0.001411068581
296	0.008916041629
297	0.003433126635
298	0.001100820313
299	0.002028879056
300	0.0005022540998
301	0.0001912350378
302	0.001185886761
303	0.004171253348
304	0.003766138866
305	0.001746433672
306	0.0003024112255
307	0.0008062813731
308	0.0003951219696
309	0.0002900427944
310	0.0009573058909
311	9.835421584e-05
312	7.928745379e-05
313	0.001773273436
314	0.007054280841
315	9.00456405e-05
316	0.001239076167
317	0.0008474629657
318	0.0007370711276
319	0.0006664085325
320	0.0001237182798
321	0.004109652665
322	0.001742758065
323	0.001640269024
324	0.0007885561469
325	0.0008921815357
326	0.004299669976
327	0.004854532294
328	0.005924051416
329	0.001902583022
330	0.004656517798
331	0.008110152448
332	8.478548247e-05
333	0.001973143708
334	0.0002697290211
335	0.0002809049677
336	0.000119517161
337	0.003952585546
338	0.007835522167
339	0.001672639628
340	0.003309888419
341	0.002646309942
342	0.0005263659062
343	0.001575130051
344	0.004231251262
345	0.002770152152
346	0.0006837020401
347	0.001490037159
348	0.001554608225
349	0.001007337212
350	4.619632632e-05
351	0.0001288806568
352	0.001019122429
353	0.01637151974
354	0.003912944724
355	0.0007250632335
356	0.001605607093
357	0.001152955523
358	0.001569106098
359	0.00150417632
360	0.001079783381
361	0.01500242185
362	7.669217526e-06
363	0.00168166894
364	0.003729645302
365	0.005125893377
366	0.006887385544
367	0.01725757493
368	0.0006444084673
369	0.000149535812
370	0.0002152693601
371	0.0009130789767
372	0
373	0.001450758021
374	0.01174078346
375	0.002225331355
376	0.001245160663
377	0.0007618192746
378	0.001662255718
379	0.007471660459
380	0.001660847082
381	0.006152393707
382	0.001587609496
383	0.0001138385522
384	0.002702876454
385	0.003148791587
386	0.006757426259
387	8.576315553e-05
388	0.002554849905
389	0.0002263587
390	0.002054071525
391	0.0005189909912
392	0.0003090108368
393	0.0002800628688
394	0.0009672335838
395	0.0009487737324
396	0.001692723503
397	0.01270915462
398	0.004793813949
399	0.0079810807
400	0.001077233546
401	0.007429845856
402	0.005602670142
403	0.0004862835025
404	4.522664169e-05
405	0.001840524214
406	0.002893729909
407	0.0007022795954
408	0.00644545979
409	0.008521994886
410	0.004821034838
411	0.003635016342
412	0.01253632684
413	0.002207122355
414	0.002499770237
415	0.00199779548
416	0.001081774323
417	0.005932768109
418	0.0003793753378
419	2.335536594e-07
420	0.001091166745
421	0.002048703816
422	0.001092262022
423	0.0005783760345
424	0.004546055537
425	0.006015302045
426	0.004141764513
427	0.00602727264
428	0.004971068729
429	0.002248062276
430	8.010899183e-05
431	8.010899183e-05
432	0.007116040226
433	0.0002769002558
434	3.64604156e-05
435	0.002734858879
436	0.0005141964317
437	0.004158486614
438	0.0009330103099
439	0.0001377512041
440	0.001679930795
441	0.003098966135
442	0.001458178363
443	0.006099580255
444	0.0002132537981
445	0.008015749387
446	0.006351716039
447	2.522901259e-05
448	0.0001811989101
449	0.0008182248826
450	0.001247810205
451	0.002598112734
452	0.0008396936462
453	0.003128930735
454	0.003922462798
455	0.002178816753
456	0.001568783601
457	0.002717477987
458	0.005095944897
459	0.0009331804903
460	0.01028696127
461	0.002627925748
462	4.272022944e-06
463	0.0001927168632
464	0.0005884359599
465	0.002077693678
466	0.0008744269896
467	0.0008931699814
468	0.0002432480894
469	6.022919525e-05
470	9.598680214e-05
471	0.0006511791064
472	0.001096298513
473	0.005136500041
474	0.005993597276
475	0.0003145361589
476	0.003285697779
477	0.0001389759651
478	0.004265752356
479	0.005858516835
480	0.00423921183
481	0.001873269516
482	0.009888103924
483	0.001277140755
484	0.007973176415
485	0.006296251319
486	0.001080271692
487	0.0005773314438
488	0.0003808421247
489	0.0134793791
490	0.002105526341
491	0.004274895291
492	0.001714469664
493	0.000955923117
494	0.0006619811696
495	0.01298747796
496	0.001083923045
497	0.003019535633
498	0.0001797799652
499	0.000386137242
500	0.002537617888
501	0.002666778266
502	0.005692645172
503	0.001004204219
504	0.008253901468
505	0.005848588981
506	0.0004960885358
507	0.002830362493
508	0.0005919083924
509	0.001677020304
510	0.001243186401
511	0.0006660672113
512	0.005637862005
513	0.001076285636
514	0.006438954322
515	0.007776986827
516	0.0006425369144
517	0.01083738019
518	0.0008430062378
519	0.002734090638
520	0.006413097366
521	0.002801267675
522	0.003082905896
523	0.001762612454
524	0.002041518757
525	0.00512050971
526	0.00379103393
527	0.0004829052284
528	0.003348832606
529	0.006735098533
530	5.634429831e-05
531	0.002346125482
532	0.001537309697
533	0.009383478315
534	1.594911578e-05
535	0.001644014267
536	0.0001582070623
537	0.01012310181
538	0.00134000887
539	0.000564424762
540	0.003713930966
541	0.001401727252
542	0.0002836257194
543	1.649297234e-05
544	0.0004755331584
545	0.01105115759
546	0.001044122166
547	0.001234414488
548	0.0005899358253
549	0.005941568743
550	0.002269693255
551	8.544916563e-06
552	0.0009375666594
553	0.0007490768102
554	0.0009375435077
555	4.431115813e-05
556	0.005254833534
557	0.005963864152
558	0.002164035134
559	0.00129451609
560	0.001132089942
561	0.004216158299
562	0.02170406635
563	0.0004493014176
564	0.001214373745
565	0.0007663322852
566	0.002954408612
567	0.0008003336846
568	0.004800447057
569	0.0009507554657
570	0.001540185331
571	0.0008999792782
572	0.008242058318
573	0.01377092477
574	0.02228995753
575	0.002765449331
576	0.0006213474758
577	0.002479755484
578	0.001025057054
579	0.005090151403
580	0.002197534694
581	0.002074995028
582	0.007066632282
583	0.00112914689
584	0.001613523989
585	0.0001180478278
586	0.006194562975
587	0.00390586786
588	0.0008513250053
589	0.0009528574305
590	0.0005184610163
591	0.000568662182
592	0.001247825832
593	0.001451529743
594	0.0009488346586
595	0.002123495753
596	0.007186392088
597	0.009938712391
598	0.000782035925
599	7.066859555e-05
600	0.001454334431
601	0.005091514034
602	0.007160935725
603	0.0004594242882
604	3.596730245e-05
605	3.596730245e-05
606	0.0140749804
607	7.263893434e-05
608	0.001597216138
609	0.00336518549
610	0.0006423770003
611	0.002110024895
612	0.000574442501
613	0.005012683461
614	0.002585503918
615	0.0001658280571
616	0.0004231371259
617	0.002464995623
618	0.0006053764677
619	0.001354862746
620	0.007042385228
621	0.0003695370997
622	0.0002318044959
623	0.009942357558
624	0.008805550824
625	1.886683802e-05
626	0.0003006729076
627	0.0003324022335
628	0.003531138766
629	0.003271450171
630	0.0002284490578
631	0.0002594097602
632	0.001339530894
633	0.007626093922
634	0.0008693322958
635	0.001420382273
636	0.00189982313
637	0.001934134196
638	0.006264781219
639	0.0009251155513
640	0.002333508997
641	0.0002836856282
642	0.000537490897
643	0.005765953692
644	0.001995164844
645	0.01977459612
646	0.002368537331
647	0.0004657263971
648	0.00351747187
649	0.0009140880334
650	0.0001918596991
651	0.0005295756395
652	0.001059994765
653	7.630391043e-05
654	0.003011079458
655	0.0007901430067
656	0.000283812657
657	0.001481592032
658	0.01048937678
659	0.001924778328
660	0.003407535735
661	0.004771807734
662	0.001638871078
663	0.006019711199
664	0.003024048278
665	0.002993315703
666	0.002452571702
667	0.0006206460673
668	0.004836680706
669	0.005308760248
670	0.00124813259
671	0.000597697072
672	0.0006226759466
673	0.002356877309
674	0.002615646691
675	0.0002647104029
676	0.0003806254392
677	0.000658383897
678	0.001672871065
679	0.001358059339
680	4.303959954e-05
681	0.001294371651
682	0.004465945225
683	0.004743073321
684	0.0004328743878
685	0.0002603820002
686	0.001188939398
687	0.003324291634
688	0.00204210759
689	0.0005857051184
690	0.0003566804436
691	0.002451406287
692	0.0001732846596
693	0.0002445854961
694	0.0007467006444
695	0.00496170864
696	0.002241567885
697	0.0006564396842
698	0.003365746688
699	0.0001502724648
700	0.002619403235
701	0.002863467198
702	0.0004343121856
703	9.039979142e-07
704	0.001462602995
705	0.004944812874
706	0.000377159842
707	0.0002509265819
708	0.002255156117
709	0.001424950115
710	0.001962718273
711	0.005892362933
712	0.0001162377839
713	0.0002244871081
714	0.0002732963616
715	1.335149863e-05
716	0.0009460683045
717	0.01148803657
718	0.00102337136
719	0.0003682134154
720	0.005273125947
721	0.00450689021
722	0.01740371842
723	0.003486457287
724	0.002104258827
725	0.000571181552
726	0.001670316407
727	0.001141545267
728	0.001265558648
729	0.0008665323905
730	0.005180429068
731	0.01112772627
732	0.006653396271
733	7.066303361e-05
734	0.0001174386921
735	0.009872096258
736	0.008789582043
737	0.001686780042
738	0.0007359798239
739	0.003102118432
740	0.008476913483
741	0.001209251357
742	0.006929288666
743	0.005356210877
744	0.004665234211
745	6.234418923e-05
746	0.0001961852861
747	0.01199332174
748	0.002454264238
749	0.0002668313824
750	5.485760413e-05
751	0.005618923018
752	0.008271811107
753	0.0007600461454
754	0.0002496508458
755	0.001178039038
756	0.002443989087
757	0.001162567397
758	0.002936980609
759	0.0019259846
760	0.0009233217698
761	0.001279413069
762	0.003598047676
763	0.004715851898
764	0.002329710296
765	0.007473774863
766	0.011314927
767	8.737018679e-05
768	0.0007294597574
769	0.0002364371012
770	0.001039391998
771	0.007589970867
772	0.00213530745
773	0.01005529634
774	0.004978013067
775	0.004041009861
776	0.003587065225
777	0.0001062226043
778	0.009514603437
779	0.002372085974
780	0.0003420895958
781	0.0005434419305
782	0.0006581811896
783	0.0006764751952
784	0.00112039062
785	0.0007387797028
786	0.003055892604
787	0.001033808299
788	0.0007869668415
789	0.001457225479
790	0.0002414024047
791	0.0002484202673
792	0.0001356948229
793	9.118982743e-05
794	0.0009775677832
795	0.01019817992
796	0.003696314374
797	0.0008058674879
798	0.00873603958
799	0.0007576787083
800	0.000146926732
801	0.004359757127
802	0.0008679305147
803	0.002053554918
804	0.0003996027593
805	0.0003677829381
806	0.007140285506
807	0.002639460189
808	0.007770030499
809	0.0002822386751
810	0.001606766624
811	0.01284142697
812	0.0003674925043
813	0.004811242655
814	0.00076944207
815	0.003173014173
816	0.009306227026
817	0.0008404548194
818	0.01317079665
819	0.002453504313
820	0.005544534504
821	0.009334270068
822	0.0001878043012
823	0.004479327277
824	0.006021202023
825	0.004878246121
826	0.001047875311
827	0.001113949346
828	0.002817455708
829	4.70861638e-05
830	0.003115580363
831	0.00597286999
832	0.002672320582
833	0.0001024523161
834	0.0001024523161
835	0.001812517832
836	0.0001537312348
837	0.0001574122929
838	0.004419529793
839	0.01035419074
840	0.0008210668303
841	0.006693656676
842	0.0005398911086
843	0.009462707231
844	0.001158006408
845	0.001123916875
846	0.003591062384
847	0.003662134794
848	0.001517980589
849	0.001216981961
850	0.000460378685
851	0.0003527053243
852	0.0002814801479
853	0.0001694468122
854	0.001975257507
855	0.0001696935072
856	0.002359330286
857	0.008706607538
858	4.476978849e-05
859	0.001531246813
860	0.01589478906
861	0.006358978153
862	0.004942283153
863	0.0009454723003
864	0.0002973040605
865	0.0005103745164
866	0.006393418887
867	0.003476864706
868	0.004690214875
869	0.0007466926615
870	1.217376025e-05
871	0.000190382265
872	0.0002808481056
873	0.0006779643991
874	0.0001300469266
875	0.002060489254
876	0.007215051079
877	0.01882254275
878	0.002347791328
879	0.0002556038067
880	0.0006590003323
881	0.001155378062
882	0.00347114811
883	0.0001231129151
884	4.781108084e-05
885	0.0002081743869
886	0.001604066089
887	0.0122523306
888	0.006439145079
889	0.002350955234
890	0.001291157044
891	0.0009880087473
892	0.0004473531801
893	0.005169181493
894	0.003791852354
895	0.001072409472
896	0.001277065513
897	0.002391440945
898	0.0009264728233
899	0.001687564837
900	0.003319521664
901	0.005054479783
902	0.005849310551
903	0.01095081154
904	0.003591167552
905	0.0001623978202
906	3.633060854e-05
907	0.008777690443
908	0.001148706513
909	0.0005972691206
910	0.003057377013
911	0.002818207537
912	0.006193184305
913	0.0008222557115
914	0.00112201924
915	0.0006632377122
916	0.003530516862
917	0.002501152463
918	0.001067890629
919	0.001399588686
920	0.0003664673156
921	0.01344016754
922	0.003140597923
923	0.002030064419
924	0.004683084633
925	0.001967130177
926	0.0001601586851
927	0.0007632747837
928	0.000506841759
929	6.02179839e-05
930	0.0006162736378
931	0.01059776816
932	0.004818650436
933	0.001409361196
934	0.0007449832942
935	0.005927278168
936	0.0002148491952
937	0.0009230183897
938	0.0001369677315
939	0.0004597859041
940	0.001376692288
941	1.582910956e-05
942	0.0002401590515
943	0.001727129967
944	0.001185056481
945	0.005481691758
946	0.002407462345
947	0.0112424849
948	0.007079283777
949	0.001534548453
950	0.0001423085326
951	0.003986771634
952	0.002830172445
953	0.001548604614
954	0.007370553674
955	0.001309765411
956	0.001673480218
957	0.0005628448345
958	0.001838035338
959	0.0007815506223
960	0.001020148178
961	0.002925705552
962	0.003184603546
963	0.0009285386664
964	0.001440040737
965	0.0009907229842
966	0.004809487895
967	0.0008523037011
968	0.003396215191
969	0.01305265726
970	0.001417750789
971	0.001090768015
972	0.0004704170059
973	0.01211791244
974	0.001192649636
975	0.0001465031908
976	0.0004736292341
977	0.004830245123
978	0.000730676304
979	0.00175539231
980	0.006701154888
981	0.002752588975
982	0.004462468576
983	0.0001281684934
984	0.0008039127062
985	0.004143556312
986	0.0003313677511
987	0.0005001220797
988	0.0009560208947
989	0.001039239008
990	0.018619132
991	0.002362736726
992	0.01244277856
993	0.005253794953
994	0.005305658928
995	7.983651226e-05
996	7.983651226e-05
997	0.00398332589
998	0.006196206669
999	0.0003712491001
1000	0.0002920453187
1001	0.001246266406
1002	0.0004966630781
1003	0.01261321463
1004	0.001197147397
1005	0.0008236091737
1006	0.01253799164
1007	0.002672120232
1008	0.008512557752
1009	0.001087095848
1010	0.002501836759
1011	0.001605227951
1012	0.001364956621
1013	0.0080396899
1014	0.0003434939254
1015	0.00496532709
1016	0.0002651226158
1017	0.0001512988193
1018	0.001070262207
1019	0.004959234109
1020	0.003991104574
1021	0.00143142727
1022	0.003538146666
1023	0.01242542066
1024	0.005151215637
1025	0.001441634423
1026	0.003251170985
1027	0.000158780158
1028	0.003375996613
1029	0.003855753383
1030	0.006702927338
1031	0.0001511859585
1032	0.0007561955215
1033	0.00112976067
1034	0.0008819226413
1035	0.006799340209
1036	0.0005176160365
1037	0.0001252032709
1038	0.01160798622
1039	0.0003674289738
1040	0.0002555880211
1041	0.0004420091461
1042	0.004614351717
1043	0.0009322434192
1044	0.004192253172
1045	0.001218041518
1046	0.01256183591
1047	0.000294610258
1048	0.005666495555
1049	0.0009895955806
1050	0.008944719904
1051	0.004784402869
1052	0.001449198612
1053	0.001887084123
1054	0.003312960925
1055	0.008090910058
1056	0.0001944346117
1057	0.005039385047
1058	0.007189198945
1059	0.0003520886498
1060	0.0002206432306
1061	0.005124226886
1062	0.0095981688
1063	0.005110337402
1064	0.01180836035
1065	0.002206868687
1066	0.0030745278
1067	0.001265804655
1068	0.0005023357597
1069	0.0002524339862
1070	0.0004200171714
1071	7.252489114e-05
1072	0.005758084661
1073	0.0006675467488
1074	0.001482820765
1075	0.007781617795
1076	0.01005691586
1077	0.002129185361
1078	0.001183627325
1079	0.0180376713
1080	0.005816124735
1081	0.002210415103
1082	0.002698904591
1083	0.005095209371
1084	0.002013202594
1085	0.00623025432
1086	0.008140144074
1087	0.00709627961
1088	0.0004624309461
1089	0.001199580565
1090	0.0008134093469
1091	0.004776511223
1092	0.01501030998
1093	0.002398068962
1094	0.008673119262
1095	0.0001556948229
1096	0.0002667574932
1097	0.003646596005
1098	0.002334735928
1099	0.0001704395522
1100	0.0003429953741
1101	0.01265435651
1102	0.0002785458496
1103	0.004335673396
1104	0.01527936431
1105	0.006928285183
1106	0.01703877539
1107	0.001181245121
1108	0.0001406709917
1109	0.001536038148
1110	0.01802946084
1111	0.007749438836
1112	0.0006486510429
1113	0.005877981737
1114	0.000285456507
1115	0.0008479764991
1116	0.0005546024414
1117	0.001901550669
1118	0.001273104055
1119	0.001193291828
1120	0.01252027151
1121	0.0004202359621
1122	0.0002119603693
1123	3.841961852e-05
1124	0.01107660532
1125	0.002949369477
1126	0.0007280887937
1127	0.0002331213807
1128	0.001722472582
1129	0.001017703431
1130	0.001062951621
1131	6.611716912e-05
1132	0.0001411277371
1133	0.003302288021
1134	0.005095010986
1135	0.001271160458
1136	0.001019022104
1137	0.00541299241
1138	0.003296920717
1139	0.0001492546072
1140	0.0006434942777
1141	2.993646129e-05
1142	0.001749574548
1143	0.0006557346913
1144	0.003462907826
1145	0.0008940971003
1146	0.000880579804
1147	0.0001631029808
1148	0.0003493314514
1149	0.005413665973
1150	0.009553000715
1151	0.002313457336
1152	0.0004213243979
1153	0.003434855615
1154	0.000813056461
1155	0.001219620327
1156	0.0009060594388
1157	0.002518462021
1158	0.002125114801
1159	0.006580704853
1160	0.001312592435
1161	0.0001033403443
1162	0.001500338249
1163	0.003414611897
1164	0.0008948538698
1165	0.005707474397
1166	0.005584676251
1167	0.003225764729
1168	0.0002657509428
1169	0.002111451225
1170	0.003014933726
1171	0.008999594866
1172	0.003526142936
1173	0.003692320213
1174	0.006422220546
1175	0.002399458827
1176	0.003496476452
1177	0.003149368063
1178	0.007250417858
1179	0.007579861216
1180	0.001024141134
1181	0.004728167806
1182	0.0003488545333
1183	4.713896458e-05
1184	7.002724796e-05
1185	0.008983585431
1186	0.0006050649731
1187	0.001539899889
1188	0.0007115625299
1189	0.007495569663
1190	0.00578366051
1191	0.001819340184
1192	0.004539590288
1193	0.004137631355
1194	0.001407619437
1195	0.001861693745
1196	0.01111284003
1197	0.005104048325
1198	8.537693006e-07
1199	0.009053006
1200	0.0002207084469
1201	0.0001503178928
1202	0.005948759546
1203	0.0008524252619
1204	0.003395934046
1205	0.0008560135383
1206	0.01142854848
1207	0.00414183341
1208	0.0007198651681
1209	0.004915174513
1210	0.000936028767
1211	0.0002824262994
1212	0.004508170773
1213	0.001101384568
1214	0.004192279283
1215	0.001734399636
1216	0.001486870755
1217	0.0003021300183
1218	0.001009355062
1219	0.006420248854
1220	0.005066838093
1221	0.003733046697
1222	0.002659195766
1223	0.00175041843
1224	0.00756364305
1225	0.01127455831
1226	0.001833429611
1227	0.0006090242615
1228	0.005729026231
1229	0.001859867781
1230	0.0006751947037
1231	0.001824539888
1232	0.001725069269
1233	0.001581112224
1234	0.007127125964
1235	0.00258087797
1236	0.004974504834
1237	0.01506315733
1238	0.0006860191787
1239	0.005450295869
1240	0.001262155031
1241	0.003272402981
1242	0.000782520661
1243	0.0009987698297
1244	5.176394914e-06
1245	0.001293644037
1246	0.0005542505464
1247	0.0006795585337
1248	0.003507788269
1249	0.006912765206
1250	0.005563896304
1251	0.006426223116
1252	0.00539517408
1253	8.52335317e-06
1254	0.002030234111
1255	0.004584711816
1256	0.0003480045558
1257	0.004578525114
1258	0.0005183361478
1259	0.0004487244008
1260	0.000333168938
1261	0.003346690281
1262	0.002257746741
1263	9.330163313e-06
1264	0.0001893826232
1265	0.004440350944
1266	0.01078026211
1267	0.003427549522
1268	7.40236149e-05
1269	7.656675749e-05
1270	0.001231637502
1271	0.002370565449
1272	0.001607504431
1273	4.216481837e-05
1274	0.005390400678
1275	0.001605663064
1276	0.0006972106914
1277	0.002688783837
1278	0.004527143726
1279	0.00251594585
1280	0.0001883719011
1281	0.007368983269
1282	0.01318907172
1283	0.0007604070945
1284	0.005440668787
1285	0.005667009583
1286	0.0002143994796
1287	0.0005164364653
1288	0.001391526131
1289	0.01042719771
1290	7.482470489e-06
1291	0.001352778904
1292	0.006435519262
1293	0.0004745104766
1294	0.002150869409
1295	0.001035359412
1296	0.006755122841
1297	0.0001978810115
1298	0.003774337601
1299	0.004361678124
1300	0.006312217208
1301	0.002393002179
1302	0.001242892308
1303	0.01113907171
1304	0.002985448284
1305	0.003102207031
1306	0.001473875647
1307	0.000401559096
1308	0.006930019654
1309	0.0007172995791
1310	0.001440332801
1311	0.003646495076
1312	0.01188599125
1313	0.002264889256
1314	0.001063907941
1315	0.00161991789
1316	0.01865206814
1317	0.000236610516
1318	8.997382949e-06
1319	0.0006576756425
1320	0.00575487604
1321	0.007050044993
1322	0.001845576749
1323	0.003965710189
1324	0.0001541025154
1325	0.001691356823
1326	0.0005346352982
1327	0.001998022787
1328	0.008530719533
1329	0.001445065871
1330	0.0009907765447
1331	0.006604543763
1332	0.01828728162
1333	0.01092708956
1334	0.005363518058
1335	7.913639546e-05
1336	0.001617497882
1337	0.001047933939
1338	0.001855195204
1339	0.0001216082889
1340	0.009508784584
1341	0.00659947403
1342	0.001161349586
1343	0.00182452673
1344	0.001537935017
1345	5.858310627e-05
1346	5.858310627e-05
1347	0.0004560602843
1348	7.577769503e-05
1349	0.001914973325
1350	0.0003087498068
1351	0.001288136708
1352	0.004354201676
1353	0.005093989879
1354	0.0005350970154
1355	0.001704201163
1356	0.01111783342
1357	0.007921252221
1358	0.007179631912
1359	0.002050937267
1360	0.0005628544143
1361	0.003133447718
1362	0.004312958891
1363	0.0004677197891
1364	0.0006861719554
1365	0.003695133617
1366	0.000503598563
1367	0.003154842589
1368	0.0009413565822
1369	0.003438253578
1370	0.003403384497
1371	0.0006979981799
1372	0.00493820051
1373	0.02070820526
1374	0.0002987938556
1375	0.0006064160364
1376	0.002870128307
1377	0.001920447268
1378	0.01520500522
1379	0.008185155972
1380	1.963928896e-05
1381	0.0003404785618
1382	0.007664592903
1383	0.00654360624
1384	0.00266886021
1385	0.004587176921
1386	0.001326749733
1387	0.002874007204
1388	5.849146193e-05
1389	0.001100821353
1390	0.002609895374
1391	0.00157125221
1392	0.002967516433
1393	0.007661727289
1394	0.005650166692
1395	0.0003671587909
1396	0.005510440654
1397	0.01606926222
1398	9.564960561e-05
1399	0.0003656697086
1400	0.007256745894
1401	0.0006527566252
1402	0.001793243673
1403	0.0002046222445
1404	0.0007524974219
1405	0.005173118685
1406	0.0003864347363
1407	0.0002705324419
1408	0.00111923346
1409	2.107916909e-05
1410	0.0001144414169
1411	0.006862104342
1412	0.005616500709
1413	0.0009737927875
1414	0.001205996378
1415	0.00319521477
1416	0.009429126693
1417	0.0003754686048
1418	0.004140229305
1419	0.005602760606
1420	0.00352432962
1421	0.003936861274
1422	0.01048213801
1423	0.01205146284
1424	0.006584414171
1425	0.001617153656
1426	0.00166571229
1427	0.0006767042866
1428	7.094861542e-05
1429	0.006462624846
1430	8.446866485e-05
1431	8.446866485e-05
1432	0.01067644792
1433	0.007898642465
1434	0.009778320209
1435	0.001385406775
1436	0.006990508383
1437	0.01049600118
1438	0.01091137096
1439	0.005983147802
1440	0.0003293744551
1441	0.004415456014
1442	0.009502208021
1443	0.0002598836887
1444	0.00166643746
1445	0.001048890934
1446	0.006422921257
1447	0.008501746123
1448	0.003450775837
1449	0.0004537010776
1450	0.001714780074
1451	0.0003305379861
1452	0.006835839709
1453	0.001046418546
1454	0.001469145689
1455	0.0003414836666
1456	0.0004915263474
1457	0.01348270485
1458	0.001350716105
1459	0.000822311002
1460	0.0008953114741
1461	0.0005317383742
1462	0.000195833219
1463	0.0002301335707
1464	0.000237349164
1465	0.001147548528
1466	0.001247515015
1467	4.847542084e-06
1468	0.00367313447
1469	0.009111724987
1470	0.001865029562
1471	4.912299449e-05
1472	0.008601139073
1473	0.003023699106
1474	0.0001198367086
1475	0.0003904623124
1476	0.004016216193
1477	0.004963208643
1478	8.931880109e-05
1479	0.007333189485
1480	8.670608091e-05
1481	0.01359772293
1482	0.007433180153
1483	0.0003561817851
1484	0.004218070508
1485	0.004278952597
1486	0.005073789613
1487	0.001431300297
1488	0.0009519885232
1489	0.001041151653
1490	0.001144860191
1491	0.001493575708
1492	0.009176936977
1493	0.006609137246
1494	0.0008138746043
1495	0.003909572542
1496	0.007500727636
1497	0.003014868316
1498	0.001039193819
1499	0.005118557637
1500	0.0009171407269
1501	0.001148810975
1502	0.007660301645
1503	0.0003640682526
1504	0.008019180122
1505	0.004828788539
1506	0.005880423573
1507	0.006395913288
1508	0.004766513051
1509	0.001747385914
1510	0.003994029348
1511	0.006894742084
1512	0.000765579094
1513	8.887475973e-05
1514	0.0006905525978
1515	6.13088552e-05
1516	0.005013194982
1517	0.006187613015
1518	0.0005740153095
1519	0.006565836731
1520	0.001426602386
1521	0.01758991183
1522	0.001036424918
1523	0.001364469437
1524	0.01019484572
1525	0.004134236962
1526	0.01474334956
1527	0.002429722144
1528	0.006878819838
1529	0.002945596511
1530	0.0002251493042
1531	0.002557966266
1532	0.00031900203
1533	0.006574037364
1534	7.259944779e-05
1535	0.002184644795
1536	0.002699072173
1537	0.007532755839
1538	0.005234420949
1539	0.006923882863
1540	0.004781452803
1541	0.003363530952
1542	0.005024998707
1543	0.002575750825
1544	0.001286994923
1545	0.0008615128109
1546	0.00124302221
1547	0.0001503288454
1548	0.008290187892
1549	0.00271959896
1550	0.0006538425326
1551	0.003723835205
1552	0.0005568524435
1553	0.004825035388
1554	0.0005111900021
1555	0.009128637612
1556	0.01541835666
1557	0.002317542402
1558	0.006210958452
1559	0.004444278923
1560	0.007521919155
1561	0.002399414272
1562	9.181055702e-05
1563	0.0001346049046
1564	0.005572018499
1565	0.003740905047
1566	0.001938434122
1567	0.002032608214
1568	0.008377989215
1569	0.001490698835
1570	0.0001188010899
1571	0.0001188010899
1572	0.01090228617
1573	0.0008412928457
1574	0.009706676215
1575	0.006602276057
1576	0.01130186999
1577	0.01059813774
1578	0.001518273816
1579	0.001833307784
1580	0.001122576622
1581	0.004692820133
1582	0.01054044215
1583	0.003297207531
1584	0.0008385110795
1585	0.004474196462
1586	0.01071160741
1587	0.0003692324896
1588	0.0005137294411
1589	0.002068010792
1590	0.002910915548
1591	0.002416773562
1592	0.003479022086
1593	0.006144540671
1594	0.01019679316
1595	0.001060138303
1596	0.003457435837
1597	0.002016058826
1598	0.007030895267
1599	0.0003649260828
1600	0.000969620973
1601	0.003072242677
1602	0.004188975029
1603	0.01062170128
1604	0.01690363795
1605	0.0001361576142
1606	0.006345094937
1607	2.924613987e-05
1608	8.610354223e-05
1609	0.0004934490314
1610	8.048665233e-05
1611	0.0002558527207
1612	0.002817068412
1613	0.002599987865
1614	0.003728029149
1615	0.004924504066
1616	0.01212553731
1617	0.001821744175
1618	0.001602289095
1619	0.001442811418
1620	0.001384388136
1621	0.001145025688
1622	0.002880016935
1623	0.0004399533721
1624	0.0005087152294
1625	0.001108062796
1626	0.007902382371
1627	0.003090471273
1628	0.0007683427195
1629	0.002816595168
1630	0.001461729283
1631	0.002422396357
1632	0.0003385981117
1633	0.009649067357
1634	0.005213715047
1635	0.005108191568
1636	0.006959670028
1637	0.0003289489538
1638	0.01017559732
1639	0.009474554753
1640	0.003324892466
1641	0.002017081605
1642	0.001351365175
1643	0.008618222484
1644	0.003111226651
1645	0.001471933722
1646	0.0006742548018
1647	0.002783426645
1648	0.0007163131105
1649	2.670299728e-05
1650	0.007964707573
1651	0.005921378323
1652	0.004763790042
1653	0.00363330203
1654	0.001039440992
1655	0.0005019636209
1656	0.0004499445706
1657	0.002936822197
1658	0.01134029503
1659	0.00289269445
1660	0.004091154287
1661	0.01275281089
1662	0.004156757333
1663	0.0001888913064
1664	0.001235581375
1665	0.01492996083
1666	0.01071229529
1667	0.0005133986517
1668	0.007386034246
1669	0.006890486019
1670	0.005256859349
1671	0.007322241801
1672	0.0006904028564
1673	0.01427786595
1674	0.005455961579
1675	0.0006234620631
1676	0.001867441538
1677	0.002518465205
1678	0.0004617500943
1679	0.004867651643
1680	0.007568643975
1681	0.0006007676127
1682	0.001100267608
1683	0.02019083978
1684	0.001179920502
1685	0.00153970115
1686	0.0009117900991
1687	0.0007529402855
1688	0.0008246598678
1689	0.00106159238
1690	0.003608735308
1691	0.009137265435
1692	0.002770989526
1693	0.005481407875
1694	0.0003107928759
1695	0.006926456874
1696	0.003424021915
1697	0.00164490378
1698	0.0004613916354
1699	0.001080045779
1700	0.003712906331
1701	0.004049791432
1702	0.01044741897
1703	0.0089097173
1704	0.0004034573705
1705	0.0007468746695
1706	0.003505899101
1707	0.004512933646
1708	0.002053192265
1709	0.0009067543217
1710	0.0007610636421
1711	0.002829574192
1712	0.001025833743
1713	0.003012257079
1714	0.001438267163
1715	0.003254134138
1716	0.000162569636
1717	0.003854554261
1718	0.001466697534
1719	0.00506801487
1720	0.001722960934
1721	0.0005481214885
1722	0.001569231178
1723	0.004865609482
1724	0.0009581490934
1725	0.00120874796
1726	0.004767969194
1727	0.002244729483
1728	0.004545389118
1729	0.0006406393476
1730	0.0007443865568
1731	0.006960848738
1732	0.0007962190489
1733	0.001431144114
1734	0.0006548961813
1735	0.001102404684
1736	0.001151897006
1737	0.001358157137
1738	0.002782187846
1739	0.006653873329
1740	0.007462549467
1741	0.0007196331931
1742	0.003032459537
1743	0.001694526102
1744	0.001851052371
1745	0.003091247849
1746	0.001854654114
1747	1.782980925e-05
1748	0.002932543105
1749	0.0001298637602
1750	6.444498508e-05
1751	9.827352815e-06
1752	0.0001548799814
1753	0.005161900857
1754	0.00533792744
1755	0.003345572848
1756	0.000333173436
1757	0.006600508043
1758	0.002462943185
1759	0.005501813421
1760	0.000614814008
1761	0.001920580059
1762	0.0007634716764
1763	0.0007866509195
1764	0.01149688986
1765	0.0009465953146
1766	0.0007834018264
1767	0.0008425894491
1768	0.0009529082687
1769	0.006341664756
1770	0.006508056893
1771	0.003889359103
1772	0.004540174133
1773	0.0008805970636
1774	0.004245048501
1775	0.0007160210145
1776	0.004322491673
1777	0.0004300061428
1778	0.006086402317
1779	0.004434979243
1780	0.0008599425857
1781	0.003977279619
1782	0.01170575172
1783	0.01253128295
1784	0.0003089577964
1785	0.0001561915677
1786	0.001740206386
1787	0.0009349234639
1788	0.0006299181679
1789	0.001325206956
1790	0.0001250681199
1791	0.0001250681199
1792	0.007675330142
1793	0.003340886345
1794	0.004541854495
1795	0.003216658352
1796	1.967250551e-05
1797	7.057220708e-05
1798	0.000142506812
1799	0.0001430913433
1800	0.01125802492
1801	0.008489783386
1802	0.00110621568
1803	0.001511272068
1804	0.006322309849
1805	0.009822393758
1806	0.0004507066599
1807	0.0007261240883
1808	0.01610580288
1809	0.01501768522
1810	0.0008868599321
1811	0.01744839645
1812	0.0005897641087
1813	0.001216756832
1814	0.001353488356
1815	0.004989638126
1816	0.005419055779
1817	0.001404327639
1818	0.002071331971
1819	0.0007316103684
1820	4.862550944e-06
1821	0.02357523588
1822	0.0004324296432
1823	0.00155533329
1824	0.005510449022
1825	0.001397122418
1826	0.01520337529
1827	0.01041121271
1828	0.0002406503032
1829	0.003877739994
1830	0.01076278668
1831	0.007317992344
1832	0.01290761536
1833	0.0004075396515
1834	0.001775825952
1835	0.005080298556
1836	0.006081883942
1837	0.005499049934
1838	0.01231957539
1839	0.001502042466
1840	0.006656957177
1841	0.0003049401615
1842	0.01116972763
1843	0.004068897328
1844	0.00110654392
1845	0.004209466994
1846	0.0004866476616
1847	0.000296839145
1848	0.007838500187
1849	0.003720556839
1850	0.001934416832
1851	0.0007829252063
1852	0.001660515467
1853	0.007781203422
1854	0.007100769471
1855	0.02130104076
1856	0.0001788643776
1857	0.0005732299283
1858	0.002619907919
1859	0.00928907607
1860	0.009294915504
1861	0.00681291948
1862	0.01151345899
1863	0.02194047127
1864	0.002404589937
1865	0.006939584208
1866	0.005694136391
1867	0.003971661658
1868	0.004543898495
1869	0.007740909624
1870	0.008489207675
1871	0.003622196076
1872	0.002836132929
1873	0.001352000996
1874	0.0003465866174
1875	3.515253196e-05
1876	0.006289392142
1877	0.002504059285
1878	0.0009430785232
1879	0.01125078535
1880	0.006995684749
1881	0.0002263119356
1882	0.0005729500038
1883	0.009566679467
1884	0.01248410322
1885	0.002646261727
1886	0.001475484036
1887	0.004748763141
1888	0.001511274734
1889	0.001154314289
1890	0.001581994222
1891	0.01196587594
1892	0.0008715879742
1893	0.009115453794
1894	0.009098372268
1895	0.001449491009
1896	0.0001221748659
1897	0.00178645144
1898	0.002970859896
1899	0.01205827542
1900	0.001257173063
1901	0.003122507181
1902	0.0006081319309
1903	0.001604556851
1904	0.002944973836
1905	0.0002262210625
1906	0.001534667472
1907	0.002340786464
1908	0.0006753503326
1909	0.001828325495
1910	0.0001310626703
1911	0.0001310626703
1912	0.001554492026
1913	0.004849920339
1914	0.0003571586165
1915	0.005401845675
1916	0.001757082005
1917	0.008604124532
1918	0.005657628913
1919	0.0146865349
1920	0.001203503523
1921	0.004350073399
1922	0.009731749276
1923	0.003662562875
1924	0.007044093045
1925	0.0005106745234
1926	0.008077786017
1927	0.0007591154407
1928	0.003525028002
1929	0.001014652094
1930	0.0002072230774
1931	0.001892675766
1932	0.002603764583
1933	0.001024121125
1934	0.0002549392268
1935	0.002651120709
1936	0.004116894077
1937	0.003616122034
1938	0.006949062446
1939	0.0001378883624
1940	0.006089720901
1941	0.005978049563
1942	0.001085411524
1943	0.01042296553
1944	0.005233298862
1945	0.005146251303
1946	0.0009231693306
1947	0.002326089242
1948	0.00701464952
1949	0.003568036731
1950	0.006674494094
1951	0.004264395041
1952	0.007281401608
1953	0.001420348668
1954	0.006334498509
1955	0.00334461568
1956	0.0007127298813
1957	5.785885297e-05
1958	0.008102424493
1959	0.006071884167
1960	0.001554666157
1961	0.002784300913
1962	0.002753809598
1963	0.003037270696
1964	0.0009530035947
1965	0.005297497969
1966	0.005422643581
1967	0.008967688233
1968	0.004541835281
1969	0.004616678227
1970	0.001437698479
1971	0.0120473255
1972	0.001780371645
1973	0.002389546718
1974	0.005702212911
1975	0.0001053443278
1976	0.001103012649
1977	0.007539966889
1978	0.001769592855
1979	0.001560963206
1980	0.01196981076
1981	0.005186200013
1982	0.004907323001
1983	0.006501927925
1984	0.009470759096
1985	0.005728451828
1986	0.004291034736
1987	0.000596728725
1988	0.001529662585
1989	0.009076567295
1990	0.0008969935304
1991	0.001586547723
1992	0.003052242906
1993	0.0004430352901
1994	0.002430237731
1995	0.001662038429
1996	3.635018932e-05
1997	0.0003773841962
1998	0.001316733272
1999	0.005994906276
2000	0.005879122679
2001	0.002931972048
2002	0.001966428109
2003	0.0002306025691
2004	0.008964648565
2005	0.01066547719
2006	0.0008188078178
2007	0.004614638061
2008	0.00622682985
2009	0.0006834777324
2010	0.00272501004
2011	0.002421983804
2012	0.0198307343
2013	0.001203110456
2014	0.002863520405
2015	0.002366843304
2016	0.001552108727
2017	0.003430823391
2018	0.005057204851
2019	0.007382007667
2020	0.0009063760259
2021	3.411918019e-06
2022	0.0004441462506
2023	0.0007395748545
2024	0.007162116307
2025	0.005275918453
2026	0.005358741457
2027	0.008911407633
2028	0.00384306914
2029	0.004302690492
2030	0.002699053014
2031	0.0001169097263
2032	0.001752405388
2033	0.004702942275
2034	0.0001748442817
2035	0.0007484994018
2036	0.000836943138
2037	0.004222745749
2038	0.0005270071084
2039	0.003214646903
2040	0.005385427431
2041	0.0003975668551
2042	0.01359873578
2043	0.003502582917
2044	0.003574223834
2045	0.0001290709491
2046	0.01176969271
2047	0.002356302846
2048	0.0009602021961
2049	0.006429847662
2050	0.002383792616
2051	0.000160474893
2052	0.0002784741144
2053	0.001129220464
2054	0.006631805401
2055	0.002392416326
2056	0.003884750412
2057	0.003369833269
2058	0.005388087725
2059	7.846169166e-05
2060	0.01097169054
2061	0.003205403711
2062	0.00151871856
2063	0.003396481664
2064	0.003630047231
2065	0.001363608568
2066	0.001407861539
2067	0.007200281956
2068	0.0002473709231
2069	0.0001180544549
2070	0.001352926505
2071	0.002635742715
2072	0.007845662227
2073	0.007497970456
2074	0.00463017058
2075	0.01427146053
2076	0.004961973424
2077	0.001325102587
2078	0.01508931687
2079	0.01499407799
2080	0.005111147492
2081	0.00128777159
2082	0.0004998960266
2083	0.0004847241293
2084	0.002851090055
2085	0.003406761163
2086	0.001021098643
2087	7.888394786e-05
2088	0.00244346394
2089	0.005806503052
2090	0.001219751552
2091	0.009960780476
2092	0.003399183084
2093	0.001009938159
2094	0.0001618172188
2095	0.00449792082
2096	0.0005689446198
2097	0.001598085756
2098	0.006051992809
2099	0.000268441102
2100	0.001060827665
2101	0.0008794595741
2102	0.001617913283
2103	0.008351354128
2104	0.0005935933581
2105	0.01342041251
2106	0.01439350073
2107	0.001571360671
2108	0.006190879018
2109	0.00591551642
2110	0.001512839086
2111	0.003116273096
2112	0.002371439679
2113	0.006883824351
2114	0.001637133689
2115	0.002947784017
2116	4.501547895e-05
2117	0.003398521105
2118	0.0001696457766
2119	0.0002465940054
2120	0.007028080687
2121	0.007179863143
2122	0.0007971327364
2123	0.006806103527
2124	0.00182875808
2125	0.004691024785
2126	0.00360559784
2127	0.01057217985
2128	0.0007426501296
2129	7.351526127e-05
2130	0.003019835775
2131	0.000917368665
2132	0.0039724297
2133	0.0005757006734
2134	0.01440856036
2135	0.007150373156
2136	0.0008858077988
2137	0.0002750741133
2138	0.001445122515
2139	0.003200106139
2140	0.008563787877
2141	0.006552838242
2142	0.002010698226
2143	0.001132131387
2144	0.002210083866
2145	0.004516040444
2146	0.0002386881298
2147	2.438389343e-05
2148	0.0002444141689
2149	0.01579237291
2150	0.008465234704
2151	0.01373479553
2152	0.0002125340599
2153	0.0001613987284
2154	0.001281336139
2155	0.01320052779
2156	0.001571024063
2157	0.001752881727
2158	0.0038959133
2159	1.653042688e-05
2160	7.384196185e-05
2161	0.00910118161
2162	0.001570612706
2163	0.0004400230916
2164	0.001421633412
2165	0.002213080502
2166	0.006889175812
2167	0.005649797916
2168	0.003353922921
2169	0.00404707574
2170	0.0003970991004
2171	0.002801996532
2172	0.002981183916
2173	0.002900646323
2174	0.0001960469261
2175	0.0004943209069
2176	0.001408255868
2177	0.000246692343
2178	0.001302071457
2179	0.0008271941238
2180	0.004184455306
2181	0.01194624985
2182	0.002046108642
2183	9.534330635e-05
2184	0.002855415398
2185	0.0001560399637
2186	0.0002247956403
2187	0.008270187788
2188	0.0008206880936
2189	0.02316745001
2190	0.002209591239
2191	0.006441716425
2192	0.001479873556
2193	0.01041212967
2194	0.0006374135712
2195	0.001831437803
2196	0.003743127463
2197	0.002067201996
2198	0.0009044683532
2199	0.0004869105014
2200	0.001583567469
2201	0.0006093493836
2202	0.009332947836
2203	0.0003163504402
2204	0.002551286227
2205	0.005396406681
2206	0.002861990653
2207	0.0003842797364
2208	0.006943368442
2209	0.008795261724
2210	0.0005471481589
2211	0.003540348283
2212	0.004025176259
2213	0.006743502631
2214	0.01008129659
2215	0.008998886023
2216	0.0006648122927
2217	9.126924116e-05
2218	0.004037293688
2219	0.008673491693
2220	0.004133294879
2221	0.001912865537
2222	0.003195143434
2223	0.002871078399
2224	0.001766131625
2225	0.001081901835
2226	2.314696051e-05
2227	0.003518138198
2228	0.0001683738145
2229	0.005481347824
2230	0.001770286996
2231	0.009066042005
2232	0.003114496614
2233	0.01396300862
2234	0.00637580223
2235	0.003135518252
2236	0.0009505520626
2237	8.385092931e-06
2238	0.001201287758
2239	0.006293796139
2240	0.006070827683
2241	0.00241643334
2242	0.009295391778
2243	0.000108908348
2244	0.00491817943
2245	0.007312991866
2246	0.0006878343324
2247	0.004251838066
2248	0.0002836559869
2249	0.00472770524
2250	0.002635800414
2251	0.004906075362
2252	0.005935517046
2253	0.001664341681
2254	0.01732136244
2255	0.004704628953
2256	0.004950038291
2257	0.004456938829
2258	0.007442349964
2259	0.0006044644578
2260	0.01372597162
2261	0.004042034293
2262	0.0003911692305
2263	0.0004646156851
2264	0.0002360274506
2265	0.001356595205
2266	0.004126487435
2267	0.01195556433
2268	0.0005179863692
2269	0.001682190622
2270	0.002098348294
2271	0.004978725886
2272	0.002287382629
2273	0.002225479756
2274	0.003593304173
2275	8.940194663e-05
2276	1.985896454e-05
2277	0.006293760027
2278	0.005669580351
2279	0.002563739604
2280	4.686648501e-05
2281	4.686648501e-05
2282	0.01030694485
2283	0.0005050638314
2284	0.003261835291
2285	0.002715367365
2286	0.005627165339
2287	0.004664902244
2288	0.002417573236
2289	0.0100159963
2290	0.002960807332
2291	0.007315516587
2292	0.002414262592
2293	0.001497744111
2294	0.01102185237
2295	0.008864476433
2296	0.002487036851
2297	0.01002287848
2298	0.000802047593
2299	0.01216671716
2300	0.0008693071386
2301	0.003162825343
2302	0.001719627782
2303	0.0005814627501
2304	0.0003204308337
2305	0.006670748481
2306	0.004174024506
2307	0.001944567421
2308	0.005980502462
2309	0.01049001456
2310	0.0009706302146
2311	0.001765654016
2312	0.001413335841
2313	0.000527045148
2314	0.002657246846
2315	0.0003512150118
2316	0.001670196871
2317	0.001395967616
2318	0.0007294893997
2319	0.0009003330249
2320	0.003860881516
2321	0.0006074527047
2322	0.006440189928
2323	0.00257662476
2324	0.004473923455
2325	0.001205722016
2326	0.001042681802
2327	0.0001030143545
2328	0.001320539084
2329	0.01188603936
2330	0.0006827992732
2331	0.002277316316
2332	0.003176789738
2333	0.01172547186
2334	0.001635088549
2335	0.01370200161
2336	0.002923640904
2337	0.005212571564
2338	0.0003951659831
2339	0.001816402405
2340	0.004362659564
2341	0.001137747275
2342	0.004008258011
2343	0.0004242681497
2344	6.920980926e-05
2345	6.920980926e-05
2346	0.0004727635782
2347	0.006681615319
2348	0.0007942353686
2349	0.002440541496
2350	0.00173209751
2351	6.394187103e-05
2352	6.902785174e-05
2353	0.01032819589
2354	0.008128259156
2355	0.005934475898
2356	0.01040218588
2357	0.0008634487059
2358	0.006335360894
2359	0.006458333877
2360	0.002010836812
2361	0.001043542932
2362	0.0001343264909
2363	0.0001587322179
2364	0.01018152075
2365	0.0003266956294
2366	0.002331701166
2367	0.002039187302
2368	0.0004393316249
2369	0.0001737826112
2370	0.001064029687
2371	0.001738454358
2372	0.007794576469
2373	0.0001731068637
2374	0.006344033511
2375	0.007452425765
2376	0.01011015602
2377	0.003929500903
2378	0.004907342483
2379	4.170825905e-05
2380	0.01045738699
2381	0.005532270913
2382	0.001112164971
2383	0.0007480668531
2384	0.009108367839
2385	0.001138151468
2386	0.002624570287
2387	0.006743590192
2388	0.005363809921
2389	0.0004120455146
2390	5.319579603e-05
2391	0.007444374472
2392	0.005046312982
2393	0.01261249349
2394	0.008879359148
2395	0.01008613834
2396	0.009688868633
2397	0.007147376701
2398	0.002507977282
2399	4.708761422e-05
2400	0.0001324250682
2401	0.004373235669
2402	0.002842381905
2403	0.007973074261
2404	0.01166115105
2405	0.0006634181682
2406	0.0002297104241
2407	0.001379246745
2408	0.004242778298
2409	2.848233208e-05
2410	4.830853071e-05
2411	0.01750238822
2412	0.002714413372
2413	0.003855205422
2414	0.001159286136
2415	0.00312440968
2416	0.003552729663
2417	0.004966125594
2418	0.00135001435
2419	0.01718264176
2420	0.007167895686
2421	0.001689961087
2422	0.007725228411
2423	0.00342106768
2424	0.003824520972
2425	0.004107417225
2426	0.000240782464
2427	0.005825604468
2428	0.01183933892
2429	0.001590231605
2430	0.003023154092
2431	0.0005413667307
2432	0.01085495134
2433	0.003343491768
2434	7.611262489e-05
2435	0.0001923251589
2436	0.0002137914336
2437	0.005272510395
2438	0.001649722807
2439	0.0001079019074
2440	0.0001079019074
2441	0.001321116028
2442	0.0006407168103
2443	0.008888874737
2444	0.006243061023
2445	9.61671208e-05
2446	0.0001310626703
2447	0.003457307252
2448	0.003720712124
2449	0.001207254972
2450	0.007821885971
2451	0.0009882452027
2452	0.004891294072
2453	0.003822435322
2454	0.002331076126
2455	0.0004792075225
2456	0.0114141529
2457	0.009940689133
2458	0.005949265924
2459	0.008035464343
2460	0.002763610971
2461	0.004869946342
2462	0.004041572933
2463	0.00124099686
2464	0.00827380413
2465	0.002834547147
2466	0.03080583883
2467	0.004978919798
2468	0.004843901663
2469	0.003951770483
2470	0.001060605922
2471	3.760217984e-05
2472	3.760217984e-05
2473	0.003245741915
2474	0.007811301955
2475	0.006693175087
2476	0.0008099939232
2477	0.000827821838
2478	0.0006719415927
2479	0.002893819215
2480	0.001457845184
2481	0.01295081286
2482	0.001153326862
2483	0.003199381042
2484	0.0005990847107
2485	0.003405810709
2486	0.003390560929
2487	0.01154463061
2488	0.005780210366
2489	0.004226649327
2490	0.005961768196
2491	0.002334646629
2492	0.002719641095
2493	0.006868449735
2494	0.00127856088
2495	0.006751621326
2496	0.001575932844
2497	0.003549664664
2498	0.007210911612
2499	0.008611769512
2500	0.01090337677
2501	4.904632153e-05
2502	4.904632153e-05
2503	0.0007289468988
2504	0.003173661979
2505	0.01008393886
2506	0.0001734965065
2507	0.0003710512874
2508	5.185256366e-05
2509	0.007867415895
2510	0.001507071183
2511	0.003680221817
2512	0.002638862825
2513	0.0002542735731
2514	0.00458447375
2515	0.008110212087
2516	0.008861708251
2517	0.002145321666
2518	0.001043387181
2519	0.004739974753
2520	0.001826935564
2521	0.002543391814
2522	0.001770254131
2523	0.001081524074
2524	0.002475091105
2525	0.004470097355
2526	0.0008093087371
2527	0.0001514401841
2528	0.002383716952
2529	0.003861234467
2530	0.002207013678
2531	0.0008236547938
2532	0.0003408419469
2533	0.007037055875
2534	0.0004649982286
2535	0.005401057915
2536	0.003327377194
2537	0.002145643915
2538	0.0006157875215
2539	0.002471015172
2540	0.002559743378
2541	0.008945498154
2542	0.00605064355
2543	0.00282043534
2544	0.001329514807
2545	0.0001698773672
2546	0.005936240832
2547	0.01022675588
2548	0.002545295125
2549	0.00487151394
2550	0.003375674387
2551	0.004758115743
2552	0.005521124033
2553	0.001552227438
2554	0.0004417841941
2555	0.003691312696
2556	0.007691565757
2557	0.001246243721
2558	0.01285358431
2559	0.001407902917
2560	0.002257126216
2561	0.005026007528
2562	0.002171991758
2563	0.002122936631
2564	0.000157747954
2565	0.003014513072
2566	0.0002058858568
2567	0.001010863151
2568	0.00551310335
2569	0.01413744318
2570	0.0003252643591
2571	0.002090724659
2572	0.0007201845428
2573	0.009383960478
2574	0.002212583868
2575	0.01060165005
2576	0.007164822872
2577	0.0001475957769
2578	0.00122564076
2579	0.001028903538
2580	0.009110926449
2581	0.0001429773537
2582	0.001250561995
2583	0.0122720745
2584	0.01109650983
2585	0.00198040138
2586	0.0004122105986
2587	0.001615633597
2588	0.006226340661
2589	0.002126689775
2590	0.005087502524
2591	3.335888367e-05
2592	0.004053238292
2593	0.0005638611842
2594	0.01695152354
2595	0.000607401909
2596	0.00484087884
2597	0.009197693011
2598	0.0003979335586
2599	6.244062326e-05
2600	0.003277723553
2601	0.009642031098
2602	0.0008491274689
2603	0.004143746337
2604	0.008121109294
2605	0.009249954656
2606	0.01063843108
2607	0.0005358839986
2608	0.002879113822
2609	0.0002798674532
2610	0.001047543994
2611	0.005224754984
2612	0.0002910499921
2613	0.007681247373
2614	0.0005950612277
2615	0.0001852851586
2616	0.002928195841
2617	0.0006168749908
2618	0.006944753957
2619	0.004705356686
2620	0.02303459697
2621	0.0001662410401
2622	0.0009570728916
2623	0.009985885624
2624	0.003751543319
2625	0.001487882769
2626	0.01030520869
2627	0.00113198491
2628	0.001713808944
2629	0.000816365301
2630	0.001967600838
2631	0.001106170258
2632	0.008625786265
2633	0.001387518067
2634	0.0008042179523
2635	0.01228922411
2636	0.008198290413
2637	0.0009712884494
2638	0.003194595783
2639	0.0006353114211
2640	9.886669592e-05
2641	0.004594899573
2642	0.001868514501
2643	0.002198931845
2644	0.008913526665
2645	0.003265870532
2646	0.005863104087
2647	0.0005461454029
2648	0.004567293572
2649	0.01618263189
2650	0.005074108976
2651	0.01068089215
2652	0.003038314702
2653	0.0001589464124
2654	0.000248773842
2655	0.007607733507
2656	0.000379627372
2657	0.004476654243
2658	0.005660668834
2659	0.002897608649
2660	0.000182565732
2661	3.137273415e-05
2662	0.004137881244
2663	7.547683924e-05
2664	7.847411444e-05
2665	0.001819104423
2666	0.001737514298
2667	0.001068367621
2668	0.005257495291
2669	4.750227066e-05
2670	0.0002386848133
2671	0.0001513567042
2672	0.000169974455
2673	0.003002215409
2674	0.003980391639
2675	0.003739493737
2676	0.0005466137218
2677	0.002502885749
2678	0.01352731389
2679	0.002692136757
2680	0.006313266466
2681	0.005775981337
2682	0.01178447074
2683	0.0001669962372
2684	0.008146368708
2685	0.001184262575
2686	0.007197118605
2687	0.0007663578023
2688	0.002424808327
2689	0.001753922511
2690	3.031789282e-05
2691	0.0003513673859
2692	0.000526932742
2693	0.001884991391
2694	0.0004711753367
2695	0.009065884408
2696	0.005516565858
2697	0.01657313848
2698	0.002251974081
2699	0.006442379419
2700	9.152436036e-05
2701	0.001732229995
2702	0.0001199514081
2703	0.004582096809
2704	0.003689715274
2705	0.001536186784
2706	0.002729635375
2707	0.0006799372112
2708	0.001168854281
2709	0.003055238869
2710	0.0006464800817
2711	0.007152374282
2712	1.050206426e-05
2713	0.006413794501
2714	0.003436520567
2715	0.0002490441097
2716	0.005504390278
2717	0.001315013835
2718	0.007577107322
2719	0.0001278770818
2720	0.0005198822965
2721	0.004487422676
2722	0.008949825491
2723	0.01359963124
2724	0.002394509506
2725	0.0006286280421
2726	0.002401222572
2727	0.005796052757
2728	0.01157368692
2729	0.001226704238
2730	0.007413898539
2731	0.002200795924
2732	0.0014001316
2733	0.0005300088339
2734	0.008043199095
2735	0.007857828494
2736	0.0005644136004
2737	0.009008415443
2738	0.0006984678055
2739	0.0009604319187
2740	0.009505406267
2741	0.01458681534
2742	0.003111747253
2743	0.015339748
2744	0.004206254546
2745	0.00671734642
2746	0.002168835463
2747	0.003559705549
2748	0.009260150091
2749	0.0009113556677
2750	0.000923568013
2751	0.0110868806
2752	0.001215310277
2753	0.004065707292
2754	0.001043236384
2755	0.002039778881
2756	0.0008848890558
2757	0.009319473161
2758	0.0001464123524
2759	0.0001863760218
2760	0.0007872773725
2761	0.003595993496
2762	0.0007864651095
2763	0.005348995212
2764	0.001169446565
2765	0.01435644423
2766	0.001155308635
2767	0.002195350684
2768	0.004940925412
2769	0.006657787672
2770	0.01925244621
2771	0.0003582370194
2772	0.00665699957
2773	0.003882158936
2774	0.009145139114
2775	0.006661954245
2776	0.003196744955
2777	0.004816361694
2778	0.0006125397729
2779	0.008054725016
2780	0.006775552992
2781	0.0006224967034
2782	0.004812682331
2783	0.002449455152
2784	0.00123881761
2785	0.003665813355
2786	0.003599025359
2787	0.002929916866
2788	0.002617219949
2789	0.001038966461
2790	0.01277984337
2791	0.000525627696
2792	0.002424239323
2793	0.006643901589
2794	0.003563074638
2795	0.0009135274039
2796	0.009971628043
2797	0.008495796607
2798	0.0001659173939
2799	0.006045320821
2800	0.003576318173
2801	0.006412506458
2802	0.0002941656499
2803	0.001304563897
2804	0.002017288305
2805	0.001115597367
2806	0.0002027809349
2807	0.006428918187
2808	0.006202732661
2809	0.00313477848
2810	0.003772180068
2811	0.003411972182
2812	0.003170607323
2813	0.0009189015308
2814	0.002042635387
2815	0.003919600117
2816	0.002824721081
2817	0.003450901867
2818	0.004823278807
2819	0.0002944872454
2820	0.01292647675
2821	0.0006244542802
2822	0.005053618842
2823	0.005809385465
2824	0.001937573992
2825	0.0007087222897
2826	0.00526229649
2827	0.004685250941
2828	0.005070184176
2829	0.01107898769
2830	0.001089261126
2831	0.003629290452
2832	0.003087556898
2833	0.002491561898
2834	0.008357421809
2835	0.0005976032296
2836	0.001656652516
2837	0.0003964884669
2838	0.009510300512
2839	0.006522473927
2840	0.006181770047
2841	0.005286814033
2842	0.002240812089
2843	0.009711546388
2844	0.000716197142
2845	0.009788612773
2846	0.01165028601
2847	0.00399579454
2848	0.004142689308
2849	0.002391555689
2850	0.00186945386
2851	8.392370572e-05
2852	8.392370572e-05
2853	0.008144222454
2854	0.001967999735
2855	7.656675749e-05
2856	0.0001741144414
2857	0.005134282801
2858	2.362648145e-05
2859	0.0005465578741
2860	0.005152594178
2861	0.00946375108
2862	0.001372858674
2863	0.00322386907
2864	0.00358649245
2865	1.667401933e-05
2866	0.01759475172
2867	0.002450496426
2868	0.004539319823
2869	0.005233223869
2870	0.004582919872
2871	0.006571999595
2872	0.004079596044
2873	0.002384373974
2874	0.005106509678
2875	0.0001106448683
2876	0.0002351498638
2877	0.01665167201
2878	0.005995356858
2879	0.0006720177165
2880	0.001610050049
2881	0.001267557511
2882	0.005889702066
2883	0.0001567932481
2884	0.0009508531167
2885	0.000548719426
2886	0.001174040899
2887	0.01095328413
2888	0.0006217039282
2889	0.0008098920062
2890	0.001483877863
2891	0.000522462399
2892	0.002661262307
2893	0.001511601779
2894	0.004236853216
2895	0.0009564583084
2896	0.0004646342623
2897	0.003765040229
2898	0.001757495513
2899	0.002405298683
2900	0.002170073676
2901	0.003823382033
2902	0.002143057968
2903	0.005981737985
2904	0.0003575496564
2905	0.0004376957678
2906	0.002092765183
2907	0.0004119135088
2908	0.002534099713
2909	0.0006823594295
2910	0.008522562367
2911	0.002319709031
2912	0.008791596186
2913	0.004132317764
2914	0.007905789214
2915	0.0007912448025
2916	4.604904632e-05
2917	4.604904632e-05
2918	0.00925444652
2919	0.002150236731
2920	0.001011828133
2921	0.001485769225
2922	0.002957073673
2923	6.904766819e-05
2924	1.825613079e-05
2925	1.825613079e-05
2926	0.005782060446
2927	0.002413230557
2928	0.0001065395095
2929	0.0001065395095
2930	0.008006489329
2931	0.0100535426
2932	0.01305017762
2933	0.00180676719
2934	0.0008364034941
2935	0.007497968867
2936	0.005361238808
2937	0.004167264376
2938	0.0002060102475
2939	0.01673888445
2940	0.008615990776
2941	0.008210558728
2942	0.0004794567655
2943	0.0006939406667
2944	0.006274264643
2945	0.00154125458
2946	0.003175311521
2947	0.00443541049
2948	0.007068777549
2949	0.0001470118074
2950	0.000240599455
2951	0.01062444597
2952	0.000186795663
2953	0.000233267955
2954	0.002673358224
2955	0.0001943503791
2956	0.002771800004
2957	0.002825582851
2958	0.007852424952
2959	0.003229055275
2960	0.0007310499868
2961	0.003203722435
2962	0.006558215296
2963	0.01505481815
2964	0.003146428718
2965	0.003264965229
2966	0.005126333081
2967	0.006823482388
2968	0.003692789161
2969	2.111509519e-05
2970	0.004778721394
2971	0.002161540135
2972	0.007830256416
2973	0.000638384274
2974	0.005718431756
2975	0.0008334868226
2976	0.001308361256
2977	0.004440887182
2978	0.002388518345
2979	0.002924339149
2980	0.0009273860914
2981	0.008996343194
2982	0.006321321128
2983	0.009881130084
2984	0.009050598268
2985	0.001188967894
2986	0.001756122434
2987	0.003561440557
2988	0.01359497618
2989	0.0111258891
2990	0.001265095852
2991	0.001469531817
2992	0.002467833268
2993	0.001854588634
2994	0.006600134198
2995	0.001213147534
2996	0.0003256215724
2997	0.01174989295
2998	0.02450635177
2999	0.002022390825
3000	0.000823402252
3001	0.01418762314
3002	0.005136854642
3003	0.002826093619
3004	0.0002068403823
3005	0.003982687581
3006	0.007448654183
3007	0.001239104452
3008	0.002135485598
3009	0.008302975767
3010	0.006789579271
3011	0.00330646093
3012	0.005060396263
3013	0.004098699631
3014	0.007780982025
3015	0.01109824984
3016	0.005416777682
3017	0.01103751727
3018	0.006449845065
3019	0.001973946793
3020	0.009729864322
3021	0.004439489639
3022	0.009171682318
3023	0.004808769174
3024	0.01203001039
3025	0.001538315656
3026	0.001546744338
3027	0.001868594806
3028	5.562216167e-05
3029	0.0001577656676
3030	0.0022427979
3031	0.003266565956
3032	0.0007514825898
3033	0.006702890062
3034	0.0007217391415
3035	0.008068404617
3036	0.002410768238
3037	0.000206116613
3038	0.0005204140797
3039	0.001578998097
3040	0.008299258428
3041	0.006944869392
3042	0.0008145045267
3043	0.01807222788
3044	0.004528398413
3045	0.001311206566
3046	0.01498309931
3047	0.01108769329
3048	0.001299580914
3049	0.005224679943
3050	0.003400131708
3051	0.001054351862
3052	0.003429062383
3053	0.007234936563
3054	0.007216369894
3055	0.009560159912
3056	0.002829315793
3057	0.001696984399
3058	0.00319856667
3059	0.01390326556
3060	0.005291545249
3061	0.005822413306
3062	0.004394138715
3063	0.0001015440509
3064	0.0001095367847
3065	9.455040872e-05
3066	9.455040872e-05
3067	0.008026440443
3068	0.002950142723
3069	0.01410427067
3070	0.004618678799
3071	0.0002074466619
3072	0.006334646471
3073	0.002853828852
3074	1.202786919e-05
3075	0.001808661319
3076	0.002576221009
3077	0.00228788315
3078	0.0006173039189
3079	0.004252295696
3080	0.0006954692598
3081	0.0005669120188
3082	0.01360835033
3083	0.01023375725
3084	0.01376192413
3085	0.005196205829
3086	0.004915984025
3087	0.004864839177
3088	0.0057313327
3089	0.00877136888
3090	0.007394236502
3091	0.009755446797
3092	0.0007895830273
3093	0.0008463908151
3094	0.004094107342
3095	0.001411834329
3096	0.001025465133
3097	9.809264305e-05
3098	9.809264305e-05
3099	0.005585857341
3100	0.001511121641
3101	0.005179221902
3102	0.002367261076
3103	0.005540345757
3104	0.008199309866
3105	0.00147340625
3106	0.0006393961114
3107	0.001534974126
3108	0.01171947202
3109	0.0056778678
3110	4.857766827e-05
3111	0.003066026499
3112	0.002091923446
3113	0.009963988532
3114	0.005006722477
3115	0.0009969486626
3116	0.002076991837
3117	0.002273278211
3118	0.002255640687
3119	0.0006661759336
3120	0.003551310759
3121	0.003200863978
3122	0.001998327759
3123	8.879651325e-05
3124	0.00104984229
3125	0.003679429825
3126	0.0007321362564
3127	0.0001442325159
3128	0.001068656884
3129	0.0006867998349
3130	0.003746320634
3131	0.004169475943
3132	0.0005775423234
3133	0.00103267894
3134	0.0005856594411
3135	0.0002100324156
3136	0.0001154901978
3137	0.002646438232
3138	0.0003320180569
3139	0.002610594535
3140	2.397820163e-05
3141	2.397820163e-05
3142	0.0003730831467
3143	0.006401927495
3144	0.0006050159679
3145	0.003350738812
3146	0.002295149325
3147	0.001058003135
3148	0.001897842654
3149	0.002096508362
3150	0.003070481421
3151	0.005372461708
3152	0.0006276444931
3153	0.005291066537
3154	0.006260130022
3155	0.01221807645
3156	0.001421987424
3157	0.005487832828
3158	0.005900222316
3159	0.01146052119
3160	0.002264348448
3161	0.0006576792604
3162	0.000313228744
3163	0.007299324621
3164	0.0001009245834
3165	0.0001811280682
3166	0.01152224794
3167	0.006793665925
3168	4.986376022e-05
3169	4.986376022e-05
3170	0.0002245513333
3171	0.003371501257
3172	0.0003983347201
3173	0.00529130982
3174	0.006990188038
3175	0.0002317714495
3176	0.006736675927
3177	1.035422343e-05
3178	1.035422343e-05
3179	0.006218622238
3180	0.002063339246
3181	0.01288965763
3182	0.005832754967
3183	0.001214798801
3184	0.004349025569
3185	0.01530840971
3186	0.01094146422
3187	0.003711688238
3188	0.002066064422
3189	0.002626800323
3190	0.009044100697
3191	0.000600507546
3192	0.003088787911
3193	0.006299699182
3194	0.01617949305
3195	0.007321248073
3196	0.01823220201
3197	0.003840544473
3198	0.002137010388
3199	0.001278061242
3200	0.0007807939608
3201	0.004128854677
3202	0.001882881864
3203	0.003157430651
3204	0.0001261865622
3205	0.008192544492
3206	0.003011184169
3207	0.009648119549
3208	0.002234466069
3209	0.00305972113
3210	0.01547583184
3211	0.008206954118
3212	0.001748421508
3213	0.001352903568
3214	0.001500955262
3215	0.002904312866
3216	0.005342008212
3217	0.01142431221
3218	0.01170841644
3219	3.523015283e-05
3220	0.009073877265
3221	0.008138760265
3222	3.651226158e-05
3223	3.651226158e-05
3224	0.00414867297
3225	0.0003862922831
3226	0.003814375208
3227	0.00788111303
3228	0.002412443849
3229	0.0001351498638
3230	0.0001351498638
3231	4.541326067e-06
3232	0.001875360375
3233	0.0009890130768
3234	0.0006418272159
3235	0.01830758458
3236	0.01197065665
3237	0.003965903856
3238	0.003870741261
3239	0.007662024744
3240	0.007239979493
3241	0.006061142402
3242	0.0002989357124
3243	0.0099205443
3244	8.923604929e-05
3245	0.0002403927168
3246	0.01121738764
3247	0.00184167372
3248	0.004200144775
3249	0.0001763850133
3250	0.002241259121
3251	0.01048230447
3252	0.0006715811229
3253	0.000197314495
3254	0.01395893257
3255	0.001687329315
3256	0.008294960238
3257	0.0001302452316
3258	0.0001302452316
3259	0.002501157264
3260	7.683923706e-05
3261	7.683923706e-05
3262	6.136088239e-05
3263	0.001572435572
3264	0.0007879956423
3265	0.01537323691
3266	0.004888502993
3267	0.0001458386058
3268	6.889427365e-05
3269	0.00148490697
3270	7.711171662e-05
3271	7.711171662e-05
3272	0.002921896999
3273	0.00193964291
3274	0.0005552158573
3275	0.004744221875
3276	0.007548559762
3277	0.005584632761
3278	0.003215768943
3279	0.0007161183487
3280	4.128222546e-05
3281	0.001095912413
3282	0.002489682708
3283	0.008018292686
3284	0.001092394837
3285	0.001450725675
3286	0.01521874435
3287	0.003165492679
3288	0.0004516106993
3289	0.00530882875
3290	0.007646084746
3291	0.007230266085
3292	0.003772096809
3293	0.003290381687
3294	0.0002297396495
3295	0.005893589935
3296	0.001515205325
3297	0.00683453536
3298	0.0007204096093
3299	0.009740218123
3300	0.009236285194
3301	0.002559461047
3302	0.008189680856
3303	0.001163366671
3304	0.0001782955916
3305	0.001642662684
3306	0.0009217357448
3307	0.0007073616213
3308	0.004897738231
3309	0.0008448080179
3310	0.001729454121
3311	0.003899936732
3312	0.0002087885804
3313	0.00818515776
3314	0.008135096047
3315	0.0006440004439
3316	0.007807845372
3317	0.00515032211
3318	0.001982105076
3319	0.000630452208
3320	0.01213996584
3321	0.003377946375
3322	0.006852223527
3323	0.008218997577
3324	0.002386816454
3325	0.0001547192896
3326	0.007892872359
3327	6.469633933e-05
3328	0.008470127884
3329	1.052761792e-05
3330	0.01658575076
3331	0.006192895224
3332	0.0002400500894
3333	0.001420135857
3334	0.003957412482
3335	0.004781100397
3336	0.004924755308
3337	0.01081222671
3338	0.001315231829
3339	0.003299768714
3340	0.006078787468
3341	0.001468175352
3342	0.004871539523
3343	0.005377887063
3344	0.004462550311
3345	0.001271962887
3346	0.001142769079
3347	0.001303806464
3348	0.00134793442
3349	0.001441010974
3350	0.0005209725309
3351	0.002603581379
3352	0.002417866828
3353	0.002380384969
3354	0.001765923918
3355	0.007039411151
3356	0.003583983912
3357	0.0001247956403
3358	0.0001247956403
3359	0.0001582347816
3360	0.0009732696308
3361	0.004362904976
3362	0.002628319265
3363	0.003050376012
3364	0.0007246636821
3365	0.00129255075
3366	0.0007538901153
3367	0.0103635321
3368	0.001379909103
3369	0.002215600341
3370	0.008810591926
3371	0.0005671666234
3372	0.0004200250473
3373	0.00234245812
3374	0.00282187971
3375	0.01089978245
3376	0.004909702425
3377	0.0003343007362
3378	0.003079283699
3379	0.0002715357908
3380	0.003487822951
3381	0.001398116422
3382	0.003145567595
3383	0.00240421848
3384	0.004320447642
3385	0.002956709695
3386	0.003770913277
3387	0.0001016348774
3388	0.0001016348774
3389	0.001033687248
3390	0.01099080843
3391	0.004265887914
3392	0.003550882851
3393	0.001562068075
3394	0.001492923632
3395	0.0002177302471
3396	0.001914547504
3397	4.804722979e-05
3398	0.000119346049
3399	0.009716485724
3400	0.003718367481
3401	0.007045640411
3402	0.0008018797237
3403	0.004728441284
3404	0.0006490248536
3405	0.002964870239
3406	0.003965586993
3407	0.007419962291
3408	0.01385790035
3409	0.01139284902
3410	0.008482783516
3411	0.008901852504
3412	0.001922195572
3413	0.0007124971525
3414	0.002146481595
3415	0.005855787732
3416	0.005200059267
3417	0.001548235565
3418	0.006152019275
3419	0.007545238999
3420	0.003516610579
3421	0.006625082319
3422	0.002017256842
3423	0.002837228286
3424	0.007870943161
3425	0.003383591046
3426	0.005253440379
3427	0.0008784593973
3428	0.005072776047
3429	0.005435494242
3430	0.006064924579
3431	0.00144689356
3432	0.001097196928
3433	0.0001608596206
3434	0.0003583229681
3435	0.02113231047
3436	0.0008918380714
3437	0.003838123639
3438	0.003496598806
3439	0.001473300754
3440	0.006617538486
3441	0.002477853029
3442	0.002687262536
3443	0.002351918201
3444	0.00276730005
3445	0.000235059363
3446	0.002346255079
3447	0.002714324001
3448	0.001684980062
3449	0.0004046083947
3450	0.001377289432
3451	0.0005442156393
3452	0.01165775668
3453	0.004238955402
3454	0.01282186719
3455	0.0005762373975
3456	0.001079174767
3457	0.006089678499
3458	0.01220513923
3459	0.003156632498
3460	0.0005589874188
3461	0.002351232464
3462	0.001852011498
3463	0.001704703746
3464	0.006817185339
3465	0.0005015439424
3466	0.002723117427
3467	0.003718510185
3468	0.01655685545
3469	0.003603516168
3470	0.009081941537
3471	0.005905660769
3472	0.009283942729
3473	0.002678231647
3474	4.632152589e-06
3475	4.632152589e-06
3476	0.0004280058283
3477	0.008374968754
3478	0.005196523928
3479	0.001772377126
3480	0.005970243111
3481	0.004032289119
3482	0.001146389835
3483	0.0005482858852
3484	0.004395371795
3485	0.001682257236
3486	0.002256580346
3487	0.0001092643052
3488	0.0001092643052
3489	0.004261746469
3490	7.974568574e-05
3491	0.0001629427793
3492	0.0005732116871
3493	0.005075710306
3494	0.005840523905
3495	0.0006214449988
3496	0.003172378455
3497	0.007941584961
3498	0.001942742113
3499	0.001071854384
3500	0.0001644543672
3501	0.007240476785
3502	0.01015546108
3503	0.008069346853
3504	0.004069167679
3505	5.177111717e-06
3506	5.177111717e-06
3507	0.006001451324
3508	0.005765517188
3509	0.002295021766
3510	0.0005904397711
3511	0.001623443504
3512	0.005897067534
3513	0.005618038457
3514	0.002179127754
3515	0.0001139759101
3516	0.001439787681
3517	0.003015310403
3518	0.005625026923
3519	0.0004217946107
3520	0.0005567040669
3521	0.004511705179
3522	0.000628504005
3523	0.0001784535944
3524	0.003912734915
3525	0.008324111052
3526	0.001174875669
3527	0.00190163763
3528	6.252210962e-05
3529	0.0002155476962
3530	0.0006241226585
3531	0.004263674147
3532	0.002128243252
3533	0.0001317579263
3534	0.01240471462
3535	0.007297026713
3536	0.008540470742
3537	0.0006597912572
3538	0.002936132956
3539	0.001737123605
3540	0.008125339139
3541	0.001273923431
3542	0.01858574353
3543	0.001369561941
3544	0.0006388143725
3545	0.0008605857561
3546	0.002411943723
3547	0.01383411772
3548	0.0007112833204
3549	0.005483490227
3550	0.0001186719881
3551	0.002427292397
3552	0.009655643321
3553	0.006623171771
3554	0.000907660401
3555	0.006249562125
3556	0.003264676358
3557	0.01225771582
3558	0.001595718687
3559	0.001983212487
3560	0.003330895944
3561	0.007138886351
3562	0.004354435193
3563	0.00517709135
3564	0.005704743613
3565	0.008931411457
3566	0.003084179654
3567	0.00151037994
3568	0.0003903362305
3569	0.002097540616
3570	0.01177490678
3571	0.009387954531
3572	0.004432462497
3573	0.0008686123509
3574	7.27520436e-05
3575	7.27520436e-05
3576	0.006529635886
3577	0.003650203642
3578	0.003500781863
3579	0.004729822504
3580	0.00331659779
3581	0.0008787036923
3582	0.001682935539
3583	0.0004700927779
3584	0.00802397788
3585	0.003001152129
3586	0.007589038248
3587	0.005374674635
3588	0.001777865217
3589	0.00314313028
3590	0.0144342317
3591	0.00171900333
3592	0.00190504927
3593	0.009974180507
3594	0.006152265685
3595	0.001556743317
3596	0.01552759601
3597	0.01186434685
3598	0.004781368183
3599	0.005902308864
3600	0.00566321391
3601	0.00243677617
3602	0.001540645206
3603	0.0001573604052
3604	0.009211345886
3605	3.978201635e-05
3606	3.978201635e-05
3607	0.005442784396
3608	0.001547274249
3609	0.002572151796
3610	0.002817604444
3611	0.002980623277
3612	0.0005884361069
3613	0.001185144482
3614	0.005344245034
3615	0.001892742069
3616	0.0001795775584
3617	0.007636876877
3618	0.002191290889
3619	0.001724371948
3620	0.006814123037
3621	0.003613506006
3622	0.002057702617
3623	0.0002758697116
3624	0.0007441266081
3625	0.01134173678
3626	0.001391210177
3627	0.0003904423457
3628	0.0001903321835
3629	0.001160398582
3630	0.0009432111988
3631	0.01054157288
3632	0.003735980004
3633	0.001067285844
3634	0.00530922979
3635	0.004797808503
3636	0.007886753938
3637	0.007488359618
3638	0.009135223161
3639	0.007971998027
3640	0.01188204736
3641	0.001246016435
3642	0.002788723605
3643	0.004431471556
3644	0.01156014006
3645	0.002679655123
3646	0.002784246958
3647	0.003838863581
3648	0.001055760896
3649	0.004983188067
3650	0.001382481297
3651	0.004050689235
3652	0.007709309235
3653	0.0001385467757
3654	0.01259300624
3655	0.0006667565189
3656	0.005050466001
3657	0.000625274393
3658	0.003836010468
3659	0.0001348773842
3660	0.0001348773842
3661	0.004095718975
3662	0.00155294681
3663	0.003771848469
3664	0.003636880068
3665	0.0003055316296
3666	0.0152872495
3667	0.004426040428
3668	4.684489632e-05
3669	0.001326323341
3670	3.814713896e-06
3671	0.0004363351732
3672	0.01241363204
3673	0.0004089165537
3674	0.0006016187537
3675	0.00244984842
3676	0.003130104185
3677	0.009726332907
3678	0.007528405436
3679	0.001404042066
3680	0.0005314706345
3681	0.003077655928
3682	0.008326484426
3683	0.002164310025
3684	3.324824736e-05
3685	0.004705655626
3686	0.0025841361
3687	0.004555064959
3688	0.01140355145
3689	0.002497622289
3690	0.0003789241474
3691	0.004106665645
3692	0.008938003123
3693	0.002213403752
3694	0.00583925169
3695	0.005042388704
3696	0.01018882454
3697	0.001561881489
3698	0.001847528468
3699	0.006400403271
3700	0.003823409521
3701	0.003761210035
3702	0.00752352573
3703	0.008487837144
3704	0.0001886297757
3705	0.0003894502935
3706	0.002870782385
3707	0.01284537346
3708	0.003628111329
3709	0.009508031802
3710	0.00367609327
3711	0.001053928579
3712	0.001322120339
3713	0.0002977145325
3714	0.006974177558
3715	0.01138764633
3716	0.0009340405485
3717	0.002627248639
3718	0.002174869664
3719	0.0005747169867
3720	0.003361826898
3721	3.26599547e-06
3722	0.003883141983
3723	0.01400645919
3724	0.001894970907
3725	0.009698705522
3726	5.585831063e-05
3727	5.585831063e-05
3728	0.0001
3729	0.0001
3730	0.004315140346
3731	0.002386959795
3732	0.001966138647
3733	0.005080148119
3734	0.000981034113
3735	0.003600927306
3736	0.0005140489478
3737	0.00429239005
3738	0.0004930914584
3739	9.285930525e-06
3740	0.003375242372
3741	0.0004211109961
3742	0.0003304562175
3743	0.004444827671
3744	0.00390206292
3745	0.005435819026
3746	0.001763919573
3747	0.004341791916
3748	0.000119346049
3749	0.000119346049
3750	0.004856047486
3751	3.432039351e-05
3752	0.008443826744
3753	0.001362307144
3754	0.0005509537484
3755	0.00718413471
3756	0.002727740051
3757	0.001581356765
3758	0.01265386818
3759	0.006219624519
3760	0.01604376405
3761	0.002092813161
3762	0.004032613187
3763	0.001718441926
3764	0.01535667111
3765	0.001574431386
3766	0.0002996614148
3767	0.000382553366
3768	0.003105649976
3769	0.001541026342
3770	1.771117166e-05
3771	1.771117166e-05
3772	0.0007373144596
3773	1.532401082e-05
3774	0.008464109663
3775	0.006362555007
3776	1.031637902e-05
3777	4.223433243e-05
3778	4.223433243e-05
3779	0.002460893695
3780	0.0006621811489
3781	0.0006874298559
3782	0.0007270606257
3783	0.0006943427159
3784	0.0004921966853
3785	0.001290589026
3786	0.002111295328
3787	0.0003492703646
3788	4.632152589e-05
3789	4.632152589e-05
3790	0.007114356732
3791	0.005042700088
3792	0.0001420642296
3793	0.004270510125
3794	0.001417550477
3795	0.00393112149
3796	0.007400620898
3797	0.003316901122
3798	0.007804079332
3799	0.002165645701
3800	5.300700091e-06
3801	0.003842828269
3802	0.001539916639
3803	0.007173477547
3804	0.0006863308772
3805	0.0001892669002
3806	0.0005248462528
3807	0.001415200927
3808	0.0002668799327
3809	0.000742018765
3810	0.005280939542
3811	0.005226547754
3812	0.01455352447
3813	0.01200237788
3814	0.007783280655
3815	0.01157846893
3816	2.29791099e-05
3817	5.267938238e-06
3818	0.0001172409984
3819	0.0003190528796
3820	0.003575691319
3821	0.009272553463
3822	0.004224203442
3823	0.0009994895893
3824	0.00247099335
3825	0.0084884183
3826	0.0004390175275
3827	0.004794620314
3828	0.007342602979
3829	0.001861946935
3830	0.004083081978
3831	0.004403358177
3832	0.009068411305
3833	0.000625290292
3834	0.01451632318
3835	0.000138982743
3836	0.000665143603
3837	0.0001119891008
3838	0.0001119891008
3839	0.002118321404
3840	0.002201934292
3841	0.007012868648
3842	0.002625610287
3843	0.01561765319
3844	0.005918190033
3845	0.01202078521
3846	0.002272942229
3847	0.002778543159
3848	0.001265826832
3849	0.0003017874641
3850	0.002007270485
3851	0.002220007282
3852	0.002215560576
3853	0.003792638052
3854	0.002392010454
3855	0.005052353748
3856	0.005875713153
3857	0.003904960303
3858	0.01126019877
3859	0.002811828278
3860	0.007231490445
3861	0.006148410648
3862	0.004453887803
3863	0.002033698155
3864	0.002626558136
3865	0.004821820835
3866	0.001717064693
3867	0.008137230787
3868	0.01137110308
3869	0.001441667417
3870	9.944883261e-05
3871	0.002423964932
3872	0.001255667143
3873	1.089918256e-06
3874	0.003639606365
3875	0.002209834507
3876	0.004387891653
3877	0.003961725543
3878	0.004923140198
3879	0.007527811482
3880	7.135591021e-05
3881	0.007624429888
3882	0.0001785919504
3883	0.00457437036
3884	0.001305164502
3885	0.001227313054
3886	0.005377339668
3887	0.003632236359
3888	0.000684765084
3889	0.0002316589651
3890	0.009558268736
3891	0.004667671877
3892	0.001589464646
3893	0.01021055003
3894	0.01584132107
3895	0.0006385642039
3896	0.0185920332
3897	0.0005598944133
3898	4.46866485e-05
3899	6.702997275e-05
3900	0.0009753229627
3901	0.01121409938
3902	0.001204109921
3903	0.0001593042291
3904	0.00737411565
3905	0.001471052946
3906	0.001894464558
3907	0.003427936836
3908	0.008440964904
3909	0.003629958385
3910	0.007071942856
3911	5.476839237e-05
3912	5.476839237e-05
3913	0.005570346718
3914	0.00542406088
3915	2.450254294e-05
3916	0.009548804242
3917	0.0002291510974
3918	0.002787510287
3919	0.0111345833
3920	0.002798637294
3921	0.01502234805
3922	0.0106386401
3923	0.01564240988
3924	0.000614355266
3925	0.0002270491637
3926	0.005536452833
3927	0.006530208279
3928	6.199370109e-05
3929	0.003879347459
3930	0.008605618634
3931	0.01450154477
3932	0.0002856609224
3933	0.0005499319324
3934	0.0003795796771
3935	0.0004287119988
3936	0.004946562324
3937	0.001035829866
3938	0.003189677404
3939	0.009296805034
3940	8.267690524e-05
3941	0.002004882062
3942	0.003486585043
3943	0.01705666183
3944	0.005048700845
3945	0.0003370572661
3946	0.002748455398
3947	0.003388928075
3948	0.0132484474
3949	0.0007063771429
3950	0.01148422123
3951	0.0072330787
3952	0.002869853798
3953	0.00168680431
3954	0.005842375041
3955	0.001542891733
3956	0.01170652952
3957	0.01210746926
3958	6.072532167e-05
3959	0.000651312228
3960	0.011255592
3961	0.003223388321
3962	0.004651684637
3963	0.0009380568743
3964	0.004370362748
3965	1.089918256e-06
3966	0.0001084468665
3967	0.002470699007
3968	0.003984580517
3969	0.0007271550483
3970	0.001757824294
3971	0.01109689239
3972	0.0007986706826
3973	0.001206887175
3974	0.007350137403
3975	0.0005912591526
3976	0.009216978867
3977	0.0001179836512
3978	0.0001179836512
3979	0.0081656224
3980	0.0003923619431
3981	0.0002096485879
3982	0.0001438328792
3983	3.670177527e-05
3984	0.003463993277
3985	0.001124124161
3986	0.0008998882218
3987	9.312550397e-05
3988	0.005833906871
3989	0.004814888913
3990	0.002307529896
3991	0.001356848081
3992	0.01634097629
3993	0.001323922701
3994	0.0004144139988
3995	0.004671861331
3996	0.00249436948
3997	0.005471151822
3998	0.006347070534
3999	2.34157743e-05
4000	0.004201336185
4001	0.00380667936
4002	0.01026491315
4003	0.003338353723
4004	0.002030173715
4005	0.005160824307
4006	0.005423137318
4007	0.004177011411
4008	0.0006413457619
4009	0.001491006375
4010	0.009964951067
4011	0.004287425987
4012	0.005845875846
4013	0.001526013336
4014	0.002061816506
4015	3.91462307e-05
4016	0.0001215258856
4017	0.002257010635
4018	0.008886238174
4019	0.005474574391
4020	0.005375440388
4021	0.004860579334
4022	0.0008822062601
4023	0.0004357380395
4024	0.001046584747
4025	0.01064786172
4026	0.0001740599455
4027	0.0003267029973
4028	0.001923392818
4029	0.0002069565461
4030	0.0014289492
4031	0.002625627671
4032	0.001667375485
4033	0.0001785108931
4034	0.002809639153
4035	0.0002687179098
4036	0.008700324382
4037	0.006408131216
4038	0.0001432633
4039	0.003662630283
4040	0.001012239346
4041	0.004585813895
4042	0.00143454233
4043	0.002349667494
4044	0.00744717042
4045	0.002558735464
4046	0.008687529928
4047	0.008226973942
4048	0.001828351109
4049	3.805631244e-05
4050	7.138964578e-05
4051	0.001037584337
4052	0.005892695861
4053	0.008844966689
4054	0.0020718796
4055	0.001481143652
4056	0.00163653246
4057	0.005937970173
4058	0.00507129653
4059	0.007979200543
4060	0.007437796691
4061	0.002103326831
4062	0.002480535879
4063	0.006203877969
4064	0.001582535852
4065	0.00194461884
4066	0.006037526062
4067	0.005070424611
4068	0.005446984238
4069	0.0009026572366
4070	0.001734105028
4071	0.003169982187
4072	0.003095409729
4073	0.004721257836
4074	0.002738521245
4075	0.008985989708
4076	0.0009844177108
4077	0.001855853727
4078	0.0007115141404
4079	0.009451804783
4080	0.01372563885
4081	0.003204353948
4082	7.27520436e-05
4083	7.27520436e-05
4084	0.02060076237
4085	0.001620929686
4086	0.002392435739
4087	0.0003505530169
4088	0.002047105384
4089	0.002319500323
4090	0.003346185629
4091	0.0003207634624
4092	0.001566139013
4093	0.005910289609
4094	0.01741939393
4095	0.003524139614
4096	0.002827120328
4097	0.0005739173523
4098	0.01077778907
4099	0.008571359279
4100	0.01247562287
4101	0.0001209809264
4102	0.0001803814714
4103	0.001661419147
4104	0.005102171725
4105	1.453224342e-05
4106	4.032697548e-05
4107	0.004971180038
4108	0.005940516819
4109	0.002986177776
4110	0.004579102359
4111	0.002702985577
4112	0.006605814937
4113	0.0003178930741
4114	0.006469737885
4115	0.0003730258391
4116	0.0002893670688
4117	0.004368408231
4118	0.00365140588
4119	0.001261552669
4120	0.009982075485
4121	1.160762943e-05
4122	0.0002059932468
4123	0.0004426855599
4124	0.004146878582
4125	0.003932206913
4126	0.001151690061
4127	0.001130242413
4128	0.0004279287361
4129	0.004568623794
4130	0.003363840145
4131	0.008351116016
4132	0.005431941102
4133	0.0009036165076
4134	0.0004471873244
4135	0.004793341415
4136	0.01361859033
4137	0.002462002925
4138	0.001982099453
4139	0.001479549977
4140	0.003839561516
4141	0.003083756059
4142	0.002278726522
4143	0.001084727554
4144	0.0141316501
4145	0.009128292993
4146	0.01429031461
4147	0.0002210039682
4148	0.003149401586
4149	0.006677943919
4150	0.0002379394607
4151	0.0001877671694
4152	0.0006775092959
4153	0.008974082025
4154	0.006426682364
4155	0.007963038202
4156	0.0009924354668
4157	0.001452476527
4158	0.0009573796412
4159	0.01026438735
4160	0.006826131543
4161	0.001191718526
4162	0.01037953585
4163	3.549713472e-05
4164	0.006414773391
4165	0.0001117166213
4166	0.0001117166213
4167	0.004738485629
4168	0.002590158555
4169	0.008008063448
4170	0.01236145736
4171	0.001767351731
4172	0.003348155022
4173	0.01260864723
4174	3.033605813e-05
4175	8.692098093e-05
4176	0.00012417802
4177	0.0002024523161
4178	0.004794059521
4179	0.005174104257
4180	0.01054111829
4181	0.002392570811
4182	0.01049374494
4183	0.004609176481
4184	0.002106146322
4185	0.0008561412773
4186	0.007765799207
4187	0.0002864876615
4188	0.003164543085
4189	0.01431558841
4190	0.001728377976
4191	9.536784741e-05
4192	9.536784741e-05
4193	0.004311981868
4194	0.005231190078
4195	0.0008006640534
4196	0.003409744515
4197	0.0018987782
4198	0.00544183861
4199	0.003046660565
4200	0.01005902333
4201	0.002696361245
4202	0.0003696574328
4203	0.003056598458
4204	0.00576373402
4205	0.008579747982
4206	0.003219239555
4207	0.004387750919
4208	0.003420666016
4209	0.0007861363231
4210	0.003704692388
4211	7.96871297e-05
4212	0.0006144865709
4213	0.00592196862
4214	0.004208834868
4215	0.009404650822
4216	0.006770345068
4217	0.004935156529
4218	0.00046524867
4219	0.0002610324047
4220	0.002125105688
4221	0.003522030048
4222	0.0053843069
4223	0.001036607086
4224	0.004070412583
4225	0.0004610089898
4226	0.0001587670282
4227	0.001204655352
4228	0.0004370742694
4229	0.0002588720674
4230	0.007610186158
4231	0.01752676147
4232	0.0004713343183
4233	0.0006716934118
4234	0.0001842001084
4235	0.001433657921
4236	0.002129502615
4237	0.007836721148
4238	0.001162871232
4239	0.01022383938
4240	0.0009643679275
4241	0.0002132585693
4242	0.004406730776
4243	0.0001362991535
4244	0.0004894510106
4245	0.004070671128
4246	0.01204773339
4247	0.0105138349
4248	0.001910216862
4249	0.005925783349
4250	0.00113311741
4251	0.0003517328714
4252	0.008436699544
4253	0.004256017704
4254	0.002962645868
4255	0.0001719346049
4256	0.0001246139873
4257	0.001541490947
4258	0.006415810804
4259	0.004781793132
4260	0.002089949945
4261	0.002566684442
4262	0.00057337852
4263	0.004111449441
4264	0.002127814805
4265	0.01224506356
4266	0.0003334620338
4267	0.00364296381
4268	0.007085125471
4269	0.009256174093
4270	0.009948760034
4271	0.0008503055607
4272	0.008918652041
4273	0.01005956222
4274	0.003608021575
4275	0.001272062173
4276	5.39012831e-05
4277	0.006011368368
4278	0.001707869207
4279	0.0001328665381
4280	0.0009957615737
4281	0.005816782317
4282	0.008242860347
4283	0.01313119704
4284	0.003604841703
4285	0.01275275646
4286	0.004434323796
4287	0.004007313939
4288	0.01403995424
4289	0.0001507720254
4290	0.0002471389646
4291	0.0009629105336
4292	0.001264148274
4293	0.001645936812
4294	0.0004837375834
4295	0.005497151435
4296	0.001327302807
4297	0.006516011175
4298	0.00617359171
4299	6.63194692e-05
4300	0.003215113967
4301	0.0003512069603
4302	0.002966846491
4303	0.007895343869
4304	0.009675101072
4305	0.0118333057
4306	0.001194855171
4307	0.001299099874
4308	0.004059909362
4309	0.002910898536
4310	0.0005840192491
4311	0.004320303434
4312	0.008979716217
4313	0.009661917808
4314	2.514597123e-06
4315	0.02181409148
4316	0.0009406902256
4317	0.006050982505
4318	0.0008266558334
4319	0.004987850051
4320	0.001632720567
4321	0.001044405414
4322	0.00550608587
4323	0.002994767664
4324	0.004075040503
4325	0.003292105554
4326	0.007551312308
4327	0.003884962979
4328	0.009935404789
4329	0.00091694256
4330	0.009924449477
4331	0.0001541668269
4332	0.0188428214
4333	0.002070341143
4334	0.003994283715
4335	0.001318121084
4336	0.007665123097
4337	0.002843886903
4338	0.006741666968
4339	0.0001541920273
4340	0.001429601175
4341	0.001065819432
4342	0.00834959379
4343	0.008506863005
4344	0.002303811339
4345	0.004434323211
4346	0.005103531623
4347	0.003479592893
4348	0.003588796032
4349	0.01355219362
4350	0.005855945401
4351	0.001148852393
4352	0.001564437082
4353	0.0008889003757
4354	0.001185598162
4355	0.001617187457
4356	0.004288487288
4357	0.0005309068252
4358	0.001266628728
4359	0.001787881248
4360	0.002979405563
4361	0.00199302035
4362	0.002877566705
4363	0.009693688669
4364	0.004043335506
4365	0.005351002565
4366	0.006675348854
4367	0.001358470894
4368	0.01198426691
4369	8.038147139e-05
4370	8.038147139e-05
4371	8.027507461e-05
4372	0.0002081743869
4373	0.0001015258856
4374	0.002698308778
4375	0.0005862572156
4376	0.005865393583
4377	0.01089270004
4378	0.0008829630484
4379	0.003193929411
4380	0.0002542270555
4381	0.002363784292
4382	0.00109997471
4383	0.005978760016
4384	0.0122038348
4385	0.002041025523
4386	0.0004106840057
4387	0.01633978481
4388	0.002231708899
4389	0.0009165162156
4390	0.01158693585
4391	0.01567236872
4392	0.001849195713
4393	0.00630076243
4394	0.001929640264
4395	0.01630631893
4396	0.00659416095
4397	0.001781200791
4398	0.01076307838
4399	0.01368463294
4400	0.001724287931
4401	0.002218488157
4402	0.0001480247394
4403	0.0003204380266
4404	0.004878936367
4405	0.001646383879
4406	0.007105249658
4407	0.007090194952
4408	0.0006376964146
4409	0.004853050212
4410	0.001410972313
4411	0.004134817874
4412	0.007004263488
4413	0.002445999128
4414	0.005376414347
4415	0.02004617166
4416	0.001710427609
4417	0.0009482080554
4418	0.002003958382
4419	0.003665016984
4420	0.00283231113
4421	1.433517738e-05
4422	0.003021539249
4423	0.005678831294
4424	0.005563895548
4425	0.0005813139534
4426	0.001906311001
4427	0.0006628705174
4428	0.005406053183
4429	0.004205858279
4430	0.001079532252
4431	0.002972386032
4432	0.002042627356
4433	0.01097922465
4434	0.00453418774
4435	0.0001652134423
4436	0.0002693147617
4437	0.002785189566
4438	0.001909530189
4439	0.003440110511
4440	0.005033187943
4441	0.002473382799
4442	0.002512606634
4443	0.004617105466
4444	0.000204934827
4445	0.011758983
4446	0.005136392268
4447	0.001247278195
4448	0.00016992965
4449	0.005090317654
4450	0.006996273695
4451	0.0004814822303
4452	0.0006995471626
4453	0.005893051592
4454	7.738419619e-05
4455	7.738419619e-05
4456	0.009843686371
4457	0.00699965029
4458	0.00397337736
4459	0.0002710325286
4460	0.001270281151
4461	0.002623403063
4462	0.002265823711
4463	0.0004311627412
4464	0.001333027699
4465	0.001385462567
4466	0.004807357908
4467	0.008607413283
4468	0.003631185327
4469	0.0002980548286
4470	0.002365420075
4471	0.01488329757
4472	0.0003708750815
4473	0.01182336549
4474	0.006568835113
4475	0.008308390563
4476	0.005597713498
4477	0.004455774366
4478	0.007080610623
4479	0.0005686818468
4480	0.004260521214
4481	0.00409580156
4482	0.001078318361
4483	2.288828338e-05
4484	2.288828338e-05
4485	0.002158400051
4486	0.003212227275
4487	0.003420935057
4488	0.008073203983
4489	0.006905010752
4490	0.001875172817
4491	0.008983331461
4492	0.008694290835
4493	0.001375951745
4494	0.0061997146
4495	0.005530985939
4496	0.001549178125
4497	0.0005806235731
4498	0.001623332459
4499	0.01420723132
4500	0.001980880594
4501	0.000479221296
4502	0.004811451588
4503	0.0008588839232
4504	9.632172203e-05
4505	6.294277929e-05
4506	6.294277929e-05
4507	0.003651840476
4508	0.0002183485101
4509	0.002125889466
4510	0.005038143558
4511	0.0002004090969
4512	0.01616409963
4513	0.004980786773
4514	0.004099188812
4515	0.008456916243
4516	6.904632153e-05
4517	0.002896764734
4518	0.01202033738
4519	0.002156296054
4520	0.00630062117
4521	0.00148581473
4522	0.009628114419
4523	0.0008105177577
4524	0.003314594211
4525	0.0007145689291
4526	0.01374456625
4527	0.006484157862
4528	0.005044675911
4529	0.002884550767
4530	0.003486127739
4531	0.0004206279456
4532	0.001778883208
4533	0.00352538546
4534	0.01352834472
4535	0.001138939434
4536	5.983651226e-05
4537	0.01070183501
4538	0.0002273985524
4539	0.0001471124032
4540	0.004088595999
4541	0.006099905911
4542	0.004410893033
4543	0.001903072962
4544	0.009510302657
4545	0.0004198670124
4546	0.0007917763069
4547	0.007133866467
4548	0.003828356155
4549	0.000263211121
4550	0.002109126733
4551	0.002152714067
4552	0.009191648458
4553	0.01222554155
4554	0.004392922796
4555	0.007855930508
4556	0.00167381147
4557	0.001180850043
4558	0.0002947942344
4559	0.005422324393
4560	0.006948896629
4561	0.000346083964
4562	0.0009370020645
4563	2.72479564e-05
4564	2.72479564e-05
4565	0.0002887036095
4566	0.002216216793
4567	0.0004629676057
4568	0.0112473766
4569	0.003100504535
4570	0.009075432739
4571	0.002628813449
4572	0.00194890496
4573	0.001482034989
4574	0.01173468265
4575	0.003978785629
4576	0.007869202074
4577	0.01080527709
4578	0.00489909877
4579	0.0005315414595
4580	0.002789393792
4581	0.01182078953
4582	0.005342209911
4583	0.005670619385
4584	0.002217075668
4585	0.002014140319
4586	0.003037256598
4587	0.01146654505
4588	6.412352407e-05
4589	0.01328450822
4590	0.002795072132
4591	0.007886513123
4592	0.004019818561
4593	0.0001634537828
4594	0.01133702136
4595	0.01037923194
4596	0.002032425427
4597	0.004610479562
4598	0.009263750948
4599	0.001357059944
4600	0.004672496985
4601	0.002376913343
4602	0.0008721809145
4603	0.005243274456
4604	8.236431443e-05
4605	0.00081726389
4606	0.008153463655
4607	0.01337891922
4608	0.003352586109
4609	0.0007085531811
4610	5.699180672e-05
4611	0.0005709358638
4612	0.00571774183
4613	0.01068151178
4614	0.004544217477
4615	0.01784290497
4616	0.001482981899
4617	0.00102251096
4618	0.001987551703
4619	0.00320787105
4620	0.0001725678128
4621	0.0002460600753
4622	0.001289423982
4623	0.002898512025
4624	0.004893926807
4625	0.0005612948461
4626	0.01002061087
4627	0.01250972176
4628	0.003822938414
4629	0.007553475719
4630	0.0001083754277
4631	0.01447979531
4632	0.001366720134
4633	0.0001386012716
4634	0.007551108237
4635	0.000121253406
4636	0.000121253406
4637	0.01448513688
4638	0.007198840706
4639	0.0003460970686
4640	0.01715463736
4641	7.716880758e-05
4642	6.920980926e-05
4643	6.920980926e-05
4644	0.0009668208372
4645	0.002345170929
4646	0.004225762638
4647	9.564032698e-05
4648	9.564032698e-05
4649	0.01213895292
4650	0.004942710642
4651	0.005131383663
4652	0.001158451448
4653	0.004684968204
4654	0.01015920836
4655	0.0004972558565
4656	0.0006273660544
4657	0.001153712772
4658	0.001293412645
4659	0.003710926195
4660	0.0111952328
4661	0.004915443212
4662	7.892044048e-05
4663	0.002328947886
4664	6.457819579e-05
4665	0.0002967990251
4666	0.000499684142
4667	0.001418990059
4668	0.000765134383
4669	0.005964567503
4670	0.003049477541
4671	0.00668771017
4672	0.005364838939
4673	0.0008838910492
4674	0.01152751398
4675	0.01454473296
4676	0.001628880201
4677	0.004771160814
4678	0.00713402994
4679	0.004522671742
4680	0.007898625686
4681	0.004656362102
4682	0.0003021431436
4683	0.002030477217
4684	0.006269654326
4685	0.002852253284
4686	0.002427666527
4687	0.004779894487
4688	0.007101205127
4689	0.007880118707
4690	0.009399120765
4691	0.0003309784202
4692	0.007002984169
4693	0.0008611535619
4694	0.008416192778
4695	0.00262314705
4696	0.01427619138
4697	0.008761900381
4698	0.001282640391
4699	0.01213938606
4700	0.01063593396
4701	0.004385620579
4702	0.004940471686
4703	0.004178129196
4704	5.702340615e-05
4705	0.009969915803
4706	0.0116762734
4707	0.0006769035355
4708	0.0176453045
4709	0.0003404977271
4710	0.005333539359
4711	0.001245995857
4712	0.003552339162
4713	0.0001673538181
4714	0.002514498309
4715	0.001212574592
4716	0.001830208489
4717	0.003245566792
4718	0.00535935287
4719	0.00145598593
4720	0.005969249841
4721	0.0007987430195
4722	0.007551900217
4723	4.530746276e-06
4724	0.002495997632
4725	0.0006009305034
4726	0.0002249024368
4727	0.005915842334
4728	0.000420959748
4729	0.0001480075299
4730	0.01174080177
4731	0.006736643885
4732	0.0152163198
4733	0.002219990493
4734	0.001598759078
4735	0.000127222006
4736	0.0001881562216
4737	0.004560091971
4738	0.01576319392
4739	0.006671651647
4740	0.002698446402
4741	0.003446935343
4742	0.002556960598
4743	0.0002115370793
4744	0.008980281831
4745	0.004860272705
4746	0.01413271939
4747	0.001032962505
4748	0.00372706643
4749	0.006133908555
4750	0.00612784891
4751	4.059166991e-05
4752	0.00132032789
4753	0.001974028953
4754	0.005728016583
4755	0.01105044342
4756	0.009306479462
4757	1.253931658e-05
4758	0.001460800547
4759	4.686648501e-05
4760	4.686648501e-05
4761	0.01092579457
4762	0.002349258459
4763	0.001464938073
4764	0.003107525586
4765	0.009195865532
4766	0.001849695132
4767	0.005637404464
4768	0.01375259177
4769	0.005539108681
4770	0.0004574196248
4771	0.0011392355
4772	0.003579273119
4773	0.007679950709
4774	0.0058190611
4775	0.003164632612
4776	3.573623858e-05
4777	0.01616573635
4778	0.003498163944
4779	0.0006856169417
4780	0.008394618831
4781	4.799539542e-05
4782	0.002037346367
4783	0.001583575623
4784	0.003658251031
4785	0.004173221036
4786	0.006822670078
4787	0.003664653297
4788	0.00705182528
4789	0.01088806881
4790	0.008463566245
4791	0.0042105474
4792	0.007126537105
4793	0.003850922759
4794	0.002869768339
4795	0.003448378455
4796	0.01072412315
4797	0.006439975736
4798	5.645255226e-05
4799	0.004396721239
4800	0.005757791207
4801	0.00187680204
4802	0.0001071211318
4803	8.80545431e-05
4804	0.006033439968
4805	0.007337905211
4806	0.0002350786797
4807	0.002060605062
4808	0.003215784228
4809	0.005779086189
4810	0.001912620418
4811	0.002908722459
4812	0.003118271107
4813	0.0005432061412
4814	0.001221771001
4815	0.001651209872
4816	0.0003156819254
4817	0.002408041228
4818	0.00457634644
4819	0.007584800304
4820	0.008406638655
4821	5.472341162e-05
4822	0.0002354223433
4823	0.003228704684
4824	0.003421774752
4825	0.002182450786
4826	0.01681498895
4827	0.0004292190269
4828	0.00745943474
4829	0.002744882907
4830	0.009987519139
4831	1.9164396e-05
4832	2.817135937e-05
4833	2.061762035e-05
4834	0.000151226158
4835	0.002654731887
4836	0.0008453172887
4837	0.001697270787
4838	0.0001667489516
4839	0.007910429212
4840	0.004789720916
4841	0.0003330480541
4842	0.007129395781
4843	0.005184456006
4844	0.007530234292
4845	0.006096604622
4846	0.001224554872
4847	0.0003388234883
4848	0.005934812425
4849	0.0004388332444
4850	0.02535815314
4851	0.006333046826
4852	0.0009881732765
4853	0.00301090971
4854	0.0002530880531
4855	0.005872117214
4856	0.0009383091843
4857	0.00683899435
4858	0.008028934422
4859	0.002173591586
4860	0.007300101475
4861	0.01370030298
4862	0.002149140911
4863	7.235586693e-05
4864	0.005084475469
4865	0.001591841476
4866	0.005191051909
4867	0.01543362797
4868	0.0007922599297
4869	0.002816575603
4870	0.001148251746
4871	0.0113585306
4872	0.006556196016
4873	0.009720166914
4874	0.007624713786
4875	0.005070505087
4876	0.006984900597
4877	0.005600510085
4878	0.0002493551197
4879	2.933696639e-05
4880	6.975476839e-05
4881	0.003627427768
4882	0.01100800692
4883	0.0007181684206
4884	0.00107441428
4885	0.002330078467
4886	0.001352139023
4887	0.003685160615
4888	0.003070676219
4889	0.003721389126
4890	0.001548205735
4891	0.00230247055
4892	0.01461319508
4893	0.0011060877
4894	0.00204608355
4895	0.004909076664
4896	0.01480631491
4897	0.0065146888
4898	0.005199915363
4899	0.001580000648
4900	0.002316402909
4901	2.987652487e-05
4902	0.004358930572
4903	0.002394432601
4904	0.003713766321
4905	0.0007348240636
4906	0.005249795036
4907	0.02630201139
4908	9.809264305e-05
4909	0
4910	0.007436117213
4911	0.003433136799
4912	0.0004879805911
4913	0.001477768565
4914	0.004918137765
4915	0.004198993328
4916	0.00491599476
4917	0.003246401094
4918	0.006522948718
4919	0.006208328315
4920	0.002071197336
4921	0.0001136187881
4922	0.0008719881792
4923	0.002859190745
4924	0.0001473249884
4925	0.0001161281951
4926	0.000108174387
4927	0.0001119891008
4928	0.0001119891008
4929	0.00226953914
4930	0.007383209565
4931	0.01115825072
4932	1.014228783e-05
4933	0.002952850403
4934	0.007562112324
4935	0.002117898487
4936	0.002939002437
4937	0.004284852222
4938	0.002957425072
4939	0.002490030434
4940	0.0001267029973
4941	0.0001267029973
4942	0.002896239916
4943	0.01101949985
4944	0.005999819074
4945	0.007047262663
4946	0.001822753553
4947	0.00338073811
4948	0.007883966661
4949	0.005867896261
4950	0.003132697024
4951	0.006860370382
4952	0.01472208416
4953	0.003320360146
4954	0.01739870423
4955	0.002636768416
4956	0.006046162959
4957	0.0001712731932
4958	0.006528618379
4959	0.008631245134
4960	0.004260518789
4961	0.006461715547
4962	0.002008433178
4963	0.002044389059
4964	0.004668975113
4965	0.006800887045
4966	0.00599688034
4967	0.001769349424
4968	0.002667430416
4969	0.002835632664
4970	0.004222140213
4971	0.007126330949
4972	0.0002244479624
4973	0.0003220588196
4974	2.805329887e-05
4975	0.01081559873
4976	0.01504327506
4977	0.0007010527447
4978	0.001758406226
4979	0.005703422272
4980	0.0002590280236
4981	0.003832053712
4982	0.00364065807
4983	0.005716052769
4984	0.002372719934
4985	0.0001517078747
4986	0.002213543006
4987	0.0001485573204
4988	0.009904827882
4989	0.0007346684952
4990	0.001648381949
4991	0.0007823347922
4992	0.01089656167
4993	1.907356948e-05
4994	0.002933927647
4995	0.007185822308
4996	0.01257360893
4997	0.01207656198
4998	0.002054922904
4999	0.003563338049
5000	0.0001617004086
5001	0.006842759654
5002	0.007436724453
5003	0.005355617157
5004	0.008461187665
5005	0.001261006565
5006	0.008774951065
5007	8.529116373e-05
5008	0.0004601413757
5009	0.005968549122
5010	0.002937399871
5011	0.006051459401
5012	7.656675749e-05
5013	6.748410536e-05
5014	0.008108739316
5015	0.006569198442
5016	0.0001096829715
5017	0.003734937672
5018	0.001199547727
5019	8.741340635e-05
5020	0.02534838157
5021	0.004916831282
5022	0.002376994579
5023	0.01107032575
5024	0.002771547443
5025	0.003102190701
5026	0.002217940722
5027	7.702738696e-05
5028	0.003070230803
5029	0.001377054993
5030	0.01120853437
5031	0.003772552373
5032	0.008997279818
5033	0.004645575757
5034	0.00390789523
5035	0.003728175556
5036	0.001499303918
5037	0.002824018709
5038	0.0001149882907
5039	0.007619997534
5040	0.007413775486
5041	4.884766681e-05
5042	0.000679794049
5043	0.00058046768
5044	0.005218630578
5045	0.004661069709
5046	0.005305936675
5047	0.01074120891
5048	0.008457891413
5049	0.004595466983
5050	0.0007916476415
5051	0.008791367849
5052	0.006236475893
5053	0.0004835773142
5054	0.002813792557
5055	0.0147549332
5056	0.0007436779921
5057	0.001156369243
5058	0.00482649361
5059	0.008686251838
5060	0.008298369218
5061	0.005196875881
5062	0.01187278395
5063	0.001737992342
5064	0.0001255470857
5065	0.003956403943
5066	0.006380716225
5067	0.001401960125
5068	0.000257045428
5069	0.001726189515
5070	0.005599367215
5071	0.001524156882
5072	0.002422432723
5073	0.005115033964
5074	0.007196987649
5075	0.008572114896
5076	0.00186442562
5077	0.0005051682388
5078	0.001389946924
5079	0.005283719304
5080	0.0009958649818
5081	0.005773028339
5082	0.002325526608
5083	0.001913535466
5084	0.0009728659532
5085	0.008614619395
5086	0.003003623328
5087	0.005304921756
5088	0.008863945171
5089	0.01133123706
5090	0.001883261084
5091	0.003955306173
5092	0.003767351297
5093	0.004740026281
5094	0.008469822366
5095	0.001073047509
5096	0.008851177109
5097	0.005476163705
5098	0.002024356111
5099	0.00352716225
5100	0.001875148704
5101	0.009166772699
5102	0.004674005962
5103	0.00724157065
5104	0.01094824298
5105	0.002571155661
5106	0.001961861124
5107	0.003591376563
5108	0.0006002883392
5109	0.01716006376
5110	0.005017303381
5111	0.006960637477
5112	0.01292218934
5113	6.730245232e-05
5114	6.730245232e-05
5115	0.004541344498
5116	0.002385521301
5117	8.474114441e-05
5118	8.474114441e-05
5119	0.002868085214
5120	0.003989311918
5121	0.0001734786558
5122	0.0002544959128
5123	0.003093874978
5124	8.292337125e-05
5125	7.964726559e-05
5126	0.01306144822
5127	0.006097483085
5128	0.01067356663
5129	1.662125341e-05
5130	1.662125341e-05
5131	0.005816568958
5132	0.005560162539
5133	0.0005769187081
5134	0.01165154193
5135	0.005808642033
5136	0.001788404327
5137	0.003245580246
5138	0.003353720149
5139	0.00157681962
5140	0.004911117208
5141	0.0005883163246
5142	0.0005834776259
5143	0.00184381229
5144	0.0004483483704
5145	0.004935016553
5146	0.0002001983745
5147	0.007502349257
5148	0.005286990298
5149	0.0001247956403
5150	0.0001247956403
5151	0.001080248769
5152	0.006805928449
5153	0.007311254119
5154	0.0008856436993
5155	0.00015334276
5156	0.005507431083
5157	0.0001257947321
5158	7.029972752e-05
5159	7.029972752e-05
5160	0.0073790358
5161	0.01592426916
5162	0.002852723762
5163	0.001404450885
5164	0.00408636544
5165	0.00313097862
5166	0.01437857828
5167	0.009086092002
5168	0.001556339474
5169	0.0004283792558
5170	0.003254835873
5171	0.00703740676
5172	0.002410972038
5173	0.00085407612
5174	0.007549510125
5175	0.001291648222
5176	0.01409120827
5177	0.0001528804807
5178	0.01239810539
5179	0.004342335693
5180	0.001420046498
5181	0.006289676092
5182	0.001451606635
5183	0.009440803762
5184	0.01339210999
5185	0.0001377838329
5186	0.0001866485014
5187	0.002824450013
5188	0.001593721
5189	0.0009364867697
5190	0.00742284953
5191	0.0101048502
5192	0.02267285582
5193	5.132137263e-05
5194	0.006929870527
5195	0.001550785759
5196	0.008401549271
5197	0.0003507792865
5198	0.00817858076
5199	0.006757993071
5200	0.000498374051
5201	0.0008713403203
5202	0.001567050002
5203	0.00680978265
5204	0.007522201341
5205	0.001954013874
5206	0.01483397904
5207	0.005803171298
5208	0.01072854225
5209	0.003425879043
5210	0.006334303662
5211	0.0009862424426
5212	0.006810367109
5213	0.001209942966
5214	0.007024793685
5215	0.003438518598
5216	0.003755447268
5217	0.01107379254
5218	6.607013208e-05
5219	0.005988225274
5220	0.02107691994
5221	0.001144209905
5222	0.008922553037
5223	0.0004447680705
5224	0.00601578334
5225	0.006611211798
5226	0.008659995464
5227	0.007727850226
5228	0.004572314505
5229	0.001354022115
5230	0.001479394494
5231	0.008846469917
5232	0.002013172935
5233	0.006693847875
5234	0.003443726579
5235	0.006238472478
5236	0.0008277896995
5237	0.003037412495
5238	0.001060100696
5239	0.00400628662
5240	0.00645976657
5241	0.0003316130631
5242	0.004019284369
5243	0.005344999822
5244	0.01093864624
5245	0.0008366129741
5246	0.005842440627
5247	0.005170738751
5248	0.01038744692
5249	0.01128699452
5250	0.003311478888
5251	0.0002778030556
5252	6.993642144e-05
5253	0.0001509536785
5254	0.0001099636694
5255	0.008843067461
5256	0.0006763449782
5257	0.0156516873
5258	0.002577049737
5259	0.004025239226
5260	0.001162945924
5261	0.006586930837
5262	0.002887687579
5263	0.004917070498
5264	0.001767680473
5265	0.001712242214
5266	0.002859164526
5267	0.007820793314
5268	0.0003752201903
5269	0.005592668269
5270	0.0003076899743
5271	0.007619194353
5272	0.0003820382205
5273	3.623978202e-05
5274	3.623978202e-05
5275	0.005682820173
5276	0.002665022889
5277	0.002935002012
5278	0.0007131680824
5279	0.009393285078
5280	0.001893890066
5281	0.004105045879
5282	0.002375922885
5283	0.003112806828
5284	0.00191665532
5285	0.00045210188
5286	0.01696856109
5287	0.008953554515
5288	0.0002769820786
5289	0.003111196837
5290	0.00369132447
5291	0.004623975059
5292	0.002742407593
5293	0.005063997702
5294	0.0009342900447
5295	0.008034748129
5296	0.003063448497
5297	0.003356909605
5298	0.002043302387
5299	0.0001267269273
5300	0.005258995641
5301	0.006016459706
5302	0.003438703216
5303	0.000106448683
5304	0.006004517243
5305	0.002757123181
5306	0.005366546427
5307	0.01150338281
5308	0.005271577811
5309	0.005209620047
5310	0.007453055862
5311	3.352608507e-05
5312	0.002891004518
5313	0.007114009644
5314	1.943687557e-05
5315	0.008061578571
5316	0.0005666555429
5317	0.001749622153
5318	0.003848664416
5319	9.427792916e-05
5320	9.427792916e-05
5321	0.005061528507
5322	0.003714773394
5323	0.00237754893
5324	0.007381775489
5325	0.004450879303
5326	0.00508863921
5327	0.01163118917
5328	0.001519141557
5329	0.006787197538
5330	0.002679670591
5331	0.002354143454
5332	0.000732367579
5333	0.004543311847
5334	0.0001174386921
5335	0.0001174386921
5336	0.01081804607
5337	0.003632012481
5338	0.0002875519029
5339	0.01878080797
5340	6.306026399e-05
5341	0.004046568006
5342	0.002207094989
5343	0.004325896846
5344	0.007125056903
5345	0.0001166212534
5346	0.0001166212534
5347	0.007094494504
5348	0.008311999269
5349	0.01069517053
5350	0.006663505919
5351	0.00800169317
5352	0.0004610325992
5353	0.009086247958
5354	0.01243834156
5355	1.629298042e-05
5356	0.00307192587
5357	0.0004914943061
5358	0.01124999775
5359	0.007143496288
5360	0.002040716589
5361	0.008031548276
5362	0.004615548374
5363	5.60016043e-05
5364	0.001366699694
5365	0.005864729699
5366	0.001284557474
5367	2.749374091e-05
5368	0.009809382855
5369	0.006742982823
5370	0.002503616258
5371	0.0009551607016
5372	0.01350654411
5373	0.001988458291
5374	0.0004508702382
5375	0.0001696043907
5376	0.002134726971
5377	0.001536588666
5378	0.001244631922
5379	0.001119708993
5380	0.001455831477
5381	0.008962988746
5382	0.003059595012
5383	0.006050085337
5384	0.005506513795
5385	0.005867929602
5386	0.01299479257
5387	0.002071019416
5388	0.001132914728
5389	0.003053807026
5390	0.001098280081
5391	0.003563962632
5392	0.0006493405836
5393	0.01559613009
5394	0.002681507177
5395	0.001623915399
5396	0.004951589243
5397	0.0003461644821
5398	0.01059781527
5399	0.003157647061
5400	0.006930386514
5401	0.004139718712
5402	6.148955495e-05
5403	0.008674201714
5404	0.003549106583
5405	0.001615451312
5406	0.01035600292
5407	0.009257929507
5408	0.0008705495996
5409	0.01186537307
5410	0.0006556408809
5411	0.002560911988
5412	1.164687035e-05
5413	0.008999650499
5414	0.003562938115
5415	0.007736739547
5416	0.007583628358
5417	0.01139872249
5418	7.421443325e-05
5419	0.002791931052
5420	0.009778446067
5421	0.001211238489
5422	0.006428286336
5423	0.004062473031
5424	0.004093793737
5425	0.00305212845
5426	0.01005100459
5427	0.006289868064
5428	0.003235899579
5429	2.72479564e-05
5430	0.0007248567748
5431	0.001723926385
5432	0.0009495526389
5433	0.003996157939
5434	0.002281985126
5435	9.836512262e-05
5436	9.836512262e-05
5437	0.01015304365
5438	0.000476988896
5439	2.72479564e-07
5440	9.61852861e-05
5441	9.61852861e-05
5442	0.02065577742
5443	0.00766022776
5444	0.002543824948
5445	0.002532117127
5446	0.01040983594
5447	0.0001407811081
5448	0.007788430422
5449	0.001173606253
5450	0.005613132401
5451	0.00712068824
5452	0.0009148186594
5453	1.525885559e-05
5454	1.525885559e-05
5455	0.005645823156
5456	3.805631244e-05
5457	0.0003221754249
5458	0.0002652998236
5459	0.0009282883856
5460	0.0003068768973
5461	0.01375282228
5462	0.007680578327
5463	0.005671802956
5464	0.003932049682
5465	0.005581641556
5466	0.004503395593
5467	0.009023909972
5468	0.01423497869
5469	0.0006835224223
5470	0.0001973069317
5471	0.000470809833
5472	0.01017050484
5473	0.006314886014
5474	0.003190252418
5475	0.001873574609
5476	0.01126136191
5477	0.003258809053
5478	0.003244998403
5479	0.001802511688
5480	0.001710210639
5481	0.01231220904
5482	0.01577609546
5483	0.007897346349
5484	0.006776342247
5485	0.01062113728
5486	0.002520331528
5487	0.008713344959
5488	0.004021646307
5489	0.006417681877
5490	0.006949574398
5491	0.00478101692
5492	0.01041542393
5493	0.001457911475
5494	0.002994001168
5495	0.006305185031
5496	0.005658614608
5497	0.002740399207
5498	0.002752194358
5499	0.002098768836
5500	0.004378616906
5501	0.0009300489554
5502	0.006818841951
5503	0.02107858833
5504	0.001786118986
5505	0.000402692052
5506	0.001497524663
5507	0.0114416649
5508	0.001062290056
5509	0.00179018474
5510	0.003767011237
5511	0.006407302663
5512	0.01113216573
5513	0.0004991838936
5514	4.08719346e-06
5515	0.005520487844
5516	0.0131267599
5517	0.00142017501
5518	8.910081744e-05
5519	8.910081744e-05
5520	0.0008767929504
5521	0.001252244106
5522	0.01245826698
5523	6.59400545e-05
5524	6.59400545e-05
5525	0.0028583539
5526	0.002972707474
5527	0.005517548903
5528	0.004140382885
5529	0.0154814128
5530	0.007658976119
5531	0.001867775318
5532	0.008141848722
5533	0.0006504429364
5534	0.002278733785
5535	0.004639002884
5536	0.006019329599
5537	0.006765471459
5538	2.509147528e-05
5539	0.004432331597
5540	0.001548737424
5541	0.00319176486
5542	0.003172794085
5543	0.006953890903
5544	0.01427232078
5545	0.0008487416085
5546	0.006630405576
5547	5.755073264e-05
5548	0.0004649204526
5549	0.004049070808
5550	0.006103558793
5551	8.564940963e-05
5552	0.005088840249
5553	6.784741144e-05
5554	6.784741144e-05
5555	0.001910931274
5556	0.001700061894
5557	0.003963381182
5558	0.001786454436
5559	0.0001079019074
5560	0.002063270076
5561	0.01209426697
5562	0.007591542308
5563	0.008402368378
5564	0.002674747218
5565	0.002251870912
5566	0.00195887255
5567	0.003426929092
5568	0.01116561376
5569	0.000912547247
5570	0.002219253205
5571	0.002507976836
5572	0.002712436012
5573	6.89373297e-05
5574	6.89373297e-05
5575	7.720254314e-05
5576	0.001946250205
5577	0.002887024787
5578	1.716621253e-05
5579	1.716621253e-05
5580	0.005952916325
5581	0.002662438614
5582	0.0003108560829
5583	0.001824288141
5584	0.0058441774
5585	0.004612532329
5586	0.005402653967
5587	0.008723411028
5588	0.002644759172
5589	0.0003231085016
5590	3.950953678e-05
5591	6.702997275e-05
5592	0.005470051892
5593	0.004631335139
5594	0.002924479513
5595	0.006982221307
5596	0.001613011039
5597	0.008988079898
5598	2.49959307e-05
5599	2.501914674e-05
5600	0.0004060566981
5601	0.00366666693
5602	0.00224929085
5603	0.0007154539842
5604	0.0001213260672
5605	0.007244699462
5606	0.001371897886
5607	9.466718568e-06
5608	0.02266550823
5609	0.02147432949
5610	0.00796641721
5611	0.004871276535
5612	0.003064090715
5613	0.002777150382
5614	0.001348909056
5615	0.001375414313
5616	0.0006028289646
5617	0.006658705079
5618	0.006988516725
5619	0.009319360215
5620	0.006799626275
5621	0.004505590208
5622	0.0002615831177
5623	0.002155238599
5624	0.001118667251
5625	0.005450180634
5626	0.003490324729
5627	0.004087314048
5628	0.000658026644
5629	0.0004031445822
5630	7.166212534e-05
5631	7.166212534e-05
5632	0.0138866325
5633	0.0002267551372
5634	0.0003034230241
5635	0.004375823156
5636	0.01825275621
5637	0.001486341292
5638	0.02130209321
5639	0.0005995393324
5640	0.003225627495
5641	0.0001265213442
5642	0.0001313351499
5643	0.01097482962
5644	0.002352210975
5645	0.0009305127325
5646	0.000109131757
5647	0.00448296649
5648	0.005031750196
5649	0.0003357021249
5650	0.0001050387094
5651	0.002037640754
5652	0.004921101773
5653	0.0003130475113
5654	0.002212239775
5655	0.007306414001
5656	0.01457654591
5657	0.00381749835
5658	7.618641115e-05
5659	0.003232033449
5660	0.00157543217
5661	0.01347227049
5662	0.001118305511
5663	0.01242303536
5664	6.753269497e-05
5665	0.01301372487
5666	0.02295284655
5667	0.0006186988605
5668	0.0005341436854
5669	0.001088267869
5670	0.002341729048
5671	0.004299879083
5672	0.01013035809
5673	0.009644324624
5674	0.005074809395
5675	0.003048272094
5676	0.0162815921
5677	0.004306054116
5678	0.007221420777
5679	0.0003532010502
5680	0.003502612139
5681	0.003447697989
5682	0.002023063067
5683	0.008686580616
5684	0.01703898867
5685	0.01021472842
5686	0.0001567357376
5687	0.00766477916
5688	0.0002615342575
5689	0.005184743481
5690	0.001788425544
5691	0.004133953863
5692	0.01296156074
5693	0.0006051909262
5694	0.001423308118
5695	0.005166211731
5696	0.001363404575
5697	0.002620914346
5698	9.082652134e-07
5699	5.122615804e-05
5700	0.003278480114
5701	0.004523411026
5702	0.01251650044
5703	0.005595304891
5704	0.001522574763
5705	3.759352973e-06
5706	0.00329755764
5707	0.00708346933
5708	0.0007456309592
5709	0.0004599169003
5710	0.001308716114
5711	0.005921958528
5712	0.001451797496
5713	0.0002961590828
5714	0.009751954054
5715	0.005185944515
5716	0.004612898885
5717	0.002001364688
5718	0.0007294249522
5719	1.310519808e-05
5720	0.005518846584
5721	0.001328773101
5722	0.005602436679
5723	0.006811319181
5724	0.00464865759
5725	0.003880034734
5726	0.00375080519
5727	0.0002703530659
5728	0.004050528327
5729	0.001554798618
5730	0.001006651758
5731	0.003863890304
5732	0.002848261281
5733	0.00410961999
5734	0.002084267103
5735	0.00141791914
5736	0.01402224498
5737	0.005584486792
5738	0.001247356065
5739	3.051771117e-05
5740	3.051771117e-05
5741	0.006690056625
5742	0.007493390764
5743	0.006198390878
5744	0.008107037373
5745	0.0009218762582
5746	0.002484624432
5747	0.007257315022
5748	0.009067294048
5749	0.005622049822
5750	0.005719415355
5751	0.004216961353
5752	0.005106759088
5753	0.007023937923
5754	0.005576491808
5755	0.009180256021
5756	0.001037737247
5757	0.001562601986
5758	0.006538190284
5759	0.004036680982
5760	0.008783249882
5761	0.001115174422
5762	0.004368549459
5763	0.002863379173
5764	0.006856271378
5765	0.01084922566
5766	0.003933148209
5767	0.02111762641
5768	0.0004036212218
5769	1.691016825e-05
5770	0.0002387867839
5771	0.006720386233
5772	0.0001080835604
5773	0.0001446866485
5774	0.0001706630336
5775	0.02365137108
5776	0.005739071038
5777	0.00124026519
5778	0.008509553686
5779	0.003350667978
5780	2.495134293e-05
5781	0.01231224749
5782	0.009113544432
5783	0.002309196653
5784	0.001479611651
5785	5.651226158e-05
5786	0.000274386921
5787	0.004583102367
5788	0.009428406981
5789	0.007298521201
5790	0.0004456900518
5791	0.001508807405
5792	0.002585535311
5793	0.0006932716243
5794	0.002111844212
5795	0.0006829478488
5796	0.003260417185
5797	0.0001211444142
5798	0.01298676833
5799	0.0144367159
5800	0.000761010506
5801	0.005273202735
5802	0.008789059035
5803	0.00344354209
5804	0.005608815268
5805	0.005389570318
5806	0.01620101308
5807	0.004243086232
5808	0.004503717944
5809	0.0001019981835
5810	0.005825906892
5811	0.002769642959
5812	0.00947674495
5813	0.002018412682
5814	0.001831193469
5815	0.009747648936
5816	0.004154292916
5817	0.004441902464
5818	0.0003638307022
5819	0.002829971558
5820	0.001460311268
5821	0.008408735506
5822	0.0004874343898
5823	0.003600500184
5824	0.00422348959
5825	0.00010417802
5826	0.0001705722071
5827	0.006720113797
5828	0.003704666128
5829	7.593599861e-05
5830	0.007570100821
5831	0.01171475441
5832	0.0007017783474
5833	0.00431690537
5834	0.002546149962
5835	0.0027950915
5836	1.260318247e-05
5837	0.003122665931
5838	0.01082775469
5839	0.001648864173
5840	0.005301440744
5841	0.0007871565096
5842	0.0001659939936
5843	0.003019074654
5844	0.01042209497
5845	0.003843998793
5846	0.002869249879
5847	0.005379572747
5848	0.005201949583
5849	0.0007698968742
5850	0.0003565309915
5851	0.003653495574
5852	0.001427053929
5853	0.01315443132
5854	0.0004330792215
5855	0.01221719616
5856	0.008205542995
5857	0.008722604712
5858	0.003432473727
5859	0.003584591331
5860	0.009699916634
5861	0.005037455816
5862	0.005028221121
5863	0.008284786982
5864	0.00110249966
5865	0.009138617978
5866	0.000132061762
5867	0.0001645776567
5868	0.001092770523
5869	0.003614416307
5870	2.143154015e-05
5871	0.002421840145
5872	0.0005451736649
5873	0.009051532519
5874	0.003037230387
5875	0.002882820683
5876	0.005740720249
5877	0.005269987588
5878	0.0006686456921
5879	0.001726059499
5880	0.0004444164967
5881	0.00264271772
5882	0.002782736256
5883	8.993642144e-05
5884	0.0001125340599
5885	0.0001125340599
5886	0.001388847035
5887	0.002439751086
5888	0.004425871358
5889	7.870255623e-05
5890	0.002489744781
5891	0.0005186784113
5892	0.0005068019088
5893	0.0002095562085
5894	1.177936457e-05
5895	0.0001836323625
5896	0.001501691454
5897	0.0001076294278
5898	7.538601272e-05
5899	0.001775654417
5900	0.003213448793
5901	0.003467304028
5902	0.008121828129
5903	0.002324511779
5904	0.003307918208
5905	0.00216174667
5906	3.174431116e-05
5907	0.01236264499
5908	0.005240141412
5909	0.0058262976
5910	7.246606575e-05
5911	0.009856428879
5912	0.001421223665
5913	8.942876319e-05
5914	0.0005726059476
5915	0.007872618036
5916	0.006967535381
5917	8.702879319e-05
5918	0.004829391088
5919	0.005641561839
5920	0.000263085514
5921	0.001990831935
5922	0.006743137731
5923	0.00590456981
5924	0.005624967161
5925	0.0008328983578
5926	0.002359527165
5927	0.0009966563114
5928	0.004007488261
5929	0.003619946395
5930	0.002402821331
5931	0.01510017352
5932	0.002162608145
5933	0.004350383812
5934	0.007056397705
5935	0.001118324051
5936	0.006041228087
5937	0.003167989883
5938	0.01099052268
5939	0.00228562868
5940	0.001777044199
5941	0.005047691404
5942	0.001786611624
5943	0.004343688163
5944	0.004462306091
5945	0.00402465186
5946	0.002471704986
5947	0.005914466714
5948	0.00340810193
5949	0.0002415496453
5950	0.008743402929
5951	0.005536268953
5952	0.01060129017
5953	0.003386634903
5954	0.0001136940443
5955	0.005346256617
5956	6.494096276e-05
5957	0.008934932629
5958	0.004645086594
5959	0.003587689025
5960	2.229994791e-05
5961	8.670700784e-05
5962	2.761126249e-05
5963	0.01338363702
5964	0.01161879463
5965	0.005590804827
5966	0.01359875202
5967	0.0009393799058
5968	0.008082951388
5969	0.00328555622
5970	0.005360796533
5971	0.004790569416
5972	0.01141450793
5973	0.001247462867
5974	0.00864342399
5975	0.0003611195012
5976	0.005486331176
5977	0.00884267421
5978	0.005263172192
5979	0.00101367548
5980	0.004743463489
5981	0.003721939854
5982	0.007973763691
5983	0.01174317819
5984	0.009707585621
5985	0.0100780712
5986	0.004141831118
5987	0.001921102023
5988	8.68675449e-05
5989	0.004315552206
5990	0.007219803066
5991	0.002408189953
5992	0.00795207027
5993	0.0138704155
5994	0.004541938608
5995	0.0001409630958
5996	0.0001547865577
5997	0.006396636787
5998	0.0003489713867
5999	0.0004473593957
6000	0.008537716973
6001	0.0004032346927
6002	0.00451444195
6003	0.005503712266
6004	0.008355852518
6005	0.001673932237
6006	0.0004991362617
6007	4.514078111e-05
6008	0.002320434948
6009	0.0001277415651
6010	0.003256851755
6011	0.005626428604
6012	0.0004095312919
6013	0.001949236469
6014	0.001415819644
6015	0.003836330553
6016	0.005750416042
6017	0.01168476496
6018	0.001109641775
6019	0.0004694186855
6020	4.804722979e-05
6021	4.931880109e-05
6022	0.003506731207
6023	0.005809687647
6024	0.0002586618939
6025	0.004424464859
6026	0.0008566905985
6027	0.0007599483011
6028	0.005527636145
6029	0.000512031683
6030	0.002524073926
6031	0.005904725721
6032	0.003564957325
6033	0.01187506967
6034	0.010715704
6035	0.004359247679
6036	0.0003901816858
6037	0.0004315561689
6038	0.002073570242
6039	0.0003951683774
6040	0.0001738684958
6041	0.006146480164
6042	0.001307224046
6043	0.003148247228
6044	0.002575018654
6045	0.01449189652
6046	0.008572988857
6047	0.002244418687
6048	7.650966654e-05
6049	0.0002326975477
6050	0.005316654646
6051	0.00759112776
6052	0.006384352089
6053	0.0102634036
6054	0.004096424491
6055	0.0007015954385
6056	0.006774466067
6057	0.004018329592
6058	0.0184043377
6059	0.0001369755585
6060	0.006741890066
6061	0.01194337698
6062	0.005699989805
6063	0.003977851857
6064	0.0005702081767
6065	0.009372073028
6066	0.0048866827
6067	0.003370664131
6068	0.001838706638
6069	0.001014112793
6070	2.207084469e-05
6071	2.207084469e-05
6072	0.004004111474
6073	3.593572942e-05
6074	0.005658628854
6075	0.003947367756
6076	0.005756944671
6077	0.004999810102
6078	0.000129972752
6079	0.000129972752
6080	0.003500003465
6081	0.005375167131
6082	0.004656587732
6083	0.008392254411
6084	0.001132612217
6085	0.0002992474831
6086	0.0001002724796
6087	0.0001002724796
6088	0.00331321757
6089	0.01553629644
6090	0.004466416398
6091	0.009374003765
6092	0.005506752382
6093	0.008634998134
6094	0.0001449217774
6095	0.0004218617486
6096	0.007046509576
6097	0.01110011143
6098	0.0003994131422
6099	7.509266393e-05
6100	0.004639365029
6101	0.003494154834
6102	0.007377025087
6103	0.005734695718
6104	1.071147441e-05
6105	0.004104087018
6106	0.01111055404
6107	0.0001284634876
6108	0.01253899555
6109	0.009709002497
6110	0.00124697687
6111	0.006173316673
6112	0.00532966499
6113	0.009290801253
6114	0.001018379693
6115	6.730229504e-05
6116	0.01918099547
6117	0.0001253769301
6118	0.0005396050975
6119	0.001879836793
6120	0.01660854706
6121	0.0003146188625
6122	0.003576326481
6123	0.00286066008
6124	0.004343932152
6125	0.0009817139254
6126	0.001602510147
6127	0.006710871909
6128	0.004544513155
6129	0.008351887289
6130	0.00469683112
6131	0.0005410225595
6132	0.0003424129014
6133	0.001270476764
6134	0.008152520212
6135	0.004014571149
6136	0.004969367503
6137	0.0001326935488
6138	0.003172465378
6139	9.355131698e-06
6140	0.00616672487
6141	0.002551825239
6142	0.004409420908
6143	0.005133277818
6144	0.003529942353
6145	6.030881017e-05
6146	7.420526794e-05
6147	0.0053718654
6148	0.007330585023
6149	0.002065280548
6150	0.007082540714
6151	2.306993642e-06
6152	0.00638456457
6153	0.006706964951
6154	0.00132957864
6155	0.002876886774
6156	0.002680416469
6157	0.001468092053
6158	0.007219768904
6159	0.005968802482
6160	0.001273712171
6161	0.009325476541
6162	0.001680553382
6163	0
6164	0.002348683103
6165	0.002287878227
6166	0.003948387266
6167	0.009562656291
6168	0.00158709525
6169	0.004115882303
6170	0.006033499368
6171	0.001630135252
6172	0.003710135441
6173	0.008339275527
6174	0.00125367251
6175	0.0083077597
6176	0.0001409627611
6177	0.000195640327
6178	0.001999099199
6179	0.01253643612
6180	0.01005003871
6181	0.0001641984179
6182	0.0106632
6183	0.0009264351622
6184	0.0001245974553
6185	0.001157024816
6186	0.003510021788
6187	9.908937687e-05
6188	0.003413976658
6189	0.0128509442
6190	0.005686182916
6191	0.0005719156593
6192	0.0002472016105
6193	0.00104288003
6194	0.001841487929
6195	0.0008809081251
6196	0.00644506012
6197	8.917513005e-07
6198	0.00304365029
6199	0.009265632064
6200	0.01397666157
6201	0.001209443604
6202	0.003003166247
6203	0.003861127436
6204	0.0002249221082
6205	0.001248981274
6206	0.001343198089
6207	0.006016436034
6208	0.007350291974
6209	0.01542518041
6210	0.0084596848
6211	5.224844298e-05
6212	0.006954744575
6213	0.001445541582
6214	0.003807702738
6215	0.002722478191
6216	0.004573357192
6217	0.001286229095
6218	8.846503179e-05
6219	0.004706143684
6220	0.004358495061
6221	0.0004902582676
6222	0.003898802023
6223	0.01278910965
6224	0.004526586905
6225	0.0005552281431
6226	0.009343485992
6227	0.002211325223
6228	0.0005467896072
6229	0.004465175638
6230	0.00433052176
6231	0.004974181976
6232	0.006481860604
6233	1.326067212e-05
6234	0.004960437167
6235	0.003715868964
6236	0.009945020807
6237	0.006306004114
6238	0.01127511494
6239	0.0009696193835
6240	7.182523804e-05
6241	7.883742053e-05
6242	0.0002435967302
6243	0.004820834092
6244	0.004366041791
6245	0.0007432626682
6246	0.006638854288
6247	0.002585627489
6248	0.002015053837
6249	1.089918256e-05
6250	1.089918256e-05
6251	0.003694245477
6252	0.007434849148
6253	4.534209213e-05
6254	0.00734949604
6255	9.636693915e-05
6256	0.003080693517
6257	0.001862638961
6258	0.006337090661
6259	0.006538001985
6260	0.001343820481
6261	0.0001404961389
6262	0.009697879745
6263	0.009364324226
6264	0.00102300519
6265	2.853769301e-05
6266	9.182561308e-05
6267	9.182561308e-05
6268	0.00201742885
6269	0.008740603524
6270	0.001896336418
6271	0.007116506363
6272	0.002426816807
6273	0.002122700181
6274	0.0003198184947
6275	1.746110696e-05
6276	0.002338360388
6277	0.002563211218
6278	0.003816984557
6279	5.613467197e-05
6280	0.002719130207
6281	0.004083410286
6282	0.008145953245
6283	0.001750297896
6284	0.01112933661
6285	0.0005002101965
6286	0.005504251714
6287	3.466301424e-05
6288	0.006974574944
6289	0.008022287673
6290	0.01699020068
6291	0.005026026184
6292	0.009359421078
6293	0.0068030651
6294	0.006111919032
6295	0.00488665472
6296	0.001897684179
6297	0.003247565437
6298	0.006498111552
6299	0.008634393187
6300	0.001450053159
6301	0.01583942894
6302	0.0008113176262
6303	0.00717315961
6304	0.001586899592
6305	0.002846445482
6306	0.001909916189
6307	0.0006969913877
6308	0.003547798961
6309	0.001911186121
6310	3.869209809e-05
6311	3.869209809e-05
6312	0.001582582177
6313	0.00311269205
6314	0.0002886296231
6315	0.005624106456
6316	0.003551830756
6317	0.0009666416982
6318	0.0001365122616
6319	0.007694391115
6320	0.002181885651
6321	0.001682488866
6322	0.006064740707
6323	0.005697359891
6324	0.00147995125
6325	0.0007186532405
6326	0.003812896633
6327	0.005056672962
6328	0.0006214985919
6329	0.005059281651
6330	0.01169518606
6331	0.002382950282
6332	0.0003829990273
6333	0.0003439978972
6334	0.002689367252
6335	0.001773041154
6336	0.002067726663
6337	0.003390981168
6338	0.002967270369
6339	0.003999972654
6340	0.0001163487738
6341	0.0001163487738
6342	0.006137980782
6343	0.001395969501
6344	0.004441370331
6345	2.179836512e-06
6346	2.179836512e-06
6347	0.004917156317
6348	0.001034545833
6349	0.004136974524
6350	0.009834910612
6351	0.001422948685
6352	0.01082723414
6353	0.00579505529
6354	0.0004463099704
6355	0.002274770453
6356	0.001980565683
6357	0.004068597712
6358	0.0007897890207
6359	0.005433326157
6360	0.008262390923
6361	2.942779292e-05
6362	2.942779292e-05
6363	0.0005555924991
6364	0.0005166703597
6365	0.01029091527
6366	0.01167973322
6367	0.0009943884006
6368	0.001808790939
6369	0.003939346643
6370	4.16893733e-05
6371	4.16893733e-05
6372	0.0006354963603
6373	0.009245619175
6374	0.009736323411
6375	0.01023701052
6376	0.000787640361
6377	0.004323707264
6378	1.99818347e-06
6379	0.004785621287
6380	0.00356848408
6381	0.00612538254
6382	0.0112888211
6383	0.000136603273
6384	0.002843048804
6385	5.049954587e-05
6386	0.001057611143
6387	0.001107321836
6388	0.0001855585831
6389	0.0001506811989
6390	0.001632845823
6391	0.009725368942
6392	0.01161324552
6393	0.0001584152726
6394	0.001793660594
6395	0.005794735585
6396	0.005700879295
6397	0.006723972871
6398	0.0001103723887
6399	5.794732062e-05
6400	0.0014064746
6401	0.001787069894
6402	0.003236398659
6403	0.0001645696212
6404	8.446866485e-06
6405	8.446866485e-06
6406	0.006271740842
6407	0.00209777102
6408	0.00592209727
6409	0.007109543149
6410	0.0001887970099
6411	0.002340601915
6412	0.001661236045
6413	0.0003305803836
6414	0.01479805035
6415	0.002071440808
6416	0.001003197904
6417	0.01111647319
6418	0.005953184236
6419	0.01525606824
6420	0.001196753085
6421	0.002831484167
6422	0.001575122107
6423	0.001682401303
6424	0.008237086645
6425	0.0041666579
6426	0.000143884898
6427	0.01202891916
6428	0.002484661579
6429	0.001374802835
6430	0.00883236871
6431	0.0001290644868
6432	0.00294512667
6433	0.0006850340569
6434	0.0007547430791
6435	0.004064057941
6436	0.0001051771117
6437	0.0001051771117
6438	0.004230609663
6439	0.0001307598793
6440	0.003153306624
6441	0.0001253405995
6442	0.0001253405995
6443	8.611984442e-05
6444	0.01176803122
6445	7.433168853e-05
6446	9.426148641e-05
6447	0.003272497288
6448	0.007162848503
6449	0.008559921832
6450	6.039963669e-05
6451	0.01356177921
6452	0.002158696079
6453	0.002023555433
6454	9.02210112e-06
6455	0.0004141218732
6456	0.001396037783
6457	0.009065507079
6458	0.002228629794
6459	0.01563975091
6460	0.002352262912
6461	0.00122197793
6462	0.002242617246
6463	0.0009154838651
6464	0.01067518896
6465	0.002708850136
6466	0.001120129216
6467	0.008047459998
6468	0.00868858905
6469	0.005998426469
6470	0.0008382320252
6471	0.005186343699
6472	0.0005108783156
6473	0.004042286702
6474	0.001382394155
6475	0.003641029989
6476	0.003253081214
6477	9.509536785e-05
6478	0.0001316076294
6479	0.003909211608
6480	0.0007434968256
6481	0.002103048195
6482	0.005549559242
6483	0.0081419031
6484	0.003551265134
6485	0.0003879152479
6486	0.0001359623093
6487	0.00370896726
6488	0.005752561592
6489	0.008862091808
6490	0.0004119944058
6491	0.01167783293
6492	0.0001822161671
6493	0.007615155384
6494	0.003504925352
6495	0.0006466192044
6496	0.00032629553
6497	0.002364874632
6498	0.01054038983
6499	3.684961723e-06
6500	1.930306448e-05
6501	0.001618571013
6502	0.003373859423
6503	0.005227106669
6504	2.070844687e-05
6505	2.070844687e-05
6506	0.0003565368246
6507	0.0005510109806
6508	0.00843926408
6509	0.006013578965
6510	0.004922199858
6511	0.0003206606288
6512	0.001770433571
6513	0.008917523373
6514	0.002250687637
6515	0.006792085504
6516	0.007437919295
6517	0.00188351541
6518	0.002135119159
6519	2.179836512e-05
6520	2.179836512e-05
6521	0.00302336144
6522	0.0005941850184
6523	0.0007847663991
6524	2.214517664e-05
6525	0.0004054684722
6526	1.008466742e-05
6527	0.003425964955
6528	0.0005694175226
6529	0.002389957624
6530	0.004850160183
6531	0.003639393104
6532	0.003943957031
6533	0.003016383008
6534	0.005403662033
6535	0.001426553172
6536	0.006074680432
6537	0.001853700535
6538	0.001218755395
6539	0.001224093036
6540	0.000287485541
6541	0.003243601796
6542	0.009942578043
6543	0.009521773689
6544	0.006367296702
6545	0.007173762965
6546	0.002769371609
6547	0.005435919557
6548	0.0001863306085
6549	6.46684832e-05
6550	0.003924275022
6551	0.01735035009
6552	0.0008490076121
6553	0.00875129954
6554	0.0009478407745
6555	0.001987566152
6556	0.006894477126
6557	0.003337020386
6558	0.02214444837
6559	0.006785712366
6560	0.009204089131
6561	0.003140844411
6562	0.000107297911
6563	0.003367936324
6564	7.356948229e-05
6565	7.356948229e-05
6566	0.0007358881988
6567	0.004897586196
6568	0.0008509851114
6569	0.0008541888629
6570	0.0005469129656
6571	0.001113589403
6572	9.645776567e-05
6573	0.002634772394
6574	0.003706002708
6575	0.0001869473887
6576	0.001249043381
6577	0.006520817598
6578	0.0001598546776
6579	7.122371555e-05
6580	0.004096862408
6581	0.000246385387
6582	0.006664594709
6583	0.009663716994
6584	0.007362488216
6585	0.005247277676
6586	0.005748053432
6587	8.773841962e-05
6588	8.773841962e-05
6589	0.0005613684123
6590	0.001788993015
6591	0.002730115235
6592	0.002412908322
6593	0.0043810544
6594	0.007320929422
6595	0.008400233535
6596	2.025280496e-05
6597	0.003104990021
6598	0.0031689697
6599	0.004916593335
6600	0.008416907032
6601	0.004401579247
6602	0.006962050476
6603	0.003235179448
6604	0.001858510132
6605	0.0006744228676
6606	0.002405765793
6607	0.01439598012
6608	0.005282058819
6609	7.048879771e-05
6610	0.001441226524
6611	4.768392371e-05
6612	4.768392371e-05
6613	0.0008136828702
6614	3.655307778e-05
6615	0.005333928273
6616	0.002134334736
6617	0.004385716829
6618	0.001709372363
6619	0.009596696525
6620	0.0002159745594
6621	0.005237816949
6622	0.001847946233
6623	0.0004714388071
6624	0.01321678066
6625	0.006303209144
6626	3.996366939e-06
6627	0.0008989003739
6628	0.002638619584
6629	0.0002837027799
6630	0.004991764889
6631	8.610354223e-05
6632	8.610354223e-05
6633	0.005266422268
6634	0.006758723901
6635	0.008128727183
6636	0.006405648104
6637	0.005750793777
6638	0.00138093061
6639	0.0001004515375
6640	0.0005116046914
6641	0.002477791308
6642	0.005620092997
6643	0.009257311664
6644	0.0003502475026
6645	0.001100679412
6646	0.001450861347
6647	0.001104806449
6648	0.004338103452
6649	0.003725962067
6650	0.0001324250681
6651	0.0001324250681
6652	0.004450860786
6653	0.008445957559
6654	0.002760786155
6655	0.01351493867
6656	0.000102204757
6657	0.004541461038
6658	0.004725085796
6659	0.006667241381
6660	0.008074271433
6661	0.00407291291
6662	0.005403389009
6663	0.0008950373514
6664	0.00620322061
6665	0.004048910975
6666	0.01199759719
6667	0.004328592648
6668	0.002199078875
6669	0.003432141416
6670	0.003695279379
6671	0.005460111474
6672	0.007369790646
6673	0.01400896588
6674	0.003253406668
6675	0.0007128944892
6676	0.004430211938
6677	0.002311380523
6678	0.001252091448
6679	0.0003606198652
6680	0.006491054661
6681	0.008600616309
6682	0.001965453155
6683	0.01090054521
6684	0.00358264674
6685	0.005061897827
6686	0.005285948461
6687	0.00793389241
6688	0.003960182329
6689	0.005220804429
6690	0.001845387995
6691	0.001916081337
6692	0.002621484078
6693	0.01657572534
6694	0.002689795194
6695	0.00466206907
6696	0.0185438367
6697	0.001178230304
6698	2.706441606e-05
6699	0.003786289156
6700	0.002525065315
6701	0.006798384175
6702	0.008994650825
6703	0.006639747004
6704	0.003630118226
6705	2.752043597e-05
6706	0.008471287675
6707	0.001052073123
6708	0.009033056961
6709	0.003378226823
6710	0.005779326892
6711	0.002353415418
6712	0.0006272955753
6713	5.66030881e-05
6714	0.01507383707
6715	0.005053383107
6716	0.01161352349
6717	0.00179593021
6718	0.0004380176145
6719	0.001591451436
6720	0.003583931324
6721	0.01051667103
6722	0.0004756901644
6723	0.007908564969
6724	0.0001242506812
6725	0.0001242506812
6726	0.003897065019
6727	0.009205306599
6728	0.0001193278837
6729	0.00287146219
6730	0.001588802966
6731	0.01955793596
6732	0.009740981265
6733	0.0001160078015
6734	0.003328970478
6735	0.0001527656716
6736	0.0121620847
6737	0.0003659170756
6738	0.0003111600356
6739	0.0007940199506
6740	0.0001332425068
6741	0.002027530324
6742	9.04666985e-06
6743	0.004794854606
6744	0.01579659451
6745	0.005195270758
6746	0.0001039081355
6747	0.01318470961
6748	0.0101356073
6749	0.0006847365294
6750	0.002032301567
6751	0.0009736761642
6752	0.005553833939
6753	0.01007802398
6754	0.002594908028
6755	0.002772784868
6756	0.003454276858
6757	0.0007895819407
6758	0.0001100395631
6759	0.01451171359
6760	0.001024267216
6761	0.007667118711
6762	0.002387928599
6763	0.004277586549
6764	0.002945588563
6765	0.000809427367
6766	0.002688068841
6767	0.000405176101
6768	0.00174676979
6769	0.007811630251
6770	0.007971836471
6771	0.008491350172
6772	0.008668916544
6773	7.554171532e-05
6774	0.00362665907
6775	0.005453047729
6776	0.004672836693
6777	0.003140202308
6778	0.005519384981
6779	0.0004679112333
6780	0.002548318277
6781	0.0007608053951
6782	0.005386369784
6783	0.005205298882
6784	0.0005160641158
6785	0.007264800871
6786	0.005342637123
6787	0.004210470248
6788	0.005391229018
6789	0.0004560608702
6790	0.0003768670709
6791	0.001156490132
6792	0.0005713046257
6793	0.008178361371
6794	0.0005334463317
6795	0.005694222223
6796	0.001674046774
6797	0.001683652413
6798	0.001533352502
6799	0.003503688179
6800	0.001291343668
6801	0.01318116318
6802	0.002409813507
6803	0.005541782305
6804	0.004308736232
6805	0.005090452668
6806	0.007122604684
6807	0.006946954435
6808	0.0005036701852
6809	3.026276639e-05
6810	0.001366304729
6811	0.001915682673
6812	0.01245684664
6813	0.002604772702
6814	6.429073942e-05
6815	0.006635065653
6816	0.000160599455
6817	0.004701669686
6818	0.004164308636
6819	0.004945344293
6820	0.001365563017
6821	8.446866485e-05
6822	8.446866485e-05
6823	0.003824624857
6824	0.001580908272
6825	0.01008528622
6826	0.006073554217
6827	0.00273517293
6828	0.001462541326
6829	0.007246810491
6830	0.01339536451
6831	0.006680950262
6832	0.006889741249
6833	0.003764816245
6834	0.0001354950045
6835	0.001790776989
6836	0.009627134594
6837	0.001393021057
6838	0.00604001403
6839	0.005536818415
6840	0.002877808382
6841	0.006922477019
6842	0.001703778355
6843	0.003039971412
6844	0.001842712759
6845	0.0005623307834
6846	0.008208222657
6847	0.005284436842
6848	0.002414467801
6849	0.01052773317
6850	0.003735655616
6851	0.002421216347
6852	0.005784778653
6853	0.0009273113119
6854	0.004040668668
6855	0.008897947139
6856	5.83106267e-05
6857	0.005684474632
6858	0.00540053992
6859	0.000645088627
6860	0.002762251993
6861	0.004826103042
6862	0.0001518594494
6863	0.01005289942
6864	0.004626496084
6865	0.001390615452
6866	0.000412753268
6867	0.004809762339
6868	0.001079385261
6869	0.01174794469
6870	5.395095368e-05
6871	2.497729337e-05
6872	0.009059776901
6873	0.0001474477748
6874	7.948871059e-05
6875	0.002620126681
6876	0.003137097323
6877	0.001843011171
6878	0.01029135531
6879	0.0006797071351
6880	0.006134003199
6881	0.003472119098
6882	0.0003046282458
6883	0.001636265301
6884	0.0106581686
6885	0.004276227848
6886	0.004852439998
6887	0.007251380123
6888	0.010409477
6889	0.0002292027207
6890	0.004909431207
6891	0.00317862376
6892	0.007034162221
6893	0.001449324157
6894	0.0005764217375
6895	0.001831019063
6896	0.001088246635
6897	0.004931788074
6898	0.001596839928
6899	0.001827741229
6900	0.0107877374
6901	0.004775989062
6902	0.01077997113
6903	0.01307719693
6904	0.005483601085
6905	7.655320328e-05
6906	0.0005271552717
6907	0.002663444844
6908	3.796686612e-05
6909	0.002795242227
6910	0.0007869032274
6911	0.009857491477
6912	0.006678963295
6913	2.250252926e-05
6914	0.006982566556
6915	0.004374793975
6916	0.004342974956
6917	0.003074530623
6918	0.01007852891
6919	8.183469573e-05
6920	0.006056486275
6921	0.00323495998
6922	0.00692833407
6923	0.002353960816
6924	0.0001201634877
6925	0.0001201634877
6926	0.009453494315
6927	0.002659579416
6928	0.001050818451
6929	0.006434379175
6930	0
6931	0.0009871806449
6932	0.01512936524
6933	0.005016514976
6934	0.002432993403
6935	0.001347812687
6936	0.003316376274
6937	0.002707243104
6938	0.000539018102
6939	0.005556180255
6940	0.0001579654859
6941	9.073569482e-05
6942	9.073569482e-05
6943	0.0001133696639
6944	0.0004054592773
6945	0.01432247087
6946	0.001667956051
6947	0.001814377514
6948	0.002589508068
6949	0.006697323318
6950	0.001030421532
6951	0.003318784657
6952	0.006713132232
6953	0.001189184961
6954	0.0001567175857
6955	0.004682064533
6956	0.000862290889
6957	0.007111892755
6958	0.003389314925
6959	0.01213086532
6960	0.004614712467
6961	0.001482639075
6962	0.0003900613403
6963	0.00142121775
6964	0.003683336911
6965	2.454881954e-05
6966	8.446866485e-05
6967	8.446866485e-05
6968	0.002384757048
6969	0.0009904410789
6970	0.01248249784
6971	0.001214000635
6972	0.0002101585991
6973	0.007712144046
6974	0.002970021591
6975	0.01103557403
6976	0.009727902877
6977	0.002127897165
6978	0.003009893791
6979	0.003827139779
6980	0.001598223327
6981	0.009069514719
6982	0.008190005481
6983	0.004607296759
6984	0.001342233916
6985	0.003841542436
6986	0.007240042576
6987	0.009950697224
6988	0.002641495501
6989	0.001528920111
6990	0.0151669711
6991	0.01118074461
6992	0.000885736397
6993	0.00370965025
6994	0.006570518713
6995	0.0005348166629
6996	6.570593087e-05
6997	0.005268254175
6998	0.004045414529
6999	0.002888338512
7000	0.003320340899
7001	0.001986219148
7002	3.206176203e-05
7003	0.007157943092
7004	0.002916133012
7005	0.001419926535
7006	0.0018051712
7007	9.900090827e-05
7008	0.003566403846
7009	0.0002001052146
7010	0.007033097975
7011	0.007654715263
7012	0.00753346264
7013	0.001210386356
7014	0.00365722755
7015	8.746594005e-05
7016	8.746594005e-05
7017	0.0001159898025
7018	0.0001506786038
7019	0.007604801883
7020	0.004011546981
7021	0.004163112569
7022	0.01095873578
7023	0.008931001664
7024	0.007783685414
7025	0.004256400158
7026	0.0001049046322
7027	0.0001049046322
7028	0.001418479611
7029	0.001492169855
7030	0.005314539106
7031	0.001938014305
7032	0.001728259053
7033	0.01499586993
7034	0.004858186363
7035	0.0002138705932
7036	2.234332425e-05
7037	2.234332425e-05
7038	0.0002524532404
7039	0.0004438298162
7040	0.002993827271
7041	0.009551674128
7042	0.01324382909
7043	0.001894433019
7044	0.005304561064
7045	0.003019518075
7046	0.002409178236
7047	0.001933429736
7048	0.00318344033
7049	0.02180960914
7050	0.001273854953
7051	0.003242354942
7052	0.006856027037
7053	0.002044310742
7054	0.007005636881
7055	0.002091385175
7056	0.009487101858
7057	0.003155988766
7058	6.757493188e-05
7059	6.757493188e-05
7060	0.002156568534
7061	0.006528285108
7062	0.004574579087
7063	3.861669344e-05
7064	0.0007839670633
7065	0.008211945164
7066	0.003693619542
7067	7.656675749e-05
7068	7.656675749e-05
7069	2.057436963e-05
7070	0.006125499087
7071	0.0001313351499
7072	2.995994367e-05
7073	0.005716149886
7074	0.002381137499
7075	0.01082120678
7076	0.000858417157
7077	0.01210053861
7078	0.004478335716
7079	0.001203644733
7080	0.0004810041252
7081	0.002251598174
7082	0.01301958122
7083	0.002733199347
7084	0.008312845328
7085	0.002021933697
7086	0.007289231272
7087	0.001333801539
7088	0.002279234291
7089	0.002147631216
7090	0.00110329867
7091	0.003747357815
7092	0.0002785242777
7093	4.174127417e-06
7094	0.005963480427
7095	0.006269249326
7096	0.0003868469695
7097	0.001048552252
7098	0.003339987874
7099	0.0061564163
7100	7.002724796e-05
7101	7.002724796e-05
7102	0.0002075307535
7103	0.0006532575177
7104	0.004865823429
7105	0.0001151680291
7106	0.001097858133
7107	4.027247956e-05
7108	0.001376496811
7109	0.0003887307452
7110	0.0006208599696
7111	0.0002971945669
7112	0.006482656489
7113	0.001932287251
7114	0.003310382968
7115	0.006924527955
7116	0.0006865058886
7117	0.003173238395
7118	0.002210160501
7119	0.0005389488342
7120	6.920980926e-05
7121	0.007623224232
7122	0.01167280757
7123	0.0001188555858
7124	1.326067212e-05
7125	9.427792916e-05
7126	9.427792916e-05
7127	0.00595870114
7128	0.004776266228
7129	0.0007073138582
7130	0.01051078289
7131	0.0009912440441
7132	0.007969755497
7133	0.02569465904
7134	5.803814714e-05
7135	5.803814714e-05
7136	0.006325652106
7137	0.002304825135
7138	3.351498638e-05
7139	0.003644052084
7140	0.005149302012
7141	0.002261947813
7142	0.008366446152
7143	0.002556803681
7144	0.003145606095
7145	0.002414365631
7146	0.001936200093
7147	0.0001956247567
7148	0.01254493587
7149	0.00049695449
7150	0.0007770206414
7151	0.002294704263
7152	0.006330577592
7153	0.005488618206
7154	0.00181371292
7155	0.003436745909
7156	0.005540044195
7157	2.72479564e-07
7158	0.003955562567
7159	0.001395411543
7160	0.002585027024
7161	0.0001347602413
7162	0.0004254305715
7163	0.01184634922
7164	0.004989502599
7165	0.007406399102
7166	0.01159711163
7167	0.005751514399
7168	0.0001269754768
7169	0.0001269754768
7170	0.006855321564
7171	0.000405970578
7172	0.0005687111273
7173	0.006553204548
7174	0.0001155313351
7175	0.0001155313351
7176	0.0001429038536
7177	0.001509270013
7178	0.007426582318
7179	0.001066121819
7180	0.0006942400044
7181	0.007283646868
7182	0.001078799596
7183	0.003656739815
7184	0.001014475191
7185	0.003202240858
7186	0.0007944715543
7187	0.005745901537
7188	0.007070425992
7189	7.36239782e-05
7190	0.001978334274
7191	0.001401171906
7192	0.0002757240054
7193	0.000385884136
7194	0.004262908222
7195	0.005275663818
7196	0.00354667625
7197	0.0005624373753
7198	0.007831340161
7199	0.0002268190094
7200	0.001055934269
7201	0.00486873713
7202	0.0005737391946
7203	0.003845790296
7204	0.01023327507
7205	0.000366013664
7206	0.001268286889
7207	0.001383814249
7208	0.000831028907
7209	0.004684892026
7210	0.00613989479
7211	0.0001297002725
7212	0.0001297002725
7213	0.01563926307
7214	0.005528240465
7215	0.004824911765
7216	0.004835958011
7217	0.00833253768
7218	0.008406373285
7219	7.721712752e-05
7220	0.008663598246
7221	0.001946166625
7222	0.004447052936
7223	0.001438111362
7224	0.0195014734
7225	0.001397030696
7226	0.004228430918
7227	0.0001737141113
7228	0.006995742065
7229	0.0006303002388
7230	0.01374976955
7231	0.004882669056
7232	6.694402174e-05
7233	0.005654957501
7234	0.003509833888
7235	0.00459456726
7236	0.0005609517332
7237	0.01463578825
7238	0.00153083646
7239	0.01539833815
7240	0.008123017624
7241	0.0007308031606
7242	0.0005953507109
7243	0.002939248951
7244	0.00631940724
7245	0.002409808975
7246	0.004135628759
7247	0.003095627874
7248	0.00872553493
7249	0.002902592139
7250	0.006983279833
7251	0.004159000466
7252	0.004309093833
7253	0.007521137684
7254	0.003658090743
7255	0.00222701701
7256	0.005359118277
7257	0.007295913583
7258	0.007046139077
7259	0.0005199008988
7260	0.003022048873
7261	0.00323677285
7262	0.0020409322
7263	0.0005285026774
7264	0.0002435977645
7265	0.000703609191
7266	0.002054526746
7267	0.009549635645
7268	0.003448204753
7269	0.004959122619
7270	0.008744974621
7271	0.005339215622
7272	0.007858290971
7273	0.003322710446
7274	4.584922797e-05
7275	0.001648400154
7276	0.007977774222
7277	0.002830995008
7278	0.00407739979
7279	0.001542810565
7280	0.005816272432
7281	0.0003063872387
7282	0.001604851859
7283	0.002484665983
7284	0.002795386913
7285	0.001750729647
7286	0.0002038510445
7287	0.004041637462
7288	0.006441841083
7289	0.01578428006
7290	0.001307417282
7291	0.004044122237
7292	0.00480580856
7293	6.439600363e-05
7294	0.007111132717
7295	0.00986355843
7296	0.000315344771
7297	0.002177458948
7298	0.004224787758
7299	0.003296425389
7300	0.0001030881017
7301	0.0005859490607
7302	0.003439031796
7303	0.002874640358
7304	0.001037106134
7305	0.0001867228936
7306	0.001143567967
7307	0.005523836391
7308	0.004237167702
7309	0.0001677698517
7310	0.006377922945
7311	6.784741144e-05
7312	6.784741144e-05
7313	0.002953486747
7314	0.001493145391
7315	0.01507951246
7316	0.000104120929
7317	0.004694668959
7318	0.0006772011796
7319	0.001516849464
7320	0.001137207206
7321	0.002162036783
7322	0.001111307212
7323	0.0001083360433
7324	0.005865486579
7325	0.004725511576
7326	0.007973275964
7327	0.001572431174
7328	0.003718274231
7329	0.0006745290471
7330	0.008107951594
7331	0.009727654796
7332	0.001206839195
7333	2.435188789e-05
7334	0.004715901
7335	0.002905505815
7336	0.01463757211
7337	0.007754000062
7338	7.543704859e-05
7339	0.00099230049
7340	0.003103803067